iteration,job object,job ID,job Length,job ressource requirement,job enter time,job start time,job finish time,job waiting time,current time
1,<environment.Job instance at 0x7fa91b37f500>,5,24,[1 5],6,-1,33,-1,9
1,<environment.Job instance at 0x7fa911d9a500>,9,18,[ 2 13],10,-1,28,-1,10
1,<environment.Job instance at 0x7fa911d9a6e0>,10,18,[ 3 11],11,-1,29,-1,11
1,<environment.Job instance at 0x7fa911d9a730>,11,15,[13  4],12,-1,27,-1,12
1,<environment.Job instance at 0x7fa911d9a7d0>,12,26,[ 1 12],13,-1,39,-1,13
1,<environment.Job instance at 0x7fa911d9ac80>,17,28,[ 5 10],18,-1,59,-1,31
1,<environment.Job instance at 0x7fa911d9acd0>,18,18,[ 4 13],19,-1,49,-1,31
1,<environment.Job instance at 0x7fa911d9ad70>,19,14,[ 3 11],20,-1,45,-1,31
1,<environment.Job instance at 0x7fa911d9ae10>,20,12,[13  5],21,-1,43,-1,31
1,<environment.Job instance at 0x7fa911d9aeb0>,21,1,[6 5],22,-1,32,-1,31
1,<environment.Job instance at 0x7fa911d9af50>,22,1,[2 7],23,-1,32,-1,31
1,<environment.Job instance at 0x7fa911d9ab40>,23,27,[ 1 14],24,-1,58,-1,31
1,<environment.Job instance at 0x7fa911d9e190>,25,27,[8 1],26,-1,72,-1,45
1,<environment.Job instance at 0x7fa911d9e230>,26,26,[5 5],27,-1,71,-1,45
1,<environment.Job instance at 0x7fa911d9e140>,28,25,[5 7],29,-1,88,-1,63
1,<environment.Job instance at 0x7fa911d9e3c0>,29,25,[ 4 11],30,-1,88,-1,63
1,<environment.Job instance at 0x7fa911d9e320>,30,22,[ 5 13],31,-1,85,-1,63
1,<environment.Job instance at 0x7fa911d9e640>,31,27,[4 8],32,-1,90,-1,63
1,<environment.Job instance at 0x7fa911d9e730>,33,12,[11  3],34,-1,75,-1,63
1,<environment.Job instance at 0x7fa911d9e9b0>,37,13,[ 3 14],38,-1,109,-1,96
1,<environment.Job instance at 0x7fa911d9ea50>,38,28,[ 2 12],39,-1,124,-1,96
1,<environment.Job instance at 0x7fa911d9eb90>,40,24,[5 6],41,-1,140,-1,116
1,<environment.Job instance at 0x7fa911d9ecd0>,42,27,[5 2],43,-1,143,-1,116
1,<environment.Job instance at 0x7fa911d9efa0>,45,24,[ 1 13],46,-1,160,-1,136
1,<environment.Job instance at 0x7fa911d9ef50>,47,17,[12  2],48,-1,155,-1,138
1,<environment.Job instance at 0x7fa911d9a190>,7,25,[6 2],8,-1,1559,-1,1534
1,<environment.Job instance at 0x7fa911d9a5a0>,8,22,[14  3],9,-1,1559,-1,1537
1,<environment.Job instance at 0x7fa9114dc3c0>,3,27,[8 5],4,-1,31,-1,4
1,<environment.Job instance at 0x7fa9114dc6e0>,5,13,[13  1],6,-1,19,-1,6
1,<environment.Job instance at 0x7fa9114d9820>,15,2,[10  4],16,-1,56,-1,54
1,<environment.Job instance at 0x7fa9114d9960>,16,13,[ 2 14],17,-1,67,-1,54
1,<environment.Job instance at 0x7fa9114d9be0>,18,27,[ 1 10],19,-1,85,-1,58
1,<environment.Job instance at 0x7fa9114d92d0>,19,2,[ 3 10],20,-1,60,-1,58
1,<environment.Job instance at 0x7fa9114d9140>,20,13,[ 3 12],21,-1,71,-1,58
1,<environment.Job instance at 0x7fa9114da780>,22,28,[5 1],23,-1,103,-1,75
1,<environment.Job instance at 0x7fa9114daa00>,23,2,[5 9],24,-1,77,-1,75
1,<environment.Job instance at 0x7fa9114da140>,26,14,[ 4 11],27,-1,102,-1,88
1,<environment.Job instance at 0x7fa9116112d0>,34,20,[13  1],35,-1,162,-1,142
1,<environment.Job instance at 0x7fa9114d1a50>,35,18,[ 3 14],36,-1,160,-1,142
1,<environment.Job instance at 0x7fa9115ba410>,38,2,[ 3 10],39,-1,162,-1,160
1,<environment.Job instance at 0x7fa9115ba190>,39,21,[ 1 11],40,-1,181,-1,160
1,<environment.Job instance at 0x7fa9115bab40>,41,14,[ 2 13],42,-1,174,-1,160
1,<environment.Job instance at 0x7fa91b3d2910>,46,25,[8 5],47,-1,1205,-1,1180
1,<environment.Job instance at 0x7fa91135dbe0>,2,27,[5 6],3,-1,30,-1,3
1,<environment.Job instance at 0x7fa91138e1e0>,3,24,[12  3],4,-1,28,-1,4
1,<environment.Job instance at 0x7fa91138ea50>,4,22,[12  5],5,-1,27,-1,5
1,<environment.Job instance at 0x7fa91138e780>,5,18,[12  4],6,-1,24,-1,6
1,<environment.Job instance at 0x7fa91138ed20>,6,17,[ 5 13],7,-1,24,-1,7
1,<environment.Job instance at 0x7fa91138e870>,7,23,[14  4],8,-1,31,-1,8
1,<environment.Job instance at 0x7fa91139abe0>,13,2,[6 2],14,-1,16,-1,14
1,<environment.Job instance at 0x7fa91139a5f0>,14,15,[12  1],15,-1,30,-1,15
1,<environment.Job instance at 0x7fa91139a730>,15,14,[ 2 11],16,-1,30,-1,16
1,<environment.Job instance at 0x7fa91139a6e0>,17,14,[ 1 12],18,-1,32,-1,18
1,<environment.Job instance at 0x7fa91139a690>,19,14,[ 3 14],20,-1,48,-1,34
1,<environment.Job instance at 0x7fa91139a320>,22,27,[2 6],23,-1,72,-1,45
1,<environment.Job instance at 0x7fa91139a280>,23,24,[ 2 14],24,-1,69,-1,45
1,<environment.Job instance at 0x7fa91139a1e0>,24,22,[8 1],25,-1,75,-1,53
1,<environment.Job instance at 0x7fa91139a4b0>,26,12,[13  4],27,-1,65,-1,53
1,<environment.Job instance at 0x7fa91139a5a0>,27,1,[ 4 11],28,-1,54,-1,53
1,<environment.Job instance at 0x7fa91139a960>,28,23,[ 2 14],29,-1,76,-1,53
1,<environment.Job instance at 0x7fa911412f50>,29,2,[1 8],30,-1,55,-1,53
1,<environment.Job instance at 0x7fa911412410>,34,28,[5 6],35,-1,113,-1,85
1,<environment.Job instance at 0x7fa9114123c0>,35,14,[ 2 10],36,-1,99,-1,85
1,<environment.Job instance at 0x7fa911412f00>,36,19,[11  3],37,-1,104,-1,85
1,<environment.Job instance at 0x7fa911412500>,37,20,[14  5],38,-1,105,-1,85
1,<environment.Job instance at 0x7fa9114125a0>,39,3,[ 1 12],40,-1,91,-1,88
1,<environment.Job instance at 0x7fa911412e10>,40,16,[ 2 14],41,-1,104,-1,88
1,<environment.Job instance at 0x7fa91154cb90>,4,22,[12  4],5,-1,27,-1,5
1,<environment.Job instance at 0x7fa911891910>,14,14,[13  3],15,-1,46,-1,32
1,<environment.Job instance at 0x7fa9118915f0>,15,3,[10  1],16,-1,35,-1,32
1,<environment.Job instance at 0x7fa9118916e0>,16,3,[ 2 12],17,-1,35,-1,32
1,<environment.Job instance at 0x7fa911891a00>,17,21,[1 9],18,-1,85,-1,64
1,<environment.Job instance at 0x7fa9118910f0>,21,22,[2 9],22,-1,86,-1,64
1,<environment.Job instance at 0x7fa911832aa0>,24,19,[6 1],25,-1,107,-1,88
1,<environment.Job instance at 0x7fa911832b90>,26,24,[11  5],27,-1,112,-1,88
1,<environment.Job instance at 0x7fa911832780>,27,21,[ 3 10],28,-1,111,-1,90
1,<environment.Job instance at 0x7fa911832190>,28,25,[14  4],29,-1,115,-1,90
1,<environment.Job instance at 0x7fa911832c30>,30,26,[10  5],31,-1,116,-1,90
1,<environment.Job instance at 0x7fa9118328c0>,32,14,[2 9],33,-1,114,-1,100
1,<environment.Job instance at 0x7fa911832e10>,33,2,[13  3],34,-1,102,-1,100
1,<environment.Job instance at 0x7fa91191f9b0>,34,21,[ 4 12],35,-1,121,-1,100
1,<environment.Job instance at 0x7fa91182cdc0>,37,27,[2 9],38,-1,132,-1,105
1,<environment.Job instance at 0x7fa91182ce10>,41,17,[12  2],42,-1,152,-1,135
1,<environment.Job instance at 0x7fa91182c320>,42,28,[2 8],43,-1,163,-1,135
1,<environment.Job instance at 0x7fa9121d1780>,2,24,[7 5],3,-1,27,-1,3
1,<environment.Job instance at 0x7fa9121c8e10>,4,28,[2 7],5,-1,33,-1,5
1,<environment.Job instance at 0x7fa9121c8c80>,5,28,[9 2],6,-1,34,-1,6
1,<environment.Job instance at 0x7fa911891a50>,10,20,[ 3 13],11,-1,31,-1,11
1,<environment.Job instance at 0x7fa9121f30a0>,11,12,[ 2 14],12,-1,24,-1,12
1,<environment.Job instance at 0x7fa9121f3320>,12,13,[12  2],13,-1,26,-1,13
1,<environment.Job instance at 0x7fa9121f3280>,13,2,[5 9],14,-1,17,-1,15
1,<environment.Job instance at 0x7fa9121f31e0>,15,16,[11  1],16,-1,32,-1,16
1,<environment.Job instance at 0x7fa9121e5a50>,19,14,[ 1 10],20,-1,37,-1,23
1,<environment.Job instance at 0x7fa9121f3f00>,20,25,[6 2],21,-1,48,-1,23
1,<environment.Job instance at 0x7fa9121e5af0>,21,18,[12  4],22,-1,41,-1,23
1,<environment.Job instance at 0x7fa9121e8d20>,23,26,[11  5],24,-1,57,-1,31
1,<environment.Job instance at 0x7fa9121ef6e0>,27,15,[13  5],28,-1,76,-1,61
1,<environment.Job instance at 0x7fa912916aa0>,30,27,[14  3],31,-1,101,-1,74
1,<environment.Job instance at 0x7fa91290ba50>,32,26,[ 4 10],33,-1,104,-1,78
1,<environment.Job instance at 0x7fa91218a870>,33,26,[8 3],34,-1,104,-1,78
1,<environment.Job instance at 0x7fa91290b190>,34,16,[12  1],35,-1,94,-1,78
1,<environment.Job instance at 0x7fa91218a0a0>,35,19,[ 2 13],36,-1,97,-1,78
1,<environment.Job instance at 0x7fa9117e9050>,36,22,[11  1],37,-1,100,-1,78
1,<environment.Job instance at 0x7fa912198460>,37,22,[ 1 13],38,-1,100,-1,78
1,<environment.Job instance at 0x7fa912198320>,38,2,[2 8],39,-1,80,-1,78
1,<environment.Job instance at 0x7fa9117ebd70>,40,23,[7 3],41,-1,121,-1,98
1,<environment.Job instance at 0x7fa9121bbaf0>,43,24,[14  3],44,-1,122,-1,98
1,<environment.Job instance at 0x7fa9121b33c0>,45,21,[12  3],46,-1,133,-1,112
1,<environment.Job instance at 0x7fa9121b3eb0>,47,28,[4 5],48,-1,142,-1,114
1,<environment.Job instance at 0x7fa911d1c3c0>,5,16,[14  1],6,-1,22,-1,6
1,<environment.Job instance at 0x7fa911d1c6e0>,6,3,[9 1],7,-1,11,-1,8
1,<environment.Job instance at 0x7fa9117be460>,21,17,[12  5],22,-1,107,-1,90
1,<environment.Job instance at 0x7fa9117be2d0>,22,12,[13  5],23,-1,102,-1,90
1,<environment.Job instance at 0x7fa9117becd0>,24,25,[1 5],25,-1,128,-1,103
1,<environment.Job instance at 0x7fa9117bef00>,27,15,[ 2 14],28,-1,131,-1,116
1,<environment.Job instance at 0x7fa9117be5a0>,30,14,[14  5],31,-1,153,-1,139
1,<environment.Job instance at 0x7fa9117be3c0>,31,13,[ 5 13],32,-1,152,-1,139
1,<environment.Job instance at 0x7fa9117bee60>,34,18,[11  3],35,-1,168,-1,150
1,<environment.Job instance at 0x7fa9117be0a0>,36,25,[5 2],37,-1,195,-1,170
1,<environment.Job instance at 0x7fa9117ae140>,37,15,[ 1 13],38,-1,185,-1,170
1,<environment.Job instance at 0x7fa9117ae280>,38,27,[13  4],39,-1,197,-1,170
1,<environment.Job instance at 0x7fa9117aeb90>,39,26,[3 5],40,-1,196,-1,170
1,<environment.Job instance at 0x7fa9117aeaf0>,42,25,[3 9],43,-1,212,-1,187
1,<environment.Job instance at 0x7fa9117ae780>,43,13,[14  3],44,-1,200,-1,187
1,<environment.Job instance at 0x7fa9117ae370>,45,1,[7 3],46,-1,189,-1,188
1,<environment.Job instance at 0x7fa9117ae2d0>,47,1,[2 7],48,-1,202,-1,201
1,<environment.Job instance at 0x7fa9117ae460>,48,16,[11  4],49,-1,217,-1,201
1,<environment.Job instance at 0x7fa9121d1640>,1,25,[6 3],2,-1,27,-1,2
1,<environment.Job instance at 0x7fa9114ac640>,6,13,[ 1 13],7,-1,20,-1,7
1,<environment.Job instance at 0x7fa9114ac9b0>,7,26,[ 1 13],8,-1,34,-1,8
1,<environment.Job instance at 0x7fa9114acf00>,14,25,[2 8],15,-1,59,-1,34
1,<environment.Job instance at 0x7fa9114acd20>,16,2,[ 5 13],17,-1,45,-1,43
1,<environment.Job instance at 0x7fa9114acfa0>,17,24,[2 7],18,-1,67,-1,43
1,<environment.Job instance at 0x7fa9114e71e0>,18,16,[11  2],19,-1,59,-1,43
1,<environment.Job instance at 0x7fa9114e70f0>,19,22,[ 2 12],20,-1,65,-1,43
1,<environment.Job instance at 0x7fa9114e7500>,23,18,[12  1],24,-1,84,-1,66
1,<environment.Job instance at 0x7fa9114e7640>,25,2,[6 1],26,-1,75,-1,73
1,<environment.Job instance at 0x7fa9114e76e0>,26,25,[8 5],27,-1,98,-1,73
1,<environment.Job instance at 0x7fa9114e78c0>,28,3,[5 9],29,-1,93,-1,90
1,<environment.Job instance at 0x7fa9114e7960>,29,18,[ 2 14],30,-1,108,-1,90
1,<environment.Job instance at 0x7fa9114e79b0>,30,24,[9 1],31,-1,114,-1,90
1,<environment.Job instance at 0x7fa9114e7a50>,31,25,[7 1],32,-1,115,-1,90
1,<environment.Job instance at 0x7fa9114e7af0>,32,24,[12  5],33,-1,114,-1,90
1,<environment.Job instance at 0x7fa9114e7cd0>,34,15,[ 1 11],35,-1,105,-1,90
1,<environment.Job instance at 0x7fa9114e7d70>,35,16,[ 5 12],36,-1,106,-1,90
1,<environment.Job instance at 0x7fa9114e7dc0>,36,27,[ 4 14],37,-1,117,-1,90
1,<environment.Job instance at 0x7fa9114e7e60>,37,23,[2 9],38,-1,123,-1,100
1,<environment.Job instance at 0x7fa9114e7fa0>,39,15,[13  1],40,-1,118,-1,103
1,<environment.Job instance at 0x7fa9114cd460>,46,12,[ 4 14],47,-1,154,-1,142
1,<environment.Job instance at 0x7fa9114bd5a0>,2,28,[1 7],3,-1,31,-1,3
1,<environment.Job instance at 0x7fa9113e6410>,9,12,[ 5 10],10,-1,26,-1,14
1,<environment.Job instance at 0x7fa91198d280>,18,20,[14  4],19,-1,89,-1,69
1,<environment.Job instance at 0x7fa91198df00>,20,27,[ 4 10],21,-1,108,-1,81
1,<environment.Job instance at 0x7fa91198dc80>,21,25,[12  4],22,-1,106,-1,81
1,<environment.Job instance at 0x7fa91198d190>,22,2,[5 7],23,-1,83,-1,81
1,<environment.Job instance at 0x7fa91198d870>,23,27,[3 8],24,-1,108,-1,81
1,<environment.Job instance at 0x7fa91198d140>,24,13,[11  5],25,-1,94,-1,81
1,<environment.Job instance at 0x7fa91198db90>,25,24,[8 4],26,-1,105,-1,81
1,<environment.Job instance at 0x7fa91198d4b0>,27,2,[6 3],28,-1,84,-1,82
1,<environment.Job instance at 0x7fa91198db40>,28,3,[13  2],29,-1,85,-1,82
1,<environment.Job instance at 0x7fa9119bad20>,31,17,[12  4],32,-1,117,-1,100
1,<environment.Job instance at 0x7fa9119ba550>,33,1,[7 4],34,-1,113,-1,112
1,<environment.Job instance at 0x7fa9119ba0a0>,35,14,[12  3],36,-1,130,-1,116
1,<environment.Job instance at 0x7fa9119bab90>,36,12,[ 5 14],37,-1,128,-1,116
1,<environment.Job instance at 0x7fa9119ba3c0>,38,3,[5 5],39,-1,133,-1,130
1,<environment.Job instance at 0x7fa9119bac80>,44,22,[ 1 12],45,-1,186,-1,164
1,<environment.Job instance at 0x7fa9119ba910>,45,20,[3 8],46,-1,196,-1,176
1,<environment.Job instance at 0x7fa9119baa00>,46,26,[ 3 12],47,-1,202,-1,176
1,<environment.Job instance at 0x7fa9119ba870>,47,12,[ 2 14],48,-1,188,-1,176
1,<environment.Job instance at 0x7fa9112d9c80>,1,17,[ 1 14],2,-1,19,-1,2
1,<environment.Job instance at 0x7fa911e4cfa0>,5,1,[13  1],6,-1,8,-1,7
1,<environment.Job instance at 0x7fa911a95820>,7,24,[1 8],8,-1,36,-1,12
1,<environment.Job instance at 0x7fa911a953c0>,15,28,[10  3],16,-1,55,-1,27
1,<environment.Job instance at 0x7fa911a95eb0>,16,3,[3 5],17,-1,30,-1,27
1,<environment.Job instance at 0x7fa91aef1c30>,20,25,[14  4],21,-1,78,-1,53
1,<environment.Job instance at 0x7fa91aef1dc0>,23,3,[7 4],24,-1,72,-1,69
1,<environment.Job instance at 0x7fa91aef1c80>,25,3,[10  2],26,-1,76,-1,73
1,<environment.Job instance at 0x7fa91aef1870>,26,24,[14  2],27,-1,97,-1,73
1,<environment.Job instance at 0x7fa91aef10a0>,27,3,[ 5 11],28,-1,76,-1,73
1,<environment.Job instance at 0x7fa91aef1640>,28,2,[ 2 12],29,-1,75,-1,73
1,<environment.Job instance at 0x7fa91aef1a50>,29,23,[ 4 11],30,-1,96,-1,73
1,<environment.Job instance at 0x7fa9120ae500>,31,23,[ 3 13],32,-1,112,-1,89
1,<environment.Job instance at 0x7fa9120ae550>,32,3,[8 4],33,-1,92,-1,89
1,<environment.Job instance at 0x7fa9120ae1e0>,34,24,[ 3 10],35,-1,128,-1,104
1,<environment.Job instance at 0x7fa9120ae320>,39,14,[ 1 14],40,-1,136,-1,122
1,<environment.Job instance at 0x7fa9120ae140>,40,25,[5 8],41,-1,147,-1,122
1,<environment.Job instance at 0x7fa9120ae4b0>,41,27,[7 4],42,-1,149,-1,122
1,<environment.Job instance at 0x7fa9120ae280>,42,3,[2 7],43,-1,125,-1,122
1,<environment.Job instance at 0x7fa9120aec30>,45,1,[ 1 10],46,-1,152,-1,151
1,<environment.Job instance at 0x7fa9120ae460>,46,16,[12  4],47,-1,167,-1,151
1,<environment.Job instance at 0x7fa911a959b0>,9,21,[6 5],10,-1,1316,-1,1295
1,<environment.Job instance at 0x7fa912698050>,1,18,[ 4 13],2,-1,20,-1,2
1,<environment.Job instance at 0x7fa912698f00>,2,23,[11  2],3,-1,26,-1,3
1,<environment.Job instance at 0x7fa912698a50>,3,12,[11  5],4,-1,16,-1,4
1,<environment.Job instance at 0x7fa912698960>,5,19,[14  4],6,-1,25,-1,6
1,<environment.Job instance at 0x7fa912698fa0>,7,14,[ 5 11],8,-1,22,-1,8
1,<environment.Job instance at 0x7fa912698eb0>,10,18,[14  2],11,-1,29,-1,11
1,<environment.Job instance at 0x7fa9126986e0>,11,16,[ 5 11],12,-1,29,-1,13
1,<environment.Job instance at 0x7fa912168500>,14,25,[3 8],15,-1,40,-1,15
1,<environment.Job instance at 0x7fa912168d70>,15,28,[2 8],16,-1,44,-1,16
1,<environment.Job instance at 0x7fa911c544b0>,16,3,[ 5 14],17,-1,20,-1,17
1,<environment.Job instance at 0x7fa911c54d20>,17,27,[9 3],18,-1,45,-1,18
1,<environment.Job instance at 0x7fa911c54780>,18,15,[13  3],19,-1,34,-1,19
1,<environment.Job instance at 0x7fa911c54410>,25,12,[ 2 12],26,-1,67,-1,55
1,<environment.Job instance at 0x7fa911c54370>,26,27,[ 1 13],27,-1,82,-1,55
1,<environment.Job instance at 0x7fa911c54fa0>,30,2,[13  5],31,-1,73,-1,71
1,<environment.Job instance at 0x7fa911c545a0>,33,24,[11  3],34,-1,111,-1,87
1,<environment.Job instance at 0x7fa911c542d0>,34,18,[13  3],35,-1,105,-1,87
1,<environment.Job instance at 0x7fa911c54640>,37,23,[10  3],38,-1,154,-1,131
1,<environment.Job instance at 0x7fa9114dfcd0>,42,24,[7 5],43,-1,169,-1,145
1,<environment.Job instance at 0x7fa9114df7d0>,43,20,[14  5],44,-1,165,-1,145
1,<environment.Job instance at 0x7fa9114dfd20>,45,18,[14  1],46,-1,163,-1,145
1,<environment.Job instance at 0x7fa9114df460>,46,27,[5 5],47,-1,172,-1,145
1,<environment.Job instance at 0x7fa911dcb320>,5,12,[10  5],6,-1,28,-1,16
1,<environment.Job instance at 0x7fa912231b90>,18,3,[ 1 13],19,-1,96,-1,93
1,<environment.Job instance at 0x7fa912594780>,20,20,[ 1 10],21,-1,122,-1,102
1,<environment.Job instance at 0x7fa912594230>,21,22,[5 3],22,-1,131,-1,109
1,<environment.Job instance at 0x7fa9117a51e0>,23,13,[10  4],24,-1,124,-1,111
1,<environment.Job instance at 0x7fa911eb7e10>,25,22,[1 7],26,-1,135,-1,113
1,<environment.Job instance at 0x7fa91223baf0>,26,20,[5 7],27,-1,133,-1,113
1,<environment.Job instance at 0x7fa91223b0a0>,27,15,[13  1],28,-1,128,-1,113
1,<environment.Job instance at 0x7fa911ca2050>,28,14,[12  4],29,-1,127,-1,113
1,<environment.Job instance at 0x7fa91249a960>,31,25,[ 3 14],32,-1,154,-1,129
1,<environment.Job instance at 0x7fa912988960>,32,14,[14  3],33,-1,143,-1,129
1,<environment.Job instance at 0x7fa911e2e3c0>,34,14,[ 5 14],35,-1,158,-1,144
1,<environment.Job instance at 0x7fa911adce60>,37,15,[10  1],38,-1,177,-1,162
1,<environment.Job instance at 0x7fa9128e95a0>,39,24,[6 5],40,-1,186,-1,162
1,<environment.Job instance at 0x7fa9128e9910>,40,22,[5 9],41,-1,224,-1,202
1,<environment.Job instance at 0x7fa911c66960>,48,2,[ 5 14],49,-1,221,-1,219
1,<environment.Job instance at 0x7fa91b272a00>,5,24,[ 5 11],6,-1,30,-1,6
1,<environment.Job instance at 0x7fa91155fa50>,6,25,[7 3],7,-1,32,-1,7
1,<environment.Job instance at 0x7fa911796c80>,12,17,[ 2 13],13,-1,51,-1,34
1,<environment.Job instance at 0x7fa911796a00>,13,27,[12  4],14,-1,61,-1,34
1,<environment.Job instance at 0x7fa911796690>,17,12,[ 5 12],18,-1,64,-1,52
1,<environment.Job instance at 0x7fa9117963c0>,18,14,[14  1],19,-1,66,-1,52
1,<environment.Job instance at 0x7fa911796820>,20,14,[12  4],21,-1,66,-1,52
1,<environment.Job instance at 0x7fa912774cd0>,21,18,[11  5],22,-1,70,-1,52
1,<environment.Job instance at 0x7fa9117966e0>,23,12,[14  4],24,-1,72,-1,60
1,<environment.Job instance at 0x7fa9120414b0>,25,25,[8 1],26,-1,100,-1,75
1,<environment.Job instance at 0x7fa9115bc3c0>,27,21,[ 5 14],28,-1,96,-1,75
1,<environment.Job instance at 0x7fa912778780>,29,12,[8 1],30,-1,103,-1,91
1,<environment.Job instance at 0x7fa911676640>,31,18,[5 1],32,-1,110,-1,92
1,<environment.Job instance at 0x7fa9116280f0>,32,27,[9 3],33,-1,119,-1,92
1,<environment.Job instance at 0x7fa911dabfa0>,34,2,[4 7],35,-1,103,-1,101
1,<environment.Job instance at 0x7fa912410b40>,35,28,[ 1 13],36,-1,129,-1,101
1,<environment.Job instance at 0x7fa911d04b40>,38,2,[ 4 11],39,-1,124,-1,122
1,<environment.Job instance at 0x7fa9110601e0>,39,26,[9 4],40,-1,149,-1,123
1,<environment.Job instance at 0x7fa9115ddaf0>,40,28,[2 7],41,-1,151,-1,123
1,<environment.Job instance at 0x7fa9127720a0>,42,22,[ 5 14],43,-1,145,-1,123
1,<environment.Job instance at 0x7fa911cd8230>,43,20,[14  1],44,-1,143,-1,123
1,<environment.Job instance at 0x7fa911796230>,4,26,[1 5],5,-1,32,-1,6
1,<environment.Job instance at 0x7fa912413b90>,6,21,[11  3],7,-1,28,-1,7
1,<environment.Job instance at 0x7fa912413460>,7,23,[ 4 10],8,-1,31,-1,8
1,<environment.Job instance at 0x7fa9124130f0>,8,19,[14  3],9,-1,28,-1,9
1,<environment.Job instance at 0x7fa91244f820>,9,1,[3 7],10,-1,11,-1,10
1,<environment.Job instance at 0x7fa91244f960>,12,2,[ 1 14],13,-1,15,-1,13
1,<environment.Job instance at 0x7fa91244f140>,13,12,[13  2],14,-1,26,-1,14
1,<environment.Job instance at 0x7fa91244f0f0>,15,15,[ 2 11],16,-1,32,-1,17
1,<environment.Job instance at 0x7fa91244f500>,16,23,[7 4],17,-1,42,-1,19
1,<environment.Job instance at 0x7fa912415780>,41,27,[5 1],42,-1,315,-1,288
1,<environment.Job instance at 0x7fa9113d6780>,43,17,[14  5],44,-1,306,-1,289
1,<environment.Job instance at 0x7fa9115dddc0>,46,25,[8 3],47,-1,328,-1,303
1,<environment.Job instance at 0x7fa9120196e0>,47,13,[13  1],48,-1,316,-1,303
1,<environment.Job instance at 0x7fa91220fa00>,1,19,[12  1],2,-1,21,-1,2
1,<environment.Job instance at 0x7fa911ecf1e0>,5,13,[ 2 12],6,-1,19,-1,6
1,<environment.Job instance at 0x7fa911d08230>,6,25,[ 5 10],7,-1,32,-1,7
1,<environment.Job instance at 0x7fa911d083c0>,8,26,[ 1 12],9,-1,35,-1,9
1,<environment.Job instance at 0x7fa911d085a0>,7,26,[9 3],8,-1,36,-1,10
1,<environment.Job instance at 0x7fa911d08370>,9,28,[3 6],10,-1,38,-1,10
1,<environment.Job instance at 0x7fa911d98870>,15,2,[ 4 12],16,-1,20,-1,18
1,<environment.Job instance at 0x7fa9127b4dc0>,16,1,[10  1],17,-1,19,-1,18
1,<environment.Job instance at 0x7fa91242c5a0>,17,28,[3 6],18,-1,46,-1,18
1,<environment.Job instance at 0x7fa911cee460>,19,19,[13  1],20,-1,39,-1,20
1,<environment.Job instance at 0x7fa9113abf50>,24,28,[6 5],25,-1,68,-1,40
1,<environment.Job instance at 0x7fa9115bcfa0>,32,25,[4 6],33,-1,116,-1,91
1,<environment.Job instance at 0x7fa911dabcd0>,34,24,[7 5],35,-1,119,-1,95
1,<environment.Job instance at 0x7fa911dabfa0>,36,21,[14  1],37,-1,122,-1,101
1,<environment.Job instance at 0x7fa9117d87d0>,38,16,[12  4],39,-1,121,-1,105
1,<environment.Job instance at 0x7fa9121b9780>,39,24,[4 9],40,-1,129,-1,105
1,<environment.Job instance at 0x7fa9115490a0>,44,12,[ 1 14],45,-1,152,-1,140
1,<environment.Job instance at 0x7fa9115527d0>,45,14,[13  4],46,-1,154,-1,140
1,<environment.Job instance at 0x7fa911d08870>,2,25,[13  4],3,-1,28,-1,3
1,<environment.Job instance at 0x7fa911552a50>,4,1,[10  5],5,-1,7,-1,6
1,<environment.Job instance at 0x7fa911c1baf0>,7,21,[ 2 13],8,-1,29,-1,8
1,<environment.Job instance at 0x7fa911c1bc30>,8,16,[ 3 14],9,-1,25,-1,9
1,<environment.Job instance at 0x7fa911c1bbe0>,9,16,[ 1 11],10,-1,26,-1,10
1,<environment.Job instance at 0x7fa911c1bdc0>,11,24,[ 2 13],12,-1,36,-1,12
1,<environment.Job instance at 0x7fa911c1bf00>,12,18,[13  3],13,-1,31,-1,13
1,<environment.Job instance at 0x7fa911c1b9b0>,13,15,[ 1 10],14,-1,29,-1,14
1,<environment.Job instance at 0x7fa911c140f0>,15,16,[ 1 12],16,-1,32,-1,16
1,<environment.Job instance at 0x7fa911c142d0>,16,1,[ 2 10],17,-1,18,-1,17
1,<environment.Job instance at 0x7fa911c141e0>,17,26,[8 4],18,-1,44,-1,18
1,<environment.Job instance at 0x7fa911c14320>,18,16,[ 3 13],19,-1,35,-1,19
1,<environment.Job instance at 0x7fa911c14550>,23,18,[9 1],24,-1,56,-1,38
1,<environment.Job instance at 0x7fa911c14820>,24,28,[ 1 11],25,-1,66,-1,38
1,<environment.Job instance at 0x7fa911c14960>,26,23,[11  3],27,-1,61,-1,38
1,<environment.Job instance at 0x7fa911c14a00>,27,14,[13  5],28,-1,52,-1,38
1,<environment.Job instance at 0x7fa911c14aa0>,28,16,[ 5 10],29,-1,54,-1,38
1,<environment.Job instance at 0x7fa911c14b40>,29,1,[6 1],30,-1,39,-1,38
1,<environment.Job instance at 0x7fa911c14be0>,30,15,[5 2],31,-1,53,-1,38
1,<environment.Job instance at 0x7fa911c14c80>,31,13,[12  5],32,-1,51,-1,38
1,<environment.Job instance at 0x7fa911c14d20>,32,14,[7 1],33,-1,52,-1,38
1,<environment.Job instance at 0x7fa911c14dc0>,33,16,[11  4],34,-1,54,-1,38
1,<environment.Job instance at 0x7fa911c14e60>,34,15,[9 4],35,-1,59,-1,44
1,<environment.Job instance at 0x7fa911c14f00>,35,27,[6 1],36,-1,71,-1,44
1,<environment.Job instance at 0x7fa911c14fa0>,36,22,[5 5],37,-1,66,-1,44
1,<environment.Job instance at 0x7fa911c145f0>,37,14,[2 6],38,-1,60,-1,46
1,<environment.Job instance at 0x7fa911c147d0>,38,15,[3 8],39,-1,65,-1,50
1,<environment.Job instance at 0x7fa911c181e0>,39,26,[2 7],40,-1,76,-1,50
1,<environment.Job instance at 0x7fa911c18370>,40,23,[10  3],41,-1,73,-1,50
1,<environment.Job instance at 0x7fa911c18410>,41,16,[14  1],42,-1,66,-1,50
1,<environment.Job instance at 0x7fa911c184b0>,42,1,[13  2],43,-1,51,-1,50
1,<environment.Job instance at 0x7fa911c18550>,43,3,[4 5],44,-1,53,-1,50
1,<environment.Job instance at 0x7fa911c185a0>,44,21,[8 1],45,-1,71,-1,50
1,<environment.Job instance at 0x7fa911c18640>,45,18,[11  1],46,-1,68,-1,50
1,<environment.Job instance at 0x7fa911bf5fa0>,3,25,[5 6],4,-1,29,-1,4
1,<environment.Job instance at 0x7fa911bf5780>,2,18,[ 4 11],3,-1,22,-1,4
1,<environment.Job instance at 0x7fa911bf56e0>,4,26,[ 3 12],5,-1,31,-1,5
1,<environment.Job instance at 0x7fa91209c4b0>,5,13,[ 4 13],6,-1,19,-1,6
1,<environment.Job instance at 0x7fa91209c3c0>,7,27,[5 7],8,-1,35,-1,8
1,<environment.Job instance at 0x7fa91209c780>,8,20,[ 4 14],9,-1,29,-1,9
1,<environment.Job instance at 0x7fa91209caf0>,13,23,[2 7],14,-1,38,-1,15
1,<environment.Job instance at 0x7fa91209ccd0>,15,2,[ 1 12],16,-1,18,-1,16
1,<environment.Job instance at 0x7fa91209c500>,18,28,[6 4],19,-1,48,-1,20
1,<environment.Job instance at 0x7fa91209c190>,19,14,[14  3],20,-1,34,-1,20
1,<environment.Job instance at 0x7fa91209cf00>,21,25,[ 2 14],22,-1,52,-1,27
1,<environment.Job instance at 0x7fa911bfaa50>,25,3,[ 3 14],26,-1,54,-1,51
1,<environment.Job instance at 0x7fa911bfab90>,26,27,[10  1],27,-1,78,-1,51
1,<environment.Job instance at 0x7fa911bfa460>,30,28,[13  5],31,-1,111,-1,83
1,<environment.Job instance at 0x7fa911bfa6e0>,34,2,[ 2 14],35,-1,103,-1,101
1,<environment.Job instance at 0x7fa9120a8960>,35,14,[11  2],36,-1,115,-1,101
1,<environment.Job instance at 0x7fa9120a8b90>,36,1,[4 6],37,-1,102,-1,101
1,<environment.Job instance at 0x7fa9120a8b40>,38,14,[14  5],39,-1,129,-1,115
1,<environment.Job instance at 0x7fa9120a8910>,39,1,[ 3 12],40,-1,116,-1,115
1,<environment.Job instance at 0x7fa9120a8190>,41,2,[5 6],42,-1,119,-1,117
1,<environment.Job instance at 0x7fa9120a8f00>,42,13,[ 2 13],43,-1,130,-1,117
1,<environment.Job instance at 0x7fa9120a8550>,43,23,[5 1],44,-1,140,-1,117
1,<environment.Job instance at 0x7fa9120a8f50>,44,14,[ 3 13],45,-1,131,-1,117
1,<environment.Job instance at 0x7fa9120a8870>,45,13,[5 1],46,-1,133,-1,120
1,<environment.Job instance at 0x7fa9120a8d70>,46,26,[ 1 12],47,-1,146,-1,120
1,<environment.Job instance at 0x7fa91209c690>,17,15,[ 5 10],18,-1,1110,-1,1095
1,<environment.Job instance at 0x7fa91209cb40>,11,23,[11  4],12,-1,1266,-1,1243
1,<environment.Job instance at 0x7fa911f40730>,2,1,[10  4],3,-1,4,-1,3
1,<environment.Job instance at 0x7fa911f40fa0>,7,27,[5 7],8,-1,35,-1,8
1,<environment.Job instance at 0x7fa911f40a50>,6,18,[14  2],7,-1,26,-1,8
1,<environment.Job instance at 0x7fa911f40960>,9,21,[12  3],10,-1,31,-1,10
1,<environment.Job instance at 0x7fa911f40b40>,10,12,[ 5 12],11,-1,23,-1,11
1,<environment.Job instance at 0x7fa911f407d0>,12,16,[ 2 13],13,-1,29,-1,13
1,<environment.Job instance at 0x7fa911f40d20>,17,20,[ 2 13],18,-1,39,-1,19
1,<environment.Job instance at 0x7fa911f40dc0>,18,27,[4 9],19,-1,46,-1,19
1,<environment.Job instance at 0x7fa911f40af0>,19,3,[ 2 13],20,-1,23,-1,20
1,<environment.Job instance at 0x7fa9126f1370>,20,13,[ 4 12],21,-1,34,-1,21
1,<environment.Job instance at 0x7fa911f40cd0>,22,25,[2 7],23,-1,50,-1,25
1,<environment.Job instance at 0x7fa9126f1be0>,23,17,[8 1],24,-1,87,-1,70
1,<environment.Job instance at 0x7fa9126f17d0>,27,21,[12  5],28,-1,91,-1,70
1,<environment.Job instance at 0x7fa9126f1f50>,29,20,[11  5],30,-1,98,-1,78
1,<environment.Job instance at 0x7fa91279fb90>,32,28,[5 7],33,-1,122,-1,94
1,<environment.Job instance at 0x7fa91279f780>,33,12,[ 4 11],34,-1,106,-1,94
1,<environment.Job instance at 0x7fa91279f1e0>,34,25,[13  4],35,-1,119,-1,94
1,<environment.Job instance at 0x7fa91279f4b0>,35,21,[ 1 12],36,-1,115,-1,94
1,<environment.Job instance at 0x7fa91279f960>,36,22,[ 4 10],37,-1,116,-1,94
1,<environment.Job instance at 0x7fa91279f640>,37,22,[13  5],38,-1,116,-1,94
1,<environment.Job instance at 0x7fa91279f320>,38,28,[13  2],39,-1,122,-1,94
1,<environment.Job instance at 0x7fa91279ffa0>,40,24,[7 3],41,-1,131,-1,107
1,<environment.Job instance at 0x7fa91279fbe0>,42,26,[5 8],43,-1,133,-1,107
1,<environment.Job instance at 0x7fa91279fd70>,45,2,[5 5],46,-1,121,-1,119
1,<environment.Job instance at 0x7fa91279f730>,46,2,[ 5 13],47,-1,121,-1,119
1,<environment.Job instance at 0x7fa91279f280>,47,13,[ 1 14],48,-1,132,-1,119
1,<environment.Job instance at 0x7fa911b8d690>,2,18,[ 2 11],3,-1,21,-1,3
1,<environment.Job instance at 0x7fa911b8deb0>,9,18,[ 5 14],10,-1,28,-1,10
1,<environment.Job instance at 0x7fa9123c4960>,10,17,[ 3 13],11,-1,28,-1,11
1,<environment.Job instance at 0x7fa9123c4050>,11,23,[13  3],12,-1,35,-1,12
1,<environment.Job instance at 0x7fa9123a70f0>,12,18,[ 2 12],13,-1,31,-1,13
1,<environment.Job instance at 0x7fa9123a7820>,14,21,[6 5],15,-1,63,-1,42
1,<environment.Job instance at 0x7fa91239b960>,21,13,[14  4],22,-1,70,-1,57
1,<environment.Job instance at 0x7fa911446be0>,22,16,[14  2],23,-1,73,-1,57
1,<environment.Job instance at 0x7fa9123a7a00>,24,3,[5 1],25,-1,60,-1,57
1,<environment.Job instance at 0x7fa9123cd780>,27,12,[ 3 14],28,-1,86,-1,74
1,<environment.Job instance at 0x7fa91293fcd0>,29,28,[14  4],30,-1,113,-1,85
1,<environment.Job instance at 0x7fa911511320>,30,28,[5 2],31,-1,113,-1,85
1,<environment.Job instance at 0x7fa91150c0f0>,31,2,[5 9],32,-1,87,-1,85
1,<environment.Job instance at 0x7fa9114efe60>,32,24,[8 1],33,-1,109,-1,85
1,<environment.Job instance at 0x7fa91142e4b0>,34,26,[5 7],35,-1,115,-1,89
1,<environment.Job instance at 0x7fa911438e10>,37,27,[9 4],38,-1,134,-1,107
1,<environment.Job instance at 0x7fa911c93f50>,1,25,[4 9],2,-1,27,-1,2
1,<environment.Job instance at 0x7fa911234c80>,9,15,[10  1],10,-1,42,-1,27
1,<environment.Job instance at 0x7fa911234460>,13,12,[ 3 10],14,-1,42,-1,30
1,<environment.Job instance at 0x7fa911234690>,14,12,[11  4],15,-1,42,-1,30
1,<environment.Job instance at 0x7fa911263550>,20,17,[ 2 14],21,-1,93,-1,76
1,<environment.Job instance at 0x7fa9112635f0>,22,12,[13  4],23,-1,91,-1,79
1,<environment.Job instance at 0x7fa911263460>,25,17,[14  2],26,-1,108,-1,91
1,<environment.Job instance at 0x7fa911263230>,26,17,[ 1 12],27,-1,108,-1,91
1,<environment.Job instance at 0x7fa911263a00>,28,2,[8 1],29,-1,107,-1,105
1,<environment.Job instance at 0x7fa911263370>,29,27,[11  4],30,-1,132,-1,105
1,<environment.Job instance at 0x7fa9112639b0>,30,15,[ 2 13],31,-1,120,-1,105
1,<environment.Job instance at 0x7fa911244960>,32,2,[1 6],33,-1,107,-1,105
1,<environment.Job instance at 0x7fa911244730>,33,16,[11  3],34,-1,123,-1,107
1,<environment.Job instance at 0x7fa911244460>,34,25,[6 2],35,-1,132,-1,107
1,<environment.Job instance at 0x7fa911244be0>,35,17,[13  1],36,-1,124,-1,107
1,<environment.Job instance at 0x7fa911244dc0>,36,23,[8 2],37,-1,130,-1,107
1,<environment.Job instance at 0x7fa9112440f0>,37,26,[ 2 11],38,-1,133,-1,107
1,<environment.Job instance at 0x7fa911244410>,38,1,[6 4],39,-1,108,-1,107
1,<environment.Job instance at 0x7fa911244320>,39,16,[11  4],40,-1,126,-1,110
1,<environment.Job instance at 0x7fa911244a00>,40,26,[2 7],41,-1,136,-1,110
1,<environment.Job instance at 0x7fa9112443c0>,45,12,[14  3],46,-1,154,-1,142
1,<environment.Job instance at 0x7fa91af61050>,48,27,[6 5],49,-1,187,-1,160
1,<environment.Job instance at 0x7fa91273deb0>,5,1,[6 3],6,-1,8,-1,7
1,<environment.Job instance at 0x7fa91273b370>,9,19,[2 7],10,-1,46,-1,27
1,<environment.Job instance at 0x7fa91273b6e0>,13,25,[ 5 10],14,-1,52,-1,27
1,<environment.Job instance at 0x7fa91273b780>,14,16,[6 1],15,-1,43,-1,27
1,<environment.Job instance at 0x7fa91273b820>,15,14,[11  2],16,-1,41,-1,27
1,<environment.Job instance at 0x7fa91273b870>,16,15,[ 3 14],17,-1,42,-1,27
1,<environment.Job instance at 0x7fa91273b960>,17,18,[1 5],18,-1,45,-1,27
1,<environment.Job instance at 0x7fa91273b9b0>,18,27,[7 4],19,-1,54,-1,27
1,<environment.Job instance at 0x7fa91273baa0>,19,12,[6 3],20,-1,39,-1,27
1,<environment.Job instance at 0x7fa91273b320>,20,16,[10  2],21,-1,62,-1,46
1,<environment.Job instance at 0x7fa91273bcd0>,22,12,[1 8],23,-1,59,-1,47
1,<environment.Job instance at 0x7fa91273bd70>,23,13,[ 1 12],24,-1,60,-1,47
1,<environment.Job instance at 0x7fa91273be10>,24,13,[9 5],25,-1,61,-1,48
1,<environment.Job instance at 0x7fa912723230>,31,23,[ 4 13],32,-1,104,-1,81
1,<environment.Job instance at 0x7fa912723410>,32,19,[11  1],33,-1,100,-1,81
1,<environment.Job instance at 0x7fa912723370>,33,18,[ 4 11],34,-1,99,-1,81
1,<environment.Job instance at 0x7fa912723550>,36,13,[ 3 13],37,-1,112,-1,99
1,<environment.Job instance at 0x7fa912723aa0>,42,16,[14  3],43,-1,157,-1,141
1,<environment.Job instance at 0x7f8dc77d61e0>,3,18,[ 4 14],4,-1,22,-1,4
1,<environment.Job instance at 0x7f8dd0dbc4b0>,5,24,[1 5],6,-1,33,-1,9
1,<environment.Job instance at 0x7f8dc77d64b0>,9,18,[ 2 13],10,-1,28,-1,10
1,<environment.Job instance at 0x7f8dc77d6690>,10,18,[ 3 11],11,-1,29,-1,11
1,<environment.Job instance at 0x7f8dc77d66e0>,11,15,[13  4],12,-1,27,-1,12
1,<environment.Job instance at 0x7f8dc77d6780>,12,26,[ 1 12],13,-1,39,-1,13
1,<environment.Job instance at 0x7f8dc77d6be0>,17,28,[ 5 10],18,-1,59,-1,31
1,<environment.Job instance at 0x7f8dc77d6c80>,18,18,[ 4 13],19,-1,49,-1,31
1,<environment.Job instance at 0x7f8dc77d6d20>,19,14,[ 3 11],20,-1,45,-1,31
1,<environment.Job instance at 0x7f8dc77d6dc0>,20,12,[13  5],21,-1,43,-1,31
1,<environment.Job instance at 0x7f8dc77d6e60>,21,1,[6 5],22,-1,32,-1,31
1,<environment.Job instance at 0x7f8dc77d6f00>,22,1,[2 7],23,-1,32,-1,31
1,<environment.Job instance at 0x7f8dc77d6fa0>,23,27,[ 1 14],24,-1,58,-1,31
1,<environment.Job instance at 0x7f8dc77d6a00>,25,27,[8 1],26,-1,72,-1,45
1,<environment.Job instance at 0x7f8dc77d91e0>,26,26,[5 5],27,-1,71,-1,45
1,<environment.Job instance at 0x7f8dc77d90f0>,28,25,[5 7],29,-1,88,-1,63
1,<environment.Job instance at 0x7f8dc77d9370>,29,25,[ 4 11],30,-1,88,-1,63
1,<environment.Job instance at 0x7f8dc77d92d0>,30,22,[ 5 13],31,-1,85,-1,63
1,<environment.Job instance at 0x7f8dc77d95f0>,31,27,[4 8],32,-1,90,-1,63
1,<environment.Job instance at 0x7f8dc77d96e0>,33,12,[11  3],34,-1,75,-1,63
1,<environment.Job instance at 0x7f8dc77d9960>,37,13,[ 3 14],38,-1,109,-1,96
1,<environment.Job instance at 0x7f8dc77d9a00>,38,28,[ 2 12],39,-1,124,-1,96
1,<environment.Job instance at 0x7f8dc77d9b40>,40,24,[5 6],41,-1,140,-1,116
1,<environment.Job instance at 0x7f8dc77d9c80>,42,27,[5 2],43,-1,143,-1,116
1,<environment.Job instance at 0x7f8dc77d9f00>,45,24,[ 1 13],46,-1,160,-1,136
1,<environment.Job instance at 0x7f8dc77d9fa0>,47,17,[12  2],48,-1,155,-1,138
1,<environment.Job instance at 0x7f8dc77dc230>,50,16,[ 2 11],51,-1,187,-1,171
1,<environment.Job instance at 0x7f8dc77dc2d0>,51,16,[12  2],52,-1,187,-1,171
1,<environment.Job instance at 0x7f8dc77dc410>,53,27,[8 5],54,-1,198,-1,171
1,<environment.Job instance at 0x7f8dc77dc550>,55,13,[13  1],56,-1,192,-1,179
1,<environment.Job instance at 0x7f8dc6f15280>,5,2,[10  4],6,-1,8,-1,6
1,<environment.Job instance at 0x7f8dc6f15320>,6,13,[ 2 14],7,-1,20,-1,7
1,<environment.Job instance at 0x7f8dc6f15c80>,8,27,[ 1 10],9,-1,36,-1,9
1,<environment.Job instance at 0x7f8dc6f159b0>,9,2,[ 3 10],10,-1,12,-1,10
1,<environment.Job instance at 0x7f8dc6f15690>,10,13,[ 3 12],11,-1,24,-1,11
1,<environment.Job instance at 0x7f8dc6f15dc0>,12,28,[5 1],13,-1,42,-1,14
1,<environment.Job instance at 0x7f8dc6ef1be0>,16,14,[ 4 11],17,-1,36,-1,22
1,<environment.Job instance at 0x7f8dc6f170f0>,25,18,[ 3 14],26,-1,86,-1,68
1,<environment.Job instance at 0x7f8dc6f17af0>,31,14,[ 2 13],32,-1,102,-1,88
1,<environment.Job instance at 0x7f8dc6f17f50>,33,22,[10  2],34,-1,125,-1,103
1,<environment.Job instance at 0x7f8dc6f0c8c0>,35,12,[7 4],36,-1,115,-1,103
1,<environment.Job instance at 0x7f8dc6f0c2d0>,36,25,[8 5],37,-1,128,-1,103
1,<environment.Job instance at 0x7f8dc6f0ceb0>,38,22,[ 3 11],39,-1,139,-1,117
1,<environment.Job instance at 0x7f8dc6f11e10>,39,12,[ 5 14],40,-1,129,-1,117
1,<environment.Job instance at 0x7f8dc6f11820>,41,12,[8 1],42,-1,131,-1,119
1,<environment.Job instance at 0x7f8dc6f118c0>,42,27,[5 6],43,-1,146,-1,119
1,<environment.Job instance at 0x7f8dc6d94910>,43,24,[12  3],44,-1,143,-1,119
1,<environment.Job instance at 0x7f8dc6ef0910>,44,22,[12  5],45,-1,141,-1,119
1,<environment.Job instance at 0x7f8dc6e634b0>,45,18,[12  4],46,-1,137,-1,119
1,<environment.Job instance at 0x7f8dc6e633c0>,46,17,[ 5 13],47,-1,136,-1,119
1,<environment.Job instance at 0x7f8dc6e630f0>,47,23,[14  4],48,-1,142,-1,119
1,<environment.Job instance at 0x7f8dc6f1cd20>,48,12,[ 3 10],49,-1,137,-1,125
1,<environment.Job instance at 0x7f8dc6e63280>,49,21,[ 1 10],50,-1,151,-1,130
1,<environment.Job instance at 0x7f8dc6d79eb0>,3,24,[ 2 14],4,-1,28,-1,4
1,<environment.Job instance at 0x7f8dd0f356e0>,6,12,[13  4],7,-1,19,-1,7
1,<environment.Job instance at 0x7f8dd0f351e0>,7,1,[ 4 11],8,-1,9,-1,8
1,<environment.Job instance at 0x7f8dd0f35690>,8,23,[ 2 14],9,-1,32,-1,9
1,<environment.Job instance at 0x7f8dc6ed8e10>,9,2,[1 8],10,-1,12,-1,10
1,<environment.Job instance at 0x7f8dc6ed8a00>,14,28,[5 6],15,-1,52,-1,24
1,<environment.Job instance at 0x7f8dc6ed8eb0>,15,14,[ 2 10],16,-1,38,-1,24
1,<environment.Job instance at 0x7f8dc6ed8230>,16,19,[11  3],17,-1,43,-1,24
1,<environment.Job instance at 0x7f8dc6ed8c30>,17,20,[14  5],18,-1,44,-1,24
1,<environment.Job instance at 0x7f8dc6ed8d70>,19,3,[ 1 12],20,-1,27,-1,24
1,<environment.Job instance at 0x7f8dc6ed8370>,20,16,[ 2 14],21,-1,40,-1,24
1,<environment.Job instance at 0x7f8dc6ed85f0>,22,22,[4 8],23,-1,51,-1,29
1,<environment.Job instance at 0x7f8dc6ed8820>,23,25,[6 1],24,-1,54,-1,29
1,<environment.Job instance at 0x7f8dc6ed8870>,24,20,[ 1 14],25,-1,49,-1,29
1,<environment.Job instance at 0x7f8dc6ed81e0>,25,13,[ 4 10],26,-1,42,-1,29
1,<environment.Job instance at 0x7f8dd0e68960>,26,17,[14  2],27,-1,46,-1,29
1,<environment.Job instance at 0x7f8dd0e68af0>,28,16,[11  2],29,-1,52,-1,36
1,<environment.Job instance at 0x7f8dd0e68a00>,29,23,[ 1 14],30,-1,59,-1,36
1,<environment.Job instance at 0x7f8dd0e68460>,32,14,[13  4],33,-1,64,-1,50
1,<environment.Job instance at 0x7f8dd0e685f0>,34,22,[12  4],35,-1,79,-1,57
1,<environment.Job instance at 0x7f8dd0e68fa0>,35,23,[1 7],36,-1,80,-1,57
1,<environment.Job instance at 0x7f8dd0e689b0>,37,16,[ 2 14],38,-1,83,-1,67
1,<environment.Job instance at 0x7f8dd0e68870>,40,25,[9 3],41,-1,99,-1,74
1,<environment.Job instance at 0x7f8dd0e68780>,44,14,[13  3],45,-1,112,-1,98
1,<environment.Job instance at 0x7f8dd0e68d20>,45,3,[10  1],46,-1,101,-1,98
1,<environment.Job instance at 0x7f8dd0e68370>,46,3,[ 2 12],47,-1,101,-1,98
1,<environment.Job instance at 0x7f8dc6e53a00>,48,15,[11  2],49,-1,134,-1,119
1,<environment.Job instance at 0x7f8dc6e536e0>,49,14,[11  3],50,-1,133,-1,119
1,<environment.Job instance at 0x7f8dc6e530f0>,50,2,[9 5],51,-1,121,-1,119
1,<environment.Job instance at 0x7f8dc6e534b0>,51,22,[2 9],52,-1,148,-1,126
1,<environment.Job instance at 0x7f8dc6e53aa0>,56,24,[11  5],57,-1,161,-1,137
1,<environment.Job instance at 0x7f8dc6e530a0>,57,21,[ 3 10],58,-1,158,-1,137
1,<environment.Job instance at 0x7f8dc6e53be0>,58,25,[14  4],59,-1,162,-1,137
1,<environment.Job instance at 0x7f8dc74598c0>,3,2,[13  3],4,-1,6,-1,4
1,<environment.Job instance at 0x7f8dc7459c80>,4,21,[ 4 12],5,-1,26,-1,5
1,<environment.Job instance at 0x7f8dc6dc3410>,7,27,[2 9],8,-1,36,-1,9
1,<environment.Job instance at 0x7f8dc7459550>,12,28,[2 8],13,-1,41,-1,13
1,<environment.Job instance at 0x7f8dc7459cd0>,13,12,[1 7],14,-1,31,-1,19
1,<environment.Job instance at 0x7f8dc7459eb0>,14,3,[10  2],15,-1,22,-1,19
1,<environment.Job instance at 0x7f8dc7459b40>,15,3,[5 5],16,-1,22,-1,19
1,<environment.Job instance at 0x7f8dc7459af0>,16,3,[ 5 10],17,-1,22,-1,19
1,<environment.Job instance at 0x7f8dc7459190>,19,21,[6 1],20,-1,64,-1,43
1,<environment.Job instance at 0x7f8dc6f15a00>,22,24,[7 5],23,-1,71,-1,47
1,<environment.Job instance at 0x7f8dc6f15190>,24,28,[2 7],25,-1,78,-1,50
1,<environment.Job instance at 0x7f8dc6f15460>,25,28,[9 2],26,-1,78,-1,50
1,<environment.Job instance at 0x7f8dc6f15050>,26,22,[6 1],27,-1,72,-1,50
1,<environment.Job instance at 0x7f8dc6f15b90>,31,12,[ 2 14],32,-1,98,-1,86
1,<environment.Job instance at 0x7f8dc6f152d0>,32,13,[12  2],33,-1,99,-1,86
1,<environment.Job instance at 0x7f8dc6f15be0>,33,2,[5 9],34,-1,88,-1,86
1,<environment.Job instance at 0x7f8dc6f15410>,35,16,[11  1],36,-1,112,-1,96
1,<environment.Job instance at 0x7f8dc71dc370>,38,17,[11  3],39,-1,132,-1,115
1,<environment.Job instance at 0x7f8dc71dca50>,40,25,[6 2],41,-1,142,-1,117
1,<environment.Job instance at 0x7f8dc71dce10>,41,18,[12  4],42,-1,135,-1,117
1,<environment.Job instance at 0x7f8dc71dc9b0>,43,26,[11  5],44,-1,155,-1,129
1,<environment.Job instance at 0x7f8dc71dc190>,45,14,[10  1],46,-1,147,-1,133
1,<environment.Job instance at 0x7f8dc71dcc30>,47,15,[13  5],48,-1,160,-1,145
1,<environment.Job instance at 0x7f8dc72f3e10>,50,27,[14  3],51,-1,185,-1,158
1,<environment.Job instance at 0x7f8dc72f39b0>,52,26,[ 4 10],53,-1,184,-1,158
1,<environment.Job instance at 0x7f8dc72f33c0>,53,26,[8 3],54,-1,184,-1,158
1,<environment.Job instance at 0x7f8dc72f35a0>,54,16,[12  1],55,-1,174,-1,158
1,<environment.Job instance at 0x7f8dc72f3d20>,55,19,[ 2 13],56,-1,177,-1,158
1,<environment.Job instance at 0x7f8dc72f3500>,56,22,[11  1],57,-1,180,-1,158
1,<environment.Job instance at 0x7f8dc72f3b40>,57,22,[ 1 13],58,-1,180,-1,158
1,<environment.Job instance at 0x7f8dc72f3cd0>,58,2,[2 8],59,-1,160,-1,158
1,<environment.Job instance at 0x7f8dc764d550>,3,24,[14  3],4,-1,28,-1,4
1,<environment.Job instance at 0x7f8dc6dc3730>,5,21,[12  3],6,-1,27,-1,6
1,<environment.Job instance at 0x7f8dc764d140>,11,27,[ 4 13],12,-1,40,-1,13
1,<environment.Job instance at 0x7f8dc764f8c0>,16,3,[9 1],17,-1,59,-1,56
1,<environment.Job instance at 0x7f8dc764fd20>,19,1,[5 4],20,-1,67,-1,66
1,<environment.Job instance at 0x7f8dc764f870>,20,25,[ 3 10],21,-1,91,-1,66
1,<environment.Job instance at 0x7f8dc764f910>,21,1,[ 2 10],22,-1,67,-1,66
1,<environment.Job instance at 0x7f8dc764ffa0>,22,27,[3 9],23,-1,93,-1,66
1,<environment.Job instance at 0x7f8dc74be820>,24,12,[13  2],25,-1,80,-1,68
1,<environment.Job instance at 0x7f8dc765fb40>,25,24,[1 5],26,-1,92,-1,68
1,<environment.Job instance at 0x7f8dc765aa00>,26,23,[3 6],27,-1,102,-1,79
1,<environment.Job instance at 0x7f8dc765abe0>,28,21,[8 3],29,-1,152,-1,131
1,<environment.Job instance at 0x7f8dc7e6a5f0>,32,12,[13  5],33,-1,143,-1,131
1,<environment.Job instance at 0x7f8dc7e88e60>,34,25,[1 5],35,-1,156,-1,131
1,<environment.Job instance at 0x7f8dc7256550>,37,15,[ 2 14],38,-1,157,-1,142
1,<environment.Job instance at 0x7f8dc74d3140>,40,14,[14  5],41,-1,188,-1,174
1,<environment.Job instance at 0x7f8dc74d3c30>,41,13,[ 5 13],42,-1,187,-1,174
1,<environment.Job instance at 0x7f8dc7e70a50>,44,18,[11  3],45,-1,203,-1,185
1,<environment.Job instance at 0x7f8dc7e84fa0>,45,20,[10  2],46,-1,1447,-1,1427
1,<environment.Job instance at 0x7f8dc75a64b0>,5,2,[5 5],6,-1,8,-1,6
1,<environment.Job instance at 0x7f8dc75a68c0>,6,13,[ 1 13],7,-1,20,-1,7
1,<environment.Job instance at 0x7f8dc75a6460>,4,13,[12  4],5,-1,20,-1,7
1,<environment.Job instance at 0x7f8dc75a6780>,7,26,[ 1 13],8,-1,34,-1,8
1,<environment.Job instance at 0x7f8dc75c5cd0>,9,16,[11  1],10,-1,26,-1,10
1,<environment.Job instance at 0x7f8dc75c5e60>,10,14,[14  2],11,-1,25,-1,11
1,<environment.Job instance at 0x7f8dc75c5960>,14,25,[2 8],15,-1,40,-1,15
1,<environment.Job instance at 0x7f8dc75c57d0>,18,16,[11  2],19,-1,45,-1,29
1,<environment.Job instance at 0x7f8dc75c58c0>,19,22,[ 2 12],20,-1,51,-1,29
1,<environment.Job instance at 0x7f8dc75b74b0>,23,18,[12  1],24,-1,63,-1,45
1,<environment.Job instance at 0x7f8dc75b7e60>,25,2,[6 1],26,-1,59,-1,57
1,<environment.Job instance at 0x7f8dc75b7c80>,26,25,[8 5],27,-1,82,-1,57
1,<environment.Job instance at 0x7f8dc75b7820>,30,24,[9 1],31,-1,106,-1,82
1,<environment.Job instance at 0x7f8dc75b7d20>,31,25,[7 1],32,-1,107,-1,82
1,<environment.Job instance at 0x7f8dc75b7410>,32,24,[12  5],33,-1,106,-1,82
1,<environment.Job instance at 0x7f8dc75b7b90>,33,23,[10  2],34,-1,105,-1,82
1,<environment.Job instance at 0x7f8dc75d6460>,34,15,[ 1 11],35,-1,97,-1,82
1,<environment.Job instance at 0x7f8dc75d69b0>,35,16,[ 5 12],36,-1,98,-1,82
1,<environment.Job instance at 0x7f8dc75d6780>,36,27,[ 4 14],37,-1,109,-1,82
1,<environment.Job instance at 0x7f8dc75d6960>,37,23,[2 9],38,-1,105,-1,82
1,<environment.Job instance at 0x7f8dc75d6280>,39,15,[13  1],40,-1,110,-1,95
1,<environment.Job instance at 0x7f8dc75d6870>,46,12,[ 4 14],47,-1,143,-1,131
1,<environment.Job instance at 0x7f8dc72299b0>,51,12,[14  1],52,-1,159,-1,147
1,<environment.Job instance at 0x7f8dc7229690>,52,28,[1 7],53,-1,175,-1,147
1,<environment.Job instance at 0x7f8dc75fa050>,10,27,[ 4 10],11,-1,48,-1,21
1,<environment.Job instance at 0x7f8dc75fa2d0>,11,25,[12  4],12,-1,46,-1,21
1,<environment.Job instance at 0x7f8dc75fa370>,12,2,[5 7],13,-1,23,-1,21
1,<environment.Job instance at 0x7f8dc75fa410>,13,27,[3 8],14,-1,48,-1,21
1,<environment.Job instance at 0x7f8dc75fa4b0>,14,13,[11  5],15,-1,35,-1,22
1,<environment.Job instance at 0x7f8dc75fa550>,15,24,[8 4],16,-1,46,-1,22
1,<environment.Job instance at 0x7f8dc75fa690>,17,2,[6 3],18,-1,31,-1,29
1,<environment.Job instance at 0x7f8dc75fa730>,18,3,[13  2],19,-1,32,-1,29
1,<environment.Job instance at 0x7f8dc75fa960>,21,17,[12  4],22,-1,64,-1,47
1,<environment.Job instance at 0x7f8dc75faa50>,23,1,[7 4],24,-1,53,-1,52
1,<environment.Job instance at 0x7f8dc75fac30>,25,14,[12  3],26,-1,77,-1,63
1,<environment.Job instance at 0x7f8dc75facd0>,26,12,[ 5 14],27,-1,75,-1,63
1,<environment.Job instance at 0x7f8dc75fafa0>,30,26,[9 4],31,-1,122,-1,96
1,<environment.Job instance at 0x7f8dc75e92d0>,34,22,[ 1 12],35,-1,133,-1,111
1,<environment.Job instance at 0x7f8dc75e94b0>,36,26,[ 3 12],37,-1,155,-1,129
1,<environment.Job instance at 0x7f8dc75e93c0>,37,12,[ 2 14],38,-1,141,-1,129
1,<environment.Job instance at 0x7f8dc75e9780>,41,17,[ 1 14],42,-1,177,-1,160
1,<environment.Job instance at 0x7f8dc75e9960>,44,2,[ 1 13],45,-1,175,-1,173
1,<environment.Job instance at 0x7f8dc75e9a00>,45,1,[13  1],46,-1,174,-1,173
1,<environment.Job instance at 0x7f8dc75e9c80>,47,24,[1 8],48,-1,205,-1,181
1,<environment.Job instance at 0x7f8dc75e9d20>,50,26,[ 1 11],51,-1,220,-1,194
1,<environment.Job instance at 0x7f8dc75e9dc0>,51,16,[14  5],52,-1,210,-1,194
1,<environment.Job instance at 0x7f8dc7622050>,55,28,[10  3],56,-1,239,-1,211
1,<environment.Job instance at 0x7f8dc76220a0>,56,3,[3 5],57,-1,214,-1,211
1,<environment.Job instance at 0x7f8dc6f0b050>,6,24,[14  2],7,-1,31,-1,7
1,<environment.Job instance at 0x7f8dc6f0ba50>,8,2,[ 2 12],9,-1,11,-1,9
1,<environment.Job instance at 0x7f8dc6f720a0>,9,23,[ 4 11],10,-1,33,-1,10
1,<environment.Job instance at 0x7f8dc6f0baf0>,11,23,[ 3 13],12,-1,35,-1,12
1,<environment.Job instance at 0x7f8dc6f72cd0>,12,3,[8 4],13,-1,17,-1,14
1,<environment.Job instance at 0x7f8dc6f72e10>,14,24,[ 3 10],15,-1,39,-1,15
1,<environment.Job instance at 0x7f8dc6f72910>,19,14,[ 1 14],20,-1,40,-1,26
1,<environment.Job instance at 0x7f8dc6f72d70>,20,25,[5 8],21,-1,51,-1,26
1,<environment.Job instance at 0x7f8dc6f72640>,21,27,[7 4],22,-1,53,-1,26
1,<environment.Job instance at 0x7f8dc6f72500>,22,3,[2 7],23,-1,29,-1,26
1,<environment.Job instance at 0x7f8dc77f6b40>,31,18,[ 4 13],32,-1,105,-1,87
1,<environment.Job instance at 0x7f8dc77f6cd0>,32,23,[11  2],33,-1,110,-1,87
1,<environment.Job instance at 0x7f8dc77f6e10>,33,12,[11  5],34,-1,99,-1,87
1,<environment.Job instance at 0x7f8dc7cfbe10>,3,24,[11  3],4,-1,28,-1,4
1,<environment.Job instance at 0x7f8dc7cfbb90>,4,18,[13  3],5,-1,24,-1,6
1,<environment.Job instance at 0x7f8dc7cfbd70>,12,24,[7 5],13,-1,46,-1,22
1,<environment.Job instance at 0x7f8dc71333c0>,13,20,[14  5],14,-1,42,-1,22
1,<environment.Job instance at 0x7f8dc7133050>,16,27,[5 5],17,-1,63,-1,36
1,<environment.Job instance at 0x7f8dc7133c80>,19,13,[14  1],20,-1,65,-1,52
1,<environment.Job instance at 0x7f8dc7133af0>,21,17,[14  5],22,-1,69,-1,52
1,<environment.Job instance at 0x7f8dc7133730>,26,17,[ 4 13],27,-1,100,-1,83
1,<environment.Job instance at 0x7f8dc7133640>,28,26,[8 1],29,-1,124,-1,98
1,<environment.Job instance at 0x7f8dc7133cd0>,32,17,[11  1],33,-1,152,-1,135
1,<environment.Job instance at 0x7f8dc7133f00>,33,15,[ 4 11],34,-1,150,-1,135
1,<environment.Job instance at 0x7f8dc7183730>,34,28,[6 1],35,-1,163,-1,135
1,<environment.Job instance at 0x7f8dc7e4a3c0>,47,15,[13  1],48,-1,250,-1,235
1,<environment.Job instance at 0x7f8dc7e4a050>,48,14,[12  4],49,-1,249,-1,235
1,<environment.Job instance at 0x7f8dc7e4a5a0>,51,25,[ 3 14],52,-1,276,-1,251
1,<environment.Job instance at 0x7f8dc7ba0320>,52,14,[14  3],53,-1,265,-1,251
1,<environment.Job instance at 0x7f8dc7ba0050>,54,14,[ 5 14],55,-1,270,-1,256
1,<environment.Job instance at 0x7f8dc6de9550>,3,25,[12  3],4,-1,29,-1,4
1,<environment.Job instance at 0x7f8dc7753d20>,8,2,[ 5 14],9,-1,11,-1,9
1,<environment.Job instance at 0x7f8dc7753be0>,9,13,[3 9],10,-1,25,-1,12
1,<environment.Job instance at 0x7f8dc7753b90>,12,26,[ 4 10],13,-1,39,-1,13
1,<environment.Job instance at 0x7f8dc7753730>,13,2,[ 4 11],14,-1,16,-1,14
1,<environment.Job instance at 0x7f8dc7753eb0>,14,14,[ 5 12],15,-1,29,-1,15
1,<environment.Job instance at 0x7f8dc7753a50>,15,24,[ 5 11],16,-1,40,-1,16
1,<environment.Job instance at 0x7f8dc7753230>,16,25,[7 3],17,-1,42,-1,17
1,<environment.Job instance at 0x7f8dc7753f00>,17,18,[11  5],18,-1,36,-1,18
1,<environment.Job instance at 0x7f8dc7753280>,19,27,[1 5],20,-1,47,-1,20
1,<environment.Job instance at 0x7f8dc75dc280>,22,17,[ 2 13],23,-1,53,-1,36
1,<environment.Job instance at 0x7f8dc75dcc30>,23,27,[12  4],24,-1,63,-1,36
1,<environment.Job instance at 0x7f8dc75dc050>,27,12,[ 5 12],28,-1,66,-1,54
1,<environment.Job instance at 0x7f8dc75dc320>,28,14,[14  1],29,-1,68,-1,54
1,<environment.Job instance at 0x7f8dc79fe9b0>,30,14,[12  4],31,-1,74,-1,60
1,<environment.Job instance at 0x7f8dc79fef00>,31,18,[11  5],32,-1,78,-1,60
1,<environment.Job instance at 0x7f8dc79feaf0>,33,12,[14  4],34,-1,79,-1,67
1,<environment.Job instance at 0x7f8dc79feaa0>,35,25,[8 1],36,-1,107,-1,82
1,<environment.Job instance at 0x7f8dd09d9d70>,37,21,[ 5 14],38,-1,103,-1,82
1,<environment.Job instance at 0x7f8dd09d9190>,39,12,[8 1],40,-1,110,-1,98
1,<environment.Job instance at 0x7f8dd09d9960>,40,28,[2 8],41,-1,126,-1,98
1,<environment.Job instance at 0x7f8dd09d9a50>,42,27,[9 3],43,-1,127,-1,100
1,<environment.Job instance at 0x7f8dd09d9eb0>,44,2,[4 7],45,-1,112,-1,110
1,<environment.Job instance at 0x7f8dc7f6f1e0>,45,28,[ 1 13],46,-1,138,-1,110
1,<environment.Job instance at 0x7f8dc7f6f4b0>,46,12,[ 4 10],47,-1,122,-1,110
1,<environment.Job instance at 0x7f8dc7f6f550>,48,2,[ 4 11],49,-1,121,-1,119
1,<environment.Job instance at 0x7f8dc7f6f910>,49,26,[9 4],50,-1,145,-1,119
1,<environment.Job instance at 0x7f8dc7f6f2d0>,50,28,[2 7],51,-1,147,-1,119
1,<environment.Job instance at 0x7f8dc7f6ffa0>,52,22,[ 5 14],53,-1,146,-1,124
1,<environment.Job instance at 0x7f8dc7f6f370>,53,20,[14  1],54,-1,144,-1,124
1,<environment.Job instance at 0x7f8dc7f6fcd0>,56,14,[ 4 10],57,-1,174,-1,160
1,<environment.Job instance at 0x7f8dc78ce8c0>,4,26,[1 5],5,-1,32,-1,6
1,<environment.Job instance at 0x7f8dc7753af0>,6,21,[11  3],7,-1,30,-1,9
1,<environment.Job instance at 0x7f8dc6fc54b0>,8,19,[14  3],9,-1,28,-1,9
1,<environment.Job instance at 0x7f8dc7805c80>,9,1,[3 7],10,-1,11,-1,10
1,<environment.Job instance at 0x7f8dc74b4550>,11,17,[11  1],12,-1,29,-1,12
1,<environment.Job instance at 0x7f8dc74b4640>,12,2,[ 1 14],13,-1,15,-1,13
1,<environment.Job instance at 0x7f8dc74b4c80>,13,12,[13  2],14,-1,26,-1,14
1,<environment.Job instance at 0x7f8dc74b4870>,15,15,[ 2 11],16,-1,32,-1,17
1,<environment.Job instance at 0x7f8dd0b92050>,16,23,[7 4],17,-1,40,-1,17
1,<environment.Job instance at 0x7f8dc74b4f50>,17,22,[9 4],18,-1,75,-1,53
1,<environment.Job instance at 0x7f8dc735eaf0>,25,25,[12  3],26,-1,78,-1,53
1,<environment.Job instance at 0x7f8dc735edc0>,26,20,[7 1],27,-1,73,-1,53
1,<environment.Job instance at 0x7f8dd09e8320>,29,18,[ 2 10],30,-1,84,-1,66
1,<environment.Job instance at 0x7f8dc704cdc0>,30,16,[14  3],31,-1,82,-1,66
1,<environment.Job instance at 0x7f8dc7714a50>,31,20,[5 1],32,-1,86,-1,66
1,<environment.Job instance at 0x7f8dc7459fa0>,33,12,[7 2],34,-1,91,-1,79
1,<environment.Job instance at 0x7f8dc75ac4b0>,36,21,[12  5],37,-1,114,-1,93
1,<environment.Job instance at 0x7f8dc78bb640>,38,25,[6 1],39,-1,131,-1,106
1,<environment.Job instance at 0x7f8dc78bbcd0>,39,24,[11  4],40,-1,130,-1,106
1,<environment.Job instance at 0x7f8dc7a4b050>,41,27,[5 1],42,-1,133,-1,106
1,<environment.Job instance at 0x7f8dc7a4b410>,43,17,[14  5],44,-1,127,-1,110
1,<environment.Job instance at 0x7f8dc82bef50>,46,25,[8 3],47,-1,149,-1,124
1,<environment.Job instance at 0x7f8dc752caa0>,47,13,[13  1],48,-1,137,-1,124
1,<environment.Job instance at 0x7f8dc7fb9f50>,51,19,[12  1],52,-1,177,-1,158
1,<environment.Job instance at 0x7f8dc7133550>,55,13,[ 2 12],56,-1,192,-1,179
1,<environment.Job instance at 0x7f8dc7133190>,56,25,[ 5 10],57,-1,204,-1,179
1,<environment.Job instance at 0x7f8dc7133230>,57,26,[9 3],58,-1,205,-1,179
1,<environment.Job instance at 0x7f8dc7133460>,58,26,[ 1 12],59,-1,205,-1,179
1,<environment.Job instance at 0x7f8dc6b9e370>,4,17,[12  3],5,-1,22,-1,5
1,<environment.Job instance at 0x7f8dc71f63c0>,7,28,[3 6],8,-1,36,-1,8
1,<environment.Job instance at 0x7f8dc71f6fa0>,9,19,[13  1],10,-1,29,-1,10
1,<environment.Job instance at 0x7f8dc7a40370>,26,21,[14  1],27,-1,111,-1,90
1,<environment.Job instance at 0x7f8dc82d0410>,28,16,[12  4],29,-1,109,-1,93
1,<environment.Job instance at 0x7f8dc727b960>,29,24,[4 9],30,-1,117,-1,93
1,<environment.Job instance at 0x7f8dc7db3b90>,30,14,[6 1],31,-1,109,-1,95
1,<environment.Job instance at 0x7f8dc7dbbc30>,35,14,[13  4],36,-1,145,-1,131
1,<environment.Job instance at 0x7f8dd09a7a00>,43,14,[14  1],44,-1,236,-1,222
1,<environment.Job instance at 0x7f8dc781dfa0>,44,1,[10  5],45,-1,223,-1,222
1,<environment.Job instance at 0x7f8dc781d320>,45,26,[13  4],46,-1,248,-1,222
1,<environment.Job instance at 0x7f8dd100abe0>,47,21,[ 2 13],48,-1,243,-1,222
1,<environment.Job instance at 0x7f8dc6db5d70>,48,16,[ 3 14],49,-1,238,-1,222
1,<environment.Job instance at 0x7f8dc6db5aa0>,49,16,[ 1 11],50,-1,238,-1,222
1,<environment.Job instance at 0x7f8dc7c79be0>,51,24,[ 2 13],52,-1,253,-1,229
1,<environment.Job instance at 0x7f8dc7711aa0>,52,18,[13  3],53,-1,247,-1,229
1,<environment.Job instance at 0x7f8dc7711c30>,53,15,[ 1 10],54,-1,244,-1,229
1,<environment.Job instance at 0x7f8dc78ce9b0>,55,16,[ 1 12],56,-1,251,-1,235
1,<environment.Job instance at 0x7f8dc78cec80>,56,1,[ 2 10],57,-1,236,-1,235
1,<environment.Job instance at 0x7f8dc7f9aa50>,57,26,[8 4],58,-1,261,-1,235
1,<environment.Job instance at 0x7f8dc78ce5a0>,58,16,[ 3 13],59,-1,251,-1,235
1,<environment.Job instance at 0x7f8dc76fc6e0>,1,28,[ 5 12],2,-1,30,-1,2
1,<environment.Job instance at 0x7f8dc7a40f00>,2,28,[2 6],3,-1,31,-1,3
1,<environment.Job instance at 0x7f8dc6a9b140>,4,28,[ 1 11],5,-1,33,-1,5
1,<environment.Job instance at 0x7f8dc6a9b7d0>,6,23,[11  3],7,-1,30,-1,7
1,<environment.Job instance at 0x7f8dc6a9b050>,7,14,[13  5],8,-1,22,-1,8
1,<environment.Job instance at 0x7f8dc6a85b90>,15,27,[6 1],16,-1,50,-1,23
1,<environment.Job instance at 0x7f8dc6a85e10>,19,26,[2 7],20,-1,64,-1,38
1,<environment.Job instance at 0x7f8dc6a85140>,20,23,[10  3],21,-1,61,-1,38
1,<environment.Job instance at 0x7f8dc6a85050>,21,16,[14  1],22,-1,54,-1,38
1,<environment.Job instance at 0x7f8dc6a85460>,22,1,[13  2],23,-1,39,-1,38
1,<environment.Job instance at 0x7f8dc6a85410>,23,3,[4 5],24,-1,41,-1,38
1,<environment.Job instance at 0x7f8dc6a85e60>,24,21,[8 1],25,-1,59,-1,38
1,<environment.Job instance at 0x7f8dc6a85cd0>,25,18,[11  1],26,-1,56,-1,38
1,<environment.Job instance at 0x7f8dc6a85550>,30,22,[ 1 12],31,-1,103,-1,81
1,<environment.Job instance at 0x7f8dc6a9f8c0>,32,18,[ 4 11],33,-1,114,-1,96
1,<environment.Job instance at 0x7f8dc6a9fdc0>,33,25,[5 6],34,-1,121,-1,96
1,<environment.Job instance at 0x7f8dc6a9f230>,34,26,[ 3 12],35,-1,122,-1,96
1,<environment.Job instance at 0x7f8dc6a9f2d0>,35,13,[ 4 13],36,-1,109,-1,96
1,<environment.Job instance at 0x7f8dc6a9f6e0>,36,2,[10  5],37,-1,98,-1,96
1,<environment.Job instance at 0x7f8dc6a9f640>,37,27,[5 7],38,-1,123,-1,96
1,<environment.Job instance at 0x7f8dc6a9fbe0>,38,20,[ 4 14],39,-1,116,-1,96
1,<environment.Job instance at 0x7f8dc6a9f3c0>,41,23,[11  4],42,-1,136,-1,113
1,<environment.Job instance at 0x7f8dc79df050>,44,15,[12  4],45,-1,140,-1,125
1,<environment.Job instance at 0x7f8dc7393780>,45,2,[ 1 12],46,-1,127,-1,125
1,<environment.Job instance at 0x7f8dc6a79910>,48,28,[6 4],49,-1,168,-1,140
1,<environment.Job instance at 0x7f8dc6a79aa0>,49,14,[14  3],50,-1,154,-1,140
1,<environment.Job instance at 0x7f8dc6a79cd0>,51,25,[ 2 14],52,-1,165,-1,140
1,<environment.Job instance at 0x7f8dc7b11a50>,55,3,[ 3 14],56,-1,174,-1,171
1,<environment.Job instance at 0x7f8dc74f2730>,56,27,[10  1],57,-1,198,-1,171
1,<environment.Job instance at 0x7f8dc81ed140>,8,14,[14  5],9,-1,24,-1,10
1,<environment.Job instance at 0x7f8dc7e6f0f0>,9,1,[ 3 12],10,-1,11,-1,10
1,<environment.Job instance at 0x7f8dd0922d20>,12,13,[ 2 13],13,-1,26,-1,13
1,<environment.Job instance at 0x7f8dc794ae60>,14,14,[ 3 13],15,-1,37,-1,23
1,<environment.Job instance at 0x7f8dd0922460>,16,26,[ 1 12],17,-1,55,-1,29
1,<environment.Job instance at 0x7f8dc779ad20>,20,24,[11  5],21,-1,66,-1,42
1,<environment.Job instance at 0x7f8dc8301280>,21,3,[2 7],22,-1,45,-1,42
1,<environment.Job instance at 0x7f8dc6b48960>,22,1,[10  4],23,-1,43,-1,42
1,<environment.Job instance at 0x7f8dc6a9bf50>,29,21,[12  3],30,-1,101,-1,80
1,<environment.Job instance at 0x7f8dd0cb35f0>,30,12,[ 5 12],31,-1,92,-1,80
1,<environment.Job instance at 0x7f8dd0cb3f50>,32,16,[ 2 13],33,-1,105,-1,89
1,<environment.Job instance at 0x7f8dd0cb3a50>,35,13,[14  1],36,-1,115,-1,102
1,<environment.Job instance at 0x7f8dd0cb3b90>,36,14,[ 5 13],37,-1,116,-1,102
1,<environment.Job instance at 0x7f8dd0cb3d70>,37,20,[ 2 13],38,-1,122,-1,102
1,<environment.Job instance at 0x7f8dd0cb36e0>,38,27,[4 9],39,-1,129,-1,102
1,<environment.Job instance at 0x7f8dc80cb500>,39,3,[ 2 13],40,-1,105,-1,102
1,<environment.Job instance at 0x7f8dc80cb910>,40,13,[ 4 12],41,-1,115,-1,102
1,<environment.Job instance at 0x7f8dc73b4be0>,42,25,[2 7],43,-1,136,-1,111
1,<environment.Job instance at 0x7f8dc7e54af0>,43,17,[8 1],44,-1,128,-1,111
1,<environment.Job instance at 0x7f8dc7f4f5f0>,44,12,[11  5],45,-1,123,-1,111
1,<environment.Job instance at 0x7f8dc7a04410>,47,21,[12  5],48,-1,157,-1,136
1,<environment.Job instance at 0x7f8dc7a048c0>,49,20,[11  5],50,-1,157,-1,137
1,<environment.Job instance at 0x7f8dc7a04f50>,50,12,[8 5],51,-1,153,-1,141
1,<environment.Job instance at 0x7f8dc71f6730>,52,28,[5 7],53,-1,178,-1,150
1,<environment.Job instance at 0x7f8dc71f6410>,53,12,[ 4 11],54,-1,162,-1,150
1,<environment.Job instance at 0x7f8dc71f63c0>,54,25,[13  4],55,-1,175,-1,150
1,<environment.Job instance at 0x7f8dc71f6fa0>,55,21,[ 1 12],56,-1,171,-1,150
1,<environment.Job instance at 0x7f8dc71f6f00>,56,22,[ 4 10],57,-1,172,-1,150
1,<environment.Job instance at 0x7f8dc71f6550>,57,22,[13  5],58,-1,172,-1,150
1,<environment.Job instance at 0x7f8dc71f6780>,58,28,[13  2],59,-1,178,-1,150
1,<environment.Job instance at 0x7f8dc7402a50>,26,18,[14  2],27,-1,193,-1,175
1,<environment.Job instance at 0x7f8dc7e85960>,27,27,[5 7],28,-1,203,-1,176
1,<environment.Job instance at 0x7f8dc7e85cd0>,2,26,[5 8],3,-1,29,-1,3
1,<environment.Job instance at 0x7f8dc7c96a50>,7,13,[ 1 14],8,-1,21,-1,8
1,<environment.Job instance at 0x7f8dc7c96e10>,13,3,[8 2],14,-1,19,-1,16
1,<environment.Job instance at 0x7f8dc7c96fa0>,15,2,[5 4],16,-1,23,-1,21
1,<environment.Job instance at 0x7f8dc7ca4140>,17,14,[8 1],18,-1,38,-1,24
1,<environment.Job instance at 0x7f8dc7ca4280>,18,16,[ 4 10],19,-1,41,-1,25
1,<environment.Job instance at 0x7f8dc7ca4320>,19,18,[ 5 14],20,-1,43,-1,25
1,<environment.Job instance at 0x7f8dc7ca43c0>,20,17,[ 3 13],21,-1,42,-1,25
1,<environment.Job instance at 0x7f8dc7ca45a0>,21,23,[13  3],22,-1,48,-1,25
1,<environment.Job instance at 0x7f8dc7ca4550>,22,18,[ 2 12],23,-1,43,-1,25
1,<environment.Job instance at 0x7f8dc7ca4460>,23,13,[11  1],24,-1,38,-1,25
1,<environment.Job instance at 0x7f8dc7ca4690>,26,26,[7 4],27,-1,63,-1,37
1,<environment.Job instance at 0x7f8dc7ca4870>,27,12,[13  4],28,-1,49,-1,37
1,<environment.Job instance at 0x7f8dc7ca4910>,28,13,[ 2 12],29,-1,50,-1,37
1,<environment.Job instance at 0x7f8dc7ca47d0>,31,13,[14  4],32,-1,65,-1,52
1,<environment.Job instance at 0x7f8dc7ca4be0>,32,16,[14  2],33,-1,68,-1,52
1,<environment.Job instance at 0x7f8dc7ca4cd0>,34,3,[5 1],35,-1,71,-1,68
1,<environment.Job instance at 0x7f8dc7ca4e10>,36,24,[5 9],37,-1,93,-1,69
1,<environment.Job instance at 0x7f8dc7ca4f00>,37,12,[ 3 14],38,-1,81,-1,69
1,<environment.Job instance at 0x7f8dc7c931e0>,39,28,[14  4],40,-1,113,-1,85
1,<environment.Job instance at 0x7f8dc7c93280>,40,28,[5 2],41,-1,113,-1,85
1,<environment.Job instance at 0x7f8dc7c93320>,41,2,[5 9],42,-1,87,-1,85
1,<environment.Job instance at 0x7f8dc7c933c0>,42,24,[8 1],43,-1,109,-1,85
1,<environment.Job instance at 0x7f8dc7c93500>,44,26,[5 7],45,-1,111,-1,85
1,<environment.Job instance at 0x7f8dc7c935a0>,45,15,[6 1],46,-1,100,-1,85
1,<environment.Job instance at 0x7f8dc7c936e0>,47,27,[9 4],48,-1,129,-1,102
1,<environment.Job instance at 0x7f8dc7c93780>,48,20,[9 5],49,-1,140,-1,120
1,<environment.Job instance at 0x7f8dc7c93960>,51,18,[10  1],52,-1,138,-1,120
1,<environment.Job instance at 0x7f8dc7c93a00>,53,2,[14  5],54,-1,137,-1,135
1,<environment.Job instance at 0x7f8dc7c93c80>,54,2,[13  2],55,-1,137,-1,135
1,<environment.Job instance at 0x7f8dc7c93d20>,55,14,[ 1 10],56,-1,149,-1,135
1,<environment.Job instance at 0x7f8dc715e730>,1,25,[4 9],2,-1,27,-1,2
1,<environment.Job instance at 0x7f8dc7549e10>,7,2,[6 3],8,-1,10,-1,8
1,<environment.Job instance at 0x7f8dc6fbe640>,14,12,[11  4],15,-1,45,-1,33
1,<environment.Job instance at 0x7f8dc6fbe730>,16,12,[10  1],17,-1,64,-1,52
1,<environment.Job instance at 0x7f8dc6fbe050>,20,17,[ 2 14],21,-1,86,-1,69
1,<environment.Job instance at 0x7f8dc6fbe6e0>,22,12,[13  4],23,-1,97,-1,85
1,<environment.Job instance at 0x7f8dc6fbe9b0>,25,17,[14  2],26,-1,110,-1,93
1,<environment.Job instance at 0x7f8dc6fbeaa0>,26,17,[ 1 12],27,-1,110,-1,93
1,<environment.Job instance at 0x7f8dc6fbeeb0>,28,2,[8 1],29,-1,104,-1,102
1,<environment.Job instance at 0x7f8dc6fbe280>,29,27,[11  4],30,-1,129,-1,102
1,<environment.Job instance at 0x7f8dc7ee5370>,30,15,[ 2 13],31,-1,117,-1,102
1,<environment.Job instance at 0x7f8dc7ee51e0>,31,3,[2 5],32,-1,105,-1,102
1,<environment.Job instance at 0x7f8dc7ee5eb0>,32,2,[1 6],33,-1,104,-1,102
1,<environment.Job instance at 0x7f8dc7ee5230>,33,16,[11  3],34,-1,118,-1,102
1,<environment.Job instance at 0x7f8dc7ee5050>,34,25,[6 2],35,-1,127,-1,102
1,<environment.Job instance at 0x7f8dc7ee50a0>,35,17,[13  1],36,-1,119,-1,102
1,<environment.Job instance at 0x7f8dc7ee5550>,36,23,[8 2],37,-1,125,-1,102
1,<environment.Job instance at 0x7f8dc7ee5b90>,37,26,[ 2 11],38,-1,128,-1,102
1,<environment.Job instance at 0x7f8dc7ee5140>,38,1,[6 4],39,-1,103,-1,102
1,<environment.Job instance at 0x7f8dc7ee5d20>,39,16,[11  4],40,-1,118,-1,102
1,<environment.Job instance at 0x7f8dc7ee59b0>,40,26,[2 7],41,-1,128,-1,102
1,<environment.Job instance at 0x7f8dc7ee5e10>,43,24,[13  5],44,-1,143,-1,119
1,<environment.Job instance at 0x7f8dc7ee5410>,45,12,[14  3],46,-1,135,-1,123
1,<environment.Job instance at 0x7f8dc7ee54b0>,48,27,[6 5],49,-1,168,-1,141
1,<environment.Job instance at 0x7f8dc7361460>,50,13,[11  1],51,-1,168,-1,155
1,<environment.Job instance at 0x7f8dc7361af0>,55,1,[6 3],56,-1,190,-1,189
1,<environment.Job instance at 0x7f8dc7045140>,3,25,[ 5 10],4,-1,29,-1,4
1,<environment.Job instance at 0x7f8dc78ca190>,6,15,[ 3 14],7,-1,22,-1,7
1,<environment.Job instance at 0x7f8dc7045640>,8,27,[7 4],9,-1,37,-1,10
1,<environment.Job instance at 0x7f8dc7b2fd70>,16,14,[ 4 12],17,-1,62,-1,48
1,<environment.Job instance at 0x7f8dc7b2ff50>,19,14,[11  5],20,-1,76,-1,62
1,<environment.Job instance at 0x7f8dc7b2ffa0>,21,23,[ 4 13],22,-1,85,-1,62
1,<environment.Job instance at 0x7f8dc7b2f190>,22,19,[11  1],23,-1,82,-1,63
1,<environment.Job instance at 0x7f8dc7b2f0a0>,23,18,[ 4 11],24,-1,81,-1,63
1,<environment.Job instance at 0x7f8dc7b24780>,38,23,[5 5],39,-1,210,-1,187
1,<environment.Job instance at 0x7f8dc7b24a50>,41,2,[2 7],42,-1,189,-1,187
1,<environment.Job instance at 0x7f8dc7b24820>,42,12,[11  2],43,-1,199,-1,187
1,<environment.Job instance at 0x7f8dc791b370>,43,3,[9 1],44,-1,190,-1,187
1,<environment.Job instance at 0x7f8dc791b5f0>,56,14,[13  2],57,-1,298,-1,284
1,<environment.Job instance at 0x7f8dc791b6e0>,58,24,[ 1 14],59,-1,320,-1,296
1,<environment.Job instance at 0x7f8dc791b7d0>,3,1,[7 1],4,-1,5,-1,4
1,<environment.Job instance at 0x7f8dc72e1690>,4,23,[5 5],5,-1,28,-1,5
1,<environment.Job instance at 0x7f8dc72e1050>,5,23,[ 2 12],6,-1,29,-1,6
1,<environment.Job instance at 0x7f8dc72e10f0>,7,25,[7 3],8,-1,33,-1,8
1,<environment.Job instance at 0x7f8dc7b3e320>,10,27,[5 2],11,-1,39,-1,12
1,<environment.Job instance at 0x7f8dc81c0a00>,18,2,[8 5],19,-1,28,-1,26
1,<environment.Job instance at 0x7f8dc72c9dc0>,19,14,[ 3 11],20,-1,40,-1,26
1,<environment.Job instance at 0x7f8dc72f4550>,20,14,[14  1],21,-1,40,-1,26
1,<environment.Job instance at 0x7f8dc72bb870>,24,20,[ 2 11],25,-1,60,-1,40
1,<environment.Job instance at 0x7f8dc72bb9b0>,25,2,[3 9],26,-1,42,-1,40
1,<environment.Job instance at 0x7f8dc72bb5a0>,27,26,[3 7],28,-1,81,-1,55
1,<environment.Job instance at 0x7f8dc7f371e0>,28,26,[4 6],29,-1,81,-1,55
1,<environment.Job instance at 0x7f8dc7a03370>,29,14,[ 3 14],30,-1,69,-1,55
1,<environment.Job instance at 0x7f8dc7f42320>,38,14,[ 2 12],39,-1,119,-1,105
1,<environment.Job instance at 0x7f8dc6b1f0a0>,39,28,[11  4],40,-1,133,-1,105
1,<environment.Job instance at 0x7f8dc7a3a820>,40,22,[ 5 12],41,-1,127,-1,105
1,<environment.Job instance at 0x7f8dc7cc8e10>,42,25,[9 5],43,-1,145,-1,120
1,<environment.Job instance at 0x7f8dc7a11a00>,46,22,[ 1 13],47,-1,158,-1,136
1,<environment.Job instance at 0x7f8dc7a110f0>,47,14,[ 2 11],48,-1,150,-1,136
1,<environment.Job instance at 0x7f8dc7a11460>,49,15,[ 5 14],50,-1,168,-1,153
1,<environment.Job instance at 0x7f8dc7a1beb0>,55,27,[8 1],56,-1,202,-1,175
1,<environment.Job instance at 0x7f8dc6aecbe0>,3,16,[12  5],4,-1,20,-1,4
1,<environment.Job instance at 0x7f8dc6aecfa0>,10,18,[ 5 11],11,-1,35,-1,17
1,<environment.Job instance at 0x7f8dc6aec960>,13,14,[13  2],14,-1,57,-1,43
1,<environment.Job instance at 0x7f8dc6aeca00>,14,2,[7 1],15,-1,45,-1,43
1,<environment.Job instance at 0x7f8dc6aeceb0>,15,22,[2 8],16,-1,73,-1,51
1,<environment.Job instance at 0x7f8dc6aec9b0>,18,23,[7 4],19,-1,74,-1,51
1,<environment.Job instance at 0x7f8dc6aecc80>,19,25,[ 4 12],20,-1,76,-1,51
1,<environment.Job instance at 0x7f8dc6dd3cd0>,22,1,[4 7],23,-1,60,-1,59
1,<environment.Job instance at 0x7f8dc6dd3280>,23,25,[ 2 10],24,-1,84,-1,59
1,<environment.Job instance at 0x7f8dc6dd3870>,24,14,[11  3],25,-1,73,-1,59
1,<environment.Job instance at 0x7f8dc6dd3b40>,25,18,[1 9],26,-1,77,-1,59
1,<environment.Job instance at 0x7f8dc6dc7c30>,44,26,[13  3],45,-1,254,-1,228
1,<environment.Job instance at 0x7f8dc6dc7a50>,45,23,[9 5],46,-1,251,-1,228
1,<environment.Job instance at 0x7f8dc6dc78c0>,46,27,[7 3],47,-1,255,-1,228
1,<environment.Job instance at 0x7f8dc6dc77d0>,47,2,[9 4],48,-1,230,-1,228
1,<environment.Job instance at 0x7f8dc6dc73c0>,50,25,[9 5],51,-1,286,-1,261
1,<environment.Job instance at 0x7f8dc6dc7320>,53,17,[ 5 12],54,-1,292,-1,275
1,<environment.Job instance at 0x7f8dc6dc74b0>,54,23,[6 1],55,-1,298,-1,275
1,<environment.Job instance at 0x7f8dc6dc7870>,56,2,[ 4 14],57,-1,277,-1,275
1,<environment.Job instance at 0x7f8dc6dc79b0>,57,23,[10  3],58,-1,298,-1,275
1,<environment.Job instance at 0x7f8dc6dc7500>,58,14,[ 1 11],59,-1,289,-1,275
1,<environment.Job instance at 0x7f8dec593eb0>,1,23,[ 2 12],2,-1,25,-1,2
1,<environment.Job instance at 0x7f8dc6aec730>,2,27,[8 3],3,-1,30,-1,3
1,<environment.Job instance at 0x7f8dc6d868c0>,7,25,[9 4],8,-1,34,-1,9
1,<environment.Job instance at 0x7f8dc6d86e60>,15,26,[4 9],16,-1,55,-1,29
1,<environment.Job instance at 0x7f8dc6d86f00>,16,27,[10  5],17,-1,56,-1,29
1,<environment.Job instance at 0x7f8dc6d7e1e0>,20,3,[1 6],21,-1,63,-1,60
1,<environment.Job instance at 0x7f8dc6d7e280>,21,16,[13  4],22,-1,76,-1,60
1,<environment.Job instance at 0x7f8dc6d7e3c0>,23,16,[ 5 12],24,-1,81,-1,65
1,<environment.Job instance at 0x7f8dc6d7e640>,26,3,[6 1],27,-1,89,-1,86
1,<environment.Job instance at 0x7f8dc6d7e410>,27,12,[ 2 12],28,-1,98,-1,86
1,<environment.Job instance at 0x7f8dc6d7e730>,28,2,[6 2],29,-1,88,-1,86
1,<environment.Job instance at 0x7f8dc6d7edc0>,38,16,[ 2 13],39,-1,164,-1,148
1,<environment.Job instance at 0x7f8dc6d7ee60>,39,16,[ 5 12],40,-1,164,-1,148
1,<environment.Job instance at 0x7f8dc6d7ef00>,40,12,[11  1],41,-1,160,-1,148
1,<environment.Job instance at 0x7f8dc6d88280>,45,2,[7 5],46,-1,189,-1,187
1,<environment.Job instance at 0x7f8dc6d88410>,49,25,[1 7],50,-1,246,-1,221
1,<environment.Job instance at 0x7efd4216bb40>,3,18,[ 4 14],4,-1,22,-1,4
1,<environment.Job instance at 0x7efd4b7571e0>,5,24,[1 5],6,-1,33,-1,9
1,<environment.Job instance at 0x7efd4216be10>,9,18,[ 2 13],10,-1,28,-1,10
1,<environment.Job instance at 0x7efd4216bfa0>,10,18,[ 3 11],11,-1,29,-1,11
1,<environment.Job instance at 0x7efd4216e140>,11,15,[13  4],12,-1,27,-1,12
1,<environment.Job instance at 0x7efd4216e0f0>,12,26,[ 1 12],13,-1,39,-1,13
1,<environment.Job instance at 0x7efd4216e5a0>,17,28,[ 5 10],18,-1,59,-1,31
1,<environment.Job instance at 0x7efd4216e640>,18,18,[ 4 13],19,-1,49,-1,31
1,<environment.Job instance at 0x7efd4216e6e0>,19,14,[ 3 11],20,-1,45,-1,31
1,<environment.Job instance at 0x7efd4216e780>,20,12,[13  5],21,-1,43,-1,31
1,<environment.Job instance at 0x7efd4216e820>,21,1,[6 5],22,-1,32,-1,31
1,<environment.Job instance at 0x7efd4216e8c0>,22,1,[2 7],23,-1,32,-1,31
1,<environment.Job instance at 0x7efd4216e960>,23,27,[ 1 14],24,-1,58,-1,31
1,<environment.Job instance at 0x7efd4216ea00>,24,18,[ 4 10],25,-1,63,-1,45
1,<environment.Job instance at 0x7efd4216eaa0>,25,27,[8 1],26,-1,72,-1,45
1,<environment.Job instance at 0x7efd4216eb40>,26,26,[5 5],27,-1,71,-1,45
1,<environment.Job instance at 0x7efd4216e410>,28,25,[5 7],29,-1,70,-1,45
1,<environment.Job instance at 0x7efd4216ecd0>,29,25,[ 4 11],30,-1,70,-1,45
1,<environment.Job instance at 0x7efd4216ec30>,30,22,[ 5 13],31,-1,67,-1,45
1,<environment.Job instance at 0x7efd4216efa0>,31,27,[4 8],32,-1,72,-1,45
1,<environment.Job instance at 0x7efd4216ef50>,33,12,[11  3],34,-1,63,-1,51
1,<environment.Job instance at 0x7efd42171320>,37,13,[ 3 14],38,-1,91,-1,78
1,<environment.Job instance at 0x7efd421713c0>,38,28,[ 2 12],39,-1,106,-1,78
1,<environment.Job instance at 0x7efd42171460>,39,20,[ 1 10],40,-1,98,-1,78
1,<environment.Job instance at 0x7efd42171500>,40,24,[5 6],41,-1,102,-1,78
1,<environment.Job instance at 0x7efd42171640>,42,27,[5 2],43,-1,108,-1,81
1,<environment.Job instance at 0x7efd421710f0>,45,24,[ 1 13],46,-1,123,-1,99
1,<environment.Job instance at 0x7efd42171910>,47,17,[12  2],48,-1,128,-1,111
1,<environment.Job instance at 0x7efd42171aa0>,50,16,[ 2 11],51,-1,150,-1,134
1,<environment.Job instance at 0x7efd42171c80>,51,16,[12  2],52,-1,150,-1,134
1,<environment.Job instance at 0x7efd42171d70>,53,27,[8 5],54,-1,161,-1,134
1,<environment.Job instance at 0x7efd42171e10>,55,13,[13  1],56,-1,161,-1,148
1,<environment.Job instance at 0x7efd42171eb0>,56,20,[ 3 10],57,-1,168,-1,148
1,<environment.Job instance at 0x7efd421745f0>,65,2,[10  4],66,-1,211,-1,209
1,<environment.Job instance at 0x7efd42174690>,66,13,[ 2 14],67,-1,222,-1,209
1,<environment.Job instance at 0x7efd421747d0>,68,27,[ 1 10],69,-1,245,-1,218
1,<environment.Job instance at 0x7efd4216e4b0>,2,28,[5 1],3,-1,31,-1,3
1,<environment.Job instance at 0x7efd418afe10>,6,14,[ 4 11],7,-1,21,-1,7
1,<environment.Job instance at 0x7efd418af910>,9,12,[10  2],10,-1,29,-1,17
1,<environment.Job instance at 0x7efd418a45f0>,15,18,[ 3 14],16,-1,40,-1,22
1,<environment.Job instance at 0x7efd418ae1e0>,21,14,[ 2 13],22,-1,73,-1,59
1,<environment.Job instance at 0x7efd418ae870>,23,22,[10  2],24,-1,269,-1,247
1,<environment.Job instance at 0x7efd419be960>,37,23,[14  4],38,-1,270,-1,247
1,<environment.Job instance at 0x7efd419910f0>,38,12,[ 3 10],39,-1,259,-1,247
1,<environment.Job instance at 0x7efd41991320>,39,21,[ 1 10],40,-1,270,-1,249
1,<environment.Job instance at 0x7efd41b04500>,41,21,[6 5],42,-1,282,-1,261
1,<environment.Job instance at 0x7efd4197ff00>,42,26,[ 5 12],43,-1,287,-1,261
1,<environment.Job instance at 0x7efd4172af00>,43,2,[6 2],44,-1,263,-1,261
1,<environment.Job instance at 0x7efd41795fa0>,44,15,[12  1],45,-1,276,-1,261
1,<environment.Job instance at 0x7efd41722820>,45,14,[ 2 11],46,-1,275,-1,261
1,<environment.Job instance at 0x7efd419911e0>,47,14,[ 1 12],48,-1,283,-1,269
1,<environment.Job instance at 0x7efd41871870>,4,20,[ 1 14],5,-1,25,-1,5
1,<environment.Job instance at 0x7efd4b8cd050>,3,25,[6 1],4,-1,32,-1,7
1,<environment.Job instance at 0x7efd418717d0>,9,23,[ 1 14],10,-1,33,-1,10
1,<environment.Job instance at 0x7efd41871320>,12,14,[13  4],13,-1,28,-1,14
1,<environment.Job instance at 0x7efd41871a50>,14,22,[12  4],15,-1,45,-1,23
1,<environment.Job instance at 0x7efd41871e60>,15,23,[1 7],16,-1,46,-1,23
1,<environment.Job instance at 0x7efd41871f50>,17,16,[ 2 14],18,-1,47,-1,31
1,<environment.Job instance at 0x7efd418711e0>,20,25,[9 3],21,-1,65,-1,40
1,<environment.Job instance at 0x7efd417da550>,25,3,[10  1],26,-1,81,-1,78
1,<environment.Job instance at 0x7efd417daa00>,26,3,[ 2 12],27,-1,81,-1,78
1,<environment.Job instance at 0x7efd417daaf0>,28,15,[11  2],29,-1,107,-1,92
1,<environment.Job instance at 0x7efd417dacd0>,30,2,[9 5],31,-1,94,-1,92
1,<environment.Job instance at 0x7efd417da730>,36,24,[11  5],37,-1,171,-1,147
1,<environment.Job instance at 0x7efd417da7d0>,37,21,[ 3 10],38,-1,196,-1,175
1,<environment.Job instance at 0x7efd417da320>,40,26,[10  5],41,-1,203,-1,177
1,<environment.Job instance at 0x7efd417da370>,43,2,[13  3],44,-1,192,-1,190
1,<environment.Job instance at 0x7efd417da4b0>,44,21,[ 4 12],45,-1,211,-1,190
1,<environment.Job instance at 0x7efd4170eaf0>,47,27,[2 9],48,-1,229,-1,202
1,<environment.Job instance at 0x7efd4170e410>,52,28,[2 8],53,-1,283,-1,255
1,<environment.Job instance at 0x7efd4170e640>,54,3,[10  2],55,-1,258,-1,255
1,<environment.Job instance at 0x7efd4170eb90>,56,3,[ 5 10],57,-1,258,-1,255
1,<environment.Job instance at 0x7efd4170e050>,59,21,[6 1],60,-1,318,-1,297
1,<environment.Job instance at 0x7efd4170ec80>,62,24,[7 5],63,-1,322,-1,298
1,<environment.Job instance at 0x7efd4170e140>,64,28,[2 7],65,-1,332,-1,304
1,<environment.Job instance at 0x7efd4b8a4280>,65,28,[9 2],66,-1,332,-1,304
1,<environment.Job instance at 0x7efd4b8a4e10>,66,22,[6 1],67,-1,329,-1,307
1,<environment.Job instance at 0x7efd4257aeb0>,3,2,[5 9],4,-1,6,-1,4
1,<environment.Job instance at 0x7efd4257a910>,5,16,[11  1],6,-1,22,-1,6
1,<environment.Job instance at 0x7efd4257a4b0>,9,14,[ 1 10],10,-1,32,-1,18
1,<environment.Job instance at 0x7efd4257a3c0>,11,18,[12  4],12,-1,36,-1,18
1,<environment.Job instance at 0x7efd4257a0f0>,13,26,[11  5],14,-1,45,-1,19
1,<environment.Job instance at 0x7efd425ae050>,17,15,[13  5],18,-1,64,-1,49
1,<environment.Job instance at 0x7efd425aec30>,20,27,[14  3],21,-1,89,-1,62
1,<environment.Job instance at 0x7efd425ae870>,22,26,[ 4 10],23,-1,92,-1,66
1,<environment.Job instance at 0x7efd425ae780>,23,26,[8 3],24,-1,92,-1,66
1,<environment.Job instance at 0x7efd425ae9b0>,24,16,[12  1],25,-1,82,-1,66
1,<environment.Job instance at 0x7efd425aea50>,25,19,[ 2 13],26,-1,85,-1,66
1,<environment.Job instance at 0x7efd425aef00>,26,22,[11  1],27,-1,88,-1,66
1,<environment.Job instance at 0x7efd425ae0a0>,27,22,[ 1 13],28,-1,88,-1,66
1,<environment.Job instance at 0x7efd425aedc0>,28,2,[2 8],29,-1,68,-1,66
1,<environment.Job instance at 0x7efd425ae7d0>,30,23,[7 3],31,-1,101,-1,78
1,<environment.Job instance at 0x7efd425aeaa0>,31,3,[10  5],32,-1,81,-1,78
1,<environment.Job instance at 0x7efd425ae2d0>,33,24,[14  3],34,-1,110,-1,86
1,<environment.Job instance at 0x7efd425ae550>,35,21,[12  3],36,-1,121,-1,100
1,<environment.Job instance at 0x7efd41c597d0>,37,28,[4 5],38,-1,130,-1,102
1,<environment.Job instance at 0x7efd41c59aa0>,39,22,[14  1],40,-1,140,-1,118
1,<environment.Job instance at 0x7efd41c592d0>,40,3,[11  3],41,-1,121,-1,118
1,<environment.Job instance at 0x7efd41c59d20>,41,27,[ 4 13],42,-1,145,-1,118
1,<environment.Job instance at 0x7efd41c59960>,42,26,[8 4],43,-1,144,-1,118
1,<environment.Job instance at 0x7efd41c590a0>,45,16,[14  1],46,-1,144,-1,128
1,<environment.Job instance at 0x7efd41c59320>,46,3,[9 1],47,-1,131,-1,128
1,<environment.Job instance at 0x7efd426f64b0>,49,1,[5 4],50,-1,137,-1,136
1,<environment.Job instance at 0x7efd41c595f0>,50,25,[ 3 10],51,-1,161,-1,136
1,<environment.Job instance at 0x7efd426f6460>,51,1,[ 2 10],52,-1,137,-1,136
1,<environment.Job instance at 0x7efd426f6320>,52,27,[3 9],53,-1,163,-1,136
1,<environment.Job instance at 0x7efd426f6050>,54,12,[13  2],55,-1,153,-1,141
1,<environment.Job instance at 0x7efd426f6280>,55,24,[1 5],56,-1,165,-1,141
1,<environment.Job instance at 0x7efd426f6500>,56,23,[3 6],57,-1,164,-1,141
1,<environment.Job instance at 0x7efd425d0d70>,59,26,[9 4],60,-1,188,-1,162
1,<environment.Job instance at 0x7efd425d01e0>,61,17,[12  5],62,-1,179,-1,162
1,<environment.Job instance at 0x7efd425d0b90>,62,12,[13  5],63,-1,174,-1,162
1,<environment.Job instance at 0x7efd425d05f0>,63,17,[ 2 10],64,-1,185,-1,168
1,<environment.Job instance at 0x7efd425d0fa0>,64,25,[1 5],65,-1,193,-1,168
1,<environment.Job instance at 0x7efd425d0a50>,67,15,[ 2 14],68,-1,194,-1,179
1,<environment.Job instance at 0x7efd42c7b4b0>,27,26,[ 1 13],28,-1,184,-1,158
1,<environment.Job instance at 0x7efd41aefd70>,2,28,[1 7],3,-1,31,-1,3
1,<environment.Job instance at 0x7efd41aef5f0>,9,12,[ 5 10],10,-1,26,-1,14
1,<environment.Job instance at 0x7efd41aef960>,15,25,[ 5 10],16,-1,98,-1,73
1,<environment.Job instance at 0x7efd41aefeb0>,18,20,[14  4],19,-1,97,-1,77
1,<environment.Job instance at 0x7efd41aeffa0>,20,27,[ 4 10],21,-1,113,-1,86
1,<environment.Job instance at 0x7efd41ad7f00>,21,25,[12  4],22,-1,111,-1,86
1,<environment.Job instance at 0x7efd41ad7640>,22,2,[5 7],23,-1,88,-1,86
1,<environment.Job instance at 0x7efd41ad70a0>,23,27,[3 8],24,-1,113,-1,86
1,<environment.Job instance at 0x7efd41ad7a50>,24,13,[11  5],25,-1,99,-1,86
1,<environment.Job instance at 0x7efd41ad75a0>,25,24,[8 4],26,-1,110,-1,86
1,<environment.Job instance at 0x7efd41ad7050>,27,2,[6 3],28,-1,92,-1,90
1,<environment.Job instance at 0x7efd41ad7500>,28,3,[13  2],29,-1,93,-1,90
1,<environment.Job instance at 0x7efd41ad7550>,31,17,[12  4],32,-1,125,-1,108
1,<environment.Job instance at 0x7efd41ad7780>,33,1,[7 4],34,-1,118,-1,117
1,<environment.Job instance at 0x7efd41ad72d0>,35,14,[12  3],36,-1,138,-1,124
1,<environment.Job instance at 0x7efd41ad7af0>,36,12,[ 5 14],37,-1,136,-1,124
1,<environment.Job instance at 0x7efd41bd6050>,40,26,[9 4],41,-1,182,-1,156
1,<environment.Job instance at 0x7efd41bd6960>,44,22,[ 1 12],45,-1,194,-1,172
1,<environment.Job instance at 0x7efd41bd6c80>,46,26,[ 3 12],47,-1,216,-1,190
1,<environment.Job instance at 0x7efd41bd6370>,47,12,[ 2 14],48,-1,202,-1,190
1,<environment.Job instance at 0x7efd41bd6460>,49,13,[ 1 10],50,-1,203,-1,190
1,<environment.Job instance at 0x7efd41bd6d70>,51,17,[ 1 14],52,-1,222,-1,205
1,<environment.Job instance at 0x7efd41bd6730>,54,2,[ 1 13],55,-1,222,-1,220
1,<environment.Job instance at 0x7efd41bd6f50>,55,1,[13  1],56,-1,221,-1,220
1,<environment.Job instance at 0x7efd41bd66e0>,57,24,[1 8],58,-1,249,-1,225
1,<environment.Job instance at 0x7efd41be1b90>,60,26,[ 1 11],61,-1,267,-1,241
1,<environment.Job instance at 0x7efd41be1730>,61,16,[14  5],62,-1,257,-1,241
1,<environment.Job instance at 0x7efd41be14b0>,65,28,[10  3],66,-1,286,-1,258
1,<environment.Job instance at 0x7efd41f929b0>,6,24,[14  2],7,-1,31,-1,7
1,<environment.Job instance at 0x7efd41f86460>,9,23,[ 4 11],10,-1,33,-1,10
1,<environment.Job instance at 0x7efd41f86c30>,11,23,[ 3 13],12,-1,35,-1,12
1,<environment.Job instance at 0x7efd41f86af0>,12,3,[8 4],13,-1,17,-1,14
1,<environment.Job instance at 0x7efd41f98230>,14,24,[ 3 10],15,-1,39,-1,15
1,<environment.Job instance at 0x7efd41f8c190>,19,14,[ 1 14],20,-1,44,-1,30
1,<environment.Job instance at 0x7efd41f8c910>,20,25,[5 8],21,-1,55,-1,30
1,<environment.Job instance at 0x7efd41f8c5a0>,21,27,[7 4],22,-1,57,-1,30
1,<environment.Job instance at 0x7efd41f8c370>,22,3,[2 7],23,-1,33,-1,30
1,<environment.Job instance at 0x7efd427a88c0>,31,18,[ 4 13],32,-1,107,-1,89
1,<environment.Job instance at 0x7efd427a8c30>,32,23,[11  2],33,-1,112,-1,89
1,<environment.Job instance at 0x7efd41a9bc30>,33,12,[11  5],34,-1,101,-1,89
1,<environment.Job instance at 0x7efd429021e0>,35,19,[14  4],36,-1,111,-1,92
1,<environment.Job instance at 0x7efd41aaa6e0>,37,14,[ 5 11],38,-1,120,-1,106
1,<environment.Job instance at 0x7efd42ac6b90>,2,24,[7 5],3,-1,27,-1,3
1,<environment.Job instance at 0x7efd42ac6f00>,3,20,[14  5],4,-1,24,-1,4
1,<environment.Job instance at 0x7efd42ac6640>,5,18,[14  1],6,-1,24,-1,6
1,<environment.Job instance at 0x7efd42ac6730>,6,27,[5 5],7,-1,34,-1,7
1,<environment.Job instance at 0x7efd42ac6a50>,9,13,[14  1],10,-1,23,-1,10
1,<environment.Job instance at 0x7efd42ac65a0>,11,17,[14  5],12,-1,29,-1,12
1,<environment.Job instance at 0x7efd424dc9b0>,16,17,[ 4 13],17,-1,34,-1,17
1,<environment.Job instance at 0x7efd424dcf00>,18,26,[8 1],19,-1,55,-1,29
1,<environment.Job instance at 0x7efd424dcc30>,22,17,[11  1],23,-1,65,-1,48
1,<environment.Job instance at 0x7efd424dc410>,23,15,[ 4 11],24,-1,63,-1,48
1,<environment.Job instance at 0x7efd424dcb40>,24,28,[6 1],25,-1,76,-1,48
1,<environment.Job instance at 0x7efd424dc690>,28,3,[ 1 13],29,-1,86,-1,83
1,<environment.Job instance at 0x7efd41ff8af0>,37,15,[13  1],38,-1,171,-1,156
1,<environment.Job instance at 0x7efd41ff8640>,38,14,[12  4],39,-1,170,-1,156
1,<environment.Job instance at 0x7efd41ff8e10>,41,25,[ 3 14],42,-1,197,-1,172
1,<environment.Job instance at 0x7efd41ff8780>,42,14,[14  3],43,-1,186,-1,172
1,<environment.Job instance at 0x7efd41ff8820>,44,14,[ 5 14],45,-1,194,-1,180
1,<environment.Job instance at 0x7efd41da4eb0>,49,24,[6 5],50,-1,243,-1,219
1,<environment.Job instance at 0x7efd41da4320>,51,13,[ 4 10],52,-1,233,-1,220
1,<environment.Job instance at 0x7efd41da40f0>,52,1,[ 4 14],53,-1,221,-1,220
1,<environment.Job instance at 0x7efd41da4050>,53,25,[12  3],54,-1,245,-1,220
1,<environment.Job instance at 0x7efd41da4550>,58,2,[ 5 14],59,-1,260,-1,258
1,<environment.Job instance at 0x7efd41da4f50>,60,1,[ 5 14],61,-1,266,-1,265
1,<environment.Job instance at 0x7efd41da4640>,62,26,[ 4 10],63,-1,296,-1,270
1,<environment.Job instance at 0x7efd41da4820>,63,2,[ 4 11],64,-1,272,-1,270
1,<environment.Job instance at 0x7efd41da4dc0>,64,14,[ 5 12],65,-1,284,-1,270
1,<environment.Job instance at 0x7efd41da44b0>,65,24,[ 5 11],66,-1,294,-1,270
1,<environment.Job instance at 0x7efd41da48c0>,66,25,[7 3],67,-1,295,-1,270
1,<environment.Job instance at 0x7efd41da4960>,67,18,[11  5],68,-1,308,-1,290
1,<environment.Job instance at 0x7efd415df8c0>,2,17,[ 2 13],3,-1,20,-1,3
1,<environment.Job instance at 0x7efd415dfc30>,3,27,[12  4],4,-1,31,-1,4
1,<environment.Job instance at 0x7efd415dfc80>,7,12,[ 5 12],8,-1,20,-1,8
1,<environment.Job instance at 0x7efd415df370>,8,14,[14  1],9,-1,23,-1,9
1,<environment.Job instance at 0x7efd415dfdc0>,11,18,[11  5],12,-1,67,-1,49
1,<environment.Job instance at 0x7efd415df410>,19,12,[8 1],20,-1,70,-1,58
1,<environment.Job instance at 0x7efd415dfe10>,20,28,[2 8],21,-1,86,-1,58
1,<environment.Job instance at 0x7efd415df190>,22,27,[9 3],23,-1,93,-1,66
1,<environment.Job instance at 0x7efd4159d550>,24,2,[4 7],25,-1,72,-1,70
1,<environment.Job instance at 0x7efd4159df00>,25,28,[ 1 13],26,-1,98,-1,70
1,<environment.Job instance at 0x7efd4159d820>,26,12,[ 4 10],27,-1,82,-1,70
1,<environment.Job instance at 0x7efd4159de60>,28,2,[ 4 11],29,-1,86,-1,84
1,<environment.Job instance at 0x7efd4159da50>,29,26,[9 4],30,-1,110,-1,84
1,<environment.Job instance at 0x7efd4159d8c0>,30,28,[2 7],31,-1,112,-1,84
1,<environment.Job instance at 0x7efd4159db90>,32,22,[ 5 14],33,-1,106,-1,84
1,<environment.Job instance at 0x7efd4159d190>,33,20,[14  1],34,-1,104,-1,84
1,<environment.Job instance at 0x7efd41597550>,44,26,[1 5],45,-1,192,-1,166
1,<environment.Job instance at 0x7efd41597190>,45,22,[11  4],46,-1,188,-1,166
1,<environment.Job instance at 0x7efd415971e0>,46,21,[11  3],47,-1,187,-1,166
1,<environment.Job instance at 0x7efd41597230>,47,23,[ 4 10],48,-1,189,-1,166
1,<environment.Job instance at 0x7efd41597690>,48,19,[14  3],49,-1,185,-1,166
1,<environment.Job instance at 0x7efd41597460>,49,1,[3 7],50,-1,167,-1,166
1,<environment.Job instance at 0x7efd415975f0>,50,15,[11  4],51,-1,181,-1,166
1,<environment.Job instance at 0x7efd41597370>,51,17,[11  1],52,-1,183,-1,166
1,<environment.Job instance at 0x7efd41597aa0>,52,2,[ 1 14],53,-1,168,-1,166
1,<environment.Job instance at 0x7efd415974b0>,53,12,[13  2],54,-1,178,-1,166
1,<environment.Job instance at 0x7efd415979b0>,55,15,[ 2 11],56,-1,181,-1,166
1,<environment.Job instance at 0x7efd41597d20>,56,23,[7 4],57,-1,191,-1,168
1,<environment.Job instance at 0x7efd41597910>,64,28,[10  3],65,-1,248,-1,220
1,<environment.Job instance at 0x7efd41597280>,65,25,[12  3],66,-1,245,-1,220
1,<environment.Job instance at 0x7efd4260a460>,11,27,[5 1],12,-1,65,-1,38
1,<environment.Job instance at 0x7efd4260acd0>,13,17,[14  5],14,-1,66,-1,49
1,<environment.Job instance at 0x7efd4260a410>,16,25,[8 3],17,-1,75,-1,50
1,<environment.Job instance at 0x7efd4260a280>,17,13,[13  1],18,-1,63,-1,50
1,<environment.Job instance at 0x7efd42476230>,27,26,[9 3],28,-1,205,-1,179
1,<environment.Job instance at 0x7efd42476960>,28,26,[ 1 12],29,-1,205,-1,179
1,<environment.Job instance at 0x7efd42476a00>,29,28,[3 6],30,-1,207,-1,179
1,<environment.Job instance at 0x7efd42476c80>,30,2,[1 6],31,-1,181,-1,179
1,<environment.Job instance at 0x7efd42476f00>,31,12,[11  1],32,-1,191,-1,179
1,<environment.Job instance at 0x7efd42476b40>,39,19,[13  1],40,-1,281,-1,262
1,<environment.Job instance at 0x7efd4b800140>,52,25,[4 6],53,-1,378,-1,353
1,<environment.Job instance at 0x7efd4b800280>,54,24,[7 5],55,-1,377,-1,353
1,<environment.Job instance at 0x7efd4b800870>,56,21,[14  1],57,-1,386,-1,365
1,<environment.Job instance at 0x7efd4b800b40>,58,16,[12  4],59,-1,386,-1,370
1,<environment.Job instance at 0x7efd4b800eb0>,59,24,[4 9],60,-1,394,-1,370
1,<environment.Job instance at 0x7efd41d97320>,64,12,[ 1 14],65,-1,414,-1,402
1,<environment.Job instance at 0x7efd41d978c0>,65,14,[13  4],66,-1,416,-1,402
1,<environment.Job instance at 0x7efd42c92c30>,2,25,[13  4],3,-1,28,-1,3
1,<environment.Job instance at 0x7efd41989280>,4,1,[10  5],5,-1,7,-1,6
1,<environment.Job instance at 0x7efd41989640>,7,21,[ 2 13],8,-1,29,-1,8
1,<environment.Job instance at 0x7efd41989aa0>,8,16,[ 3 14],9,-1,25,-1,9
1,<environment.Job instance at 0x7efd42711870>,9,16,[ 1 11],10,-1,26,-1,10
1,<environment.Job instance at 0x7efd42711c80>,11,24,[ 2 13],12,-1,36,-1,12
1,<environment.Job instance at 0x7efd42711f00>,12,18,[13  3],13,-1,31,-1,13
1,<environment.Job instance at 0x7efd427114b0>,13,15,[ 1 10],14,-1,29,-1,14
1,<environment.Job instance at 0x7efd41989960>,16,1,[ 2 10],17,-1,18,-1,17
1,<environment.Job instance at 0x7efd425b6550>,17,26,[8 4],18,-1,44,-1,18
1,<environment.Job instance at 0x7efd425b6050>,18,16,[ 3 13],19,-1,35,-1,19
1,<environment.Job instance at 0x7efd42c66280>,22,28,[2 6],23,-1,52,-1,24
1,<environment.Job instance at 0x7efd42c66870>,23,18,[9 1],24,-1,42,-1,24
1,<environment.Job instance at 0x7efd42c66730>,24,28,[ 1 11],25,-1,53,-1,25
1,<environment.Job instance at 0x7efd42c66460>,26,23,[11  3],27,-1,60,-1,37
1,<environment.Job instance at 0x7efd42c665f0>,27,14,[13  5],28,-1,51,-1,37
1,<environment.Job instance at 0x7efd42c66640>,28,16,[ 5 10],29,-1,53,-1,37
1,<environment.Job instance at 0x7efd42c66190>,29,1,[6 1],30,-1,38,-1,37
1,<environment.Job instance at 0x7efd42c661e0>,30,15,[5 2],31,-1,52,-1,37
1,<environment.Job instance at 0x7efd42c66aa0>,31,13,[12  5],32,-1,50,-1,37
1,<environment.Job instance at 0x7efd42c664b0>,32,14,[7 1],33,-1,51,-1,37
1,<environment.Job instance at 0x7efd42c66b40>,33,16,[11  4],34,-1,53,-1,37
1,<environment.Job instance at 0x7efd42c66e10>,35,27,[6 1],36,-1,66,-1,39
1,<environment.Job instance at 0x7efd42c66550>,36,22,[5 5],37,-1,61,-1,39
1,<environment.Job instance at 0x7efd42cc5dc0>,37,14,[2 6],38,-1,54,-1,40
1,<environment.Job instance at 0x7efd42cc5960>,39,26,[2 7],40,-1,80,-1,54
1,<environment.Job instance at 0x7efd42cc50a0>,40,23,[10  3],41,-1,77,-1,54
1,<environment.Job instance at 0x7efd42cc5410>,41,16,[14  1],42,-1,70,-1,54
1,<environment.Job instance at 0x7efd42cc5500>,42,1,[13  2],43,-1,55,-1,54
1,<environment.Job instance at 0x7efd42cc5780>,43,3,[4 5],44,-1,57,-1,54
1,<environment.Job instance at 0x7efd42cc5f00>,44,21,[8 1],45,-1,75,-1,54
1,<environment.Job instance at 0x7efd42cc58c0>,45,18,[11  1],46,-1,72,-1,54
1,<environment.Job instance at 0x7efd42295b40>,49,18,[7 1],50,-1,99,-1,81
1,<environment.Job instance at 0x7efd42295a50>,50,22,[ 1 12],51,-1,103,-1,81
1,<environment.Job instance at 0x7efd422957d0>,52,18,[ 4 11],53,-1,109,-1,91
1,<environment.Job instance at 0x7efd42295c80>,53,25,[5 6],54,-1,116,-1,91
1,<environment.Job instance at 0x7efd422954b0>,54,26,[ 3 12],55,-1,117,-1,91
1,<environment.Job instance at 0x7efd422950a0>,55,13,[ 4 13],56,-1,104,-1,91
1,<environment.Job instance at 0x7efd42295f50>,56,2,[10  5],57,-1,93,-1,91
1,<environment.Job instance at 0x7efd42295820>,57,27,[5 7],58,-1,118,-1,91
1,<environment.Job instance at 0x7efd42295a00>,58,20,[ 4 14],59,-1,111,-1,91
1,<environment.Job instance at 0x7efd42295910>,59,14,[1 7],60,-1,105,-1,91
1,<environment.Job instance at 0x7efd42295af0>,61,23,[11  4],62,-1,131,-1,108
1,<environment.Job instance at 0x7efd42295320>,63,23,[2 7],64,-1,131,-1,108
1,<environment.Job instance at 0x7efd42295640>,64,15,[12  4],65,-1,123,-1,108
1,<environment.Job instance at 0x7efd42295460>,65,2,[ 1 12],66,-1,110,-1,108
1,<environment.Job instance at 0x7efd42295500>,66,13,[1 5],67,-1,121,-1,108
1,<environment.Job instance at 0x7efd4279e690>,67,15,[ 5 10],68,-1,134,-1,119
1,<environment.Job instance at 0x7efd4279e820>,68,28,[6 4],69,-1,147,-1,119
1,<environment.Job instance at 0x7efd426e4a50>,6,27,[10  1],7,-1,34,-1,7
1,<environment.Job instance at 0x7efd42365e60>,7,12,[6 3],8,-1,27,-1,15
1,<environment.Job instance at 0x7efd42365780>,11,19,[4 8],12,-1,38,-1,19
1,<environment.Job instance at 0x7efd42365230>,12,16,[ 4 10],13,-1,35,-1,19
1,<environment.Job instance at 0x7efd42365b40>,14,2,[ 2 14],15,-1,24,-1,22
1,<environment.Job instance at 0x7efd42365eb0>,15,14,[11  2],16,-1,36,-1,22
1,<environment.Job instance at 0x7efd42365460>,16,1,[4 6],17,-1,23,-1,22
1,<environment.Job instance at 0x7efd41575910>,18,14,[14  5],19,-1,40,-1,26
1,<environment.Job instance at 0x7efd415759b0>,19,1,[ 3 12],20,-1,27,-1,26
1,<environment.Job instance at 0x7efd41575c30>,21,2,[5 6],22,-1,40,-1,38
1,<environment.Job instance at 0x7efd415754b0>,22,13,[ 2 13],23,-1,51,-1,38
1,<environment.Job instance at 0x7efd415750a0>,23,23,[5 1],24,-1,61,-1,38
1,<environment.Job instance at 0x7efd41575a50>,24,14,[ 3 13],25,-1,52,-1,38
1,<environment.Job instance at 0x7efd415752d0>,26,26,[ 1 12],27,-1,65,-1,39
1,<environment.Job instance at 0x7efd415758c0>,31,3,[2 7],32,-1,77,-1,74
1,<environment.Job instance at 0x7efd4249f140>,32,1,[10  4],33,-1,75,-1,74
1,<environment.Job instance at 0x7efd4249ffa0>,36,18,[14  2],37,-1,111,-1,93
1,<environment.Job instance at 0x7efd4249f3c0>,37,27,[5 7],38,-1,120,-1,93
1,<environment.Job instance at 0x7efd4249f4b0>,39,21,[12  3],40,-1,125,-1,104
1,<environment.Job instance at 0x7efd4249f8c0>,40,12,[ 5 12],41,-1,116,-1,104
1,<environment.Job instance at 0x7efd4249f2d0>,42,16,[ 2 13],43,-1,120,-1,104
1,<environment.Job instance at 0x7efd42289690>,45,13,[14  1],46,-1,130,-1,117
1,<environment.Job instance at 0x7efd42289410>,46,14,[ 5 13],47,-1,131,-1,117
1,<environment.Job instance at 0x7efd42289eb0>,47,20,[ 2 13],48,-1,137,-1,117
1,<environment.Job instance at 0x7efd42289b40>,48,27,[4 9],49,-1,144,-1,117
1,<environment.Job instance at 0x7efd423ef6e0>,49,3,[ 2 13],50,-1,120,-1,117
1,<environment.Job instance at 0x7efd423ef730>,50,13,[ 4 12],51,-1,130,-1,117
1,<environment.Job instance at 0x7efd423ef5f0>,52,25,[2 7],53,-1,157,-1,132
1,<environment.Job instance at 0x7efd423ef050>,54,12,[11  5],55,-1,146,-1,134
1,<environment.Job instance at 0x7efd423efa00>,57,21,[12  5],58,-1,176,-1,155
1,<environment.Job instance at 0x7efd423efd20>,59,20,[11  5],60,-1,186,-1,166
1,<environment.Job instance at 0x7efd423ef780>,62,28,[5 7],63,-1,213,-1,185
1,<environment.Job instance at 0x7efd423ef460>,63,12,[ 4 11],64,-1,197,-1,185
1,<environment.Job instance at 0x7efd423ef8c0>,64,25,[13  4],65,-1,210,-1,185
1,<environment.Job instance at 0x7efd423ef960>,65,21,[ 1 12],66,-1,206,-1,185
1,<environment.Job instance at 0x7efd423efc30>,66,22,[ 4 10],67,-1,207,-1,185
1,<environment.Job instance at 0x7efd4b8c2820>,67,22,[13  5],68,-1,207,-1,185
1,<environment.Job instance at 0x7efd4b8c2a00>,68,28,[13  2],69,-1,213,-1,185
1,<environment.Job instance at 0x7efd423658c0>,10,28,[13  5],11,-1,2038,-1,2010
1,<environment.Job instance at 0x7efd41575460>,30,24,[11  5],31,-1,2067,-1,2043
1,<environment.Job instance at 0x7efd4179c320>,2,26,[5 8],3,-1,29,-1,3
1,<environment.Job instance at 0x7efd4179cdc0>,7,13,[ 1 14],8,-1,21,-1,8
1,<environment.Job instance at 0x7efd4179caa0>,13,3,[8 2],14,-1,19,-1,16
1,<environment.Job instance at 0x7efd4179c870>,15,2,[5 4],16,-1,18,-1,16
1,<environment.Job instance at 0x7efd41797410>,17,14,[8 1],18,-1,41,-1,27
1,<environment.Job instance at 0x7efd417975a0>,18,16,[ 4 10],19,-1,43,-1,27
1,<environment.Job instance at 0x7efd417971e0>,19,18,[ 5 14],20,-1,45,-1,27
1,<environment.Job instance at 0x7efd41797960>,20,17,[ 3 13],21,-1,44,-1,27
1,<environment.Job instance at 0x7efd41797730>,21,23,[13  3],22,-1,50,-1,27
1,<environment.Job instance at 0x7efd417972d0>,22,18,[ 2 12],23,-1,45,-1,27
1,<environment.Job instance at 0x7efd41797910>,23,13,[11  1],24,-1,40,-1,27
1,<environment.Job instance at 0x7efd41797a00>,24,21,[6 5],25,-1,184,-1,163
1,<environment.Job instance at 0x7efd417ab190>,38,17,[2 7],39,-1,181,-1,164
1,<environment.Job instance at 0x7efd417ab960>,40,28,[5 2],41,-1,192,-1,164
1,<environment.Job instance at 0x7efd417abf50>,41,2,[5 9],42,-1,166,-1,164
1,<environment.Job instance at 0x7efd417b64b0>,42,24,[8 1],43,-1,188,-1,164
1,<environment.Job instance at 0x7efd417b6be0>,44,26,[5 7],45,-1,190,-1,164
1,<environment.Job instance at 0x7efd417b6320>,45,15,[6 1],46,-1,179,-1,164
1,<environment.Job instance at 0x7efd417b6190>,47,27,[9 4],48,-1,209,-1,182
1,<environment.Job instance at 0x7efd417b6140>,49,26,[7 3],50,-1,210,-1,184
1,<environment.Job instance at 0x7efd417b6280>,50,17,[ 5 12],51,-1,201,-1,184
1,<environment.Job instance at 0x7efd417b6dc0>,51,18,[10  1],52,-1,202,-1,184
1,<environment.Job instance at 0x7efd417b6f50>,53,2,[14  5],54,-1,201,-1,199
1,<environment.Job instance at 0x7efd417b6d70>,54,2,[13  2],55,-1,201,-1,199
1,<environment.Job instance at 0x7efd417b60f0>,55,14,[ 1 10],56,-1,213,-1,199
1,<environment.Job instance at 0x7efd417b3e10>,57,20,[10  2],58,-1,220,-1,200
1,<environment.Job instance at 0x7efd417b3500>,58,16,[8 1],59,-1,216,-1,200
1,<environment.Job instance at 0x7efd417b34b0>,60,17,[ 1 13],61,-1,235,-1,218
1,<environment.Job instance at 0x7efd417b3050>,61,25,[4 9],62,-1,243,-1,218
1,<environment.Job instance at 0x7efd417b3370>,63,14,[13  3],64,-1,232,-1,218
1,<environment.Job instance at 0x7efd417b3b90>,65,12,[6 1],66,-1,240,-1,228
1,<environment.Job instance at 0x7efd417b3fa0>,67,2,[6 3],68,-1,243,-1,241
1,<environment.Job instance at 0x7efd41797820>,26,26,[7 4],27,-1,274,-1,248
1,<environment.Job instance at 0x7efd417ab140>,39,28,[14  4],40,-1,276,-1,248
1,<environment.Job instance at 0x7efd423a63c0>,10,17,[ 2 14],11,-1,35,-1,18
1,<environment.Job instance at 0x7efd423a6af0>,12,12,[13  4],13,-1,41,-1,29
1,<environment.Job instance at 0x7efd41ae2a00>,15,17,[14  2],16,-1,58,-1,41
1,<environment.Job instance at 0x7efd41ae2fa0>,16,17,[ 1 12],17,-1,58,-1,41
1,<environment.Job instance at 0x7efd4224ca00>,19,27,[11  4],20,-1,76,-1,49
1,<environment.Job instance at 0x7efd4224c7d0>,20,15,[ 2 13],21,-1,64,-1,49
1,<environment.Job instance at 0x7efd4224c0a0>,23,16,[11  3],24,-1,70,-1,54
1,<environment.Job instance at 0x7efd4224cf50>,24,25,[6 2],25,-1,79,-1,54
1,<environment.Job instance at 0x7efd4224c550>,25,17,[13  1],26,-1,71,-1,54
1,<environment.Job instance at 0x7efd4224c280>,26,23,[8 2],27,-1,77,-1,54
1,<environment.Job instance at 0x7efd4224c5f0>,27,26,[ 2 11],28,-1,80,-1,54
1,<environment.Job instance at 0x7efd4224c050>,28,1,[6 4],29,-1,55,-1,54
1,<environment.Job instance at 0x7efd4224c5a0>,29,16,[11  4],30,-1,73,-1,57
1,<environment.Job instance at 0x7efd4224c320>,30,26,[2 7],31,-1,83,-1,57
1,<environment.Job instance at 0x7efd4224c3c0>,33,24,[13  5],34,-1,90,-1,66
1,<environment.Job instance at 0x7efd42a50eb0>,35,12,[14  3],36,-1,86,-1,74
1,<environment.Job instance at 0x7efd42a50a50>,38,27,[6 5],39,-1,119,-1,92
1,<environment.Job instance at 0x7efd42a50c30>,40,13,[11  1],41,-1,115,-1,102
1,<environment.Job instance at 0x7efd42a50410>,45,1,[6 3],46,-1,145,-1,144
1,<environment.Job instance at 0x7efd42a50fa0>,50,24,[4 5],51,-1,214,-1,190
1,<environment.Job instance at 0x7efd41fbe190>,52,12,[13  3],53,-1,202,-1,190
1,<environment.Job instance at 0x7efd41fbe730>,53,25,[ 5 10],54,-1,215,-1,190
1,<environment.Job instance at 0x7efd41fbe2d0>,55,14,[11  2],56,-1,204,-1,190
1,<environment.Job instance at 0x7efd41fbef00>,56,15,[ 3 14],57,-1,205,-1,190
1,<environment.Job instance at 0x7efd41fbec30>,58,27,[7 4],59,-1,217,-1,190
1,<environment.Job instance at 0x7efd41fbe280>,63,13,[ 1 12],64,-1,218,-1,205
1,<environment.Job instance at 0x7efd41fbe5a0>,66,14,[ 4 12],67,-1,237,-1,223
1,<environment.Job instance at 0x7efd41fbe140>,68,25,[ 1 14],69,-1,249,-1,224
1,<environment.Job instance at 0x7efd42afc410>,1,23,[ 4 13],2,-1,25,-1,2
1,<environment.Job instance at 0x7efd423a6fa0>,2,19,[11  1],3,-1,22,-1,3
1,<environment.Job instance at 0x7efd4153df50>,6,13,[ 3 13],7,-1,20,-1,7
1,<environment.Job instance at 0x7efd4153d0f0>,9,16,[14  5],10,-1,26,-1,10
1,<environment.Job instance at 0x7efd415614b0>,14,3,[ 3 10],15,-1,23,-1,20
1,<environment.Job instance at 0x7efd41561780>,18,23,[5 5],19,-1,60,-1,37
1,<environment.Job instance at 0x7efd41561a50>,19,2,[6 2],20,-1,39,-1,37
1,<environment.Job instance at 0x7efd41561500>,20,14,[11  3],21,-1,53,-1,39
1,<environment.Job instance at 0x7efd41561730>,21,2,[2 7],22,-1,44,-1,42
1,<environment.Job instance at 0x7efd42b6ba00>,22,12,[11  2],23,-1,54,-1,42
1,<environment.Job instance at 0x7efd42b6bd20>,23,3,[9 1],24,-1,45,-1,42
1,<environment.Job instance at 0x7efd42217d20>,32,23,[ 3 10],33,-1,124,-1,101
1,<environment.Job instance at 0x7efd4221ff00>,36,14,[13  2],37,-1,149,-1,135
1,<environment.Job instance at 0x7efd4b304e60>,38,24,[ 1 14],39,-1,171,-1,147
1,<environment.Job instance at 0x7efd4143f190>,47,25,[7 3],48,-1,240,-1,215
1,<environment.Job instance at 0x7efd42ae8140>,67,26,[3 7],68,-1,342,-1,316
1,<environment.Job instance at 0x7efd42ae8a50>,68,26,[4 6],69,-1,342,-1,316
1,<environment.Job instance at 0x7efd41d1af00>,6,18,[ 4 10],7,-1,31,-1,13
1,<environment.Job instance at 0x7efd4290d8c0>,10,22,[ 5 12],11,-1,35,-1,13
1,<environment.Job instance at 0x7efd4290d820>,12,25,[9 5],13,-1,45,-1,20
1,<environment.Job instance at 0x7efd4290d730>,13,22,[3 8],14,-1,42,-1,20
1,<environment.Job instance at 0x7efd4290d4b0>,15,12,[9 1],16,-1,32,-1,20
1,<environment.Job instance at 0x7efd4290d550>,16,22,[ 1 13],17,-1,42,-1,20
1,<environment.Job instance at 0x7efd4290d5f0>,17,14,[ 2 11],18,-1,34,-1,20
1,<environment.Job instance at 0x7efd4290da50>,19,15,[ 5 14],20,-1,54,-1,39
1,<environment.Job instance at 0x7efd4290d460>,20,27,[3 6],21,-1,66,-1,39
1,<environment.Job instance at 0x7efd4290d050>,21,2,[12  1],22,-1,41,-1,39
1,<environment.Job instance at 0x7efd4290de10>,23,18,[11  2],24,-1,57,-1,39
1,<environment.Job instance at 0x7efd4290dd70>,24,14,[ 3 10],25,-1,53,-1,39
1,<environment.Job instance at 0x7efd4290d280>,25,27,[8 1],26,-1,66,-1,39
1,<environment.Job instance at 0x7efd41aeb190>,28,1,[4 7],29,-1,56,-1,55
1,<environment.Job instance at 0x7efd41aeb7d0>,30,20,[14  2],31,-1,92,-1,72
1,<environment.Job instance at 0x7efd41aebcd0>,43,14,[13  2],44,-1,183,-1,169
1,<environment.Job instance at 0x7efd41aebd70>,44,2,[7 1],45,-1,171,-1,169
1,<environment.Job instance at 0x7efd41af4230>,62,1,[5 6],63,-1,366,-1,365
1,<environment.Job instance at 0x7efd41af4550>,64,25,[9 4],65,-1,397,-1,372
1,<environment.Job instance at 0x7efd41af4d20>,66,2,[12  3],67,-1,384,-1,382
1,<environment.Job instance at 0x7efd421a18c0>,1,15,[12  2],2,-1,17,-1,2
1,<environment.Job instance at 0x7efd41c75f00>,4,26,[13  3],5,-1,31,-1,5
1,<environment.Job instance at 0x7efd41c59140>,5,23,[9 5],6,-1,29,-1,6
1,<environment.Job instance at 0x7efd41c590a0>,6,27,[7 3],7,-1,34,-1,7
1,<environment.Job instance at 0x7efd41c75fa0>,10,25,[9 5],11,-1,37,-1,12
1,<environment.Job instance at 0x7efd41c596e0>,14,23,[6 1],15,-1,38,-1,15
1,<environment.Job instance at 0x7efd41c59910>,16,2,[ 4 14],17,-1,22,-1,20
1,<environment.Job instance at 0x7efd41c599b0>,17,23,[10  3],18,-1,43,-1,20
1,<environment.Job instance at 0x7efd41c59a50>,18,14,[ 1 11],19,-1,34,-1,20
1,<environment.Job instance at 0x7efd41c59cd0>,21,23,[ 2 12],22,-1,64,-1,41
1,<environment.Job instance at 0x7efd41c59be0>,22,27,[8 3],23,-1,68,-1,41
1,<environment.Job instance at 0x7efd41c59d70>,23,18,[ 2 10],24,-1,61,-1,43
1,<environment.Job instance at 0x7efd41c59640>,27,25,[9 4],28,-1,94,-1,69
1,<environment.Job instance at 0x7efd41c44280>,30,3,[3 9],31,-1,89,-1,86
1,<environment.Job instance at 0x7efd41c44320>,31,28,[ 5 13],32,-1,114,-1,86
1,<environment.Job instance at 0x7efd41c443c0>,32,15,[12  1],33,-1,101,-1,86
1,<environment.Job instance at 0x7efd41c44460>,33,3,[ 5 14],34,-1,89,-1,86
1,<environment.Job instance at 0x7efd41c445a0>,35,26,[4 9],36,-1,112,-1,86
1,<environment.Job instance at 0x7efd41c44640>,36,27,[10  5],37,-1,113,-1,86
1,<environment.Job instance at 0x7efd41c448c0>,40,3,[1 6],41,-1,120,-1,117
1,<environment.Job instance at 0x7efd41c44a50>,41,16,[13  4],42,-1,133,-1,117
1,<environment.Job instance at 0x7efd41c44be0>,43,16,[ 5 12],44,-1,138,-1,122
1,<environment.Job instance at 0x7efd41c44d70>,46,3,[6 1],47,-1,144,-1,141
1,<environment.Job instance at 0x7efd41c44e10>,47,12,[ 2 12],48,-1,153,-1,141
1,<environment.Job instance at 0x7efd41c44eb0>,48,2,[6 2],49,-1,143,-1,141
1,<environment.Job instance at 0x7efd41c6e230>,53,18,[ 1 11],54,-1,191,-1,173
1,<environment.Job instance at 0x7efd41c6e2d0>,54,3,[3 7],55,-1,176,-1,173
1,<environment.Job instance at 0x7efd41c6e550>,57,17,[10  1],58,-1,213,-1,196
1,<environment.Job instance at 0x7efd41c6e5f0>,58,16,[ 2 13],59,-1,212,-1,196
1,<environment.Job instance at 0x7efd41c6e690>,59,16,[ 5 12],60,-1,212,-1,196
1,<environment.Job instance at 0x7efd41c6e730>,60,12,[11  1],61,-1,208,-1,196
1,<environment.Job instance at 0x7efd41c6e870>,62,15,[11  4],63,-1,214,-1,199
1,<environment.Job instance at 0x7efd41c6e910>,63,17,[ 2 14],64,-1,216,-1,199
1,<environment.Job instance at 0x7efd41c6e9b0>,64,26,[10  5],65,-1,225,-1,199
1,<environment.Job instance at 0x7efd41c6ea50>,65,2,[7 5],66,-1,201,-1,199
1,<environment.Job instance at 0x7efd41c594b0>,13,17,[ 5 12],14,-1,7226,-1,7209
1,<environment.Job instance at 0x7efd41c59410>,4,27,[3 8],5,-1,32,-1,5
1,<environment.Job instance at 0x7efd41454fa0>,11,12,[ 3 13],12,-1,24,-1,12
1,<environment.Job instance at 0x7efd41454cd0>,12,17,[14  5],13,-1,30,-1,13
1,<environment.Job instance at 0x7efd41454910>,13,15,[14  2],14,-1,29,-1,14
1,<environment.Job instance at 0x7efd414540f0>,14,15,[ 1 12],15,-1,30,-1,15
1,<environment.Job instance at 0x7efd41454d20>,16,12,[10  1],17,-1,41,-1,29
1,<environment.Job instance at 0x7efd4254ce10>,22,15,[11  5],23,-1,84,-1,69
1,<environment.Job instance at 0x7efd4254c8c0>,25,21,[11  3],26,-1,103,-1,82
1,<environment.Job instance at 0x7efd4254cb90>,26,2,[1 8],27,-1,84,-1,82
1,<environment.Job instance at 0x7efd4254c7d0>,29,12,[11  2],30,-1,110,-1,98
1,<environment.Job instance at 0x7efd4254cb40>,30,18,[ 3 11],31,-1,116,-1,98
1,<environment.Job instance at 0x7efd4254c910>,33,24,[2 8],34,-1,137,-1,113
1,<environment.Job instance at 0x7efd4254c230>,34,24,[5 7],35,-1,137,-1,113
1,<environment.Job instance at 0x7efd413d22d0>,35,13,[14  2],36,-1,126,-1,113
1,<environment.Job instance at 0x7efd4254c730>,36,12,[ 5 14],37,-1,125,-1,113
1,<environment.Job instance at 0x7efd413d2c30>,37,28,[11  4],38,-1,141,-1,113
1,<environment.Job instance at 0x7efd413d2e60>,38,1,[1 6],39,-1,114,-1,113
1,<environment.Job instance at 0x7efd413d24b0>,39,26,[1 8],40,-1,139,-1,113
1,<environment.Job instance at 0x7efd413d2910>,44,24,[5 3],45,-1,151,-1,127
1,<environment.Job instance at 0x7efd413d2f50>,45,15,[ 1 14],46,-1,142,-1,127
1,<environment.Job instance at 0x7efd413d2230>,46,16,[ 3 13],47,-1,143,-1,127
1,<environment.Job instance at 0x7efd413d2370>,47,23,[11  4],48,-1,150,-1,127
1,<environment.Job instance at 0x7efd413d2be0>,50,3,[2 7],51,-1,162,-1,159
1,<environment.Job instance at 0x7efd413d2c80>,53,26,[9 3],54,-1,205,-1,179
1,<environment.Job instance at 0x7efd413d2e10>,55,13,[14  4],56,-1,201,-1,188
1,<environment.Job instance at 0x7efd424a5c80>,58,14,[14  2],59,-1,210,-1,196
1,<environment.Job instance at 0x7efd424a58c0>,59,13,[14  4],60,-1,209,-1,196
1,<environment.Job instance at 0x7efd424a5be0>,60,15,[ 4 12],61,-1,211,-1,196
1,<environment.Job instance at 0x7efd424a5500>,62,26,[8 3],63,-1,235,-1,209
1,<environment.Job instance at 0x7efd424a5320>,64,24,[3 9],65,-1,234,-1,210
1,<environment.Job instance at 0x7efd424a50f0>,67,13,[13  2],68,-1,238,-1,225
1,<environment.Job instance at 0x7efd424a5a50>,68,1,[5 5],69,-1,226,-1,225
1,<environment.Job instance at 0x7efd4b281af0>,3,1,[10  4],4,-1,5,-1,4
1,<environment.Job instance at 0x7efd424dc370>,5,16,[13  3],6,-1,22,-1,6
1,<environment.Job instance at 0x7efd4274c500>,8,2,[5 4],9,-1,14,-1,12
1,<environment.Job instance at 0x7efd42273910>,15,26,[ 5 13],16,-1,61,-1,35
1,<environment.Job instance at 0x7efd4269b7d0>,17,15,[11  1],18,-1,53,-1,38
1,<environment.Job instance at 0x7efd4269bc30>,20,1,[2 7],21,-1,59,-1,58
1,<environment.Job instance at 0x7efd42af9780>,21,3,[ 5 10],22,-1,61,-1,58
1,<environment.Job instance at 0x7efd42af9d70>,24,12,[6 1],25,-1,80,-1,68
1,<environment.Job instance at 0x7efd414dc640>,27,24,[10  4],28,-1,105,-1,81
1,<environment.Job instance at 0x7efd414dc7d0>,28,16,[11  3],29,-1,97,-1,81
1,<environment.Job instance at 0x7efd414dce10>,29,16,[11  5],30,-1,111,-1,95
1,<environment.Job instance at 0x7efd414dcf50>,31,1,[ 3 12],32,-1,96,-1,95
1,<environment.Job instance at 0x7efd419bac80>,32,25,[10  3],33,-1,120,-1,95
1,<environment.Job instance at 0x7efd419bae10>,33,14,[ 5 12],34,-1,109,-1,95
1,<environment.Job instance at 0x7efd41c300f0>,34,20,[ 3 14],35,-1,115,-1,95
1,<environment.Job instance at 0x7efd41c30500>,35,24,[13  2],36,-1,119,-1,95
1,<environment.Job instance at 0x7efd41c307d0>,38,14,[11  5],39,-1,119,-1,105
1,<environment.Job instance at 0x7efd41c30910>,39,28,[6 1],40,-1,133,-1,105
1,<environment.Job instance at 0x7efd428570f0>,42,23,[11  1],43,-1,150,-1,127
1,<environment.Job instance at 0x7efd42857460>,44,18,[ 1 13],45,-1,161,-1,143
1,<environment.Job instance at 0x7efd42857050>,46,13,[11  3],47,-1,156,-1,143
1,<environment.Job instance at 0x7efd428578c0>,47,28,[7 5],48,-1,171,-1,143
1,<environment.Job instance at 0x7efd418e9690>,49,2,[14  5],50,-1,145,-1,143
1,<environment.Job instance at 0x7efd418e9550>,50,26,[13  1],51,-1,169,-1,143
1,<environment.Job instance at 0x7efd418e9500>,52,3,[10  1],53,-1,164,-1,161
1,<environment.Job instance at 0x7efd4157d4b0>,54,1,[5 1],55,-1,177,-1,176
1,<environment.Job instance at 0x7efd424b1320>,57,26,[ 5 12],58,-1,219,-1,193
1,<environment.Job instance at 0x7efd422e57d0>,58,26,[2 8],59,-1,219,-1,193
1,<environment.Job instance at 0x7efd41f04d70>,59,3,[6 1],60,-1,196,-1,193
1,<environment.Job instance at 0x7efd424b9aa0>,61,16,[ 2 13],62,-1,209,-1,193
1,<environment.Job instance at 0x7efd414130f0>,62,23,[7 1],63,-1,216,-1,193
1,<environment.Job instance at 0x7efd41f04460>,63,13,[13  4],64,-1,206,-1,193
1,<environment.Job instance at 0x7efd41d4c230>,64,18,[14  3],65,-1,211,-1,193
1,<environment.Job instance at 0x7efd4249e960>,66,24,[14  5],67,-1,217,-1,193
1,<environment.Job instance at 0x7efd4b323c30>,67,25,[ 4 12],68,-1,218,-1,193
1,<environment.Job instance at 0x7efd41adfcd0>,1,18,[ 2 11],2,-1,20,-1,2
1,<environment.Job instance at 0x7efd423f9e10>,3,18,[13  2],4,-1,22,-1,4
1,<environment.Job instance at 0x7efd418e9640>,5,23,[ 5 13],6,-1,29,-1,6
1,<environment.Job instance at 0x7efd425a0730>,6,23,[2 7],7,-1,30,-1,7
1,<environment.Job instance at 0x7efd425a0460>,7,28,[ 1 10],8,-1,36,-1,8
1,<environment.Job instance at 0x7efd425a0640>,9,12,[ 4 14],10,-1,22,-1,10
1,<environment.Job instance at 0x7efd425a0230>,10,2,[10  3],11,-1,13,-1,11
1,<environment.Job instance at 0x7efd425afb40>,15,18,[ 5 11],16,-1,34,-1,16
1,<environment.Job instance at 0x7efd4268dbe0>,17,1,[12  3],18,-1,20,-1,19
1,<environment.Job instance at 0x7efd427dc5f0>,22,16,[14  4],23,-1,39,-1,23
1,<environment.Job instance at 0x7efd428ad050>,23,17,[13  5],24,-1,41,-1,24
1,<environment.Job instance at 0x7efd428d99b0>,25,24,[12  4],26,-1,50,-1,26
1,<environment.Job instance at 0x7efd428d95f0>,26,25,[6 3],27,-1,52,-1,27
1,<environment.Job instance at 0x7efd428d9410>,27,27,[9 5],28,-1,55,-1,28
1,<environment.Job instance at 0x7efd426603c0>,31,1,[3 9],32,-1,51,-1,50
1,<environment.Job instance at 0x7efd426606e0>,33,14,[1 8],34,-1,64,-1,50
1,<environment.Job instance at 0x7efd41b6d870>,34,17,[ 4 14],35,-1,67,-1,50
1,<environment.Job instance at 0x7efd428c15a0>,38,2,[6 2],39,-1,79,-1,77
1,<environment.Job instance at 0x7efd428c1190>,39,12,[10  2],40,-1,89,-1,77
1,<environment.Job instance at 0x7efd41b74af0>,41,18,[ 2 10],42,-1,98,-1,80
1,<environment.Job instance at 0x7efd42683280>,43,18,[ 2 10],44,-1,109,-1,91
1,<environment.Job instance at 0x7efd42689690>,45,19,[ 2 12],46,-1,120,-1,101
1,<environment.Job instance at 0x7efd42692f50>,47,26,[12  4],48,-1,137,-1,111
1,<environment.Job instance at 0x7efd426949b0>,49,16,[ 5 11],50,-1,128,-1,112
1,<environment.Job instance at 0x7efd42694e10>,50,18,[ 2 10],51,-1,132,-1,114
1,<environment.Job instance at 0x7efd41c9e820>,52,13,[9 1],53,-1,131,-1,118
1,<environment.Job instance at 0x7efd41c9e230>,53,20,[7 1],54,-1,139,-1,119
1,<environment.Job instance at 0x7efd41c9ed70>,54,1,[ 4 11],55,-1,120,-1,119
1,<environment.Job instance at 0x7efd41c9eeb0>,57,2,[5 1],58,-1,136,-1,134
1,<environment.Job instance at 0x7efd41cae550>,58,18,[14  5],59,-1,152,-1,134
1,<environment.Job instance at 0x7efd41cae0f0>,59,15,[ 1 12],60,-1,149,-1,134
1,<environment.Job instance at 0x7efd41cae230>,63,14,[ 5 11],64,-1,165,-1,151
1,<environment.Job instance at 0x7efd41cae960>,67,16,[14  4],68,-1,194,-1,178
1,<environment.Job instance at 0x7f4f5c48eb40>,3,18,[ 4 14],4,-1,22,-1,4
1,<environment.Job instance at 0x7f4f65a7a1e0>,5,24,[1 5],6,-1,33,-1,9
1,<environment.Job instance at 0x7f4f5c48ee10>,9,18,[ 2 13],10,-1,28,-1,10
1,<environment.Job instance at 0x7f4f5c48efa0>,10,18,[ 3 11],11,-1,29,-1,11
1,<environment.Job instance at 0x7f4f5c4910a0>,11,15,[13  4],12,-1,27,-1,12
1,<environment.Job instance at 0x7f4f5c491140>,12,26,[ 1 12],13,-1,39,-1,13
1,<environment.Job instance at 0x7f4f5c4915f0>,17,28,[ 5 10],18,-1,59,-1,31
1,<environment.Job instance at 0x7f4f5c491690>,18,18,[ 4 13],19,-1,49,-1,31
1,<environment.Job instance at 0x7f4f5c4916e0>,19,14,[ 3 11],20,-1,45,-1,31
1,<environment.Job instance at 0x7f4f5c491780>,20,12,[13  5],21,-1,43,-1,31
1,<environment.Job instance at 0x7f4f5c491820>,21,1,[6 5],22,-1,32,-1,31
1,<environment.Job instance at 0x7f4f5c4918c0>,22,1,[2 7],23,-1,32,-1,31
1,<environment.Job instance at 0x7f4f5c491960>,23,27,[ 1 14],24,-1,58,-1,31
1,<environment.Job instance at 0x7f4f5c491a00>,24,18,[ 4 10],25,-1,55,-1,37
1,<environment.Job instance at 0x7f4f5c491aa0>,25,27,[8 1],26,-1,64,-1,37
1,<environment.Job instance at 0x7f4f5c491b40>,26,26,[5 5],27,-1,63,-1,37
1,<environment.Job instance at 0x7f4f5c491460>,28,25,[5 7],29,-1,70,-1,45
1,<environment.Job instance at 0x7f4f5c491cd0>,29,25,[ 4 11],30,-1,70,-1,45
1,<environment.Job instance at 0x7f4f5c491c30>,30,22,[ 5 13],31,-1,67,-1,45
1,<environment.Job instance at 0x7f4f5c491fa0>,31,27,[4 8],32,-1,72,-1,45
1,<environment.Job instance at 0x7f4f5c491f50>,33,12,[11  3],34,-1,63,-1,51
1,<environment.Job instance at 0x7f4f5c494320>,37,13,[ 3 14],38,-1,91,-1,78
1,<environment.Job instance at 0x7f4f5c4943c0>,38,28,[ 2 12],39,-1,106,-1,78
1,<environment.Job instance at 0x7f4f5c494460>,39,20,[ 1 10],40,-1,98,-1,78
1,<environment.Job instance at 0x7f4f5c494500>,40,24,[5 6],41,-1,102,-1,78
1,<environment.Job instance at 0x7f4f5c494640>,42,27,[5 2],43,-1,108,-1,81
1,<environment.Job instance at 0x7f4f5c494050>,45,24,[ 1 13],46,-1,123,-1,99
1,<environment.Job instance at 0x7f4f5c494910>,47,17,[12  2],48,-1,128,-1,111
1,<environment.Job instance at 0x7f4f5c494aa0>,50,16,[ 2 11],51,-1,150,-1,134
1,<environment.Job instance at 0x7f4f5c494c80>,51,16,[12  2],52,-1,150,-1,134
1,<environment.Job instance at 0x7f4f5c494d70>,53,27,[8 5],54,-1,161,-1,134
1,<environment.Job instance at 0x7f4f5c494e10>,55,13,[13  1],56,-1,161,-1,148
1,<environment.Job instance at 0x7f4f5c494eb0>,56,20,[ 3 10],57,-1,172,-1,152
1,<environment.Job instance at 0x7f4f5c4973c0>,61,23,[1 5],62,-1,214,-1,191
1,<environment.Job instance at 0x7f4f5c4977d0>,68,27,[ 1 10],69,-1,250,-1,223
1,<environment.Job instance at 0x7f4f5c497870>,69,2,[ 3 10],70,-1,225,-1,223
1,<environment.Job instance at 0x7f4f5c497910>,70,13,[ 3 12],71,-1,236,-1,223
1,<environment.Job instance at 0x7f4f5c497a50>,72,28,[5 1],73,-1,272,-1,244
1,<environment.Job instance at 0x7f4f5c497af0>,73,2,[5 9],74,-1,246,-1,244
1,<environment.Job instance at 0x7f4f5c497cd0>,76,14,[ 4 11],77,-1,271,-1,257
1,<environment.Job instance at 0x7f4f5c497690>,66,13,[ 2 14],67,-1,7381,-1,7368
1,<environment.Job instance at 0x7f4f5bbb0d20>,5,18,[ 3 14],6,-1,24,-1,6
1,<environment.Job instance at 0x7f4f5bbd4230>,9,21,[ 1 11],10,-1,39,-1,18
1,<environment.Job instance at 0x7f4f5bbd44b0>,10,16,[7 1],11,-1,78,-1,62
1,<environment.Job instance at 0x7f4f5bbd5190>,18,22,[ 3 11],19,-1,89,-1,67
1,<environment.Job instance at 0x7f4f5bbd4eb0>,19,12,[ 5 14],20,-1,79,-1,67
1,<environment.Job instance at 0x7f4f5bbd4f50>,21,12,[8 1],22,-1,93,-1,81
1,<environment.Job instance at 0x7f4f5bbd10a0>,22,27,[5 6],23,-1,108,-1,81
1,<environment.Job instance at 0x7f4f5bbd18c0>,23,24,[12  3],24,-1,105,-1,81
1,<environment.Job instance at 0x7f4f5bbd1140>,24,22,[12  5],25,-1,103,-1,81
1,<environment.Job instance at 0x7f4f5bbd1410>,25,18,[12  4],26,-1,99,-1,81
1,<environment.Job instance at 0x7f4f5bbd1640>,26,17,[ 5 13],27,-1,98,-1,81
1,<environment.Job instance at 0x7f4f5bbd1230>,27,23,[14  4],28,-1,104,-1,81
1,<environment.Job instance at 0x7f4f5bbd1a00>,28,12,[ 3 10],29,-1,93,-1,81
1,<environment.Job instance at 0x7f4f5bbd1a50>,29,21,[ 1 10],30,-1,102,-1,81
1,<environment.Job instance at 0x7f4f5bbd2140>,37,14,[ 1 12],38,-1,147,-1,133
1,<environment.Job instance at 0x7f4f5bbd2320>,40,17,[ 3 10],41,-1,179,-1,162
1,<environment.Job instance at 0x7f4f5bbd23c0>,42,27,[2 6],43,-1,189,-1,162
1,<environment.Job instance at 0x7f4f5bbc9500>,43,24,[ 2 14],44,-1,186,-1,162
1,<environment.Job instance at 0x7f4f5bcf1690>,44,22,[8 1],45,-1,184,-1,162
1,<environment.Job instance at 0x7f4f5ba525f0>,46,12,[13  4],47,-1,188,-1,176
1,<environment.Job instance at 0x7f4f65ac50f0>,47,1,[ 4 11],48,-1,177,-1,176
1,<environment.Job instance at 0x7f4f65acf730>,48,23,[ 2 14],49,-1,199,-1,176
1,<environment.Job instance at 0x7f4f5baa5820>,49,2,[1 8],50,-1,178,-1,176
1,<environment.Job instance at 0x7f4f5bb77320>,54,28,[5 6],55,-1,240,-1,212
1,<environment.Job instance at 0x7f4f5baa28c0>,55,14,[ 2 10],56,-1,226,-1,212
1,<environment.Job instance at 0x7f4f5baa25f0>,56,19,[11  3],57,-1,231,-1,212
1,<environment.Job instance at 0x7f4f6ce63640>,57,20,[14  5],58,-1,232,-1,212
1,<environment.Job instance at 0x7f4f5baa2190>,59,3,[ 1 12],60,-1,215,-1,212
1,<environment.Job instance at 0x7f4f5baa24b0>,60,16,[ 2 14],61,-1,228,-1,212
1,<environment.Job instance at 0x7f4f5bb1a500>,62,22,[4 8],63,-1,237,-1,215
1,<environment.Job instance at 0x7f4f5bb1a410>,63,25,[6 1],64,-1,240,-1,215
1,<environment.Job instance at 0x7f4f5bb105a0>,64,20,[ 1 14],65,-1,235,-1,215
1,<environment.Job instance at 0x7f4f5bb103c0>,65,13,[ 4 10],66,-1,228,-1,215
1,<environment.Job instance at 0x7f4f5bb109b0>,66,17,[14  2],67,-1,232,-1,215
1,<environment.Job instance at 0x7f4f5bdd42d0>,67,12,[4 8],68,-1,227,-1,215
1,<environment.Job instance at 0x7f4f5bb10460>,68,16,[11  2],69,-1,231,-1,215
1,<environment.Job instance at 0x7f4f5bc1c6e0>,69,23,[ 1 14],70,-1,238,-1,215
1,<environment.Job instance at 0x7f4f5cfd9fa0>,70,14,[1 7],71,-1,229,-1,215
1,<environment.Job instance at 0x7f4f5c3dc780>,72,14,[13  4],73,-1,240,-1,226
1,<environment.Job instance at 0x7f4f5bc25af0>,74,22,[12  4],75,-1,248,-1,226
1,<environment.Job instance at 0x7f4f5ba76910>,75,23,[1 7],76,-1,249,-1,226
1,<environment.Job instance at 0x7f4f5bbd24b0>,77,16,[ 2 14],78,-1,259,-1,243
1,<environment.Job instance at 0x7f4f5bbd2d70>,32,26,[ 5 12],33,-1,1838,-1,1812
1,<environment.Job instance at 0x7f4f5c497690>,4,20,[13  1],5,-1,2452,-1,2432
1,<environment.Job instance at 0x7f4f5ba96410>,4,14,[13  3],5,-1,19,-1,5
1,<environment.Job instance at 0x7f4f5ba960a0>,5,3,[10  1],6,-1,10,-1,7
1,<environment.Job instance at 0x7f4f5ba965a0>,6,3,[ 2 12],7,-1,11,-1,8
1,<environment.Job instance at 0x7f4f5ba96500>,8,15,[11  2],9,-1,24,-1,9
1,<environment.Job instance at 0x7f4f5ba96c80>,9,14,[11  3],10,-1,24,-1,10
1,<environment.Job instance at 0x7f4f5ba232d0>,16,24,[11  5],17,-1,52,-1,28
1,<environment.Job instance at 0x7f4f5ba23370>,17,21,[ 3 10],18,-1,56,-1,35
1,<environment.Job instance at 0x7f4f5ba23460>,18,25,[14  4],19,-1,60,-1,35
1,<environment.Job instance at 0x7f4f5ba239b0>,20,26,[10  5],21,-1,68,-1,42
1,<environment.Job instance at 0x7f4f5ba23cd0>,23,2,[13  3],24,-1,57,-1,55
1,<environment.Job instance at 0x7f4f5ba23230>,24,21,[ 4 12],25,-1,76,-1,55
1,<environment.Job instance at 0x7f4f5ba23e60>,27,27,[2 9],28,-1,94,-1,67
1,<environment.Job instance at 0x7f4f65acfe60>,31,17,[12  2],32,-1,111,-1,94
1,<environment.Job instance at 0x7f4f65be6320>,32,28,[2 8],33,-1,124,-1,96
1,<environment.Job instance at 0x7f4f65b22be0>,42,24,[7 5],43,-1,160,-1,136
1,<environment.Job instance at 0x7f4f65b22870>,44,28,[2 7],45,-1,169,-1,141
1,<environment.Job instance at 0x7f4f65b22d20>,45,28,[9 2],46,-1,169,-1,141
1,<environment.Job instance at 0x7f4f65b22aa0>,50,20,[ 3 13],51,-1,190,-1,170
1,<environment.Job instance at 0x7f4f65b22dc0>,51,12,[ 2 14],52,-1,182,-1,170
1,<environment.Job instance at 0x7f4f65b22c30>,52,13,[12  2],53,-1,183,-1,170
1,<environment.Job instance at 0x7f4f65b227d0>,53,2,[5 9],54,-1,172,-1,170
1,<environment.Job instance at 0x7f4f65be9f50>,55,16,[11  1],56,-1,192,-1,176
1,<environment.Job instance at 0x7f4f65be9eb0>,58,17,[11  3],59,-1,213,-1,196
1,<environment.Job instance at 0x7f4f65a79280>,60,25,[6 2],61,-1,226,-1,201
1,<environment.Job instance at 0x7f4f65a79370>,61,18,[12  4],62,-1,219,-1,201
1,<environment.Job instance at 0x7f4f65a79c80>,63,26,[11  5],64,-1,235,-1,209
1,<environment.Job instance at 0x7f4f5baa5fa0>,67,15,[13  5],68,-1,254,-1,239
1,<environment.Job instance at 0x7f4f5baa5b40>,70,27,[14  3],71,-1,279,-1,252
1,<environment.Job instance at 0x7f4f5baa5d70>,72,26,[ 4 10],73,-1,282,-1,256
1,<environment.Job instance at 0x7f4f5baa5dc0>,73,26,[8 3],74,-1,282,-1,256
1,<environment.Job instance at 0x7f4f5baa5a50>,74,16,[12  1],75,-1,272,-1,256
1,<environment.Job instance at 0x7f4f5baa50f0>,75,19,[ 2 13],76,-1,275,-1,256
1,<environment.Job instance at 0x7f4f5baa5910>,76,22,[11  1],77,-1,278,-1,256
1,<environment.Job instance at 0x7f4f5baa5c30>,77,22,[ 1 13],78,-1,278,-1,256
1,<environment.Job instance at 0x7f4f5c917230>,3,24,[14  3],4,-1,28,-1,4
1,<environment.Job instance at 0x7f4f5c89bd20>,5,21,[12  3],6,-1,27,-1,6
1,<environment.Job instance at 0x7f4f5c917af0>,11,27,[ 4 13],12,-1,40,-1,13
1,<environment.Job instance at 0x7f4f5c917b40>,13,12,[9 1],14,-1,55,-1,43
1,<environment.Job instance at 0x7f4f5c917320>,16,3,[9 1],17,-1,46,-1,43
1,<environment.Job instance at 0x7f4f5c917e10>,19,1,[5 4],20,-1,59,-1,58
1,<environment.Job instance at 0x7f4f5c917aa0>,20,25,[ 3 10],21,-1,83,-1,58
1,<environment.Job instance at 0x7f4f5c917410>,21,1,[ 2 10],22,-1,59,-1,58
1,<environment.Job instance at 0x7f4f5c917640>,22,27,[3 9],23,-1,85,-1,58
1,<environment.Job instance at 0x7f4f65aa4870>,24,12,[13  2],25,-1,75,-1,63
1,<environment.Job instance at 0x7f4f65aa4820>,25,24,[1 5],26,-1,87,-1,63
1,<environment.Job instance at 0x7f4f65aa40a0>,26,23,[3 6],27,-1,86,-1,63
1,<environment.Job instance at 0x7f4f65aa4280>,32,12,[13  5],33,-1,139,-1,127
1,<environment.Job instance at 0x7f4f65aa4730>,33,17,[ 2 10],34,-1,145,-1,128
1,<environment.Job instance at 0x7f4f65aa4dc0>,34,25,[1 5],35,-1,153,-1,128
1,<environment.Job instance at 0x7f4f65aa4460>,37,15,[ 2 14],38,-1,154,-1,139
1,<environment.Job instance at 0x7f4f65aa41e0>,40,14,[14  5],41,-1,181,-1,167
1,<environment.Job instance at 0x7f4f65aa4e10>,41,13,[ 5 13],42,-1,180,-1,167
1,<environment.Job instance at 0x7f4f65aa45f0>,42,15,[6 1],43,-1,182,-1,167
1,<environment.Job instance at 0x7f4f65aa4690>,44,18,[11  3],45,-1,185,-1,167
1,<environment.Job instance at 0x7f4f5c935820>,45,20,[10  2],46,-1,200,-1,180
1,<environment.Job instance at 0x7f4f5c935500>,46,25,[5 2],47,-1,205,-1,180
1,<environment.Job instance at 0x7f4f5c935be0>,47,15,[ 1 13],48,-1,195,-1,180
1,<environment.Job instance at 0x7f4f5c935f50>,48,27,[13  4],49,-1,207,-1,180
1,<environment.Job instance at 0x7f4f5c9352d0>,49,26,[3 5],50,-1,206,-1,180
1,<environment.Job instance at 0x7f4f5c935e60>,51,17,[5 1],52,-1,197,-1,180
1,<environment.Job instance at 0x7f4f5c935a00>,52,25,[3 9],53,-1,205,-1,180
1,<environment.Job instance at 0x7f4f5c935230>,53,13,[14  3],54,-1,193,-1,180
1,<environment.Job instance at 0x7f4f5c9359b0>,55,1,[7 3],56,-1,185,-1,184
1,<environment.Job instance at 0x7f4f5c935f00>,56,14,[ 1 10],57,-1,198,-1,184
1,<environment.Job instance at 0x7f4f5c935dc0>,57,1,[2 7],58,-1,185,-1,184
1,<environment.Job instance at 0x7f4f5c935550>,58,16,[11  4],59,-1,200,-1,184
1,<environment.Job instance at 0x7f4f5c935870>,60,25,[4 5],61,-1,221,-1,196
1,<environment.Job instance at 0x7f4f5c935eb0>,61,25,[6 3],62,-1,221,-1,196
1,<environment.Job instance at 0x7f4f5c9358c0>,62,2,[11  1],63,-1,198,-1,196
1,<environment.Job instance at 0x7f4f5c9c9d20>,64,13,[12  4],65,-1,225,-1,212
1,<environment.Job instance at 0x7f4f5c9c9be0>,65,2,[5 5],66,-1,214,-1,212
1,<environment.Job instance at 0x7f4f5c9c9050>,66,13,[ 1 13],67,-1,225,-1,212
1,<environment.Job instance at 0x7f4f5c9c9910>,67,26,[ 1 13],68,-1,238,-1,212
1,<environment.Job instance at 0x7f4f5c9c9a50>,68,22,[3 9],69,-1,234,-1,212
1,<environment.Job instance at 0x7f4f5c9c9cd0>,69,16,[11  1],70,-1,228,-1,212
1,<environment.Job instance at 0x7f4f5c9c9280>,70,14,[14  2],71,-1,226,-1,212
1,<environment.Job instance at 0x7f4f5c9c9e10>,74,25,[2 8],75,-1,252,-1,227
1,<environment.Job instance at 0x7f4f5c9c9f50>,76,2,[ 5 13],77,-1,240,-1,238
1,<environment.Job instance at 0x7f4f5c9c9370>,77,24,[2 7],78,-1,262,-1,238
1,<environment.Job instance at 0x7f4f5c9c9fa0>,78,16,[11  2],79,-1,254,-1,238
1,<environment.Job instance at 0x7f4f5c917500>,12,26,[8 4],13,-1,2288,-1,2262
1,<environment.Job instance at 0x7f4f5becec30>,3,18,[12  1],4,-1,22,-1,4
1,<environment.Job instance at 0x7f4f5bece9b0>,8,3,[5 9],9,-1,21,-1,18
1,<environment.Job instance at 0x7f4f5c31e460>,11,25,[7 1],12,-1,43,-1,18
1,<environment.Job instance at 0x7f4f5becefa0>,12,24,[12  5],13,-1,42,-1,18
1,<environment.Job instance at 0x7f4f5bed9140>,13,23,[10  2],14,-1,41,-1,18
1,<environment.Job instance at 0x7f4f5bed9af0>,14,15,[ 1 11],15,-1,33,-1,18
1,<environment.Job instance at 0x7f4f5bed9c80>,15,16,[ 5 12],16,-1,34,-1,18
1,<environment.Job instance at 0x7f4f5bed9b40>,16,27,[ 4 14],17,-1,45,-1,18
1,<environment.Job instance at 0x7f4f5c8f75f0>,17,23,[2 9],18,-1,48,-1,25
1,<environment.Job instance at 0x7f4f5bed9dc0>,19,15,[13  1],20,-1,40,-1,25
1,<environment.Job instance at 0x7f4f5bed3500>,25,16,[ 2 12],26,-1,64,-1,48
1,<environment.Job instance at 0x7f4f5bed3320>,26,12,[ 4 14],27,-1,60,-1,48
1,<environment.Job instance at 0x7f4f5bdfb230>,30,23,[2 7],31,-1,105,-1,82
1,<environment.Job instance at 0x7f4f5bedb2d0>,32,28,[1 7],33,-1,110,-1,82
1,<environment.Job instance at 0x7f4f5be17190>,34,22,[6 5],35,-1,161,-1,139
1,<environment.Job instance at 0x7f4f5bde7be0>,52,2,[5 7],53,-1,262,-1,260
1,<environment.Job instance at 0x7f4f5bde7f50>,53,27,[3 8],54,-1,287,-1,260
1,<environment.Job instance at 0x7f4f5bde7c30>,54,13,[11  5],55,-1,273,-1,260
1,<environment.Job instance at 0x7f4f5bde7aa0>,55,24,[8 4],56,-1,284,-1,260
1,<environment.Job instance at 0x7f4f5bdf0be0>,57,2,[6 3],58,-1,262,-1,260
1,<environment.Job instance at 0x7f4f5bdf00f0>,58,3,[13  2],59,-1,263,-1,260
1,<environment.Job instance at 0x7f4f5be09910>,61,17,[12  4],62,-1,295,-1,278
1,<environment.Job instance at 0x7f4f5be09190>,63,1,[7 4],64,-1,284,-1,283
1,<environment.Job instance at 0x7f4f5be098c0>,65,14,[12  3],66,-1,308,-1,294
1,<environment.Job instance at 0x7f4f5be09730>,66,12,[ 5 14],67,-1,306,-1,294
1,<environment.Job instance at 0x7f4f5be09b40>,68,3,[5 5],69,-1,311,-1,308
1,<environment.Job instance at 0x7f4f5be09af0>,70,26,[9 4],71,-1,381,-1,355
1,<environment.Job instance at 0x7f4f5cfa3aa0>,76,26,[ 3 12],77,-1,388,-1,362
1,<environment.Job instance at 0x7f4f5cfa3690>,77,12,[ 2 14],78,-1,374,-1,362
1,<environment.Job instance at 0x7f4f5cb17550>,1,17,[ 1 14],2,-1,19,-1,2
1,<environment.Job instance at 0x7f4f5bece960>,5,1,[13  1],6,-1,8,-1,7
1,<environment.Job instance at 0x7f4f5cb17230>,7,24,[1 8],8,-1,32,-1,8
1,<environment.Job instance at 0x7f4f5cb17c80>,10,26,[ 1 11],11,-1,37,-1,11
1,<environment.Job instance at 0x7f4f5cb173c0>,11,16,[14  5],12,-1,28,-1,12
1,<environment.Job instance at 0x7f4f5cb115f0>,20,25,[14  4],21,-1,68,-1,43
1,<environment.Job instance at 0x7f4f5cb11b40>,23,3,[7 4],24,-1,56,-1,53
1,<environment.Job instance at 0x7f4f5cb11b90>,25,3,[10  2],26,-1,68,-1,65
1,<environment.Job instance at 0x7f4f5cb11c80>,26,24,[14  2],27,-1,89,-1,65
1,<environment.Job instance at 0x7f4f5cb11370>,27,3,[ 5 11],28,-1,68,-1,65
1,<environment.Job instance at 0x7f4f5cb11230>,28,2,[ 2 12],29,-1,67,-1,65
1,<environment.Job instance at 0x7f4f5cb11f00>,29,23,[ 4 11],30,-1,88,-1,65
1,<environment.Job instance at 0x7f4f5cb112d0>,31,23,[ 3 13],32,-1,104,-1,81
1,<environment.Job instance at 0x7f4f5cb110f0>,32,3,[8 4],33,-1,84,-1,81
1,<environment.Job instance at 0x7f4f5cb11d70>,34,24,[ 3 10],35,-1,120,-1,96
1,<environment.Job instance at 0x7f4f5c29efa0>,39,14,[ 1 14],40,-1,128,-1,114
1,<environment.Job instance at 0x7f4f5c29ea00>,40,25,[5 8],41,-1,139,-1,114
1,<environment.Job instance at 0x7f4f5c29e2d0>,41,27,[7 4],42,-1,141,-1,114
1,<environment.Job instance at 0x7f4f5c29e3c0>,42,3,[2 7],43,-1,117,-1,114
1,<environment.Job instance at 0x7f4f5c29eaf0>,45,1,[ 1 10],46,-1,144,-1,143
1,<environment.Job instance at 0x7f4f5c29ee60>,46,16,[12  4],47,-1,159,-1,143
1,<environment.Job instance at 0x7f4f5c29e7d0>,51,18,[ 4 13],52,-1,177,-1,159
1,<environment.Job instance at 0x7f4f5c29e820>,52,23,[11  2],53,-1,182,-1,159
1,<environment.Job instance at 0x7f4f5c29e1e0>,53,12,[11  5],54,-1,175,-1,163
1,<environment.Job instance at 0x7f4f5c29e230>,55,19,[14  4],56,-1,197,-1,178
1,<environment.Job instance at 0x7f4f5c29e550>,57,14,[ 5 11],58,-1,192,-1,178
1,<environment.Job instance at 0x7f4f5cb06b90>,60,18,[14  2],61,-1,229,-1,211
1,<environment.Job instance at 0x7f4f5cb067d0>,61,16,[ 5 11],62,-1,227,-1,211
1,<environment.Job instance at 0x7f4f5cb06820>,62,15,[ 1 14],63,-1,226,-1,211
1,<environment.Job instance at 0x7f4f5cb06aa0>,64,25,[3 8],65,-1,238,-1,213
1,<environment.Job instance at 0x7f4f5cb06dc0>,65,28,[2 8],66,-1,241,-1,213
1,<environment.Job instance at 0x7f4f5cb06af0>,66,3,[ 5 14],67,-1,216,-1,213
1,<environment.Job instance at 0x7f4f5cb06eb0>,67,27,[9 3],68,-1,240,-1,213
1,<environment.Job instance at 0x7f4f5cb062d0>,68,15,[13  3],69,-1,228,-1,213
1,<environment.Job instance at 0x7f4f5cb06230>,70,12,[ 3 12],71,-1,242,-1,230
1,<environment.Job instance at 0x7f4f5cb38eb0>,71,16,[ 3 11],72,-1,246,-1,230
1,<environment.Job instance at 0x7f4f5c183280>,75,12,[ 2 12],76,-1,259,-1,247
1,<environment.Job instance at 0x7f4f5c1833c0>,76,27,[ 1 13],77,-1,274,-1,247
1,<environment.Job instance at 0x7f4f5c234b90>,13,20,[14  5],14,-1,70,-1,50
1,<environment.Job instance at 0x7f4f5c2562d0>,15,18,[14  1],16,-1,85,-1,67
1,<environment.Job instance at 0x7f4f5c256370>,16,27,[5 5],17,-1,94,-1,67
1,<environment.Job instance at 0x7f4f5c2565f0>,19,13,[14  1],20,-1,84,-1,71
1,<environment.Job instance at 0x7f4f5c2566e0>,21,17,[14  5],22,-1,97,-1,80
1,<environment.Job instance at 0x7f4f5c256780>,22,12,[7 2],23,-1,92,-1,80
1,<environment.Job instance at 0x7f4f5c256b90>,28,26,[8 1],29,-1,145,-1,119
1,<environment.Job instance at 0x7f4f5c256c80>,30,2,[5 3],31,-1,140,-1,138
1,<environment.Job instance at 0x7f4f5c256eb0>,32,17,[11  1],33,-1,155,-1,138
1,<environment.Job instance at 0x7f4f5c256e10>,33,15,[ 4 11],34,-1,153,-1,138
1,<environment.Job instance at 0x7f4f5c256fa0>,34,28,[6 1],35,-1,166,-1,138
1,<environment.Job instance at 0x7f4f5c256f50>,35,21,[10  2],36,-1,169,-1,148
1,<environment.Job instance at 0x7f4f5c243140>,38,3,[ 1 13],39,-1,162,-1,159
1,<environment.Job instance at 0x7f4f5c2433c0>,40,20,[ 1 10],41,-1,186,-1,166
1,<environment.Job instance at 0x7f4f5c243460>,41,22,[5 3],42,-1,190,-1,168
1,<environment.Job instance at 0x7f4f5c243820>,47,15,[13  1],48,-1,220,-1,205
1,<environment.Job instance at 0x7f4f5c2438c0>,48,14,[12  4],49,-1,219,-1,205
1,<environment.Job instance at 0x7f4f5c243a50>,51,25,[ 3 14],52,-1,246,-1,221
1,<environment.Job instance at 0x7f4f5c243be0>,52,14,[14  3],53,-1,235,-1,221
1,<environment.Job instance at 0x7f4f5c243d20>,54,14,[ 5 14],55,-1,248,-1,234
1,<environment.Job instance at 0x7f4f5c243f00>,57,15,[10  1],58,-1,268,-1,253
1,<environment.Job instance at 0x7f4f5c243eb0>,59,24,[6 5],60,-1,277,-1,253
1,<environment.Job instance at 0x7f4f5c243f50>,60,22,[5 9],61,-1,307,-1,285
1,<environment.Job instance at 0x7f4f5c238460>,65,21,[7 1],66,-1,330,-1,309
1,<environment.Job instance at 0x7f4f5c238780>,68,2,[ 5 14],69,-1,317,-1,315
1,<environment.Job instance at 0x7f4f5c238820>,69,13,[3 9],70,-1,328,-1,315
1,<environment.Job instance at 0x7f4f5c2388c0>,70,1,[ 5 14],71,-1,316,-1,315
1,<environment.Job instance at 0x7f4f5c238aa0>,72,26,[ 4 10],73,-1,343,-1,317
1,<environment.Job instance at 0x7f4f5c238b40>,73,2,[ 4 11],74,-1,319,-1,317
1,<environment.Job instance at 0x7f4f5c238be0>,74,14,[ 5 12],75,-1,331,-1,317
1,<environment.Job instance at 0x7f4f5c238c80>,75,24,[ 5 11],76,-1,341,-1,317
1,<environment.Job instance at 0x7f4f5bed5dc0>,76,25,[7 3],77,-1,342,-1,317
1,<environment.Job instance at 0x7f4f5bee88c0>,77,18,[11  5],78,-1,335,-1,317
1,<environment.Job instance at 0x7f4f5c230690>,78,12,[3 8],79,-1,334,-1,322
1,<environment.Job instance at 0x7f4f5c234cd0>,12,24,[7 5],13,-1,1039,-1,1015
1,<environment.Job instance at 0x7f4f5c234be0>,2,17,[ 2 13],3,-1,20,-1,3
1,<environment.Job instance at 0x7f4f5c062780>,3,27,[12  4],4,-1,31,-1,4
1,<environment.Job instance at 0x7f4f5c234960>,7,12,[ 5 12],8,-1,20,-1,8
1,<environment.Job instance at 0x7f4f5c062cd0>,8,14,[14  1],9,-1,23,-1,9
1,<environment.Job instance at 0x7f4f5c062460>,10,14,[12  4],11,-1,25,-1,11
1,<environment.Job instance at 0x7f4f5ca9c230>,11,18,[11  5],12,-1,45,-1,27
1,<environment.Job instance at 0x7f4f5ca9c370>,17,21,[ 5 14],18,-1,49,-1,28
1,<environment.Job instance at 0x7f4f5ca9cd70>,20,28,[2 8],21,-1,68,-1,40
1,<environment.Job instance at 0x7f4f5ca9c690>,22,27,[9 3],23,-1,76,-1,49
1,<environment.Job instance at 0x7f4f5ca9c460>,24,2,[4 7],25,-1,54,-1,52
1,<environment.Job instance at 0x7f4f5ca9cfa0>,25,28,[ 1 13],26,-1,80,-1,52
1,<environment.Job instance at 0x7f4f5ca9c4b0>,26,12,[ 4 10],27,-1,64,-1,52
1,<environment.Job instance at 0x7f4f5bda0e10>,32,22,[ 5 14],33,-1,100,-1,78
1,<environment.Job instance at 0x7f4f5bda0050>,33,20,[14  1],34,-1,98,-1,78
1,<environment.Job instance at 0x7f4f5bda0b90>,38,18,[ 1 10],39,-1,130,-1,112
1,<environment.Job instance at 0x7f4f5c09ee60>,44,26,[1 5],45,-1,175,-1,149
1,<environment.Job instance at 0x7f4f5c09eeb0>,45,22,[11  4],46,-1,171,-1,149
1,<environment.Job instance at 0x7f4f5c09e640>,46,21,[11  3],47,-1,170,-1,149
1,<environment.Job instance at 0x7f4f5c09e6e0>,47,23,[ 4 10],48,-1,172,-1,149
1,<environment.Job instance at 0x7f4f5c09e1e0>,48,19,[14  3],49,-1,168,-1,149
1,<environment.Job instance at 0x7f4f5c09e050>,49,1,[3 7],50,-1,150,-1,149
1,<environment.Job instance at 0x7f4f5c09e0f0>,50,15,[11  4],51,-1,164,-1,149
1,<environment.Job instance at 0x7f4f5bf792d0>,51,17,[11  1],52,-1,166,-1,149
1,<environment.Job instance at 0x7f4f5bf79690>,52,2,[ 1 14],53,-1,151,-1,149
1,<environment.Job instance at 0x7f4f5bf79230>,53,12,[13  2],54,-1,161,-1,149
1,<environment.Job instance at 0x7f4f5c1e8fa0>,55,15,[ 2 11],56,-1,166,-1,151
1,<environment.Job instance at 0x7f4f5c1e8cd0>,56,23,[7 4],57,-1,174,-1,151
1,<environment.Job instance at 0x7f4f5c1e8910>,64,28,[10  3],65,-1,236,-1,208
1,<environment.Job instance at 0x7f4f5c1e8230>,65,25,[12  3],66,-1,233,-1,208
1,<environment.Job instance at 0x7f4f5bf10eb0>,69,18,[ 2 10],70,-1,252,-1,234
1,<environment.Job instance at 0x7f4f5bf10230>,70,16,[14  3],71,-1,250,-1,234
1,<environment.Job instance at 0x7f4f5bf10dc0>,76,21,[12  5],77,-1,283,-1,262
1,<environment.Job instance at 0x7f4f5bf10460>,78,25,[6 1],79,-1,299,-1,274
1,<environment.Job instance at 0x7f4f5c4e6910>,6,25,[8 3],7,-1,33,-1,8
1,<environment.Job instance at 0x7f4f5c4e6410>,11,19,[12  1],12,-1,51,-1,32
1,<environment.Job instance at 0x7f4f5cf69460>,15,13,[ 2 12],16,-1,78,-1,65
1,<environment.Job instance at 0x7f4f5cf69320>,16,25,[ 5 10],17,-1,90,-1,65
1,<environment.Job instance at 0x7f4f5cf69fa0>,17,26,[9 3],18,-1,91,-1,65
1,<environment.Job instance at 0x7f4f5cf69280>,18,26,[ 1 12],19,-1,91,-1,65
1,<environment.Job instance at 0x7f4f5cf69a00>,19,28,[3 6],20,-1,93,-1,65
1,<environment.Job instance at 0x7f4f5cf69eb0>,20,2,[1 6],21,-1,67,-1,65
1,<environment.Job instance at 0x7f4f5cf69c30>,21,12,[11  1],22,-1,77,-1,65
1,<environment.Job instance at 0x7f4f5cf698c0>,23,15,[13  2],24,-1,80,-1,65
1,<environment.Job instance at 0x7f4f5cf69b90>,24,17,[12  3],25,-1,82,-1,65
1,<environment.Job instance at 0x7f4f5cf69e60>,25,2,[ 4 12],26,-1,67,-1,65
1,<environment.Job instance at 0x7f4f5cf69050>,26,1,[10  1],27,-1,66,-1,65
1,<environment.Job instance at 0x7f4f5cf69d70>,27,28,[3 6],28,-1,93,-1,65
1,<environment.Job instance at 0x7f4f5cf69690>,28,12,[6 2],29,-1,82,-1,70
1,<environment.Job instance at 0x7f4f5cf69f00>,29,19,[13  1],30,-1,89,-1,70
1,<environment.Job instance at 0x7f4f5c846190>,34,28,[6 5],35,-1,125,-1,97
1,<environment.Job instance at 0x7f4f5ca663c0>,42,25,[4 6],43,-1,163,-1,138
1,<environment.Job instance at 0x7f4f5ca66960>,43,12,[6 1],44,-1,150,-1,138
1,<environment.Job instance at 0x7f4f5ca66910>,44,24,[7 5],45,-1,162,-1,138
1,<environment.Job instance at 0x7f4f5ca66320>,46,21,[14  1],47,-1,168,-1,147
1,<environment.Job instance at 0x7f4f5ca669b0>,48,16,[12  4],49,-1,171,-1,155
1,<environment.Job instance at 0x7f4f5ca666e0>,49,24,[4 9],50,-1,179,-1,155
1,<environment.Job instance at 0x7f4f65ad9910>,54,12,[ 1 14],55,-1,196,-1,184
1,<environment.Job instance at 0x7f4f65ad9aa0>,55,14,[13  4],56,-1,198,-1,184
1,<environment.Job instance at 0x7f4f65ad9640>,57,13,[13  3],58,-1,215,-1,202
1,<environment.Job instance at 0x7f4f5cdd60f0>,59,27,[ 3 14],60,-1,229,-1,202
1,<environment.Job instance at 0x7f4f5cdd6d20>,61,1,[ 5 13],62,-1,212,-1,211
1,<environment.Job instance at 0x7f4f5cdd6fa0>,62,25,[13  4],63,-1,236,-1,211
1,<environment.Job instance at 0x7f4f5cdd6eb0>,63,14,[14  1],64,-1,225,-1,211
1,<environment.Job instance at 0x7f4f5cdd6f00>,64,1,[10  5],65,-1,212,-1,211
1,<environment.Job instance at 0x7f4f5cdd6460>,65,26,[13  4],66,-1,237,-1,211
1,<environment.Job instance at 0x7f4f5cdd6820>,67,21,[ 2 13],68,-1,235,-1,214
1,<environment.Job instance at 0x7f4f5cdd6230>,68,16,[ 3 14],69,-1,230,-1,214
1,<environment.Job instance at 0x7f4f5cdd63c0>,69,16,[ 1 11],70,-1,230,-1,214
1,<environment.Job instance at 0x7f4f5cf80cd0>,71,24,[ 2 13],72,-1,250,-1,226
1,<environment.Job instance at 0x7f4f5cf80a00>,72,18,[13  3],73,-1,244,-1,226
1,<environment.Job instance at 0x7f4f5cf80690>,75,16,[ 1 12],76,-1,255,-1,239
1,<environment.Job instance at 0x7f4f5cf80870>,76,1,[ 2 10],77,-1,240,-1,239
1,<environment.Job instance at 0x7f4f5cf804b0>,77,26,[8 4],78,-1,265,-1,239
1,<environment.Job instance at 0x7f4f5cf80fa0>,78,16,[ 3 13],79,-1,255,-1,239
1,<environment.Job instance at 0x7f4f5c4e6460>,9,18,[7 3],10,-1,5551,-1,5533
1,<environment.Job instance at 0x7f4f5ca9c050>,3,17,[14  5],4,-1,5550,-1,5533
1,<environment.Job instance at 0x7f4f5cc501e0>,1,28,[ 5 12],2,-1,30,-1,2
1,<environment.Job instance at 0x7f4f5bb92690>,2,28,[2 6],3,-1,31,-1,3
1,<environment.Job instance at 0x7f4f5bb92a00>,4,28,[ 1 11],5,-1,33,-1,5
1,<environment.Job instance at 0x7f4f5bb926e0>,6,23,[11  3],7,-1,30,-1,7
1,<environment.Job instance at 0x7f4f5bb92af0>,7,14,[13  5],8,-1,22,-1,8
1,<environment.Job instance at 0x7f4f5bb92fa0>,9,1,[6 1],10,-1,11,-1,10
1,<environment.Job instance at 0x7f4f5cb44f00>,11,13,[12  5],12,-1,25,-1,12
1,<environment.Job instance at 0x7f4f5bb92730>,13,16,[11  4],14,-1,30,-1,14
1,<environment.Job instance at 0x7f4f65858c80>,20,23,[10  3],21,-1,61,-1,38
1,<environment.Job instance at 0x7f4f65858eb0>,21,16,[14  1],22,-1,54,-1,38
1,<environment.Job instance at 0x7f4f65858be0>,22,1,[13  2],23,-1,39,-1,38
1,<environment.Job instance at 0x7f4f65858c30>,23,3,[4 5],24,-1,41,-1,38
1,<environment.Job instance at 0x7f4f65858b90>,24,21,[8 1],25,-1,90,-1,69
1,<environment.Job instance at 0x7f4f65858aa0>,30,22,[ 1 12],31,-1,115,-1,93
1,<environment.Job instance at 0x7f4f658584b0>,32,18,[ 4 11],33,-1,126,-1,108
1,<environment.Job instance at 0x7f4f5c4ec140>,33,25,[5 6],34,-1,133,-1,108
1,<environment.Job instance at 0x7f4f5c4ec3c0>,34,26,[ 3 12],35,-1,134,-1,108
1,<environment.Job instance at 0x7f4f5c4eccd0>,35,13,[ 4 13],36,-1,121,-1,108
1,<environment.Job instance at 0x7f4f5c4ec550>,36,2,[10  5],37,-1,111,-1,109
1,<environment.Job instance at 0x7f4f5c4ec500>,37,27,[5 7],38,-1,136,-1,109
1,<environment.Job instance at 0x7f4f5c4ec5f0>,38,20,[ 4 14],39,-1,129,-1,109
1,<environment.Job instance at 0x7f4f5c4ec370>,41,23,[11  4],42,-1,148,-1,125
1,<environment.Job instance at 0x7f4f655ff7d0>,43,23,[2 7],44,-1,154,-1,131
1,<environment.Job instance at 0x7f4f655ff910>,44,15,[12  4],45,-1,146,-1,131
1,<environment.Job instance at 0x7f4f655ff460>,45,2,[ 1 12],46,-1,133,-1,131
1,<environment.Job instance at 0x7f4f5bdcae60>,48,28,[6 4],49,-1,168,-1,140
1,<environment.Job instance at 0x7f4f5bdca870>,49,14,[14  3],50,-1,154,-1,140
1,<environment.Job instance at 0x7f4f5bdcac80>,51,25,[ 2 14],52,-1,168,-1,143
1,<environment.Job instance at 0x7f4f5bdca460>,55,3,[ 3 14],56,-1,174,-1,171
1,<environment.Job instance at 0x7f4f5bdca640>,56,27,[10  1],57,-1,198,-1,171
1,<environment.Job instance at 0x7f4f5c24f3c0>,68,14,[14  5],69,-1,288,-1,274
1,<environment.Job instance at 0x7f4f5c520af0>,69,1,[ 3 12],70,-1,275,-1,274
1,<environment.Job instance at 0x7f4f5c520370>,71,2,[5 6],72,-1,288,-1,286
1,<environment.Job instance at 0x7f4f5c5200f0>,72,13,[ 2 13],73,-1,299,-1,286
1,<environment.Job instance at 0x7f4f5c54fcd0>,2,1,[10  4],3,-1,4,-1,3
1,<environment.Job instance at 0x7f4f65cf58c0>,6,18,[14  2],7,-1,25,-1,7
1,<environment.Job instance at 0x7f4f5c6d97d0>,7,27,[5 7],8,-1,35,-1,8
1,<environment.Job instance at 0x7f4f5c6d99b0>,9,21,[12  3],10,-1,31,-1,10
1,<environment.Job instance at 0x7f4f5c6d9230>,10,12,[ 5 12],11,-1,23,-1,11
1,<environment.Job instance at 0x7f4f5c6d9140>,12,16,[ 2 13],13,-1,29,-1,13
1,<environment.Job instance at 0x7f4f5ba7aeb0>,17,20,[ 2 13],18,-1,39,-1,19
1,<environment.Job instance at 0x7f4f5c9afeb0>,18,27,[4 9],19,-1,46,-1,19
1,<environment.Job instance at 0x7f4f5ba7a190>,19,3,[ 2 13],20,-1,23,-1,20
1,<environment.Job instance at 0x7f4f5cb47e60>,20,13,[ 4 12],21,-1,34,-1,21
1,<environment.Job instance at 0x7f4f5c48ed70>,22,25,[2 7],23,-1,50,-1,25
1,<environment.Job instance at 0x7f4f5c47ef00>,32,28,[5 7],33,-1,163,-1,135
1,<environment.Job instance at 0x7f4f5c41d320>,33,12,[ 4 11],34,-1,147,-1,135
1,<environment.Job instance at 0x7f4f5c41da00>,34,25,[13  4],35,-1,160,-1,135
1,<environment.Job instance at 0x7f4f5ceb4410>,35,21,[ 1 12],36,-1,156,-1,135
1,<environment.Job instance at 0x7f4f5ceb4d20>,36,22,[ 4 10],37,-1,169,-1,147
1,<environment.Job instance at 0x7f4f5ceb4190>,37,22,[13  5],38,-1,169,-1,147
1,<environment.Job instance at 0x7f4f5c94f460>,38,28,[13  2],39,-1,175,-1,147
1,<environment.Job instance at 0x7f4f5c751050>,40,24,[7 3],41,-1,172,-1,148
1,<environment.Job instance at 0x7f4f6563e230>,42,26,[5 8],43,-1,175,-1,149
1,<environment.Job instance at 0x7f4f5bba17d0>,45,2,[5 5],46,-1,158,-1,156
1,<environment.Job instance at 0x7f4f5bba1c30>,46,2,[ 5 13],47,-1,158,-1,156
1,<environment.Job instance at 0x7f4f5bba1870>,47,13,[ 1 14],48,-1,169,-1,156
1,<environment.Job instance at 0x7f4f655c36e0>,50,21,[13  2],51,-1,190,-1,169
1,<environment.Job instance at 0x7f4f655c3a00>,51,1,[9 1],52,-1,170,-1,169
1,<environment.Job instance at 0x7f4f655c3370>,52,18,[ 2 11],53,-1,187,-1,169
1,<environment.Job instance at 0x7f4f655c3140>,53,3,[8 2],54,-1,172,-1,169
1,<environment.Job instance at 0x7f4f655c3460>,55,2,[5 4],56,-1,182,-1,180
1,<environment.Job instance at 0x7f4f5cf6da00>,59,18,[ 5 14],60,-1,220,-1,202
1,<environment.Job instance at 0x7f4f5cf6daa0>,60,17,[ 3 13],61,-1,219,-1,202
1,<environment.Job instance at 0x7f4f5cf6de60>,61,23,[13  3],62,-1,225,-1,202
1,<environment.Job instance at 0x7f4f5b73baa0>,62,18,[ 2 12],63,-1,220,-1,202
1,<environment.Job instance at 0x7f4f5cf6deb0>,63,13,[11  1],64,-1,215,-1,202
1,<environment.Job instance at 0x7f4f5babee10>,66,26,[7 4],67,-1,241,-1,215
1,<environment.Job instance at 0x7f4f5babec30>,67,12,[13  4],68,-1,227,-1,215
1,<environment.Job instance at 0x7f4f5babecd0>,68,13,[ 2 12],69,-1,228,-1,215
1,<environment.Job instance at 0x7f4f5ca66dc0>,71,13,[14  4],72,-1,243,-1,230
1,<environment.Job instance at 0x7f4f65bed730>,72,16,[14  2],73,-1,246,-1,230
1,<environment.Job instance at 0x7f4f65a7a230>,74,3,[5 1],75,-1,251,-1,248
1,<environment.Job instance at 0x7f4f655ffb40>,76,24,[5 9],77,-1,273,-1,249
1,<environment.Job instance at 0x7f4f655ff960>,77,12,[ 3 14],78,-1,261,-1,249
1,<environment.Job instance at 0x7f4f5b7361e0>,4,26,[5 7],5,-1,31,-1,5
1,<environment.Job instance at 0x7f4f5b736640>,7,27,[9 4],8,-1,37,-1,10
1,<environment.Job instance at 0x7f4f5b736be0>,10,17,[ 5 12],11,-1,28,-1,11
1,<environment.Job instance at 0x7f4f5c30e0f0>,20,17,[ 1 13],21,-1,73,-1,56
1,<environment.Job instance at 0x7f4f5c30ee10>,21,25,[4 9],22,-1,81,-1,56
1,<environment.Job instance at 0x7f4f5c9a5c80>,23,14,[13  3],24,-1,75,-1,61
1,<environment.Job instance at 0x7f4f5c30bbe0>,27,2,[6 3],28,-1,85,-1,83
1,<environment.Job instance at 0x7f4f5ca6e500>,33,12,[ 3 10],34,-1,133,-1,121
1,<environment.Job instance at 0x7f4f5c50f550>,34,12,[11  4],35,-1,133,-1,121
1,<environment.Job instance at 0x7f4f5ca64690>,40,17,[ 2 14],41,-1,168,-1,151
1,<environment.Job instance at 0x7f4f5c735aa0>,42,12,[13  4],43,-1,179,-1,167
1,<environment.Job instance at 0x7f4f5ca51780>,45,17,[14  2],46,-1,192,-1,175
1,<environment.Job instance at 0x7f4f5ca51370>,46,17,[ 1 12],47,-1,192,-1,175
1,<environment.Job instance at 0x7f4f5c67eeb0>,48,2,[8 1],49,-1,186,-1,184
1,<environment.Job instance at 0x7f4f5bdcb500>,49,27,[11  4],50,-1,211,-1,184
1,<environment.Job instance at 0x7f4f5c503e60>,50,15,[ 2 13],51,-1,199,-1,184
1,<environment.Job instance at 0x7f4f5c602be0>,53,16,[11  3],54,-1,207,-1,191
1,<environment.Job instance at 0x7f4f5cf21f00>,54,25,[6 2],55,-1,217,-1,192
1,<environment.Job instance at 0x7f4f5c6170a0>,55,17,[13  1],56,-1,209,-1,192
1,<environment.Job instance at 0x7f4f5bb74960>,56,23,[8 2],57,-1,215,-1,192
1,<environment.Job instance at 0x7f4f5c0b35f0>,57,26,[ 2 11],58,-1,218,-1,192
1,<environment.Job instance at 0x7f4f5bb74780>,58,1,[6 4],59,-1,193,-1,192
1,<environment.Job instance at 0x7f4f5c054f00>,60,26,[2 7],61,-1,227,-1,201
1,<environment.Job instance at 0x7f4f5cb5e3c0>,63,24,[13  5],64,-1,241,-1,217
1,<environment.Job instance at 0x7f4f5d06ef00>,65,12,[14  3],66,-1,229,-1,217
1,<environment.Job instance at 0x7f4f5b8f9820>,68,27,[6 5],69,-1,262,-1,235
1,<environment.Job instance at 0x7f4f657a7690>,70,13,[11  1],71,-1,257,-1,244
1,<environment.Job instance at 0x7f4f5cbb26e0>,75,1,[6 3],76,-1,279,-1,278
1,<environment.Job instance at 0x7f4f5c139fa0>,3,25,[ 5 10],4,-1,29,-1,4
1,<environment.Job instance at 0x7f4f5c1269b0>,6,15,[ 3 14],7,-1,22,-1,7
1,<environment.Job instance at 0x7f4f5c139730>,8,27,[7 4],9,-1,37,-1,10
1,<environment.Job instance at 0x7f4f5c126c80>,16,14,[ 4 12],17,-1,62,-1,48
1,<environment.Job instance at 0x7f4f5c126280>,18,25,[ 1 14],19,-1,73,-1,48
1,<environment.Job instance at 0x7f4f5c126230>,19,14,[11  5],20,-1,62,-1,48
1,<environment.Job instance at 0x7f4f5c126a50>,21,23,[ 4 13],22,-1,80,-1,57
1,<environment.Job instance at 0x7f4f5c126af0>,22,19,[11  1],23,-1,76,-1,57
1,<environment.Job instance at 0x7f4f5c126f00>,23,18,[ 4 11],24,-1,75,-1,57
1,<environment.Job instance at 0x7f4f5c153640>,32,16,[14  3],33,-1,135,-1,119
1,<environment.Job instance at 0x7f4f5c153910>,33,3,[2 8],34,-1,122,-1,119
1,<environment.Job instance at 0x7f4f5c1537d0>,34,3,[ 3 10],35,-1,122,-1,119
1,<environment.Job instance at 0x7f4f5c153f50>,39,2,[6 2],40,-1,154,-1,152
1,<environment.Job instance at 0x7f4f5bd8f6e0>,40,14,[11  3],41,-1,166,-1,152
1,<environment.Job instance at 0x7f4f5bd8f320>,41,2,[2 7],42,-1,154,-1,152
1,<environment.Job instance at 0x7f4f5bd8f8c0>,42,12,[11  2],43,-1,164,-1,152
1,<environment.Job instance at 0x7f4f5bd8fa00>,43,3,[9 1],44,-1,155,-1,152
1,<environment.Job instance at 0x7f4f5c50a2d0>,45,22,[6 1],46,-1,174,-1,152
1,<environment.Job instance at 0x7f4f5cbadc80>,46,15,[7 1],47,-1,167,-1,152
1,<environment.Job instance at 0x7f4f5c23abe0>,48,12,[5 9],49,-1,189,-1,177
1,<environment.Job instance at 0x7f4f5c23aeb0>,51,17,[8 1],52,-1,200,-1,183
1,<environment.Job instance at 0x7f4f5cc7a6e0>,52,23,[ 3 10],53,-1,206,-1,183
1,<environment.Job instance at 0x7f4f5cc7af50>,54,12,[7 5],55,-1,196,-1,184
1,<environment.Job instance at 0x7f4f5b63cfa0>,56,14,[13  2],57,-1,214,-1,200
1,<environment.Job instance at 0x7f4f5cb3b3c0>,57,22,[5 7],58,-1,223,-1,201
1,<environment.Job instance at 0x7f4f5cb3bfa0>,58,24,[ 1 14],59,-1,225,-1,201
1,<environment.Job instance at 0x7f4f5bac04b0>,59,2,[7 5],60,-1,203,-1,201
1,<environment.Job instance at 0x7f4f5bac02d0>,60,1,[8 3],61,-1,202,-1,201
1,<environment.Job instance at 0x7f4f656da0a0>,63,1,[7 1],64,-1,214,-1,213
1,<environment.Job instance at 0x7f4f656da1e0>,64,23,[5 5],65,-1,236,-1,213
1,<environment.Job instance at 0x7f4f5c29e5f0>,65,23,[ 2 12],66,-1,236,-1,213
1,<environment.Job instance at 0x7f4f5c12ba00>,67,25,[7 3],68,-1,252,-1,227
1,<environment.Job instance at 0x7f4f5bba15f0>,68,1,[12  5],69,-1,228,-1,227
1,<environment.Job instance at 0x7f4f5b980230>,69,13,[11  2],70,-1,240,-1,227
1,<environment.Job instance at 0x7f4f5ca518c0>,70,27,[5 2],71,-1,254,-1,227
1,<environment.Job instance at 0x7f4f5c4fabe0>,73,3,[ 3 10],74,-1,236,-1,233
1,<environment.Job instance at 0x7f4f5bd2cd20>,7,26,[3 7],8,-1,35,-1,9
1,<environment.Job instance at 0x7f4f5bd2c370>,9,14,[ 3 14],10,-1,24,-1,10
1,<environment.Job instance at 0x7f4f5ca52f50>,16,18,[ 4 10],17,-1,69,-1,51
1,<environment.Job instance at 0x7f4f5ca52500>,19,28,[11  4],20,-1,79,-1,51
1,<environment.Job instance at 0x7f4f5ca52820>,20,22,[ 5 12],21,-1,73,-1,51
1,<environment.Job instance at 0x7f4f5c561410>,22,25,[9 5],23,-1,87,-1,62
1,<environment.Job instance at 0x7f4f5c569a00>,23,22,[3 8],24,-1,84,-1,62
1,<environment.Job instance at 0x7f4f5c126820>,25,12,[9 1],26,-1,74,-1,62
1,<environment.Job instance at 0x7f4f5ca4fbe0>,26,22,[ 1 13],27,-1,84,-1,62
1,<environment.Job instance at 0x7f4f5c1263c0>,27,14,[ 2 11],28,-1,76,-1,62
1,<environment.Job instance at 0x7f4f5ca4d5f0>,30,27,[3 6],31,-1,108,-1,81
1,<environment.Job instance at 0x7f4f5c14fb40>,31,2,[12  1],32,-1,83,-1,81
1,<environment.Job instance at 0x7f4f5cf25f00>,32,13,[5 5],33,-1,94,-1,81
1,<environment.Job instance at 0x7f4f5bdb08c0>,33,18,[11  2],34,-1,99,-1,81
1,<environment.Job instance at 0x7f4f5bb61e10>,34,14,[ 3 10],35,-1,95,-1,81
1,<environment.Job instance at 0x7f4f5ca56550>,35,27,[8 1],36,-1,108,-1,81
1,<environment.Job instance at 0x7f4f5ca61fa0>,38,1,[4 7],39,-1,97,-1,96
1,<environment.Job instance at 0x7f4f5ca61b90>,40,20,[14  2],41,-1,135,-1,115
1,<environment.Job instance at 0x7f4f5c512690>,41,22,[10  5],42,-1,137,-1,115
1,<environment.Job instance at 0x7f4f5bb9ddc0>,42,1,[ 5 14],43,-1,116,-1,115
1,<environment.Job instance at 0x7f4f5c5125a0>,43,16,[12  5],44,-1,131,-1,115
1,<environment.Job instance at 0x7f4f5bdb3be0>,44,12,[ 1 10],45,-1,127,-1,115
1,<environment.Job instance at 0x7f4f5bb9db40>,45,18,[11  4],46,-1,133,-1,115
1,<environment.Job instance at 0x7f4f5c6f6320>,48,23,[2 5],49,-1,149,-1,126
1,<environment.Job instance at 0x7f4f5c6f6cd0>,49,13,[14  3],50,-1,139,-1,126
1,<environment.Job instance at 0x7f4f5c6f6a00>,50,18,[ 5 11],51,-1,144,-1,126
1,<environment.Job instance at 0x7f4f5c6f6410>,53,14,[13  2],54,-1,163,-1,149
1,<environment.Job instance at 0x7f4f5c5b1730>,54,2,[7 1],55,-1,151,-1,149
1,<environment.Job instance at 0x7f4f5c5b1780>,55,22,[2 8],56,-1,180,-1,158
1,<environment.Job instance at 0x7f4f5c5b1d70>,58,23,[7 4],59,-1,181,-1,158
1,<environment.Job instance at 0x7f4f5c5b11e0>,59,25,[ 4 12],60,-1,183,-1,158
1,<environment.Job instance at 0x7f4f5c77ba50>,62,1,[4 7],63,-1,174,-1,173
1,<environment.Job instance at 0x7f4f5c5b15f0>,63,25,[ 2 10],64,-1,198,-1,173
1,<environment.Job instance at 0x7f4f5c5b1820>,64,14,[11  3],65,-1,187,-1,173
1,<environment.Job instance at 0x7f4f5caf91e0>,72,1,[5 6],73,-1,235,-1,234
1,<environment.Job instance at 0x7f4f5caf9cd0>,73,12,[8 3],74,-1,248,-1,236
1,<environment.Job instance at 0x7f4f5caf9c80>,74,25,[9 4],75,-1,261,-1,236
1,<environment.Job instance at 0x7f4f5caf9820>,75,3,[6 3],76,-1,239,-1,236
1,<environment.Job instance at 0x7f4f5caf90f0>,76,2,[12  3],77,-1,238,-1,236
1,<environment.Job instance at 0x7f4f5cc1ec30>,77,23,[4 8],78,-1,259,-1,236
1,<environment.Job instance at 0x7f4f5cc1e690>,78,13,[9 1],79,-1,259,-1,246
1,<environment.Job instance at 0x7f4f5ca4db90>,29,15,[ 5 14],30,-1,1583,-1,1568
1,<environment.Job instance at 0x7f4f5c5b10f0>,56,26,[12  3],57,-1,1599,-1,1573
1,<environment.Job instance at 0x7f4f5ca46050>,1,15,[12  2],2,-1,17,-1,2
1,<environment.Job instance at 0x7f4f5c8c8c80>,4,26,[13  3],5,-1,31,-1,5
1,<environment.Job instance at 0x7f4f5c5b10f0>,6,27,[7 3],7,-1,34,-1,7
1,<environment.Job instance at 0x7f4f5c8c8d70>,5,23,[9 5],6,-1,30,-1,7
1,<environment.Job instance at 0x7f4f5c8c8e10>,10,25,[9 5],11,-1,36,-1,11
1,<environment.Job instance at 0x7f4f5c8ec410>,14,23,[6 1],15,-1,43,-1,20
1,<environment.Job instance at 0x7f4f5c8ec550>,16,2,[ 4 14],17,-1,22,-1,20
1,<environment.Job instance at 0x7f4f5c8ec5f0>,17,23,[10  3],18,-1,43,-1,20
1,<environment.Job instance at 0x7f4f5c8ec690>,18,14,[ 1 11],19,-1,34,-1,20
1,<environment.Job instance at 0x7f4f5c8ec820>,21,23,[ 2 12],22,-1,64,-1,41
1,<environment.Job instance at 0x7f4f5c8ec370>,22,27,[8 3],23,-1,68,-1,41
1,<environment.Job instance at 0x7f4f5c8ecd70>,27,25,[9 4],28,-1,87,-1,62
1,<environment.Job instance at 0x7f4f5c8eceb0>,30,3,[3 9],31,-1,82,-1,79
1,<environment.Job instance at 0x7f4f5c8ecfa0>,31,28,[ 5 13],32,-1,107,-1,79
1,<environment.Job instance at 0x7f4f5c8ecd20>,32,15,[12  1],33,-1,94,-1,79
1,<environment.Job instance at 0x7f4f5c8ecf50>,33,3,[ 5 14],34,-1,82,-1,79
1,<environment.Job instance at 0x7f4f5bf9d230>,35,26,[4 9],36,-1,116,-1,90
1,<environment.Job instance at 0x7f4f5bf9d2d0>,36,27,[10  5],37,-1,117,-1,90
1,<environment.Job instance at 0x7f4f5bf9d550>,40,3,[1 6],41,-1,117,-1,114
1,<environment.Job instance at 0x7f4f5bf9d6e0>,41,16,[13  4],42,-1,130,-1,114
1,<environment.Job instance at 0x7f4f5bf9d870>,43,16,[ 5 12],44,-1,138,-1,122
1,<environment.Job instance at 0x7f4f5bf9da00>,46,3,[6 1],47,-1,144,-1,141
1,<environment.Job instance at 0x7f4f5bf9daa0>,47,12,[ 2 12],48,-1,153,-1,141
1,<environment.Job instance at 0x7f4f5bf9db40>,48,2,[6 2],49,-1,143,-1,141
1,<environment.Job instance at 0x7f4f5bf9de60>,53,18,[ 1 11],54,-1,188,-1,170
1,<environment.Job instance at 0x7f4f5bf9df00>,54,3,[3 7],55,-1,173,-1,170
1,<environment.Job instance at 0x7f4f5c1488c0>,58,16,[ 2 13],59,-1,209,-1,193
1,<environment.Job instance at 0x7f4f5c8ea0f0>,59,16,[ 5 12],60,-1,209,-1,193
1,<environment.Job instance at 0x7f4f5c8ea500>,60,12,[11  1],61,-1,205,-1,193
1,<environment.Job instance at 0x7f4f5c8d7320>,62,15,[11  4],63,-1,228,-1,213
1,<environment.Job instance at 0x7f4f5c8d7410>,63,17,[ 2 14],64,-1,230,-1,213
1,<environment.Job instance at 0x7f4f5c8d7370>,64,26,[10  5],65,-1,239,-1,213
1,<environment.Job instance at 0x7f4f5c8d7a50>,65,2,[7 5],66,-1,215,-1,213
1,<environment.Job instance at 0x7f4f5c8d75f0>,69,25,[1 7],70,-1,256,-1,231
1,<environment.Job instance at 0x7f4f5b86f140>,74,27,[3 8],75,-1,286,-1,259
1,<environment.Job instance at 0x7f4f5cc60b90>,77,28,[2 6],78,-1,291,-1,263
1,<environment.Job instance at 0x7f4f5cbdd910>,78,28,[7 1],79,-1,291,-1,263
1,<environment.Job instance at 0x7f4f5c87daf0>,4,15,[ 1 12],5,-1,20,-1,5
1,<environment.Job instance at 0x7f4f5c8aaa00>,36,16,[ 3 13],37,-1,259,-1,243
1,<environment.Job instance at 0x7f4f5c8aa0f0>,37,23,[11  4],38,-1,266,-1,243
1,<environment.Job instance at 0x7f4f5c8b40a0>,48,14,[14  2],49,-1,340,-1,326
1,<environment.Job instance at 0x7f4f5c8b4730>,49,13,[14  4],50,-1,339,-1,326
1,<environment.Job instance at 0x7f4f5c8b4dc0>,50,15,[ 4 12],51,-1,341,-1,326
1,<environment.Job instance at 0x7f4f5c8b4af0>,52,26,[8 3],53,-1,354,-1,328
1,<environment.Job instance at 0x7f4f5c8b4eb0>,54,24,[3 9],55,-1,364,-1,340
1,<environment.Job instance at 0x7f4f5c8b42d0>,57,13,[13  2],58,-1,360,-1,347
1,<environment.Job instance at 0x7f4f5c8b46e0>,58,1,[5 5],59,-1,348,-1,347
1,<environment.Job instance at 0x7f4f5c8b4b90>,59,1,[8 2],60,-1,348,-1,347
1,<environment.Job instance at 0x7f4f5c8b4870>,61,14,[ 3 13],62,-1,372,-1,358
1,<environment.Job instance at 0x7f4f5b86f050>,70,26,[ 2 10],71,-1,427,-1,401
1,<environment.Job instance at 0x7f4f5c083d20>,3,23,[ 5 10],4,-1,27,-1,4
1,<environment.Job instance at 0x7f4f5cfad460>,9,16,[11  5],10,-1,27,-1,11
1,<environment.Job instance at 0x7f4f5cfad140>,11,1,[ 3 12],12,-1,13,-1,12
1,<environment.Job instance at 0x7f4f5cfad3c0>,12,25,[10  3],13,-1,38,-1,13
1,<environment.Job instance at 0x7f4f5cfad640>,13,14,[ 5 12],14,-1,28,-1,14
1,<environment.Job instance at 0x7f4f5cfad1e0>,14,20,[ 3 14],15,-1,35,-1,15
1,<environment.Job instance at 0x7f4f5cfad410>,15,24,[13  2],16,-1,40,-1,16
1,<environment.Job instance at 0x7f4f5cfadfa0>,19,28,[6 1],20,-1,53,-1,25
1,<environment.Job instance at 0x7f4f5cfadf50>,24,18,[ 1 13],25,-1,82,-1,64
1,<environment.Job instance at 0x7f4f5cfad910>,26,13,[11  3],27,-1,77,-1,64
1,<environment.Job instance at 0x7f4f5c0b07d0>,27,28,[7 5],28,-1,92,-1,64
1,<environment.Job instance at 0x7f4f5c0b0410>,29,2,[14  5],30,-1,66,-1,64
1,<environment.Job instance at 0x7f4f5c0b0140>,30,26,[13  1],31,-1,90,-1,64
1,<environment.Job instance at 0x7f4f5c0b0c30>,32,3,[10  1],33,-1,85,-1,82
1,<environment.Job instance at 0x7f4f5c0b03c0>,34,1,[5 1],35,-1,98,-1,97
1,<environment.Job instance at 0x7f4f5c0b0b40>,37,26,[ 5 12],38,-1,128,-1,102
1,<environment.Job instance at 0x7f4f5c0b0be0>,38,26,[2 8],39,-1,128,-1,102
1,<environment.Job instance at 0x7f4f5c0b0820>,41,16,[ 2 13],42,-1,125,-1,109
1,<environment.Job instance at 0x7f4f5c0b0870>,42,23,[7 1],43,-1,135,-1,112
1,<environment.Job instance at 0x7f4f5c0b0f00>,43,13,[13  4],44,-1,125,-1,112
1,<environment.Job instance at 0x7f4f5c0b0320>,44,18,[14  3],45,-1,130,-1,112
1,<environment.Job instance at 0x7f4f5c0b0c80>,46,24,[14  5],47,-1,139,-1,115
1,<environment.Job instance at 0x7f4f5c0b09b0>,47,25,[ 4 12],48,-1,140,-1,115
1,<environment.Job instance at 0x7f4f5c29e910>,49,18,[12  3],50,-1,142,-1,124
1,<environment.Job instance at 0x7f4f5c29ec30>,51,18,[ 2 11],52,-1,151,-1,133
1,<environment.Job instance at 0x7f4f5c29ed70>,52,13,[11  3],53,-1,146,-1,133
1,<environment.Job instance at 0x7f4f5c29e410>,53,18,[13  2],54,-1,151,-1,133
1,<environment.Job instance at 0x7f4f5c29e280>,54,2,[7 1],55,-1,135,-1,133
1,<environment.Job instance at 0x7f4f5c29e190>,55,23,[ 5 13],56,-1,156,-1,133
1,<environment.Job instance at 0x7f4f5c29e8c0>,56,23,[2 7],57,-1,166,-1,143
1,<environment.Job instance at 0x7f4f5c29ec80>,57,28,[ 1 10],58,-1,171,-1,143
1,<environment.Job instance at 0x7f4f5c29e500>,59,12,[ 4 14],60,-1,155,-1,143
1,<environment.Job instance at 0x7f4f5c29ea00>,60,2,[10  3],61,-1,145,-1,143
1,<environment.Job instance at 0x7f4f5c29ebe0>,64,3,[9 1],65,-1,158,-1,155
1,<environment.Job instance at 0x7f4f5c29e780>,65,18,[ 5 11],66,-1,173,-1,155
1,<environment.Job instance at 0x7f4f5c29e140>,67,1,[12  3],68,-1,168,-1,167
1,<environment.Job instance at 0x7f4f5c29e550>,68,25,[13  1],69,-1,192,-1,167
1,<environment.Job instance at 0x7f4f5c006550>,70,1,[2 5],71,-1,168,-1,167
1,<environment.Job instance at 0x7f4f5c0064b0>,72,16,[14  4],73,-1,196,-1,180
1,<environment.Job instance at 0x7f4f5c006af0>,73,17,[13  5],74,-1,197,-1,180
1,<environment.Job instance at 0x7f4f5c006d70>,75,24,[12  4],76,-1,206,-1,182
1,<environment.Job instance at 0x7f4f5c006c80>,76,25,[6 3],77,-1,207,-1,182
1,<environment.Job instance at 0x7f4f5c0062d0>,77,27,[9 5],78,-1,209,-1,182
1,<environment.Job instance at 0x7f4f5cee5460>,15,19,[ 2 12],16,-1,64,-1,45
1,<environment.Job instance at 0x7f4f5ca98500>,17,26,[12  4],18,-1,78,-1,52
1,<environment.Job instance at 0x7f4f5c1eb6e0>,19,16,[ 5 11],20,-1,68,-1,52
1,<environment.Job instance at 0x7f4f5cab1780>,24,1,[ 4 11],25,-1,97,-1,96
1,<environment.Job instance at 0x7f4f5ca85cd0>,27,2,[5 1],28,-1,98,-1,96
1,<environment.Job instance at 0x7f4f5ca855f0>,28,18,[14  5],29,-1,114,-1,96
1,<environment.Job instance at 0x7f4f5c21ddc0>,29,15,[ 1 12],30,-1,111,-1,96
1,<environment.Job instance at 0x7f4f5c21d190>,33,14,[ 5 11],34,-1,124,-1,110
1,<environment.Job instance at 0x7f4f5c21d7d0>,37,16,[14  4],38,-1,149,-1,133
1,<environment.Job instance at 0x7f4f5ca84f00>,39,16,[ 3 14],40,-1,160,-1,144
1,<environment.Job instance at 0x7f4f5c215960>,44,23,[14  2],45,-1,203,-1,180
1,<environment.Job instance at 0x7f4f5bfb35f0>,45,24,[5 9],46,-1,204,-1,180
1,<environment.Job instance at 0x7f4f5bfda5f0>,47,28,[ 2 11],48,-1,220,-1,192
1,<environment.Job instance at 0x7f4f5caaaaf0>,48,18,[14  3],49,-1,210,-1,192
1,<environment.Job instance at 0x7f4f5bfda230>,49,3,[1 5],50,-1,195,-1,192
1,<environment.Job instance at 0x7f4f5bfd2af0>,50,23,[2 9],51,-1,215,-1,192
1,<environment.Job instance at 0x7f4f5cabc4b0>,53,2,[9 2],54,-1,201,-1,199
1,<environment.Job instance at 0x7f4f5cabc280>,54,3,[6 2],55,-1,202,-1,199
1,<environment.Job instance at 0x7f4f5cabc2d0>,56,3,[13  3],57,-1,215,-1,212
1,<environment.Job instance at 0x7f4f5ca9e320>,57,1,[ 4 14],58,-1,213,-1,212
1,<environment.Job instance at 0x7f4f5ca9e870>,58,14,[ 3 14],59,-1,226,-1,212
1,<environment.Job instance at 0x7f4f5ca9ed20>,60,16,[14  1],61,-1,230,-1,214
1,<environment.Job instance at 0x7f4f5ca9e500>,63,1,[ 5 13],64,-1,230,-1,229
1,<environment.Job instance at 0x7f4f5ca9e4b0>,64,26,[4 8],65,-1,255,-1,229
1,<environment.Job instance at 0x7f4f5ca90f50>,70,23,[ 5 11],71,-1,309,-1,286
1,<environment.Job instance at 0x7f4f5ca9e690>,71,24,[9 1],72,-1,310,-1,286
1,<environment.Job instance at 0x7f4f5c1f90a0>,76,26,[11  3],77,-1,326,-1,300
1,<environment.Job instance at 0x7f4f5c1f9410>,77,1,[9 1],78,-1,301,-1,300
1,<environment.Job instance at 0x7f4f5c1f9050>,78,24,[7 1],79,-1,324,-1,300
1,<environment.Job instance at 0x7f4f5c041230>,3,27,[7 2],4,-1,31,-1,4
1,<environment.Job instance at 0x7f4f5c041690>,6,12,[ 2 14],7,-1,20,-1,8
1,<environment.Job instance at 0x7f4f5b7b2e60>,5,21,[10  1],6,-1,41,-1,20
1,<environment.Job instance at 0x7f4f5c041320>,10,25,[12  1],11,-1,45,-1,20
1,<environment.Job instance at 0x7f4f5c02d190>,11,26,[10  2],12,-1,46,-1,20
1,<environment.Job instance at 0x7f4f5c02d140>,12,3,[4 8],13,-1,23,-1,20
1,<environment.Job instance at 0x7f4f5c02d2d0>,14,12,[13  2],15,-1,34,-1,22
1,<environment.Job instance at 0x7f4f5c02d280>,15,22,[6 2],16,-1,48,-1,26
1,<environment.Job instance at 0x7f4f5c02d4b0>,16,26,[2 8],17,-1,52,-1,26
1,<environment.Job instance at 0x7f4f5c02d370>,17,1,[4 7],18,-1,27,-1,26
1,<environment.Job instance at 0x7f4f5c02cdc0>,18,12,[10  2],19,-1,38,-1,26
1,<environment.Job instance at 0x7f4f5c02caa0>,19,14,[ 2 13],20,-1,40,-1,26
1,<environment.Job instance at 0x7f4f5c02cc80>,23,27,[ 1 13],24,-1,80,-1,53
1,<environment.Job instance at 0x7f4f5c02c730>,24,18,[11  3],25,-1,71,-1,53
1,<environment.Job instance at 0x7f4f5c022dc0>,32,13,[5 1],33,-1,124,-1,111
1,<environment.Job instance at 0x7f4f5c022eb0>,33,20,[4 9],34,-1,131,-1,111
1,<environment.Job instance at 0x7f4f5c0229b0>,34,2,[5 7],35,-1,113,-1,111
1,<environment.Job instance at 0x7f4f5c0227d0>,35,12,[1 6],36,-1,123,-1,111
1,<environment.Job instance at 0x7f4f5c022aa0>,36,1,[6 3],37,-1,112,-1,111
1,<environment.Job instance at 0x7f4f5c022b90>,37,16,[12  2],38,-1,127,-1,111
1,<environment.Job instance at 0x7f4f5c022c30>,38,17,[ 2 13],39,-1,128,-1,111
1,<environment.Job instance at 0x7f4f5c022d70>,39,27,[5 5],40,-1,138,-1,111
1,<environment.Job instance at 0x7f4f5c0221e0>,43,13,[8 3],44,-1,138,-1,125
1,<environment.Job instance at 0x7f4f5c127e60>,45,15,[ 5 12],46,-1,153,-1,138
1,<environment.Job instance at 0x7f4f5c1279b0>,46,17,[1 8],47,-1,157,-1,140
1,<environment.Job instance at 0x7f4f5c127640>,47,25,[1 9],48,-1,165,-1,140
1,<environment.Job instance at 0x7f4f5c127b90>,48,17,[11  5],49,-1,157,-1,140
1,<environment.Job instance at 0x7f4f5c127280>,49,17,[ 5 11],50,-1,157,-1,140
1,<environment.Job instance at 0x7f4f5c127460>,50,14,[14  3],51,-1,154,-1,140
1,<environment.Job instance at 0x7f4f5c127320>,51,17,[5 1],52,-1,157,-1,140
1,<environment.Job instance at 0x7f4f5c127f50>,52,3,[7 2],53,-1,143,-1,140
1,<environment.Job instance at 0x7f4f5c127140>,53,15,[14  5],54,-1,155,-1,140
1,<environment.Job instance at 0x7f4f5c127190>,54,14,[14  4],55,-1,154,-1,140
1,<environment.Job instance at 0x7f4f5c1275a0>,55,17,[ 2 12],56,-1,157,-1,140
1,<environment.Job instance at 0x7f4f5c13daf0>,56,28,[5 9],57,-1,168,-1,140
1,<environment.Job instance at 0x7f4f5c13de10>,57,26,[9 4],58,-1,166,-1,140
1,<environment.Job instance at 0x7f4f5c13d0a0>,59,25,[11  1],60,-1,165,-1,140
1,<environment.Job instance at 0x7f4f5c13d550>,61,1,[13  2],62,-1,157,-1,156
1,<environment.Job instance at 0x7f4f5c13d410>,62,14,[13  2],63,-1,170,-1,156
1,<environment.Job instance at 0x7f4f5c13d730>,64,26,[4 7],65,-1,182,-1,156
1,<environment.Job instance at 0x7f4f5c13da50>,65,2,[8 3],66,-1,158,-1,156
1,<environment.Job instance at 0x7f4f5c13d280>,67,18,[ 4 10],68,-1,178,-1,160
1,<environment.Job instance at 0x7f4f5c13d1e0>,69,15,[10  1],70,-1,190,-1,175
1,<environment.Job instance at 0x7f4f5c13d230>,70,3,[5 1],71,-1,178,-1,175
1,<environment.Job instance at 0x7f4f5c15f190>,72,14,[2 9],73,-1,189,-1,175
1,<environment.Job instance at 0x7f4f5c15f9b0>,73,20,[ 1 14],74,-1,195,-1,175
1,<environment.Job instance at 0x7f4f5c15fa50>,74,12,[ 3 14],75,-1,187,-1,175
1,<environment.Job instance at 0x7f4f5c15f640>,75,15,[ 1 10],76,-1,190,-1,175
1,<environment.Job instance at 0x7f4f5c15f7d0>,76,15,[7 1],77,-1,190,-1,175
1,<environment.Job instance at 0x7f4f5c041f50>,9,18,[ 5 12],10,-1,2217,-1,2199
1,<environment.Job instance at 0x7f4f5c041a50>,8,22,[13  4],9,-1,2332,-1,2310
1,<environment.Job instance at 0x7f4f5c041eb0>,2,15,[ 3 13],3,-1,18,-1,3
1,<environment.Job instance at 0x7f4f5c523eb0>,10,25,[5 8],11,-1,44,-1,19
1,<environment.Job instance at 0x7f4f5c523d70>,11,15,[11  2],12,-1,35,-1,20
1,<environment.Job instance at 0x7f4f5c523500>,12,15,[14  1],13,-1,35,-1,20
1,<environment.Job instance at 0x7f4f5c5239b0>,13,25,[ 2 10],14,-1,45,-1,20
1,<environment.Job instance at 0x7f4f5c523a00>,14,2,[ 2 10],15,-1,22,-1,20
1,<environment.Job instance at 0x7f4f5bfb1280>,15,23,[7 1],16,-1,45,-1,22
1,<environment.Job instance at 0x7f4f5bfb1500>,17,26,[1 7],18,-1,48,-1,22
1,<environment.Job instance at 0x7f4f65629d20>,19,13,[ 2 12],20,-1,36,-1,23
1,<environment.Job instance at 0x7f4f5c39fe10>,20,27,[ 1 14],21,-1,50,-1,23
1,<environment.Job instance at 0x7f4f5b658b90>,31,1,[ 2 13],32,-1,94,-1,93
1,<environment.Job instance at 0x7f831395fb40>,3,18,[ 4 14],4,-1,22,-1,4
1,<environment.Job instance at 0x7f831cf4b1e0>,5,24,[1 5],6,-1,33,-1,9
1,<environment.Job instance at 0x7f831395fe10>,9,18,[ 2 13],10,-1,28,-1,10
1,<environment.Job instance at 0x7f831395ffa0>,10,18,[ 3 11],11,-1,29,-1,11
1,<environment.Job instance at 0x7f83139620a0>,11,15,[13  4],12,-1,27,-1,12
1,<environment.Job instance at 0x7f8313962140>,12,26,[ 1 12],13,-1,39,-1,13
1,<environment.Job instance at 0x7f83139625a0>,17,28,[ 5 10],18,-1,59,-1,31
1,<environment.Job instance at 0x7f8313962640>,18,18,[ 4 13],19,-1,49,-1,31
1,<environment.Job instance at 0x7f83139626e0>,19,14,[ 3 11],20,-1,45,-1,31
1,<environment.Job instance at 0x7f8313962780>,20,12,[13  5],21,-1,43,-1,31
1,<environment.Job instance at 0x7f8313962820>,21,1,[6 5],22,-1,32,-1,31
1,<environment.Job instance at 0x7f83139628c0>,22,1,[2 7],23,-1,32,-1,31
1,<environment.Job instance at 0x7f8313962960>,23,27,[ 1 14],24,-1,58,-1,31
1,<environment.Job instance at 0x7f8313962aa0>,25,27,[8 1],26,-1,72,-1,45
1,<environment.Job instance at 0x7f8313962b40>,26,26,[5 5],27,-1,71,-1,45
1,<environment.Job instance at 0x7f8313962410>,28,25,[5 7],29,-1,88,-1,63
1,<environment.Job instance at 0x7f8313962cd0>,29,25,[ 4 11],30,-1,88,-1,63
1,<environment.Job instance at 0x7f8313962c30>,30,22,[ 5 13],31,-1,85,-1,63
1,<environment.Job instance at 0x7f8313962fa0>,31,27,[4 8],32,-1,90,-1,63
1,<environment.Job instance at 0x7f8313962f50>,33,12,[11  3],34,-1,75,-1,63
1,<environment.Job instance at 0x7f8313965320>,37,13,[ 3 14],38,-1,109,-1,96
1,<environment.Job instance at 0x7f83139653c0>,38,28,[ 2 12],39,-1,124,-1,96
1,<environment.Job instance at 0x7f8313965460>,39,20,[ 1 10],40,-1,117,-1,97
1,<environment.Job instance at 0x7f8313965500>,40,24,[5 6],41,-1,121,-1,97
1,<environment.Job instance at 0x7f8313965640>,42,27,[5 2],43,-1,124,-1,97
1,<environment.Job instance at 0x7f83139658c0>,45,24,[ 1 13],46,-1,140,-1,116
1,<environment.Job instance at 0x7f83139659b0>,47,17,[12  2],48,-1,145,-1,128
1,<environment.Job instance at 0x7f8313965b90>,50,16,[ 2 11],51,-1,167,-1,151
1,<environment.Job instance at 0x7f8313965c30>,51,16,[12  2],52,-1,167,-1,151
1,<environment.Job instance at 0x7f8313965d70>,53,27,[8 5],54,-1,178,-1,151
1,<environment.Job instance at 0x7f8313965eb0>,55,13,[13  1],56,-1,178,-1,165
1,<environment.Job instance at 0x7f8313965f50>,56,20,[ 3 10],57,-1,185,-1,165
1,<environment.Job instance at 0x7f8313968460>,65,2,[10  4],66,-1,228,-1,226
1,<environment.Job instance at 0x7f83139685f0>,66,13,[ 2 14],67,-1,239,-1,226
1,<environment.Job instance at 0x7f8313968730>,68,27,[ 1 10],69,-1,262,-1,235
1,<environment.Job instance at 0x7f83139687d0>,69,2,[ 3 10],70,-1,237,-1,235
1,<environment.Job instance at 0x7f8313968870>,70,13,[ 3 12],71,-1,248,-1,235
1,<environment.Job instance at 0x7f83139689b0>,72,28,[5 1],73,-1,275,-1,247
1,<environment.Job instance at 0x7f8313968a50>,73,2,[5 9],74,-1,249,-1,247
1,<environment.Job instance at 0x7f8313968c30>,76,14,[ 4 11],77,-1,274,-1,260
1,<environment.Job instance at 0x7f8313968f50>,79,12,[10  2],80,-1,287,-1,275
1,<environment.Job instance at 0x7f831396b2d0>,84,20,[13  1],85,-1,331,-1,311
1,<environment.Job instance at 0x7f831396b370>,85,18,[ 3 14],86,-1,329,-1,311
1,<environment.Job instance at 0x7f831396b550>,88,2,[ 3 10],89,-1,331,-1,329
1,<environment.Job instance at 0x7f831395faa0>,7,25,[6 2],8,-1,357,-1,332
1,<environment.Job instance at 0x7f831395feb0>,8,22,[14  3],9,-1,354,-1,332
1,<environment.Job instance at 0x7f83130a7410>,1,14,[ 2 13],2,-1,16,-1,2
1,<environment.Job instance at 0x7f83131894b0>,14,22,[12  5],15,-1,78,-1,56
1,<environment.Job instance at 0x7f83131c0eb0>,15,18,[12  4],16,-1,74,-1,56
1,<environment.Job instance at 0x7f83133a2f00>,16,17,[ 5 13],17,-1,73,-1,56
1,<environment.Job instance at 0x7f83132cf050>,17,23,[14  4],18,-1,79,-1,56
1,<environment.Job instance at 0x7f83130a5960>,18,12,[ 3 10],19,-1,68,-1,56
1,<environment.Job instance at 0x7f83132ced70>,19,21,[ 1 10],20,-1,90,-1,69
1,<environment.Job instance at 0x7f8313185e10>,22,26,[ 5 12],23,-1,117,-1,91
1,<environment.Job instance at 0x7f8313185d20>,23,2,[6 2],24,-1,93,-1,91
1,<environment.Job instance at 0x7f8313185aa0>,24,15,[12  1],25,-1,106,-1,91
1,<environment.Job instance at 0x7f8313185550>,25,14,[ 2 11],26,-1,105,-1,91
1,<environment.Job instance at 0x7f8313185690>,27,14,[ 1 12],28,-1,105,-1,91
1,<environment.Job instance at 0x7f8313185960>,29,14,[ 3 14],30,-1,119,-1,105
1,<environment.Job instance at 0x7f8313185730>,31,14,[10  2],32,-1,122,-1,108
1,<environment.Job instance at 0x7f83131f02d0>,32,27,[2 6],33,-1,135,-1,108
1,<environment.Job instance at 0x7f83131f00f0>,33,24,[ 2 14],34,-1,132,-1,108
1,<environment.Job instance at 0x7f83131f0050>,34,22,[8 1],35,-1,130,-1,108
1,<environment.Job instance at 0x7f83131f04b0>,36,12,[13  4],37,-1,132,-1,120
1,<environment.Job instance at 0x7f83131f05a0>,37,1,[ 4 11],38,-1,121,-1,120
1,<environment.Job instance at 0x7f83131f0190>,38,23,[ 2 14],39,-1,143,-1,120
1,<environment.Job instance at 0x7f83131f0460>,39,2,[1 8],40,-1,122,-1,120
1,<environment.Job instance at 0x7f83131f0690>,43,16,[ 3 10],44,-1,158,-1,142
1,<environment.Job instance at 0x7f8313224410>,44,28,[5 6],45,-1,170,-1,142
1,<environment.Job instance at 0x7f8313224b40>,45,14,[ 2 10],46,-1,156,-1,142
1,<environment.Job instance at 0x7f83130ab960>,46,19,[11  3],47,-1,161,-1,142
1,<environment.Job instance at 0x7f8312f26b40>,47,20,[14  5],48,-1,162,-1,142
1,<environment.Job instance at 0x7f8312f27af0>,49,3,[ 1 12],50,-1,151,-1,148
1,<environment.Job instance at 0x7f8312f275f0>,50,16,[ 2 14],51,-1,164,-1,148
1,<environment.Job instance at 0x7f8312f279b0>,52,22,[4 8],53,-1,178,-1,156
1,<environment.Job instance at 0x7f8312f27d70>,53,25,[6 1],54,-1,181,-1,156
1,<environment.Job instance at 0x7f8312f228c0>,54,20,[ 1 14],55,-1,176,-1,156
1,<environment.Job instance at 0x7f8312f22a50>,55,13,[ 4 10],56,-1,169,-1,156
1,<environment.Job instance at 0x7f8312f22b40>,56,17,[14  2],57,-1,173,-1,156
1,<environment.Job instance at 0x7f8312f19b90>,58,16,[11  2],59,-1,176,-1,160
1,<environment.Job instance at 0x7f8312f192d0>,59,23,[ 1 14],60,-1,183,-1,160
1,<environment.Job instance at 0x7f8312f10690>,62,14,[13  4],63,-1,188,-1,174
1,<environment.Job instance at 0x7f8312f09af0>,64,22,[12  4],65,-1,205,-1,183
1,<environment.Job instance at 0x7f831cfa0e60>,65,23,[1 7],66,-1,206,-1,183
1,<environment.Job instance at 0x7f831307e320>,67,16,[ 2 14],68,-1,207,-1,191
1,<environment.Job instance at 0x7f8312ef6d70>,70,25,[9 3],71,-1,225,-1,200
1,<environment.Job instance at 0x7f8313082820>,74,14,[13  3],75,-1,236,-1,222
1,<environment.Job instance at 0x7f8313044c80>,75,3,[10  1],76,-1,225,-1,222
1,<environment.Job instance at 0x7f8313081be0>,76,3,[ 2 12],77,-1,225,-1,222
1,<environment.Job instance at 0x7f8312f52910>,78,15,[11  2],79,-1,261,-1,246
1,<environment.Job instance at 0x7f8312f525a0>,79,14,[11  3],80,-1,260,-1,246
1,<environment.Job instance at 0x7f8312f68e60>,80,2,[9 5],81,-1,248,-1,246
1,<environment.Job instance at 0x7f8312f68eb0>,81,22,[2 9],82,-1,311,-1,289
1,<environment.Job instance at 0x7f83130a6b40>,87,21,[ 3 10],88,-1,310,-1,289
1,<environment.Job instance at 0x7f83130a6fa0>,88,25,[14  4],89,-1,314,-1,289
1,<environment.Job instance at 0x7f8313067730>,4,21,[ 4 12],5,-1,26,-1,5
1,<environment.Job instance at 0x7f8313067c30>,7,27,[2 9],8,-1,36,-1,9
1,<environment.Job instance at 0x7f8313067780>,9,12,[9 3],10,-1,24,-1,12
1,<environment.Job instance at 0x7f83130676e0>,12,28,[2 8],13,-1,41,-1,13
1,<environment.Job instance at 0x7f8313067c80>,14,3,[10  2],15,-1,27,-1,24
1,<environment.Job instance at 0x7f831d0c55f0>,15,3,[5 5],16,-1,27,-1,24
1,<environment.Job instance at 0x7f831d0c56e0>,16,3,[ 5 10],17,-1,27,-1,24
1,<environment.Job instance at 0x7f831d0c5960>,19,21,[6 1],20,-1,59,-1,38
1,<environment.Job instance at 0x7f831d0c5370>,22,24,[7 5],23,-1,74,-1,50
1,<environment.Job instance at 0x7f831d0c58c0>,24,28,[2 7],25,-1,78,-1,50
1,<environment.Job instance at 0x7f831d0c5550>,25,28,[9 2],26,-1,78,-1,50
1,<environment.Job instance at 0x7f831d0c5910>,26,22,[6 1],27,-1,72,-1,50
1,<environment.Job instance at 0x7f831d0c5640>,29,22,[2 7],30,-1,88,-1,66
1,<environment.Job instance at 0x7f831d0c5d70>,30,20,[ 3 13],31,-1,86,-1,66
1,<environment.Job instance at 0x7f831d0c5140>,31,12,[ 2 14],32,-1,78,-1,66
1,<environment.Job instance at 0x7f83387330a0>,32,13,[12  2],33,-1,79,-1,66
1,<environment.Job instance at 0x7f8312ef2f50>,33,2,[5 9],34,-1,68,-1,66
1,<environment.Job instance at 0x7f8312ef2fa0>,35,16,[11  1],36,-1,93,-1,77
1,<environment.Job instance at 0x7f8312ef2050>,38,17,[11  3],39,-1,113,-1,96
1,<environment.Job instance at 0x7f8312ef25f0>,39,14,[ 1 10],40,-1,110,-1,96
1,<environment.Job instance at 0x7f8312ef2730>,40,25,[6 2],41,-1,121,-1,96
1,<environment.Job instance at 0x7f8312ef2910>,41,18,[12  4],42,-1,114,-1,96
1,<environment.Job instance at 0x7f8312ef24b0>,43,26,[11  5],44,-1,136,-1,110
1,<environment.Job instance at 0x7f8312ef2be0>,45,14,[10  1],46,-1,124,-1,110
1,<environment.Job instance at 0x7f8312ef25a0>,47,15,[13  5],48,-1,130,-1,115
1,<environment.Job instance at 0x7f831d0b9be0>,50,27,[14  3],51,-1,155,-1,128
1,<environment.Job instance at 0x7f831d0b9eb0>,52,26,[ 4 10],53,-1,161,-1,135
1,<environment.Job instance at 0x7f831d0b9d20>,53,26,[8 3],54,-1,161,-1,135
1,<environment.Job instance at 0x7f831cf9d5f0>,54,16,[12  1],55,-1,151,-1,135
1,<environment.Job instance at 0x7f831cf9d370>,55,19,[ 2 13],56,-1,154,-1,135
1,<environment.Job instance at 0x7f8312fe2550>,56,22,[11  1],57,-1,157,-1,135
1,<environment.Job instance at 0x7f8312fe23c0>,57,22,[ 1 13],58,-1,157,-1,135
1,<environment.Job instance at 0x7f8312fe2d20>,58,2,[2 8],59,-1,137,-1,135
1,<environment.Job instance at 0x7f8312fe2190>,60,23,[7 3],61,-1,167,-1,144
1,<environment.Job instance at 0x7f8312fe2870>,61,3,[10  5],62,-1,147,-1,144
1,<environment.Job instance at 0x7f8312fe2780>,63,24,[14  3],64,-1,179,-1,155
1,<environment.Job instance at 0x7f8312fe2730>,65,21,[12  3],66,-1,190,-1,169
1,<environment.Job instance at 0x7f8312fe2eb0>,67,28,[4 5],68,-1,199,-1,171
1,<environment.Job instance at 0x7f8312fe2f50>,69,22,[14  1],70,-1,209,-1,187
1,<environment.Job instance at 0x7f8312fe2c80>,70,3,[11  3],71,-1,190,-1,187
1,<environment.Job instance at 0x7f8312fe2500>,71,27,[ 4 13],72,-1,214,-1,187
1,<environment.Job instance at 0x7f8312fe2c30>,72,26,[8 4],73,-1,213,-1,187
1,<environment.Job instance at 0x7f8312fe20f0>,75,16,[14  1],76,-1,213,-1,197
1,<environment.Job instance at 0x7f831cfa0500>,76,3,[9 1],77,-1,200,-1,197
1,<environment.Job instance at 0x7f8312f088c0>,79,1,[5 4],80,-1,206,-1,205
1,<environment.Job instance at 0x7f8312f08c80>,80,25,[ 3 10],81,-1,230,-1,205
1,<environment.Job instance at 0x7f8312f08190>,81,1,[ 2 10],82,-1,206,-1,205
1,<environment.Job instance at 0x7f8312f08a50>,82,27,[3 9],83,-1,232,-1,205
1,<environment.Job instance at 0x7f8312f08be0>,84,12,[13  2],85,-1,222,-1,210
1,<environment.Job instance at 0x7f8312f08050>,85,24,[1 5],86,-1,234,-1,210
1,<environment.Job instance at 0x7f8312f08320>,86,23,[3 6],87,-1,233,-1,210
1,<environment.Job instance at 0x7f83130670f0>,10,18,[10  3],11,-1,287,-1,269
1,<environment.Job instance at 0x7f8313067280>,11,17,[12  2],12,-1,288,-1,271
1,<environment.Job instance at 0x7f8313da23c0>,2,12,[13  5],3,-1,15,-1,3
1,<environment.Job instance at 0x7f8313da2460>,4,25,[1 5],5,-1,30,-1,5
1,<environment.Job instance at 0x7f8313da2690>,7,15,[ 2 14],8,-1,23,-1,8
1,<environment.Job instance at 0x7f8313e77960>,14,18,[11  3],15,-1,48,-1,30
1,<environment.Job instance at 0x7f8313e77b40>,15,20,[10  2],16,-1,65,-1,45
1,<environment.Job instance at 0x7f8313e77690>,18,27,[13  4],19,-1,72,-1,45
1,<environment.Job instance at 0x7f8313e773c0>,19,26,[3 5],20,-1,71,-1,45
1,<environment.Job instance at 0x7f8313e77e60>,21,17,[5 1],22,-1,77,-1,60
1,<environment.Job instance at 0x7f8313e77c30>,22,25,[3 9],23,-1,85,-1,60
1,<environment.Job instance at 0x7f8313e77370>,23,13,[14  3],24,-1,73,-1,60
1,<environment.Job instance at 0x7f8313e77190>,25,1,[7 3],26,-1,61,-1,60
1,<environment.Job instance at 0x7f8313e779b0>,26,14,[ 1 10],27,-1,74,-1,60
1,<environment.Job instance at 0x7f8313e777d0>,27,1,[2 7],28,-1,61,-1,60
1,<environment.Job instance at 0x7f8313e776e0>,28,16,[11  4],29,-1,76,-1,60
1,<environment.Job instance at 0x7f8314083410>,30,25,[4 5],31,-1,100,-1,75
1,<environment.Job instance at 0x7f8314083690>,31,25,[6 3],32,-1,100,-1,75
1,<environment.Job instance at 0x7f8314083550>,32,2,[11  1],33,-1,77,-1,75
1,<environment.Job instance at 0x7f83135ea190>,38,22,[3 9],39,-1,145,-1,123
1,<environment.Job instance at 0x7f83135eae60>,39,16,[11  1],40,-1,139,-1,123
1,<environment.Job instance at 0x7f83135eafa0>,40,14,[14  2],41,-1,137,-1,123
1,<environment.Job instance at 0x7f83135ea640>,44,25,[2 8],45,-1,178,-1,153
1,<environment.Job instance at 0x7f83135ea870>,46,2,[ 5 13],47,-1,169,-1,167
1,<environment.Job instance at 0x7f83135ea550>,47,24,[2 7],48,-1,191,-1,167
1,<environment.Job instance at 0x7f8313de8230>,48,16,[11  2],49,-1,184,-1,168
1,<environment.Job instance at 0x7f8313de8be0>,49,22,[ 2 12],50,-1,190,-1,168
1,<environment.Job instance at 0x7f8313de82d0>,53,18,[12  1],54,-1,202,-1,184
1,<environment.Job instance at 0x7f8313de8b40>,55,2,[6 1],56,-1,197,-1,195
1,<environment.Job instance at 0x7f8313de8b90>,56,25,[8 5],57,-1,220,-1,195
1,<environment.Job instance at 0x7f8313de8280>,60,24,[9 1],61,-1,246,-1,222
1,<environment.Job instance at 0x7f8313de8410>,61,25,[7 1],62,-1,247,-1,222
1,<environment.Job instance at 0x7f8313de8c30>,62,24,[12  5],63,-1,246,-1,222
1,<environment.Job instance at 0x7f8313de8f50>,63,23,[10  2],64,-1,254,-1,231
1,<environment.Job instance at 0x7f8313de8af0>,64,15,[ 1 11],65,-1,246,-1,231
1,<environment.Job instance at 0x7f8313de8cd0>,65,16,[ 5 12],66,-1,247,-1,231
1,<environment.Job instance at 0x7f8313de8320>,66,27,[ 4 14],67,-1,258,-1,231
1,<environment.Job instance at 0x7f8313de85f0>,67,23,[2 9],68,-1,255,-1,232
1,<environment.Job instance at 0x7f8313ebb050>,69,15,[13  1],70,-1,249,-1,234
1,<environment.Job instance at 0x7f8313ebb910>,74,1,[13  4],75,-1,262,-1,261
1,<environment.Job instance at 0x7f8313ebbaf0>,75,16,[ 2 12],76,-1,277,-1,261
1,<environment.Job instance at 0x7f8313ebb640>,76,12,[ 4 14],77,-1,273,-1,261
1,<environment.Job instance at 0x7f8313ebb460>,81,12,[14  1],82,-1,306,-1,294
1,<environment.Job instance at 0x7f8313ebbf50>,82,28,[1 7],83,-1,322,-1,294
1,<environment.Job instance at 0x7f83132e9cd0>,11,25,[12  4],12,-1,65,-1,40
1,<environment.Job instance at 0x7f83132e9320>,12,2,[5 7],13,-1,42,-1,40
1,<environment.Job instance at 0x7f83132e9870>,13,27,[3 8],14,-1,67,-1,40
1,<environment.Job instance at 0x7f83132e95a0>,14,13,[11  5],15,-1,53,-1,40
1,<environment.Job instance at 0x7f83132e9190>,15,24,[8 4],16,-1,64,-1,40
1,<environment.Job instance at 0x7f83132e9e10>,17,2,[6 3],18,-1,42,-1,40
1,<environment.Job instance at 0x7f83132e97d0>,18,3,[13  2],19,-1,43,-1,40
1,<environment.Job instance at 0x7f83132e9370>,20,18,[1 6],21,-1,66,-1,48
1,<environment.Job instance at 0x7f83132e65f0>,21,17,[12  4],22,-1,65,-1,48
1,<environment.Job instance at 0x7f83132e60a0>,23,1,[7 4],24,-1,58,-1,57
1,<environment.Job instance at 0x7f83132e62d0>,25,14,[12  3],26,-1,78,-1,64
1,<environment.Job instance at 0x7f83132d1f50>,26,12,[ 5 14],27,-1,76,-1,64
1,<environment.Job instance at 0x7f83133cd690>,28,3,[5 5],29,-1,81,-1,78
1,<environment.Job instance at 0x7f83144959b0>,30,26,[9 4],31,-1,122,-1,96
1,<environment.Job instance at 0x7f83133be050>,33,12,[7 2],34,-1,124,-1,112
1,<environment.Job instance at 0x7f83133e8c30>,34,22,[ 1 12],35,-1,134,-1,112
1,<environment.Job instance at 0x7f8314493640>,37,12,[ 2 14],38,-1,155,-1,143
1,<environment.Job instance at 0x7f8314493d20>,39,13,[ 1 10],40,-1,158,-1,145
1,<environment.Job instance at 0x7f831376e960>,41,17,[ 1 14],42,-1,174,-1,157
1,<environment.Job instance at 0x7f83133d4960>,44,2,[ 1 13],45,-1,173,-1,171
1,<environment.Job instance at 0x7f83133ea280>,45,1,[13  1],46,-1,172,-1,171
1,<environment.Job instance at 0x7f83133d45f0>,47,24,[1 8],48,-1,202,-1,178
1,<environment.Job instance at 0x7f83133e0280>,50,26,[ 1 11],51,-1,219,-1,193
1,<environment.Job instance at 0x7f83133e0b40>,51,16,[14  5],52,-1,209,-1,193
1,<environment.Job instance at 0x7f83133b66e0>,53,17,[5 1],54,-1,212,-1,195
1,<environment.Job instance at 0x7f83133b6190>,55,28,[10  3],56,-1,230,-1,202
1,<environment.Job instance at 0x7f83133b62d0>,56,3,[3 5],57,-1,205,-1,202
1,<environment.Job instance at 0x7f83133b63c0>,58,13,[7 2],59,-1,245,-1,232
1,<environment.Job instance at 0x7f83133b6be0>,63,3,[7 4],64,-1,251,-1,248
1,<environment.Job instance at 0x7f83133b6e60>,65,3,[10  2],66,-1,256,-1,253
1,<environment.Job instance at 0x7f83133b6b90>,66,24,[14  2],67,-1,277,-1,253
1,<environment.Job instance at 0x7f83133b10a0>,67,3,[ 5 11],68,-1,256,-1,253
1,<environment.Job instance at 0x7f83133b1320>,68,2,[ 2 12],69,-1,255,-1,253
1,<environment.Job instance at 0x7f83133b12d0>,69,23,[ 4 11],70,-1,276,-1,253
1,<environment.Job instance at 0x7f83133b1b40>,71,23,[ 3 13],72,-1,291,-1,268
1,<environment.Job instance at 0x7f83133b1050>,72,3,[8 4],73,-1,271,-1,268
1,<environment.Job instance at 0x7f831365ff00>,74,24,[ 3 10],75,-1,307,-1,283
1,<environment.Job instance at 0x7f83132b22d0>,79,14,[ 1 14],80,-1,321,-1,307
1,<environment.Job instance at 0x7f83132b20f0>,80,25,[5 8],81,-1,332,-1,307
1,<environment.Job instance at 0x7f83132b2410>,81,27,[7 4],82,-1,334,-1,307
1,<environment.Job instance at 0x7f83132b24b0>,82,3,[2 7],83,-1,310,-1,307
1,<environment.Job instance at 0x7f83132b2690>,85,1,[ 1 10],86,-1,331,-1,330
1,<environment.Job instance at 0x7f83132b2730>,86,16,[12  4],87,-1,346,-1,330
1,<environment.Job instance at 0x7f831375b8c0>,1,18,[ 4 13],2,-1,20,-1,2
1,<environment.Job instance at 0x7f83132e82d0>,2,23,[11  2],3,-1,26,-1,3
1,<environment.Job instance at 0x7f831375b1e0>,3,12,[11  5],4,-1,16,-1,4
1,<environment.Job instance at 0x7f831376e050>,5,19,[14  4],6,-1,25,-1,6
1,<environment.Job instance at 0x7f831376e230>,7,14,[ 5 11],8,-1,22,-1,8
1,<environment.Job instance at 0x7f83132e8820>,10,18,[14  2],11,-1,29,-1,11
1,<environment.Job instance at 0x7f831376e910>,11,16,[ 5 11],12,-1,29,-1,13
1,<environment.Job instance at 0x7f831376e3c0>,14,25,[3 8],15,-1,46,-1,21
1,<environment.Job instance at 0x7f831376e690>,16,3,[ 5 14],17,-1,24,-1,21
1,<environment.Job instance at 0x7f831376e4b0>,17,27,[9 3],18,-1,48,-1,21
1,<environment.Job instance at 0x7f831376e0f0>,18,15,[13  3],19,-1,36,-1,21
1,<environment.Job instance at 0x7f831376edc0>,20,12,[ 3 12],21,-1,39,-1,27
1,<environment.Job instance at 0x7f831376e6e0>,21,16,[ 3 11],22,-1,43,-1,27
1,<environment.Job instance at 0x7f8313766cd0>,25,12,[ 2 12],26,-1,57,-1,45
1,<environment.Job instance at 0x7f8313766d70>,26,27,[ 1 13],27,-1,72,-1,45
1,<environment.Job instance at 0x7f83137668c0>,30,2,[13  5],31,-1,64,-1,62
1,<environment.Job instance at 0x7f8313766a00>,34,18,[13  3],35,-1,131,-1,113
1,<environment.Job instance at 0x7f8313766460>,37,23,[10  3],38,-1,149,-1,126
1,<environment.Job instance at 0x7f8313766870>,42,24,[7 5],43,-1,180,-1,156
1,<environment.Job instance at 0x7f8313766690>,43,20,[14  5],44,-1,176,-1,156
1,<environment.Job instance at 0x7f831373f4b0>,45,18,[14  1],46,-1,175,-1,157
1,<environment.Job instance at 0x7f831373f910>,46,27,[5 5],47,-1,184,-1,157
1,<environment.Job instance at 0x7f831373f9b0>,49,13,[14  1],50,-1,186,-1,173
1,<environment.Job instance at 0x7f831373f140>,51,17,[14  5],52,-1,203,-1,186
1,<environment.Job instance at 0x7f831373f8c0>,58,26,[8 1],59,-1,258,-1,232
1,<environment.Job instance at 0x7f831373fe60>,62,17,[11  1],63,-1,270,-1,253
1,<environment.Job instance at 0x7f831373f500>,63,15,[ 4 11],64,-1,268,-1,253
1,<environment.Job instance at 0x7f831331ed70>,64,28,[6 1],65,-1,281,-1,253
1,<environment.Job instance at 0x7f831331e550>,77,15,[13  1],78,-1,372,-1,357
1,<environment.Job instance at 0x7f831331e500>,78,14,[12  4],79,-1,371,-1,357
1,<environment.Job instance at 0x7f831331eaa0>,81,25,[ 3 14],82,-1,398,-1,373
1,<environment.Job instance at 0x7f831331e0a0>,82,14,[14  3],83,-1,387,-1,373
1,<environment.Job instance at 0x7f8313dbd140>,84,14,[ 5 14],85,-1,401,-1,387
1,<environment.Job instance at 0x7f831376efa0>,3,25,[12  3],4,-1,29,-1,4
1,<environment.Job instance at 0x7f831321bb40>,8,2,[ 5 14],9,-1,11,-1,9
1,<environment.Job instance at 0x7f8313737410>,10,1,[ 5 14],11,-1,12,-1,11
1,<environment.Job instance at 0x7f831321b050>,11,12,[10  5],12,-1,24,-1,12
1,<environment.Job instance at 0x7f83131f80a0>,12,26,[ 4 10],13,-1,39,-1,13
1,<environment.Job instance at 0x7f83131f8050>,13,2,[ 4 11],14,-1,16,-1,14
1,<environment.Job instance at 0x7f83131f8870>,14,14,[ 5 12],15,-1,29,-1,15
1,<environment.Job instance at 0x7f83131f8d70>,15,24,[ 5 11],16,-1,40,-1,16
1,<environment.Job instance at 0x7f83131f8af0>,16,25,[7 3],17,-1,42,-1,17
1,<environment.Job instance at 0x7f83131f8910>,17,18,[11  5],18,-1,36,-1,18
1,<environment.Job instance at 0x7f83131f8c30>,19,27,[1 5],20,-1,47,-1,20
1,<environment.Job instance at 0x7f83137376e0>,22,17,[ 2 13],23,-1,46,-1,29
1,<environment.Job instance at 0x7f83131f1190>,23,27,[12  4],24,-1,56,-1,29
1,<environment.Job instance at 0x7f83137c5aa0>,27,12,[ 5 12],28,-1,64,-1,52
1,<environment.Job instance at 0x7f83131ff9b0>,28,14,[14  1],29,-1,66,-1,52
1,<environment.Job instance at 0x7f83132155f0>,30,14,[12  4],31,-1,70,-1,56
1,<environment.Job instance at 0x7f83132153c0>,31,18,[11  5],32,-1,74,-1,56
1,<environment.Job instance at 0x7f8313c15e60>,32,13,[10  5],33,-1,70,-1,57
1,<environment.Job instance at 0x7f83137c75a0>,33,12,[14  4],34,-1,69,-1,57
1,<environment.Job instance at 0x7f83137c78c0>,35,25,[8 1],36,-1,92,-1,67
1,<environment.Job instance at 0x7f83130a25a0>,37,21,[ 5 14],38,-1,88,-1,67
1,<environment.Job instance at 0x7f8313228050>,39,12,[8 1],40,-1,83,-1,71
1,<environment.Job instance at 0x7f83135e4e60>,40,28,[2 8],41,-1,99,-1,71
1,<environment.Job instance at 0x7f8313228c30>,41,18,[5 1],42,-1,89,-1,71
1,<environment.Job instance at 0x7f8313228190>,42,27,[9 3],43,-1,98,-1,71
1,<environment.Job instance at 0x7f83135d0d70>,44,2,[4 7],45,-1,81,-1,79
1,<environment.Job instance at 0x7f83135d0370>,45,28,[ 1 13],46,-1,107,-1,79
1,<environment.Job instance at 0x7f8313c26b90>,46,12,[ 4 10],47,-1,91,-1,79
1,<environment.Job instance at 0x7f83135e5fa0>,48,2,[ 4 11],49,-1,90,-1,88
1,<environment.Job instance at 0x7f83135e5dc0>,49,26,[9 4],50,-1,114,-1,88
1,<environment.Job instance at 0x7f83135e5e60>,50,28,[2 7],51,-1,116,-1,88
1,<environment.Job instance at 0x7f83135c7910>,52,22,[ 5 14],53,-1,115,-1,93
1,<environment.Job instance at 0x7f83135c7050>,53,20,[14  1],54,-1,113,-1,93
1,<environment.Job instance at 0x7f83135e6690>,56,14,[ 4 10],57,-1,146,-1,132
1,<environment.Job instance at 0x7f83135e6a00>,63,18,[ 3 10],64,-1,177,-1,159
1,<environment.Job instance at 0x7f83135e65a0>,64,26,[1 5],65,-1,185,-1,159
1,<environment.Job instance at 0x7f83135e6e10>,65,22,[11  4],66,-1,181,-1,159
1,<environment.Job instance at 0x7f83135e6e60>,66,21,[11  3],67,-1,180,-1,159
1,<environment.Job instance at 0x7f83135e69b0>,67,23,[ 4 10],68,-1,182,-1,159
1,<environment.Job instance at 0x7f83135e6780>,68,19,[14  3],69,-1,178,-1,159
1,<environment.Job instance at 0x7f83135e67d0>,69,1,[3 7],70,-1,160,-1,159
1,<environment.Job instance at 0x7f83135cde10>,70,15,[11  4],71,-1,174,-1,159
1,<environment.Job instance at 0x7f83135cd550>,71,17,[11  1],72,-1,176,-1,159
1,<environment.Job instance at 0x7f83135e1690>,72,2,[ 1 14],73,-1,161,-1,159
1,<environment.Job instance at 0x7f83135e1a00>,73,12,[13  2],74,-1,171,-1,159
1,<environment.Job instance at 0x7f83135e1be0>,75,15,[ 2 11],76,-1,183,-1,168
1,<environment.Job instance at 0x7f83135e1c80>,76,23,[7 4],77,-1,191,-1,168
1,<environment.Job instance at 0x7f83135d7370>,84,28,[10  3],85,-1,249,-1,221
1,<environment.Job instance at 0x7f83135d7410>,85,25,[12  3],86,-1,246,-1,221
1,<environment.Job instance at 0x7f8313180870>,21,19,[12  1],22,-1,157,-1,138
1,<environment.Job instance at 0x7f8313180730>,25,13,[ 2 12],26,-1,176,-1,163
1,<environment.Job instance at 0x7f8313180fa0>,26,25,[ 5 10],27,-1,188,-1,163
1,<environment.Job instance at 0x7f83131808c0>,27,26,[9 3],28,-1,189,-1,163
1,<environment.Job instance at 0x7f8313180820>,28,26,[ 1 12],29,-1,189,-1,163
1,<environment.Job instance at 0x7f83131807d0>,29,28,[3 6],30,-1,191,-1,163
1,<environment.Job instance at 0x7f83131805a0>,30,2,[1 6],31,-1,165,-1,163
1,<environment.Job instance at 0x7f83131801e0>,31,12,[11  1],32,-1,175,-1,163
1,<environment.Job instance at 0x7f83137520f0>,35,2,[ 4 12],36,-1,195,-1,193
1,<environment.Job instance at 0x7f8313752960>,36,1,[10  1],37,-1,194,-1,193
1,<environment.Job instance at 0x7f8313752690>,37,28,[3 6],38,-1,221,-1,193
1,<environment.Job instance at 0x7f8313752050>,39,19,[13  1],40,-1,213,-1,194
1,<environment.Job instance at 0x7f8313752e60>,44,28,[6 5],45,-1,253,-1,225
1,<environment.Job instance at 0x7f8313752640>,52,25,[4 6],53,-1,298,-1,273
1,<environment.Job instance at 0x7f8313752190>,54,24,[7 5],55,-1,297,-1,273
1,<environment.Job instance at 0x7f8313752320>,56,21,[14  1],57,-1,307,-1,286
1,<environment.Job instance at 0x7f831304c910>,58,16,[12  4],59,-1,306,-1,290
1,<environment.Job instance at 0x7f831304c780>,59,24,[4 9],60,-1,314,-1,290
1,<environment.Job instance at 0x7f831304ce10>,64,12,[ 1 14],65,-1,335,-1,323
1,<environment.Job instance at 0x7f831304c1e0>,65,14,[13  4],66,-1,337,-1,323
1,<environment.Job instance at 0x7f831304ceb0>,67,13,[13  3],68,-1,354,-1,341
1,<environment.Job instance at 0x7f831304c4b0>,71,1,[ 5 13],72,-1,364,-1,363
1,<environment.Job instance at 0x7f831304c460>,72,25,[13  4],73,-1,388,-1,363
1,<environment.Job instance at 0x7f831304c500>,73,14,[14  1],74,-1,377,-1,363
1,<environment.Job instance at 0x7f831304c320>,74,1,[10  5],75,-1,364,-1,363
1,<environment.Job instance at 0x7f831304c370>,75,26,[13  4],76,-1,389,-1,363
1,<environment.Job instance at 0x7f831304cdc0>,77,21,[ 2 13],78,-1,385,-1,364
1,<environment.Job instance at 0x7f831304ccd0>,78,16,[ 3 14],79,-1,380,-1,364
1,<environment.Job instance at 0x7f831304c730>,79,16,[ 1 11],80,-1,380,-1,364
1,<environment.Job instance at 0x7f831329e410>,81,24,[ 2 13],82,-1,399,-1,375
1,<environment.Job instance at 0x7f831329ee60>,82,18,[13  3],83,-1,393,-1,375
1,<environment.Job instance at 0x7f831329ed20>,83,15,[ 1 10],84,-1,391,-1,376
1,<environment.Job instance at 0x7f831329e230>,85,16,[ 1 12],86,-1,392,-1,376
1,<environment.Job instance at 0x7f831329e550>,86,1,[ 2 10],87,-1,377,-1,376
1,<environment.Job instance at 0x7f831329e960>,87,26,[8 4],88,-1,402,-1,376
1,<environment.Job instance at 0x7f831329e690>,88,16,[ 3 13],89,-1,392,-1,376
1,<environment.Job instance at 0x7f8313d4a410>,9,24,[11  4],10,-1,2632,-1,2608
1,<environment.Job instance at 0x7f8313180320>,13,17,[14  5],14,-1,2628,-1,2611
1,<environment.Job instance at 0x7f831361c190>,1,28,[ 5 12],2,-1,30,-1,2
1,<environment.Job instance at 0x7f83131800f0>,2,28,[2 6],3,-1,31,-1,3
1,<environment.Job instance at 0x7f831361c820>,4,28,[ 1 11],5,-1,33,-1,5
1,<environment.Job instance at 0x7f831360fbe0>,6,23,[11  3],7,-1,30,-1,7
1,<environment.Job instance at 0x7f831360f2d0>,7,14,[13  5],8,-1,22,-1,8
1,<environment.Job instance at 0x7f831360fdc0>,11,13,[12  5],12,-1,25,-1,12
1,<environment.Job instance at 0x7f831361ca50>,13,16,[11  4],14,-1,30,-1,14
1,<environment.Job instance at 0x7f8312cbdaf0>,20,23,[10  3],21,-1,61,-1,38
1,<environment.Job instance at 0x7f8312cbd140>,21,16,[14  1],22,-1,54,-1,38
1,<environment.Job instance at 0x7f8312cbd550>,22,1,[13  2],23,-1,39,-1,38
1,<environment.Job instance at 0x7f8312cbdd70>,23,3,[4 5],24,-1,41,-1,38
1,<environment.Job instance at 0x7f8312cbd6e0>,24,21,[8 1],25,-1,176,-1,155
1,<environment.Job instance at 0x7f8312c815f0>,38,20,[ 4 14],39,-1,175,-1,155
1,<environment.Job instance at 0x7f8312c814b0>,41,23,[11  4],42,-1,195,-1,172
1,<environment.Job instance at 0x7f8312c81eb0>,44,15,[12  4],45,-1,212,-1,197
1,<environment.Job instance at 0x7f8312c81730>,45,2,[ 1 12],46,-1,199,-1,197
1,<environment.Job instance at 0x7f8312c81a50>,48,28,[6 4],49,-1,238,-1,210
1,<environment.Job instance at 0x7f8312c81b40>,49,14,[14  3],50,-1,224,-1,210
1,<environment.Job instance at 0x7f8312c81d70>,51,25,[ 2 14],52,-1,238,-1,213
1,<environment.Job instance at 0x7f8312c86730>,55,3,[ 3 14],56,-1,251,-1,248
1,<environment.Job instance at 0x7f8312c86f50>,56,27,[10  1],57,-1,275,-1,248
1,<environment.Job instance at 0x7f8312c86410>,60,28,[13  5],61,-1,300,-1,272
1,<environment.Job instance at 0x7f8312c86af0>,64,2,[ 2 14],65,-1,298,-1,296
1,<environment.Job instance at 0x7f8312c86cd0>,65,14,[11  2],66,-1,310,-1,296
1,<environment.Job instance at 0x7f8312c86b40>,66,1,[4 6],67,-1,297,-1,296
1,<environment.Job instance at 0x7f8312c865a0>,68,14,[14  5],69,-1,323,-1,309
1,<environment.Job instance at 0x7f8312c86370>,69,1,[ 3 12],70,-1,310,-1,309
1,<environment.Job instance at 0x7f8313081a00>,80,24,[11  5],81,-1,403,-1,379
1,<environment.Job instance at 0x7f8313bfceb0>,82,1,[10  4],83,-1,391,-1,390
1,<environment.Job instance at 0x7f831cb30d20>,86,18,[14  2],87,-1,430,-1,412
1,<environment.Job instance at 0x7f831cb30820>,87,27,[5 7],88,-1,443,-1,416
1,<environment.Job instance at 0x7f831431b820>,6,14,[ 5 13],7,-1,21,-1,7
1,<environment.Job instance at 0x7f831431ba00>,7,20,[ 2 13],8,-1,28,-1,8
1,<environment.Job instance at 0x7f831431b960>,8,27,[4 9],9,-1,36,-1,9
1,<environment.Job instance at 0x7f83130a5c80>,9,3,[ 2 13],10,-1,13,-1,10
1,<environment.Job instance at 0x7f83130a57d0>,10,13,[ 4 12],11,-1,24,-1,11
1,<environment.Job instance at 0x7f83130a5dc0>,17,21,[12  5],18,-1,66,-1,45
1,<environment.Job instance at 0x7f83130a5b40>,19,20,[11  5],20,-1,65,-1,45
1,<environment.Job instance at 0x7f83130a5140>,22,28,[5 7],23,-1,103,-1,75
1,<environment.Job instance at 0x7f83130a5050>,23,12,[ 4 11],24,-1,87,-1,75
1,<environment.Job instance at 0x7f83130a5320>,24,25,[13  4],25,-1,100,-1,75
1,<environment.Job instance at 0x7f83130a5460>,25,21,[ 1 12],26,-1,96,-1,75
1,<environment.Job instance at 0x7f83130a5e60>,26,22,[ 4 10],27,-1,97,-1,75
1,<environment.Job instance at 0x7f83130a5cd0>,27,22,[13  5],28,-1,97,-1,75
1,<environment.Job instance at 0x7f83130a4d70>,28,28,[13  2],29,-1,103,-1,75
1,<environment.Job instance at 0x7f83130a4f00>,30,24,[7 3],31,-1,112,-1,88
1,<environment.Job instance at 0x7f83130a48c0>,32,26,[5 8],33,-1,114,-1,88
1,<environment.Job instance at 0x7f83130a4460>,35,2,[5 5],36,-1,97,-1,95
1,<environment.Job instance at 0x7f83130a40f0>,36,2,[ 5 13],37,-1,97,-1,95
1,<environment.Job instance at 0x7f83130a4820>,37,13,[ 1 14],38,-1,108,-1,95
1,<environment.Job instance at 0x7f83130a4a00>,40,21,[13  2],41,-1,129,-1,108
1,<environment.Job instance at 0x7f83130a4d20>,41,1,[9 1],42,-1,109,-1,108
1,<environment.Job instance at 0x7f83130a4c30>,42,18,[ 2 11],43,-1,126,-1,108
1,<environment.Job instance at 0x7f83130a44b0>,43,3,[8 2],44,-1,111,-1,108
1,<environment.Job instance at 0x7f83130a4eb0>,45,2,[5 4],46,-1,122,-1,120
1,<environment.Job instance at 0x7f83137baf00>,49,18,[ 5 14],50,-1,159,-1,141
1,<environment.Job instance at 0x7f83137bae10>,50,17,[ 3 13],51,-1,158,-1,141
1,<environment.Job instance at 0x7f83137badc0>,51,23,[13  3],52,-1,164,-1,141
1,<environment.Job instance at 0x7f83137ba320>,52,18,[ 2 12],53,-1,159,-1,141
1,<environment.Job instance at 0x7f83137bab90>,53,13,[11  1],54,-1,154,-1,141
1,<environment.Job instance at 0x7f831cb185a0>,56,26,[7 4],57,-1,181,-1,155
1,<environment.Job instance at 0x7f831cb18aa0>,57,12,[13  4],58,-1,167,-1,155
1,<environment.Job instance at 0x7f831cb180a0>,58,13,[ 2 12],59,-1,168,-1,155
1,<environment.Job instance at 0x7f831cb189b0>,61,13,[14  4],62,-1,183,-1,170
1,<environment.Job instance at 0x7f831cb18690>,62,16,[14  2],63,-1,186,-1,170
1,<environment.Job instance at 0x7f831cb182d0>,64,3,[5 1],65,-1,188,-1,185
1,<environment.Job instance at 0x7f831cb186e0>,66,24,[5 9],67,-1,211,-1,187
1,<environment.Job instance at 0x7f831cb18f50>,67,12,[ 3 14],68,-1,199,-1,187
1,<environment.Job instance at 0x7f831cb18cd0>,69,28,[14  4],70,-1,230,-1,202
1,<environment.Job instance at 0x7f831cb18320>,70,28,[5 2],71,-1,231,-1,203
1,<environment.Job instance at 0x7f831cb18dc0>,71,2,[5 9],72,-1,205,-1,203
1,<environment.Job instance at 0x7f831cb18e10>,72,24,[8 1],73,-1,227,-1,203
1,<environment.Job instance at 0x7f831cb18820>,74,26,[5 7],75,-1,229,-1,203
1,<environment.Job instance at 0x7f8313082410>,77,27,[9 4],78,-1,247,-1,220
1,<environment.Job instance at 0x7f8313082050>,79,26,[7 3],80,-1,248,-1,222
1,<environment.Job instance at 0x7f8313082640>,80,17,[ 5 12],81,-1,239,-1,222
1,<environment.Job instance at 0x7f8313082f50>,83,2,[14  5],84,-1,257,-1,255
1,<environment.Job instance at 0x7f83130826e0>,84,2,[13  2],85,-1,257,-1,255
1,<environment.Job instance at 0x7f83139a4050>,1,25,[4 9],2,-1,27,-1,2
1,<environment.Job instance at 0x7f8312d56dc0>,7,2,[6 3],8,-1,10,-1,8
1,<environment.Job instance at 0x7f8312d56550>,14,12,[11  4],15,-1,45,-1,33
1,<environment.Job instance at 0x7f8312d56c80>,16,12,[10  1],17,-1,64,-1,52
1,<environment.Job instance at 0x7f8312d566e0>,20,17,[ 2 14],21,-1,86,-1,69
1,<environment.Job instance at 0x7f8312d56050>,22,12,[13  4],23,-1,97,-1,85
1,<environment.Job instance at 0x7f8312bc1f50>,25,17,[14  2],26,-1,110,-1,93
1,<environment.Job instance at 0x7f8312bc18c0>,26,17,[ 1 12],27,-1,110,-1,93
1,<environment.Job instance at 0x7f8312bc1460>,28,2,[8 1],29,-1,104,-1,102
1,<environment.Job instance at 0x7f8312bc1d20>,29,27,[11  4],30,-1,129,-1,102
1,<environment.Job instance at 0x7f8312bc10f0>,30,15,[ 2 13],31,-1,117,-1,102
1,<environment.Job instance at 0x7f8312bc1be0>,31,3,[2 5],32,-1,105,-1,102
1,<environment.Job instance at 0x7f8312bc10a0>,32,2,[1 6],33,-1,104,-1,102
1,<environment.Job instance at 0x7f8312bc1140>,33,16,[11  3],34,-1,118,-1,102
1,<environment.Job instance at 0x7f8312bc1370>,34,25,[6 2],35,-1,127,-1,102
1,<environment.Job instance at 0x7f8312bc1f00>,35,17,[13  1],36,-1,119,-1,102
1,<environment.Job instance at 0x7f8312bc1b90>,36,23,[8 2],37,-1,125,-1,102
1,<environment.Job instance at 0x7f8312bc1820>,37,26,[ 2 11],38,-1,128,-1,102
1,<environment.Job instance at 0x7f8312bc1230>,38,1,[6 4],39,-1,103,-1,102
1,<environment.Job instance at 0x7f8312bc14b0>,39,16,[11  4],40,-1,118,-1,102
1,<environment.Job instance at 0x7f8312bc1aa0>,40,26,[2 7],41,-1,128,-1,102
1,<environment.Job instance at 0x7f8312bc1cd0>,43,24,[13  5],44,-1,143,-1,119
1,<environment.Job instance at 0x7f8312bc1e60>,45,12,[14  3],46,-1,135,-1,123
1,<environment.Job instance at 0x7f83132554b0>,48,27,[6 5],49,-1,168,-1,141
1,<environment.Job instance at 0x7f8313255be0>,50,13,[11  1],51,-1,168,-1,155
1,<environment.Job instance at 0x7f8313255eb0>,55,1,[6 3],56,-1,189,-1,188
1,<environment.Job instance at 0x7f8313255c80>,62,12,[13  3],63,-1,234,-1,222
1,<environment.Job instance at 0x7f8313255690>,63,25,[ 5 10],64,-1,247,-1,222
1,<environment.Job instance at 0x7f8313255910>,65,14,[11  2],66,-1,238,-1,224
1,<environment.Job instance at 0x7f83132555a0>,66,15,[ 3 14],67,-1,239,-1,224
1,<environment.Job instance at 0x7f8313255280>,68,27,[7 4],69,-1,266,-1,239
1,<environment.Job instance at 0x7f8312d3ac30>,73,13,[ 1 12],74,-1,274,-1,261
1,<environment.Job instance at 0x7f8312d3a5a0>,76,14,[ 4 12],77,-1,293,-1,279
1,<environment.Job instance at 0x7f8312d3a9b0>,78,25,[ 1 14],79,-1,304,-1,279
1,<environment.Job instance at 0x7f8312d3aaa0>,79,14,[11  5],80,-1,293,-1,279
1,<environment.Job instance at 0x7f8312d3a500>,81,23,[ 4 13],82,-1,314,-1,291
1,<environment.Job instance at 0x7f8312d3adc0>,82,19,[11  1],83,-1,310,-1,291
1,<environment.Job instance at 0x7f8312d3a8c0>,83,18,[ 4 11],84,-1,309,-1,291
1,<environment.Job instance at 0x7f8313d35410>,86,13,[ 3 13],87,-1,318,-1,305
1,<environment.Job instance at 0x7f8312c1d550>,8,23,[5 5],9,-1,47,-1,24
1,<environment.Job instance at 0x7f8313f39870>,55,2,[3 9],56,-1,354,-1,352
1,<environment.Job instance at 0x7f83133690a0>,57,26,[3 7],58,-1,384,-1,358
1,<environment.Job instance at 0x7f8313369730>,58,26,[4 6],59,-1,384,-1,358
1,<environment.Job instance at 0x7f83133697d0>,59,14,[ 3 14],60,-1,372,-1,358
1,<environment.Job instance at 0x7f831360bf00>,73,22,[3 8],74,-1,551,-1,529
1,<environment.Job instance at 0x7f831364c5f0>,80,27,[3 6],81,-1,556,-1,529
1,<environment.Job instance at 0x7f831365c4b0>,81,2,[12  1],82,-1,531,-1,529
1,<environment.Job instance at 0x7f8313aaad70>,2,1,[ 5 14],3,-1,4,-1,3
1,<environment.Job instance at 0x7f8313aaa0a0>,3,16,[12  5],4,-1,20,-1,4
1,<environment.Job instance at 0x7f831337b6e0>,9,13,[14  3],10,-1,23,-1,10
1,<environment.Job instance at 0x7f831337b8c0>,10,18,[ 5 11],11,-1,29,-1,11
1,<environment.Job instance at 0x7f831337b2d0>,13,14,[13  2],14,-1,31,-1,17
1,<environment.Job instance at 0x7f831337b960>,14,2,[7 1],15,-1,19,-1,17
1,<environment.Job instance at 0x7f831337b5a0>,15,22,[2 8],16,-1,53,-1,31
1,<environment.Job instance at 0x7f831337b0f0>,18,23,[7 4],19,-1,54,-1,31
1,<environment.Job instance at 0x7f831337be10>,19,25,[ 4 12],20,-1,56,-1,31
1,<environment.Job instance at 0x7f831337b460>,22,1,[4 7],23,-1,48,-1,47
1,<environment.Job instance at 0x7f831337ba50>,23,25,[ 2 10],24,-1,72,-1,47
1,<environment.Job instance at 0x7f831337ba00>,24,14,[11  3],25,-1,61,-1,47
1,<environment.Job instance at 0x7f831337bdc0>,25,18,[1 9],26,-1,78,-1,60
1,<environment.Job instance at 0x7f83139248c0>,32,1,[5 6],33,-1,96,-1,95
1,<environment.Job instance at 0x7f83139245f0>,33,12,[8 3],34,-1,108,-1,96
1,<environment.Job instance at 0x7f8313924640>,34,25,[9 4],35,-1,121,-1,96
1,<environment.Job instance at 0x7f8313924190>,35,3,[6 3],36,-1,99,-1,96
1,<environment.Job instance at 0x7f8313924370>,36,2,[12  3],37,-1,98,-1,96
1,<environment.Job instance at 0x7f83139242d0>,37,23,[4 8],38,-1,120,-1,97
1,<environment.Job instance at 0x7f83139240f0>,38,13,[9 1],39,-1,113,-1,100
1,<environment.Job instance at 0x7f83139246e0>,39,27,[ 5 14],40,-1,127,-1,100
1,<environment.Job instance at 0x7f8313924780>,40,17,[14  2],41,-1,117,-1,100
1,<environment.Job instance at 0x7f8313924c80>,41,15,[12  2],42,-1,115,-1,100
1,<environment.Job instance at 0x7f8313c29550>,51,14,[5 9],52,-1,238,-1,224
1,<environment.Job instance at 0x7f8313c29a50>,53,17,[ 5 12],54,-1,247,-1,230
1,<environment.Job instance at 0x7f8313c299b0>,54,23,[6 1],55,-1,253,-1,230
1,<environment.Job instance at 0x7f83131e3910>,56,2,[ 4 14],57,-1,242,-1,240
1,<environment.Job instance at 0x7f83131e3be0>,57,23,[10  3],58,-1,263,-1,240
1,<environment.Job instance at 0x7f83131e3780>,58,14,[ 1 11],59,-1,254,-1,240
1,<environment.Job instance at 0x7f83131e3730>,59,17,[5 1],60,-1,257,-1,240
1,<environment.Job instance at 0x7f83131e3cd0>,62,27,[8 3],63,-1,281,-1,254
1,<environment.Job instance at 0x7f83131e3190>,67,25,[9 4],68,-1,320,-1,295
1,<environment.Job instance at 0x7f83131c9f50>,71,28,[ 5 13],72,-1,340,-1,312
1,<environment.Job instance at 0x7f83131c9730>,72,15,[12  1],73,-1,327,-1,312
1,<environment.Job instance at 0x7f83131c98c0>,73,3,[ 5 14],74,-1,315,-1,312
1,<environment.Job instance at 0x7f83131c95a0>,75,26,[4 9],76,-1,341,-1,315
1,<environment.Job instance at 0x7f83131c95f0>,76,27,[10  5],77,-1,342,-1,315
1,<environment.Job instance at 0x7f83131c91e0>,79,17,[ 2 10],80,-1,355,-1,338
1,<environment.Job instance at 0x7f83131c9f00>,80,3,[1 6],81,-1,341,-1,338
1,<environment.Job instance at 0x7f83131c9500>,81,16,[13  4],82,-1,354,-1,338
1,<environment.Job instance at 0x7f83131c93c0>,83,16,[ 5 12],84,-1,363,-1,347
1,<environment.Job instance at 0x7f8312e67280>,86,3,[6 1],87,-1,369,-1,366
1,<environment.Job instance at 0x7f8312e67dc0>,87,12,[ 2 12],88,-1,378,-1,366
1,<environment.Job instance at 0x7f8312e67e10>,88,2,[6 2],89,-1,368,-1,366
1,<environment.Job instance at 0x7f83135c6280>,3,18,[ 1 11],4,-1,22,-1,4
1,<environment.Job instance at 0x7f83135c6410>,8,16,[ 2 13],9,-1,25,-1,9
1,<environment.Job instance at 0x7f83135c6b90>,9,16,[ 5 12],10,-1,26,-1,10
1,<environment.Job instance at 0x7f83135c6e10>,10,12,[11  1],11,-1,23,-1,11
1,<environment.Job instance at 0x7f83135c6d20>,14,26,[10  5],15,-1,50,-1,24
1,<environment.Job instance at 0x7f83135c6050>,15,2,[7 5],16,-1,26,-1,24
1,<environment.Job instance at 0x7f83135ef500>,19,25,[1 7],20,-1,67,-1,42
1,<environment.Job instance at 0x7f8312e0cf50>,22,14,[ 3 10],23,-1,77,-1,63
1,<environment.Job instance at 0x7f8312e0c500>,24,27,[3 8],25,-1,90,-1,63
1,<environment.Job instance at 0x7f8312e0c0a0>,27,28,[2 6],28,-1,101,-1,73
1,<environment.Job instance at 0x7f8312e0c230>,28,28,[7 1],29,-1,101,-1,73
1,<environment.Job instance at 0x7f83138f6460>,29,26,[10  3],30,-1,99,-1,73
1,<environment.Job instance at 0x7f83138f63c0>,30,27,[5 2],31,-1,100,-1,73
1,<environment.Job instance at 0x7f83138f66e0>,31,12,[ 3 13],32,-1,85,-1,73
1,<environment.Job instance at 0x7f83138f6e60>,32,17,[14  5],33,-1,90,-1,73
1,<environment.Job instance at 0x7f83138f6cd0>,33,15,[14  2],34,-1,88,-1,73
1,<environment.Job instance at 0x7f83138f6320>,34,15,[ 1 12],35,-1,88,-1,73
1,<environment.Job instance at 0x7f83138f6500>,36,12,[10  1],37,-1,99,-1,87
1,<environment.Job instance at 0x7f83138f65f0>,38,12,[ 1 12],39,-1,116,-1,104
1,<environment.Job instance at 0x7f83138f6730>,40,16,[ 1 10],41,-1,122,-1,106
1,<environment.Job instance at 0x7f83138f6a00>,41,22,[8 3],42,-1,128,-1,106
1,<environment.Job instance at 0x7f8312d56910>,42,15,[11  5],43,-1,121,-1,106
1,<environment.Job instance at 0x7f83135c6e60>,13,17,[ 2 14],14,-1,123,-1,106
1,<environment.Job instance at 0x7f8312d560f0>,43,13,[9 2],44,-1,119,-1,106
1,<environment.Job instance at 0x7f8313fc2500>,45,21,[11  3],46,-1,127,-1,106
1,<environment.Job instance at 0x7f8313fc2960>,46,2,[1 8],47,-1,108,-1,106
1,<environment.Job instance at 0x7f8313fc20f0>,47,17,[ 1 10],48,-1,123,-1,106
1,<environment.Job instance at 0x7f8313fc2870>,49,12,[11  2],50,-1,132,-1,120
1,<environment.Job instance at 0x7f8313fc2f50>,50,18,[ 3 11],51,-1,138,-1,120
1,<environment.Job instance at 0x7f8313fc2b40>,53,24,[2 8],54,-1,163,-1,139
1,<environment.Job instance at 0x7f8313fc2690>,55,13,[14  2],56,-1,152,-1,139
1,<environment.Job instance at 0x7f8313fc2550>,56,12,[ 5 14],57,-1,151,-1,139
1,<environment.Job instance at 0x7f8313fc2190>,57,28,[11  4],58,-1,167,-1,139
1,<environment.Job instance at 0x7f8313fc2780>,58,1,[1 6],59,-1,140,-1,139
1,<environment.Job instance at 0x7f8313fc2dc0>,59,26,[1 8],60,-1,166,-1,140
1,<environment.Job instance at 0x7f8313fc2e60>,64,24,[5 3],65,-1,190,-1,166
1,<environment.Job instance at 0x7f8313ab19b0>,65,15,[ 1 14],66,-1,181,-1,166
1,<environment.Job instance at 0x7f8313ab18c0>,66,16,[ 3 13],67,-1,182,-1,166
1,<environment.Job instance at 0x7f8313ab11e0>,67,23,[11  4],68,-1,189,-1,166
1,<environment.Job instance at 0x7f8313ab15f0>,78,14,[14  2],79,-1,264,-1,250
1,<environment.Job instance at 0x7f8313ab1f50>,79,13,[14  4],80,-1,263,-1,250
1,<environment.Job instance at 0x7f8313ab1fa0>,80,15,[ 4 12],81,-1,265,-1,250
1,<environment.Job instance at 0x7f8313ab1a00>,82,26,[8 3],83,-1,278,-1,252
1,<environment.Job instance at 0x7f8313ab10f0>,84,24,[3 9],85,-1,289,-1,265
1,<environment.Job instance at 0x7f831352dfa0>,87,13,[13  2],88,-1,282,-1,269
1,<environment.Job instance at 0x7f831352dd20>,88,1,[5 5],89,-1,270,-1,269
1,<environment.Job instance at 0x7f8312ef6aa0>,10,26,[ 2 10],11,-1,47,-1,21
1,<environment.Job instance at 0x7f8312ef6c80>,15,26,[ 5 13],16,-1,66,-1,40
1,<environment.Job instance at 0x7f831cb66cd0>,20,1,[2 7],21,-1,70,-1,69
1,<environment.Job instance at 0x7f8312efc960>,23,23,[ 5 10],24,-1,97,-1,74
1,<environment.Job instance at 0x7f8312efc230>,28,16,[11  3],29,-1,110,-1,94
1,<environment.Job instance at 0x7f8312efc190>,29,16,[11  5],30,-1,120,-1,104
1,<environment.Job instance at 0x7f8312efcfa0>,31,1,[ 3 12],32,-1,105,-1,104
1,<environment.Job instance at 0x7f831378ad20>,32,25,[10  3],33,-1,129,-1,104
1,<environment.Job instance at 0x7f831378a3c0>,33,14,[ 5 12],34,-1,118,-1,104
1,<environment.Job instance at 0x7f831378a870>,34,20,[ 3 14],35,-1,124,-1,104
1,<environment.Job instance at 0x7f831378a9b0>,35,24,[13  2],36,-1,128,-1,104
1,<environment.Job instance at 0x7f831378a410>,38,14,[11  5],39,-1,138,-1,124
1,<environment.Job instance at 0x7f831378a8c0>,39,28,[6 1],40,-1,152,-1,124
1,<environment.Job instance at 0x7f831379c690>,46,13,[11  3],47,-1,215,-1,202
1,<environment.Job instance at 0x7f831379c870>,47,28,[7 5],48,-1,230,-1,202
1,<environment.Job instance at 0x7f831379c500>,49,2,[14  5],50,-1,204,-1,202
1,<environment.Job instance at 0x7f831379c730>,50,26,[13  1],51,-1,228,-1,202
1,<environment.Job instance at 0x7f831379caf0>,52,3,[10  1],53,-1,223,-1,220
1,<environment.Job instance at 0x7f831379c050>,54,1,[5 1],55,-1,235,-1,234
1,<environment.Job instance at 0x7f831379c6e0>,58,26,[2 8],59,-1,290,-1,264
1,<environment.Job instance at 0x7f831379c190>,59,3,[6 1],60,-1,267,-1,264
1,<environment.Job instance at 0x7f83141d67d0>,62,23,[7 1],63,-1,304,-1,281
1,<environment.Job instance at 0x7f8312f04050>,63,13,[13  4],64,-1,294,-1,281
1,<environment.Job instance at 0x7f831402cd20>,64,18,[14  3],65,-1,299,-1,281
1,<environment.Job instance at 0x7f8312f1ca50>,66,24,[14  5],67,-1,320,-1,296
1,<environment.Job instance at 0x7f8312f1cbe0>,67,25,[ 4 12],68,-1,321,-1,296
1,<environment.Job instance at 0x7f8312f1c0f0>,68,15,[ 2 10],69,-1,327,-1,312
1,<environment.Job instance at 0x7f8313aaee60>,70,17,[10  3],71,-1,331,-1,314
1,<environment.Job instance at 0x7f8312f1c690>,71,18,[ 2 11],72,-1,332,-1,314
1,<environment.Job instance at 0x7f8312f1c550>,72,13,[11  3],73,-1,327,-1,314
1,<environment.Job instance at 0x7f8312c79f00>,73,18,[13  2],74,-1,332,-1,314
1,<environment.Job instance at 0x7f83133f3f00>,74,2,[7 1],75,-1,316,-1,314
1,<environment.Job instance at 0x7f8314374050>,75,23,[ 5 13],76,-1,337,-1,314
1,<environment.Job instance at 0x7f83133f3410>,76,23,[2 7],77,-1,337,-1,314
1,<environment.Job instance at 0x7f831391b550>,77,28,[ 1 10],78,-1,342,-1,314
1,<environment.Job instance at 0x7f8313da9af0>,78,3,[2 6],79,-1,317,-1,314
1,<environment.Job instance at 0x7f831328e7d0>,79,12,[ 4 14],80,-1,326,-1,314
1,<environment.Job instance at 0x7f8313dbd780>,80,2,[10  3],81,-1,316,-1,314
1,<environment.Job instance at 0x7f8313d63c80>,87,1,[12  3],88,-1,367,-1,366
1,<environment.Job instance at 0x7f8313cedd20>,88,25,[13  1],89,-1,391,-1,366
1,<environment.Job instance at 0x7f83136ac8c0>,2,16,[14  4],3,-1,20,-1,4
1,<environment.Job instance at 0x7f83136acdc0>,5,24,[12  4],6,-1,30,-1,6
1,<environment.Job instance at 0x7f8312be2460>,6,25,[6 3],7,-1,32,-1,7
1,<environment.Job instance at 0x7f8312be22d0>,7,27,[9 5],8,-1,35,-1,8
1,<environment.Job instance at 0x7f8312be2550>,9,14,[ 2 13],10,-1,24,-1,10
1,<environment.Job instance at 0x7f8312be2500>,11,1,[3 9],12,-1,13,-1,12
1,<environment.Job instance at 0x7f8312be7960>,23,18,[ 2 10],24,-1,83,-1,65
1,<environment.Job instance at 0x7f8312be7370>,25,19,[ 2 12],26,-1,84,-1,65
1,<environment.Job instance at 0x7f8312be74b0>,27,26,[12  4],28,-1,104,-1,78
1,<environment.Job instance at 0x7f8312be7690>,29,16,[ 5 11],30,-1,94,-1,78
1,<environment.Job instance at 0x7f8312be7140>,30,18,[ 2 10],31,-1,97,-1,79
1,<environment.Job instance at 0x7f8312be7280>,32,13,[9 1],33,-1,99,-1,86
1,<environment.Job instance at 0x7f8312bba460>,34,1,[ 4 11],35,-1,93,-1,92
1,<environment.Job instance at 0x7f8312bba3c0>,37,2,[5 1],38,-1,109,-1,107
1,<environment.Job instance at 0x7f8312bbaeb0>,38,18,[14  5],39,-1,125,-1,107
1,<environment.Job instance at 0x7f8312bba820>,39,15,[ 1 12],40,-1,122,-1,107
1,<environment.Job instance at 0x7f8312bbac30>,43,14,[ 5 11],44,-1,135,-1,121
1,<environment.Job instance at 0x7f8312bde690>,47,16,[14  4],48,-1,158,-1,142
1,<environment.Job instance at 0x7f8312bdeaa0>,49,16,[ 3 14],50,-1,171,-1,155
1,<environment.Job instance at 0x7f8312bde280>,54,23,[14  2],55,-1,212,-1,189
1,<environment.Job instance at 0x7f8312bde2d0>,55,24,[5 9],56,-1,213,-1,189
1,<environment.Job instance at 0x7f8312bdef50>,57,28,[ 2 11],58,-1,229,-1,201
1,<environment.Job instance at 0x7f8312bdecd0>,58,18,[14  3],59,-1,219,-1,201
1,<environment.Job instance at 0x7f8312bdeaf0>,59,3,[1 5],60,-1,204,-1,201
1,<environment.Job instance at 0x7f8312bde190>,60,23,[2 9],61,-1,224,-1,201
1,<environment.Job instance at 0x7f8312bde9b0>,61,14,[ 4 10],62,-1,215,-1,201
1,<environment.Job instance at 0x7f8312bb85f0>,63,2,[9 2],64,-1,203,-1,201
1,<environment.Job instance at 0x7f8312bb8140>,64,3,[6 2],65,-1,204,-1,201
1,<environment.Job instance at 0x7f8312bb8c30>,66,3,[13  3],67,-1,217,-1,214
1,<environment.Job instance at 0x7f8312bb85a0>,67,1,[ 4 14],68,-1,215,-1,214
1,<environment.Job instance at 0x7f8312bb8550>,68,14,[ 3 14],69,-1,228,-1,214
1,<environment.Job instance at 0x7f8312bb8050>,70,16,[14  1],71,-1,232,-1,216
1,<environment.Job instance at 0x7f8313303c30>,73,1,[ 5 13],74,-1,232,-1,231
1,<environment.Job instance at 0x7f8313303d70>,74,26,[4 8],75,-1,257,-1,231
1,<environment.Job instance at 0x7f8313303730>,79,22,[2 9],80,-1,288,-1,266
1,<environment.Job instance at 0x7f8313303460>,80,23,[ 5 11],81,-1,289,-1,266
1,<environment.Job instance at 0x7f8313303320>,81,24,[9 1],82,-1,290,-1,266
1,<environment.Job instance at 0x7f8313303820>,86,26,[11  3],87,-1,308,-1,282
1,<environment.Job instance at 0x7f83133031e0>,87,1,[9 1],88,-1,283,-1,282
1,<environment.Job instance at 0x7f8313303c80>,88,24,[7 1],89,-1,306,-1,282
1,<environment.Job instance at 0x7f831326ad20>,4,12,[13  2],5,-1,17,-1,5
1,<environment.Job instance at 0x7f8312be78c0>,6,12,[ 2 14],7,-1,19,-1,7
1,<environment.Job instance at 0x7f831326af00>,7,17,[ 1 12],8,-1,25,-1,8
1,<environment.Job instance at 0x7f831326afa0>,8,22,[13  4],9,-1,31,-1,9
1,<environment.Job instance at 0x7f831324a0a0>,9,18,[ 5 12],10,-1,28,-1,10
1,<environment.Job instance at 0x7f831324a140>,10,25,[12  1],11,-1,36,-1,11
1,<environment.Job instance at 0x7f831324a1e0>,11,26,[10  2],12,-1,38,-1,12
1,<environment.Job instance at 0x7f831324a500>,17,1,[4 7],18,-1,35,-1,34
1,<environment.Job instance at 0x7f831324a820>,18,12,[10  2],19,-1,47,-1,35
1,<environment.Job instance at 0x7f831324a7d0>,19,14,[ 2 13],20,-1,49,-1,35
1,<environment.Job instance at 0x7f831324aa50>,23,27,[ 1 13],24,-1,92,-1,65
1,<environment.Job instance at 0x7f831324a6e0>,24,18,[11  3],25,-1,83,-1,65
1,<environment.Job instance at 0x7f831324aa00>,27,12,[12  5],28,-1,77,-1,65
1,<environment.Job instance at 0x7f831324ac80>,28,12,[ 3 12],29,-1,77,-1,65
1,<environment.Job instance at 0x7f831324ae60>,31,25,[ 2 14],32,-1,123,-1,98
1,<environment.Job instance at 0x7f831324c1e0>,34,2,[5 7],35,-1,109,-1,107
1,<environment.Job instance at 0x7f831324c230>,36,1,[6 3],37,-1,111,-1,110
1,<environment.Job instance at 0x7f831324c140>,37,16,[12  2],38,-1,126,-1,110
1,<environment.Job instance at 0x7f831324c370>,38,17,[ 2 13],39,-1,127,-1,110
1,<environment.Job instance at 0x7f831324c410>,39,27,[5 5],40,-1,137,-1,110
1,<environment.Job instance at 0x7f831324c7d0>,45,15,[ 5 12],46,-1,165,-1,150
1,<environment.Job instance at 0x7f831324c910>,47,25,[1 9],48,-1,182,-1,157
1,<environment.Job instance at 0x7f831324c9b0>,48,17,[11  5],49,-1,174,-1,157
1,<environment.Job instance at 0x7f831324ca50>,49,17,[ 5 11],50,-1,174,-1,157
1,<environment.Job instance at 0x7f831324cc30>,50,14,[14  3],51,-1,171,-1,157
1,<environment.Job instance at 0x7f831324cb40>,52,3,[7 2],53,-1,160,-1,157
1,<environment.Job instance at 0x7f831324ccd0>,53,15,[14  5],54,-1,172,-1,157
1,<environment.Job instance at 0x7f831324ce10>,54,14,[14  4],55,-1,171,-1,157
1,<environment.Job instance at 0x7f831324ceb0>,55,17,[ 2 12],56,-1,174,-1,157
1,<environment.Job instance at 0x7f831324cf50>,56,28,[5 9],57,-1,185,-1,157
1,<environment.Job instance at 0x7f831324cfa0>,57,26,[9 4],58,-1,183,-1,157
1,<environment.Job instance at 0x7f83132690f0>,59,25,[11  1],60,-1,196,-1,171
1,<environment.Job instance at 0x7f83132692d0>,61,1,[13  2],62,-1,176,-1,175
1,<environment.Job instance at 0x7f8313269370>,62,14,[13  2],63,-1,189,-1,175
1,<environment.Job instance at 0x7f83132694b0>,64,26,[4 7],65,-1,213,-1,187
1,<environment.Job instance at 0x7f83132695f0>,65,2,[8 3],66,-1,189,-1,187
1,<environment.Job instance at 0x7f8313269a50>,69,15,[10  1],70,-1,234,-1,219
1,<environment.Job instance at 0x7f8313269af0>,70,3,[5 1],71,-1,222,-1,219
1,<environment.Job instance at 0x7f8313269cd0>,73,20,[ 1 14],74,-1,253,-1,233
1,<environment.Job instance at 0x7f8313269d70>,74,12,[ 3 14],75,-1,245,-1,233
1,<environment.Job instance at 0x7f8313269e10>,75,15,[ 1 10],76,-1,259,-1,244
1,<environment.Job instance at 0x7f83132611e0>,80,20,[ 5 13],81,-1,282,-1,262
1,<environment.Job instance at 0x7f831323fe60>,81,12,[ 5 13],82,-1,274,-1,262
1,<environment.Job instance at 0x7f831323fe10>,82,15,[ 3 13],83,-1,277,-1,262
1,<environment.Job instance at 0x7f831323fd20>,84,18,[ 2 10],85,-1,287,-1,269
1,<environment.Job instance at 0x7f831cb006e0>,2,15,[14  1],3,-1,18,-1,3
1,<environment.Job instance at 0x7f831326ad70>,3,25,[ 2 10],4,-1,29,-1,4
1,<environment.Job instance at 0x7f831cb00320>,6,23,[5 3],7,-1,31,-1,8
1,<environment.Job instance at 0x7f8312eb90f0>,9,13,[ 2 12],10,-1,23,-1,10
1,<environment.Job instance at 0x7f8312eb9e10>,10,27,[ 1 14],11,-1,38,-1,11
1,<environment.Job instance at 0x7f8312eb99b0>,13,28,[ 5 13],14,-1,42,-1,14
1,<environment.Job instance at 0x7f8312eb90a0>,15,1,[6 4],16,-1,17,-1,16
1,<environment.Job instance at 0x7f8312eb97d0>,21,1,[ 2 13],22,-1,56,-1,55
1,<environment.Job instance at 0x7f8312eb98c0>,23,3,[6 4],24,-1,65,-1,62
1,<environment.Job instance at 0x7f8312eb9f00>,24,13,[9 1],25,-1,84,-1,71
1,<environment.Job instance at 0x7f8312eb9640>,27,2,[11  1],28,-1,94,-1,92
1,<environment.Job instance at 0x7f8313c745f0>,28,2,[5 3],29,-1,94,-1,92
1,<environment.Job instance at 0x7f8313c74eb0>,33,25,[ 5 10],34,-1,138,-1,113
1,<environment.Job instance at 0x7f8313c74140>,34,13,[12  3],35,-1,126,-1,113
1,<environment.Job instance at 0x7f8313c74b40>,35,20,[ 4 11],36,-1,133,-1,113
1,<environment.Job instance at 0x7f8313c74640>,37,15,[14  2],38,-1,129,-1,114
1,<environment.Job instance at 0x7f8313c740f0>,38,12,[13  3],39,-1,126,-1,114
1,<environment.Job instance at 0x7f83137b5be0>,48,20,[12  2],49,-1,205,-1,185
1,<environment.Job instance at 0x7f83137b5f00>,50,28,[8 4],51,-1,219,-1,191
1,<environment.Job instance at 0x7f83137b5230>,54,13,[13  1],55,-1,226,-1,213
1,<environment.Job instance at 0x7f83137b5c30>,57,18,[12  1],58,-1,245,-1,227
1,<environment.Job instance at 0x7f8313752370>,59,19,[13  2],60,-1,261,-1,242
1,<environment.Job instance at 0x7f8313752e10>,62,1,[ 2 13],63,-1,247,-1,246
1,<environment.Job instance at 0x7f8313752c30>,63,24,[ 4 10],64,-1,270,-1,246
1,<environment.Job instance at 0x7f83137523c0>,70,23,[13  5],71,-1,325,-1,302
1,<environment.Job instance at 0x7f8313752e60>,71,28,[14  2],72,-1,330,-1,302
1,<environment.Job instance at 0x7f83130a1d20>,76,22,[13  1],77,-1,360,-1,338
1,<environment.Job instance at 0x7f83130a1e10>,77,2,[5 7],78,-1,340,-1,338
1,<environment.Job instance at 0x7f83130a1e60>,78,22,[ 2 12],79,-1,360,-1,338
1,<environment.Job instance at 0x7f83130a1f00>,82,15,[13  5],83,-1,369,-1,354
1,<environment.Job instance at 0x7f83130a1be0>,83,20,[ 1 14],84,-1,374,-1,354
1,<environment.Job instance at 0x7f83130a1370>,85,12,[ 1 14],86,-1,386,-1,374
1,<environment.Job instance at 0x7f83130a1b40>,86,14,[ 3 11],87,-1,388,-1,374
1,<environment.Job instance at 0x7f83130a1690>,88,12,[ 3 13],89,-1,386,-1,374
1,<environment.Job instance at 0x7f83138c18c0>,5,17,[ 5 11],6,-1,24,-1,7
1,<environment.Job instance at 0x7f83138c13c0>,7,25,[5 8],8,-1,33,-1,8
1,<environment.Job instance at 0x7f83138bb8c0>,28,25,[ 1 14],29,-1,212,-1,187
1,<environment.Job instance at 0x7f83135d72d0>,31,25,[2 8],32,-1,243,-1,218
1,<environment.Job instance at 0x7f83135d7820>,34,16,[13  2],35,-1,234,-1,218
1,<environment.Job instance at 0x7f8312eecf50>,40,2,[3 9],41,-1,257,-1,255
1,<environment.Job instance at 0x7f8312eecaf0>,41,18,[ 1 13],42,-1,273,-1,255
1,<environment.Job instance at 0x7f8312c03640>,43,16,[ 4 14],44,-1,274,-1,258
1,<environment.Job instance at 0x7f8312c032d0>,44,15,[11  3],45,-1,274,-1,259
1,<environment.Job instance at 0x7f8312c03730>,45,15,[ 1 10],46,-1,293,-1,278
1,<environment.Job instance at 0x7f8312c03a00>,47,23,[3 5],48,-1,301,-1,278
1,<environment.Job instance at 0x7f8312c033c0>,48,17,[12  3],49,-1,295,-1,278
1,<environment.Job instance at 0x7f8312c03460>,50,13,[13  2],51,-1,291,-1,278
1,<environment.Job instance at 0x7f8312d3b8c0>,54,22,[10  1],55,-1,335,-1,313
1,<environment.Job instance at 0x7f8312d3b5f0>,57,17,[11  4],58,-1,342,-1,325
1,<environment.Job instance at 0x7f8312d3b050>,58,18,[ 1 11],59,-1,343,-1,325
1,<environment.Job instance at 0x7f8312d3b0f0>,59,12,[9 1],60,-1,337,-1,325
1,<environment.Job instance at 0x7f8313870e10>,60,26,[5 7],61,-1,351,-1,325
1,<environment.Job instance at 0x7f83132b3230>,73,28,[ 3 14],74,-1,460,-1,432
1,<environment.Job instance at 0x7f8313d323c0>,77,20,[12  1],78,-1,468,-1,448
1,<environment.Job instance at 0x7f8313d32960>,78,24,[ 5 13],79,-1,472,-1,448
1,<environment.Job instance at 0x7f831349a8c0>,79,23,[8 5],80,-1,471,-1,448
1,<environment.Job instance at 0x7f831349a230>,80,28,[4 9],81,-1,476,-1,448
1,<environment.Job instance at 0x7f831349afa0>,81,24,[ 5 13],82,-1,472,-1,448
1,<environment.Job instance at 0x7f831cb2d870>,83,15,[ 2 12],84,-1,473,-1,458
1,<environment.Job instance at 0x7f831cb2daa0>,84,15,[ 3 13],85,-1,473,-1,458
1,<environment.Job instance at 0x7f831cf75410>,85,25,[7 4],86,-1,487,-1,462
1,<environment.Job instance at 0x7f83133f3aa0>,88,25,[14  3],89,-1,496,-1,471
1,<environment.Job instance at 0x7f8312ea66e0>,5,15,[11  3],6,-1,29,-1,14
1,<environment.Job instance at 0x7f8313133e10>,8,3,[ 4 13],9,-1,17,-1,14
1,<environment.Job instance at 0x7f83139dbe10>,18,25,[5 1],19,-1,95,-1,70
1,<environment.Job instance at 0x7f831cb73370>,20,13,[ 5 13],21,-1,85,-1,72
1,<environment.Job instance at 0x7f831447e690>,23,23,[7 5],24,-1,112,-1,89
1,<environment.Job instance at 0x7f831447e0f0>,24,26,[ 5 13],25,-1,115,-1,89
1,<environment.Job instance at 0x7f8313b91e60>,31,23,[5 3],32,-1,169,-1,146
1,<environment.Job instance at 0x7f8313fd0f00>,37,26,[ 2 12],38,-1,208,-1,182
1,<environment.Job instance at 0x7f831cb0fe60>,39,3,[ 2 11],40,-1,186,-1,183
1,<environment.Job instance at 0x7f8313adeeb0>,41,16,[14  5],42,-1,211,-1,195
1,<environment.Job instance at 0x7f8313fca960>,42,24,[5 1],43,-1,219,-1,195
1,<environment.Job instance at 0x7f8313fca7d0>,43,17,[ 5 12],44,-1,212,-1,195
1,<environment.Job instance at 0x7f8313fa2eb0>,46,1,[5 8],47,-1,209,-1,208
1,<environment.Job instance at 0x7f8314052f00>,49,1,[8 4],50,-1,235,-1,234
1,<environment.Job instance at 0x7f8314052fa0>,51,24,[1 9],52,-1,258,-1,234
1,<environment.Job instance at 0x7f8314052c30>,52,1,[7 2],53,-1,235,-1,234
1,<environment.Job instance at 0x7f8314018820>,54,12,[ 4 10],55,-1,264,-1,252
1,<environment.Job instance at 0x7f8314018af0>,55,15,[14  2],56,-1,267,-1,252
1,<environment.Job instance at 0x7f8314018cd0>,56,1,[6 2],57,-1,253,-1,252
1,<environment.Job instance at 0x7f8314018d70>,57,13,[ 5 11],58,-1,265,-1,252
1,<environment.Job instance at 0x7f8314018f00>,58,12,[12  2],59,-1,264,-1,252
1,<environment.Job instance at 0x7f8314018be0>,60,17,[ 4 14],61,-1,269,-1,252
1,<environment.Job instance at 0x7f831403a7d0>,80,28,[8 5],81,-1,486,-1,458
1,<environment.Job instance at 0x7f831403ab90>,83,2,[10  3],84,-1,476,-1,474
1,<environment.Job instance at 0x7f831403ad20>,86,26,[ 5 10],87,-1,512,-1,486
1,<environment.Job instance at 0x7f831403aeb0>,88,16,[12  4],89,-1,504,-1,488
1,<environment.Job instance at 0x7f38c7f1b320>,1,22,[11  3],2,-1,24,-1,2
1,<environment.Job instance at 0x7f38be92fa50>,3,18,[ 4 14],4,-1,22,-1,4
1,<environment.Job instance at 0x7f38be9328c0>,23,27,[ 1 14],24,-1,187,-1,160
1,<environment.Job instance at 0x7f38be932c80>,29,25,[ 4 11],30,-1,247,-1,222
1,<environment.Job instance at 0x7f38be932d20>,30,22,[ 5 13],31,-1,244,-1,222
1,<environment.Job instance at 0x7f38be932dc0>,31,27,[4 8],32,-1,249,-1,222
1,<environment.Job instance at 0x7f38be932410>,33,12,[11  3],34,-1,244,-1,232
1,<environment.Job instance at 0x7f38be936230>,37,13,[ 3 14],38,-1,268,-1,255
1,<environment.Job instance at 0x7f38be9362d0>,38,28,[ 2 12],39,-1,283,-1,255
1,<environment.Job instance at 0x7f38be936b40>,50,16,[ 2 11],51,-1,379,-1,363
1,<environment.Job instance at 0x7f38be936aa0>,51,16,[12  2],52,-1,379,-1,363
1,<environment.Job instance at 0x7f38be936cd0>,53,27,[8 5],54,-1,394,-1,367
1,<environment.Job instance at 0x7f38be936e10>,55,13,[13  1],56,-1,387,-1,374
1,<environment.Job instance at 0x7f38be938500>,65,2,[10  4],66,-1,475,-1,473
1,<environment.Job instance at 0x7f38be9385a0>,66,13,[ 2 14],67,-1,486,-1,473
1,<environment.Job instance at 0x7f38be9387d0>,68,27,[ 1 10],69,-1,500,-1,473
1,<environment.Job instance at 0x7f38be938690>,69,2,[ 3 10],70,-1,475,-1,473
1,<environment.Job instance at 0x7f38be938870>,70,13,[ 3 12],71,-1,486,-1,473
1,<environment.Job instance at 0x7f38be9389b0>,72,28,[5 1],73,-1,522,-1,494
1,<environment.Job instance at 0x7f38be938a50>,73,2,[5 9],74,-1,496,-1,494
1,<environment.Job instance at 0x7f38be938960>,76,14,[ 4 11],77,-1,521,-1,507
1,<environment.Job instance at 0x7f38be93b140>,84,20,[13  1],85,-1,580,-1,560
1,<environment.Job instance at 0x7f38be93b1e0>,85,18,[ 3 14],86,-1,578,-1,560
1,<environment.Job instance at 0x7f38be93b4b0>,88,2,[ 3 10],89,-1,580,-1,578
1,<environment.Job instance at 0x7f38be93b500>,89,21,[ 1 11],90,-1,599,-1,578
1,<environment.Job instance at 0x7f38be93b640>,91,14,[ 2 13],92,-1,592,-1,578
1,<environment.Job instance at 0x7f38be92fd20>,8,22,[14  3],9,-1,655,-1,633
1,<environment.Job instance at 0x7f38be93baf0>,98,22,[ 3 11],99,-1,655,-1,633
1,<environment.Job instance at 0x7f38be93b870>,93,22,[10  2],94,-1,655,-1,633
1,<environment.Job instance at 0x7f38be93b050>,2,27,[5 6],3,-1,30,-1,3
1,<environment.Job instance at 0x7f38be078050>,3,24,[12  3],4,-1,28,-1,4
1,<environment.Job instance at 0x7f38be0780f0>,4,22,[12  5],5,-1,27,-1,5
1,<environment.Job instance at 0x7f38be0787d0>,5,18,[12  4],6,-1,24,-1,6
1,<environment.Job instance at 0x7f38be0782d0>,6,17,[ 5 13],7,-1,24,-1,7
1,<environment.Job instance at 0x7f38be076f50>,7,23,[14  4],8,-1,31,-1,8
1,<environment.Job instance at 0x7f38be076aa0>,13,2,[6 2],14,-1,16,-1,14
1,<environment.Job instance at 0x7f38be076a00>,14,15,[12  1],15,-1,30,-1,15
1,<environment.Job instance at 0x7f38be076910>,15,14,[ 2 11],16,-1,30,-1,16
1,<environment.Job instance at 0x7f38be073eb0>,17,14,[ 1 12],18,-1,32,-1,18
1,<environment.Job instance at 0x7f38be076640>,19,14,[ 3 14],20,-1,48,-1,34
1,<environment.Job instance at 0x7f38be073370>,24,22,[8 1],25,-1,229,-1,207
1,<environment.Job instance at 0x7f38be159190>,39,3,[ 1 12],40,-1,210,-1,207
1,<environment.Job instance at 0x7f38be159af0>,40,16,[ 2 14],41,-1,223,-1,207
1,<environment.Job instance at 0x7f38be2a0b40>,42,22,[4 8],43,-1,261,-1,239
1,<environment.Job instance at 0x7f38be159640>,44,20,[ 1 14],45,-1,259,-1,239
1,<environment.Job instance at 0x7f38be155870>,45,13,[ 4 10],46,-1,252,-1,239
1,<environment.Job instance at 0x7f38bdef95a0>,46,17,[14  2],47,-1,256,-1,239
1,<environment.Job instance at 0x7f38c7fa9c30>,47,12,[4 8],48,-1,251,-1,239
1,<environment.Job instance at 0x7f38bdef1230>,49,23,[ 1 14],50,-1,262,-1,239
1,<environment.Job instance at 0x7f38bdef15a0>,50,14,[1 7],51,-1,253,-1,239
1,<environment.Job instance at 0x7f38bdee8d70>,51,14,[4 7],52,-1,253,-1,239
1,<environment.Job instance at 0x7f38bdee8b40>,52,14,[13  4],53,-1,253,-1,239
1,<environment.Job instance at 0x7f38bdee0f00>,53,14,[5 2],54,-1,253,-1,239
1,<environment.Job instance at 0x7f38bdee8dc0>,54,22,[12  4],55,-1,261,-1,239
1,<environment.Job instance at 0x7f38bdfafaa0>,55,23,[1 7],56,-1,262,-1,239
1,<environment.Job instance at 0x7f38bdee0460>,56,17,[7 1],57,-1,256,-1,239
1,<environment.Job instance at 0x7f38bdfaf910>,57,16,[ 2 14],58,-1,255,-1,239
1,<environment.Job instance at 0x7f38be073500>,75,16,[ 2 10],76,-1,410,-1,394
1,<environment.Job instance at 0x7f38bdec5af0>,77,21,[ 3 10],78,-1,415,-1,394
1,<environment.Job instance at 0x7f38bdf2dc30>,78,25,[14  4],79,-1,419,-1,394
1,<environment.Job instance at 0x7f38bdec5d70>,79,14,[2 6],80,-1,408,-1,394
1,<environment.Job instance at 0x7f38bdec56e0>,80,26,[10  5],81,-1,420,-1,394
1,<environment.Job instance at 0x7f38bdec5500>,81,13,[4 9],82,-1,407,-1,394
1,<environment.Job instance at 0x7f38bdec51e0>,82,14,[2 9],83,-1,408,-1,394
1,<environment.Job instance at 0x7f38bdec5280>,83,2,[13  3],84,-1,396,-1,394
1,<environment.Job instance at 0x7f38bdec5c30>,84,21,[ 4 12],85,-1,415,-1,394
1,<environment.Job instance at 0x7f38bdec5550>,85,13,[5 2],86,-1,407,-1,394
1,<environment.Job instance at 0x7f38bdec55f0>,86,12,[5 9],87,-1,406,-1,394
1,<environment.Job instance at 0x7f38bdec50a0>,87,27,[2 9],88,-1,421,-1,394
1,<environment.Job instance at 0x7f38bdec5b90>,88,21,[9 4],89,-1,417,-1,396
1,<environment.Job instance at 0x7f38be06bdc0>,89,12,[9 3],90,-1,408,-1,396
1,<environment.Job instance at 0x7f38be06bbe0>,91,17,[12  2],92,-1,426,-1,409
1,<environment.Job instance at 0x7f38be06ba00>,92,28,[2 8],93,-1,437,-1,409
1,<environment.Job instance at 0x7f38be06b370>,93,12,[1 7],94,-1,422,-1,410
1,<environment.Job instance at 0x7f38bdec7500>,94,3,[10  2],95,-1,413,-1,410
1,<environment.Job instance at 0x7f38bdec73c0>,95,3,[5 5],96,-1,413,-1,410
1,<environment.Job instance at 0x7f38bdec7b40>,96,3,[ 5 10],97,-1,413,-1,410
1,<environment.Job instance at 0x7f38be1593c0>,2,24,[7 5],3,-1,27,-1,3
1,<environment.Job instance at 0x7f38be0210a0>,4,28,[2 7],5,-1,33,-1,5
1,<environment.Job instance at 0x7f38be021dc0>,5,28,[9 2],6,-1,34,-1,6
1,<environment.Job instance at 0x7f38be159370>,10,20,[ 3 13],11,-1,31,-1,11
1,<environment.Job instance at 0x7f38be021fa0>,11,12,[ 2 14],12,-1,24,-1,12
1,<environment.Job instance at 0x7f38be0211e0>,12,13,[12  2],13,-1,26,-1,13
1,<environment.Job instance at 0x7f38be021d20>,13,2,[5 9],14,-1,17,-1,15
1,<environment.Job instance at 0x7f38be0215f0>,15,16,[11  1],16,-1,32,-1,16
1,<environment.Job instance at 0x7f38be021050>,18,17,[11  3],19,-1,38,-1,21
1,<environment.Job instance at 0x7f38be021190>,19,14,[ 1 10],20,-1,35,-1,21
1,<environment.Job instance at 0x7f38be021320>,20,25,[6 2],21,-1,46,-1,21
1,<environment.Job instance at 0x7f38be021730>,21,18,[12  4],22,-1,40,-1,22
1,<environment.Job instance at 0x7f38c81042d0>,23,26,[11  5],24,-1,50,-1,24
1,<environment.Job instance at 0x7f38c8104280>,27,15,[13  5],28,-1,59,-1,44
1,<environment.Job instance at 0x7f38bdec4410>,30,27,[14  3],31,-1,84,-1,57
1,<environment.Job instance at 0x7f38bdec4a00>,32,26,[ 4 10],33,-1,91,-1,65
1,<environment.Job instance at 0x7f38bdec4870>,33,26,[8 3],34,-1,91,-1,65
1,<environment.Job instance at 0x7f38bdec4c30>,34,16,[12  1],35,-1,81,-1,65
1,<environment.Job instance at 0x7f38bdec4f50>,35,19,[ 2 13],36,-1,84,-1,65
1,<environment.Job instance at 0x7f38bdec4460>,36,22,[11  1],37,-1,87,-1,65
1,<environment.Job instance at 0x7f38bdec4190>,37,22,[ 1 13],38,-1,87,-1,65
1,<environment.Job instance at 0x7f38bdec4320>,38,2,[2 8],39,-1,67,-1,65
1,<environment.Job instance at 0x7f38bdec4dc0>,40,23,[7 3],41,-1,96,-1,73
1,<environment.Job instance at 0x7f38bdec4be0>,41,3,[10  5],42,-1,76,-1,73
1,<environment.Job instance at 0x7f38bdec4d20>,43,24,[14  3],44,-1,108,-1,84
1,<environment.Job instance at 0x7f38bdec40f0>,45,21,[12  3],46,-1,119,-1,98
1,<environment.Job instance at 0x7f38bdec42d0>,47,28,[4 5],48,-1,128,-1,100
1,<environment.Job instance at 0x7f38bdec44b0>,49,22,[14  1],50,-1,138,-1,116
1,<environment.Job instance at 0x7f38bdec4e10>,50,3,[11  3],51,-1,119,-1,116
1,<environment.Job instance at 0x7f38bdf4bf00>,51,27,[ 4 13],52,-1,143,-1,116
1,<environment.Job instance at 0x7f38bdf4b3c0>,52,26,[8 4],53,-1,142,-1,116
1,<environment.Job instance at 0x7f38bdf4bbe0>,55,16,[14  1],56,-1,142,-1,126
1,<environment.Job instance at 0x7f38bdf4bc30>,56,3,[9 1],57,-1,129,-1,126
1,<environment.Job instance at 0x7f38bdf4beb0>,59,1,[5 4],60,-1,136,-1,135
1,<environment.Job instance at 0x7f38bdf4ba50>,60,25,[ 3 10],61,-1,160,-1,135
1,<environment.Job instance at 0x7f38bdf4b960>,61,1,[ 2 10],62,-1,136,-1,135
1,<environment.Job instance at 0x7f38bdf4bb40>,62,27,[3 9],63,-1,163,-1,136
1,<environment.Job instance at 0x7f38bdf4b370>,64,12,[13  2],65,-1,151,-1,139
1,<environment.Job instance at 0x7f38bdf4bd20>,65,24,[1 5],66,-1,163,-1,139
1,<environment.Job instance at 0x7f38bdf4b820>,66,23,[3 6],67,-1,162,-1,139
1,<environment.Job instance at 0x7f38c8095fa0>,71,17,[12  5],72,-1,190,-1,173
1,<environment.Job instance at 0x7f38c80957d0>,72,12,[13  5],73,-1,185,-1,173
1,<environment.Job instance at 0x7f38c8095d70>,74,25,[1 5],75,-1,211,-1,186
1,<environment.Job instance at 0x7f38c8095140>,77,15,[ 2 14],78,-1,205,-1,190
1,<environment.Job instance at 0x7f38c8095690>,80,14,[14  5],81,-1,236,-1,222
1,<environment.Job instance at 0x7f38c8095820>,81,13,[ 5 13],82,-1,235,-1,222
1,<environment.Job instance at 0x7f38c8095a50>,84,18,[11  3],85,-1,251,-1,233
1,<environment.Job instance at 0x7f38c80899b0>,87,15,[ 1 13],88,-1,274,-1,259
1,<environment.Job instance at 0x7f38c8089460>,88,27,[13  4],89,-1,286,-1,259
1,<environment.Job instance at 0x7f38c8089960>,89,26,[3 5],90,-1,285,-1,259
1,<environment.Job instance at 0x7f38c8089370>,92,25,[3 9],93,-1,301,-1,276
1,<environment.Job instance at 0x7f38c8089aa0>,93,13,[14  3],94,-1,289,-1,276
1,<environment.Job instance at 0x7f38c8102b90>,95,1,[7 3],96,-1,277,-1,276
1,<environment.Job instance at 0x7f38c8102640>,96,14,[ 1 10],97,-1,299,-1,285
1,<environment.Job instance at 0x7f38c8102c80>,97,1,[2 7],98,-1,286,-1,285
1,<environment.Job instance at 0x7f38c8102190>,98,16,[11  4],99,-1,301,-1,285
1,<environment.Job instance at 0x7f38beeba370>,4,13,[12  4],5,-1,18,-1,5
1,<environment.Job instance at 0x7f38be2c1730>,6,13,[ 1 13],7,-1,20,-1,7
1,<environment.Job instance at 0x7f38be2c1be0>,7,26,[ 1 13],8,-1,34,-1,8
1,<environment.Job instance at 0x7f38beeba410>,9,16,[11  1],10,-1,26,-1,10
1,<environment.Job instance at 0x7f38be2c1a00>,10,14,[14  2],11,-1,25,-1,11
1,<environment.Job instance at 0x7f38be2c18c0>,16,2,[ 5 13],17,-1,30,-1,28
1,<environment.Job instance at 0x7f38be2c1460>,17,24,[2 7],18,-1,52,-1,28
1,<environment.Job instance at 0x7f38be2c1fa0>,18,16,[11  2],19,-1,44,-1,28
1,<environment.Job instance at 0x7f38be2c1320>,19,22,[ 2 12],20,-1,50,-1,28
1,<environment.Job instance at 0x7f38be2c1cd0>,20,17,[ 3 10],21,-1,47,-1,30
1,<environment.Job instance at 0x7f38c808eeb0>,23,18,[12  1],24,-1,61,-1,43
1,<environment.Job instance at 0x7f38c808ef00>,25,2,[6 1],26,-1,45,-1,43
1,<environment.Job instance at 0x7f38c808ea50>,26,25,[8 5],27,-1,68,-1,43
1,<environment.Job instance at 0x7f38c808e870>,27,17,[ 1 10],28,-1,60,-1,43
1,<environment.Job instance at 0x7f38c808ec80>,28,3,[5 9],29,-1,46,-1,43
1,<environment.Job instance at 0x7f38c808e230>,29,18,[ 2 14],30,-1,61,-1,43
1,<environment.Job instance at 0x7f38c7f450a0>,30,24,[9 1],31,-1,67,-1,43
1,<environment.Job instance at 0x7f38c7f45870>,31,25,[7 1],32,-1,68,-1,43
1,<environment.Job instance at 0x7f38c7f457d0>,32,24,[12  5],33,-1,67,-1,43
1,<environment.Job instance at 0x7f38c7f45460>,33,23,[10  2],34,-1,66,-1,43
1,<environment.Job instance at 0x7f38c7f45730>,34,15,[ 1 11],35,-1,58,-1,43
1,<environment.Job instance at 0x7f38c7f45230>,35,16,[ 5 12],36,-1,59,-1,43
1,<environment.Job instance at 0x7f38c7f454b0>,36,27,[ 4 14],37,-1,70,-1,43
1,<environment.Job instance at 0x7f38c7f452d0>,37,23,[2 9],38,-1,66,-1,43
1,<environment.Job instance at 0x7f38c7f45e10>,39,15,[13  1],40,-1,69,-1,54
1,<environment.Job instance at 0x7f38c7f45dc0>,43,20,[8 1],44,-1,97,-1,77
1,<environment.Job instance at 0x7f38c7f455a0>,44,1,[13  4],45,-1,78,-1,77
1,<environment.Job instance at 0x7f38c7f45640>,45,16,[ 2 12],46,-1,93,-1,77
1,<environment.Job instance at 0x7f38c7f459b0>,46,12,[ 4 14],47,-1,89,-1,77
1,<environment.Job instance at 0x7f38c7f450f0>,50,23,[2 7],51,-1,117,-1,94
1,<environment.Job instance at 0x7f38c7f45a50>,51,12,[14  1],52,-1,106,-1,94
1,<environment.Job instance at 0x7f38c7f9e1e0>,52,28,[1 7],53,-1,122,-1,94
1,<environment.Job instance at 0x7f38c7f9e960>,56,12,[9 5],57,-1,132,-1,120
1,<environment.Job instance at 0x7f38c7f9e640>,58,22,[5 2],59,-1,159,-1,137
1,<environment.Job instance at 0x7f38be59e730>,59,12,[ 5 10],60,-1,149,-1,137
1,<environment.Job instance at 0x7f38be59e2d0>,62,21,[4 8],63,-1,165,-1,144
1,<environment.Job instance at 0x7f38be40c410>,64,21,[3 8],65,-1,177,-1,156
1,<environment.Job instance at 0x7f38be40cd70>,65,25,[ 5 10],66,-1,181,-1,156
1,<environment.Job instance at 0x7f38be40c140>,68,20,[14  4],69,-1,182,-1,162
1,<environment.Job instance at 0x7f38be40c690>,70,27,[ 4 10],71,-1,192,-1,165
1,<environment.Job instance at 0x7f38be40c7d0>,71,25,[12  4],72,-1,190,-1,165
1,<environment.Job instance at 0x7f38be40c730>,72,2,[5 7],73,-1,167,-1,165
1,<environment.Job instance at 0x7f38be40c3c0>,73,27,[3 8],74,-1,192,-1,165
1,<environment.Job instance at 0x7f38be40c230>,74,13,[11  5],75,-1,178,-1,165
1,<environment.Job instance at 0x7f38be40c500>,75,24,[8 4],76,-1,189,-1,165
1,<environment.Job instance at 0x7f38c8102640>,77,2,[6 3],78,-1,177,-1,175
1,<environment.Job instance at 0x7f38c8102190>,78,3,[13  2],79,-1,178,-1,175
1,<environment.Job instance at 0x7f38c81020a0>,81,17,[12  4],82,-1,210,-1,193
1,<environment.Job instance at 0x7f38be557140>,83,1,[7 4],84,-1,197,-1,196
1,<environment.Job instance at 0x7f38be557a50>,85,14,[12  3],86,-1,223,-1,209
1,<environment.Job instance at 0x7f38be557500>,86,12,[ 5 14],87,-1,221,-1,209
1,<environment.Job instance at 0x7f38be557460>,88,3,[5 5],89,-1,226,-1,223
1,<environment.Job instance at 0x7f38be557c80>,94,22,[ 1 12],95,-1,279,-1,257
1,<environment.Job instance at 0x7f38be557eb0>,97,12,[ 2 14],98,-1,293,-1,281
1,<environment.Job instance at 0x7f38be021b90>,1,17,[ 1 14],2,-1,19,-1,2
1,<environment.Job instance at 0x7f38be285a50>,5,1,[13  1],6,-1,8,-1,7
1,<environment.Job instance at 0x7f38be29caf0>,7,24,[1 8],8,-1,32,-1,8
1,<environment.Job instance at 0x7f38be29cb90>,10,26,[ 1 11],11,-1,37,-1,11
1,<environment.Job instance at 0x7f38be287a00>,11,16,[14  5],12,-1,28,-1,12
1,<environment.Job instance at 0x7f38be287690>,15,28,[10  3],16,-1,52,-1,24
1,<environment.Job instance at 0x7f38be2982d0>,20,25,[14  4],21,-1,69,-1,44
1,<environment.Job instance at 0x7f38be604cd0>,25,3,[10  2],26,-1,69,-1,66
1,<environment.Job instance at 0x7f38be2988c0>,26,24,[14  2],27,-1,90,-1,66
1,<environment.Job instance at 0x7f38be2987d0>,27,3,[ 5 11],28,-1,69,-1,66
1,<environment.Job instance at 0x7f38be29faa0>,28,2,[ 2 12],29,-1,68,-1,66
1,<environment.Job instance at 0x7f38be29f9b0>,29,23,[ 4 11],30,-1,89,-1,66
1,<environment.Job instance at 0x7f38bed775f0>,32,3,[8 4],33,-1,85,-1,82
1,<environment.Job instance at 0x7f38bf472820>,34,24,[ 3 10],35,-1,121,-1,97
1,<environment.Job instance at 0x7f38bf44a320>,39,14,[ 1 14],40,-1,130,-1,116
1,<environment.Job instance at 0x7f38bf44acd0>,40,25,[5 8],41,-1,141,-1,116
1,<environment.Job instance at 0x7f38bf44aa00>,41,27,[7 4],42,-1,143,-1,116
1,<environment.Job instance at 0x7f38bf440a00>,42,3,[2 7],43,-1,119,-1,116
1,<environment.Job instance at 0x7f38bf45e3c0>,45,1,[ 1 10],46,-1,145,-1,144
1,<environment.Job instance at 0x7f38be3bf5a0>,46,16,[12  4],47,-1,160,-1,144
1,<environment.Job instance at 0x7f38be3af820>,49,3,[9 2],50,-1,160,-1,157
1,<environment.Job instance at 0x7f38bf465d20>,51,18,[ 4 13],52,-1,191,-1,173
1,<environment.Job instance at 0x7f38bf465c30>,52,23,[11  2],53,-1,196,-1,173
1,<environment.Job instance at 0x7f38bf4657d0>,53,12,[11  5],54,-1,185,-1,173
1,<environment.Job instance at 0x7f38bf465c80>,55,19,[14  4],56,-1,211,-1,192
1,<environment.Job instance at 0x7f38bf465870>,57,14,[ 5 11],58,-1,206,-1,192
1,<environment.Job instance at 0x7f38bf46f280>,64,25,[3 8],65,-1,291,-1,266
1,<environment.Job instance at 0x7f38bf46f410>,65,28,[2 8],66,-1,294,-1,266
1,<environment.Job instance at 0x7f38bf46f960>,66,3,[ 5 14],67,-1,269,-1,266
1,<environment.Job instance at 0x7f38bf46f050>,67,27,[9 3],68,-1,293,-1,266
1,<environment.Job instance at 0x7f38bf46f870>,68,15,[13  3],69,-1,281,-1,266
1,<environment.Job instance at 0x7f38be6334b0>,70,12,[ 3 12],71,-1,281,-1,269
1,<environment.Job instance at 0x7f38bf46f910>,71,16,[ 3 11],72,-1,285,-1,269
1,<environment.Job instance at 0x7f38be633690>,75,12,[ 2 12],76,-1,311,-1,299
1,<environment.Job instance at 0x7f38be633730>,76,27,[ 1 13],77,-1,326,-1,299
1,<environment.Job instance at 0x7f38be6339b0>,80,2,[13  5],81,-1,317,-1,315
1,<environment.Job instance at 0x7f38be633b40>,83,24,[11  3],84,-1,355,-1,331
1,<environment.Job instance at 0x7f38be633dc0>,84,18,[13  3],85,-1,349,-1,331
1,<environment.Job instance at 0x7f38be633fa0>,87,23,[10  3],88,-1,381,-1,358
1,<environment.Job instance at 0x7f38be2b4320>,92,24,[7 5],93,-1,413,-1,389
1,<environment.Job instance at 0x7f38be2b43c0>,93,20,[14  5],94,-1,409,-1,389
1,<environment.Job instance at 0x7f38be2b4500>,95,18,[14  1],96,-1,407,-1,389
1,<environment.Job instance at 0x7f38be2b45a0>,96,27,[5 5],97,-1,416,-1,389
1,<environment.Job instance at 0x7f38be3ae460>,10,2,[5 3],11,-1,19,-1,17
1,<environment.Job instance at 0x7f38be3aeaf0>,11,17,[ 5 10],12,-1,34,-1,17
1,<environment.Job instance at 0x7f38be3ae2d0>,12,17,[11  1],13,-1,34,-1,17
1,<environment.Job instance at 0x7f38be3aef50>,13,15,[ 4 11],14,-1,32,-1,17
1,<environment.Job instance at 0x7f38be3aee60>,14,28,[6 1],15,-1,45,-1,17
1,<environment.Job instance at 0x7f38be39b140>,59,27,[1 5],60,-1,512,-1,485
1,<environment.Job instance at 0x7f38be39b3c0>,63,27,[12  4],64,-1,561,-1,534
1,<environment.Job instance at 0x7f38be39bcd0>,67,12,[ 5 12],68,-1,564,-1,552
1,<environment.Job instance at 0x7f38be39b1e0>,68,14,[14  1],69,-1,566,-1,552
1,<environment.Job instance at 0x7f38be39b050>,70,14,[12  4],71,-1,569,-1,555
1,<environment.Job instance at 0x7f38be024fa0>,73,12,[14  4],74,-1,595,-1,583
1,<environment.Job instance at 0x7f38be024a50>,75,25,[8 1],76,-1,623,-1,598
1,<environment.Job instance at 0x7f38be024500>,77,21,[ 5 14],78,-1,619,-1,598
1,<environment.Job instance at 0x7f38be024a00>,80,28,[2 8],81,-1,660,-1,632
1,<environment.Job instance at 0x7f38be024eb0>,84,2,[4 7],85,-1,641,-1,639
1,<environment.Job instance at 0x7f38be0248c0>,85,28,[ 1 13],86,-1,667,-1,639
1,<environment.Job instance at 0x7f38be3976e0>,92,22,[ 5 14],93,-1,714,-1,692
1,<environment.Job instance at 0x7f38be3975a0>,93,20,[14  1],94,-1,712,-1,692
1,<environment.Job instance at 0x7f38be024f00>,89,26,[9 4],90,-1,811,-1,785
1,<environment.Job instance at 0x7f38be024f00>,4,26,[1 5],5,-1,34,-1,8
1,<environment.Job instance at 0x7f38be7fce60>,7,23,[ 4 10],8,-1,31,-1,8
1,<environment.Job instance at 0x7f38be7fc9b0>,8,19,[14  3],9,-1,28,-1,9
1,<environment.Job instance at 0x7f38bf075e10>,10,15,[11  4],11,-1,35,-1,20
1,<environment.Job instance at 0x7f38be7c5730>,15,15,[ 2 11],16,-1,39,-1,24
1,<environment.Job instance at 0x7f38be7c53c0>,16,23,[7 4],17,-1,57,-1,34
1,<environment.Job instance at 0x7f38be7cf8c0>,24,28,[10  3],25,-1,112,-1,84
1,<environment.Job instance at 0x7f38be7cfdc0>,25,25,[12  3],26,-1,109,-1,84
1,<environment.Job instance at 0x7f38be529e60>,30,16,[14  3],31,-1,136,-1,120
1,<environment.Job instance at 0x7f38bdffd9b0>,38,25,[6 1],39,-1,189,-1,164
1,<environment.Job instance at 0x7f38be8dcbe0>,39,24,[11  4],40,-1,188,-1,164
1,<environment.Job instance at 0x7f38be258690>,41,27,[5 1],42,-1,204,-1,177
1,<environment.Job instance at 0x7f38be2412d0>,43,17,[14  5],44,-1,200,-1,183
1,<environment.Job instance at 0x7f38be524dc0>,46,25,[8 3],47,-1,218,-1,193
1,<environment.Job instance at 0x7f38be7cca00>,47,13,[13  1],48,-1,206,-1,193
1,<environment.Job instance at 0x7f38be8e7c80>,51,19,[12  1],52,-1,246,-1,227
1,<environment.Job instance at 0x7f38be8f7a50>,55,13,[ 2 12],56,-1,261,-1,248
1,<environment.Job instance at 0x7f38be8f7a00>,56,25,[ 5 10],57,-1,273,-1,248
1,<environment.Job instance at 0x7f38be8f7aa0>,57,26,[9 3],58,-1,274,-1,248
1,<environment.Job instance at 0x7f38be8f7730>,58,26,[ 1 12],59,-1,274,-1,248
1,<environment.Job instance at 0x7f38be8f7500>,59,28,[3 6],60,-1,276,-1,248
1,<environment.Job instance at 0x7f38be8f7550>,60,2,[1 6],61,-1,250,-1,248
1,<environment.Job instance at 0x7f38be8f7960>,61,12,[11  1],62,-1,260,-1,248
1,<environment.Job instance at 0x7f38be8f75a0>,63,15,[13  2],64,-1,268,-1,253
1,<environment.Job instance at 0x7f38be8f79b0>,64,17,[12  3],65,-1,270,-1,253
1,<environment.Job instance at 0x7f38be8d80a0>,65,2,[ 4 12],66,-1,255,-1,253
1,<environment.Job instance at 0x7f38be8d81e0>,66,1,[10  1],67,-1,254,-1,253
1,<environment.Job instance at 0x7f38be8d8190>,67,28,[3 6],68,-1,281,-1,253
1,<environment.Job instance at 0x7f38be8d8500>,69,19,[13  1],70,-1,274,-1,255
1,<environment.Job instance at 0x7f38be8f9f50>,74,28,[6 5],75,-1,305,-1,277
1,<environment.Job instance at 0x7f38be040690>,82,25,[4 6],83,-1,350,-1,325
1,<environment.Job instance at 0x7f38be040870>,84,24,[7 5],85,-1,349,-1,325
1,<environment.Job instance at 0x7f38be040a00>,86,21,[14  1],87,-1,359,-1,338
1,<environment.Job instance at 0x7f38be040aa0>,88,16,[12  4],89,-1,358,-1,342
1,<environment.Job instance at 0x7f38be040b40>,89,24,[4 9],90,-1,366,-1,342
1,<environment.Job instance at 0x7f38be040f00>,94,12,[ 1 14],95,-1,387,-1,375
1,<environment.Job instance at 0x7f38be040fa0>,95,14,[13  4],96,-1,389,-1,375
1,<environment.Job instance at 0x7f38be026050>,97,13,[13  3],98,-1,406,-1,393
1,<environment.Job instance at 0x7f38bf075a00>,2,25,[13  4],3,-1,28,-1,3
1,<environment.Job instance at 0x7f38bf303910>,4,1,[10  5],5,-1,7,-1,6
1,<environment.Job instance at 0x7f38bf303c80>,7,21,[ 2 13],8,-1,29,-1,8
1,<environment.Job instance at 0x7f38bf303780>,8,16,[ 3 14],9,-1,25,-1,9
1,<environment.Job instance at 0x7f38bf303c30>,9,16,[ 1 11],10,-1,26,-1,10
1,<environment.Job instance at 0x7f38bf303be0>,11,24,[ 2 13],12,-1,36,-1,12
1,<environment.Job instance at 0x7f38bf201d20>,12,18,[13  3],13,-1,31,-1,13
1,<environment.Job instance at 0x7f38bf201410>,13,15,[ 1 10],14,-1,29,-1,14
1,<environment.Job instance at 0x7f38bf201a50>,15,16,[ 1 12],16,-1,32,-1,16
1,<environment.Job instance at 0x7f38bf201460>,16,1,[ 2 10],17,-1,18,-1,17
1,<environment.Job instance at 0x7f38bf201230>,17,26,[8 4],18,-1,44,-1,18
1,<environment.Job instance at 0x7f38bf201eb0>,18,16,[ 3 13],19,-1,35,-1,19
1,<environment.Job instance at 0x7f38bf201690>,20,18,[9 5],21,-1,51,-1,33
1,<environment.Job instance at 0x7f38bf201be0>,23,18,[9 1],24,-1,51,-1,33
1,<environment.Job instance at 0x7f38bf2014b0>,24,28,[ 1 11],25,-1,61,-1,33
1,<environment.Job instance at 0x7f38bf201050>,26,23,[11  3],27,-1,60,-1,37
1,<environment.Job instance at 0x7f38bf201cd0>,27,14,[13  5],28,-1,51,-1,37
1,<environment.Job instance at 0x7f38bf201820>,28,16,[ 5 10],29,-1,53,-1,37
1,<environment.Job instance at 0x7f38bf2016e0>,29,1,[6 1],30,-1,38,-1,37
1,<environment.Job instance at 0x7f38bf2010a0>,30,15,[5 2],31,-1,52,-1,37
1,<environment.Job instance at 0x7f38bf2017d0>,31,13,[12  5],32,-1,50,-1,37
1,<environment.Job instance at 0x7f38bf2015a0>,32,14,[7 1],33,-1,51,-1,37
1,<environment.Job instance at 0x7f38bf201a00>,33,16,[11  4],34,-1,53,-1,37
1,<environment.Job instance at 0x7f38c7a69140>,35,27,[6 1],36,-1,64,-1,37
1,<environment.Job instance at 0x7f38c7a69550>,36,22,[5 5],37,-1,59,-1,37
1,<environment.Job instance at 0x7f38c7a69410>,37,14,[2 6],38,-1,59,-1,45
1,<environment.Job instance at 0x7f38c7a695a0>,38,15,[3 8],39,-1,62,-1,47
1,<environment.Job instance at 0x7f38c7a698c0>,39,26,[2 7],40,-1,73,-1,47
1,<environment.Job instance at 0x7f38c7a69190>,40,23,[10  3],41,-1,70,-1,47
1,<environment.Job instance at 0x7f38c7a693c0>,41,16,[14  1],42,-1,63,-1,47
1,<environment.Job instance at 0x7f38c7a69500>,42,1,[13  2],43,-1,48,-1,47
1,<environment.Job instance at 0x7f38bf42fd20>,43,3,[4 5],44,-1,50,-1,47
1,<environment.Job instance at 0x7f38bf42f640>,44,21,[8 1],45,-1,68,-1,47
1,<environment.Job instance at 0x7f38bf42f5f0>,45,18,[11  1],46,-1,65,-1,47
1,<environment.Job instance at 0x7f38bf42fcd0>,46,19,[3 6],47,-1,72,-1,53
1,<environment.Job instance at 0x7f38bf42f6e0>,47,20,[3 7],48,-1,76,-1,56
1,<environment.Job instance at 0x7f38bf42f3c0>,49,18,[7 1],50,-1,74,-1,56
1,<environment.Job instance at 0x7f38bf42ffa0>,50,22,[ 1 12],51,-1,78,-1,56
1,<environment.Job instance at 0x7f38bf42fc30>,51,15,[10  4],52,-1,71,-1,56
1,<environment.Job instance at 0x7f38bf42f960>,52,18,[ 4 11],53,-1,74,-1,56
1,<environment.Job instance at 0x7f38bf42f820>,53,25,[5 6],54,-1,81,-1,56
1,<environment.Job instance at 0x7f38bf42fa50>,54,26,[ 3 12],55,-1,82,-1,56
1,<environment.Job instance at 0x7f38bf42f7d0>,55,13,[ 4 13],56,-1,69,-1,56
1,<environment.Job instance at 0x7f38bf290e60>,56,2,[10  5],57,-1,59,-1,57
1,<environment.Job instance at 0x7f38bf2904b0>,57,27,[5 7],58,-1,85,-1,58
1,<environment.Job instance at 0x7f38bf290500>,58,20,[ 4 14],59,-1,79,-1,59
1,<environment.Job instance at 0x7f38bf2906e0>,59,14,[1 7],60,-1,76,-1,62
1,<environment.Job instance at 0x7f38bf42f9b0>,60,17,[9 4],61,-1,79,-1,62
1,<environment.Job instance at 0x7f38bf2903c0>,61,23,[11  4],62,-1,85,-1,62
1,<environment.Job instance at 0x7f38bf290050>,62,18,[4 8],63,-1,98,-1,80
1,<environment.Job instance at 0x7f38bf290be0>,63,23,[2 7],64,-1,103,-1,80
1,<environment.Job instance at 0x7f38bf290dc0>,64,15,[12  4],65,-1,95,-1,80
1,<environment.Job instance at 0x7f38bf290fa0>,65,2,[ 1 12],66,-1,82,-1,80
1,<environment.Job instance at 0x7f38bf290910>,66,13,[1 5],67,-1,93,-1,80
1,<environment.Job instance at 0x7f38bf290b40>,67,15,[ 5 10],68,-1,95,-1,80
1,<environment.Job instance at 0x7f38c8087f00>,68,28,[6 4],69,-1,108,-1,80
1,<environment.Job instance at 0x7f38c8087aa0>,69,14,[14  3],70,-1,94,-1,80
1,<environment.Job instance at 0x7f38c80873c0>,71,25,[ 2 14],72,-1,105,-1,80
1,<environment.Job instance at 0x7f38c80876e0>,73,18,[9 4],74,-1,105,-1,87
1,<environment.Job instance at 0x7f38c80870a0>,74,18,[ 4 10],75,-1,105,-1,87
1,<environment.Job instance at 0x7f38c80878c0>,75,3,[ 3 14],76,-1,90,-1,87
1,<environment.Job instance at 0x7f38c8087fa0>,76,27,[10  1],77,-1,114,-1,87
1,<environment.Job instance at 0x7f38c8087870>,77,12,[6 3],78,-1,99,-1,87
1,<environment.Job instance at 0x7f38bea1a910>,78,15,[ 5 10],79,-1,103,-1,88
1,<environment.Job instance at 0x7f38bea1ac30>,80,28,[13  5],81,-1,116,-1,88
1,<environment.Job instance at 0x7f38bea1a5a0>,81,19,[4 8],82,-1,116,-1,97
1,<environment.Job instance at 0x7f38bea1af00>,82,16,[ 4 10],83,-1,113,-1,97
1,<environment.Job instance at 0x7f38bea1a5f0>,83,14,[5 2],84,-1,111,-1,97
1,<environment.Job instance at 0x7f38bea1aa00>,84,2,[ 2 14],85,-1,99,-1,97
1,<environment.Job instance at 0x7f38bea1a280>,85,14,[11  2],86,-1,111,-1,97
1,<environment.Job instance at 0x7f38bea1a370>,86,1,[4 6],87,-1,98,-1,97
1,<environment.Job instance at 0x7f38bea1a870>,88,14,[14  5],89,-1,111,-1,97
1,<environment.Job instance at 0x7f38bea1ae60>,89,1,[ 3 12],90,-1,98,-1,97
1,<environment.Job instance at 0x7f38be7bbd20>,91,2,[5 6],92,-1,99,-1,97
1,<environment.Job instance at 0x7f38be7bb9b0>,92,13,[ 2 13],93,-1,110,-1,97
1,<environment.Job instance at 0x7f38be7bb820>,93,23,[5 1],94,-1,120,-1,97
1,<environment.Job instance at 0x7f38be7bb5f0>,94,14,[ 3 13],95,-1,111,-1,97
1,<environment.Job instance at 0x7f38be7bb230>,95,13,[5 1],96,-1,110,-1,97
1,<environment.Job instance at 0x7f38be7bb960>,96,26,[ 1 12],97,-1,123,-1,97
1,<environment.Job instance at 0x7f38be7bb320>,97,13,[6 3],98,-1,113,-1,100
1,<environment.Job instance at 0x7f38be7bbfa0>,98,18,[1 5],99,-1,122,-1,104
1,<environment.Job instance at 0x7f38be7bb4b0>,2,1,[10  4],3,-1,4,-1,3
1,<environment.Job instance at 0x7f38be7bbfa0>,7,27,[5 7],8,-1,35,-1,8
1,<environment.Job instance at 0x7f38bdd88960>,6,18,[14  2],7,-1,26,-1,8
1,<environment.Job instance at 0x7f38be155dc0>,9,21,[12  3],10,-1,31,-1,10
1,<environment.Job instance at 0x7f38be155b40>,10,12,[ 5 12],11,-1,23,-1,11
1,<environment.Job instance at 0x7f38be155eb0>,12,16,[ 2 13],13,-1,29,-1,13
1,<environment.Job instance at 0x7f38be1558c0>,17,20,[ 2 13],18,-1,39,-1,19
1,<environment.Job instance at 0x7f38be155af0>,18,27,[4 9],19,-1,46,-1,19
1,<environment.Job instance at 0x7f38be1555a0>,19,3,[ 2 13],20,-1,23,-1,20
1,<environment.Job instance at 0x7f38be155a50>,20,13,[ 4 12],21,-1,34,-1,21
1,<environment.Job instance at 0x7f38be155370>,22,25,[2 7],23,-1,51,-1,26
1,<environment.Job instance at 0x7f38bdcbafa0>,27,21,[12  5],28,-1,89,-1,68
1,<environment.Job instance at 0x7f38bdcba280>,29,20,[11  5],30,-1,88,-1,68
1,<environment.Job instance at 0x7f38bdcbaeb0>,30,12,[8 5],31,-1,90,-1,78
1,<environment.Job instance at 0x7f38bdcbadc0>,32,28,[5 7],33,-1,114,-1,86
1,<environment.Job instance at 0x7f38bdcbaaa0>,33,12,[ 4 11],34,-1,98,-1,86
1,<environment.Job instance at 0x7f38bdcbaaf0>,34,25,[13  4],35,-1,111,-1,86
1,<environment.Job instance at 0x7f38bdcbabe0>,35,21,[ 1 12],36,-1,107,-1,86
1,<environment.Job instance at 0x7f38bdcba9b0>,36,22,[ 4 10],37,-1,108,-1,86
1,<environment.Job instance at 0x7f38bdcba5f0>,37,22,[13  5],38,-1,108,-1,86
1,<environment.Job instance at 0x7f38bdcba690>,38,28,[13  2],39,-1,114,-1,86
1,<environment.Job instance at 0x7f38bdcbaa50>,41,13,[1 9],42,-1,125,-1,112
1,<environment.Job instance at 0x7f38bdcba6e0>,43,13,[1 7],44,-1,137,-1,124
1,<environment.Job instance at 0x7f38bdcba190>,44,23,[1 5],45,-1,147,-1,124
1,<environment.Job instance at 0x7f38bdcba870>,45,2,[5 5],46,-1,126,-1,124
1,<environment.Job instance at 0x7f38bdcba320>,46,2,[ 5 13],47,-1,126,-1,124
1,<environment.Job instance at 0x7f38bdcba3c0>,47,13,[ 1 14],48,-1,137,-1,124
1,<environment.Job instance at 0x7f38bdca3190>,48,17,[ 1 10],49,-1,142,-1,125
1,<environment.Job instance at 0x7f38bdca3500>,51,1,[9 1],52,-1,126,-1,125
1,<environment.Job instance at 0x7f38bdca35f0>,52,18,[ 2 11],53,-1,143,-1,125
1,<environment.Job instance at 0x7f38bdca3aa0>,53,3,[8 2],54,-1,128,-1,125
1,<environment.Job instance at 0x7f38bdca34b0>,54,15,[7 1],55,-1,140,-1,125
1,<environment.Job instance at 0x7f38bdca3a00>,55,2,[5 4],56,-1,127,-1,125
1,<environment.Job instance at 0x7f38bdca3f50>,56,17,[5 4],57,-1,142,-1,125
1,<environment.Job instance at 0x7f38bdca3910>,57,14,[8 1],58,-1,139,-1,125
1,<environment.Job instance at 0x7f38bdca3a50>,58,16,[ 4 10],59,-1,141,-1,125
1,<environment.Job instance at 0x7f38bdca3c80>,59,18,[ 5 14],60,-1,143,-1,125
1,<environment.Job instance at 0x7f38bdca3fa0>,60,17,[ 3 13],61,-1,142,-1,125
1,<environment.Job instance at 0x7f38bdca3af0>,61,23,[13  3],62,-1,148,-1,125
1,<environment.Job instance at 0x7f38bdca3780>,62,18,[ 2 12],63,-1,143,-1,125
1,<environment.Job instance at 0x7f38bdca3960>,63,13,[11  1],64,-1,138,-1,125
1,<environment.Job instance at 0x7f38bdca3d20>,64,21,[6 5],65,-1,146,-1,125
1,<environment.Job instance at 0x7f38bdca3cd0>,65,12,[9 4],66,-1,137,-1,125
1,<environment.Job instance at 0x7f38bdca3d70>,66,26,[7 4],67,-1,151,-1,125
1,<environment.Job instance at 0x7f38bdca3e10>,67,12,[13  4],68,-1,137,-1,125
1,<environment.Job instance at 0x7f38bdd28960>,68,13,[ 2 12],69,-1,138,-1,125
1,<environment.Job instance at 0x7f38bdca35a0>,69,15,[4 9],70,-1,140,-1,125
1,<environment.Job instance at 0x7f38bdd283c0>,70,15,[7 5],71,-1,140,-1,125
1,<environment.Job instance at 0x7f38bdd285f0>,71,13,[14  4],72,-1,138,-1,125
1,<environment.Job instance at 0x7f38bdd28320>,72,16,[14  2],73,-1,141,-1,125
1,<environment.Job instance at 0x7f38bdd285a0>,73,17,[5 2],74,-1,142,-1,125
1,<environment.Job instance at 0x7f38bdd28050>,74,3,[5 1],75,-1,128,-1,125
1,<environment.Job instance at 0x7f38bdd28eb0>,75,17,[9 3],76,-1,142,-1,125
1,<environment.Job instance at 0x7f38bdd28870>,76,24,[5 9],77,-1,149,-1,125
1,<environment.Job instance at 0x7f38be49dc30>,77,12,[ 3 14],78,-1,137,-1,125
1,<environment.Job instance at 0x7f38be49d410>,78,17,[2 7],79,-1,142,-1,125
1,<environment.Job instance at 0x7f38be26f410>,79,28,[14  4],80,-1,153,-1,125
1,<environment.Job instance at 0x7f38bee15550>,80,28,[5 2],81,-1,153,-1,125
1,<environment.Job instance at 0x7f38be4bb910>,81,2,[5 9],82,-1,127,-1,125
1,<environment.Job instance at 0x7f38bee151e0>,82,24,[8 1],83,-1,149,-1,125
1,<environment.Job instance at 0x7f38be32df00>,83,15,[4 7],84,-1,140,-1,125
1,<environment.Job instance at 0x7f38be32d0a0>,84,26,[5 7],85,-1,151,-1,125
1,<environment.Job instance at 0x7f38be32d550>,85,15,[6 1],86,-1,140,-1,125
1,<environment.Job instance at 0x7f38be32dfa0>,86,18,[5 8],87,-1,143,-1,125
1,<environment.Job instance at 0x7f38be32db40>,87,27,[9 4],88,-1,152,-1,125
1,<environment.Job instance at 0x7f38be32d960>,88,20,[9 5],89,-1,145,-1,125
1,<environment.Job instance at 0x7f38be32d780>,89,26,[7 3],90,-1,151,-1,125
1,<environment.Job instance at 0x7f38bdc5f3c0>,90,17,[ 5 12],91,-1,142,-1,125
1,<environment.Job instance at 0x7f38be4ed460>,91,18,[10  1],92,-1,143,-1,125
1,<environment.Job instance at 0x7f38be4cc960>,93,2,[14  5],94,-1,142,-1,140
1,<environment.Job instance at 0x7f38befa4cd0>,94,2,[13  2],95,-1,142,-1,140
1,<environment.Job instance at 0x7f38befd8c80>,95,14,[ 1 10],96,-1,154,-1,140
1,<environment.Job instance at 0x7f38be4435f0>,97,20,[10  2],98,-1,165,-1,145
1,<environment.Job instance at 0x7f38bf4d7820>,98,16,[8 1],99,-1,161,-1,145
1,<environment.Job instance at 0x7f38be1550f0>,25,21,[9 4],26,-1,256,-1,235
1,<environment.Job instance at 0x7f38bdca3460>,50,21,[13  2],51,-1,1270,-1,1249
1,<environment.Job instance at 0x7f38be155c80>,15,13,[14  1],16,-1,5582,-1,5569
1,<environment.Job instance at 0x7f38be40c8c0>,1,25,[4 9],2,-1,27,-1,2
1,<environment.Job instance at 0x7f38bf402d70>,7,2,[6 3],8,-1,10,-1,8
1,<environment.Job instance at 0x7f38bf402b40>,14,12,[11  4],15,-1,45,-1,33
1,<environment.Job instance at 0x7f38bf402550>,16,12,[10  1],17,-1,64,-1,52
1,<environment.Job instance at 0x7f38bdf1b730>,20,17,[ 2 14],21,-1,86,-1,69
1,<environment.Job instance at 0x7f38bdf1b5a0>,22,12,[13  4],23,-1,83,-1,71
1,<environment.Job instance at 0x7f38bdf1beb0>,25,17,[14  2],26,-1,100,-1,83
1,<environment.Job instance at 0x7f38bdf1bdc0>,26,17,[ 1 12],27,-1,100,-1,83
1,<environment.Job instance at 0x7f38bdf1b7d0>,28,2,[8 1],29,-1,100,-1,98
1,<environment.Job instance at 0x7f38bdf1b280>,29,27,[11  4],30,-1,125,-1,98
1,<environment.Job instance at 0x7f38bdf1bbe0>,30,15,[ 2 13],31,-1,113,-1,98
1,<environment.Job instance at 0x7f38bdf1b690>,31,3,[2 5],32,-1,101,-1,98
1,<environment.Job instance at 0x7f38bdf1bc80>,32,2,[1 6],33,-1,100,-1,98
1,<environment.Job instance at 0x7f38bdf1be10>,33,16,[11  3],34,-1,114,-1,98
1,<environment.Job instance at 0x7f38bdf1bf00>,34,25,[6 2],35,-1,123,-1,98
1,<environment.Job instance at 0x7f38bdf1b050>,35,17,[13  1],36,-1,115,-1,98
1,<environment.Job instance at 0x7f38bdf1b140>,36,23,[8 2],37,-1,121,-1,98
1,<environment.Job instance at 0x7f38bdf1ba50>,37,26,[ 2 11],38,-1,124,-1,98
1,<environment.Job instance at 0x7f38bece72d0>,38,1,[6 4],39,-1,99,-1,98
1,<environment.Job instance at 0x7f38bece7aa0>,39,16,[11  4],40,-1,114,-1,98
1,<environment.Job instance at 0x7f38bece7370>,40,26,[2 7],41,-1,124,-1,98
1,<environment.Job instance at 0x7f38bece7e10>,43,24,[13  5],44,-1,139,-1,115
1,<environment.Job instance at 0x7f38bece7730>,45,12,[14  3],46,-1,127,-1,115
1,<environment.Job instance at 0x7f38bece7690>,46,22,[7 2],47,-1,137,-1,115
1,<environment.Job instance at 0x7f38bece7460>,48,27,[6 5],49,-1,158,-1,131
1,<environment.Job instance at 0x7f38bece76e0>,50,13,[11  1],51,-1,144,-1,131
1,<environment.Job instance at 0x7f38bece7410>,53,17,[ 2 10],54,-1,168,-1,151
1,<environment.Job instance at 0x7f38bece7a50>,55,1,[6 3],56,-1,163,-1,162
1,<environment.Job instance at 0x7f38bf26df50>,60,24,[4 5],61,-1,218,-1,194
1,<environment.Job instance at 0x7f38bf26d910>,62,12,[13  3],63,-1,210,-1,198
1,<environment.Job instance at 0x7f38bf26dbe0>,63,25,[ 5 10],64,-1,223,-1,198
1,<environment.Job instance at 0x7f38bf26d690>,65,14,[11  2],66,-1,215,-1,201
1,<environment.Job instance at 0x7f38bf26d550>,66,15,[ 3 14],67,-1,216,-1,201
1,<environment.Job instance at 0x7f38bf26d0f0>,68,27,[7 4],69,-1,239,-1,212
1,<environment.Job instance at 0x7f38bf26d730>,73,13,[ 1 12],74,-1,250,-1,237
1,<environment.Job instance at 0x7f38bf26d4b0>,76,14,[ 4 12],77,-1,269,-1,255
1,<environment.Job instance at 0x7f38bf26dfa0>,78,25,[ 1 14],79,-1,280,-1,255
1,<environment.Job instance at 0x7f38beaa3c80>,79,14,[11  5],80,-1,269,-1,255
1,<environment.Job instance at 0x7f38beaa3370>,81,23,[ 4 13],82,-1,290,-1,267
1,<environment.Job instance at 0x7f38beaa3500>,82,19,[11  1],83,-1,286,-1,267
1,<environment.Job instance at 0x7f38beaa3460>,83,18,[ 4 11],84,-1,285,-1,267
1,<environment.Job instance at 0x7f38beaa3230>,86,13,[ 3 13],87,-1,294,-1,281
1,<environment.Job instance at 0x7f38beaa30f0>,89,16,[14  5],90,-1,319,-1,303
1,<environment.Job instance at 0x7f38beaa3190>,92,16,[14  3],93,-1,329,-1,313
1,<environment.Job instance at 0x7f38beaa37d0>,93,3,[2 8],94,-1,316,-1,313
1,<environment.Job instance at 0x7f38beaa39b0>,94,3,[ 3 10],95,-1,316,-1,313
1,<environment.Job instance at 0x7f38beaa3f00>,96,3,[5 3],97,-1,325,-1,322
1,<environment.Job instance at 0x7f38beaa3aa0>,98,23,[5 5],99,-1,353,-1,330
1,<environment.Job instance at 0x7f38bf124c30>,18,24,[ 1 14],19,-1,98,-1,74
1,<environment.Job instance at 0x7f38bf124af0>,19,2,[7 5],20,-1,76,-1,74
1,<environment.Job instance at 0x7f38bf124fa0>,20,1,[8 3],21,-1,75,-1,74
1,<environment.Job instance at 0x7f38be96d140>,23,1,[7 1],24,-1,99,-1,98
1,<environment.Job instance at 0x7f38be96daf0>,24,23,[5 5],25,-1,121,-1,98
1,<environment.Job instance at 0x7f38be96da50>,25,23,[ 2 12],26,-1,121,-1,98
1,<environment.Job instance at 0x7f38be96d640>,28,1,[12  5],29,-1,113,-1,112
1,<environment.Job instance at 0x7f38be96dc80>,29,13,[11  2],30,-1,125,-1,112
1,<environment.Job instance at 0x7f38be96d320>,30,27,[5 2],31,-1,139,-1,112
1,<environment.Job instance at 0x7f38be96d5f0>,33,3,[ 3 10],34,-1,128,-1,125
1,<environment.Job instance at 0x7f38be96d8c0>,37,21,[7 1],38,-1,172,-1,151
1,<environment.Job instance at 0x7f38be96d230>,40,14,[14  1],41,-1,165,-1,151
1,<environment.Job instance at 0x7f38bf105f50>,44,20,[ 2 11],45,-1,178,-1,158
1,<environment.Job instance at 0x7f38bf105140>,45,2,[3 9],46,-1,160,-1,158
1,<environment.Job instance at 0x7f38bf1051e0>,46,15,[ 4 10],47,-1,179,-1,164
1,<environment.Job instance at 0x7f38bf105500>,47,26,[3 7],48,-1,190,-1,164
1,<environment.Job instance at 0x7f38bf105190>,48,26,[4 6],49,-1,190,-1,164
1,<environment.Job instance at 0x7f38bf1057d0>,49,14,[ 3 14],50,-1,178,-1,164
1,<environment.Job instance at 0x7f38bf105780>,56,18,[ 4 10],57,-1,232,-1,214
1,<environment.Job instance at 0x7f38bf1054b0>,58,14,[ 2 12],59,-1,228,-1,214
1,<environment.Job instance at 0x7f38bf105230>,59,28,[11  4],60,-1,242,-1,214
1,<environment.Job instance at 0x7f38bf105870>,60,22,[ 5 12],61,-1,236,-1,214
1,<environment.Job instance at 0x7f38be89c8c0>,63,22,[3 8],64,-1,256,-1,234
1,<environment.Job instance at 0x7f38be89c410>,64,16,[4 7],65,-1,264,-1,248
1,<environment.Job instance at 0x7f38be89c190>,67,14,[ 2 11],68,-1,262,-1,248
1,<environment.Job instance at 0x7f38be89c320>,69,15,[ 5 14],70,-1,269,-1,254
1,<environment.Job instance at 0x7f38be89ca50>,70,27,[3 6],71,-1,281,-1,254
1,<environment.Job instance at 0x7f38be89cd70>,71,2,[12  1],72,-1,256,-1,254
1,<environment.Job instance at 0x7f38be89c550>,73,18,[11  2],74,-1,277,-1,259
1,<environment.Job instance at 0x7f38be89caa0>,74,14,[ 3 10],75,-1,273,-1,259
1,<environment.Job instance at 0x7f38be89ca00>,75,27,[8 1],76,-1,286,-1,259
1,<environment.Job instance at 0x7f38be89cf50>,78,1,[4 7],79,-1,275,-1,274
1,<environment.Job instance at 0x7f38be89ce60>,79,21,[5 6],80,-1,312,-1,291
1,<environment.Job instance at 0x7f38be89cfa0>,80,20,[14  2],81,-1,311,-1,291
1,<environment.Job instance at 0x7f38be89ccd0>,81,22,[10  5],82,-1,315,-1,293
1,<environment.Job instance at 0x7f38be89c640>,82,1,[ 5 14],83,-1,294,-1,293
1,<environment.Job instance at 0x7f38be633910>,83,16,[12  5],84,-1,309,-1,293
1,<environment.Job instance at 0x7f38be633be0>,84,12,[ 1 10],85,-1,305,-1,293
1,<environment.Job instance at 0x7f38be6331e0>,85,18,[11  4],86,-1,311,-1,293
1,<environment.Job instance at 0x7f38be6339b0>,88,23,[2 5],89,-1,317,-1,294
1,<environment.Job instance at 0x7f38be633960>,89,13,[14  3],90,-1,307,-1,294
1,<environment.Job instance at 0x7f38be633af0>,90,18,[ 5 11],91,-1,312,-1,294
1,<environment.Job instance at 0x7f38be633a00>,93,14,[13  2],94,-1,314,-1,300
1,<environment.Job instance at 0x7f38be6330f0>,94,2,[7 1],95,-1,302,-1,300
1,<environment.Job instance at 0x7f38be633dc0>,95,22,[2 8],96,-1,322,-1,300
1,<environment.Job instance at 0x7f38be633e60>,96,26,[12  3],97,-1,326,-1,300
1,<environment.Job instance at 0x7f38be5ba190>,98,23,[7 4],99,-1,334,-1,311
1,<environment.Job instance at 0x7f38c7f46550>,3,25,[ 2 10],4,-1,29,-1,4
1,<environment.Job instance at 0x7f38bdb9ffa0>,15,3,[6 3],16,-1,60,-1,57
1,<environment.Job instance at 0x7f38bdb9f190>,16,2,[12  3],17,-1,59,-1,57
1,<environment.Job instance at 0x7f38bdb9faa0>,17,23,[4 8],18,-1,86,-1,63
1,<environment.Job instance at 0x7f38bdb9f8c0>,19,27,[ 5 14],20,-1,95,-1,68
1,<environment.Job instance at 0x7f38bdb9fb90>,20,17,[14  2],21,-1,85,-1,68
1,<environment.Job instance at 0x7f38bdb9fa00>,21,15,[12  2],22,-1,83,-1,68
1,<environment.Job instance at 0x7f38bef0cd20>,24,26,[13  3],25,-1,114,-1,88
1,<environment.Job instance at 0x7f38bef0cf00>,25,23,[9 5],26,-1,118,-1,95
1,<environment.Job instance at 0x7f38bef0c5f0>,26,27,[7 3],27,-1,122,-1,95
1,<environment.Job instance at 0x7f38bef0c460>,27,2,[9 4],28,-1,97,-1,95
1,<environment.Job instance at 0x7f38bef0c2d0>,29,18,[11  2],30,-1,120,-1,102
1,<environment.Job instance at 0x7f38bef0c500>,30,25,[9 5],31,-1,127,-1,102
1,<environment.Job instance at 0x7f38bef0c820>,33,17,[ 5 12],34,-1,123,-1,106
1,<environment.Job instance at 0x7f38bef0caa0>,34,23,[6 1],35,-1,136,-1,113
1,<environment.Job instance at 0x7f38bef0c8c0>,36,2,[ 4 14],37,-1,118,-1,116
1,<environment.Job instance at 0x7f38bef0c7d0>,37,23,[10  3],38,-1,140,-1,117
1,<environment.Job instance at 0x7f38bef0ceb0>,38,14,[ 1 11],39,-1,131,-1,117
1,<environment.Job instance at 0x7f38bef0c9b0>,41,23,[ 2 12],42,-1,160,-1,137
1,<environment.Job instance at 0x7f38bef0ca50>,42,27,[8 3],43,-1,164,-1,137
1,<environment.Job instance at 0x7f38bedf52d0>,47,25,[9 4],48,-1,196,-1,171
1,<environment.Job instance at 0x7f38bedf54b0>,50,3,[3 9],51,-1,191,-1,188
1,<environment.Job instance at 0x7f38bedf50f0>,51,28,[ 5 13],52,-1,216,-1,188
1,<environment.Job instance at 0x7f38bedf5cd0>,52,15,[12  1],53,-1,203,-1,188
1,<environment.Job instance at 0x7f38bedf5960>,53,3,[ 5 14],54,-1,191,-1,188
1,<environment.Job instance at 0x7f38bedf5e10>,55,26,[4 9],56,-1,214,-1,188
1,<environment.Job instance at 0x7f38bedf5c30>,56,27,[10  5],57,-1,215,-1,188
1,<environment.Job instance at 0x7f38bdf61be0>,60,3,[1 6],61,-1,222,-1,219
1,<environment.Job instance at 0x7f38bdf616e0>,61,16,[13  4],62,-1,235,-1,219
1,<environment.Job instance at 0x7f38be1460f0>,63,16,[ 5 12],64,-1,242,-1,226
1,<environment.Job instance at 0x7f38be146d20>,66,3,[6 1],67,-1,246,-1,243
1,<environment.Job instance at 0x7f38be146a00>,67,12,[ 2 12],68,-1,255,-1,243
1,<environment.Job instance at 0x7f38be146280>,68,2,[6 2],69,-1,245,-1,243
1,<environment.Job instance at 0x7f38be146aa0>,73,18,[ 1 11],74,-1,293,-1,275
1,<environment.Job instance at 0x7f38be146910>,74,3,[3 7],75,-1,278,-1,275
1,<environment.Job instance at 0x7f38be146500>,78,16,[ 2 13],79,-1,315,-1,299
1,<environment.Job instance at 0x7f38be1463c0>,79,16,[ 5 12],80,-1,315,-1,299
1,<environment.Job instance at 0x7f38be146190>,80,12,[11  1],81,-1,311,-1,299
1,<environment.Job instance at 0x7f38be146370>,82,15,[11  4],83,-1,336,-1,321
1,<environment.Job instance at 0x7f38be1460a0>,83,17,[ 2 14],84,-1,338,-1,321
1,<environment.Job instance at 0x7f38be264f50>,84,26,[10  5],85,-1,347,-1,321
1,<environment.Job instance at 0x7f38be27a0a0>,85,2,[7 5],86,-1,323,-1,321
1,<environment.Job instance at 0x7f38bdddbe60>,89,25,[1 7],90,-1,362,-1,337
1,<environment.Job instance at 0x7f38be431190>,94,27,[3 8],95,-1,394,-1,367
1,<environment.Job instance at 0x7f38be076820>,97,28,[2 6],98,-1,400,-1,372
1,<environment.Job instance at 0x7f38bdc575a0>,98,28,[7 1],99,-1,400,-1,372
1,<environment.Job instance at 0x7f38bdb9f140>,3,15,[14  2],4,-1,19,-1,4
1,<environment.Job instance at 0x7f38bedf9140>,4,15,[ 1 12],5,-1,20,-1,5
1,<environment.Job instance at 0x7f38be0ef690>,11,22,[8 3],12,-1,85,-1,63
1,<environment.Job instance at 0x7f38be0ef0f0>,16,2,[1 8],17,-1,65,-1,63
1,<environment.Job instance at 0x7f38be0ef550>,17,17,[ 1 10],18,-1,80,-1,63
1,<environment.Job instance at 0x7f38be0effa0>,24,24,[5 7],25,-1,140,-1,116
1,<environment.Job instance at 0x7f38be0efaa0>,25,13,[14  2],26,-1,129,-1,116
1,<environment.Job instance at 0x7f38be0ef9b0>,26,12,[ 5 14],27,-1,128,-1,116
1,<environment.Job instance at 0x7f38be0efb40>,27,28,[11  4],28,-1,144,-1,116
1,<environment.Job instance at 0x7f38be0efd70>,28,1,[1 6],29,-1,117,-1,116
1,<environment.Job instance at 0x7f38be0ef500>,29,26,[1 8],30,-1,142,-1,116
1,<environment.Job instance at 0x7f38be455460>,30,13,[1 9],31,-1,142,-1,129
1,<environment.Job instance at 0x7f38be455b40>,32,18,[7 1],33,-1,181,-1,163
1,<environment.Job instance at 0x7f38be455f00>,37,23,[11  4],38,-1,186,-1,163
1,<environment.Job instance at 0x7f38be455500>,38,13,[1 9],39,-1,176,-1,163
1,<environment.Job instance at 0x7f38be455f50>,39,20,[4 7],40,-1,183,-1,163
1,<environment.Job instance at 0x7f38be455820>,40,3,[2 7],41,-1,166,-1,163
1,<environment.Job instance at 0x7f38be455aa0>,41,20,[1 9],42,-1,183,-1,163
1,<environment.Job instance at 0x7f38be40f460>,43,26,[9 3],44,-1,205,-1,179
1,<environment.Job instance at 0x7f38be40feb0>,44,22,[6 3],45,-1,212,-1,190
1,<environment.Job instance at 0x7f38be40fdc0>,45,13,[14  4],46,-1,203,-1,190
1,<environment.Job instance at 0x7f38be40fd20>,48,14,[14  2],49,-1,207,-1,193
1,<environment.Job instance at 0x7f38be40f0a0>,49,13,[14  4],50,-1,206,-1,193
1,<environment.Job instance at 0x7f38be40f640>,50,15,[ 4 12],51,-1,208,-1,193
1,<environment.Job instance at 0x7f38be40f780>,52,26,[8 3],53,-1,222,-1,196
1,<environment.Job instance at 0x7f38be40f230>,54,24,[3 9],55,-1,231,-1,207
1,<environment.Job instance at 0x7f38be40f5a0>,57,13,[13  2],58,-1,235,-1,222
1,<environment.Job instance at 0x7f38be40f9b0>,58,1,[5 5],59,-1,223,-1,222
1,<environment.Job instance at 0x7f38be40f910>,59,1,[8 2],60,-1,223,-1,222
1,<environment.Job instance at 0x7f38bddb2c30>,61,14,[ 3 13],62,-1,248,-1,234
1,<environment.Job instance at 0x7f38bddb2c80>,62,23,[6 1],63,-1,257,-1,234
1,<environment.Job instance at 0x7f38bddb2aa0>,63,1,[10  4],64,-1,235,-1,234
1,<environment.Job instance at 0x7f38bddb2500>,65,16,[13  3],66,-1,250,-1,234
1,<environment.Job instance at 0x7f38bddb2be0>,67,14,[1 9],68,-1,257,-1,243
1,<environment.Job instance at 0x7f38bddb2230>,68,2,[5 4],69,-1,245,-1,243
1,<environment.Job instance at 0x7f38bedfbe10>,75,26,[ 5 13],76,-1,305,-1,279
1,<environment.Job instance at 0x7f38bedfbc30>,77,15,[11  1],78,-1,296,-1,281
1,<environment.Job instance at 0x7f38bedfb3c0>,83,23,[ 5 10],84,-1,339,-1,316
1,<environment.Job instance at 0x7f38bedfbdc0>,89,16,[11  5],90,-1,357,-1,341
1,<environment.Job instance at 0x7f38bedfbe60>,91,1,[ 3 12],92,-1,358,-1,357
1,<environment.Job instance at 0x7f38bedfb500>,92,25,[10  3],93,-1,382,-1,357
1,<environment.Job instance at 0x7f38bedfbfa0>,93,14,[ 5 12],94,-1,371,-1,357
1,<environment.Job instance at 0x7f38bedfbf50>,94,20,[ 3 14],95,-1,377,-1,357
1,<environment.Job instance at 0x7f38be741e10>,95,24,[13  2],96,-1,381,-1,357
1,<environment.Job instance at 0x7f38be741eb0>,96,22,[4 5],97,-1,379,-1,357
1,<environment.Job instance at 0x7f38be741a50>,98,14,[11  5],99,-1,371,-1,357
1,<environment.Job instance at 0x7f38bedfb8c0>,87,24,[10  4],88,-1,410,-1,386
1,<environment.Job instance at 0x7f38bed63870>,2,23,[11  1],3,-1,26,-1,3
1,<environment.Job instance at 0x7f38bdd65be0>,4,18,[ 1 13],5,-1,23,-1,5
1,<environment.Job instance at 0x7f38bed63b90>,7,28,[7 5],8,-1,36,-1,8
1,<environment.Job instance at 0x7f38bdd65280>,9,2,[14  5],10,-1,13,-1,11
1,<environment.Job instance at 0x7f38bdd655f0>,17,26,[ 5 12],18,-1,59,-1,33
1,<environment.Job instance at 0x7f38bdd65910>,19,3,[6 1],20,-1,47,-1,44
1,<environment.Job instance at 0x7f38bdd65820>,21,16,[ 2 13],22,-1,63,-1,47
1,<environment.Job instance at 0x7f38bdd65870>,22,23,[7 1],23,-1,70,-1,47
1,<environment.Job instance at 0x7f38be247c30>,23,13,[13  4],24,-1,60,-1,47
1,<environment.Job instance at 0x7f38be247a50>,24,18,[14  3],25,-1,65,-1,47
1,<environment.Job instance at 0x7f38bdd49140>,26,24,[14  5],27,-1,83,-1,59
1,<environment.Job instance at 0x7f38be247870>,27,25,[ 4 12],28,-1,84,-1,59
1,<environment.Job instance at 0x7f38bdd49320>,28,15,[ 2 10],29,-1,74,-1,59
1,<environment.Job instance at 0x7f38bdd49a50>,31,18,[ 2 11],32,-1,94,-1,76
1,<environment.Job instance at 0x7f38bdd49460>,32,13,[11  3],33,-1,89,-1,76
1,<environment.Job instance at 0x7f38bdd497d0>,33,18,[13  2],34,-1,94,-1,76
1,<environment.Job instance at 0x7f38bdd49640>,34,2,[7 1],35,-1,78,-1,76
1,<environment.Job instance at 0x7f38bdd49a00>,35,23,[ 5 13],36,-1,99,-1,76
1,<environment.Job instance at 0x7f38bdd494b0>,36,23,[2 7],37,-1,109,-1,86
1,<environment.Job instance at 0x7f38bdd491e0>,37,28,[ 1 10],38,-1,114,-1,86
1,<environment.Job instance at 0x7f38bdd49f50>,38,3,[2 6],39,-1,89,-1,86
1,<environment.Job instance at 0x7f38bdd49820>,39,12,[ 4 14],40,-1,98,-1,86
1,<environment.Job instance at 0x7f38bdd490f0>,40,2,[10  3],41,-1,88,-1,86
1,<environment.Job instance at 0x7f38bdd49370>,44,3,[9 1],45,-1,104,-1,101
1,<environment.Job instance at 0x7f38bdd49870>,45,18,[ 5 11],46,-1,119,-1,101
1,<environment.Job instance at 0x7f38be8918c0>,47,1,[12  3],48,-1,115,-1,114
1,<environment.Job instance at 0x7f38be891fa0>,48,25,[13  1],49,-1,139,-1,114
1,<environment.Job instance at 0x7f38be891550>,50,1,[2 5],51,-1,130,-1,129
1,<environment.Job instance at 0x7f38be891910>,52,16,[14  4],53,-1,150,-1,134
1,<environment.Job instance at 0x7f38be891960>,53,17,[13  5],54,-1,151,-1,134
1,<environment.Job instance at 0x7f38be891c30>,55,24,[12  4],56,-1,160,-1,136
1,<environment.Job instance at 0x7f38be891320>,56,25,[6 3],57,-1,161,-1,136
1,<environment.Job instance at 0x7f38be891870>,57,27,[9 5],58,-1,163,-1,136
1,<environment.Job instance at 0x7f38be27ad70>,68,2,[6 2],69,-1,209,-1,207
1,<environment.Job instance at 0x7f38be27ac30>,77,26,[12  4],78,-1,303,-1,277
1,<environment.Job instance at 0x7f38be7778c0>,79,16,[ 5 11],80,-1,295,-1,279
1,<environment.Job instance at 0x7f38be777780>,84,1,[ 4 11],85,-1,318,-1,317
1,<environment.Job instance at 0x7f38be1c45f0>,87,2,[5 1],88,-1,319,-1,317
1,<environment.Job instance at 0x7f38be1c4500>,88,18,[14  5],89,-1,335,-1,317
1,<environment.Job instance at 0x7f38be1c4e10>,89,15,[ 1 12],90,-1,332,-1,317
1,<environment.Job instance at 0x7f38be1c4aa0>,93,14,[ 5 11],94,-1,345,-1,331
1,<environment.Job instance at 0x7f38be1c43c0>,97,16,[14  4],98,-1,372,-1,356
1,<environment.Job instance at 0x7f38be27a050>,75,19,[ 2 12],76,-1,2608,-1,2589
1,<environment.Job instance at 0x7f38beb45d70>,4,23,[14  2],5,-1,28,-1,5
1,<environment.Job instance at 0x7f38be68beb0>,5,24,[5 9],6,-1,30,-1,6
1,<environment.Job instance at 0x7f38beb45140>,7,28,[ 2 11],8,-1,36,-1,8
1,<environment.Job instance at 0x7f38be68b870>,8,18,[14  3],9,-1,27,-1,9
1,<environment.Job instance at 0x7f38be68bdc0>,9,3,[1 5],10,-1,14,-1,11
1,<environment.Job instance at 0x7f38beb43fa0>,13,2,[9 2],14,-1,16,-1,14
1,<environment.Job instance at 0x7f38be090550>,14,3,[6 2],15,-1,18,-1,15
1,<environment.Job instance at 0x7f38beb43050>,16,3,[13  3],17,-1,26,-1,23
1,<environment.Job instance at 0x7f38be0905f0>,17,1,[ 4 14],18,-1,24,-1,23
1,<environment.Job instance at 0x7f38be0904b0>,18,14,[ 3 14],19,-1,37,-1,23
1,<environment.Job instance at 0x7f38be090be0>,20,16,[14  1],21,-1,39,-1,23
1,<environment.Job instance at 0x7f38be090e60>,23,1,[ 5 13],24,-1,37,-1,36
1,<environment.Job instance at 0x7f38be090e10>,24,26,[4 8],25,-1,62,-1,36
1,<environment.Job instance at 0x7f38bf008780>,30,23,[ 5 11],31,-1,116,-1,93
1,<environment.Job instance at 0x7f38c352c0f0>,31,24,[9 1],32,-1,117,-1,93
1,<environment.Job instance at 0x7f38c7ab1b40>,36,26,[11  3],37,-1,133,-1,107
1,<environment.Job instance at 0x7f38be5835a0>,37,1,[9 1],38,-1,108,-1,107
1,<environment.Job instance at 0x7f38c7ab1c80>,38,24,[7 1],39,-1,131,-1,107
1,<environment.Job instance at 0x7f38c7ab1d70>,39,14,[ 3 11],40,-1,121,-1,107
1,<environment.Job instance at 0x7f38beb47460>,43,27,[7 2],44,-1,165,-1,138
1,<environment.Job instance at 0x7f38beb47aa0>,44,12,[13  2],45,-1,150,-1,138
1,<environment.Job instance at 0x7f38beb47050>,46,12,[ 2 14],47,-1,164,-1,152
1,<environment.Job instance at 0x7f38beb47c80>,47,17,[ 1 12],48,-1,169,-1,152
1,<environment.Job instance at 0x7f38beb47fa0>,48,22,[13  4],49,-1,174,-1,152
1,<environment.Job instance at 0x7f38beb47e60>,49,18,[ 5 12],50,-1,170,-1,152
1,<environment.Job instance at 0x7f38beb47730>,50,25,[12  1],51,-1,177,-1,152
1,<environment.Job instance at 0x7f38beb47410>,51,26,[10  2],52,-1,178,-1,152
1,<environment.Job instance at 0x7f38beb47640>,52,3,[4 8],53,-1,155,-1,152
1,<environment.Job instance at 0x7f38beb47b40>,54,12,[13  2],55,-1,166,-1,154
1,<environment.Job instance at 0x7f38beb471e0>,56,26,[2 8],57,-1,204,-1,178
1,<environment.Job instance at 0x7f38beb475a0>,59,14,[ 2 13],60,-1,192,-1,178
1,<environment.Job instance at 0x7f38be584af0>,63,27,[ 1 13],64,-1,227,-1,200
1,<environment.Job instance at 0x7f38be584e10>,64,18,[11  3],65,-1,222,-1,204
1,<environment.Job instance at 0x7f38bec49aa0>,67,12,[12  5],68,-1,225,-1,213
1,<environment.Job instance at 0x7f38be6b7d70>,68,12,[ 3 12],69,-1,225,-1,213
1,<environment.Job instance at 0x7f38beb4c410>,74,2,[5 7],75,-1,275,-1,273
1,<environment.Job instance at 0x7f38beb4c500>,79,27,[5 5],80,-1,331,-1,304
1,<environment.Job instance at 0x7f38bdd699b0>,87,25,[1 9],88,-1,396,-1,371
1,<environment.Job instance at 0x7f38be1483c0>,89,17,[ 5 11],90,-1,388,-1,371
1,<environment.Job instance at 0x7f38bef2ef50>,90,14,[14  3],91,-1,385,-1,371
1,<environment.Job instance at 0x7f38bea18cd0>,92,3,[7 2],93,-1,387,-1,384
1,<environment.Job instance at 0x7f38be93ad20>,93,15,[14  5],94,-1,399,-1,384
1,<environment.Job instance at 0x7f38bef4fc30>,94,14,[14  4],95,-1,398,-1,384
1,<environment.Job instance at 0x7f38bef4f370>,95,17,[ 2 12],96,-1,401,-1,384
1,<environment.Job instance at 0x7f38bdd6b640>,96,28,[5 9],97,-1,412,-1,384
1,<environment.Job instance at 0x7f38bea459b0>,97,26,[9 4],98,-1,410,-1,384
1,<environment.Job instance at 0x7f38bdf15550>,1,1,[13  2],2,-1,3,-1,2
1,<environment.Job instance at 0x7f38bef2e230>,2,14,[13  2],3,-1,17,-1,3
1,<environment.Job instance at 0x7f38bdf37140>,4,26,[4 7],5,-1,31,-1,5
1,<environment.Job instance at 0x7f38bee66eb0>,14,12,[ 3 14],15,-1,40,-1,28
1,<environment.Job instance at 0x7f38befc1910>,20,20,[ 5 13],21,-1,81,-1,61
1,<environment.Job instance at 0x7f38befc1410>,21,12,[ 5 13],22,-1,73,-1,61
1,<environment.Job instance at 0x7f38befc1e60>,22,15,[ 3 13],23,-1,76,-1,61
1,<environment.Job instance at 0x7f38befc1500>,28,2,[7 4],29,-1,111,-1,109
1,<environment.Job instance at 0x7f38befc1be0>,29,24,[8 2],30,-1,133,-1,109
1,<environment.Job instance at 0x7f38befc15a0>,30,25,[5 8],31,-1,134,-1,109
1,<environment.Job instance at 0x7f38befc1640>,31,15,[11  2],32,-1,124,-1,109
1,<environment.Job instance at 0x7f38befc12d0>,32,15,[14  1],33,-1,124,-1,109
1,<environment.Job instance at 0x7f38befc1280>,33,25,[ 2 10],34,-1,134,-1,109
1,<environment.Job instance at 0x7f38befc1820>,34,2,[ 2 10],35,-1,111,-1,109
1,<environment.Job instance at 0x7f38befc1dc0>,35,23,[7 1],36,-1,132,-1,109
1,<environment.Job instance at 0x7f38bdf0ac30>,37,26,[1 7],38,-1,135,-1,109
1,<environment.Job instance at 0x7f38bdf0a6e0>,39,13,[ 2 12],40,-1,130,-1,117
1,<environment.Job instance at 0x7f38bdf0adc0>,40,27,[ 1 14],41,-1,144,-1,117
1,<environment.Job instance at 0x7f38bdf0a8c0>,43,28,[ 5 13],44,-1,164,-1,136
1,<environment.Job instance at 0x7f38bdf0a820>,45,1,[6 4],46,-1,145,-1,144
1,<environment.Job instance at 0x7f38be112500>,51,1,[ 2 13],52,-1,184,-1,183
1,<environment.Job instance at 0x7f38be112e60>,53,3,[6 4],54,-1,198,-1,195
1,<environment.Job instance at 0x7f38be1127d0>,57,2,[11  1],58,-1,227,-1,225
1,<environment.Job instance at 0x7f38be1129b0>,58,2,[5 3],59,-1,227,-1,225
1,<environment.Job instance at 0x7f38be139410>,63,25,[ 5 10],64,-1,271,-1,246
1,<environment.Job instance at 0x7f38be1392d0>,64,13,[12  3],65,-1,259,-1,246
1,<environment.Job instance at 0x7f38be1393c0>,65,20,[ 4 11],66,-1,266,-1,246
1,<environment.Job instance at 0x7f38be1396e0>,67,15,[14  2],68,-1,261,-1,246
1,<environment.Job instance at 0x7f38be1390f0>,68,12,[13  3],69,-1,258,-1,246
1,<environment.Job instance at 0x7f38be139b40>,70,21,[9 1],71,-1,710,-1,689
1,<environment.Job instance at 0x7f38be112b40>,1,28,[14  2],2,-1,30,-1,2
1,<environment.Job instance at 0x7f38bf2af5a0>,4,17,[ 4 10],5,-1,22,-1,5
1,<environment.Job instance at 0x7f38bf2af500>,6,22,[13  1],7,-1,29,-1,7
1,<environment.Job instance at 0x7f38bf2af780>,8,22,[ 2 12],9,-1,31,-1,9
1,<environment.Job instance at 0x7f38bf2afbe0>,14,21,[10  2],15,-1,774,-1,753
1,<environment.Job instance at 0x7f38be86ea50>,86,12,[10  3],87,-1,765,-1,753
1,<environment.Job instance at 0x7f38bdb8fc80>,89,27,[5 9],90,-1,795,-1,768
1,<environment.Job instance at 0x7f38becb65f0>,93,28,[ 3 14],94,-1,811,-1,783
1,<environment.Job instance at 0x7f38be4cf820>,97,20,[12  1],98,-1,828,-1,808
1,<environment.Job instance at 0x7f38be788be0>,98,24,[ 5 13],99,-1,832,-1,808
1,<environment.Job instance at 0x7f38bea73820>,3,15,[ 2 12],4,-1,19,-1,4
1,<environment.Job instance at 0x7f38bea730a0>,4,15,[ 3 13],5,-1,20,-1,5
1,<environment.Job instance at 0x7f38bea73780>,5,25,[7 4],6,-1,31,-1,6
1,<environment.Job instance at 0x7f38bea73e10>,8,25,[14  3],9,-1,34,-1,9
1,<environment.Job instance at 0x7f38bea73280>,9,27,[14  3],10,-1,37,-1,10
1,<environment.Job instance at 0x7f38bdb895f0>,15,15,[11  3],16,-1,51,-1,36
1,<environment.Job instance at 0x7f38bdb89e10>,16,28,[4 7],17,-1,64,-1,36
1,<environment.Job instance at 0x7f38bdb89cd0>,18,3,[ 4 13],19,-1,39,-1,36
1,<environment.Job instance at 0x7f38bdb89f50>,21,12,[13  1],22,-1,62,-1,50
1,<environment.Job instance at 0x7f38bdb898c0>,23,13,[ 4 13],24,-1,74,-1,61
1,<environment.Job instance at 0x7f38bdb89d70>,24,18,[11  5],25,-1,79,-1,61
1,<environment.Job instance at 0x7f38bdb893c0>,27,24,[10  4],28,-1,97,-1,73
1,<environment.Job instance at 0x7f38bdb89960>,28,25,[5 1],29,-1,98,-1,73
1,<environment.Job instance at 0x7f38bdb89c30>,30,13,[ 5 13],31,-1,95,-1,82
1,<environment.Job instance at 0x7f38be891cd0>,34,26,[ 5 13],35,-1,134,-1,108
1,<environment.Job instance at 0x7f38be891410>,38,23,[3 5],39,-1,151,-1,128
1,<environment.Job instance at 0x7f38be74e690>,44,27,[5 6],45,-1,199,-1,172
1,<environment.Job instance at 0x7f38be74e1e0>,47,26,[ 2 12],48,-1,213,-1,187
1,<environment.Job instance at 0x7f38be74ea50>,49,3,[ 2 11],50,-1,198,-1,195
1,<environment.Job instance at 0x7f38be74ee10>,51,16,[14  5],52,-1,216,-1,200
1,<environment.Job instance at 0x7f38be74e230>,52,24,[5 1],53,-1,224,-1,200
1,<environment.Job instance at 0x7f38be74e640>,53,17,[ 5 12],54,-1,217,-1,200
1,<environment.Job instance at 0x7f38bf3ddbe0>,56,1,[5 8],57,-1,213,-1,212
1,<environment.Job instance at 0x7f38bf3dd320>,59,1,[8 4],60,-1,247,-1,246
1,<environment.Job instance at 0x7f38bf3dd0a0>,61,24,[1 9],62,-1,270,-1,246
1,<environment.Job instance at 0x7f38bf3dd140>,64,12,[ 4 10],65,-1,266,-1,254
1,<environment.Job instance at 0x7f38bf3ddfa0>,65,15,[14  2],66,-1,269,-1,254
1,<environment.Job instance at 0x7f38bf3dd4b0>,66,1,[6 2],67,-1,255,-1,254
1,<environment.Job instance at 0x7f38bdc72370>,67,13,[ 5 11],68,-1,267,-1,254
1,<environment.Job instance at 0x7f38bdc72b40>,68,12,[12  2],69,-1,266,-1,254
1,<environment.Job instance at 0x7f38bdc72280>,70,17,[ 4 14],71,-1,275,-1,258
1,<environment.Job instance at 0x7f38bdc72870>,79,25,[6 4],80,-1,343,-1,318
1,<environment.Job instance at 0x7f38bdc72050>,80,25,[14  3],81,-1,343,-1,318
1,<environment.Job instance at 0x7f38bdc723c0>,81,27,[8 1],82,-1,345,-1,318
1,<environment.Job instance at 0x7f38bdc72f00>,83,20,[ 3 12],84,-1,341,-1,321
1,<environment.Job instance at 0x7f38bdddbdc0>,87,23,[10  4],88,-1,366,-1,343
1,<environment.Job instance at 0x7f38bdddb3c0>,89,21,[ 2 10],90,-1,387,-1,366
1,<environment.Job instance at 0x7f38bdddba00>,92,16,[ 3 10],93,-1,387,-1,371
1,<environment.Job instance at 0x7f38bdddb870>,93,2,[10  3],94,-1,373,-1,371
1,<environment.Job instance at 0x7f38bdddb1e0>,95,14,[10  1],96,-1,390,-1,376
1,<environment.Job instance at 0x7f38bdddb5f0>,96,26,[ 5 10],97,-1,402,-1,376
1,<environment.Job instance at 0x7f38bdddbcd0>,98,16,[12  4],99,-1,392,-1,376
1,<environment.Job instance at 0x7f38be33ca00>,3,19,[ 1 11],4,-1,23,-1,4
1,<environment.Job instance at 0x7f38bdb60d70>,4,26,[5 3],5,-1,31,-1,5
1,<environment.Job instance at 0x7f38bdb607d0>,5,27,[6 1],6,-1,33,-1,6
1,<environment.Job instance at 0x7f38bdb601e0>,12,17,[13  2],13,-1,31,-1,14
1,<environment.Job instance at 0x7f38bdb60a50>,13,20,[ 1 13],14,-1,34,-1,14
1,<environment.Job instance at 0x7f38bde7aa00>,14,18,[11  2],15,-1,34,-1,16
1,<environment.Job instance at 0x7f38bde7a730>,15,26,[12  4],16,-1,42,-1,16
1,<environment.Job instance at 0x7f38bde7a460>,16,14,[11  2],17,-1,31,-1,17
1,<environment.Job instance at 0x7f38bde7a5f0>,19,13,[ 1 13],20,-1,37,-1,24
1,<environment.Job instance at 0x7f38bde7a910>,22,1,[6 3],23,-1,42,-1,41
1,<environment.Job instance at 0x7f38bde7a280>,23,2,[ 4 11],24,-1,43,-1,41
1,<environment.Job instance at 0x7f38bf2ccaf0>,24,23,[ 2 11],25,-1,64,-1,41
1,<environment.Job instance at 0x7f38bdf9caf0>,32,16,[11  2],33,-1,110,-1,94
1,<environment.Job instance at 0x7f38bdf9c410>,34,17,[13  2],35,-1,114,-1,97
1,<environment.Job instance at 0x7f38bde8faa0>,36,1,[10  5],37,-1,109,-1,108
1,<environment.Job instance at 0x7f38bde8ffa0>,38,26,[2 5],39,-1,152,-1,126
1,<environment.Job instance at 0x7f38bde8faf0>,39,28,[4 8],40,-1,154,-1,126
1,<environment.Job instance at 0x7f38bde8f5a0>,40,28,[1 5],41,-1,154,-1,126
1,<environment.Job instance at 0x7f38bde8f780>,41,1,[9 5],42,-1,127,-1,126
1,<environment.Job instance at 0x7f38bde8ff00>,42,14,[ 5 11],43,-1,140,-1,126
1,<environment.Job instance at 0x7f38bde83dc0>,43,13,[12  1],44,-1,139,-1,126
1,<environment.Job instance at 0x7f38bde83d70>,47,28,[ 1 10],48,-1,168,-1,140
1,<environment.Job instance at 0x7f38bde83730>,49,15,[ 3 12],50,-1,160,-1,145
1,<environment.Job instance at 0x7f38be738be0>,51,26,[9 3],52,-1,185,-1,159
1,<environment.Job instance at 0x7f38be738500>,52,24,[1 7],53,-1,197,-1,173
1,<environment.Job instance at 0x7f38be738c80>,54,15,[14  1],55,-1,188,-1,173
1,<environment.Job instance at 0x7f38be738460>,55,25,[5 6],56,-1,198,-1,173
1,<environment.Job instance at 0x7f38be7388c0>,56,28,[1 5],57,-1,206,-1,178
1,<environment.Job instance at 0x7f38be738780>,57,17,[14  1],58,-1,195,-1,178
1,<environment.Job instance at 0x7f38bde6eaf0>,59,14,[11  3],60,-1,192,-1,178
1,<environment.Job instance at 0x7f38bde69910>,60,22,[11  4],61,-1,200,-1,178
1,<environment.Job instance at 0x7f38bde69a50>,61,14,[ 4 14],62,-1,192,-1,178
1,<environment.Job instance at 0x7f38bdb5df00>,62,17,[ 1 11],63,-1,195,-1,178
1,<environment.Job instance at 0x7f38bdebcd70>,64,23,[9 5],65,-1,216,-1,193
1,<environment.Job instance at 0x7f38bdebcc80>,65,23,[ 5 14],66,-1,216,-1,193
1,<environment.Job instance at 0x7f38bde4eaf0>,68,12,[13  4],69,-1,205,-1,193
1,<environment.Job instance at 0x7f38be0ead70>,72,2,[5 2],73,-1,219,-1,217
1,<environment.Job instance at 0x7f38be302b90>,73,13,[ 1 13],74,-1,230,-1,217
1,<environment.Job instance at 0x7f38bf371af0>,76,13,[12  1],77,-1,243,-1,230
1,<environment.Job instance at 0x7f38bf3711e0>,78,26,[ 5 10],79,-1,276,-1,250
1,<environment.Job instance at 0x7f38c8095460>,79,27,[2 7],80,-1,277,-1,250
1,<environment.Job instance at 0x7f38be8b38c0>,82,1,[ 1 10],83,-1,259,-1,258
1,<environment.Job instance at 0x7f38c808ff00>,83,13,[12  2],84,-1,271,-1,258
1,<environment.Job instance at 0x7f38bdb42b40>,85,26,[11  4],86,-1,299,-1,273
1,<environment.Job instance at 0x7f38bde8e230>,92,18,[ 1 13],93,-1,337,-1,319
1,<environment.Job instance at 0x7f38bdb9f230>,93,12,[12  2],94,-1,331,-1,319
1,<environment.Job instance at 0x7f38bdb60eb0>,2,28,[ 1 12],3,-1,31,-1,3
1,<environment.Job instance at 0x7f38bf080a50>,9,12,[10  1],10,-1,24,-1,12
1,<environment.Job instance at 0x7f38be2114b0>,12,24,[5 2],13,-1,51,-1,27
1,<environment.Job instance at 0x7f38be2855f0>,18,17,[ 3 12],19,-1,80,-1,63
1,<environment.Job instance at 0x7f38be285320>,20,27,[14  1],21,-1,106,-1,79
1,<environment.Job instance at 0x7f38c7a64050>,21,26,[5 6],22,-1,105,-1,79
1,<environment.Job instance at 0x7f38c7a64780>,23,14,[ 1 13],24,-1,93,-1,79
1,<environment.Job instance at 0x7f38be20e730>,25,26,[11  1],26,-1,115,-1,89
1,<environment.Job instance at 0x7f38beaa3050>,26,24,[12  2],27,-1,113,-1,89
1,<environment.Job instance at 0x7f38c7ab7cd0>,30,3,[ 5 14],31,-1,111,-1,108
1,<environment.Job instance at 0x7f38c7ab7d70>,31,18,[ 3 12],32,-1,126,-1,108
1,<environment.Job instance at 0x7f38beef6140>,35,23,[5 9],36,-1,165,-1,142
1,<environment.Job instance at 0x7f38bec288c0>,36,23,[9 5],37,-1,165,-1,142
1,<environment.Job instance at 0x7f38be65ff00>,38,26,[ 4 12],39,-1,186,-1,160
1,<environment.Job instance at 0x7f38befb1500>,39,1,[ 2 14],40,-1,161,-1,160
1,<environment.Job instance at 0x7f38befb1fa0>,40,25,[12  5],41,-1,185,-1,160
1,<environment.Job instance at 0x7f38beab4a50>,43,17,[13  3],44,-1,186,-1,169
1,<environment.Job instance at 0x7f38beab4c30>,44,20,[ 4 11],45,-1,189,-1,169
1,<environment.Job instance at 0x7f38befc65f0>,47,25,[8 5],48,-1,205,-1,180
1,<environment.Job instance at 0x7f38befc6e10>,48,18,[11  3],49,-1,198,-1,180
1,<environment.Job instance at 0x7f38befc28c0>,49,27,[13  5],50,-1,207,-1,180
1,<environment.Job instance at 0x7f38befd3370>,54,25,[5 3],55,-1,239,-1,214
1,<environment.Job instance at 0x7f38befd3820>,56,16,[ 3 11],57,-1,239,-1,223
1,<environment.Job instance at 0x7f38befd3410>,57,28,[4 9],58,-1,251,-1,223
1,<environment.Job instance at 0x7f38befd34b0>,58,25,[11  1],59,-1,248,-1,223
1,<environment.Job instance at 0x7f38befd38c0>,61,12,[12  1],62,-1,256,-1,244
1,<environment.Job instance at 0x7f38befd3960>,64,27,[ 3 14],65,-1,279,-1,252
1,<environment.Job instance at 0x7f38befd3fa0>,65,13,[ 3 13],66,-1,265,-1,252
1,<environment.Job instance at 0x7f38befd3eb0>,66,28,[11  1],67,-1,280,-1,252
1,<environment.Job instance at 0x7f38befd3f00>,67,18,[ 4 11],68,-1,270,-1,252
1,<environment.Job instance at 0x7f38befd39b0>,70,18,[12  3],71,-1,287,-1,269
1,<environment.Job instance at 0x7f38bea28af0>,74,17,[ 3 13],75,-1,322,-1,305
1,<environment.Job instance at 0x7f38bea28cd0>,77,1,[1 7],78,-1,307,-1,306
1,<environment.Job instance at 0x7f38bea28f00>,81,24,[5 3],82,-1,363,-1,339
1,<environment.Job instance at 0x7f38bea2c2d0>,84,19,[12  3],85,-1,370,-1,351
1,<environment.Job instance at 0x7f38bea2c370>,85,25,[2 6],86,-1,376,-1,351
1,<environment.Job instance at 0x7f38bea2c550>,88,28,[4 6],89,-1,390,-1,362
1,<environment.Job instance at 0x7f38bea2c780>,90,18,[11  5],91,-1,391,-1,373
1,<environment.Job instance at 0x7f38bea2c7d0>,91,23,[ 1 10],92,-1,396,-1,373
1,<environment.Job instance at 0x7f38bea2c870>,92,17,[ 3 14],93,-1,390,-1,373
1,<environment.Job instance at 0x7f38bea2c9b0>,94,28,[4 7],95,-1,408,-1,380
1,<environment.Job instance at 0x7f38bea2caf0>,96,24,[11  4],97,-1,417,-1,393
1,<environment.Job instance at 0x7f1ba2d15b40>,3,18,[ 4 14],4,-1,22,-1,4
1,<environment.Job instance at 0x7f1bac3011e0>,5,24,[1 5],6,-1,34,-1,10
1,<environment.Job instance at 0x7f1ba2d15e10>,9,18,[ 2 13],10,-1,28,-1,10
1,<environment.Job instance at 0x7f1ba2d15fa0>,10,18,[ 3 11],11,-1,29,-1,11
1,<environment.Job instance at 0x7f1ba2d180a0>,11,15,[13  4],12,-1,27,-1,12
1,<environment.Job instance at 0x7f1ba2d181e0>,12,26,[ 1 12],13,-1,39,-1,13
1,<environment.Job instance at 0x7f1ba2d18550>,17,28,[ 5 10],18,-1,59,-1,31
1,<environment.Job instance at 0x7f1ba2d18690>,18,18,[ 4 13],19,-1,49,-1,31
1,<environment.Job instance at 0x7f1ba2d18730>,19,14,[ 3 11],20,-1,45,-1,31
1,<environment.Job instance at 0x7f1ba2d18780>,20,12,[13  5],21,-1,43,-1,31
1,<environment.Job instance at 0x7f1ba2d18820>,21,1,[6 5],22,-1,32,-1,31
1,<environment.Job instance at 0x7f1ba2d188c0>,22,1,[2 7],23,-1,32,-1,31
1,<environment.Job instance at 0x7f1ba2d18960>,23,27,[ 1 14],24,-1,58,-1,31
1,<environment.Job instance at 0x7f1ba2d18aa0>,25,27,[8 1],26,-1,72,-1,45
1,<environment.Job instance at 0x7f1ba2d18b40>,26,26,[5 5],27,-1,71,-1,45
1,<environment.Job instance at 0x7f1ba2d18410>,28,25,[5 7],29,-1,88,-1,63
1,<environment.Job instance at 0x7f1ba2d18cd0>,29,25,[ 4 11],30,-1,88,-1,63
1,<environment.Job instance at 0x7f1ba2d18c30>,30,22,[ 5 13],31,-1,85,-1,63
1,<environment.Job instance at 0x7f1ba2d18fa0>,31,27,[4 8],32,-1,90,-1,63
1,<environment.Job instance at 0x7f1ba2d18f50>,33,12,[11  3],34,-1,75,-1,63
1,<environment.Job instance at 0x7f1ba2d1b320>,37,13,[ 3 14],38,-1,109,-1,96
1,<environment.Job instance at 0x7f1ba2d1b3c0>,38,28,[ 2 12],39,-1,124,-1,96
1,<environment.Job instance at 0x7f1ba2d1b460>,39,20,[ 1 10],40,-1,116,-1,96
1,<environment.Job instance at 0x7f1ba2d1b500>,40,24,[5 6],41,-1,120,-1,96
1,<environment.Job instance at 0x7f1ba2d1b640>,42,27,[5 2],43,-1,124,-1,97
1,<environment.Job instance at 0x7f1ba2d1b8c0>,45,24,[ 1 13],46,-1,140,-1,116
1,<environment.Job instance at 0x7f1ba2d1b9b0>,47,17,[12  2],48,-1,145,-1,128
1,<environment.Job instance at 0x7f1ba2d1bb90>,50,16,[ 2 11],51,-1,167,-1,151
1,<environment.Job instance at 0x7f1ba2d1bc30>,51,16,[12  2],52,-1,167,-1,151
1,<environment.Job instance at 0x7f1ba2d1bd70>,53,27,[8 5],54,-1,178,-1,151
1,<environment.Job instance at 0x7f1ba2d1beb0>,55,13,[13  1],56,-1,178,-1,165
1,<environment.Job instance at 0x7f1ba2d1e460>,65,2,[10  4],66,-1,248,-1,246
1,<environment.Job instance at 0x7f1ba2d1e5f0>,66,13,[ 2 14],67,-1,259,-1,246
1,<environment.Job instance at 0x7f1ba2d1e730>,68,27,[ 1 10],69,-1,279,-1,252
1,<environment.Job instance at 0x7f1ba2d1e7d0>,69,2,[ 3 10],70,-1,254,-1,252
1,<environment.Job instance at 0x7f1ba2d1e870>,70,13,[ 3 12],71,-1,265,-1,252
1,<environment.Job instance at 0x7f1ba2d1e9b0>,72,28,[5 1],73,-1,295,-1,267
1,<environment.Job instance at 0x7f1ba2d1ea50>,73,2,[5 9],74,-1,269,-1,267
1,<environment.Job instance at 0x7f1ba2d1ec30>,76,14,[ 4 11],77,-1,294,-1,280
1,<environment.Job instance at 0x7f1ba2d1ef50>,79,12,[10  2],80,-1,307,-1,295
1,<environment.Job instance at 0x7f1ba2d212d0>,84,20,[13  1],85,-1,350,-1,330
1,<environment.Job instance at 0x7f1ba2d21370>,85,18,[ 3 14],86,-1,348,-1,330
1,<environment.Job instance at 0x7f1ba2d21550>,88,2,[ 3 10],89,-1,350,-1,348
1,<environment.Job instance at 0x7f1ba2d215f0>,89,21,[ 1 11],90,-1,369,-1,348
1,<environment.Job instance at 0x7f1ba2d21730>,91,14,[ 2 13],92,-1,362,-1,348
1,<environment.Job instance at 0x7f1ba2d21870>,93,22,[10  2],94,-1,374,-1,352
1,<environment.Job instance at 0x7f1ba2d21b90>,96,25,[8 5],97,-1,389,-1,364
1,<environment.Job instance at 0x7f1ba2d21c30>,98,22,[ 3 11],99,-1,391,-1,369
1,<environment.Job instance at 0x7f1ba2d21aa0>,99,12,[ 5 14],100,-1,381,-1,369
1,<environment.Job instance at 0x7f1ba2d21f00>,101,12,[8 1],102,-1,399,-1,387
1,<environment.Job instance at 0x7f1ba2d21f50>,102,27,[5 6],103,-1,414,-1,387
1,<environment.Job instance at 0x7f1ba2d21eb0>,103,24,[12  3],104,-1,411,-1,387
1,<environment.Job instance at 0x7f1ba2d23050>,104,22,[12  5],105,-1,409,-1,387
1,<environment.Job instance at 0x7f1ba2d230f0>,105,18,[12  4],106,-1,405,-1,387
1,<environment.Job instance at 0x7f1ba2d23230>,106,17,[ 5 13],107,-1,404,-1,387
1,<environment.Job instance at 0x7f1ba2d232d0>,107,23,[14  4],108,-1,410,-1,387
1,<environment.Job instance at 0x7f1ba2459140>,2,26,[ 5 12],3,-1,29,-1,3
1,<environment.Job instance at 0x7f1ba2459500>,4,15,[12  1],5,-1,20,-1,5
1,<environment.Job instance at 0x7f1ba24590a0>,5,14,[ 2 11],6,-1,20,-1,6
1,<environment.Job instance at 0x7f1ba2452be0>,7,14,[ 1 12],8,-1,22,-1,8
1,<environment.Job instance at 0x7f1ba2459a00>,9,14,[ 3 14],10,-1,24,-1,10
1,<environment.Job instance at 0x7f1ba245e190>,14,22,[8 1],15,-1,44,-1,22
1,<environment.Job instance at 0x7f1ba245e870>,16,12,[13  4],17,-1,43,-1,31
1,<environment.Job instance at 0x7f1ba245e910>,17,1,[ 4 11],18,-1,32,-1,31
1,<environment.Job instance at 0x7f1ba245e730>,18,23,[ 2 14],19,-1,54,-1,31
1,<environment.Job instance at 0x7f1ba245eb90>,19,2,[1 8],20,-1,33,-1,31
1,<environment.Job instance at 0x7f1ba245ed70>,24,28,[5 6],25,-1,88,-1,60
1,<environment.Job instance at 0x7f1ba245ecd0>,25,14,[ 2 10],26,-1,74,-1,60
1,<environment.Job instance at 0x7f1ba245f370>,26,19,[11  3],27,-1,79,-1,60
1,<environment.Job instance at 0x7f1ba245f190>,27,20,[14  5],28,-1,80,-1,60
1,<environment.Job instance at 0x7f1ba245f410>,29,3,[ 1 12],30,-1,68,-1,65
1,<environment.Job instance at 0x7f1ba245f2d0>,30,16,[ 2 14],31,-1,81,-1,65
1,<environment.Job instance at 0x7f1ba2453960>,33,25,[6 1],34,-1,112,-1,87
1,<environment.Job instance at 0x7f1ba2453190>,34,20,[ 1 14],35,-1,107,-1,87
1,<environment.Job instance at 0x7f1ba2453b40>,35,13,[ 4 10],36,-1,106,-1,93
1,<environment.Job instance at 0x7f1ba24534b0>,36,17,[14  2],37,-1,110,-1,93
1,<environment.Job instance at 0x7f1ba2453320>,38,16,[11  2],39,-1,115,-1,99
1,<environment.Job instance at 0x7f1ba2453050>,39,23,[ 1 14],40,-1,122,-1,99
1,<environment.Job instance at 0x7f1ba2458780>,42,14,[13  4],43,-1,115,-1,101
1,<environment.Job instance at 0x7f1ba2543190>,44,22,[12  4],45,-1,135,-1,113
1,<environment.Job instance at 0x7f1ba2458f50>,45,23,[1 7],46,-1,136,-1,113
1,<environment.Job instance at 0x7f1ba22db910>,47,16,[ 2 14],48,-1,134,-1,118
1,<environment.Job instance at 0x7f1ba232b410>,50,25,[9 3],51,-1,155,-1,130
1,<environment.Job instance at 0x7f1ba2398870>,54,14,[13  3],55,-1,166,-1,152
1,<environment.Job instance at 0x7f1ba232b0f0>,55,3,[10  1],56,-1,155,-1,152
1,<environment.Job instance at 0x7f1ba2398b90>,56,3,[ 2 12],57,-1,155,-1,152
1,<environment.Job instance at 0x7f1ba24a6a00>,66,24,[11  5],67,-1,244,-1,220
1,<environment.Job instance at 0x7f1ba23843c0>,68,25,[14  4],69,-1,266,-1,241
1,<environment.Job instance at 0x7f1ba239a870>,70,26,[10  5],71,-1,281,-1,255
1,<environment.Job instance at 0x7f1ba22e92d0>,73,2,[13  3],74,-1,270,-1,268
1,<environment.Job instance at 0x7f1ba242ff00>,74,21,[ 4 12],75,-1,289,-1,268
1,<environment.Job instance at 0x7f1ba2363280>,77,27,[2 9],78,-1,307,-1,280
1,<environment.Job instance at 0x7f1ba245e8c0>,81,17,[12  2],82,-1,336,-1,319
1,<environment.Job instance at 0x7f1ba245efa0>,82,28,[2 8],83,-1,347,-1,319
1,<environment.Job instance at 0x7f1ba279e280>,84,3,[10  2],85,-1,322,-1,319
1,<environment.Job instance at 0x7f1ba243a2d0>,85,3,[5 5],86,-1,322,-1,319
1,<environment.Job instance at 0x7f1ba243a8c0>,86,3,[ 5 10],87,-1,322,-1,319
1,<environment.Job instance at 0x7f1ba22adbe0>,92,24,[7 5],93,-1,382,-1,358
1,<environment.Job instance at 0x7f1ba22ada00>,94,28,[2 7],95,-1,396,-1,368
1,<environment.Job instance at 0x7f1ba22ad5a0>,95,28,[9 2],96,-1,396,-1,368
1,<environment.Job instance at 0x7f1ba22acc80>,100,20,[ 3 13],101,-1,425,-1,405
1,<environment.Job instance at 0x7f1ba22ac460>,101,12,[ 2 14],102,-1,417,-1,405
1,<environment.Job instance at 0x7f1ba22ac5a0>,102,13,[12  2],103,-1,418,-1,405
1,<environment.Job instance at 0x7f1ba22acd20>,103,2,[5 9],104,-1,407,-1,405
1,<environment.Job instance at 0x7f1ba22acdc0>,105,16,[11  1],106,-1,421,-1,405
1,<environment.Job instance at 0x7f1ba245cc30>,108,17,[11  3],109,-1,447,-1,430
1,<environment.Job instance at 0x7f1ba24f9e60>,1,18,[12  4],2,-1,21,-1,3
1,<environment.Job instance at 0x7f1ba235af00>,3,26,[11  5],4,-1,30,-1,4
1,<environment.Job instance at 0x7f1ba2394550>,7,15,[13  5],8,-1,23,-1,8
1,<environment.Job instance at 0x7f1ba23943c0>,12,26,[ 4 10],13,-1,41,-1,15
1,<environment.Job instance at 0x7f1ba23947d0>,13,26,[8 3],14,-1,41,-1,15
1,<environment.Job instance at 0x7f1ba2394a00>,14,16,[12  1],15,-1,31,-1,15
1,<environment.Job instance at 0x7f1ba23941e0>,15,19,[ 2 13],16,-1,35,-1,16
1,<environment.Job instance at 0x7f1ba2394280>,16,22,[11  1],17,-1,39,-1,17
1,<environment.Job instance at 0x7f1ba2394af0>,17,22,[ 1 13],18,-1,40,-1,18
1,<environment.Job instance at 0x7f1ba2394cd0>,18,2,[2 8],19,-1,23,-1,21
1,<environment.Job instance at 0x7f1ba23949b0>,20,23,[7 3],21,-1,50,-1,27
1,<environment.Job instance at 0x7f1ba2363050>,25,21,[12  3],26,-1,89,-1,68
1,<environment.Job instance at 0x7f1ba23630a0>,29,22,[14  1],30,-1,108,-1,86
1,<environment.Job instance at 0x7f1ba2363b90>,30,3,[11  3],31,-1,89,-1,86
1,<environment.Job instance at 0x7f1ba2363410>,31,27,[ 4 13],32,-1,113,-1,86
1,<environment.Job instance at 0x7f1ba2363b40>,32,26,[8 4],33,-1,112,-1,86
1,<environment.Job instance at 0x7f1ba2363320>,33,12,[9 1],34,-1,107,-1,95
1,<environment.Job instance at 0x7f1ba2363d20>,35,16,[14  1],36,-1,111,-1,95
1,<environment.Job instance at 0x7f1ba2363190>,36,3,[9 1],37,-1,98,-1,95
1,<environment.Job instance at 0x7f1ba2363e10>,39,1,[5 4],40,-1,105,-1,104
1,<environment.Job instance at 0x7f1ba2363500>,40,25,[ 3 10],41,-1,129,-1,104
1,<environment.Job instance at 0x7f1ba2363d70>,41,1,[ 2 10],42,-1,105,-1,104
1,<environment.Job instance at 0x7f1ba2363820>,42,27,[3 9],43,-1,131,-1,104
1,<environment.Job instance at 0x7f1ba2363f00>,44,12,[13  2],45,-1,119,-1,107
1,<environment.Job instance at 0x7f1ba2363eb0>,45,24,[1 5],46,-1,131,-1,107
1,<environment.Job instance at 0x7f1ba2308aa0>,46,23,[3 6],47,-1,130,-1,107
1,<environment.Job instance at 0x7f1ba2308e10>,49,26,[9 4],50,-1,155,-1,129
1,<environment.Job instance at 0x7f1ba2308e60>,51,17,[12  5],52,-1,149,-1,132
1,<environment.Job instance at 0x7f1ba23080a0>,52,12,[13  5],53,-1,144,-1,132
1,<environment.Job instance at 0x7f1ba2308eb0>,53,17,[ 2 10],54,-1,161,-1,144
1,<environment.Job instance at 0x7f1ba2308370>,54,25,[1 5],55,-1,169,-1,144
1,<environment.Job instance at 0x7f1ba2304140>,57,15,[ 2 14],58,-1,163,-1,148
1,<environment.Job instance at 0x7f1ba2304f50>,60,14,[14  5],61,-1,191,-1,177
1,<environment.Job instance at 0x7f1ba2304eb0>,61,13,[ 5 13],62,-1,190,-1,177
1,<environment.Job instance at 0x7f1ba23043c0>,62,15,[6 1],63,-1,203,-1,188
1,<environment.Job instance at 0x7f1ba2304e10>,65,20,[10  2],66,-1,208,-1,188
1,<environment.Job instance at 0x7f1ba23047d0>,66,25,[5 2],67,-1,213,-1,188
1,<environment.Job instance at 0x7f1ba2304820>,67,15,[ 1 13],68,-1,203,-1,188
1,<environment.Job instance at 0x7f1ba2304aa0>,68,27,[13  4],69,-1,215,-1,188
1,<environment.Job instance at 0x7f1ba23048c0>,69,26,[3 5],70,-1,214,-1,188
1,<environment.Job instance at 0x7f1ba2304e60>,71,17,[5 1],72,-1,211,-1,194
1,<environment.Job instance at 0x7f1ba2300e10>,72,25,[3 9],73,-1,219,-1,194
1,<environment.Job instance at 0x7f1ba2300dc0>,73,13,[14  3],74,-1,207,-1,194
1,<environment.Job instance at 0x7f1ba2300910>,75,1,[7 3],76,-1,206,-1,205
1,<environment.Job instance at 0x7f1ba23001e0>,76,14,[ 1 10],77,-1,219,-1,205
1,<environment.Job instance at 0x7f1ba23007d0>,77,1,[2 7],78,-1,206,-1,205
1,<environment.Job instance at 0x7f1ba2300c30>,78,16,[11  4],79,-1,221,-1,205
1,<environment.Job instance at 0x7f1ba2300140>,80,25,[4 5],81,-1,234,-1,209
1,<environment.Job instance at 0x7f1ba2300280>,81,25,[6 3],82,-1,234,-1,209
1,<environment.Job instance at 0x7f1ba2300460>,82,2,[11  1],83,-1,211,-1,209
1,<environment.Job instance at 0x7f1ba2300730>,84,13,[12  4],85,-1,239,-1,226
1,<environment.Job instance at 0x7f1ba2300320>,85,2,[5 5],86,-1,228,-1,226
1,<environment.Job instance at 0x7f1ba22fda00>,86,13,[ 1 13],87,-1,239,-1,226
1,<environment.Job instance at 0x7f1ba22fdfa0>,87,26,[ 1 13],88,-1,252,-1,226
1,<environment.Job instance at 0x7f1ba22fd4b0>,88,22,[3 9],89,-1,248,-1,226
1,<environment.Job instance at 0x7f1ba22fd910>,89,16,[11  1],90,-1,242,-1,226
1,<environment.Job instance at 0x7f1ba22fd2d0>,90,14,[14  2],91,-1,240,-1,226
1,<environment.Job instance at 0x7f1ba22fd280>,92,20,[2 6],93,-1,246,-1,226
1,<environment.Job instance at 0x7f1ba22fd3c0>,93,15,[5 1],94,-1,243,-1,228
1,<environment.Job instance at 0x7f1ba22fde10>,94,25,[2 8],95,-1,253,-1,228
1,<environment.Job instance at 0x7f1ba22fd1e0>,96,2,[ 5 13],97,-1,246,-1,244
1,<environment.Job instance at 0x7f1ba22fd0f0>,97,24,[2 7],98,-1,268,-1,244
1,<environment.Job instance at 0x7f1ba22fdf50>,98,16,[11  2],99,-1,260,-1,244
1,<environment.Job instance at 0x7f1ba22fdd20>,99,22,[ 2 12],100,-1,266,-1,244
1,<environment.Job instance at 0x7f1ba22fa050>,100,17,[ 3 10],101,-1,261,-1,244
1,<environment.Job instance at 0x7f1ba22fafa0>,103,18,[12  1],104,-1,271,-1,253
1,<environment.Job instance at 0x7f1ba22fa1e0>,105,2,[6 1],106,-1,259,-1,257
1,<environment.Job instance at 0x7f1ba22fa640>,106,25,[8 5],107,-1,282,-1,257
1,<environment.Job instance at 0x7f1ba22fa3c0>,107,17,[ 1 10],108,-1,274,-1,257
1,<environment.Job instance at 0x7f1ba22fa0a0>,108,3,[5 9],109,-1,260,-1,257
1,<environment.Job instance at 0x7f1ba23945a0>,10,27,[14  3],11,-1,290,-1,263
1,<environment.Job instance at 0x7f1ba2394230>,23,24,[14  3],24,-1,288,-1,264
1,<environment.Job instance at 0x7f1ba34fb730>,1,25,[7 1],2,-1,27,-1,2
1,<environment.Job instance at 0x7f1ba31b8460>,2,24,[12  5],3,-1,27,-1,3
1,<environment.Job instance at 0x7f1ba31b8690>,3,23,[10  2],4,-1,27,-1,4
1,<environment.Job instance at 0x7f1ba31b82d0>,4,15,[ 1 11],5,-1,20,-1,5
1,<environment.Job instance at 0x7f1ba31b8cd0>,5,16,[ 5 12],6,-1,22,-1,6
1,<environment.Job instance at 0x7f1ba31b86e0>,6,27,[ 4 14],7,-1,34,-1,7
1,<environment.Job instance at 0x7f1ba31b8050>,9,15,[13  1],10,-1,25,-1,10
1,<environment.Job instance at 0x7f1ba31b8b40>,15,16,[ 2 12],16,-1,32,-1,16
1,<environment.Job instance at 0x7f1bac384640>,16,12,[ 4 14],17,-1,29,-1,17
1,<environment.Job instance at 0x7f1bac384960>,20,23,[2 7],21,-1,52,-1,29
1,<environment.Job instance at 0x7f1bac384dc0>,21,12,[14  1],22,-1,41,-1,29
1,<environment.Job instance at 0x7f1bac3844b0>,22,28,[1 7],23,-1,57,-1,29
1,<environment.Job instance at 0x7f1ba3395690>,40,27,[ 4 10],41,-1,190,-1,163
1,<environment.Job instance at 0x7f1ba3395190>,41,25,[12  4],42,-1,188,-1,163
1,<environment.Job instance at 0x7f1ba3395500>,42,2,[5 7],43,-1,165,-1,163
1,<environment.Job instance at 0x7f1ba33952d0>,43,27,[3 8],44,-1,190,-1,163
1,<environment.Job instance at 0x7f1ba3395fa0>,45,24,[8 4],46,-1,194,-1,170
1,<environment.Job instance at 0x7f1ba32a02d0>,48,3,[13  2],49,-1,185,-1,182
1,<environment.Job instance at 0x7f1ba32a0320>,51,17,[12  4],52,-1,217,-1,200
1,<environment.Job instance at 0x7f1ba32a0140>,53,1,[7 4],54,-1,203,-1,202
1,<environment.Job instance at 0x7f1ba31bbe10>,55,14,[12  3],56,-1,230,-1,216
1,<environment.Job instance at 0x7f1ba31bbe60>,56,12,[ 5 14],57,-1,228,-1,216
1,<environment.Job instance at 0x7f1ba31bba00>,60,26,[9 4],61,-1,274,-1,248
1,<environment.Job instance at 0x7f1ba31bb320>,66,26,[ 3 12],67,-1,325,-1,299
1,<environment.Job instance at 0x7f1ba31bb820>,67,12,[ 2 14],68,-1,311,-1,299
1,<environment.Job instance at 0x7f1ba31bb5a0>,71,17,[ 1 14],72,-1,347,-1,330
1,<environment.Job instance at 0x7f1ba31bbaa0>,74,2,[ 1 13],75,-1,345,-1,343
1,<environment.Job instance at 0x7f1ba31bbfa0>,75,1,[13  1],76,-1,348,-1,347
1,<environment.Job instance at 0x7f1ba3110f00>,80,26,[ 1 11],81,-1,409,-1,383
1,<environment.Job instance at 0x7f1ba3110370>,81,16,[14  5],82,-1,399,-1,383
1,<environment.Job instance at 0x7f1ba3110c30>,85,28,[10  3],86,-1,434,-1,406
1,<environment.Job instance at 0x7f1ba3110230>,90,25,[14  4],91,-1,451,-1,426
1,<environment.Job instance at 0x7f1ba3110690>,96,24,[14  2],97,-1,477,-1,453
1,<environment.Job instance at 0x7f1ba29a0500>,98,2,[ 2 12],99,-1,458,-1,456
1,<environment.Job instance at 0x7f1ba29a02d0>,99,23,[ 4 11],100,-1,479,-1,456
1,<environment.Job instance at 0x7f1ba29a0960>,101,23,[ 3 13],102,-1,495,-1,472
1,<environment.Job instance at 0x7f1ba29a0e60>,104,24,[ 3 10],105,-1,533,-1,509
1,<environment.Job instance at 0x7f1ba2404d70>,1,27,[7 4],2,-1,29,-1,2
1,<environment.Job instance at 0x7f1ba31b8eb0>,5,1,[ 1 10],6,-1,7,-1,6
1,<environment.Job instance at 0x7f1ba2683be0>,6,16,[12  4],7,-1,23,-1,7
1,<environment.Job instance at 0x7f1ba2683050>,7,13,[10  3],8,-1,25,-1,12
1,<environment.Job instance at 0x7f1ba268a0a0>,12,23,[11  2],13,-1,36,-1,13
1,<environment.Job instance at 0x7f1ba268ad20>,13,12,[11  5],14,-1,26,-1,14
1,<environment.Job instance at 0x7f1ba268ae60>,17,14,[ 5 11],18,-1,41,-1,27
1,<environment.Job instance at 0x7f1ba268a690>,19,21,[9 2],20,-1,71,-1,50
1,<environment.Job instance at 0x7f1ba268a190>,20,18,[14  2],21,-1,68,-1,50
1,<environment.Job instance at 0x7f1ba268a410>,21,16,[ 5 11],22,-1,66,-1,50
1,<environment.Job instance at 0x7f1ba2668dc0>,22,15,[ 1 14],23,-1,65,-1,50
1,<environment.Job instance at 0x7f1ba2668e60>,24,25,[3 8],25,-1,75,-1,50
1,<environment.Job instance at 0x7f1ba2668f00>,25,28,[2 8],26,-1,78,-1,50
1,<environment.Job instance at 0x7f1ba2668c30>,26,3,[ 5 14],27,-1,53,-1,50
1,<environment.Job instance at 0x7f1ba2791050>,27,27,[9 3],28,-1,77,-1,50
1,<environment.Job instance at 0x7f1ba268bc30>,28,15,[13  3],29,-1,65,-1,50
1,<environment.Job instance at 0x7f1ba272f320>,30,12,[ 3 12],31,-1,70,-1,58
1,<environment.Job instance at 0x7f1ba383edc0>,31,16,[ 3 11],32,-1,74,-1,58
1,<environment.Job instance at 0x7f1ba383e5f0>,33,13,[6 3],34,-1,74,-1,61
1,<environment.Job instance at 0x7f1ba385e0f0>,35,12,[ 2 12],36,-1,87,-1,75
1,<environment.Job instance at 0x7f1ba2794190>,36,27,[ 1 13],37,-1,102,-1,75
1,<environment.Job instance at 0x7f1ba385e460>,37,13,[1 9],38,-1,88,-1,75
1,<environment.Job instance at 0x7f1ba272ba50>,39,13,[5 5],40,-1,90,-1,77
1,<environment.Job instance at 0x7f1ba272cdc0>,40,2,[13  5],41,-1,79,-1,77
1,<environment.Job instance at 0x7f1ba311c730>,43,24,[11  3],44,-1,117,-1,93
1,<environment.Job instance at 0x7f1ba2750af0>,44,18,[13  3],45,-1,111,-1,93
1,<environment.Job instance at 0x7f1ba2750320>,46,14,[10  3],47,-1,112,-1,98
1,<environment.Job instance at 0x7f1ba2733910>,47,23,[10  3],48,-1,121,-1,98
1,<environment.Job instance at 0x7f1ba2733230>,48,19,[1 5],49,-1,119,-1,100
1,<environment.Job instance at 0x7f1ba2758d20>,51,13,[6 5],52,-1,124,-1,111
1,<environment.Job instance at 0x7f1ba2758dc0>,52,24,[7 5],53,-1,135,-1,111
1,<environment.Job instance at 0x7f1ba2a115a0>,53,20,[14  5],54,-1,131,-1,111
1,<environment.Job instance at 0x7f1ba2a11460>,54,14,[2 7],55,-1,126,-1,112
1,<environment.Job instance at 0x7f1ba273b190>,55,18,[14  1],56,-1,130,-1,112
1,<environment.Job instance at 0x7f1ba273b820>,56,27,[5 5],57,-1,139,-1,112
1,<environment.Job instance at 0x7f1ba273bc30>,59,13,[14  1],60,-1,140,-1,127
1,<environment.Job instance at 0x7f1ba273baf0>,61,17,[14  5],62,-1,158,-1,141
1,<environment.Job instance at 0x7f1ba273ba00>,62,12,[7 2],63,-1,153,-1,141
1,<environment.Job instance at 0x7f1ba273bbe0>,68,26,[8 1],69,-1,217,-1,191
1,<environment.Job instance at 0x7f1ba273b1e0>,70,2,[5 3],71,-1,210,-1,208
1,<environment.Job instance at 0x7f1ba273be60>,71,17,[ 5 10],72,-1,235,-1,218
1,<environment.Job instance at 0x7f1ba2739140>,72,17,[11  1],73,-1,235,-1,218
1,<environment.Job instance at 0x7f1ba2a24b90>,73,15,[ 4 11],74,-1,233,-1,218
1,<environment.Job instance at 0x7f1ba2a24c30>,74,28,[6 1],75,-1,246,-1,218
1,<environment.Job instance at 0x7f1ba2a24dc0>,75,21,[10  2],76,-1,239,-1,218
1,<environment.Job instance at 0x7f1ba2a24d20>,78,3,[ 1 13],79,-1,223,-1,220
1,<environment.Job instance at 0x7f1ba2a24f50>,80,20,[ 1 10],81,-1,252,-1,232
1,<environment.Job instance at 0x7f1ba2a24fa0>,81,22,[5 3],82,-1,255,-1,233
1,<environment.Job instance at 0x7f1ba267c2d0>,83,13,[10  4],84,-1,251,-1,238
1,<environment.Job instance at 0x7f1ba267c190>,85,22,[1 7],86,-1,267,-1,245
1,<environment.Job instance at 0x7f1ba267c550>,87,15,[13  1],88,-1,273,-1,258
1,<environment.Job instance at 0x7f1ba267c5f0>,88,14,[12  4],89,-1,272,-1,258
1,<environment.Job instance at 0x7f1ba267c730>,91,25,[ 3 14],92,-1,299,-1,274
1,<environment.Job instance at 0x7f1ba267c500>,92,14,[14  3],93,-1,288,-1,274
1,<environment.Job instance at 0x7f1ba267caa0>,94,14,[ 5 14],95,-1,290,-1,276
1,<environment.Job instance at 0x7f1ba267cdc0>,99,24,[6 5],100,-1,345,-1,321
1,<environment.Job instance at 0x7f1ba267ce60>,100,22,[5 9],101,-1,343,-1,321
1,<environment.Job instance at 0x7f1ba267cf00>,101,13,[ 4 10],102,-1,335,-1,322
1,<environment.Job instance at 0x7f1ba267cfa0>,102,1,[ 4 14],103,-1,323,-1,322
1,<environment.Job instance at 0x7f1ba267ceb0>,103,25,[12  3],104,-1,347,-1,322
1,<environment.Job instance at 0x7f1ba29ed1e0>,105,21,[7 1],106,-1,357,-1,336
1,<environment.Job instance at 0x7f1ba29ed3c0>,108,2,[ 5 14],109,-1,345,-1,343
1,<environment.Job instance at 0x7f1ba2683870>,4,14,[ 5 12],5,-1,19,-1,5
1,<environment.Job instance at 0x7f1ba3119d70>,5,24,[ 5 11],6,-1,30,-1,6
1,<environment.Job instance at 0x7f1ba3119370>,6,25,[7 3],7,-1,32,-1,7
1,<environment.Job instance at 0x7f1ba31191e0>,9,27,[1 5],10,-1,40,-1,13
1,<environment.Job instance at 0x7f1ba3119b40>,13,27,[12  4],14,-1,41,-1,14
1,<environment.Job instance at 0x7f1ba31190f0>,17,12,[ 5 12],18,-1,48,-1,36
1,<environment.Job instance at 0x7f1ba31190a0>,18,14,[14  1],19,-1,50,-1,36
1,<environment.Job instance at 0x7f1ba3128dc0>,20,14,[12  4],21,-1,50,-1,36
1,<environment.Job instance at 0x7f1ba3128690>,21,18,[11  5],22,-1,54,-1,36
1,<environment.Job instance at 0x7f1ba31287d0>,23,12,[14  4],24,-1,60,-1,48
1,<environment.Job instance at 0x7f1ba3128230>,25,25,[8 1],26,-1,88,-1,63
1,<environment.Job instance at 0x7f1ba3128b40>,27,21,[ 5 14],28,-1,84,-1,63
1,<environment.Job instance at 0x7f1ba3128cd0>,29,12,[8 1],30,-1,91,-1,79
1,<environment.Job instance at 0x7f1ba31284b0>,32,27,[9 3],33,-1,108,-1,81
1,<environment.Job instance at 0x7f1ba3128fa0>,33,12,[6 5],34,-1,103,-1,91
1,<environment.Job instance at 0x7f1ba3128500>,34,2,[4 7],35,-1,93,-1,91
1,<environment.Job instance at 0x7f1ba31288c0>,35,28,[ 1 13],36,-1,119,-1,91
1,<environment.Job instance at 0x7f1ba3128f00>,36,12,[ 4 10],37,-1,103,-1,91
1,<environment.Job instance at 0x7f1ba2b78140>,38,2,[ 4 11],39,-1,100,-1,98
1,<environment.Job instance at 0x7f1ba2b78780>,39,26,[9 4],40,-1,124,-1,98
1,<environment.Job instance at 0x7f1ba2b786e0>,40,28,[2 7],41,-1,126,-1,98
1,<environment.Job instance at 0x7f1ba3160050>,42,22,[ 5 14],43,-1,120,-1,98
1,<environment.Job instance at 0x7f1ba31604b0>,43,20,[14  1],44,-1,118,-1,98
1,<environment.Job instance at 0x7f1ba3160eb0>,48,18,[ 1 10],49,-1,157,-1,139
1,<environment.Job instance at 0x7f1ba278f910>,54,26,[1 5],55,-1,201,-1,175
1,<environment.Job instance at 0x7f1ba278fa00>,55,22,[11  4],56,-1,197,-1,175
1,<environment.Job instance at 0x7f1ba278f820>,56,21,[11  3],57,-1,196,-1,175
1,<environment.Job instance at 0x7f1ba278fbe0>,57,23,[ 4 10],58,-1,198,-1,175
1,<environment.Job instance at 0x7f1ba278ff50>,58,19,[14  3],59,-1,194,-1,175
1,<environment.Job instance at 0x7f1ba278f3c0>,59,1,[3 7],60,-1,176,-1,175
1,<environment.Job instance at 0x7f1ba278fd20>,61,17,[11  1],62,-1,192,-1,175
1,<environment.Job instance at 0x7f1ba278fa50>,62,2,[ 1 14],63,-1,177,-1,175
1,<environment.Job instance at 0x7f1ba278ff00>,63,12,[13  2],64,-1,187,-1,175
1,<environment.Job instance at 0x7f1ba278f410>,65,15,[ 2 11],66,-1,205,-1,190
1,<environment.Job instance at 0x7f1ba278f960>,66,23,[7 4],67,-1,213,-1,190
1,<environment.Job instance at 0x7f1ba2798c30>,74,28,[10  3],75,-1,275,-1,247
1,<environment.Job instance at 0x7f1ba2798b40>,75,25,[12  3],76,-1,272,-1,247
1,<environment.Job instance at 0x7f1ba27988c0>,80,16,[14  3],81,-1,298,-1,282
1,<environment.Job instance at 0x7f1ba2798230>,86,21,[12  5],87,-1,330,-1,309
1,<environment.Job instance at 0x7f1ba2791320>,88,25,[6 1],89,-1,347,-1,322
1,<environment.Job instance at 0x7f1ba2791370>,89,24,[11  4],90,-1,346,-1,322
1,<environment.Job instance at 0x7f1ba2791730>,91,27,[5 1],92,-1,349,-1,322
1,<environment.Job instance at 0x7f1ba2791690>,93,17,[14  5],94,-1,345,-1,328
1,<environment.Job instance at 0x7f1ba27915a0>,96,25,[8 3],97,-1,365,-1,340
1,<environment.Job instance at 0x7f1ba27912d0>,97,13,[13  1],98,-1,353,-1,340
1,<environment.Job instance at 0x7f1ba2791820>,101,19,[12  1],102,-1,393,-1,374
1,<environment.Job instance at 0x7f1ba2791460>,105,13,[ 2 12],106,-1,408,-1,395
1,<environment.Job instance at 0x7f1ba2791aa0>,106,25,[ 5 10],107,-1,420,-1,395
1,<environment.Job instance at 0x7f1ba2791c30>,107,26,[9 3],108,-1,421,-1,395
1,<environment.Job instance at 0x7f1ba2ba6eb0>,108,26,[ 1 12],109,-1,421,-1,395
1,<environment.Job instance at 0x7f1ba3160820>,4,17,[12  3],5,-1,22,-1,5
1,<environment.Job instance at 0x7f1ba2ba1b90>,5,2,[ 4 12],6,-1,8,-1,6
1,<environment.Job instance at 0x7f1ba2b992d0>,7,28,[3 6],8,-1,36,-1,8
1,<environment.Job instance at 0x7f1ba2b925a0>,18,13,[3 8],19,-1,52,-1,39
1,<environment.Job instance at 0x7f1ba3463a00>,19,13,[10  5],20,-1,52,-1,39
1,<environment.Job instance at 0x7f1ba2b89b90>,21,14,[3 6],22,-1,53,-1,39
1,<environment.Job instance at 0x7f1ba3463960>,22,25,[4 6],23,-1,64,-1,39
1,<environment.Job instance at 0x7f1ba2b891e0>,23,12,[6 1],24,-1,51,-1,39
1,<environment.Job instance at 0x7f1ba2b89af0>,24,24,[7 5],25,-1,63,-1,39
1,<environment.Job instance at 0x7f1ba2b89370>,26,21,[14  1],27,-1,73,-1,52
1,<environment.Job instance at 0x7f1ba2b89be0>,27,17,[1 7],28,-1,69,-1,52
1,<environment.Job instance at 0x7f1ba28d0fa0>,28,16,[12  4],29,-1,68,-1,52
1,<environment.Job instance at 0x7f1ba3843820>,29,24,[4 9],30,-1,76,-1,52
1,<environment.Job instance at 0x7f1ba335fa50>,30,14,[6 1],31,-1,66,-1,52
1,<environment.Job instance at 0x7f1ba29a6dc0>,34,12,[ 1 14],35,-1,88,-1,76
1,<environment.Job instance at 0x7f1ba29a63c0>,35,14,[13  4],36,-1,90,-1,76
1,<environment.Job instance at 0x7f1ba336f140>,37,13,[13  3],38,-1,107,-1,94
1,<environment.Job instance at 0x7f1ba2b71730>,38,18,[3 6],39,-1,112,-1,94
1,<environment.Job instance at 0x7f1ba28aec30>,39,27,[ 3 14],40,-1,121,-1,94
1,<environment.Job instance at 0x7f1ba3386b90>,40,20,[5 6],41,-1,115,-1,95
1,<environment.Job instance at 0x7f1ba3858eb0>,43,14,[14  1],44,-1,109,-1,95
1,<environment.Job instance at 0x7f1ba38356e0>,44,1,[10  5],45,-1,96,-1,95
1,<environment.Job instance at 0x7f1ba3835c30>,45,26,[13  4],46,-1,121,-1,95
1,<environment.Job instance at 0x7f1ba3835fa0>,46,12,[6 5],47,-1,107,-1,95
1,<environment.Job instance at 0x7f1ba2cd7d20>,47,21,[ 2 13],48,-1,116,-1,95
1,<environment.Job instance at 0x7f1ba3830a50>,48,16,[ 3 14],49,-1,111,-1,95
1,<environment.Job instance at 0x7f1ba3830c80>,49,16,[ 1 11],50,-1,111,-1,95
1,<environment.Job instance at 0x7f1ba2b910a0>,50,15,[5 5],51,-1,110,-1,95
1,<environment.Job instance at 0x7f1ba2b91690>,51,24,[ 2 13],52,-1,119,-1,95
1,<environment.Job instance at 0x7f1ba2ce4c30>,52,18,[13  3],53,-1,113,-1,95
1,<environment.Job instance at 0x7f1ba3856c30>,53,15,[ 1 10],54,-1,110,-1,95
1,<environment.Job instance at 0x7f1ba3856b40>,54,13,[7 5],55,-1,108,-1,95
1,<environment.Job instance at 0x7f1ba3856c80>,55,16,[ 1 12],56,-1,111,-1,95
1,<environment.Job instance at 0x7f1ba3856eb0>,56,1,[ 2 10],57,-1,96,-1,95
1,<environment.Job instance at 0x7f1ba3856fa0>,57,26,[8 4],58,-1,121,-1,95
1,<environment.Job instance at 0x7f1ba3854050>,58,16,[ 3 13],59,-1,111,-1,95
1,<environment.Job instance at 0x7f1ba3854370>,59,14,[3 6],60,-1,109,-1,95
1,<environment.Job instance at 0x7f1ba3854640>,60,18,[9 5],61,-1,113,-1,95
1,<environment.Job instance at 0x7f1ba38544b0>,61,28,[ 5 12],62,-1,123,-1,95
1,<environment.Job instance at 0x7f1ba3854a50>,62,28,[2 6],63,-1,123,-1,95
1,<environment.Job instance at 0x7f1ba3854aa0>,63,18,[9 1],64,-1,113,-1,95
1,<environment.Job instance at 0x7f1ba38546e0>,64,28,[ 1 11],65,-1,123,-1,95
1,<environment.Job instance at 0x7f1ba3854280>,65,17,[6 5],66,-1,112,-1,95
1,<environment.Job instance at 0x7f1ba3854af0>,66,23,[11  3],67,-1,118,-1,95
1,<environment.Job instance at 0x7f1ba3854b40>,67,14,[13  5],68,-1,109,-1,95
1,<environment.Job instance at 0x7f1ba3854c80>,68,16,[ 5 10],69,-1,111,-1,95
1,<environment.Job instance at 0x7f1ba3854690>,69,1,[6 1],70,-1,96,-1,95
1,<environment.Job instance at 0x7f1ba28db550>,70,15,[5 2],71,-1,110,-1,95
1,<environment.Job instance at 0x7f1ba28dbc30>,71,13,[12  5],72,-1,108,-1,95
1,<environment.Job instance at 0x7f1ba2772780>,72,14,[7 1],73,-1,109,-1,95
1,<environment.Job instance at 0x7f1ba2772820>,73,16,[11  4],74,-1,111,-1,95
1,<environment.Job instance at 0x7f1ba27728c0>,74,15,[9 4],75,-1,110,-1,95
1,<environment.Job instance at 0x7f1ba2772960>,75,27,[6 1],76,-1,122,-1,95
1,<environment.Job instance at 0x7f1ba2772b40>,76,22,[5 5],77,-1,117,-1,95
1,<environment.Job instance at 0x7f1ba2772a50>,77,14,[2 6],78,-1,109,-1,95
1,<environment.Job instance at 0x7f1ba2772c30>,78,15,[3 8],79,-1,112,-1,97
1,<environment.Job instance at 0x7f1ba2772cd0>,79,26,[2 7],80,-1,123,-1,97
1,<environment.Job instance at 0x7f1ba2772d70>,80,23,[10  3],81,-1,120,-1,97
1,<environment.Job instance at 0x7f1ba2772e10>,81,16,[14  1],82,-1,113,-1,97
1,<environment.Job instance at 0x7f1ba2772eb0>,82,1,[13  2],83,-1,98,-1,97
1,<environment.Job instance at 0x7f1ba2772f50>,83,3,[4 5],84,-1,100,-1,97
1,<environment.Job instance at 0x7f1ba2772af0>,84,21,[8 1],85,-1,118,-1,97
1,<environment.Job instance at 0x7f1ba2772aa0>,85,18,[11  1],86,-1,115,-1,97
1,<environment.Job instance at 0x7f1ba2783190>,86,19,[3 6],87,-1,116,-1,97
1,<environment.Job instance at 0x7f1ba2783230>,87,20,[3 7],88,-1,118,-1,98
1,<environment.Job instance at 0x7f1ba27832d0>,88,18,[10  5],89,-1,117,-1,99
1,<environment.Job instance at 0x7f1ba2783370>,89,18,[7 1],90,-1,117,-1,99
1,<environment.Job instance at 0x7f1ba2783410>,90,22,[ 1 12],91,-1,121,-1,99
1,<environment.Job instance at 0x7f1ba27834b0>,91,15,[10  4],92,-1,114,-1,99
1,<environment.Job instance at 0x7f1ba2783550>,92,18,[ 4 11],93,-1,117,-1,99
1,<environment.Job instance at 0x7f1ba27835f0>,93,25,[5 6],94,-1,124,-1,99
1,<environment.Job instance at 0x7f1ba27836e0>,94,26,[ 3 12],95,-1,125,-1,99
1,<environment.Job instance at 0x7f1ba2783870>,95,13,[ 4 13],96,-1,112,-1,99
1,<environment.Job instance at 0x7f1ba2783910>,96,2,[10  5],97,-1,101,-1,99
1,<environment.Job instance at 0x7f1ba2783960>,97,27,[5 7],98,-1,126,-1,99
1,<environment.Job instance at 0x7f1ba2783aa0>,98,20,[ 4 14],99,-1,119,-1,99
1,<environment.Job instance at 0x7f1ba2783a50>,99,14,[1 7],100,-1,116,-1,102
1,<environment.Job instance at 0x7f1ba2783b40>,100,17,[9 4],101,-1,120,-1,103
1,<environment.Job instance at 0x7f1ba2783be0>,101,23,[11  4],102,-1,126,-1,103
1,<environment.Job instance at 0x7f1ba2783d20>,103,23,[2 7],104,-1,141,-1,118
1,<environment.Job instance at 0x7f1ba2783dc0>,104,15,[12  4],105,-1,133,-1,118
1,<environment.Job instance at 0x7f1ba2783e60>,105,2,[ 1 12],106,-1,120,-1,118
1,<environment.Job instance at 0x7f1ba2783f00>,106,13,[1 5],107,-1,131,-1,118
1,<environment.Job instance at 0x7f1ba2783fa0>,107,15,[ 5 10],108,-1,133,-1,118
1,<environment.Job instance at 0x7f1ba2783af0>,108,28,[6 4],109,-1,146,-1,118
1,<environment.Job instance at 0x7f1bb3462e60>,6,27,[10  1],7,-1,34,-1,7
1,<environment.Job instance at 0x7f1ba28251e0>,7,12,[6 3],8,-1,21,-1,9
1,<environment.Job instance at 0x7f1ba28250f0>,9,17,[5 7],10,-1,27,-1,10
1,<environment.Job instance at 0x7f1ba2825cd0>,10,28,[13  5],11,-1,39,-1,11
1,<environment.Job instance at 0x7f1ba2825050>,11,19,[4 8],12,-1,60,-1,41
1,<environment.Job instance at 0x7f1ba2825b90>,19,1,[ 3 12],20,-1,42,-1,41
1,<environment.Job instance at 0x7f1ba2825910>,20,16,[2 8],21,-1,72,-1,56
1,<environment.Job instance at 0x7f1ba2825e60>,21,2,[5 6],22,-1,58,-1,56
1,<environment.Job instance at 0x7f1ba2825e10>,22,13,[ 2 13],23,-1,69,-1,56
1,<environment.Job instance at 0x7f1ba2825eb0>,23,23,[5 1],24,-1,79,-1,56
1,<environment.Job instance at 0x7f1ba2825d20>,24,14,[ 3 13],25,-1,70,-1,56
1,<environment.Job instance at 0x7f1ba2825640>,25,13,[5 1],26,-1,69,-1,56
1,<environment.Job instance at 0x7f1babf1cc30>,26,26,[ 1 12],27,-1,82,-1,56
1,<environment.Job instance at 0x7f1babf1c550>,28,18,[1 5],29,-1,74,-1,56
1,<environment.Job instance at 0x7f1babf1c730>,29,20,[3 8],30,-1,76,-1,56
1,<environment.Job instance at 0x7f1babf1cbe0>,30,24,[11  5],31,-1,80,-1,56
1,<environment.Job instance at 0x7f1babf1c820>,31,3,[2 7],32,-1,59,-1,56
1,<environment.Job instance at 0x7f1babf1c640>,32,1,[10  4],33,-1,57,-1,56
1,<environment.Job instance at 0x7f1babf1ce10>,33,14,[3 8],34,-1,70,-1,56
1,<environment.Job instance at 0x7f1babf1c410>,36,18,[14  2],37,-1,86,-1,68
1,<environment.Job instance at 0x7f1babf1cd20>,37,27,[5 7],38,-1,95,-1,68
1,<environment.Job instance at 0x7f1babf1c1e0>,38,16,[1 5],39,-1,84,-1,68
1,<environment.Job instance at 0x7f1babf1c280>,39,21,[12  3],40,-1,89,-1,68
1,<environment.Job instance at 0x7f1babf1cb40>,40,12,[ 5 12],41,-1,80,-1,68
1,<environment.Job instance at 0x7f1babf1c190>,41,13,[9 3],42,-1,81,-1,68
1,<environment.Job instance at 0x7f1babf1c6e0>,42,16,[ 2 13],43,-1,84,-1,68
1,<environment.Job instance at 0x7f1babf1c370>,43,15,[3 8],44,-1,83,-1,68
1,<environment.Job instance at 0x7f1babf1c500>,44,13,[6 5],45,-1,82,-1,69
1,<environment.Job instance at 0x7f1babf1c460>,45,13,[14  1],46,-1,82,-1,69
1,<environment.Job instance at 0x7f1ba25945a0>,46,14,[ 5 13],47,-1,83,-1,69
1,<environment.Job instance at 0x7f1ba2594c30>,47,20,[ 2 13],48,-1,89,-1,69
1,<environment.Job instance at 0x7f1ba2594320>,48,27,[4 9],49,-1,96,-1,69
1,<environment.Job instance at 0x7f1ba25949b0>,49,3,[ 2 13],50,-1,72,-1,69
1,<environment.Job instance at 0x7f1ba2594550>,50,13,[ 4 12],51,-1,82,-1,69
1,<environment.Job instance at 0x7f1ba2594af0>,52,25,[2 7],53,-1,98,-1,73
1,<environment.Job instance at 0x7f1ba2594780>,53,17,[8 1],54,-1,90,-1,73
1,<environment.Job instance at 0x7f1ba2594fa0>,54,12,[11  5],55,-1,85,-1,73
1,<environment.Job instance at 0x7f1ba2594d70>,55,21,[9 4],56,-1,94,-1,73
1,<environment.Job instance at 0x7f1ba2594140>,56,20,[5 9],57,-1,93,-1,73
1,<environment.Job instance at 0x7f1ba25947d0>,57,21,[12  5],58,-1,94,-1,73
1,<environment.Job instance at 0x7f1ba25943c0>,58,14,[5 4],59,-1,88,-1,74
1,<environment.Job instance at 0x7f1ba2594280>,59,20,[11  5],60,-1,94,-1,74
1,<environment.Job instance at 0x7f1ba25940f0>,60,12,[8 5],61,-1,87,-1,75
1,<environment.Job instance at 0x7f1ba2594190>,61,18,[9 3],62,-1,93,-1,75
1,<environment.Job instance at 0x7f1ba2594f00>,62,28,[5 7],63,-1,103,-1,75
1,<environment.Job instance at 0x7f1ba2594b40>,63,12,[ 4 11],64,-1,87,-1,75
1,<environment.Job instance at 0x7f1ba2594690>,64,25,[13  4],65,-1,100,-1,75
1,<environment.Job instance at 0x7f1ba2594dc0>,65,21,[ 1 12],66,-1,96,-1,75
1,<environment.Job instance at 0x7f1ba2594730>,66,22,[ 4 10],67,-1,97,-1,75
1,<environment.Job instance at 0x7f1ba25940a0>,67,22,[13  5],68,-1,97,-1,75
1,<environment.Job instance at 0x7f1bac46d370>,68,28,[13  2],69,-1,103,-1,75
1,<environment.Job instance at 0x7f1bac46daa0>,69,13,[8 3],70,-1,88,-1,75
1,<environment.Job instance at 0x7f1bac46d870>,70,24,[7 3],71,-1,99,-1,75
1,<environment.Job instance at 0x7f1ba2e22910>,71,13,[1 9],72,-1,88,-1,75
1,<environment.Job instance at 0x7f1ba2e22690>,72,26,[5 8],73,-1,101,-1,75
1,<environment.Job instance at 0x7f1ba2e228c0>,73,13,[1 7],74,-1,88,-1,75
1,<environment.Job instance at 0x7f1ba2e22f50>,74,23,[1 5],75,-1,98,-1,75
1,<environment.Job instance at 0x7f1ba2e221e0>,75,2,[5 5],76,-1,78,-1,76
1,<environment.Job instance at 0x7f1ba2e22aa0>,76,2,[ 5 13],77,-1,79,-1,77
1,<environment.Job instance at 0x7f1ba2e22190>,77,13,[ 1 14],78,-1,91,-1,78
1,<environment.Job instance at 0x7f1ba2e22960>,78,17,[ 1 10],79,-1,96,-1,79
1,<environment.Job instance at 0x7f1ba2e22af0>,80,21,[13  2],81,-1,102,-1,81
1,<environment.Job instance at 0x7f1ba2e22eb0>,81,1,[9 1],82,-1,83,-1,82
1,<environment.Job instance at 0x7f1ba2e22c80>,82,18,[ 2 11],83,-1,101,-1,83
1,<environment.Job instance at 0x7f1ba2e227d0>,83,3,[8 2],84,-1,87,-1,84
1,<environment.Job instance at 0x7f1ba2e22550>,84,15,[7 1],85,-1,100,-1,85
1,<environment.Job instance at 0x7f1ba2e22e60>,85,2,[5 4],86,-1,88,-1,86
1,<environment.Job instance at 0x7f1ba2e225f0>,87,14,[8 1],88,-1,104,-1,90
1,<environment.Job instance at 0x7f1ba2e223c0>,88,16,[ 4 10],89,-1,106,-1,90
1,<environment.Job instance at 0x7f1ba2e22e10>,89,18,[ 5 14],90,-1,108,-1,90
1,<environment.Job instance at 0x7f1ba2e22b40>,90,17,[ 3 13],91,-1,108,-1,91
1,<environment.Job instance at 0x7f1ba2fc8870>,91,23,[13  3],92,-1,115,-1,92
1,<environment.Job instance at 0x7f1ba2fc86e0>,92,18,[ 2 12],93,-1,111,-1,93
1,<environment.Job instance at 0x7f1ba2fc8f50>,93,13,[11  1],94,-1,107,-1,94
1,<environment.Job instance at 0x7f1ba2fc83c0>,94,21,[6 5],95,-1,118,-1,97
1,<environment.Job instance at 0x7f1ba2e224b0>,95,12,[9 4],96,-1,109,-1,97
1,<environment.Job instance at 0x7f1ba2fc8370>,96,26,[7 4],97,-1,123,-1,97
1,<environment.Job instance at 0x7f1ba2fc8cd0>,97,12,[13  4],98,-1,110,-1,98
1,<environment.Job instance at 0x7f1ba2fc8690>,98,13,[ 2 12],99,-1,112,-1,99
1,<environment.Job instance at 0x7f1ba2fc8960>,101,13,[14  4],102,-1,118,-1,105
1,<environment.Job instance at 0x7f1ba2fc8500>,102,16,[14  2],103,-1,121,-1,105
1,<environment.Job instance at 0x7f1ba2fc8d20>,103,17,[5 2],104,-1,122,-1,105
1,<environment.Job instance at 0x7f1ba2fc81e0>,104,3,[5 1],105,-1,108,-1,105
1,<environment.Job instance at 0x7f1ba2fc8f00>,106,24,[5 9],107,-1,146,-1,122
1,<environment.Job instance at 0x7f1ba2fc8fa0>,107,12,[ 3 14],108,-1,134,-1,122
1,<environment.Job instance at 0x7f1ba2825280>,17,18,[9 4],18,-1,197,-1,179
1,<environment.Job instance at 0x7f1ba214cd70>,4,26,[5 7],5,-1,31,-1,5
1,<environment.Job instance at 0x7f1ba214c460>,7,27,[9 4],8,-1,36,-1,9
1,<environment.Job instance at 0x7f1ba20ea9b0>,9,26,[7 3],10,-1,36,-1,10
1,<environment.Job instance at 0x7f1ba20ea960>,10,17,[ 5 12],11,-1,28,-1,11
1,<environment.Job instance at 0x7f1ba20ea910>,20,17,[ 1 13],21,-1,62,-1,45
1,<environment.Job instance at 0x7f1ba20ea0a0>,21,25,[4 9],22,-1,70,-1,45
1,<environment.Job instance at 0x7f1ba20ead70>,23,14,[13  3],24,-1,62,-1,48
1,<environment.Job instance at 0x7f1ba214d8c0>,27,2,[6 3],28,-1,74,-1,72
1,<environment.Job instance at 0x7f1ba214d960>,34,12,[11  4],35,-1,127,-1,115
1,<environment.Job instance at 0x7f1ba214de10>,40,17,[ 2 14],41,-1,169,-1,152
1,<environment.Job instance at 0x7f1ba214dd70>,42,12,[13  4],43,-1,180,-1,168
1,<environment.Job instance at 0x7f1ba214da00>,45,17,[14  2],46,-1,193,-1,176
1,<environment.Job instance at 0x7f1ba20c9500>,46,17,[ 1 12],47,-1,193,-1,176
1,<environment.Job instance at 0x7f1ba20c9140>,48,2,[8 1],49,-1,187,-1,185
1,<environment.Job instance at 0x7f1ba20c9f00>,49,27,[11  4],50,-1,212,-1,185
1,<environment.Job instance at 0x7f1ba20c9f50>,50,15,[ 2 13],51,-1,200,-1,185
1,<environment.Job instance at 0x7f1ba20c9b90>,52,2,[1 6],53,-1,187,-1,185
1,<environment.Job instance at 0x7f1ba20c9730>,53,16,[11  3],54,-1,203,-1,187
1,<environment.Job instance at 0x7f1ba20c9410>,54,25,[6 2],55,-1,215,-1,190
1,<environment.Job instance at 0x7f1ba20c95a0>,55,17,[13  1],56,-1,207,-1,190
1,<environment.Job instance at 0x7f1ba20c91e0>,56,23,[8 2],57,-1,213,-1,190
1,<environment.Job instance at 0x7f1ba20c9dc0>,57,26,[ 2 11],58,-1,216,-1,190
1,<environment.Job instance at 0x7f1ba20c9550>,58,1,[6 4],59,-1,191,-1,190
1,<environment.Job instance at 0x7f1ba20c99b0>,60,26,[2 7],61,-1,227,-1,201
1,<environment.Job instance at 0x7f1ba20c9820>,63,24,[13  5],64,-1,242,-1,218
1,<environment.Job instance at 0x7f1ba2151b40>,65,12,[14  3],66,-1,230,-1,218
1,<environment.Job instance at 0x7f1ba21511e0>,68,27,[6 5],69,-1,263,-1,236
1,<environment.Job instance at 0x7f1ba2151550>,70,13,[11  1],71,-1,258,-1,245
1,<environment.Job instance at 0x7f1ba2f26870>,75,1,[6 3],76,-1,280,-1,279
1,<environment.Job instance at 0x7f1ba2660be0>,80,24,[4 5],81,-1,326,-1,302
1,<environment.Job instance at 0x7f1ba2660960>,82,12,[13  3],83,-1,323,-1,311
1,<environment.Job instance at 0x7f1ba26606e0>,83,25,[ 5 10],84,-1,336,-1,311
1,<environment.Job instance at 0x7f1ba26601e0>,85,14,[11  2],86,-1,327,-1,313
1,<environment.Job instance at 0x7f1ba2660690>,86,15,[ 3 14],87,-1,328,-1,313
1,<environment.Job instance at 0x7f1ba2660370>,88,27,[7 4],89,-1,347,-1,320
1,<environment.Job instance at 0x7f1ba216f870>,93,13,[ 1 12],94,-1,360,-1,347
1,<environment.Job instance at 0x7f1ba2bc6640>,96,14,[ 4 12],97,-1,379,-1,365
1,<environment.Job instance at 0x7f1ba24068c0>,98,25,[ 1 14],99,-1,390,-1,365
1,<environment.Job instance at 0x7f1bac0e7550>,101,23,[ 4 13],102,-1,417,-1,394
1,<environment.Job instance at 0x7f1ba2688910>,102,19,[11  1],103,-1,413,-1,394
1,<environment.Job instance at 0x7f1ba27a7f00>,103,18,[ 4 11],104,-1,412,-1,394
1,<environment.Job instance at 0x7f1ba366bd20>,106,13,[ 3 13],107,-1,421,-1,408
1,<environment.Job instance at 0x7f1ba2b04fa0>,8,23,[5 5],9,-1,49,-1,26
1,<environment.Job instance at 0x7f1ba2abb7d0>,28,24,[ 1 14],29,-1,157,-1,133
1,<environment.Job instance at 0x7f1ba2abb9b0>,29,2,[7 5],30,-1,135,-1,133
1,<environment.Job instance at 0x7f1ba2abbfa0>,30,1,[8 3],31,-1,134,-1,133
1,<environment.Job instance at 0x7f1ba2abbf50>,33,1,[7 1],34,-1,147,-1,146
1,<environment.Job instance at 0x7f1ba2abb640>,34,23,[5 5],35,-1,179,-1,156
1,<environment.Job instance at 0x7f1ba2abbc30>,35,23,[ 2 12],36,-1,179,-1,156
1,<environment.Job instance at 0x7f1ba28412d0>,37,25,[7 3],38,-1,185,-1,160
1,<environment.Job instance at 0x7f1ba2841be0>,38,1,[12  5],39,-1,161,-1,160
1,<environment.Job instance at 0x7f1ba2841b90>,39,13,[11  2],40,-1,173,-1,160
1,<environment.Job instance at 0x7f1ba28415f0>,40,27,[5 2],41,-1,187,-1,160
1,<environment.Job instance at 0x7f1ba2841230>,43,3,[ 3 10],44,-1,175,-1,172
1,<environment.Job instance at 0x7f1ba2841dc0>,55,2,[3 9],56,-1,257,-1,255
1,<environment.Job instance at 0x7f1ba3621870>,57,26,[3 7],58,-1,281,-1,255
1,<environment.Job instance at 0x7f1ba3621d20>,58,26,[4 6],59,-1,281,-1,255
1,<environment.Job instance at 0x7f1ba36210a0>,59,14,[ 3 14],60,-1,269,-1,255
1,<environment.Job instance at 0x7f1ba3621460>,61,12,[10  1],62,-1,282,-1,270
1,<environment.Job instance at 0x7f1ba36213c0>,62,1,[10  1],63,-1,271,-1,270
1,<environment.Job instance at 0x7f1ba3621140>,70,22,[ 5 12],71,-1,362,-1,340
1,<environment.Job instance at 0x7f1ba3621190>,66,18,[ 4 10],67,-1,384,-1,366
1,<environment.Job instance at 0x7f1ba3959f50>,76,22,[ 1 13],77,-1,402,-1,380
1,<environment.Job instance at 0x7f1ba39598c0>,77,14,[ 2 11],78,-1,394,-1,380
1,<environment.Job instance at 0x7f1ba3959780>,79,15,[ 5 14],80,-1,406,-1,391
1,<environment.Job instance at 0x7f1ba39596e0>,80,27,[3 6],81,-1,418,-1,391
1,<environment.Job instance at 0x7f1ba3959b40>,81,2,[12  1],82,-1,393,-1,391
1,<environment.Job instance at 0x7f1ba294d0a0>,83,18,[11  2],84,-1,415,-1,397
1,<environment.Job instance at 0x7f1ba294d500>,84,14,[ 3 10],85,-1,515,-1,501
1,<environment.Job instance at 0x7f1ba294d0f0>,98,23,[2 5],99,-1,538,-1,515
1,<environment.Job instance at 0x7f1ba294d960>,99,13,[14  3],100,-1,528,-1,515
1,<environment.Job instance at 0x7f1ba294db40>,100,18,[ 5 11],101,-1,533,-1,515
1,<environment.Job instance at 0x7f1ba294d050>,103,14,[13  2],104,-1,545,-1,531
1,<environment.Job instance at 0x7f1ba2791050>,104,2,[7 1],105,-1,533,-1,531
1,<environment.Job instance at 0x7f1ba2d4d280>,3,25,[ 2 10],4,-1,29,-1,4
1,<environment.Job instance at 0x7f1ba2169730>,7,19,[9 1],8,-1,290,-1,271
1,<environment.Job instance at 0x7f1ba22a7550>,34,23,[6 1],35,-1,294,-1,271
1,<environment.Job instance at 0x7f1ba22a7aa0>,35,14,[9 2],36,-1,285,-1,271
1,<environment.Job instance at 0x7f1ba22a77d0>,36,2,[ 4 14],37,-1,273,-1,271
1,<environment.Job instance at 0x7f1ba22a71e0>,37,23,[10  3],38,-1,294,-1,271
1,<environment.Job instance at 0x7f1ba22a76e0>,38,14,[ 1 11],39,-1,285,-1,271
1,<environment.Job instance at 0x7f1ba22a7050>,39,17,[5 1],40,-1,288,-1,271
1,<environment.Job instance at 0x7f1ba22a79b0>,40,21,[2 6],41,-1,292,-1,271
1,<environment.Job instance at 0x7f1ba22a7d20>,41,23,[ 2 12],42,-1,294,-1,271
1,<environment.Job instance at 0x7f1ba22a7320>,42,27,[8 3],43,-1,298,-1,271
1,<environment.Job instance at 0x7f1ba22a7f00>,43,18,[ 2 10],44,-1,289,-1,271
1,<environment.Job instance at 0x7f1ba22a7910>,44,17,[5 5],45,-1,288,-1,271
1,<environment.Job instance at 0x7f1ba2c47aa0>,45,14,[9 5],46,-1,285,-1,271
1,<environment.Job instance at 0x7f1ba2c470a0>,46,14,[8 5],47,-1,285,-1,271
1,<environment.Job instance at 0x7f1ba2c47690>,47,25,[9 4],48,-1,296,-1,271
1,<environment.Job instance at 0x7f1ba2c47730>,48,15,[7 3],49,-1,286,-1,271
1,<environment.Job instance at 0x7f1ba2c47fa0>,49,17,[1 5],50,-1,288,-1,271
1,<environment.Job instance at 0x7f1ba2c47d70>,50,3,[3 9],51,-1,274,-1,271
1,<environment.Job instance at 0x7f1ba2c47550>,51,28,[ 5 13],52,-1,299,-1,271
1,<environment.Job instance at 0x7f1ba2c476e0>,52,15,[12  1],53,-1,286,-1,271
1,<environment.Job instance at 0x7f1ba2c475f0>,53,3,[ 5 14],54,-1,274,-1,271
1,<environment.Job instance at 0x7f1ba2c47a50>,54,16,[2 9],55,-1,287,-1,271
1,<environment.Job instance at 0x7f1ba2c471e0>,55,26,[4 9],56,-1,297,-1,271
1,<environment.Job instance at 0x7f1ba2c47870>,56,27,[10  5],57,-1,298,-1,271
1,<environment.Job instance at 0x7f1ba2c47500>,57,18,[5 4],58,-1,290,-1,272
1,<environment.Job instance at 0x7f1ba2c47190>,58,14,[8 4],59,-1,286,-1,272
1,<environment.Job instance at 0x7f1ba2c477d0>,59,17,[ 2 10],60,-1,289,-1,272
1,<environment.Job instance at 0x7f1ba2c47e10>,60,3,[1 6],61,-1,275,-1,272
1,<environment.Job instance at 0x7f1ba2c47af0>,61,16,[13  4],62,-1,288,-1,272
1,<environment.Job instance at 0x7f1ba2c473c0>,62,18,[9 3],63,-1,290,-1,272
1,<environment.Job instance at 0x7f1ba2c479b0>,63,16,[ 5 12],64,-1,288,-1,272
1,<environment.Job instance at 0x7f1ba2c47dc0>,64,21,[5 6],65,-1,293,-1,272
1,<environment.Job instance at 0x7f1ba2c475a0>,65,19,[2 7],66,-1,295,-1,276
1,<environment.Job instance at 0x7f1ba270d550>,66,3,[6 1],67,-1,279,-1,276
1,<environment.Job instance at 0x7f1ba270d140>,67,12,[ 2 12],68,-1,288,-1,276
1,<environment.Job instance at 0x7f1ba270d280>,68,2,[6 2],69,-1,278,-1,276
1,<environment.Job instance at 0x7f1ba270d960>,69,22,[5 4],70,-1,298,-1,276
1,<environment.Job instance at 0x7f1ba270dc30>,70,18,[7 2],71,-1,296,-1,278
1,<environment.Job instance at 0x7f1ba270d820>,71,13,[5 8],72,-1,291,-1,278
1,<environment.Job instance at 0x7f1ba270d190>,72,13,[5 5],73,-1,291,-1,278
1,<environment.Job instance at 0x7f1ba270dfa0>,73,18,[ 1 11],74,-1,296,-1,278
1,<environment.Job instance at 0x7f1ba270db90>,74,3,[3 7],75,-1,281,-1,278
1,<environment.Job instance at 0x7f1ba270d2d0>,75,17,[7 5],76,-1,301,-1,284
1,<environment.Job instance at 0x7f1ba270d780>,76,13,[4 8],77,-1,297,-1,284
1,<environment.Job instance at 0x7f1ba270dc80>,77,17,[10  1],78,-1,301,-1,284
1,<environment.Job instance at 0x7f1ba270d6e0>,78,16,[ 2 13],79,-1,300,-1,284
1,<environment.Job instance at 0x7f1ba270db40>,79,16,[ 5 12],80,-1,300,-1,284
1,<environment.Job instance at 0x7f1ba270daa0>,80,12,[11  1],81,-1,296,-1,284
1,<environment.Job instance at 0x7f1ba270d4b0>,81,20,[9 5],82,-1,306,-1,286
1,<environment.Job instance at 0x7f1ba270d690>,82,15,[11  4],83,-1,301,-1,286
1,<environment.Job instance at 0x7f1ba270d7d0>,83,17,[ 2 14],84,-1,303,-1,286
1,<environment.Job instance at 0x7f1ba270ddc0>,84,26,[10  5],85,-1,312,-1,286
1,<environment.Job instance at 0x7f1ba270d8c0>,85,2,[7 5],86,-1,288,-1,286
1,<environment.Job instance at 0x7f1ba270d410>,86,16,[5 6],87,-1,303,-1,287
1,<environment.Job instance at 0x7f1ba270d5f0>,87,18,[4 5],88,-1,305,-1,287
1,<environment.Job instance at 0x7f1ba239a0f0>,88,18,[4 9],89,-1,305,-1,287
1,<environment.Job instance at 0x7f1ba239a8c0>,89,25,[1 7],90,-1,312,-1,287
1,<environment.Job instance at 0x7f1ba239a7d0>,90,13,[9 3],91,-1,300,-1,287
1,<environment.Job instance at 0x7f1ba239a9b0>,91,19,[2 5],92,-1,306,-1,287
1,<environment.Job instance at 0x7f1ba239a140>,92,14,[ 3 10],93,-1,301,-1,287
1,<environment.Job instance at 0x7f1ba239ab90>,93,14,[5 4],94,-1,301,-1,287
1,<environment.Job instance at 0x7f1ba239a820>,94,27,[3 8],95,-1,314,-1,287
1,<environment.Job instance at 0x7f1ba239adc0>,95,12,[1 9],96,-1,299,-1,287
1,<environment.Job instance at 0x7f1ba239a5a0>,96,18,[6 1],97,-1,305,-1,287
1,<environment.Job instance at 0x7f1ba239a460>,97,28,[2 6],98,-1,315,-1,287
1,<environment.Job instance at 0x7f1ba239a280>,98,28,[7 1],99,-1,315,-1,287
1,<environment.Job instance at 0x7f1ba239ab40>,99,26,[10  3],100,-1,313,-1,287
1,<environment.Job instance at 0x7f1ba239a4b0>,100,27,[5 2],101,-1,314,-1,287
1,<environment.Job instance at 0x7f1ba239af00>,101,12,[ 3 13],102,-1,299,-1,287
1,<environment.Job instance at 0x7f1ba239aaa0>,102,17,[14  5],103,-1,304,-1,287
1,<environment.Job instance at 0x7f1ba239a550>,103,15,[14  2],104,-1,302,-1,287
1,<environment.Job instance at 0x7f1ba239ac80>,104,15,[ 1 12],105,-1,302,-1,287
1,<environment.Job instance at 0x7f1ba239a3c0>,105,14,[3 9],106,-1,301,-1,287
1,<environment.Job instance at 0x7f1ba32d8dc0>,106,12,[10  1],107,-1,299,-1,287
1,<environment.Job instance at 0x7f1ba268b640>,6,2,[1 8],7,-1,10,-1,8
1,<environment.Job instance at 0x7f1ba268bd20>,9,12,[11  2],10,-1,33,-1,21
1,<environment.Job instance at 0x7f1ba2014f50>,10,18,[ 3 11],11,-1,39,-1,21
1,<environment.Job instance at 0x7f1ba2014c80>,14,24,[5 7],15,-1,63,-1,39
1,<environment.Job instance at 0x7f1ba20146e0>,15,13,[14  2],16,-1,52,-1,39
1,<environment.Job instance at 0x7f1ba380f6e0>,16,12,[ 5 14],17,-1,51,-1,39
1,<environment.Job instance at 0x7f1ba380f0a0>,17,28,[11  4],18,-1,67,-1,39
1,<environment.Job instance at 0x7f1ba380fa50>,18,1,[1 6],19,-1,40,-1,39
1,<environment.Job instance at 0x7f1ba380faf0>,19,26,[1 8],20,-1,65,-1,39
1,<environment.Job instance at 0x7f1ba380ffa0>,24,24,[5 3],25,-1,77,-1,53
1,<environment.Job instance at 0x7f1ba380ff50>,25,15,[ 1 14],26,-1,68,-1,53
1,<environment.Job instance at 0x7f1ba380f4b0>,26,16,[ 3 13],27,-1,69,-1,53
1,<environment.Job instance at 0x7f1ba380faa0>,27,23,[11  4],28,-1,76,-1,53
1,<environment.Job instance at 0x7f1ba380f410>,30,3,[2 7],31,-1,88,-1,85
1,<environment.Job instance at 0x7f1ba30ad550>,38,14,[14  2],39,-1,168,-1,154
1,<environment.Job instance at 0x7f1ba30adeb0>,39,13,[14  4],40,-1,167,-1,154
1,<environment.Job instance at 0x7f1ba30adb90>,40,15,[ 4 12],41,-1,169,-1,154
1,<environment.Job instance at 0x7f1ba30adf50>,42,26,[8 3],43,-1,182,-1,156
1,<environment.Job instance at 0x7f1ba2937dc0>,44,24,[3 9],45,-1,192,-1,168
1,<environment.Job instance at 0x7f1ba29374b0>,47,13,[13  2],48,-1,186,-1,173
1,<environment.Job instance at 0x7f1ba2937eb0>,48,1,[5 5],49,-1,174,-1,173
1,<environment.Job instance at 0x7f1ba2937f50>,49,1,[8 2],50,-1,174,-1,173
1,<environment.Job instance at 0x7f1bac23d870>,65,26,[ 5 13],66,-1,300,-1,274
1,<environment.Job instance at 0x7f1bac23d1e0>,67,15,[11  1],68,-1,289,-1,274
1,<environment.Job instance at 0x7f1bac22e190>,70,1,[2 7],71,-1,297,-1,296
1,<environment.Job instance at 0x7f1bac22ee60>,71,3,[ 5 10],72,-1,300,-1,297
1,<environment.Job instance at 0x7f1ba27d24b0>,73,23,[ 5 10],74,-1,321,-1,298
1,<environment.Job instance at 0x7f1ba27d2870>,77,24,[10  4],78,-1,337,-1,313
1,<environment.Job instance at 0x7f1ba27d2be0>,78,16,[11  3],79,-1,335,-1,319
1,<environment.Job instance at 0x7f1ba27d25a0>,81,1,[ 3 12],82,-1,346,-1,345
1,<environment.Job instance at 0x7f1ba27d2410>,82,25,[10  3],83,-1,370,-1,345
1,<environment.Job instance at 0x7f1ba2516050>,83,14,[ 5 12],84,-1,359,-1,345
1,<environment.Job instance at 0x7f1ba292eaf0>,84,20,[ 3 14],85,-1,365,-1,345
1,<environment.Job instance at 0x7f1ba251fbe0>,85,24,[13  2],86,-1,369,-1,345
1,<environment.Job instance at 0x7f1ba2324b40>,88,14,[11  5],89,-1,382,-1,368
1,<environment.Job instance at 0x7f1ba2934a00>,89,28,[6 1],90,-1,396,-1,368
1,<environment.Job instance at 0x7f1ba2319a00>,92,23,[11  1],93,-1,401,-1,378
1,<environment.Job instance at 0x7f1ba2c712d0>,94,18,[ 1 13],95,-1,403,-1,385
1,<environment.Job instance at 0x7f1ba20815f0>,96,13,[11  3],97,-1,398,-1,385
1,<environment.Job instance at 0x7f1ba20a3eb0>,97,28,[7 5],98,-1,413,-1,385
1,<environment.Job instance at 0x7f1ba294bb90>,99,2,[14  5],100,-1,394,-1,392
1,<environment.Job instance at 0x7f1ba24b2730>,100,26,[13  1],101,-1,418,-1,392
1,<environment.Job instance at 0x7f1ba2514050>,102,3,[10  1],103,-1,418,-1,415
1,<environment.Job instance at 0x7f1ba27c3af0>,104,1,[5 1],105,-1,421,-1,420
1,<environment.Job instance at 0x7f1ba2f6d050>,107,26,[ 5 12],108,-1,456,-1,430
1,<environment.Job instance at 0x7f1ba2186230>,3,13,[13  4],4,-1,17,-1,4
1,<environment.Job instance at 0x7f1ba2186d20>,6,24,[14  5],7,-1,31,-1,7
1,<environment.Job instance at 0x7f1ba2186fa0>,7,25,[ 4 12],8,-1,33,-1,8
1,<environment.Job instance at 0x7f1ba2186960>,9,18,[12  3],10,-1,28,-1,10
1,<environment.Job instance at 0x7f1ba21860a0>,13,18,[13  2],14,-1,33,-1,15
1,<environment.Job instance at 0x7f1ba2186c80>,15,23,[ 5 13],16,-1,40,-1,17
1,<environment.Job instance at 0x7f1ba30700a0>,17,28,[ 1 10],18,-1,58,-1,30
1,<environment.Job instance at 0x7f1ba3070320>,19,12,[ 4 14],20,-1,42,-1,30
1,<environment.Job instance at 0x7f1ba30704b0>,25,18,[ 5 11],26,-1,64,-1,46
1,<environment.Job instance at 0x7f1ba30705f0>,27,1,[12  3],28,-1,64,-1,63
1,<environment.Job instance at 0x7f1ba3070f50>,28,25,[13  1],29,-1,88,-1,63
1,<environment.Job instance at 0x7f1ba30702d0>,30,1,[2 5],31,-1,64,-1,63
1,<environment.Job instance at 0x7f1ba3070b90>,32,16,[14  4],33,-1,87,-1,71
1,<environment.Job instance at 0x7f1ba3070fa0>,33,17,[13  5],34,-1,88,-1,71
1,<environment.Job instance at 0x7f1ba30707d0>,35,24,[12  4],36,-1,102,-1,78
1,<environment.Job instance at 0x7f1ba2588d70>,36,25,[6 3],37,-1,109,-1,84
1,<environment.Job instance at 0x7f1ba2588b90>,37,27,[9 5],38,-1,111,-1,84
1,<environment.Job instance at 0x7f1ba2588960>,39,14,[ 2 13],40,-1,103,-1,89
1,<environment.Job instance at 0x7f1ba2588500>,41,1,[3 9],42,-1,91,-1,90
1,<environment.Job instance at 0x7f1ba25885f0>,44,17,[ 4 14],45,-1,120,-1,103
1,<environment.Job instance at 0x7f1ba30c20f0>,55,19,[ 2 12],56,-1,207,-1,188
1,<environment.Job instance at 0x7f1ba30c2410>,57,26,[12  4],58,-1,214,-1,188
1,<environment.Job instance at 0x7f1ba30c2b40>,59,16,[ 5 11],60,-1,213,-1,197
1,<environment.Job instance at 0x7f1ba30c2f50>,64,1,[ 4 11],65,-1,240,-1,239
1,<environment.Job instance at 0x7f1ba30dfe10>,68,18,[14  5],69,-1,259,-1,241
1,<environment.Job instance at 0x7f1ba30dfcd0>,69,15,[ 1 12],70,-1,256,-1,241
1,<environment.Job instance at 0x7f1ba258d0f0>,77,16,[14  4],78,-1,306,-1,290
1,<environment.Job instance at 0x7f1ba258d640>,79,16,[ 3 14],80,-1,308,-1,292
1,<environment.Job instance at 0x7f1ba258d410>,84,23,[14  2],85,-1,360,-1,337
1,<environment.Job instance at 0x7f1ba258d460>,85,24,[5 9],86,-1,361,-1,337
1,<environment.Job instance at 0x7f1ba258d910>,87,28,[ 2 11],88,-1,377,-1,349
1,<environment.Job instance at 0x7f1ba258d6e0>,88,18,[14  3],89,-1,367,-1,349
1,<environment.Job instance at 0x7f1ba2dd44b0>,97,1,[ 4 14],98,-1,386,-1,385
1,<environment.Job instance at 0x7f1ba2dd45f0>,98,14,[ 3 14],99,-1,399,-1,385
1,<environment.Job instance at 0x7f1ba2dd47d0>,100,16,[14  1],101,-1,413,-1,397
1,<environment.Job instance at 0x7f1ba2dd4050>,103,1,[ 5 13],104,-1,413,-1,412
1,<environment.Job instance at 0x7f1ba2dd4d70>,104,26,[4 8],105,-1,438,-1,412
1,<environment.Job instance at 0x7f1ba293f8c0>,4,13,[5 2],5,-1,35,-1,22
1,<environment.Job instance at 0x7f1ba293f410>,10,19,[ 3 10],11,-1,42,-1,23
1,<environment.Job instance at 0x7f1ba210aaa0>,14,12,[13  2],15,-1,49,-1,37
1,<environment.Job instance at 0x7f1ba210a280>,15,21,[10  1],16,-1,64,-1,43
1,<environment.Job instance at 0x7f1ba210a7d0>,16,12,[ 2 14],17,-1,55,-1,43
1,<environment.Job instance at 0x7f1ba210adc0>,17,17,[ 1 12],18,-1,60,-1,43
1,<environment.Job instance at 0x7f1ba210a550>,18,22,[13  4],19,-1,65,-1,43
1,<environment.Job instance at 0x7f1ba210a960>,19,18,[ 5 12],20,-1,61,-1,43
1,<environment.Job instance at 0x7f1ba210a780>,20,25,[12  1],21,-1,68,-1,43
1,<environment.Job instance at 0x7f1ba210a410>,21,26,[10  2],22,-1,69,-1,43
1,<environment.Job instance at 0x7f1ba210a0f0>,22,3,[4 8],23,-1,46,-1,43
1,<environment.Job instance at 0x7f1ba210a190>,24,12,[13  2],25,-1,69,-1,57
1,<environment.Job instance at 0x7f1ba210a640>,25,22,[6 2],26,-1,80,-1,58
1,<environment.Job instance at 0x7f1ba210a1e0>,27,1,[4 7],28,-1,59,-1,58
1,<environment.Job instance at 0x7f1ba210a370>,28,12,[10  2],29,-1,70,-1,58
1,<environment.Job instance at 0x7f1ba2007500>,29,14,[ 2 13],30,-1,72,-1,58
1,<environment.Job instance at 0x7f1ba2007410>,33,27,[ 1 13],34,-1,110,-1,83
1,<environment.Job instance at 0x7f1ba2007b90>,34,18,[11  3],35,-1,101,-1,83
1,<environment.Job instance at 0x7f1ba2007370>,36,13,[6 1],37,-1,99,-1,86
1,<environment.Job instance at 0x7f1ba2007b40>,37,12,[12  5],38,-1,98,-1,86
1,<environment.Job instance at 0x7f1ba20071e0>,38,12,[ 3 12],39,-1,98,-1,86
1,<environment.Job instance at 0x7f1ba2e46820>,42,13,[5 1],43,-1,133,-1,120
1,<environment.Job instance at 0x7f1ba2e46a50>,44,2,[5 7],45,-1,136,-1,134
1,<environment.Job instance at 0x7f1ba2e46b40>,46,1,[6 3],47,-1,137,-1,136
1,<environment.Job instance at 0x7f1ba2e460a0>,47,16,[12  2],48,-1,152,-1,136
1,<environment.Job instance at 0x7f1ba2e46500>,48,17,[ 2 13],49,-1,153,-1,136
1,<environment.Job instance at 0x7f1ba2e46b90>,49,27,[5 5],50,-1,163,-1,136
1,<environment.Job instance at 0x7f1ba2e46960>,55,15,[ 5 12],56,-1,183,-1,168
1,<environment.Job instance at 0x7f1ba2e462d0>,57,25,[1 9],58,-1,210,-1,185
1,<environment.Job instance at 0x7f1ba2e46a00>,58,17,[11  5],59,-1,204,-1,187
1,<environment.Job instance at 0x7f1ba2e46c80>,59,17,[ 5 11],60,-1,204,-1,187
1,<environment.Job instance at 0x7f1ba2e46410>,60,14,[14  3],61,-1,201,-1,187
1,<environment.Job instance at 0x7f1ba2e468c0>,62,3,[7 2],63,-1,191,-1,188
1,<environment.Job instance at 0x7f1ba38079b0>,63,15,[14  5],64,-1,203,-1,188
1,<environment.Job instance at 0x7f1ba3807730>,64,14,[14  4],65,-1,202,-1,188
1,<environment.Job instance at 0x7f1ba3807d20>,65,17,[ 2 12],66,-1,205,-1,188
1,<environment.Job instance at 0x7f1ba3807be0>,66,28,[5 9],67,-1,216,-1,188
1,<environment.Job instance at 0x7f1ba38077d0>,67,26,[9 4],68,-1,214,-1,188
1,<environment.Job instance at 0x7f1ba38075a0>,69,25,[11  1],70,-1,223,-1,198
1,<environment.Job instance at 0x7f1ba3807500>,75,2,[8 3],76,-1,263,-1,261
1,<environment.Job instance at 0x7f1ba31b76e0>,80,3,[5 1],81,-1,298,-1,295
1,<environment.Job instance at 0x7f1ba34569b0>,84,12,[ 3 14],85,-1,329,-1,317
1,<environment.Job instance at 0x7f1ba30cb960>,104,2,[ 2 10],105,-1,528,-1,526
1,<environment.Job instance at 0x7f1ba30cb870>,105,23,[7 1],106,-1,549,-1,526
1,<environment.Job instance at 0x7f1ba30cb410>,107,26,[1 7],108,-1,8499,-1,8473
1,<environment.Job instance at 0x7f1ba1fdf190>,3,28,[ 5 13],4,-1,32,-1,4
1,<environment.Job instance at 0x7f1ba27e7460>,5,1,[6 4],6,-1,8,-1,7
1,<environment.Job instance at 0x7f1ba27e75a0>,11,1,[ 2 13],12,-1,28,-1,27
1,<environment.Job instance at 0x7f1ba280a4b0>,17,2,[11  1],18,-1,61,-1,59
1,<environment.Job instance at 0x7f1ba361ae10>,23,25,[ 5 10],24,-1,105,-1,80
1,<environment.Job instance at 0x7f1ba361a1e0>,24,13,[12  3],25,-1,93,-1,80
1,<environment.Job instance at 0x7f1ba2aad820>,25,20,[ 4 11],26,-1,100,-1,80
1,<environment.Job instance at 0x7f1ba2aad2d0>,27,15,[14  2],28,-1,102,-1,87
1,<environment.Job instance at 0x7f1ba2aad690>,28,12,[13  3],29,-1,99,-1,87
1,<environment.Job instance at 0x7f1ba2ab6aa0>,32,25,[10  4],33,-1,143,-1,118
1,<environment.Job instance at 0x7f1ba2ab6a50>,33,3,[8 3],34,-1,122,-1,119
1,<environment.Job instance at 0x7f1ba361de10>,38,20,[12  2],39,-1,169,-1,149
1,<environment.Job instance at 0x7f1ba2ab6910>,40,28,[8 4],41,-1,177,-1,149
1,<environment.Job instance at 0x7f1ba2ab29b0>,44,13,[13  1],45,-1,190,-1,177
1,<environment.Job instance at 0x7f1ba2ab25a0>,47,18,[12  1],48,-1,209,-1,191
1,<environment.Job instance at 0x7f1ba2ab2aa0>,49,19,[13  2],50,-1,225,-1,206
1,<environment.Job instance at 0x7f1ba2ab2140>,52,1,[ 2 13],53,-1,210,-1,209
1,<environment.Job instance at 0x7f1ba2ab25f0>,53,24,[ 4 10],54,-1,233,-1,209
1,<environment.Job instance at 0x7f1ba27faf00>,59,24,[4 6],60,-1,284,-1,260
1,<environment.Job instance at 0x7f1ba27fa370>,60,23,[13  5],61,-1,283,-1,260
1,<environment.Job instance at 0x7f1ba27fa550>,61,28,[14  2],62,-1,288,-1,260
1,<environment.Job instance at 0x7f1ba31fb500>,65,3,[1 8],66,-1,283,-1,280
1,<environment.Job instance at 0x7f1ba3073aa0>,66,22,[13  1],67,-1,302,-1,280
1,<environment.Job instance at 0x7f1ba3073d20>,67,2,[5 7],68,-1,282,-1,280
1,<environment.Job instance at 0x7f1ba2ac5e60>,68,22,[ 2 12],69,-1,302,-1,280
1,<environment.Job instance at 0x7f1ba27ffb40>,72,15,[13  5],73,-1,313,-1,298
1,<environment.Job instance at 0x7f1ba27ffd70>,73,20,[ 1 14],74,-1,318,-1,298
1,<environment.Job instance at 0x7f1ba27ffe60>,75,12,[ 1 14],76,-1,328,-1,316
1,<environment.Job instance at 0x7f1ba27ff370>,76,14,[ 3 11],77,-1,330,-1,316
1,<environment.Job instance at 0x7f1ba26d9780>,78,12,[ 3 13],79,-1,328,-1,316
1,<environment.Job instance at 0x7f1ba3430780>,82,15,[ 4 11],83,-1,355,-1,340
1,<environment.Job instance at 0x7f1ba240c1e0>,83,26,[7 4],84,-1,366,-1,340
1,<environment.Job instance at 0x7f1ba31f14b0>,85,17,[ 5 11],86,-1,379,-1,362
1,<environment.Job instance at 0x7f1ba31c3230>,86,22,[4 9],87,-1,384,-1,362
1,<environment.Job instance at 0x7f1ba2151be0>,96,28,[ 3 11],97,-1,454,-1,426
1,<environment.Job instance at 0x7f1ba21515a0>,98,16,[14  5],99,-1,452,-1,436
1,<environment.Job instance at 0x7f1ba2151e10>,99,28,[6 3],100,-1,464,-1,436
1,<environment.Job instance at 0x7f1ba21510f0>,100,13,[14  3],101,-1,449,-1,436
1,<environment.Job instance at 0x7f1ba2151870>,102,14,[ 2 12],103,-1,456,-1,442
1,<environment.Job instance at 0x7f1ba21514b0>,104,21,[ 3 14],105,-1,469,-1,448
1,<environment.Job instance at 0x7f1ba21590a0>,106,23,[3 9],107,-1,471,-1,448
1,<environment.Job instance at 0x7f1ba21594b0>,108,25,[ 1 14],109,-1,482,-1,457
1,<environment.Job instance at 0x7f1ba1fa6d20>,6,12,[3 5],7,-1,22,-1,10
1,<environment.Job instance at 0x7f1ba1fa6550>,9,15,[9 3],10,-1,30,-1,15
1,<environment.Job instance at 0x7f1ba1fa6d70>,10,2,[3 9],11,-1,17,-1,15
1,<environment.Job instance at 0x7f1ba1fa60f0>,11,18,[ 1 13],12,-1,33,-1,15
1,<environment.Job instance at 0x7f1ba1fa6820>,12,22,[6 2],13,-1,37,-1,15
1,<environment.Job instance at 0x7f1ba1fa6640>,13,16,[ 4 14],14,-1,31,-1,15
1,<environment.Job instance at 0x7f1ba1fa6500>,14,15,[11  3],15,-1,30,-1,15
1,<environment.Job instance at 0x7f1ba1fa6a50>,15,15,[ 1 10],16,-1,31,-1,16
1,<environment.Job instance at 0x7f1ba290c190>,16,22,[1 8],17,-1,40,-1,18
1,<environment.Job instance at 0x7f1ba1fa6230>,17,23,[3 5],18,-1,41,-1,18
1,<environment.Job instance at 0x7f1ba290cdc0>,18,17,[12  3],19,-1,36,-1,19
1,<environment.Job instance at 0x7f1ba290c5a0>,20,13,[13  2],21,-1,34,-1,21
1,<environment.Job instance at 0x7f1ba290c280>,21,13,[4 8],22,-1,39,-1,26
1,<environment.Job instance at 0x7f1ba290cd70>,22,14,[1 6],23,-1,40,-1,26
1,<environment.Job instance at 0x7f1ba290c370>,23,21,[7 4],24,-1,49,-1,28
1,<environment.Job instance at 0x7f1ba290cb90>,24,22,[10  1],25,-1,50,-1,28
1,<environment.Job instance at 0x7f1ba290ca50>,26,13,[1 6],27,-1,45,-1,32
1,<environment.Job instance at 0x7f1ba290c730>,27,17,[11  4],28,-1,49,-1,32
1,<environment.Job instance at 0x7f1ba290c870>,28,18,[ 1 11],29,-1,50,-1,32
1,<environment.Job instance at 0x7f1ba290cd20>,29,12,[9 1],30,-1,44,-1,32
1,<environment.Job instance at 0x7f1ba2394a00>,30,26,[5 7],31,-1,58,-1,32
1,<environment.Job instance at 0x7f1ba2394f50>,31,16,[ 2 10],32,-1,48,-1,32
1,<environment.Job instance at 0x7f1ba2394f00>,33,15,[10  1],34,-1,51,-1,36
1,<environment.Job instance at 0x7f1ba2394780>,35,25,[1 6],36,-1,70,-1,45
1,<environment.Job instance at 0x7f1ba23940a0>,36,12,[10  3],37,-1,57,-1,45
1,<environment.Job instance at 0x7f1ba23944b0>,37,15,[1 7],38,-1,61,-1,46
1,<environment.Job instance at 0x7f1ba2394fa0>,39,27,[5 9],40,-1,73,-1,46
1,<environment.Job instance at 0x7f1ba2394cd0>,40,16,[8 1],41,-1,63,-1,47
1,<environment.Job instance at 0x7f1ba23948c0>,41,12,[8 3],42,-1,59,-1,47
1,<environment.Job instance at 0x7f1ba2394af0>,42,26,[ 1 12],43,-1,73,-1,47
1,<environment.Job instance at 0x7f1ba2394690>,43,28,[ 3 14],44,-1,75,-1,47
1,<environment.Job instance at 0x7f1ba2394230>,44,16,[4 7],45,-1,66,-1,50
1,<environment.Job instance at 0x7f1ba2394320>,46,13,[1 6],47,-1,73,-1,60
1,<environment.Job instance at 0x7f1ba23946e0>,47,20,[12  1],48,-1,80,-1,60
1,<environment.Job instance at 0x7f1ba2394370>,48,24,[ 5 13],49,-1,84,-1,60
1,<environment.Job instance at 0x7f1ba2394550>,49,23,[8 5],50,-1,83,-1,60
1,<environment.Job instance at 0x7f1ba239f730>,50,28,[4 9],51,-1,88,-1,60
1,<environment.Job instance at 0x7f1ba239f4b0>,51,24,[ 5 13],52,-1,84,-1,60
1,<environment.Job instance at 0x7f1ba239f050>,54,15,[ 3 13],55,-1,94,-1,79
1,<environment.Job instance at 0x7f1ba239f6e0>,55,25,[7 4],56,-1,104,-1,79
1,<environment.Job instance at 0x7f1ba239feb0>,57,14,[7 3],58,-1,93,-1,79
1,<environment.Job instance at 0x7f1ba239fc80>,58,25,[14  3],59,-1,104,-1,79
1,<environment.Job instance at 0x7f1ba239f410>,59,27,[14  3],60,-1,106,-1,79
1,<environment.Job instance at 0x7f1ba239f370>,60,18,[1 9],61,-1,97,-1,79
1,<environment.Job instance at 0x7f1ba239fd20>,61,14,[7 5],62,-1,93,-1,79
1,<environment.Job instance at 0x7f1ba239f690>,62,16,[2 6],63,-1,95,-1,79
1,<environment.Job instance at 0x7f1ba239fa00>,63,15,[10  2],64,-1,94,-1,79
1,<environment.Job instance at 0x7f1ba239f5f0>,64,14,[8 5],65,-1,93,-1,79
1,<environment.Job instance at 0x7f1ba2bb08c0>,65,15,[11  3],66,-1,94,-1,79
1,<environment.Job instance at 0x7f1ba2bb0230>,66,28,[4 7],67,-1,107,-1,79
1,<environment.Job instance at 0x7f1ba2bb0e10>,67,13,[5 9],68,-1,92,-1,79
1,<environment.Job instance at 0x7f1ba2bb0870>,68,3,[ 4 13],69,-1,82,-1,79
1,<environment.Job instance at 0x7f1ba2bb0c30>,70,14,[4 6],71,-1,106,-1,92
1,<environment.Job instance at 0x7f1ba2bb0b40>,71,12,[13  1],72,-1,104,-1,92
1,<environment.Job instance at 0x7f1ba2bb0d70>,72,13,[5 9],73,-1,105,-1,92
1,<environment.Job instance at 0x7f1ba2bb0460>,73,13,[ 4 13],74,-1,105,-1,92
1,<environment.Job instance at 0x7f1ba2bb0410>,74,18,[11  5],75,-1,110,-1,92
1,<environment.Job instance at 0x7f1ba2bb07d0>,75,15,[5 1],76,-1,107,-1,92
1,<environment.Job instance at 0x7f1ba2bb00a0>,77,24,[10  4],78,-1,116,-1,92
1,<environment.Job instance at 0x7f1ba2bb0be0>,78,25,[5 1],79,-1,117,-1,92
1,<environment.Job instance at 0x7f1ba2bb0960>,79,17,[1 8],80,-1,115,-1,98
1,<environment.Job instance at 0x7f1ba2bb0280>,80,13,[ 5 13],81,-1,111,-1,98
1,<environment.Job instance at 0x7f1ba2bb0370>,83,23,[7 5],84,-1,133,-1,110
1,<environment.Job instance at 0x7f1ba2bb0640>,84,26,[ 5 13],85,-1,136,-1,110
1,<environment.Job instance at 0x7f1ba2bb00f0>,85,17,[ 2 10],86,-1,127,-1,110
1,<environment.Job instance at 0x7f1ba2358dc0>,86,16,[7 1],87,-1,126,-1,110
1,<environment.Job instance at 0x7f1ba23588c0>,87,17,[3 8],88,-1,127,-1,110
1,<environment.Job instance at 0x7f1ba23584b0>,88,23,[3 5],89,-1,133,-1,110
1,<environment.Job instance at 0x7f1ba2358730>,91,23,[5 3],92,-1,163,-1,140
1,<environment.Job instance at 0x7f1ba377abe0>,93,17,[5 1],94,-1,175,-1,158
1,<environment.Job instance at 0x7f1ba377aeb0>,94,27,[5 6],95,-1,185,-1,158
1,<environment.Job instance at 0x7f1ba377af50>,97,26,[ 2 12],98,-1,199,-1,173
1,<environment.Job instance at 0x7f1ba377a960>,99,3,[ 2 11],100,-1,176,-1,173
1,<environment.Job instance at 0x7f1ba377aa00>,101,16,[14  5],102,-1,200,-1,184
1,<environment.Job instance at 0x7f1ba377a9b0>,102,24,[5 1],103,-1,208,-1,184
1,<environment.Job instance at 0x7f1ba377ac80>,103,17,[ 5 12],104,-1,201,-1,184
1,<environment.Job instance at 0x7f1ba377a410>,105,12,[5 1],106,-1,202,-1,190
1,<environment.Job instance at 0x7f1ba377a280>,106,1,[5 8],107,-1,191,-1,190
1,<environment.Job instance at 0x7f1ba239fb40>,53,15,[ 2 12],54,-1,3914,-1,3899
1,<environment.Job instance at 0x7f1ba33b7320>,6,1,[6 2],7,-1,9,-1,8
1,<environment.Job instance at 0x7f1ba2bfd3c0>,8,12,[12  2],9,-1,21,-1,9
1,<environment.Job instance at 0x7f1ba2bfd5f0>,9,14,[8 5],10,-1,25,-1,11
1,<environment.Job instance at 0x7f1ba2bf3190>,12,19,[ 4 10],13,-1,32,-1,13
1,<environment.Job instance at 0x7f1ba2bf32d0>,13,14,[ 2 11],14,-1,28,-1,14
1,<environment.Job instance at 0x7f1ba2bf3230>,14,12,[9 4],15,-1,27,-1,15
1,<environment.Job instance at 0x7f1ba2bf33c0>,15,22,[7 1],16,-1,38,-1,16
1,<environment.Job instance at 0x7f1ba2bf3460>,16,12,[3 5],17,-1,29,-1,17
1,<environment.Job instance at 0x7f1ba2bf3500>,17,25,[1 7],18,-1,43,-1,18
1,<environment.Job instance at 0x7f1ba2bf35a0>,18,12,[3 5],19,-1,31,-1,19
1,<environment.Job instance at 0x7f1ba2bf3640>,19,25,[6 4],20,-1,45,-1,20
1,<environment.Job instance at 0x7f1ba2bf36e0>,20,25,[14  3],21,-1,46,-1,21
1,<environment.Job instance at 0x7f1ba2bf3780>,21,27,[8 1],22,-1,49,-1,22
1,<environment.Job instance at 0x7f1ba2bf3820>,22,12,[7 5],23,-1,35,-1,23
1,<environment.Job instance at 0x7f1ba2bf38c0>,23,20,[ 3 12],24,-1,44,-1,24
1,<environment.Job instance at 0x7f1ba2bf3960>,24,2,[1 8],25,-1,27,-1,25
1,<environment.Job instance at 0x7f1ba2bf3a00>,25,23,[5 2],26,-1,49,-1,26
1,<environment.Job instance at 0x7f1ba2bf3aa0>,26,23,[1 6],27,-1,50,-1,27
1,<environment.Job instance at 0x7f1ba2bf3b40>,27,23,[10  4],28,-1,51,-1,28
1,<environment.Job instance at 0x7f1ba2bf3be0>,28,18,[5 2],29,-1,47,-1,29
1,<environment.Job instance at 0x7f1ba2bf3c80>,29,21,[ 2 10],30,-1,51,-1,30
1,<environment.Job instance at 0x7f1ba2bf3d20>,30,28,[8 5],31,-1,59,-1,31
1,<environment.Job instance at 0x7f1ba2bf3dc0>,31,13,[9 4],32,-1,45,-1,32
1,<environment.Job instance at 0x7f1ba2bf3e60>,32,16,[ 3 10],33,-1,49,-1,33
1,<environment.Job instance at 0x7f1ba2bf3f00>,33,2,[10  3],34,-1,36,-1,34
1,<environment.Job instance at 0x7f1ba2c260a0>,35,14,[10  1],36,-1,50,-1,36
1,<environment.Job instance at 0x7f1ba2c26230>,36,26,[ 5 10],37,-1,63,-1,37
1,<environment.Job instance at 0x7f1ba2c26140>,37,14,[3 7],38,-1,52,-1,38
1,<environment.Job instance at 0x7f1ba2c262d0>,38,16,[12  4],39,-1,55,-1,39
1,<environment.Job instance at 0x7f1ba2c26690>,43,19,[ 1 11],44,-1,88,-1,69
1,<environment.Job instance at 0x7f1ba2c26730>,44,26,[5 3],45,-1,95,-1,69
1,<environment.Job instance at 0x7f1ba2c267d0>,45,27,[6 1],46,-1,96,-1,69
1,<environment.Job instance at 0x7f1ba2c26910>,47,13,[11  3],48,-1,84,-1,71
1,<environment.Job instance at 0x7f1ba2c269b0>,48,20,[9 1],49,-1,91,-1,71
1,<environment.Job instance at 0x7f1ba2c26a50>,49,14,[7 1],50,-1,86,-1,72
1,<environment.Job instance at 0x7f1ba2c26af0>,50,14,[ 2 11],51,-1,86,-1,72
1,<environment.Job instance at 0x7f1ba2c26c30>,52,17,[13  2],53,-1,102,-1,85
1,<environment.Job instance at 0x7f1ba2c26cd0>,53,20,[ 1 13],54,-1,105,-1,85
1,<environment.Job instance at 0x7f1ba2c26d70>,54,18,[11  2],55,-1,103,-1,85
1,<environment.Job instance at 0x7f1ba2c26e10>,55,26,[12  4],56,-1,111,-1,85
1,<environment.Job instance at 0x7f1ba2c265f0>,56,14,[11  2],57,-1,99,-1,85
1,<environment.Job instance at 0x7f1ba2c26500>,58,18,[1 7],59,-1,104,-1,86
1,<environment.Job instance at 0x7f1ba2c0a140>,59,13,[ 1 13],60,-1,99,-1,86
1,<environment.Job instance at 0x7f1ba2c0a280>,61,17,[ 4 10],62,-1,103,-1,86
1,<environment.Job instance at 0x7f1ba2c0a320>,62,1,[6 3],63,-1,87,-1,86
1,<environment.Job instance at 0x7f1ba2c0a3c0>,63,2,[ 4 11],64,-1,88,-1,86
1,<environment.Job instance at 0x7f1ba2c0a460>,64,23,[ 2 11],65,-1,109,-1,86
1,<environment.Job instance at 0x7f1ba2c0a5a0>,66,22,[8 4],67,-1,125,-1,103
1,<environment.Job instance at 0x7f1ba2c0a6e0>,68,17,[10  1],69,-1,124,-1,107
1,<environment.Job instance at 0x7f1ba2c0a0f0>,69,13,[6 1],70,-1,120,-1,107
1,<environment.Job instance at 0x7f1ba2c0a9b0>,70,12,[ 4 10],71,-1,119,-1,107
1,<environment.Job instance at 0x7f1ba2c0aaf0>,72,16,[11  2],73,-1,133,-1,117
1,<environment.Job instance at 0x7f1ba2c0ab90>,74,17,[13  2],75,-1,135,-1,118
1,<environment.Job instance at 0x7f1ba2c0acd0>,76,1,[10  5],77,-1,119,-1,118
1,<environment.Job instance at 0x7f1ba2715dc0>,77,21,[3 7],78,-1,139,-1,118
1,<environment.Job instance at 0x7f1ba2708d20>,78,26,[2 5],79,-1,144,-1,118
1,<environment.Job instance at 0x7f1ba2bfe460>,79,28,[4 8],80,-1,146,-1,118
1,<environment.Job instance at 0x7f1ba2c1b4b0>,80,28,[1 5],81,-1,146,-1,118
1,<environment.Job instance at 0x7f1ba2c1be60>,81,1,[9 5],82,-1,119,-1,118
1,<environment.Job instance at 0x7f1ba2c1b8c0>,82,14,[ 5 11],83,-1,132,-1,118
1,<environment.Job instance at 0x7f1ba2c1bc30>,83,13,[12  1],84,-1,131,-1,118
1,<environment.Job instance at 0x7f1ba2c1bb90>,84,20,[8 1],85,-1,138,-1,118
1,<environment.Job instance at 0x7f1ba2c1b6e0>,87,28,[ 1 10],88,-1,168,-1,140
1,<environment.Job instance at 0x7f1ba2c1b370>,89,15,[ 3 12],90,-1,155,-1,140
1,<environment.Job instance at 0x7f1ba2c1b550>,90,19,[ 5 10],91,-1,160,-1,141
1,<environment.Job instance at 0x7f1ba2c1b640>,91,26,[9 3],92,-1,167,-1,141
1,<environment.Job instance at 0x7f1ba2c1ba50>,92,24,[1 7],93,-1,165,-1,141
1,<environment.Job instance at 0x7f1ba212e6e0>,93,26,[4 7],94,-1,167,-1,141
1,<environment.Job instance at 0x7f1ba241feb0>,94,15,[14  1],95,-1,156,-1,141
1,<environment.Job instance at 0x7f1ba36fdeb0>,95,25,[5 6],96,-1,166,-1,141
1,<environment.Job instance at 0x7f1ba36ce320>,96,28,[1 5],97,-1,169,-1,141
1,<environment.Job instance at 0x7f1ba23ebb40>,97,17,[14  1],98,-1,158,-1,141
1,<environment.Job instance at 0x7f1ba2138640>,99,14,[11  3],100,-1,175,-1,161
1,<environment.Job instance at 0x7f1ba36d9cd0>,100,22,[11  4],101,-1,183,-1,161
1,<environment.Job instance at 0x7f1ba2138b40>,101,14,[ 4 14],102,-1,175,-1,161
1,<environment.Job instance at 0x7f1ba21389b0>,102,17,[ 1 11],103,-1,178,-1,161
1,<environment.Job instance at 0x7f1ba314a230>,104,23,[9 5],105,-1,205,-1,182
1,<environment.Job instance at 0x7f1ba24024b0>,105,23,[ 5 14],106,-1,205,-1,182
1,<environment.Job instance at 0x7f1ba21d0500>,108,12,[13  4],109,-1,194,-1,182
1,<environment.Job instance at 0x7f1ba2f915a0>,6,13,[12  1],7,-1,20,-1,7
1,<environment.Job instance at 0x7f1ba2106410>,22,18,[ 1 13],23,-1,126,-1,108
1,<environment.Job instance at 0x7f1ba2106eb0>,29,14,[ 5 12],30,-1,160,-1,146
1,<environment.Job instance at 0x7f1ba2106910>,32,28,[ 1 12],33,-1,207,-1,179
1,<environment.Job instance at 0x7f1ba3898c80>,39,12,[10  1],40,-1,231,-1,219
1,<environment.Job instance at 0x7f1ba2661960>,65,23,[5 9],66,-1,483,-1,460
1,<environment.Job instance at 0x7f1ba2661be0>,66,23,[9 5],67,-1,483,-1,460
1,<environment.Job instance at 0x7f1ba2661870>,68,26,[ 4 12],69,-1,501,-1,475
1,<environment.Job instance at 0x7f1ba26617d0>,69,1,[ 2 14],70,-1,476,-1,475
1,<environment.Job instance at 0x7f1ba26613c0>,70,25,[12  5],71,-1,500,-1,475
1,<environment.Job instance at 0x7f1ba2661a00>,73,17,[13  3],74,-1,510,-1,493
1,<environment.Job instance at 0x7f1ba2661690>,74,20,[ 4 11],75,-1,513,-1,493
1,<environment.Job instance at 0x7f1ba210a640>,77,25,[8 5],78,-1,526,-1,501
1,<environment.Job instance at 0x7f1ba210a7d0>,78,18,[11  3],79,-1,534,-1,516
1,<environment.Job instance at 0x7f1ba210acd0>,80,22,[10  4],81,-1,540,-1,518
1,<environment.Job instance at 0x7f1ba210aa50>,81,14,[ 4 13],82,-1,532,-1,518
1,<environment.Job instance at 0x7f1ba30ad5f0>,88,25,[11  1],89,-1,611,-1,586
1,<environment.Job instance at 0x7f1ba30ad190>,91,12,[12  1],92,-1,607,-1,595
1,<environment.Job instance at 0x7f1ba30adc30>,95,13,[ 3 13],96,-1,628,-1,615
1,<environment.Job instance at 0x7f1ba30addc0>,96,28,[11  1],97,-1,643,-1,615
1,<environment.Job instance at 0x7f1ba30d33c0>,97,18,[ 4 11],98,-1,633,-1,615
1,<environment.Job instance at 0x7f1ba30d3eb0>,100,18,[12  3],101,-1,650,-1,632
1,<environment.Job instance at 0x7f1ba21b60a0>,107,1,[1 7],108,-1,703,-1,702
1,<environment.Job instance at 0x7f1ba2160c30>,1,24,[5 3],2,-1,26,-1,2
1,<environment.Job instance at 0x7f1ba2106be0>,4,19,[12  3],5,-1,24,-1,5
1,<environment.Job instance at 0x7f1ba3375cd0>,5,25,[2 6],6,-1,31,-1,6
1,<environment.Job instance at 0x7f1ba346c1e0>,8,28,[4 6],9,-1,37,-1,9
1,<environment.Job instance at 0x7f1ba2230be0>,10,18,[11  5],11,-1,31,-1,13
1,<environment.Job instance at 0x7f1ba2299780>,14,28,[4 7],15,-1,43,-1,15
1,<environment.Job instance at 0x7f1ba22992d0>,16,24,[11  4],17,-1,41,-1,17
1,<environment.Job instance at 0x7f1ba2299410>,17,3,[7 3],18,-1,21,-1,18
1,<environment.Job instance at 0x7f1ba2299820>,20,24,[9 4],21,-1,61,-1,37
1,<environment.Job instance at 0x7f1ba2561870>,23,16,[ 1 12],24,-1,62,-1,46
1,<environment.Job instance at 0x7f1ba2561140>,25,12,[ 2 12],26,-1,70,-1,58
1,<environment.Job instance at 0x7f1ba25613c0>,30,17,[ 3 14],31,-1,102,-1,85
1,<environment.Job instance at 0x7f1ba2561550>,31,16,[12  1],32,-1,101,-1,85
1,<environment.Job instance at 0x7f1ba30133c0>,33,17,[13  3],34,-1,113,-1,96
1,<environment.Job instance at 0x7f1ba3013050>,38,12,[ 3 11],39,-1,138,-1,126
1,<environment.Job instance at 0x7f1ba30132d0>,39,27,[13  4],40,-1,153,-1,126
1,<environment.Job instance at 0x7f1ba3013b90>,40,15,[ 3 14],41,-1,141,-1,126
1,<environment.Job instance at 0x7f1ba1f4e730>,43,14,[13  2],44,-1,155,-1,141
1,<environment.Job instance at 0x7f1ba1f4e0a0>,45,27,[3 8],46,-1,175,-1,148
1,<environment.Job instance at 0x7f1ba2b580a0>,47,3,[5 1],48,-1,159,-1,156
1,<environment.Job instance at 0x7f1ba2b58050>,48,15,[ 4 12],49,-1,171,-1,156
1,<environment.Job instance at 0x7f1ba2b58d70>,51,3,[7 3],52,-1,172,-1,169
1,<environment.Job instance at 0x7f1ba2b583c0>,52,19,[14  4],53,-1,188,-1,169
1,<environment.Job instance at 0x7f1ba2b582d0>,54,26,[ 2 10],55,-1,208,-1,182
1,<environment.Job instance at 0x7f1ba2b58b90>,55,1,[6 2],56,-1,183,-1,182
1,<environment.Job instance at 0x7f1ba2b58a50>,57,17,[14  4],58,-1,204,-1,187
1,<environment.Job instance at 0x7f1ba2b46690>,58,3,[14  4],59,-1,190,-1,187
1,<environment.Job instance at 0x7f1ba2d145f0>,60,14,[12  5],61,-1,209,-1,195
1,<environment.Job instance at 0x7f1ba300d410>,61,2,[2 7],62,-1,197,-1,195
1,<environment.Job instance at 0x7f1ba2b56c80>,64,2,[2 5],65,-1,214,-1,212
1,<environment.Job instance at 0x7f1ba3037fa0>,65,22,[14  4],66,-1,234,-1,212
1,<environment.Job instance at 0x7f1ba37f1a50>,66,16,[14  2],67,-1,228,-1,212
1,<environment.Job instance at 0x7f1ba1f40af0>,69,2,[ 2 11],70,-1,214,-1,212
1,<environment.Job instance at 0x7f1ba3037410>,71,3,[7 5],72,-1,216,-1,213
1,<environment.Job instance at 0x7f1ba2c448c0>,73,23,[14  5],74,-1,250,-1,227
1,<environment.Job instance at 0x7f1ba2e824b0>,78,14,[12  4],79,-1,267,-1,253
1,<environment.Job instance at 0x7f1ba2e82370>,79,3,[1 6],80,-1,256,-1,253
1,<environment.Job instance at 0x7f1ba273df50>,80,25,[ 4 10],81,-1,278,-1,253
1,<environment.Job instance at 0x7f1ba273df00>,81,22,[9 1],82,-1,293,-1,271
1,<environment.Job instance at 0x7f1ba2514f00>,83,1,[6 5],84,-1,272,-1,271
1,<environment.Job instance at 0x7f1ba25142d0>,84,14,[ 2 11],85,-1,285,-1,271
1,<environment.Job instance at 0x7f1ba2c95280>,85,18,[ 2 11],86,-1,289,-1,271
1,<environment.Job instance at 0x7f1ba2514550>,86,18,[12  3],87,-1,289,-1,271
1,<environment.Job instance at 0x7f1ba2c95690>,87,19,[ 2 12],88,-1,290,-1,271
1,<environment.Job instance at 0x7f1ba1f4b4b0>,90,17,[ 5 14],91,-1,288,-1,271
1,<environment.Job instance at 0x7f1ba1f4b9b0>,91,25,[ 1 11],92,-1,296,-1,271
1,<environment.Job instance at 0x7f1ba1f4bf50>,92,1,[3 7],93,-1,272,-1,271
1,<environment.Job instance at 0x7f1ba1f4bf00>,95,23,[8 4],96,-1,309,-1,286
1,<environment.Job instance at 0x7f1ba1f4c5f0>,96,12,[12  1],97,-1,298,-1,286
1,<environment.Job instance at 0x7f1ba1f4cfa0>,97,17,[ 4 11],98,-1,303,-1,286
1,<environment.Job instance at 0x7f1ba230ddc0>,100,25,[5 1],101,-1,329,-1,304
1,<environment.Job instance at 0x7f1ba1f2d5a0>,101,2,[14  3],102,-1,306,-1,304
1,<environment.Job instance at 0x7f1ba230d730>,102,27,[10  5],103,-1,331,-1,304
1,<environment.Job instance at 0x7f1ba282f500>,107,18,[ 1 13],108,-1,357,-1,339
1,<environment.Job instance at 0x7f1ba282fcd0>,108,26,[ 1 12],109,-1,365,-1,339
1,<environment.Job instance at 0x7f1ba2299870>,3,17,[14  4],4,-1,21,-1,4
1,<environment.Job instance at 0x7f1ba294d640>,4,17,[12  2],5,-1,22,-1,5
1,<environment.Job instance at 0x7f1ba294d870>,5,17,[ 2 13],6,-1,23,-1,6
1,<environment.Job instance at 0x7f1ba294daa0>,7,26,[ 3 14],8,-1,34,-1,8
1,<environment.Job instance at 0x7f1ba294d3c0>,9,26,[1 5],10,-1,37,-1,11
1,<environment.Job instance at 0x7f1ba294dcd0>,11,18,[11  2],12,-1,30,-1,12
1,<environment.Job instance at 0x7f1ba294daf0>,12,15,[11  1],13,-1,28,-1,13
1,<environment.Job instance at 0x7f1ba23b8870>,14,23,[7 1],15,-1,38,-1,15
1,<environment.Job instance at 0x7f1ba23b8780>,15,12,[ 4 13],16,-1,28,-1,16
1,<environment.Job instance at 0x7f1ba3573910>,18,27,[ 3 12],19,-1,49,-1,22
1,<environment.Job instance at 0x7f1ba334a460>,19,24,[7 1],20,-1,46,-1,22
1,<environment.Job instance at 0x7f1ba286f410>,21,2,[ 2 12],22,-1,24,-1,22
1,<environment.Job instance at 0x7f1babf61460>,22,13,[ 3 11],23,-1,36,-1,23
1,<environment.Job instance at 0x7f1ba24f4b90>,26,15,[13  1],27,-1,54,-1,39
1,<environment.Job instance at 0x7f1ba33b7280>,30,17,[12  4],31,-1,83,-1,66
1,<environment.Job instance at 0x7f1ba2f46d70>,32,2,[12  3],33,-1,86,-1,84
1,<environment.Job instance at 0x7f1ba2f46aa0>,36,19,[14  5],37,-1,119,-1,100
1,<environment.Job instance at 0x7f1ba2f72320>,38,24,[ 5 12],39,-1,134,-1,110
1,<environment.Job instance at 0x7f1ba2b48fa0>,39,25,[9 4],40,-1,135,-1,110
1,<environment.Job instance at 0x7f1ba2b4a0f0>,44,15,[14  5],45,-1,153,-1,138
1,<environment.Job instance at 0x7f1ba2b3a780>,49,20,[ 4 14],50,-1,181,-1,161
1,<environment.Job instance at 0x7f1ba2b3afa0>,50,17,[14  1],51,-1,178,-1,161
1,<environment.Job instance at 0x7f1ba2f78690>,51,16,[13  2],52,-1,177,-1,161
1,<environment.Job instance at 0x7f1ba209a7d0>,53,2,[6 2],54,-1,171,-1,169
1,<environment.Job instance at 0x7f1ba209ae60>,55,2,[ 1 12],56,-1,177,-1,175
1,<environment.Job instance at 0x7f1ba209a460>,57,20,[ 1 13],58,-1,207,-1,187
1,<environment.Job instance at 0x7f1ba209a730>,59,23,[ 3 11],60,-1,210,-1,187
1,<environment.Job instance at 0x7f1ba209a640>,61,16,[ 1 14],62,-1,219,-1,203
1,<environment.Job instance at 0x7f1ba209a960>,63,17,[12  2],64,-1,225,-1,208
1,<environment.Job instance at 0x7f1ba209cb40>,65,17,[ 1 13],66,-1,233,-1,216
1,<environment.Job instance at 0x7f1ba209c640>,66,3,[10  5],67,-1,219,-1,216
1,<environment.Job instance at 0x7f1ba209c870>,69,25,[5 5],70,-1,252,-1,227
1,<environment.Job instance at 0x7f1ba209c1e0>,70,13,[ 4 14],71,-1,240,-1,227
1,<environment.Job instance at 0x7f1ba20a2190>,72,20,[ 2 11],73,-1,255,-1,235
1,<environment.Job instance at 0x7f1ba20722d0>,74,16,[ 1 13],75,-1,259,-1,243
1,<environment.Job instance at 0x7f1ba20724b0>,77,2,[2 7],78,-1,264,-1,262
1,<environment.Job instance at 0x7f1ba20725f0>,79,12,[ 3 13],80,-1,276,-1,264
1,<environment.Job instance at 0x7f1ba20727d0>,82,28,[13  1],83,-1,309,-1,281
1,<environment.Job instance at 0x7f1ba2072870>,83,18,[ 2 14],84,-1,299,-1,281
1,<environment.Job instance at 0x7f1ba2072b90>,89,15,[ 2 12],90,-1,343,-1,328
1,<environment.Job instance at 0x7f1ba2072c30>,90,3,[ 3 10],91,-1,331,-1,328
1,<environment.Job instance at 0x7f1ba2072d70>,92,21,[13  1],93,-1,353,-1,332
1,<environment.Job instance at 0x7f1ba2072f50>,95,3,[10  1],96,-1,368,-1,365
1,<environment.Job instance at 0x7f1ba2072fa0>,96,1,[ 1 11],97,-1,366,-1,365
1,<environment.Job instance at 0x7f1ba209d230>,99,15,[14  4],100,-1,391,-1,376
1,<environment.Job instance at 0x7f1ba209d320>,100,2,[10  3],101,-1,378,-1,376
1,<environment.Job instance at 0x7f1ba209d500>,102,27,[6 3],103,-1,403,-1,376
1,<environment.Job instance at 0x7f1ba209d640>,103,27,[ 3 11],104,-1,403,-1,376
1,<environment.Job instance at 0x7f1ba209d820>,106,17,[12  2],107,-1,409,-1,392
1,<environment.Job instance at 0x7f061f739320>,1,22,[11  3],2,-1,24,-1,2
1,<environment.Job instance at 0x7f061614da50>,3,18,[ 4 14],4,-1,22,-1,4
1,<environment.Job instance at 0x7f0616150050>,12,26,[ 1 12],13,-1,91,-1,65
1,<environment.Job instance at 0x7f0616150500>,17,28,[ 5 10],18,-1,129,-1,101
1,<environment.Job instance at 0x7f06161505a0>,18,18,[ 4 13],19,-1,120,-1,102
1,<environment.Job instance at 0x7f06161508c0>,23,27,[ 1 14],24,-1,154,-1,127
1,<environment.Job instance at 0x7f0616150be0>,28,25,[5 7],29,-1,219,-1,194
1,<environment.Job instance at 0x7f0616150c80>,29,25,[ 4 11],30,-1,219,-1,194
1,<environment.Job instance at 0x7f0616150d20>,30,22,[ 5 13],31,-1,216,-1,194
1,<environment.Job instance at 0x7f0616150dc0>,31,27,[4 8],32,-1,221,-1,194
1,<environment.Job instance at 0x7f0616150410>,33,12,[11  3],34,-1,206,-1,194
1,<environment.Job instance at 0x7f0616154230>,37,13,[ 3 14],38,-1,224,-1,211
1,<environment.Job instance at 0x7f06161542d0>,38,28,[ 2 12],39,-1,239,-1,211
1,<environment.Job instance at 0x7f0616154370>,39,20,[ 1 10],40,-1,236,-1,216
1,<environment.Job instance at 0x7f0616154410>,40,24,[5 6],41,-1,240,-1,216
1,<environment.Job instance at 0x7f0616154550>,42,27,[5 2],43,-1,253,-1,226
1,<environment.Job instance at 0x7f0616154870>,47,17,[12  2],48,-1,265,-1,248
1,<environment.Job instance at 0x7f0616154cd0>,53,27,[8 5],54,-1,328,-1,301
1,<environment.Job instance at 0x7f0616154e10>,55,13,[13  1],56,-1,322,-1,309
1,<environment.Job instance at 0x7f0616154eb0>,56,20,[ 3 10],57,-1,347,-1,327
1,<environment.Job instance at 0x7f0616156230>,61,23,[1 5],62,-1,385,-1,362
1,<environment.Job instance at 0x7f0616156410>,64,20,[10  2],65,-1,404,-1,384
1,<environment.Job instance at 0x7f06161595f0>,91,14,[ 2 13],92,-1,605,-1,591
1,<environment.Job instance at 0x7f0616159730>,93,22,[10  2],94,-1,659,-1,637
1,<environment.Job instance at 0x7f0616159af0>,99,12,[ 5 14],100,-1,649,-1,637
1,<environment.Job instance at 0x7f0616159d70>,101,12,[8 1],102,-1,664,-1,652
1,<environment.Job instance at 0x7f06161590a0>,102,27,[5 6],103,-1,679,-1,652
1,<environment.Job instance at 0x7f0616159e60>,103,24,[12  3],104,-1,676,-1,652
1,<environment.Job instance at 0x7f0616159f00>,104,22,[12  5],105,-1,674,-1,652
1,<environment.Job instance at 0x7f0616159c80>,105,18,[12  4],106,-1,670,-1,652
1,<environment.Job instance at 0x7f06161591e0>,106,17,[ 5 13],107,-1,669,-1,652
1,<environment.Job instance at 0x7f0616159be0>,107,23,[14  4],108,-1,675,-1,652
1,<environment.Job instance at 0x7f061615c1e0>,108,12,[ 3 10],109,-1,668,-1,656
1,<environment.Job instance at 0x7f061615c280>,109,21,[ 1 10],110,-1,702,-1,681
1,<environment.Job instance at 0x7f061615c460>,112,26,[ 5 12],113,-1,707,-1,681
1,<environment.Job instance at 0x7f061615c500>,113,2,[6 2],114,-1,683,-1,681
1,<environment.Job instance at 0x7f061615c5a0>,114,15,[12  1],115,-1,696,-1,681
1,<environment.Job instance at 0x7f061615c190>,115,14,[ 2 11],116,-1,695,-1,681
1,<environment.Job instance at 0x7f061615c730>,117,14,[ 1 12],118,-1,710,-1,696
1,<environment.Job instance at 0x7f061615c320>,3,24,[ 2 14],4,-1,28,-1,4
1,<environment.Job instance at 0x7f0615898870>,6,12,[13  4],7,-1,19,-1,7
1,<environment.Job instance at 0x7f0615898140>,7,1,[ 4 11],8,-1,9,-1,8
1,<environment.Job instance at 0x7f061588d1e0>,8,23,[ 2 14],9,-1,32,-1,9
1,<environment.Job instance at 0x7f061588d320>,9,2,[1 8],10,-1,13,-1,11
1,<environment.Job instance at 0x7f061588daa0>,11,22,[7 5],12,-1,37,-1,15
1,<environment.Job instance at 0x7f061588d9b0>,15,14,[ 2 10],16,-1,32,-1,18
1,<environment.Job instance at 0x7f061588daf0>,16,19,[11  3],17,-1,37,-1,18
1,<environment.Job instance at 0x7f0615896d70>,17,20,[14  5],18,-1,38,-1,18
1,<environment.Job instance at 0x7f0615896f50>,19,3,[ 1 12],20,-1,28,-1,25
1,<environment.Job instance at 0x7f0615896af0>,20,16,[ 2 14],21,-1,41,-1,25
1,<environment.Job instance at 0x7f0615896910>,22,22,[4 8],23,-1,50,-1,28
1,<environment.Job instance at 0x7f06158967d0>,23,25,[6 1],24,-1,53,-1,28
1,<environment.Job instance at 0x7f0615896320>,24,20,[ 1 14],25,-1,48,-1,28
1,<environment.Job instance at 0x7f06158965a0>,25,13,[ 4 10],26,-1,41,-1,28
1,<environment.Job instance at 0x7f0615896870>,26,17,[14  2],27,-1,45,-1,28
1,<environment.Job instance at 0x7f06158962d0>,27,12,[4 8],28,-1,52,-1,40
1,<environment.Job instance at 0x7f0615892320>,29,23,[ 1 14],30,-1,63,-1,40
1,<environment.Job instance at 0x7f06158925a0>,31,14,[4 7],32,-1,70,-1,56
1,<environment.Job instance at 0x7f0615892960>,33,14,[5 2],34,-1,71,-1,57
1,<environment.Job instance at 0x7f06159aabe0>,34,22,[12  4],35,-1,79,-1,57
1,<environment.Job instance at 0x7f061597a1e0>,35,23,[1 7],36,-1,80,-1,57
1,<environment.Job instance at 0x7f061597a0a0>,36,17,[7 1],37,-1,75,-1,58
1,<environment.Job instance at 0x7f061597a0f0>,37,16,[ 2 14],38,-1,74,-1,58
1,<environment.Job instance at 0x7f061597a190>,40,25,[9 3],41,-1,110,-1,85
1,<environment.Job instance at 0x7f06159d12d0>,41,18,[1 9],42,-1,119,-1,101
1,<environment.Job instance at 0x7f06157139b0>,45,3,[10  1],46,-1,104,-1,101
1,<environment.Job instance at 0x7f06259d0f50>,46,3,[ 2 12],47,-1,104,-1,101
1,<environment.Job instance at 0x7f0615713be0>,47,21,[1 9],48,-1,122,-1,101
1,<environment.Job instance at 0x7f06157011e0>,48,15,[11  2],49,-1,116,-1,101
1,<environment.Job instance at 0x7f061570aaa0>,49,14,[11  3],50,-1,115,-1,101
1,<environment.Job instance at 0x7f061570ae60>,50,2,[9 5],51,-1,103,-1,101
1,<environment.Job instance at 0x7f061570ab90>,51,22,[2 9],52,-1,123,-1,101
1,<environment.Job instance at 0x7f061576c780>,54,19,[6 1],55,-1,160,-1,141
1,<environment.Job instance at 0x7f0615762a50>,57,21,[ 3 10],58,-1,162,-1,141
1,<environment.Job instance at 0x7f061576c2d0>,58,25,[14  4],59,-1,166,-1,141
1,<environment.Job instance at 0x7f0615762e10>,60,26,[10  5],61,-1,167,-1,141
1,<environment.Job instance at 0x7f0615744960>,65,13,[5 2],66,-1,169,-1,156
1,<environment.Job instance at 0x7f061573d0f0>,66,12,[5 9],67,-1,168,-1,156
1,<environment.Job instance at 0x7f0615762cd0>,67,27,[2 9],68,-1,183,-1,156
1,<environment.Job instance at 0x7f06158988c0>,98,17,[11  3],99,-1,427,-1,410
1,<environment.Job instance at 0x7f0615898050>,99,14,[ 1 10],100,-1,424,-1,410
1,<environment.Job instance at 0x7f0615898e60>,100,25,[6 2],101,-1,435,-1,410
1,<environment.Job instance at 0x7f06158980f0>,101,18,[12  4],102,-1,428,-1,410
1,<environment.Job instance at 0x7f06156e5870>,103,26,[11  5],104,-1,436,-1,410
1,<environment.Job instance at 0x7f06156e5190>,107,15,[13  5],108,-1,455,-1,440
1,<environment.Job instance at 0x7f06156e5050>,110,27,[14  3],111,-1,480,-1,453
1,<environment.Job instance at 0x7f06156e5e10>,112,26,[ 4 10],113,-1,484,-1,458
1,<environment.Job instance at 0x7f06156e5be0>,113,26,[8 3],114,-1,484,-1,458
1,<environment.Job instance at 0x7f06156e3f50>,114,16,[12  1],115,-1,474,-1,458
1,<environment.Job instance at 0x7f06156e5b40>,115,19,[ 2 13],116,-1,477,-1,458
1,<environment.Job instance at 0x7f06156e32d0>,116,22,[11  1],117,-1,480,-1,458
1,<environment.Job instance at 0x7f06156e3d70>,117,22,[ 1 13],118,-1,480,-1,458
1,<environment.Job instance at 0x7f06156e82d0>,3,24,[14  3],4,-1,28,-1,4
1,<environment.Job instance at 0x7f06156e85a0>,5,21,[12  3],6,-1,27,-1,6
1,<environment.Job instance at 0x7f06156e8fa0>,11,27,[ 4 13],12,-1,43,-1,16
1,<environment.Job instance at 0x7f0627271870>,13,12,[9 1],14,-1,64,-1,52
1,<environment.Job instance at 0x7f06157d4e60>,16,3,[9 1],17,-1,56,-1,53
1,<environment.Job instance at 0x7f06157d4280>,19,1,[5 4],20,-1,57,-1,56
1,<environment.Job instance at 0x7f06157d40f0>,20,25,[ 3 10],21,-1,81,-1,56
1,<environment.Job instance at 0x7f06157d4730>,21,1,[ 2 10],22,-1,57,-1,56
1,<environment.Job instance at 0x7f06157d4a50>,22,27,[3 9],23,-1,83,-1,56
1,<environment.Job instance at 0x7f06157d4050>,24,12,[13  2],25,-1,69,-1,57
1,<environment.Job instance at 0x7f06157d4320>,25,24,[1 5],26,-1,81,-1,57
1,<environment.Job instance at 0x7f06157d4410>,26,23,[3 6],27,-1,80,-1,57
1,<environment.Job instance at 0x7f06157d4190>,28,21,[8 3],29,-1,141,-1,120
1,<environment.Job instance at 0x7f06157d47d0>,32,12,[13  5],33,-1,132,-1,120
1,<environment.Job instance at 0x7f06156fb690>,33,17,[ 2 10],34,-1,137,-1,120
1,<environment.Job instance at 0x7f06156fbe10>,34,25,[1 5],35,-1,145,-1,120
1,<environment.Job instance at 0x7f06156fb460>,37,15,[ 2 14],38,-1,146,-1,131
1,<environment.Job instance at 0x7f06156fbc80>,40,14,[14  5],41,-1,168,-1,154
1,<environment.Job instance at 0x7f06156fb6e0>,41,13,[ 5 13],42,-1,167,-1,154
1,<environment.Job instance at 0x7f06156fb9b0>,44,18,[11  3],45,-1,183,-1,165
1,<environment.Job instance at 0x7f0615759820>,69,16,[11  1],70,-1,420,-1,404
1,<environment.Job instance at 0x7f06157599b0>,70,14,[14  2],71,-1,418,-1,404
1,<environment.Job instance at 0x7f0615759e10>,74,25,[2 8],75,-1,460,-1,435
1,<environment.Job instance at 0x7f0615759410>,79,22,[ 2 12],80,-1,494,-1,472
1,<environment.Job instance at 0x7f061574a9b0>,83,18,[12  1],84,-1,516,-1,498
1,<environment.Job instance at 0x7f061574a1e0>,85,2,[6 1],86,-1,504,-1,502
1,<environment.Job instance at 0x7f061574ad20>,86,25,[8 5],87,-1,527,-1,502
1,<environment.Job instance at 0x7f061574c7d0>,89,18,[ 2 14],90,-1,540,-1,522
1,<environment.Job instance at 0x7f061574c0a0>,90,24,[9 1],91,-1,546,-1,522
1,<environment.Job instance at 0x7f061574c230>,91,25,[7 1],92,-1,547,-1,522
1,<environment.Job instance at 0x7f061574ca50>,92,24,[12  5],93,-1,546,-1,522
1,<environment.Job instance at 0x7f061574c410>,93,23,[10  2],94,-1,545,-1,522
1,<environment.Job instance at 0x7f061574cfa0>,95,16,[ 5 12],96,-1,538,-1,522
1,<environment.Job instance at 0x7f061574c140>,96,27,[ 4 14],97,-1,549,-1,522
1,<environment.Job instance at 0x7f061574c5f0>,97,23,[2 9],98,-1,545,-1,522
1,<environment.Job instance at 0x7f061574e1e0>,99,15,[13  1],100,-1,547,-1,532
1,<environment.Job instance at 0x7f061574eaa0>,104,1,[13  4],105,-1,561,-1,560
1,<environment.Job instance at 0x7f061574e5a0>,105,16,[ 2 12],106,-1,576,-1,560
1,<environment.Job instance at 0x7f061574ef50>,106,12,[ 4 14],107,-1,572,-1,560
1,<environment.Job instance at 0x7f061574efa0>,110,23,[2 7],111,-1,607,-1,584
1,<environment.Job instance at 0x7f061574eb40>,111,12,[14  1],112,-1,596,-1,584
1,<environment.Job instance at 0x7f061574ecd0>,112,28,[1 7],113,-1,612,-1,584
1,<environment.Job instance at 0x7f0616209960>,5,25,[ 5 10],6,-1,31,-1,6
1,<environment.Job instance at 0x7f0615fd0140>,8,20,[14  4],9,-1,29,-1,9
1,<environment.Job instance at 0x7f0615fd0d20>,10,27,[ 4 10],11,-1,38,-1,11
1,<environment.Job instance at 0x7f0615fd0cd0>,11,25,[12  4],12,-1,37,-1,12
1,<environment.Job instance at 0x7f0615fd0dc0>,12,2,[5 7],13,-1,15,-1,13
1,<environment.Job instance at 0x7f0615fd0280>,13,27,[3 8],14,-1,41,-1,14
1,<environment.Job instance at 0x7f0615fd0190>,14,13,[11  5],15,-1,28,-1,15
1,<environment.Job instance at 0x7f0615fd03c0>,15,24,[8 4],16,-1,40,-1,16
1,<environment.Job instance at 0x7f0615fd0050>,17,2,[6 3],18,-1,20,-1,18
1,<environment.Job instance at 0x7f0615fd0820>,18,3,[13  2],19,-1,22,-1,19
1,<environment.Job instance at 0x7f0615fd0780>,23,1,[7 4],24,-1,36,-1,35
1,<environment.Job instance at 0x7f0615fd0230>,25,14,[12  3],26,-1,64,-1,50
1,<environment.Job instance at 0x7f0615fd0b90>,26,12,[ 5 14],27,-1,62,-1,50
1,<environment.Job instance at 0x7f0615fd0870>,30,26,[9 4],31,-1,108,-1,82
1,<environment.Job instance at 0x7f06161a4730>,34,22,[ 1 12],35,-1,120,-1,98
1,<environment.Job instance at 0x7f06161a42d0>,36,26,[ 3 12],37,-1,142,-1,116
1,<environment.Job instance at 0x7f06161a4eb0>,37,12,[ 2 14],38,-1,128,-1,116
1,<environment.Job instance at 0x7f06161a4140>,39,13,[ 1 10],40,-1,129,-1,116
1,<environment.Job instance at 0x7f06161a4370>,41,17,[ 1 14],42,-1,148,-1,131
1,<environment.Job instance at 0x7f06161fd960>,44,2,[ 1 13],45,-1,148,-1,146
1,<environment.Job instance at 0x7f06161fd050>,45,1,[13  1],46,-1,147,-1,146
1,<environment.Job instance at 0x7f06161fd8c0>,50,26,[ 1 11],51,-1,211,-1,185
1,<environment.Job instance at 0x7f06161fd7d0>,51,16,[14  5],52,-1,201,-1,185
1,<environment.Job instance at 0x7f06162383c0>,55,28,[10  3],56,-1,230,-1,202
1,<environment.Job instance at 0x7f0616238910>,60,25,[14  4],61,-1,253,-1,228
1,<environment.Job instance at 0x7f06162380f0>,63,3,[7 4],64,-1,247,-1,244
1,<environment.Job instance at 0x7f06162380a0>,65,3,[10  2],66,-1,256,-1,253
1,<environment.Job instance at 0x7f0616238c80>,66,24,[14  2],67,-1,277,-1,253
1,<environment.Job instance at 0x7f0616238cd0>,67,3,[ 5 11],68,-1,256,-1,253
1,<environment.Job instance at 0x7f0616238730>,68,2,[ 2 12],69,-1,255,-1,253
1,<environment.Job instance at 0x7f0616238b40>,69,23,[ 4 11],70,-1,276,-1,253
1,<environment.Job instance at 0x7f0616268370>,71,23,[ 3 13],72,-1,292,-1,269
1,<environment.Job instance at 0x7f0616268320>,74,24,[ 3 10],75,-1,308,-1,284
1,<environment.Job instance at 0x7f0616268e10>,79,14,[ 1 14],80,-1,316,-1,302
1,<environment.Job instance at 0x7f06162685a0>,80,25,[5 8],81,-1,327,-1,302
1,<environment.Job instance at 0x7f0616268f00>,81,27,[7 4],82,-1,329,-1,302
1,<environment.Job instance at 0x7f06161af4b0>,82,3,[2 7],83,-1,305,-1,302
1,<environment.Job instance at 0x7f06161aff00>,85,1,[ 1 10],86,-1,332,-1,331
1,<environment.Job instance at 0x7f06161af3c0>,86,16,[12  4],87,-1,347,-1,331
1,<environment.Job instance at 0x7f06161af780>,89,3,[9 2],90,-1,347,-1,344
1,<environment.Job instance at 0x7f06161af460>,91,18,[ 4 13],92,-1,378,-1,360
1,<environment.Job instance at 0x7f06161af820>,92,23,[11  2],93,-1,383,-1,360
1,<environment.Job instance at 0x7f06161af280>,93,12,[11  5],94,-1,372,-1,360
1,<environment.Job instance at 0x7f06161af870>,95,19,[14  4],96,-1,398,-1,379
1,<environment.Job instance at 0x7f061625bc30>,97,14,[ 5 11],98,-1,394,-1,380
1,<environment.Job instance at 0x7f061625b6e0>,100,18,[14  2],101,-1,430,-1,412
1,<environment.Job instance at 0x7f061625b9b0>,101,16,[ 5 11],102,-1,428,-1,412
1,<environment.Job instance at 0x7f061625b050>,102,15,[ 1 14],103,-1,427,-1,412
1,<environment.Job instance at 0x7f061625be10>,104,25,[3 8],105,-1,445,-1,420
1,<environment.Job instance at 0x7f061625b910>,105,28,[2 8],106,-1,453,-1,425
1,<environment.Job instance at 0x7f061625bbe0>,106,3,[ 5 14],107,-1,428,-1,425
1,<environment.Job instance at 0x7f061625b820>,107,27,[9 3],108,-1,452,-1,425
1,<environment.Job instance at 0x7f061625b460>,108,15,[13  3],109,-1,440,-1,425
1,<environment.Job instance at 0x7f0616222370>,110,12,[ 3 12],111,-1,443,-1,431
1,<environment.Job instance at 0x7f0616222a50>,111,16,[ 3 11],112,-1,447,-1,431
1,<environment.Job instance at 0x7f0616222c30>,115,12,[ 2 12],116,-1,460,-1,448
1,<environment.Job instance at 0x7f06162220f0>,116,27,[ 1 13],117,-1,475,-1,448
1,<environment.Job instance at 0x7f0615e32230>,3,24,[11  3],4,-1,28,-1,4
1,<environment.Job instance at 0x7f0615e45140>,4,18,[13  3],5,-1,24,-1,6
1,<environment.Job instance at 0x7f0615e45cd0>,12,24,[7 5],13,-1,37,-1,13
1,<environment.Job instance at 0x7f0615e45460>,13,20,[14  5],14,-1,34,-1,14
1,<environment.Job instance at 0x7f0615b7f9b0>,15,18,[14  1],16,-1,39,-1,21
1,<environment.Job instance at 0x7f0615e58820>,16,27,[5 5],17,-1,48,-1,21
1,<environment.Job instance at 0x7f0615e2ea50>,19,13,[14  1],20,-1,50,-1,37
1,<environment.Job instance at 0x7f0615e2e5a0>,21,17,[14  5],22,-1,60,-1,43
1,<environment.Job instance at 0x7f0615b91500>,26,17,[ 4 13],27,-1,91,-1,74
1,<environment.Job instance at 0x7f06165750f0>,28,26,[8 1],29,-1,103,-1,77
1,<environment.Job instance at 0x7f0615b65370>,30,2,[5 3],31,-1,98,-1,96
1,<environment.Job instance at 0x7f0615e2edc0>,32,17,[11  1],33,-1,113,-1,96
1,<environment.Job instance at 0x7f0615ab3960>,33,15,[ 4 11],34,-1,111,-1,96
1,<environment.Job instance at 0x7f0615b64fa0>,34,28,[6 1],35,-1,124,-1,96
1,<environment.Job instance at 0x7f061658a9b0>,38,3,[ 1 13],39,-1,133,-1,130
1,<environment.Job instance at 0x7f0615b7b730>,47,15,[13  1],48,-1,219,-1,204
1,<environment.Job instance at 0x7f0615b7b3c0>,48,14,[12  4],49,-1,218,-1,204
1,<environment.Job instance at 0x7f0615b7bdc0>,51,25,[ 3 14],52,-1,245,-1,220
1,<environment.Job instance at 0x7f0615b7b960>,52,14,[14  3],53,-1,234,-1,220
1,<environment.Job instance at 0x7f0615b7b690>,54,14,[ 5 14],55,-1,241,-1,227
1,<environment.Job instance at 0x7f0615b7b8c0>,59,24,[6 5],60,-1,291,-1,267
1,<environment.Job instance at 0x7f0615b9c5f0>,62,1,[ 4 14],63,-1,281,-1,280
1,<environment.Job instance at 0x7f0615b9c910>,63,25,[12  3],64,-1,305,-1,280
1,<environment.Job instance at 0x7f0615b804b0>,68,2,[ 5 14],69,-1,319,-1,317
1,<environment.Job instance at 0x7f0615b80190>,70,1,[ 5 14],71,-1,318,-1,317
1,<environment.Job instance at 0x7f061658dfa0>,72,26,[ 4 10],73,-1,351,-1,325
1,<environment.Job instance at 0x7f06165851e0>,73,2,[ 4 11],74,-1,327,-1,325
1,<environment.Job instance at 0x7f0616585320>,74,14,[ 5 12],75,-1,339,-1,325
1,<environment.Job instance at 0x7f0616585190>,75,24,[ 5 11],76,-1,349,-1,325
1,<environment.Job instance at 0x7f06165852d0>,76,25,[7 3],77,-1,354,-1,329
1,<environment.Job instance at 0x7f0616585730>,79,27,[1 5],80,-1,370,-1,343
1,<environment.Job instance at 0x7f0616585910>,82,17,[ 2 13],83,-1,383,-1,366
1,<environment.Job instance at 0x7f06165859b0>,83,27,[12  4],84,-1,393,-1,366
1,<environment.Job instance at 0x7f0616585c30>,87,12,[ 5 12],88,-1,396,-1,384
1,<environment.Job instance at 0x7f0616585cd0>,88,14,[14  1],89,-1,398,-1,384
1,<environment.Job instance at 0x7f0616585e10>,90,14,[12  4],91,-1,398,-1,384
1,<environment.Job instance at 0x7f0616585e60>,93,12,[14  4],94,-1,427,-1,415
1,<environment.Job instance at 0x7f0616585fa0>,95,25,[8 1],96,-1,455,-1,430
1,<environment.Job instance at 0x7f0615e36370>,97,21,[ 5 14],98,-1,451,-1,430
1,<environment.Job instance at 0x7f0615e364b0>,100,28,[2 8],101,-1,474,-1,446
1,<environment.Job instance at 0x7f0615e365f0>,102,27,[9 3],103,-1,487,-1,460
1,<environment.Job instance at 0x7f0615e36730>,104,2,[4 7],105,-1,462,-1,460
1,<environment.Job instance at 0x7f0615e367d0>,105,28,[ 1 13],106,-1,488,-1,460
1,<environment.Job instance at 0x7f0615e369b0>,108,2,[ 4 11],109,-1,491,-1,489
1,<environment.Job instance at 0x7f0615e36a50>,109,26,[9 4],110,-1,515,-1,489
1,<environment.Job instance at 0x7f0615e36af0>,110,28,[2 7],111,-1,517,-1,489
1,<environment.Job instance at 0x7f0615e36c30>,112,22,[ 5 14],113,-1,511,-1,489
1,<environment.Job instance at 0x7f0615e36cd0>,113,20,[14  1],114,-1,509,-1,489
1,<environment.Job instance at 0x7f0615e45b40>,4,26,[1 5],5,-1,35,-1,9
1,<environment.Job instance at 0x7f0616c89c30>,7,23,[ 4 10],8,-1,32,-1,9
1,<environment.Job instance at 0x7f0616c89640>,8,19,[14  3],9,-1,28,-1,9
1,<environment.Job instance at 0x7f0616c89690>,9,1,[3 7],10,-1,11,-1,10
1,<environment.Job instance at 0x7f0615ae86e0>,10,15,[11  4],11,-1,34,-1,19
1,<environment.Job instance at 0x7f0616c89f00>,12,2,[ 1 14],13,-1,21,-1,19
1,<environment.Job instance at 0x7f0615ae82d0>,13,12,[13  2],14,-1,31,-1,19
1,<environment.Job instance at 0x7f0615ae8f50>,15,15,[ 2 11],16,-1,38,-1,23
1,<environment.Job instance at 0x7f0615ae8960>,16,23,[7 4],17,-1,49,-1,26
1,<environment.Job instance at 0x7f0615ae85f0>,17,22,[9 4],18,-1,170,-1,148
1,<environment.Job instance at 0x7f0616564410>,30,16,[14  3],31,-1,164,-1,148
1,<environment.Job instance at 0x7f06165640f0>,31,20,[5 1],32,-1,168,-1,148
1,<environment.Job instance at 0x7f0616564eb0>,33,12,[7 2],34,-1,160,-1,148
1,<environment.Job instance at 0x7f0616564b90>,34,15,[10  3],35,-1,165,-1,150
1,<environment.Job instance at 0x7f0616564690>,35,20,[4 7],36,-1,170,-1,150
1,<environment.Job instance at 0x7f0616564be0>,36,21,[12  5],37,-1,171,-1,150
1,<environment.Job instance at 0x7f0616564730>,37,13,[9 4],38,-1,163,-1,150
1,<environment.Job instance at 0x7f0616564a00>,38,25,[6 1],39,-1,175,-1,150
1,<environment.Job instance at 0x7f0616564af0>,39,24,[11  4],40,-1,174,-1,150
1,<environment.Job instance at 0x7f0616564500>,41,27,[5 1],42,-1,187,-1,160
1,<environment.Job instance at 0x7f0616564f00>,43,17,[14  5],44,-1,186,-1,169
1,<environment.Job instance at 0x7f06165645f0>,46,25,[8 3],47,-1,201,-1,176
1,<environment.Job instance at 0x7f0616564550>,47,13,[13  1],48,-1,189,-1,176
1,<environment.Job instance at 0x7f0616564fa0>,48,16,[ 5 10],49,-1,197,-1,181
1,<environment.Job instance at 0x7f0616564c80>,51,19,[12  1],52,-1,216,-1,197
1,<environment.Job instance at 0x7f061653f910>,53,12,[4 6],54,-1,216,-1,204
1,<environment.Job instance at 0x7f061653fcd0>,55,13,[ 2 12],56,-1,227,-1,214
1,<environment.Job instance at 0x7f061653f0a0>,56,25,[ 5 10],57,-1,239,-1,214
1,<environment.Job instance at 0x7f061653f1e0>,57,26,[9 3],58,-1,240,-1,214
1,<environment.Job instance at 0x7f061653fc30>,58,26,[ 1 12],59,-1,240,-1,214
1,<environment.Job instance at 0x7f061653f550>,59,28,[3 6],60,-1,242,-1,214
1,<environment.Job instance at 0x7f061653f7d0>,60,2,[1 6],61,-1,216,-1,214
1,<environment.Job instance at 0x7f061653f320>,61,12,[11  1],62,-1,226,-1,214
1,<environment.Job instance at 0x7f061653f050>,63,15,[13  2],64,-1,229,-1,214
1,<environment.Job instance at 0x7f061653ffa0>,64,17,[12  3],65,-1,231,-1,214
1,<environment.Job instance at 0x7f061653f6e0>,65,2,[ 4 12],66,-1,216,-1,214
1,<environment.Job instance at 0x7f061653f780>,66,1,[10  1],67,-1,215,-1,214
1,<environment.Job instance at 0x7f061653f2d0>,67,28,[3 6],68,-1,242,-1,214
1,<environment.Job instance at 0x7f061653f0f0>,68,12,[6 2],69,-1,226,-1,214
1,<environment.Job instance at 0x7f061653a140>,69,19,[13  1],70,-1,233,-1,214
1,<environment.Job instance at 0x7f061653ad20>,70,16,[3 7],71,-1,235,-1,219
1,<environment.Job instance at 0x7f061653a960>,71,16,[1 9],72,-1,235,-1,219
1,<environment.Job instance at 0x7f061653aa50>,74,28,[6 5],75,-1,256,-1,228
1,<environment.Job instance at 0x7f061653a320>,83,12,[6 1],84,-1,306,-1,294
1,<environment.Job instance at 0x7f061653a640>,84,24,[7 5],85,-1,318,-1,294
1,<environment.Job instance at 0x7f061653a500>,86,21,[14  1],87,-1,326,-1,305
1,<environment.Job instance at 0x7f061653aaa0>,88,16,[12  4],89,-1,332,-1,316
1,<environment.Job instance at 0x7f0615bcd7d0>,89,24,[4 9],90,-1,340,-1,316
1,<environment.Job instance at 0x7f0615bcda00>,94,12,[ 1 14],95,-1,360,-1,348
1,<environment.Job instance at 0x7f0615bcd6e0>,95,14,[13  4],96,-1,362,-1,348
1,<environment.Job instance at 0x7f0615bcdd70>,103,14,[14  1],104,-1,452,-1,438
1,<environment.Job instance at 0x7f0615bcd410>,104,1,[10  5],105,-1,439,-1,438
1,<environment.Job instance at 0x7f0615bcd3c0>,105,26,[13  4],106,-1,464,-1,438
1,<environment.Job instance at 0x7f0615bcdcd0>,107,21,[ 2 13],108,-1,470,-1,449
1,<environment.Job instance at 0x7f0615bcdf50>,108,16,[ 3 14],109,-1,465,-1,449
1,<environment.Job instance at 0x7f0615bcdd20>,109,16,[ 1 11],110,-1,465,-1,449
1,<environment.Job instance at 0x7f0615bde320>,111,24,[ 2 13],112,-1,476,-1,452
1,<environment.Job instance at 0x7f0615bde730>,112,18,[13  3],113,-1,470,-1,452
1,<environment.Job instance at 0x7f0615bde6e0>,113,15,[ 1 10],114,-1,471,-1,456
1,<environment.Job instance at 0x7f0615bde910>,115,16,[ 1 12],116,-1,478,-1,462
1,<environment.Job instance at 0x7f0615bdec80>,116,1,[ 2 10],117,-1,463,-1,462
1,<environment.Job instance at 0x7f0615bde500>,117,26,[8 4],118,-1,488,-1,462
1,<environment.Job instance at 0x7f0615bdecd0>,118,16,[ 3 13],119,-1,478,-1,462
1,<environment.Job instance at 0x7f0615e5cc30>,1,28,[ 5 12],2,-1,30,-1,2
1,<environment.Job instance at 0x7f0615ae8280>,2,28,[2 6],3,-1,31,-1,3
1,<environment.Job instance at 0x7f0615d0c730>,4,28,[ 1 11],5,-1,33,-1,5
1,<environment.Job instance at 0x7f0615a21190>,6,23,[11  3],7,-1,30,-1,7
1,<environment.Job instance at 0x7f0615cf81e0>,15,27,[6 1],16,-1,64,-1,37
1,<environment.Job instance at 0x7f0615a4f370>,20,23,[10  3],21,-1,99,-1,76
1,<environment.Job instance at 0x7f0615d070f0>,22,1,[13  2],23,-1,77,-1,76
1,<environment.Job instance at 0x7f0615d07a00>,23,3,[4 5],24,-1,79,-1,76
1,<environment.Job instance at 0x7f0615d07640>,30,22,[ 1 12],31,-1,163,-1,141
1,<environment.Job instance at 0x7f06167fc690>,32,18,[ 4 11],33,-1,174,-1,156
1,<environment.Job instance at 0x7f06167fca50>,33,25,[5 6],34,-1,181,-1,156
1,<environment.Job instance at 0x7f06167fc960>,34,26,[ 3 12],35,-1,182,-1,156
1,<environment.Job instance at 0x7f06167fcd20>,35,13,[ 4 13],36,-1,169,-1,156
1,<environment.Job instance at 0x7f06167fc3c0>,36,2,[10  5],37,-1,158,-1,156
1,<environment.Job instance at 0x7f06167f7280>,37,27,[5 7],38,-1,183,-1,156
1,<environment.Job instance at 0x7f0615ad8190>,38,20,[ 4 14],39,-1,176,-1,156
1,<environment.Job instance at 0x7f0615aaa730>,41,23,[11  4],42,-1,196,-1,173
1,<environment.Job instance at 0x7f0615a3c2d0>,44,15,[12  4],45,-1,200,-1,185
1,<environment.Job instance at 0x7f0615a3c500>,45,2,[ 1 12],46,-1,187,-1,185
1,<environment.Job instance at 0x7f0615a57730>,48,28,[6 4],49,-1,228,-1,200
1,<environment.Job instance at 0x7f0615a3df00>,49,14,[14  3],50,-1,214,-1,200
1,<environment.Job instance at 0x7f0615a3d2d0>,51,25,[ 2 14],52,-1,225,-1,200
1,<environment.Job instance at 0x7f0615abd230>,55,3,[ 3 14],56,-1,234,-1,231
1,<environment.Job instance at 0x7f0615abdc30>,56,27,[10  1],57,-1,258,-1,231
1,<environment.Job instance at 0x7f0615a5e320>,60,28,[13  5],61,-1,291,-1,263
1,<environment.Job instance at 0x7f0615a5e690>,64,2,[ 2 14],65,-1,283,-1,281
1,<environment.Job instance at 0x7f0615a5ee60>,65,14,[11  2],66,-1,295,-1,281
1,<environment.Job instance at 0x7f0615a5ee10>,66,1,[4 6],67,-1,282,-1,281
1,<environment.Job instance at 0x7f0615a5edc0>,68,14,[14  5],69,-1,309,-1,295
1,<environment.Job instance at 0x7f0615a5e640>,69,1,[ 3 12],70,-1,296,-1,295
1,<environment.Job instance at 0x7f0615a5e910>,71,2,[5 6],72,-1,299,-1,297
1,<environment.Job instance at 0x7f0615adea00>,72,13,[ 2 13],73,-1,310,-1,297
1,<environment.Job instance at 0x7f0615adefa0>,73,23,[5 1],74,-1,320,-1,297
1,<environment.Job instance at 0x7f0615ad69b0>,74,14,[ 3 13],75,-1,311,-1,297
1,<environment.Job instance at 0x7f0615ad6f00>,76,26,[ 1 12],77,-1,334,-1,308
1,<environment.Job instance at 0x7f0615ab0280>,80,24,[11  5],81,-1,352,-1,328
1,<environment.Job instance at 0x7f0615ab0320>,81,3,[2 7],82,-1,331,-1,328
1,<environment.Job instance at 0x7f0615ab03c0>,82,1,[10  4],83,-1,329,-1,328
1,<environment.Job instance at 0x7f0615ab05a0>,86,18,[14  2],87,-1,367,-1,349
1,<environment.Job instance at 0x7f0615ab0730>,87,27,[5 7],88,-1,376,-1,349
1,<environment.Job instance at 0x7f0615ab0870>,89,21,[12  3],90,-1,379,-1,358
1,<environment.Job instance at 0x7f0615ab0910>,90,12,[ 5 12],91,-1,370,-1,358
1,<environment.Job instance at 0x7f0615ab0a50>,92,16,[ 2 13],93,-1,374,-1,358
1,<environment.Job instance at 0x7f0615ab0c30>,95,13,[14  1],96,-1,384,-1,371
1,<environment.Job instance at 0x7f0615ab0cd0>,96,14,[ 5 13],97,-1,385,-1,371
1,<environment.Job instance at 0x7f0615ab0d70>,97,20,[ 2 13],98,-1,391,-1,371
1,<environment.Job instance at 0x7f0615ab0e10>,98,27,[4 9],99,-1,398,-1,371
1,<environment.Job instance at 0x7f0615ab0eb0>,99,3,[ 2 13],100,-1,374,-1,371
1,<environment.Job instance at 0x7f0615ab0fa0>,100,13,[ 4 12],101,-1,384,-1,371
1,<environment.Job instance at 0x7f0615ab0f50>,102,25,[2 7],103,-1,415,-1,390
1,<environment.Job instance at 0x7f0615aae230>,104,12,[11  5],105,-1,404,-1,392
1,<environment.Job instance at 0x7f0615aae550>,107,21,[12  5],108,-1,431,-1,410
1,<environment.Job instance at 0x7f0615aae690>,109,20,[11  5],110,-1,440,-1,420
1,<environment.Job instance at 0x7f0615aae870>,112,28,[5 7],113,-1,467,-1,439
1,<environment.Job instance at 0x7f0615aae910>,113,12,[ 4 11],114,-1,451,-1,439
1,<environment.Job instance at 0x7f0615aae9b0>,114,25,[13  4],115,-1,464,-1,439
1,<environment.Job instance at 0x7f0615aaea50>,115,21,[ 1 12],116,-1,460,-1,439
1,<environment.Job instance at 0x7f0615aaeaf0>,116,22,[ 4 10],117,-1,461,-1,439
1,<environment.Job instance at 0x7f0615aaeb90>,117,22,[13  5],118,-1,461,-1,439
1,<environment.Job instance at 0x7f0615aaec30>,118,28,[13  2],119,-1,467,-1,439
1,<environment.Job instance at 0x7f0615a4f410>,2,26,[5 8],3,-1,29,-1,3
1,<environment.Job instance at 0x7f06160c0500>,7,13,[ 1 14],8,-1,21,-1,8
1,<environment.Job instance at 0x7f0615eda5f0>,13,3,[8 2],14,-1,19,-1,16
1,<environment.Job instance at 0x7f0615eda0f0>,15,2,[5 4],16,-1,18,-1,16
1,<environment.Job instance at 0x7f0615eda410>,19,18,[ 5 14],20,-1,54,-1,36
1,<environment.Job instance at 0x7f0615edab40>,20,17,[ 3 13],21,-1,53,-1,36
1,<environment.Job instance at 0x7f0615edafa0>,21,23,[13  3],22,-1,59,-1,36
1,<environment.Job instance at 0x7f0615eda960>,22,18,[ 2 12],23,-1,54,-1,36
1,<environment.Job instance at 0x7f0615edaf50>,23,13,[11  1],24,-1,49,-1,36
1,<environment.Job instance at 0x7f0615eda4b0>,26,26,[7 4],27,-1,77,-1,51
1,<environment.Job instance at 0x7f0615eda190>,27,12,[13  4],28,-1,63,-1,51
1,<environment.Job instance at 0x7f0615edaaa0>,28,13,[ 2 12],29,-1,64,-1,51
1,<environment.Job instance at 0x7f0615ad5960>,31,13,[14  4],32,-1,79,-1,66
1,<environment.Job instance at 0x7f0615ad50f0>,32,16,[14  2],33,-1,82,-1,66
1,<environment.Job instance at 0x7f0615ad59b0>,34,3,[5 1],35,-1,83,-1,80
1,<environment.Job instance at 0x7f0615ad5370>,36,24,[5 9],37,-1,107,-1,83
1,<environment.Job instance at 0x7f0615ad52d0>,37,12,[ 3 14],38,-1,95,-1,83
1,<environment.Job instance at 0x7f0615ad5550>,39,28,[14  4],40,-1,125,-1,97
1,<environment.Job instance at 0x7f0615ad5af0>,40,28,[5 2],41,-1,125,-1,97
1,<environment.Job instance at 0x7f0615ad5aa0>,41,2,[5 9],42,-1,99,-1,97
1,<environment.Job instance at 0x7f0615ad5f50>,42,24,[8 1],43,-1,121,-1,97
1,<environment.Job instance at 0x7f0615ad5e60>,44,26,[5 7],45,-1,124,-1,98
1,<environment.Job instance at 0x7f0615ad5230>,47,27,[9 4],48,-1,144,-1,117
1,<environment.Job instance at 0x7f0615ad50a0>,49,26,[7 3],50,-1,159,-1,133
1,<environment.Job instance at 0x7f0615ad5a00>,50,17,[ 5 12],51,-1,150,-1,133
1,<environment.Job instance at 0x7f0615a9f2d0>,57,20,[10  2],58,-1,216,-1,196
1,<environment.Job instance at 0x7f0615a9f500>,62,14,[7 2],63,-1,211,-1,197
1,<environment.Job instance at 0x7f0615a9fb40>,63,14,[13  3],64,-1,211,-1,197
1,<environment.Job instance at 0x7f062860b140>,73,12,[ 3 10],74,-1,277,-1,265
1,<environment.Job instance at 0x7f0615a5d960>,80,17,[ 2 14],81,-1,322,-1,305
1,<environment.Job instance at 0x7f0615a5d3c0>,82,12,[13  4],83,-1,334,-1,322
1,<environment.Job instance at 0x7f0615a5df50>,85,17,[14  2],86,-1,339,-1,322
1,<environment.Job instance at 0x7f0615a5d2d0>,86,17,[ 1 12],87,-1,339,-1,322
1,<environment.Job instance at 0x7f0615a5d5a0>,88,2,[8 1],89,-1,341,-1,339
1,<environment.Job instance at 0x7f0615a5df00>,90,15,[ 2 13],91,-1,354,-1,339
1,<environment.Job instance at 0x7f0615a5d550>,91,3,[2 5],92,-1,342,-1,339
1,<environment.Job instance at 0x7f0615a5d140>,92,2,[1 6],93,-1,341,-1,339
1,<environment.Job instance at 0x7f0615a5daa0>,93,16,[11  3],94,-1,355,-1,339
1,<environment.Job instance at 0x7f0615a5d280>,94,25,[6 2],95,-1,364,-1,339
1,<environment.Job instance at 0x7f0615a5de60>,95,17,[13  1],96,-1,356,-1,339
1,<environment.Job instance at 0x7f0615f9cc30>,96,23,[8 2],97,-1,362,-1,339
1,<environment.Job instance at 0x7f0615f9c320>,97,26,[ 2 11],98,-1,365,-1,339
1,<environment.Job instance at 0x7f0615f9c5a0>,98,1,[6 4],99,-1,340,-1,339
1,<environment.Job instance at 0x7f0615f9c050>,99,16,[11  4],100,-1,355,-1,339
1,<environment.Job instance at 0x7f0615f9ca50>,100,26,[2 7],101,-1,365,-1,339
1,<environment.Job instance at 0x7f0615f9cdc0>,108,27,[6 5],109,-1,468,-1,441
1,<environment.Job instance at 0x7f0615f9c410>,110,13,[11  1],111,-1,458,-1,445
1,<environment.Job instance at 0x7f0615f9ccd0>,115,1,[6 3],116,-1,480,-1,479
1,<environment.Job instance at 0x7f06154d15f0>,3,25,[ 5 10],4,-1,29,-1,4
1,<environment.Job instance at 0x7f06154d14b0>,6,15,[ 3 14],7,-1,22,-1,7
1,<environment.Job instance at 0x7f06154d1be0>,8,27,[7 4],9,-1,37,-1,10
1,<environment.Job instance at 0x7f061551d870>,16,14,[ 4 12],17,-1,57,-1,43
1,<environment.Job instance at 0x7f061551d230>,18,25,[ 1 14],19,-1,74,-1,49
1,<environment.Job instance at 0x7f061551d370>,19,14,[11  5],20,-1,63,-1,49
1,<environment.Job instance at 0x7f061551d280>,21,23,[ 4 13],22,-1,80,-1,57
1,<environment.Job instance at 0x7f061551d9b0>,22,19,[11  1],23,-1,76,-1,57
1,<environment.Job instance at 0x7f06154a5190>,29,16,[14  5],30,-1,127,-1,111
1,<environment.Job instance at 0x7f06154a55f0>,32,16,[14  3],33,-1,136,-1,120
1,<environment.Job instance at 0x7f06154a51e0>,33,3,[2 8],34,-1,123,-1,120
1,<environment.Job instance at 0x7f06154a5690>,34,3,[ 3 10],35,-1,123,-1,120
1,<environment.Job instance at 0x7f06154a57d0>,36,3,[5 3],37,-1,136,-1,133
1,<environment.Job instance at 0x7f06154a5e10>,38,23,[5 5],39,-1,160,-1,137
1,<environment.Job instance at 0x7f06154a5d70>,39,2,[6 2],40,-1,139,-1,137
1,<environment.Job instance at 0x7f06154a5c80>,40,14,[11  3],41,-1,151,-1,137
1,<environment.Job instance at 0x7f06154a5eb0>,41,2,[2 7],42,-1,139,-1,137
1,<environment.Job instance at 0x7f06154a5910>,42,12,[11  2],43,-1,149,-1,137
1,<environment.Job instance at 0x7f06154a58c0>,43,3,[9 1],44,-1,140,-1,137
1,<environment.Job instance at 0x7f06154a5f50>,45,22,[6 1],46,-1,171,-1,149
1,<environment.Job instance at 0x7f06155acc80>,49,18,[5 9],50,-1,220,-1,202
1,<environment.Job instance at 0x7f06155ac640>,56,14,[13  2],57,-1,224,-1,210
1,<environment.Job instance at 0x7f06155acdc0>,57,22,[5 7],58,-1,232,-1,210
1,<environment.Job instance at 0x7f06155acd70>,58,24,[ 1 14],59,-1,234,-1,210
1,<environment.Job instance at 0x7f06155ac2d0>,59,2,[7 5],60,-1,212,-1,210
1,<environment.Job instance at 0x7f06155ac8c0>,60,1,[8 3],61,-1,211,-1,210
1,<environment.Job instance at 0x7f06155ac5f0>,63,1,[7 1],64,-1,241,-1,240
1,<environment.Job instance at 0x7f06155ac500>,64,23,[5 5],65,-1,263,-1,240
1,<environment.Job instance at 0x7f06155ac230>,65,23,[ 2 12],66,-1,263,-1,240
1,<environment.Job instance at 0x7f06155ac820>,67,25,[7 3],68,-1,279,-1,254
1,<environment.Job instance at 0x7f06155ac460>,68,1,[12  5],69,-1,255,-1,254
1,<environment.Job instance at 0x7f06154fe3c0>,69,13,[11  2],70,-1,267,-1,254
1,<environment.Job instance at 0x7f06154feb90>,70,27,[5 2],71,-1,281,-1,254
1,<environment.Job instance at 0x7f06154fe460>,73,3,[ 3 10],74,-1,262,-1,259
1,<environment.Job instance at 0x7f06154fe320>,74,13,[10  5],75,-1,277,-1,264
1,<environment.Job instance at 0x7f06165c7370>,76,12,[5 1],77,-1,280,-1,268
1,<environment.Job instance at 0x7f06165c7280>,77,21,[7 1],78,-1,289,-1,268
1,<environment.Job instance at 0x7f06165c7410>,78,2,[8 5],79,-1,270,-1,268
1,<environment.Job instance at 0x7f06165c7820>,79,14,[ 3 11],80,-1,282,-1,268
1,<environment.Job instance at 0x7f0616849870>,80,14,[14  1],81,-1,282,-1,268
1,<environment.Job instance at 0x7f06168496e0>,84,20,[ 2 11],85,-1,302,-1,282
1,<environment.Job instance at 0x7f06154c41e0>,85,2,[3 9],86,-1,284,-1,282
1,<environment.Job instance at 0x7f06169a8f50>,86,15,[ 4 10],87,-1,297,-1,282
1,<environment.Job instance at 0x7f06165e3eb0>,87,26,[3 7],88,-1,308,-1,282
1,<environment.Job instance at 0x7f0615eb7320>,88,26,[4 6],89,-1,308,-1,282
1,<environment.Job instance at 0x7f06154c4410>,89,14,[ 3 14],90,-1,296,-1,282
1,<environment.Job instance at 0x7f061f8a4c80>,90,20,[4 9],91,-1,302,-1,282
1,<environment.Job instance at 0x7f061f35d1e0>,91,12,[10  1],92,-1,294,-1,282
1,<environment.Job instance at 0x7f061682c640>,92,1,[10  1],93,-1,283,-1,282
1,<environment.Job instance at 0x7f061682cf00>,93,20,[1 8],94,-1,302,-1,282
1,<environment.Job instance at 0x7f0616aa7910>,96,18,[ 4 10],97,-1,317,-1,299
1,<environment.Job instance at 0x7f0615b26a00>,98,14,[ 2 12],99,-1,318,-1,304
1,<environment.Job instance at 0x7f0615ab9d20>,99,28,[11  4],100,-1,332,-1,304
1,<environment.Job instance at 0x7f0616194820>,100,22,[ 5 12],101,-1,326,-1,304
1,<environment.Job instance at 0x7f06155afc80>,102,25,[9 5],103,-1,344,-1,319
1,<environment.Job instance at 0x7f06155afaf0>,103,22,[3 8],104,-1,341,-1,319
1,<environment.Job instance at 0x7f0616444fa0>,105,12,[9 1],106,-1,331,-1,319
1,<environment.Job instance at 0x7f0615417c80>,106,22,[ 1 13],107,-1,341,-1,319
1,<environment.Job instance at 0x7f061590c640>,107,14,[ 2 11],108,-1,333,-1,319
1,<environment.Job instance at 0x7f0615417c30>,109,15,[ 5 14],110,-1,353,-1,338
1,<environment.Job instance at 0x7f0616099d20>,110,27,[3 6],111,-1,365,-1,338
1,<environment.Job instance at 0x7f0616597eb0>,111,2,[12  1],112,-1,340,-1,338
1,<environment.Job instance at 0x7f06155675f0>,113,18,[11  2],114,-1,356,-1,338
1,<environment.Job instance at 0x7f0615567d70>,114,14,[ 3 10],115,-1,353,-1,339
1,<environment.Job instance at 0x7f0615567870>,115,27,[8 1],116,-1,366,-1,339
1,<environment.Job instance at 0x7f0615effb40>,118,1,[4 7],119,-1,354,-1,353
1,<environment.Job instance at 0x7f06155ac3c0>,52,23,[ 3 10],53,-1,3393,-1,3370
1,<environment.Job instance at 0x7f061551dfa0>,23,18,[ 4 11],24,-1,3408,-1,3390
1,<environment.Job instance at 0x7f06155ac780>,2,1,[ 5 14],3,-1,4,-1,3
1,<environment.Job instance at 0x7f061f630a50>,3,16,[12  5],4,-1,20,-1,4
1,<environment.Job instance at 0x7f0615de2a50>,8,23,[2 5],9,-1,35,-1,12
1,<environment.Job instance at 0x7f0615de2cd0>,13,14,[13  2],14,-1,41,-1,27
1,<environment.Job instance at 0x7f0615de27d0>,14,2,[7 1],15,-1,29,-1,27
1,<environment.Job instance at 0x7f0615de2140>,15,22,[2 8],16,-1,60,-1,38
1,<environment.Job instance at 0x7f0615de2af0>,18,23,[7 4],19,-1,63,-1,40
1,<environment.Job instance at 0x7f0615de2c80>,19,25,[ 4 12],20,-1,65,-1,40
1,<environment.Job instance at 0x7f0615de2d70>,20,15,[4 9],21,-1,55,-1,40
1,<environment.Job instance at 0x7f0615de2820>,22,1,[4 7],23,-1,49,-1,48
1,<environment.Job instance at 0x7f0615de24b0>,23,25,[ 2 10],24,-1,73,-1,48
1,<environment.Job instance at 0x7f0615de25f0>,24,14,[11  3],25,-1,62,-1,48
1,<environment.Job instance at 0x7f0615b139b0>,27,19,[9 1],28,-1,87,-1,68
1,<environment.Job instance at 0x7f0615b138c0>,28,14,[9 1],29,-1,82,-1,68
1,<environment.Job instance at 0x7f0615b13140>,32,1,[5 6],33,-1,93,-1,92
1,<environment.Job instance at 0x7f0615b13230>,34,25,[9 4],35,-1,117,-1,92
1,<environment.Job instance at 0x7f0615b13820>,35,3,[6 3],36,-1,95,-1,92
1,<environment.Job instance at 0x7f0615b13910>,36,2,[12  3],37,-1,94,-1,92
1,<environment.Job instance at 0x7f0615b13780>,37,23,[4 8],38,-1,115,-1,92
1,<environment.Job instance at 0x7f0615b13eb0>,38,13,[9 1],39,-1,105,-1,92
1,<environment.Job instance at 0x7f0615b13f00>,39,27,[ 5 14],40,-1,119,-1,92
1,<environment.Job instance at 0x7f0615b13550>,40,17,[14  2],41,-1,109,-1,92
1,<environment.Job instance at 0x7f0615b13280>,41,15,[12  2],42,-1,107,-1,92
1,<environment.Job instance at 0x7f0615b13190>,46,27,[7 3],47,-1,200,-1,173
1,<environment.Job instance at 0x7f0615b133c0>,47,2,[9 4],48,-1,175,-1,173
1,<environment.Job instance at 0x7f06161a3690>,54,23,[6 1],55,-1,274,-1,251
1,<environment.Job instance at 0x7f06161a3870>,56,2,[ 4 14],57,-1,254,-1,252
1,<environment.Job instance at 0x7f06161a3f50>,57,23,[10  3],58,-1,275,-1,252
1,<environment.Job instance at 0x7f06161a33c0>,58,14,[ 1 11],59,-1,266,-1,252
1,<environment.Job instance at 0x7f06161a3960>,62,27,[8 3],63,-1,317,-1,290
1,<environment.Job instance at 0x7f06161a3190>,67,25,[9 4],68,-1,354,-1,329
1,<environment.Job instance at 0x7f06161a3780>,71,28,[ 5 13],72,-1,374,-1,346
1,<environment.Job instance at 0x7f0615c7c7d0>,72,15,[12  1],73,-1,361,-1,346
1,<environment.Job instance at 0x7f0615c7caf0>,73,3,[ 5 14],74,-1,349,-1,346
1,<environment.Job instance at 0x7f0615c7c320>,75,26,[4 9],76,-1,376,-1,350
1,<environment.Job instance at 0x7f0615c7ce60>,76,27,[10  5],77,-1,377,-1,350
1,<environment.Job instance at 0x7f0615c7c690>,80,3,[1 6],81,-1,383,-1,380
1,<environment.Job instance at 0x7f0615c7c230>,81,16,[13  4],82,-1,396,-1,380
1,<environment.Job instance at 0x7f0615c7c9b0>,83,16,[ 5 12],84,-1,398,-1,382
1,<environment.Job instance at 0x7f0615c7cd70>,86,3,[6 1],87,-1,404,-1,401
1,<environment.Job instance at 0x7f0615c7c2d0>,87,12,[ 2 12],88,-1,413,-1,401
1,<environment.Job instance at 0x7f0615c7c5a0>,88,2,[6 2],89,-1,403,-1,401
1,<environment.Job instance at 0x7f0616d837d0>,93,18,[ 1 11],94,-1,454,-1,436
1,<environment.Job instance at 0x7f0616d83e10>,98,16,[ 2 13],99,-1,475,-1,459
1,<environment.Job instance at 0x7f0616d83af0>,99,16,[ 5 12],100,-1,475,-1,459
1,<environment.Job instance at 0x7f0616d83690>,100,12,[11  1],101,-1,471,-1,459
1,<environment.Job instance at 0x7f0616d83910>,103,17,[ 2 14],104,-1,511,-1,494
1,<environment.Job instance at 0x7f0616d83370>,104,26,[10  5],105,-1,520,-1,494
1,<environment.Job instance at 0x7f0616d83a00>,105,2,[7 5],106,-1,496,-1,494
1,<environment.Job instance at 0x7f0616d83050>,109,25,[1 7],110,-1,542,-1,517
1,<environment.Job instance at 0x7f0615c2baf0>,114,27,[3 8],115,-1,581,-1,554
1,<environment.Job instance at 0x7f0615c2b1e0>,117,28,[2 6],118,-1,585,-1,557
1,<environment.Job instance at 0x7f0615c2b9b0>,118,28,[7 1],119,-1,585,-1,557
1,<environment.Job instance at 0x7f061f630e60>,3,15,[14  2],4,-1,19,-1,4
1,<environment.Job instance at 0x7f0616803fa0>,4,15,[ 1 12],5,-1,20,-1,5
1,<environment.Job instance at 0x7f0615f9e140>,12,15,[11  5],13,-1,43,-1,28
1,<environment.Job instance at 0x7f0615f9edc0>,15,21,[11  3],16,-1,70,-1,49
1,<environment.Job instance at 0x7f0615f9e0f0>,16,2,[1 8],17,-1,51,-1,49
1,<environment.Job instance at 0x7f0615f9eeb0>,19,12,[11  2],20,-1,78,-1,66
1,<environment.Job instance at 0x7f0615d77e60>,20,18,[ 3 11],21,-1,84,-1,66
1,<environment.Job instance at 0x7f0615d77eb0>,23,24,[2 8],24,-1,105,-1,81
1,<environment.Job instance at 0x7f0615d773c0>,24,24,[5 7],25,-1,105,-1,81
1,<environment.Job instance at 0x7f0615d770f0>,25,13,[14  2],26,-1,94,-1,81
1,<environment.Job instance at 0x7f0615d772d0>,26,12,[ 5 14],27,-1,93,-1,81
1,<environment.Job instance at 0x7f0615d77230>,27,28,[11  4],28,-1,109,-1,81
1,<environment.Job instance at 0x7f0615f96fa0>,28,1,[1 6],29,-1,82,-1,81
1,<environment.Job instance at 0x7f0615d77550>,29,26,[1 8],30,-1,107,-1,81
1,<environment.Job instance at 0x7f0615f96a50>,30,13,[1 9],31,-1,94,-1,81
1,<environment.Job instance at 0x7f0615f96cd0>,34,24,[5 3],35,-1,123,-1,99
1,<environment.Job instance at 0x7f0615f96640>,35,15,[ 1 14],36,-1,114,-1,99
1,<environment.Job instance at 0x7f0615f96af0>,36,16,[ 3 13],37,-1,115,-1,99
1,<environment.Job instance at 0x7f0615f96820>,37,23,[11  4],38,-1,122,-1,99
1,<environment.Job instance at 0x7f0615f96be0>,43,26,[9 3],44,-1,156,-1,130
1,<environment.Job instance at 0x7f0615f965f0>,45,13,[14  4],46,-1,164,-1,151
1,<environment.Job instance at 0x7f0615bad140>,52,26,[8 3],53,-1,226,-1,200
1,<environment.Job instance at 0x7f0615badd70>,54,24,[3 9],55,-1,237,-1,213
1,<environment.Job instance at 0x7f0615bad370>,57,13,[13  2],58,-1,241,-1,228
1,<environment.Job instance at 0x7f0615bad5a0>,58,1,[5 5],59,-1,229,-1,228
1,<environment.Job instance at 0x7f0615bad6e0>,59,1,[8 2],60,-1,229,-1,228
1,<environment.Job instance at 0x7f0615bad870>,61,14,[ 3 13],62,-1,255,-1,241
1,<environment.Job instance at 0x7f0615badeb0>,62,23,[6 1],63,-1,264,-1,241
1,<environment.Job instance at 0x7f0615badc80>,63,1,[10  4],64,-1,242,-1,241
1,<environment.Job instance at 0x7f0615badb90>,65,16,[13  3],66,-1,257,-1,241
1,<environment.Job instance at 0x7f0615bade10>,68,2,[5 4],69,-1,263,-1,261
1,<environment.Job instance at 0x7f0615bad640>,70,26,[ 2 10],71,-1,287,-1,261
1,<environment.Job instance at 0x7f0615d0ee10>,84,12,[6 1],85,-1,398,-1,386
1,<environment.Job instance at 0x7f0615d0ed20>,85,13,[1 9],86,-1,401,-1,388
1,<environment.Job instance at 0x7f0615d0eeb0>,87,24,[10  4],88,-1,417,-1,393
1,<environment.Job instance at 0x7f0616be7140>,88,16,[11  3],89,-1,409,-1,393
1,<environment.Job instance at 0x7f0616be7eb0>,89,16,[11  5],90,-1,409,-1,393
1,<environment.Job instance at 0x7f0616be7730>,91,1,[ 3 12],92,-1,403,-1,402
1,<environment.Job instance at 0x7f0616be75f0>,92,25,[10  3],93,-1,427,-1,402
1,<environment.Job instance at 0x7f0616be7a50>,93,14,[ 5 12],94,-1,416,-1,402
1,<environment.Job instance at 0x7f0616be7e10>,94,20,[ 3 14],95,-1,422,-1,402
1,<environment.Job instance at 0x7f0616be78c0>,95,24,[13  2],96,-1,426,-1,402
1,<environment.Job instance at 0x7f0616be73c0>,96,22,[4 5],97,-1,424,-1,402
1,<environment.Job instance at 0x7f0616be7b40>,97,18,[5 2],98,-1,425,-1,407
1,<environment.Job instance at 0x7f0616be7190>,98,14,[11  5],99,-1,421,-1,407
1,<environment.Job instance at 0x7f0616be7e60>,99,28,[6 1],100,-1,435,-1,407
1,<environment.Job instance at 0x7f0616be7410>,100,20,[8 3],101,-1,434,-1,414
1,<environment.Job instance at 0x7f0616be7910>,101,22,[5 2],102,-1,436,-1,414
1,<environment.Job instance at 0x7f0616be7cd0>,102,23,[11  1],103,-1,437,-1,414
1,<environment.Job instance at 0x7f0616be7d20>,104,18,[ 1 13],105,-1,432,-1,414
1,<environment.Job instance at 0x7f0616be7960>,106,13,[11  3],107,-1,430,-1,417
1,<environment.Job instance at 0x7f0616721fa0>,107,28,[7 5],108,-1,445,-1,417
1,<environment.Job instance at 0x7f0616721870>,108,14,[6 1],109,-1,431,-1,417
1,<environment.Job instance at 0x7f06167214b0>,109,2,[14  5],110,-1,419,-1,417
1,<environment.Job instance at 0x7f0616721d20>,110,26,[13  1],111,-1,443,-1,417
1,<environment.Job instance at 0x7f06167217d0>,112,3,[10  1],113,-1,434,-1,431
1,<environment.Job instance at 0x7f0616721550>,113,15,[7 2],114,-1,456,-1,441
1,<environment.Job instance at 0x7f06167215f0>,114,1,[5 1],115,-1,442,-1,441
1,<environment.Job instance at 0x7f06167213c0>,118,26,[2 8],119,-1,492,-1,466
1,<environment.Job instance at 0x7f0616721320>,117,26,[ 5 12],118,-1,2518,-1,2492
1,<environment.Job instance at 0x7f0615d0ebe0>,83,23,[ 5 10],84,-1,2515,-1,2492
1,<environment.Job instance at 0x7f06167bcb90>,8,15,[ 2 10],9,-1,32,-1,17
1,<environment.Job instance at 0x7f06167bca50>,9,18,[12  3],10,-1,35,-1,17
1,<environment.Job instance at 0x7f06156265f0>,11,18,[ 2 11],12,-1,52,-1,34
1,<environment.Job instance at 0x7f0615626d20>,12,13,[11  3],13,-1,47,-1,34
1,<environment.Job instance at 0x7f0615626f50>,13,18,[13  2],14,-1,52,-1,34
1,<environment.Job instance at 0x7f0615626280>,14,2,[7 1],15,-1,36,-1,34
1,<environment.Job instance at 0x7f0615626b40>,15,23,[ 5 13],16,-1,57,-1,34
1,<environment.Job instance at 0x7f0615626d70>,16,23,[2 7],17,-1,57,-1,34
1,<environment.Job instance at 0x7f06156269b0>,17,28,[ 1 10],18,-1,62,-1,34
1,<environment.Job instance at 0x7f0615626a00>,18,3,[2 6],19,-1,37,-1,34
1,<environment.Job instance at 0x7f06156266e0>,19,12,[ 4 14],20,-1,46,-1,34
1,<environment.Job instance at 0x7f06156260f0>,20,2,[10  3],21,-1,36,-1,34
1,<environment.Job instance at 0x7f0615626230>,23,22,[3 5],24,-1,58,-1,36
1,<environment.Job instance at 0x7f0615626c30>,24,3,[9 1],25,-1,39,-1,36
1,<environment.Job instance at 0x7f0615626910>,25,18,[ 5 11],26,-1,54,-1,36
1,<environment.Job instance at 0x7f0615626960>,27,1,[12  3],28,-1,55,-1,54
1,<environment.Job instance at 0x7f0615626820>,28,25,[13  1],29,-1,79,-1,54
1,<environment.Job instance at 0x7f0616d1fb90>,29,13,[3 9],30,-1,67,-1,54
1,<environment.Job instance at 0x7f0616d1f6e0>,30,1,[2 5],31,-1,55,-1,54
1,<environment.Job instance at 0x7f0616d1f2d0>,31,13,[3 7],32,-1,67,-1,54
1,<environment.Job instance at 0x7f0616d1faa0>,32,16,[14  4],33,-1,70,-1,54
1,<environment.Job instance at 0x7f0616d1fa50>,33,17,[13  5],34,-1,71,-1,54
1,<environment.Job instance at 0x7f0616d1f7d0>,35,24,[12  4],36,-1,78,-1,54
1,<environment.Job instance at 0x7f0616d1fe10>,36,25,[6 3],37,-1,79,-1,54
1,<environment.Job instance at 0x7f0616d1fa00>,37,27,[9 5],38,-1,81,-1,54
1,<environment.Job instance at 0x7f0616d1f8c0>,38,18,[3 9],39,-1,77,-1,59
1,<environment.Job instance at 0x7f0616d1ff50>,39,14,[ 2 13],40,-1,73,-1,59
1,<environment.Job instance at 0x7f06162c5820>,40,12,[9 5],41,-1,71,-1,59
1,<environment.Job instance at 0x7f06162c5f00>,41,1,[3 9],42,-1,60,-1,59
1,<environment.Job instance at 0x7f06162c54b0>,42,12,[9 4],43,-1,72,-1,60
1,<environment.Job instance at 0x7f06162c56e0>,43,14,[1 8],44,-1,74,-1,60
1,<environment.Job instance at 0x7f06162c5b90>,44,17,[ 4 14],45,-1,77,-1,60
1,<environment.Job instance at 0x7f06162c5b40>,45,15,[2 8],46,-1,79,-1,64
1,<environment.Job instance at 0x7f0615796370>,47,13,[3 7],48,-1,85,-1,72
1,<environment.Job instance at 0x7f06157960a0>,48,2,[6 2],49,-1,74,-1,72
1,<environment.Job instance at 0x7f0615796870>,49,12,[10  2],50,-1,84,-1,72
1,<environment.Job instance at 0x7f0615796320>,51,18,[ 2 10],52,-1,90,-1,72
1,<environment.Job instance at 0x7f0615985320>,53,18,[ 2 10],54,-1,104,-1,86
1,<environment.Job instance at 0x7f0615985a00>,55,19,[ 2 12],56,-1,105,-1,86
1,<environment.Job instance at 0x7f06159858c0>,56,20,[6 2],57,-1,106,-1,86
1,<environment.Job instance at 0x7f0615985a50>,57,26,[12  4],58,-1,112,-1,86
1,<environment.Job instance at 0x7f061686c690>,58,13,[6 3],59,-1,99,-1,86
1,<environment.Job instance at 0x7f061686cc80>,59,16,[ 5 11],60,-1,102,-1,86
1,<environment.Job instance at 0x7f061686ceb0>,60,18,[ 2 10],61,-1,104,-1,86
1,<environment.Job instance at 0x7f061686c410>,61,20,[1 5],62,-1,106,-1,86
1,<environment.Job instance at 0x7f061686c640>,62,13,[9 1],63,-1,99,-1,86
1,<environment.Job instance at 0x7f061686c6e0>,63,20,[7 1],64,-1,106,-1,86
1,<environment.Job instance at 0x7f061686cf50>,64,1,[ 4 11],65,-1,87,-1,86
1,<environment.Job instance at 0x7f061686ca00>,65,13,[5 7],66,-1,100,-1,87
1,<environment.Job instance at 0x7f061686c190>,67,2,[5 1],68,-1,103,-1,101
1,<environment.Job instance at 0x7f061686c550>,68,18,[14  5],69,-1,119,-1,101
1,<environment.Job instance at 0x7f061686cf00>,69,15,[ 1 12],70,-1,116,-1,101
1,<environment.Job instance at 0x7f061686cb90>,70,13,[3 7],71,-1,114,-1,101
1,<environment.Job instance at 0x7f061686cd70>,71,12,[1 8],72,-1,113,-1,101
1,<environment.Job instance at 0x7f061686c780>,73,14,[ 5 11],74,-1,115,-1,101
1,<environment.Job instance at 0x7f061686c4b0>,74,15,[2 7],75,-1,116,-1,101
1,<environment.Job instance at 0x7f061686ca50>,75,16,[3 5],76,-1,117,-1,101
1,<environment.Job instance at 0x7f061686c0a0>,76,17,[2 7],77,-1,118,-1,101
1,<environment.Job instance at 0x7f061686ce60>,77,16,[14  4],78,-1,117,-1,101
1,<environment.Job instance at 0x7f061686c320>,78,18,[1 8],79,-1,119,-1,101
1,<environment.Job instance at 0x7f0616505280>,79,16,[ 3 14],80,-1,117,-1,101
1,<environment.Job instance at 0x7f0616505fa0>,80,15,[7 2],81,-1,116,-1,101
1,<environment.Job instance at 0x7f0616505370>,82,16,[9 2],83,-1,132,-1,116
1,<environment.Job instance at 0x7f0616505aa0>,83,17,[3 9],84,-1,133,-1,116
1,<environment.Job instance at 0x7f06164fad20>,84,23,[14  2],85,-1,139,-1,116
1,<environment.Job instance at 0x7f0615e9b5f0>,85,24,[5 9],86,-1,140,-1,116
1,<environment.Job instance at 0x7f0615e9b280>,86,12,[10  5],87,-1,128,-1,116
1,<environment.Job instance at 0x7f0616c17960>,87,28,[ 2 11],88,-1,144,-1,116
1,<environment.Job instance at 0x7f0615e9b500>,88,18,[14  3],89,-1,134,-1,116
1,<environment.Job instance at 0x7f0615cd3c80>,89,3,[1 5],90,-1,119,-1,116
1,<environment.Job instance at 0x7f0616410500>,90,23,[2 9],91,-1,139,-1,116
1,<environment.Job instance at 0x7f0616410410>,91,14,[ 4 10],92,-1,130,-1,116
1,<environment.Job instance at 0x7f06158c14b0>,92,17,[4 9],93,-1,133,-1,116
1,<environment.Job instance at 0x7f06158c1870>,93,2,[9 2],94,-1,118,-1,116
1,<environment.Job instance at 0x7f06158c1910>,94,3,[6 2],95,-1,119,-1,116
1,<environment.Job instance at 0x7f06158c1dc0>,95,20,[1 5],96,-1,136,-1,116
1,<environment.Job instance at 0x7f0616cbd370>,96,3,[13  3],97,-1,119,-1,116
1,<environment.Job instance at 0x7f0615dbfdc0>,97,1,[ 4 14],98,-1,117,-1,116
1,<environment.Job instance at 0x7f0615dbfd70>,98,14,[ 3 14],99,-1,130,-1,116
1,<environment.Job instance at 0x7f0615cafbe0>,99,15,[1 9],100,-1,131,-1,116
1,<environment.Job instance at 0x7f0616b64960>,100,16,[14  1],101,-1,132,-1,116
1,<environment.Job instance at 0x7f061587cb40>,101,14,[9 2],102,-1,130,-1,116
1,<environment.Job instance at 0x7f06164b9a00>,103,1,[ 5 13],104,-1,117,-1,116
1,<environment.Job instance at 0x7f0615e64aa0>,104,26,[4 8],105,-1,142,-1,116
1,<environment.Job instance at 0x7f0616522fa0>,105,18,[3 6],106,-1,142,-1,124
1,<environment.Job instance at 0x7f061653fa50>,106,20,[2 9],107,-1,144,-1,124
1,<environment.Job instance at 0x7f0616cace60>,107,15,[4 9],108,-1,139,-1,124
1,<environment.Job instance at 0x7f0616caceb0>,108,15,[1 6],109,-1,139,-1,124
1,<environment.Job instance at 0x7f061688be10>,109,22,[2 9],110,-1,146,-1,124
1,<environment.Job instance at 0x7f0616cac780>,110,23,[ 5 11],111,-1,147,-1,124
1,<environment.Job instance at 0x7f0616cacaa0>,111,24,[9 1],112,-1,148,-1,124
1,<environment.Job instance at 0x7f0615e65c30>,112,16,[5 1],113,-1,140,-1,124
1,<environment.Job instance at 0x7f061618dc30>,114,13,[5 2],115,-1,144,-1,131
1,<environment.Job instance at 0x7f0615f95190>,116,26,[11  3],117,-1,157,-1,131
1,<environment.Job instance at 0x7f0615643820>,117,1,[9 1],118,-1,132,-1,131
1,<environment.Job instance at 0x7f0616831050>,118,24,[7 1],119,-1,155,-1,131
1,<environment.Job instance at 0x7f06167bcfa0>,7,25,[ 4 12],8,-1,7588,-1,7563
1,<environment.Job instance at 0x7f0615e7e640>,4,12,[13  2],5,-1,17,-1,5
1,<environment.Job instance at 0x7f0615e7e5a0>,6,12,[ 2 14],7,-1,19,-1,7
1,<environment.Job instance at 0x7f0615e7ed70>,7,17,[ 1 12],8,-1,25,-1,8
1,<environment.Job instance at 0x7f0615e7eeb0>,8,22,[13  4],9,-1,31,-1,9
1,<environment.Job instance at 0x7f0615e7e410>,9,18,[ 5 12],10,-1,28,-1,10
1,<environment.Job instance at 0x7f0615e7ed20>,10,25,[12  1],11,-1,36,-1,11
1,<environment.Job instance at 0x7f0615e7e050>,11,26,[10  2],12,-1,38,-1,12
1,<environment.Job instance at 0x7f0615e70320>,17,1,[4 7],18,-1,35,-1,34
1,<environment.Job instance at 0x7f0615e705f0>,19,14,[ 2 13],20,-1,48,-1,34
1,<environment.Job instance at 0x7f0615e70a00>,24,18,[11  3],25,-1,84,-1,66
1,<environment.Job instance at 0x7f0615e705a0>,27,12,[12  5],28,-1,90,-1,78
1,<environment.Job instance at 0x7f0615e70c80>,28,12,[ 3 12],29,-1,90,-1,78
1,<environment.Job instance at 0x7f0615e70820>,31,25,[ 2 14],32,-1,136,-1,111
1,<environment.Job instance at 0x7f06161298c0>,34,2,[5 7],35,-1,117,-1,115
1,<environment.Job instance at 0x7f0616129780>,36,1,[6 3],37,-1,124,-1,123
1,<environment.Job instance at 0x7f0616129c30>,37,16,[12  2],38,-1,139,-1,123
1,<environment.Job instance at 0x7f0616129a00>,38,17,[ 2 13],39,-1,140,-1,123
1,<environment.Job instance at 0x7f0616129050>,39,27,[5 5],40,-1,150,-1,123
1,<environment.Job instance at 0x7f0616152870>,45,15,[ 5 12],46,-1,178,-1,163
1,<environment.Job instance at 0x7f0616152960>,47,25,[1 9],48,-1,195,-1,170
1,<environment.Job instance at 0x7f0616152910>,48,17,[11  5],49,-1,192,-1,175
1,<environment.Job instance at 0x7f0616152d20>,49,17,[ 5 11],50,-1,192,-1,175
1,<environment.Job instance at 0x7f0616152d70>,50,14,[14  3],51,-1,189,-1,175
1,<environment.Job instance at 0x7f0616152c80>,52,3,[7 2],53,-1,178,-1,175
1,<environment.Job instance at 0x7f0616152140>,53,15,[14  5],54,-1,190,-1,175
1,<environment.Job instance at 0x7f0616152050>,54,14,[14  4],55,-1,189,-1,175
1,<environment.Job instance at 0x7f0616152280>,55,17,[ 2 12],56,-1,192,-1,175
1,<environment.Job instance at 0x7f0616152dc0>,56,28,[5 9],57,-1,203,-1,175
1,<environment.Job instance at 0x7f0616152b90>,57,26,[9 4],58,-1,201,-1,175
1,<environment.Job instance at 0x7f0616152cd0>,59,25,[11  1],60,-1,209,-1,184
1,<environment.Job instance at 0x7f0616153b40>,61,1,[13  2],62,-1,189,-1,188
1,<environment.Job instance at 0x7f0616153cd0>,62,14,[13  2],63,-1,202,-1,188
1,<environment.Job instance at 0x7f0616153460>,64,26,[4 7],65,-1,226,-1,200
1,<environment.Job instance at 0x7f06161532d0>,65,2,[8 3],66,-1,202,-1,200
1,<environment.Job instance at 0x7f0616153a50>,70,3,[5 1],71,-1,240,-1,237
1,<environment.Job instance at 0x7f06161535f0>,73,20,[ 1 14],74,-1,271,-1,251
1,<environment.Job instance at 0x7f0615843b90>,74,12,[ 3 14],75,-1,263,-1,251
1,<environment.Job instance at 0x7f0615843f50>,80,20,[ 5 13],81,-1,307,-1,287
1,<environment.Job instance at 0x7f0615843d70>,81,12,[ 5 13],82,-1,299,-1,287
1,<environment.Job instance at 0x7f0615843e10>,82,15,[ 3 13],83,-1,302,-1,287
1,<environment.Job instance at 0x7f0615843460>,88,2,[7 4],89,-1,338,-1,336
1,<environment.Job instance at 0x7f06158439b0>,89,24,[8 2],90,-1,360,-1,336
1,<environment.Job instance at 0x7f0615822230>,90,25,[5 8],91,-1,361,-1,336
1,<environment.Job instance at 0x7f0615822960>,91,15,[11  2],92,-1,351,-1,336
1,<environment.Job instance at 0x7f0615822dc0>,92,15,[14  1],93,-1,351,-1,336
1,<environment.Job instance at 0x7f0615822190>,93,25,[ 2 10],94,-1,361,-1,336
1,<environment.Job instance at 0x7f0615822e60>,94,2,[ 2 10],95,-1,338,-1,336
1,<environment.Job instance at 0x7f0615822aa0>,95,23,[7 1],96,-1,359,-1,336
1,<environment.Job instance at 0x7f06158225a0>,97,26,[1 7],98,-1,362,-1,336
1,<environment.Job instance at 0x7f0615822870>,99,13,[ 2 12],100,-1,357,-1,344
1,<environment.Job instance at 0x7f0615822370>,100,27,[ 1 14],101,-1,371,-1,344
1,<environment.Job instance at 0x7f06158226e0>,103,28,[ 5 13],104,-1,391,-1,363
1,<environment.Job instance at 0x7f0615822730>,105,1,[6 4],106,-1,373,-1,372
1,<environment.Job instance at 0x7f061624f690>,111,1,[ 2 13],112,-1,411,-1,410
1,<environment.Job instance at 0x7f061624fbe0>,113,3,[6 4],114,-1,425,-1,422
1,<environment.Job instance at 0x7f061624feb0>,117,2,[11  1],118,-1,454,-1,452
1,<environment.Job instance at 0x7f0615e703c0>,23,27,[ 1 13],24,-1,6859,-1,6832
1,<environment.Job instance at 0x7f0615e6ab90>,3,25,[ 5 10],4,-1,29,-1,4
1,<environment.Job instance at 0x7f0615e6ad70>,4,13,[12  3],5,-1,18,-1,5
1,<environment.Job instance at 0x7f0615e6a500>,5,20,[ 4 11],6,-1,26,-1,6
1,<environment.Job instance at 0x7f0615e6a2d0>,7,15,[14  2],8,-1,23,-1,8
1,<environment.Job instance at 0x7f0615e6a0a0>,8,12,[13  3],9,-1,21,-1,9
1,<environment.Job instance at 0x7f0616763dc0>,18,20,[12  2],19,-1,58,-1,38
1,<environment.Job instance at 0x7f0616763f50>,20,28,[8 4],21,-1,79,-1,51
1,<environment.Job instance at 0x7f06155fd140>,24,13,[13  1],25,-1,79,-1,66
1,<environment.Job instance at 0x7f06155fd640>,25,13,[ 1 10],26,-1,79,-1,66
1,<environment.Job instance at 0x7f06155fdaf0>,27,18,[12  1],28,-1,98,-1,80
1,<environment.Job instance at 0x7f06155fd500>,29,19,[13  2],30,-1,114,-1,95
1,<environment.Job instance at 0x7f06155fdd20>,32,1,[ 2 13],33,-1,99,-1,98
1,<environment.Job instance at 0x7f06155fd730>,33,24,[ 4 10],34,-1,122,-1,98
1,<environment.Job instance at 0x7f06162eb7d0>,45,3,[1 8],46,-1,240,-1,237
1,<environment.Job instance at 0x7f06162eb0f0>,46,22,[13  1],47,-1,259,-1,237
1,<environment.Job instance at 0x7f06162eb820>,47,2,[5 7],48,-1,239,-1,237
1,<environment.Job instance at 0x7f06162eb960>,48,22,[ 2 12],49,-1,259,-1,237
1,<environment.Job instance at 0x7f06162eb780>,52,15,[13  5],53,-1,268,-1,253
1,<environment.Job instance at 0x7f06162ebd20>,53,20,[ 1 14],54,-1,273,-1,253
1,<environment.Job instance at 0x7f06162eb230>,55,12,[ 1 14],56,-1,285,-1,273
1,<environment.Job instance at 0x7f06162ebd70>,56,14,[ 3 11],57,-1,287,-1,273
1,<environment.Job instance at 0x7f06162eb5a0>,58,12,[ 3 13],59,-1,285,-1,273
1,<environment.Job instance at 0x7f061f674690>,62,15,[ 4 11],63,-1,312,-1,297
1,<environment.Job instance at 0x7f06162ebfa0>,63,26,[7 4],64,-1,323,-1,297
1,<environment.Job instance at 0x7f06162353c0>,67,25,[5 8],68,-1,358,-1,333
1,<environment.Job instance at 0x7f0616235c30>,76,28,[ 3 11],77,-1,410,-1,382
1,<environment.Job instance at 0x7f0616235eb0>,78,16,[14  5],79,-1,406,-1,390
1,<environment.Job instance at 0x7f0616c66280>,79,28,[6 3],80,-1,418,-1,390
1,<environment.Job instance at 0x7f0616c66cd0>,80,13,[14  3],81,-1,403,-1,390
1,<environment.Job instance at 0x7f0616c660f0>,82,14,[ 2 12],83,-1,412,-1,398
1,<environment.Job instance at 0x7f0616c66be0>,84,21,[ 3 14],85,-1,423,-1,402
1,<environment.Job instance at 0x7f0616c668c0>,86,23,[3 9],87,-1,438,-1,415
1,<environment.Job instance at 0x7f0616c66730>,88,25,[ 1 14],89,-1,446,-1,421
1,<environment.Job instance at 0x7f0616c66e60>,91,25,[2 8],92,-1,477,-1,452
1,<environment.Job instance at 0x7f0616c66eb0>,94,16,[13  2],95,-1,468,-1,452
1,<environment.Job instance at 0x7f0616cceb40>,100,2,[3 9],101,-1,491,-1,489
1,<environment.Job instance at 0x7f0616cceaf0>,101,18,[ 1 13],102,-1,507,-1,489
1,<environment.Job instance at 0x7f0616cce820>,103,16,[ 4 14],104,-1,508,-1,492
1,<environment.Job instance at 0x7f06160590f0>,107,23,[3 5],108,-1,549,-1,526
1,<environment.Job instance at 0x7f06160595a0>,108,17,[12  3],109,-1,543,-1,526
1,<environment.Job instance at 0x7f06160590a0>,110,13,[13  2],111,-1,539,-1,526
1,<environment.Job instance at 0x7f061619a320>,5,25,[1 6],6,-1,32,-1,7
1,<environment.Job instance at 0x7f06161720a0>,9,27,[5 9],10,-1,40,-1,13
1,<environment.Job instance at 0x7f06161724b0>,11,12,[8 3],12,-1,31,-1,19
1,<environment.Job instance at 0x7f06168611e0>,12,26,[ 1 12],13,-1,45,-1,19
1,<environment.Job instance at 0x7f0616861d20>,13,28,[ 3 14],14,-1,47,-1,19
1,<environment.Job instance at 0x7f06168618c0>,17,20,[12  1],18,-1,54,-1,34
1,<environment.Job instance at 0x7f06161abb40>,18,24,[ 5 13],19,-1,58,-1,34
1,<environment.Job instance at 0x7f06161aba50>,19,23,[8 5],20,-1,57,-1,34
1,<environment.Job instance at 0x7f06161aba00>,20,28,[4 9],21,-1,62,-1,34
1,<environment.Job instance at 0x7f06161ab2d0>,21,24,[ 5 13],22,-1,58,-1,34
1,<environment.Job instance at 0x7f06161ab7d0>,24,15,[ 3 13],25,-1,68,-1,53
1,<environment.Job instance at 0x7f06161abc30>,25,25,[7 4],26,-1,78,-1,53
1,<environment.Job instance at 0x7f0616198960>,28,25,[14  3],29,-1,87,-1,62
1,<environment.Job instance at 0x7f0616198690>,29,27,[14  3],30,-1,89,-1,62
1,<environment.Job instance at 0x7f0616939c30>,35,15,[11  3],36,-1,120,-1,105
1,<environment.Job instance at 0x7f0615492500>,36,28,[4 7],37,-1,133,-1,105
1,<environment.Job instance at 0x7f0615492870>,38,3,[ 4 13],39,-1,108,-1,105
1,<environment.Job instance at 0x7f0615492410>,41,12,[13  1],42,-1,131,-1,119
1,<environment.Job instance at 0x7f06169c1d20>,43,13,[ 4 13],44,-1,143,-1,130
1,<environment.Job instance at 0x7f06169c1c30>,44,18,[11  5],45,-1,148,-1,130
1,<environment.Job instance at 0x7f061546c8c0>,47,24,[10  4],48,-1,166,-1,142
1,<environment.Job instance at 0x7f061546cb40>,48,25,[5 1],49,-1,167,-1,142
1,<environment.Job instance at 0x7f061546c870>,50,13,[ 5 13],51,-1,164,-1,151
1,<environment.Job instance at 0x7f061546c230>,53,23,[7 5],54,-1,189,-1,166
1,<environment.Job instance at 0x7f061546c500>,54,26,[ 5 13],55,-1,192,-1,166
1,<environment.Job instance at 0x7f061546c050>,55,17,[ 2 10],56,-1,184,-1,167
1,<environment.Job instance at 0x7f061546c0f0>,58,23,[3 5],59,-1,203,-1,180
1,<environment.Job instance at 0x7f061f38de60>,61,23,[5 3],62,-1,230,-1,207
1,<environment.Job instance at 0x7f0616babe10>,64,27,[5 6],65,-1,252,-1,225
1,<environment.Job instance at 0x7f06165e0cd0>,67,26,[ 2 12],68,-1,266,-1,240
1,<environment.Job instance at 0x7f06161ac2d0>,69,3,[ 2 11],70,-1,243,-1,240
1,<environment.Job instance at 0x7f0616692eb0>,71,16,[14  5],72,-1,267,-1,251
1,<environment.Job instance at 0x7f061601baa0>,72,24,[5 1],73,-1,275,-1,251
1,<environment.Job instance at 0x7f06160073c0>,73,17,[ 5 12],74,-1,268,-1,251
1,<environment.Job instance at 0x7f0615b56d70>,75,12,[5 1],76,-1,269,-1,257
1,<environment.Job instance at 0x7f06163ef7d0>,76,1,[5 8],77,-1,258,-1,257
1,<environment.Job instance at 0x7f061668feb0>,79,1,[8 4],80,-1,286,-1,285
1,<environment.Job instance at 0x7f06163f3690>,81,24,[1 9],82,-1,309,-1,285
1,<environment.Job instance at 0x7f06163f3eb0>,82,1,[7 2],83,-1,286,-1,285
1,<environment.Job instance at 0x7f06163db280>,84,12,[ 4 10],85,-1,314,-1,302
1,<environment.Job instance at 0x7f06163d5460>,85,15,[14  2],86,-1,317,-1,302
1,<environment.Job instance at 0x7f061577ba00>,86,1,[6 2],87,-1,303,-1,302
1,<environment.Job instance at 0x7f06163db050>,87,13,[ 5 11],88,-1,315,-1,302
1,<environment.Job instance at 0x7f06163dbb40>,88,12,[12  2],89,-1,314,-1,302
1,<environment.Job instance at 0x7f0616663c80>,90,17,[ 4 14],91,-1,319,-1,302
1,<environment.Job instance at 0x7f0616663aa0>,93,14,[ 2 11],94,-1,332,-1,318
1,<environment.Job instance at 0x7f06166633c0>,95,22,[7 1],96,-1,354,-1,332
1,<environment.Job instance at 0x7f0616663500>,97,25,[1 7],98,-1,357,-1,332
1,<environment.Job instance at 0x7f061669b870>,99,25,[6 4],100,-1,357,-1,332
1,<environment.Job instance at 0x7f061669bc30>,100,25,[14  3],101,-1,357,-1,332
1,<environment.Job instance at 0x7f061669b6e0>,101,27,[8 1],102,-1,359,-1,332
1,<environment.Job instance at 0x7f061669b5f0>,103,20,[ 3 12],104,-1,361,-1,341
1,<environment.Job instance at 0x7f0616675500>,104,2,[1 8],105,-1,343,-1,341
1,<environment.Job instance at 0x7f0616675d20>,105,23,[5 2],106,-1,364,-1,341
1,<environment.Job instance at 0x7f0616675dc0>,106,23,[1 6],107,-1,364,-1,341
1,<environment.Job instance at 0x7f0616675be0>,107,23,[10  4],108,-1,364,-1,341
1,<environment.Job instance at 0x7f0616675b40>,109,21,[ 2 10],110,-1,369,-1,348
1,<environment.Job instance at 0x7f06166755a0>,110,28,[8 5],111,-1,376,-1,348
1,<environment.Job instance at 0x7f0616675280>,113,2,[10  3],114,-1,366,-1,364
1,<environment.Job instance at 0x7f061666beb0>,115,14,[10  1],116,-1,389,-1,375
1,<environment.Job instance at 0x7f061666bf00>,116,26,[ 5 10],117,-1,401,-1,375
1,<environment.Job instance at 0x7f061666b320>,118,16,[12  4],119,-1,394,-1,378
1,<environment.Job instance at 0x7f0615e07550>,3,19,[ 1 11],4,-1,23,-1,4
1,<environment.Job instance at 0x7f0615e07f00>,4,26,[5 3],5,-1,31,-1,5
1,<environment.Job instance at 0x7f0615fafe60>,5,27,[6 1],6,-1,33,-1,6
1,<environment.Job instance at 0x7f0615faf280>,12,17,[13  2],13,-1,31,-1,14
1,<environment.Job instance at 0x7f0615faf550>,13,20,[ 1 13],14,-1,34,-1,14
1,<environment.Job instance at 0x7f0615faf0a0>,14,18,[11  2],15,-1,33,-1,15
1,<environment.Job instance at 0x7f0615fafaf0>,15,26,[12  4],16,-1,42,-1,16
1,<environment.Job instance at 0x7f0615faf820>,16,14,[11  2],17,-1,31,-1,17
1,<environment.Job instance at 0x7f0615fafbe0>,19,13,[ 1 13],20,-1,37,-1,24
1,<environment.Job instance at 0x7f0615df27d0>,22,1,[6 3],23,-1,42,-1,41
1,<environment.Job instance at 0x7f0615df22d0>,23,2,[ 4 11],24,-1,43,-1,41
1,<environment.Job instance at 0x7f0615df2910>,24,23,[ 2 11],25,-1,64,-1,41
1,<environment.Job instance at 0x7f0616bd55a0>,32,16,[11  2],33,-1,110,-1,94
1,<environment.Job instance at 0x7f0616bd5be0>,34,17,[13  2],35,-1,114,-1,97
1,<environment.Job instance at 0x7f0616bd5f50>,36,1,[10  5],37,-1,109,-1,108
1,<environment.Job instance at 0x7f0616bd5e10>,39,28,[4 8],40,-1,162,-1,134
1,<environment.Job instance at 0x7f0616bd56e0>,41,1,[9 5],42,-1,147,-1,146
1,<environment.Job instance at 0x7f0616bd5820>,42,14,[ 5 11],43,-1,160,-1,146
1,<environment.Job instance at 0x7f0616bd54b0>,43,13,[12  1],44,-1,159,-1,146
1,<environment.Job instance at 0x7f0616bd5320>,47,28,[ 1 10],48,-1,187,-1,159
1,<environment.Job instance at 0x7f0616bd5280>,49,15,[ 3 12],50,-1,186,-1,171
1,<environment.Job instance at 0x7f0616bd5050>,51,26,[9 3],52,-1,205,-1,179
1,<environment.Job instance at 0x7f0616bd5780>,52,24,[1 7],53,-1,203,-1,179
1,<environment.Job instance at 0x7f0616bd50a0>,53,26,[4 7],54,-1,205,-1,179
1,<environment.Job instance at 0x7f061659e460>,54,15,[14  1],55,-1,194,-1,179
1,<environment.Job instance at 0x7f061659e2d0>,55,25,[5 6],56,-1,204,-1,179
1,<environment.Job instance at 0x7f061659e1e0>,56,28,[1 5],57,-1,207,-1,179
1,<environment.Job instance at 0x7f061659e500>,57,17,[14  1],58,-1,196,-1,179
1,<environment.Job instance at 0x7f061659efa0>,59,14,[11  3],60,-1,206,-1,192
1,<environment.Job instance at 0x7f061659e9b0>,60,22,[11  4],61,-1,214,-1,192
1,<environment.Job instance at 0x7f061659ef00>,61,14,[ 4 14],62,-1,206,-1,192
1,<environment.Job instance at 0x7f061659e820>,62,17,[ 1 11],63,-1,209,-1,192
1,<environment.Job instance at 0x7f061659ef50>,64,23,[9 5],65,-1,247,-1,224
1,<environment.Job instance at 0x7f061659e550>,68,12,[13  4],69,-1,238,-1,226
1,<environment.Job instance at 0x7f0615787820>,78,26,[ 5 10],79,-1,304,-1,278
1,<environment.Job instance at 0x7f0615fa0960>,79,27,[2 7],80,-1,308,-1,281
1,<environment.Job instance at 0x7f0615fa0050>,85,26,[11  4],86,-1,349,-1,323
1,<environment.Job instance at 0x7f0615fa0fa0>,92,18,[ 1 13],93,-1,387,-1,369
1,<environment.Job instance at 0x7f0615fded70>,99,14,[ 5 12],100,-1,437,-1,423
1,<environment.Job instance at 0x7f0615fde9b0>,102,28,[ 1 12],103,-1,477,-1,449
1,<environment.Job instance at 0x7f06153c57d0>,118,17,[ 3 12],119,-1,561,-1,544
1,<environment.Job instance at 0x7f06157874b0>,1,26,[5 6],2,-1,28,-1,2
1,<environment.Job instance at 0x7f06156b5e60>,3,14,[ 1 13],4,-1,18,-1,4
1,<environment.Job instance at 0x7f06156b1050>,5,26,[11  1],6,-1,32,-1,6
1,<environment.Job instance at 0x7f06156b1230>,6,24,[12  2],7,-1,31,-1,7
1,<environment.Job instance at 0x7f06156b1500>,10,3,[ 5 14],11,-1,14,-1,11
1,<environment.Job instance at 0x7f06156b1640>,11,18,[ 3 12],12,-1,30,-1,12
1,<environment.Job instance at 0x7f06156b18c0>,16,23,[9 5],17,-1,47,-1,24
1,<environment.Job instance at 0x7f06156b1a00>,18,26,[ 4 12],19,-1,53,-1,27
1,<environment.Job instance at 0x7f06156b1aa0>,19,1,[ 2 14],20,-1,28,-1,27
1,<environment.Job instance at 0x7f06156b1b40>,20,25,[12  5],21,-1,52,-1,27
1,<environment.Job instance at 0x7f06156b1d20>,23,17,[13  3],24,-1,62,-1,45
1,<environment.Job instance at 0x7f06156b1eb0>,24,20,[ 4 11],25,-1,65,-1,45
1,<environment.Job instance at 0x7f06156b1e60>,27,25,[8 5],28,-1,89,-1,64
1,<environment.Job instance at 0x7f06156b16e0>,28,18,[11  3],29,-1,82,-1,64
1,<environment.Job instance at 0x7f06156a21e0>,29,27,[13  5],30,-1,91,-1,64
1,<environment.Job instance at 0x7f06156a2410>,34,25,[5 3],35,-1,126,-1,101
1,<environment.Job instance at 0x7f06156a25a0>,36,16,[ 3 11],37,-1,133,-1,117
1,<environment.Job instance at 0x7f06156a25f0>,37,28,[4 9],38,-1,145,-1,117
1,<environment.Job instance at 0x7f06156a26e0>,38,25,[11  1],39,-1,142,-1,117
1,<environment.Job instance at 0x7f06156a28c0>,41,12,[12  1],42,-1,150,-1,138
1,<environment.Job instance at 0x7f06156a2c30>,44,27,[ 3 14],45,-1,173,-1,146
1,<environment.Job instance at 0x7f06156a2be0>,45,13,[ 3 13],46,-1,159,-1,146
1,<environment.Job instance at 0x7f06156a2b40>,46,28,[11  1],47,-1,174,-1,146
1,<environment.Job instance at 0x7f06156a2d70>,47,18,[ 4 11],48,-1,164,-1,146
1,<environment.Job instance at 0x7f06156a2f50>,50,18,[12  3],51,-1,181,-1,163
1,<environment.Job instance at 0x7f06156d11e0>,54,17,[ 3 13],55,-1,216,-1,199
1,<environment.Job instance at 0x7f06156d13c0>,57,1,[1 7],58,-1,201,-1,200
1,<environment.Job instance at 0x7f06156d1780>,61,24,[5 3],62,-1,257,-1,233
1,<environment.Job instance at 0x7f06156d1af0>,64,19,[12  3],65,-1,264,-1,245
1,<environment.Job instance at 0x7f06156d1b40>,65,25,[2 6],66,-1,270,-1,245
1,<environment.Job instance at 0x7f06156d1cd0>,68,28,[4 6],69,-1,284,-1,256
1,<environment.Job instance at 0x7f06156d1e60>,70,18,[11  5],71,-1,282,-1,264
1,<environment.Job instance at 0x7f06156d1f00>,71,23,[ 1 10],72,-1,287,-1,264
1,<environment.Job instance at 0x7f06156d1fa0>,72,17,[ 3 14],73,-1,281,-1,264
1,<environment.Job instance at 0x7f06156d1f50>,74,28,[4 7],75,-1,302,-1,274
1,<environment.Job instance at 0x7f06156c6230>,76,24,[11  4],77,-1,311,-1,287
1,<environment.Job instance at 0x7f06156c62d0>,77,3,[7 3],78,-1,290,-1,287
1,<environment.Job instance at 0x7f061569f230>,80,24,[9 4],81,-1,314,-1,290
1,<environment.Job instance at 0x7f061569f320>,83,16,[ 1 12],84,-1,321,-1,305
1,<environment.Job instance at 0x7f0616090be0>,85,12,[ 2 12],86,-1,337,-1,325
1,<environment.Job instance at 0x7f0616090870>,90,17,[ 3 14],91,-1,367,-1,350
1,<environment.Job instance at 0x7f0616090690>,91,16,[12  1],92,-1,366,-1,350
1,<environment.Job instance at 0x7f0616090460>,93,17,[13  3],94,-1,372,-1,355
1,<environment.Job instance at 0x7f06160901e0>,98,12,[ 3 11],99,-1,397,-1,385
1,<environment.Job instance at 0x7f0615a86410>,99,27,[13  4],100,-1,412,-1,385
1,<environment.Job instance at 0x7f0616827190>,100,15,[ 3 14],101,-1,400,-1,385
1,<environment.Job instance at 0x7f061562c3c0>,103,14,[13  2],104,-1,414,-1,400
1,<environment.Job instance at 0x7f0615a8d690>,105,27,[3 8],106,-1,440,-1,413
1,<environment.Job instance at 0x7f0615a8df00>,108,15,[ 4 12],109,-1,429,-1,414
1,<environment.Job instance at 0x7f0616654230>,112,19,[14  4],113,-1,450,-1,431
1,<environment.Job instance at 0x7f0616c30780>,114,26,[ 2 10],115,-1,473,-1,447
1,<environment.Job instance at 0x7f0615623230>,115,1,[6 2],116,-1,448,-1,447
1,<environment.Job instance at 0x7f0615623e10>,117,17,[14  4],118,-1,466,-1,449
1,<environment.Job instance at 0x7f0615623370>,118,3,[14  4],119,-1,452,-1,449
1,<environment.Job instance at 0x7f0615838960>,5,22,[14  4],6,-1,28,-1,6
1,<environment.Job instance at 0x7f0615838320>,6,16,[14  2],7,-1,23,-1,7
1,<environment.Job instance at 0x7f0615838280>,11,3,[7 5],12,-1,16,-1,13
1,<environment.Job instance at 0x7f06158384b0>,13,23,[14  5],14,-1,37,-1,14
1,<environment.Job instance at 0x7f0616992910>,18,14,[12  4],19,-1,39,-1,25
1,<environment.Job instance at 0x7f06169920f0>,20,25,[ 4 10],21,-1,50,-1,25
1,<environment.Job instance at 0x7f0616992dc0>,21,22,[9 1],22,-1,70,-1,48
1,<environment.Job instance at 0x7f06169926e0>,27,19,[ 2 12],28,-1,67,-1,48
1,<environment.Job instance at 0x7f0616992500>,30,17,[ 5 14],31,-1,81,-1,64
1,<environment.Job instance at 0x7f0615ae1c30>,31,25,[ 1 11],32,-1,89,-1,64
1,<environment.Job instance at 0x7f0615ae1e60>,32,1,[3 7],33,-1,65,-1,64
1,<environment.Job instance at 0x7f0615ae1820>,35,23,[8 4],36,-1,102,-1,79
1,<environment.Job instance at 0x7f0615ae17d0>,36,12,[12  1],37,-1,91,-1,79
1,<environment.Job instance at 0x7f0615ae10a0>,37,17,[ 4 11],38,-1,96,-1,79
1,<environment.Job instance at 0x7f0615ae1910>,40,25,[5 1],41,-1,122,-1,97
1,<environment.Job instance at 0x7f0615ae1eb0>,41,2,[14  3],42,-1,99,-1,97
1,<environment.Job instance at 0x7f0615ae1870>,42,27,[10  5],43,-1,124,-1,97
1,<environment.Job instance at 0x7f06155a4640>,47,18,[ 1 13],48,-1,150,-1,132
1,<environment.Job instance at 0x7f06155a4f00>,48,26,[ 1 12],49,-1,158,-1,132
1,<environment.Job instance at 0x7f06155a42d0>,49,19,[12  1],50,-1,151,-1,132
1,<environment.Job instance at 0x7f06155a4be0>,50,22,[ 2 12],51,-1,154,-1,132
1,<environment.Job instance at 0x7f06155a48c0>,52,20,[12  3],53,-1,152,-1,132
1,<environment.Job instance at 0x7f06155a4190>,53,17,[14  4],54,-1,149,-1,132
1,<environment.Job instance at 0x7f06155a4550>,54,17,[12  2],55,-1,149,-1,132
1,<environment.Job instance at 0x7f06155a4230>,55,17,[ 2 13],56,-1,149,-1,132
1,<environment.Job instance at 0x7f06155a4eb0>,57,26,[ 3 14],58,-1,173,-1,147
1,<environment.Job instance at 0x7f06155a4dc0>,59,26,[1 5],60,-1,175,-1,149
1,<environment.Job instance at 0x7f06155a46e0>,61,18,[11  2],62,-1,178,-1,160
1,<environment.Job instance at 0x7f06155a4f50>,62,15,[11  1],63,-1,175,-1,160
1,<environment.Job instance at 0x7f06155a4d70>,64,23,[7 1],65,-1,188,-1,165
1,<environment.Job instance at 0x7f06155a40f0>,65,12,[ 4 13],66,-1,177,-1,165
1,<environment.Job instance at 0x7f0615b8caa0>,68,27,[ 3 12],69,-1,207,-1,180
1,<environment.Job instance at 0x7f0615b8c4b0>,69,24,[7 1],70,-1,204,-1,180
1,<environment.Job instance at 0x7f0615b8c370>,71,2,[ 2 12],72,-1,182,-1,180
1,<environment.Job instance at 0x7f0615b8c1e0>,72,13,[ 3 11],73,-1,193,-1,180
1,<environment.Job instance at 0x7f0615b8ce60>,76,15,[13  1],77,-1,224,-1,209
1,<environment.Job instance at 0x7f0615b8c280>,80,17,[12  4],81,-1,243,-1,226
1,<environment.Job instance at 0x7f0615b8c640>,82,2,[12  3],83,-1,241,-1,239
1,<environment.Job instance at 0x7f06167e9a00>,86,19,[14  5],87,-1,274,-1,255
1,<environment.Job instance at 0x7f06167e9410>,87,13,[10  2],88,-1,272,-1,259
1,<environment.Job instance at 0x7f06167e91e0>,88,24,[ 5 12],89,-1,283,-1,259
1,<environment.Job instance at 0x7f06167e9690>,89,25,[9 4],90,-1,284,-1,259
1,<environment.Job instance at 0x7f06167e9280>,94,15,[14  5],95,-1,287,-1,272
1,<environment.Job instance at 0x7f06167e95f0>,97,13,[10  1],98,-1,303,-1,290
1,<environment.Job instance at 0x7f06167e9b40>,99,20,[ 4 14],100,-1,325,-1,305
1,<environment.Job instance at 0x7f0615cd4370>,100,17,[14  1],101,-1,322,-1,305
1,<environment.Job instance at 0x7f06167e9e10>,101,16,[13  2],102,-1,321,-1,305
1,<environment.Job instance at 0x7f0615cd4d70>,103,2,[6 2],104,-1,308,-1,306
1,<environment.Job instance at 0x7f0616c02f00>,105,2,[ 1 12],106,-1,321,-1,319
1,<environment.Job instance at 0x7f0616c02c30>,107,20,[ 1 13],108,-1,344,-1,324
1,<environment.Job instance at 0x7f0616c02f50>,109,23,[ 3 11],110,-1,354,-1,331
1,<environment.Job instance at 0x7f0616c02960>,111,16,[ 1 14],112,-1,363,-1,347
1,<environment.Job instance at 0x7f0616c02410>,113,17,[12  2],114,-1,364,-1,347
1,<environment.Job instance at 0x7f0616c02280>,115,17,[ 1 13],116,-1,375,-1,358
1,<environment.Job instance at 0x7f0616992be0>,2,20,[ 2 11],3,-1,23,-1,3
1,<environment.Job instance at 0x7f0615366280>,4,16,[ 1 13],5,-1,21,-1,5
1,<environment.Job instance at 0x7f061576a1e0>,7,2,[2 7],8,-1,11,-1,9
1,<environment.Job instance at 0x7f061651a550>,9,12,[ 3 13],10,-1,22,-1,10
1,<environment.Job instance at 0x7f0615812d20>,13,18,[ 2 14],14,-1,32,-1,14
1,<environment.Job instance at 0x7f0615527370>,30,2,[10  3],31,-1,150,-1,148
1,<environment.Job instance at 0x7f0615527870>,32,27,[6 3],33,-1,181,-1,154
1,<environment.Job instance at 0x7f0615527730>,33,27,[ 3 11],34,-1,181,-1,154
1,<environment.Job instance at 0x7f0615591af0>,35,16,[11  5],36,-1,178,-1,162
1,<environment.Job instance at 0x7f0615591a50>,36,17,[12  2],37,-1,179,-1,162
1,<environment.Job instance at 0x7f0615591500>,39,16,[11  5],40,-1,218,-1,202
1,<environment.Job instance at 0x7f0615377050>,45,12,[14  5],46,-1,240,-1,228
1,<environment.Job instance at 0x7f0615377870>,46,17,[ 5 12],47,-1,245,-1,228
1,<environment.Job instance at 0x7f06153776e0>,47,26,[9 4],48,-1,254,-1,228
1,<environment.Job instance at 0x7f0615377cd0>,49,1,[7 2],50,-1,234,-1,233
1,<environment.Job instance at 0x7f0615664be0>,51,12,[ 2 14],52,-1,253,-1,241
1,<environment.Job instance at 0x7f0615664500>,54,12,[13  4],55,-1,273,-1,261
1,<environment.Job instance at 0x7f0615664aa0>,55,3,[9 3],56,-1,264,-1,261
1,<environment.Job instance at 0x7f06156646e0>,56,14,[ 3 12],57,-1,275,-1,261
1,<environment.Job instance at 0x7f06156645f0>,57,16,[13  2],58,-1,277,-1,261
1,<environment.Job instance at 0x7f0615722f50>,60,28,[ 5 12],61,-1,301,-1,273
1,<environment.Job instance at 0x7f0615722960>,61,2,[ 1 10],62,-1,275,-1,273
1,<environment.Job instance at 0x7f0615722320>,62,1,[7 4],63,-1,274,-1,273
1,<environment.Job instance at 0x7f0615722140>,65,3,[7 4],66,-1,283,-1,280
1,<environment.Job instance at 0x7f06159aa1e0>,67,25,[12  1],68,-1,305,-1,280
1,<environment.Job instance at 0x7f061566e460>,70,3,[9 5],71,-1,301,-1,298
1,<environment.Job instance at 0x7f06165e8c30>,72,28,[9 5],73,-1,326,-1,298
1,<environment.Job instance at 0x7f0615378640>,74,12,[11  1],75,-1,318,-1,306
1,<environment.Job instance at 0x7f061593fb40>,75,1,[12  5],76,-1,307,-1,306
1,<environment.Job instance at 0x7f0616933410>,76,2,[1 8],77,-1,308,-1,306
1,<environment.Job instance at 0x7f0616b4e6e0>,78,28,[6 2],79,-1,340,-1,312
1,<environment.Job instance at 0x7f06168a6c80>,80,22,[4 9],81,-1,377,-1,355
1,<environment.Job instance at 0x7f06162c5190>,85,25,[5 3],86,-1,380,-1,355
1,<environment.Job instance at 0x7f06162c5e10>,87,13,[14  1],88,-1,374,-1,361
1,<environment.Job instance at 0x7f0616591780>,88,20,[3 9],89,-1,381,-1,361
1,<environment.Job instance at 0x7f0616591550>,89,15,[ 2 13],90,-1,376,-1,361
1,<environment.Job instance at 0x7f0616591730>,90,1,[7 5],91,-1,362,-1,361
1,<environment.Job instance at 0x7f06165bf4b0>,84,28,[ 4 10],85,-1,392,-1,364
1,<environment.Job instance at 0x7f06159662d0>,95,24,[ 4 11],96,-1,405,-1,381
1,<environment.Job instance at 0x7f0615966be0>,96,16,[ 2 10],97,-1,397,-1,381
1,<environment.Job instance at 0x7f0615966190>,97,28,[8 4],98,-1,409,-1,381
1,<environment.Job instance at 0x7f06167f7be0>,102,24,[13  3],103,-1,453,-1,429
1,<environment.Job instance at 0x7f06167f7f50>,103,16,[ 5 12],104,-1,445,-1,429
1,<environment.Job instance at 0x7f06167f70f0>,104,17,[13  5],105,-1,446,-1,429
1,<environment.Job instance at 0x7f06167f7a50>,105,22,[ 3 12],106,-1,451,-1,429
1,<environment.Job instance at 0x7f06167f7b90>,106,13,[14  4],107,-1,442,-1,429
1,<environment.Job instance at 0x7f06167f7eb0>,107,24,[ 2 14],108,-1,453,-1,429
1,<environment.Job instance at 0x7f06161c2320>,112,20,[13  3],113,-1,463,-1,443
1,<environment.Job instance at 0x7f06161c2e60>,114,17,[13  1],115,-1,471,-1,454
1,<environment.Job instance at 0x7f06161c2690>,116,3,[10  5],117,-1,458,-1,455
1,<environment.Job instance at 0x7f06161c27d0>,117,12,[12  5],118,-1,467,-1,455
1,<environment.Job instance at 0x7f0615c62a50>,6,22,[ 4 11],7,-1,29,-1,7
1,<environment.Job instance at 0x7f06162a3be0>,10,3,[2 9],11,-1,17,-1,14
1,<environment.Job instance at 0x7f0615c761e0>,12,18,[ 4 13],13,-1,34,-1,16
1,<environment.Job instance at 0x7f0615c76370>,13,2,[1 6],14,-1,19,-1,17
1,<environment.Job instance at 0x7f0616c6c230>,14,12,[ 2 12],15,-1,29,-1,17
1,<environment.Job instance at 0x7f06153eae60>,19,3,[13  1],20,-1,62,-1,59
1,<environment.Job instance at 0x7f06153ea640>,22,17,[14  2],23,-1,92,-1,75
1,<environment.Job instance at 0x7f06169a8a00>,25,18,[13  4],26,-1,113,-1,95
1,<environment.Job instance at 0x7f06169a89b0>,26,14,[11  5],27,-1,109,-1,95
1,<environment.Job instance at 0x7f06162ccfa0>,28,16,[11  5],29,-1,115,-1,99
1,<environment.Job instance at 0x7f06162cc6e0>,29,15,[12  3],30,-1,114,-1,99
1,<environment.Job instance at 0x7f06162cc3c0>,30,13,[ 1 14],31,-1,112,-1,99
1,<environment.Job instance at 0x7f0616b81730>,31,15,[ 3 14],32,-1,114,-1,99
1,<environment.Job instance at 0x7f0616b812d0>,32,2,[10  3],33,-1,101,-1,99
1,<environment.Job instance at 0x7f061f51b2d0>,34,27,[6 3],35,-1,140,-1,113
1,<environment.Job instance at 0x7f061674a5f0>,35,1,[6 5],36,-1,114,-1,113
1,<environment.Job instance at 0x7f061674a550>,38,27,[10  1],39,-1,159,-1,132
1,<environment.Job instance at 0x7f0615568be0>,41,23,[12  4],42,-1,169,-1,146
1,<environment.Job instance at 0x7f0616745e60>,44,23,[10  2],45,-1,188,-1,165
1,<environment.Job instance at 0x7f0616ac0500>,46,14,[ 2 11],47,-1,179,-1,165
1,<environment.Job instance at 0x7f0615401e60>,49,13,[ 3 14],50,-1,192,-1,179
1,<environment.Job instance at 0x7f06154014b0>,50,13,[11  1],51,-1,192,-1,179
1,<environment.Job instance at 0x7f0615401820>,51,28,[5 6],52,-1,207,-1,179
1,<environment.Job instance at 0x7f0615415230>,54,2,[4 5],55,-1,197,-1,195
1,<environment.Job instance at 0x7f0615415460>,55,2,[ 1 10],56,-1,197,-1,195
1,<environment.Job instance at 0x7f06153fc0f0>,56,17,[11  3],57,-1,218,-1,201
1,<environment.Job instance at 0x7f06153fc050>,57,20,[ 4 13],58,-1,221,-1,201
1,<environment.Job instance at 0x7f06153e44b0>,58,27,[13  4],59,-1,228,-1,201
1,<environment.Job instance at 0x7f06153e4870>,59,14,[ 2 11],60,-1,215,-1,201
1,<environment.Job instance at 0x7f06153e4780>,63,17,[ 2 11],64,-1,230,-1,213
1,<environment.Job instance at 0x7f06153e4a50>,64,12,[13  5],65,-1,225,-1,213
1,<environment.Job instance at 0x7f06153e4190>,65,1,[12  1],66,-1,214,-1,213
1,<environment.Job instance at 0x7f06153e4fa0>,67,3,[ 3 12],68,-1,230,-1,227
1,<environment.Job instance at 0x7f06153e4e60>,68,1,[3 8],69,-1,228,-1,227
1,<environment.Job instance at 0x7f06153e4af0>,72,17,[13  5],73,-1,261,-1,244
1,<environment.Job instance at 0x7f06153ecdc0>,76,26,[9 2],77,-1,293,-1,267
1,<environment.Job instance at 0x7f06153eccd0>,77,24,[9 2],78,-1,291,-1,267
1,<environment.Job instance at 0x7f0615670550>,86,27,[ 1 13],87,-1,359,-1,332
1,<environment.Job instance at 0x7f06156705f0>,87,18,[ 2 12],88,-1,350,-1,332
1,<environment.Job instance at 0x7f0615670690>,88,3,[5 1],89,-1,335,-1,332
1,<environment.Job instance at 0x7f0615670730>,89,25,[ 4 14],90,-1,357,-1,332
1,<environment.Job instance at 0x7f06156707d0>,90,19,[ 3 14],91,-1,351,-1,332
1,<environment.Job instance at 0x7f0615670a50>,97,1,[2 5],98,-1,390,-1,389
1,<environment.Job instance at 0x7f0615670b40>,103,17,[ 4 11],104,-1,448,-1,431
1,<environment.Job instance at 0x7f0615687230>,105,12,[ 1 14],106,-1,443,-1,431
1,<environment.Job instance at 0x7f0615687370>,107,28,[ 1 14],108,-1,462,-1,434
1,<environment.Job instance at 0x7f06156874b0>,109,24,[ 4 14],110,-1,478,-1,454
1,<environment.Job instance at 0x7f0615687550>,110,12,[ 4 14],111,-1,466,-1,454
1,<environment.Job instance at 0x7f06156875f0>,111,23,[11  2],112,-1,477,-1,454
1,<environment.Job instance at 0x7f0615687870>,113,14,[12  1],114,-1,468,-1,454
1,<environment.Job instance at 0x7f0615687820>,114,27,[ 5 10],115,-1,481,-1,454
1,<environment.Job instance at 0x7f0615687960>,115,28,[13  4],116,-1,482,-1,454
1,<environment.Job instance at 0x7f0615687aa0>,117,18,[ 4 12],118,-1,473,-1,455
1,<environment.Job instance at 0x7f0615687b40>,118,25,[11  1],119,-1,480,-1,455
1,<environment.Job instance at 0x7fc5d1df3b40>,3,18,[ 4 14],4,-1,22,-1,4
1,<environment.Job instance at 0x7fc5db3df1e0>,5,24,[1 5],6,-1,33,-1,9
1,<environment.Job instance at 0x7fc5d1df3e10>,9,18,[ 2 13],10,-1,28,-1,10
1,<environment.Job instance at 0x7fc5d1df3fa0>,10,18,[ 3 11],11,-1,29,-1,11
1,<environment.Job instance at 0x7fc5d1df60a0>,11,15,[13  4],12,-1,27,-1,12
1,<environment.Job instance at 0x7fc5d1df6140>,12,26,[ 1 12],13,-1,39,-1,13
1,<environment.Job instance at 0x7fc5d1df65a0>,17,28,[ 5 10],18,-1,59,-1,31
1,<environment.Job instance at 0x7fc5d1df6640>,18,18,[ 4 13],19,-1,49,-1,31
1,<environment.Job instance at 0x7fc5d1df66e0>,19,14,[ 3 11],20,-1,45,-1,31
1,<environment.Job instance at 0x7fc5d1df6780>,20,12,[13  5],21,-1,43,-1,31
1,<environment.Job instance at 0x7fc5d1df6820>,21,1,[6 5],22,-1,32,-1,31
1,<environment.Job instance at 0x7fc5d1df68c0>,22,1,[2 7],23,-1,32,-1,31
1,<environment.Job instance at 0x7fc5d1df6960>,23,27,[ 1 14],24,-1,58,-1,31
1,<environment.Job instance at 0x7fc5d1df6aa0>,25,27,[8 1],26,-1,72,-1,45
1,<environment.Job instance at 0x7fc5d1df6b40>,26,26,[5 5],27,-1,71,-1,45
1,<environment.Job instance at 0x7fc5d1df6410>,28,25,[5 7],29,-1,88,-1,63
1,<environment.Job instance at 0x7fc5d1df6cd0>,29,25,[ 4 11],30,-1,88,-1,63
1,<environment.Job instance at 0x7fc5d1df6c30>,30,22,[ 5 13],31,-1,85,-1,63
1,<environment.Job instance at 0x7fc5d1df6fa0>,31,27,[4 8],32,-1,90,-1,63
1,<environment.Job instance at 0x7fc5d1df6f50>,33,12,[11  3],34,-1,75,-1,63
1,<environment.Job instance at 0x7fc5d1df9320>,37,13,[ 3 14],38,-1,109,-1,96
1,<environment.Job instance at 0x7fc5d1df93c0>,38,28,[ 2 12],39,-1,124,-1,96
1,<environment.Job instance at 0x7fc5d1df9460>,39,20,[ 1 10],40,-1,116,-1,96
1,<environment.Job instance at 0x7fc5d1df9500>,40,24,[5 6],41,-1,120,-1,96
1,<environment.Job instance at 0x7fc5d1df9640>,42,27,[5 2],43,-1,124,-1,97
1,<environment.Job instance at 0x7fc5d1df98c0>,45,24,[ 1 13],46,-1,140,-1,116
1,<environment.Job instance at 0x7fc5d1df99b0>,47,17,[12  2],48,-1,145,-1,128
1,<environment.Job instance at 0x7fc5d1df9af0>,49,15,[10  1],50,-1,155,-1,140
1,<environment.Job instance at 0x7fc5d1df9b90>,50,16,[ 2 11],51,-1,156,-1,140
1,<environment.Job instance at 0x7fc5d1df9c30>,51,16,[12  2],52,-1,156,-1,140
1,<environment.Job instance at 0x7fc5d1df9d70>,53,27,[8 5],54,-1,175,-1,148
1,<environment.Job instance at 0x7fc5d1df9eb0>,55,13,[13  1],56,-1,166,-1,153
1,<environment.Job instance at 0x7fc5d1df9f50>,56,20,[ 3 10],57,-1,174,-1,154
1,<environment.Job instance at 0x7fc5d1dfc460>,65,2,[10  4],66,-1,224,-1,222
1,<environment.Job instance at 0x7fc5d1dfc5f0>,66,13,[ 2 14],67,-1,235,-1,222
1,<environment.Job instance at 0x7fc5d1dfc730>,68,27,[ 1 10],69,-1,251,-1,224
1,<environment.Job instance at 0x7fc5d1dfc7d0>,69,2,[ 3 10],70,-1,226,-1,224
1,<environment.Job instance at 0x7fc5d1dfc870>,70,13,[ 3 12],71,-1,237,-1,224
1,<environment.Job instance at 0x7fc5d1dfc910>,71,21,[10  2],72,-1,250,-1,229
1,<environment.Job instance at 0x7fc5d1dfc9b0>,72,28,[5 1],73,-1,257,-1,229
1,<environment.Job instance at 0x7fc5d1dfca50>,73,2,[5 9],74,-1,231,-1,229
1,<environment.Job instance at 0x7fc5d1dfcc30>,76,14,[ 4 11],77,-1,250,-1,236
1,<environment.Job instance at 0x7fc5d1dfcf50>,79,12,[10  2],80,-1,261,-1,249
1,<environment.Job instance at 0x7fc5d1dff2d0>,84,20,[13  1],85,-1,308,-1,288
1,<environment.Job instance at 0x7fc5d1dff370>,85,18,[ 3 14],86,-1,306,-1,288
1,<environment.Job instance at 0x7fc5d1dff4b0>,87,3,[5 5],88,-1,309,-1,306
1,<environment.Job instance at 0x7fc5d1dff550>,88,2,[ 3 10],89,-1,308,-1,306
1,<environment.Job instance at 0x7fc5d1dff5f0>,89,21,[ 1 11],90,-1,327,-1,306
1,<environment.Job instance at 0x7fc5d1dff730>,91,14,[ 2 13],92,-1,320,-1,306
1,<environment.Job instance at 0x7fc5d1dff870>,93,22,[10  2],94,-1,329,-1,307
1,<environment.Job instance at 0x7fc5d1dffb90>,96,25,[8 5],97,-1,344,-1,319
1,<environment.Job instance at 0x7fc5d1dffc30>,98,22,[ 3 11],99,-1,346,-1,324
1,<environment.Job instance at 0x7fc5d1dffaa0>,99,12,[ 5 14],100,-1,336,-1,324
1,<environment.Job instance at 0x7fc5d1dfff00>,101,12,[8 1],102,-1,361,-1,349
1,<environment.Job instance at 0x7fc5d1dfff50>,102,27,[5 6],103,-1,376,-1,349
1,<environment.Job instance at 0x7fc5d1dffeb0>,103,24,[12  3],104,-1,373,-1,349
1,<environment.Job instance at 0x7fc5d1e01050>,104,22,[12  5],105,-1,371,-1,349
1,<environment.Job instance at 0x7fc5d1e010f0>,105,18,[12  4],106,-1,367,-1,349
1,<environment.Job instance at 0x7fc5d1e01230>,106,17,[ 5 13],107,-1,366,-1,349
1,<environment.Job instance at 0x7fc5d1e012d0>,107,23,[14  4],108,-1,372,-1,349
1,<environment.Job instance at 0x7fc5d1e01370>,108,12,[ 3 10],109,-1,361,-1,349
1,<environment.Job instance at 0x7fc5d1e01410>,109,21,[ 1 10],110,-1,370,-1,349
1,<environment.Job instance at 0x7fc5d1e015f0>,112,26,[ 5 12],113,-1,399,-1,373
1,<environment.Job instance at 0x7fc5d1e01690>,113,2,[6 2],114,-1,375,-1,373
1,<environment.Job instance at 0x7fc5d1e01730>,114,15,[12  1],115,-1,388,-1,373
1,<environment.Job instance at 0x7fc5d1e017d0>,115,14,[ 2 11],116,-1,387,-1,373
1,<environment.Job instance at 0x7fc5d1e01aa0>,117,14,[ 1 12],118,-1,387,-1,373
1,<environment.Job instance at 0x7fc5d1e01c30>,119,14,[ 3 14],120,-1,401,-1,387
1,<environment.Job instance at 0x7fc5d1e01e10>,122,27,[2 6],123,-1,428,-1,401
1,<environment.Job instance at 0x7fc5d1e01eb0>,123,24,[ 2 14],124,-1,425,-1,401
1,<environment.Job instance at 0x7fc5d1dec3c0>,124,22,[8 1],125,-1,423,-1,401
1,<environment.Job instance at 0x7fc5d1de9280>,126,12,[13  4],127,-1,428,-1,416
1,<environment.Job instance at 0x7fc5d1de9d20>,127,1,[ 4 11],128,-1,417,-1,416
1,<environment.Job instance at 0x7fc5d1de96e0>,128,23,[ 2 14],129,-1,439,-1,416
1,<environment.Job instance at 0x7fc5d1df3aa0>,7,25,[6 2],8,-1,1180,-1,1155
1,<environment.Job instance at 0x7fc5d1df3e60>,8,22,[14  3],9,-1,1178,-1,1156
1,<environment.Job instance at 0x7fc5d1533dc0>,4,28,[5 6],5,-1,33,-1,5
1,<environment.Job instance at 0x7fc5db3df230>,6,19,[11  3],7,-1,30,-1,11
1,<environment.Job instance at 0x7fc5d153f550>,13,25,[6 1],14,-1,60,-1,35
1,<environment.Job instance at 0x7fc5d153ff50>,14,20,[ 1 14],15,-1,55,-1,35
1,<environment.Job instance at 0x7fc5d153fe10>,15,13,[ 4 10],16,-1,48,-1,35
1,<environment.Job instance at 0x7fc5d153f690>,16,17,[14  2],17,-1,52,-1,35
1,<environment.Job instance at 0x7fc5d153f9b0>,18,16,[11  2],19,-1,60,-1,44
1,<environment.Job instance at 0x7fc5d153faf0>,19,23,[ 1 14],20,-1,67,-1,44
1,<environment.Job instance at 0x7fc5d153fcd0>,22,14,[13  4],23,-1,65,-1,51
1,<environment.Job instance at 0x7fc5d1540190>,24,22,[12  4],25,-1,80,-1,58
1,<environment.Job instance at 0x7fc5d153d550>,25,23,[1 7],26,-1,81,-1,58
1,<environment.Job instance at 0x7fc5d153d780>,27,16,[ 2 14],28,-1,84,-1,68
1,<environment.Job instance at 0x7fc5d153da50>,30,25,[9 3],31,-1,100,-1,75
1,<environment.Job instance at 0x7fc5d153daf0>,31,18,[1 9],32,-1,93,-1,75
1,<environment.Job instance at 0x7fc5d153aeb0>,34,14,[13  3],35,-1,104,-1,90
1,<environment.Job instance at 0x7fc5d153ab90>,35,3,[10  1],36,-1,93,-1,90
1,<environment.Job instance at 0x7fc5d153ac30>,36,3,[ 2 12],37,-1,93,-1,90
1,<environment.Job instance at 0x7fc5d153ae10>,37,21,[1 9],38,-1,111,-1,90
1,<environment.Job instance at 0x7fc5d153aaf0>,38,15,[11  2],39,-1,105,-1,90
1,<environment.Job instance at 0x7fc5d153a3c0>,39,14,[11  3],40,-1,104,-1,90
1,<environment.Job instance at 0x7fc5d153a1e0>,40,2,[9 5],41,-1,92,-1,90
1,<environment.Job instance at 0x7fc5d153a140>,41,22,[2 9],42,-1,112,-1,90
1,<environment.Job instance at 0x7fc5d1d3d370>,46,24,[11  5],47,-1,148,-1,124
1,<environment.Job instance at 0x7fc5d1416820>,47,21,[ 3 10],48,-1,145,-1,124
1,<environment.Job instance at 0x7fc5d13ae0a0>,48,25,[14  4],49,-1,149,-1,124
1,<environment.Job instance at 0x7fc5d1475af0>,50,26,[10  5],51,-1,164,-1,138
1,<environment.Job instance at 0x7fc5d14e3b90>,53,2,[13  3],54,-1,153,-1,151
1,<environment.Job instance at 0x7fc5d1411280>,54,21,[ 4 12],55,-1,172,-1,151
1,<environment.Job instance at 0x7fc5d140d4b0>,57,27,[2 9],58,-1,190,-1,163
1,<environment.Job instance at 0x7fc5d138bc80>,80,20,[ 3 13],81,-1,375,-1,355
1,<environment.Job instance at 0x7fc5d138bf50>,81,12,[ 2 14],82,-1,367,-1,355
1,<environment.Job instance at 0x7fc5d138b140>,82,13,[12  2],83,-1,368,-1,355
1,<environment.Job instance at 0x7fc5d138b280>,83,2,[5 9],84,-1,357,-1,355
1,<environment.Job instance at 0x7fc5d138ebe0>,95,14,[10  1],96,-1,541,-1,527
1,<environment.Job instance at 0x7fc5d138e960>,101,20,[1 7],102,-1,550,-1,530
1,<environment.Job instance at 0x7fc5d138e1e0>,102,26,[ 4 10],103,-1,556,-1,530
1,<environment.Job instance at 0x7fc5d138e0f0>,103,26,[8 3],104,-1,556,-1,530
1,<environment.Job instance at 0x7fc5d153b4b0>,104,16,[12  1],105,-1,546,-1,530
1,<environment.Job instance at 0x7fc5d153baa0>,105,19,[ 2 13],106,-1,549,-1,530
1,<environment.Job instance at 0x7fc5d153b730>,106,22,[11  1],107,-1,552,-1,530
1,<environment.Job instance at 0x7fc5d153bcd0>,107,22,[ 1 13],108,-1,552,-1,530
1,<environment.Job instance at 0x7fc5d153d3c0>,108,2,[2 8],109,-1,532,-1,530
1,<environment.Job instance at 0x7fc5d138d410>,113,24,[14  3],114,-1,616,-1,592
1,<environment.Job instance at 0x7fc5d138dcd0>,115,21,[12  3],116,-1,614,-1,593
1,<environment.Job instance at 0x7fc5d138da00>,117,28,[4 5],118,-1,623,-1,595
1,<environment.Job instance at 0x7fc5d1389910>,123,12,[9 1],124,-1,704,-1,692
1,<environment.Job instance at 0x7fc5d13897d0>,126,3,[9 1],127,-1,707,-1,704
1,<environment.Job instance at 0x7fc5d138e640>,93,26,[11  5],94,-1,1078,-1,1052
1,<environment.Job instance at 0x7fc5d138e460>,97,15,[13  5],98,-1,1075,-1,1060
1,<environment.Job instance at 0x7fc5e27c65a0>,2,27,[3 9],3,-1,30,-1,3
1,<environment.Job instance at 0x7fc5d138e460>,5,24,[1 5],6,-1,30,-1,6
1,<environment.Job instance at 0x7fc5db54daa0>,6,23,[3 6],7,-1,33,-1,10
1,<environment.Job instance at 0x7fc5db550dc0>,12,12,[13  5],13,-1,26,-1,14
1,<environment.Job instance at 0x7fc5db550190>,13,17,[ 2 10],14,-1,36,-1,19
1,<environment.Job instance at 0x7fc5db550e10>,14,25,[1 5],15,-1,44,-1,19
1,<environment.Job instance at 0x7fc5db550910>,20,14,[14  5],21,-1,80,-1,66
1,<environment.Job instance at 0x7fc5db550640>,21,13,[ 5 13],22,-1,79,-1,66
1,<environment.Job instance at 0x7fc5db5506e0>,24,18,[11  3],25,-1,96,-1,78
1,<environment.Job instance at 0x7fc5d147ccd0>,27,15,[ 1 13],28,-1,115,-1,100
1,<environment.Job instance at 0x7fc5d147ceb0>,28,27,[13  4],29,-1,127,-1,100
1,<environment.Job instance at 0x7fc5d147c190>,29,26,[3 5],30,-1,126,-1,100
1,<environment.Job instance at 0x7fc5d147cc80>,32,25,[3 9],33,-1,148,-1,123
1,<environment.Job instance at 0x7fc5d147c370>,33,13,[14  3],34,-1,136,-1,123
1,<environment.Job instance at 0x7fc5d147c460>,35,1,[7 3],36,-1,124,-1,123
1,<environment.Job instance at 0x7fc5d147c280>,36,14,[ 1 10],37,-1,137,-1,123
1,<environment.Job instance at 0x7fc5d147caf0>,37,1,[2 7],38,-1,124,-1,123
1,<environment.Job instance at 0x7fc5d147cb90>,38,16,[11  4],39,-1,139,-1,123
1,<environment.Job instance at 0x7fc5d147c910>,40,25,[4 5],41,-1,154,-1,129
1,<environment.Job instance at 0x7fc5d147cc30>,41,25,[6 3],42,-1,154,-1,129
1,<environment.Job instance at 0x7fc5d14792d0>,42,2,[11  1],43,-1,131,-1,129
1,<environment.Job instance at 0x7fc5d1479230>,45,2,[5 5],46,-1,148,-1,146
1,<environment.Job instance at 0x7fc5d14793c0>,46,13,[ 1 13],47,-1,159,-1,146
1,<environment.Job instance at 0x7fc5d1479410>,47,26,[ 1 13],48,-1,172,-1,146
1,<environment.Job instance at 0x7fc5d1479780>,48,22,[3 9],49,-1,183,-1,161
1,<environment.Job instance at 0x7fc5d1479730>,49,16,[11  1],50,-1,177,-1,161
1,<environment.Job instance at 0x7fc5d1479d20>,50,14,[14  2],51,-1,175,-1,161
1,<environment.Job instance at 0x7fc5d14798c0>,53,15,[5 1],54,-1,192,-1,177
1,<environment.Job instance at 0x7fc5d1479910>,54,25,[2 8],55,-1,202,-1,177
1,<environment.Job instance at 0x7fc5d1479fa0>,56,2,[ 5 13],57,-1,181,-1,179
1,<environment.Job instance at 0x7fc5d1479e60>,57,24,[2 7],58,-1,203,-1,179
1,<environment.Job instance at 0x7fc5d1479b90>,58,16,[11  2],59,-1,195,-1,179
1,<environment.Job instance at 0x7fc5d14799b0>,59,22,[ 2 12],60,-1,201,-1,179
1,<environment.Job instance at 0x7fc5db559190>,63,18,[12  1],64,-1,227,-1,209
1,<environment.Job instance at 0x7fc5db559a50>,65,2,[6 1],66,-1,211,-1,209
1,<environment.Job instance at 0x7fc5db5595a0>,66,25,[8 5],67,-1,234,-1,209
1,<environment.Job instance at 0x7fc5db5590a0>,67,17,[ 1 10],68,-1,226,-1,209
1,<environment.Job instance at 0x7fc5db559730>,68,3,[5 9],69,-1,212,-1,209
1,<environment.Job instance at 0x7fc5db559780>,69,18,[ 2 14],70,-1,227,-1,209
1,<environment.Job instance at 0x7fc5db559960>,70,24,[9 1],71,-1,233,-1,209
1,<environment.Job instance at 0x7fc5db5599b0>,71,25,[7 1],72,-1,234,-1,209
1,<environment.Job instance at 0x7fc5db559af0>,72,24,[12  5],73,-1,233,-1,209
1,<environment.Job instance at 0x7fc5db559230>,73,23,[10  2],74,-1,232,-1,209
1,<environment.Job instance at 0x7fc5db559820>,74,15,[ 1 11],75,-1,224,-1,209
1,<environment.Job instance at 0x7fc5db559f00>,75,16,[ 5 12],76,-1,225,-1,209
1,<environment.Job instance at 0x7fc5db559dc0>,76,27,[ 4 14],77,-1,236,-1,209
1,<environment.Job instance at 0x7fc5d138bf00>,77,23,[2 9],78,-1,232,-1,209
1,<environment.Job instance at 0x7fc5d138b5f0>,79,15,[13  1],80,-1,237,-1,222
1,<environment.Job instance at 0x7fc5d138baf0>,86,12,[ 4 14],87,-1,272,-1,260
1,<environment.Job instance at 0x7fc5db555690>,90,23,[2 7],91,-1,299,-1,276
1,<environment.Job instance at 0x7fc5db5551e0>,91,12,[14  1],92,-1,288,-1,276
1,<environment.Job instance at 0x7fc5db3deeb0>,92,28,[1 7],93,-1,304,-1,276
1,<environment.Job instance at 0x7fc5d14e4c30>,98,22,[5 2],99,-1,361,-1,339
1,<environment.Job instance at 0x7fc5d14e4f50>,105,25,[ 5 10],106,-1,398,-1,373
1,<environment.Job instance at 0x7fc5d14e4e60>,108,20,[14  4],109,-1,408,-1,388
1,<environment.Job instance at 0x7fc5d14e45f0>,110,27,[ 4 10],111,-1,415,-1,388
1,<environment.Job instance at 0x7fc5d14e4280>,111,25,[12  4],112,-1,413,-1,388
1,<environment.Job instance at 0x7fc5d14e4780>,112,2,[5 7],113,-1,390,-1,388
1,<environment.Job instance at 0x7fc5d14e4be0>,113,27,[3 8],114,-1,415,-1,388
1,<environment.Job instance at 0x7fc5d14e4cd0>,114,13,[11  5],115,-1,401,-1,388
1,<environment.Job instance at 0x7fc5d14e4960>,115,24,[8 4],116,-1,412,-1,388
1,<environment.Job instance at 0x7fc5d14e48c0>,117,2,[6 3],118,-1,401,-1,399
1,<environment.Job instance at 0x7fc5d14e41e0>,118,3,[13  2],119,-1,402,-1,399
1,<environment.Job instance at 0x7fc5db487b40>,121,17,[12  4],122,-1,434,-1,417
1,<environment.Job instance at 0x7fc5db4871e0>,123,1,[7 4],124,-1,418,-1,417
1,<environment.Job instance at 0x7fc5db487c30>,125,14,[12  3],126,-1,447,-1,433
1,<environment.Job instance at 0x7fc5db487af0>,126,12,[ 5 14],127,-1,445,-1,433
1,<environment.Job instance at 0x7fc5db487780>,128,3,[5 5],129,-1,450,-1,447
1,<environment.Job instance at 0x7fc5db54d640>,9,26,[9 4],10,-1,897,-1,871
1,<environment.Job instance at 0x7fc5db54d4b0>,4,22,[ 1 12],5,-1,27,-1,5
1,<environment.Job instance at 0x7fc5d18fa8c0>,6,26,[ 3 12],7,-1,33,-1,7
1,<environment.Job instance at 0x7fc5d1803370>,7,12,[ 2 14],8,-1,20,-1,8
1,<environment.Job instance at 0x7fc5d1803640>,14,2,[ 1 13],15,-1,33,-1,31
1,<environment.Job instance at 0x7fc5d1803c80>,15,1,[13  1],16,-1,32,-1,31
1,<environment.Job instance at 0x7fc5d1803460>,17,24,[1 8],18,-1,68,-1,44
1,<environment.Job instance at 0x7fc5d1803320>,20,26,[ 1 11],21,-1,85,-1,59
1,<environment.Job instance at 0x7fc5d1803aa0>,21,16,[14  5],22,-1,75,-1,59
1,<environment.Job instance at 0x7fc5d18a8050>,25,28,[10  3],26,-1,104,-1,76
1,<environment.Job instance at 0x7fc5d18a8960>,26,3,[3 5],27,-1,79,-1,76
1,<environment.Job instance at 0x7fc5d18d26e0>,30,25,[14  4],31,-1,121,-1,96
1,<environment.Job instance at 0x7fc5d18d2fa0>,33,3,[7 4],34,-1,109,-1,106
1,<environment.Job instance at 0x7fc5d18d2730>,35,3,[10  2],36,-1,121,-1,118
1,<environment.Job instance at 0x7fc5d18d2780>,36,24,[14  2],37,-1,142,-1,118
1,<environment.Job instance at 0x7fc5d18d2eb0>,37,3,[ 5 11],38,-1,121,-1,118
1,<environment.Job instance at 0x7fc5d18e6f50>,38,2,[ 2 12],39,-1,120,-1,118
1,<environment.Job instance at 0x7fc5d18e6500>,39,23,[ 4 11],40,-1,141,-1,118
1,<environment.Job instance at 0x7fc5d18e6870>,41,23,[ 3 13],42,-1,157,-1,134
1,<environment.Job instance at 0x7fc5d18e6960>,42,3,[8 4],43,-1,137,-1,134
1,<environment.Job instance at 0x7fc5d18e6c80>,44,24,[ 3 10],45,-1,173,-1,149
1,<environment.Job instance at 0x7fc5d18e68c0>,49,14,[ 1 14],50,-1,181,-1,167
1,<environment.Job instance at 0x7fc5d18e6e60>,50,25,[5 8],51,-1,192,-1,167
1,<environment.Job instance at 0x7fc5d18e6410>,51,27,[7 4],52,-1,194,-1,167
1,<environment.Job instance at 0x7fc5d18e6640>,52,3,[2 7],53,-1,170,-1,167
1,<environment.Job instance at 0x7fc5d18e60f0>,54,12,[10  3],55,-1,206,-1,194
1,<environment.Job instance at 0x7fc5d18e6690>,55,1,[ 1 10],56,-1,195,-1,194
1,<environment.Job instance at 0x7fc5d17887d0>,56,16,[12  4],57,-1,210,-1,194
1,<environment.Job instance at 0x7fc5d1788320>,59,3,[9 2],60,-1,200,-1,197
1,<environment.Job instance at 0x7fc5d1788dc0>,61,18,[ 4 13],62,-1,231,-1,213
1,<environment.Job instance at 0x7fc5d1788640>,62,23,[11  2],63,-1,236,-1,213
1,<environment.Job instance at 0x7fc5d17888c0>,63,12,[11  5],64,-1,225,-1,213
1,<environment.Job instance at 0x7fc5d1788aa0>,65,19,[14  4],66,-1,251,-1,232
1,<environment.Job instance at 0x7fc5d1788be0>,67,14,[ 5 11],68,-1,246,-1,232
1,<environment.Job instance at 0x7fc5d1a65cd0>,70,18,[14  2],71,-1,283,-1,265
1,<environment.Job instance at 0x7fc5d1a65b90>,71,16,[ 5 11],72,-1,281,-1,265
1,<environment.Job instance at 0x7fc5d1a65b40>,72,15,[ 1 14],73,-1,280,-1,265
1,<environment.Job instance at 0x7fc5d1a65780>,74,25,[3 8],75,-1,290,-1,265
1,<environment.Job instance at 0x7fc5d1a65a00>,75,28,[2 8],76,-1,293,-1,265
1,<environment.Job instance at 0x7fc5d1a65eb0>,76,3,[ 5 14],77,-1,268,-1,265
1,<environment.Job instance at 0x7fc5d1a65dc0>,77,27,[9 3],78,-1,292,-1,265
1,<environment.Job instance at 0x7fc5d1a65aa0>,78,15,[13  3],79,-1,280,-1,265
1,<environment.Job instance at 0x7fc5d1a65f50>,80,12,[ 3 12],81,-1,296,-1,284
1,<environment.Job instance at 0x7fc5d1a65730>,81,16,[ 3 11],82,-1,300,-1,284
1,<environment.Job instance at 0x7fc5d1a652d0>,85,12,[ 2 12],86,-1,313,-1,301
1,<environment.Job instance at 0x7fc5d1a65550>,86,27,[ 1 13],87,-1,328,-1,301
1,<environment.Job instance at 0x7fc5d1a6c780>,90,2,[13  5],91,-1,319,-1,317
1,<environment.Job instance at 0x7fc5d1a6c730>,93,24,[11  3],94,-1,357,-1,333
1,<environment.Job instance at 0x7fc5d1a6c820>,94,18,[13  3],95,-1,351,-1,333
1,<environment.Job instance at 0x7fc5d1a6cfa0>,97,23,[10  3],98,-1,383,-1,360
1,<environment.Job instance at 0x7fc5d1a6cb40>,102,24,[7 5],103,-1,415,-1,391
1,<environment.Job instance at 0x7fc5d1a6c230>,103,20,[14  5],104,-1,411,-1,391
1,<environment.Job instance at 0x7fc5d1a6ccd0>,105,18,[14  1],106,-1,409,-1,391
1,<environment.Job instance at 0x7fc5d1a50780>,106,27,[5 5],107,-1,418,-1,391
1,<environment.Job instance at 0x7fc5d1a50370>,109,13,[14  1],110,-1,420,-1,407
1,<environment.Job instance at 0x7fc5d139cbe0>,111,17,[14  5],112,-1,429,-1,412
1,<environment.Job instance at 0x7fc5d139c5a0>,123,15,[ 4 11],124,-1,511,-1,496
1,<environment.Job instance at 0x7fc5d139c6e0>,124,28,[6 1],125,-1,524,-1,496
1,<environment.Job instance at 0x7fc5d1756aa0>,7,15,[13  1],8,-1,23,-1,8
1,<environment.Job instance at 0x7fc5d1af4b40>,8,14,[12  4],9,-1,23,-1,9
1,<environment.Job instance at 0x7fc5d1af4be0>,11,25,[ 3 14],12,-1,49,-1,24
1,<environment.Job instance at 0x7fc5d1af4820>,12,14,[14  3],13,-1,38,-1,24
1,<environment.Job instance at 0x7fc5d1af4640>,14,14,[ 5 14],15,-1,39,-1,25
1,<environment.Job instance at 0x7fc5d174d2d0>,19,24,[6 5],20,-1,95,-1,71
1,<environment.Job instance at 0x7fc5d222a050>,20,22,[5 9],21,-1,129,-1,107
1,<environment.Job instance at 0x7fc5d224a460>,33,2,[ 4 11],34,-1,158,-1,156
1,<environment.Job instance at 0x7fc5d222cc80>,34,14,[ 5 12],35,-1,170,-1,156
1,<environment.Job instance at 0x7fc5d222caf0>,35,24,[ 5 11],36,-1,180,-1,156
1,<environment.Job instance at 0x7fc5d291e730>,36,25,[7 3],37,-1,181,-1,156
1,<environment.Job instance at 0x7fc5d1af0280>,42,17,[ 2 13],43,-1,225,-1,208
1,<environment.Job instance at 0x7fc5d291ed70>,43,27,[12  4],44,-1,235,-1,208
1,<environment.Job instance at 0x7fc5d1864dc0>,47,12,[ 5 12],48,-1,238,-1,226
1,<environment.Job instance at 0x7fc5d225d140>,48,14,[14  1],49,-1,240,-1,226
1,<environment.Job instance at 0x7fc5d225d0f0>,50,14,[12  4],51,-1,240,-1,226
1,<environment.Job instance at 0x7fc5d22445a0>,51,18,[11  5],52,-1,305,-1,287
1,<environment.Job instance at 0x7fc5d2226320>,60,28,[2 8],61,-1,315,-1,287
1,<environment.Job instance at 0x7fc5d22265a0>,64,2,[4 7],65,-1,306,-1,304
1,<environment.Job instance at 0x7fc5d2226730>,65,28,[ 1 13],66,-1,332,-1,304
1,<environment.Job instance at 0x7fc5d2226b90>,68,2,[ 4 11],69,-1,332,-1,330
1,<environment.Job instance at 0x7fc5d2226af0>,69,26,[9 4],70,-1,356,-1,330
1,<environment.Job instance at 0x7fc5d2226b40>,70,28,[2 7],71,-1,358,-1,330
1,<environment.Job instance at 0x7fc5d2226dc0>,72,22,[ 5 14],73,-1,352,-1,330
1,<environment.Job instance at 0x7fc5d1ae6730>,73,20,[14  1],74,-1,350,-1,330
1,<environment.Job instance at 0x7fc5d1ae6c30>,78,18,[ 1 10],79,-1,387,-1,369
1,<environment.Job instance at 0x7fc5d1ae6b40>,84,26,[1 5],85,-1,429,-1,403
1,<environment.Job instance at 0x7fc5d1ae67d0>,85,22,[11  4],86,-1,425,-1,403
1,<environment.Job instance at 0x7fc5d1ae6fa0>,86,21,[11  3],87,-1,424,-1,403
1,<environment.Job instance at 0x7fc5d1765190>,87,23,[ 4 10],88,-1,426,-1,403
1,<environment.Job instance at 0x7fc5d1765230>,88,19,[14  3],89,-1,422,-1,403
1,<environment.Job instance at 0x7fc5d17652d0>,89,1,[3 7],90,-1,404,-1,403
1,<environment.Job instance at 0x7fc5d1765370>,90,15,[11  4],91,-1,418,-1,403
1,<environment.Job instance at 0x7fc5d1765410>,91,17,[11  1],92,-1,420,-1,403
1,<environment.Job instance at 0x7fc5d17654b0>,92,2,[ 1 14],93,-1,405,-1,403
1,<environment.Job instance at 0x7fc5d1765550>,93,12,[13  2],94,-1,415,-1,403
1,<environment.Job instance at 0x7fc5d1765690>,95,15,[ 2 11],96,-1,420,-1,405
1,<environment.Job instance at 0x7fc5d1765730>,96,23,[7 4],97,-1,428,-1,405
1,<environment.Job instance at 0x7fc5d1765e60>,106,20,[7 1],107,-1,538,-1,518
1,<environment.Job instance at 0x7fc5d1765f50>,110,16,[14  3],111,-1,555,-1,539
1,<environment.Job instance at 0x7fc5d1adf500>,116,21,[12  5],117,-1,587,-1,566
1,<environment.Job instance at 0x7fc5d1adf690>,118,25,[6 1],119,-1,604,-1,579
1,<environment.Job instance at 0x7fc5d1adf4b0>,119,24,[11  4],120,-1,603,-1,579
1,<environment.Job instance at 0x7fc5d1adf7d0>,121,27,[5 1],122,-1,606,-1,579
1,<environment.Job instance at 0x7fc5d1adf910>,123,17,[14  5],124,-1,602,-1,585
1,<environment.Job instance at 0x7fc5d1adfaa0>,126,25,[8 3],127,-1,622,-1,597
1,<environment.Job instance at 0x7fc5d1adfb40>,127,13,[13  1],128,-1,610,-1,597
1,<environment.Job instance at 0x7fc5d177e4b0>,1,19,[12  1],2,-1,21,-1,2
1,<environment.Job instance at 0x7fc5d1765c80>,5,13,[ 2 12],6,-1,19,-1,6
1,<environment.Job instance at 0x7fc5d1831960>,6,25,[ 5 10],7,-1,32,-1,7
1,<environment.Job instance at 0x7fc5d1831460>,7,26,[9 3],8,-1,36,-1,10
1,<environment.Job instance at 0x7fc5d18313c0>,10,2,[1 6],11,-1,17,-1,15
1,<environment.Job instance at 0x7fc5d1831730>,13,15,[13  2],14,-1,30,-1,15
1,<environment.Job instance at 0x7fc5d1831fa0>,14,17,[12  3],15,-1,32,-1,15
1,<environment.Job instance at 0x7fc5d18319b0>,19,19,[13  1],20,-1,47,-1,28
1,<environment.Job instance at 0x7fc5d1824230>,24,28,[6 5],25,-1,81,-1,53
1,<environment.Job instance at 0x7fc5d18247d0>,27,18,[1 7],28,-1,102,-1,84
1,<environment.Job instance at 0x7fc5d18249b0>,29,13,[10  5],30,-1,97,-1,84
1,<environment.Job instance at 0x7fc5d2936c80>,30,14,[3 5],31,-1,99,-1,85
1,<environment.Job instance at 0x7fc5d2936cd0>,31,14,[3 6],32,-1,99,-1,85
1,<environment.Job instance at 0x7fc5d2936320>,32,25,[4 6],33,-1,110,-1,85
1,<environment.Job instance at 0x7fc5d2936910>,33,12,[6 1],34,-1,97,-1,85
1,<environment.Job instance at 0x7fc5d2936960>,34,24,[7 5],35,-1,109,-1,85
1,<environment.Job instance at 0x7fc5d2936b90>,39,24,[4 9],40,-1,152,-1,128
1,<environment.Job instance at 0x7fc5d2936eb0>,44,12,[ 1 14],45,-1,176,-1,164
1,<environment.Job instance at 0x7fc5d2936550>,45,14,[13  4],46,-1,178,-1,164
1,<environment.Job instance at 0x7fc5d223dcd0>,47,13,[13  3],48,-1,182,-1,169
1,<environment.Job instance at 0x7fc5d223d140>,49,27,[ 3 14],50,-1,204,-1,177
1,<environment.Job instance at 0x7fc5d223db90>,51,1,[ 5 13],52,-1,188,-1,187
1,<environment.Job instance at 0x7fc5d223d0f0>,52,25,[13  4],53,-1,212,-1,187
1,<environment.Job instance at 0x7fc5d223d280>,53,14,[14  1],54,-1,201,-1,187
1,<environment.Job instance at 0x7fc5d223df50>,54,1,[10  5],55,-1,188,-1,187
1,<environment.Job instance at 0x7fc5d223d2d0>,55,26,[13  4],56,-1,213,-1,187
1,<environment.Job instance at 0x7fc5d223dc80>,57,21,[ 2 13],58,-1,208,-1,187
1,<environment.Job instance at 0x7fc5d223d410>,58,16,[ 3 14],59,-1,203,-1,187
1,<environment.Job instance at 0x7fc5d223d500>,59,16,[ 1 11],60,-1,203,-1,187
1,<environment.Job instance at 0x7fc5d223d5f0>,61,24,[ 2 13],62,-1,219,-1,195
1,<environment.Job instance at 0x7fc5d223ddc0>,62,18,[13  3],63,-1,213,-1,195
1,<environment.Job instance at 0x7fc5d18728c0>,65,16,[ 1 12],66,-1,224,-1,208
1,<environment.Job instance at 0x7fc5d1872e10>,66,1,[ 2 10],67,-1,209,-1,208
1,<environment.Job instance at 0x7fc5d1872640>,67,26,[8 4],68,-1,234,-1,208
1,<environment.Job instance at 0x7fc5d18729b0>,68,16,[ 3 13],69,-1,224,-1,208
1,<environment.Job instance at 0x7fc5d1872500>,71,28,[ 5 12],72,-1,254,-1,226
1,<environment.Job instance at 0x7fc5d1872f50>,72,28,[2 6],73,-1,254,-1,226
1,<environment.Job instance at 0x7fc5d1872870>,74,28,[ 1 11],75,-1,272,-1,244
1,<environment.Job instance at 0x7fc5d18727d0>,76,23,[11  3],77,-1,267,-1,244
1,<environment.Job instance at 0x7fc5d1872cd0>,77,14,[13  5],78,-1,258,-1,244
1,<environment.Job instance at 0x7fc5d1872f00>,79,1,[6 1],80,-1,253,-1,252
1,<environment.Job instance at 0x7fc5d1872d70>,81,13,[12  5],82,-1,272,-1,259
1,<environment.Job instance at 0x7fc5d1883960>,85,27,[6 1],86,-1,321,-1,294
1,<environment.Job instance at 0x7fc5d1883780>,89,26,[2 7],90,-1,348,-1,322
1,<environment.Job instance at 0x7fc5d1883e10>,90,23,[10  3],91,-1,349,-1,326
1,<environment.Job instance at 0x7fc5d18837d0>,91,16,[14  1],92,-1,342,-1,326
1,<environment.Job instance at 0x7fc5d1883140>,92,1,[13  2],93,-1,329,-1,328
1,<environment.Job instance at 0x7fc5d1883eb0>,95,18,[11  1],96,-1,349,-1,331
1,<environment.Job instance at 0x7fc5d18832d0>,102,18,[ 4 11],103,-1,404,-1,386
1,<environment.Job instance at 0x7fc5d1883f50>,103,25,[5 6],104,-1,411,-1,386
1,<environment.Job instance at 0x7fc5d225db90>,104,26,[ 3 12],105,-1,412,-1,386
1,<environment.Job instance at 0x7fc5d225d4b0>,105,13,[ 4 13],106,-1,399,-1,386
1,<environment.Job instance at 0x7fc5d225de10>,106,2,[10  5],107,-1,388,-1,386
1,<environment.Job instance at 0x7fc5d225d5f0>,107,27,[5 7],108,-1,413,-1,386
1,<environment.Job instance at 0x7fc5d225d410>,108,20,[ 4 14],109,-1,406,-1,386
1,<environment.Job instance at 0x7fc5d225d320>,111,23,[11  4],112,-1,426,-1,403
1,<environment.Job instance at 0x7fc5d225d460>,113,23,[2 7],114,-1,437,-1,414
1,<environment.Job instance at 0x7fc5d225d960>,114,15,[12  4],115,-1,429,-1,414
1,<environment.Job instance at 0x7fc5d225dcd0>,115,2,[ 1 12],116,-1,416,-1,414
1,<environment.Job instance at 0x7fc5d225d730>,118,28,[6 4],119,-1,452,-1,424
1,<environment.Job instance at 0x7fc5d225dd70>,119,14,[14  3],120,-1,438,-1,424
1,<environment.Job instance at 0x7fc5d14e2780>,121,25,[ 2 14],122,-1,452,-1,427
1,<environment.Job instance at 0x7fc5d14e2550>,125,3,[ 3 14],126,-1,469,-1,466
1,<environment.Job instance at 0x7fc5d14e29b0>,126,27,[10  1],127,-1,493,-1,466
1,<environment.Job instance at 0x7fc5d250a0f0>,8,14,[14  5],9,-1,23,-1,9
1,<environment.Job instance at 0x7fc5d25836e0>,9,1,[ 3 12],10,-1,12,-1,11
1,<environment.Job instance at 0x7fc5d2591af0>,12,13,[ 2 13],13,-1,26,-1,13
1,<environment.Job instance at 0x7fc5d2591820>,14,14,[ 3 13],15,-1,29,-1,15
1,<environment.Job instance at 0x7fc5d2591690>,16,26,[ 1 12],17,-1,43,-1,17
1,<environment.Job instance at 0x7fc5d1855b40>,81,23,[13  3],82,-1,750,-1,727
1,<environment.Job instance at 0x7fc5d1855be0>,82,18,[ 2 12],83,-1,745,-1,727
1,<environment.Job instance at 0x7fc5d1855c80>,83,13,[11  1],84,-1,740,-1,727
1,<environment.Job instance at 0x7fc5d187e640>,97,12,[ 3 14],98,-1,886,-1,874
1,<environment.Job instance at 0x7fc5d187e780>,99,28,[14  4],100,-1,903,-1,875
1,<environment.Job instance at 0x7fc5d187e820>,100,28,[5 2],101,-1,903,-1,875
1,<environment.Job instance at 0x7fc5d187e8c0>,101,2,[5 9],102,-1,877,-1,875
1,<environment.Job instance at 0x7fc5d187e960>,102,24,[8 1],103,-1,899,-1,875
1,<environment.Job instance at 0x7fc5d187eaa0>,104,26,[5 7],105,-1,915,-1,889
1,<environment.Job instance at 0x7fc5d187edc0>,109,26,[7 3],110,-1,956,-1,930
1,<environment.Job instance at 0x7fc5d187ee60>,110,17,[ 5 12],111,-1,947,-1,930
1,<environment.Job instance at 0x7fc5d187eeb0>,113,2,[14  5],114,-1,951,-1,949
1,<environment.Job instance at 0x7fc5d187ef50>,114,2,[13  2],115,-1,951,-1,949
1,<environment.Job instance at 0x7fc5d187b050>,115,14,[ 1 10],116,-1,972,-1,958
1,<environment.Job instance at 0x7fc5d2006410>,10,17,[ 2 14],11,-1,35,-1,18
1,<environment.Job instance at 0x7fc5d2006730>,12,12,[13  4],13,-1,41,-1,29
1,<environment.Job instance at 0x7fc5d2006cd0>,15,17,[14  2],16,-1,58,-1,41
1,<environment.Job instance at 0x7fc5d2006dc0>,16,17,[ 1 12],17,-1,58,-1,41
1,<environment.Job instance at 0x7fc5d2006780>,19,27,[11  4],20,-1,76,-1,49
1,<environment.Job instance at 0x7fc5d2006190>,20,15,[ 2 13],21,-1,64,-1,49
1,<environment.Job instance at 0x7fc5d2006c80>,23,16,[11  3],24,-1,65,-1,49
1,<environment.Job instance at 0x7fc5d2006c30>,24,25,[6 2],25,-1,74,-1,49
1,<environment.Job instance at 0x7fc5d2006640>,25,17,[13  1],26,-1,66,-1,49
1,<environment.Job instance at 0x7fc5d17f5e10>,26,23,[8 2],27,-1,72,-1,49
1,<environment.Job instance at 0x7fc5d17f50a0>,27,26,[ 2 11],28,-1,75,-1,49
1,<environment.Job instance at 0x7fc5d17f5c30>,28,1,[6 4],29,-1,50,-1,49
1,<environment.Job instance at 0x7fc5d17f54b0>,29,16,[11  4],30,-1,73,-1,57
1,<environment.Job instance at 0x7fc5d17f5690>,30,26,[2 7],31,-1,83,-1,57
1,<environment.Job instance at 0x7fc5d17f55a0>,33,24,[13  5],34,-1,90,-1,66
1,<environment.Job instance at 0x7fc5d17f5f00>,35,12,[14  3],36,-1,86,-1,74
1,<environment.Job instance at 0x7fc5d17f51e0>,38,27,[6 5],39,-1,127,-1,100
1,<environment.Job instance at 0x7fc5d17f5d20>,40,13,[11  1],41,-1,113,-1,100
1,<environment.Job instance at 0x7fc5db2ce550>,50,24,[4 5],51,-1,191,-1,167
1,<environment.Job instance at 0x7fc5db2ce6e0>,52,12,[13  3],53,-1,180,-1,168
1,<environment.Job instance at 0x7fc5db2ce320>,53,25,[ 5 10],54,-1,193,-1,168
1,<environment.Job instance at 0x7fc5db2ce5f0>,55,14,[11  2],56,-1,184,-1,170
1,<environment.Job instance at 0x7fc5d2916d20>,56,15,[ 3 14],57,-1,185,-1,170
1,<environment.Job instance at 0x7fc5d2916500>,58,27,[7 4],59,-1,211,-1,184
1,<environment.Job instance at 0x7fc5d29162d0>,63,13,[ 1 12],64,-1,220,-1,207
1,<environment.Job instance at 0x7fc5d2916dc0>,66,14,[ 4 12],67,-1,239,-1,225
1,<environment.Job instance at 0x7fc5d2916230>,68,25,[ 1 14],69,-1,250,-1,225
1,<environment.Job instance at 0x7fc5d2916870>,69,14,[11  5],70,-1,239,-1,225
1,<environment.Job instance at 0x7fc5d2916190>,71,23,[ 4 13],72,-1,260,-1,237
1,<environment.Job instance at 0x7fc5d29163c0>,72,19,[11  1],73,-1,256,-1,237
1,<environment.Job instance at 0x7fc5d2916960>,73,18,[ 4 11],74,-1,255,-1,237
1,<environment.Job instance at 0x7fc5d17c6690>,76,13,[ 3 13],77,-1,264,-1,251
1,<environment.Job instance at 0x7fc5d17c6190>,79,16,[14  5],80,-1,289,-1,273
1,<environment.Job instance at 0x7fc5d17c6e10>,82,16,[14  3],83,-1,299,-1,283
1,<environment.Job instance at 0x7fc5d17c6c30>,83,3,[2 8],84,-1,286,-1,283
1,<environment.Job instance at 0x7fc5d17c6230>,84,3,[ 3 10],85,-1,286,-1,283
1,<environment.Job instance at 0x7fc5d17c6cd0>,89,2,[6 2],90,-1,308,-1,306
1,<environment.Job instance at 0x7fc5d17c6aa0>,90,14,[11  3],91,-1,324,-1,310
1,<environment.Job instance at 0x7fc5d17c6dc0>,92,12,[11  2],93,-1,322,-1,310
1,<environment.Job instance at 0x7fc5d24a0cd0>,102,23,[ 3 10],103,-1,397,-1,374
1,<environment.Job instance at 0x7fc5d24a0460>,106,14,[13  2],107,-1,421,-1,407
1,<environment.Job instance at 0x7fc5d24a00a0>,108,24,[ 1 14],109,-1,449,-1,425
1,<environment.Job instance at 0x7fc5d24a00f0>,109,2,[7 5],110,-1,427,-1,425
1,<environment.Job instance at 0x7fc5d24a0eb0>,110,1,[8 3],111,-1,426,-1,425
1,<environment.Job instance at 0x7fc5d24a0780>,113,1,[7 1],114,-1,441,-1,440
1,<environment.Job instance at 0x7fc5d24a0b90>,115,23,[ 2 12],116,-1,471,-1,448
1,<environment.Job instance at 0x7fc5d24a0960>,117,25,[7 3],118,-1,476,-1,451
1,<environment.Job instance at 0x7fc5d1ba7690>,118,1,[12  5],119,-1,452,-1,451
1,<environment.Job instance at 0x7fc5d1ba70a0>,119,13,[11  2],120,-1,464,-1,451
1,<environment.Job instance at 0x7fc5d1ba7e60>,120,27,[5 2],121,-1,480,-1,453
1,<environment.Job instance at 0x7fc5d2319be0>,128,2,[8 5],129,-1,501,-1,499
1,<environment.Job instance at 0x7fc5d1158be0>,4,20,[ 2 11],5,-1,25,-1,5
1,<environment.Job instance at 0x7fc5d11d3550>,7,26,[3 7],8,-1,34,-1,8
1,<environment.Job instance at 0x7fc5d11d3280>,8,26,[4 6],9,-1,35,-1,9
1,<environment.Job instance at 0x7fc5d11d35a0>,9,14,[ 3 14],10,-1,24,-1,10
1,<environment.Job instance at 0x7fc5d11d35f0>,16,18,[ 4 10],17,-1,44,-1,26
1,<environment.Job instance at 0x7fc5d11d3410>,19,28,[11  4],20,-1,54,-1,26
1,<environment.Job instance at 0x7fc5d11d3820>,20,22,[ 5 12],21,-1,48,-1,26
1,<environment.Job instance at 0x7fc5d11d3230>,22,25,[9 5],23,-1,63,-1,38
1,<environment.Job instance at 0x7fc5d11d3640>,23,22,[3 8],24,-1,64,-1,42
1,<environment.Job instance at 0x7fc5d11d3d70>,25,12,[9 1],26,-1,59,-1,47
1,<environment.Job instance at 0x7fc5d1252aa0>,26,22,[ 1 13],27,-1,69,-1,47
1,<environment.Job instance at 0x7fc5d1252f50>,27,14,[ 2 11],28,-1,61,-1,47
1,<environment.Job instance at 0x7fc5d1252190>,29,15,[ 5 14],30,-1,72,-1,57
1,<environment.Job instance at 0x7fc5d12524b0>,30,27,[3 6],31,-1,84,-1,57
1,<environment.Job instance at 0x7fc5d1252050>,31,2,[12  1],32,-1,59,-1,57
1,<environment.Job instance at 0x7fc5d1252e10>,33,18,[11  2],34,-1,75,-1,57
1,<environment.Job instance at 0x7fc5d1252d70>,34,14,[ 3 10],35,-1,71,-1,57
1,<environment.Job instance at 0x7fc5d1252b90>,35,27,[8 1],36,-1,84,-1,57
1,<environment.Job instance at 0x7fc5d1252960>,40,20,[14  2],41,-1,103,-1,83
1,<environment.Job instance at 0x7fc5d1252c80>,41,22,[10  5],42,-1,149,-1,127
1,<environment.Job instance at 0x7fc5d1259d20>,48,23,[2 5],49,-1,150,-1,127
1,<environment.Job instance at 0x7fc5d1259960>,49,13,[14  3],50,-1,140,-1,127
1,<environment.Job instance at 0x7fc5d1259b40>,50,18,[ 5 11],51,-1,145,-1,127
1,<environment.Job instance at 0x7fc5d1259460>,53,14,[13  2],54,-1,148,-1,134
1,<environment.Job instance at 0x7fc5d12595f0>,54,2,[7 1],55,-1,136,-1,134
1,<environment.Job instance at 0x7fc5d1259910>,55,22,[2 8],56,-1,156,-1,134
1,<environment.Job instance at 0x7fc5d1259050>,56,26,[12  3],57,-1,160,-1,134
1,<environment.Job instance at 0x7fc5d1259a50>,58,23,[7 4],59,-1,166,-1,143
1,<environment.Job instance at 0x7fc5d12591e0>,59,25,[ 4 12],60,-1,168,-1,143
1,<environment.Job instance at 0x7fc5d1259dc0>,62,1,[4 7],63,-1,160,-1,159
1,<environment.Job instance at 0x7fc5d1259550>,63,25,[ 2 10],64,-1,184,-1,159
1,<environment.Job instance at 0x7fc5d1259640>,64,14,[11  3],65,-1,173,-1,159
1,<environment.Job instance at 0x7fc5d118bb90>,72,1,[5 6],73,-1,223,-1,222
1,<environment.Job instance at 0x7fc5db552870>,74,25,[9 4],75,-1,259,-1,234
1,<environment.Job instance at 0x7fc5d14419b0>,76,2,[12  3],77,-1,236,-1,234
1,<environment.Job instance at 0x7fc5d1441aa0>,77,23,[4 8],78,-1,257,-1,234
1,<environment.Job instance at 0x7fc5d1c3faa0>,79,27,[ 5 14],80,-1,274,-1,247
1,<environment.Job instance at 0x7fc5d1c3f320>,80,17,[14  2],81,-1,264,-1,247
1,<environment.Job instance at 0x7fc5d1c3f050>,81,15,[12  2],82,-1,262,-1,247
1,<environment.Job instance at 0x7fc5d204b8c0>,84,26,[13  3],85,-1,293,-1,267
1,<environment.Job instance at 0x7fc5d2401e60>,85,23,[9 5],86,-1,290,-1,267
1,<environment.Job instance at 0x7fc5d204bb40>,86,27,[7 3],87,-1,294,-1,267
1,<environment.Job instance at 0x7fc5d204b730>,87,2,[9 4],88,-1,269,-1,267
1,<environment.Job instance at 0x7fc5d139ca00>,89,18,[11  2],90,-1,287,-1,269
1,<environment.Job instance at 0x7fc5d139cd20>,90,25,[9 5],91,-1,294,-1,269
1,<environment.Job instance at 0x7fc5d2289aa0>,93,17,[ 5 12],94,-1,300,-1,283
1,<environment.Job instance at 0x7fc5d14ca8c0>,94,23,[6 1],95,-1,306,-1,283
1,<environment.Job instance at 0x7fc5d190f280>,96,2,[ 4 14],97,-1,297,-1,295
1,<environment.Job instance at 0x7fc5d111df50>,97,23,[10  3],98,-1,318,-1,295
1,<environment.Job instance at 0x7fc5d29f0280>,98,14,[ 1 11],99,-1,309,-1,295
1,<environment.Job instance at 0x7fc5d29f0c30>,101,23,[ 2 12],102,-1,339,-1,316
1,<environment.Job instance at 0x7fc5d233a370>,102,27,[8 3],103,-1,343,-1,316
1,<environment.Job instance at 0x7fc5d26cd640>,107,25,[9 4],108,-1,375,-1,350
1,<environment.Job instance at 0x7fc5d1a65fa0>,111,28,[ 5 13],112,-1,395,-1,367
1,<environment.Job instance at 0x7fc5d1a65410>,112,15,[12  1],113,-1,382,-1,367
1,<environment.Job instance at 0x7fc5d1a655a0>,113,3,[ 5 14],114,-1,370,-1,367
1,<environment.Job instance at 0x7fc5d1756f50>,115,26,[4 9],116,-1,396,-1,370
1,<environment.Job instance at 0x7fc5d299b2d0>,116,27,[10  5],117,-1,397,-1,370
1,<environment.Job instance at 0x7fc5d1766320>,120,3,[1 6],121,-1,404,-1,401
1,<environment.Job instance at 0x7fc5d1766b90>,121,16,[13  4],122,-1,417,-1,401
1,<environment.Job instance at 0x7fc5d1766730>,123,16,[ 5 12],124,-1,419,-1,403
1,<environment.Job instance at 0x7fc5d12f0d20>,126,3,[6 1],127,-1,425,-1,422
1,<environment.Job instance at 0x7fc5d12f0190>,127,12,[ 2 12],128,-1,434,-1,422
1,<environment.Job instance at 0x7fc5d12f0b90>,128,2,[6 2],129,-1,424,-1,422
1,<environment.Job instance at 0x7fc5d180ab90>,3,18,[ 1 11],4,-1,22,-1,4
1,<environment.Job instance at 0x7fc5d1f7e2d0>,8,16,[ 2 13],9,-1,25,-1,9
1,<environment.Job instance at 0x7fc5d180ac80>,9,16,[ 5 12],10,-1,26,-1,10
1,<environment.Job instance at 0x7fc5d180a730>,10,12,[11  1],11,-1,23,-1,11
1,<environment.Job instance at 0x7fc5d180a410>,14,26,[10  5],15,-1,50,-1,24
1,<environment.Job instance at 0x7fc5d180a870>,15,2,[7 5],16,-1,26,-1,24
1,<environment.Job instance at 0x7fc5d298bfa0>,19,25,[1 7],20,-1,67,-1,42
1,<environment.Job instance at 0x7fc5d298b9b0>,24,27,[3 8],25,-1,102,-1,75
1,<environment.Job instance at 0x7fc5d298b230>,25,12,[1 9],26,-1,87,-1,75
1,<environment.Job instance at 0x7fc5d298b730>,27,28,[2 6],28,-1,107,-1,79
1,<environment.Job instance at 0x7fc5d298b4b0>,28,28,[7 1],29,-1,107,-1,79
1,<environment.Job instance at 0x7fc5d298bdc0>,29,26,[10  3],30,-1,105,-1,79
1,<environment.Job instance at 0x7fc5d298b140>,30,27,[5 2],31,-1,106,-1,79
1,<environment.Job instance at 0x7fc5d298bc30>,31,12,[ 3 13],32,-1,91,-1,79
1,<environment.Job instance at 0x7fc5d298b1e0>,32,17,[14  5],33,-1,96,-1,79
1,<environment.Job instance at 0x7fc5d298b2d0>,33,15,[14  2],34,-1,94,-1,79
1,<environment.Job instance at 0x7fc5d176d1e0>,34,15,[ 1 12],35,-1,94,-1,79
1,<environment.Job instance at 0x7fc5d176da50>,36,12,[10  1],37,-1,91,-1,79
1,<environment.Job instance at 0x7fc5d176d050>,38,12,[ 1 12],39,-1,106,-1,94
1,<environment.Job instance at 0x7fc5d176d2d0>,42,15,[11  5],43,-1,131,-1,116
1,<environment.Job instance at 0x7fc5d176d5f0>,45,21,[11  3],46,-1,155,-1,134
1,<environment.Job instance at 0x7fc5d176d190>,46,2,[1 8],47,-1,136,-1,134
1,<environment.Job instance at 0x7fc5d176dfa0>,49,12,[11  2],50,-1,163,-1,151
1,<environment.Job instance at 0x7fc5d176deb0>,50,18,[ 3 11],51,-1,169,-1,151
1,<environment.Job instance at 0x7fc5d176ddc0>,53,24,[2 8],54,-1,190,-1,166
1,<environment.Job instance at 0x7fc5d176dd20>,54,24,[5 7],55,-1,190,-1,166
1,<environment.Job instance at 0x7fc5d176d9b0>,55,13,[14  2],56,-1,179,-1,166
1,<environment.Job instance at 0x7fc5d294ad20>,56,12,[ 5 14],57,-1,178,-1,166
1,<environment.Job instance at 0x7fc5d294af50>,57,28,[11  4],58,-1,194,-1,166
1,<environment.Job instance at 0x7fc5d294a7d0>,58,1,[1 6],59,-1,167,-1,166
1,<environment.Job instance at 0x7fc5d294aaf0>,59,26,[1 8],60,-1,192,-1,166
1,<environment.Job instance at 0x7fc5d294a0f0>,64,24,[5 3],65,-1,208,-1,184
1,<environment.Job instance at 0x7fc5d294aa00>,65,15,[ 1 14],66,-1,199,-1,184
1,<environment.Job instance at 0x7fc5d294a5f0>,66,16,[ 3 13],67,-1,200,-1,184
1,<environment.Job instance at 0x7fc5d294a9b0>,67,23,[11  4],68,-1,207,-1,184
1,<environment.Job instance at 0x7fc5d294a190>,70,3,[2 7],71,-1,215,-1,212
1,<environment.Job instance at 0x7fc5d294a500>,73,26,[9 3],74,-1,258,-1,232
1,<environment.Job instance at 0x7fc5d1e4a7d0>,75,13,[14  4],76,-1,254,-1,241
1,<environment.Job instance at 0x7fc5d1e4aeb0>,78,14,[14  2],79,-1,263,-1,249
1,<environment.Job instance at 0x7fc5d1e4a8c0>,79,13,[14  4],80,-1,262,-1,249
1,<environment.Job instance at 0x7fc5d1e4abe0>,80,15,[ 4 12],81,-1,264,-1,249
1,<environment.Job instance at 0x7fc5d1e4a0a0>,82,26,[8 3],83,-1,288,-1,262
1,<environment.Job instance at 0x7fc5d1e4a460>,84,24,[3 9],85,-1,287,-1,263
1,<environment.Job instance at 0x7fc5d1e4af00>,87,13,[13  2],88,-1,291,-1,278
1,<environment.Job instance at 0x7fc5d1e4aa50>,88,1,[5 5],89,-1,279,-1,278
1,<environment.Job instance at 0x7fc5d1e4a1e0>,89,1,[8 2],90,-1,279,-1,278
1,<environment.Job instance at 0x7fc5d2647b90>,91,14,[ 3 13],92,-1,296,-1,282
1,<environment.Job instance at 0x7fc5d2647e10>,92,23,[6 1],93,-1,305,-1,282
1,<environment.Job instance at 0x7fc5d2647b40>,93,1,[10  4],94,-1,283,-1,282
1,<environment.Job instance at 0x7fc5d26473c0>,94,12,[5 1],95,-1,294,-1,282
1,<environment.Job instance at 0x7fc5d2647230>,95,16,[13  3],96,-1,298,-1,282
1,<environment.Job instance at 0x7fc5d2647730>,98,2,[5 4],99,-1,310,-1,308
1,<environment.Job instance at 0x7fc5d2647d70>,100,26,[ 2 10],101,-1,334,-1,308
1,<environment.Job instance at 0x7fc5d2647820>,105,26,[ 5 13],106,-1,362,-1,336
1,<environment.Job instance at 0x7fc5d26479b0>,107,15,[11  1],108,-1,351,-1,336
1,<environment.Job instance at 0x7fc5d2647d20>,110,1,[2 7],111,-1,357,-1,356
1,<environment.Job instance at 0x7fc5d2647c30>,111,3,[ 5 10],112,-1,359,-1,356
1,<environment.Job instance at 0x7fc5d1d28fa0>,113,23,[ 5 10],114,-1,385,-1,362
1,<environment.Job instance at 0x7fc5d1d28a00>,117,24,[10  4],118,-1,401,-1,377
1,<environment.Job instance at 0x7fc5d1d28a50>,118,16,[11  3],119,-1,393,-1,377
1,<environment.Job instance at 0x7fc5d1d283c0>,119,16,[11  5],120,-1,393,-1,377
1,<environment.Job instance at 0x7fc5d1d285a0>,121,1,[ 3 12],122,-1,392,-1,391
1,<environment.Job instance at 0x7fc5d1d284b0>,122,25,[10  3],123,-1,416,-1,391
1,<environment.Job instance at 0x7fc5d1d28640>,123,14,[ 5 12],124,-1,405,-1,391
1,<environment.Job instance at 0x7fc5d1d28c80>,124,20,[ 3 14],125,-1,411,-1,391
1,<environment.Job instance at 0x7fc5d1d28870>,125,24,[13  2],126,-1,415,-1,391
1,<environment.Job instance at 0x7fc5d1d28be0>,128,14,[11  5],129,-1,423,-1,409
1,<environment.Job instance at 0x7fc5d180aa50>,13,17,[ 2 14],14,-1,7178,-1,7161
1,<environment.Job instance at 0x7fc5d2588460>,2,23,[11  1],3,-1,26,-1,3
1,<environment.Job instance at 0x7fc5d28a8910>,4,18,[ 1 13],5,-1,23,-1,5
1,<environment.Job instance at 0x7fc5d180aaa0>,7,28,[7 5],8,-1,36,-1,8
1,<environment.Job instance at 0x7fc5d28a8c80>,9,2,[14  5],10,-1,13,-1,11
1,<environment.Job instance at 0x7fc5d28a89b0>,19,3,[6 1],20,-1,69,-1,66
1,<environment.Job instance at 0x7fc5d28a8320>,20,14,[1 6],21,-1,82,-1,68
1,<environment.Job instance at 0x7fc5d28a8140>,21,16,[ 2 13],22,-1,84,-1,68
1,<environment.Job instance at 0x7fc5d28a8730>,22,23,[7 1],23,-1,91,-1,68
1,<environment.Job instance at 0x7fc5d28a8b90>,23,13,[13  4],24,-1,81,-1,68
1,<environment.Job instance at 0x7fc5d28a8550>,24,18,[14  3],25,-1,86,-1,68
1,<environment.Job instance at 0x7fc5d22b9280>,26,24,[14  5],27,-1,102,-1,78
1,<environment.Job instance at 0x7fc5d22b9190>,27,25,[ 4 12],28,-1,103,-1,78
1,<environment.Job instance at 0x7fc5d22b9870>,28,15,[ 2 10],29,-1,93,-1,78
1,<environment.Job instance at 0x7fc5d22b9730>,29,18,[12  3],30,-1,96,-1,78
1,<environment.Job instance at 0x7fc5d22b9960>,31,18,[ 2 11],32,-1,116,-1,98
1,<environment.Job instance at 0x7fc5d22b9370>,32,13,[11  3],33,-1,111,-1,98
1,<environment.Job instance at 0x7fc5d22b9b40>,33,18,[13  2],34,-1,116,-1,98
1,<environment.Job instance at 0x7fc5d22b9640>,34,2,[7 1],35,-1,100,-1,98
1,<environment.Job instance at 0x7fc5d22b9050>,35,23,[ 5 13],36,-1,121,-1,98
1,<environment.Job instance at 0x7fc5d22b9b90>,36,23,[2 7],37,-1,121,-1,98
1,<environment.Job instance at 0x7fc5d22b9910>,37,28,[ 1 10],38,-1,126,-1,98
1,<environment.Job instance at 0x7fc5d22b9c30>,38,3,[2 6],39,-1,101,-1,98
1,<environment.Job instance at 0x7fc5d22b9eb0>,39,12,[ 4 14],40,-1,110,-1,98
1,<environment.Job instance at 0x7fc5d22b9fa0>,40,2,[10  3],41,-1,100,-1,98
1,<environment.Job instance at 0x7fc5d1f42370>,43,22,[3 5],44,-1,128,-1,106
1,<environment.Job instance at 0x7fc5d1f42870>,44,3,[9 1],45,-1,109,-1,106
1,<environment.Job instance at 0x7fc5d1f42cd0>,45,18,[ 5 11],46,-1,124,-1,106
1,<environment.Job instance at 0x7fc5d1f42c30>,53,17,[13  5],54,-1,209,-1,192
1,<environment.Job instance at 0x7fc5d1f42b40>,55,24,[12  4],56,-1,221,-1,197
1,<environment.Job instance at 0x7fc5d1f42e60>,56,25,[6 3],57,-1,222,-1,197
1,<environment.Job instance at 0x7fc5d2154f50>,57,27,[9 5],58,-1,224,-1,197
1,<environment.Job instance at 0x7fc5d2154aa0>,59,14,[ 2 13],60,-1,215,-1,201
1,<environment.Job instance at 0x7fc5d2154730>,61,1,[3 9],62,-1,210,-1,209
1,<environment.Job instance at 0x7fc5d2154e10>,64,17,[ 4 14],65,-1,240,-1,223
1,<environment.Job instance at 0x7fc5d2154280>,68,2,[6 2],69,-1,245,-1,243
1,<environment.Job instance at 0x7fc5d2154fa0>,77,26,[12  4],78,-1,345,-1,319
1,<environment.Job instance at 0x7fc5d19e2370>,88,18,[14  5],89,-1,406,-1,388
1,<environment.Job instance at 0x7fc5d19e2f50>,89,15,[ 1 12],90,-1,403,-1,388
1,<environment.Job instance at 0x7fc5d232eb40>,97,16,[14  4],98,-1,447,-1,431
1,<environment.Job instance at 0x7fc5d232e320>,99,16,[ 3 14],100,-1,449,-1,433
1,<environment.Job instance at 0x7fc5d232e690>,104,23,[14  2],105,-1,501,-1,478
1,<environment.Job instance at 0x7fc5d232e1e0>,105,24,[5 9],106,-1,549,-1,525
1,<environment.Job instance at 0x7fc5d153a870>,116,3,[13  3],117,-1,583,-1,580
1,<environment.Job instance at 0x7fc5d153a230>,117,1,[ 4 14],118,-1,581,-1,580
1,<environment.Job instance at 0x7fc5d153a4b0>,118,14,[ 3 14],119,-1,594,-1,580
1,<environment.Job instance at 0x7fc5d153aeb0>,120,16,[14  1],121,-1,611,-1,595
1,<environment.Job instance at 0x7fc5d153a960>,123,1,[ 5 13],124,-1,611,-1,610
1,<environment.Job instance at 0x7fc5d153a140>,124,26,[4 8],125,-1,636,-1,610
1,<environment.Job instance at 0x7fc5d11c5b40>,9,14,[ 3 11],10,-1,28,-1,14
1,<environment.Job instance at 0x7fc5d28b1820>,10,19,[ 3 10],11,-1,33,-1,14
1,<environment.Job instance at 0x7fc5d28b1d20>,13,27,[7 2],14,-1,44,-1,17
1,<environment.Job instance at 0x7fc5d28b1370>,14,12,[13  2],15,-1,29,-1,17
1,<environment.Job instance at 0x7fc5d28b1b90>,15,21,[10  1],16,-1,38,-1,17
1,<environment.Job instance at 0x7fc5d28b1960>,16,12,[ 2 14],17,-1,29,-1,17
1,<environment.Job instance at 0x7fc5d28b1c80>,17,17,[ 1 12],18,-1,35,-1,18
1,<environment.Job instance at 0x7fc5d28b14b0>,18,22,[13  4],19,-1,41,-1,19
1,<environment.Job instance at 0x7fc5d28b10f0>,19,18,[ 5 12],20,-1,38,-1,20
1,<environment.Job instance at 0x7fc5d28b1dc0>,20,25,[12  1],21,-1,46,-1,21
1,<environment.Job instance at 0x7fc5d28b15f0>,21,26,[10  2],22,-1,48,-1,22
1,<environment.Job instance at 0x7fc5d28b1f00>,22,3,[4 8],23,-1,26,-1,23
1,<environment.Job instance at 0x7fc5d28b1500>,24,12,[13  2],25,-1,45,-1,33
1,<environment.Job instance at 0x7fc5d28b1d70>,25,22,[6 2],26,-1,57,-1,35
1,<environment.Job instance at 0x7fc5d28b1a00>,26,26,[2 8],27,-1,61,-1,35
1,<environment.Job instance at 0x7fc5d28b1e10>,27,1,[4 7],28,-1,36,-1,35
1,<environment.Job instance at 0x7fc5d29082d0>,28,12,[10  2],29,-1,47,-1,35
1,<environment.Job instance at 0x7fc5d2908fa0>,29,14,[ 2 13],30,-1,49,-1,35
1,<environment.Job instance at 0x7fc5d2908e10>,31,15,[1 6],32,-1,64,-1,49
1,<environment.Job instance at 0x7fc5d2908780>,33,27,[ 1 13],34,-1,76,-1,49
1,<environment.Job instance at 0x7fc5d2908140>,34,18,[11  3],35,-1,67,-1,49
1,<environment.Job instance at 0x7fc5d29080f0>,36,13,[6 1],37,-1,62,-1,49
1,<environment.Job instance at 0x7fc5d2908820>,37,12,[12  5],38,-1,61,-1,49
1,<environment.Job instance at 0x7fc5d2908460>,38,12,[ 3 12],39,-1,61,-1,49
1,<environment.Job instance at 0x7fc5d1a4a9b0>,41,25,[ 2 14],42,-1,107,-1,82
1,<environment.Job instance at 0x7fc5d1a4ad70>,42,13,[5 1],43,-1,95,-1,82
1,<environment.Job instance at 0x7fc5d1a4a140>,43,20,[4 9],44,-1,118,-1,98
1,<environment.Job instance at 0x7fc5d1a4af50>,44,2,[5 7],45,-1,100,-1,98
1,<environment.Job instance at 0x7fc5d1a4ae10>,45,12,[1 6],46,-1,110,-1,98
1,<environment.Job instance at 0x7fc5d1a4a5f0>,46,1,[6 3],47,-1,99,-1,98
1,<environment.Job instance at 0x7fc5d1a4a5a0>,47,16,[12  2],48,-1,114,-1,98
1,<environment.Job instance at 0x7fc5d1a4a2d0>,48,17,[ 2 13],49,-1,115,-1,98
1,<environment.Job instance at 0x7fc5d23d0370>,49,27,[5 5],50,-1,125,-1,98
1,<environment.Job instance at 0x7fc5d23d0140>,53,13,[8 3],54,-1,125,-1,112
1,<environment.Job instance at 0x7fc5d17de410>,55,15,[ 5 12],56,-1,127,-1,112
1,<environment.Job instance at 0x7fc5d17de3c0>,56,17,[1 8],57,-1,129,-1,112
1,<environment.Job instance at 0x7fc5d17de460>,57,25,[1 9],58,-1,137,-1,112
1,<environment.Job instance at 0x7fc5d17de910>,58,17,[11  5],59,-1,129,-1,112
1,<environment.Job instance at 0x7fc5d17de960>,59,17,[ 5 11],60,-1,129,-1,112
1,<environment.Job instance at 0x7fc5d17deaf0>,60,14,[14  3],61,-1,126,-1,112
1,<environment.Job instance at 0x7fc5d17debe0>,61,17,[5 1],62,-1,129,-1,112
1,<environment.Job instance at 0x7fc5d17de1e0>,62,3,[7 2],63,-1,115,-1,112
1,<environment.Job instance at 0x7fc5d17de140>,63,15,[14  5],64,-1,127,-1,112
1,<environment.Job instance at 0x7fc5d17defa0>,64,14,[14  4],65,-1,126,-1,112
1,<environment.Job instance at 0x7fc5d17de370>,65,17,[ 2 12],66,-1,129,-1,112
1,<environment.Job instance at 0x7fc5d17de6e0>,66,28,[5 9],67,-1,140,-1,112
1,<environment.Job instance at 0x7fc5d17dee60>,67,26,[9 4],68,-1,138,-1,112
1,<environment.Job instance at 0x7fc5d17de780>,68,14,[2 7],69,-1,126,-1,112
1,<environment.Job instance at 0x7fc5d17de690>,69,25,[11  1],70,-1,137,-1,112
1,<environment.Job instance at 0x7fc5d17dea50>,71,1,[13  2],72,-1,128,-1,127
1,<environment.Job instance at 0x7fc5d17de7d0>,72,14,[13  2],73,-1,141,-1,127
1,<environment.Job instance at 0x7fc5d17de280>,74,26,[4 7],75,-1,154,-1,128
1,<environment.Job instance at 0x7fc5d17decd0>,75,2,[8 3],76,-1,130,-1,128
1,<environment.Job instance at 0x7fc5d18a8b90>,80,3,[5 1],81,-1,172,-1,169
1,<environment.Job instance at 0x7fc5db550cd0>,83,20,[ 1 14],84,-1,206,-1,186
1,<environment.Job instance at 0x7fc5d127b230>,84,12,[ 3 14],85,-1,198,-1,186
1,<environment.Job instance at 0x7fc5d27d15a0>,85,15,[ 1 10],86,-1,201,-1,186
1,<environment.Job instance at 0x7fc5d1cb47d0>,90,20,[ 5 13],91,-1,238,-1,218
1,<environment.Job instance at 0x7fc5d27d1730>,91,12,[ 5 13],92,-1,230,-1,218
1,<environment.Job instance at 0x7fc5d1cb4820>,92,15,[ 3 13],93,-1,233,-1,218
1,<environment.Job instance at 0x7fc5d292d4b0>,94,18,[ 2 10],95,-1,238,-1,220
1,<environment.Job instance at 0x7fc5d227d140>,98,2,[7 4],99,-1,254,-1,252
1,<environment.Job instance at 0x7fc5d25dadc0>,99,24,[8 2],100,-1,276,-1,252
1,<environment.Job instance at 0x7fc5d1943b40>,100,25,[5 8],101,-1,277,-1,252
1,<environment.Job instance at 0x7fc5d1910550>,101,15,[11  2],102,-1,267,-1,252
1,<environment.Job instance at 0x7fc5d1e28280>,102,15,[14  1],103,-1,267,-1,252
1,<environment.Job instance at 0x7fc5d1e288c0>,103,25,[ 2 10],104,-1,277,-1,252
1,<environment.Job instance at 0x7fc5d14e9d70>,104,2,[ 2 10],105,-1,254,-1,252
1,<environment.Job instance at 0x7fc5d1982050>,105,23,[7 1],106,-1,275,-1,252
1,<environment.Job instance at 0x7fc5db02cfa0>,106,23,[5 3],107,-1,275,-1,252
1,<environment.Job instance at 0x7fc5d1694be0>,107,26,[1 7],108,-1,278,-1,252
1,<environment.Job instance at 0x7fc5d19360a0>,109,13,[ 2 12],110,-1,265,-1,252
1,<environment.Job instance at 0x7fc5d16948c0>,110,27,[ 1 14],111,-1,279,-1,252
1,<environment.Job instance at 0x7fc5d1eec820>,113,28,[ 5 13],114,-1,299,-1,271
1,<environment.Job instance at 0x7fc5d1103fa0>,115,1,[6 4],116,-1,273,-1,272
1,<environment.Job instance at 0x7fc5d1917e10>,121,1,[ 2 13],122,-1,319,-1,318
1,<environment.Job instance at 0x7fc5db2d60a0>,123,3,[6 4],124,-1,326,-1,323
1,<environment.Job instance at 0x7fc5db2d6460>,124,13,[9 1],125,-1,336,-1,323
1,<environment.Job instance at 0x7fc5db2d6a50>,127,2,[11  1],128,-1,355,-1,353
1,<environment.Job instance at 0x7fc5db2d6a00>,128,2,[5 3],129,-1,355,-1,353
1,<environment.Job instance at 0x7fc5d1450eb0>,3,25,[ 5 10],4,-1,29,-1,4
1,<environment.Job instance at 0x7fc5d1450d20>,4,13,[12  3],5,-1,18,-1,5
1,<environment.Job instance at 0x7fc5d1450140>,5,20,[ 4 11],6,-1,26,-1,6
1,<environment.Job instance at 0x7fc5d14505a0>,7,15,[14  2],8,-1,23,-1,8
1,<environment.Job instance at 0x7fc5d14505f0>,8,12,[13  3],9,-1,21,-1,9
1,<environment.Job instance at 0x7fc5daf95e10>,20,28,[8 4],21,-1,83,-1,55
1,<environment.Job instance at 0x7fc5daf95a00>,24,13,[13  1],25,-1,96,-1,83
1,<environment.Job instance at 0x7fc5daf95dc0>,27,18,[12  1],28,-1,115,-1,97
1,<environment.Job instance at 0x7fc5daf95780>,29,19,[13  2],30,-1,131,-1,112
1,<environment.Job instance at 0x7fc5daf95820>,32,1,[ 2 13],33,-1,115,-1,114
1,<environment.Job instance at 0x7fc5daf95960>,33,24,[ 4 10],34,-1,138,-1,114
1,<environment.Job instance at 0x7fc5daf956e0>,41,28,[14  2],42,-1,218,-1,190
1,<environment.Job instance at 0x7fc5d25daa50>,45,3,[1 8],46,-1,229,-1,226
1,<environment.Job instance at 0x7fc5d25dab40>,46,22,[13  1],47,-1,248,-1,226
1,<environment.Job instance at 0x7fc5d25da910>,47,2,[5 7],48,-1,228,-1,226
1,<environment.Job instance at 0x7fc5d25da1e0>,48,22,[ 2 12],49,-1,248,-1,226
1,<environment.Job instance at 0x7fc5d25da3c0>,52,15,[13  5],53,-1,258,-1,243
1,<environment.Job instance at 0x7fc5d25daf50>,53,20,[ 1 14],54,-1,263,-1,243
1,<environment.Job instance at 0x7fc5d25da730>,55,12,[ 1 14],56,-1,272,-1,260
1,<environment.Job instance at 0x7fc5d25da370>,56,14,[ 3 11],57,-1,274,-1,260
1,<environment.Job instance at 0x7fc5d25da280>,58,12,[ 3 13],59,-1,272,-1,260
1,<environment.Job instance at 0x7fc5d25da8c0>,62,15,[ 4 11],63,-1,299,-1,284
1,<environment.Job instance at 0x7fc5d25d0870>,63,26,[7 4],64,-1,310,-1,284
1,<environment.Job instance at 0x7fc5d25d0dc0>,67,25,[5 8],68,-1,356,-1,331
1,<environment.Job instance at 0x7fc5d25d0cd0>,76,28,[ 3 11],77,-1,415,-1,387
1,<environment.Job instance at 0x7fc5d25d05f0>,78,16,[14  5],79,-1,411,-1,395
1,<environment.Job instance at 0x7fc5d25d07d0>,79,28,[6 3],80,-1,423,-1,395
1,<environment.Job instance at 0x7fc5d25d0960>,80,13,[14  3],81,-1,408,-1,395
1,<environment.Job instance at 0x7fc5d25d01e0>,82,14,[ 2 12],83,-1,417,-1,403
1,<environment.Job instance at 0x7fc5d1e43690>,84,21,[ 3 14],85,-1,428,-1,407
1,<environment.Job instance at 0x7fc5d25e5d70>,94,16,[13  2],95,-1,545,-1,529
1,<environment.Job instance at 0x7fc5d25e5d20>,100,2,[3 9],101,-1,568,-1,566
1,<environment.Job instance at 0x7fc5d25e5eb0>,101,18,[ 1 13],102,-1,584,-1,566
1,<environment.Job instance at 0x7fc5d25e5050>,103,16,[ 4 14],104,-1,583,-1,567
1,<environment.Job instance at 0x7fc5d25e51e0>,108,17,[12  3],109,-1,622,-1,605
1,<environment.Job instance at 0x7fc5d25e5190>,110,13,[13  2],111,-1,634,-1,621
1,<environment.Job instance at 0x7fc5d20498c0>,118,18,[ 1 11],119,-1,696,-1,678
1,<environment.Job instance at 0x7fc5d2049eb0>,120,26,[5 7],121,-1,716,-1,690
1,<environment.Job instance at 0x7fc5d2049c80>,2,26,[ 1 12],3,-1,29,-1,3
1,<environment.Job instance at 0x7fc5d14e9e10>,3,28,[ 3 14],4,-1,32,-1,4
1,<environment.Job instance at 0x7fc5d14e9a50>,7,20,[12  1],8,-1,28,-1,8
1,<environment.Job instance at 0x7fc5d2049af0>,8,24,[ 5 13],9,-1,33,-1,9
1,<environment.Job instance at 0x7fc5d28f2820>,9,23,[8 5],10,-1,33,-1,10
1,<environment.Job instance at 0x7fc5d28f2a50>,10,28,[4 9],11,-1,39,-1,11
1,<environment.Job instance at 0x7fc5d28f25a0>,11,24,[ 5 13],12,-1,36,-1,12
1,<environment.Job instance at 0x7fc5d14e92d0>,13,15,[ 2 12],14,-1,29,-1,14
1,<environment.Job instance at 0x7fc5d28f2eb0>,14,15,[ 3 13],15,-1,30,-1,15
1,<environment.Job instance at 0x7fc5d28f2b40>,15,25,[7 4],16,-1,42,-1,17
1,<environment.Job instance at 0x7fc5d28f2190>,18,25,[14  3],19,-1,44,-1,19
1,<environment.Job instance at 0x7fc5d28f2c80>,19,27,[14  3],20,-1,47,-1,20
1,<environment.Job instance at 0x7fc5d28f2be0>,25,15,[11  3],26,-1,71,-1,56
1,<environment.Job instance at 0x7fc5d28f20a0>,26,28,[4 7],27,-1,84,-1,56
1,<environment.Job instance at 0x7fc5d28f28c0>,28,3,[ 4 13],29,-1,59,-1,56
1,<environment.Job instance at 0x7fc5d1cb4820>,31,12,[13  1],32,-1,78,-1,66
1,<environment.Job instance at 0x7fc5d1cb47d0>,33,13,[ 4 13],34,-1,87,-1,74
1,<environment.Job instance at 0x7fc5d1cb4eb0>,34,18,[11  5],35,-1,92,-1,74
1,<environment.Job instance at 0x7fc5d28cf910>,37,24,[10  4],38,-1,110,-1,86
1,<environment.Job instance at 0x7fc5d28cf550>,38,25,[5 1],39,-1,111,-1,86
1,<environment.Job instance at 0x7fc5d28cf640>,40,13,[ 5 13],41,-1,111,-1,98
1,<environment.Job instance at 0x7fc5d199aa50>,44,26,[ 5 13],45,-1,154,-1,128
1,<environment.Job instance at 0x7fc5d199ad20>,54,27,[5 6],55,-1,220,-1,193
1,<environment.Job instance at 0x7fc5d199a820>,57,26,[ 2 12],58,-1,233,-1,207
1,<environment.Job instance at 0x7fc5d199a140>,59,3,[ 2 11],60,-1,223,-1,220
1,<environment.Job instance at 0x7fc5d199a500>,61,16,[14  5],62,-1,236,-1,220
1,<environment.Job instance at 0x7fc5d199a2d0>,62,24,[5 1],63,-1,244,-1,220
1,<environment.Job instance at 0x7fc5d199a870>,63,17,[ 5 12],64,-1,237,-1,220
1,<environment.Job instance at 0x7fc5d1756730>,71,24,[1 9],72,-1,351,-1,327
1,<environment.Job instance at 0x7fc5d1756f50>,83,14,[ 2 11],84,-1,359,-1,345
1,<environment.Job instance at 0x7fc5d1a1a320>,93,20,[ 3 12],94,-1,435,-1,415
1,<environment.Job instance at 0x7fc5d1a1a370>,94,2,[1 8],95,-1,417,-1,415
1,<environment.Job instance at 0x7fc5d1a1ae10>,95,23,[5 2],96,-1,439,-1,416
1,<environment.Job instance at 0x7fc5d1a1a0a0>,97,23,[10  4],98,-1,441,-1,418
1,<environment.Job instance at 0x7fc5d1a1aeb0>,100,28,[8 5],101,-1,464,-1,436
1,<environment.Job instance at 0x7fc5d1a1a050>,103,2,[10  3],104,-1,452,-1,450
1,<environment.Job instance at 0x7fc5d1af8cd0>,105,14,[10  1],106,-1,469,-1,455
1,<environment.Job instance at 0x7fc5d1af8640>,106,26,[ 5 10],107,-1,481,-1,455
1,<environment.Job instance at 0x7fc5d1af8c80>,108,16,[12  4],109,-1,480,-1,464
1,<environment.Job instance at 0x7fc5d1af8140>,117,13,[11  3],118,-1,545,-1,532
1,<environment.Job instance at 0x7fc5d1af8a50>,124,18,[11  2],125,-1,603,-1,585
1,<environment.Job instance at 0x7fc5d1db3280>,125,26,[12  4],126,-1,611,-1,585
1,<environment.Job instance at 0x7fc5d1db3aa0>,126,14,[11  2],127,-1,599,-1,585
1,<environment.Job instance at 0x7fc5d1a1a640>,90,25,[14  3],91,-1,854,-1,829
1,<environment.Job instance at 0x7fc5d1af8e10>,122,17,[13  2],123,-1,846,-1,829
1,<environment.Job instance at 0x7fc5d20d7e10>,4,23,[ 2 11],5,-1,28,-1,5
1,<environment.Job instance at 0x7fc5d2251550>,16,1,[10  5],17,-1,34,-1,33
1,<environment.Job instance at 0x7fc5d2251870>,19,28,[4 8],20,-1,99,-1,71
1,<environment.Job instance at 0x7fc5d20ba910>,21,1,[9 5],22,-1,72,-1,71
1,<environment.Job instance at 0x7fc5d20bafa0>,22,14,[ 5 11],23,-1,85,-1,71
1,<environment.Job instance at 0x7fc5d20ba730>,23,13,[12  1],24,-1,84,-1,71
1,<environment.Job instance at 0x7fc5d20bfe60>,29,15,[ 3 12],30,-1,123,-1,108
1,<environment.Job instance at 0x7fc5d1a9bc80>,33,26,[4 7],34,-1,160,-1,134
1,<environment.Job instance at 0x7fc5d20bf3c0>,34,15,[14  1],35,-1,149,-1,134
1,<environment.Job instance at 0x7fc5d241c2d0>,35,25,[5 6],36,-1,159,-1,134
1,<environment.Job instance at 0x7fc5db0061e0>,36,28,[1 5],37,-1,172,-1,144
1,<environment.Job instance at 0x7fc5db006640>,37,17,[14  1],38,-1,161,-1,144
1,<environment.Job instance at 0x7fc5d28a6f50>,39,14,[11  3],40,-1,170,-1,156
1,<environment.Job instance at 0x7fc5d28a6460>,40,22,[11  4],41,-1,178,-1,156
1,<environment.Job instance at 0x7fc5d24d2050>,42,17,[ 1 11],43,-1,173,-1,156
1,<environment.Job instance at 0x7fc5d13ca230>,45,23,[ 5 14],46,-1,208,-1,185
1,<environment.Job instance at 0x7fc5d1fe3190>,52,2,[5 2],53,-1,224,-1,222
1,<environment.Job instance at 0x7fc5d1fe3e60>,53,13,[ 1 13],54,-1,235,-1,222
1,<environment.Job instance at 0x7fc5d13f9f00>,56,13,[12  1],57,-1,248,-1,235
1,<environment.Job instance at 0x7fc5d13f91e0>,57,20,[10  4],58,-1,260,-1,240
1,<environment.Job instance at 0x7fc5d13f9e10>,59,27,[2 7],60,-1,267,-1,240
1,<environment.Job instance at 0x7fc5d13f9b90>,60,20,[2 6],61,-1,260,-1,240
1,<environment.Job instance at 0x7fc5d13f9370>,61,17,[ 1 10],62,-1,257,-1,240
1,<environment.Job instance at 0x7fc5d13f9730>,62,1,[ 1 10],63,-1,241,-1,240
1,<environment.Job instance at 0x7fc5d13f9500>,63,13,[12  2],64,-1,253,-1,240
1,<environment.Job instance at 0x7fc5d217db90>,65,26,[11  4],66,-1,289,-1,263
1,<environment.Job instance at 0x7fc5d20ccb90>,72,18,[ 1 13],73,-1,319,-1,301
1,<environment.Job instance at 0x7fc5d20cc500>,73,12,[12  2],74,-1,313,-1,301
1,<environment.Job instance at 0x7fc5d1c770a0>,94,1,[ 4 12],95,-1,479,-1,478
1,<environment.Job instance at 0x7fc5d1358fa0>,98,17,[ 3 12],99,-1,523,-1,506
1,<environment.Job instance at 0x7fc5d1d8b8c0>,100,27,[14  1],101,-1,539,-1,512
1,<environment.Job instance at 0x7fc5d1d8b2d0>,101,26,[5 6],102,-1,541,-1,515
1,<environment.Job instance at 0x7fc5d136b640>,103,14,[ 1 13],104,-1,529,-1,515
1,<environment.Job instance at 0x7fc5d13513c0>,116,23,[9 5],117,-1,670,-1,647
1,<environment.Job instance at 0x7fc5d1351b90>,120,25,[12  5],121,-1,685,-1,660
1,<environment.Job instance at 0x7fc5d1351780>,123,17,[13  3],124,-1,721,-1,704
1,<environment.Job instance at 0x7fc5d1351eb0>,124,20,[ 4 11],125,-1,724,-1,704
1,<environment.Job instance at 0x7fc5d1dabe10>,127,25,[8 5],128,-1,747,-1,722
1,<environment.Job instance at 0x7fc5d1cb7d70>,1,14,[ 4 13],2,-1,16,-1,2
1,<environment.Job instance at 0x7fc5d1c3b550>,4,25,[5 3],5,-1,30,-1,5
1,<environment.Job instance at 0x7fc5d1c3b0f0>,6,16,[ 3 11],7,-1,23,-1,7
1,<environment.Job instance at 0x7fc5d1c3bf00>,7,28,[4 9],8,-1,36,-1,8
1,<environment.Job instance at 0x7fc5d1c3b820>,8,25,[11  1],9,-1,34,-1,9
1,<environment.Job instance at 0x7fc5d1c77500>,11,12,[12  1],12,-1,24,-1,12
1,<environment.Job instance at 0x7fc5d1948e60>,15,13,[ 3 13],16,-1,35,-1,22
1,<environment.Job instance at 0x7fc5d1948050>,16,28,[11  1],17,-1,50,-1,22
1,<environment.Job instance at 0x7fc5d1948af0>,17,18,[ 4 11],18,-1,40,-1,22
1,<environment.Job instance at 0x7fc5d1948730>,20,18,[12  3],21,-1,43,-1,25
1,<environment.Job instance at 0x7fc5d195bf00>,24,17,[ 3 13],25,-1,55,-1,38
1,<environment.Job instance at 0x7fc5d195b6e0>,27,1,[1 7],28,-1,68,-1,67
1,<environment.Job instance at 0x7fc5d195b410>,31,24,[5 3],32,-1,107,-1,83
1,<environment.Job instance at 0x7fc5d195b190>,34,19,[12  3],35,-1,114,-1,95
1,<environment.Job instance at 0x7fc5d195b230>,35,25,[2 6],36,-1,120,-1,95
1,<environment.Job instance at 0x7fc5d196beb0>,38,28,[4 6],39,-1,140,-1,112
1,<environment.Job instance at 0x7fc5d196bf00>,40,18,[11  5],41,-1,130,-1,112
1,<environment.Job instance at 0x7fc5d196b1e0>,41,23,[ 1 10],42,-1,135,-1,112
1,<environment.Job instance at 0x7fc5d196b230>,42,17,[ 3 14],43,-1,129,-1,112
1,<environment.Job instance at 0x7fc5d196bd70>,44,28,[4 7],45,-1,152,-1,124
1,<environment.Job instance at 0x7fc5d196b8c0>,46,24,[11  4],47,-1,161,-1,137
1,<environment.Job instance at 0x7fc5d196bb90>,47,3,[7 3],48,-1,140,-1,137
1,<environment.Job instance at 0x7fc5d196b370>,50,24,[9 4],51,-1,168,-1,144
1,<environment.Job instance at 0x7fc5d194cd20>,53,16,[ 1 12],54,-1,175,-1,159
1,<environment.Job instance at 0x7fc5d194c190>,55,12,[ 2 12],56,-1,187,-1,175
1,<environment.Job instance at 0x7fc5d194c910>,60,17,[ 3 14],61,-1,219,-1,202
1,<environment.Job instance at 0x7fc5d194ce60>,61,16,[12  1],62,-1,218,-1,202
1,<environment.Job instance at 0x7fc5d194c500>,63,17,[13  3],64,-1,226,-1,209
1,<environment.Job instance at 0x7fc5d1963d20>,68,12,[ 3 11],69,-1,251,-1,239
1,<environment.Job instance at 0x7fc5d1963b40>,69,27,[13  4],70,-1,266,-1,239
1,<environment.Job instance at 0x7fc5d1963cd0>,70,15,[ 3 14],71,-1,254,-1,239
1,<environment.Job instance at 0x7fc5d1963af0>,73,14,[13  2],74,-1,268,-1,254
1,<environment.Job instance at 0x7fc5d1974370>,75,27,[3 8],76,-1,292,-1,265
1,<environment.Job instance at 0x7fc5d19746e0>,77,3,[5 1],78,-1,271,-1,268
1,<environment.Job instance at 0x7fc5d1974550>,78,15,[ 4 12],79,-1,283,-1,268
1,<environment.Job instance at 0x7fc5d1974460>,81,3,[7 3],82,-1,286,-1,283
1,<environment.Job instance at 0x7fc5d19741e0>,82,19,[14  4],83,-1,302,-1,283
1,<environment.Job instance at 0x7fc5d1974a50>,84,26,[ 2 10],85,-1,324,-1,298
1,<environment.Job instance at 0x7fc5d1974190>,85,1,[6 2],86,-1,299,-1,298
1,<environment.Job instance at 0x7fc5d1974fa0>,87,17,[14  4],88,-1,318,-1,301
1,<environment.Job instance at 0x7fc5d19749b0>,88,3,[14  4],89,-1,304,-1,301
1,<environment.Job instance at 0x7fc5d1974820>,90,14,[12  5],91,-1,325,-1,311
1,<environment.Job instance at 0x7fc5d1974a00>,91,2,[2 7],92,-1,313,-1,311
1,<environment.Job instance at 0x7fc5d24b70a0>,94,2,[2 5],95,-1,330,-1,328
1,<environment.Job instance at 0x7fc5d24b7d20>,95,22,[14  4],96,-1,350,-1,328
1,<environment.Job instance at 0x7fc5d24b7960>,96,16,[14  2],97,-1,344,-1,328
1,<environment.Job instance at 0x7fc5d24b7aa0>,99,2,[ 2 11],100,-1,330,-1,328
1,<environment.Job instance at 0x7fc5d24b7e60>,101,3,[7 5],102,-1,331,-1,328
1,<environment.Job instance at 0x7fc5d24b7fa0>,103,23,[14  5],104,-1,365,-1,342
1,<environment.Job instance at 0x7fc5d19f9370>,108,14,[12  4],109,-1,382,-1,368
1,<environment.Job instance at 0x7fc5d19f98c0>,109,3,[1 6],110,-1,371,-1,368
1,<environment.Job instance at 0x7fc5d19f9140>,110,25,[ 4 10],111,-1,393,-1,368
1,<environment.Job instance at 0x7fc5d19f95a0>,113,1,[6 5],114,-1,405,-1,404
1,<environment.Job instance at 0x7fc5d19f9550>,114,14,[ 2 11],115,-1,418,-1,404
1,<environment.Job instance at 0x7fc5d19f9820>,115,18,[ 2 11],116,-1,422,-1,404
1,<environment.Job instance at 0x7fc5d19f96e0>,116,18,[12  3],117,-1,422,-1,404
1,<environment.Job instance at 0x7fc5d19f9c30>,117,19,[ 2 12],118,-1,423,-1,404
1,<environment.Job instance at 0x7fc5d19f9320>,120,17,[ 5 14],121,-1,421,-1,404
1,<environment.Job instance at 0x7fc5d19f9b90>,121,25,[ 1 11],122,-1,429,-1,404
1,<environment.Job instance at 0x7fc5d19f9910>,122,1,[3 7],123,-1,405,-1,404
1,<environment.Job instance at 0x7fc5d19c8370>,125,23,[8 4],126,-1,443,-1,420
1,<environment.Job instance at 0x7fc5d19c8b40>,126,12,[12  1],127,-1,432,-1,420
1,<environment.Job instance at 0x7fc5d19c8b90>,127,17,[ 4 11],128,-1,437,-1,420
1,<environment.Job instance at 0x7fc5d1afd8c0>,8,26,[ 1 12],9,-1,44,-1,18
1,<environment.Job instance at 0x7fc5d1afd370>,9,19,[12  1],10,-1,37,-1,18
1,<environment.Job instance at 0x7fc5d1afdeb0>,10,22,[ 2 12],11,-1,40,-1,18
1,<environment.Job instance at 0x7fc5d1afdc80>,12,20,[12  3],13,-1,53,-1,33
1,<environment.Job instance at 0x7fc5d1afd9b0>,13,17,[14  4],14,-1,50,-1,33
1,<environment.Job instance at 0x7fc5d1afddc0>,14,17,[12  2],15,-1,50,-1,33
1,<environment.Job instance at 0x7fc5d1afd870>,15,17,[ 2 13],16,-1,50,-1,33
1,<environment.Job instance at 0x7fc5d1afdaa0>,17,26,[ 3 14],18,-1,59,-1,33
1,<environment.Job instance at 0x7fc5d1afd690>,19,26,[1 5],20,-1,62,-1,36
1,<environment.Job instance at 0x7fc5d1afdb90>,21,18,[11  2],22,-1,54,-1,36
1,<environment.Job instance at 0x7fc5d1afd0a0>,22,15,[11  1],23,-1,51,-1,36
1,<environment.Job instance at 0x7fc5d1afd0f0>,24,23,[7 1],25,-1,71,-1,48
1,<environment.Job instance at 0x7fc5d1afd780>,25,12,[ 4 13],26,-1,60,-1,48
1,<environment.Job instance at 0x7fc5d1363c30>,28,27,[ 3 12],29,-1,90,-1,63
1,<environment.Job instance at 0x7fc5d1363960>,29,24,[7 1],30,-1,87,-1,63
1,<environment.Job instance at 0x7fc5d175f910>,31,2,[ 2 12],32,-1,65,-1,63
1,<environment.Job instance at 0x7fc5d136f230>,32,13,[ 3 11],33,-1,76,-1,63
1,<environment.Job instance at 0x7fc5d13625a0>,36,15,[13  1],37,-1,100,-1,85
1,<environment.Job instance at 0x7fc5d1362cd0>,40,17,[12  4],41,-1,121,-1,104
1,<environment.Job instance at 0x7fc5d1362a50>,42,2,[12  3],43,-1,124,-1,122
1,<environment.Job instance at 0x7fc5d13622d0>,46,19,[14  5],47,-1,157,-1,138
1,<environment.Job instance at 0x7fc5d1362dc0>,47,13,[10  2],48,-1,158,-1,145
1,<environment.Job instance at 0x7fc5d1362780>,48,24,[ 5 12],49,-1,169,-1,145
1,<environment.Job instance at 0x7fc5d1362820>,49,25,[9 4],50,-1,170,-1,145
1,<environment.Job instance at 0x7fc5d104ae10>,54,15,[14  5],55,-1,170,-1,155
1,<environment.Job instance at 0x7fc5d1361b40>,57,13,[10  1],58,-1,187,-1,174
1,<environment.Job instance at 0x7fc5d1361140>,59,20,[ 4 14],60,-1,208,-1,188
1,<environment.Job instance at 0x7fc5d1361460>,60,17,[14  1],61,-1,205,-1,188
1,<environment.Job instance at 0x7fc5d1384f00>,61,16,[13  2],62,-1,204,-1,188
1,<environment.Job instance at 0x7fc5d1616050>,63,2,[6 2],64,-1,191,-1,189
1,<environment.Job instance at 0x7fc5d1616c80>,65,2,[ 1 12],66,-1,204,-1,202
1,<environment.Job instance at 0x7fc5d1616dc0>,67,20,[ 1 13],68,-1,227,-1,207
1,<environment.Job instance at 0x7fc5d1616f00>,69,23,[ 3 11],70,-1,237,-1,214
1,<environment.Job instance at 0x7fc5d159d190>,71,16,[ 1 14],72,-1,246,-1,230
1,<environment.Job instance at 0x7fc5d159d2d0>,73,17,[12  2],74,-1,247,-1,230
1,<environment.Job instance at 0x7fc5d159d410>,75,17,[ 1 13],76,-1,258,-1,241
1,<environment.Job instance at 0x7fc5d159d4b0>,76,3,[10  5],77,-1,244,-1,241
1,<environment.Job instance at 0x7fc5d1afae10>,79,25,[5 5],80,-1,274,-1,249
1,<environment.Job instance at 0x7fc5d1afae60>,80,13,[ 4 14],81,-1,262,-1,249
1,<environment.Job instance at 0x7fc5d1ac7f00>,82,20,[ 2 11],83,-1,282,-1,262
1,<environment.Job instance at 0x7fc5d15945f0>,84,16,[ 1 13],85,-1,281,-1,265
1,<environment.Job instance at 0x7fc5d1620a00>,87,2,[2 7],88,-1,286,-1,284
1,<environment.Job instance at 0x7fc5d12bd2d0>,89,12,[ 3 13],90,-1,303,-1,291
1,<environment.Job instance at 0x7fc5d1f2d730>,91,17,[ 1 10],92,-1,333,-1,316
1,<environment.Job instance at 0x7fc5d1620dc0>,93,18,[ 2 14],94,-1,334,-1,316
1,<environment.Job instance at 0x7fc5d1557730>,120,28,[4 7],121,-1,571,-1,543
1,<environment.Job instance at 0x7fc5d156cd70>,125,12,[14  5],126,-1,604,-1,592
1,<environment.Job instance at 0x7fc5d156cf00>,126,17,[ 5 12],127,-1,609,-1,592
1,<environment.Job instance at 0x7fc5d156c910>,127,26,[9 4],128,-1,618,-1,592
1,<environment.Job instance at 0x7fc5d2028be0>,4,12,[13  4],5,-1,17,-1,5
1,<environment.Job instance at 0x7fc5d2028460>,10,28,[ 5 12],11,-1,50,-1,22
1,<environment.Job instance at 0x7fc5d28dfaa0>,17,25,[12  1],18,-1,68,-1,43
1,<environment.Job instance at 0x7fc5d28dff50>,22,28,[9 5],23,-1,106,-1,78
1,<environment.Job instance at 0x7fc5d28df690>,24,12,[11  1],25,-1,90,-1,78
1,<environment.Job instance at 0x7fc5d1dd8cd0>,28,28,[6 2],29,-1,120,-1,92
1,<environment.Job instance at 0x7fc5d27f7320>,30,22,[4 9],31,-1,395,-1,373
1,<environment.Job instance at 0x7fc5d1e50910>,55,22,[ 3 12],56,-1,395,-1,373
1,<environment.Job instance at 0x7fc5d1e50f00>,56,13,[14  4],57,-1,386,-1,373
1,<environment.Job instance at 0x7fc5d1e50500>,57,24,[ 2 14],58,-1,397,-1,373
1,<environment.Job instance at 0x7fc5d1e506e0>,58,12,[6 1],59,-1,385,-1,373
1,<environment.Job instance at 0x7fc5d22c2690>,62,20,[13  3],63,-1,419,-1,399
1,<environment.Job instance at 0x7fc5d22c2af0>,64,17,[13  1],65,-1,425,-1,408
1,<environment.Job instance at 0x7fc5d22c25a0>,66,3,[10  5],67,-1,414,-1,411
1,<environment.Job instance at 0x7fc5d22c20f0>,67,12,[12  5],68,-1,423,-1,411
1,<environment.Job instance at 0x7fc5d22c2280>,69,24,[3 6],70,-1,440,-1,416
1,<environment.Job instance at 0x7fc5d22c2d20>,71,12,[ 4 10],72,-1,435,-1,423
1,<environment.Job instance at 0x7fc5d22c2eb0>,72,2,[4 9],73,-1,425,-1,423
1,<environment.Job instance at 0x7fc5d22c2f00>,73,17,[11  5],74,-1,440,-1,423
1,<environment.Job instance at 0x7fc5d22c2a50>,76,22,[ 4 11],77,-1,465,-1,443
1,<environment.Job instance at 0x7fc5d2008500>,78,14,[13  5],79,-1,466,-1,452
1,<environment.Job instance at 0x7fc5d2008dc0>,79,23,[4 6],80,-1,475,-1,452
1,<environment.Job instance at 0x7fc5d2008aa0>,80,3,[2 9],81,-1,455,-1,452
1,<environment.Job instance at 0x7fc5d20086e0>,82,18,[ 4 13],83,-1,474,-1,456
1,<environment.Job instance at 0x7fc5d20084b0>,83,2,[1 6],84,-1,458,-1,456
1,<environment.Job instance at 0x7fc5d20081e0>,84,12,[ 2 12],85,-1,468,-1,456
1,<environment.Job instance at 0x7fc5d20085a0>,86,18,[ 1 13],87,-1,497,-1,479
1,<environment.Job instance at 0x7fc5d1537af0>,92,17,[14  2],93,-1,537,-1,520
1,<environment.Job instance at 0x7fc5d1537fa0>,94,20,[ 3 10],95,-1,566,-1,546
1,<environment.Job instance at 0x7fc5d15372d0>,96,14,[11  5],97,-1,560,-1,546
1,<environment.Job instance at 0x7fc5d1537550>,99,15,[12  3],100,-1,588,-1,573
1,<environment.Job instance at 0x7fc5d1537960>,100,13,[ 1 14],101,-1,586,-1,573
1,<environment.Job instance at 0x7fc5d15375a0>,101,15,[ 3 14],102,-1,588,-1,573
1,<environment.Job instance at 0x7fc5d1537a50>,102,2,[10  3],103,-1,576,-1,574
1,<environment.Job instance at 0x7fc5d1537280>,104,27,[6 3],105,-1,606,-1,579
1,<environment.Job instance at 0x7fc5d1537c30>,105,1,[6 5],106,-1,580,-1,579
1,<environment.Job instance at 0x7fc5d1537aa0>,108,27,[10  1],109,-1,614,-1,587
1,<environment.Job instance at 0x7fc5d1537910>,109,18,[11  5],110,-1,618,-1,600
1,<environment.Job instance at 0x7fc5d1537730>,111,23,[12  4],112,-1,623,-1,600
1,<environment.Job instance at 0x7fc5d13ea4b0>,119,13,[ 3 14],120,-1,665,-1,652
1,<environment.Job instance at 0x7fc5d1f89230>,120,13,[11  1],121,-1,665,-1,652
1,<environment.Job instance at 0x7fc5d1f89af0>,121,28,[5 6],122,-1,680,-1,652
1,<environment.Job instance at 0x7fc5d1f895a0>,124,2,[4 5],125,-1,668,-1,666
1,<environment.Job instance at 0x7fc5d1f890f0>,125,2,[ 1 10],126,-1,668,-1,666
1,<environment.Job instance at 0x7fc5d1f895f0>,127,20,[ 4 13],128,-1,703,-1,683
1,<environment.Job instance at 0x7fc5d1f89b90>,128,27,[13  4],129,-1,710,-1,683
1,<environment.Job instance at 0x7fc5d22038c0>,5,1,[12  1],6,-1,7,-1,6
1,<environment.Job instance at 0x7fc5d2203190>,7,3,[ 3 12],8,-1,11,-1,8
1,<environment.Job instance at 0x7fc5d2203690>,8,1,[3 8],9,-1,10,-1,9
1,<environment.Job instance at 0x7fc5d2203280>,9,2,[4 7],10,-1,12,-1,10
1,<environment.Job instance at 0x7fc5d2203fa0>,14,22,[5 1],15,-1,44,-1,22
1,<environment.Job instance at 0x7fc5d20ffc30>,16,26,[9 2],17,-1,48,-1,22
1,<environment.Job instance at 0x7fc5d20ff370>,17,24,[9 2],18,-1,46,-1,22
1,<environment.Job instance at 0x7fc5d20ffeb0>,19,25,[6 2],20,-1,58,-1,33
1,<environment.Job instance at 0x7fc5d21f0870>,26,27,[ 1 13],27,-1,122,-1,95
1,<environment.Job instance at 0x7fc5d21f0c80>,27,18,[ 2 12],28,-1,113,-1,95
1,<environment.Job instance at 0x7fc5d133bb40>,28,3,[5 1],29,-1,98,-1,95
1,<environment.Job instance at 0x7fc5d133ba00>,29,25,[ 4 14],30,-1,120,-1,95
1,<environment.Job instance at 0x7fc5d133b410>,30,19,[ 3 14],31,-1,114,-1,95
1,<environment.Job instance at 0x7fc5d133b690>,32,17,[ 2 11],33,-1,113,-1,96
1,<environment.Job instance at 0x7fc5d133baa0>,37,1,[2 5],38,-1,126,-1,125
1,<environment.Job instance at 0x7fc5d1336c80>,38,23,[5 6],39,-1,148,-1,125
1,<environment.Job instance at 0x7fc5d1336fa0>,39,3,[6 1],40,-1,128,-1,125
1,<environment.Job instance at 0x7fc5d1336e10>,41,13,[9 1],42,-1,149,-1,136
1,<environment.Job instance at 0x7fc5d13367d0>,43,17,[ 4 11],44,-1,160,-1,143
1,<environment.Job instance at 0x7fc5d1336f50>,45,12,[ 1 14],46,-1,160,-1,148
1,<environment.Job instance at 0x7fc5d214d0f0>,47,28,[ 1 14],48,-1,187,-1,159
1,<environment.Job instance at 0x7fc5d214da00>,49,24,[ 4 14],50,-1,195,-1,171
1,<environment.Job instance at 0x7fc5d214d640>,50,12,[ 4 14],51,-1,183,-1,171
1,<environment.Job instance at 0x7fc5d214d9b0>,51,23,[11  2],52,-1,194,-1,171
1,<environment.Job instance at 0x7fc5d214d960>,53,14,[12  1],54,-1,191,-1,177
1,<environment.Job instance at 0x7fc5d17a6780>,54,27,[ 5 10],55,-1,204,-1,177
1,<environment.Job instance at 0x7fc5d17a69b0>,55,28,[13  4],56,-1,205,-1,177
1,<environment.Job instance at 0x7fc5d17a6d20>,56,24,[5 2],57,-1,201,-1,177
1,<environment.Job instance at 0x7fc5d17a6500>,57,18,[ 4 12],58,-1,195,-1,177
1,<environment.Job instance at 0x7fc5d17a6320>,58,25,[11  1],59,-1,202,-1,177
1,<environment.Job instance at 0x7fc5d17a66e0>,59,20,[11  4],60,-1,206,-1,186
1,<environment.Job instance at 0x7fc5d17a6370>,60,28,[6 5],61,-1,214,-1,186
1,<environment.Job instance at 0x7fc5d1e5f500>,61,26,[2 6],62,-1,212,-1,186
1,<environment.Job instance at 0x7fc5d212faf0>,63,3,[2 7],64,-1,194,-1,191
1,<environment.Job instance at 0x7fc5d28cc550>,65,23,[2 8],66,-1,217,-1,194
1,<environment.Job instance at 0x7fc5d215bfa0>,66,25,[ 4 13],67,-1,219,-1,194
1,<environment.Job instance at 0x7fc5d112edc0>,67,28,[1 6],68,-1,222,-1,194
1,<environment.Job instance at 0x7fc5d1ae5eb0>,69,22,[ 3 13],70,-1,230,-1,208
1,<environment.Job instance at 0x7fc5d1778a00>,70,15,[13  3],71,-1,223,-1,208
1,<environment.Job instance at 0x7fc5d1bd9050>,71,16,[ 1 13],72,-1,224,-1,208
1,<environment.Job instance at 0x7fc5d1319910>,72,13,[12  5],73,-1,221,-1,208
1,<environment.Job instance at 0x7fc5d1311690>,75,26,[12  4],76,-1,241,-1,215
1,<environment.Job instance at 0x7fc5d104cbe0>,76,19,[ 5 12],77,-1,234,-1,215
1,<environment.Job instance at 0x7fc5d20e02d0>,79,27,[10  2],80,-1,257,-1,230
1,<environment.Job instance at 0x7fc5d1f35e10>,80,26,[ 3 13],81,-1,256,-1,230
1,<environment.Job instance at 0x7fc5d1f357d0>,81,28,[9 5],82,-1,258,-1,230
1,<environment.Job instance at 0x7fc5d1f35a50>,82,24,[8 5],83,-1,254,-1,230
1,<environment.Job instance at 0x7fc5d1bccd70>,84,1,[10  1],85,-1,246,-1,245
1,<environment.Job instance at 0x7fc5d26d88c0>,90,3,[9 1],91,-1,300,-1,297
1,<environment.Job instance at 0x7fc5d26d8410>,91,25,[ 3 13],92,-1,322,-1,297
1,<environment.Job instance at 0x7fc5d26d8550>,92,1,[12  1],93,-1,298,-1,297
1,<environment.Job instance at 0x7fc5d26d8aa0>,94,28,[14  1],95,-1,336,-1,308
1,<environment.Job instance at 0x7fc5d26d82d0>,95,23,[5 5],96,-1,336,-1,313
1,<environment.Job instance at 0x7fc5d26d8af0>,96,28,[ 5 12],97,-1,341,-1,313
1,<environment.Job instance at 0x7fc5d2127f50>,97,2,[3 5],98,-1,315,-1,313
1,<environment.Job instance at 0x7fc5d21270a0>,98,24,[ 2 11],99,-1,337,-1,313
1,<environment.Job instance at 0x7fc5d2127500>,100,13,[13  4],101,-1,331,-1,318
1,<environment.Job instance at 0x7fc5d17bf8c0>,101,15,[ 4 12],102,-1,333,-1,318
1,<environment.Job instance at 0x7fc5d24aac80>,102,23,[1 5],103,-1,341,-1,318
1,<environment.Job instance at 0x7fc5dafbb870>,103,20,[12  2],104,-1,338,-1,318
1,<environment.Job instance at 0x7fc5dafbb8c0>,105,28,[13  4],106,-1,346,-1,318
1,<environment.Job instance at 0x7fc5d1338730>,106,16,[13  2],107,-1,334,-1,318
1,<environment.Job instance at 0x7fc5d1338be0>,107,16,[ 5 12],108,-1,334,-1,318
1,<environment.Job instance at 0x7fc5d1e92640>,110,24,[ 5 13],111,-1,361,-1,337
1,<environment.Job instance at 0x7fc5d1e92780>,111,13,[ 4 14],112,-1,350,-1,337
1,<environment.Job instance at 0x7fc5d1e92190>,112,2,[5 4],113,-1,339,-1,337
1,<environment.Job instance at 0x7fc5d207b1e0>,114,18,[ 5 13],115,-1,361,-1,343
1,<environment.Job instance at 0x7fc5d207ba50>,115,26,[1 5],116,-1,369,-1,343
1,<environment.Job instance at 0x7fc5d207b410>,116,14,[ 4 11],117,-1,357,-1,343
1,<environment.Job instance at 0x7fc5d207b460>,118,25,[9 4],119,-1,368,-1,343
1,<environment.Job instance at 0x7fc5d106c500>,119,22,[ 4 10],120,-1,365,-1,343
1,<environment.Job instance at 0x7fc5d106ca50>,121,13,[11  4],122,-1,369,-1,356
1,<environment.Job instance at 0x7fc5d106c2d0>,123,24,[13  5],124,-1,384,-1,360
1,<environment.Job instance at 0x7fc5d106cd70>,124,27,[2 8],125,-1,387,-1,360
1,<environment.Job instance at 0x7fc5d106c780>,125,26,[4 6],126,-1,386,-1,360
1,<environment.Job instance at 0x7fc5d2036fa0>,126,15,[ 4 14],127,-1,375,-1,360
1,<environment.Job instance at 0x7fc5d1453fa0>,127,26,[ 1 13],128,-1,386,-1,360
1,<environment.Job instance at 0x7fc5d16bb5a0>,1,27,[8 1],2,-1,29,-1,2
1,<environment.Job instance at 0x7fc5d1ab7a00>,2,27,[7 2],3,-1,30,-1,3
1,<environment.Job instance at 0x7fc5d1a91050>,4,23,[10  3],5,-1,28,-1,5
1,<environment.Job instance at 0x7fc5d28a6690>,9,27,[4 6],10,-1,37,-1,10
1,<environment.Job instance at 0x7fc5d28a6370>,10,1,[6 2],11,-1,13,-1,12
1,<environment.Job instance at 0x7fc5d24c4460>,13,24,[9 1],14,-1,38,-1,14
1,<environment.Job instance at 0x7fc5d24c4a00>,18,2,[1 7],19,-1,31,-1,29
1,<environment.Job instance at 0x7fc5d1ac1eb0>,20,2,[10  3],21,-1,37,-1,35
1,<environment.Job instance at 0x7fc5d18fd190>,22,28,[6 5],23,-1,74,-1,46
1,<environment.Job instance at 0x7fc5d21c05f0>,25,25,[5 3],26,-1,78,-1,53
1,<environment.Job instance at 0x7fc5d274e910>,29,1,[5 2],30,-1,78,-1,77
1,<environment.Job instance at 0x7fc5d23d0050>,30,13,[11  2],31,-1,90,-1,77
1,<environment.Job instance at 0x7fc5db487230>,32,1,[9 2],33,-1,85,-1,84
1,<environment.Job instance at 0x7fc5d182b460>,34,1,[8 5],35,-1,85,-1,84
1,<environment.Job instance at 0x7fc5d29c5b90>,36,17,[ 5 14],37,-1,108,-1,91
1,<environment.Job instance at 0x7fc5d117c280>,37,28,[10  4],38,-1,119,-1,91
1,<environment.Job instance at 0x7fc5d117c690>,38,2,[5 7],39,-1,93,-1,91
1,<environment.Job instance at 0x7fc5d1eaf0f0>,40,15,[11  1],41,-1,121,-1,106
1,<environment.Job instance at 0x7fc5d116a3c0>,41,19,[ 1 12],42,-1,125,-1,106
1,<environment.Job instance at 0x7fc5d117be10>,43,13,[ 2 11],44,-1,136,-1,123
1,<environment.Job instance at 0x7fc5d117b820>,44,20,[ 3 12],45,-1,143,-1,123
1,<environment.Job instance at 0x7fc5d1823190>,48,27,[ 5 10],49,-1,186,-1,159
1,<environment.Job instance at 0x7fc5d20baa00>,50,18,[12  3],51,-1,181,-1,163
1,<environment.Job instance at 0x7fc5d1830320>,53,12,[14  1],54,-1,190,-1,178
1,<environment.Job instance at 0x7fc5d1830140>,55,19,[13  5],56,-1,208,-1,189
1,<environment.Job instance at 0x7fc5d1830910>,56,24,[10  5],57,-1,213,-1,189
1,<environment.Job instance at 0x7fc5d1830960>,57,22,[12  2],58,-1,211,-1,189
1,<environment.Job instance at 0x7fc5d1830d20>,59,15,[13  2],60,-1,209,-1,194
1,<environment.Job instance at 0x7fc5d1830e60>,60,26,[9 4],61,-1,220,-1,194
1,<environment.Job instance at 0x7fc5d1830780>,62,26,[12  1],63,-1,233,-1,207
1,<environment.Job instance at 0x7fc5d183c280>,68,14,[12  5],69,-1,272,-1,258
1,<environment.Job instance at 0x7fc5d18150f0>,70,16,[12  5],71,-1,274,-1,258
1,<environment.Job instance at 0x7fc5d1815dc0>,72,2,[5 9],73,-1,260,-1,258
1,<environment.Job instance at 0x7fc5d21c82d0>,77,1,[10  2],78,-1,291,-1,290
1,<environment.Job instance at 0x7fc5d21c8370>,78,24,[5 9],79,-1,314,-1,290
1,<environment.Job instance at 0x7fc5d21c83c0>,79,18,[ 1 12],80,-1,308,-1,290
1,<environment.Job instance at 0x7fc5d21c8460>,80,28,[9 5],81,-1,318,-1,290
1,<environment.Job instance at 0x7fc5d21c8910>,86,25,[8 5],87,-1,337,-1,312
1,<environment.Job instance at 0x7fc5d21c8a50>,88,13,[ 2 14],89,-1,332,-1,319
1,<environment.Job instance at 0x7fc5d21c8af0>,89,13,[13  3],90,-1,332,-1,319
1,<environment.Job instance at 0x7fc5d21c8b90>,90,22,[11  5],91,-1,341,-1,319
1,<environment.Job instance at 0x7fc5d21c8c80>,91,26,[11  5],92,-1,345,-1,319
1,<environment.Job instance at 0x7fc5d21c8cd0>,92,28,[5 8],93,-1,347,-1,319
1,<environment.Job instance at 0x7fc5d21c8d70>,93,27,[1 7],94,-1,346,-1,319
1,<environment.Job instance at 0x7fc5d21c8eb0>,95,14,[ 1 13],96,-1,344,-1,330
1,<environment.Job instance at 0x7fc5d21c8b40>,98,13,[ 1 12],99,-1,361,-1,348
1,<environment.Job instance at 0x7fc5d21c11e0>,99,23,[8 2],100,-1,373,-1,350
1,<environment.Job instance at 0x7fc5d21c1af0>,102,13,[11  2],103,-1,389,-1,376
1,<environment.Job instance at 0x7fc5d21c1820>,106,19,[ 1 11],107,-1,413,-1,394
1,<environment.Job instance at 0x7fc5d21c15a0>,107,24,[ 1 13],108,-1,418,-1,394
1,<environment.Job instance at 0x7fc5d21c1b40>,110,14,[14  5],111,-1,424,-1,410
1,<environment.Job instance at 0x7fc5d21c1730>,114,12,[ 3 14],115,-1,438,-1,426
1,<environment.Job instance at 0x7fc5d21c1e10>,117,23,[ 5 12],118,-1,465,-1,442
1,<environment.Job instance at 0x7fc5d21c17d0>,120,28,[10  5],121,-1,480,-1,452
1,<environment.Job instance at 0x7fc5d21c19b0>,122,28,[ 3 14],123,-1,482,-1,454
1,<environment.Job instance at 0x7fc5d21cfd70>,125,2,[14  4],126,-1,483,-1,481
1,<environment.Job instance at 0x7fc5d21cfb40>,126,2,[10  2],127,-1,483,-1,481
1,<environment.Job instance at 0x7fc5d21cff00>,128,28,[14  5],129,-1,532,-1,504
1,<environment.Job instance at 0x7ff7a7664b40>,3,18,[ 4 14],4,-1,22,-1,4
1,<environment.Job instance at 0x7ff7b0c501e0>,5,24,[1 5],6,-1,33,-1,9
1,<environment.Job instance at 0x7ff7a7664e10>,9,18,[ 2 13],10,-1,28,-1,10
1,<environment.Job instance at 0x7ff7a7664fa0>,10,18,[ 3 11],11,-1,29,-1,11
1,<environment.Job instance at 0x7ff7a76670a0>,11,15,[13  4],12,-1,27,-1,12
1,<environment.Job instance at 0x7ff7a76671e0>,12,26,[ 1 12],13,-1,39,-1,13
1,<environment.Job instance at 0x7ff7a76675a0>,17,28,[ 5 10],18,-1,59,-1,31
1,<environment.Job instance at 0x7ff7a7667640>,18,18,[ 4 13],19,-1,49,-1,31
1,<environment.Job instance at 0x7ff7a76676e0>,19,14,[ 3 11],20,-1,45,-1,31
1,<environment.Job instance at 0x7ff7a7667780>,20,12,[13  5],21,-1,43,-1,31
1,<environment.Job instance at 0x7ff7a7667820>,21,1,[6 5],22,-1,32,-1,31
1,<environment.Job instance at 0x7ff7a76678c0>,22,1,[2 7],23,-1,32,-1,31
1,<environment.Job instance at 0x7ff7a7667960>,23,27,[ 1 14],24,-1,58,-1,31
1,<environment.Job instance at 0x7ff7a7667aa0>,25,27,[8 1],26,-1,72,-1,45
1,<environment.Job instance at 0x7ff7a7667b40>,26,26,[5 5],27,-1,71,-1,45
1,<environment.Job instance at 0x7ff7a7667410>,28,25,[5 7],29,-1,88,-1,63
1,<environment.Job instance at 0x7ff7a7667cd0>,29,25,[ 4 11],30,-1,88,-1,63
1,<environment.Job instance at 0x7ff7a7667c30>,30,22,[ 5 13],31,-1,85,-1,63
1,<environment.Job instance at 0x7ff7a7667fa0>,31,27,[4 8],32,-1,90,-1,63
1,<environment.Job instance at 0x7ff7a7667f50>,33,12,[11  3],34,-1,75,-1,63
1,<environment.Job instance at 0x7ff7a766a320>,37,13,[ 3 14],38,-1,109,-1,96
1,<environment.Job instance at 0x7ff7a766a3c0>,38,28,[ 2 12],39,-1,124,-1,96
1,<environment.Job instance at 0x7ff7a766a460>,39,20,[ 1 10],40,-1,116,-1,96
1,<environment.Job instance at 0x7ff7a766a500>,40,24,[5 6],41,-1,120,-1,96
1,<environment.Job instance at 0x7ff7a766a640>,42,27,[5 2],43,-1,124,-1,97
1,<environment.Job instance at 0x7ff7a766a8c0>,45,24,[ 1 13],46,-1,140,-1,116
1,<environment.Job instance at 0x7ff7a766a9b0>,47,17,[12  2],48,-1,145,-1,128
1,<environment.Job instance at 0x7ff7a766aaf0>,49,15,[10  1],50,-1,151,-1,136
1,<environment.Job instance at 0x7ff7a766ab90>,50,16,[ 2 11],51,-1,152,-1,136
1,<environment.Job instance at 0x7ff7a766ac30>,51,16,[12  2],52,-1,152,-1,136
1,<environment.Job instance at 0x7ff7a766ad70>,53,27,[8 5],54,-1,175,-1,148
1,<environment.Job instance at 0x7ff7a766aeb0>,55,13,[13  1],56,-1,166,-1,153
1,<environment.Job instance at 0x7ff7a766af50>,56,20,[ 3 10],57,-1,173,-1,153
1,<environment.Job instance at 0x7ff7a766d460>,65,2,[10  4],66,-1,224,-1,222
1,<environment.Job instance at 0x7ff7a766d5f0>,66,13,[ 2 14],67,-1,235,-1,222
1,<environment.Job instance at 0x7ff7a766d730>,68,27,[ 1 10],69,-1,251,-1,224
1,<environment.Job instance at 0x7ff7a766d7d0>,69,2,[ 3 10],70,-1,226,-1,224
1,<environment.Job instance at 0x7ff7a766d870>,70,13,[ 3 12],71,-1,237,-1,224
1,<environment.Job instance at 0x7ff7a766d9b0>,72,28,[5 1],73,-1,271,-1,243
1,<environment.Job instance at 0x7ff7a766da50>,73,2,[5 9],74,-1,245,-1,243
1,<environment.Job instance at 0x7ff7a766dc30>,76,14,[ 4 11],77,-1,270,-1,256
1,<environment.Job instance at 0x7ff7a766df50>,79,12,[10  2],80,-1,284,-1,272
1,<environment.Job instance at 0x7ff7a76702d0>,84,20,[13  1],85,-1,325,-1,305
1,<environment.Job instance at 0x7ff7a7670370>,85,18,[ 3 14],86,-1,323,-1,305
1,<environment.Job instance at 0x7ff7a76704b0>,87,3,[5 5],88,-1,326,-1,323
1,<environment.Job instance at 0x7ff7a7670550>,88,2,[ 3 10],89,-1,325,-1,323
1,<environment.Job instance at 0x7ff7a76705f0>,89,21,[ 1 11],90,-1,344,-1,323
1,<environment.Job instance at 0x7ff7a7670730>,91,14,[ 2 13],92,-1,337,-1,323
1,<environment.Job instance at 0x7ff7a7670870>,93,22,[10  2],94,-1,346,-1,324
1,<environment.Job instance at 0x7ff7a7670b90>,96,25,[8 5],97,-1,361,-1,336
1,<environment.Job instance at 0x7ff7a7670c30>,98,22,[ 3 11],99,-1,363,-1,341
1,<environment.Job instance at 0x7ff7a7670aa0>,99,12,[ 5 14],100,-1,353,-1,341
1,<environment.Job instance at 0x7ff7a7670f00>,101,12,[8 1],102,-1,376,-1,364
1,<environment.Job instance at 0x7ff7a7670f50>,102,27,[5 6],103,-1,391,-1,364
1,<environment.Job instance at 0x7ff7a7670eb0>,103,24,[12  3],104,-1,388,-1,364
1,<environment.Job instance at 0x7ff7a7672050>,104,22,[12  5],105,-1,386,-1,364
1,<environment.Job instance at 0x7ff7a76720f0>,105,18,[12  4],106,-1,382,-1,364
1,<environment.Job instance at 0x7ff7a7672230>,106,17,[ 5 13],107,-1,381,-1,364
1,<environment.Job instance at 0x7ff7a76722d0>,107,23,[14  4],108,-1,387,-1,364
1,<environment.Job instance at 0x7ff7a7672410>,109,21,[ 1 10],110,-1,385,-1,364
1,<environment.Job instance at 0x7ff7a76725f0>,112,26,[ 5 12],113,-1,416,-1,390
1,<environment.Job instance at 0x7ff7a7672690>,113,2,[6 2],114,-1,392,-1,390
1,<environment.Job instance at 0x7ff7a7672730>,114,15,[12  1],115,-1,405,-1,390
1,<environment.Job instance at 0x7ff7a76727d0>,115,14,[ 2 11],116,-1,404,-1,390
1,<environment.Job instance at 0x7ff7a7672aa0>,117,14,[ 1 12],118,-1,404,-1,390
1,<environment.Job instance at 0x7ff7a7672c30>,119,14,[ 3 14],120,-1,418,-1,404
1,<environment.Job instance at 0x7ff7a7672e10>,122,27,[2 6],123,-1,445,-1,418
1,<environment.Job instance at 0x7ff7a7672eb0>,123,24,[ 2 14],124,-1,442,-1,418
1,<environment.Job instance at 0x7ff7b0c8fdc0>,124,22,[8 1],125,-1,440,-1,418
1,<environment.Job instance at 0x7ff7a76bb9b0>,126,12,[13  4],127,-1,445,-1,433
1,<environment.Job instance at 0x7ff7a765acd0>,127,1,[ 4 11],128,-1,434,-1,433
1,<environment.Job instance at 0x7ff7a765ac30>,128,23,[ 2 14],129,-1,456,-1,433
1,<environment.Job instance at 0x7ff7a765a640>,129,2,[1 8],130,-1,435,-1,433
1,<environment.Job instance at 0x7ff7a780b5a0>,134,28,[5 6],135,-1,490,-1,462
1,<environment.Job instance at 0x7ff7a765aa50>,135,14,[ 2 10],136,-1,476,-1,462
1,<environment.Job instance at 0x7ff7a765a550>,136,19,[11  3],137,-1,481,-1,462
1,<environment.Job instance at 0x7ff7a77897d0>,137,20,[14  5],138,-1,482,-1,462
1,<environment.Job instance at 0x7ff7a7664aa0>,7,25,[6 2],8,-1,716,-1,691
1,<environment.Job instance at 0x7ff7a6d903c0>,3,25,[6 1],4,-1,30,-1,5
1,<environment.Job instance at 0x7ff7a6db2550>,5,13,[ 4 10],6,-1,26,-1,13
1,<environment.Job instance at 0x7ff7a6db2050>,8,16,[11  2],9,-1,30,-1,14
1,<environment.Job instance at 0x7ff7a6db27d0>,9,23,[ 1 14],10,-1,37,-1,14
1,<environment.Job instance at 0x7ff7a6db18c0>,12,14,[13  4],13,-1,30,-1,16
1,<environment.Job instance at 0x7ff7a6db1cd0>,14,22,[12  4],15,-1,52,-1,30
1,<environment.Job instance at 0x7ff7a6db1730>,15,23,[1 7],16,-1,53,-1,30
1,<environment.Job instance at 0x7ff7a6db1d70>,17,16,[ 2 14],18,-1,46,-1,30
1,<environment.Job instance at 0x7ff7a6db10f0>,20,25,[9 3],21,-1,60,-1,35
1,<environment.Job instance at 0x7ff7a6db1550>,21,18,[1 9],22,-1,53,-1,35
1,<environment.Job instance at 0x7ff7a6db1050>,22,22,[5 3],23,-1,57,-1,35
1,<environment.Job instance at 0x7ff7a6db14b0>,23,13,[7 5],24,-1,48,-1,35
1,<environment.Job instance at 0x7ff7a6db1c30>,24,14,[13  3],25,-1,49,-1,35
1,<environment.Job instance at 0x7ff7a6db1fa0>,25,3,[10  1],26,-1,38,-1,35
1,<environment.Job instance at 0x7ff7a6da6a50>,26,3,[ 2 12],27,-1,38,-1,35
1,<environment.Job instance at 0x7ff7a6da6eb0>,27,21,[1 9],28,-1,56,-1,35
1,<environment.Job instance at 0x7ff7a6da65f0>,28,15,[11  2],29,-1,50,-1,35
1,<environment.Job instance at 0x7ff7a6da6820>,29,14,[11  3],30,-1,49,-1,35
1,<environment.Job instance at 0x7ff7a6da6190>,30,2,[9 5],31,-1,37,-1,35
1,<environment.Job instance at 0x7ff7a6da6dc0>,31,22,[2 9],32,-1,57,-1,35
1,<environment.Job instance at 0x7ff7a6dab780>,36,24,[11  5],37,-1,93,-1,69
1,<environment.Job instance at 0x7ff7a6dabbe0>,37,21,[ 3 10],38,-1,91,-1,70
1,<environment.Job instance at 0x7ff7a6dab0a0>,38,25,[14  4],39,-1,95,-1,70
1,<environment.Job instance at 0x7ff7a70aec80>,40,26,[10  5],41,-1,109,-1,83
1,<environment.Job instance at 0x7ff7a6e83e60>,43,2,[13  3],44,-1,98,-1,96
1,<environment.Job instance at 0x7ff7a6fdaa00>,44,21,[ 4 12],45,-1,117,-1,96
1,<environment.Job instance at 0x7ff7a6c82a00>,47,27,[2 9],48,-1,135,-1,108
1,<environment.Job instance at 0x7ff7a6c14e10>,51,17,[12  2],52,-1,164,-1,147
1,<environment.Job instance at 0x7ff7a6c1c870>,52,28,[2 8],53,-1,175,-1,147
1,<environment.Job instance at 0x7ff7a6c1c550>,54,3,[10  2],55,-1,150,-1,147
1,<environment.Job instance at 0x7ff7a6c250a0>,55,3,[5 5],56,-1,150,-1,147
1,<environment.Job instance at 0x7ff7a6c25fa0>,56,3,[ 5 10],57,-1,150,-1,147
1,<environment.Job instance at 0x7ff7a6c7cc30>,62,24,[7 5],63,-1,210,-1,186
1,<environment.Job instance at 0x7ff7a756d410>,64,28,[2 7],65,-1,224,-1,196
1,<environment.Job instance at 0x7ff7a6c3d8c0>,65,28,[9 2],66,-1,224,-1,196
1,<environment.Job instance at 0x7ff7a6e02050>,70,20,[ 3 13],71,-1,253,-1,233
1,<environment.Job instance at 0x7ff7a6c5b5a0>,71,12,[ 2 14],72,-1,245,-1,233
1,<environment.Job instance at 0x7ff7a6c368c0>,72,13,[12  2],73,-1,246,-1,233
1,<environment.Job instance at 0x7ff7a6dabf00>,73,2,[5 9],74,-1,235,-1,233
1,<environment.Job instance at 0x7ff7a6dac140>,75,16,[11  1],76,-1,249,-1,233
1,<environment.Job instance at 0x7ff7a6c67370>,78,17,[11  3],79,-1,269,-1,252
1,<environment.Job instance at 0x7ff7a6c73e10>,80,25,[6 2],81,-1,282,-1,257
1,<environment.Job instance at 0x7ff7a6c73cd0>,81,18,[12  4],82,-1,275,-1,257
1,<environment.Job instance at 0x7ff7a6c5d550>,82,14,[6 1],83,-1,271,-1,257
1,<environment.Job instance at 0x7ff7a6c730a0>,83,26,[11  5],84,-1,283,-1,257
1,<environment.Job instance at 0x7ff7a6daf5f0>,87,15,[13  5],88,-1,297,-1,282
1,<environment.Job instance at 0x7ff7a6daf9b0>,90,27,[14  3],91,-1,322,-1,295
1,<environment.Job instance at 0x7ff7a6c01f00>,92,26,[ 4 10],93,-1,328,-1,302
1,<environment.Job instance at 0x7ff7a6c018c0>,93,26,[8 3],94,-1,328,-1,302
1,<environment.Job instance at 0x7ff7a6c01500>,94,16,[12  1],95,-1,318,-1,302
1,<environment.Job instance at 0x7ff7a6c016e0>,95,19,[ 2 13],96,-1,321,-1,302
1,<environment.Job instance at 0x7ff7a6c01a00>,96,22,[11  1],97,-1,324,-1,302
1,<environment.Job instance at 0x7ff7a6c01460>,97,22,[ 1 13],98,-1,324,-1,302
1,<environment.Job instance at 0x7ff7a6c01fa0>,98,2,[2 8],99,-1,304,-1,302
1,<environment.Job instance at 0x7ff7a6c01960>,100,23,[7 3],101,-1,334,-1,311
1,<environment.Job instance at 0x7ff7a6db10a0>,101,3,[10  5],102,-1,314,-1,311
1,<environment.Job instance at 0x7ff7a6db1e60>,103,24,[14  3],104,-1,346,-1,322
1,<environment.Job instance at 0x7ff7a6c64d70>,105,21,[12  3],106,-1,357,-1,336
1,<environment.Job instance at 0x7ff7a6c647d0>,107,28,[4 5],108,-1,366,-1,338
1,<environment.Job instance at 0x7ff7a6bfdd70>,109,22,[14  1],110,-1,376,-1,354
1,<environment.Job instance at 0x7ff7a6bfdb90>,110,3,[11  3],111,-1,357,-1,354
1,<environment.Job instance at 0x7ff7a6bfd690>,111,27,[ 4 13],112,-1,381,-1,354
1,<environment.Job instance at 0x7ff7a6bfd910>,112,26,[8 4],113,-1,380,-1,354
1,<environment.Job instance at 0x7ff7a6bfd780>,113,12,[9 1],114,-1,366,-1,354
1,<environment.Job instance at 0x7ff7a6bfd3c0>,115,16,[14  1],116,-1,370,-1,354
1,<environment.Job instance at 0x7ff7a6bfd140>,116,3,[9 1],117,-1,357,-1,354
1,<environment.Job instance at 0x7ff7a6c00f00>,119,1,[5 4],120,-1,371,-1,370
1,<environment.Job instance at 0x7ff7a6c00050>,120,25,[ 3 10],121,-1,395,-1,370
1,<environment.Job instance at 0x7ff7a6c00fa0>,121,1,[ 2 10],122,-1,371,-1,370
1,<environment.Job instance at 0x7ff7a6c00a00>,122,27,[3 9],123,-1,397,-1,370
1,<environment.Job instance at 0x7ff7a6c00820>,124,12,[13  2],125,-1,382,-1,370
1,<environment.Job instance at 0x7ff7a6c00d20>,125,24,[1 5],126,-1,400,-1,376
1,<environment.Job instance at 0x7ff7a6c00b40>,126,23,[3 6],127,-1,399,-1,376
1,<environment.Job instance at 0x7ff7a6c99b90>,129,26,[9 4],130,-1,417,-1,391
1,<environment.Job instance at 0x7ff7a6c0b640>,131,17,[12  5],132,-1,410,-1,393
1,<environment.Job instance at 0x7ff7a6c0b910>,132,12,[13  5],133,-1,405,-1,393
1,<environment.Job instance at 0x7ff7a6c0be60>,134,25,[1 5],135,-1,433,-1,408
1,<environment.Job instance at 0x7ff7a6c0baf0>,137,15,[ 2 14],138,-1,436,-1,421
1,<environment.Job instance at 0x7ff7a6c67c80>,27,26,[ 1 13],28,-1,198,-1,172
1,<environment.Job instance at 0x7ff7a6c9daa0>,38,16,[11  2],39,-1,314,-1,298
1,<environment.Job instance at 0x7ff7a6d481e0>,39,22,[ 2 12],40,-1,320,-1,298
1,<environment.Job instance at 0x7ff7a6d48e60>,43,18,[12  1],44,-1,326,-1,308
1,<environment.Job instance at 0x7ff7a6d48640>,45,2,[6 1],46,-1,322,-1,320
1,<environment.Job instance at 0x7ff7a6d48410>,46,25,[8 5],47,-1,345,-1,320
1,<environment.Job instance at 0x7ff7a6d48870>,49,18,[ 2 14],50,-1,358,-1,340
1,<environment.Job instance at 0x7ff7a6d48050>,50,24,[9 1],51,-1,364,-1,340
1,<environment.Job instance at 0x7ff7a6d48370>,52,24,[12  5],53,-1,364,-1,340
1,<environment.Job instance at 0x7ff7a6d48b40>,53,23,[10  2],54,-1,366,-1,343
1,<environment.Job instance at 0x7ff7a6d48780>,54,15,[ 1 11],55,-1,358,-1,343
1,<environment.Job instance at 0x7ff7a6d48140>,55,16,[ 5 12],56,-1,359,-1,343
1,<environment.Job instance at 0x7ff7a6d48230>,56,27,[ 4 14],57,-1,370,-1,343
1,<environment.Job instance at 0x7ff7a6d484b0>,59,15,[13  1],60,-1,379,-1,364
1,<environment.Job instance at 0x7ff7a6c99d20>,64,1,[13  4],65,-1,388,-1,387
1,<environment.Job instance at 0x7ff7a6c997d0>,65,16,[ 2 12],66,-1,403,-1,387
1,<environment.Job instance at 0x7ff7a6c99aa0>,66,12,[ 4 14],67,-1,399,-1,387
1,<environment.Job instance at 0x7ff7a6c99730>,71,12,[14  1],72,-1,437,-1,425
1,<environment.Job instance at 0x7ff7a6c99af0>,72,28,[1 7],73,-1,453,-1,425
1,<environment.Job instance at 0x7ff7a6ceb0f0>,85,25,[ 5 10],86,-1,556,-1,531
1,<environment.Job instance at 0x7ff7a6cebaf0>,88,20,[14  4],89,-1,562,-1,542
1,<environment.Job instance at 0x7ff7a6cebcd0>,90,27,[ 4 10],91,-1,571,-1,544
1,<environment.Job instance at 0x7ff7a6cebf00>,91,25,[12  4],92,-1,569,-1,544
1,<environment.Job instance at 0x7ff7a6ceb690>,93,27,[3 8],94,-1,571,-1,544
1,<environment.Job instance at 0x7ff7a6ceb280>,95,24,[8 4],96,-1,581,-1,557
1,<environment.Job instance at 0x7ff7a6c5de60>,97,2,[6 3],98,-1,572,-1,570
1,<environment.Job instance at 0x7ff7a6c5daa0>,98,3,[13  2],99,-1,573,-1,570
1,<environment.Job instance at 0x7ff7a6c5dc30>,101,17,[12  4],102,-1,605,-1,588
1,<environment.Job instance at 0x7ff7a6c5d730>,103,1,[7 4],104,-1,589,-1,588
1,<environment.Job instance at 0x7ff7a6c5dfa0>,105,14,[12  3],106,-1,618,-1,604
1,<environment.Job instance at 0x7ff7a6c5d320>,106,12,[ 5 14],107,-1,616,-1,604
1,<environment.Job instance at 0x7ff7a6c5d1e0>,110,26,[9 4],111,-1,662,-1,636
1,<environment.Job instance at 0x7ff7a6c5b690>,114,22,[ 1 12],115,-1,674,-1,652
1,<environment.Job instance at 0x7ff7a6c5bd20>,116,26,[ 3 12],117,-1,696,-1,670
1,<environment.Job instance at 0x7ff7a6c5b190>,117,12,[ 2 14],118,-1,682,-1,670
1,<environment.Job instance at 0x7ff7a6c5b550>,121,17,[ 1 14],122,-1,718,-1,701
1,<environment.Job instance at 0x7ff7a6c57460>,124,2,[ 1 13],125,-1,716,-1,714
1,<environment.Job instance at 0x7ff7a6c570a0>,125,1,[13  1],126,-1,715,-1,714
1,<environment.Job instance at 0x7ff7a6c57b40>,131,16,[14  5],132,-1,778,-1,762
1,<environment.Job instance at 0x7ff7a6c57410>,135,28,[10  3],136,-1,807,-1,779
1,<environment.Job instance at 0x7ff7a71f2500>,6,24,[14  2],7,-1,31,-1,7
1,<environment.Job instance at 0x7ff7a71f24b0>,9,23,[ 4 11],10,-1,33,-1,10
1,<environment.Job instance at 0x7ff7a6c57af0>,11,23,[ 3 13],12,-1,35,-1,12
1,<environment.Job instance at 0x7ff7a71141e0>,12,3,[8 4],13,-1,17,-1,14
1,<environment.Job instance at 0x7ff7a71148c0>,14,24,[ 3 10],15,-1,39,-1,15
1,<environment.Job instance at 0x7ff7a71144b0>,15,13,[10  4],16,-1,55,-1,42
1,<environment.Job instance at 0x7ff7a716ed20>,20,25,[5 8],21,-1,67,-1,42
1,<environment.Job instance at 0x7ff7a716e370>,21,27,[7 4],22,-1,69,-1,42
1,<environment.Job instance at 0x7ff7a716e3c0>,22,3,[2 7],23,-1,45,-1,42
1,<environment.Job instance at 0x7ff7a7253820>,31,18,[ 4 13],32,-1,124,-1,106
1,<environment.Job instance at 0x7ff7a7145eb0>,32,23,[11  2],33,-1,129,-1,106
1,<environment.Job instance at 0x7ff7a7145dc0>,33,12,[11  5],34,-1,118,-1,106
1,<environment.Job instance at 0x7ff7a7145960>,35,19,[14  4],36,-1,138,-1,119
1,<environment.Job instance at 0x7ff7a7145f00>,37,14,[ 5 11],38,-1,137,-1,123
1,<environment.Job instance at 0x7ff7a7145c30>,39,21,[9 2],40,-1,284,-1,263
1,<environment.Job instance at 0x7ff7a6c12820>,50,12,[ 3 12],51,-1,275,-1,263
1,<environment.Job instance at 0x7ff7a6c12f00>,51,16,[ 3 11],52,-1,279,-1,263
1,<environment.Job instance at 0x7ff7a6c12500>,54,17,[3 8],55,-1,301,-1,284
1,<environment.Job instance at 0x7ff7a6c12a00>,55,12,[ 2 12],56,-1,296,-1,284
1,<environment.Job instance at 0x7ff7a6f80190>,56,27,[ 1 13],57,-1,311,-1,284
1,<environment.Job instance at 0x7ff7a6f80fa0>,57,13,[1 9],58,-1,297,-1,284
1,<environment.Job instance at 0x7ff7a6f80280>,60,2,[13  5],61,-1,297,-1,295
1,<environment.Job instance at 0x7ff7b0dc1960>,61,17,[1 8],62,-1,339,-1,322
1,<environment.Job instance at 0x7ff7b0dc14b0>,64,18,[13  3],65,-1,340,-1,322
1,<environment.Job instance at 0x7ff7b0dc1c80>,65,13,[6 4],66,-1,337,-1,324
1,<environment.Job instance at 0x7ff7b0dc1dc0>,66,14,[10  3],67,-1,338,-1,324
1,<environment.Job instance at 0x7ff7b0dc11e0>,67,23,[10  3],68,-1,347,-1,324
1,<environment.Job instance at 0x7ff7b0dc1140>,68,19,[1 5],69,-1,344,-1,325
1,<environment.Job instance at 0x7ff7b0dc1e10>,69,18,[2 9],70,-1,348,-1,330
1,<environment.Job instance at 0x7ff7a6c0b500>,87,16,[9 1],88,-1,539,-1,523
1,<environment.Job instance at 0x7ff7a6c0b370>,88,26,[8 1],89,-1,549,-1,523
1,<environment.Job instance at 0x7ff7a79a0af0>,2,17,[ 2 13],3,-1,20,-1,3
1,<environment.Job instance at 0x7ff7a736f0f0>,3,27,[12  4],4,-1,31,-1,4
1,<environment.Job instance at 0x7ff7a79a0410>,7,12,[ 5 12],8,-1,20,-1,8
1,<environment.Job instance at 0x7ff7a736f640>,8,14,[14  1],9,-1,23,-1,9
1,<environment.Job instance at 0x7ff7a8180320>,11,18,[11  5],12,-1,45,-1,27
1,<environment.Job instance at 0x7ff7a8180230>,17,21,[ 5 14],18,-1,62,-1,41
1,<environment.Job instance at 0x7ff7a8180c80>,19,12,[8 1],20,-1,61,-1,49
1,<environment.Job instance at 0x7ff7a819be10>,22,27,[9 3],23,-1,86,-1,59
1,<environment.Job instance at 0x7ff7a819b0a0>,24,2,[4 7],25,-1,61,-1,59
1,<environment.Job instance at 0x7ff7a819b550>,25,28,[ 1 13],26,-1,87,-1,59
1,<environment.Job instance at 0x7ff7a734d0a0>,26,12,[ 4 10],27,-1,71,-1,59
1,<environment.Job instance at 0x7ff7a73fed20>,30,28,[2 7],31,-1,108,-1,80
1,<environment.Job instance at 0x7ff7a7088460>,32,22,[ 5 14],33,-1,107,-1,85
1,<environment.Job instance at 0x7ff7a6fbbaa0>,33,20,[14  1],34,-1,105,-1,85
1,<environment.Job instance at 0x7ff7a70b2730>,34,20,[3 8],35,-1,105,-1,85
1,<environment.Job instance at 0x7ff7a70b2550>,35,17,[2 9],36,-1,102,-1,85
1,<environment.Job instance at 0x7ff7a74080f0>,36,14,[ 4 10],37,-1,99,-1,85
1,<environment.Job instance at 0x7ff7a6fc69b0>,37,13,[6 2],38,-1,98,-1,85
1,<environment.Job instance at 0x7ff7a6fc6af0>,38,18,[ 1 10],39,-1,103,-1,85
1,<environment.Job instance at 0x7ff7a708e690>,44,26,[1 5],45,-1,159,-1,133
1,<environment.Job instance at 0x7ff7a6fc6e10>,45,22,[11  4],46,-1,155,-1,133
1,<environment.Job instance at 0x7ff7a73668c0>,46,21,[11  3],47,-1,154,-1,133
1,<environment.Job instance at 0x7ff7a7085d70>,47,23,[ 4 10],48,-1,156,-1,133
1,<environment.Job instance at 0x7ff7a70a8b40>,48,19,[14  3],49,-1,152,-1,133
1,<environment.Job instance at 0x7ff7a70a8140>,49,1,[3 7],50,-1,134,-1,133
1,<environment.Job instance at 0x7ff7a70a8460>,50,15,[11  4],51,-1,148,-1,133
1,<environment.Job instance at 0x7ff7a70a86e0>,51,17,[11  1],52,-1,150,-1,133
1,<environment.Job instance at 0x7ff7a70a8820>,52,2,[ 1 14],53,-1,135,-1,133
1,<environment.Job instance at 0x7ff7a70905f0>,53,12,[13  2],54,-1,145,-1,133
1,<environment.Job instance at 0x7ff7a70902d0>,55,15,[ 2 11],56,-1,161,-1,146
1,<environment.Job instance at 0x7ff7a7090230>,56,23,[7 4],57,-1,169,-1,146
1,<environment.Job instance at 0x7ff7a7090d20>,64,28,[10  3],65,-1,211,-1,183
1,<environment.Job instance at 0x7ff7a7090140>,65,25,[12  3],66,-1,208,-1,183
1,<environment.Job instance at 0x7ff7a708f460>,69,18,[ 2 10],70,-1,237,-1,219
1,<environment.Job instance at 0x7ff7a708f190>,70,16,[14  3],71,-1,235,-1,219
1,<environment.Job instance at 0x7ff7a818f190>,76,21,[12  5],77,-1,266,-1,245
1,<environment.Job instance at 0x7ff7a818f320>,78,25,[6 1],79,-1,282,-1,257
1,<environment.Job instance at 0x7ff7a818f3c0>,79,24,[11  4],80,-1,281,-1,257
1,<environment.Job instance at 0x7ff7a818f550>,81,27,[5 1],82,-1,284,-1,257
1,<environment.Job instance at 0x7ff7a818f640>,83,17,[14  5],84,-1,274,-1,257
1,<environment.Job instance at 0x7ff7a818f050>,86,25,[8 3],87,-1,300,-1,275
1,<environment.Job instance at 0x7ff7a818f8c0>,87,13,[13  1],88,-1,288,-1,275
1,<environment.Job instance at 0x7ff7a818f960>,91,19,[12  1],92,-1,328,-1,309
1,<environment.Job instance at 0x7ff7a818fd20>,95,13,[ 2 12],96,-1,343,-1,330
1,<environment.Job instance at 0x7ff7a818fd70>,96,25,[ 5 10],97,-1,355,-1,330
1,<environment.Job instance at 0x7ff7a818fe60>,97,26,[9 3],98,-1,356,-1,330
1,<environment.Job instance at 0x7ff7a818ff50>,98,26,[ 1 12],99,-1,356,-1,330
1,<environment.Job instance at 0x7ff7a7349230>,99,28,[3 6],100,-1,358,-1,330
1,<environment.Job instance at 0x7ff7a818ffa0>,100,2,[1 6],101,-1,332,-1,330
1,<environment.Job instance at 0x7ff7a73491e0>,101,12,[11  1],102,-1,342,-1,330
1,<environment.Job instance at 0x7ff7a73493c0>,103,15,[13  2],104,-1,345,-1,330
1,<environment.Job instance at 0x7ff7a73492d0>,104,17,[12  3],105,-1,347,-1,330
1,<environment.Job instance at 0x7ff7a7349320>,105,2,[ 4 12],106,-1,332,-1,330
1,<environment.Job instance at 0x7ff7a73495a0>,106,1,[10  1],107,-1,331,-1,330
1,<environment.Job instance at 0x7ff7a7349550>,107,28,[3 6],108,-1,358,-1,330
1,<environment.Job instance at 0x7ff7a7349780>,109,19,[13  1],110,-1,358,-1,339
1,<environment.Job instance at 0x7ff7a7349b40>,114,28,[6 5],115,-1,387,-1,359
1,<environment.Job instance at 0x7ff7a7349dc0>,122,25,[4 6],123,-1,432,-1,407
1,<environment.Job instance at 0x7ff7a7363050>,124,24,[7 5],125,-1,431,-1,407
1,<environment.Job instance at 0x7ff7a7363370>,126,21,[14  1],127,-1,441,-1,420
1,<environment.Job instance at 0x7ff7a73634b0>,128,16,[12  4],129,-1,440,-1,424
1,<environment.Job instance at 0x7ff7a7363550>,129,24,[4 9],130,-1,448,-1,424
1,<environment.Job instance at 0x7ff7a7363a00>,134,12,[ 1 14],135,-1,469,-1,457
1,<environment.Job instance at 0x7ff7a7363aa0>,135,14,[13  4],136,-1,471,-1,457
1,<environment.Job instance at 0x7ff7a7363be0>,137,13,[13  3],138,-1,488,-1,475
1,<environment.Job instance at 0x7ff7a6fbbaf0>,29,26,[9 4],30,-1,534,-1,508
1,<environment.Job instance at 0x7ff7a8180a00>,15,25,[8 1],16,-1,533,-1,508
1,<environment.Job instance at 0x7ff7a8180a00>,2,25,[13  4],3,-1,28,-1,3
1,<environment.Job instance at 0x7ff7a70ec1e0>,4,1,[10  5],5,-1,7,-1,6
1,<environment.Job instance at 0x7ff7a7cfd370>,7,21,[ 2 13],8,-1,29,-1,8
1,<environment.Job instance at 0x7ff7a7cfd730>,8,16,[ 3 14],9,-1,25,-1,9
1,<environment.Job instance at 0x7ff7a7cfdb90>,9,16,[ 1 11],10,-1,26,-1,10
1,<environment.Job instance at 0x7ff7a7cfdcd0>,11,24,[ 2 13],12,-1,36,-1,12
1,<environment.Job instance at 0x7ff7a7cfda00>,12,18,[13  3],13,-1,31,-1,13
1,<environment.Job instance at 0x7ff7a7cfd410>,13,15,[ 1 10],14,-1,29,-1,14
1,<environment.Job instance at 0x7ff7a7cfd140>,15,16,[ 1 12],16,-1,32,-1,16
1,<environment.Job instance at 0x7ff7a7cfdf00>,16,1,[ 2 10],17,-1,18,-1,17
1,<environment.Job instance at 0x7ff7a7cfd870>,17,26,[8 4],18,-1,44,-1,18
1,<environment.Job instance at 0x7ff7a7cfdc80>,18,16,[ 3 13],19,-1,35,-1,19
1,<environment.Job instance at 0x7ff7a7cfd550>,23,18,[9 1],24,-1,58,-1,40
1,<environment.Job instance at 0x7ff7a7cfdbe0>,24,28,[ 1 11],25,-1,68,-1,40
1,<environment.Job instance at 0x7ff7a7cfd9b0>,26,23,[11  3],27,-1,63,-1,40
1,<environment.Job instance at 0x7ff7a7cfd960>,27,14,[13  5],28,-1,54,-1,40
1,<environment.Job instance at 0x7ff7a6fb7230>,28,16,[ 5 10],29,-1,57,-1,41
1,<environment.Job instance at 0x7ff7a6fb7280>,29,1,[6 1],30,-1,42,-1,41
1,<environment.Job instance at 0x7ff7a6fb7eb0>,30,15,[5 2],31,-1,56,-1,41
1,<environment.Job instance at 0x7ff7a6fb7be0>,31,13,[12  5],32,-1,54,-1,41
1,<environment.Job instance at 0x7ff7a6fb7370>,32,14,[7 1],33,-1,55,-1,41
1,<environment.Job instance at 0x7ff7a6fb7960>,33,16,[11  4],34,-1,57,-1,41
1,<environment.Job instance at 0x7ff7a6fb7e10>,34,15,[9 4],35,-1,57,-1,42
1,<environment.Job instance at 0x7ff7a6fb7190>,35,27,[6 1],36,-1,69,-1,42
1,<environment.Job instance at 0x7ff7a6fb70f0>,36,22,[5 5],37,-1,64,-1,42
1,<environment.Job instance at 0x7ff7a6fb7d70>,37,14,[2 6],38,-1,60,-1,46
1,<environment.Job instance at 0x7ff7a6fb7d20>,38,15,[3 8],39,-1,66,-1,51
1,<environment.Job instance at 0x7ff7a6fb7c30>,39,26,[2 7],40,-1,77,-1,51
1,<environment.Job instance at 0x7ff7a6fb77d0>,40,23,[10  3],41,-1,74,-1,51
1,<environment.Job instance at 0x7ff7a6fb7690>,41,16,[14  1],42,-1,67,-1,51
1,<environment.Job instance at 0x7ff7a6fb7fa0>,42,1,[13  2],43,-1,52,-1,51
1,<environment.Job instance at 0x7ff7a6fb75a0>,43,3,[4 5],44,-1,54,-1,51
1,<environment.Job instance at 0x7ff7a6fb7a50>,44,21,[8 1],45,-1,72,-1,51
1,<environment.Job instance at 0x7ff7a7432190>,45,18,[11  1],46,-1,69,-1,51
1,<environment.Job instance at 0x7ff7a7432460>,47,20,[3 7],48,-1,76,-1,56
1,<environment.Job instance at 0x7ff7a74326e0>,49,18,[7 1],50,-1,74,-1,56
1,<environment.Job instance at 0x7ff7a74329b0>,50,22,[ 1 12],51,-1,78,-1,56
1,<environment.Job instance at 0x7ff7a7432140>,51,15,[10  4],52,-1,72,-1,57
1,<environment.Job instance at 0x7ff7a7432820>,52,18,[ 4 11],53,-1,75,-1,57
1,<environment.Job instance at 0x7ff7a7432780>,53,25,[5 6],54,-1,82,-1,57
1,<environment.Job instance at 0x7ff7a7432640>,54,26,[ 3 12],55,-1,83,-1,57
1,<environment.Job instance at 0x7ff7a74324b0>,55,13,[ 4 13],56,-1,70,-1,57
1,<environment.Job instance at 0x7ff7a7432230>,56,2,[10  5],57,-1,59,-1,57
1,<environment.Job instance at 0x7ff7a7432a50>,57,27,[5 7],58,-1,85,-1,58
1,<environment.Job instance at 0x7ff7a7432910>,58,20,[ 4 14],59,-1,79,-1,59
1,<environment.Job instance at 0x7ff7a7432d20>,59,14,[1 7],60,-1,74,-1,60
1,<environment.Job instance at 0x7ff7a7432960>,60,17,[9 4],61,-1,86,-1,69
1,<environment.Job instance at 0x7ff7a74327d0>,61,23,[11  4],62,-1,92,-1,69
1,<environment.Job instance at 0x7ff7a7432410>,62,18,[4 8],63,-1,87,-1,69
1,<environment.Job instance at 0x7ff7a7432e10>,63,23,[2 7],64,-1,92,-1,69
1,<environment.Job instance at 0x7ff7a7d15370>,64,15,[12  4],65,-1,84,-1,69
1,<environment.Job instance at 0x7ff7a7d15d70>,65,2,[ 1 12],66,-1,71,-1,69
1,<environment.Job instance at 0x7ff7a7ab6410>,66,13,[1 5],67,-1,82,-1,69
1,<environment.Job instance at 0x7ff7a7ab65f0>,67,15,[ 5 10],68,-1,84,-1,69
1,<environment.Job instance at 0x7ff7a7ab6460>,68,28,[6 4],69,-1,97,-1,69
1,<environment.Job instance at 0x7ff7a7ab6af0>,69,14,[14  3],70,-1,84,-1,70
1,<environment.Job instance at 0x7ff7a7ab6be0>,71,25,[ 2 14],72,-1,97,-1,72
1,<environment.Job instance at 0x7ff7a7ab6870>,72,13,[5 8],73,-1,86,-1,73
1,<environment.Job instance at 0x7ff7a7ab6b90>,74,18,[ 4 10],75,-1,106,-1,88
1,<environment.Job instance at 0x7ff7a7ab6820>,75,3,[ 3 14],76,-1,91,-1,88
1,<environment.Job instance at 0x7ff7a7ab6aa0>,76,27,[10  1],77,-1,115,-1,88
1,<environment.Job instance at 0x7ff7a7ab67d0>,77,12,[6 3],78,-1,100,-1,88
1,<environment.Job instance at 0x7ff7a7ab6780>,78,15,[ 5 10],79,-1,103,-1,88
1,<environment.Job instance at 0x7ff7a7ab62d0>,80,28,[13  5],81,-1,116,-1,88
1,<environment.Job instance at 0x7ff7a7ab6690>,81,19,[4 8],82,-1,120,-1,101
1,<environment.Job instance at 0x7ff7a7ab66e0>,82,16,[ 4 10],83,-1,117,-1,101
1,<environment.Job instance at 0x7ff7a6fec780>,83,14,[5 2],84,-1,115,-1,101
1,<environment.Job instance at 0x7ff7a6fecc80>,84,2,[ 2 14],85,-1,103,-1,101
1,<environment.Job instance at 0x7ff7a6fec230>,85,14,[11  2],86,-1,115,-1,101
1,<environment.Job instance at 0x7ff7a6fecf00>,86,1,[4 6],87,-1,102,-1,101
1,<environment.Job instance at 0x7ff7a6fec410>,88,14,[14  5],89,-1,120,-1,106
1,<environment.Job instance at 0x7ff7a6fec0f0>,89,1,[ 3 12],90,-1,107,-1,106
1,<environment.Job instance at 0x7ff7a6fec640>,90,16,[2 8],91,-1,123,-1,107
1,<environment.Job instance at 0x7ff7a6fecaf0>,91,2,[5 6],92,-1,109,-1,107
1,<environment.Job instance at 0x7ff7a6fec0a0>,92,13,[ 2 13],93,-1,120,-1,107
1,<environment.Job instance at 0x7ff7a6fec960>,93,23,[5 1],94,-1,130,-1,107
1,<environment.Job instance at 0x7ff7a6fecaa0>,94,14,[ 3 13],95,-1,121,-1,107
1,<environment.Job instance at 0x7ff7a6fecdc0>,95,13,[5 1],96,-1,120,-1,107
1,<environment.Job instance at 0x7ff7a6fec690>,96,26,[ 1 12],97,-1,133,-1,107
1,<environment.Job instance at 0x7ff7a6fec1e0>,97,13,[6 3],98,-1,120,-1,107
1,<environment.Job instance at 0x7ff7a6fec550>,98,18,[1 5],99,-1,125,-1,107
1,<environment.Job instance at 0x7ff7a6fecd20>,99,20,[3 8],100,-1,127,-1,107
1,<environment.Job instance at 0x7ff7a6fecbe0>,100,24,[11  5],101,-1,131,-1,107
1,<environment.Job instance at 0x7ff7a6fecd70>,101,3,[2 7],102,-1,110,-1,107
1,<environment.Job instance at 0x7ff7a7d10d20>,102,1,[10  4],103,-1,108,-1,107
1,<environment.Job instance at 0x7ff7a7d10be0>,103,14,[3 8],104,-1,121,-1,107
1,<environment.Job instance at 0x7ff7a7d10a00>,104,17,[10  5],105,-1,126,-1,109
1,<environment.Job instance at 0x7ff7a7d105f0>,106,18,[14  2],107,-1,132,-1,114
1,<environment.Job instance at 0x7ff7a7d10780>,107,27,[5 7],108,-1,141,-1,114
1,<environment.Job instance at 0x7ff7a7d109b0>,108,16,[1 5],109,-1,130,-1,114
1,<environment.Job instance at 0x7ff7a7d10730>,109,21,[12  3],110,-1,135,-1,114
1,<environment.Job instance at 0x7ff7a7d10c80>,110,12,[ 5 12],111,-1,126,-1,114
1,<environment.Job instance at 0x7ff7a7d10e10>,111,13,[9 3],112,-1,127,-1,114
1,<environment.Job instance at 0x7ff7a7d10820>,112,16,[ 2 13],113,-1,130,-1,114
1,<environment.Job instance at 0x7ff7a7d10c30>,113,15,[3 8],114,-1,138,-1,123
1,<environment.Job instance at 0x7ff7a7d10370>,114,13,[6 5],115,-1,136,-1,123
1,<environment.Job instance at 0x7ff7a7d10af0>,115,13,[14  1],116,-1,136,-1,123
1,<environment.Job instance at 0x7ff7a7d10b90>,116,14,[ 5 13],117,-1,137,-1,123
1,<environment.Job instance at 0x7ff7a7d10960>,117,20,[ 2 13],118,-1,143,-1,123
1,<environment.Job instance at 0x7ff7a70f3370>,118,27,[4 9],119,-1,150,-1,123
1,<environment.Job instance at 0x7ff7a70f33c0>,119,3,[ 2 13],120,-1,126,-1,123
1,<environment.Job instance at 0x7ff7a70f35f0>,120,13,[ 4 12],121,-1,136,-1,123
1,<environment.Job instance at 0x7ff7a70f3af0>,122,25,[2 7],123,-1,149,-1,124
1,<environment.Job instance at 0x7ff7a70f3dc0>,123,17,[8 1],124,-1,141,-1,124
1,<environment.Job instance at 0x7ff7a70f30a0>,124,12,[11  5],125,-1,137,-1,125
1,<environment.Job instance at 0x7ff7a70f34b0>,125,21,[9 4],126,-1,148,-1,127
1,<environment.Job instance at 0x7ff7a70f3cd0>,126,20,[5 9],127,-1,147,-1,127
1,<environment.Job instance at 0x7ff7a70f3870>,127,21,[12  5],128,-1,149,-1,128
1,<environment.Job instance at 0x7ff7a74194b0>,129,20,[11  5],130,-1,150,-1,130
1,<environment.Job instance at 0x7ff7a7419dc0>,132,28,[5 7],133,-1,176,-1,148
1,<environment.Job instance at 0x7ff7a7419870>,133,12,[ 4 11],134,-1,160,-1,148
1,<environment.Job instance at 0x7ff7a7419550>,134,25,[13  4],135,-1,173,-1,148
1,<environment.Job instance at 0x7ff7a7419e60>,135,21,[ 1 12],136,-1,169,-1,148
1,<environment.Job instance at 0x7ff7a7419280>,136,22,[ 4 10],137,-1,170,-1,148
1,<environment.Job instance at 0x7ff7a7d18aa0>,137,22,[13  5],138,-1,170,-1,148
1,<environment.Job instance at 0x7ff7a8186e60>,138,28,[13  2],139,-1,176,-1,148
1,<environment.Job instance at 0x7ff7a70ec0f0>,21,28,[ 5 12],22,-1,6764,-1,6736
1,<environment.Job instance at 0x7ff7a750d410>,2,26,[5 8],3,-1,29,-1,3
1,<environment.Job instance at 0x7ff7a75216e0>,7,13,[ 1 14],8,-1,21,-1,8
1,<environment.Job instance at 0x7ff7a7510eb0>,13,3,[8 2],14,-1,20,-1,17
1,<environment.Job instance at 0x7ff7a75109b0>,15,2,[5 4],16,-1,19,-1,17
1,<environment.Job instance at 0x7ff7a7510640>,17,14,[8 1],18,-1,34,-1,20
1,<environment.Job instance at 0x7ff7a6e50b40>,18,16,[ 4 10],19,-1,37,-1,21
1,<environment.Job instance at 0x7ff7a6e50140>,19,18,[ 5 14],20,-1,39,-1,21
1,<environment.Job instance at 0x7ff7a7510820>,20,17,[ 3 13],21,-1,38,-1,21
1,<environment.Job instance at 0x7ff7a7512d70>,21,23,[13  3],22,-1,45,-1,22
1,<environment.Job instance at 0x7ff7a7512e60>,22,18,[ 2 12],23,-1,41,-1,23
1,<environment.Job instance at 0x7ff7a7512be0>,23,13,[11  1],24,-1,37,-1,24
1,<environment.Job instance at 0x7ff7a7512c80>,24,21,[6 5],25,-1,101,-1,80
1,<environment.Job instance at 0x7ff7a7addfa0>,32,16,[14  2],33,-1,96,-1,80
1,<environment.Job instance at 0x7ff7a81d9e10>,37,12,[ 3 14],38,-1,124,-1,112
1,<environment.Job instance at 0x7ff7a6f37b90>,40,28,[5 2],41,-1,162,-1,134
1,<environment.Job instance at 0x7ff7a6f37f50>,41,2,[5 9],42,-1,136,-1,134
1,<environment.Job instance at 0x7ff7a81dc410>,42,24,[8 1],43,-1,158,-1,134
1,<environment.Job instance at 0x7ff7a81dcd70>,44,26,[5 7],45,-1,164,-1,138
1,<environment.Job instance at 0x7ff7a81df870>,45,15,[6 1],46,-1,153,-1,138
1,<environment.Job instance at 0x7ff7a81dff50>,47,27,[9 4],48,-1,172,-1,145
1,<environment.Job instance at 0x7ff7a81b8640>,49,26,[7 3],50,-1,184,-1,158
1,<environment.Job instance at 0x7ff7a81b8e10>,50,17,[ 5 12],51,-1,175,-1,158
1,<environment.Job instance at 0x7ff7a73cc3c0>,51,18,[10  1],52,-1,176,-1,158
1,<environment.Job instance at 0x7ff7a81e3f50>,53,2,[14  5],54,-1,175,-1,173
1,<environment.Job instance at 0x7ff7a81c6910>,54,2,[13  2],55,-1,175,-1,173
1,<environment.Job instance at 0x7ff7a81e3320>,55,14,[ 1 10],56,-1,187,-1,173
1,<environment.Job instance at 0x7ff7a81d6280>,57,20,[10  2],58,-1,193,-1,173
1,<environment.Job instance at 0x7ff7a81d6460>,58,16,[8 1],59,-1,190,-1,174
1,<environment.Job instance at 0x7ff7a81d6780>,60,17,[ 1 13],61,-1,198,-1,181
1,<environment.Job instance at 0x7ff7a81d6640>,61,25,[4 9],62,-1,206,-1,181
1,<environment.Job instance at 0x7ff7a81d6d20>,63,14,[13  3],64,-1,201,-1,187
1,<environment.Job instance at 0x7ff7a81d61e0>,65,12,[6 1],66,-1,207,-1,195
1,<environment.Job instance at 0x7ff7a81d65a0>,66,13,[9 2],67,-1,208,-1,195
1,<environment.Job instance at 0x7ff7a81d6f00>,67,2,[6 3],68,-1,197,-1,195
1,<environment.Job instance at 0x7ff7a81d69b0>,69,15,[10  1],70,-1,222,-1,207
1,<environment.Job instance at 0x7ff7a73e8be0>,73,12,[ 3 10],74,-1,235,-1,223
1,<environment.Job instance at 0x7ff7a73e8c80>,74,12,[11  4],75,-1,235,-1,223
1,<environment.Job instance at 0x7ff7a73e8dc0>,76,12,[10  1],77,-1,255,-1,243
1,<environment.Job instance at 0x7ff7a73e8e60>,77,21,[1 7],78,-1,264,-1,243
1,<environment.Job instance at 0x7ff7a73e8b40>,80,17,[ 2 14],81,-1,273,-1,256
1,<environment.Job instance at 0x7ff7a73c30a0>,82,12,[13  4],83,-1,272,-1,260
1,<environment.Job instance at 0x7ff7a73c3320>,84,12,[6 4],85,-1,280,-1,268
1,<environment.Job instance at 0x7ff7a73c3410>,85,17,[14  2],86,-1,285,-1,268
1,<environment.Job instance at 0x7ff7a73c30f0>,86,17,[ 1 12],87,-1,285,-1,268
1,<environment.Job instance at 0x7ff7a73c3500>,87,17,[9 2],88,-1,285,-1,268
1,<environment.Job instance at 0x7ff7a73c35a0>,88,2,[8 1],89,-1,270,-1,268
1,<environment.Job instance at 0x7ff7a73c3640>,89,27,[11  4],90,-1,295,-1,268
1,<environment.Job instance at 0x7ff7a73c36e0>,90,15,[ 2 13],91,-1,283,-1,268
1,<environment.Job instance at 0x7ff7a73c3780>,91,3,[2 5],92,-1,271,-1,268
1,<environment.Job instance at 0x7ff7a73c3820>,92,2,[1 6],93,-1,270,-1,268
1,<environment.Job instance at 0x7ff7a73c33c0>,93,16,[11  3],94,-1,284,-1,268
1,<environment.Job instance at 0x7ff7a73c3910>,94,25,[6 2],95,-1,293,-1,268
1,<environment.Job instance at 0x7ff7a73c3af0>,95,17,[13  1],96,-1,285,-1,268
1,<environment.Job instance at 0x7ff7a73c3c80>,96,23,[8 2],97,-1,291,-1,268
1,<environment.Job instance at 0x7ff7a73c3c30>,97,26,[ 2 11],98,-1,294,-1,268
1,<environment.Job instance at 0x7ff7a73c3a50>,98,1,[6 4],99,-1,269,-1,268
1,<environment.Job instance at 0x7ff7a73c3d20>,99,16,[11  4],100,-1,284,-1,268
1,<environment.Job instance at 0x7ff7a73c3dc0>,100,26,[2 7],101,-1,294,-1,268
1,<environment.Job instance at 0x7ff7a73c3e60>,101,18,[ 2 10],102,-1,286,-1,268
1,<environment.Job instance at 0x7ff7a73c3f00>,102,17,[8 3],103,-1,285,-1,268
1,<environment.Job instance at 0x7ff7a73c3fa0>,103,24,[13  5],104,-1,292,-1,268
1,<environment.Job instance at 0x7ff7a73c3aa0>,104,12,[4 8],105,-1,280,-1,268
1,<environment.Job instance at 0x7ff7a73df140>,105,12,[14  3],106,-1,280,-1,268
1,<environment.Job instance at 0x7ff7a73df1e0>,106,22,[7 2],107,-1,290,-1,268
1,<environment.Job instance at 0x7ff7a73df280>,107,18,[5 9],108,-1,286,-1,268
1,<environment.Job instance at 0x7ff7a73df320>,108,27,[6 5],109,-1,295,-1,268
1,<environment.Job instance at 0x7ff7a73df460>,109,14,[7 4],110,-1,282,-1,268
1,<environment.Job instance at 0x7ff7a73df0f0>,110,13,[11  1],111,-1,281,-1,268
1,<environment.Job instance at 0x7ff7a73df780>,113,17,[ 2 10],114,-1,301,-1,284
1,<environment.Job instance at 0x7ff7a73df8c0>,115,1,[6 3],116,-1,294,-1,293
1,<environment.Job instance at 0x7ff7a73dfb90>,120,24,[4 5],121,-1,349,-1,325
1,<environment.Job instance at 0x7ff7a73dfd20>,122,12,[13  3],123,-1,347,-1,335
1,<environment.Job instance at 0x7ff7a73df4b0>,123,25,[ 5 10],124,-1,360,-1,335
1,<environment.Job instance at 0x7ff7a73dfe10>,125,14,[11  2],126,-1,351,-1,337
1,<environment.Job instance at 0x7ff7a73dffa0>,126,15,[ 3 14],127,-1,352,-1,337
1,<environment.Job instance at 0x7ff7a73d90a0>,128,27,[7 4],129,-1,370,-1,343
1,<environment.Job instance at 0x7ff7a73d9460>,133,13,[ 1 12],134,-1,383,-1,370
1,<environment.Job instance at 0x7ff7a73d9820>,136,14,[ 4 12],137,-1,402,-1,388
1,<environment.Job instance at 0x7ff7a73d9a00>,138,25,[ 1 14],139,-1,414,-1,389
1,<environment.Job instance at 0x7ff7a6f37370>,39,28,[14  4],40,-1,435,-1,407
1,<environment.Job instance at 0x7ff7a7a960a0>,1,23,[ 4 13],2,-1,25,-1,2
1,<environment.Job instance at 0x7ff7a6d035a0>,3,18,[ 4 11],4,-1,22,-1,4
1,<environment.Job instance at 0x7ff7a6d039b0>,6,13,[ 3 13],7,-1,20,-1,7
1,<environment.Job instance at 0x7ff7a6d030f0>,9,16,[14  5],10,-1,26,-1,10
1,<environment.Job instance at 0x7ff7a6d03b40>,14,3,[ 3 10],15,-1,18,-1,15
1,<environment.Job instance at 0x7ff7a6d038c0>,18,23,[5 5],19,-1,58,-1,35
1,<environment.Job instance at 0x7ff7a6d03c30>,19,2,[6 2],20,-1,37,-1,35
1,<environment.Job instance at 0x7ff7a6d03870>,20,14,[11  3],21,-1,49,-1,35
1,<environment.Job instance at 0x7ff7a7003550>,22,12,[11  2],23,-1,47,-1,35
1,<environment.Job instance at 0x7ff7a7003be0>,23,3,[9 1],24,-1,38,-1,35
1,<environment.Job instance at 0x7ff7a7003190>,32,23,[ 3 10],33,-1,110,-1,87
1,<environment.Job instance at 0x7ff7a7101410>,36,14,[13  2],37,-1,134,-1,120
1,<environment.Job instance at 0x7ff7a7101460>,43,1,[7 1],44,-1,174,-1,173
1,<environment.Job instance at 0x7ff7a7101be0>,45,23,[ 2 12],46,-1,211,-1,188
1,<environment.Job instance at 0x7ff7a7101870>,47,25,[7 3],48,-1,219,-1,194
1,<environment.Job instance at 0x7ff7a7101190>,48,1,[12  5],49,-1,195,-1,194
1,<environment.Job instance at 0x7ff7a7101cd0>,49,13,[11  2],50,-1,207,-1,194
1,<environment.Job instance at 0x7ff7a71011e0>,50,27,[5 2],51,-1,222,-1,195
1,<environment.Job instance at 0x7ff7a6fc1870>,58,2,[8 5],59,-1,239,-1,237
1,<environment.Job instance at 0x7ff7a6fc1780>,59,14,[ 3 11],60,-1,251,-1,237
1,<environment.Job instance at 0x7ff7a6fc1be0>,60,14,[14  1],61,-1,251,-1,237
1,<environment.Job instance at 0x7ff7a6fc12d0>,65,2,[3 9],66,-1,273,-1,271
1,<environment.Job instance at 0x7ff7a6fc1fa0>,66,15,[ 4 10],67,-1,320,-1,305
1,<environment.Job instance at 0x7ff7a6fc16e0>,69,14,[ 3 14],70,-1,319,-1,305
1,<environment.Job instance at 0x7ff7a7a3c690>,78,14,[ 2 12],79,-1,373,-1,359
1,<environment.Job instance at 0x7ff7a7a3c280>,79,28,[11  4],80,-1,387,-1,359
1,<environment.Job instance at 0x7ff7a7a3c370>,80,22,[ 5 12],81,-1,381,-1,359
1,<environment.Job instance at 0x7ff7a7a3c960>,82,25,[9 5],83,-1,399,-1,374
1,<environment.Job instance at 0x7ff7a7a3cd70>,86,22,[ 1 13],87,-1,414,-1,392
1,<environment.Job instance at 0x7ff7a7a3cb40>,87,14,[ 2 11],88,-1,406,-1,392
1,<environment.Job instance at 0x7ff7a7a3c460>,89,15,[ 5 14],90,-1,424,-1,409
1,<environment.Job instance at 0x7ff7a7a3cd20>,90,27,[3 6],91,-1,436,-1,409
1,<environment.Job instance at 0x7ff7a7a3c5a0>,91,2,[12  1],92,-1,411,-1,409
1,<environment.Job instance at 0x7ff7a7a3c140>,93,18,[11  2],94,-1,427,-1,409
1,<environment.Job instance at 0x7ff7a7a3c5f0>,95,27,[8 1],96,-1,446,-1,419
1,<environment.Job instance at 0x7ff7a7ab4460>,98,1,[4 7],99,-1,435,-1,434
1,<environment.Job instance at 0x7ff7a7ab4960>,100,20,[14  2],101,-1,468,-1,448
1,<environment.Job instance at 0x7ff7a7ab4a50>,102,1,[ 5 14],103,-1,459,-1,458
1,<environment.Job instance at 0x7ff7a7ab4be0>,103,16,[12  5],104,-1,474,-1,458
1,<environment.Job instance at 0x7ff7a7ab4f50>,105,18,[11  4],106,-1,480,-1,462
1,<environment.Job instance at 0x7ff7a7ab46e0>,108,23,[2 5],109,-1,498,-1,475
1,<environment.Job instance at 0x7ff7a7ab4730>,109,13,[14  3],110,-1,488,-1,475
1,<environment.Job instance at 0x7ff7a7ab4550>,110,18,[ 5 11],111,-1,493,-1,475
1,<environment.Job instance at 0x7ff7a7ab4a00>,113,14,[13  2],114,-1,504,-1,490
1,<environment.Job instance at 0x7ff7a7ab4500>,114,2,[7 1],115,-1,492,-1,490
1,<environment.Job instance at 0x7ff7a7ab40f0>,116,26,[12  3],117,-1,537,-1,511
1,<environment.Job instance at 0x7ff7b0789780>,118,23,[7 4],119,-1,534,-1,511
1,<environment.Job instance at 0x7ff7b07893c0>,119,25,[ 4 12],120,-1,536,-1,511
1,<environment.Job instance at 0x7ff7b0789f00>,122,1,[4 7],123,-1,527,-1,526
1,<environment.Job instance at 0x7ff7b0789820>,123,25,[ 2 10],124,-1,551,-1,526
1,<environment.Job instance at 0x7ff7aa244370>,124,14,[11  3],125,-1,540,-1,526
1,<environment.Job instance at 0x7ff7a6e4ff00>,132,1,[5 6],133,-1,593,-1,592
1,<environment.Job instance at 0x7ff7a6e4f730>,134,25,[9 4],135,-1,624,-1,599
1,<environment.Job instance at 0x7ff7a6e4ff50>,135,3,[6 3],136,-1,602,-1,599
1,<environment.Job instance at 0x7ff7a795bb90>,136,2,[12  3],137,-1,601,-1,599
1,<environment.Job instance at 0x7ff7a78ac7d0>,137,23,[4 8],138,-1,623,-1,600
1,<environment.Job instance at 0x7ff7a7592b40>,1,15,[12  2],2,-1,17,-1,2
1,<environment.Job instance at 0x7ff7a6aa62d0>,4,26,[13  3],5,-1,31,-1,5
1,<environment.Job instance at 0x7ff7a6aa6230>,5,23,[9 5],6,-1,29,-1,6
1,<environment.Job instance at 0x7ff7a6aa6e60>,6,27,[7 3],7,-1,34,-1,7
1,<environment.Job instance at 0x7ff7a6aa6d70>,10,25,[9 5],11,-1,36,-1,11
1,<environment.Job instance at 0x7ff7a6aa6e10>,14,23,[6 1],15,-1,43,-1,20
1,<environment.Job instance at 0x7ff7a6aa6c30>,16,2,[ 4 14],17,-1,22,-1,20
1,<environment.Job instance at 0x7ff7a6aa6190>,17,23,[10  3],18,-1,43,-1,20
1,<environment.Job instance at 0x7ff7a6a81640>,18,14,[ 1 11],19,-1,34,-1,20
1,<environment.Job instance at 0x7ff7a6a81050>,22,27,[8 3],23,-1,68,-1,41
1,<environment.Job instance at 0x7ff7a6a81460>,27,25,[9 4],28,-1,100,-1,75
1,<environment.Job instance at 0x7ff7a6a81dc0>,30,3,[3 9],31,-1,95,-1,92
1,<environment.Job instance at 0x7ff7a6a81780>,31,28,[ 5 13],32,-1,120,-1,92
1,<environment.Job instance at 0x7ff7a6a81410>,32,15,[12  1],33,-1,107,-1,92
1,<environment.Job instance at 0x7ff7a6a81690>,33,3,[ 5 14],34,-1,95,-1,92
1,<environment.Job instance at 0x7ff7a6a81e10>,35,26,[4 9],36,-1,118,-1,92
1,<environment.Job instance at 0x7ff7a6a81eb0>,36,27,[10  5],37,-1,119,-1,92
1,<environment.Job instance at 0x7ff7a6ab3500>,40,3,[1 6],41,-1,126,-1,123
1,<environment.Job instance at 0x7ff7a6ab32d0>,41,16,[13  4],42,-1,139,-1,123
1,<environment.Job instance at 0x7ff7a6ab3870>,43,16,[ 5 12],44,-1,144,-1,128
1,<environment.Job instance at 0x7ff7a6ab3050>,46,3,[6 1],47,-1,150,-1,147
1,<environment.Job instance at 0x7ff7a6ab37d0>,47,12,[ 2 12],48,-1,159,-1,147
1,<environment.Job instance at 0x7ff7a6ab39b0>,48,2,[6 2],49,-1,149,-1,147
1,<environment.Job instance at 0x7ff7a6ab3780>,53,18,[ 1 11],54,-1,197,-1,179
1,<environment.Job instance at 0x7ff7a6ab3280>,54,3,[3 7],55,-1,182,-1,179
1,<environment.Job instance at 0x7ff7a6ab3b40>,58,16,[ 2 13],59,-1,218,-1,202
1,<environment.Job instance at 0x7ff7a6ab3a00>,59,16,[ 5 12],60,-1,218,-1,202
1,<environment.Job instance at 0x7ff7a6ab3690>,60,12,[11  1],61,-1,214,-1,202
1,<environment.Job instance at 0x7ff7a6ab9140>,62,15,[11  4],63,-1,237,-1,222
1,<environment.Job instance at 0x7ff7a6ab90a0>,63,17,[ 2 14],64,-1,239,-1,222
1,<environment.Job instance at 0x7ff7a6ab9460>,64,26,[10  5],65,-1,248,-1,222
1,<environment.Job instance at 0x7ff7a6ab9640>,65,2,[7 5],66,-1,224,-1,222
1,<environment.Job instance at 0x7ff7a72ecaf0>,69,25,[1 7],70,-1,265,-1,240
1,<environment.Job instance at 0x7ff7a72ecc80>,74,27,[3 8],75,-1,295,-1,268
1,<environment.Job instance at 0x7ff7a6e8cf50>,77,28,[2 6],78,-1,300,-1,272
1,<environment.Job instance at 0x7ff7b0dc6370>,78,28,[7 1],79,-1,300,-1,272
1,<environment.Job instance at 0x7ff7b0dc6050>,79,26,[10  3],80,-1,298,-1,272
1,<environment.Job instance at 0x7ff7a6e8c280>,80,27,[5 2],81,-1,299,-1,272
1,<environment.Job instance at 0x7ff7a71f40a0>,81,12,[ 3 13],82,-1,284,-1,272
1,<environment.Job instance at 0x7ff7a71f40f0>,82,17,[14  5],83,-1,289,-1,272
1,<environment.Job instance at 0x7ff7a71f4c80>,83,15,[14  2],84,-1,287,-1,272
1,<environment.Job instance at 0x7ff7a71f4af0>,84,15,[ 1 12],85,-1,287,-1,272
1,<environment.Job instance at 0x7ff7a6a3fc80>,88,12,[ 1 12],89,-1,314,-1,302
1,<environment.Job instance at 0x7ff7a69365a0>,90,16,[ 1 10],91,-1,320,-1,304
1,<environment.Job instance at 0x7ff7a81108c0>,95,21,[11  3],96,-1,380,-1,359
1,<environment.Job instance at 0x7ff7a74fe870>,99,12,[11  2],100,-1,373,-1,361
1,<environment.Job instance at 0x7ff7a76ed780>,100,18,[ 3 11],101,-1,379,-1,361
1,<environment.Job instance at 0x7ff7a7c3b690>,103,24,[2 8],104,-1,402,-1,378
1,<environment.Job instance at 0x7ff7a766d870>,105,13,[14  2],106,-1,391,-1,378
1,<environment.Job instance at 0x7ff7aa2610a0>,106,12,[ 5 14],107,-1,390,-1,378
1,<environment.Job instance at 0x7ff7a8135820>,107,28,[11  4],108,-1,406,-1,378
1,<environment.Job instance at 0x7ff7a8135780>,108,1,[1 6],109,-1,379,-1,378
1,<environment.Job instance at 0x7ff7a8135f50>,109,26,[1 8],110,-1,404,-1,378
1,<environment.Job instance at 0x7ff7a7214b40>,115,15,[ 1 14],116,-1,433,-1,418
1,<environment.Job instance at 0x7ff7a7214f50>,116,16,[ 3 13],117,-1,434,-1,418
1,<environment.Job instance at 0x7ff7a72143c0>,117,23,[11  4],118,-1,441,-1,418
1,<environment.Job instance at 0x7ff7a6ed5d20>,125,13,[14  4],126,-1,485,-1,472
1,<environment.Job instance at 0x7ff7a6ed5c80>,128,14,[14  2],129,-1,496,-1,482
1,<environment.Job instance at 0x7ff7a6ed5aa0>,129,13,[14  4],130,-1,495,-1,482
1,<environment.Job instance at 0x7ff7a6ed5190>,130,15,[ 4 12],131,-1,497,-1,482
1,<environment.Job instance at 0x7ff7a6dcb1e0>,132,26,[8 3],133,-1,521,-1,495
1,<environment.Job instance at 0x7ff7a6dcbaa0>,134,24,[3 9],135,-1,521,-1,497
1,<environment.Job instance at 0x7ff7a6dcb640>,137,13,[13  2],138,-1,524,-1,511
1,<environment.Job instance at 0x7ff7a7c99640>,10,26,[ 2 10],11,-1,43,-1,17
1,<environment.Job instance at 0x7ff7b0b473c0>,15,26,[ 5 13],16,-1,58,-1,32
1,<environment.Job instance at 0x7ff7b0b470a0>,20,1,[2 7],21,-1,68,-1,67
1,<environment.Job instance at 0x7ff7b0b47dc0>,21,3,[ 5 10],22,-1,70,-1,67
1,<environment.Job instance at 0x7ff7b0b47f50>,23,23,[ 5 10],24,-1,101,-1,78
1,<environment.Job instance at 0x7ff7b0b477d0>,27,24,[10  4],28,-1,117,-1,93
1,<environment.Job instance at 0x7ff7b0b47730>,28,16,[11  3],29,-1,109,-1,93
1,<environment.Job instance at 0x7ff7b0b47eb0>,29,16,[11  5],30,-1,109,-1,93
1,<environment.Job instance at 0x7ff7a73d4c80>,33,14,[ 5 12],34,-1,128,-1,114
1,<environment.Job instance at 0x7ff7a73d4af0>,34,20,[ 3 14],35,-1,134,-1,114
1,<environment.Job instance at 0x7ff7a73d44b0>,35,24,[13  2],36,-1,138,-1,114
1,<environment.Job instance at 0x7ff7a73d4370>,39,28,[6 1],40,-1,170,-1,142
1,<environment.Job instance at 0x7ff7a73d40a0>,41,22,[5 2],42,-1,199,-1,177
1,<environment.Job instance at 0x7ff7a73d4e10>,52,3,[10  1],53,-1,289,-1,286
1,<environment.Job instance at 0x7ff7a6abe500>,54,1,[5 1],55,-1,288,-1,287
1,<environment.Job instance at 0x7ff7a7f64960>,57,26,[ 5 12],58,-1,329,-1,303
1,<environment.Job instance at 0x7ff7a7f64dc0>,58,26,[2 8],59,-1,334,-1,308
1,<environment.Job instance at 0x7ff7a7f64730>,59,3,[6 1],60,-1,313,-1,310
1,<environment.Job instance at 0x7ff7a7f64370>,61,16,[ 2 13],62,-1,327,-1,311
1,<environment.Job instance at 0x7ff7a7f64550>,62,23,[7 1],63,-1,334,-1,311
1,<environment.Job instance at 0x7ff7a7f64af0>,63,13,[13  4],64,-1,324,-1,311
1,<environment.Job instance at 0x7ff7a7f64f50>,64,18,[14  3],65,-1,329,-1,311
1,<environment.Job instance at 0x7ff7a7f643c0>,66,24,[14  5],67,-1,335,-1,311
1,<environment.Job instance at 0x7ff7a7f644b0>,67,25,[ 4 12],68,-1,336,-1,311
1,<environment.Job instance at 0x7ff7a7f64e60>,71,18,[ 2 11],72,-1,364,-1,346
1,<environment.Job instance at 0x7ff7a7f64460>,72,13,[11  3],73,-1,359,-1,346
1,<environment.Job instance at 0x7ff7a7f647d0>,73,18,[13  2],74,-1,364,-1,346
1,<environment.Job instance at 0x7ff7a7e33640>,74,2,[7 1],75,-1,348,-1,346
1,<environment.Job instance at 0x7ff7a7e33870>,75,23,[ 5 13],76,-1,369,-1,346
1,<environment.Job instance at 0x7ff7a7e33730>,76,23,[2 7],77,-1,376,-1,353
1,<environment.Job instance at 0x7ff7a7e33a50>,77,28,[ 1 10],78,-1,381,-1,353
1,<environment.Job instance at 0x7ff7a7e33780>,78,3,[2 6],79,-1,357,-1,354
1,<environment.Job instance at 0x7ff7a7e33280>,79,12,[ 4 14],80,-1,366,-1,354
1,<environment.Job instance at 0x7ff7a7e33320>,80,2,[10  3],81,-1,356,-1,354
1,<environment.Job instance at 0x7ff7a7e33140>,84,3,[9 1],85,-1,371,-1,368
1,<environment.Job instance at 0x7ff7a7e33960>,85,18,[ 5 11],86,-1,386,-1,368
1,<environment.Job instance at 0x7ff7a7eca4b0>,92,16,[14  4],93,-1,439,-1,423
1,<environment.Job instance at 0x7ff7a7ecaf50>,93,17,[13  5],94,-1,440,-1,423
1,<environment.Job instance at 0x7ff7a7eca5f0>,95,24,[12  4],96,-1,453,-1,429
1,<environment.Job instance at 0x7ff7a7eca320>,96,25,[6 3],97,-1,454,-1,429
1,<environment.Job instance at 0x7ff7a7eca3c0>,97,27,[9 5],98,-1,456,-1,429
1,<environment.Job instance at 0x7ff7b0b8c780>,108,2,[6 2],109,-1,522,-1,520
1,<environment.Job instance at 0x7ff7a7477550>,115,19,[ 2 12],116,-1,590,-1,571
1,<environment.Job instance at 0x7ff7a7477230>,117,26,[12  4],118,-1,597,-1,571
1,<environment.Job instance at 0x7ff7a7477820>,119,16,[ 5 11],120,-1,598,-1,582
1,<environment.Job instance at 0x7ff7a7477b40>,124,1,[ 4 11],125,-1,623,-1,622
1,<environment.Job instance at 0x7ff7a7477cd0>,127,2,[5 1],128,-1,624,-1,622
1,<environment.Job instance at 0x7ff7a7477dc0>,128,18,[14  5],129,-1,640,-1,622
1,<environment.Job instance at 0x7ff7a74773c0>,129,15,[ 1 12],130,-1,637,-1,622
1,<environment.Job instance at 0x7ff7a7a4e550>,133,14,[ 5 11],134,-1,650,-1,636
1,<environment.Job instance at 0x7ff7a7fa3960>,137,16,[14  4],138,-1,675,-1,659
1,<environment.Job instance at 0x7ff7a6abe230>,13,2,[9 2],14,-1,207,-1,205
1,<environment.Job instance at 0x7ff7a7145c30>,30,23,[ 5 11],31,-1,228,-1,205
1,<environment.Job instance at 0x7ff7a7145280>,31,24,[9 1],32,-1,269,-1,245
1,<environment.Job instance at 0x7ff7a7e35960>,44,12,[13  2],45,-1,317,-1,305
1,<environment.Job instance at 0x7ff7a7e35b90>,49,18,[ 5 12],50,-1,358,-1,340
1,<environment.Job instance at 0x7ff7a7e35230>,50,25,[12  1],51,-1,365,-1,340
1,<environment.Job instance at 0x7ff7a7e35050>,51,26,[10  2],52,-1,366,-1,340
1,<environment.Job instance at 0x7ff7a7e352d0>,52,3,[4 8],53,-1,343,-1,340
1,<environment.Job instance at 0x7ff7a7e35280>,54,12,[13  2],55,-1,368,-1,356
1,<environment.Job instance at 0x7ff7a7e357d0>,63,27,[ 1 13],64,-1,439,-1,412
1,<environment.Job instance at 0x7ff7a7e35460>,64,18,[11  3],65,-1,430,-1,412
1,<environment.Job instance at 0x7ff7a6dab8c0>,78,17,[ 2 13],79,-1,548,-1,531
1,<environment.Job instance at 0x7ff7a6dab190>,79,27,[5 5],80,-1,558,-1,531
1,<environment.Job instance at 0x7ff7a70f8190>,97,26,[9 4],98,-1,734,-1,708
1,<environment.Job instance at 0x7ff7a70f8640>,99,25,[11  1],100,-1,733,-1,708
1,<environment.Job instance at 0x7ff7a6ef7910>,105,2,[8 3],106,-1,769,-1,767
1,<environment.Job instance at 0x7ff7a6ef7500>,107,18,[ 4 10],108,-1,788,-1,770
1,<environment.Job instance at 0x7ff7a81df190>,121,12,[ 5 13],122,-1,898,-1,886
1,<environment.Job instance at 0x7ff7a81df7d0>,122,15,[ 3 13],123,-1,901,-1,886
1,<environment.Job instance at 0x7ff7a7843eb0>,3,28,[ 5 13],4,-1,32,-1,4
1,<environment.Job instance at 0x7ff7a7843690>,5,1,[6 4],6,-1,8,-1,7
1,<environment.Job instance at 0x7ff7a76701e0>,13,3,[6 4],14,-1,29,-1,26
1,<environment.Job instance at 0x7ff7a7670320>,14,13,[9 1],15,-1,43,-1,30
1,<environment.Job instance at 0x7ff7a76704b0>,17,2,[11  1],18,-1,58,-1,56
1,<environment.Job instance at 0x7ff7a7670be0>,18,2,[5 3],19,-1,58,-1,56
1,<environment.Job instance at 0x7ff7a7670c30>,23,25,[ 5 10],24,-1,102,-1,77
1,<environment.Job instance at 0x7ff7a7670af0>,24,13,[12  3],25,-1,90,-1,77
1,<environment.Job instance at 0x7ff7a76705f0>,25,20,[ 4 11],26,-1,97,-1,77
1,<environment.Job instance at 0x7ff7a7670e60>,27,15,[14  2],28,-1,92,-1,77
1,<environment.Job instance at 0x7ff7a7ee26e0>,28,12,[13  3],29,-1,89,-1,77
1,<environment.Job instance at 0x7ff7a7ee2550>,33,3,[8 3],34,-1,132,-1,129
1,<environment.Job instance at 0x7ff7a7ee2a00>,38,20,[12  2],39,-1,179,-1,159
1,<environment.Job instance at 0x7ff7a809b0a0>,40,28,[8 4],41,-1,187,-1,159
1,<environment.Job instance at 0x7ff7a809b8c0>,44,13,[13  1],45,-1,200,-1,187
1,<environment.Job instance at 0x7ff7a809b870>,45,13,[ 1 10],46,-1,200,-1,187
1,<environment.Job instance at 0x7ff7a809baa0>,47,18,[12  1],48,-1,219,-1,201
1,<environment.Job instance at 0x7ff7a809b910>,49,19,[13  2],50,-1,235,-1,216
1,<environment.Job instance at 0x7ff7a809bd70>,52,1,[ 2 13],53,-1,219,-1,218
1,<environment.Job instance at 0x7ff7a809b550>,53,24,[ 4 10],54,-1,242,-1,218
1,<environment.Job instance at 0x7ff7a809b780>,59,24,[4 6],60,-1,294,-1,270
1,<environment.Job instance at 0x7ff7a809b7d0>,60,23,[13  5],61,-1,293,-1,270
1,<environment.Job instance at 0x7ff7a6bb9a00>,61,28,[14  2],62,-1,298,-1,270
1,<environment.Job instance at 0x7ff7a6bb9be0>,65,3,[1 8],66,-1,292,-1,289
1,<environment.Job instance at 0x7ff7a6bb9460>,66,22,[13  1],67,-1,311,-1,289
1,<environment.Job instance at 0x7ff7a6bb9b40>,67,2,[5 7],68,-1,291,-1,289
1,<environment.Job instance at 0x7ff7a6bb9550>,68,22,[ 2 12],69,-1,311,-1,289
1,<environment.Job instance at 0x7ff7a6bb9f50>,72,15,[13  5],73,-1,322,-1,307
1,<environment.Job instance at 0x7ff7a6bb9410>,73,20,[ 1 14],74,-1,327,-1,307
1,<environment.Job instance at 0x7ff7a6bb9730>,74,21,[10  2],75,-1,335,-1,314
1,<environment.Job instance at 0x7ff7a6bb9870>,75,12,[ 1 14],76,-1,326,-1,314
1,<environment.Job instance at 0x7ff7a6bb94b0>,76,14,[ 3 11],77,-1,328,-1,314
1,<environment.Job instance at 0x7ff7a6bb9c80>,78,12,[ 3 13],79,-1,331,-1,319
1,<environment.Job instance at 0x7ff7a6aeda50>,82,15,[ 4 11],83,-1,346,-1,331
1,<environment.Job instance at 0x7ff7a7096fa0>,83,26,[7 4],84,-1,357,-1,331
1,<environment.Job instance at 0x7ff7a7096500>,85,17,[ 5 11],86,-1,370,-1,353
1,<environment.Job instance at 0x7ff7a7ff59b0>,87,25,[5 8],88,-1,378,-1,353
1,<environment.Job instance at 0x7ff7a6c8e5f0>,96,28,[ 3 11],97,-1,445,-1,417
1,<environment.Job instance at 0x7ff7a6b10280>,98,16,[14  5],99,-1,443,-1,427
1,<environment.Job instance at 0x7ff7a6b10be0>,99,28,[6 3],100,-1,455,-1,427
1,<environment.Job instance at 0x7ff7a6e28500>,100,13,[14  3],101,-1,440,-1,427
1,<environment.Job instance at 0x7ff7a7220b90>,102,14,[ 2 12],103,-1,447,-1,433
1,<environment.Job instance at 0x7ff7a6ac0aa0>,104,21,[ 3 14],105,-1,460,-1,439
1,<environment.Job instance at 0x7ff7a6bd1640>,106,23,[3 9],107,-1,462,-1,439
1,<environment.Job instance at 0x7ff7a6f4da50>,108,25,[ 1 14],109,-1,477,-1,452
1,<environment.Job instance at 0x7ff7a69ea2d0>,111,25,[2 8],112,-1,508,-1,483
1,<environment.Job instance at 0x7ff7a6d3f640>,114,16,[13  2],115,-1,499,-1,483
1,<environment.Job instance at 0x7ff7a6a0e870>,120,2,[3 9],121,-1,522,-1,520
1,<environment.Job instance at 0x7ff7a7890780>,121,18,[ 1 13],122,-1,538,-1,520
1,<environment.Job instance at 0x7ff7a7532af0>,123,16,[ 4 14],124,-1,539,-1,523
1,<environment.Job instance at 0x7ff7a79c30a0>,124,15,[11  3],125,-1,538,-1,523
1,<environment.Job instance at 0x7ff7a79c3a00>,128,17,[12  3],129,-1,574,-1,557
1,<environment.Job instance at 0x7ff7a7f69780>,130,13,[13  2],131,-1,582,-1,569
1,<environment.Job instance at 0x7ff7a80d0730>,134,22,[10  1],135,-1,614,-1,592
1,<environment.Job instance at 0x7ff7a7999e10>,137,17,[11  4],138,-1,621,-1,604
1,<environment.Job instance at 0x7ff7a79991e0>,138,18,[ 1 11],139,-1,622,-1,604
1,<environment.Job instance at 0x7ff7a80179b0>,5,25,[1 6],6,-1,32,-1,7
1,<environment.Job instance at 0x7ff7a8017870>,9,27,[5 9],10,-1,39,-1,12
1,<environment.Job instance at 0x7ff7a7ffdf50>,11,12,[8 3],12,-1,39,-1,27
1,<environment.Job instance at 0x7ff7a7ffddc0>,12,26,[ 1 12],13,-1,53,-1,27
1,<environment.Job instance at 0x7ff7a7ffd500>,13,28,[ 3 14],14,-1,55,-1,27
1,<environment.Job instance at 0x7ff7a7ffd0a0>,18,24,[ 5 13],19,-1,70,-1,46
1,<environment.Job instance at 0x7ff7a7ffd280>,19,23,[8 5],20,-1,69,-1,46
1,<environment.Job instance at 0x7ff7a7ffd2d0>,20,28,[4 9],21,-1,74,-1,46
1,<environment.Job instance at 0x7ff7a7ffd0f0>,21,24,[ 5 13],22,-1,70,-1,46
1,<environment.Job instance at 0x7ff7a7ffd870>,23,15,[ 2 12],24,-1,67,-1,52
1,<environment.Job instance at 0x7ff7a7ffd190>,24,15,[ 3 13],25,-1,67,-1,52
1,<environment.Job instance at 0x7ff7a7ffdfa0>,25,25,[7 4],26,-1,77,-1,52
1,<environment.Job instance at 0x7ff7a7ffd140>,28,25,[14  3],29,-1,91,-1,66
1,<environment.Job instance at 0x7ff7a7ff7230>,29,27,[14  3],30,-1,93,-1,66
1,<environment.Job instance at 0x7ff7a7ff7be0>,35,15,[11  3],36,-1,125,-1,110
1,<environment.Job instance at 0x7ff7a7ff7f50>,36,28,[4 7],37,-1,138,-1,110
1,<environment.Job instance at 0x7ff7a7ff77d0>,38,3,[ 4 13],39,-1,113,-1,110
1,<environment.Job instance at 0x7ff7a7ff73c0>,41,12,[13  1],42,-1,138,-1,126
1,<environment.Job instance at 0x7ff7a7ff27d0>,42,13,[5 9],43,-1,146,-1,133
1,<environment.Job instance at 0x7ff7a7ff2050>,43,13,[ 4 13],44,-1,146,-1,133
1,<environment.Job instance at 0x7ff7a7ff2f00>,44,18,[11  5],45,-1,151,-1,133
1,<environment.Job instance at 0x7ff7a7ff20f0>,45,15,[5 1],46,-1,149,-1,134
1,<environment.Job instance at 0x7ff7a7ff2f50>,47,24,[10  4],48,-1,160,-1,136
1,<environment.Job instance at 0x7ff7a7ff29b0>,48,25,[5 1],49,-1,161,-1,136
1,<environment.Job instance at 0x7ff7a7ff21e0>,53,23,[7 5],54,-1,199,-1,176
1,<environment.Job instance at 0x7ff7a7ff2280>,54,26,[ 5 13],55,-1,202,-1,176
1,<environment.Job instance at 0x7ff7a7fdcbe0>,58,23,[3 5],59,-1,233,-1,210
1,<environment.Job instance at 0x7ff7a7fdc230>,61,23,[5 3],62,-1,234,-1,211
1,<environment.Job instance at 0x7ff7a7fdc410>,64,27,[5 6],65,-1,256,-1,229
1,<environment.Job instance at 0x7ff7a7ff00a0>,67,26,[ 2 12],68,-1,270,-1,244
1,<environment.Job instance at 0x7ff7a7ff03c0>,69,3,[ 2 11],70,-1,257,-1,254
1,<environment.Job instance at 0x7ff7a7ff0b90>,71,16,[14  5],72,-1,273,-1,257
1,<environment.Job instance at 0x7ff7a7ff0f50>,72,24,[5 1],73,-1,281,-1,257
1,<environment.Job instance at 0x7ff7a7ff0c80>,73,17,[ 5 12],74,-1,274,-1,257
1,<environment.Job instance at 0x7ff7a7ff0d70>,75,12,[5 1],76,-1,283,-1,271
1,<environment.Job instance at 0x7ff7a7ff05f0>,76,1,[5 8],77,-1,272,-1,271
1,<environment.Job instance at 0x7ff7a7ff0550>,78,15,[6 1],79,-1,294,-1,279
1,<environment.Job instance at 0x7ff7a7ff0230>,79,1,[8 4],80,-1,280,-1,279
1,<environment.Job instance at 0x7ff7a7ff0e60>,80,12,[6 1],81,-1,292,-1,280
1,<environment.Job instance at 0x7ff7a7ff05a0>,81,24,[1 9],82,-1,304,-1,280
1,<environment.Job instance at 0x7ff7a7ff0c30>,82,1,[7 2],83,-1,281,-1,280
1,<environment.Job instance at 0x7ff7a7d32cd0>,85,15,[14  2],86,-1,306,-1,291
1,<environment.Job instance at 0x7ff7a7d32b90>,86,1,[6 2],87,-1,292,-1,291
1,<environment.Job instance at 0x7ff7a7d320f0>,87,13,[ 5 11],88,-1,304,-1,291
1,<environment.Job instance at 0x7ff7a7d325f0>,88,12,[12  2],89,-1,303,-1,291
1,<environment.Job instance at 0x7ff7a7d32690>,90,17,[ 4 14],91,-1,319,-1,302
1,<environment.Job instance at 0x7ff7a7d32fa0>,92,19,[ 4 10],93,-1,342,-1,323
1,<environment.Job instance at 0x7ff7a7d32460>,95,22,[7 1],96,-1,345,-1,323
1,<environment.Job instance at 0x7ff7a7d32960>,96,12,[3 5],97,-1,335,-1,323
1,<environment.Job instance at 0x7ff7a7d320a0>,97,25,[1 7],98,-1,348,-1,323
1,<environment.Job instance at 0x7ff7a7d32320>,98,12,[3 5],99,-1,335,-1,323
1,<environment.Job instance at 0x7ff7a7d32820>,99,25,[6 4],100,-1,348,-1,323
1,<environment.Job instance at 0x7ff7a7d32af0>,100,25,[14  3],101,-1,348,-1,323
1,<environment.Job instance at 0x7ff7a7d32a50>,101,27,[8 1],102,-1,350,-1,323
1,<environment.Job instance at 0x7ff7a7ffcd20>,102,12,[7 5],103,-1,335,-1,323
1,<environment.Job instance at 0x7ff7a7ffcaf0>,103,20,[ 3 12],104,-1,343,-1,323
1,<environment.Job instance at 0x7ff7a7ffcb40>,104,2,[1 8],105,-1,325,-1,323
1,<environment.Job instance at 0x7ff7a7ffcb90>,105,23,[5 2],106,-1,346,-1,323
1,<environment.Job instance at 0x7ff7a7ffc050>,106,23,[1 6],107,-1,346,-1,323
1,<environment.Job instance at 0x7ff7a7ffcf50>,107,23,[10  4],108,-1,346,-1,323
1,<environment.Job instance at 0x7ff7a7ffcf00>,108,18,[5 2],109,-1,342,-1,324
1,<environment.Job instance at 0x7ff7a7ffc730>,109,21,[ 2 10],110,-1,345,-1,324
1,<environment.Job instance at 0x7ff7a7ffcaa0>,110,28,[8 5],111,-1,352,-1,324
1,<environment.Job instance at 0x7ff7a7ffc780>,111,13,[9 4],112,-1,337,-1,324
1,<environment.Job instance at 0x7ff7a7ffcc80>,112,16,[ 3 10],113,-1,340,-1,324
1,<environment.Job instance at 0x7ff7a7ffc5a0>,113,2,[10  3],114,-1,326,-1,324
1,<environment.Job instance at 0x7ff7a7ffc460>,115,14,[10  1],116,-1,355,-1,341
1,<environment.Job instance at 0x7ff7a7ffc690>,116,26,[ 5 10],117,-1,367,-1,341
1,<environment.Job instance at 0x7ff7a800bfa0>,121,17,[ 4 10],122,-1,408,-1,391
1,<environment.Job instance at 0x7ff7a800b820>,125,27,[6 1],126,-1,418,-1,391
1,<environment.Job instance at 0x7ff7a760e140>,136,14,[11  2],137,-1,524,-1,510
1,<environment.Job instance at 0x7ff7a6fa3460>,4,23,[ 2 11],5,-1,28,-1,5
1,<environment.Job instance at 0x7ff7a6e39460>,16,1,[10  5],17,-1,37,-1,36
1,<environment.Job instance at 0x7ff7a6e39dc0>,19,28,[4 8],20,-1,85,-1,57
1,<environment.Job instance at 0x7ff7a6e39c30>,21,1,[9 5],22,-1,65,-1,64
1,<environment.Job instance at 0x7ff7a6e39730>,22,14,[ 5 11],23,-1,78,-1,64
1,<environment.Job instance at 0x7ff7a6e39870>,23,13,[12  1],24,-1,77,-1,64
1,<environment.Job instance at 0x7ff7a6e39370>,27,28,[ 1 10],28,-1,127,-1,99
1,<environment.Job instance at 0x7ff7a6e39d70>,29,15,[ 3 12],30,-1,114,-1,99
1,<environment.Job instance at 0x7ff7a6e39050>,30,19,[ 5 10],31,-1,233,-1,214
1,<environment.Job instance at 0x7ff7a7f365a0>,39,14,[11  3],40,-1,228,-1,214
1,<environment.Job instance at 0x7ff7a7f360a0>,40,22,[11  4],41,-1,236,-1,214
1,<environment.Job instance at 0x7ff7a7f36f50>,41,14,[ 4 14],42,-1,228,-1,214
1,<environment.Job instance at 0x7ff7a7f36a00>,42,17,[ 1 11],43,-1,231,-1,214
1,<environment.Job instance at 0x7ff7a7f36d70>,44,23,[9 5],45,-1,252,-1,229
1,<environment.Job instance at 0x7ff7a7f36370>,45,23,[ 5 14],46,-1,252,-1,229
1,<environment.Job instance at 0x7ff7a6b4e370>,48,12,[13  4],49,-1,245,-1,233
1,<environment.Job instance at 0x7ff7a6b4e230>,50,16,[ 3 10],51,-1,249,-1,233
1,<environment.Job instance at 0x7ff7a6b4ea50>,52,2,[5 2],53,-1,241,-1,239
1,<environment.Job instance at 0x7ff7a6b4e690>,53,13,[ 1 13],54,-1,252,-1,239
1,<environment.Job instance at 0x7ff7a71d7870>,56,13,[12  1],57,-1,265,-1,252
1,<environment.Job instance at 0x7ff7a7db0a50>,94,1,[ 4 12],95,-1,608,-1,607
1,<environment.Job instance at 0x7ff7a7db0960>,98,17,[ 3 12],99,-1,641,-1,624
1,<environment.Job instance at 0x7ff7a7ec7f00>,100,27,[14  1],101,-1,667,-1,640
1,<environment.Job instance at 0x7ff7a7ec7870>,101,26,[5 6],102,-1,666,-1,640
1,<environment.Job instance at 0x7ff7a7ec7b40>,103,14,[ 1 13],104,-1,654,-1,640
1,<environment.Job instance at 0x7ff7a7ec7500>,105,26,[11  1],106,-1,676,-1,650
1,<environment.Job instance at 0x7ff7a7ec7230>,106,24,[12  2],107,-1,674,-1,650
1,<environment.Job instance at 0x7ff7a68f4500>,110,3,[ 5 14],111,-1,681,-1,678
1,<environment.Job instance at 0x7ff7a68f4280>,111,18,[ 3 12],112,-1,696,-1,678
1,<environment.Job instance at 0x7ff7a68f42d0>,116,23,[9 5],117,-1,734,-1,711
1,<environment.Job instance at 0x7ff7a68f4190>,118,26,[ 4 12],119,-1,746,-1,720
1,<environment.Job instance at 0x7ff7a68f46e0>,119,1,[ 2 14],120,-1,721,-1,720
1,<environment.Job instance at 0x7ff7a68f4b40>,120,25,[12  5],121,-1,745,-1,720
1,<environment.Job instance at 0x7ff7a7598d20>,128,18,[11  3],129,-1,824,-1,806
1,<environment.Job instance at 0x7ff7a7598460>,129,27,[13  5],130,-1,833,-1,806
1,<environment.Job instance at 0x7ff7a6933320>,130,22,[10  4],131,-1,1956,-1,1934
1,<environment.Job instance at 0x7ff7aa2620f0>,1,12,[12  1],2,-1,14,-1,2
1,<environment.Job instance at 0x7ff7aa24c5f0>,4,27,[ 3 14],5,-1,32,-1,5
1,<environment.Job instance at 0x7ff7aa24cd20>,5,13,[ 3 13],6,-1,19,-1,6
1,<environment.Job instance at 0x7ff7aa24c9b0>,6,28,[11  1],7,-1,35,-1,7
1,<environment.Job instance at 0x7ff7aa24c1e0>,7,18,[ 4 11],8,-1,26,-1,8
1,<environment.Job instance at 0x7ff7a7b8b3c0>,10,18,[12  3],11,-1,29,-1,11
1,<environment.Job instance at 0x7ff7a7b76140>,17,1,[1 7],18,-1,38,-1,37
1,<environment.Job instance at 0x7ff7a7b76b90>,21,24,[5 3],22,-1,85,-1,61
1,<environment.Job instance at 0x7ff7a8038190>,24,19,[12  3],25,-1,92,-1,73
1,<environment.Job instance at 0x7ff7a8038370>,25,25,[2 6],26,-1,98,-1,73
1,<environment.Job instance at 0x7ff7a75026e0>,28,28,[4 6],29,-1,110,-1,82
1,<environment.Job instance at 0x7ff7aa25d960>,30,18,[11  5],31,-1,106,-1,88
1,<environment.Job instance at 0x7ff7aa25d7d0>,31,23,[ 1 10],32,-1,111,-1,88
1,<environment.Job instance at 0x7ff7aa25daa0>,32,17,[ 3 14],33,-1,105,-1,88
1,<environment.Job instance at 0x7ff7aa25d2d0>,34,28,[4 7],35,-1,130,-1,102
1,<environment.Job instance at 0x7ff7aa25d230>,35,13,[ 3 10],36,-1,122,-1,109
1,<environment.Job instance at 0x7ff7aa25d190>,36,24,[11  4],37,-1,133,-1,109
1,<environment.Job instance at 0x7ff7a7b5cb40>,40,24,[9 4],41,-1,141,-1,117
1,<environment.Job instance at 0x7ff7a7b5c5a0>,43,16,[ 1 12],44,-1,148,-1,132
1,<environment.Job instance at 0x7ff7a7b5cf00>,45,12,[ 2 12],46,-1,152,-1,140
1,<environment.Job instance at 0x7ff7a7b8acd0>,50,17,[ 3 14],51,-1,184,-1,167
1,<environment.Job instance at 0x7ff7a7b8aeb0>,51,16,[12  1],52,-1,183,-1,167
1,<environment.Job instance at 0x7ff7a7b8a910>,53,17,[13  3],54,-1,199,-1,182
1,<environment.Job instance at 0x7ff7a785ec80>,58,12,[ 3 11],59,-1,222,-1,210
1,<environment.Job instance at 0x7ff7a785e500>,59,27,[13  4],60,-1,237,-1,210
1,<environment.Job instance at 0x7ff7a785ec30>,60,15,[ 3 14],61,-1,225,-1,210
1,<environment.Job instance at 0x7ff7a7b56320>,63,14,[13  2],64,-1,239,-1,225
1,<environment.Job instance at 0x7ff7a7f9c460>,65,27,[3 8],66,-1,259,-1,232
1,<environment.Job instance at 0x7ff7a77ed6e0>,67,3,[5 1],68,-1,242,-1,239
1,<environment.Job instance at 0x7ff7a7f9cf50>,68,15,[ 4 12],69,-1,254,-1,239
1,<environment.Job instance at 0x7ff7a7ace9b0>,71,3,[7 3],72,-1,256,-1,253
1,<environment.Job instance at 0x7ff7a7ace500>,72,19,[14  4],73,-1,272,-1,253
1,<environment.Job instance at 0x7ff7a7ace5f0>,74,26,[ 2 10],75,-1,292,-1,266
1,<environment.Job instance at 0x7ff7a7aceaa0>,75,1,[6 2],76,-1,267,-1,266
1,<environment.Job instance at 0x7ff7a7ace3c0>,77,17,[14  4],78,-1,288,-1,271
1,<environment.Job instance at 0x7ff7a7acea50>,78,3,[14  4],79,-1,274,-1,271
1,<environment.Job instance at 0x7ff7a7996050>,80,14,[12  5],81,-1,293,-1,279
1,<environment.Job instance at 0x7ff7a740cdc0>,81,2,[2 7],82,-1,281,-1,279
1,<environment.Job instance at 0x7ff7a7c7baa0>,85,22,[14  4],86,-1,318,-1,296
1,<environment.Job instance at 0x7ff7a7aced20>,86,16,[14  2],87,-1,312,-1,296
1,<environment.Job instance at 0x7ff7a80b1eb0>,89,2,[ 2 11],90,-1,298,-1,296
1,<environment.Job instance at 0x7ff7a7c66910>,91,3,[7 5],92,-1,300,-1,297
1,<environment.Job instance at 0x7ff7a7c91fa0>,93,23,[14  5],94,-1,334,-1,311
1,<environment.Job instance at 0x7ff7a6c52320>,98,14,[12  4],99,-1,351,-1,337
1,<environment.Job instance at 0x7ff7a6c52d70>,99,3,[1 6],100,-1,340,-1,337
1,<environment.Job instance at 0x7ff7a6c52f50>,100,25,[ 4 10],101,-1,362,-1,337
1,<environment.Job instance at 0x7ff7a6c52780>,105,18,[ 2 11],106,-1,391,-1,373
1,<environment.Job instance at 0x7ff7a6c52be0>,106,18,[12  3],107,-1,391,-1,373
1,<environment.Job instance at 0x7ff7a6c521e0>,107,19,[ 2 12],108,-1,392,-1,373
1,<environment.Job instance at 0x7ff7a6c44140>,110,17,[ 5 14],111,-1,390,-1,373
1,<environment.Job instance at 0x7ff7a6c44320>,111,25,[ 1 11],112,-1,398,-1,373
1,<environment.Job instance at 0x7ff7a6c44780>,112,1,[3 7],113,-1,374,-1,373
1,<environment.Job instance at 0x7ff7a6c3f960>,115,23,[8 4],116,-1,412,-1,389
1,<environment.Job instance at 0x7ff7a6c3f820>,116,12,[12  1],117,-1,401,-1,389
1,<environment.Job instance at 0x7ff7a6c3ffa0>,117,17,[ 4 11],118,-1,406,-1,389
1,<environment.Job instance at 0x7ff7a6c3fa00>,120,25,[5 1],121,-1,432,-1,407
1,<environment.Job instance at 0x7ff7a6c3f6e0>,121,2,[14  3],122,-1,409,-1,407
1,<environment.Job instance at 0x7ff7a6c3f500>,122,27,[10  5],123,-1,434,-1,407
1,<environment.Job instance at 0x7ff7a7027c80>,127,18,[ 1 13],128,-1,460,-1,442
1,<environment.Job instance at 0x7ff7a7027d20>,128,26,[ 1 12],129,-1,468,-1,442
1,<environment.Job instance at 0x7ff7a7027690>,129,19,[12  1],130,-1,461,-1,442
1,<environment.Job instance at 0x7ff7a6c6e730>,130,22,[ 2 12],131,-1,464,-1,442
1,<environment.Job instance at 0x7ff7a6c6eb40>,132,20,[12  3],133,-1,465,-1,445
1,<environment.Job instance at 0x7ff7a6c6e870>,133,17,[14  4],134,-1,462,-1,445
1,<environment.Job instance at 0x7ff7a6c6ed20>,134,17,[12  2],135,-1,462,-1,445
1,<environment.Job instance at 0x7ff7a6c6e9b0>,135,17,[ 2 13],136,-1,462,-1,445
1,<environment.Job instance at 0x7ff7a7c7c550>,137,26,[ 3 14],138,-1,483,-1,457
1,<environment.Job instance at 0x7ff7a747a1e0>,4,23,[7 1],5,-1,28,-1,5
1,<environment.Job instance at 0x7ff7a747a8c0>,5,12,[ 4 13],6,-1,18,-1,6
1,<environment.Job instance at 0x7ff7a747a910>,8,27,[ 3 12],9,-1,36,-1,9
1,<environment.Job instance at 0x7ff7a747a690>,16,15,[13  1],17,-1,50,-1,35
1,<environment.Job instance at 0x7ff7a747acd0>,20,17,[12  4],21,-1,69,-1,52
1,<environment.Job instance at 0x7ff7a74a3a50>,22,2,[12  3],23,-1,70,-1,68
1,<environment.Job instance at 0x7ff7a74a3730>,28,24,[ 5 12],29,-1,119,-1,95
1,<environment.Job instance at 0x7ff7a74a3460>,34,15,[14  5],35,-1,142,-1,127
1,<environment.Job instance at 0x7ff7a73d3d20>,39,20,[ 4 14],40,-1,185,-1,165
1,<environment.Job instance at 0x7ff7a73d3f50>,40,17,[14  1],41,-1,182,-1,165
1,<environment.Job instance at 0x7ff7a73d3c30>,41,16,[13  2],42,-1,181,-1,165
1,<environment.Job instance at 0x7ff7a73d3230>,43,2,[6 2],44,-1,167,-1,165
1,<environment.Job instance at 0x7ff7a73d3140>,45,2,[ 1 12],46,-1,172,-1,170
1,<environment.Job instance at 0x7ff7a73d3780>,47,20,[ 1 13],48,-1,198,-1,178
1,<environment.Job instance at 0x7ff7a73d32d0>,49,23,[ 3 11],50,-1,205,-1,182
1,<environment.Job instance at 0x7ff7a73d3a50>,51,16,[ 1 14],52,-1,216,-1,200
1,<environment.Job instance at 0x7ff7a73d3460>,53,17,[12  2],54,-1,217,-1,200
1,<environment.Job instance at 0x7ff7a73d3550>,55,17,[ 1 13],56,-1,228,-1,211
1,<environment.Job instance at 0x7ff7a73d3910>,56,3,[10  5],57,-1,214,-1,211
1,<environment.Job instance at 0x7ff7a73d3410>,59,25,[5 5],60,-1,249,-1,224
1,<environment.Job instance at 0x7ff7a7cccfa0>,60,13,[ 4 14],61,-1,237,-1,224
1,<environment.Job instance at 0x7ff7a7ccc960>,62,20,[ 2 11],63,-1,250,-1,230
1,<environment.Job instance at 0x7ff7a7ccc6e0>,64,16,[ 1 13],65,-1,250,-1,234
1,<environment.Job instance at 0x7ff7a7ccc230>,67,2,[2 7],68,-1,258,-1,256
1,<environment.Job instance at 0x7ff7a7ccc410>,69,12,[ 3 13],70,-1,274,-1,262
1,<environment.Job instance at 0x7ff7a70f3550>,71,17,[ 1 10],72,-1,301,-1,284
1,<environment.Job instance at 0x7ff7a70f3eb0>,73,18,[ 2 14],74,-1,302,-1,284
1,<environment.Job instance at 0x7ff7a70f38c0>,75,17,[2 9],76,-1,309,-1,292
1,<environment.Job instance at 0x7ff7a70f3f00>,76,21,[8 4],77,-1,319,-1,298
1,<environment.Job instance at 0x7ff7a70f3dc0>,77,13,[8 4],78,-1,311,-1,298
1,<environment.Job instance at 0x7ff7a70f3b90>,78,15,[ 3 10],79,-1,313,-1,298
1,<environment.Job instance at 0x7ff7a70f3690>,79,15,[ 2 12],80,-1,313,-1,298
1,<environment.Job instance at 0x7ff7a74a3b40>,26,19,[14  5],27,-1,317,-1,298
1,<environment.Job instance at 0x7ff7a70f32d0>,80,3,[ 3 10],81,-1,301,-1,298
1,<environment.Job instance at 0x7ff7a70f3e10>,82,21,[13  1],83,-1,319,-1,298
1,<environment.Job instance at 0x7ff7a70f3fa0>,83,19,[10  2],84,-1,317,-1,298
1,<environment.Job instance at 0x7ff7a70f3c80>,84,18,[8 3],85,-1,317,-1,299
1,<environment.Job instance at 0x7ff7a70f33c0>,85,3,[10  1],86,-1,302,-1,299
1,<environment.Job instance at 0x7ff7a76f9690>,86,1,[ 1 11],87,-1,300,-1,299
1,<environment.Job instance at 0x7ff7a76f9550>,87,17,[6 1],88,-1,316,-1,299
1,<environment.Job instance at 0x7ff7a76f9eb0>,88,12,[4 5],89,-1,311,-1,299
1,<environment.Job instance at 0x7ff7a76f9a50>,89,15,[14  4],90,-1,314,-1,299
1,<environment.Job instance at 0x7ff7a76f9b90>,90,2,[10  3],91,-1,301,-1,299
1,<environment.Job instance at 0x7ff7a76f9dc0>,91,20,[1 5],92,-1,319,-1,299
1,<environment.Job instance at 0x7ff7a76f9a00>,92,27,[6 3],93,-1,326,-1,299
1,<environment.Job instance at 0x7ff7a76f9190>,93,27,[ 3 11],94,-1,326,-1,299
1,<environment.Job instance at 0x7ff7a76f9e60>,94,13,[4 7],95,-1,312,-1,299
1,<environment.Job instance at 0x7ff7a76f90a0>,95,16,[11  5],96,-1,315,-1,299
1,<environment.Job instance at 0x7ff7a76f9aa0>,96,17,[12  2],97,-1,316,-1,299
1,<environment.Job instance at 0x7ff7a76f9460>,99,16,[11  5],100,-1,316,-1,300
1,<environment.Job instance at 0x7ff7a76f9910>,100,28,[4 7],101,-1,328,-1,300
1,<environment.Job instance at 0x7ff7a76f9640>,101,17,[4 9],102,-1,317,-1,300
1,<environment.Job instance at 0x7ff7a76f9be0>,102,16,[ 2 10],103,-1,316,-1,300
1,<environment.Job instance at 0x7ff7a76f92d0>,103,13,[10  2],104,-1,313,-1,300
1,<environment.Job instance at 0x7ff7a76f9af0>,104,23,[5 8],105,-1,323,-1,300
1,<environment.Job instance at 0x7ff7a76f9140>,105,12,[14  5],106,-1,312,-1,300
1,<environment.Job instance at 0x7ff7a76f9c30>,106,17,[ 5 12],107,-1,317,-1,300
1,<environment.Job instance at 0x7ff7a68c7910>,107,26,[9 4],108,-1,326,-1,300
1,<environment.Job instance at 0x7ff7a68c7960>,108,18,[3 5],109,-1,319,-1,301
1,<environment.Job instance at 0x7ff7a68c7550>,109,1,[7 2],110,-1,302,-1,301
1,<environment.Job instance at 0x7ff7a68c7f00>,110,13,[5 4],111,-1,314,-1,301
1,<environment.Job instance at 0x7ff7a68c73c0>,111,12,[ 2 14],112,-1,313,-1,301
1,<environment.Job instance at 0x7ff7a68c7e60>,112,15,[8 2],113,-1,316,-1,301
1,<environment.Job instance at 0x7ff7a68c7780>,113,13,[10  2],114,-1,314,-1,301
1,<environment.Job instance at 0x7ff7a68c7230>,114,12,[13  4],115,-1,313,-1,301
1,<environment.Job instance at 0x7ff7a70f36e0>,81,18,[1 8],82,-1,319,-1,301
1,<environment.Job instance at 0x7ff7a68c7b90>,115,3,[9 3],116,-1,304,-1,301
1,<environment.Job instance at 0x7ff7a68c7730>,117,16,[13  2],118,-1,317,-1,301
1,<environment.Job instance at 0x7ff7a68c7500>,118,12,[7 2],119,-1,313,-1,301
1,<environment.Job instance at 0x7ff7a68c7320>,119,13,[1 5],120,-1,314,-1,301
1,<environment.Job instance at 0x7ff7a68c7dc0>,120,28,[ 5 12],121,-1,329,-1,301
1,<environment.Job instance at 0x7ff7a68c75a0>,121,2,[ 1 10],122,-1,303,-1,301
1,<environment.Job instance at 0x7ff7a68c7cd0>,122,1,[7 4],123,-1,302,-1,301
1,<environment.Job instance at 0x7ff7a68c72d0>,123,19,[2 5],124,-1,320,-1,301
1,<environment.Job instance at 0x7ff7a68c7e10>,124,18,[6 1],125,-1,319,-1,301
1,<environment.Job instance at 0x7ff7a68c7be0>,125,3,[7 4],126,-1,304,-1,301
1,<environment.Job instance at 0x7ff7a68c7d70>,126,16,[1 7],127,-1,317,-1,301
1,<environment.Job instance at 0x7ff7a79cc050>,127,25,[12  1],128,-1,326,-1,301
1,<environment.Job instance at 0x7ff7a6d7a140>,128,18,[2 5],129,-1,319,-1,301
1,<environment.Job instance at 0x7ff7a6d7a3c0>,129,18,[2 9],130,-1,319,-1,301
1,<environment.Job instance at 0x7ff7a6d7ac80>,130,3,[9 5],131,-1,304,-1,301
1,<environment.Job instance at 0x7ff7a6d7a0f0>,131,15,[10  1],132,-1,316,-1,301
1,<environment.Job instance at 0x7ff7a6d7a0a0>,132,28,[9 5],133,-1,329,-1,301
1,<environment.Job instance at 0x7ff7a6d7a550>,133,15,[2 5],134,-1,318,-1,303
1,<environment.Job instance at 0x7ff7a740cf50>,134,12,[11  1],135,-1,315,-1,303
1,<environment.Job instance at 0x7ff7a6d9d0a0>,135,1,[12  5],136,-1,304,-1,303
1,<environment.Job instance at 0x7ff7a6d9d1e0>,136,2,[1 8],137,-1,305,-1,303
1,<environment.Job instance at 0x7ff7a6d9daf0>,137,14,[9 3],138,-1,317,-1,303
1,<environment.Job instance at 0x7ff7a6d9d2d0>,138,28,[6 2],139,-1,331,-1,303
1,<environment.Job instance at 0x7ff7a68c7370>,116,14,[ 3 12],117,-1,317,-1,303
1,<environment.Job instance at 0x7ff7a70f3320>,72,28,[13  1],73,-1,331,-1,303
1,<environment.Job instance at 0x7ff7a70f3320>,4,28,[ 4 10],5,-1,33,-1,5
1,<environment.Job instance at 0x7ff7a7a6acd0>,5,25,[5 3],6,-1,31,-1,6
1,<environment.Job instance at 0x7ff7a7a6aeb0>,7,13,[14  1],8,-1,21,-1,8
1,<environment.Job instance at 0x7ff7a7a84460>,13,24,[5 8],14,-1,48,-1,24
1,<environment.Job instance at 0x7ff7a7a84550>,15,24,[ 4 11],16,-1,54,-1,30
1,<environment.Job instance at 0x7ff7a7a845f0>,16,16,[ 2 10],17,-1,54,-1,38
1,<environment.Job instance at 0x7ff7a7a84690>,17,28,[8 4],18,-1,66,-1,38
1,<environment.Job instance at 0x7ff7a7a849b0>,22,24,[13  3],23,-1,96,-1,72
1,<environment.Job instance at 0x7ff7a7a84a50>,23,16,[ 5 12],24,-1,88,-1,72
1,<environment.Job instance at 0x7ff7a7a843c0>,24,17,[13  5],25,-1,89,-1,72
1,<environment.Job instance at 0x7ff7a7a84370>,25,22,[ 3 12],26,-1,94,-1,72
1,<environment.Job instance at 0x7ff7a7a84be0>,26,13,[14  4],27,-1,85,-1,72
1,<environment.Job instance at 0x7ff7a7a84b40>,27,24,[ 2 14],28,-1,96,-1,72
1,<environment.Job instance at 0x7ff7a7a84e60>,32,20,[13  3],33,-1,106,-1,86
1,<environment.Job instance at 0x7ff7a7a520a0>,34,17,[13  1],35,-1,113,-1,96
1,<environment.Job instance at 0x7ff7a7a52280>,36,3,[10  5],37,-1,101,-1,98
1,<environment.Job instance at 0x7ff7a7a522d0>,37,12,[12  5],38,-1,110,-1,98
1,<environment.Job instance at 0x7ff7a7a52500>,39,24,[3 6],40,-1,134,-1,110
1,<environment.Job instance at 0x7ff7a7a523c0>,41,12,[ 4 10],42,-1,122,-1,110
1,<environment.Job instance at 0x7ff7a7a526e0>,42,2,[4 9],43,-1,112,-1,110
1,<environment.Job instance at 0x7ff7a7a527d0>,43,17,[11  5],44,-1,127,-1,110
1,<environment.Job instance at 0x7ff7a7a52af0>,46,22,[ 4 11],47,-1,150,-1,128
1,<environment.Job instance at 0x7ff7a7a52960>,48,14,[13  5],49,-1,153,-1,139
1,<environment.Job instance at 0x7ff7a7a52be0>,49,23,[4 6],50,-1,162,-1,139
1,<environment.Job instance at 0x7ff7a7a52c80>,50,3,[2 9],51,-1,142,-1,139
1,<environment.Job instance at 0x7ff7a7a52dc0>,52,18,[ 4 13],53,-1,161,-1,143
1,<environment.Job instance at 0x7ff7a7a52e60>,53,2,[1 6],54,-1,145,-1,143
1,<environment.Job instance at 0x7ff7a7a52f50>,54,12,[ 2 12],55,-1,155,-1,143
1,<environment.Job instance at 0x7ff7a7a68370>,59,3,[13  1],60,-1,189,-1,186
1,<environment.Job instance at 0x7ff7a7a68550>,62,17,[14  2],63,-1,219,-1,202
1,<environment.Job instance at 0x7ff7a7a68730>,65,18,[13  4],66,-1,240,-1,222
1,<environment.Job instance at 0x7ff7a7a689b0>,69,15,[12  3],70,-1,275,-1,260
1,<environment.Job instance at 0x7ff7a7a68a50>,70,13,[ 1 14],71,-1,273,-1,260
1,<environment.Job instance at 0x7ff7a7a68af0>,71,15,[ 3 14],72,-1,275,-1,260
1,<environment.Job instance at 0x7ff7a7a68500>,72,2,[10  3],73,-1,262,-1,260
1,<environment.Job instance at 0x7ff7a7a68140>,74,27,[6 3],75,-1,287,-1,260
1,<environment.Job instance at 0x7ff7a7a68d20>,75,1,[6 5],76,-1,261,-1,260
1,<environment.Job instance at 0x7ff7a7a8a550>,78,27,[10  1],79,-1,295,-1,268
1,<environment.Job instance at 0x7ff7a7a7e960>,81,23,[12  4],82,-1,305,-1,282
1,<environment.Job instance at 0x7ff7a7a7e690>,84,23,[10  2],85,-1,323,-1,300
1,<environment.Job instance at 0x7ff7a7a7e550>,86,14,[ 2 11],87,-1,318,-1,304
1,<environment.Job instance at 0x7ff7a7a7e7d0>,89,13,[ 3 14],90,-1,333,-1,320
1,<environment.Job instance at 0x7ff7a7a7e780>,90,13,[11  1],91,-1,333,-1,320
1,<environment.Job instance at 0x7ff7a7a7edc0>,91,28,[5 6],92,-1,348,-1,320
1,<environment.Job instance at 0x7ff7a71536e0>,94,2,[4 5],95,-1,336,-1,334
1,<environment.Job instance at 0x7ff7a7a7e230>,95,2,[ 1 10],96,-1,336,-1,334
1,<environment.Job instance at 0x7ff7a7a7e6e0>,97,20,[ 4 13],98,-1,371,-1,351
1,<environment.Job instance at 0x7ff7a7b34190>,98,27,[13  4],99,-1,378,-1,351
1,<environment.Job instance at 0x7ff7a7b1ce10>,99,14,[ 2 11],100,-1,365,-1,351
1,<environment.Job instance at 0x7ff7a8055c30>,103,17,[ 2 11],104,-1,387,-1,370
1,<environment.Job instance at 0x7ff7a7b49500>,104,12,[13  5],105,-1,382,-1,370
1,<environment.Job instance at 0x7ff7a6e3ec30>,105,1,[12  1],106,-1,371,-1,370
1,<environment.Job instance at 0x7ff7a71420f0>,107,3,[ 3 12],108,-1,386,-1,383
1,<environment.Job instance at 0x7ff7a714d780>,108,1,[3 8],109,-1,384,-1,383
1,<environment.Job instance at 0x7ff7a7b2fa00>,112,17,[13  5],113,-1,417,-1,400
1,<environment.Job instance at 0x7ff7a7b2f2d0>,116,26,[9 2],117,-1,449,-1,423
1,<environment.Job instance at 0x7ff7a7b29b40>,117,24,[9 2],118,-1,447,-1,423
1,<environment.Job instance at 0x7ff7a7b29a00>,119,25,[6 2],120,-1,459,-1,434
1,<environment.Job instance at 0x7ff7a7163640>,123,21,[ 5 13],124,-1,480,-1,459
1,<environment.Job instance at 0x7ff7a7b290f0>,124,12,[ 1 12],125,-1,471,-1,459
1,<environment.Job instance at 0x7ff7a7160820>,125,22,[12  4],126,-1,481,-1,459
1,<environment.Job instance at 0x7ff7a7160780>,126,27,[ 1 13],127,-1,486,-1,459
1,<environment.Job instance at 0x7ff7a7160960>,127,18,[ 2 12],128,-1,477,-1,459
1,<environment.Job instance at 0x7ff7a71600f0>,129,25,[ 4 14],130,-1,484,-1,459
1,<environment.Job instance at 0x7ff7a71f0910>,130,19,[ 3 14],131,-1,478,-1,459
1,<environment.Job instance at 0x7ff7a71f0230>,132,17,[ 2 11],133,-1,486,-1,469
1,<environment.Job instance at 0x7ff7a7a6ab40>,3,17,[ 4 11],4,-1,21,-1,4
1,<environment.Job instance at 0x7ff7a6c3dfa0>,5,12,[ 1 14],6,-1,18,-1,6
1,<environment.Job instance at 0x7ff7a6c3da50>,7,28,[ 1 14],8,-1,36,-1,8
1,<environment.Job instance at 0x7ff7a6eebfa0>,8,23,[5 6],9,-1,32,-1,9
1,<environment.Job instance at 0x7ff7a6eeb050>,9,24,[ 4 14],10,-1,34,-1,10
1,<environment.Job instance at 0x7ff7a6eeb820>,10,12,[ 4 14],11,-1,23,-1,11
1,<environment.Job instance at 0x7ff7a6eeb3c0>,11,23,[11  2],12,-1,35,-1,12
1,<environment.Job instance at 0x7ff7a6c3dd20>,13,14,[12  1],14,-1,28,-1,14
1,<environment.Job instance at 0x7ff7a6eebd20>,14,27,[ 5 10],15,-1,42,-1,15
1,<environment.Job instance at 0x7ff7a6eeba50>,15,28,[13  4],16,-1,44,-1,16
1,<environment.Job instance at 0x7ff7a6eeb5f0>,16,24,[5 2],17,-1,47,-1,23
1,<environment.Job instance at 0x7ff7a6eebc80>,19,20,[11  4],20,-1,44,-1,24
1,<environment.Job instance at 0x7ff7a6eeb8c0>,21,26,[2 6],22,-1,50,-1,24
1,<environment.Job instance at 0x7ff7a6e15640>,26,25,[ 4 13],27,-1,70,-1,45
1,<environment.Job instance at 0x7ff7a6e15320>,27,28,[1 6],28,-1,95,-1,67
1,<environment.Job instance at 0x7ff7a6e155a0>,30,15,[13  3],31,-1,82,-1,67
1,<environment.Job instance at 0x7ff7a6e15780>,31,16,[ 1 13],32,-1,83,-1,67
1,<environment.Job instance at 0x7ff7a6e150a0>,32,13,[12  5],33,-1,80,-1,67
1,<environment.Job instance at 0x7ff7a743daa0>,36,19,[ 5 12],37,-1,114,-1,95
1,<environment.Job instance at 0x7ff7a743d870>,39,27,[10  2],40,-1,135,-1,108
1,<environment.Job instance at 0x7ff7a743deb0>,40,26,[ 3 13],41,-1,134,-1,108
1,<environment.Job instance at 0x7ff7a743db90>,41,28,[9 5],42,-1,136,-1,108
1,<environment.Job instance at 0x7ff7a743d280>,42,24,[8 5],43,-1,132,-1,108
1,<environment.Job instance at 0x7ff7a743d140>,44,1,[10  1],45,-1,120,-1,119
1,<environment.Job instance at 0x7ff7a7e50dc0>,51,25,[ 3 13],52,-1,185,-1,160
1,<environment.Job instance at 0x7ff7a7b79640>,56,28,[ 5 12],57,-1,214,-1,186
1,<environment.Job instance at 0x7ff7a7b79050>,54,28,[14  1],55,-1,214,-1,186
1,<environment.Job instance at 0x7ff7a7b79820>,58,24,[ 2 11],59,-1,210,-1,186
1,<environment.Job instance at 0x7ff7a7b79b90>,60,13,[13  4],61,-1,199,-1,186
1,<environment.Job instance at 0x7ff7a7b797d0>,61,15,[ 4 12],62,-1,201,-1,186
1,<environment.Job instance at 0x7ff7a7b79960>,63,20,[12  2],64,-1,226,-1,206
1,<environment.Job instance at 0x7ff7a724f3c0>,65,28,[13  4],66,-1,234,-1,206
1,<environment.Job instance at 0x7ff7a724f500>,66,16,[13  2],67,-1,222,-1,206
1,<environment.Job instance at 0x7ff7a724f050>,67,16,[ 5 12],68,-1,222,-1,206
1,<environment.Job instance at 0x7ff7a724fc80>,70,24,[ 5 13],71,-1,242,-1,218
1,<environment.Job instance at 0x7ff7a724f0a0>,71,13,[ 4 14],72,-1,231,-1,218
1,<environment.Job instance at 0x7ff7a724f8c0>,74,18,[ 5 13],75,-1,248,-1,230
1,<environment.Job instance at 0x7ff7a724f780>,76,14,[ 4 11],77,-1,253,-1,239
1,<environment.Job instance at 0x7ff7a724fb40>,78,25,[9 4],79,-1,265,-1,240
1,<environment.Job instance at 0x7ff7a724f690>,79,22,[ 4 10],80,-1,296,-1,274
1,<environment.Job instance at 0x7ff7a724f4b0>,83,24,[13  5],84,-1,314,-1,290
1,<environment.Job instance at 0x7ff7a724f0f0>,84,27,[2 8],85,-1,319,-1,292
1,<environment.Job instance at 0x7ff7a7e26870>,86,15,[ 4 14],87,-1,307,-1,292
1,<environment.Job instance at 0x7ff7a7e26b90>,87,26,[ 1 13],88,-1,318,-1,292
1,<environment.Job instance at 0x7ff7a7e26410>,89,27,[10  2],90,-1,334,-1,307
1,<environment.Job instance at 0x7ff7a7e26f50>,91,27,[8 1],92,-1,334,-1,307
1,<environment.Job instance at 0x7ff7a7e265a0>,92,27,[7 2],93,-1,334,-1,307
1,<environment.Job instance at 0x7ff7a7e26b40>,94,23,[10  3],95,-1,345,-1,322
1,<environment.Job instance at 0x7ff7a7e26140>,95,2,[2 5],96,-1,324,-1,322
1,<environment.Job instance at 0x7ff7a7e269b0>,96,2,[3 9],97,-1,324,-1,322
1,<environment.Job instance at 0x7ff7a71940a0>,128,2,[5 7],129,-1,543,-1,541
1,<environment.Job instance at 0x7ff7a7194500>,129,22,[10  5],130,-1,616,-1,594
1,<environment.Job instance at 0x7ff7a6c48690>,135,16,[10  1],136,-1,612,-1,596
1,<environment.Job instance at 0x7ff7a7bb15a0>,138,27,[ 5 10],139,-1,641,-1,614
1,<environment.Job instance at 0x7ff7a7e57be0>,3,12,[14  1],4,-1,16,-1,4
1,<environment.Job instance at 0x7ff7a7e57960>,5,19,[13  5],6,-1,25,-1,6
1,<environment.Job instance at 0x7ff7a6ae4c80>,6,24,[10  5],7,-1,31,-1,7
1,<environment.Job instance at 0x7ff7a6ae4500>,7,22,[12  2],8,-1,30,-1,8
1,<environment.Job instance at 0x7ff7a6ae45f0>,9,15,[13  2],10,-1,25,-1,10
1,<environment.Job instance at 0x7ff7a7e57410>,10,26,[9 4],11,-1,37,-1,11
1,<environment.Job instance at 0x7ff7a6ac0dc0>,12,26,[12  1],13,-1,39,-1,13
1,<environment.Job instance at 0x7ff7a75d85f0>,18,14,[12  5],19,-1,46,-1,32
1,<environment.Job instance at 0x7ff7a75d8be0>,20,16,[12  5],21,-1,56,-1,40
1,<environment.Job instance at 0x7ff7a75d8b90>,22,2,[5 9],23,-1,42,-1,40
1,<environment.Job instance at 0x7ff7a6b86c80>,27,1,[10  2],28,-1,74,-1,73
1,<environment.Job instance at 0x7ff7a6b869b0>,28,24,[5 9],29,-1,97,-1,73
1,<environment.Job instance at 0x7ff7a6b86e60>,29,18,[ 1 12],30,-1,91,-1,73
1,<environment.Job instance at 0x7ff7a6b86f00>,30,28,[9 5],31,-1,101,-1,73
1,<environment.Job instance at 0x7ff7a6dd3280>,34,24,[6 4],35,-1,103,-1,79
1,<environment.Job instance at 0x7ff7a6dd3690>,36,25,[8 5],37,-1,110,-1,85
1,<environment.Job instance at 0x7ff7a6dd3f00>,38,13,[ 2 14],39,-1,105,-1,92
1,<environment.Job instance at 0x7ff7a6dd35f0>,39,13,[13  3],40,-1,105,-1,92
1,<environment.Job instance at 0x7ff7a6dd3410>,40,22,[11  5],41,-1,114,-1,92
1,<environment.Job instance at 0x7ff7a6dd3230>,41,26,[11  5],42,-1,118,-1,92
1,<environment.Job instance at 0x7ff7a6dd3500>,42,28,[5 8],43,-1,120,-1,92
1,<environment.Job instance at 0x7ff7a6dd3eb0>,43,27,[1 7],44,-1,119,-1,92
1,<environment.Job instance at 0x7ff7a6ceaeb0>,45,14,[ 1 13],46,-1,117,-1,103
1,<environment.Job instance at 0x7ff7a6cea140>,48,13,[ 1 12],49,-1,134,-1,121
1,<environment.Job instance at 0x7ff7a6cea280>,49,23,[8 2],50,-1,144,-1,121
1,<environment.Job instance at 0x7ff7a6ceafa0>,50,23,[2 8],51,-1,144,-1,121
1,<environment.Job instance at 0x7ff7a7659960>,52,13,[11  2],53,-1,139,-1,126
1,<environment.Job instance at 0x7ff7a6aa1910>,56,19,[ 1 11],57,-1,174,-1,155
1,<environment.Job instance at 0x7ff7a7086690>,57,24,[ 1 13],58,-1,179,-1,155
1,<environment.Job instance at 0x7ff7a7871690>,60,14,[14  5],61,-1,184,-1,170
1,<environment.Job instance at 0x7ff7a7251be0>,64,12,[ 3 14],65,-1,201,-1,189
1,<environment.Job instance at 0x7ff7a68e0a00>,74,13,[2 9],75,-1,280,-1,267
1,<environment.Job instance at 0x7ff7a68e08c0>,75,2,[14  4],76,-1,269,-1,267
1,<environment.Job instance at 0x7ff7a68e07d0>,76,2,[10  2],77,-1,269,-1,267
1,<environment.Job instance at 0x7ff7a68e0280>,77,23,[5 7],78,-1,290,-1,267
1,<environment.Job instance at 0x7ff7a68e04b0>,78,28,[14  5],79,-1,295,-1,267
1,<environment.Job instance at 0x7ff7a68e01e0>,79,23,[10  5],80,-1,290,-1,267
1,<environment.Job instance at 0x7ff7a6dc9c30>,80,23,[3 7],81,-1,290,-1,267
1,<environment.Job instance at 0x7ff7a6dc9460>,81,24,[2 9],82,-1,291,-1,267
1,<environment.Job instance at 0x7ff7a6dc9870>,82,17,[14  1],83,-1,284,-1,267
1,<environment.Job instance at 0x7ff7a6dc9780>,83,22,[11  3],84,-1,289,-1,267
1,<environment.Job instance at 0x7ff7a6ddd2d0>,85,28,[ 2 14],86,-1,295,-1,267
1,<environment.Job instance at 0x7ff7a6dddb40>,86,23,[13  5],87,-1,290,-1,267
1,<environment.Job instance at 0x7ff7a6f67dc0>,87,12,[ 4 13],88,-1,279,-1,267
1,<environment.Job instance at 0x7ff7a6f67140>,88,20,[ 1 13],89,-1,287,-1,267
1,<environment.Job instance at 0x7ff7a6f67e10>,89,2,[11  2],90,-1,269,-1,267
1,<environment.Job instance at 0x7ff7a7251230>,70,28,[10  5],71,-1,344,-1,316
1,<environment.Job instance at 0x7ff7a6f67be0>,93,19,[ 3 14],94,-1,335,-1,316
1,<environment.Job instance at 0x7ff7a6f67460>,94,18,[ 4 14],95,-1,334,-1,316
1,<environment.Job instance at 0x7ff7a79c2370>,114,27,[9 3],115,-1,519,-1,492
1,<environment.Job instance at 0x7ff7a79c28c0>,115,3,[5 6],116,-1,495,-1,492
1,<environment.Job instance at 0x7ff7a7e354b0>,118,26,[3 9],119,-1,539,-1,513
1,<environment.Job instance at 0x7ff7a7e35050>,121,27,[3 6],122,-1,553,-1,526
1,<environment.Job instance at 0x7ff7a720d820>,123,18,[11  3],124,-1,558,-1,540
1,<environment.Job instance at 0x7ff7a720daa0>,124,15,[14  5],125,-1,555,-1,540
1,<environment.Job instance at 0x7ff7a720d280>,125,14,[11  5],126,-1,554,-1,540
1,<environment.Job instance at 0x7ff7a7cf2870>,126,14,[12  3],127,-1,554,-1,540
1,<environment.Job instance at 0x7ff7a7cf2280>,127,18,[14  3],128,-1,558,-1,540
1,<environment.Job instance at 0x7ff7a7114460>,128,12,[1 8],129,-1,553,-1,541
1,<environment.Job instance at 0x7ff7a7114730>,130,3,[12  1],131,-1,544,-1,541
1,<environment.Job instance at 0x7ff7a7114a50>,131,25,[6 1],132,-1,566,-1,541
1,<environment.Job instance at 0x7ff7a7114a00>,132,22,[9 3],133,-1,563,-1,541
1,<environment.Job instance at 0x7ff7a7114aa0>,135,26,[13  5],136,-1,579,-1,553
1,<environment.Job instance at 0x7ff7a7114af0>,136,18,[ 3 12],137,-1,571,-1,553
1,<environment.Job instance at 0x7ff7a79c2960>,111,26,[8 4],112,-1,638,-1,612
1,<environment.Job instance at 0x7ff7a79c2be0>,113,18,[12  4],114,-1,630,-1,612
1,<environment.Job instance at 0x7ff7a716f140>,1,26,[8 5],2,-1,28,-1,2
1,<environment.Job instance at 0x7ff7b08abe10>,3,13,[ 2 13],4,-1,17,-1,4
1,<environment.Job instance at 0x7ff7a8180b40>,5,27,[13  2],6,-1,33,-1,6
1,<environment.Job instance at 0x7ff7a8038aa0>,6,26,[ 5 11],7,-1,33,-1,7
1,<environment.Job instance at 0x7ff7b08ab140>,8,27,[11  3],9,-1,36,-1,9
1,<environment.Job instance at 0x7ff7a8038640>,10,15,[ 5 13],11,-1,26,-1,11
1,<environment.Job instance at 0x7ff7a819c780>,12,2,[14  4],13,-1,15,-1,13
1,<environment.Job instance at 0x7ff7a6d16910>,13,12,[12  3],14,-1,26,-1,14
1,<environment.Job instance at 0x7ff7b0a32550>,15,26,[5 5],16,-1,42,-1,16
1,<environment.Job instance at 0x7ff7b0b8ce60>,20,12,[14  1],21,-1,37,-1,25
1,<environment.Job instance at 0x7ff7a7579640>,21,3,[4 9],22,-1,28,-1,25
1,<environment.Job instance at 0x7ff7a7579b40>,22,16,[ 2 12],23,-1,41,-1,25
1,<environment.Job instance at 0x7ff7a77d10f0>,23,20,[ 2 12],24,-1,45,-1,25
1,<environment.Job instance at 0x7ff7a77d1870>,24,27,[1 6],25,-1,52,-1,25
1,<environment.Job instance at 0x7ff7a80ca230>,25,27,[10  4],26,-1,53,-1,26
1,<environment.Job instance at 0x7ff7a7f640a0>,27,24,[9 5],28,-1,65,-1,41
1,<environment.Job instance at 0x7ff7a74dec30>,30,13,[11  1],31,-1,71,-1,58
1,<environment.Job instance at 0x7ff7a7bea370>,33,22,[ 2 11],34,-1,99,-1,77
1,<environment.Job instance at 0x7ff7a6ea5fa0>,34,16,[ 1 13],35,-1,93,-1,77
1,<environment.Job instance at 0x7ff7a791fbe0>,37,24,[10  4],38,-1,106,-1,82
1,<environment.Job instance at 0x7ff7a6e8f0f0>,39,2,[ 2 13],40,-1,101,-1,99
1,<environment.Job instance at 0x7ff7a695c140>,41,2,[ 3 11],42,-1,101,-1,99
1,<environment.Job instance at 0x7ff7a77ac5f0>,42,18,[ 4 14],43,-1,117,-1,99
1,<environment.Job instance at 0x7ff7a77ac5a0>,43,23,[8 4],44,-1,122,-1,99
1,<environment.Job instance at 0x7ff7a7798870>,46,27,[6 1],47,-1,146,-1,119
1,<environment.Job instance at 0x7ff7a7798410>,48,3,[10  1],49,-1,126,-1,123
1,<environment.Job instance at 0x7ff7a77a92d0>,49,2,[1 8],50,-1,125,-1,123
1,<environment.Job instance at 0x7ff7a69500a0>,51,26,[7 4],52,-1,164,-1,138
1,<environment.Job instance at 0x7ff7a77a9eb0>,52,18,[14  4],53,-1,156,-1,138
1,<environment.Job instance at 0x7ff7a77a9a50>,53,12,[ 5 14],54,-1,150,-1,138
1,<environment.Job instance at 0x7ff7a77a4910>,54,27,[ 2 11],55,-1,165,-1,138
1,<environment.Job instance at 0x7ff7a77a4dc0>,56,1,[ 3 10],57,-1,143,-1,142
1,<environment.Job instance at 0x7ff7a77a4d20>,57,12,[13  2],58,-1,154,-1,142
1,<environment.Job instance at 0x7ff7a77a4fa0>,58,25,[14  3],59,-1,167,-1,142
1,<environment.Job instance at 0x7ff7a77a4a50>,59,17,[ 1 13],60,-1,159,-1,142
1,<environment.Job instance at 0x7ff7a6b60140>,61,14,[12  2],62,-1,173,-1,159
1,<environment.Job instance at 0x7ff7a6b603c0>,63,27,[9 3],64,-1,202,-1,175
1,<environment.Job instance at 0x7ff7a6b608c0>,68,21,[ 4 12],69,-1,210,-1,189
1,<environment.Job instance at 0x7ff7a6b60320>,72,15,[13  4],73,-1,226,-1,211
1,<environment.Job instance at 0x7ff7a6b65af0>,80,1,[5 8],81,-1,272,-1,271
1,<environment.Job instance at 0x7ff7a6b65be0>,84,18,[13  5],85,-1,301,-1,283
1,<environment.Job instance at 0x7ff7a6b65e10>,85,1,[7 5],86,-1,284,-1,283
1,<environment.Job instance at 0x7ff7a6b65d70>,87,27,[4 6],88,-1,325,-1,298
1,<environment.Job instance at 0x7ff7a6b52460>,94,18,[ 1 14],95,-1,351,-1,333
1,<environment.Job instance at 0x7ff7a6b52500>,95,12,[13  3],96,-1,345,-1,333
1,<environment.Job instance at 0x7ff7a6b525a0>,96,27,[10  1],97,-1,360,-1,333
1,<environment.Job instance at 0x7ff7a6b526e0>,98,19,[ 2 11],99,-1,359,-1,340
1,<environment.Job instance at 0x7ff7a6b527d0>,101,28,[8 2],102,-1,384,-1,356
1,<environment.Job instance at 0x7ff7a6b52af0>,104,18,[14  3],105,-1,396,-1,378
1,<environment.Job instance at 0x7ff7a6b529b0>,105,15,[13  2],106,-1,393,-1,378
1,<environment.Job instance at 0x7ff7a6b52cd0>,107,2,[ 3 13],108,-1,398,-1,396
1,<environment.Job instance at 0x7ff7a6b52a50>,108,26,[7 2],109,-1,422,-1,396
1,<environment.Job instance at 0x7ff7a6b52f50>,111,21,[ 4 11],112,-1,439,-1,418
1,<environment.Job instance at 0x7ff7a6b52e10>,112,16,[ 1 12],113,-1,434,-1,418
1,<environment.Job instance at 0x7ff7a6b44050>,114,14,[14  4],115,-1,432,-1,418
1,<environment.Job instance at 0x7ff7a6b440f0>,115,26,[5 7],116,-1,445,-1,419
1,<environment.Job instance at 0x7ff7a6b44230>,116,26,[11  1],117,-1,445,-1,419
1,<environment.Job instance at 0x7ff7a6b442d0>,117,24,[12  1],118,-1,443,-1,419
1,<environment.Job instance at 0x7ff7a6b44370>,118,28,[6 4],119,-1,453,-1,425
1,<environment.Job instance at 0x7ff7a6b445f0>,119,18,[ 1 11],120,-1,443,-1,425
1,<environment.Job instance at 0x7ff7a6b44780>,122,28,[ 1 12],123,-1,465,-1,437
1,<environment.Job instance at 0x7ff7a6b44c30>,128,2,[6 4],129,-1,464,-1,462
1,<environment.Job instance at 0x7ff7a6b448c0>,130,24,[13  2],131,-1,502,-1,478
1,<environment.Job instance at 0x7ff7a6b44e10>,131,16,[14  5],132,-1,494,-1,478
1,<environment.Job instance at 0x7ff7a6b44eb0>,132,23,[ 1 13],133,-1,501,-1,478
1,<environment.Job instance at 0x7ff7a6b44f00>,135,1,[ 5 11],136,-1,481,-1,480
1,<environment.Job instance at 0x7ff7a6b62190>,138,15,[ 4 11],139,-1,510,-1,495
1,<environment.Job instance at 0x7f7017341b40>,3,18,[ 4 14],4,-1,22,-1,4
1,<environment.Job instance at 0x7f702092d1e0>,5,24,[1 5],6,-1,33,-1,9
1,<environment.Job instance at 0x7f7017341e10>,9,18,[ 2 13],10,-1,28,-1,10
1,<environment.Job instance at 0x7f7017341fa0>,10,18,[ 3 11],11,-1,29,-1,11
1,<environment.Job instance at 0x7f70173440a0>,11,15,[13  4],12,-1,27,-1,12
1,<environment.Job instance at 0x7f7017344140>,12,26,[ 1 12],13,-1,39,-1,13
1,<environment.Job instance at 0x7f70173445a0>,17,28,[ 5 10],18,-1,59,-1,31
1,<environment.Job instance at 0x7f7017344640>,18,18,[ 4 13],19,-1,49,-1,31
1,<environment.Job instance at 0x7f70173446e0>,19,14,[ 3 11],20,-1,45,-1,31
1,<environment.Job instance at 0x7f7017344780>,20,12,[13  5],21,-1,43,-1,31
1,<environment.Job instance at 0x7f7017344820>,21,1,[6 5],22,-1,32,-1,31
1,<environment.Job instance at 0x7f70173448c0>,22,1,[2 7],23,-1,32,-1,31
1,<environment.Job instance at 0x7f7017344960>,23,27,[ 1 14],24,-1,58,-1,31
1,<environment.Job instance at 0x7f7017344aa0>,25,27,[8 1],26,-1,72,-1,45
1,<environment.Job instance at 0x7f7017344b40>,26,26,[5 5],27,-1,71,-1,45
1,<environment.Job instance at 0x7f7017344410>,28,25,[5 7],29,-1,88,-1,63
1,<environment.Job instance at 0x7f7017344cd0>,29,25,[ 4 11],30,-1,88,-1,63
1,<environment.Job instance at 0x7f7017344c30>,30,22,[ 5 13],31,-1,85,-1,63
1,<environment.Job instance at 0x7f7017344fa0>,31,27,[4 8],32,-1,90,-1,63
1,<environment.Job instance at 0x7f7017344f50>,33,12,[11  3],34,-1,75,-1,63
1,<environment.Job instance at 0x7f7017347320>,37,13,[ 3 14],38,-1,109,-1,96
1,<environment.Job instance at 0x7f70173473c0>,38,28,[ 2 12],39,-1,124,-1,96
1,<environment.Job instance at 0x7f7017347460>,39,20,[ 1 10],40,-1,116,-1,96
1,<environment.Job instance at 0x7f7017347500>,40,24,[5 6],41,-1,120,-1,96
1,<environment.Job instance at 0x7f7017347640>,42,27,[5 2],43,-1,124,-1,97
1,<environment.Job instance at 0x7f70173478c0>,45,24,[ 1 13],46,-1,140,-1,116
1,<environment.Job instance at 0x7f70173479b0>,47,17,[12  2],48,-1,145,-1,128
1,<environment.Job instance at 0x7f7017347af0>,49,15,[10  1],50,-1,152,-1,137
1,<environment.Job instance at 0x7f7017347b90>,50,16,[ 2 11],51,-1,153,-1,137
1,<environment.Job instance at 0x7f7017347c30>,51,16,[12  2],52,-1,153,-1,137
1,<environment.Job instance at 0x7f7017347d70>,53,27,[8 5],54,-1,175,-1,148
1,<environment.Job instance at 0x7f7017347eb0>,55,13,[13  1],56,-1,166,-1,153
1,<environment.Job instance at 0x7f7017347f50>,56,20,[ 3 10],57,-1,173,-1,153
1,<environment.Job instance at 0x7f701734a460>,65,2,[10  4],66,-1,224,-1,222
1,<environment.Job instance at 0x7f701734a5f0>,66,13,[ 2 14],67,-1,235,-1,222
1,<environment.Job instance at 0x7f701734a730>,68,27,[ 1 10],69,-1,251,-1,224
1,<environment.Job instance at 0x7f701734a7d0>,69,2,[ 3 10],70,-1,226,-1,224
1,<environment.Job instance at 0x7f701734a870>,70,13,[ 3 12],71,-1,237,-1,224
1,<environment.Job instance at 0x7f701734a9b0>,72,28,[5 1],73,-1,271,-1,243
1,<environment.Job instance at 0x7f701734aa50>,73,2,[5 9],74,-1,245,-1,243
1,<environment.Job instance at 0x7f701734ac30>,76,14,[ 4 11],77,-1,270,-1,256
1,<environment.Job instance at 0x7f701734d230>,83,16,[ 4 10],84,-1,315,-1,299
1,<environment.Job instance at 0x7f701734d2d0>,84,20,[13  1],85,-1,319,-1,299
1,<environment.Job instance at 0x7f701734d370>,85,18,[ 3 14],86,-1,317,-1,299
1,<environment.Job instance at 0x7f701734d730>,91,14,[ 2 13],92,-1,338,-1,324
1,<environment.Job instance at 0x7f701734d870>,93,22,[10  2],94,-1,358,-1,336
1,<environment.Job instance at 0x7f701734db90>,96,25,[8 5],97,-1,373,-1,348
1,<environment.Job instance at 0x7f701734dc30>,98,22,[ 3 11],99,-1,375,-1,353
1,<environment.Job instance at 0x7f701734daa0>,99,12,[ 5 14],100,-1,365,-1,353
1,<environment.Job instance at 0x7f701734df50>,102,27,[5 6],103,-1,406,-1,379
1,<environment.Job instance at 0x7f701734deb0>,103,24,[12  3],104,-1,403,-1,379
1,<environment.Job instance at 0x7f701734f050>,104,22,[12  5],105,-1,401,-1,379
1,<environment.Job instance at 0x7f701734f0f0>,105,18,[12  4],106,-1,397,-1,379
1,<environment.Job instance at 0x7f701734f230>,106,17,[ 5 13],107,-1,396,-1,379
1,<environment.Job instance at 0x7f701734f2d0>,107,23,[14  4],108,-1,402,-1,379
1,<environment.Job instance at 0x7f701734f410>,109,21,[ 1 10],110,-1,400,-1,379
1,<environment.Job instance at 0x7f701734f5f0>,112,26,[ 5 12],113,-1,440,-1,414
1,<environment.Job instance at 0x7f701734f690>,113,2,[6 2],114,-1,416,-1,414
1,<environment.Job instance at 0x7f701734f730>,114,15,[12  1],115,-1,429,-1,414
1,<environment.Job instance at 0x7f701734f7d0>,115,14,[ 2 11],116,-1,428,-1,414
1,<environment.Job instance at 0x7f701734faa0>,117,14,[ 1 12],118,-1,428,-1,414
1,<environment.Job instance at 0x7f701734fc30>,119,14,[ 3 14],120,-1,442,-1,428
1,<environment.Job instance at 0x7f701734fe10>,122,27,[2 6],123,-1,469,-1,442
1,<environment.Job instance at 0x7f701734feb0>,123,24,[ 2 14],124,-1,466,-1,442
1,<environment.Job instance at 0x7f701733a3c0>,124,22,[8 1],125,-1,464,-1,442
1,<environment.Job instance at 0x7f70173377d0>,126,12,[13  4],127,-1,469,-1,457
1,<environment.Job instance at 0x7f7017337cd0>,127,1,[ 4 11],128,-1,458,-1,457
1,<environment.Job instance at 0x7f7017337c30>,128,23,[ 2 14],129,-1,480,-1,457
1,<environment.Job instance at 0x7f7017337f00>,129,2,[1 8],130,-1,459,-1,457
1,<environment.Job instance at 0x7f7017398140>,134,28,[5 6],135,-1,514,-1,486
1,<environment.Job instance at 0x7f7017337550>,135,14,[ 2 10],136,-1,500,-1,486
1,<environment.Job instance at 0x7f7017402640>,136,19,[11  3],137,-1,505,-1,486
1,<environment.Job instance at 0x7f70175716e0>,137,20,[14  5],138,-1,506,-1,486
1,<environment.Job instance at 0x7f70173b6690>,139,3,[ 1 12],140,-1,494,-1,491
1,<environment.Job instance at 0x7f701745fe60>,140,16,[ 2 14],141,-1,507,-1,491
1,<environment.Job instance at 0x7f701745f4b0>,142,22,[4 8],143,-1,526,-1,504
1,<environment.Job instance at 0x7f70173e92d0>,143,25,[6 1],144,-1,529,-1,504
1,<environment.Job instance at 0x7f70173fd780>,144,20,[ 1 14],145,-1,524,-1,504
1,<environment.Job instance at 0x7f70173c8960>,145,13,[ 4 10],146,-1,520,-1,507
1,<environment.Job instance at 0x7f70173fd550>,146,17,[14  2],147,-1,524,-1,507
1,<environment.Job instance at 0x7f70174c90f0>,148,16,[11  2],149,-1,523,-1,507
1,<environment.Job instance at 0x7f7016a8d640>,4,22,[12  4],5,-1,27,-1,5
1,<environment.Job instance at 0x7f7016a8df00>,6,17,[7 1],7,-1,38,-1,21
1,<environment.Job instance at 0x7f7016b704b0>,24,19,[6 1],25,-1,111,-1,92
1,<environment.Job instance at 0x7f7016b703c0>,25,16,[ 2 10],26,-1,108,-1,92
1,<environment.Job instance at 0x7f7016b700f0>,26,24,[11  5],27,-1,116,-1,92
1,<environment.Job instance at 0x7f7016b70050>,27,21,[ 3 10],28,-1,113,-1,92
1,<environment.Job instance at 0x7f7016bc8280>,28,25,[14  4],29,-1,117,-1,92
1,<environment.Job instance at 0x7f7016bc85f0>,29,14,[2 6],30,-1,106,-1,92
1,<environment.Job instance at 0x7f7016cb6550>,30,26,[10  5],31,-1,118,-1,92
1,<environment.Job instance at 0x7f7016cb6960>,31,13,[4 9],32,-1,106,-1,93
1,<environment.Job instance at 0x7f7016b6d910>,33,2,[13  3],34,-1,108,-1,106
1,<environment.Job instance at 0x7f7016b6dc80>,34,21,[ 4 12],35,-1,127,-1,106
1,<environment.Job instance at 0x7f7016b6d780>,37,27,[2 9],38,-1,140,-1,113
1,<environment.Job instance at 0x7f7016bf7dc0>,41,17,[12  2],42,-1,155,-1,138
1,<environment.Job instance at 0x7f7016bcedc0>,42,28,[2 8],43,-1,166,-1,138
1,<environment.Job instance at 0x7f7023d11370>,43,12,[1 7],44,-1,158,-1,146
1,<environment.Job instance at 0x7f7020aa5fa0>,44,3,[10  2],45,-1,149,-1,146
1,<environment.Job instance at 0x7f701690e2d0>,45,3,[5 5],46,-1,149,-1,146
1,<environment.Job instance at 0x7f7016910820>,46,3,[ 5 10],47,-1,149,-1,146
1,<environment.Job instance at 0x7f7016909e10>,48,18,[10  1],49,-1,180,-1,162
1,<environment.Job instance at 0x7f7016930be0>,52,24,[7 5],53,-1,194,-1,170
1,<environment.Job instance at 0x7f7016911a00>,54,28,[2 7],55,-1,198,-1,170
1,<environment.Job instance at 0x7f70168f7e60>,55,28,[9 2],56,-1,198,-1,170
1,<environment.Job instance at 0x7f70168f7460>,56,22,[6 1],57,-1,192,-1,170
1,<environment.Job instance at 0x7f701721db90>,61,12,[ 2 14],62,-1,219,-1,207
1,<environment.Job instance at 0x7f7016a90870>,62,13,[12  2],63,-1,220,-1,207
1,<environment.Job instance at 0x7f70169165a0>,63,2,[5 9],64,-1,209,-1,207
1,<environment.Job instance at 0x7f701697c4b0>,65,16,[11  1],66,-1,223,-1,207
1,<environment.Job instance at 0x7f701693bc80>,68,17,[11  3],69,-1,246,-1,229
1,<environment.Job instance at 0x7f7016a855a0>,69,14,[ 1 10],70,-1,244,-1,230
1,<environment.Job instance at 0x7f701693bf00>,70,25,[6 2],71,-1,255,-1,230
1,<environment.Job instance at 0x7f701693ff00>,71,18,[12  4],72,-1,248,-1,230
1,<environment.Job instance at 0x7f701694f960>,73,26,[11  5],74,-1,266,-1,240
1,<environment.Job instance at 0x7f7016932640>,75,14,[10  1],76,-1,267,-1,253
1,<environment.Job instance at 0x7f7016a6c280>,77,15,[13  5],78,-1,268,-1,253
1,<environment.Job instance at 0x7f7016a6c050>,78,13,[6 3],79,-1,279,-1,266
1,<environment.Job instance at 0x7f70168dcb90>,80,27,[14  3],81,-1,293,-1,266
1,<environment.Job instance at 0x7f70168dcc30>,81,20,[1 7],82,-1,287,-1,267
1,<environment.Job instance at 0x7f70168dcaf0>,82,26,[ 4 10],83,-1,293,-1,267
1,<environment.Job instance at 0x7f70168dc690>,83,26,[8 3],84,-1,293,-1,267
1,<environment.Job instance at 0x7f70168dc550>,84,16,[12  1],85,-1,283,-1,267
1,<environment.Job instance at 0x7f70168dc320>,85,19,[ 2 13],86,-1,286,-1,267
1,<environment.Job instance at 0x7f70168dc140>,86,22,[11  1],87,-1,289,-1,267
1,<environment.Job instance at 0x7f70168dc3c0>,87,22,[ 1 13],88,-1,289,-1,267
1,<environment.Job instance at 0x7f70168dc0a0>,88,2,[2 8],89,-1,269,-1,267
1,<environment.Job instance at 0x7f7016a832d0>,91,3,[10  5],92,-1,274,-1,271
1,<environment.Job instance at 0x7f7016a833c0>,92,20,[9 3],93,-1,291,-1,271
1,<environment.Job instance at 0x7f70168df0a0>,93,24,[14  3],94,-1,295,-1,271
1,<environment.Job instance at 0x7f70168df280>,95,21,[12  3],96,-1,304,-1,283
1,<environment.Job instance at 0x7f70168df0f0>,97,28,[4 5],98,-1,314,-1,286
1,<environment.Job instance at 0x7f70168df500>,99,22,[14  1],100,-1,324,-1,302
1,<environment.Job instance at 0x7f70168def00>,100,3,[11  3],101,-1,305,-1,302
1,<environment.Job instance at 0x7f70168de0a0>,101,27,[ 4 13],102,-1,329,-1,302
1,<environment.Job instance at 0x7f70168de140>,102,26,[8 4],103,-1,328,-1,302
1,<environment.Job instance at 0x7f70168ded20>,103,12,[9 1],104,-1,322,-1,310
1,<environment.Job instance at 0x7f70168deb40>,105,16,[14  1],106,-1,326,-1,310
1,<environment.Job instance at 0x7f70168de8c0>,106,3,[9 1],107,-1,313,-1,310
1,<environment.Job instance at 0x7f70168de1e0>,109,1,[5 4],110,-1,326,-1,325
1,<environment.Job instance at 0x7f7016a8c910>,110,25,[ 3 10],111,-1,350,-1,325
1,<environment.Job instance at 0x7f70168de320>,111,1,[ 2 10],112,-1,326,-1,325
1,<environment.Job instance at 0x7f70168d9e60>,112,27,[3 9],113,-1,352,-1,325
1,<environment.Job instance at 0x7f70168d9af0>,116,23,[3 6],117,-1,374,-1,351
1,<environment.Job instance at 0x7f70168d9e10>,118,21,[8 3],119,-1,385,-1,364
1,<environment.Job instance at 0x7f70168d9640>,120,13,[4 5],121,-1,380,-1,367
1,<environment.Job instance at 0x7f70168da640>,121,17,[12  5],122,-1,384,-1,367
1,<environment.Job instance at 0x7f70168da1e0>,122,12,[13  5],123,-1,379,-1,367
1,<environment.Job instance at 0x7f70168daaa0>,127,15,[ 2 14],128,-1,409,-1,394
1,<environment.Job instance at 0x7f70168e0410>,130,14,[14  5],131,-1,440,-1,426
1,<environment.Job instance at 0x7f7016979910>,131,13,[ 5 13],132,-1,439,-1,426
1,<environment.Job instance at 0x7f70168e6780>,136,25,[5 2],137,-1,482,-1,457
1,<environment.Job instance at 0x7f70168ed5f0>,137,15,[ 1 13],138,-1,472,-1,457
1,<environment.Job instance at 0x7f70168ed1e0>,138,27,[13  4],139,-1,484,-1,457
1,<environment.Job instance at 0x7f70168ed9b0>,139,26,[3 5],140,-1,483,-1,457
1,<environment.Job instance at 0x7f70168f1d20>,142,25,[3 9],143,-1,506,-1,481
1,<environment.Job instance at 0x7f7020aa9050>,143,13,[14  3],144,-1,494,-1,481
1,<environment.Job instance at 0x7f70168f10f0>,145,1,[7 3],146,-1,487,-1,486
1,<environment.Job instance at 0x7f7016a4faf0>,146,14,[ 1 10],147,-1,501,-1,487
1,<environment.Job instance at 0x7f70168f24b0>,147,1,[2 7],148,-1,488,-1,487
1,<environment.Job instance at 0x7f70168f25f0>,148,16,[11  4],149,-1,503,-1,487
1,<environment.Job instance at 0x7f70168e6140>,5,2,[5 5],6,-1,8,-1,6
1,<environment.Job instance at 0x7f70168e64b0>,6,13,[ 1 13],7,-1,20,-1,7
1,<environment.Job instance at 0x7f70168e6d20>,7,26,[ 1 13],8,-1,34,-1,8
1,<environment.Job instance at 0x7f70168e6b40>,4,13,[12  4],5,-1,21,-1,8
1,<environment.Job instance at 0x7f70168e60a0>,9,16,[11  1],10,-1,26,-1,10
1,<environment.Job instance at 0x7f70168e6370>,10,14,[14  2],11,-1,25,-1,11
1,<environment.Job instance at 0x7f70169caeb0>,14,25,[2 8],15,-1,40,-1,15
1,<environment.Job instance at 0x7f70169ca140>,18,16,[11  2],19,-1,45,-1,29
1,<environment.Job instance at 0x7f70169ca3c0>,19,22,[ 2 12],20,-1,51,-1,29
1,<environment.Job instance at 0x7f70169ca8c0>,23,18,[12  1],24,-1,63,-1,45
1,<environment.Job instance at 0x7f70169caa00>,25,2,[6 1],26,-1,59,-1,57
1,<environment.Job instance at 0x7f70169cadc0>,26,25,[8 5],27,-1,82,-1,57
1,<environment.Job instance at 0x7f70169ca820>,28,3,[5 9],29,-1,80,-1,77
1,<environment.Job instance at 0x7f70169cab90>,29,18,[ 2 14],30,-1,95,-1,77
1,<environment.Job instance at 0x7f70169ca1e0>,30,24,[9 1],31,-1,101,-1,77
1,<environment.Job instance at 0x7f70169ca9b0>,31,25,[7 1],32,-1,102,-1,77
1,<environment.Job instance at 0x7f70169ca460>,32,24,[12  5],33,-1,101,-1,77
1,<environment.Job instance at 0x7f70169cab40>,33,23,[10  2],34,-1,100,-1,77
1,<environment.Job instance at 0x7f70169ca280>,34,15,[ 1 11],35,-1,92,-1,77
1,<environment.Job instance at 0x7f70169ca0f0>,35,16,[ 5 12],36,-1,93,-1,77
1,<environment.Job instance at 0x7f70168f1050>,36,27,[ 4 14],37,-1,104,-1,77
1,<environment.Job instance at 0x7f70168f1cd0>,37,23,[2 9],38,-1,100,-1,77
1,<environment.Job instance at 0x7f70168f1190>,39,15,[13  1],40,-1,102,-1,87
1,<environment.Job instance at 0x7f70168f1aa0>,46,12,[ 4 14],47,-1,135,-1,123
1,<environment.Job instance at 0x7f70168f1230>,51,12,[14  1],52,-1,151,-1,139
1,<environment.Job instance at 0x7f70168f1e60>,52,28,[1 7],53,-1,167,-1,139
1,<environment.Job instance at 0x7f70168f26e0>,65,25,[ 5 10],66,-1,277,-1,252
1,<environment.Job instance at 0x7f70168f2820>,68,20,[14  4],69,-1,278,-1,258
1,<environment.Job instance at 0x7f70168f2b40>,70,27,[ 4 10],71,-1,292,-1,265
1,<environment.Job instance at 0x7f70168f2690>,71,25,[12  4],72,-1,290,-1,265
1,<environment.Job instance at 0x7f70168f2910>,72,2,[5 7],73,-1,267,-1,265
1,<environment.Job instance at 0x7f70168f22d0>,73,27,[3 8],74,-1,292,-1,265
1,<environment.Job instance at 0x7f7020a9e5a0>,74,13,[11  5],75,-1,278,-1,265
1,<environment.Job instance at 0x7f7020a9e5f0>,75,24,[8 4],76,-1,289,-1,265
1,<environment.Job instance at 0x7f7020a9eaa0>,77,2,[6 3],78,-1,273,-1,271
1,<environment.Job instance at 0x7f7020a9e550>,78,3,[13  2],79,-1,274,-1,271
1,<environment.Job instance at 0x7f7020a9e410>,81,17,[12  4],82,-1,306,-1,289
1,<environment.Job instance at 0x7f70168e0cd0>,83,1,[7 4],84,-1,297,-1,296
1,<environment.Job instance at 0x7f70168e0870>,85,14,[12  3],86,-1,319,-1,305
1,<environment.Job instance at 0x7f70168e0c30>,86,12,[ 5 14],87,-1,317,-1,305
1,<environment.Job instance at 0x7f70168e05f0>,90,26,[9 4],91,-1,363,-1,337
1,<environment.Job instance at 0x7f70168e0e10>,94,22,[ 1 12],95,-1,375,-1,353
1,<environment.Job instance at 0x7f70168e0730>,96,26,[ 3 12],97,-1,397,-1,371
1,<environment.Job instance at 0x7f70168e00a0>,97,12,[ 2 14],98,-1,383,-1,371
1,<environment.Job instance at 0x7f70168e0910>,99,13,[ 1 10],100,-1,384,-1,371
1,<environment.Job instance at 0x7f70168e06e0>,101,17,[ 1 14],102,-1,403,-1,386
1,<environment.Job instance at 0x7f70168f7320>,104,2,[ 1 13],105,-1,403,-1,401
1,<environment.Job instance at 0x7f70168f7550>,105,1,[13  1],106,-1,402,-1,401
1,<environment.Job instance at 0x7f70168f70f0>,107,24,[1 8],108,-1,430,-1,406
1,<environment.Job instance at 0x7f70168f7aa0>,110,26,[ 1 11],111,-1,448,-1,422
1,<environment.Job instance at 0x7f70168f7c80>,111,16,[14  5],112,-1,438,-1,422
1,<environment.Job instance at 0x7f70168f7f50>,115,28,[10  3],116,-1,467,-1,439
1,<environment.Job instance at 0x7f70168f7960>,116,3,[3 5],117,-1,442,-1,439
1,<environment.Job instance at 0x7f70168f7a50>,120,25,[14  4],121,-1,490,-1,465
1,<environment.Job instance at 0x7f7020aa89b0>,123,3,[7 4],124,-1,484,-1,481
1,<environment.Job instance at 0x7f7020aa8a00>,125,3,[10  2],126,-1,488,-1,485
1,<environment.Job instance at 0x7f7020aa8230>,126,24,[14  2],127,-1,509,-1,485
1,<environment.Job instance at 0x7f7020aa8fa0>,127,3,[ 5 11],128,-1,488,-1,485
1,<environment.Job instance at 0x7f7020aa83c0>,128,2,[ 2 12],129,-1,487,-1,485
1,<environment.Job instance at 0x7f7020aa87d0>,129,23,[ 4 11],130,-1,508,-1,485
1,<environment.Job instance at 0x7f7020aa81e0>,131,23,[ 3 13],132,-1,524,-1,501
1,<environment.Job instance at 0x7f7020aa80f0>,132,3,[8 4],133,-1,504,-1,501
1,<environment.Job instance at 0x7f7020aa85a0>,134,24,[ 3 10],135,-1,540,-1,516
1,<environment.Job instance at 0x7f7017578460>,139,14,[ 1 14],140,-1,548,-1,534
1,<environment.Job instance at 0x7f7017aff1e0>,140,25,[5 8],141,-1,559,-1,534
1,<environment.Job instance at 0x7f70177d8b90>,141,27,[7 4],142,-1,561,-1,534
1,<environment.Job instance at 0x7f70170b4f50>,142,3,[2 7],143,-1,537,-1,534
1,<environment.Job instance at 0x7f7028a08690>,145,1,[ 1 10],146,-1,564,-1,563
1,<environment.Job instance at 0x7f70177d81e0>,146,16,[12  4],147,-1,579,-1,563
1,<environment.Job instance at 0x7f7020b13b90>,1,18,[ 4 13],2,-1,20,-1,2
1,<environment.Job instance at 0x7f70177df0f0>,2,23,[11  2],3,-1,26,-1,3
1,<environment.Job instance at 0x7f70177df960>,3,12,[11  5],4,-1,16,-1,4
1,<environment.Job instance at 0x7f70177dfdc0>,5,19,[14  4],6,-1,25,-1,6
1,<environment.Job instance at 0x7f70177df190>,7,14,[ 5 11],8,-1,22,-1,8
1,<environment.Job instance at 0x7f70177dfa00>,10,18,[14  2],11,-1,29,-1,11
1,<environment.Job instance at 0x7f70177df320>,11,16,[ 5 11],12,-1,29,-1,13
1,<environment.Job instance at 0x7f70177df820>,14,25,[3 8],15,-1,40,-1,15
1,<environment.Job instance at 0x7f70177df9b0>,15,28,[2 8],16,-1,45,-1,17
1,<environment.Job instance at 0x7f7020aa0230>,17,27,[9 3],18,-1,45,-1,18
1,<environment.Job instance at 0x7f7020aa0a50>,18,15,[13  3],19,-1,34,-1,19
1,<environment.Job instance at 0x7f7020aa0320>,25,12,[ 2 12],26,-1,74,-1,62
1,<environment.Job instance at 0x7f7017a650f0>,26,27,[ 1 13],27,-1,89,-1,62
1,<environment.Job instance at 0x7f7017a65140>,30,2,[13  5],31,-1,80,-1,78
1,<environment.Job instance at 0x7f7017a65640>,33,24,[11  3],34,-1,118,-1,94
1,<environment.Job instance at 0x7f7020957500>,34,18,[13  3],35,-1,112,-1,94
1,<environment.Job instance at 0x7f7020957cd0>,37,23,[10  3],38,-1,144,-1,121
1,<environment.Job instance at 0x7f7020957960>,42,24,[7 5],43,-1,164,-1,140
1,<environment.Job instance at 0x7f7020957e10>,43,20,[14  5],44,-1,160,-1,140
1,<environment.Job instance at 0x7f70209570a0>,45,18,[14  1],46,-1,171,-1,153
1,<environment.Job instance at 0x7f7020957140>,46,27,[5 5],47,-1,180,-1,153
1,<environment.Job instance at 0x7f70209577d0>,49,13,[14  1],50,-1,182,-1,169
1,<environment.Job instance at 0x7f7020957640>,51,17,[14  5],52,-1,187,-1,170
1,<environment.Job instance at 0x7f70209d6870>,56,17,[ 4 13],57,-1,218,-1,201
1,<environment.Job instance at 0x7f70209d65f0>,58,26,[8 1],59,-1,235,-1,209
1,<environment.Job instance at 0x7f70209d66e0>,62,17,[11  1],63,-1,252,-1,235
1,<environment.Job instance at 0x7f70209d65a0>,63,15,[ 4 11],64,-1,250,-1,235
1,<environment.Job instance at 0x7f70209d6190>,64,28,[6 1],65,-1,263,-1,235
1,<environment.Job instance at 0x7f70209d67d0>,68,3,[ 1 13],69,-1,272,-1,269
1,<environment.Job instance at 0x7f70209d6d20>,70,20,[ 1 10],71,-1,307,-1,287
1,<environment.Job instance at 0x7f70209d6780>,77,15,[13  1],78,-1,345,-1,330
1,<environment.Job instance at 0x7f7017783280>,78,14,[12  4],79,-1,344,-1,330
1,<environment.Job instance at 0x7f7017783e60>,81,25,[ 3 14],82,-1,371,-1,346
1,<environment.Job instance at 0x7f7017783e10>,82,14,[14  3],83,-1,360,-1,346
1,<environment.Job instance at 0x7f7017783460>,84,14,[ 5 14],85,-1,373,-1,359
1,<environment.Job instance at 0x7f7017783d70>,89,24,[6 5],90,-1,417,-1,393
1,<environment.Job instance at 0x7f701771f410>,103,2,[ 4 11],104,-1,511,-1,509
1,<environment.Job instance at 0x7f701771f4b0>,104,14,[ 5 12],105,-1,523,-1,509
1,<environment.Job instance at 0x7f701771f370>,105,24,[ 5 11],106,-1,533,-1,509
1,<environment.Job instance at 0x7f701771f140>,106,25,[7 3],107,-1,534,-1,509
1,<environment.Job instance at 0x7f701771f780>,107,18,[11  5],108,-1,527,-1,509
1,<environment.Job instance at 0x7f701771fc30>,112,17,[ 2 13],113,-1,575,-1,558
1,<environment.Job instance at 0x7f701771fe60>,113,27,[12  4],114,-1,585,-1,558
1,<environment.Job instance at 0x7f70209b0b40>,117,12,[ 5 12],118,-1,588,-1,576
1,<environment.Job instance at 0x7f70209b0640>,118,14,[14  1],119,-1,590,-1,576
1,<environment.Job instance at 0x7f70209b0960>,120,14,[12  4],121,-1,590,-1,576
1,<environment.Job instance at 0x7f70176d9050>,121,18,[11  5],122,-1,595,-1,577
1,<environment.Job instance at 0x7f70176d9e60>,123,12,[14  4],124,-1,595,-1,583
1,<environment.Job instance at 0x7f70176d9190>,125,25,[8 1],126,-1,623,-1,598
1,<environment.Job instance at 0x7f7017872640>,127,21,[ 5 14],128,-1,619,-1,598
1,<environment.Job instance at 0x7f7017402550>,130,28,[2 8],131,-1,646,-1,618
1,<environment.Job instance at 0x7f7017402d70>,132,27,[9 3],133,-1,655,-1,628
1,<environment.Job instance at 0x7f7017402b90>,134,2,[4 7],135,-1,630,-1,628
1,<environment.Job instance at 0x7f7017402cd0>,135,28,[ 1 13],136,-1,656,-1,628
1,<environment.Job instance at 0x7f7017402c80>,138,2,[ 4 11],139,-1,659,-1,657
1,<environment.Job instance at 0x7f701732b6e0>,139,26,[9 4],140,-1,683,-1,657
1,<environment.Job instance at 0x7f7017402f50>,140,28,[2 7],141,-1,685,-1,657
1,<environment.Job instance at 0x7f7017e9b550>,142,22,[ 5 14],143,-1,679,-1,657
1,<environment.Job instance at 0x7f70204dc460>,143,20,[14  1],144,-1,677,-1,657
1,<environment.Job instance at 0x7f70177df050>,4,26,[1 5],5,-1,32,-1,6
1,<environment.Job instance at 0x7f7016cbb190>,6,21,[11  3],7,-1,30,-1,9
1,<environment.Job instance at 0x7f7016cbd050>,8,19,[14  3],9,-1,28,-1,9
1,<environment.Job instance at 0x7f7016cbddc0>,9,1,[3 7],10,-1,11,-1,10
1,<environment.Job instance at 0x7f7017034190>,12,2,[ 1 14],13,-1,15,-1,13
1,<environment.Job instance at 0x7f7017034230>,13,12,[13  2],14,-1,26,-1,14
1,<environment.Job instance at 0x7f7017034c80>,15,15,[ 2 11],16,-1,33,-1,18
1,<environment.Job instance at 0x7f7017034e60>,16,23,[7 4],17,-1,48,-1,25
1,<environment.Job instance at 0x7f7017034fa0>,17,22,[9 4],18,-1,101,-1,79
1,<environment.Job instance at 0x7f70170138c0>,25,25,[12  3],26,-1,104,-1,79
1,<environment.Job instance at 0x7f7017013280>,29,18,[ 2 10],30,-1,119,-1,101
1,<environment.Job instance at 0x7f7017013a00>,30,16,[14  3],31,-1,117,-1,101
1,<environment.Job instance at 0x7f701778d1e0>,31,20,[5 1],32,-1,121,-1,101
1,<environment.Job instance at 0x7f7017e8a5f0>,33,12,[7 2],34,-1,117,-1,105
1,<environment.Job instance at 0x7f701718c960>,34,15,[10  3],35,-1,120,-1,105
1,<environment.Job instance at 0x7f7017e6e370>,35,20,[4 7],36,-1,125,-1,105
1,<environment.Job instance at 0x7f701778d280>,36,21,[12  5],37,-1,126,-1,105
1,<environment.Job instance at 0x7f701778d3c0>,37,13,[9 4],38,-1,118,-1,105
1,<environment.Job instance at 0x7f701778cc80>,38,25,[6 1],39,-1,130,-1,105
1,<environment.Job instance at 0x7f7017019c30>,39,24,[11  4],40,-1,129,-1,105
1,<environment.Job instance at 0x7f7017e689b0>,41,27,[5 1],42,-1,143,-1,116
1,<environment.Job instance at 0x7f701778c4b0>,43,17,[14  5],44,-1,143,-1,126
1,<environment.Job instance at 0x7f70177984b0>,46,25,[8 3],47,-1,157,-1,132
1,<environment.Job instance at 0x7f70170145f0>,47,13,[13  1],48,-1,145,-1,132
1,<environment.Job instance at 0x7f7017e52050>,48,16,[ 5 10],49,-1,148,-1,132
1,<environment.Job instance at 0x7f7017e526e0>,51,19,[12  1],52,-1,176,-1,157
1,<environment.Job instance at 0x7f7017e51d70>,55,13,[ 2 12],56,-1,191,-1,178
1,<environment.Job instance at 0x7f7017e51f00>,56,25,[ 5 10],57,-1,203,-1,178
1,<environment.Job instance at 0x7f7017e51820>,57,26,[9 3],58,-1,204,-1,178
1,<environment.Job instance at 0x7f7017e51a50>,58,26,[ 1 12],59,-1,204,-1,178
1,<environment.Job instance at 0x7f7017e51cd0>,59,28,[3 6],60,-1,206,-1,178
1,<environment.Job instance at 0x7f7017e50640>,60,2,[1 6],61,-1,180,-1,178
1,<environment.Job instance at 0x7f7017e50be0>,61,12,[11  1],62,-1,190,-1,178
1,<environment.Job instance at 0x7f7017e85690>,63,15,[13  2],64,-1,193,-1,178
1,<environment.Job instance at 0x7f7017e85780>,64,17,[12  3],65,-1,195,-1,178
1,<environment.Job instance at 0x7f7017e850a0>,65,2,[ 4 12],66,-1,180,-1,178
1,<environment.Job instance at 0x7f7017e855a0>,66,1,[10  1],67,-1,179,-1,178
1,<environment.Job instance at 0x7f7017e851e0>,67,28,[3 6],68,-1,206,-1,178
1,<environment.Job instance at 0x7f7017e853c0>,68,12,[6 2],69,-1,190,-1,178
1,<environment.Job instance at 0x7f7017e85960>,69,19,[13  1],70,-1,197,-1,178
1,<environment.Job instance at 0x7f7017037460>,74,28,[6 5],75,-1,241,-1,213
1,<environment.Job instance at 0x7f7017037a00>,82,25,[4 6],83,-1,286,-1,261
1,<environment.Job instance at 0x7f7017037b40>,84,24,[7 5],85,-1,285,-1,261
1,<environment.Job instance at 0x7f7017037cd0>,86,21,[14  1],87,-1,295,-1,274
1,<environment.Job instance at 0x7f7017037c30>,88,16,[12  4],89,-1,294,-1,278
1,<environment.Job instance at 0x7f7017037f00>,89,24,[4 9],90,-1,302,-1,278
1,<environment.Job instance at 0x7f7016ca0230>,94,12,[ 1 14],95,-1,323,-1,311
1,<environment.Job instance at 0x7f7016ca0410>,95,14,[13  4],96,-1,325,-1,311
1,<environment.Job instance at 0x7f7016ca0370>,97,13,[13  3],98,-1,342,-1,329
1,<environment.Job instance at 0x7f7016ca05a0>,99,27,[ 3 14],100,-1,356,-1,329
1,<environment.Job instance at 0x7f7016ca0870>,101,1,[ 5 13],102,-1,339,-1,338
1,<environment.Job instance at 0x7f7016ca0910>,102,25,[13  4],103,-1,363,-1,338
1,<environment.Job instance at 0x7f7016ca0960>,103,14,[14  1],104,-1,352,-1,338
1,<environment.Job instance at 0x7f7016ca0a00>,104,1,[10  5],105,-1,339,-1,338
1,<environment.Job instance at 0x7f7016ca0be0>,105,26,[13  4],106,-1,364,-1,338
1,<environment.Job instance at 0x7f7016ca0c80>,107,21,[ 2 13],108,-1,362,-1,341
1,<environment.Job instance at 0x7f7016ca0d20>,108,16,[ 3 14],109,-1,357,-1,341
1,<environment.Job instance at 0x7f7016ca0dc0>,109,16,[ 1 11],110,-1,357,-1,341
1,<environment.Job instance at 0x7f7016ca0f00>,111,24,[ 2 13],112,-1,377,-1,353
1,<environment.Job instance at 0x7f7016ca0fa0>,112,18,[13  3],113,-1,371,-1,353
1,<environment.Job instance at 0x7f7016ca0eb0>,113,15,[ 1 10],114,-1,368,-1,353
1,<environment.Job instance at 0x7f70170291e0>,115,16,[ 1 12],116,-1,370,-1,354
1,<environment.Job instance at 0x7f7017029370>,116,1,[ 2 10],117,-1,355,-1,354
1,<environment.Job instance at 0x7f7017029320>,117,26,[8 4],118,-1,380,-1,354
1,<environment.Job instance at 0x7f70170290f0>,118,16,[ 3 13],119,-1,370,-1,354
1,<environment.Job instance at 0x7f7017029550>,121,28,[ 5 12],122,-1,400,-1,372
1,<environment.Job instance at 0x7f70170295f0>,122,28,[2 6],123,-1,400,-1,372
1,<environment.Job instance at 0x7f7017029730>,124,28,[ 1 11],125,-1,418,-1,390
1,<environment.Job instance at 0x7f7017029190>,126,23,[11  3],127,-1,413,-1,390
1,<environment.Job instance at 0x7f7017029a50>,127,14,[13  5],128,-1,404,-1,390
1,<environment.Job instance at 0x7f7017029aa0>,129,1,[6 1],130,-1,401,-1,400
1,<environment.Job instance at 0x7f7017029be0>,131,13,[12  5],132,-1,418,-1,405
1,<environment.Job instance at 0x7f7017029cd0>,133,16,[11  4],134,-1,432,-1,416
1,<environment.Job instance at 0x7f7017029e60>,135,27,[6 1],136,-1,456,-1,429
1,<environment.Job instance at 0x7f70170412d0>,139,26,[2 7],140,-1,468,-1,442
1,<environment.Job instance at 0x7f7017041370>,140,23,[10  3],141,-1,465,-1,442
1,<environment.Job instance at 0x7f7017041140>,141,16,[14  1],142,-1,458,-1,442
1,<environment.Job instance at 0x7f7017041550>,142,1,[13  2],143,-1,443,-1,442
1,<environment.Job instance at 0x7f70170410a0>,143,3,[4 5],144,-1,445,-1,442
1,<environment.Job instance at 0x7f7017041640>,145,18,[11  1],146,-1,468,-1,450
1,<environment.Job instance at 0x7f7017103af0>,3,25,[5 6],4,-1,29,-1,4
1,<environment.Job instance at 0x7f7017103e10>,4,26,[ 3 12],5,-1,31,-1,5
1,<environment.Job instance at 0x7f7017103f00>,5,13,[ 4 13],6,-1,19,-1,6
1,<environment.Job instance at 0x7f70171033c0>,7,27,[5 7],8,-1,35,-1,8
1,<environment.Job instance at 0x7f7017103460>,8,20,[ 4 14],9,-1,29,-1,9
1,<environment.Job instance at 0x7f7017103230>,15,2,[ 1 12],16,-1,26,-1,24
1,<environment.Job instance at 0x7f7017103730>,18,28,[6 4],19,-1,67,-1,39
1,<environment.Job instance at 0x7f7017103780>,19,14,[14  3],20,-1,53,-1,39
1,<environment.Job instance at 0x7f7016d9a8c0>,21,25,[ 2 14],22,-1,64,-1,39
1,<environment.Job instance at 0x7f7016d9a4b0>,25,3,[ 3 14],26,-1,73,-1,70
1,<environment.Job instance at 0x7f7016d9a6e0>,26,27,[10  1],27,-1,97,-1,70
1,<environment.Job instance at 0x7f7016d9a0a0>,30,28,[13  5],31,-1,130,-1,102
1,<environment.Job instance at 0x7f7016d9a1e0>,34,2,[ 2 14],35,-1,122,-1,120
1,<environment.Job instance at 0x7f7016d9ac30>,35,14,[11  2],36,-1,134,-1,120
1,<environment.Job instance at 0x7f7016d9a870>,36,1,[4 6],37,-1,121,-1,120
1,<environment.Job instance at 0x7f7016d9a5f0>,38,14,[14  5],39,-1,148,-1,134
1,<environment.Job instance at 0x7f7016d9ae10>,39,1,[ 3 12],40,-1,135,-1,134
1,<environment.Job instance at 0x7f7016d9aa00>,41,2,[5 6],42,-1,138,-1,136
1,<environment.Job instance at 0x7f7016da4e60>,42,13,[ 2 13],43,-1,149,-1,136
1,<environment.Job instance at 0x7f7016da45f0>,44,14,[ 3 13],45,-1,171,-1,157
1,<environment.Job instance at 0x7f7016da4cd0>,46,26,[ 1 12],47,-1,183,-1,157
1,<environment.Job instance at 0x7f7016da4a50>,50,24,[11  5],51,-1,196,-1,172
1,<environment.Job instance at 0x7f7016da40f0>,52,1,[10  4],53,-1,173,-1,172
1,<environment.Job instance at 0x7f7016da4d70>,56,18,[14  2],57,-1,212,-1,194
1,<environment.Job instance at 0x7f7016da4b90>,57,27,[5 7],58,-1,221,-1,194
1,<environment.Job instance at 0x7f7016da4aa0>,59,21,[12  3],60,-1,223,-1,202
1,<environment.Job instance at 0x7f7016da4870>,60,12,[ 5 12],61,-1,214,-1,202
1,<environment.Job instance at 0x7f7016da4230>,62,16,[ 2 13],63,-1,218,-1,202
1,<environment.Job instance at 0x7f7017166aa0>,65,13,[14  1],66,-1,228,-1,215
1,<environment.Job instance at 0x7f7017166280>,66,14,[ 5 13],67,-1,229,-1,215
1,<environment.Job instance at 0x7f70171660f0>,67,20,[ 2 13],68,-1,235,-1,215
1,<environment.Job instance at 0x7f70171667d0>,68,27,[4 9],69,-1,242,-1,215
1,<environment.Job instance at 0x7f7017166c80>,69,3,[ 2 13],70,-1,218,-1,215
1,<environment.Job instance at 0x7f7017166500>,70,13,[ 4 12],71,-1,228,-1,215
1,<environment.Job instance at 0x7f7017166730>,77,21,[12  5],78,-1,301,-1,280
1,<environment.Job instance at 0x7f70171663c0>,82,28,[5 7],83,-1,371,-1,343
1,<environment.Job instance at 0x7f7017166550>,83,12,[ 4 11],84,-1,355,-1,343
1,<environment.Job instance at 0x7f70171664b0>,84,25,[13  4],85,-1,368,-1,343
1,<environment.Job instance at 0x7f7017170960>,85,21,[ 1 12],86,-1,364,-1,343
1,<environment.Job instance at 0x7f7017170a50>,87,22,[13  5],88,-1,365,-1,343
1,<environment.Job instance at 0x7f7017170eb0>,88,28,[13  2],89,-1,371,-1,343
1,<environment.Job instance at 0x7f7017170aa0>,90,24,[7 3],91,-1,387,-1,363
1,<environment.Job instance at 0x7f70171705f0>,92,26,[5 8],93,-1,389,-1,363
1,<environment.Job instance at 0x7f7017170730>,96,2,[ 5 13],97,-1,374,-1,372
1,<environment.Job instance at 0x7f7017170640>,97,13,[ 1 14],98,-1,385,-1,372
1,<environment.Job instance at 0x7f7017170780>,100,21,[13  2],101,-1,406,-1,385
1,<environment.Job instance at 0x7f7017170410>,101,1,[9 1],102,-1,386,-1,385
1,<environment.Job instance at 0x7f70177905a0>,102,18,[ 2 11],103,-1,403,-1,385
1,<environment.Job instance at 0x7f7017790410>,109,18,[ 5 14],110,-1,438,-1,420
1,<environment.Job instance at 0x7f70177902d0>,110,17,[ 3 13],111,-1,437,-1,420
1,<environment.Job instance at 0x7f7017790460>,111,23,[13  3],112,-1,443,-1,420
1,<environment.Job instance at 0x7f70177906e0>,112,18,[ 2 12],113,-1,438,-1,420
1,<environment.Job instance at 0x7f70177904b0>,113,13,[11  1],114,-1,433,-1,420
1,<environment.Job instance at 0x7f7017790c30>,116,26,[7 4],117,-1,462,-1,436
1,<environment.Job instance at 0x7f7017790be0>,117,12,[13  4],118,-1,448,-1,436
1,<environment.Job instance at 0x7f7017790b40>,118,13,[ 2 12],119,-1,449,-1,436
1,<environment.Job instance at 0x7f70170dae10>,121,13,[14  4],122,-1,460,-1,447
1,<environment.Job instance at 0x7f70170da2d0>,122,16,[14  2],123,-1,463,-1,447
1,<environment.Job instance at 0x7f70170da280>,126,24,[5 9],127,-1,491,-1,467
1,<environment.Job instance at 0x7f7016cbb7d0>,127,12,[ 3 14],128,-1,479,-1,467
1,<environment.Job instance at 0x7f7016cadcd0>,129,28,[14  4],130,-1,508,-1,480
1,<environment.Job instance at 0x7f7016cada50>,131,2,[5 9],132,-1,497,-1,495
1,<environment.Job instance at 0x7f7016caddc0>,132,24,[8 1],133,-1,519,-1,495
1,<environment.Job instance at 0x7f7016d7f6e0>,134,26,[5 7],135,-1,521,-1,495
1,<environment.Job instance at 0x7f7016d7f320>,137,27,[9 4],138,-1,540,-1,513
1,<environment.Job instance at 0x7f7020aa1f00>,139,26,[7 3],140,-1,552,-1,526
1,<environment.Job instance at 0x7f7016d7f140>,140,17,[ 5 12],141,-1,543,-1,526
1,<environment.Job instance at 0x7f7016ea5280>,143,2,[14  5],144,-1,550,-1,548
1,<environment.Job instance at 0x7f7017ec2460>,144,2,[13  2],145,-1,550,-1,548
1,<environment.Job instance at 0x7f70171a69b0>,1,25,[4 9],2,-1,27,-1,2
1,<environment.Job instance at 0x7f701748eb90>,7,2,[6 3],8,-1,10,-1,8
1,<environment.Job instance at 0x7f701749d2d0>,13,12,[ 3 10],14,-1,45,-1,33
1,<environment.Job instance at 0x7f701749d4b0>,14,12,[11  4],15,-1,45,-1,33
1,<environment.Job instance at 0x7f7017202a00>,20,17,[ 2 14],21,-1,87,-1,70
1,<environment.Job instance at 0x7f7017485b40>,22,12,[13  4],23,-1,98,-1,86
1,<environment.Job instance at 0x7f70174854b0>,25,17,[14  2],26,-1,111,-1,94
1,<environment.Job instance at 0x7f7017485460>,26,17,[ 1 12],27,-1,111,-1,94
1,<environment.Job instance at 0x7f7017485c30>,28,2,[8 1],29,-1,105,-1,103
1,<environment.Job instance at 0x7f70174858c0>,29,27,[11  4],30,-1,130,-1,103
1,<environment.Job instance at 0x7f7017485960>,30,15,[ 2 13],31,-1,118,-1,103
1,<environment.Job instance at 0x7f7016fc40a0>,31,3,[2 5],32,-1,106,-1,103
1,<environment.Job instance at 0x7f7017485e10>,32,2,[1 6],33,-1,105,-1,103
1,<environment.Job instance at 0x7f7017a91730>,33,16,[11  3],34,-1,119,-1,103
1,<environment.Job instance at 0x7f7017a86c80>,34,25,[6 2],35,-1,128,-1,103
1,<environment.Job instance at 0x7f7016c34f50>,35,17,[13  1],36,-1,120,-1,103
1,<environment.Job instance at 0x7f7016c34fa0>,36,23,[8 2],37,-1,126,-1,103
1,<environment.Job instance at 0x7f7016bd40a0>,37,26,[ 2 11],38,-1,129,-1,103
1,<environment.Job instance at 0x7f7016c0f6e0>,38,1,[6 4],39,-1,104,-1,103
1,<environment.Job instance at 0x7f70171e7aa0>,39,16,[11  4],40,-1,119,-1,103
1,<environment.Job instance at 0x7f7017ab32d0>,40,26,[2 7],41,-1,129,-1,103
1,<environment.Job instance at 0x7f7017a7f9b0>,43,24,[13  5],44,-1,144,-1,120
1,<environment.Job instance at 0x7f70171745f0>,45,12,[14  3],46,-1,136,-1,124
1,<environment.Job instance at 0x7f7017174f50>,48,27,[6 5],49,-1,170,-1,143
1,<environment.Job instance at 0x7f701717da00>,50,13,[11  1],51,-1,169,-1,156
1,<environment.Job instance at 0x7f701717d6e0>,55,1,[6 3],56,-1,187,-1,186
1,<environment.Job instance at 0x7f701715ddc0>,60,24,[4 5],61,-1,230,-1,206
1,<environment.Job instance at 0x7f701715d550>,62,12,[13  3],63,-1,231,-1,219
1,<environment.Job instance at 0x7f701715d9b0>,63,25,[ 5 10],64,-1,244,-1,219
1,<environment.Job instance at 0x7f701716ef50>,65,14,[11  2],66,-1,236,-1,222
1,<environment.Job instance at 0x7f701716e320>,66,15,[ 3 14],67,-1,237,-1,222
1,<environment.Job instance at 0x7f701716e1e0>,68,27,[7 4],69,-1,249,-1,222
1,<environment.Job instance at 0x7f701716e5f0>,73,13,[ 1 12],74,-1,262,-1,249
1,<environment.Job instance at 0x7f7016c09320>,76,14,[ 4 12],77,-1,281,-1,267
1,<environment.Job instance at 0x7f7016c09460>,78,25,[ 1 14],79,-1,298,-1,273
1,<environment.Job instance at 0x7f7016c09500>,79,14,[11  5],80,-1,287,-1,273
1,<environment.Job instance at 0x7f7016c09640>,81,23,[ 4 13],82,-1,305,-1,282
1,<environment.Job instance at 0x7f7016c096e0>,82,19,[11  1],83,-1,301,-1,282
1,<environment.Job instance at 0x7f7016c09780>,83,18,[ 4 11],84,-1,300,-1,282
1,<environment.Job instance at 0x7f7016c09190>,86,13,[ 3 13],87,-1,309,-1,296
1,<environment.Job instance at 0x7f7016c090f0>,89,16,[14  5],90,-1,334,-1,318
1,<environment.Job instance at 0x7f7016c09d20>,92,16,[14  3],93,-1,347,-1,331
1,<environment.Job instance at 0x7f7016c09dc0>,93,3,[2 8],94,-1,334,-1,331
1,<environment.Job instance at 0x7f7016c09fa0>,94,3,[ 3 10],95,-1,334,-1,331
1,<environment.Job instance at 0x7f7016c08230>,98,23,[5 5],99,-1,371,-1,348
1,<environment.Job instance at 0x7f7016c082d0>,99,2,[6 2],100,-1,350,-1,348
1,<environment.Job instance at 0x7f7016c08370>,100,14,[11  3],101,-1,362,-1,348
1,<environment.Job instance at 0x7f7016c08410>,101,2,[2 7],102,-1,350,-1,348
1,<environment.Job instance at 0x7f7016c084b0>,102,12,[11  2],103,-1,360,-1,348
1,<environment.Job instance at 0x7f7016c085f0>,103,3,[9 1],104,-1,351,-1,348
1,<environment.Job instance at 0x7f7016c08aa0>,112,23,[ 3 10],113,-1,431,-1,408
1,<environment.Job instance at 0x7f7016c08e10>,116,14,[13  2],117,-1,443,-1,429
1,<environment.Job instance at 0x7f7016c08f50>,118,24,[ 1 14],119,-1,471,-1,447
1,<environment.Job instance at 0x7f7016c08be0>,119,2,[7 5],120,-1,449,-1,447
1,<environment.Job instance at 0x7f7016c08c30>,120,1,[8 3],121,-1,448,-1,447
1,<environment.Job instance at 0x7f7016bfe140>,123,1,[7 1],124,-1,460,-1,459
1,<environment.Job instance at 0x7f7016bfe550>,124,23,[5 5],125,-1,482,-1,459
1,<environment.Job instance at 0x7f7016bfe370>,125,23,[ 2 12],126,-1,482,-1,459
1,<environment.Job instance at 0x7f7016bfe690>,127,25,[7 3],128,-1,498,-1,473
1,<environment.Job instance at 0x7f7016bfe730>,128,1,[12  5],129,-1,474,-1,473
1,<environment.Job instance at 0x7f7016bfe7d0>,129,13,[11  2],130,-1,486,-1,473
1,<environment.Job instance at 0x7f7016bfe870>,130,27,[5 2],131,-1,500,-1,473
1,<environment.Job instance at 0x7f7016bfea50>,133,3,[ 3 10],134,-1,484,-1,481
1,<environment.Job instance at 0x7f7016bfed70>,138,2,[8 5],139,-1,509,-1,507
1,<environment.Job instance at 0x7f7016bfee10>,139,14,[ 3 11],140,-1,521,-1,507
1,<environment.Job instance at 0x7f7016bfeeb0>,140,14,[14  1],141,-1,521,-1,507
1,<environment.Job instance at 0x7f7016c011e0>,144,20,[ 2 11],145,-1,541,-1,521
1,<environment.Job instance at 0x7f7016c01370>,145,2,[3 9],146,-1,523,-1,521
1,<environment.Job instance at 0x7f7016c014b0>,147,26,[3 7],148,-1,562,-1,536
1,<environment.Job instance at 0x7f7016c01550>,148,26,[4 6],149,-1,562,-1,536
1,<environment.Job instance at 0x7f7016f5cb90>,9,28,[11  4],10,-1,48,-1,20
1,<environment.Job instance at 0x7f7016f5cc80>,10,22,[ 5 12],11,-1,42,-1,20
1,<environment.Job instance at 0x7f7016f5cfa0>,12,25,[9 5],13,-1,60,-1,35
1,<environment.Job instance at 0x7f7016f5cbe0>,17,14,[ 2 11],18,-1,62,-1,48
1,<environment.Job instance at 0x7f7016f5caa0>,19,15,[ 5 14],20,-1,78,-1,63
1,<environment.Job instance at 0x7f7016f5c690>,20,27,[3 6],21,-1,90,-1,63
1,<environment.Job instance at 0x7f7016f5c050>,21,2,[12  1],22,-1,65,-1,63
1,<environment.Job instance at 0x7f7016f5c3c0>,23,18,[11  2],24,-1,81,-1,63
1,<environment.Job instance at 0x7f7016f5c280>,25,27,[8 1],26,-1,102,-1,75
1,<environment.Job instance at 0x7f7016f5c9b0>,28,1,[4 7],29,-1,91,-1,90
1,<environment.Job instance at 0x7f70170f4820>,30,20,[14  2],31,-1,122,-1,102
1,<environment.Job instance at 0x7f70170f4190>,31,22,[10  5],32,-1,124,-1,102
1,<environment.Job instance at 0x7f70170f4cd0>,32,1,[ 5 14],33,-1,103,-1,102
1,<environment.Job instance at 0x7f70170f46e0>,33,16,[12  5],34,-1,118,-1,102
1,<environment.Job instance at 0x7f70170f42d0>,34,12,[ 1 10],35,-1,115,-1,103
1,<environment.Job instance at 0x7f70170f4960>,35,18,[11  4],36,-1,121,-1,103
1,<environment.Job instance at 0x7f70170f4320>,38,23,[2 5],39,-1,140,-1,117
1,<environment.Job instance at 0x7f70170f45f0>,39,13,[14  3],40,-1,130,-1,117
1,<environment.Job instance at 0x7f70170f4780>,40,18,[ 5 11],41,-1,135,-1,117
1,<environment.Job instance at 0x7f70170f4730>,43,14,[13  2],44,-1,145,-1,131
1,<environment.Job instance at 0x7f70170f4eb0>,44,2,[7 1],45,-1,133,-1,131
1,<environment.Job instance at 0x7f70170f4640>,46,26,[12  3],47,-1,172,-1,146
1,<environment.Job instance at 0x7f7017d4b870>,48,23,[7 4],49,-1,169,-1,146
1,<environment.Job instance at 0x7f7017d4bd20>,49,25,[ 4 12],50,-1,171,-1,146
1,<environment.Job instance at 0x7f7017d4b8c0>,52,1,[4 7],53,-1,162,-1,161
1,<environment.Job instance at 0x7f7017d4baa0>,53,25,[ 2 10],54,-1,186,-1,161
1,<environment.Job instance at 0x7f7017d4b0f0>,54,14,[11  3],55,-1,175,-1,161
1,<environment.Job instance at 0x7f7016d4cd70>,62,1,[5 6],63,-1,236,-1,235
1,<environment.Job instance at 0x7f7016d4cd20>,64,25,[9 4],65,-1,267,-1,242
1,<environment.Job instance at 0x7f7016d4c370>,66,2,[12  3],67,-1,244,-1,242
1,<environment.Job instance at 0x7f7016d4c230>,67,23,[4 8],68,-1,267,-1,244
1,<environment.Job instance at 0x7f7016d4ceb0>,69,27,[ 5 14],70,-1,282,-1,255
1,<environment.Job instance at 0x7f7016d4c960>,70,17,[14  2],71,-1,272,-1,255
1,<environment.Job instance at 0x7f7016d4ce10>,71,15,[12  2],72,-1,270,-1,255
1,<environment.Job instance at 0x7f7016d4c550>,74,26,[13  3],75,-1,301,-1,275
1,<environment.Job instance at 0x7f7016d4ca00>,75,23,[9 5],76,-1,298,-1,275
1,<environment.Job instance at 0x7f7016d4ce60>,76,27,[7 3],77,-1,302,-1,275
1,<environment.Job instance at 0x7f7016d4c280>,77,2,[9 4],78,-1,277,-1,275
1,<environment.Job instance at 0x7f701778dbe0>,79,18,[11  2],80,-1,295,-1,277
1,<environment.Job instance at 0x7f701778daa0>,80,25,[9 5],81,-1,302,-1,277
1,<environment.Job instance at 0x7f701778ddc0>,83,17,[ 5 12],84,-1,308,-1,291
1,<environment.Job instance at 0x7f701778daf0>,84,23,[6 1],85,-1,314,-1,291
1,<environment.Job instance at 0x7f701778db40>,86,2,[ 4 14],87,-1,305,-1,303
1,<environment.Job instance at 0x7f701778dd70>,87,23,[10  3],88,-1,326,-1,303
1,<environment.Job instance at 0x7f701778d500>,88,14,[ 1 11],89,-1,317,-1,303
1,<environment.Job instance at 0x7f701778da50>,91,23,[ 2 12],92,-1,347,-1,324
1,<environment.Job instance at 0x7f701778db90>,92,27,[8 3],93,-1,351,-1,324
1,<environment.Job instance at 0x7f701778d320>,97,25,[9 4],98,-1,383,-1,358
1,<environment.Job instance at 0x7f701778d3c0>,100,3,[3 9],101,-1,378,-1,375
1,<environment.Job instance at 0x7f7016c130f0>,101,28,[ 5 13],102,-1,403,-1,375
1,<environment.Job instance at 0x7f7016c136e0>,102,15,[12  1],103,-1,390,-1,375
1,<environment.Job instance at 0x7f7016c13870>,103,3,[ 5 14],104,-1,378,-1,375
1,<environment.Job instance at 0x7f7016c139b0>,105,26,[4 9],106,-1,401,-1,375
1,<environment.Job instance at 0x7f7016c13a50>,106,27,[10  5],107,-1,402,-1,375
1,<environment.Job instance at 0x7f7016c13690>,111,16,[13  4],112,-1,422,-1,406
1,<environment.Job instance at 0x7f7016c13460>,113,16,[ 5 12],114,-1,427,-1,411
1,<environment.Job instance at 0x7f7016c13fa0>,116,3,[6 1],117,-1,433,-1,430
1,<environment.Job instance at 0x7f7017674780>,117,12,[ 2 12],118,-1,442,-1,430
1,<environment.Job instance at 0x7f7017674cd0>,118,2,[6 2],119,-1,432,-1,430
1,<environment.Job instance at 0x7f70176749b0>,123,18,[ 1 11],124,-1,480,-1,462
1,<environment.Job instance at 0x7f7017674460>,124,3,[3 7],125,-1,465,-1,462
1,<environment.Job instance at 0x7f7016a517d0>,128,16,[ 2 13],129,-1,501,-1,485
1,<environment.Job instance at 0x7f7016a51410>,129,16,[ 5 12],130,-1,501,-1,485
1,<environment.Job instance at 0x7f7016a515a0>,130,12,[11  1],131,-1,497,-1,485
1,<environment.Job instance at 0x7f7016a519b0>,132,15,[11  4],133,-1,520,-1,505
1,<environment.Job instance at 0x7f7016a51460>,133,17,[ 2 14],134,-1,522,-1,505
1,<environment.Job instance at 0x7f7016a51d70>,134,26,[10  5],135,-1,531,-1,505
1,<environment.Job instance at 0x7f7016a51550>,135,2,[7 5],136,-1,507,-1,505
1,<environment.Job instance at 0x7f70179c30a0>,139,25,[1 7],140,-1,548,-1,523
1,<environment.Job instance at 0x7f7017e27d70>,144,27,[3 8],145,-1,578,-1,551
1,<environment.Job instance at 0x7f701745cc30>,147,28,[2 6],148,-1,583,-1,555
1,<environment.Job instance at 0x7f7017e3ea00>,148,28,[7 1],149,-1,583,-1,555
1,<environment.Job instance at 0x7f7016f5c7d0>,3,15,[14  2],4,-1,19,-1,4
1,<environment.Job instance at 0x7f7016726320>,4,15,[ 1 12],5,-1,20,-1,5
1,<environment.Job instance at 0x7f7016745190>,12,15,[11  5],13,-1,43,-1,28
1,<environment.Job instance at 0x7f7016747410>,36,16,[ 3 13],37,-1,251,-1,235
1,<environment.Job instance at 0x7f7016747910>,40,3,[2 7],41,-1,280,-1,277
1,<environment.Job instance at 0x7f7016747280>,41,20,[1 9],42,-1,324,-1,304
1,<environment.Job instance at 0x7f70167476e0>,44,22,[6 3],45,-1,327,-1,305
1,<environment.Job instance at 0x7f7016747370>,45,13,[14  4],46,-1,318,-1,305
1,<environment.Job instance at 0x7f70166cc870>,48,14,[14  2],49,-1,321,-1,307
1,<environment.Job instance at 0x7f70166cc9b0>,49,13,[14  4],50,-1,320,-1,307
1,<environment.Job instance at 0x7f70166cc0a0>,50,15,[ 4 12],51,-1,322,-1,307
1,<environment.Job instance at 0x7f70166cc230>,52,26,[8 3],53,-1,337,-1,311
1,<environment.Job instance at 0x7f70166cc410>,54,24,[3 9],55,-1,344,-1,320
1,<environment.Job instance at 0x7f70166cc640>,55,18,[9 1],56,-1,338,-1,320
1,<environment.Job instance at 0x7f7016766500>,57,13,[13  2],58,-1,339,-1,326
1,<environment.Job instance at 0x7f7016766f50>,58,1,[5 5],59,-1,327,-1,326
1,<environment.Job instance at 0x7f7016766780>,59,1,[8 2],60,-1,327,-1,326
1,<environment.Job instance at 0x7f7016766910>,62,23,[6 1],63,-1,375,-1,352
1,<environment.Job instance at 0x7f7016766c80>,63,1,[10  4],64,-1,353,-1,352
1,<environment.Job instance at 0x7f7016766230>,64,12,[5 1],65,-1,365,-1,353
1,<environment.Job instance at 0x7f7016766b90>,65,16,[13  3],66,-1,369,-1,353
1,<environment.Job instance at 0x7f7016766e10>,66,12,[4 8],67,-1,367,-1,355
1,<environment.Job instance at 0x7f7016766eb0>,68,2,[5 4],69,-1,364,-1,362
1,<environment.Job instance at 0x7f70167665f0>,70,26,[ 2 10],71,-1,395,-1,369
1,<environment.Job instance at 0x7f7016766370>,75,26,[ 5 13],76,-1,426,-1,400
1,<environment.Job instance at 0x7f7016766140>,77,15,[11  1],78,-1,415,-1,400
1,<environment.Job instance at 0x7f701788f5f0>,87,24,[10  4],88,-1,476,-1,452
1,<environment.Job instance at 0x7f701788f9b0>,88,16,[11  3],89,-1,468,-1,452
1,<environment.Job instance at 0x7f701788ffa0>,89,16,[11  5],90,-1,472,-1,456
1,<environment.Job instance at 0x7f701788f820>,91,1,[ 3 12],92,-1,461,-1,460
1,<environment.Job instance at 0x7f701788f3c0>,92,25,[10  3],93,-1,485,-1,460
1,<environment.Job instance at 0x7f701788fa00>,93,14,[ 5 12],94,-1,474,-1,460
1,<environment.Job instance at 0x7f7016a13cd0>,94,20,[ 3 14],95,-1,480,-1,460
1,<environment.Job instance at 0x7f7016a13910>,95,24,[13  2],96,-1,484,-1,460
1,<environment.Job instance at 0x7f7016a13370>,96,22,[4 5],97,-1,675,-1,653
1,<environment.Job instance at 0x7f7016bd6a00>,112,3,[10  1],113,-1,656,-1,653
1,<environment.Job instance at 0x7f7017010190>,114,1,[5 1],115,-1,659,-1,658
1,<environment.Job instance at 0x7f7016697230>,117,26,[ 5 12],118,-1,700,-1,674
1,<environment.Job instance at 0x7f70167629b0>,118,26,[2 8],119,-1,700,-1,674
1,<environment.Job instance at 0x7f70169d2190>,119,3,[6 1],120,-1,678,-1,675
1,<environment.Job instance at 0x7f7016d9ba00>,121,16,[ 2 13],122,-1,691,-1,675
1,<environment.Job instance at 0x7f7016a33730>,122,23,[7 1],123,-1,698,-1,675
1,<environment.Job instance at 0x7f70173efdc0>,123,13,[13  4],124,-1,688,-1,675
1,<environment.Job instance at 0x7f70173ef460>,124,18,[14  3],125,-1,693,-1,675
1,<environment.Job instance at 0x7f70173ef960>,126,24,[14  5],127,-1,706,-1,682
1,<environment.Job instance at 0x7f70173ef8c0>,127,25,[ 4 12],128,-1,707,-1,682
1,<environment.Job instance at 0x7f70173ef820>,132,13,[11  3],133,-1,748,-1,735
1,<environment.Job instance at 0x7f70173efaa0>,133,18,[13  2],134,-1,753,-1,735
1,<environment.Job instance at 0x7f70179f6690>,134,2,[7 1],135,-1,737,-1,735
1,<environment.Job instance at 0x7f70179f6a00>,135,23,[ 5 13],136,-1,758,-1,735
1,<environment.Job instance at 0x7f70179f6a50>,136,23,[2 7],137,-1,805,-1,782
1,<environment.Job instance at 0x7f7016ae1550>,3,17,[13  5],4,-1,21,-1,4
1,<environment.Job instance at 0x7f7016ae1050>,5,24,[12  4],6,-1,30,-1,6
1,<environment.Job instance at 0x7f7016ae1dc0>,6,25,[6 3],7,-1,32,-1,7
1,<environment.Job instance at 0x7f7016ae1280>,7,27,[9 5],8,-1,35,-1,8
1,<environment.Job instance at 0x7f7016ae10f0>,9,14,[ 2 13],10,-1,24,-1,10
1,<environment.Job instance at 0x7f7017a82f00>,23,18,[ 2 10],24,-1,84,-1,66
1,<environment.Job instance at 0x7f7017a82c30>,25,19,[ 2 12],26,-1,85,-1,66
1,<environment.Job instance at 0x7f7017a82410>,29,16,[ 5 11],30,-1,114,-1,98
1,<environment.Job instance at 0x7f7017a82cd0>,30,18,[ 2 10],31,-1,116,-1,98
1,<environment.Job instance at 0x7f7017a82550>,32,13,[9 1],33,-1,111,-1,98
1,<environment.Job instance at 0x7f7017a82960>,33,20,[7 1],34,-1,120,-1,100
1,<environment.Job instance at 0x7f7017a82910>,34,1,[ 4 11],35,-1,101,-1,100
1,<environment.Job instance at 0x7f702065a410>,37,2,[5 1],38,-1,114,-1,112
1,<environment.Job instance at 0x7f702065a730>,38,18,[14  5],39,-1,130,-1,112
1,<environment.Job instance at 0x7f702065a2d0>,39,15,[ 1 12],40,-1,127,-1,112
1,<environment.Job instance at 0x7f702065a820>,40,13,[3 7],41,-1,125,-1,112
1,<environment.Job instance at 0x7f7017114960>,66,3,[13  3],67,-1,348,-1,345
1,<environment.Job instance at 0x7f7017114190>,67,1,[ 4 14],68,-1,346,-1,345
1,<environment.Job instance at 0x7f70179f8780>,68,14,[ 3 14],69,-1,359,-1,345
1,<environment.Job instance at 0x7f70179f80a0>,70,16,[14  1],71,-1,370,-1,354
1,<environment.Job instance at 0x7f70179f8c80>,73,1,[ 5 13],74,-1,370,-1,369
1,<environment.Job instance at 0x7f70179f8820>,74,26,[4 8],75,-1,395,-1,369
1,<environment.Job instance at 0x7f70179f8d20>,80,23,[ 5 11],81,-1,449,-1,426
1,<environment.Job instance at 0x7f70179f8cd0>,81,24,[9 1],82,-1,495,-1,471
1,<environment.Job instance at 0x7f70179f8730>,87,1,[9 1],88,-1,477,-1,476
1,<environment.Job instance at 0x7f70205128c0>,88,24,[7 1],89,-1,565,-1,541
1,<environment.Job instance at 0x7f70205124b0>,101,26,[10  2],102,-1,625,-1,599
1,<environment.Job instance at 0x7f7020512dc0>,102,3,[4 8],103,-1,604,-1,601
1,<environment.Job instance at 0x7f7020512050>,104,12,[13  2],105,-1,614,-1,602
1,<environment.Job instance at 0x7f7020512640>,106,26,[2 8],107,-1,647,-1,621
1,<environment.Job instance at 0x7f7020512780>,107,1,[4 7],108,-1,622,-1,621
1,<environment.Job instance at 0x7f7020827190>,109,14,[ 2 13],110,-1,647,-1,633
1,<environment.Job instance at 0x7f7020827500>,113,27,[ 1 13],114,-1,676,-1,649
1,<environment.Job instance at 0x7f7020827a50>,114,18,[11  3],115,-1,667,-1,649
1,<environment.Job instance at 0x7f7020827c80>,117,12,[12  5],118,-1,671,-1,659
1,<environment.Job instance at 0x7f70208273c0>,118,12,[ 3 12],119,-1,671,-1,659
1,<environment.Job instance at 0x7f7020827d20>,121,25,[ 2 14],122,-1,717,-1,692
1,<environment.Job instance at 0x7f7020827410>,124,2,[5 7],125,-1,698,-1,696
1,<environment.Job instance at 0x7f70208275a0>,126,1,[6 3],127,-1,714,-1,713
1,<environment.Job instance at 0x7f70208276e0>,127,16,[12  2],128,-1,729,-1,713
1,<environment.Job instance at 0x7f7017b129b0>,128,17,[ 2 13],129,-1,730,-1,713
1,<environment.Job instance at 0x7f7017b12af0>,129,27,[5 5],130,-1,740,-1,713
1,<environment.Job instance at 0x7f7017bb8c80>,135,15,[ 5 12],136,-1,759,-1,744
1,<environment.Job instance at 0x7f7017bb8a00>,137,25,[1 9],138,-1,777,-1,752
1,<environment.Job instance at 0x7f7017bb8910>,138,17,[11  5],139,-1,769,-1,752
1,<environment.Job instance at 0x7f7017bb8f50>,139,17,[ 5 11],140,-1,769,-1,752
1,<environment.Job instance at 0x7f70179ad0f0>,140,14,[14  3],141,-1,766,-1,752
1,<environment.Job instance at 0x7f7016e7ee60>,142,3,[7 2],143,-1,766,-1,763
1,<environment.Job instance at 0x7f70175ce190>,143,15,[14  5],144,-1,778,-1,763
1,<environment.Job instance at 0x7f70170ee3c0>,144,14,[14  4],145,-1,777,-1,763
1,<environment.Job instance at 0x7f7017872280>,145,17,[ 2 12],146,-1,780,-1,763
1,<environment.Job instance at 0x7f70173bd550>,146,28,[5 9],147,-1,791,-1,763
1,<environment.Job instance at 0x7f7016e9d960>,147,26,[9 4],148,-1,789,-1,763
1,<environment.Job instance at 0x7f70178cc0f0>,1,1,[13  2],2,-1,3,-1,2
1,<environment.Job instance at 0x7f7020512d70>,2,14,[13  2],3,-1,17,-1,3
1,<environment.Job instance at 0x7f70175840f0>,4,26,[4 7],5,-1,31,-1,5
1,<environment.Job instance at 0x7f70175848c0>,13,20,[ 1 14],14,-1,48,-1,28
1,<environment.Job instance at 0x7f7017584f50>,14,12,[ 3 14],15,-1,40,-1,28
1,<environment.Job instance at 0x7f7017584960>,15,15,[ 1 10],16,-1,43,-1,28
1,<environment.Job instance at 0x7f7016ae5500>,21,12,[ 5 13],22,-1,58,-1,46
1,<environment.Job instance at 0x7f7016ae5910>,22,15,[ 3 13],23,-1,61,-1,46
1,<environment.Job instance at 0x7f7016ae5870>,28,2,[7 4],29,-1,82,-1,80
1,<environment.Job instance at 0x7f7016ae5d20>,29,24,[8 2],30,-1,104,-1,80
1,<environment.Job instance at 0x7f7016ae56e0>,30,25,[5 8],31,-1,105,-1,80
1,<environment.Job instance at 0x7f7016ae54b0>,31,15,[11  2],32,-1,95,-1,80
1,<environment.Job instance at 0x7f7016ae50a0>,32,15,[14  1],33,-1,95,-1,80
1,<environment.Job instance at 0x7f70170b5c30>,33,25,[ 2 10],34,-1,105,-1,80
1,<environment.Job instance at 0x7f70170b5aa0>,34,2,[ 2 10],35,-1,82,-1,80
1,<environment.Job instance at 0x7f70170b5b90>,35,23,[7 1],36,-1,103,-1,80
1,<environment.Job instance at 0x7f70170b5460>,36,23,[5 3],37,-1,103,-1,80
1,<environment.Job instance at 0x7f70170b5690>,37,26,[1 7],38,-1,106,-1,80
1,<environment.Job instance at 0x7f70170b59b0>,39,13,[ 2 12],40,-1,103,-1,90
1,<environment.Job instance at 0x7f70170b5370>,40,27,[ 1 14],41,-1,117,-1,90
1,<environment.Job instance at 0x7f70170b5870>,43,28,[ 5 13],44,-1,137,-1,109
1,<environment.Job instance at 0x7f70170b53c0>,45,1,[6 4],46,-1,116,-1,115
1,<environment.Job instance at 0x7f7016ef4b40>,51,1,[ 2 13],52,-1,157,-1,156
1,<environment.Job instance at 0x7f7016ef4be0>,53,3,[6 4],54,-1,169,-1,166
1,<environment.Job instance at 0x7f7016ef45a0>,57,2,[11  1],58,-1,198,-1,196
1,<environment.Job instance at 0x7f7016ef4870>,58,2,[5 3],59,-1,198,-1,196
1,<environment.Job instance at 0x7f7016ef4b90>,63,25,[ 5 10],64,-1,242,-1,217
1,<environment.Job instance at 0x7f7016ef48c0>,64,13,[12  3],65,-1,230,-1,217
1,<environment.Job instance at 0x7f7016ef4820>,65,20,[ 4 11],66,-1,237,-1,217
1,<environment.Job instance at 0x7f7016ef42d0>,67,15,[14  2],68,-1,232,-1,217
1,<environment.Job instance at 0x7f7016ef4230>,68,12,[13  3],69,-1,229,-1,217
1,<environment.Job instance at 0x7f701715b500>,73,3,[8 3],74,-1,273,-1,270
1,<environment.Job instance at 0x7f701715b9b0>,78,20,[12  2],79,-1,319,-1,299
1,<environment.Job instance at 0x7f70179b65f0>,80,28,[8 4],81,-1,330,-1,302
1,<environment.Job instance at 0x7f70179b6140>,84,13,[13  1],85,-1,340,-1,327
1,<environment.Job instance at 0x7f70179b6050>,87,18,[12  1],88,-1,359,-1,341
1,<environment.Job instance at 0x7f70179b69b0>,89,19,[13  2],90,-1,375,-1,356
1,<environment.Job instance at 0x7f70179b6460>,92,1,[ 2 13],93,-1,374,-1,373
1,<environment.Job instance at 0x7f70179b6d70>,93,24,[ 4 10],94,-1,397,-1,373
1,<environment.Job instance at 0x7f70179b6af0>,99,24,[4 6],100,-1,448,-1,424
1,<environment.Job instance at 0x7f7017a1fb40>,100,23,[13  5],101,-1,447,-1,424
1,<environment.Job instance at 0x7f7017a1faf0>,101,28,[14  2],102,-1,452,-1,424
1,<environment.Job instance at 0x7f7017a1f050>,112,15,[13  5],113,-1,533,-1,518
1,<environment.Job instance at 0x7f7017a1fcd0>,113,20,[ 1 14],114,-1,538,-1,518
1,<environment.Job instance at 0x7f7017a1f870>,115,12,[ 1 14],116,-1,551,-1,539
1,<environment.Job instance at 0x7f7017a1f370>,116,14,[ 3 11],117,-1,553,-1,539
1,<environment.Job instance at 0x7f7017a1fb90>,118,12,[ 3 13],119,-1,551,-1,539
1,<environment.Job instance at 0x7f7016eeebe0>,122,15,[ 4 11],123,-1,578,-1,563
1,<environment.Job instance at 0x7f7016eee690>,123,26,[7 4],124,-1,590,-1,564
1,<environment.Job instance at 0x7f7017e58910>,125,17,[ 5 11],126,-1,602,-1,585
1,<environment.Job instance at 0x7f70178211e0>,127,25,[5 8],128,-1,610,-1,585
1,<environment.Job instance at 0x7f7017821af0>,136,28,[ 3 11],137,-1,669,-1,641
1,<environment.Job instance at 0x7f70171007d0>,138,16,[14  5],139,-1,672,-1,656
1,<environment.Job instance at 0x7f70174b5370>,139,28,[6 3],140,-1,684,-1,656
1,<environment.Job instance at 0x7f7016b5d870>,140,13,[14  3],141,-1,669,-1,656
1,<environment.Job instance at 0x7f7016a4e460>,142,14,[ 2 12],143,-1,671,-1,657
1,<environment.Job instance at 0x7f7016a4ebe0>,144,21,[ 3 14],145,-1,689,-1,668
1,<environment.Job instance at 0x7f7016c48b90>,146,23,[3 9],147,-1,724,-1,701
1,<environment.Job instance at 0x7f7017ab8b90>,148,25,[ 1 14],149,-1,726,-1,701
1,<environment.Job instance at 0x7f7016682dc0>,1,25,[2 8],2,-1,27,-1,2
1,<environment.Job instance at 0x7f70204adc30>,10,2,[3 9],11,-1,16,-1,14
1,<environment.Job instance at 0x7f70204ad2d0>,11,18,[ 1 13],12,-1,32,-1,14
1,<environment.Job instance at 0x7f70204ad0f0>,12,22,[6 2],13,-1,40,-1,18
1,<environment.Job instance at 0x7f70204ad320>,14,15,[11  3],15,-1,33,-1,18
1,<environment.Job instance at 0x7f70204add20>,15,15,[ 1 10],16,-1,33,-1,18
1,<environment.Job instance at 0x7f70204adb90>,16,22,[1 8],17,-1,42,-1,20
1,<environment.Job instance at 0x7f70204ad280>,17,23,[3 5],18,-1,43,-1,20
1,<environment.Job instance at 0x7f70204adf00>,18,17,[12  3],19,-1,37,-1,20
1,<environment.Job instance at 0x7f70204ad640>,20,13,[13  2],21,-1,45,-1,32
1,<environment.Job instance at 0x7f70204adeb0>,24,22,[10  1],25,-1,71,-1,49
1,<environment.Job instance at 0x7f7020ba8870>,26,13,[1 6],27,-1,70,-1,57
1,<environment.Job instance at 0x7f7017d9f5f0>,27,17,[11  4],28,-1,74,-1,57
1,<environment.Job instance at 0x7f7017d9f500>,28,18,[ 1 11],29,-1,75,-1,57
1,<environment.Job instance at 0x7f7017d9fc30>,29,12,[9 1],30,-1,69,-1,57
1,<environment.Job instance at 0x7f7017d9faa0>,30,26,[5 7],31,-1,83,-1,57
1,<environment.Job instance at 0x7f7017d9f2d0>,31,16,[ 2 10],32,-1,73,-1,57
1,<environment.Job instance at 0x7f7017d9f550>,32,13,[7 5],33,-1,70,-1,57
1,<environment.Job instance at 0x7f7017d9f410>,33,15,[10  1],34,-1,72,-1,57
1,<environment.Job instance at 0x7f7017d9ff00>,34,20,[5 9],35,-1,77,-1,57
1,<environment.Job instance at 0x7f7017d9fe60>,35,25,[1 6],36,-1,82,-1,57
1,<environment.Job instance at 0x7f7017d9f960>,36,12,[10  3],37,-1,69,-1,57
1,<environment.Job instance at 0x7f7016cd5eb0>,37,15,[1 7],38,-1,72,-1,57
1,<environment.Job instance at 0x7f7016cd5500>,39,27,[5 9],40,-1,94,-1,67
1,<environment.Job instance at 0x7f7016cd5820>,41,12,[8 3],42,-1,88,-1,76
1,<environment.Job instance at 0x7f7016cd58c0>,42,26,[ 1 12],43,-1,102,-1,76
1,<environment.Job instance at 0x7f7016cd5410>,43,28,[ 3 14],44,-1,104,-1,76
1,<environment.Job instance at 0x7f7016cd5e10>,46,13,[1 6],47,-1,102,-1,89
1,<environment.Job instance at 0x7f7016cd5960>,47,20,[12  1],48,-1,109,-1,89
1,<environment.Job instance at 0x7f7016cd5be0>,48,24,[ 5 13],49,-1,113,-1,89
1,<environment.Job instance at 0x7f7016cd5370>,49,23,[8 5],50,-1,112,-1,89
1,<environment.Job instance at 0x7f7016cd5730>,50,28,[4 9],51,-1,117,-1,89
1,<environment.Job instance at 0x7f7016cd5c30>,51,24,[ 5 13],52,-1,113,-1,89
1,<environment.Job instance at 0x7f7016cd5a50>,53,15,[ 2 12],54,-1,123,-1,108
1,<environment.Job instance at 0x7f7016cd5cd0>,54,15,[ 3 13],55,-1,123,-1,108
1,<environment.Job instance at 0x7f7016cd5230>,55,25,[7 4],56,-1,133,-1,108
1,<environment.Job instance at 0x7f70178c7460>,58,25,[14  3],59,-1,139,-1,114
1,<environment.Job instance at 0x7f70178c75a0>,59,27,[14  3],60,-1,141,-1,114
1,<environment.Job instance at 0x7f70178c7820>,65,15,[11  3],66,-1,172,-1,157
1,<environment.Job instance at 0x7f70178c7230>,66,28,[4 7],67,-1,185,-1,157
1,<environment.Job instance at 0x7f70178c75f0>,68,3,[ 4 13],69,-1,160,-1,157
1,<environment.Job instance at 0x7f70167f8230>,71,12,[13  1],72,-1,184,-1,172
1,<environment.Job instance at 0x7f70167f81e0>,73,13,[ 4 13],74,-1,197,-1,184
1,<environment.Job instance at 0x7f70167f8140>,74,18,[11  5],75,-1,202,-1,184
1,<environment.Job instance at 0x7f70167f8960>,75,15,[5 1],76,-1,199,-1,184
1,<environment.Job instance at 0x7f70167f85a0>,77,24,[10  4],78,-1,220,-1,196
1,<environment.Job instance at 0x7f70167f8780>,78,25,[5 1],79,-1,221,-1,196
1,<environment.Job instance at 0x7f70167f80a0>,80,13,[ 5 13],81,-1,214,-1,201
1,<environment.Job instance at 0x7f7016f00410>,83,23,[7 5],84,-1,239,-1,216
1,<environment.Job instance at 0x7f7017a840a0>,84,26,[ 5 13],85,-1,242,-1,216
1,<environment.Job instance at 0x7f7017ecbeb0>,88,23,[3 5],89,-1,256,-1,233
1,<environment.Job instance at 0x7f70173aa3c0>,94,27,[5 6],95,-1,306,-1,279
1,<environment.Job instance at 0x7f70167f4410>,97,26,[ 2 12],98,-1,320,-1,294
1,<environment.Job instance at 0x7f70167f4c80>,99,3,[ 2 11],100,-1,303,-1,300
1,<environment.Job instance at 0x7f70167140f0>,101,16,[14  5],102,-1,323,-1,307
1,<environment.Job instance at 0x7f7016714cd0>,102,24,[5 1],103,-1,331,-1,307
1,<environment.Job instance at 0x7f7016f59e10>,103,17,[ 5 12],104,-1,324,-1,307
1,<environment.Job instance at 0x7f70178548c0>,106,1,[5 8],107,-1,320,-1,319
1,<environment.Job instance at 0x7f7017a6e960>,109,1,[8 4],110,-1,352,-1,351
1,<environment.Job instance at 0x7f7017869eb0>,111,24,[1 9],112,-1,375,-1,351
1,<environment.Job instance at 0x7f70177d7af0>,112,1,[7 2],113,-1,352,-1,351
1,<environment.Job instance at 0x7f7017a56500>,114,12,[ 4 10],115,-1,380,-1,368
1,<environment.Job instance at 0x7f701737a2d0>,115,15,[14  2],116,-1,383,-1,368
1,<environment.Job instance at 0x7f7017010640>,116,1,[6 2],117,-1,369,-1,368
1,<environment.Job instance at 0x7f7017efb0f0>,117,13,[ 5 11],118,-1,381,-1,368
1,<environment.Job instance at 0x7f7016835c30>,118,12,[12  2],119,-1,380,-1,368
1,<environment.Job instance at 0x7f701697b8c0>,120,17,[ 4 14],121,-1,385,-1,368
1,<environment.Job instance at 0x7f7016839730>,122,19,[ 4 10],123,-1,417,-1,398
1,<environment.Job instance at 0x7f7017a68550>,127,25,[1 7],128,-1,423,-1,398
1,<environment.Job instance at 0x7f7017a688c0>,129,25,[6 4],130,-1,433,-1,408
1,<environment.Job instance at 0x7f7017386b40>,130,25,[14  3],131,-1,433,-1,408
1,<environment.Job instance at 0x7f70173860f0>,131,27,[8 1],132,-1,435,-1,408
1,<environment.Job instance at 0x7f70170d3be0>,133,20,[ 3 12],134,-1,428,-1,408
1,<environment.Job instance at 0x7f70170d3c80>,134,2,[1 8],135,-1,410,-1,408
1,<environment.Job instance at 0x7f70170d3910>,135,23,[5 2],136,-1,431,-1,408
1,<environment.Job instance at 0x7f70170d3b40>,136,23,[1 6],137,-1,431,-1,408
1,<environment.Job instance at 0x7f70170d3780>,137,23,[10  4],138,-1,431,-1,408
1,<environment.Job instance at 0x7f7016da7e10>,139,21,[ 2 10],140,-1,434,-1,413
1,<environment.Job instance at 0x7f7016da72d0>,140,28,[8 5],141,-1,441,-1,413
1,<environment.Job instance at 0x7f7017ae29b0>,142,16,[ 3 10],143,-1,447,-1,431
1,<environment.Job instance at 0x7f7016fb8870>,143,2,[10  3],144,-1,433,-1,431
1,<environment.Job instance at 0x7f7016fb8730>,145,14,[10  1],146,-1,445,-1,431
1,<environment.Job instance at 0x7f7016da70f0>,146,26,[ 5 10],147,-1,457,-1,431
1,<environment.Job instance at 0x7f7016c997d0>,148,16,[12  4],149,-1,451,-1,435
1,<environment.Job instance at 0x7f7016b545f0>,3,19,[ 1 11],4,-1,23,-1,4
1,<environment.Job instance at 0x7f7016b54b40>,4,26,[5 3],5,-1,31,-1,5
1,<environment.Job instance at 0x7f7016b54410>,5,27,[6 1],6,-1,33,-1,6
1,<environment.Job instance at 0x7f7016b917d0>,12,17,[13  2],13,-1,30,-1,13
1,<environment.Job instance at 0x7f7016b91050>,13,20,[ 1 13],14,-1,34,-1,14
1,<environment.Job instance at 0x7f7016b91c80>,14,18,[11  2],15,-1,33,-1,15
1,<environment.Job instance at 0x7f7016b910a0>,15,26,[12  4],16,-1,42,-1,16
1,<environment.Job instance at 0x7f7016b91d20>,16,14,[11  2],17,-1,31,-1,17
1,<environment.Job instance at 0x7f7016b912d0>,19,13,[ 1 13],20,-1,37,-1,24
1,<environment.Job instance at 0x7f7016b632d0>,32,16,[11  2],33,-1,126,-1,110
1,<environment.Job instance at 0x7f7016b63910>,34,17,[13  2],35,-1,129,-1,112
1,<environment.Job instance at 0x7f7016b63140>,36,1,[10  5],37,-1,125,-1,124
1,<environment.Job instance at 0x7f7016b71be0>,39,28,[4 8],40,-1,178,-1,150
1,<environment.Job instance at 0x7f7016b71fa0>,42,14,[ 5 11],43,-1,175,-1,161
1,<environment.Job instance at 0x7f7016b714b0>,43,13,[12  1],44,-1,174,-1,161
1,<environment.Job instance at 0x7f7016b71b40>,47,28,[ 1 10],48,-1,204,-1,176
1,<environment.Job instance at 0x7f7016b713c0>,49,15,[ 3 12],50,-1,202,-1,187
1,<environment.Job instance at 0x7f7016b712d0>,51,26,[9 3],52,-1,221,-1,195
1,<environment.Job instance at 0x7f7016b71410>,52,24,[1 7],53,-1,252,-1,228
1,<environment.Job instance at 0x7f7016b8b1e0>,54,15,[14  1],55,-1,243,-1,228
1,<environment.Job instance at 0x7f7016b8b730>,55,25,[5 6],56,-1,253,-1,228
1,<environment.Job instance at 0x7f7016b8b5a0>,56,28,[1 5],57,-1,258,-1,230
1,<environment.Job instance at 0x7f7016b8b230>,57,17,[14  1],58,-1,247,-1,230
1,<environment.Job instance at 0x7f7016b8b960>,59,14,[11  3],60,-1,244,-1,230
1,<environment.Job instance at 0x7f7016b8b280>,60,22,[11  4],61,-1,252,-1,230
1,<environment.Job instance at 0x7f7016b8b4b0>,61,14,[ 4 14],62,-1,244,-1,230
1,<environment.Job instance at 0x7f7016b8b460>,62,17,[ 1 11],63,-1,247,-1,230
1,<environment.Job instance at 0x7f7016b8b870>,64,23,[9 5],65,-1,266,-1,243
1,<environment.Job instance at 0x7f7016b8ba00>,65,23,[ 5 14],66,-1,266,-1,243
1,<environment.Job instance at 0x7f7016b8bdc0>,68,12,[13  4],69,-1,255,-1,243
1,<environment.Job instance at 0x7f7016b83b90>,73,13,[ 1 13],74,-1,275,-1,262
1,<environment.Job instance at 0x7f7016b83230>,76,13,[12  1],77,-1,288,-1,275
1,<environment.Job instance at 0x7f7016b83d20>,78,26,[ 5 10],79,-1,321,-1,295
1,<environment.Job instance at 0x7f7016b834b0>,79,27,[2 7],80,-1,322,-1,295
1,<environment.Job instance at 0x7f7016b3fb90>,82,1,[ 1 10],83,-1,309,-1,308
1,<environment.Job instance at 0x7f7016b3f640>,83,13,[12  2],84,-1,321,-1,308
1,<environment.Job instance at 0x7f7016b3faa0>,85,26,[11  4],86,-1,349,-1,323
1,<environment.Job instance at 0x7f7016b3f910>,92,18,[ 1 13],93,-1,387,-1,369
1,<environment.Job instance at 0x7f7016b3fb40>,93,12,[12  2],94,-1,381,-1,369
1,<environment.Job instance at 0x7f70167cb4b0>,99,14,[ 5 12],100,-1,422,-1,408
1,<environment.Job instance at 0x7f70167cbe60>,102,28,[ 1 12],103,-1,465,-1,437
1,<environment.Job instance at 0x7f7017898af0>,112,24,[5 2],113,-1,521,-1,497
1,<environment.Job instance at 0x7f70178980a0>,114,1,[ 4 12],115,-1,515,-1,514
1,<environment.Job instance at 0x7f7017898870>,118,17,[ 3 12],119,-1,548,-1,531
1,<environment.Job instance at 0x7f70178986e0>,120,27,[14  1],121,-1,574,-1,547
1,<environment.Job instance at 0x7f7017898960>,121,26,[5 6],122,-1,573,-1,547
1,<environment.Job instance at 0x7f70178985a0>,123,14,[ 1 13],124,-1,561,-1,547
1,<environment.Job instance at 0x7f7017898d20>,125,26,[11  1],126,-1,583,-1,557
1,<environment.Job instance at 0x7f7017898cd0>,126,24,[12  2],127,-1,581,-1,557
1,<environment.Job instance at 0x7f70178981e0>,130,3,[ 5 14],131,-1,578,-1,575
1,<environment.Job instance at 0x7f70178985f0>,131,18,[ 3 12],132,-1,593,-1,575
1,<environment.Job instance at 0x7f70167f79b0>,135,23,[5 9],136,-1,639,-1,616
1,<environment.Job instance at 0x7f70173c7500>,136,23,[9 5],137,-1,639,-1,616
1,<environment.Job instance at 0x7f70173c76e0>,138,26,[ 4 12],139,-1,654,-1,628
1,<environment.Job instance at 0x7f70173c7820>,139,1,[ 2 14],140,-1,629,-1,628
1,<environment.Job instance at 0x7f70173c75f0>,140,25,[12  5],141,-1,653,-1,628
1,<environment.Job instance at 0x7f7017e60190>,143,17,[13  3],144,-1,654,-1,637
1,<environment.Job instance at 0x7f7017efb9b0>,144,20,[ 4 11],145,-1,657,-1,637
1,<environment.Job instance at 0x7f7020466c30>,148,18,[11  3],149,-1,691,-1,673
1,<environment.Job instance at 0x7f7016b8ba50>,1,14,[ 4 13],2,-1,16,-1,2
1,<environment.Job instance at 0x7f7017335320>,4,25,[5 3],5,-1,30,-1,5
1,<environment.Job instance at 0x7f7017335230>,6,16,[ 3 11],7,-1,23,-1,7
1,<environment.Job instance at 0x7f7017335690>,7,28,[4 9],8,-1,36,-1,8
1,<environment.Job instance at 0x7f7017335c30>,8,25,[11  1],9,-1,34,-1,9
1,<environment.Job instance at 0x7f7016b54550>,11,12,[12  1],12,-1,24,-1,12
1,<environment.Job instance at 0x7f7017335410>,16,28,[11  1],17,-1,53,-1,25
1,<environment.Job instance at 0x7f7017335730>,17,18,[ 4 11],18,-1,43,-1,25
1,<environment.Job instance at 0x7f70173353c0>,20,18,[12  3],21,-1,58,-1,40
1,<environment.Job instance at 0x7f701716e0a0>,27,1,[1 7],28,-1,100,-1,99
1,<environment.Job instance at 0x7f701716e7d0>,31,24,[5 3],32,-1,156,-1,132
1,<environment.Job instance at 0x7f701716ebe0>,34,19,[12  3],35,-1,163,-1,144
1,<environment.Job instance at 0x7f701716e820>,35,25,[2 6],36,-1,169,-1,144
1,<environment.Job instance at 0x7f701716e370>,38,28,[4 6],39,-1,183,-1,155
1,<environment.Job instance at 0x7f701716e730>,40,18,[11  5],41,-1,177,-1,159
1,<environment.Job instance at 0x7f701716e2d0>,41,23,[ 1 10],42,-1,182,-1,159
1,<environment.Job instance at 0x7f701716ed70>,42,17,[ 3 14],43,-1,176,-1,159
1,<environment.Job instance at 0x7f701745fa00>,44,28,[4 7],45,-1,201,-1,173
1,<environment.Job instance at 0x7f701745f780>,45,13,[ 3 10],46,-1,192,-1,179
1,<environment.Job instance at 0x7f701745f0f0>,46,24,[11  4],47,-1,203,-1,179
1,<environment.Job instance at 0x7f701745fa50>,50,24,[9 4],51,-1,214,-1,190
1,<environment.Job instance at 0x7f701745f7d0>,53,16,[ 1 12],54,-1,221,-1,205
1,<environment.Job instance at 0x7f7017ec1280>,55,12,[ 2 12],56,-1,224,-1,212
1,<environment.Job instance at 0x7f7017ec17d0>,60,17,[ 3 14],61,-1,256,-1,239
1,<environment.Job instance at 0x7f7016bfc4b0>,61,16,[12  1],62,-1,255,-1,239
1,<environment.Job instance at 0x7f7016bfcf50>,63,17,[13  3],64,-1,271,-1,254
1,<environment.Job instance at 0x7f7017a5d3c0>,68,12,[ 3 11],69,-1,294,-1,282
1,<environment.Job instance at 0x7f7017a5dc30>,69,27,[13  4],70,-1,309,-1,282
1,<environment.Job instance at 0x7f7017a5d780>,70,15,[ 3 14],71,-1,297,-1,282
1,<environment.Job instance at 0x7f7017a5daa0>,73,14,[13  2],74,-1,311,-1,297
1,<environment.Job instance at 0x7f7017a5de10>,75,27,[3 8],76,-1,333,-1,306
1,<environment.Job instance at 0x7f7017a5d410>,77,3,[5 1],78,-1,314,-1,311
1,<environment.Job instance at 0x7f7017a5d5f0>,78,15,[ 4 12],79,-1,326,-1,311
1,<environment.Job instance at 0x7f702065a280>,81,3,[7 3],82,-1,328,-1,325
1,<environment.Job instance at 0x7f702065a460>,82,19,[14  4],83,-1,344,-1,325
1,<environment.Job instance at 0x7f702065a0f0>,84,26,[ 2 10],85,-1,364,-1,338
1,<environment.Job instance at 0x7f702065a140>,85,1,[6 2],86,-1,339,-1,338
1,<environment.Job instance at 0x7f702065a0a0>,87,17,[14  4],88,-1,360,-1,343
1,<environment.Job instance at 0x7f702065a370>,88,3,[14  4],89,-1,346,-1,343
1,<environment.Job instance at 0x7f702065a6e0>,90,14,[12  5],91,-1,365,-1,351
1,<environment.Job instance at 0x7f702065a410>,91,2,[2 7],92,-1,353,-1,351
1,<environment.Job instance at 0x7f7017c4dd20>,94,2,[2 5],95,-1,370,-1,368
1,<environment.Job instance at 0x7f7017c4de10>,95,22,[14  4],96,-1,390,-1,368
1,<environment.Job instance at 0x7f7017c4db90>,96,16,[14  2],97,-1,384,-1,368
1,<environment.Job instance at 0x7f7017c4da50>,99,2,[ 2 11],100,-1,370,-1,368
1,<environment.Job instance at 0x7f7017c4d820>,101,3,[7 5],102,-1,372,-1,369
1,<environment.Job instance at 0x7f7017c4dc30>,103,23,[14  5],104,-1,406,-1,383
1,<environment.Job instance at 0x7f7017c4d6e0>,108,14,[12  4],109,-1,423,-1,409
1,<environment.Job instance at 0x7f70177c9a50>,109,3,[1 6],110,-1,412,-1,409
1,<environment.Job instance at 0x7f70177c9690>,110,25,[ 4 10],111,-1,434,-1,409
1,<environment.Job instance at 0x7f70177c9be0>,111,22,[9 1],112,-1,453,-1,431
1,<environment.Job instance at 0x7f70177c9550>,113,1,[6 5],114,-1,432,-1,431
1,<environment.Job instance at 0x7f70177c9aa0>,114,14,[ 2 11],115,-1,445,-1,431
1,<environment.Job instance at 0x7f70177c9460>,115,18,[ 2 11],116,-1,449,-1,431
1,<environment.Job instance at 0x7f70177c93c0>,116,18,[12  3],117,-1,449,-1,431
1,<environment.Job instance at 0x7f70177c90f0>,117,19,[ 2 12],118,-1,450,-1,431
1,<environment.Job instance at 0x7f70177c9af0>,120,17,[ 5 14],121,-1,460,-1,443
1,<environment.Job instance at 0x7f70177c9c30>,121,25,[ 1 11],122,-1,468,-1,443
1,<environment.Job instance at 0x7f70177c9370>,122,1,[3 7],123,-1,444,-1,443
1,<environment.Job instance at 0x7f70177c9a00>,125,23,[8 4],126,-1,480,-1,457
1,<environment.Job instance at 0x7f70177c9910>,126,12,[12  1],127,-1,469,-1,457
1,<environment.Job instance at 0x7f70177c90a0>,127,17,[ 4 11],128,-1,474,-1,457
1,<environment.Job instance at 0x7f7016f51c80>,130,25,[5 1],131,-1,500,-1,475
1,<environment.Job instance at 0x7f7017b8ac30>,131,2,[14  3],132,-1,477,-1,475
1,<environment.Job instance at 0x7f7017b8aeb0>,132,27,[10  5],133,-1,502,-1,475
1,<environment.Job instance at 0x7f7017b8a1e0>,133,15,[ 3 10],134,-1,498,-1,483
1,<environment.Job instance at 0x7f7016f59d20>,137,18,[ 1 13],138,-1,512,-1,494
1,<environment.Job instance at 0x7f7016b1d730>,138,26,[ 1 12],139,-1,520,-1,494
1,<environment.Job instance at 0x7f7017b8a140>,139,19,[12  1],140,-1,513,-1,494
1,<environment.Job instance at 0x7f70179f35a0>,140,22,[ 2 12],141,-1,516,-1,494
1,<environment.Job instance at 0x7f70177b61e0>,142,20,[12  3],143,-1,529,-1,509
1,<environment.Job instance at 0x7f70178547d0>,143,17,[14  4],144,-1,526,-1,509
1,<environment.Job instance at 0x7f70177c7460>,144,17,[12  2],145,-1,526,-1,509
1,<environment.Job instance at 0x7f7017a48690>,145,17,[ 2 13],146,-1,526,-1,509
1,<environment.Job instance at 0x7f70174d7870>,147,26,[ 3 14],148,-1,535,-1,509
1,<environment.Job instance at 0x7f7017dd4f50>,4,23,[7 1],5,-1,28,-1,5
1,<environment.Job instance at 0x7f70178e5d20>,5,12,[ 4 13],6,-1,18,-1,6
1,<environment.Job instance at 0x7f7017de6aa0>,8,27,[ 3 12],9,-1,36,-1,9
1,<environment.Job instance at 0x7f70166ec780>,16,15,[13  1],17,-1,50,-1,35
1,<environment.Job instance at 0x7f70166ec550>,20,17,[12  4],21,-1,69,-1,52
1,<environment.Job instance at 0x7f70166ecaf0>,22,2,[12  3],23,-1,70,-1,68
1,<environment.Job instance at 0x7f70166ece60>,26,19,[14  5],27,-1,103,-1,84
1,<environment.Job instance at 0x7f70166ecf00>,28,24,[ 5 12],29,-1,118,-1,94
1,<environment.Job instance at 0x7f70166ec0f0>,29,25,[9 4],30,-1,120,-1,95
1,<environment.Job instance at 0x7f70166f9870>,34,15,[14  5],35,-1,140,-1,125
1,<environment.Job instance at 0x7f7016b1e370>,39,20,[ 4 14],40,-1,161,-1,141
1,<environment.Job instance at 0x7f7017af4500>,40,17,[14  1],41,-1,158,-1,141
1,<environment.Job instance at 0x7f701723f410>,41,16,[13  2],42,-1,157,-1,141
1,<environment.Job instance at 0x7f701661a1e0>,43,2,[6 2],44,-1,151,-1,149
1,<environment.Job instance at 0x7f701661a3c0>,45,2,[ 1 12],46,-1,157,-1,155
1,<environment.Job instance at 0x7f7020827dc0>,47,20,[ 1 13],48,-1,187,-1,167
1,<environment.Job instance at 0x7f7017919460>,49,23,[ 3 11],50,-1,190,-1,167
1,<environment.Job instance at 0x7f7017b95280>,53,17,[12  2],54,-1,205,-1,188
1,<environment.Job instance at 0x7f7017df2050>,55,17,[ 1 13],56,-1,215,-1,198
1,<environment.Job instance at 0x7f7017df22d0>,56,3,[10  5],57,-1,201,-1,198
1,<environment.Job instance at 0x7f7017df20f0>,60,13,[ 4 14],61,-1,236,-1,223
1,<environment.Job instance at 0x7f7017df2b90>,62,20,[ 2 11],63,-1,250,-1,230
1,<environment.Job instance at 0x7f7017ce1640>,64,16,[ 1 13],65,-1,255,-1,239
1,<environment.Job instance at 0x7f702047b8c0>,67,2,[2 7],68,-1,260,-1,258
1,<environment.Job instance at 0x7f7017dc9460>,69,12,[ 3 13],70,-1,271,-1,259
1,<environment.Job instance at 0x7f7017dc9870>,72,28,[13  1],73,-1,304,-1,276
1,<environment.Job instance at 0x7f7016ed9fa0>,73,18,[ 2 14],74,-1,294,-1,276
1,<environment.Job instance at 0x7f7016a547d0>,90,2,[10  3],91,-1,403,-1,401
1,<environment.Job instance at 0x7f7016a54f00>,92,27,[6 3],93,-1,442,-1,415
1,<environment.Job instance at 0x7f7017d5fb40>,93,27,[ 3 11],94,-1,442,-1,415
1,<environment.Job instance at 0x7f7017d5fe10>,96,17,[12  2],97,-1,434,-1,417
1,<environment.Job instance at 0x7f7017695af0>,99,16,[11  5],100,-1,472,-1,456
1,<environment.Job instance at 0x7f70176958c0>,101,17,[4 9],102,-1,505,-1,488
1,<environment.Job instance at 0x7f70176955a0>,106,17,[ 5 12],107,-1,505,-1,488
1,<environment.Job instance at 0x7f7017695690>,107,26,[9 4],108,-1,514,-1,488
1,<environment.Job instance at 0x7f7016a70af0>,108,18,[3 5],109,-1,506,-1,488
1,<environment.Job instance at 0x7f7016d07910>,109,1,[7 2],110,-1,489,-1,488
1,<environment.Job instance at 0x7f7016a70a00>,110,13,[5 4],111,-1,501,-1,488
1,<environment.Job instance at 0x7f7016d07050>,111,12,[ 2 14],112,-1,500,-1,488
1,<environment.Job instance at 0x7f70176811e0>,112,15,[8 2],113,-1,503,-1,488
1,<environment.Job instance at 0x7f7017681f50>,113,13,[10  2],114,-1,501,-1,488
1,<environment.Job instance at 0x7f7017681a50>,114,12,[13  4],115,-1,500,-1,488
1,<environment.Job instance at 0x7f7017681780>,115,3,[9 3],116,-1,491,-1,488
1,<environment.Job instance at 0x7f7017681cd0>,116,14,[ 3 12],117,-1,502,-1,488
1,<environment.Job instance at 0x7f70176815f0>,117,16,[13  2],118,-1,504,-1,488
1,<environment.Job instance at 0x7f7017681820>,118,12,[7 2],119,-1,500,-1,488
1,<environment.Job instance at 0x7f70176815a0>,119,13,[1 5],120,-1,501,-1,488
1,<environment.Job instance at 0x7f70176813c0>,120,28,[ 5 12],121,-1,516,-1,488
1,<environment.Job instance at 0x7f7017681320>,121,2,[ 1 10],122,-1,490,-1,488
1,<environment.Job instance at 0x7f7017681190>,122,1,[7 4],123,-1,489,-1,488
1,<environment.Job instance at 0x7f701767de10>,123,19,[2 5],124,-1,507,-1,488
1,<environment.Job instance at 0x7f701767da00>,124,18,[6 1],125,-1,506,-1,488
1,<environment.Job instance at 0x7f701767db90>,125,3,[7 4],126,-1,491,-1,488
1,<environment.Job instance at 0x7f701767d050>,127,25,[12  1],128,-1,522,-1,497
1,<environment.Job instance at 0x7f701767da50>,129,18,[2 9],130,-1,519,-1,501
1,<environment.Job instance at 0x7f701767d410>,130,3,[9 5],131,-1,504,-1,501
1,<environment.Job instance at 0x7f701767d320>,131,15,[10  1],132,-1,516,-1,501
1,<environment.Job instance at 0x7f701767daf0>,132,28,[9 5],133,-1,529,-1,501
1,<environment.Job instance at 0x7f70176a9f00>,133,15,[2 5],134,-1,519,-1,504
1,<environment.Job instance at 0x7f70176a90a0>,134,12,[11  1],135,-1,516,-1,504
1,<environment.Job instance at 0x7f70176a9a00>,135,1,[12  5],136,-1,505,-1,504
1,<environment.Job instance at 0x7f70176a98c0>,136,2,[1 8],137,-1,506,-1,504
1,<environment.Job instance at 0x7f70176a9fa0>,138,28,[6 2],139,-1,539,-1,511
1,<environment.Job instance at 0x7f70176a9230>,143,21,[5 8],144,-1,602,-1,581
1,<environment.Job instance at 0x7f7017d43230>,3,24,[5 8],4,-1,28,-1,4
1,<environment.Job instance at 0x7f701745e550>,5,24,[ 4 11],6,-1,30,-1,6
1,<environment.Job instance at 0x7f7017460d20>,7,28,[8 4],8,-1,36,-1,8
1,<environment.Job instance at 0x7f70174609b0>,13,16,[ 5 12],14,-1,40,-1,24
1,<environment.Job instance at 0x7f7017460870>,14,17,[13  5],15,-1,41,-1,24
1,<environment.Job instance at 0x7f7017460910>,15,22,[ 3 12],16,-1,46,-1,24
1,<environment.Job instance at 0x7f70174603c0>,16,13,[14  4],17,-1,37,-1,24
1,<environment.Job instance at 0x7f7017460960>,17,24,[ 2 14],18,-1,48,-1,24
1,<environment.Job instance at 0x7f7016bf6eb0>,22,20,[13  3],23,-1,80,-1,60
1,<environment.Job instance at 0x7f7016bf6be0>,26,3,[10  5],27,-1,78,-1,75
1,<environment.Job instance at 0x7f7016bf6b40>,27,12,[12  5],28,-1,87,-1,75
1,<environment.Job instance at 0x7f7016bf6870>,29,24,[3 6],30,-1,120,-1,96
1,<environment.Job instance at 0x7f7016bf61e0>,36,22,[ 4 11],37,-1,158,-1,136
1,<environment.Job instance at 0x7f7016bf60f0>,38,14,[13  5],39,-1,150,-1,136
1,<environment.Job instance at 0x7f7016c314b0>,39,23,[4 6],40,-1,172,-1,149
1,<environment.Job instance at 0x7f7016c31050>,42,18,[ 4 13],43,-1,167,-1,149
1,<environment.Job instance at 0x7f7016c31e10>,43,2,[1 6],44,-1,151,-1,149
1,<environment.Job instance at 0x7f7016c31e60>,44,12,[ 2 12],45,-1,161,-1,149
1,<environment.Job instance at 0x7f7016c31500>,46,18,[ 1 13],47,-1,188,-1,170
1,<environment.Job instance at 0x7f7016c31690>,49,3,[13  1],50,-1,195,-1,192
1,<environment.Job instance at 0x7f7016c31230>,52,17,[14  2],53,-1,213,-1,196
1,<environment.Job instance at 0x7f7016c316e0>,56,14,[11  5],57,-1,239,-1,225
1,<environment.Job instance at 0x7f7016c315f0>,59,15,[12  3],60,-1,257,-1,242
1,<environment.Job instance at 0x7f701743f4b0>,60,13,[ 1 14],61,-1,255,-1,242
1,<environment.Job instance at 0x7f701743fbe0>,61,15,[ 3 14],62,-1,257,-1,242
1,<environment.Job instance at 0x7f701743fb90>,62,2,[10  3],63,-1,244,-1,242
1,<environment.Job instance at 0x7f701743fd70>,64,27,[6 3],65,-1,278,-1,251
1,<environment.Job instance at 0x7f701743f460>,65,1,[6 5],66,-1,252,-1,251
1,<environment.Job instance at 0x7f701743feb0>,68,27,[10  1],69,-1,292,-1,265
1,<environment.Job instance at 0x7f701742e500>,74,23,[10  2],75,-1,355,-1,332
1,<environment.Job instance at 0x7f701742e410>,76,14,[ 2 11],77,-1,346,-1,332
1,<environment.Job instance at 0x7f701742ef00>,79,13,[ 3 14],80,-1,359,-1,346
1,<environment.Job instance at 0x7f701742eb40>,80,13,[11  1],81,-1,359,-1,346
1,<environment.Job instance at 0x7f701742e640>,81,28,[5 6],82,-1,374,-1,346
1,<environment.Job instance at 0x7f701742e190>,84,2,[4 5],85,-1,362,-1,360
1,<environment.Job instance at 0x7f701742ee60>,85,2,[ 1 10],86,-1,362,-1,360
1,<environment.Job instance at 0x7f7017441aa0>,88,27,[13  4],89,-1,404,-1,377
1,<environment.Job instance at 0x7f7017441dc0>,89,14,[ 2 11],90,-1,391,-1,377
1,<environment.Job instance at 0x7f70174416e0>,93,17,[ 2 11],94,-1,415,-1,398
1,<environment.Job instance at 0x7f7017441780>,94,12,[13  5],95,-1,410,-1,398
1,<environment.Job instance at 0x7f7017441190>,95,1,[12  1],96,-1,399,-1,398
1,<environment.Job instance at 0x7f70174418c0>,97,3,[ 3 12],98,-1,412,-1,409
1,<environment.Job instance at 0x7f7017441eb0>,98,1,[3 8],99,-1,410,-1,409
1,<environment.Job instance at 0x7f7017441460>,99,2,[4 7],100,-1,411,-1,409
1,<environment.Job instance at 0x7f7017441140>,102,17,[13  5],103,-1,443,-1,426
1,<environment.Job instance at 0x7f7017436730>,113,21,[ 5 13],114,-1,557,-1,536
1,<environment.Job instance at 0x7f7017440050>,114,12,[ 1 12],115,-1,548,-1,536
1,<environment.Job instance at 0x7f7017440190>,115,22,[12  4],116,-1,558,-1,536
1,<environment.Job instance at 0x7f7017440410>,116,27,[ 1 13],117,-1,563,-1,536
1,<environment.Job instance at 0x7f7017440460>,117,18,[ 2 12],118,-1,554,-1,536
1,<environment.Job instance at 0x7f7017440960>,118,3,[5 1],119,-1,540,-1,537
1,<environment.Job instance at 0x7f7017440140>,119,25,[ 4 14],120,-1,562,-1,537
1,<environment.Job instance at 0x7f70174408c0>,120,19,[ 3 14],121,-1,556,-1,537
1,<environment.Job instance at 0x7f7017440b90>,122,17,[ 2 11],123,-1,562,-1,545
1,<environment.Job instance at 0x7f7017440780>,127,1,[2 5],128,-1,580,-1,579
1,<environment.Job instance at 0x7f70165c6410>,137,28,[ 1 14],138,-1,688,-1,660
1,<environment.Job instance at 0x7f7016d02c30>,139,24,[ 4 14],140,-1,684,-1,660
1,<environment.Job instance at 0x7f70165c65f0>,140,12,[ 4 14],141,-1,672,-1,660
1,<environment.Job instance at 0x7f70165c64b0>,141,23,[11  2],142,-1,683,-1,660
1,<environment.Job instance at 0x7f7016a58730>,143,14,[12  1],144,-1,692,-1,678
1,<environment.Job instance at 0x7f7017ee6190>,144,27,[ 5 10],145,-1,705,-1,678
1,<environment.Job instance at 0x7f7016a8d5f0>,145,28,[13  4],146,-1,706,-1,678
1,<environment.Job instance at 0x7f7017ee6370>,148,25,[11  1],149,-1,703,-1,678
1,<environment.Job instance at 0x7f70165cf230>,1,26,[2 6],2,-1,28,-1,2
1,<environment.Job instance at 0x7f7017460a50>,6,25,[ 4 13],7,-1,32,-1,7
1,<environment.Job instance at 0x7f7016cb2c30>,7,28,[1 6],8,-1,37,-1,9
1,<environment.Job instance at 0x7f7016cb2c80>,9,22,[ 3 13],10,-1,32,-1,10
1,<environment.Job instance at 0x7f7016cb2d20>,10,15,[13  3],11,-1,26,-1,11
1,<environment.Job instance at 0x7f7016cb2dc0>,11,16,[ 1 13],12,-1,28,-1,12
1,<environment.Job instance at 0x7f7016cb2e60>,12,13,[12  5],13,-1,26,-1,13
1,<environment.Job instance at 0x7f7016ccf0a0>,15,26,[12  4],16,-1,42,-1,16
1,<environment.Job instance at 0x7f7016ccf280>,16,19,[ 5 12],17,-1,36,-1,17
1,<environment.Job instance at 0x7f7016cb2fa0>,19,27,[10  2],20,-1,55,-1,28
1,<environment.Job instance at 0x7f7016ccf550>,20,26,[ 3 13],21,-1,54,-1,28
1,<environment.Job instance at 0x7f7016ccf5f0>,21,28,[9 5],22,-1,56,-1,28
1,<environment.Job instance at 0x7f7016ccf690>,22,24,[8 5],23,-1,52,-1,28
1,<environment.Job instance at 0x7f7016ccf7d0>,24,1,[10  1],25,-1,29,-1,28
1,<environment.Job instance at 0x7f7016ccfc80>,32,1,[12  1],33,-1,86,-1,85
1,<environment.Job instance at 0x7f7016ccfdc0>,34,28,[14  1],35,-1,130,-1,102
1,<environment.Job instance at 0x7f7016ccfe10>,35,23,[5 5],36,-1,125,-1,102
1,<environment.Job instance at 0x7f7016ccfc30>,36,28,[ 5 12],37,-1,130,-1,102
1,<environment.Job instance at 0x7f7016ccff50>,37,2,[3 5],38,-1,104,-1,102
1,<environment.Job instance at 0x7f7016ccffa0>,38,24,[ 2 11],39,-1,126,-1,102
1,<environment.Job instance at 0x7f7016d76140>,40,13,[13  4],41,-1,115,-1,102
1,<environment.Job instance at 0x7f7016d76280>,41,15,[ 4 12],42,-1,117,-1,102
1,<environment.Job instance at 0x7f7016d764b0>,43,20,[12  2],44,-1,122,-1,102
1,<environment.Job instance at 0x7f7016d76690>,45,28,[13  4],46,-1,138,-1,110
1,<environment.Job instance at 0x7f7016d767d0>,46,16,[13  2],47,-1,126,-1,110
1,<environment.Job instance at 0x7f7016d76780>,47,16,[ 5 12],48,-1,126,-1,110
1,<environment.Job instance at 0x7f7016d76910>,50,24,[ 5 13],51,-1,153,-1,129
1,<environment.Job instance at 0x7f7016d769b0>,51,13,[ 4 14],52,-1,142,-1,129
1,<environment.Job instance at 0x7f7016d76a50>,52,2,[5 4],53,-1,131,-1,129
1,<environment.Job instance at 0x7f7016d76c80>,54,18,[ 5 13],55,-1,150,-1,132
1,<environment.Job instance at 0x7f7016d76cd0>,55,26,[1 5],56,-1,158,-1,132
1,<environment.Job instance at 0x7f7016d76d70>,56,14,[ 4 11],57,-1,146,-1,132
1,<environment.Job instance at 0x7f7016d76eb0>,58,25,[9 4],59,-1,157,-1,132
1,<environment.Job instance at 0x7f7016d76f50>,59,22,[ 4 10],60,-1,154,-1,132
1,<environment.Job instance at 0x7f7016d6f1e0>,61,13,[11  4],62,-1,163,-1,150
1,<environment.Job instance at 0x7f7016d6f320>,63,24,[13  5],64,-1,174,-1,150
1,<environment.Job instance at 0x7f7016d6f280>,64,27,[2 8],65,-1,177,-1,150
1,<environment.Job instance at 0x7f7016d6f460>,65,26,[4 6],66,-1,176,-1,150
1,<environment.Job instance at 0x7f7016d6f230>,66,15,[ 4 14],67,-1,165,-1,150
1,<environment.Job instance at 0x7f7016d6f5a0>,67,26,[ 1 13],68,-1,176,-1,150
1,<environment.Job instance at 0x7f7016d6f6e0>,69,27,[10  2],70,-1,198,-1,171
1,<environment.Job instance at 0x7f7016d6f870>,71,27,[8 1],72,-1,198,-1,171
1,<environment.Job instance at 0x7f7016d6f0a0>,72,27,[7 2],73,-1,198,-1,171
1,<environment.Job instance at 0x7f7016d6f960>,74,23,[10  3],75,-1,204,-1,181
1,<environment.Job instance at 0x7f7016d6fb90>,75,2,[2 5],76,-1,183,-1,181
1,<environment.Job instance at 0x7f7016d6fc30>,76,2,[3 9],77,-1,183,-1,181
1,<environment.Job instance at 0x7f7016d6fe10>,79,27,[4 6],80,-1,243,-1,216
1,<environment.Job instance at 0x7f7016d6feb0>,80,1,[6 2],81,-1,217,-1,216
1,<environment.Job instance at 0x7f7016d6ff50>,83,24,[9 1],84,-1,246,-1,222
1,<environment.Job instance at 0x7f7016811eb0>,88,2,[1 7],89,-1,255,-1,253
1,<environment.Job instance at 0x7f7016c97370>,90,2,[10  3],91,-1,256,-1,254
1,<environment.Job instance at 0x7f701796bd20>,92,28,[6 5],93,-1,298,-1,270
1,<environment.Job instance at 0x7f7016b09b90>,95,25,[5 3],96,-1,297,-1,272
1,<environment.Job instance at 0x7f7016d6c960>,99,1,[5 2],100,-1,302,-1,301
1,<environment.Job instance at 0x7f7016d6c690>,100,13,[11  2],101,-1,314,-1,301
1,<environment.Job instance at 0x7f7016d6caa0>,102,1,[9 2],103,-1,304,-1,303
1,<environment.Job instance at 0x7f7016d6cc80>,104,1,[8 5],105,-1,304,-1,303
1,<environment.Job instance at 0x7f7016d6ce60>,105,23,[5 2],106,-1,327,-1,304
1,<environment.Job instance at 0x7f7016e2ea00>,106,17,[ 5 14],107,-1,321,-1,304
1,<environment.Job instance at 0x7f7016e2e780>,107,28,[10  4],108,-1,332,-1,304
1,<environment.Job instance at 0x7f7016e2e320>,108,2,[5 7],109,-1,306,-1,304
1,<environment.Job instance at 0x7f701704b640>,110,15,[11  1],111,-1,340,-1,325
1,<environment.Job instance at 0x7f701768e1e0>,111,19,[ 1 12],112,-1,344,-1,325
1,<environment.Job instance at 0x7f7017b0ca50>,113,13,[ 2 11],114,-1,355,-1,342
1,<environment.Job instance at 0x7f7017b04730>,114,20,[ 3 12],115,-1,362,-1,342
1,<environment.Job instance at 0x7f7016e0e870>,118,27,[ 5 10],119,-1,405,-1,378
1,<environment.Job instance at 0x7f70170155f0>,119,13,[ 4 10],120,-1,394,-1,381
1,<environment.Job instance at 0x7f7016e2a640>,120,18,[12  3],121,-1,399,-1,381
1,<environment.Job instance at 0x7f7017018f50>,123,12,[14  1],124,-1,400,-1,388
1,<environment.Job instance at 0x7f701702b8c0>,125,19,[13  5],126,-1,414,-1,395
1,<environment.Job instance at 0x7f7017e0b1e0>,126,24,[10  5],127,-1,419,-1,395
1,<environment.Job instance at 0x7f7017d08280>,127,22,[12  2],128,-1,417,-1,395
1,<environment.Job instance at 0x7f7017d24500>,129,15,[13  2],130,-1,419,-1,404
1,<environment.Job instance at 0x7f7017d24cd0>,130,26,[9 4],131,-1,430,-1,404
1,<environment.Job instance at 0x7f7017d24e10>,131,13,[ 1 10],132,-1,420,-1,407
1,<environment.Job instance at 0x7f7017d24b40>,132,26,[12  1],133,-1,433,-1,407
1,<environment.Job instance at 0x7f7017d24690>,138,14,[12  5],139,-1,465,-1,451
1,<environment.Job instance at 0x7f7016e20870>,140,16,[12  5],141,-1,467,-1,451
1,<environment.Job instance at 0x7f7016e20410>,142,2,[5 9],143,-1,454,-1,452
1,<environment.Job instance at 0x7f7017d0be60>,147,1,[10  2],148,-1,484,-1,483
1,<environment.Job instance at 0x7f7017d0bf50>,148,24,[5 9],149,-1,507,-1,483
1,<environment.Job instance at 0x7f7016e84e10>,4,24,[6 4],5,-1,29,-1,5
1,<environment.Job instance at 0x7f7016e84410>,6,25,[8 5],7,-1,32,-1,7
1,<environment.Job instance at 0x7f7016e84320>,8,13,[ 2 14],9,-1,22,-1,9
1,<environment.Job instance at 0x7f7016ccfaa0>,10,22,[11  5],11,-1,33,-1,11
1,<environment.Job instance at 0x7f7016e842d0>,11,26,[11  5],12,-1,38,-1,12
1,<environment.Job instance at 0x7f7016e840f0>,9,13,[13  3],10,-1,25,-1,12
1,<environment.Job instance at 0x7f7016e84690>,12,28,[5 8],13,-1,41,-1,13
1,<environment.Job instance at 0x7f7016e84fa0>,13,27,[1 7],14,-1,41,-1,14
1,<environment.Job instance at 0x7f7016e84280>,15,14,[ 1 13],16,-1,30,-1,16
1,<environment.Job instance at 0x7f701728ad70>,22,13,[11  2],23,-1,62,-1,49
1,<environment.Job instance at 0x7f701728a730>,30,14,[14  5],31,-1,124,-1,110
1,<environment.Job instance at 0x7f701728ab90>,34,12,[ 3 14],35,-1,135,-1,123
1,<environment.Job instance at 0x7f701728ae60>,37,23,[ 5 12],38,-1,165,-1,142
1,<environment.Job instance at 0x7f701728a2d0>,40,28,[10  5],41,-1,177,-1,149
1,<environment.Job instance at 0x7f7017b9f370>,42,28,[ 3 14],43,-1,182,-1,154
1,<environment.Job instance at 0x7f7017b9f2d0>,45,2,[14  4],46,-1,180,-1,178
1,<environment.Job instance at 0x7f7017b9f1e0>,46,2,[10  2],47,-1,180,-1,178
1,<environment.Job instance at 0x7f7017b9f640>,48,28,[14  5],49,-1,229,-1,201
1,<environment.Job instance at 0x7f7017b9feb0>,49,23,[10  5],50,-1,224,-1,201
1,<environment.Job instance at 0x7f7017b9f3c0>,51,24,[2 9],52,-1,234,-1,210
1,<environment.Job instance at 0x7f7017b9f780>,52,17,[14  1],53,-1,227,-1,210
1,<environment.Job instance at 0x7f7017b9fd20>,53,22,[11  3],54,-1,232,-1,210
1,<environment.Job instance at 0x7f7017b9f4b0>,55,28,[ 2 14],56,-1,244,-1,216
1,<environment.Job instance at 0x7f7016cca5a0>,56,23,[13  5],57,-1,239,-1,216
1,<environment.Job instance at 0x7f7016ccae10>,57,12,[ 4 13],58,-1,228,-1,216
1,<environment.Job instance at 0x7f7016cca640>,58,20,[ 1 13],59,-1,236,-1,216
1,<environment.Job instance at 0x7f7016ccad20>,59,2,[11  2],60,-1,220,-1,218
1,<environment.Job instance at 0x7f7016cca960>,61,22,[ 1 14],62,-1,260,-1,238
1,<environment.Job instance at 0x7f7016cca0a0>,62,1,[9 3],63,-1,239,-1,238
1,<environment.Job instance at 0x7f7016cca3c0>,63,19,[ 3 14],64,-1,257,-1,238
1,<environment.Job instance at 0x7f7016cca7d0>,64,18,[ 4 14],65,-1,256,-1,238
1,<environment.Job instance at 0x7f7016cca550>,65,1,[12  2],66,-1,239,-1,238
1,<environment.Job instance at 0x7f7016cca370>,68,26,[6 4],69,-1,264,-1,238
1,<environment.Job instance at 0x7f7016cca050>,71,24,[10  1],72,-1,286,-1,262
1,<environment.Job instance at 0x7f7016ccacd0>,72,17,[ 3 10],73,-1,307,-1,290
1,<environment.Job instance at 0x7f7016ebd230>,76,14,[ 1 12],77,-1,304,-1,290
1,<environment.Job instance at 0x7f7016ebdc30>,78,17,[11  1],79,-1,311,-1,294
1,<environment.Job instance at 0x7f7016ebdf00>,80,16,[ 4 13],81,-1,315,-1,299
1,<environment.Job instance at 0x7f7016ebd640>,81,26,[8 4],82,-1,325,-1,299
1,<environment.Job instance at 0x7f7016ebd870>,83,18,[12  4],84,-1,322,-1,304
1,<environment.Job instance at 0x7f7016ebd320>,84,27,[9 3],85,-1,331,-1,304
1,<environment.Job instance at 0x7f7016ebd730>,85,3,[5 6],86,-1,307,-1,304
1,<environment.Job instance at 0x7f7016ebdeb0>,87,26,[5 6],88,-1,347,-1,321
1,<environment.Job instance at 0x7f7016ebd050>,88,26,[3 9],89,-1,347,-1,321
1,<environment.Job instance at 0x7f7016ebdfa0>,93,18,[11  3],94,-1,366,-1,348
1,<environment.Job instance at 0x7f7016ebd2d0>,94,15,[14  5],95,-1,363,-1,348
1,<environment.Job instance at 0x7f7016d34910>,95,14,[11  5],96,-1,362,-1,348
1,<environment.Job instance at 0x7f7016d34dc0>,96,14,[12  3],97,-1,362,-1,348
1,<environment.Job instance at 0x7f7016d34eb0>,97,18,[14  3],98,-1,366,-1,348
1,<environment.Job instance at 0x7f7016d347d0>,99,23,[9 5],100,-1,388,-1,365
1,<environment.Job instance at 0x7f7016d34730>,109,27,[2 9],110,-1,462,-1,435
1,<environment.Job instance at 0x7f7016e9dd20>,135,27,[10  4],136,-1,774,-1,747
1,<environment.Job instance at 0x7f7016e9de60>,137,24,[9 5],138,-1,771,-1,747
1,<environment.Job instance at 0x7f7016e9d7d0>,140,13,[11  1],141,-1,779,-1,766
1,<environment.Job instance at 0x7f7017ef0230>,144,16,[ 1 13],145,-1,806,-1,790
1,<environment.Job instance at 0x7f70169a30a0>,11,26,[7 4],12,-1,45,-1,19
1,<environment.Job instance at 0x7f70169a3dc0>,12,18,[14  4],13,-1,37,-1,19
1,<environment.Job instance at 0x7f70169a3a50>,13,12,[ 5 14],14,-1,31,-1,19
1,<environment.Job instance at 0x7f70169a3280>,14,27,[ 2 11],15,-1,46,-1,19
1,<environment.Job instance at 0x7f70169a34b0>,10,19,[7 3],11,-1,72,-1,53
1,<environment.Job instance at 0x7f70168d0eb0>,15,18,[3 8],16,-1,72,-1,54
1,<environment.Job instance at 0x7f701725c140>,21,14,[12  2],22,-1,68,-1,54
1,<environment.Job instance at 0x7f701725c500>,22,16,[ 2 10],23,-1,70,-1,54
1,<environment.Job instance at 0x7f7017436460>,23,27,[9 3],24,-1,81,-1,54
1,<environment.Job instance at 0x7f701729efa0>,28,21,[ 4 12],29,-1,102,-1,81
1,<environment.Job instance at 0x7f7016f09370>,32,15,[13  4],33,-1,123,-1,108
1,<environment.Job instance at 0x7f7016a006e0>,33,21,[ 5 10],34,-1,130,-1,109
1,<environment.Job instance at 0x7f7016f09d20>,34,3,[11  5],35,-1,112,-1,109
1,<environment.Job instance at 0x7f701678f7d0>,20,18,[3 9],21,-1,153,-1,135
1,<environment.Job instance at 0x7f70170b5370>,38,3,[7 2],39,-1,138,-1,135
1,<environment.Job instance at 0x7f70170b5500>,40,1,[5 8],41,-1,136,-1,135
1,<environment.Job instance at 0x7f70170b55a0>,43,12,[ 5 10],44,-1,159,-1,147
1,<environment.Job instance at 0x7f70170b55f0>,44,18,[13  5],45,-1,165,-1,147
1,<environment.Job instance at 0x7f70170b5230>,45,1,[7 5],46,-1,148,-1,147
1,<environment.Job instance at 0x7f70165db730>,47,27,[4 6],48,-1,187,-1,160
1,<environment.Job instance at 0x7f701754ebe0>,54,18,[ 1 14],55,-1,215,-1,197
1,<environment.Job instance at 0x7f7016b1dcd0>,55,12,[13  3],56,-1,209,-1,197
1,<environment.Job instance at 0x7f7016b1d7d0>,56,27,[10  1],57,-1,224,-1,197
1,<environment.Job instance at 0x7f7016b1d190>,58,19,[ 2 11],59,-1,221,-1,202
1,<environment.Job instance at 0x7f7016b1d820>,61,28,[8 2],62,-1,246,-1,218
1,<environment.Job instance at 0x7f7016b1d410>,64,18,[14  3],65,-1,258,-1,240
1,<environment.Job instance at 0x7f70204664b0>,65,15,[13  2],66,-1,255,-1,240
1,<environment.Job instance at 0x7f7020466fa0>,67,2,[ 3 13],68,-1,260,-1,258
1,<environment.Job instance at 0x7f7020466af0>,68,26,[7 2],69,-1,284,-1,258
1,<environment.Job instance at 0x7f70179086e0>,70,22,[ 3 10],71,-1,280,-1,258
1,<environment.Job instance at 0x7f70179088c0>,71,21,[ 4 11],72,-1,279,-1,258
1,<environment.Job instance at 0x7f7017908500>,72,16,[ 1 12],73,-1,274,-1,258
1,<environment.Job instance at 0x7f70179080a0>,74,14,[14  4],75,-1,274,-1,260
1,<environment.Job instance at 0x7f7017908eb0>,75,26,[5 7],76,-1,286,-1,260
1,<environment.Job instance at 0x7f7016907a00>,76,26,[11  1],77,-1,286,-1,260
1,<environment.Job instance at 0x7f7016907b40>,77,24,[12  1],78,-1,284,-1,260
1,<environment.Job instance at 0x7f7016907eb0>,78,28,[6 4],79,-1,288,-1,260
1,<environment.Job instance at 0x7f7016907320>,79,18,[ 1 11],80,-1,278,-1,260
1,<environment.Job instance at 0x7f7016907b90>,82,28,[ 1 12],83,-1,317,-1,289
1,<environment.Job instance at 0x7f70208d65a0>,84,23,[1 5],85,-1,312,-1,289
1,<environment.Job instance at 0x7f70171a5b90>,88,2,[6 4],89,-1,305,-1,303
1,<environment.Job instance at 0x7f7016b3c7d0>,90,24,[13  2],91,-1,343,-1,319
1,<environment.Job instance at 0x7f701723ed70>,91,16,[14  5],92,-1,335,-1,319
1,<environment.Job instance at 0x7f7017cc78c0>,92,23,[ 1 13],93,-1,342,-1,319
1,<environment.Job instance at 0x7f70177950f0>,95,1,[ 5 11],96,-1,324,-1,323
1,<environment.Job instance at 0x7f7016f400f0>,98,15,[ 4 11],99,-1,351,-1,336
1,<environment.Job instance at 0x7f7017729c80>,100,22,[13  1],101,-1,363,-1,341
1,<environment.Job instance at 0x7f7017b227d0>,101,3,[14  3],102,-1,344,-1,341
1,<environment.Job instance at 0x7f7017d06820>,102,24,[1 7],103,-1,366,-1,342
1,<environment.Job instance at 0x7f7017d06cd0>,103,17,[ 3 14],104,-1,359,-1,342
1,<environment.Job instance at 0x7f701702ae10>,104,3,[10  3],105,-1,345,-1,342
1,<environment.Job instance at 0x7f701702a1e0>,106,2,[3 7],107,-1,365,-1,363
1,<environment.Job instance at 0x7f7017d1ec80>,107,13,[ 2 13],108,-1,376,-1,363
1,<environment.Job instance at 0x7f70172a00f0>,108,12,[ 3 11],109,-1,375,-1,363
1,<environment.Job instance at 0x7f7017a1f910>,109,20,[12  4],110,-1,383,-1,363
1,<environment.Job instance at 0x7f7017e0fc80>,110,26,[4 9],111,-1,389,-1,363
1,<environment.Job instance at 0x7f701675ab90>,111,12,[13  3],112,-1,375,-1,363
1,<environment.Job instance at 0x7f701675abe0>,112,1,[1 7],113,-1,364,-1,363
1,<environment.Job instance at 0x7f7016b8de10>,113,3,[3 7],114,-1,366,-1,363
1,<environment.Job instance at 0x7f701716ed20>,116,23,[10  1],117,-1,415,-1,392
1,<environment.Job instance at 0x7f701762dfa0>,118,26,[13  2],119,-1,424,-1,398
1,<environment.Job instance at 0x7f701762deb0>,120,12,[12  3],121,-1,418,-1,406
1,<environment.Job instance at 0x7f701762df00>,121,15,[13  1],122,-1,421,-1,406
1,<environment.Job instance at 0x7f701762d140>,122,25,[9 3],123,-1,431,-1,406
1,<environment.Job instance at 0x7f70169cedc0>,125,23,[9 1],126,-1,441,-1,418
1,<environment.Job instance at 0x7f7016b0bd20>,128,1,[5 1],129,-1,427,-1,426
1,<environment.Job instance at 0x7f70167761e0>,132,14,[ 3 14],133,-1,452,-1,438
1,<environment.Job instance at 0x7f70169a23c0>,135,24,[6 3],136,-1,479,-1,455
1,<environment.Job instance at 0x7f70169a27d0>,136,2,[5 7],137,-1,457,-1,455
1,<environment.Job instance at 0x7f70169a20a0>,144,23,[4 8],145,-1,539,-1,516
1,<environment.Job instance at 0x7f7017655820>,145,13,[ 4 12],146,-1,529,-1,516
1,<environment.Job instance at 0x7f70176554b0>,146,26,[10  5],147,-1,542,-1,516
1,<environment.Job instance at 0x7f7017655320>,148,18,[14  3],149,-1,553,-1,535
1,<environment.Job instance at 0x7f7016b1d0a0>,63,15,[8 3],64,-1,1267,-1,1252
1,<environment.Job instance at 0x7f70168d0b90>,18,25,[14  3],19,-1,1278,-1,1253
1,<environment.Job instance at 0x7f7016d055f0>,1,26,[5 2],2,-1,28,-1,2
1,<environment.Job instance at 0x7f7016f93960>,7,25,[5 5],8,-1,34,-1,9
1,<environment.Job instance at 0x7f7016f93f00>,13,17,[14  2],14,-1,50,-1,33
1,<environment.Job instance at 0x7f7016f93dc0>,15,18,[14  1],16,-1,65,-1,47
1,<environment.Job instance at 0x7f7016f93fa0>,16,17,[ 5 13],17,-1,64,-1,47
1,<environment.Job instance at 0x7f7016f93c80>,17,26,[3 5],18,-1,73,-1,47
1,<environment.Job instance at 0x7f7016fd11e0>,19,17,[ 3 10],20,-1,70,-1,53
1,<environment.Job instance at 0x7f7016fd1280>,20,27,[ 4 13],21,-1,80,-1,53
1,<environment.Job instance at 0x7f7016fd1320>,21,26,[12  1],22,-1,79,-1,53
1,<environment.Job instance at 0x7f7016fd13c0>,22,2,[2 5],23,-1,55,-1,53
1,<environment.Job instance at 0x7f7016fd1500>,24,23,[ 2 13],25,-1,84,-1,61
1,<environment.Job instance at 0x7f7016fd1780>,28,20,[8 2],29,-1,151,-1,131
1,<environment.Job instance at 0x7f7016fd1c30>,35,26,[4 9],36,-1,157,-1,131
1,<environment.Job instance at 0x7f7016fd1e60>,38,17,[ 2 13],39,-1,161,-1,144
1,<environment.Job instance at 0x7f7016eed280>,44,25,[14  2],45,-1,210,-1,185
1,<environment.Job instance at 0x7f7016eed320>,45,14,[14  1],46,-1,199,-1,185
1,<environment.Job instance at 0x7f7016eed780>,51,25,[ 5 14],52,-1,274,-1,249
1,<environment.Job instance at 0x7f7016eed820>,52,18,[ 5 14],53,-1,267,-1,249
1,<environment.Job instance at 0x7f7016eed9b0>,54,12,[ 3 13],55,-1,261,-1,249
1,<environment.Job instance at 0x7f7016eeda50>,55,23,[6 5],56,-1,272,-1,249
1,<environment.Job instance at 0x7f7016eedaf0>,56,1,[6 4],57,-1,250,-1,249
1,<environment.Job instance at 0x7f7016eedc30>,58,2,[8 3],59,-1,254,-1,252
1,<environment.Job instance at 0x7f7016eed8c0>,59,16,[13  4],60,-1,268,-1,252
1,<environment.Job instance at 0x7f7016eedd70>,60,17,[ 3 13],61,-1,269,-1,252
1,<environment.Job instance at 0x7f7016eedf50>,61,16,[13  3],62,-1,268,-1,252
1,<environment.Job instance at 0x7f7016eedfa0>,62,3,[7 4],63,-1,255,-1,252
1,<environment.Job instance at 0x7f7016f08320>,68,13,[ 5 11],69,-1,300,-1,287
1,<environment.Job instance at 0x7f7016f083c0>,69,3,[2 8],70,-1,290,-1,287
1,<environment.Job instance at 0x7f7016f08460>,70,24,[ 1 10],71,-1,311,-1,287
1,<environment.Job instance at 0x7f7016f085a0>,72,26,[5 7],73,-1,315,-1,289
1,<environment.Job instance at 0x7f7016f08640>,73,28,[ 4 13],74,-1,317,-1,289
1,<environment.Job instance at 0x7f7016f08780>,75,2,[2 9],76,-1,293,-1,291
1,<environment.Job instance at 0x7f7016f08820>,76,28,[ 4 11],77,-1,319,-1,291
1,<environment.Job instance at 0x7f7016f08b40>,78,16,[14  4],79,-1,318,-1,302
1,<environment.Job instance at 0x7f7016f08a00>,79,23,[ 3 10],80,-1,325,-1,302
1,<environment.Job instance at 0x7f7016f08d70>,81,12,[12  5],82,-1,331,-1,319
1,<environment.Job instance at 0x7f7016f08aa0>,82,1,[ 1 10],83,-1,320,-1,319
1,<environment.Job instance at 0x7f7016f08fa0>,83,2,[1 5],84,-1,321,-1,319
1,<environment.Job instance at 0x7f7016f08be0>,85,14,[ 1 11],86,-1,333,-1,319
1,<environment.Job instance at 0x7f7016eea2d0>,88,12,[ 2 12],89,-1,343,-1,331
1,<environment.Job instance at 0x7f7016eea500>,91,18,[12  1],92,-1,365,-1,347
1,<environment.Job instance at 0x7f7016eea730>,94,23,[7 1],95,-1,386,-1,363
1,<environment.Job instance at 0x7f7016eea960>,98,24,[8 4],99,-1,399,-1,375
1,<environment.Job instance at 0x7f7016eeaaa0>,100,27,[7 2],101,-1,414,-1,387
1,<environment.Job instance at 0x7f7016eeab40>,101,22,[5 6],102,-1,412,-1,390
1,<environment.Job instance at 0x7f7016eeaf00>,107,15,[14  4],108,-1,436,-1,421
1,<environment.Job instance at 0x7f7016eea3c0>,109,24,[10  5],110,-1,462,-1,438
1,<environment.Job instance at 0x7f7016ed3140>,110,2,[5 9],111,-1,440,-1,438
1,<environment.Job instance at 0x7f7016ed3370>,111,13,[ 4 14],112,-1,451,-1,438
1,<environment.Job instance at 0x7f7016ed33c0>,112,26,[8 3],113,-1,464,-1,438
1,<environment.Job instance at 0x7f7016ed3410>,113,26,[ 5 14],114,-1,464,-1,438
1,<environment.Job instance at 0x7f7016ed34b0>,114,23,[ 3 10],115,-1,461,-1,438
1,<environment.Job instance at 0x7f7016ed3780>,118,18,[ 1 12],119,-1,469,-1,451
1,<environment.Job instance at 0x7f7016ed38c0>,120,27,[14  4],121,-1,488,-1,461
1,<environment.Job instance at 0x7f7016ed3050>,122,25,[2 5],123,-1,492,-1,467
1,<environment.Job instance at 0x7f7016ed3d20>,126,28,[13  4],127,-1,519,-1,491
1,<environment.Job instance at 0x7f7016ed3fa0>,128,14,[12  1],129,-1,505,-1,491
1,<environment.Job instance at 0x7f7016ed3f50>,129,28,[13  3],130,-1,519,-1,491
1,<environment.Job instance at 0x7f7016ed3b90>,130,18,[12  2],131,-1,509,-1,491
1,<environment.Job instance at 0x7f701695f5f0>,131,15,[12  3],132,-1,506,-1,491
1,<environment.Job instance at 0x7f70208607d0>,132,3,[ 3 14],133,-1,494,-1,491
1,<environment.Job instance at 0x7f7016f9f500>,134,25,[3 6],135,-1,523,-1,498
1,<environment.Job instance at 0x7f7016f9f4b0>,135,24,[ 3 12],136,-1,522,-1,498
1,<environment.Job instance at 0x7f7016f9faa0>,136,3,[7 3],137,-1,505,-1,502
1,<environment.Job instance at 0x7f7016f9f1e0>,140,26,[5 1],141,-1,550,-1,524
1,<environment.Job instance at 0x7f7016f9f190>,141,12,[14  1],142,-1,536,-1,524
1,<environment.Job instance at 0x7fea8ac52b40>,3,18,[ 4 14],4,-1,22,-1,4
1,<environment.Job instance at 0x7fea9423e1e0>,5,24,[1 5],6,-1,33,-1,9
1,<environment.Job instance at 0x7fea8ac52e10>,9,18,[ 2 13],10,-1,28,-1,10
1,<environment.Job instance at 0x7fea8ac52fa0>,10,18,[ 3 11],11,-1,29,-1,11
1,<environment.Job instance at 0x7fea8ac55140>,11,15,[13  4],12,-1,27,-1,12
1,<environment.Job instance at 0x7fea8ac551e0>,12,26,[ 1 12],13,-1,39,-1,13
1,<environment.Job instance at 0x7fea8ac553c0>,17,28,[ 5 10],18,-1,59,-1,31
1,<environment.Job instance at 0x7fea8ac55640>,18,18,[ 4 13],19,-1,49,-1,31
1,<environment.Job instance at 0x7fea8ac556e0>,19,14,[ 3 11],20,-1,45,-1,31
1,<environment.Job instance at 0x7fea8ac55780>,20,12,[13  5],21,-1,43,-1,31
1,<environment.Job instance at 0x7fea8ac55820>,21,1,[6 5],22,-1,32,-1,31
1,<environment.Job instance at 0x7fea8ac558c0>,22,1,[2 7],23,-1,32,-1,31
1,<environment.Job instance at 0x7fea8ac55960>,23,27,[ 1 14],24,-1,58,-1,31
1,<environment.Job instance at 0x7fea8ac55a00>,24,18,[ 4 10],25,-1,62,-1,44
1,<environment.Job instance at 0x7fea8ac55aa0>,25,27,[8 1],26,-1,71,-1,44
1,<environment.Job instance at 0x7fea8ac55b40>,26,26,[5 5],27,-1,70,-1,44
1,<environment.Job instance at 0x7fea8ac55410>,28,25,[5 7],29,-1,70,-1,45
1,<environment.Job instance at 0x7fea8ac55cd0>,29,25,[ 4 11],30,-1,70,-1,45
1,<environment.Job instance at 0x7fea8ac55c30>,30,22,[ 5 13],31,-1,67,-1,45
1,<environment.Job instance at 0x7fea8ac55fa0>,31,27,[4 8],32,-1,72,-1,45
1,<environment.Job instance at 0x7fea8ac55f50>,33,12,[11  3],34,-1,63,-1,51
1,<environment.Job instance at 0x7fea8ac58320>,37,13,[ 3 14],38,-1,91,-1,78
1,<environment.Job instance at 0x7fea8ac583c0>,38,28,[ 2 12],39,-1,106,-1,78
1,<environment.Job instance at 0x7fea8ac58460>,39,20,[ 1 10],40,-1,98,-1,78
1,<environment.Job instance at 0x7fea8ac58500>,40,24,[5 6],41,-1,102,-1,78
1,<environment.Job instance at 0x7fea8ac58640>,42,27,[5 2],43,-1,108,-1,81
1,<environment.Job instance at 0x7fea8ac58190>,45,24,[ 1 13],46,-1,123,-1,99
1,<environment.Job instance at 0x7fea8ac58910>,47,17,[12  2],48,-1,128,-1,111
1,<environment.Job instance at 0x7fea8ac58a00>,49,15,[10  1],50,-1,134,-1,119
1,<environment.Job instance at 0x7fea8ac58aa0>,50,16,[ 2 11],51,-1,135,-1,119
1,<environment.Job instance at 0x7fea8ac58c80>,51,16,[12  2],52,-1,135,-1,119
1,<environment.Job instance at 0x7fea8ac58d70>,53,27,[8 5],54,-1,158,-1,131
1,<environment.Job instance at 0x7fea8ac58e10>,55,13,[13  1],56,-1,149,-1,136
1,<environment.Job instance at 0x7fea8ac58eb0>,56,20,[ 3 10],57,-1,156,-1,136
1,<environment.Job instance at 0x7fea8ac5b5f0>,65,2,[10  4],66,-1,207,-1,205
1,<environment.Job instance at 0x7fea8ac5b690>,66,13,[ 2 14],67,-1,218,-1,205
1,<environment.Job instance at 0x7fea8ac5b7d0>,68,27,[ 1 10],69,-1,234,-1,207
1,<environment.Job instance at 0x7fea8ac5b870>,69,2,[ 3 10],70,-1,209,-1,207
1,<environment.Job instance at 0x7fea8ac5b910>,70,13,[ 3 12],71,-1,220,-1,207
1,<environment.Job instance at 0x7fea8ac5ba50>,72,28,[5 1],73,-1,254,-1,226
1,<environment.Job instance at 0x7fea8ac5baf0>,73,2,[5 9],74,-1,228,-1,226
1,<environment.Job instance at 0x7fea8ac5bcd0>,76,14,[ 4 11],77,-1,253,-1,239
1,<environment.Job instance at 0x7fea8ac5bfa0>,79,12,[10  2],80,-1,264,-1,252
1,<environment.Job instance at 0x7fea8ac5e370>,84,20,[13  1],85,-1,308,-1,288
1,<environment.Job instance at 0x7fea8ac5e410>,85,18,[ 3 14],86,-1,306,-1,288
1,<environment.Job instance at 0x7fea8ac5e5f0>,88,2,[ 3 10],89,-1,308,-1,306
1,<environment.Job instance at 0x7fea8ac5e690>,89,21,[ 1 11],90,-1,327,-1,306
1,<environment.Job instance at 0x7fea8ac5e7d0>,91,14,[ 2 13],92,-1,320,-1,306
1,<environment.Job instance at 0x7fea8ac5e910>,93,22,[10  2],94,-1,333,-1,311
1,<environment.Job instance at 0x7fea8ac5eaf0>,96,25,[8 5],97,-1,347,-1,322
1,<environment.Job instance at 0x7fea8ac5ee60>,98,22,[ 3 11],99,-1,349,-1,327
1,<environment.Job instance at 0x7fea8ac5ef00>,99,12,[ 5 14],100,-1,339,-1,327
1,<environment.Job instance at 0x7fea8ac5eeb0>,102,27,[5 6],103,-1,380,-1,353
1,<environment.Job instance at 0x7fea8ac60190>,103,24,[12  3],104,-1,377,-1,353
1,<environment.Job instance at 0x7fea8ac60230>,104,22,[12  5],105,-1,375,-1,353
1,<environment.Job instance at 0x7fea8ac602d0>,105,18,[12  4],106,-1,371,-1,353
1,<environment.Job instance at 0x7fea8ac60370>,106,17,[ 5 13],107,-1,370,-1,353
1,<environment.Job instance at 0x7fea8ac60410>,107,23,[14  4],108,-1,376,-1,353
1,<environment.Job instance at 0x7fea8ac60550>,109,21,[ 1 10],110,-1,375,-1,354
1,<environment.Job instance at 0x7fea8ac60140>,112,26,[ 5 12],113,-1,414,-1,388
1,<environment.Job instance at 0x7fea8ac60820>,113,2,[6 2],114,-1,390,-1,388
1,<environment.Job instance at 0x7fea8ac60870>,114,15,[12  1],115,-1,403,-1,388
1,<environment.Job instance at 0x7fea8ac60910>,115,14,[ 2 11],116,-1,402,-1,388
1,<environment.Job instance at 0x7fea8ac60a50>,117,14,[ 1 12],118,-1,402,-1,388
1,<environment.Job instance at 0x7fea8ac60c80>,119,14,[ 3 14],120,-1,416,-1,402
1,<environment.Job instance at 0x7fea8ac60e10>,122,27,[2 6],123,-1,443,-1,416
1,<environment.Job instance at 0x7fea9427d320>,123,24,[ 2 14],124,-1,440,-1,416
1,<environment.Job instance at 0x7fea8aca8370>,124,22,[8 1],125,-1,438,-1,416
1,<environment.Job instance at 0x7fea8ac48730>,126,12,[13  4],127,-1,443,-1,431
1,<environment.Job instance at 0x7fea8ac48640>,127,1,[ 4 11],128,-1,432,-1,431
1,<environment.Job instance at 0x7fea8ac48d20>,128,23,[ 2 14],129,-1,454,-1,431
1,<environment.Job instance at 0x7fea8ac489b0>,129,2,[1 8],130,-1,433,-1,431
1,<environment.Job instance at 0x7fea8ac8ee60>,134,28,[5 6],135,-1,489,-1,461
1,<environment.Job instance at 0x7fea8ad77640>,136,19,[11  3],137,-1,493,-1,474
1,<environment.Job instance at 0x7fea8adfab40>,137,20,[14  5],138,-1,494,-1,474
1,<environment.Job instance at 0x7fea8add7aa0>,139,3,[ 1 12],140,-1,477,-1,474
1,<environment.Job instance at 0x7fea8acd9960>,140,16,[ 2 14],141,-1,490,-1,474
1,<environment.Job instance at 0x7fea8ad71dc0>,142,22,[4 8],143,-1,534,-1,512
1,<environment.Job instance at 0x7fea8ad70730>,146,17,[14  2],147,-1,529,-1,512
1,<environment.Job instance at 0x7fea8acdbcd0>,147,12,[4 8],148,-1,531,-1,519
1,<environment.Job instance at 0x7fea8ad0e5f0>,148,16,[11  2],149,-1,535,-1,519
1,<environment.Job instance at 0x7fea8ad0e9b0>,149,23,[ 1 14],150,-1,542,-1,519
1,<environment.Job instance at 0x7fea8acfa550>,152,14,[13  4],153,-1,540,-1,526
1,<environment.Job instance at 0x7fea8acf3550>,153,14,[5 2],154,-1,540,-1,526
1,<environment.Job instance at 0x7fea8ad6d5a0>,154,22,[12  4],155,-1,548,-1,526
1,<environment.Job instance at 0x7fea8acf3f00>,155,23,[1 7],156,-1,549,-1,526
1,<environment.Job instance at 0x7fea8addbf50>,156,17,[7 1],157,-1,543,-1,526
1,<environment.Job instance at 0x7fea8ad70410>,157,16,[ 2 14],158,-1,542,-1,526
1,<environment.Job instance at 0x7fea8a62d500>,4,14,[13  3],5,-1,19,-1,5
1,<environment.Job instance at 0x7fea8a62daa0>,6,3,[ 2 12],7,-1,10,-1,7
1,<environment.Job instance at 0x7fea8a62af00>,5,3,[10  1],6,-1,10,-1,7
1,<environment.Job instance at 0x7fea8a62a0a0>,8,15,[11  2],9,-1,24,-1,9
1,<environment.Job instance at 0x7fea8a62ac30>,9,14,[11  3],10,-1,24,-1,10
1,<environment.Job instance at 0x7fea8a62a4b0>,10,2,[9 5],11,-1,14,-1,12
1,<environment.Job instance at 0x7fea8a625aa0>,16,24,[11  5],17,-1,52,-1,28
1,<environment.Job instance at 0x7fea8a625b90>,17,21,[ 3 10],18,-1,49,-1,28
1,<environment.Job instance at 0x7fea8a625d70>,18,25,[14  4],19,-1,53,-1,28
1,<environment.Job instance at 0x7fea8a625f50>,20,26,[10  5],21,-1,68,-1,42
1,<environment.Job instance at 0x7fea8a625c80>,23,2,[13  3],24,-1,57,-1,55
1,<environment.Job instance at 0x7fea8a6290f0>,24,21,[ 4 12],25,-1,76,-1,55
1,<environment.Job instance at 0x7fea8a5e71e0>,27,27,[2 9],28,-1,94,-1,67
1,<environment.Job instance at 0x7fea8a6b2230>,31,17,[12  2],32,-1,111,-1,94
1,<environment.Job instance at 0x7fea8a6b2190>,32,28,[2 8],33,-1,122,-1,94
1,<environment.Job instance at 0x7fea8a6b27d0>,34,3,[10  2],35,-1,97,-1,94
1,<environment.Job instance at 0x7fea8a6b2730>,35,3,[5 5],36,-1,97,-1,94
1,<environment.Job instance at 0x7fea8a6b2780>,36,3,[ 5 10],37,-1,97,-1,94
1,<environment.Job instance at 0x7fea8a6b2be0>,42,24,[7 5],43,-1,157,-1,133
1,<environment.Job instance at 0x7fea8a6b2c80>,44,28,[2 7],45,-1,171,-1,143
1,<environment.Job instance at 0x7fea8a6b2690>,45,28,[9 2],46,-1,171,-1,143
1,<environment.Job instance at 0x7fea8a6bc410>,50,20,[ 3 13],51,-1,200,-1,180
1,<environment.Job instance at 0x7fea8a6bca00>,51,12,[ 2 14],52,-1,192,-1,180
1,<environment.Job instance at 0x7fea8a6bc9b0>,52,13,[12  2],53,-1,193,-1,180
1,<environment.Job instance at 0x7fea8a6bca50>,53,2,[5 9],54,-1,182,-1,180
1,<environment.Job instance at 0x7fea8a6bc2d0>,55,16,[11  1],56,-1,196,-1,180
1,<environment.Job instance at 0x7fea8a6c1050>,58,17,[11  3],59,-1,217,-1,200
1,<environment.Job instance at 0x7fea8a6c1190>,60,25,[6 2],61,-1,229,-1,204
1,<environment.Job instance at 0x7fea8a6c10a0>,61,18,[12  4],62,-1,222,-1,204
1,<environment.Job instance at 0x7fea8a6c1320>,63,26,[11  5],64,-1,239,-1,213
1,<environment.Job instance at 0x7fea8a4cb820>,67,15,[13  5],68,-1,258,-1,243
1,<environment.Job instance at 0x7fea8a468640>,70,27,[14  3],71,-1,283,-1,256
1,<environment.Job instance at 0x7fea8a468190>,72,26,[ 4 10],73,-1,286,-1,260
1,<environment.Job instance at 0x7fea8a468870>,73,26,[8 3],74,-1,286,-1,260
1,<environment.Job instance at 0x7fea8a468960>,74,16,[12  1],75,-1,276,-1,260
1,<environment.Job instance at 0x7fea8a468e10>,75,19,[ 2 13],76,-1,279,-1,260
1,<environment.Job instance at 0x7fea8a468730>,76,22,[11  1],77,-1,282,-1,260
1,<environment.Job instance at 0x7fea8a468aa0>,77,22,[ 1 13],78,-1,282,-1,260
1,<environment.Job instance at 0x7fea9423e140>,81,3,[10  5],82,-1,286,-1,283
1,<environment.Job instance at 0x7fea94290370>,83,24,[14  3],84,-1,327,-1,303
1,<environment.Job instance at 0x7fea8a38c5a0>,85,21,[12  3],86,-1,338,-1,317
1,<environment.Job instance at 0x7fea8a34d320>,87,28,[4 5],88,-1,347,-1,319
1,<environment.Job instance at 0x7fea8a230190>,89,22,[14  1],90,-1,357,-1,335
1,<environment.Job instance at 0x7fea8a40f910>,90,3,[11  3],91,-1,338,-1,335
1,<environment.Job instance at 0x7fea8a23ee10>,91,27,[ 4 13],92,-1,362,-1,335
1,<environment.Job instance at 0x7fea8a411780>,92,26,[8 4],93,-1,361,-1,335
1,<environment.Job instance at 0x7fea8a2a0460>,95,16,[14  1],96,-1,361,-1,345
1,<environment.Job instance at 0x7fea8a28a0f0>,96,3,[9 1],97,-1,348,-1,345
1,<environment.Job instance at 0x7fea8a260e60>,99,1,[5 4],100,-1,354,-1,353
1,<environment.Job instance at 0x7fea8a390320>,100,25,[ 3 10],101,-1,378,-1,353
1,<environment.Job instance at 0x7fea8a203960>,101,1,[ 2 10],102,-1,354,-1,353
1,<environment.Job instance at 0x7fea8a203550>,102,27,[3 9],103,-1,380,-1,353
1,<environment.Job instance at 0x7fea8a203d70>,104,12,[13  2],105,-1,370,-1,358
1,<environment.Job instance at 0x7fea8a203b90>,109,26,[9 4],110,-1,418,-1,392
1,<environment.Job instance at 0x7fea8a29ae60>,111,17,[12  5],112,-1,409,-1,392
1,<environment.Job instance at 0x7fea8a203a50>,112,12,[13  5],113,-1,404,-1,392
1,<environment.Job instance at 0x7fea8a201f50>,117,15,[ 2 14],118,-1,445,-1,430
1,<environment.Job instance at 0x7fea8a201b40>,120,14,[14  5],121,-1,470,-1,456
1,<environment.Job instance at 0x7fea8a2017d0>,121,13,[ 5 13],122,-1,469,-1,456
1,<environment.Job instance at 0x7fea8a2f1be0>,124,18,[11  3],125,-1,485,-1,467
1,<environment.Job instance at 0x7fea8a1e4a00>,127,15,[ 1 13],128,-1,502,-1,487
1,<environment.Job instance at 0x7fea8a388870>,128,27,[13  4],129,-1,514,-1,487
1,<environment.Job instance at 0x7fea8a1e4c80>,129,26,[3 5],130,-1,514,-1,488
1,<environment.Job instance at 0x7fea8a1ea280>,132,25,[3 9],133,-1,529,-1,504
1,<environment.Job instance at 0x7fea8ab795a0>,133,13,[14  3],134,-1,517,-1,504
1,<environment.Job instance at 0x7fea8a2006e0>,137,1,[2 7],138,-1,519,-1,518
1,<environment.Job instance at 0x7fea8a200960>,140,25,[4 5],141,-1,561,-1,536
1,<environment.Job instance at 0x7fea8a2000f0>,141,25,[6 3],142,-1,561,-1,536
1,<environment.Job instance at 0x7fea8a200c30>,142,2,[11  1],143,-1,538,-1,536
1,<environment.Job instance at 0x7fea8a200b90>,144,13,[12  4],145,-1,566,-1,553
1,<environment.Job instance at 0x7fea942ccc30>,145,2,[5 5],146,-1,555,-1,553
1,<environment.Job instance at 0x7fea8a200910>,146,13,[ 1 13],147,-1,566,-1,553
1,<environment.Job instance at 0x7fea8a200550>,147,26,[ 1 13],148,-1,579,-1,553
1,<environment.Job instance at 0x7fea8a663640>,3,18,[12  1],4,-1,22,-1,4
1,<environment.Job instance at 0x7fea8a4c99b0>,8,3,[5 9],9,-1,22,-1,19
1,<environment.Job instance at 0x7fea8a4c95a0>,11,25,[7 1],12,-1,45,-1,20
1,<environment.Job instance at 0x7fea8a4c9eb0>,12,24,[12  5],13,-1,44,-1,20
1,<environment.Job instance at 0x7fea8a4c9460>,13,23,[10  2],14,-1,43,-1,20
1,<environment.Job instance at 0x7fea8a4c9320>,14,15,[ 1 11],15,-1,35,-1,20
1,<environment.Job instance at 0x7fea8a4c9960>,15,16,[ 5 12],16,-1,36,-1,20
1,<environment.Job instance at 0x7fea8a4c9a00>,16,27,[ 4 14],17,-1,47,-1,20
1,<environment.Job instance at 0x7fea8a4c98c0>,17,23,[2 9],18,-1,56,-1,33
1,<environment.Job instance at 0x7fea8a371230>,24,1,[13  4],25,-1,49,-1,48
1,<environment.Job instance at 0x7fea8a371820>,25,16,[ 2 12],26,-1,64,-1,48
1,<environment.Job instance at 0x7fea8a3716e0>,26,12,[ 4 14],27,-1,60,-1,48
1,<environment.Job instance at 0x7fea8a384be0>,44,21,[3 8],45,-1,199,-1,178
1,<environment.Job instance at 0x7fea8a384af0>,45,25,[ 5 10],46,-1,203,-1,178
1,<environment.Job instance at 0x7fea8a384d20>,48,20,[14  4],49,-1,213,-1,193
1,<environment.Job instance at 0x7fea8a384f50>,50,27,[ 4 10],51,-1,220,-1,193
1,<environment.Job instance at 0x7fea8a3841e0>,51,25,[12  4],52,-1,218,-1,193
1,<environment.Job instance at 0x7fea8a3803c0>,52,2,[5 7],53,-1,195,-1,193
1,<environment.Job instance at 0x7fea8a380dc0>,53,27,[3 8],54,-1,220,-1,193
1,<environment.Job instance at 0x7fea8a3802d0>,54,13,[11  5],55,-1,206,-1,193
1,<environment.Job instance at 0x7fea8a380960>,55,24,[8 4],56,-1,217,-1,193
1,<environment.Job instance at 0x7fea8a3807d0>,57,2,[6 3],58,-1,203,-1,201
1,<environment.Job instance at 0x7fea8a380640>,58,3,[13  2],59,-1,204,-1,201
1,<environment.Job instance at 0x7fea8a380a00>,61,17,[12  4],62,-1,236,-1,219
1,<environment.Job instance at 0x7fea8a3806e0>,63,1,[7 4],64,-1,222,-1,221
1,<environment.Job instance at 0x7fea8a37b0a0>,65,14,[12  3],66,-1,249,-1,235
1,<environment.Job instance at 0x7fea8a37b730>,66,12,[ 5 14],67,-1,247,-1,235
1,<environment.Job instance at 0x7fea8a37b0f0>,68,3,[5 5],69,-1,252,-1,249
1,<environment.Job instance at 0x7fea8a37b5f0>,70,26,[9 4],71,-1,293,-1,267
1,<environment.Job instance at 0x7fea8a37b820>,74,22,[ 1 12],75,-1,305,-1,283
1,<environment.Job instance at 0x7fea8a37b3c0>,76,26,[ 3 12],77,-1,327,-1,301
1,<environment.Job instance at 0x7fea8a37b2d0>,77,12,[ 2 14],78,-1,313,-1,301
1,<environment.Job instance at 0x7fea8a377cd0>,79,13,[ 1 10],80,-1,314,-1,301
1,<environment.Job instance at 0x7fea8a377730>,81,17,[ 1 14],82,-1,333,-1,316
1,<environment.Job instance at 0x7fea8a3776e0>,84,2,[ 1 13],85,-1,333,-1,331
1,<environment.Job instance at 0x7fea8a3775a0>,85,1,[13  1],86,-1,332,-1,331
1,<environment.Job instance at 0x7fea8a377140>,87,24,[1 8],88,-1,360,-1,336
1,<environment.Job instance at 0x7fea8a377af0>,90,26,[ 1 11],91,-1,378,-1,352
1,<environment.Job instance at 0x7fea8a377fa0>,91,16,[14  5],92,-1,368,-1,352
1,<environment.Job instance at 0x7fea8a3740f0>,95,28,[10  3],96,-1,397,-1,369
1,<environment.Job instance at 0x7fea8a374640>,96,3,[3 5],97,-1,372,-1,369
1,<environment.Job instance at 0x7fea8a3745a0>,100,25,[14  4],101,-1,420,-1,395
1,<environment.Job instance at 0x7fea8a374370>,103,3,[7 4],104,-1,414,-1,411
1,<environment.Job instance at 0x7fea8a374410>,105,3,[10  2],106,-1,419,-1,416
1,<environment.Job instance at 0x7fea8a374a00>,106,24,[14  2],107,-1,440,-1,416
1,<environment.Job instance at 0x7fea8a374c30>,107,3,[ 5 11],108,-1,419,-1,416
1,<environment.Job instance at 0x7fea8a374730>,108,2,[ 2 12],109,-1,418,-1,416
1,<environment.Job instance at 0x7fea8a374960>,109,23,[ 4 11],110,-1,439,-1,416
1,<environment.Job instance at 0x7fea8a36d8c0>,111,23,[ 3 13],112,-1,454,-1,431
1,<environment.Job instance at 0x7fea8a36dc80>,112,3,[8 4],113,-1,434,-1,431
1,<environment.Job instance at 0x7fea8a36da00>,119,14,[ 1 14],120,-1,492,-1,478
1,<environment.Job instance at 0x7fea8a36daa0>,120,25,[5 8],121,-1,503,-1,478
1,<environment.Job instance at 0x7fea8a36daf0>,121,27,[7 4],122,-1,505,-1,478
1,<environment.Job instance at 0x7fea8a36db40>,122,3,[2 7],123,-1,481,-1,478
1,<environment.Job instance at 0x7fea8a36d0a0>,124,12,[10  3],125,-1,509,-1,497
1,<environment.Job instance at 0x7fea8a36a6e0>,125,1,[ 1 10],126,-1,498,-1,497
1,<environment.Job instance at 0x7fea8a36a500>,126,16,[12  4],127,-1,513,-1,497
1,<environment.Job instance at 0x7fea8a4e5a00>,129,3,[9 2],130,-1,501,-1,498
1,<environment.Job instance at 0x7fea8a32ebe0>,132,23,[11  2],133,-1,537,-1,514
1,<environment.Job instance at 0x7fea8a493b40>,133,12,[11  5],134,-1,526,-1,514
1,<environment.Job instance at 0x7fea8a493e60>,137,14,[ 5 11],138,-1,563,-1,549
1,<environment.Job instance at 0x7fea8a356460>,144,25,[3 8],145,-1,643,-1,618
1,<environment.Job instance at 0x7fea8a330870>,145,28,[2 8],146,-1,646,-1,618
1,<environment.Job instance at 0x7fea8a23ec30>,146,3,[ 5 14],147,-1,621,-1,618
1,<environment.Job instance at 0x7fea8aeaf550>,147,27,[9 3],148,-1,645,-1,618
1,<environment.Job instance at 0x7fea8a1f8a50>,148,15,[13  3],149,-1,633,-1,618
1,<environment.Job instance at 0x7fea8a9caa50>,150,12,[ 3 12],151,-1,638,-1,626
1,<environment.Job instance at 0x7fea8a557b90>,151,16,[ 3 11],152,-1,642,-1,626
1,<environment.Job instance at 0x7fea8a473eb0>,155,12,[ 2 12],156,-1,664,-1,652
1,<environment.Job instance at 0x7fea8ae6e050>,156,27,[ 1 13],157,-1,679,-1,652
1,<environment.Job instance at 0x7fea8a1b5870>,13,20,[14  5],14,-1,70,-1,50
1,<environment.Job instance at 0x7fea8a1b59b0>,15,18,[14  1],16,-1,79,-1,61
1,<environment.Job instance at 0x7fea8a1b5a50>,16,27,[5 5],17,-1,88,-1,61
1,<environment.Job instance at 0x7fea8a1b5cd0>,19,13,[14  1],20,-1,87,-1,74
1,<environment.Job instance at 0x7fea8a1b5dc0>,21,17,[14  5],22,-1,97,-1,80
1,<environment.Job instance at 0x7fea8a1b5e60>,22,12,[7 2],23,-1,92,-1,80
1,<environment.Job instance at 0x7fea8a1b7320>,27,16,[9 1],28,-1,127,-1,111
1,<environment.Job instance at 0x7fea8a1b72d0>,28,26,[8 1],29,-1,137,-1,111
1,<environment.Job instance at 0x7fea8a1b73c0>,30,2,[5 3],31,-1,123,-1,121
1,<environment.Job instance at 0x7fea8a1b7460>,31,17,[ 5 10],32,-1,138,-1,121
1,<environment.Job instance at 0x7fea8a1b7050>,32,17,[11  1],33,-1,138,-1,121
1,<environment.Job instance at 0x7fea8a1b7690>,33,15,[ 4 11],34,-1,136,-1,121
1,<environment.Job instance at 0x7fea8a1b7730>,34,28,[6 1],35,-1,149,-1,121
1,<environment.Job instance at 0x7fea8a1b7640>,35,21,[10  2],36,-1,142,-1,121
1,<environment.Job instance at 0x7fea8a1b79b0>,38,3,[ 1 13],39,-1,143,-1,140
1,<environment.Job instance at 0x7fea8a1b7aa0>,40,20,[ 1 10],41,-1,167,-1,147
1,<environment.Job instance at 0x7fea8a1b7b40>,41,22,[5 3],42,-1,170,-1,148
1,<environment.Job instance at 0x7fea8a1b7c80>,43,13,[10  4],44,-1,166,-1,153
1,<environment.Job instance at 0x7fea8a1b78c0>,45,22,[1 7],46,-1,185,-1,163
1,<environment.Job instance at 0x7fea8a1b7f00>,47,15,[13  1],48,-1,192,-1,177
1,<environment.Job instance at 0x7fea8a1b7fa0>,48,14,[12  4],49,-1,191,-1,177
1,<environment.Job instance at 0x7fea8a1ba190>,51,25,[ 3 14],52,-1,212,-1,187
1,<environment.Job instance at 0x7fea8a1ba320>,52,14,[14  3],53,-1,201,-1,187
1,<environment.Job instance at 0x7fea8a1ba460>,54,14,[ 5 14],55,-1,211,-1,197
1,<environment.Job instance at 0x7fea8a1ba640>,57,15,[10  1],58,-1,232,-1,217
1,<environment.Job instance at 0x7fea8a1ba780>,59,24,[6 5],60,-1,243,-1,219
1,<environment.Job instance at 0x7fea8a1ba820>,60,22,[5 9],61,-1,258,-1,236
1,<environment.Job instance at 0x7fea8a1baa00>,62,1,[ 4 14],63,-1,237,-1,236
1,<environment.Job instance at 0x7fea8a1baaa0>,63,25,[12  3],64,-1,261,-1,236
1,<environment.Job instance at 0x7fea8a1bab40>,64,19,[6 3],65,-1,255,-1,236
1,<environment.Job instance at 0x7fea8a1baaf0>,65,21,[7 1],66,-1,257,-1,236
1,<environment.Job instance at 0x7fea8a1bad20>,66,14,[8 5],67,-1,250,-1,236
1,<environment.Job instance at 0x7fea8a1badc0>,67,17,[2 5],68,-1,253,-1,236
1,<environment.Job instance at 0x7fea8a1bae60>,68,2,[ 5 14],69,-1,238,-1,236
1,<environment.Job instance at 0x7fea8a1baf00>,69,13,[3 9],70,-1,249,-1,236
1,<environment.Job instance at 0x7fea8a1bafa0>,70,1,[ 5 14],71,-1,237,-1,236
1,<environment.Job instance at 0x7fea8a1baeb0>,71,12,[10  5],72,-1,248,-1,236
1,<environment.Job instance at 0x7fea8a1baf50>,72,26,[ 4 10],73,-1,262,-1,236
1,<environment.Job instance at 0x7fea8a1bd1e0>,73,2,[ 4 11],74,-1,238,-1,236
1,<environment.Job instance at 0x7fea8a1bd370>,74,14,[ 5 12],75,-1,250,-1,236
1,<environment.Job instance at 0x7fea8a1bd3c0>,75,24,[ 5 11],76,-1,260,-1,236
1,<environment.Job instance at 0x7fea8a1bd460>,76,25,[7 3],77,-1,261,-1,236
1,<environment.Job instance at 0x7fea8a4f0e60>,77,18,[11  5],78,-1,254,-1,236
1,<environment.Job instance at 0x7fea8a4f0c30>,78,12,[3 8],79,-1,248,-1,236
1,<environment.Job instance at 0x7fea8a1aa2d0>,79,27,[1 5],80,-1,263,-1,236
1,<environment.Job instance at 0x7fea8a1aa0f0>,80,17,[1 9],81,-1,253,-1,236
1,<environment.Job instance at 0x7fea8a1aa410>,81,20,[2 9],82,-1,256,-1,236
1,<environment.Job instance at 0x7fea8a1aa140>,82,17,[ 2 13],83,-1,253,-1,236
1,<environment.Job instance at 0x7fea8a1aa370>,83,27,[12  4],84,-1,263,-1,236
1,<environment.Job instance at 0x7fea8a1aa280>,84,14,[1 5],85,-1,250,-1,236
1,<environment.Job instance at 0x7fea8a1a9e10>,85,12,[1 6],86,-1,248,-1,236
1,<environment.Job instance at 0x7fea8a1a9f50>,86,18,[1 7],87,-1,254,-1,236
1,<environment.Job instance at 0x7fea8a1a9b40>,87,12,[ 5 12],88,-1,248,-1,236
1,<environment.Job instance at 0x7fea8a1a9870>,88,14,[14  1],89,-1,250,-1,236
1,<environment.Job instance at 0x7fea8a1a9fa0>,89,15,[1 6],90,-1,251,-1,236
1,<environment.Job instance at 0x7fea8a1a96e0>,90,14,[12  4],91,-1,250,-1,236
1,<environment.Job instance at 0x7fea8a1a98c0>,91,18,[11  5],92,-1,254,-1,236
1,<environment.Job instance at 0x7fea8a1a9b90>,92,13,[10  5],93,-1,249,-1,236
1,<environment.Job instance at 0x7fea8a1a9960>,93,12,[14  4],94,-1,248,-1,236
1,<environment.Job instance at 0x7fea8a1a9140>,94,15,[7 4],95,-1,251,-1,236
1,<environment.Job instance at 0x7fea8a1a9690>,95,25,[8 1],96,-1,261,-1,236
1,<environment.Job instance at 0x7fea8a1a95a0>,96,14,[6 2],97,-1,250,-1,236
1,<environment.Job instance at 0x7fea8a1a9320>,97,21,[ 5 14],98,-1,257,-1,236
1,<environment.Job instance at 0x7fea8a1a9280>,98,17,[7 2],99,-1,253,-1,236
1,<environment.Job instance at 0x7fea8a92fa50>,99,12,[8 1],100,-1,248,-1,236
1,<environment.Job instance at 0x7fea8a935280>,100,28,[2 8],101,-1,264,-1,236
1,<environment.Job instance at 0x7fea8b0a6550>,101,18,[5 1],102,-1,254,-1,236
1,<environment.Job instance at 0x7fea8a1a92d0>,102,27,[9 3],103,-1,263,-1,236
1,<environment.Job instance at 0x7fea8a5dce10>,103,12,[6 5],104,-1,248,-1,236
1,<environment.Job instance at 0x7fea8a5df050>,104,2,[4 7],105,-1,238,-1,236
1,<environment.Job instance at 0x7fea8a5b44b0>,105,28,[ 1 13],106,-1,264,-1,236
1,<environment.Job instance at 0x7fea8a5b4500>,106,12,[ 4 10],107,-1,248,-1,236
1,<environment.Job instance at 0x7fea8a5bd690>,107,19,[5 7],108,-1,255,-1,236
1,<environment.Job instance at 0x7fea8a5bd140>,108,2,[ 4 11],109,-1,238,-1,236
1,<environment.Job instance at 0x7fea8a5bd5f0>,109,26,[9 4],110,-1,262,-1,236
1,<environment.Job instance at 0x7fea8b787780>,110,28,[2 7],111,-1,264,-1,236
1,<environment.Job instance at 0x7fea8b777e60>,111,14,[5 5],112,-1,250,-1,236
1,<environment.Job instance at 0x7fea8b777500>,112,22,[ 5 14],113,-1,258,-1,236
1,<environment.Job instance at 0x7fea8a5bd960>,113,20,[14  1],114,-1,256,-1,236
1,<environment.Job instance at 0x7fea8a5bd640>,114,20,[3 8],115,-1,256,-1,236
1,<environment.Job instance at 0x7fea8a5cae10>,115,17,[2 9],116,-1,253,-1,236
1,<environment.Job instance at 0x7fea8a5cacd0>,116,14,[ 4 10],117,-1,250,-1,236
1,<environment.Job instance at 0x7fea8a5cac30>,117,13,[6 2],118,-1,249,-1,236
1,<environment.Job instance at 0x7fea8a5cac80>,118,18,[ 1 10],119,-1,254,-1,236
1,<environment.Job instance at 0x7fea8aa94640>,123,18,[ 3 10],124,-1,313,-1,295
1,<environment.Job instance at 0x7fea8a5dab40>,127,23,[ 4 10],128,-1,318,-1,295
1,<environment.Job instance at 0x7fea8a5b8820>,128,19,[14  3],129,-1,314,-1,295
1,<environment.Job instance at 0x7fea8a5dac30>,129,1,[3 7],130,-1,296,-1,295
1,<environment.Job instance at 0x7fea8a92caf0>,130,15,[11  4],131,-1,310,-1,295
1,<environment.Job instance at 0x7fea8a92cc80>,131,17,[11  1],132,-1,312,-1,295
1,<environment.Job instance at 0x7fea8a92cbe0>,132,2,[ 1 14],133,-1,297,-1,295
1,<environment.Job instance at 0x7fea8a9391e0>,133,12,[13  2],134,-1,307,-1,295
1,<environment.Job instance at 0x7fea8a939c30>,134,15,[9 1],135,-1,310,-1,295
1,<environment.Job instance at 0x7fea8a939280>,135,15,[ 2 11],136,-1,310,-1,295
1,<environment.Job instance at 0x7fea8a939f50>,136,23,[7 4],137,-1,318,-1,295
1,<environment.Job instance at 0x7fea8a939cd0>,137,22,[9 4],138,-1,325,-1,303
1,<environment.Job instance at 0x7fea8a5d05f0>,142,13,[1 5],143,-1,339,-1,326
1,<environment.Job instance at 0x7fea8a5d0690>,143,20,[5 4],144,-1,346,-1,326
1,<environment.Job instance at 0x7fea8a5d0910>,144,28,[10  3],145,-1,354,-1,326
1,<environment.Job instance at 0x7fea8a5d09b0>,145,25,[12  3],146,-1,351,-1,326
1,<environment.Job instance at 0x7fea8a5d0370>,146,20,[7 1],147,-1,346,-1,326
1,<environment.Job instance at 0x7fea8a5d0820>,149,18,[ 2 10],150,-1,392,-1,374
1,<environment.Job instance at 0x7fea8a5d0b40>,151,20,[5 1],152,-1,396,-1,376
1,<environment.Job instance at 0x7fea8a5d0230>,153,12,[7 2],154,-1,390,-1,378
1,<environment.Job instance at 0x7fea8a5d0870>,156,21,[12  5],157,-1,420,-1,399
1,<environment.Job instance at 0x7fea8a5d03c0>,158,25,[6 1],159,-1,431,-1,406
1,<environment.Job instance at 0x7fea8a1b57d0>,12,24,[7 5],13,-1,728,-1,704
1,<environment.Job instance at 0x7fea8a1b50a0>,4,18,[13  3],5,-1,724,-1,706
1,<environment.Job instance at 0x7fea8b008af0>,6,25,[8 3],7,-1,32,-1,7
1,<environment.Job instance at 0x7fea8b008be0>,7,13,[13  1],8,-1,21,-1,8
1,<environment.Job instance at 0x7fea8b0081e0>,11,19,[12  1],12,-1,35,-1,16
1,<environment.Job instance at 0x7fea8b0082d0>,15,13,[ 2 12],16,-1,53,-1,40
1,<environment.Job instance at 0x7fea8b00a0f0>,16,25,[ 5 10],17,-1,65,-1,40
1,<environment.Job instance at 0x7fea8b00ac30>,17,26,[9 3],18,-1,66,-1,40
1,<environment.Job instance at 0x7fea8b00aeb0>,18,26,[ 1 12],19,-1,66,-1,40
1,<environment.Job instance at 0x7fea8b00a230>,19,28,[3 6],20,-1,68,-1,40
1,<environment.Job instance at 0x7fea8b00a410>,20,2,[1 6],21,-1,42,-1,40
1,<environment.Job instance at 0x7fea8b00a640>,21,12,[11  1],22,-1,52,-1,40
1,<environment.Job instance at 0x7fea8b00a870>,23,15,[13  2],24,-1,63,-1,48
1,<environment.Job instance at 0x7fea8b00ac80>,24,17,[12  3],25,-1,65,-1,48
1,<environment.Job instance at 0x7fea8b00a1e0>,25,2,[ 4 12],26,-1,50,-1,48
1,<environment.Job instance at 0x7fea8b00a4b0>,26,1,[10  1],27,-1,49,-1,48
1,<environment.Job instance at 0x7fea8b00af00>,27,28,[3 6],28,-1,76,-1,48
1,<environment.Job instance at 0x7fea8b00ab90>,28,12,[6 2],29,-1,60,-1,48
1,<environment.Job instance at 0x7fea8b00a5a0>,29,19,[13  1],30,-1,67,-1,48
1,<environment.Job instance at 0x7fea8b00a050>,34,28,[6 5],35,-1,105,-1,77
1,<environment.Job instance at 0x7fea8aa10370>,39,13,[10  5],40,-1,124,-1,111
1,<environment.Job instance at 0x7fea8aa10b40>,42,25,[4 6],43,-1,147,-1,122
1,<environment.Job instance at 0x7fea8aa106e0>,44,24,[7 5],45,-1,146,-1,122
1,<environment.Job instance at 0x7fea8aa109b0>,46,21,[14  1],47,-1,149,-1,128
1,<environment.Job instance at 0x7fea8a98b870>,48,16,[12  4],49,-1,155,-1,139
1,<environment.Job instance at 0x7fea8a98b410>,49,24,[4 9],50,-1,163,-1,139
1,<environment.Job instance at 0x7fea8a98bc80>,54,12,[ 1 14],55,-1,177,-1,165
1,<environment.Job instance at 0x7fea8a98b230>,55,14,[13  4],56,-1,179,-1,165
1,<environment.Job instance at 0x7fea8a98baf0>,57,13,[13  3],58,-1,196,-1,183
1,<environment.Job instance at 0x7fea8a98b820>,59,27,[ 3 14],60,-1,210,-1,183
1,<environment.Job instance at 0x7fea8a98b3c0>,61,1,[ 5 13],62,-1,193,-1,192
1,<environment.Job instance at 0x7fea8b268460>,62,25,[13  4],63,-1,217,-1,192
1,<environment.Job instance at 0x7fea8b268280>,63,14,[14  1],64,-1,206,-1,192
1,<environment.Job instance at 0x7fea8b268cd0>,64,1,[10  5],65,-1,193,-1,192
1,<environment.Job instance at 0x7fea8b268eb0>,65,26,[13  4],66,-1,218,-1,192
1,<environment.Job instance at 0x7fea8b268870>,67,21,[ 2 13],68,-1,216,-1,195
1,<environment.Job instance at 0x7fea8b268690>,68,16,[ 3 14],69,-1,211,-1,195
1,<environment.Job instance at 0x7fea8b2685a0>,69,16,[ 1 11],70,-1,211,-1,195
1,<environment.Job instance at 0x7fea8b268f00>,71,24,[ 2 13],72,-1,231,-1,207
1,<environment.Job instance at 0x7fea8b268be0>,72,18,[13  3],73,-1,225,-1,207
1,<environment.Job instance at 0x7fea8b268050>,73,15,[ 1 10],74,-1,222,-1,207
1,<environment.Job instance at 0x7fea8b268d20>,75,16,[ 1 12],76,-1,224,-1,208
1,<environment.Job instance at 0x7fea8b268230>,76,1,[ 2 10],77,-1,209,-1,208
1,<environment.Job instance at 0x7fea8b268d70>,77,26,[8 4],78,-1,234,-1,208
1,<environment.Job instance at 0x7fea8b268b90>,78,16,[ 3 13],79,-1,224,-1,208
1,<environment.Job instance at 0x7fea8af0ed20>,81,28,[ 5 12],82,-1,254,-1,226
1,<environment.Job instance at 0x7fea8af0e9b0>,82,28,[2 6],83,-1,254,-1,226
1,<environment.Job instance at 0x7fea8af0ec80>,84,28,[ 1 11],85,-1,272,-1,244
1,<environment.Job instance at 0x7fea8af0e550>,86,23,[11  3],87,-1,267,-1,244
1,<environment.Job instance at 0x7fea8af0e500>,87,14,[13  5],88,-1,258,-1,244
1,<environment.Job instance at 0x7fea8af0e280>,89,1,[6 1],90,-1,255,-1,254
1,<environment.Job instance at 0x7fea8af0e190>,90,15,[5 2],91,-1,270,-1,255
1,<environment.Job instance at 0x7fea8af0ea00>,91,13,[12  5],92,-1,268,-1,255
1,<environment.Job instance at 0x7fea8af0eaf0>,92,14,[7 1],93,-1,269,-1,255
1,<environment.Job instance at 0x7fea8af0ed70>,93,16,[11  4],94,-1,271,-1,255
1,<environment.Job instance at 0x7fea8af0e6e0>,95,27,[6 1],96,-1,286,-1,259
1,<environment.Job instance at 0x7fea8af0e960>,96,22,[5 5],97,-1,282,-1,260
1,<environment.Job instance at 0x7fea8b1a0d70>,99,26,[2 7],100,-1,300,-1,274
1,<environment.Job instance at 0x7fea8b1a02d0>,100,23,[10  3],101,-1,297,-1,274
1,<environment.Job instance at 0x7fea8b1a0f00>,101,16,[14  1],102,-1,290,-1,274
1,<environment.Job instance at 0x7fea8b1a01e0>,102,1,[13  2],103,-1,275,-1,274
1,<environment.Job instance at 0x7fea8b1a0410>,103,3,[4 5],104,-1,277,-1,274
1,<environment.Job instance at 0x7fea8b1a0e10>,104,21,[8 1],105,-1,295,-1,274
1,<environment.Job instance at 0x7fea8b1a0d20>,105,18,[11  1],106,-1,292,-1,274
1,<environment.Job instance at 0x7fea8b1a0e60>,107,20,[3 7],108,-1,308,-1,288
1,<environment.Job instance at 0x7fea8aa9e230>,110,22,[ 1 12],111,-1,332,-1,310
1,<environment.Job instance at 0x7fea8adde6e0>,112,18,[ 4 11],113,-1,343,-1,325
1,<environment.Job instance at 0x7fea8added70>,113,25,[5 6],114,-1,350,-1,325
1,<environment.Job instance at 0x7fea8adde190>,114,26,[ 3 12],115,-1,351,-1,325
1,<environment.Job instance at 0x7fea8addea50>,115,13,[ 4 13],116,-1,338,-1,325
1,<environment.Job instance at 0x7fea8adde960>,116,2,[10  5],117,-1,327,-1,325
1,<environment.Job instance at 0x7fea8addef00>,117,27,[5 7],118,-1,352,-1,325
1,<environment.Job instance at 0x7fea8addeaf0>,118,20,[ 4 14],119,-1,345,-1,325
1,<environment.Job instance at 0x7fea8adde8c0>,119,14,[1 7],120,-1,339,-1,325
1,<environment.Job instance at 0x7fea8addee60>,121,23,[11  4],122,-1,348,-1,325
1,<environment.Job instance at 0x7fea8a98ed20>,125,2,[ 1 12],126,-1,354,-1,352
1,<environment.Job instance at 0x7fea8a98e2d0>,127,15,[ 5 10],128,-1,371,-1,356
1,<environment.Job instance at 0x7fea8a98e690>,128,28,[6 4],129,-1,384,-1,356
1,<environment.Job instance at 0x7fea8a98ef00>,129,14,[14  3],130,-1,370,-1,356
1,<environment.Job instance at 0x7fea8b292820>,131,25,[ 2 14],132,-1,390,-1,365
1,<environment.Job instance at 0x7fea8ac7f690>,134,18,[ 4 10],135,-1,412,-1,394
1,<environment.Job instance at 0x7fea8afa9b40>,135,3,[ 3 14],136,-1,397,-1,394
1,<environment.Job instance at 0x7fea8a345be0>,136,27,[10  1],137,-1,421,-1,394
1,<environment.Job instance at 0x7fea8acb4b40>,140,28,[13  5],141,-1,441,-1,413
1,<environment.Job instance at 0x7fea8a9c9a50>,144,2,[ 2 14],145,-1,433,-1,431
1,<environment.Job instance at 0x7fea8a9c9280>,145,14,[11  2],146,-1,445,-1,431
1,<environment.Job instance at 0x7fea8a9c9870>,146,1,[4 6],147,-1,432,-1,431
1,<environment.Job instance at 0x7fea8ad5abe0>,148,14,[14  5],149,-1,459,-1,445
1,<environment.Job instance at 0x7fea8a9c9b90>,149,1,[ 3 12],150,-1,446,-1,445
1,<environment.Job instance at 0x7fea8af0c640>,151,2,[5 6],152,-1,449,-1,447
1,<environment.Job instance at 0x7fea8adb1820>,152,13,[ 2 13],153,-1,460,-1,447
1,<environment.Job instance at 0x7fea8ad40320>,153,23,[5 1],154,-1,470,-1,447
1,<environment.Job instance at 0x7fea8ad400f0>,154,14,[ 3 13],155,-1,461,-1,447
1,<environment.Job instance at 0x7fea8ac75f00>,155,13,[5 1],156,-1,460,-1,447
1,<environment.Job instance at 0x7fea8ad17dc0>,156,26,[ 1 12],157,-1,473,-1,447
1,<environment.Job instance at 0x7fea8addeb90>,123,23,[2 7],124,-1,1741,-1,1718
1,<environment.Job instance at 0x7fea8a364960>,9,21,[12  3],10,-1,31,-1,10
1,<environment.Job instance at 0x7fea8a364910>,10,12,[ 5 12],11,-1,23,-1,11
1,<environment.Job instance at 0x7fea8a479280>,12,16,[ 2 13],13,-1,29,-1,13
1,<environment.Job instance at 0x7fea8a0b2320>,15,13,[14  1],16,-1,35,-1,22
1,<environment.Job instance at 0x7fea8b1fcf50>,16,14,[ 5 13],17,-1,36,-1,22
1,<environment.Job instance at 0x7fea8ad60370>,17,20,[ 2 13],18,-1,42,-1,22
1,<environment.Job instance at 0x7fea8ad608c0>,18,27,[4 9],19,-1,49,-1,22
1,<environment.Job instance at 0x7fea8ad60af0>,19,3,[ 2 13],20,-1,25,-1,22
1,<environment.Job instance at 0x7fea8b1a6690>,20,13,[ 4 12],21,-1,35,-1,22
1,<environment.Job instance at 0x7fea8b1a6a00>,22,25,[2 7],23,-1,63,-1,38
1,<environment.Job instance at 0x7fea8afbaf50>,24,12,[11  5],25,-1,50,-1,38
1,<environment.Job instance at 0x7fea8afbaeb0>,27,21,[12  5],28,-1,79,-1,58
1,<environment.Job instance at 0x7fea8afbae60>,29,20,[11  5],30,-1,78,-1,58
1,<environment.Job instance at 0x7fea8afa6be0>,30,12,[8 5],31,-1,71,-1,59
1,<environment.Job instance at 0x7fea8afa6cd0>,32,28,[5 7],33,-1,104,-1,76
1,<environment.Job instance at 0x7fea8afa6780>,33,12,[ 4 11],34,-1,88,-1,76
1,<environment.Job instance at 0x7fea8b0882d0>,34,25,[13  4],35,-1,101,-1,76
1,<environment.Job instance at 0x7fea8afa6870>,35,21,[ 1 12],36,-1,97,-1,76
1,<environment.Job instance at 0x7fea8b0888c0>,36,22,[ 4 10],37,-1,98,-1,76
1,<environment.Job instance at 0x7fea8a941640>,37,22,[13  5],38,-1,98,-1,76
1,<environment.Job instance at 0x7fea8a941730>,38,28,[13  2],39,-1,104,-1,76
1,<environment.Job instance at 0x7fea8a941a50>,39,13,[8 3],40,-1,89,-1,76
1,<environment.Job instance at 0x7fea89eb98c0>,40,24,[7 3],41,-1,100,-1,76
1,<environment.Job instance at 0x7fea89eb9a00>,41,13,[1 9],42,-1,89,-1,76
1,<environment.Job instance at 0x7fea89eb9c80>,42,26,[5 8],43,-1,102,-1,76
1,<environment.Job instance at 0x7fea89eb93c0>,43,13,[1 7],44,-1,89,-1,76
1,<environment.Job instance at 0x7fea89eb9370>,44,23,[1 5],45,-1,99,-1,76
1,<environment.Job instance at 0x7fea89eb9c30>,45,2,[5 5],46,-1,78,-1,76
1,<environment.Job instance at 0x7fea89eb9be0>,46,2,[ 5 13],47,-1,78,-1,76
1,<environment.Job instance at 0x7fea89eb9550>,47,13,[ 1 14],48,-1,89,-1,76
1,<environment.Job instance at 0x7fea89eb9fa0>,48,17,[ 1 10],49,-1,93,-1,76
1,<environment.Job instance at 0x7fea8aed6d70>,50,21,[13  2],51,-1,110,-1,89
1,<environment.Job instance at 0x7fea8aed6190>,51,1,[9 1],52,-1,90,-1,89
1,<environment.Job instance at 0x7fea8aad21e0>,52,18,[ 2 11],53,-1,107,-1,89
1,<environment.Job instance at 0x7fea8aad2b90>,53,3,[8 2],54,-1,92,-1,89
1,<environment.Job instance at 0x7fea8aad2320>,54,15,[7 1],55,-1,106,-1,91
1,<environment.Job instance at 0x7fea8b3f7cd0>,55,2,[5 4],56,-1,93,-1,91
1,<environment.Job instance at 0x7fea8b3f7230>,57,14,[8 1],58,-1,105,-1,91
1,<environment.Job instance at 0x7fea8acd4be0>,58,16,[ 4 10],59,-1,107,-1,91
1,<environment.Job instance at 0x7fea8ad5f960>,59,18,[ 5 14],60,-1,109,-1,91
1,<environment.Job instance at 0x7fea8acd4b40>,60,17,[ 3 13],61,-1,108,-1,91
1,<environment.Job instance at 0x7fea8af0ccd0>,61,23,[13  3],62,-1,114,-1,91
1,<environment.Job instance at 0x7fea8b3f74b0>,62,18,[ 2 12],63,-1,109,-1,91
1,<environment.Job instance at 0x7fea8af0ca50>,63,13,[11  1],64,-1,104,-1,91
1,<environment.Job instance at 0x7fea8b7cfdc0>,65,12,[9 4],66,-1,112,-1,100
1,<environment.Job instance at 0x7fea8b7cf0f0>,66,26,[7 4],67,-1,126,-1,100
1,<environment.Job instance at 0x7fea8b72d870>,67,12,[13  4],68,-1,112,-1,100
1,<environment.Job instance at 0x7fea93d6d1e0>,68,13,[ 2 12],69,-1,113,-1,100
1,<environment.Job instance at 0x7fea8b76e6e0>,71,13,[14  4],72,-1,128,-1,115
1,<environment.Job instance at 0x7fea93d6dd70>,72,16,[14  2],73,-1,131,-1,115
1,<environment.Job instance at 0x7fea8b73a8c0>,73,17,[5 2],74,-1,132,-1,115
1,<environment.Job instance at 0x7fea8b73a780>,74,3,[5 1],75,-1,118,-1,115
1,<environment.Job instance at 0x7fea8b7d5730>,76,24,[5 9],77,-1,156,-1,132
1,<environment.Job instance at 0x7fea8b7d59b0>,77,12,[ 3 14],78,-1,144,-1,132
1,<environment.Job instance at 0x7fea8b7d5190>,78,17,[2 7],79,-1,154,-1,137
1,<environment.Job instance at 0x7fea8af15cd0>,80,28,[5 2],81,-1,165,-1,137
1,<environment.Job instance at 0x7fea8af15960>,81,2,[5 9],82,-1,139,-1,137
1,<environment.Job instance at 0x7fea8b3211e0>,82,24,[8 1],83,-1,161,-1,137
1,<environment.Job instance at 0x7fea8b321dc0>,83,15,[4 7],84,-1,157,-1,142
1,<environment.Job instance at 0x7fea8b321050>,84,26,[5 7],85,-1,168,-1,142
1,<environment.Job instance at 0x7fea8b321aa0>,85,15,[6 1],86,-1,157,-1,142
1,<environment.Job instance at 0x7fea8b3210f0>,87,27,[9 4],88,-1,178,-1,151
1,<environment.Job instance at 0x7fea8b321a50>,88,20,[9 5],89,-1,171,-1,151
1,<environment.Job instance at 0x7fea8b2c2a50>,89,26,[7 3],90,-1,177,-1,151
1,<environment.Job instance at 0x7fea8b321a00>,90,17,[ 5 12],91,-1,168,-1,151
1,<environment.Job instance at 0x7fea8d81c460>,91,18,[10  1],92,-1,169,-1,151
1,<environment.Job instance at 0x7fea8b0325a0>,93,2,[14  5],94,-1,153,-1,151
1,<environment.Job instance at 0x7fea8d81cd70>,94,2,[13  2],95,-1,153,-1,151
1,<environment.Job instance at 0x7fea89ed4870>,95,14,[ 1 10],96,-1,165,-1,151
1,<environment.Job instance at 0x7fea89ed4550>,96,18,[2 7],97,-1,169,-1,151
1,<environment.Job instance at 0x7fea89ed4050>,97,20,[10  2],98,-1,171,-1,151
1,<environment.Job instance at 0x7fea8aad3e10>,98,16,[8 1],99,-1,167,-1,151
1,<environment.Job instance at 0x7fea8aad3320>,99,18,[3 7],100,-1,169,-1,151
1,<environment.Job instance at 0x7fea8b2fb690>,100,17,[ 1 13],101,-1,168,-1,151
1,<environment.Job instance at 0x7fea8aad33c0>,101,25,[4 9],102,-1,176,-1,151
1,<environment.Job instance at 0x7fea8b2fbe60>,102,14,[7 2],103,-1,165,-1,151
1,<environment.Job instance at 0x7fea8b2fb460>,103,14,[13  3],104,-1,165,-1,151
1,<environment.Job instance at 0x7fea8b028640>,104,14,[7 2],105,-1,165,-1,151
1,<environment.Job instance at 0x7fea8b028690>,105,12,[6 1],106,-1,163,-1,151
1,<environment.Job instance at 0x7fea8b028d20>,106,13,[9 2],107,-1,164,-1,151
1,<environment.Job instance at 0x7fea8b0280f0>,107,2,[6 3],108,-1,153,-1,151
1,<environment.Job instance at 0x7fea8b028aa0>,108,20,[5 6],109,-1,171,-1,151
1,<environment.Job instance at 0x7fea8b028960>,109,15,[10  1],110,-1,166,-1,151
1,<environment.Job instance at 0x7fea8b0289b0>,110,14,[3 8],111,-1,165,-1,151
1,<environment.Job instance at 0x7fea8b028e10>,111,16,[6 5],112,-1,168,-1,152
1,<environment.Job instance at 0x7fea8b028820>,112,14,[5 4],113,-1,166,-1,152
1,<environment.Job instance at 0x7fea8b028230>,113,12,[ 3 10],114,-1,164,-1,152
1,<environment.Job instance at 0x7fea8b25a780>,114,12,[11  4],115,-1,164,-1,152
1,<environment.Job instance at 0x7fea8b25a870>,115,20,[3 7],116,-1,172,-1,152
1,<environment.Job instance at 0x7fea8a762a50>,116,12,[10  1],117,-1,164,-1,152
1,<environment.Job instance at 0x7fea8b25a730>,117,21,[1 7],118,-1,173,-1,152
1,<environment.Job instance at 0x7fea94131fa0>,118,16,[9 2],119,-1,168,-1,152
1,<environment.Job instance at 0x7fea8a7621e0>,119,17,[5 5],120,-1,169,-1,152
1,<environment.Job instance at 0x7fea94131e10>,120,17,[ 2 14],121,-1,169,-1,152
1,<environment.Job instance at 0x7fea8b331a50>,121,17,[8 4],122,-1,169,-1,152
1,<environment.Job instance at 0x7fea8b331a00>,122,12,[13  4],123,-1,164,-1,152
1,<environment.Job instance at 0x7fea8b3311e0>,123,12,[5 9],124,-1,164,-1,152
1,<environment.Job instance at 0x7fea8b331fa0>,124,12,[6 4],125,-1,164,-1,152
1,<environment.Job instance at 0x7fea8a3dee60>,125,17,[14  2],126,-1,169,-1,152
1,<environment.Job instance at 0x7fea8ad5e2d0>,126,17,[ 1 12],127,-1,169,-1,152
1,<environment.Job instance at 0x7fea8a3de050>,127,17,[9 2],128,-1,169,-1,152
1,<environment.Job instance at 0x7fea8b7d0640>,128,2,[8 1],129,-1,154,-1,152
1,<environment.Job instance at 0x7fea8b7d0b90>,129,27,[11  4],130,-1,179,-1,152
1,<environment.Job instance at 0x7fea8b7d0820>,130,15,[ 2 13],131,-1,167,-1,152
1,<environment.Job instance at 0x7fea8b7d0050>,131,3,[2 5],132,-1,155,-1,152
1,<environment.Job instance at 0x7fea93da8b90>,132,2,[1 6],133,-1,154,-1,152
1,<environment.Job instance at 0x7fea93da8690>,133,16,[11  3],134,-1,168,-1,152
1,<environment.Job instance at 0x7fea93da8280>,134,25,[6 2],135,-1,177,-1,152
1,<environment.Job instance at 0x7fea93da8c30>,135,17,[13  1],136,-1,169,-1,152
1,<environment.Job instance at 0x7fea93da8dc0>,136,23,[8 2],137,-1,175,-1,152
1,<environment.Job instance at 0x7fea8a805730>,137,26,[ 2 11],138,-1,178,-1,152
1,<environment.Job instance at 0x7fea8a8055a0>,138,1,[6 4],139,-1,153,-1,152
1,<environment.Job instance at 0x7fea8a805140>,139,16,[11  4],140,-1,168,-1,152
1,<environment.Job instance at 0x7fea8a805960>,140,26,[2 7],141,-1,178,-1,152
1,<environment.Job instance at 0x7fea8a8059b0>,141,18,[ 2 10],142,-1,170,-1,152
1,<environment.Job instance at 0x7fea8a805550>,142,17,[8 3],143,-1,169,-1,152
1,<environment.Job instance at 0x7fea8a805280>,143,24,[13  5],144,-1,176,-1,152
1,<environment.Job instance at 0x7fea8a8051e0>,144,12,[4 8],145,-1,164,-1,152
1,<environment.Job instance at 0x7fea8a3bb460>,145,12,[14  3],146,-1,164,-1,152
1,<environment.Job instance at 0x7fea8a3bbd20>,146,22,[7 2],147,-1,174,-1,152
1,<environment.Job instance at 0x7fea8a3bb8c0>,148,27,[6 5],149,-1,196,-1,169
1,<environment.Job instance at 0x7fea8a3bb230>,149,14,[7 4],150,-1,183,-1,169
1,<environment.Job instance at 0x7fea8a3bb280>,150,13,[11  1],151,-1,182,-1,169
1,<environment.Job instance at 0x7fea8a3bb820>,151,15,[6 5],152,-1,184,-1,169
1,<environment.Job instance at 0x7fea8a6e4e10>,152,16,[5 4],153,-1,185,-1,169
1,<environment.Job instance at 0x7fea8a6e47d0>,153,17,[ 2 10],154,-1,186,-1,169
1,<environment.Job instance at 0x7fea8a6e4c30>,154,18,[6 2],155,-1,187,-1,169
1,<environment.Job instance at 0x7fea8a6e4af0>,155,1,[6 3],156,-1,170,-1,169
1,<environment.Job instance at 0x7fea8a6e4730>,156,19,[7 1],157,-1,188,-1,169
1,<environment.Job instance at 0x7fea8a6e4960>,157,13,[5 4],158,-1,182,-1,169
1,<environment.Job instance at 0x7fea8a6e4870>,158,18,[9 2],159,-1,187,-1,169
1,<environment.Job instance at 0x7fea8afbac30>,26,20,[5 9],27,-1,1000,-1,980
1,<environment.Job instance at 0x7fea8afbac30>,3,25,[ 5 10],4,-1,29,-1,4
1,<environment.Job instance at 0x7fea8b261cd0>,6,15,[ 3 14],7,-1,22,-1,7
1,<environment.Job instance at 0x7fea8aad2d20>,8,27,[7 4],9,-1,37,-1,10
1,<environment.Job instance at 0x7fea8af12690>,21,23,[ 4 13],22,-1,132,-1,109
1,<environment.Job instance at 0x7fea8b0b2640>,29,16,[14  5],30,-1,194,-1,178
1,<environment.Job instance at 0x7fea8b0b3a50>,32,16,[14  3],33,-1,204,-1,188
1,<environment.Job instance at 0x7fea8b0b3b90>,33,3,[2 8],34,-1,191,-1,188
1,<environment.Job instance at 0x7fea8b0b3280>,34,3,[ 3 10],35,-1,191,-1,188
1,<environment.Job instance at 0x7fea8b0845a0>,38,23,[5 5],39,-1,230,-1,207
1,<environment.Job instance at 0x7fea8b084910>,39,2,[6 2],40,-1,209,-1,207
1,<environment.Job instance at 0x7fea8b251500>,40,14,[11  3],41,-1,221,-1,207
1,<environment.Job instance at 0x7fea8b093be0>,41,2,[2 7],42,-1,210,-1,208
1,<environment.Job instance at 0x7fea8b093500>,42,12,[11  2],43,-1,220,-1,208
1,<environment.Job instance at 0x7fea89e7c910>,52,23,[ 3 10],53,-1,296,-1,273
1,<environment.Job instance at 0x7fea8a8bc0f0>,56,14,[13  2],57,-1,320,-1,306
1,<environment.Job instance at 0x7fea8a8c9460>,58,24,[ 1 14],59,-1,330,-1,306
1,<environment.Job instance at 0x7fea8a8c92d0>,59,2,[7 5],60,-1,308,-1,306
1,<environment.Job instance at 0x7fea8a8c9230>,60,1,[8 3],61,-1,307,-1,306
1,<environment.Job instance at 0x7fea8a8c9c30>,63,1,[7 1],64,-1,337,-1,336
1,<environment.Job instance at 0x7fea8a8c9910>,64,23,[5 5],65,-1,359,-1,336
1,<environment.Job instance at 0x7fea8a8c9b90>,65,23,[ 2 12],66,-1,359,-1,336
1,<environment.Job instance at 0x7fea8a8c90a0>,67,25,[7 3],68,-1,375,-1,350
1,<environment.Job instance at 0x7fea8a8c9410>,68,1,[12  5],69,-1,351,-1,350
1,<environment.Job instance at 0x7fea8a8c9be0>,69,13,[11  2],70,-1,363,-1,350
1,<environment.Job instance at 0x7fea8a8c9c80>,70,27,[5 2],71,-1,377,-1,350
1,<environment.Job instance at 0x7fea8a8c7d70>,73,3,[ 3 10],74,-1,358,-1,355
1,<environment.Job instance at 0x7fea8a8c7fa0>,78,2,[8 5],79,-1,386,-1,384
1,<environment.Job instance at 0x7fea8a8b6190>,79,14,[ 3 11],80,-1,398,-1,384
1,<environment.Job instance at 0x7fea8a8b6230>,80,14,[14  1],81,-1,398,-1,384
1,<environment.Job instance at 0x7fea8a8b64b0>,84,20,[ 2 11],85,-1,418,-1,398
1,<environment.Job instance at 0x7fea8a8b6550>,85,2,[3 9],86,-1,400,-1,398
1,<environment.Job instance at 0x7fea8a8b6690>,87,26,[3 7],88,-1,439,-1,413
1,<environment.Job instance at 0x7fea8a8b60a0>,88,26,[4 6],89,-1,439,-1,413
1,<environment.Job instance at 0x7fea8a8b67d0>,89,14,[ 3 14],90,-1,427,-1,413
1,<environment.Job instance at 0x7fea8a8b6a50>,92,1,[10  1],93,-1,434,-1,433
1,<environment.Job instance at 0x7fea8a8b6e10>,98,14,[ 2 12],99,-1,485,-1,471
1,<environment.Job instance at 0x7fea8a8b6910>,99,28,[11  4],100,-1,499,-1,471
1,<environment.Job instance at 0x7fea8a8b6f50>,100,22,[ 5 12],101,-1,493,-1,471
1,<environment.Job instance at 0x7fea8a8b6eb0>,102,25,[9 5],103,-1,496,-1,471
1,<environment.Job instance at 0x7fea8a8bf4b0>,107,14,[ 2 11],108,-1,523,-1,509
1,<environment.Job instance at 0x7fea8a8bf690>,109,15,[ 5 14],110,-1,531,-1,516
1,<environment.Job instance at 0x7fea8a8bf500>,110,27,[3 6],111,-1,543,-1,516
1,<environment.Job instance at 0x7fea8a8bf640>,111,2,[12  1],112,-1,518,-1,516
1,<environment.Job instance at 0x7fea8a8bf960>,115,27,[8 1],116,-1,561,-1,534
1,<environment.Job instance at 0x7fea8a8bfaf0>,118,1,[4 7],119,-1,553,-1,552
1,<environment.Job instance at 0x7fea8a8bfc30>,120,20,[14  2],121,-1,590,-1,570
1,<environment.Job instance at 0x7fea8a8cb230>,129,13,[14  3],130,-1,643,-1,630
1,<environment.Job instance at 0x7fea8a8cb5a0>,133,14,[13  2],134,-1,672,-1,658
1,<environment.Job instance at 0x7fea8a8cb640>,134,2,[7 1],135,-1,660,-1,658
1,<environment.Job instance at 0x7fea8a8cb780>,136,26,[12  3],137,-1,701,-1,675
1,<environment.Job instance at 0x7fea8a8cb960>,139,25,[ 4 12],140,-1,719,-1,694
1,<environment.Job instance at 0x7fea8a8cbbe0>,143,25,[ 2 10],144,-1,737,-1,712
1,<environment.Job instance at 0x7fea8a8cbeb0>,147,2,[12  3],157,-1,760,-1,758
1,<environment.Job instance at 0x7fea8a00b0a0>,1,15,[12  2],2,-1,17,-1,2
1,<environment.Job instance at 0x7fea8add10f0>,4,26,[13  3],5,-1,31,-1,5
1,<environment.Job instance at 0x7fea8add1190>,5,23,[9 5],6,-1,29,-1,6
1,<environment.Job instance at 0x7fea8add1d70>,6,27,[7 3],7,-1,34,-1,7
1,<environment.Job instance at 0x7fea8a8bf410>,10,25,[9 5],11,-1,36,-1,11
1,<environment.Job instance at 0x7fea8b3ac6e0>,14,23,[6 1],15,-1,43,-1,20
1,<environment.Job instance at 0x7fea8b3aca00>,16,2,[ 4 14],17,-1,22,-1,20
1,<environment.Job instance at 0x7fea8b3ac3c0>,17,23,[10  3],18,-1,43,-1,20
1,<environment.Job instance at 0x7fea8b3ac370>,18,14,[ 1 11],19,-1,34,-1,20
1,<environment.Job instance at 0x7fea8b3ac820>,21,23,[ 2 12],22,-1,64,-1,41
1,<environment.Job instance at 0x7fea8b3acf50>,22,27,[8 3],23,-1,68,-1,41
1,<environment.Job instance at 0x7fea8b3ac280>,27,25,[9 4],28,-1,87,-1,62
1,<environment.Job instance at 0x7fea8b3ac320>,30,3,[3 9],31,-1,82,-1,79
1,<environment.Job instance at 0x7fea8ad5d9b0>,31,28,[ 5 13],32,-1,107,-1,79
1,<environment.Job instance at 0x7fea8ad5d910>,32,15,[12  1],33,-1,94,-1,79
1,<environment.Job instance at 0x7fea8ad5d190>,33,3,[ 5 14],34,-1,82,-1,79
1,<environment.Job instance at 0x7fea8ad5d550>,35,26,[4 9],36,-1,116,-1,90
1,<environment.Job instance at 0x7fea8ad5daf0>,36,27,[10  5],37,-1,117,-1,90
1,<environment.Job instance at 0x7fea8ad5d410>,40,3,[1 6],41,-1,117,-1,114
1,<environment.Job instance at 0x7fea8ad5daa0>,41,16,[13  4],42,-1,130,-1,114
1,<environment.Job instance at 0x7fea8ad5d5f0>,43,16,[ 5 12],44,-1,138,-1,122
1,<environment.Job instance at 0x7fea8ad5dc30>,46,3,[6 1],47,-1,144,-1,141
1,<environment.Job instance at 0x7fea8ad5d460>,47,12,[ 2 12],48,-1,153,-1,141
1,<environment.Job instance at 0x7fea8ad5deb0>,48,2,[6 2],49,-1,143,-1,141
1,<environment.Job instance at 0x7fea8b16e5a0>,53,18,[ 1 11],54,-1,188,-1,170
1,<environment.Job instance at 0x7fea8b16e870>,54,3,[3 7],55,-1,173,-1,170
1,<environment.Job instance at 0x7fea8b16ee60>,58,16,[ 2 13],59,-1,209,-1,193
1,<environment.Job instance at 0x7fea8b16ea50>,59,16,[ 5 12],60,-1,209,-1,193
1,<environment.Job instance at 0x7fea8b16e1e0>,60,12,[11  1],61,-1,205,-1,193
1,<environment.Job instance at 0x7fea8b16e280>,62,15,[11  4],63,-1,228,-1,213
1,<environment.Job instance at 0x7fea8b16ed20>,63,17,[ 2 14],64,-1,230,-1,213
1,<environment.Job instance at 0x7fea8b3a9960>,64,26,[10  5],65,-1,239,-1,213
1,<environment.Job instance at 0x7fea8b3a96e0>,65,2,[7 5],66,-1,215,-1,213
1,<environment.Job instance at 0x7fea8b3a95a0>,69,25,[1 7],70,-1,256,-1,231
1,<environment.Job instance at 0x7fea8b7ab960>,74,27,[3 8],75,-1,286,-1,259
1,<environment.Job instance at 0x7fea8a479e10>,77,28,[2 6],78,-1,291,-1,263
1,<environment.Job instance at 0x7fea8a4790f0>,78,28,[7 1],79,-1,291,-1,263
1,<environment.Job instance at 0x7fea8a479140>,79,26,[10  3],80,-1,289,-1,263
1,<environment.Job instance at 0x7fea8a479550>,80,27,[5 2],81,-1,290,-1,263
1,<environment.Job instance at 0x7fea8a479460>,81,12,[ 3 13],82,-1,275,-1,263
1,<environment.Job instance at 0x7fea8a479870>,82,17,[14  5],83,-1,280,-1,263
1,<environment.Job instance at 0x7fea8a57a320>,83,15,[14  2],84,-1,278,-1,263
1,<environment.Job instance at 0x7fea8a2865a0>,84,15,[ 1 12],85,-1,278,-1,263
1,<environment.Job instance at 0x7fea8a286320>,86,12,[10  1],87,-1,288,-1,276
1,<environment.Job instance at 0x7fea8a286be0>,88,12,[ 1 12],89,-1,305,-1,293
1,<environment.Job instance at 0x7fea8a8996e0>,90,16,[ 1 10],91,-1,311,-1,295
1,<environment.Job instance at 0x7fea8a2868c0>,91,22,[8 3],92,-1,317,-1,295
1,<environment.Job instance at 0x7fea8a899b90>,92,15,[11  5],93,-1,311,-1,296
1,<environment.Job instance at 0x7fea8a61af50>,95,21,[11  3],96,-1,337,-1,316
1,<environment.Job instance at 0x7fea8a72d190>,96,2,[1 8],97,-1,318,-1,316
1,<environment.Job instance at 0x7fea8b751140>,103,24,[2 8],104,-1,379,-1,355
1,<environment.Job instance at 0x7fea8b494f50>,104,24,[5 7],105,-1,379,-1,355
1,<environment.Job instance at 0x7fea8a810460>,105,13,[14  2],106,-1,368,-1,355
1,<environment.Job instance at 0x7fea8b321820>,106,12,[ 5 14],107,-1,367,-1,355
1,<environment.Job instance at 0x7fea8b1d87d0>,107,28,[11  4],108,-1,383,-1,355
1,<environment.Job instance at 0x7fea94268aa0>,108,1,[1 6],109,-1,356,-1,355
1,<environment.Job instance at 0x7fea942680a0>,109,26,[1 8],110,-1,381,-1,355
1,<environment.Job instance at 0x7fea8b6862d0>,114,24,[5 3],115,-1,398,-1,374
1,<environment.Job instance at 0x7fea8a56ae10>,115,15,[ 1 14],116,-1,389,-1,374
1,<environment.Job instance at 0x7fea8b0f6820>,116,16,[ 3 13],117,-1,390,-1,374
1,<environment.Job instance at 0x7fea8a866a00>,117,23,[11  4],118,-1,397,-1,374
1,<environment.Job instance at 0x7fea8a56ad20>,120,3,[2 7],121,-1,404,-1,401
1,<environment.Job instance at 0x7fea941380f0>,123,26,[9 3],124,-1,447,-1,421
1,<environment.Job instance at 0x7fea94138910>,125,13,[14  4],126,-1,443,-1,430
1,<environment.Job instance at 0x7fea94138050>,128,14,[14  2],129,-1,452,-1,438
1,<environment.Job instance at 0x7fea94138190>,129,13,[14  4],130,-1,451,-1,438
1,<environment.Job instance at 0x7fea8b4a0a50>,130,15,[ 4 12],131,-1,453,-1,438
1,<environment.Job instance at 0x7fea94138410>,132,26,[8 3],133,-1,477,-1,451
1,<environment.Job instance at 0x7fea8a4a2500>,134,24,[3 9],135,-1,476,-1,452
1,<environment.Job instance at 0x7fea8a8050a0>,137,13,[13  2],138,-1,480,-1,467
1,<environment.Job instance at 0x7fea8a8053c0>,138,1,[5 5],139,-1,468,-1,467
1,<environment.Job instance at 0x7fea8a805910>,139,1,[8 2],140,-1,468,-1,467
1,<environment.Job instance at 0x7fea8a805f50>,141,14,[ 3 13],142,-1,485,-1,471
1,<environment.Job instance at 0x7fea8a805dc0>,142,23,[6 1],143,-1,494,-1,471
1,<environment.Job instance at 0x7fea8a805b40>,143,1,[10  4],144,-1,472,-1,471
1,<environment.Job instance at 0x7fea8aa192d0>,145,16,[13  3],146,-1,487,-1,471
1,<environment.Job instance at 0x7fea8a78f2d0>,148,2,[5 4],149,-1,499,-1,497
1,<environment.Job instance at 0x7fea8a78f050>,150,26,[ 2 10],151,-1,523,-1,497
1,<environment.Job instance at 0x7fea8a7bf4b0>,155,26,[ 5 13],156,-1,551,-1,525
1,<environment.Job instance at 0x7fea8a75c8c0>,157,15,[11  1],158,-1,540,-1,525
1,<environment.Job instance at 0x7fea8a258780>,8,16,[11  3],9,-1,25,-1,9
1,<environment.Job instance at 0x7fea8a258370>,9,16,[11  5],10,-1,26,-1,10
1,<environment.Job instance at 0x7fea8a258960>,14,20,[ 3 14],15,-1,39,-1,19
1,<environment.Job instance at 0x7fea8a2588c0>,15,24,[13  2],16,-1,43,-1,19
1,<environment.Job instance at 0x7fea8a258cd0>,16,22,[4 5],17,-1,45,-1,23
1,<environment.Job instance at 0x7fea8a258c80>,18,14,[11  5],19,-1,44,-1,30
1,<environment.Job instance at 0x7fea8a258280>,19,28,[6 1],20,-1,58,-1,30
1,<environment.Job instance at 0x7fea8a258320>,20,20,[8 3],21,-1,55,-1,35
1,<environment.Job instance at 0x7fea8a258b90>,22,23,[11  1],23,-1,58,-1,35
1,<environment.Job instance at 0x7fea8a258fa0>,26,13,[11  3],27,-1,65,-1,52
1,<environment.Job instance at 0x7fea8a258640>,27,28,[7 5],28,-1,80,-1,52
1,<environment.Job instance at 0x7fea8a1f7aa0>,29,2,[14  5],30,-1,59,-1,57
1,<environment.Job instance at 0x7fea8a1f7050>,30,26,[13  1],31,-1,83,-1,57
1,<environment.Job instance at 0x7fea8a1f78c0>,32,3,[10  1],33,-1,78,-1,75
1,<environment.Job instance at 0x7fea8a1f7460>,34,1,[5 1],35,-1,91,-1,90
1,<environment.Job instance at 0x7fea8a1f72d0>,37,26,[ 5 12],38,-1,126,-1,100
1,<environment.Job instance at 0x7fea8a1f73c0>,38,26,[2 8],39,-1,126,-1,100
1,<environment.Job instance at 0x7fea8a1f74b0>,39,3,[6 1],40,-1,103,-1,100
1,<environment.Job instance at 0x7fea8a1f7550>,41,16,[ 2 13],42,-1,120,-1,104
1,<environment.Job instance at 0x7fea8a1f7c30>,42,23,[7 1],43,-1,129,-1,106
1,<environment.Job instance at 0x7fea8a1f7d70>,43,13,[13  4],44,-1,119,-1,106
1,<environment.Job instance at 0x7fea941c12d0>,44,18,[14  3],45,-1,124,-1,106
1,<environment.Job instance at 0x7fea8a1f7a50>,46,24,[14  5],47,-1,132,-1,108
1,<environment.Job instance at 0x7fea89f34be0>,47,25,[ 4 12],48,-1,133,-1,108
1,<environment.Job instance at 0x7fea89f34460>,48,15,[ 2 10],49,-1,124,-1,109
1,<environment.Job instance at 0x7fea89f34500>,49,18,[12  3],50,-1,127,-1,109
1,<environment.Job instance at 0x7fea89f340a0>,51,18,[ 2 11],52,-1,143,-1,125
1,<environment.Job instance at 0x7fea89f34230>,52,13,[11  3],53,-1,138,-1,125
1,<environment.Job instance at 0x7fea89f34dc0>,53,18,[13  2],54,-1,143,-1,125
1,<environment.Job instance at 0x7fea89f34d20>,54,2,[7 1],55,-1,127,-1,125
1,<environment.Job instance at 0x7fea89f34f00>,55,23,[ 5 13],56,-1,148,-1,125
1,<environment.Job instance at 0x7fea89f346e0>,56,23,[2 7],57,-1,152,-1,129
1,<environment.Job instance at 0x7fea89f34960>,57,28,[ 1 10],58,-1,157,-1,129
1,<environment.Job instance at 0x7fea89f34aa0>,58,3,[2 6],59,-1,132,-1,129
1,<environment.Job instance at 0x7fea89f34640>,59,12,[ 4 14],60,-1,141,-1,129
1,<environment.Job instance at 0x7fea89f34050>,60,2,[10  3],61,-1,131,-1,129
1,<environment.Job instance at 0x7fea89fb7050>,64,3,[9 1],65,-1,150,-1,147
1,<environment.Job instance at 0x7fea89fb7960>,65,18,[ 5 11],66,-1,165,-1,147
1,<environment.Job instance at 0x7fea89fb7dc0>,67,1,[12  3],68,-1,152,-1,151
1,<environment.Job instance at 0x7fea89fb7550>,68,25,[13  1],69,-1,176,-1,151
1,<environment.Job instance at 0x7fea89fb7230>,70,1,[2 5],71,-1,161,-1,160
1,<environment.Job instance at 0x7fea89fb74b0>,72,16,[14  4],73,-1,189,-1,173
1,<environment.Job instance at 0x7fea89fb73c0>,73,17,[13  5],74,-1,190,-1,173
1,<environment.Job instance at 0x7fea8aca60f0>,75,24,[12  4],76,-1,197,-1,173
1,<environment.Job instance at 0x7fea8aca67d0>,76,25,[6 3],77,-1,198,-1,173
1,<environment.Job instance at 0x7fea8aca6fa0>,77,27,[9 5],78,-1,200,-1,173
1,<environment.Job instance at 0x7fea8aca6d70>,79,14,[ 2 13],80,-1,205,-1,191
1,<environment.Job instance at 0x7fea8aca6b90>,81,1,[3 9],82,-1,192,-1,191
1,<environment.Job instance at 0x7fea8aca6820>,83,14,[1 8],84,-1,205,-1,191
1,<environment.Job instance at 0x7fea8aca63c0>,84,17,[ 4 14],85,-1,208,-1,191
1,<environment.Job instance at 0x7fea8aca6780>,88,2,[6 2],89,-1,221,-1,219
1,<environment.Job instance at 0x7fea8a8fd370>,95,19,[ 2 12],96,-1,293,-1,274
1,<environment.Job instance at 0x7fea8a8fd140>,97,26,[12  4],98,-1,303,-1,277
1,<environment.Job instance at 0x7fea8a8fd780>,99,16,[ 5 11],100,-1,298,-1,282
1,<environment.Job instance at 0x7fea8a8fd8c0>,100,18,[ 2 10],101,-1,318,-1,300
1,<environment.Job instance at 0x7fea8a8fd870>,104,1,[ 4 11],105,-1,312,-1,311
1,<environment.Job instance at 0x7fea8a8fd640>,107,2,[5 1],108,-1,329,-1,327
1,<environment.Job instance at 0x7fea8a8fdd20>,108,18,[14  5],109,-1,345,-1,327
1,<environment.Job instance at 0x7fea8a8fdb90>,109,15,[ 1 12],110,-1,342,-1,327
1,<environment.Job instance at 0x7fea8b0d4780>,114,15,[2 7],115,-1,375,-1,360
1,<environment.Job instance at 0x7fea8b0d4500>,117,16,[14  4],118,-1,393,-1,377
1,<environment.Job instance at 0x7fea8b0d4190>,118,18,[1 8],119,-1,411,-1,393
1,<environment.Job instance at 0x7fea8b0d4280>,127,28,[ 2 11],128,-1,508,-1,480
1,<environment.Job instance at 0x7fea8b0d46e0>,128,18,[14  3],129,-1,498,-1,480
1,<environment.Job instance at 0x7fea8b0d4aa0>,129,3,[1 5],130,-1,483,-1,480
1,<environment.Job instance at 0x7fea8b0d48c0>,130,23,[2 9],131,-1,503,-1,480
1,<environment.Job instance at 0x7fea8ac9cb90>,131,14,[ 4 10],132,-1,494,-1,480
1,<environment.Job instance at 0x7fea8b005f00>,133,2,[9 2],134,-1,501,-1,499
1,<environment.Job instance at 0x7fea8a98e0f0>,134,3,[6 2],135,-1,502,-1,499
1,<environment.Job instance at 0x7fea8ac9c410>,136,3,[13  3],137,-1,509,-1,506
1,<environment.Job instance at 0x7fea93e0aaa0>,137,1,[ 4 14],138,-1,507,-1,506
1,<environment.Job instance at 0x7fea8b4c97d0>,138,14,[ 3 14],139,-1,520,-1,506
1,<environment.Job instance at 0x7fea89f3e780>,140,16,[14  1],141,-1,528,-1,512
1,<environment.Job instance at 0x7fea8a6c6640>,143,1,[ 5 13],144,-1,528,-1,527
1,<environment.Job instance at 0x7fea8b5ade10>,144,26,[4 8],145,-1,553,-1,527
1,<environment.Job instance at 0x7fea8a05dd20>,149,22,[2 9],150,-1,631,-1,609
1,<environment.Job instance at 0x7fea8a05de10>,152,16,[5 1],153,-1,625,-1,609
1,<environment.Job instance at 0x7fea8b0094b0>,156,26,[11  3],157,-1,650,-1,624
1,<environment.Job instance at 0x7fea8a829780>,157,1,[9 1],158,-1,625,-1,624
1,<environment.Job instance at 0x7fea8a82e0a0>,158,24,[7 1],159,-1,648,-1,624
1,<environment.Job instance at 0x7fea8a2585f0>,12,25,[10  3],13,-1,903,-1,878
1,<environment.Job instance at 0x7fea8d82dfa0>,5,21,[10  1],6,-1,37,-1,16
1,<environment.Job instance at 0x7fea8d82d410>,9,18,[ 5 12],10,-1,34,-1,16
1,<environment.Job instance at 0x7fea8d82d460>,10,25,[12  1],11,-1,41,-1,16
1,<environment.Job instance at 0x7fea8d82d0a0>,11,26,[10  2],12,-1,42,-1,16
1,<environment.Job instance at 0x7fea8d82d5a0>,12,3,[4 8],13,-1,19,-1,16
1,<environment.Job instance at 0x7fea8d82d910>,14,12,[13  2],15,-1,44,-1,32
1,<environment.Job instance at 0x7fea8d82d320>,15,22,[6 2],16,-1,54,-1,32
1,<environment.Job instance at 0x7fea8d82db40>,16,26,[2 8],17,-1,58,-1,32
1,<environment.Job instance at 0x7fea8d82d140>,17,1,[4 7],18,-1,33,-1,32
1,<environment.Job instance at 0x7fea8d82d500>,18,12,[10  2],19,-1,44,-1,32
1,<environment.Job instance at 0x7fea8d82d730>,19,14,[ 2 13],20,-1,46,-1,32
1,<environment.Job instance at 0x7fea8a7d8e10>,23,27,[ 1 13],24,-1,90,-1,63
1,<environment.Job instance at 0x7fea8a7d8780>,24,18,[11  3],25,-1,81,-1,63
1,<environment.Job instance at 0x7fea8a7d8640>,26,13,[6 1],27,-1,82,-1,69
1,<environment.Job instance at 0x7fea8a7d8aa0>,27,12,[12  5],28,-1,81,-1,69
1,<environment.Job instance at 0x7fea8a7d8410>,28,12,[ 3 12],29,-1,81,-1,69
1,<environment.Job instance at 0x7fea8a7d8d20>,31,25,[ 2 14],32,-1,121,-1,96
1,<environment.Job instance at 0x7fea8a7d8b90>,34,2,[5 7],35,-1,108,-1,106
1,<environment.Job instance at 0x7fea8a7d85f0>,36,1,[6 3],37,-1,109,-1,108
1,<environment.Job instance at 0x7fea8b38e6e0>,37,16,[12  2],38,-1,124,-1,108
1,<environment.Job instance at 0x7fea8b38e780>,38,17,[ 2 13],39,-1,125,-1,108
1,<environment.Job instance at 0x7fea8b38eaf0>,39,27,[5 5],40,-1,135,-1,108
1,<environment.Job instance at 0x7fea8b38e0a0>,45,15,[ 5 12],46,-1,163,-1,148
1,<environment.Job instance at 0x7fea8b38ec30>,47,25,[1 9],48,-1,182,-1,157
1,<environment.Job instance at 0x7fea8b38e410>,48,17,[11  5],49,-1,174,-1,157
1,<environment.Job instance at 0x7fea8b38e320>,49,17,[ 5 11],50,-1,174,-1,157
1,<environment.Job instance at 0x7fea8b38e230>,50,14,[14  3],51,-1,171,-1,157
1,<environment.Job instance at 0x7fea8b38e460>,52,3,[7 2],53,-1,160,-1,157
1,<environment.Job instance at 0x7fea8b38e820>,53,15,[14  5],54,-1,172,-1,157
1,<environment.Job instance at 0x7fea8b38e370>,54,14,[14  4],55,-1,171,-1,157
1,<environment.Job instance at 0x7fea8b38e3c0>,55,17,[ 2 12],56,-1,174,-1,157
1,<environment.Job instance at 0x7fea8b38ea50>,56,28,[5 9],57,-1,185,-1,157
1,<environment.Job instance at 0x7fea8b38ee60>,57,26,[9 4],58,-1,183,-1,157
1,<environment.Job instance at 0x7fea8a154f00>,59,25,[11  1],60,-1,196,-1,171
1,<environment.Job instance at 0x7fea8a154320>,61,1,[13  2],62,-1,176,-1,175
1,<environment.Job instance at 0x7fea8a1547d0>,62,14,[13  2],63,-1,189,-1,175
1,<environment.Job instance at 0x7fea8a154870>,64,26,[4 7],65,-1,213,-1,187
1,<environment.Job instance at 0x7fea8a154b40>,65,2,[8 3],66,-1,189,-1,187
1,<environment.Job instance at 0x7fea8a154640>,67,18,[ 4 10],68,-1,222,-1,204
1,<environment.Job instance at 0x7fea8a154e60>,69,15,[10  1],70,-1,219,-1,204
1,<environment.Job instance at 0x7fea8a1549b0>,70,3,[5 1],71,-1,207,-1,204
1,<environment.Job instance at 0x7fea8a154af0>,73,20,[ 1 14],74,-1,238,-1,218
1,<environment.Job instance at 0x7fea8a154f50>,74,12,[ 3 14],75,-1,230,-1,218
1,<environment.Job instance at 0x7fea8b2574b0>,75,15,[ 1 10],76,-1,233,-1,218
1,<environment.Job instance at 0x7fea8b257550>,80,20,[ 5 13],81,-1,270,-1,250
1,<environment.Job instance at 0x7fea8b257640>,81,12,[ 5 13],82,-1,262,-1,250
1,<environment.Job instance at 0x7fea8b257be0>,82,15,[ 3 13],83,-1,265,-1,250
1,<environment.Job instance at 0x7fea8b257500>,84,18,[ 2 10],85,-1,269,-1,251
1,<environment.Job instance at 0x7fea8acc7a00>,88,2,[7 4],89,-1,286,-1,284
1,<environment.Job instance at 0x7fea8acc7f00>,89,24,[8 2],90,-1,308,-1,284
1,<environment.Job instance at 0x7fea8acc7320>,90,25,[5 8],91,-1,309,-1,284
1,<environment.Job instance at 0x7fea8acc73c0>,91,15,[11  2],92,-1,299,-1,284
1,<environment.Job instance at 0x7fea8acc7b90>,92,15,[14  1],93,-1,299,-1,284
1,<environment.Job instance at 0x7fea8acc74b0>,93,25,[ 2 10],94,-1,309,-1,284
1,<environment.Job instance at 0x7fea8acc72d0>,94,2,[ 2 10],95,-1,286,-1,284
1,<environment.Job instance at 0x7fea8acc7cd0>,95,23,[7 1],96,-1,307,-1,284
1,<environment.Job instance at 0x7fea8acc7140>,96,23,[5 3],97,-1,307,-1,284
1,<environment.Job instance at 0x7fea8acc7820>,97,26,[1 7],98,-1,310,-1,284
1,<environment.Job instance at 0x7fea8acc7960>,99,13,[ 2 12],100,-1,297,-1,284
1,<environment.Job instance at 0x7fea8acc7fa0>,100,27,[ 1 14],101,-1,311,-1,284
1,<environment.Job instance at 0x7fea8acc77d0>,103,28,[ 5 13],104,-1,331,-1,303
1,<environment.Job instance at 0x7fea8acc7370>,105,1,[6 4],106,-1,305,-1,304
1,<environment.Job instance at 0x7fea8a8845a0>,111,1,[ 2 13],112,-1,351,-1,350
1,<environment.Job instance at 0x7fea8a884500>,113,3,[6 4],114,-1,358,-1,355
1,<environment.Job instance at 0x7fea8a8840a0>,114,13,[9 1],115,-1,371,-1,358
1,<environment.Job instance at 0x7fea8a8845f0>,117,2,[11  1],118,-1,387,-1,385
1,<environment.Job instance at 0x7fea8a8842d0>,118,2,[5 3],119,-1,387,-1,385
1,<environment.Job instance at 0x7fea8a1a2cd0>,123,25,[ 5 10],124,-1,431,-1,406
1,<environment.Job instance at 0x7fea8a1a2640>,124,13,[12  3],125,-1,419,-1,406
1,<environment.Job instance at 0x7fea8a1a2370>,125,20,[ 4 11],126,-1,426,-1,406
1,<environment.Job instance at 0x7fea8a1a22d0>,127,15,[14  2],128,-1,421,-1,406
1,<environment.Job instance at 0x7fea8a1a2780>,128,12,[13  3],129,-1,418,-1,406
1,<environment.Job instance at 0x7fea8a170e60>,130,21,[9 1],131,-1,442,-1,421
1,<environment.Job instance at 0x7fea93d74c30>,132,25,[10  4],133,-1,446,-1,421
1,<environment.Job instance at 0x7fea93d74050>,133,3,[8 3],134,-1,424,-1,421
1,<environment.Job instance at 0x7fea93d74870>,138,20,[12  2],139,-1,472,-1,452
1,<environment.Job instance at 0x7fea93d740a0>,140,28,[8 4],141,-1,493,-1,465
1,<environment.Job instance at 0x7fea8af4e320>,144,13,[13  1],145,-1,493,-1,480
1,<environment.Job instance at 0x7fea8aa28780>,145,13,[ 1 10],146,-1,493,-1,480
1,<environment.Job instance at 0x7fea8a5daaf0>,147,18,[12  1],148,-1,512,-1,494
1,<environment.Job instance at 0x7fea8a9691e0>,149,19,[13  2],150,-1,528,-1,509
1,<environment.Job instance at 0x7fea8af5dcd0>,152,1,[ 2 13],153,-1,512,-1,511
1,<environment.Job instance at 0x7fea8a96dbe0>,153,24,[ 4 10],154,-1,535,-1,511
1,<environment.Job instance at 0x7fea8d82d820>,7,17,[ 1 12],8,-1,4013,-1,3996
1,<environment.Job instance at 0x7fea8aaeee10>,1,28,[14  2],2,-1,30,-1,2
1,<environment.Job instance at 0x7fea8af2e320>,4,17,[ 4 10],5,-1,23,-1,6
1,<environment.Job instance at 0x7fea8a258460>,5,3,[1 8],6,-1,12,-1,9
1,<environment.Job instance at 0x7fea8af2ee60>,12,15,[13  5],13,-1,28,-1,13
1,<environment.Job instance at 0x7fea8af2eb40>,13,20,[ 1 14],14,-1,34,-1,14
1,<environment.Job instance at 0x7fea8a06c370>,14,21,[10  2],15,-1,44,-1,23
1,<environment.Job instance at 0x7fea8af2e7d0>,15,12,[ 1 14],16,-1,35,-1,23
1,<environment.Job instance at 0x7fea8a06c5a0>,16,14,[ 3 11],17,-1,37,-1,23
1,<environment.Job instance at 0x7fea8a06c640>,18,12,[ 3 13],19,-1,35,-1,23
1,<environment.Job instance at 0x7fea8a06c910>,20,15,[7 1],21,-1,39,-1,24
1,<environment.Job instance at 0x7fea8a06ca50>,22,15,[ 4 11],23,-1,42,-1,27
1,<environment.Job instance at 0x7fea8a06c4b0>,23,26,[7 4],24,-1,53,-1,27
1,<environment.Job instance at 0x7fea8a06caf0>,24,22,[10  3],25,-1,57,-1,35
1,<environment.Job instance at 0x7fea8a06cc30>,25,17,[ 5 11],26,-1,52,-1,35
1,<environment.Job instance at 0x7fea8a06cc80>,26,22,[4 9],27,-1,57,-1,35
1,<environment.Job instance at 0x7fea8a06ceb0>,28,15,[6 1],29,-1,50,-1,35
1,<environment.Job instance at 0x7fea8a76e190>,31,12,[9 4],32,-1,54,-1,42
1,<environment.Job instance at 0x7fea8a76e2d0>,33,12,[10  5],34,-1,55,-1,43
1,<environment.Job instance at 0x7fea8a76e500>,36,28,[ 3 11],37,-1,92,-1,64
1,<environment.Job instance at 0x7fea8a76e5a0>,37,16,[5 1],38,-1,81,-1,65
1,<environment.Job instance at 0x7fea8a76e640>,38,16,[14  5],39,-1,81,-1,65
1,<environment.Job instance at 0x7fea8a76e7d0>,39,28,[6 3],40,-1,93,-1,65
1,<environment.Job instance at 0x7fea8a76e870>,40,13,[14  3],41,-1,78,-1,65
1,<environment.Job instance at 0x7fea8a76e910>,41,16,[8 1],42,-1,81,-1,65
1,<environment.Job instance at 0x7fea8a76eaa0>,42,14,[ 2 12],43,-1,79,-1,65
1,<environment.Job instance at 0x7fea8a76eb40>,43,12,[7 3],44,-1,79,-1,67
1,<environment.Job instance at 0x7fea8a76ebe0>,44,21,[ 3 14],45,-1,88,-1,67
1,<environment.Job instance at 0x7fea8a76ecd0>,46,23,[3 9],47,-1,98,-1,75
1,<environment.Job instance at 0x7fea8a76ee10>,48,25,[ 1 14],49,-1,108,-1,83
1,<environment.Job instance at 0x7fea8a76eeb0>,49,14,[1 9],50,-1,97,-1,83
1,<environment.Job instance at 0x7fea8a76eb90>,51,25,[2 8],52,-1,117,-1,92
1,<environment.Job instance at 0x7fea8a76e960>,52,12,[10  3],53,-1,104,-1,92
1,<environment.Job instance at 0x7fea8a071190>,53,13,[5 1],54,-1,105,-1,92
1,<environment.Job instance at 0x7fea8a071230>,54,16,[13  2],55,-1,108,-1,92
1,<environment.Job instance at 0x7fea8a071370>,56,12,[3 5],57,-1,108,-1,96
1,<environment.Job instance at 0x7fea8a071410>,57,13,[9 3],58,-1,109,-1,96
1,<environment.Job instance at 0x7fea8a071690>,60,2,[3 9],61,-1,113,-1,111
1,<environment.Job instance at 0x7fea8a071730>,61,18,[ 1 13],62,-1,129,-1,111
1,<environment.Job instance at 0x7fea8a0717d0>,62,22,[6 2],63,-1,133,-1,111
1,<environment.Job instance at 0x7fea8a071870>,63,16,[ 4 14],64,-1,127,-1,111
1,<environment.Job instance at 0x7fea8a071aa0>,64,15,[11  3],65,-1,126,-1,111
1,<environment.Job instance at 0x7fea8a071140>,65,15,[ 1 10],66,-1,126,-1,111
1,<environment.Job instance at 0x7fea8a0719b0>,66,22,[1 8],67,-1,133,-1,111
1,<environment.Job instance at 0x7fea8a071af0>,67,23,[3 5],68,-1,134,-1,111
1,<environment.Job instance at 0x7fea8a071b90>,68,17,[12  3],69,-1,128,-1,111
1,<environment.Job instance at 0x7fea8a071cd0>,70,13,[13  2],71,-1,142,-1,129
1,<environment.Job instance at 0x7fea8a071e10>,72,14,[1 6],73,-1,143,-1,129
1,<environment.Job instance at 0x7fea8a071f50>,74,22,[10  1],75,-1,166,-1,144
1,<environment.Job instance at 0x7fea8a0892d0>,76,13,[1 6],77,-1,157,-1,144
1,<environment.Job instance at 0x7fea8a089370>,77,17,[11  4],78,-1,161,-1,144
1,<environment.Job instance at 0x7fea8a089410>,78,18,[ 1 11],79,-1,162,-1,144
1,<environment.Job instance at 0x7fea8a0894b0>,79,12,[9 1],80,-1,156,-1,144
1,<environment.Job instance at 0x7fea8a089550>,80,26,[5 7],81,-1,170,-1,144
1,<environment.Job instance at 0x7fea8a0895f0>,81,16,[ 2 10],82,-1,160,-1,144
1,<environment.Job instance at 0x7fea8a089690>,82,13,[7 5],83,-1,157,-1,144
1,<environment.Job instance at 0x7fea8a089780>,83,15,[10  1],84,-1,159,-1,144
1,<environment.Job instance at 0x7fea8a089820>,84,20,[5 9],85,-1,164,-1,144
1,<environment.Job instance at 0x7fea8a089870>,85,25,[1 6],86,-1,169,-1,144
1,<environment.Job instance at 0x7fea8a089910>,86,12,[10  3],87,-1,156,-1,144
1,<environment.Job instance at 0x7fea8a0899b0>,87,15,[1 7],88,-1,159,-1,144
1,<environment.Job instance at 0x7fea8a089a50>,88,18,[5 6],89,-1,163,-1,145
1,<environment.Job instance at 0x7fea8a089af0>,89,27,[5 9],90,-1,172,-1,145
1,<environment.Job instance at 0x7fea8a089b90>,90,16,[8 1],91,-1,161,-1,145
1,<environment.Job instance at 0x7fea8a089c30>,91,12,[8 3],92,-1,157,-1,145
1,<environment.Job instance at 0x7fea8a089dc0>,92,26,[ 1 12],93,-1,171,-1,145
1,<environment.Job instance at 0x7fea8a089e10>,93,28,[ 3 14],94,-1,173,-1,145
1,<environment.Job instance at 0x7fea8a089eb0>,94,16,[4 7],95,-1,161,-1,145
1,<environment.Job instance at 0x7fea8b725cd0>,97,20,[12  1],98,-1,180,-1,160
1,<environment.Job instance at 0x7fea8af23f50>,98,24,[ 5 13],99,-1,184,-1,160
1,<environment.Job instance at 0x7fea8af23320>,99,23,[8 5],100,-1,183,-1,160
1,<environment.Job instance at 0x7fea8af23280>,100,28,[4 9],101,-1,188,-1,160
1,<environment.Job instance at 0x7fea8af23dc0>,101,24,[ 5 13],102,-1,184,-1,160
1,<environment.Job instance at 0x7fea8a0813c0>,103,15,[ 2 12],104,-1,194,-1,179
1,<environment.Job instance at 0x7fea8b275910>,104,15,[ 3 13],105,-1,194,-1,179
1,<environment.Job instance at 0x7fea8a78d410>,105,25,[7 4],106,-1,204,-1,179
1,<environment.Job instance at 0x7fea8a206cd0>,108,25,[14  3],109,-1,213,-1,188
1,<environment.Job instance at 0x7fea8a57caa0>,109,27,[14  3],110,-1,215,-1,188
1,<environment.Job instance at 0x7fea89f00d20>,110,18,[1 9],111,-1,206,-1,188
1,<environment.Job instance at 0x7fea8acaad20>,113,15,[10  2],114,-1,219,-1,204
1,<environment.Job instance at 0x7fea8a94b370>,115,15,[11  3],116,-1,222,-1,207
1,<environment.Job instance at 0x7fea8a516280>,116,28,[4 7],117,-1,235,-1,207
1,<environment.Job instance at 0x7fea89e95e60>,117,13,[5 9],118,-1,220,-1,207
1,<environment.Job instance at 0x7fea8a729a50>,118,3,[ 4 13],119,-1,210,-1,207
1,<environment.Job instance at 0x7fea8ac84f50>,121,12,[13  1],122,-1,233,-1,221
1,<environment.Job instance at 0x7fea8a453730>,122,13,[5 9],123,-1,234,-1,221
1,<environment.Job instance at 0x7fea8a240230>,123,13,[ 4 13],124,-1,234,-1,221
1,<environment.Job instance at 0x7fea8ac754b0>,124,18,[11  5],125,-1,239,-1,221
1,<environment.Job instance at 0x7fea8a240fa0>,125,15,[5 1],126,-1,236,-1,221
1,<environment.Job instance at 0x7fea8a812410>,126,12,[2 7],127,-1,233,-1,221
1,<environment.Job instance at 0x7fea89e97be0>,127,24,[10  4],128,-1,245,-1,221
1,<environment.Job instance at 0x7fea8aca4460>,128,25,[5 1],129,-1,246,-1,221
1,<environment.Job instance at 0x7fea8b2844b0>,129,17,[1 8],130,-1,238,-1,221
1,<environment.Job instance at 0x7fea8a5cbc30>,130,13,[ 5 13],131,-1,234,-1,221
1,<environment.Job instance at 0x7fea8a80df00>,133,23,[7 5],134,-1,263,-1,240
1,<environment.Job instance at 0x7fea8a80da00>,134,26,[ 5 13],135,-1,266,-1,240
1,<environment.Job instance at 0x7fea8a2302d0>,135,17,[ 2 10],136,-1,257,-1,240
1,<environment.Job instance at 0x7fea8a230d70>,136,16,[7 1],137,-1,256,-1,240
1,<environment.Job instance at 0x7fea8a230730>,138,23,[3 5],139,-1,276,-1,253
1,<environment.Job instance at 0x7fea8a230cd0>,141,23,[5 3],142,-1,293,-1,270
1,<environment.Job instance at 0x7fea8a2305f0>,143,17,[5 1],144,-1,305,-1,288
1,<environment.Job instance at 0x7fea8a7ee910>,144,27,[5 6],145,-1,315,-1,288
1,<environment.Job instance at 0x7fea8a230910>,147,26,[ 2 12],148,-1,329,-1,303
1,<environment.Job instance at 0x7fea8a23e230>,149,3,[ 2 11],150,-1,306,-1,303
1,<environment.Job instance at 0x7fea8a23e280>,150,13,[6 5],151,-1,316,-1,303
1,<environment.Job instance at 0x7fea8a23ee60>,151,16,[14  5],152,-1,319,-1,303
1,<environment.Job instance at 0x7fea8a23eaf0>,152,24,[5 1],153,-1,327,-1,303
1,<environment.Job instance at 0x7fea8a23ef00>,153,17,[ 5 12],154,-1,320,-1,303
1,<environment.Job instance at 0x7fea8a247320>,155,12,[5 1],156,-1,330,-1,318
1,<environment.Job instance at 0x7fea8a247640>,156,1,[5 8],157,-1,319,-1,318
1,<environment.Job instance at 0x7fea8af2e280>,8,22,[ 2 12],9,-1,4094,-1,4072
1,<environment.Job instance at 0x7fea8b6ede60>,10,17,[ 4 14],11,-1,34,-1,17
1,<environment.Job instance at 0x7fea8b6ed370>,13,14,[ 2 11],14,-1,50,-1,36
1,<environment.Job instance at 0x7fea8b6edc80>,15,22,[7 1],16,-1,71,-1,49
1,<environment.Job instance at 0x7fea8a1baf00>,19,25,[6 4],20,-1,77,-1,52
1,<environment.Job instance at 0x7fea8b6edcd0>,20,25,[14  3],21,-1,77,-1,52
1,<environment.Job instance at 0x7fea8a1ba370>,21,27,[8 1],22,-1,79,-1,52
1,<environment.Job instance at 0x7fea8b6ec140>,23,20,[ 3 12],24,-1,72,-1,52
1,<environment.Job instance at 0x7fea8b6ec370>,24,2,[1 8],25,-1,54,-1,52
1,<environment.Job instance at 0x7fea8b6ec4b0>,25,23,[5 2],26,-1,75,-1,52
1,<environment.Job instance at 0x7fea8b6ec050>,26,23,[1 6],27,-1,75,-1,52
1,<environment.Job instance at 0x7fea8b6ecb40>,27,23,[10  4],28,-1,75,-1,52
1,<environment.Job instance at 0x7fea8b6ec870>,29,21,[ 2 10],30,-1,87,-1,66
1,<environment.Job instance at 0x7fea8b6ec820>,30,28,[8 5],31,-1,94,-1,66
1,<environment.Job instance at 0x7fea8b6ec960>,32,16,[ 3 10],33,-1,82,-1,66
1,<environment.Job instance at 0x7fea8b6ec640>,33,2,[10  3],34,-1,68,-1,66
1,<environment.Job instance at 0x7fea8a160f00>,38,16,[12  4],39,-1,113,-1,97
1,<environment.Job instance at 0x7fea8a182f00>,43,19,[ 1 11],44,-1,158,-1,139
1,<environment.Job instance at 0x7fea8a154050>,44,26,[5 3],45,-1,165,-1,139
1,<environment.Job instance at 0x7fea8a154be0>,45,27,[6 1],46,-1,166,-1,139
1,<environment.Job instance at 0x7fea8a154cd0>,47,13,[11  3],48,-1,154,-1,141
1,<environment.Job instance at 0x7fea8ae5da50>,52,17,[13  2],53,-1,201,-1,184
1,<environment.Job instance at 0x7fea8ae5d280>,53,20,[ 1 13],54,-1,204,-1,184
1,<environment.Job instance at 0x7fea8ae5deb0>,54,18,[11  2],55,-1,202,-1,184
1,<environment.Job instance at 0x7fea8a5082d0>,55,26,[12  4],56,-1,210,-1,184
1,<environment.Job instance at 0x7fea8a5089b0>,56,14,[11  2],57,-1,198,-1,184
1,<environment.Job instance at 0x7fea8ac21d20>,59,13,[ 1 13],60,-1,200,-1,187
1,<environment.Job instance at 0x7fea8ac21c80>,62,1,[6 3],63,-1,205,-1,204
1,<environment.Job instance at 0x7fea8b215500>,63,2,[ 4 11],64,-1,206,-1,204
1,<environment.Job instance at 0x7fea8b215e10>,64,23,[ 2 11],65,-1,227,-1,204
1,<environment.Job instance at 0x7fea8a54e640>,66,22,[8 4],67,-1,245,-1,223
1,<environment.Job instance at 0x7fea8a54e370>,68,17,[10  1],69,-1,240,-1,223
1,<environment.Job instance at 0x7fea8a54e6e0>,69,13,[6 1],70,-1,236,-1,223
1,<environment.Job instance at 0x7fea8a54eb90>,70,12,[ 4 10],71,-1,235,-1,223
1,<environment.Job instance at 0x7fea8a54e550>,71,17,[6 1],72,-1,240,-1,223
1,<environment.Job instance at 0x7fea8b1d3640>,72,16,[11  2],73,-1,239,-1,223
1,<environment.Job instance at 0x7fea8b1d3140>,76,1,[10  5],77,-1,239,-1,238
1,<environment.Job instance at 0x7fea8b1d35f0>,77,21,[3 7],78,-1,259,-1,238
1,<environment.Job instance at 0x7fea8b1d3aa0>,78,26,[2 5],79,-1,264,-1,238
1,<environment.Job instance at 0x7fea8b1d35a0>,79,28,[4 8],80,-1,266,-1,238
1,<environment.Job instance at 0x7fea8b1d3d70>,80,28,[1 5],81,-1,266,-1,238
1,<environment.Job instance at 0x7fea8b1d3be0>,81,1,[9 5],82,-1,239,-1,238
1,<environment.Job instance at 0x7fea8b1d3a00>,82,14,[ 5 11],83,-1,252,-1,238
1,<environment.Job instance at 0x7fea8a53ba50>,83,13,[12  1],84,-1,251,-1,238
1,<environment.Job instance at 0x7fea8a53bb90>,84,20,[8 1],85,-1,258,-1,238
1,<environment.Job instance at 0x7fea8a53b5a0>,86,22,[7 4],87,-1,279,-1,257
1,<environment.Job instance at 0x7fea8a53b4b0>,87,28,[ 1 10],88,-1,285,-1,257
1,<environment.Job instance at 0x7fea8b0e0dc0>,89,15,[ 3 12],90,-1,272,-1,257
1,<environment.Job instance at 0x7fea8b0e08c0>,90,19,[ 5 10],91,-1,276,-1,257
1,<environment.Job instance at 0x7fea8b0e06e0>,91,26,[9 3],92,-1,283,-1,257
1,<environment.Job instance at 0x7fea8b0e0b90>,92,24,[1 7],93,-1,281,-1,257
1,<environment.Job instance at 0x7fea8b0e05a0>,93,26,[4 7],94,-1,283,-1,257
1,<environment.Job instance at 0x7fea8b0e0960>,94,15,[14  1],95,-1,272,-1,257
1,<environment.Job instance at 0x7fea8b0e0cd0>,95,25,[5 6],96,-1,282,-1,257
1,<environment.Job instance at 0x7fea8b0e0320>,96,28,[1 5],97,-1,285,-1,257
1,<environment.Job instance at 0x7fea8b7efaa0>,97,17,[14  1],98,-1,274,-1,257
1,<environment.Job instance at 0x7fea8b7ef500>,98,21,[9 4],99,-1,282,-1,261
1,<environment.Job instance at 0x7fea8b7ef690>,99,14,[11  3],100,-1,275,-1,261
1,<environment.Job instance at 0x7fea8b7efd70>,100,22,[11  4],101,-1,283,-1,261
1,<environment.Job instance at 0x7fea8b7efa00>,101,14,[ 4 14],102,-1,275,-1,261
1,<environment.Job instance at 0x7fea8b7efaf0>,102,17,[ 1 11],103,-1,278,-1,261
1,<environment.Job instance at 0x7fea8b7effa0>,103,21,[7 3],104,-1,282,-1,261
1,<environment.Job instance at 0x7fea8b7ef0a0>,104,23,[9 5],105,-1,284,-1,261
1,<environment.Job instance at 0x7fea8b7efdc0>,105,23,[ 5 14],106,-1,284,-1,261
1,<environment.Job instance at 0x7fea8b7ef3c0>,106,16,[2 7],107,-1,280,-1,264
1,<environment.Job instance at 0x7fea8a253500>,107,19,[5 1],108,-1,283,-1,264
1,<environment.Job instance at 0x7fea8a253960>,108,12,[13  4],109,-1,276,-1,264
1,<environment.Job instance at 0x7fea8a253690>,110,16,[ 3 10],111,-1,287,-1,271
1,<environment.Job instance at 0x7fea8a253a00>,112,2,[5 2],113,-1,273,-1,271
1,<environment.Job instance at 0x7fea8a253d20>,113,13,[ 1 13],114,-1,284,-1,271
1,<environment.Job instance at 0x7fea8a253730>,116,13,[12  1],117,-1,295,-1,282
1,<environment.Job instance at 0x7fea8a2533c0>,120,20,[2 6],121,-1,337,-1,317
1,<environment.Job instance at 0x7fea8a253050>,121,17,[ 1 10],122,-1,334,-1,317
1,<environment.Job instance at 0x7fea8a253550>,122,1,[ 1 10],123,-1,318,-1,317
1,<environment.Job instance at 0x7fea8a253aa0>,123,13,[12  2],124,-1,330,-1,317
1,<environment.Job instance at 0x7fea8adb0550>,125,26,[11  4],126,-1,346,-1,320
1,<environment.Job instance at 0x7fea8b3aac30>,133,12,[12  2],134,-1,394,-1,382
1,<environment.Job instance at 0x7fea8afba3c0>,139,14,[ 5 12],140,-1,437,-1,423
1,<environment.Job instance at 0x7fea89f8b910>,141,14,[1 9],142,-1,442,-1,428
1,<environment.Job instance at 0x7fea8adc6870>,142,28,[ 1 12],143,-1,456,-1,428
1,<environment.Job instance at 0x7fea8a089140>,146,22,[3 5],147,-1,487,-1,465
1,<environment.Job instance at 0x7fea8a8ad690>,148,17,[1 6],149,-1,482,-1,465
1,<environment.Job instance at 0x7fea89f8b0f0>,149,12,[10  1],150,-1,477,-1,465
1,<environment.Job instance at 0x7fea8a253c30>,118,26,[ 5 10],119,-1,3037,-1,3011
1,<environment.Job instance at 0x7fea8b1d30f0>,74,17,[13  2],75,-1,3042,-1,3025
1,<environment.Job instance at 0x7fea93ddafa0>,1,26,[5 6],2,-1,28,-1,2
1,<environment.Job instance at 0x7fea8a147eb0>,3,14,[ 1 13],4,-1,18,-1,4
1,<environment.Job instance at 0x7fea8a147280>,5,26,[11  1],6,-1,32,-1,6
1,<environment.Job instance at 0x7fea8a147460>,6,24,[12  2],7,-1,31,-1,7
1,<environment.Job instance at 0x7fea8a1472d0>,10,3,[ 5 14],11,-1,14,-1,11
1,<environment.Job instance at 0x7fea8a147730>,11,18,[ 3 12],12,-1,30,-1,12
1,<environment.Job instance at 0x7fea8aa9d910>,16,23,[9 5],17,-1,47,-1,24
1,<environment.Job instance at 0x7fea8aa9d140>,18,26,[ 4 12],19,-1,53,-1,27
1,<environment.Job instance at 0x7fea8aa9d4b0>,19,1,[ 2 14],20,-1,28,-1,27
1,<environment.Job instance at 0x7fea8aa9de60>,20,25,[12  5],21,-1,52,-1,27
1,<environment.Job instance at 0x7fea8aa9d5a0>,23,17,[13  3],24,-1,62,-1,45
1,<environment.Job instance at 0x7fea8aa9d5f0>,24,20,[ 4 11],25,-1,65,-1,45
1,<environment.Job instance at 0x7fea8aa9daa0>,27,25,[8 5],28,-1,89,-1,64
1,<environment.Job instance at 0x7fea8aa9d870>,28,18,[11  3],29,-1,82,-1,64
1,<environment.Job instance at 0x7fea8aa9d6e0>,29,27,[13  5],30,-1,91,-1,64
1,<environment.Job instance at 0x7fea9448b410>,31,14,[ 4 13],32,-1,100,-1,86
1,<environment.Job instance at 0x7fea9448b6e0>,34,25,[5 3],35,-1,112,-1,87
1,<environment.Job instance at 0x7fea8ae5d6e0>,36,16,[ 3 11],37,-1,121,-1,105
1,<environment.Job instance at 0x7fea8ae5d0a0>,37,28,[4 9],38,-1,133,-1,105
1,<environment.Job instance at 0x7fea8ae5d320>,38,25,[11  1],39,-1,130,-1,105
1,<environment.Job instance at 0x7fea8ae5dd70>,41,12,[12  1],42,-1,138,-1,126
1,<environment.Job instance at 0x7fea8ae5d230>,44,27,[ 3 14],45,-1,161,-1,134
1,<environment.Job instance at 0x7fea8ae5de10>,45,13,[ 3 13],46,-1,147,-1,134
1,<environment.Job instance at 0x7fea8ae5dfa0>,46,28,[11  1],47,-1,162,-1,134
1,<environment.Job instance at 0x7fea8ae5d5a0>,47,18,[ 4 11],48,-1,152,-1,134
1,<environment.Job instance at 0x7fea8ae5da00>,50,18,[12  3],51,-1,169,-1,151
1,<environment.Job instance at 0x7feab003c8c0>,54,17,[ 3 13],55,-1,204,-1,187
1,<environment.Job instance at 0x7fea8a1b7140>,57,1,[1 7],58,-1,189,-1,188
1,<environment.Job instance at 0x7fea8a92f6e0>,64,19,[12  3],65,-1,254,-1,235
1,<environment.Job instance at 0x7fea8a92faf0>,65,25,[2 6],66,-1,260,-1,235
1,<environment.Job instance at 0x7fea8a92f870>,68,28,[4 6],69,-1,281,-1,253
1,<environment.Job instance at 0x7fea8a92fd70>,70,18,[11  5],71,-1,286,-1,268
1,<environment.Job instance at 0x7fea8b241f00>,71,23,[ 1 10],72,-1,291,-1,268
1,<environment.Job instance at 0x7fea8a92f2d0>,72,17,[ 3 14],73,-1,285,-1,268
1,<environment.Job instance at 0x7fea8b082cd0>,74,28,[4 7],75,-1,305,-1,277
1,<environment.Job instance at 0x7fea89e6e230>,76,24,[11  4],77,-1,314,-1,290
1,<environment.Job instance at 0x7fea8af15460>,80,24,[9 4],81,-1,320,-1,296
1,<environment.Job instance at 0x7fea8b5ad410>,85,12,[ 2 12],86,-1,349,-1,337
1,<environment.Job instance at 0x7fea8d87ff50>,89,15,[ 4 10],90,-1,407,-1,392
1,<environment.Job instance at 0x7fea8ae42b40>,94,13,[7 1],95,-1,406,-1,393
1,<environment.Job instance at 0x7fea8ae42b90>,98,12,[ 3 11],99,-1,424,-1,412
1,<environment.Job instance at 0x7fea8b441410>,99,27,[13  4],100,-1,439,-1,412
1,<environment.Job instance at 0x7fea8b441870>,100,15,[ 3 14],101,-1,427,-1,412
1,<environment.Job instance at 0x7fea8b770be0>,103,14,[13  2],104,-1,439,-1,425
1,<environment.Job instance at 0x7fea943a9820>,106,14,[5 2],107,-1,469,-1,455
1,<environment.Job instance at 0x7fea943a9960>,107,3,[5 1],108,-1,458,-1,455
1,<environment.Job instance at 0x7fea943a99b0>,108,15,[ 4 12],109,-1,470,-1,455
1,<environment.Job instance at 0x7fea943a9f50>,110,14,[6 2],111,-1,488,-1,474
1,<environment.Job instance at 0x7fea943a9c80>,111,3,[7 3],112,-1,477,-1,474
1,<environment.Job instance at 0x7fea943a9500>,112,19,[14  4],113,-1,493,-1,474
1,<environment.Job instance at 0x7fea943a9910>,114,26,[ 2 10],115,-1,500,-1,474
1,<environment.Job instance at 0x7fea8a8ebfa0>,115,1,[6 2],116,-1,475,-1,474
1,<environment.Job instance at 0x7fea8adc6780>,117,17,[14  4],118,-1,498,-1,481
1,<environment.Job instance at 0x7fea8adc6dc0>,118,3,[14  4],119,-1,484,-1,481
1,<environment.Job instance at 0x7fea8b4c9f50>,119,13,[3 8],120,-1,514,-1,501
1,<environment.Job instance at 0x7fea8b4c9960>,121,2,[2 7],122,-1,503,-1,501
1,<environment.Job instance at 0x7fea8ae6e0a0>,122,13,[2 6],123,-1,517,-1,504
1,<environment.Job instance at 0x7fea8ae6e3c0>,124,2,[2 5],125,-1,516,-1,514
1,<environment.Job instance at 0x7fea8b6b0f50>,125,22,[14  4],126,-1,536,-1,514
1,<environment.Job instance at 0x7fea8b7fab90>,126,16,[14  2],127,-1,530,-1,514
1,<environment.Job instance at 0x7fea8b6b0dc0>,127,15,[5 1],128,-1,531,-1,516
1,<environment.Job instance at 0x7fea8b7fadc0>,128,12,[1 5],129,-1,528,-1,516
1,<environment.Job instance at 0x7fea8b7fa690>,129,2,[ 2 11],130,-1,518,-1,516
1,<environment.Job instance at 0x7fea8b7fad20>,130,13,[1 5],131,-1,529,-1,516
1,<environment.Job instance at 0x7fea8b7fa460>,131,3,[7 5],132,-1,519,-1,516
1,<environment.Job instance at 0x7fea8a004050>,141,22,[9 1],142,-1,605,-1,583
1,<environment.Job instance at 0x7fea8a004aa0>,143,1,[6 5],144,-1,584,-1,583
1,<environment.Job instance at 0x7fea8a004820>,144,14,[ 2 11],145,-1,597,-1,583
1,<environment.Job instance at 0x7fea8a004140>,145,18,[ 2 11],146,-1,601,-1,583
1,<environment.Job instance at 0x7fea8a0047d0>,146,18,[12  3],147,-1,601,-1,583
1,<environment.Job instance at 0x7fea8a0045f0>,147,19,[ 2 12],148,-1,602,-1,583
1,<environment.Job instance at 0x7fea8a004780>,148,13,[5 2],149,-1,596,-1,583
1,<environment.Job instance at 0x7fea8a004f00>,150,17,[ 5 14],151,-1,615,-1,598
1,<environment.Job instance at 0x7fea8a004eb0>,151,25,[ 1 11],152,-1,623,-1,598
1,<environment.Job instance at 0x7fea8a0044b0>,152,1,[3 7],153,-1,599,-1,598
1,<environment.Job instance at 0x7fea8b5e8b90>,155,23,[8 4],156,-1,639,-1,616
1,<environment.Job instance at 0x7fea8b5e82d0>,156,12,[12  1],157,-1,628,-1,616
1,<environment.Job instance at 0x7fea8b5e8370>,157,17,[ 4 11],158,-1,633,-1,616
1,<environment.Job instance at 0x7fea8a882e60>,2,27,[10  5],3,-1,30,-1,3
1,<environment.Job instance at 0x7fea8a0d0460>,9,19,[12  1],10,-1,34,-1,15
1,<environment.Job instance at 0x7fea8a0d0b90>,10,22,[ 2 12],11,-1,37,-1,15
1,<environment.Job instance at 0x7fea8a0d07d0>,12,20,[12  3],13,-1,44,-1,24
1,<environment.Job instance at 0x7fea8a0d0690>,13,17,[14  4],14,-1,42,-1,25
1,<environment.Job instance at 0x7fea8a0d0aa0>,14,17,[12  2],15,-1,42,-1,25
1,<environment.Job instance at 0x7fea8a0d0f00>,15,17,[ 2 13],16,-1,42,-1,25
1,<environment.Job instance at 0x7fea8a0d0a00>,17,26,[ 3 14],18,-1,56,-1,30
1,<environment.Job instance at 0x7fea8a0d0960>,22,15,[11  1],23,-1,73,-1,58
1,<environment.Job instance at 0x7fea8a0c71e0>,25,12,[ 4 13],26,-1,87,-1,75
1,<environment.Job instance at 0x7fea8a0c73c0>,28,27,[ 3 12],29,-1,113,-1,86
1,<environment.Job instance at 0x7fea8a0c7460>,29,24,[7 1],30,-1,110,-1,86
1,<environment.Job instance at 0x7fea8a0c7640>,31,2,[ 2 12],32,-1,88,-1,86
1,<environment.Job instance at 0x7fea8a0c7690>,32,13,[ 3 11],33,-1,99,-1,86
1,<environment.Job instance at 0x7fea8a0c7910>,36,15,[13  1],37,-1,130,-1,115
1,<environment.Job instance at 0x7fea8a0c7b90>,40,17,[12  4],41,-1,149,-1,132
1,<environment.Job instance at 0x7fea8a0c7cd0>,42,2,[12  3],43,-1,150,-1,148
1,<environment.Job instance at 0x7fea8a0c7f50>,46,19,[14  5],47,-1,183,-1,164
1,<environment.Job instance at 0x7fea8a0c7370>,48,24,[ 5 12],49,-1,198,-1,174
1,<environment.Job instance at 0x7fea8a0d4190>,49,25,[9 4],50,-1,199,-1,174
1,<environment.Job instance at 0x7fea8a0d44b0>,54,15,[14  5],55,-1,225,-1,210
1,<environment.Job instance at 0x7fea8a0d4690>,59,20,[ 4 14],60,-1,254,-1,234
1,<environment.Job instance at 0x7fea8a0d4a00>,60,17,[14  1],61,-1,251,-1,234
1,<environment.Job instance at 0x7fea8a0d4910>,61,16,[13  2],62,-1,250,-1,234
1,<environment.Job instance at 0x7fea8a0d4d70>,65,2,[ 1 12],66,-1,259,-1,257
1,<environment.Job instance at 0x7fea8a0d4f00>,67,20,[ 1 13],68,-1,280,-1,260
1,<environment.Job instance at 0x7fea8a0d4eb0>,69,23,[ 3 11],70,-1,292,-1,269
1,<environment.Job instance at 0x7fea8a0cf190>,71,16,[ 1 14],72,-1,301,-1,285
1,<environment.Job instance at 0x7fea8a0cf2d0>,73,17,[12  2],74,-1,302,-1,285
1,<environment.Job instance at 0x7fea8a0cf5a0>,75,17,[ 1 13],76,-1,311,-1,294
1,<environment.Job instance at 0x7fea8a0cf8c0>,80,13,[ 4 14],81,-1,334,-1,321
1,<environment.Job instance at 0x7fea8a0cfa00>,82,20,[ 2 11],83,-1,346,-1,326
1,<environment.Job instance at 0x7fea8a0cfb40>,84,16,[ 1 13],85,-1,353,-1,337
1,<environment.Job instance at 0x7fea8a0cff00>,89,12,[ 3 13],90,-1,370,-1,358
1,<environment.Job instance at 0x7fea8a0a4140>,92,28,[13  1],93,-1,403,-1,375
1,<environment.Job instance at 0x7fea8a0a41e0>,93,18,[ 2 14],94,-1,393,-1,375
1,<environment.Job instance at 0x7fea8a0a4be0>,106,1,[ 1 11],107,-1,474,-1,473
1,<environment.Job instance at 0x7fea8a0a4dc0>,109,15,[14  4],110,-1,505,-1,490
1,<environment.Job instance at 0x7fea8a0a4e60>,110,2,[10  3],111,-1,492,-1,490
1,<environment.Job instance at 0x7fea8a0a4fa0>,112,27,[6 3],113,-1,518,-1,491
1,<environment.Job instance at 0x7fea8a0a4eb0>,113,27,[ 3 11],114,-1,518,-1,491
1,<environment.Job instance at 0x7fea8a0a9320>,116,17,[12  2],117,-1,523,-1,506
1,<environment.Job instance at 0x7fea8a0a9550>,120,28,[4 7],121,-1,565,-1,537
1,<environment.Job instance at 0x7fea8a0a9640>,124,23,[5 8],125,-1,611,-1,588
1,<environment.Job instance at 0x7fea8a0a9b40>,129,1,[7 2],130,-1,607,-1,606
1,<environment.Job instance at 0x7fea8a0a9230>,131,12,[ 2 14],132,-1,618,-1,606
1,<environment.Job instance at 0x7fea94174c80>,134,12,[13  4],135,-1,641,-1,629
1,<environment.Job instance at 0x7fea8a30aeb0>,135,3,[9 3],136,-1,636,-1,633
1,<environment.Job instance at 0x7fea8b2af460>,136,14,[ 3 12],137,-1,647,-1,633
1,<environment.Job instance at 0x7fea8b2af3c0>,137,16,[13  2],138,-1,649,-1,633
1,<environment.Job instance at 0x7fea89f4c780>,140,28,[ 5 12],141,-1,669,-1,641
1,<environment.Job instance at 0x7fea89f35af0>,141,2,[ 1 10],142,-1,643,-1,641
1,<environment.Job instance at 0x7fea8b2ac9b0>,142,1,[7 4],143,-1,642,-1,641
1,<environment.Job instance at 0x7fea8b296f00>,145,3,[7 4],146,-1,650,-1,647
1,<environment.Job instance at 0x7fea8b296c80>,147,25,[12  1],148,-1,672,-1,647
1,<environment.Job instance at 0x7fea8b296b90>,150,3,[9 5],151,-1,673,-1,670
1,<environment.Job instance at 0x7fea8a31df00>,152,28,[9 5],153,-1,699,-1,671
1,<environment.Job instance at 0x7fea8a31d0f0>,154,12,[11  1],155,-1,686,-1,674
1,<environment.Job instance at 0x7fea8b29b730>,155,1,[12  5],156,-1,675,-1,674
1,<environment.Job instance at 0x7fea8b28b8c0>,156,2,[1 8],157,-1,677,-1,675
1,<environment.Job instance at 0x7fea8b2987d0>,158,28,[6 2],159,-1,707,-1,679
1,<environment.Job instance at 0x7fea8b5a0c80>,4,28,[ 4 10],5,-1,33,-1,5
1,<environment.Job instance at 0x7fea8a8d3280>,5,25,[5 3],6,-1,31,-1,6
1,<environment.Job instance at 0x7fea8a8d39b0>,7,13,[14  1],8,-1,21,-1,8
1,<environment.Job instance at 0x7fea8a8d34b0>,13,24,[5 8],14,-1,45,-1,21
1,<environment.Job instance at 0x7fea8a8d3fa0>,15,24,[ 4 11],16,-1,60,-1,36
1,<environment.Job instance at 0x7fea8a8d3a00>,17,28,[8 4],18,-1,65,-1,37
1,<environment.Job instance at 0x7fea8a7df870>,23,16,[ 5 12],24,-1,101,-1,85
1,<environment.Job instance at 0x7fea8b25e050>,24,17,[13  5],25,-1,102,-1,85
1,<environment.Job instance at 0x7fea8a43d8c0>,25,22,[ 3 12],26,-1,107,-1,85
1,<environment.Job instance at 0x7fea8a31baf0>,26,13,[14  4],27,-1,98,-1,85
1,<environment.Job instance at 0x7fea8a43d550>,27,24,[ 2 14],28,-1,109,-1,85
1,<environment.Job instance at 0x7fea93e9e5a0>,28,12,[6 1],29,-1,126,-1,114
1,<environment.Job instance at 0x7fea8a12e500>,34,17,[13  1],35,-1,134,-1,117
1,<environment.Job instance at 0x7fea8adf3460>,36,3,[10  5],37,-1,125,-1,122
1,<environment.Job instance at 0x7fea8d87ff50>,37,12,[12  5],38,-1,134,-1,122
1,<environment.Job instance at 0x7fea8a31d690>,39,24,[3 6],40,-1,155,-1,131
1,<environment.Job instance at 0x7fea8adf3a00>,40,12,[5 9],41,-1,145,-1,133
1,<environment.Job instance at 0x7fea8b2acaf0>,41,12,[ 4 10],42,-1,145,-1,133
1,<environment.Job instance at 0x7fea8b296910>,42,2,[4 9],43,-1,135,-1,133
1,<environment.Job instance at 0x7fea8b296af0>,43,17,[11  5],44,-1,150,-1,133
1,<environment.Job instance at 0x7fea89fcda50>,46,22,[ 4 11],47,-1,171,-1,149
1,<environment.Job instance at 0x7fea89fcd690>,48,14,[13  5],49,-1,167,-1,153
1,<environment.Job instance at 0x7fea8adb1fa0>,49,23,[4 6],50,-1,176,-1,153
1,<environment.Job instance at 0x7fea8adb1460>,50,3,[2 9],51,-1,156,-1,153
1,<environment.Job instance at 0x7fea8adb1500>,52,18,[ 4 13],53,-1,180,-1,162
1,<environment.Job instance at 0x7fea8adb13c0>,53,2,[1 6],54,-1,164,-1,162
1,<environment.Job instance at 0x7fea8adb1050>,54,12,[ 2 12],55,-1,174,-1,162
1,<environment.Job instance at 0x7fea8ab196e0>,59,3,[13  1],60,-1,208,-1,205
1,<environment.Job instance at 0x7fea8ab19af0>,62,17,[14  2],63,-1,238,-1,221
1,<environment.Job instance at 0x7fea8ad4fe60>,65,18,[13  4],66,-1,259,-1,241
1,<environment.Job instance at 0x7fea8adbf960>,69,15,[12  3],70,-1,288,-1,273
1,<environment.Job instance at 0x7fea8aaeae60>,70,13,[ 1 14],71,-1,286,-1,273
1,<environment.Job instance at 0x7fea8aaea5a0>,71,15,[ 3 14],72,-1,288,-1,273
1,<environment.Job instance at 0x7fea8aaea230>,72,2,[10  3],73,-1,275,-1,273
1,<environment.Job instance at 0x7fea8aaea550>,74,27,[6 3],75,-1,300,-1,273
1,<environment.Job instance at 0x7fea8aaeafa0>,75,1,[6 5],76,-1,274,-1,273
1,<environment.Job instance at 0x7fea8ab102d0>,78,27,[10  1],79,-1,308,-1,281
1,<environment.Job instance at 0x7fea8a1853c0>,81,23,[12  4],82,-1,318,-1,295
1,<environment.Job instance at 0x7fea8a1859b0>,84,23,[10  2],85,-1,335,-1,312
1,<environment.Job instance at 0x7fea8a1852d0>,86,14,[ 2 11],87,-1,331,-1,317
1,<environment.Job instance at 0x7fea8a50a050>,89,13,[ 3 14],90,-1,346,-1,333
1,<environment.Job instance at 0x7fea94144050>,90,13,[11  1],91,-1,346,-1,333
1,<environment.Job instance at 0x7fea8a6748c0>,91,28,[5 6],92,-1,361,-1,333
1,<environment.Job instance at 0x7fea8ab37d20>,94,2,[4 5],95,-1,349,-1,347
1,<environment.Job instance at 0x7fea8ab37320>,95,2,[ 1 10],96,-1,349,-1,347
1,<environment.Job instance at 0x7fea8ab37d70>,96,17,[11  3],97,-1,364,-1,347
1,<environment.Job instance at 0x7fea8b347050>,97,20,[ 4 13],98,-1,367,-1,347
1,<environment.Job instance at 0x7fea8a8adb40>,98,27,[13  4],99,-1,374,-1,347
1,<environment.Job instance at 0x7fea8a2d6f50>,99,14,[ 2 11],100,-1,361,-1,347
1,<environment.Job instance at 0x7fea8a2b48c0>,103,17,[ 2 11],104,-1,382,-1,365
1,<environment.Job instance at 0x7fea8a2b45f0>,104,12,[13  5],105,-1,377,-1,365
1,<environment.Job instance at 0x7fea8b343a50>,105,1,[12  1],106,-1,366,-1,365
1,<environment.Job instance at 0x7fea89fb8eb0>,107,3,[ 3 12],108,-1,382,-1,379
1,<environment.Job instance at 0x7fea89fb83c0>,108,1,[3 8],109,-1,380,-1,379
1,<environment.Job instance at 0x7fea89fb8640>,109,2,[4 7],110,-1,381,-1,379
1,<environment.Job instance at 0x7fea8adf0e60>,112,17,[13  5],113,-1,413,-1,396
1,<environment.Job instance at 0x7fea8a3ca460>,116,26,[9 2],117,-1,445,-1,419
1,<environment.Job instance at 0x7fea942e5e10>,117,24,[9 2],118,-1,443,-1,419
1,<environment.Job instance at 0x7fea8af39cd0>,119,25,[6 2],120,-1,450,-1,425
1,<environment.Job instance at 0x7fea93d68050>,123,21,[ 5 13],124,-1,476,-1,455
1,<environment.Job instance at 0x7fea8a5e3be0>,124,12,[ 1 12],125,-1,467,-1,455
1,<environment.Job instance at 0x7fea93d68c30>,125,22,[12  4],126,-1,477,-1,455
1,<environment.Job instance at 0x7fea8b3029b0>,126,27,[ 1 13],127,-1,482,-1,455
1,<environment.Job instance at 0x7fea8b302910>,127,18,[ 2 12],128,-1,473,-1,455
1,<environment.Job instance at 0x7fea8b3021e0>,128,3,[5 1],129,-1,458,-1,455
1,<environment.Job instance at 0x7fea8af63870>,129,25,[ 4 14],130,-1,480,-1,455
1,<environment.Job instance at 0x7fea8af632d0>,130,19,[ 3 14],131,-1,474,-1,455
1,<environment.Job instance at 0x7fea8af63e60>,132,17,[ 2 11],133,-1,482,-1,465
1,<environment.Job instance at 0x7fea8a546eb0>,137,1,[2 5],138,-1,500,-1,499
1,<environment.Job instance at 0x7fea8a7e4370>,139,3,[6 1],140,-1,509,-1,506
1,<environment.Job instance at 0x7fea8a7e4b90>,143,17,[ 4 11],144,-1,554,-1,537
1,<environment.Job instance at 0x7fea8b1d81e0>,145,12,[ 1 14],146,-1,549,-1,537
1,<environment.Job instance at 0x7fea8b1d86e0>,147,28,[ 1 14],148,-1,572,-1,544
1,<environment.Job instance at 0x7fea8b77b140>,149,24,[ 4 14],150,-1,584,-1,560
1,<environment.Job instance at 0x7fea8b77baa0>,150,12,[ 4 14],151,-1,572,-1,560
1,<environment.Job instance at 0x7fea8b1d8b40>,151,23,[11  2],152,-1,583,-1,560
1,<environment.Job instance at 0x7fea93df38c0>,153,14,[12  1],154,-1,576,-1,562
1,<environment.Job instance at 0x7fea93df3c80>,154,27,[ 5 10],155,-1,589,-1,562
1,<environment.Job instance at 0x7fea89f62960>,155,28,[13  4],156,-1,590,-1,562
1,<environment.Job instance at 0x7fea8a162c80>,157,18,[ 4 12],158,-1,580,-1,562
1,<environment.Job instance at 0x7fea8a162280>,158,25,[11  1],159,-1,587,-1,562
1,<environment.Job instance at 0x7fea8a24a7d0>,22,24,[13  3],23,-1,971,-1,947
1,<environment.Job instance at 0x7fea93dcf050>,32,20,[13  3],33,-1,971,-1,951
1,<environment.Job instance at 0x7fea8b060f00>,6,25,[ 4 13],7,-1,32,-1,7
1,<environment.Job instance at 0x7fea8af985f0>,10,15,[13  3],11,-1,44,-1,29
1,<environment.Job instance at 0x7fea8af982d0>,11,16,[ 1 13],12,-1,45,-1,29
1,<environment.Job instance at 0x7fea8af985a0>,12,13,[12  5],13,-1,42,-1,29
1,<environment.Job instance at 0x7fea8af98e60>,15,26,[12  4],16,-1,55,-1,29
1,<environment.Job instance at 0x7fea8af98eb0>,16,19,[ 5 12],17,-1,48,-1,29
1,<environment.Job instance at 0x7fea8af98410>,19,27,[10  2],20,-1,74,-1,47
1,<environment.Job instance at 0x7fea8af98500>,20,26,[ 3 13],21,-1,73,-1,47
1,<environment.Job instance at 0x7fea8af98e10>,21,28,[9 5],22,-1,75,-1,47
1,<environment.Job instance at 0x7fea8a3fc0f0>,22,24,[8 5],23,-1,71,-1,47
1,<environment.Job instance at 0x7fea8a3fc9b0>,24,1,[10  1],25,-1,53,-1,52
1,<environment.Job instance at 0x7fea93e0c320>,30,3,[9 1],31,-1,107,-1,104
1,<environment.Job instance at 0x7fea93e0c460>,31,25,[ 3 13],32,-1,129,-1,104
1,<environment.Job instance at 0x7fea93e0ccd0>,32,1,[12  1],33,-1,105,-1,104
1,<environment.Job instance at 0x7fea93e0c4b0>,34,28,[14  1],35,-1,143,-1,115
1,<environment.Job instance at 0x7fea93e0cf50>,36,28,[ 5 12],37,-1,155,-1,127
1,<environment.Job instance at 0x7fea93e0c910>,37,2,[3 5],38,-1,129,-1,127
1,<environment.Job instance at 0x7fea93e0cdc0>,38,24,[ 2 11],39,-1,151,-1,127
1,<environment.Job instance at 0x7fea93e0c0a0>,40,13,[13  4],41,-1,149,-1,136
1,<environment.Job instance at 0x7fea93e0c050>,41,15,[ 4 12],42,-1,151,-1,136
1,<environment.Job instance at 0x7fea93e0c7d0>,43,20,[12  2],44,-1,156,-1,136
1,<environment.Job instance at 0x7fea8a47ca50>,45,28,[13  4],46,-1,174,-1,146
1,<environment.Job instance at 0x7fea8ad51b40>,46,16,[13  2],47,-1,162,-1,146
1,<environment.Job instance at 0x7fea8ab20140>,47,16,[ 5 12],48,-1,162,-1,146
1,<environment.Job instance at 0x7fea8ad57190>,50,24,[ 5 13],51,-1,189,-1,165
1,<environment.Job instance at 0x7fea8ad57be0>,51,13,[ 4 14],52,-1,178,-1,165
1,<environment.Job instance at 0x7fea8ad57140>,52,2,[5 4],53,-1,167,-1,165
1,<environment.Job instance at 0x7fea8ad57d70>,54,18,[ 5 13],55,-1,184,-1,166
1,<environment.Job instance at 0x7fea8ad57550>,55,26,[1 5],56,-1,198,-1,172
1,<environment.Job instance at 0x7fea8ad57dc0>,56,14,[ 4 11],57,-1,186,-1,172
1,<environment.Job instance at 0x7fea8ac7faa0>,58,25,[9 4],59,-1,197,-1,172
1,<environment.Job instance at 0x7fea8ac7f2d0>,59,22,[ 4 10],60,-1,194,-1,172
1,<environment.Job instance at 0x7fea8ad7afa0>,63,24,[13  5],64,-1,221,-1,197
1,<environment.Job instance at 0x7fea8d883d70>,64,27,[2 8],65,-1,224,-1,197
1,<environment.Job instance at 0x7fea8d883050>,65,26,[4 6],66,-1,223,-1,197
1,<environment.Job instance at 0x7fea8d883280>,66,15,[ 4 14],67,-1,212,-1,197
1,<environment.Job instance at 0x7fea93d7c1e0>,67,26,[ 1 13],68,-1,223,-1,197
1,<environment.Job instance at 0x7fea8a125780>,69,27,[10  2],70,-1,233,-1,206
1,<environment.Job instance at 0x7fea8a125a50>,71,27,[8 1],72,-1,241,-1,214
1,<environment.Job instance at 0x7fea8a125aa0>,72,27,[7 2],73,-1,241,-1,214
1,<environment.Job instance at 0x7fea8b36ea50>,74,23,[10  3],75,-1,252,-1,229
1,<environment.Job instance at 0x7fea8b0f2cd0>,75,2,[2 5],76,-1,231,-1,229
1,<environment.Job instance at 0x7fea8b143aa0>,76,2,[3 9],77,-1,231,-1,229
1,<environment.Job instance at 0x7fea8a253550>,79,27,[4 6],80,-1,291,-1,264
1,<environment.Job instance at 0x7fea8b74d640>,80,1,[6 2],81,-1,265,-1,264
1,<environment.Job instance at 0x7fea8a723a00>,83,24,[9 1],84,-1,294,-1,270
1,<environment.Job instance at 0x7fea8b7d3370>,90,2,[10  3],91,-1,306,-1,304
1,<environment.Job instance at 0x7fea8b7d3690>,92,28,[6 5],93,-1,346,-1,318
1,<environment.Job instance at 0x7fea8a6fcc30>,95,25,[5 3],96,-1,347,-1,322
1,<environment.Job instance at 0x7fea8b2df230>,99,1,[5 2],100,-1,350,-1,349
1,<environment.Job instance at 0x7fea8aa7aeb0>,100,13,[11  2],101,-1,362,-1,349
1,<environment.Job instance at 0x7fea8aa9da00>,102,1,[9 2],103,-1,354,-1,353
1,<environment.Job instance at 0x7fea8aa9d3c0>,104,1,[8 5],105,-1,354,-1,353
1,<environment.Job instance at 0x7fea8aa9de60>,106,17,[ 5 14],107,-1,377,-1,360
1,<environment.Job instance at 0x7fea8ac06190>,107,28,[10  4],108,-1,388,-1,360
1,<environment.Job instance at 0x7fea8aa9dfa0>,108,2,[5 7],109,-1,362,-1,360
1,<environment.Job instance at 0x7fea8aa5efa0>,110,15,[11  1],111,-1,390,-1,375
1,<environment.Job instance at 0x7fea8aa5e2d0>,111,19,[ 1 12],112,-1,394,-1,375
1,<environment.Job instance at 0x7fea8aa5eb90>,113,13,[ 2 11],114,-1,405,-1,392
1,<environment.Job instance at 0x7fea8aa5e140>,114,20,[ 3 12],115,-1,412,-1,392
1,<environment.Job instance at 0x7fea8b22c820>,118,27,[ 5 10],119,-1,455,-1,428
1,<environment.Job instance at 0x7fea8b22c8c0>,120,18,[12  3],121,-1,450,-1,432
1,<environment.Job instance at 0x7fea942685a0>,123,12,[14  1],124,-1,459,-1,447
1,<environment.Job instance at 0x7fea8aa80370>,125,19,[13  5],126,-1,477,-1,458
1,<environment.Job instance at 0x7fea94268b40>,126,24,[10  5],127,-1,482,-1,458
1,<environment.Job instance at 0x7fea94268370>,127,22,[12  2],128,-1,480,-1,458
1,<environment.Job instance at 0x7fea943b1af0>,129,15,[13  2],130,-1,478,-1,463
1,<environment.Job instance at 0x7fea943b1f50>,130,26,[9 4],131,-1,489,-1,463
1,<environment.Job instance at 0x7fea8b22a280>,132,26,[12  1],133,-1,502,-1,476
1,<environment.Job instance at 0x7fea8a1a3960>,138,14,[12  5],139,-1,541,-1,527
1,<environment.Job instance at 0x7fea8a1a32d0>,140,16,[12  5],141,-1,543,-1,527
1,<environment.Job instance at 0x7fea8a1a3be0>,142,2,[5 9],143,-1,529,-1,527
1,<environment.Job instance at 0x7fea8b68abe0>,147,1,[10  2],148,-1,560,-1,559
1,<environment.Job instance at 0x7fea8b68a5f0>,148,24,[5 9],149,-1,583,-1,559
1,<environment.Job instance at 0x7fea8b5a07d0>,149,18,[ 1 12],150,-1,577,-1,559
1,<environment.Job instance at 0x7fea8b5a05f0>,150,28,[9 5],151,-1,587,-1,559
1,<environment.Job instance at 0x7fea8a8d3f50>,156,25,[8 5],157,-1,606,-1,581
1,<environment.Job instance at 0x7fea8b25a410>,158,13,[ 2 14],159,-1,601,-1,588
1,<environment.Job instance at 0x7fea8ac84a50>,1,26,[11  5],2,-1,28,-1,2
1,<environment.Job instance at 0x7fea8a9ae500>,2,28,[5 8],3,-1,31,-1,3
1,<environment.Job instance at 0x7fea8a1267d0>,3,27,[1 7],4,-1,31,-1,4
1,<environment.Job instance at 0x7fea8a126cd0>,5,14,[ 1 13],6,-1,20,-1,6
1,<environment.Job instance at 0x7fea8a9ae050>,8,13,[ 1 12],9,-1,22,-1,9
1,<environment.Job instance at 0x7fea8d883500>,9,23,[8 2],10,-1,35,-1,12
1,<environment.Job instance at 0x7fea8a7066e0>,12,13,[11  2],13,-1,26,-1,13
1,<environment.Job instance at 0x7fea8b6ac870>,16,19,[ 1 11],17,-1,46,-1,27
1,<environment.Job instance at 0x7fea8a7069b0>,17,24,[ 1 13],18,-1,51,-1,27
1,<environment.Job instance at 0x7fea8b38df50>,20,14,[14  5],21,-1,57,-1,43
1,<environment.Job instance at 0x7fea8a00d820>,24,12,[ 3 14],25,-1,69,-1,57
1,<environment.Job instance at 0x7fea8aa5b2d0>,30,28,[10  5],31,-1,121,-1,93
1,<environment.Job instance at 0x7fea8b75de60>,32,28,[ 3 14],33,-1,123,-1,95
1,<environment.Job instance at 0x7fea8b75d280>,35,2,[14  4],36,-1,124,-1,122
1,<environment.Job instance at 0x7fea8ab875f0>,36,2,[10  2],37,-1,124,-1,122
1,<environment.Job instance at 0x7fea8ad8f8c0>,37,23,[5 7],38,-1,145,-1,122
1,<environment.Job instance at 0x7fea8ab87aa0>,38,28,[14  5],39,-1,150,-1,122
1,<environment.Job instance at 0x7fea8a85a960>,39,23,[10  5],40,-1,145,-1,122
1,<environment.Job instance at 0x7fea8a85acd0>,40,23,[3 7],41,-1,146,-1,123
1,<environment.Job instance at 0x7fea8ab5ab40>,41,24,[2 9],42,-1,155,-1,131
1,<environment.Job instance at 0x7fea8ade0dc0>,42,17,[14  1],43,-1,148,-1,131
1,<environment.Job instance at 0x7fea8ade0a50>,43,22,[11  3],44,-1,153,-1,131
1,<environment.Job instance at 0x7fea8ab13550>,45,28,[ 2 14],46,-1,159,-1,131
1,<environment.Job instance at 0x7fea8ab13730>,46,23,[13  5],47,-1,154,-1,131
1,<environment.Job instance at 0x7fea8ab13f50>,47,12,[ 4 13],48,-1,143,-1,131
1,<environment.Job instance at 0x7fea8ab13eb0>,48,20,[ 1 13],49,-1,151,-1,131
1,<environment.Job instance at 0x7fea8a1450a0>,49,2,[11  2],50,-1,133,-1,131
1,<environment.Job instance at 0x7fea8a145a50>,51,22,[ 1 14],52,-1,160,-1,138
1,<environment.Job instance at 0x7fea8a145e10>,52,1,[9 3],53,-1,139,-1,138
1,<environment.Job instance at 0x7fea8a145e60>,53,19,[ 3 14],54,-1,157,-1,138
1,<environment.Job instance at 0x7fea8a145fa0>,54,18,[ 4 14],55,-1,156,-1,138
1,<environment.Job instance at 0x7fea8a145aa0>,55,1,[12  2],56,-1,139,-1,138
1,<environment.Job instance at 0x7fea8ad761e0>,58,26,[6 4],59,-1,176,-1,150
1,<environment.Job instance at 0x7fea8b21e690>,61,24,[10  1],62,-1,187,-1,163
1,<environment.Job instance at 0x7fea8b21ec30>,64,15,[12  4],65,-1,198,-1,183
1,<environment.Job instance at 0x7fea8a516050>,65,28,[8 3],66,-1,211,-1,183
1,<environment.Job instance at 0x7fea8b21ee10>,66,14,[ 1 12],67,-1,197,-1,183
1,<environment.Job instance at 0x7fea8a18a730>,68,17,[11  1],69,-1,216,-1,199
1,<environment.Job instance at 0x7fea8a18a190>,70,16,[ 4 13],71,-1,215,-1,199
1,<environment.Job instance at 0x7fea89f10c30>,71,26,[8 4],72,-1,225,-1,199
1,<environment.Job instance at 0x7fea8a310780>,73,18,[12  4],74,-1,232,-1,214
1,<environment.Job instance at 0x7fea89f10640>,74,27,[9 3],75,-1,241,-1,214
1,<environment.Job instance at 0x7fea8b41b3c0>,77,26,[5 6],78,-1,258,-1,232
1,<environment.Job instance at 0x7fea8b41b8c0>,78,26,[3 9],79,-1,258,-1,232
1,<environment.Job instance at 0x7fea8aee82d0>,81,27,[3 6],82,-1,272,-1,245
1,<environment.Job instance at 0x7fea8ad94d20>,84,15,[14  5],85,-1,292,-1,277
1,<environment.Job instance at 0x7fea8ad949b0>,86,14,[12  3],87,-1,305,-1,291
1,<environment.Job instance at 0x7fea8ad940a0>,87,18,[14  3],88,-1,309,-1,291
1,<environment.Job instance at 0x7fea8ad944b0>,89,23,[9 5],90,-1,314,-1,291
1,<environment.Job instance at 0x7fea8ad94280>,90,3,[12  1],91,-1,294,-1,291
1,<environment.Job instance at 0x7fea8ad94140>,91,25,[6 1],92,-1,316,-1,291
1,<environment.Job instance at 0x7fea8ad94410>,95,26,[13  5],96,-1,340,-1,314
1,<environment.Job instance at 0x7fea8ad940f0>,96,18,[ 3 12],97,-1,332,-1,314
1,<environment.Job instance at 0x7fea8ad94b90>,99,27,[2 9],100,-1,357,-1,330
1,<environment.Job instance at 0x7fea8ad94550>,101,26,[8 5],102,-1,370,-1,344
1,<environment.Job instance at 0x7fea9a4e35a0>,103,13,[ 2 13],104,-1,357,-1,344
1,<environment.Job instance at 0x7fea8b14aa00>,105,27,[13  2],106,-1,387,-1,360
1,<environment.Job instance at 0x7fea8b14a780>,106,26,[ 5 11],107,-1,386,-1,360
1,<environment.Job instance at 0x7fea8b14a230>,107,17,[13  2],108,-1,377,-1,360
1,<environment.Job instance at 0x7fea8b14a190>,108,27,[11  3],109,-1,387,-1,360
1,<environment.Job instance at 0x7fea8b14adc0>,110,15,[ 5 13],111,-1,375,-1,360
1,<environment.Job instance at 0x7fea8b14a8c0>,112,2,[14  4],113,-1,371,-1,369
1,<environment.Job instance at 0x7fea8b14ad20>,113,12,[12  3],114,-1,381,-1,369
1,<environment.Job instance at 0x7fea8b14a280>,115,26,[5 5],116,-1,395,-1,369
1,<environment.Job instance at 0x7fea8b14a370>,117,15,[12  1],118,-1,401,-1,386
1,<environment.Job instance at 0x7fea8b14a0f0>,118,13,[12  3],119,-1,399,-1,386
1,<environment.Job instance at 0x7fea8b14acd0>,120,12,[14  1],121,-1,398,-1,386
1,<environment.Job instance at 0x7fea8b14af50>,121,3,[4 9],122,-1,389,-1,386
1,<environment.Job instance at 0x7fea8b14a640>,122,16,[ 2 12],123,-1,402,-1,386
1,<environment.Job instance at 0x7fea8b14af00>,123,20,[ 2 12],124,-1,406,-1,386
1,<environment.Job instance at 0x7fea8b14abe0>,124,27,[1 6],125,-1,413,-1,386
1,<environment.Job instance at 0x7fea8b412410>,125,27,[10  4],126,-1,413,-1,386
1,<environment.Job instance at 0x7fea8b0c22d0>,127,24,[9 5],128,-1,423,-1,399
1,<environment.Job instance at 0x7fea8a70b050>,130,13,[11  1],131,-1,432,-1,419
1,<environment.Job instance at 0x7fea8a70b910>,133,22,[ 2 11],134,-1,457,-1,435
1,<environment.Job instance at 0x7fea8a70b0f0>,134,16,[ 1 13],135,-1,451,-1,435
1,<environment.Job instance at 0x7fea8a70bd70>,137,24,[10  4],138,-1,475,-1,451
1,<environment.Job instance at 0x7fea8b5bcc30>,151,26,[7 4],152,-1,591,-1,565
1,<environment.Job instance at 0x7fea8b5bc140>,152,18,[14  4],153,-1,583,-1,565
1,<environment.Job instance at 0x7fea8b5bc5f0>,153,12,[ 5 14],154,-1,577,-1,565
1,<environment.Job instance at 0x7fea8b5bcf50>,154,27,[ 2 11],155,-1,592,-1,565
1,<environment.Job instance at 0x7fea8b5bc4b0>,156,1,[ 3 10],157,-1,572,-1,571
1,<environment.Job instance at 0x7fea8b5bc820>,157,12,[13  2],158,-1,583,-1,571
1,<environment.Job instance at 0x7fea8b5bcaf0>,158,25,[14  3],159,-1,596,-1,571
1,<environment.Job instance at 0x7fea89f75b90>,3,27,[9 3],4,-1,32,-1,5
1,<environment.Job instance at 0x7fea89f84960>,12,15,[13  4],13,-1,42,-1,27
1,<environment.Job instance at 0x7fea89f847d0>,13,21,[ 5 10],14,-1,48,-1,27
1,<environment.Job instance at 0x7fea89f845a0>,14,3,[11  5],15,-1,30,-1,27
1,<environment.Job instance at 0x7fea89f68fa0>,18,3,[7 2],19,-1,62,-1,59
1,<environment.Job instance at 0x7fea89f687d0>,19,3,[1 8],20,-1,62,-1,59
1,<environment.Job instance at 0x7fea89f68dc0>,20,1,[5 8],21,-1,60,-1,59
1,<environment.Job instance at 0x7fea89f68c30>,22,12,[9 5],23,-1,76,-1,64
1,<environment.Job instance at 0x7fea89f68280>,23,12,[ 5 10],24,-1,76,-1,64
1,<environment.Job instance at 0x7fea89f68050>,24,18,[13  5],25,-1,82,-1,64
1,<environment.Job instance at 0x7fea89f68410>,25,1,[7 5],26,-1,65,-1,64
1,<environment.Job instance at 0x7fea8a6ffbe0>,27,27,[4 6],28,-1,101,-1,74
1,<environment.Job instance at 0x7fea93e246e0>,32,14,[5 1],33,-1,106,-1,92
1,<environment.Job instance at 0x7fea93e240a0>,33,12,[6 2],34,-1,111,-1,99
1,<environment.Job instance at 0x7fea93e24280>,34,18,[ 1 14],35,-1,117,-1,99
1,<environment.Job instance at 0x7fea93e24320>,35,12,[13  3],36,-1,111,-1,99
1,<environment.Job instance at 0x7fea93e24500>,36,27,[10  1],37,-1,126,-1,99
1,<environment.Job instance at 0x7fea8b621640>,38,19,[ 2 11],39,-1,123,-1,104
1,<environment.Job instance at 0x7fea8aa07af0>,41,28,[8 2],42,-1,148,-1,120
1,<environment.Job instance at 0x7fea8a979780>,45,15,[13  2],46,-1,162,-1,147
1,<environment.Job instance at 0x7fea8aa07e60>,47,2,[ 3 13],48,-1,162,-1,160
1,<environment.Job instance at 0x7fea8aacf2d0>,48,26,[7 2],49,-1,186,-1,160
1,<environment.Job instance at 0x7fea89f8db90>,50,22,[ 3 10],51,-1,182,-1,160
1,<environment.Job instance at 0x7fea89f90870>,51,21,[ 4 11],52,-1,181,-1,160
1,<environment.Job instance at 0x7fea8a958870>,52,16,[ 1 12],53,-1,176,-1,160
1,<environment.Job instance at 0x7fea8afcf8c0>,54,14,[14  4],55,-1,179,-1,165
1,<environment.Job instance at 0x7fea8afcfe60>,55,26,[5 7],56,-1,191,-1,165
1,<environment.Job instance at 0x7fea8afcf280>,56,26,[11  1],57,-1,191,-1,165
1,<environment.Job instance at 0x7fea8afcfbe0>,57,24,[12  1],58,-1,189,-1,165
1,<environment.Job instance at 0x7fea8afcf190>,58,28,[6 4],59,-1,193,-1,165
1,<environment.Job instance at 0x7fea8aacdcd0>,59,18,[ 1 11],60,-1,183,-1,165
1,<environment.Job instance at 0x7fea8affcc30>,62,28,[ 1 12],63,-1,219,-1,191
1,<environment.Job instance at 0x7fea8afcb550>,64,23,[1 5],65,-1,214,-1,191
1,<environment.Job instance at 0x7fea8afe91e0>,68,2,[6 4],69,-1,207,-1,205
1,<environment.Job instance at 0x7fea89f68460>,70,24,[13  2],71,-1,245,-1,221
1,<environment.Job instance at 0x7fea89f68aa0>,71,16,[14  5],72,-1,237,-1,221
1,<environment.Job instance at 0x7fea89f68730>,72,23,[ 1 13],73,-1,244,-1,221
1,<environment.Job instance at 0x7fea89f680a0>,73,12,[1 6],74,-1,234,-1,222
1,<environment.Job instance at 0x7fea8b613050>,75,1,[ 5 11],76,-1,223,-1,222
1,<environment.Job instance at 0x7fea8b613230>,78,15,[ 4 11],79,-1,253,-1,238
1,<environment.Job instance at 0x7fea8b63eaa0>,80,22,[13  1],81,-1,265,-1,243
1,<environment.Job instance at 0x7fea8b63ef00>,81,3,[14  3],82,-1,246,-1,243
1,<environment.Job instance at 0x7fea8b63eaf0>,82,24,[1 7],83,-1,267,-1,243
1,<environment.Job instance at 0x7fea8b63eeb0>,83,17,[ 3 14],84,-1,260,-1,243
1,<environment.Job instance at 0x7fea8b63e190>,84,3,[10  3],85,-1,246,-1,243
1,<environment.Job instance at 0x7fea8b63efa0>,85,22,[8 5],86,-1,269,-1,247
1,<environment.Job instance at 0x7fea8b63e910>,86,2,[3 7],87,-1,249,-1,247
1,<environment.Job instance at 0x7fea8b63e780>,87,13,[ 2 13],88,-1,260,-1,247
1,<environment.Job instance at 0x7fea8b63e0f0>,88,12,[ 3 11],89,-1,259,-1,247
1,<environment.Job instance at 0x7fea8b63ec30>,89,20,[12  4],90,-1,267,-1,247
1,<environment.Job instance at 0x7fea8b63e5a0>,90,26,[4 9],91,-1,273,-1,247
1,<environment.Job instance at 0x7fea89f841e0>,91,12,[13  3],92,-1,259,-1,247
1,<environment.Job instance at 0x7fea8b63e370>,92,1,[1 7],93,-1,248,-1,247
1,<environment.Job instance at 0x7fea89f84c80>,93,3,[3 7],94,-1,250,-1,247
1,<environment.Job instance at 0x7fea8b63ad20>,95,12,[6 3],96,-1,272,-1,260
1,<environment.Job instance at 0x7fea8b63a870>,96,23,[10  1],97,-1,283,-1,260
1,<environment.Job instance at 0x7fea8b63ac30>,98,26,[13  2],99,-1,304,-1,278
1,<environment.Job instance at 0x7fea8b63ad70>,100,12,[12  3],101,-1,290,-1,278
1,<environment.Job instance at 0x7fea8b63a050>,101,15,[13  1],102,-1,293,-1,278
1,<environment.Job instance at 0x7fea8b63a960>,102,25,[9 3],103,-1,303,-1,278
1,<environment.Job instance at 0x7fea8b60d320>,105,23,[9 1],106,-1,317,-1,294
1,<environment.Job instance at 0x7fea8b60d730>,108,1,[5 1],109,-1,303,-1,302
1,<environment.Job instance at 0x7fea8b60d870>,111,12,[5 1],112,-1,323,-1,311
1,<environment.Job instance at 0x7fea8b60d9b0>,112,14,[ 3 14],113,-1,325,-1,311
1,<environment.Job instance at 0x7fea8b6449b0>,115,24,[6 3],116,-1,350,-1,326
1,<environment.Job instance at 0x7fea8b644af0>,116,2,[5 7],117,-1,328,-1,326
1,<environment.Job instance at 0x7fea8afeea00>,124,23,[4 8],125,-1,410,-1,387
1,<environment.Job instance at 0x7fea8afeec80>,125,13,[ 4 12],126,-1,400,-1,387
1,<environment.Job instance at 0x7fea8afee410>,126,26,[10  5],127,-1,413,-1,387
1,<environment.Job instance at 0x7fea8afeed20>,128,18,[14  3],129,-1,424,-1,406
1,<environment.Job instance at 0x7fea8afee640>,129,26,[5 9],130,-1,432,-1,406
1,<environment.Job instance at 0x7fea8b61cd70>,130,15,[14  2],131,-1,421,-1,406
1,<environment.Job instance at 0x7fea8aaa8af0>,131,26,[5 2],132,-1,432,-1,406
1,<environment.Job instance at 0x7fea8b1914b0>,132,22,[5 1],133,-1,428,-1,406
1,<environment.Job instance at 0x7fea8b191190>,133,14,[11  2],134,-1,420,-1,406
1,<environment.Job instance at 0x7fea8b191d20>,135,1,[ 1 13],136,-1,407,-1,406
1,<environment.Job instance at 0x7fea8b191230>,136,21,[3 7],137,-1,427,-1,406
1,<environment.Job instance at 0x7fea8b1916e0>,137,25,[5 5],138,-1,431,-1,406
1,<environment.Job instance at 0x7fea8a9f38c0>,138,18,[ 5 11],139,-1,424,-1,406
1,<environment.Job instance at 0x7fea8b63d730>,143,17,[14  2],144,-1,458,-1,441
1,<environment.Job instance at 0x7fea8b1b0690>,145,18,[14  1],146,-1,475,-1,457
1,<environment.Job instance at 0x7fea8b63da50>,146,17,[ 5 13],147,-1,474,-1,457
1,<environment.Job instance at 0x7fea8b606190>,147,26,[3 5],148,-1,483,-1,457
1,<environment.Job instance at 0x7fea8b62ab90>,150,27,[ 4 13],151,-1,500,-1,473
1,<environment.Job instance at 0x7fea8a996640>,151,26,[12  1],152,-1,499,-1,473
1,<environment.Job instance at 0x7fea8b62ae60>,152,2,[2 5],153,-1,475,-1,473
1,<environment.Job instance at 0x7fea8b642aa0>,154,23,[ 2 13],155,-1,496,-1,473
1,<environment.Job instance at 0x7fea8b62a4b0>,1,25,[5 5],2,-1,27,-1,2
1,<environment.Job instance at 0x7fea8b62a960>,4,23,[8 1],5,-1,28,-1,5
1,<environment.Job instance at 0x7fea8b62ac30>,5,26,[4 9],6,-1,32,-1,6
1,<environment.Job instance at 0x7fea8b62a1e0>,7,21,[14  3],8,-1,29,-1,8
1,<environment.Job instance at 0x7fea8b62aeb0>,8,17,[ 2 13],9,-1,26,-1,9
1,<environment.Job instance at 0x7fea8b62a690>,15,14,[14  1],16,-1,37,-1,23
1,<environment.Job instance at 0x7fea8b62a820>,16,15,[ 3 10],17,-1,66,-1,51
1,<environment.Job instance at 0x7fea8b63a280>,18,14,[ 2 10],19,-1,65,-1,51
1,<environment.Job instance at 0x7fea8b63abe0>,21,25,[ 5 14],22,-1,82,-1,57
1,<environment.Job instance at 0x7fea8b63a7d0>,22,18,[ 5 14],23,-1,75,-1,57
1,<environment.Job instance at 0x7fea8b63afa0>,24,12,[ 3 13],25,-1,69,-1,57
1,<environment.Job instance at 0x7fea8b63a410>,25,23,[6 5],26,-1,80,-1,57
1,<environment.Job instance at 0x7fea8b63ae10>,26,1,[6 4],27,-1,58,-1,57
1,<environment.Job instance at 0x7fea8b63a780>,28,2,[8 3],29,-1,73,-1,71
1,<environment.Job instance at 0x7fea8b63a500>,29,16,[13  4],30,-1,87,-1,71
1,<environment.Job instance at 0x7fea8aa11eb0>,30,17,[ 3 13],31,-1,88,-1,71
1,<environment.Job instance at 0x7fea8aa11c80>,31,16,[13  3],32,-1,87,-1,71
1,<environment.Job instance at 0x7fea8aa115a0>,32,3,[7 4],33,-1,74,-1,71
1,<environment.Job instance at 0x7fea8aa11e10>,35,2,[10  4],36,-1,91,-1,89
1,<environment.Job instance at 0x7fea8aa11aa0>,38,13,[ 5 11],39,-1,116,-1,103
1,<environment.Job instance at 0x7fea8aa11cd0>,39,3,[2 8],40,-1,106,-1,103
1,<environment.Job instance at 0x7fea8aa116e0>,40,24,[ 1 10],41,-1,127,-1,103
1,<environment.Job instance at 0x7fea8aa11050>,43,28,[ 4 13],44,-1,144,-1,116
1,<environment.Job instance at 0x7fea8aa11640>,46,28,[ 4 11],47,-1,146,-1,118
1,<environment.Job instance at 0x7fea8aa11460>,49,23,[ 3 10],50,-1,158,-1,135
1,<environment.Job instance at 0x7fea8aa115f0>,51,12,[12  5],52,-1,147,-1,135
1,<environment.Job instance at 0x7fea8aa117d0>,52,1,[ 1 10],53,-1,136,-1,135
1,<environment.Job instance at 0x7fea8aa11370>,53,2,[1 5],54,-1,137,-1,135
1,<environment.Job instance at 0x7fea8aa1a500>,74,16,[10  1],75,-1,331,-1,315
1,<environment.Job instance at 0x7fea8aa1a730>,75,13,[ 1 12],76,-1,328,-1,315
1,<environment.Job instance at 0x7fea8aa1a050>,76,15,[ 2 12],77,-1,330,-1,315
1,<environment.Job instance at 0x7fea8aa1ad20>,77,15,[14  4],78,-1,330,-1,315
1,<environment.Job instance at 0x7fea8aa1aa00>,79,24,[10  5],80,-1,356,-1,332
1,<environment.Job instance at 0x7fea8aa1a1e0>,80,2,[5 9],81,-1,334,-1,332
1,<environment.Job instance at 0x7fea8aa1adc0>,81,13,[ 4 14],82,-1,345,-1,332
1,<environment.Job instance at 0x7fea8aa1ac30>,82,26,[8 3],83,-1,358,-1,332
1,<environment.Job instance at 0x7fea8aa1ae60>,83,26,[ 5 14],84,-1,358,-1,332
1,<environment.Job instance at 0x7fea8aa1af00>,84,23,[ 3 10],85,-1,355,-1,332
1,<environment.Job instance at 0x7fea8aa1a6e0>,85,15,[10  1],86,-1,347,-1,332
1,<environment.Job instance at 0x7fea8aa1a5f0>,86,21,[1 7],87,-1,353,-1,332
1,<environment.Job instance at 0x7fea8aa1aaa0>,88,18,[ 1 12],89,-1,350,-1,332
1,<environment.Job instance at 0x7fea8aacf730>,90,27,[14  4],91,-1,372,-1,345
1,<environment.Job instance at 0x7fea8aa1ab40>,92,25,[2 5],93,-1,373,-1,348
1,<environment.Job instance at 0x7fea8b636be0>,93,13,[4 9],94,-1,361,-1,348
1,<environment.Job instance at 0x7fea8b6365a0>,96,28,[13  4],97,-1,390,-1,362
1,<environment.Job instance at 0x7fea8b6368c0>,98,14,[12  1],99,-1,376,-1,362
1,<environment.Job instance at 0x7fea8b636f50>,99,28,[13  3],100,-1,390,-1,362
1,<environment.Job instance at 0x7fea8b636460>,100,18,[12  2],101,-1,380,-1,362
1,<environment.Job instance at 0x7fea8b636550>,101,15,[12  3],102,-1,377,-1,362
1,<environment.Job instance at 0x7fea8b636500>,102,3,[ 3 14],103,-1,365,-1,362
1,<environment.Job instance at 0x7fea8b636a50>,104,25,[3 6],105,-1,403,-1,378
1,<environment.Job instance at 0x7fea8b636e60>,105,24,[ 3 12],106,-1,402,-1,378
1,<environment.Job instance at 0x7fea8b636d70>,106,3,[7 3],107,-1,381,-1,378
1,<environment.Job instance at 0x7fea8b6365f0>,108,14,[12  1],109,-1,404,-1,390
1,<environment.Job instance at 0x7fea8b636aa0>,110,26,[5 1],111,-1,433,-1,407
1,<environment.Job instance at 0x7fea8b6367d0>,111,12,[14  1],112,-1,419,-1,407
1,<environment.Job instance at 0x7fea8b636eb0>,112,22,[3 7],113,-1,432,-1,410
1,<environment.Job instance at 0x7fea8b606280>,116,24,[6 4],117,-1,434,-1,410
1,<environment.Job instance at 0x7fea8b6060f0>,117,25,[8 5],118,-1,435,-1,410
1,<environment.Job instance at 0x7fea8b606af0>,122,24,[13  2],123,-1,461,-1,437
1,<environment.Job instance at 0x7fea8b606870>,124,1,[10  3],125,-1,438,-1,437
1,<environment.Job instance at 0x7fea8b6065f0>,125,16,[11  3],126,-1,453,-1,437
1,<environment.Job instance at 0x7fea8b606e60>,127,22,[4 6],128,-1,470,-1,448
1,<environment.Job instance at 0x7fea8b606230>,129,25,[9 4],130,-1,478,-1,453
1,<environment.Job instance at 0x7fea8aa03c30>,131,20,[11  5],132,-1,484,-1,464
1,<environment.Job instance at 0x7fea8aa034b0>,134,21,[5 1],135,-1,504,-1,483
1,<environment.Job instance at 0x7fea8a0d2c30>,135,14,[ 2 10],136,-1,497,-1,483
1,<environment.Job instance at 0x7fea8b18b370>,137,13,[10  1],138,-1,500,-1,487
1,<environment.Job instance at 0x7fea8b18b280>,138,13,[6 1],139,-1,500,-1,487
1,<environment.Job instance at 0x7fea8af7c5a0>,140,16,[ 1 14],141,-1,509,-1,493
1,<environment.Job instance at 0x7fea8af7cb90>,141,17,[ 1 10],142,-1,510,-1,493
1,<environment.Job instance at 0x7fea8aee1370>,142,1,[ 2 10],143,-1,494,-1,493
1,<environment.Job instance at 0x7fea8b196140>,144,26,[ 5 10],145,-1,533,-1,507
1,<environment.Job instance at 0x7fea8b196eb0>,145,23,[ 3 12],146,-1,530,-1,507
1,<environment.Job instance at 0x7fea93dafaa0>,146,17,[ 2 11],147,-1,524,-1,507
1,<environment.Job instance at 0x7fea8b6b5410>,147,22,[4 8],148,-1,542,-1,520
1,<environment.Job instance at 0x7fea8a792730>,4,20,[14  1],5,-1,25,-1,5
1,<environment.Job instance at 0x7fea943b92d0>,11,14,[14  1],12,-1,29,-1,15
1,<environment.Job instance at 0x7fea943b9190>,12,16,[ 3 13],13,-1,31,-1,15
1,<environment.Job instance at 0x7fea943b9d70>,15,21,[11  3],16,-1,58,-1,37
1,<environment.Job instance at 0x7fea943b9730>,16,25,[8 1],17,-1,62,-1,37
1,<environment.Job instance at 0x7fea943b9870>,17,18,[ 5 13],18,-1,55,-1,37
1,<environment.Job instance at 0x7fea943b9780>,18,1,[ 2 14],19,-1,38,-1,37
1,<environment.Job instance at 0x7fea943b9550>,20,15,[11  2],21,-1,58,-1,43
1,<environment.Job instance at 0x7fea943b9dc0>,21,28,[1 8],22,-1,71,-1,43
1,<environment.Job instance at 0x7fea943b97d0>,22,27,[3 7],23,-1,70,-1,43
1,<environment.Job instance at 0x7fea943b9eb0>,23,12,[ 3 14],24,-1,55,-1,43
1,<environment.Job instance at 0x7fea943b9960>,26,16,[11  3],27,-1,92,-1,76
1,<environment.Job instance at 0x7fea8aa23e60>,27,25,[13  5],28,-1,101,-1,76
1,<environment.Job instance at 0x7fea8aa237d0>,29,25,[8 1],30,-1,101,-1,76
1,<environment.Job instance at 0x7fea8aa23820>,30,14,[14  1],31,-1,90,-1,76
1,<environment.Job instance at 0x7fea8aa23550>,32,25,[4 6],33,-1,114,-1,89
1,<environment.Job instance at 0x7fea8aa23460>,34,12,[2 8],35,-1,104,-1,92
1,<environment.Job instance at 0x7fea8aa23370>,35,27,[10  1],36,-1,119,-1,92
1,<environment.Job instance at 0x7fea8aa239b0>,36,23,[10  1],37,-1,115,-1,92
1,<environment.Job instance at 0x7fea8aa23fa0>,38,26,[10  2],39,-1,132,-1,106
1,<environment.Job instance at 0x7fea8b1c9050>,40,20,[ 1 12],41,-1,126,-1,106
1,<environment.Job instance at 0x7fea8b1c9640>,41,24,[8 1],42,-1,130,-1,106
1,<environment.Job instance at 0x7fea8b1c9d20>,43,25,[13  5],44,-1,149,-1,124
1,<environment.Job instance at 0x7fea8b1c9fa0>,45,14,[ 4 14],46,-1,138,-1,124
1,<environment.Job instance at 0x7fea8b1c90a0>,47,2,[5 8],48,-1,131,-1,129
1,<environment.Job instance at 0x7fea8b1c91e0>,48,17,[12  5],49,-1,146,-1,129
1,<environment.Job instance at 0x7fea8b1c9a50>,49,1,[7 5],50,-1,130,-1,129
1,<environment.Job instance at 0x7fea8b1c9dc0>,50,14,[ 2 11],51,-1,143,-1,129
1,<environment.Job instance at 0x7fea8b1c9c30>,53,13,[12  1],54,-1,157,-1,144
1,<environment.Job instance at 0x7fea8b1c9a00>,54,28,[13  1],55,-1,172,-1,144
1,<environment.Job instance at 0x7fea8b1c9b40>,57,16,[ 4 14],58,-1,188,-1,172
1,<environment.Job instance at 0x7fea8b1c9af0>,60,25,[9 1],61,-1,215,-1,190
1,<environment.Job instance at 0x7fea89f800a0>,62,13,[13  1],63,-1,206,-1,193
1,<environment.Job instance at 0x7fea89f80be0>,63,17,[ 2 12],64,-1,210,-1,193
1,<environment.Job instance at 0x7fea89f80550>,64,14,[11  1],65,-1,207,-1,193
1,<environment.Job instance at 0x7fea89f80a50>,65,26,[14  4],66,-1,219,-1,193
1,<environment.Job instance at 0x7fea89f809b0>,67,1,[8 3],68,-1,206,-1,205
1,<environment.Job instance at 0x7fea89f80cd0>,68,25,[10  1],69,-1,230,-1,205
1,<environment.Job instance at 0x7fea89f800f0>,69,13,[ 2 11],70,-1,218,-1,205
1,<environment.Job instance at 0x7fea89f80a00>,70,28,[1 7],71,-1,233,-1,205
1,<environment.Job instance at 0x7fea89f80460>,71,15,[ 3 12],72,-1,220,-1,205
1,<environment.Job instance at 0x7fea89f80eb0>,76,28,[1 9],77,-1,262,-1,234
1,<environment.Job instance at 0x7fea89f804b0>,80,14,[12  2],81,-1,270,-1,256
1,<environment.Job instance at 0x7fea8b39e370>,84,2,[5 2],85,-1,284,-1,282
1,<environment.Job instance at 0x7fea8b39e8c0>,85,28,[ 3 11],86,-1,310,-1,282
1,<environment.Job instance at 0x7fea8b39ec80>,86,16,[ 3 12],87,-1,298,-1,282
1,<environment.Job instance at 0x7fea8b39ecd0>,87,14,[11  2],88,-1,296,-1,282
1,<environment.Job instance at 0x7fea8b39e5f0>,92,23,[1 8],93,-1,417,-1,394
1,<environment.Job instance at 0x7fea8b39e1e0>,102,3,[10  5],103,-1,413,-1,410
1,<environment.Job instance at 0x7fea93e00190>,105,13,[10  1],106,-1,436,-1,423
1,<environment.Job instance at 0x7fea8b34f460>,108,2,[ 1 14],109,-1,439,-1,437
1,<environment.Job instance at 0x7fea8a3cdd20>,111,25,[2 9],112,-1,478,-1,453
1,<environment.Job instance at 0x7fea8a3cdfa0>,112,18,[10  1],113,-1,483,-1,465
1,<environment.Job instance at 0x7fea8a3cdc80>,114,14,[ 5 13],115,-1,479,-1,465
1,<environment.Job instance at 0x7fea8a3cd3c0>,115,2,[14  1],116,-1,467,-1,465
1,<environment.Job instance at 0x7fea8a3cd820>,116,15,[ 2 13],117,-1,480,-1,465
1,<environment.Job instance at 0x7fea8a3cd500>,120,26,[11  1],121,-1,522,-1,496
1,<environment.Job instance at 0x7fea8a3cddc0>,121,28,[1 9],122,-1,524,-1,496
1,<environment.Job instance at 0x7fea8a3cdb40>,122,19,[ 2 11],123,-1,515,-1,496
1,<environment.Job instance at 0x7fea8a3cd6e0>,123,28,[ 3 11],124,-1,524,-1,496
1,<environment.Job instance at 0x7fea8a3cdb90>,125,26,[2 5],126,-1,528,-1,502
1,<environment.Job instance at 0x7fea8a3cd460>,126,3,[10  2],127,-1,505,-1,502
1,<environment.Job instance at 0x7fea8aa801e0>,127,26,[ 2 10],128,-1,528,-1,502
1,<environment.Job instance at 0x7fea93e12550>,128,24,[ 4 10],129,-1,526,-1,502
1,<environment.Job instance at 0x7fea8b7d0780>,132,18,[12  3],133,-1,553,-1,535
1,<environment.Job instance at 0x7fea8b6e5550>,151,17,[14  3],152,-1,700,-1,683
1,<environment.Job instance at 0x7fea8b6e5230>,152,26,[3 6],153,-1,709,-1,683
1,<environment.Job instance at 0x7fea8ae4c640>,153,18,[ 1 11],154,-1,701,-1,683
1,<environment.Job instance at 0x7fea8a035280>,154,25,[ 1 10],155,-1,708,-1,683
1,<environment.Job instance at 0x7fea8a1599b0>,155,2,[6 5],156,-1,685,-1,683
1,<environment.Job instance at 0x7fea89ef0b40>,156,26,[9 5],157,-1,709,-1,683
1,<environment.Job instance at 0x7fea8b3a5f50>,157,13,[12  5],158,-1,696,-1,683
1,<environment.Job instance at 0x7fea8b68aeb0>,158,2,[1 6],159,-1,685,-1,683
1,<environment.Job instance at 0x7f8ce82fdb40>,3,18,[ 4 14],4,-1,22,-1,4
1,<environment.Job instance at 0x7f8cf18e91e0>,5,24,[1 5],6,-1,33,-1,9
1,<environment.Job instance at 0x7f8ce82fda50>,9,18,[ 2 13],10,-1,28,-1,10
1,<environment.Job instance at 0x7f8ce82fdfa0>,10,18,[ 3 11],11,-1,29,-1,11
1,<environment.Job instance at 0x7f8ce83000a0>,11,15,[13  4],12,-1,27,-1,12
1,<environment.Job instance at 0x7f8ce8300140>,12,26,[ 1 12],13,-1,39,-1,13
1,<environment.Job instance at 0x7f8ce83005a0>,17,28,[ 5 10],18,-1,59,-1,31
1,<environment.Job instance at 0x7f8ce8300640>,18,18,[ 4 13],19,-1,49,-1,31
1,<environment.Job instance at 0x7f8ce83006e0>,19,14,[ 3 11],20,-1,45,-1,31
1,<environment.Job instance at 0x7f8ce8300780>,20,12,[13  5],21,-1,43,-1,31
1,<environment.Job instance at 0x7f8ce8300820>,21,1,[6 5],22,-1,32,-1,31
1,<environment.Job instance at 0x7f8ce83008c0>,22,1,[2 7],23,-1,32,-1,31
1,<environment.Job instance at 0x7f8ce8300960>,23,27,[ 1 14],24,-1,58,-1,31
1,<environment.Job instance at 0x7f8ce8300aa0>,25,27,[8 1],26,-1,72,-1,45
1,<environment.Job instance at 0x7f8ce8300b40>,26,26,[5 5],27,-1,71,-1,45
1,<environment.Job instance at 0x7f8ce8300410>,28,25,[5 7],29,-1,88,-1,63
1,<environment.Job instance at 0x7f8ce8300cd0>,29,25,[ 4 11],30,-1,88,-1,63
1,<environment.Job instance at 0x7f8ce8300c30>,30,22,[ 5 13],31,-1,85,-1,63
1,<environment.Job instance at 0x7f8ce8300fa0>,31,27,[4 8],32,-1,90,-1,63
1,<environment.Job instance at 0x7f8ce8300f50>,33,12,[11  3],34,-1,75,-1,63
1,<environment.Job instance at 0x7f8ce8303320>,37,13,[ 3 14],38,-1,109,-1,96
1,<environment.Job instance at 0x7f8ce83033c0>,38,28,[ 2 12],39,-1,124,-1,96
1,<environment.Job instance at 0x7f8ce8303460>,39,20,[ 1 10],40,-1,119,-1,99
1,<environment.Job instance at 0x7f8ce8303500>,40,24,[5 6],41,-1,123,-1,99
1,<environment.Job instance at 0x7f8ce8303640>,42,27,[5 2],43,-1,126,-1,99
1,<environment.Job instance at 0x7f8ce83038c0>,45,24,[ 1 13],46,-1,140,-1,116
1,<environment.Job instance at 0x7f8ce83039b0>,47,17,[12  2],48,-1,145,-1,128
1,<environment.Job instance at 0x7f8ce8303af0>,49,15,[10  1],50,-1,153,-1,138
1,<environment.Job instance at 0x7f8ce8303b90>,50,16,[ 2 11],51,-1,154,-1,138
1,<environment.Job instance at 0x7f8ce8303c30>,51,16,[12  2],52,-1,154,-1,138
1,<environment.Job instance at 0x7f8ce8303d70>,53,27,[8 5],54,-1,175,-1,148
1,<environment.Job instance at 0x7f8ce8303eb0>,55,13,[13  1],56,-1,166,-1,153
1,<environment.Job instance at 0x7f8ce8303f50>,56,20,[ 3 10],57,-1,173,-1,153
1,<environment.Job instance at 0x7f8ce8306460>,65,2,[10  4],66,-1,224,-1,222
1,<environment.Job instance at 0x7f8ce83065f0>,66,13,[ 2 14],67,-1,235,-1,222
1,<environment.Job instance at 0x7f8ce8306730>,68,27,[ 1 10],69,-1,251,-1,224
1,<environment.Job instance at 0x7f8ce83067d0>,69,2,[ 3 10],70,-1,226,-1,224
1,<environment.Job instance at 0x7f8ce8306870>,70,13,[ 3 12],71,-1,237,-1,224
1,<environment.Job instance at 0x7f8ce83069b0>,72,28,[5 1],73,-1,271,-1,243
1,<environment.Job instance at 0x7f8ce8306a50>,73,2,[5 9],74,-1,245,-1,243
1,<environment.Job instance at 0x7f8ce8306c30>,76,14,[ 4 11],77,-1,270,-1,256
1,<environment.Job instance at 0x7f8ce8306f50>,79,12,[10  2],80,-1,288,-1,276
1,<environment.Job instance at 0x7f8ce83092d0>,84,20,[13  1],85,-1,325,-1,305
1,<environment.Job instance at 0x7f8ce8309370>,85,18,[ 3 14],86,-1,323,-1,305
1,<environment.Job instance at 0x7f8ce83094b0>,87,3,[5 5],88,-1,326,-1,323
1,<environment.Job instance at 0x7f8ce8309550>,88,2,[ 3 10],89,-1,325,-1,323
1,<environment.Job instance at 0x7f8ce83095f0>,89,21,[ 1 11],90,-1,344,-1,323
1,<environment.Job instance at 0x7f8ce8309730>,91,14,[ 2 13],92,-1,337,-1,323
1,<environment.Job instance at 0x7f8ce8309870>,93,22,[10  2],94,-1,348,-1,326
1,<environment.Job instance at 0x7f8ce83090a0>,96,25,[8 5],97,-1,361,-1,336
1,<environment.Job instance at 0x7f8ce8309b90>,98,22,[ 3 11],99,-1,363,-1,341
1,<environment.Job instance at 0x7f8ce8309f00>,99,12,[ 5 14],100,-1,353,-1,341
1,<environment.Job instance at 0x7f8ce8309dc0>,101,12,[8 1],102,-1,373,-1,361
1,<environment.Job instance at 0x7f8ce8309f50>,102,27,[5 6],103,-1,388,-1,361
1,<environment.Job instance at 0x7f8ce8309e10>,103,24,[12  3],104,-1,385,-1,361
1,<environment.Job instance at 0x7f8ce830b050>,104,22,[12  5],105,-1,383,-1,361
1,<environment.Job instance at 0x7f8ce830b0f0>,105,18,[12  4],106,-1,379,-1,361
1,<environment.Job instance at 0x7f8ce830b230>,106,17,[ 5 13],107,-1,378,-1,361
1,<environment.Job instance at 0x7f8ce830b2d0>,107,23,[14  4],108,-1,384,-1,361
1,<environment.Job instance at 0x7f8ce830b370>,108,12,[ 3 10],109,-1,373,-1,361
1,<environment.Job instance at 0x7f8ce830b410>,109,21,[ 1 10],110,-1,382,-1,361
1,<environment.Job instance at 0x7f8ce830b5f0>,112,26,[ 5 12],113,-1,416,-1,390
1,<environment.Job instance at 0x7f8ce830b690>,113,2,[6 2],114,-1,392,-1,390
1,<environment.Job instance at 0x7f8ce830b730>,114,15,[12  1],115,-1,405,-1,390
1,<environment.Job instance at 0x7f8ce830b7d0>,115,14,[ 2 11],116,-1,404,-1,390
1,<environment.Job instance at 0x7f8ce830baa0>,117,14,[ 1 12],118,-1,404,-1,390
1,<environment.Job instance at 0x7f8ce830bc30>,119,14,[ 3 14],120,-1,418,-1,404
1,<environment.Job instance at 0x7f8ce830be10>,122,27,[2 6],123,-1,445,-1,418
1,<environment.Job instance at 0x7f8ce830beb0>,123,24,[ 2 14],124,-1,442,-1,418
1,<environment.Job instance at 0x7f8ce82f63c0>,124,22,[8 1],125,-1,440,-1,418
1,<environment.Job instance at 0x7f8ce8354dc0>,126,12,[13  4],127,-1,445,-1,433
1,<environment.Job instance at 0x7f8ce8354960>,127,1,[ 4 11],128,-1,434,-1,433
1,<environment.Job instance at 0x7f8ce8353fa0>,128,23,[ 2 14],129,-1,456,-1,433
1,<environment.Job instance at 0x7f8ce82f3640>,129,2,[1 8],130,-1,435,-1,433
1,<environment.Job instance at 0x7f8ce82f3910>,134,28,[5 6],135,-1,490,-1,462
1,<environment.Job instance at 0x7f8ce82f3a50>,135,14,[ 2 10],136,-1,476,-1,462
1,<environment.Job instance at 0x7f8ce8355b40>,136,19,[11  3],137,-1,481,-1,462
1,<environment.Job instance at 0x7f8ce83550a0>,137,20,[14  5],138,-1,482,-1,462
1,<environment.Job instance at 0x7f8ce82d0eb0>,139,3,[ 1 12],140,-1,470,-1,467
1,<environment.Job instance at 0x7f8ce8422be0>,140,16,[ 2 14],141,-1,483,-1,467
1,<environment.Job instance at 0x7f8ce8446d20>,142,22,[4 8],143,-1,527,-1,505
1,<environment.Job instance at 0x7f8ce841c7d0>,146,17,[14  2],147,-1,522,-1,505
1,<environment.Job instance at 0x7f8ce841c960>,147,12,[4 8],148,-1,526,-1,514
1,<environment.Job instance at 0x7f8ce84851e0>,148,16,[11  2],149,-1,530,-1,514
1,<environment.Job instance at 0x7f8ce8485a00>,149,23,[ 1 14],150,-1,537,-1,514
1,<environment.Job instance at 0x7f8ce836c820>,152,14,[13  4],153,-1,535,-1,521
1,<environment.Job instance at 0x7f8ce8444a50>,154,22,[12  4],155,-1,555,-1,533
1,<environment.Job instance at 0x7f8ce83b0820>,155,23,[1 7],156,-1,556,-1,533
1,<environment.Job instance at 0x7f8ce8415b40>,157,16,[ 2 14],158,-1,549,-1,533
1,<environment.Job instance at 0x7f8ce841bf50>,159,17,[3 7],160,-1,555,-1,538
1,<environment.Job instance at 0x7f8ce841b2d0>,160,25,[9 3],161,-1,563,-1,538
1,<environment.Job instance at 0x7f8ce841b0f0>,161,18,[1 9],162,-1,556,-1,538
1,<environment.Job instance at 0x7f8ce841b6e0>,162,22,[5 3],163,-1,560,-1,538
1,<environment.Job instance at 0x7f8ce841b500>,164,14,[13  3],165,-1,560,-1,546
1,<environment.Job instance at 0x7f8ce841b690>,165,3,[10  1],166,-1,549,-1,546
1,<environment.Job instance at 0x7f8ce835fcd0>,166,3,[ 2 12],167,-1,549,-1,546
1,<environment.Job instance at 0x7f8ce8425cd0>,167,21,[1 9],168,-1,573,-1,552
1,<environment.Job instance at 0x7f8ce7cdc5f0>,6,24,[11  5],7,-1,31,-1,7
1,<environment.Job instance at 0x7f8ce7cdad20>,7,21,[ 3 10],8,-1,31,-1,10
1,<environment.Job instance at 0x7f8ce7c94140>,10,26,[10  5],11,-1,37,-1,11
1,<environment.Job instance at 0x7f8ce7cd5460>,17,27,[2 9],18,-1,62,-1,35
1,<environment.Job instance at 0x7f8ce7cd50a0>,19,12,[9 3],20,-1,56,-1,44
1,<environment.Job instance at 0x7f8ce7cd5aa0>,21,17,[12  2],22,-1,79,-1,62
1,<environment.Job instance at 0x7f8ce7cd52d0>,22,28,[2 8],23,-1,90,-1,62
1,<environment.Job instance at 0x7f8ce7c9a550>,24,3,[10  2],25,-1,65,-1,62
1,<environment.Job instance at 0x7f8ce7c9a780>,25,3,[5 5],26,-1,65,-1,62
1,<environment.Job instance at 0x7f8ce7c9ac30>,26,3,[ 5 10],27,-1,65,-1,62
1,<environment.Job instance at 0x7f8ce7cd6370>,29,21,[6 1],30,-1,108,-1,87
1,<environment.Job instance at 0x7f8ce7f11690>,32,24,[7 5],33,-1,121,-1,97
1,<environment.Job instance at 0x7f8ce7c8fb90>,34,28,[2 7],35,-1,125,-1,97
1,<environment.Job instance at 0x7f8ce7d5e5f0>,35,28,[9 2],36,-1,125,-1,97
1,<environment.Job instance at 0x7f8ce7d5e5a0>,36,22,[6 1],37,-1,120,-1,98
1,<environment.Job instance at 0x7f8ce7d5eeb0>,39,22,[2 7],40,-1,135,-1,113
1,<environment.Job instance at 0x7f8ce7d5ee60>,40,20,[ 3 13],41,-1,133,-1,113
1,<environment.Job instance at 0x7f8ce7d5ef00>,41,12,[ 2 14],42,-1,125,-1,113
1,<environment.Job instance at 0x7f8ce7d5efa0>,42,13,[12  2],43,-1,126,-1,113
1,<environment.Job instance at 0x7f8ce7d5ed20>,43,2,[5 9],44,-1,115,-1,113
1,<environment.Job instance at 0x7f8ce7d5e960>,45,16,[11  1],46,-1,140,-1,124
1,<environment.Job instance at 0x7f8ce7d66320>,48,17,[11  3],49,-1,161,-1,144
1,<environment.Job instance at 0x7f8ce7d66820>,49,14,[ 1 10],50,-1,158,-1,144
1,<environment.Job instance at 0x7f8ce7d66870>,50,25,[6 2],51,-1,169,-1,144
1,<environment.Job instance at 0x7f8ce7d66a00>,51,18,[12  4],52,-1,162,-1,144
1,<environment.Job instance at 0x7f8ce7d66af0>,52,14,[6 1],53,-1,158,-1,144
1,<environment.Job instance at 0x7f8ce7d66a50>,53,26,[11  5],54,-1,170,-1,144
1,<environment.Job instance at 0x7f8ce7d66b90>,55,14,[10  1],56,-1,160,-1,146
1,<environment.Job instance at 0x7f8ce7d66960>,57,15,[13  5],58,-1,174,-1,159
1,<environment.Job instance at 0x7f8ce7d710f0>,60,27,[14  3],61,-1,199,-1,172
1,<environment.Job instance at 0x7f8ce7d6b780>,62,26,[ 4 10],63,-1,208,-1,182
1,<environment.Job instance at 0x7f8ce7bc6960>,63,26,[8 3],64,-1,208,-1,182
1,<environment.Job instance at 0x7f8d0197d190>,64,16,[12  1],65,-1,198,-1,182
1,<environment.Job instance at 0x7f8ce7b138c0>,65,19,[ 2 13],66,-1,201,-1,182
1,<environment.Job instance at 0x7f8ce7b866e0>,66,22,[11  1],67,-1,204,-1,182
1,<environment.Job instance at 0x7f8ce7b13eb0>,67,22,[ 1 13],68,-1,204,-1,182
1,<environment.Job instance at 0x7f8ce7b867d0>,68,2,[2 8],69,-1,184,-1,182
1,<environment.Job instance at 0x7f8ce7b78500>,70,23,[7 3],71,-1,211,-1,188
1,<environment.Job instance at 0x7f8ce7b78b90>,71,3,[10  5],72,-1,191,-1,188
1,<environment.Job instance at 0x7f8ce7b176e0>,73,24,[14  3],74,-1,223,-1,199
1,<environment.Job instance at 0x7f8ce7b17eb0>,75,21,[12  3],76,-1,234,-1,213
1,<environment.Job instance at 0x7f8ce7b17050>,77,28,[4 5],78,-1,243,-1,215
1,<environment.Job instance at 0x7f8cf1b83f50>,79,22,[14  1],80,-1,253,-1,231
1,<environment.Job instance at 0x7f8cf1a54320>,80,3,[11  3],81,-1,234,-1,231
1,<environment.Job instance at 0x7f8ce8249dc0>,81,27,[ 4 13],82,-1,258,-1,231
1,<environment.Job instance at 0x7f8cf1a555f0>,82,26,[8 4],83,-1,257,-1,231
1,<environment.Job instance at 0x7f8ce80bb820>,83,12,[9 1],84,-1,243,-1,231
1,<environment.Job instance at 0x7f8ce7a370a0>,85,16,[14  1],86,-1,247,-1,231
1,<environment.Job instance at 0x7f8ce788f5a0>,86,3,[9 1],87,-1,234,-1,231
1,<environment.Job instance at 0x7f8ce78a26e0>,89,1,[5 4],90,-1,248,-1,247
1,<environment.Job instance at 0x7f8ce78d87d0>,90,25,[ 3 10],91,-1,272,-1,247
1,<environment.Job instance at 0x7f8ce7906690>,91,1,[ 2 10],92,-1,248,-1,247
1,<environment.Job instance at 0x7f8ce7a3b280>,92,27,[3 9],93,-1,274,-1,247
1,<environment.Job instance at 0x7f8ce7a3afa0>,94,12,[13  2],95,-1,259,-1,247
1,<environment.Job instance at 0x7f8ce7a3a050>,95,24,[1 5],96,-1,271,-1,247
1,<environment.Job instance at 0x7f8ce79d1d20>,96,23,[3 6],97,-1,270,-1,247
1,<environment.Job instance at 0x7f8ce78acaa0>,98,21,[8 3],99,-1,283,-1,262
1,<environment.Job instance at 0x7f8ce794b4b0>,99,26,[9 4],100,-1,288,-1,262
1,<environment.Job instance at 0x7f8ce78aceb0>,101,17,[12  5],102,-1,279,-1,262
1,<environment.Job instance at 0x7f8ce78ac5f0>,102,12,[13  5],103,-1,274,-1,262
1,<environment.Job instance at 0x7f8ce78acf50>,103,17,[ 2 10],104,-1,280,-1,263
1,<environment.Job instance at 0x7f8ce78acd20>,104,25,[1 5],105,-1,288,-1,263
1,<environment.Job instance at 0x7f8ce78ac320>,107,15,[ 2 14],108,-1,289,-1,274
1,<environment.Job instance at 0x7f8ce79485f0>,110,14,[14  5],111,-1,320,-1,306
1,<environment.Job instance at 0x7f8ce78afd70>,111,13,[ 5 13],112,-1,319,-1,306
1,<environment.Job instance at 0x7f8ce78afe10>,114,18,[11  3],115,-1,335,-1,317
1,<environment.Job instance at 0x7f8ce78af7d0>,115,20,[10  2],116,-1,358,-1,338
1,<environment.Job instance at 0x7f8ce78af190>,118,27,[13  4],119,-1,365,-1,338
1,<environment.Job instance at 0x7f8ce78afa50>,119,26,[3 5],120,-1,364,-1,338
1,<environment.Job instance at 0x7f8ce78af370>,120,17,[6 2],121,-1,355,-1,338
1,<environment.Job instance at 0x7f8ce78af690>,121,17,[5 1],122,-1,355,-1,338
1,<environment.Job instance at 0x7f8ce7a22730>,122,25,[3 9],123,-1,363,-1,338
1,<environment.Job instance at 0x7f8ce794a140>,123,13,[14  3],124,-1,351,-1,338
1,<environment.Job instance at 0x7f8ce794a320>,124,17,[4 6],125,-1,355,-1,338
1,<environment.Job instance at 0x7f8ce7914780>,125,1,[7 3],126,-1,339,-1,338
1,<environment.Job instance at 0x7f8ce7891780>,126,14,[ 1 10],127,-1,352,-1,338
1,<environment.Job instance at 0x7f8ce78912d0>,127,1,[2 7],128,-1,339,-1,338
1,<environment.Job instance at 0x7f8ce78910f0>,128,16,[11  4],129,-1,354,-1,338
1,<environment.Job instance at 0x7f8ce78910a0>,129,15,[8 2],130,-1,353,-1,338
1,<environment.Job instance at 0x7f8ce7891d70>,130,25,[4 5],131,-1,363,-1,338
1,<environment.Job instance at 0x7f8ce78915a0>,131,25,[6 3],132,-1,363,-1,338
1,<environment.Job instance at 0x7f8ce78918c0>,132,2,[11  1],133,-1,340,-1,338
1,<environment.Job instance at 0x7f8cf1a63af0>,134,13,[12  4],135,-1,368,-1,355
1,<environment.Job instance at 0x7f8cf1a63e60>,135,2,[5 5],136,-1,357,-1,355
1,<environment.Job instance at 0x7f8cf1a63320>,136,13,[ 1 13],137,-1,368,-1,355
1,<environment.Job instance at 0x7f8cf19920f0>,137,26,[ 1 13],138,-1,381,-1,355
1,<environment.Job instance at 0x7f8cf1992e10>,138,22,[3 9],139,-1,377,-1,355
1,<environment.Job instance at 0x7f8ce7930c80>,139,16,[11  1],140,-1,371,-1,355
1,<environment.Job instance at 0x7f8ce7a3dcd0>,140,14,[14  2],141,-1,369,-1,355
1,<environment.Job instance at 0x7f8ce7895b40>,144,25,[2 8],145,-1,399,-1,374
1,<environment.Job instance at 0x7f8ce79207d0>,150,17,[ 3 10],151,-1,448,-1,431
1,<environment.Job instance at 0x7f8ce78a9c80>,153,18,[12  1],154,-1,458,-1,440
1,<environment.Job instance at 0x7f8ce78a9870>,155,2,[6 1],156,-1,447,-1,445
1,<environment.Job instance at 0x7f8ce78a9550>,156,25,[8 5],157,-1,470,-1,445
1,<environment.Job instance at 0x7f8ce78a9370>,157,17,[ 1 10],158,-1,462,-1,445
1,<environment.Job instance at 0x7f8ce78a9d70>,158,3,[5 9],159,-1,448,-1,445
1,<environment.Job instance at 0x7f8ce78b1550>,159,18,[ 2 14],160,-1,463,-1,445
1,<environment.Job instance at 0x7f8ce78a90f0>,160,24,[9 1],161,-1,469,-1,445
1,<environment.Job instance at 0x7f8ce78b18c0>,161,25,[7 1],162,-1,470,-1,445
1,<environment.Job instance at 0x7f8cf1a574b0>,162,24,[12  5],163,-1,469,-1,445
1,<environment.Job instance at 0x7f8cf1a5a5a0>,163,23,[10  2],164,-1,468,-1,445
1,<environment.Job instance at 0x7f8ce7928f00>,164,15,[ 1 11],165,-1,460,-1,445
1,<environment.Job instance at 0x7f8ce79289b0>,165,16,[ 5 12],166,-1,461,-1,445
1,<environment.Job instance at 0x7f8ce7928eb0>,166,27,[ 4 14],167,-1,472,-1,445
1,<environment.Job instance at 0x7f8ce7928370>,167,23,[2 9],168,-1,468,-1,445
1,<environment.Job instance at 0x7f8ce7a2ae10>,4,1,[13  4],5,-1,6,-1,5
1,<environment.Job instance at 0x7f8ce7a2ae60>,5,16,[ 2 12],6,-1,22,-1,6
1,<environment.Job instance at 0x7f8ce7a2ac80>,6,12,[ 4 14],7,-1,19,-1,7
1,<environment.Job instance at 0x7f8ce7a2a280>,10,23,[2 7],11,-1,40,-1,17
1,<environment.Job instance at 0x7f8ce7a25b40>,18,22,[5 2],19,-1,77,-1,55
1,<environment.Job instance at 0x7f8ce7a25be0>,19,12,[ 5 10],20,-1,67,-1,55
1,<environment.Job instance at 0x7f8ce7a255f0>,25,25,[ 5 10],26,-1,121,-1,96
1,<environment.Job instance at 0x7f8ce7a25870>,28,20,[14  4],29,-1,134,-1,114
1,<environment.Job instance at 0x7f8ce7a251e0>,30,27,[ 4 10],31,-1,141,-1,114
1,<environment.Job instance at 0x7f8ce7a25500>,31,25,[12  4],32,-1,139,-1,114
1,<environment.Job instance at 0x7f8ce7a20f50>,32,2,[5 7],33,-1,116,-1,114
1,<environment.Job instance at 0x7f8ce7a20cd0>,33,27,[3 8],34,-1,141,-1,114
1,<environment.Job instance at 0x7f8ce7a20a50>,34,13,[11  5],35,-1,127,-1,114
1,<environment.Job instance at 0x7f8ce7a20f00>,35,24,[8 4],36,-1,138,-1,114
1,<environment.Job instance at 0x7f8ce7a20be0>,37,2,[6 3],38,-1,124,-1,122
1,<environment.Job instance at 0x7f8ce7a20c30>,38,3,[13  2],39,-1,125,-1,122
1,<environment.Job instance at 0x7f8ce7a206e0>,41,17,[12  4],42,-1,157,-1,140
1,<environment.Job instance at 0x7f8ce7a1bb90>,43,1,[7 4],44,-1,141,-1,140
1,<environment.Job instance at 0x7f8ce7a1b8c0>,45,14,[12  3],46,-1,170,-1,156
1,<environment.Job instance at 0x7f8ce7a1b0a0>,46,12,[ 5 14],47,-1,168,-1,156
1,<environment.Job instance at 0x7f8ce7a1b5a0>,54,22,[ 1 12],55,-1,226,-1,204
1,<environment.Job instance at 0x7f8ce7a18a50>,61,17,[ 1 14],62,-1,308,-1,291
1,<environment.Job instance at 0x7f8ce7a181e0>,70,26,[ 1 11],71,-1,385,-1,359
1,<environment.Job instance at 0x7f8ce7a18140>,71,16,[14  5],72,-1,375,-1,359
1,<environment.Job instance at 0x7f8ce7a130f0>,75,28,[10  3],76,-1,404,-1,376
1,<environment.Job instance at 0x7f8ce7a13460>,83,3,[7 4],84,-1,433,-1,430
1,<environment.Job instance at 0x7f8ce7a13320>,85,3,[10  2],86,-1,448,-1,445
1,<environment.Job instance at 0x7f8ce7a131e0>,86,24,[14  2],87,-1,469,-1,445
1,<environment.Job instance at 0x7f8ce7a13a50>,87,3,[ 5 11],88,-1,448,-1,445
1,<environment.Job instance at 0x7f8ce7a136e0>,88,2,[ 2 12],89,-1,447,-1,445
1,<environment.Job instance at 0x7f8ce7a13280>,89,23,[ 4 11],90,-1,468,-1,445
1,<environment.Job instance at 0x7f8ce7a0f1e0>,94,24,[ 3 10],95,-1,520,-1,496
1,<environment.Job instance at 0x7f8ce7a8d9b0>,109,3,[9 2],110,-1,608,-1,605
1,<environment.Job instance at 0x7f8ce7a8d910>,111,18,[ 4 13],112,-1,631,-1,613
1,<environment.Job instance at 0x7f8ce7a8d7d0>,112,23,[11  2],113,-1,636,-1,613
1,<environment.Job instance at 0x7f8ce7a8d0f0>,113,12,[11  5],114,-1,625,-1,613
1,<environment.Job instance at 0x7f8ce7a8d050>,115,19,[14  4],116,-1,651,-1,632
1,<environment.Job instance at 0x7f8ce7a87780>,117,14,[ 5 11],118,-1,646,-1,632
1,<environment.Job instance at 0x7f8ce7a87eb0>,128,15,[13  3],129,-1,765,-1,750
1,<environment.Job instance at 0x7f8ce7a32500>,130,12,[ 3 12],131,-1,781,-1,769
1,<environment.Job instance at 0x7f8ce7cd71e0>,131,16,[ 3 11],132,-1,785,-1,769
1,<environment.Job instance at 0x7f8ce7ae3370>,135,12,[ 2 12],136,-1,798,-1,786
1,<environment.Job instance at 0x7f8ce7ae3690>,136,27,[ 1 13],137,-1,813,-1,786
1,<environment.Job instance at 0x7f8ce7a3dbe0>,143,24,[11  3],144,-1,860,-1,836
1,<environment.Job instance at 0x7f8ce7bddc80>,144,18,[13  3],145,-1,854,-1,836
1,<environment.Job instance at 0x7f8ce7a37d20>,152,24,[7 5],153,-1,918,-1,894
1,<environment.Job instance at 0x7f8ce811b500>,153,20,[14  5],154,-1,914,-1,894
1,<environment.Job instance at 0x7f8ce7920190>,155,18,[14  1],156,-1,913,-1,895
1,<environment.Job instance at 0x7f8ce7928410>,156,27,[5 5],157,-1,922,-1,895
1,<environment.Job instance at 0x7f8ce7a3bc80>,159,13,[14  1],160,-1,923,-1,910
1,<environment.Job instance at 0x7f8ce80bb190>,161,17,[14  5],162,-1,939,-1,922
1,<environment.Job instance at 0x7f8ce7a2aa50>,3,15,[ 4 11],4,-1,19,-1,4
1,<environment.Job instance at 0x7f8ce78616e0>,4,28,[6 1],5,-1,33,-1,5
1,<environment.Job instance at 0x7f8ce78631e0>,17,15,[13  1],18,-1,75,-1,60
1,<environment.Job instance at 0x7f8ce7863280>,18,14,[12  4],19,-1,74,-1,60
1,<environment.Job instance at 0x7f8ce7863460>,21,25,[ 3 14],22,-1,101,-1,76
1,<environment.Job instance at 0x7f8ce7863500>,22,14,[14  3],23,-1,90,-1,76
1,<environment.Job instance at 0x7f8ce7863640>,24,14,[ 5 14],25,-1,98,-1,84
1,<environment.Job instance at 0x7f8ce7863050>,29,24,[6 5],30,-1,147,-1,123
1,<environment.Job instance at 0x7f8ce7863aa0>,30,22,[5 9],31,-1,158,-1,136
1,<environment.Job instance at 0x7f8ce7863cd0>,35,21,[7 1],36,-1,224,-1,203
1,<environment.Job instance at 0x7f8ce7866280>,43,2,[ 4 11],44,-1,205,-1,203
1,<environment.Job instance at 0x7f8ce78663c0>,44,14,[ 5 12],45,-1,217,-1,203
1,<environment.Job instance at 0x7f8ce78664b0>,45,24,[ 5 11],46,-1,227,-1,203
1,<environment.Job instance at 0x7f8ce7866050>,46,25,[7 3],47,-1,228,-1,203
1,<environment.Job instance at 0x7f8ce78665a0>,47,18,[11  5],48,-1,222,-1,204
1,<environment.Job instance at 0x7f8ce7866190>,51,20,[2 9],52,-1,281,-1,261
1,<environment.Job instance at 0x7f8ce7866aa0>,54,14,[1 5],55,-1,276,-1,262
1,<environment.Job instance at 0x7f8ce7866af0>,55,12,[1 6],56,-1,274,-1,262
1,<environment.Job instance at 0x7f8ce7869190>,63,12,[14  4],64,-1,353,-1,341
1,<environment.Job instance at 0x7f8ce78692d0>,65,25,[8 1],66,-1,380,-1,355
1,<environment.Job instance at 0x7f8ce7869410>,67,21,[ 5 14],68,-1,387,-1,366
1,<environment.Job instance at 0x7f8ce78690a0>,69,12,[8 1],70,-1,383,-1,371
1,<environment.Job instance at 0x7f8ce7869690>,70,28,[2 8],71,-1,399,-1,371
1,<environment.Job instance at 0x7f8ce78696e0>,72,27,[9 3],73,-1,400,-1,373
1,<environment.Job instance at 0x7f8ce7869820>,74,2,[4 7],75,-1,385,-1,383
1,<environment.Job instance at 0x7f8ce78698c0>,75,28,[ 1 13],76,-1,411,-1,383
1,<environment.Job instance at 0x7f8ce79202d0>,76,12,[ 4 10],77,-1,405,-1,393
1,<environment.Job instance at 0x7f8ce78578c0>,78,2,[ 4 11],79,-1,396,-1,394
1,<environment.Job instance at 0x7f8ce7857500>,79,26,[9 4],80,-1,420,-1,394
1,<environment.Job instance at 0x7f8ce7857910>,80,28,[2 7],81,-1,422,-1,394
1,<environment.Job instance at 0x7f8ce78573c0>,82,22,[ 5 14],83,-1,421,-1,399
1,<environment.Job instance at 0x7f8ce78571e0>,83,20,[14  1],84,-1,419,-1,399
1,<environment.Job instance at 0x7f8ce7fe74b0>,94,26,[1 5],95,-1,512,-1,486
1,<environment.Job instance at 0x7f8ce8152f50>,95,22,[11  4],96,-1,508,-1,486
1,<environment.Job instance at 0x7f8ce7fe7aa0>,96,21,[11  3],97,-1,508,-1,487
1,<environment.Job instance at 0x7f8ce7c68af0>,97,23,[ 4 10],98,-1,510,-1,487
1,<environment.Job instance at 0x7f8ce7c8be10>,98,19,[14  3],99,-1,506,-1,487
1,<environment.Job instance at 0x7f8ce7c8bfa0>,99,1,[3 7],100,-1,488,-1,487
1,<environment.Job instance at 0x7f8ce7c6b500>,100,15,[11  4],101,-1,502,-1,487
1,<environment.Job instance at 0x7f8ce8e1b280>,101,17,[11  1],102,-1,504,-1,487
1,<environment.Job instance at 0x7f8ce7d46a50>,102,2,[ 1 14],103,-1,489,-1,487
1,<environment.Job instance at 0x7f8ce7c6b2d0>,103,12,[13  2],104,-1,499,-1,487
1,<environment.Job instance at 0x7f8ce7c8bcd0>,105,15,[ 2 11],106,-1,502,-1,487
1,<environment.Job instance at 0x7f8ce7c59960>,106,23,[7 4],107,-1,510,-1,487
1,<environment.Job instance at 0x7f8ce7c83a00>,131,27,[5 1],132,-1,749,-1,722
1,<environment.Job instance at 0x7f8ce7c83050>,132,21,[1 6],133,-1,743,-1,722
1,<environment.Job instance at 0x7f8ce7c83cd0>,133,17,[14  5],134,-1,739,-1,722
1,<environment.Job instance at 0x7f8ce7c83550>,136,25,[8 3],137,-1,763,-1,738
1,<environment.Job instance at 0x7f8ce7c836e0>,137,13,[13  1],138,-1,751,-1,738
1,<environment.Job instance at 0x7f8ce7c83690>,141,19,[12  1],142,-1,774,-1,755
1,<environment.Job instance at 0x7f8ce7c88910>,145,13,[ 2 12],146,-1,801,-1,788
1,<environment.Job instance at 0x7f8ce7c88500>,146,25,[ 5 10],147,-1,813,-1,788
1,<environment.Job instance at 0x7f8ce7c88280>,147,26,[9 3],148,-1,814,-1,788
1,<environment.Job instance at 0x7f8ce8009370>,148,26,[ 1 12],149,-1,814,-1,788
1,<environment.Job instance at 0x7f8ce8009960>,149,28,[3 6],150,-1,816,-1,788
1,<environment.Job instance at 0x7f8ce8009be0>,150,2,[1 6],151,-1,790,-1,788
1,<environment.Job instance at 0x7f8ce8009280>,151,12,[11  1],152,-1,800,-1,788
1,<environment.Job instance at 0x7f8ce8009f00>,153,15,[13  2],154,-1,804,-1,789
1,<environment.Job instance at 0x7f8ce7fdb550>,154,17,[12  3],155,-1,806,-1,789
1,<environment.Job instance at 0x7f8ce7c8c550>,155,2,[ 4 12],156,-1,791,-1,789
1,<environment.Job instance at 0x7f8ce86dd6e0>,4,24,[7 5],5,-1,29,-1,5
1,<environment.Job instance at 0x7f8ce86dd780>,9,24,[4 9],10,-1,34,-1,10
1,<environment.Job instance at 0x7f8ce86ddaf0>,14,12,[ 1 14],15,-1,45,-1,33
1,<environment.Job instance at 0x7f8ce86ddd70>,15,14,[13  4],16,-1,47,-1,33
1,<environment.Job instance at 0x7f8ce86dd280>,17,13,[13  3],18,-1,64,-1,51
1,<environment.Job instance at 0x7f8ce86dde60>,19,27,[ 3 14],20,-1,78,-1,51
1,<environment.Job instance at 0x7f8ce86dd410>,21,1,[ 5 13],22,-1,61,-1,60
1,<environment.Job instance at 0x7f8ce8654dc0>,22,25,[13  4],23,-1,85,-1,60
1,<environment.Job instance at 0x7f8ce86543c0>,23,14,[14  1],24,-1,74,-1,60
1,<environment.Job instance at 0x7f8ce86542d0>,24,1,[10  5],25,-1,61,-1,60
1,<environment.Job instance at 0x7f8ce8654870>,25,26,[13  4],26,-1,86,-1,60
1,<environment.Job instance at 0x7f8ce8654410>,26,12,[6 5],27,-1,73,-1,61
1,<environment.Job instance at 0x7f8ce86540f0>,27,21,[ 2 13],28,-1,82,-1,61
1,<environment.Job instance at 0x7f8ce8654fa0>,28,16,[ 3 14],29,-1,77,-1,61
1,<environment.Job instance at 0x7f8ce8654140>,29,16,[ 1 11],30,-1,77,-1,61
1,<environment.Job instance at 0x7f8ce8654190>,31,24,[ 2 13],32,-1,90,-1,66
1,<environment.Job instance at 0x7f8ce86544b0>,32,18,[13  3],33,-1,84,-1,66
1,<environment.Job instance at 0x7f8ce8654b90>,33,15,[ 1 10],34,-1,81,-1,66
1,<environment.Job instance at 0x7f8ce86d0be0>,35,16,[ 1 12],36,-1,89,-1,73
1,<environment.Job instance at 0x7f8ce86d04b0>,36,1,[ 2 10],37,-1,74,-1,73
1,<environment.Job instance at 0x7f8ce86d09b0>,37,26,[8 4],38,-1,99,-1,73
1,<environment.Job instance at 0x7f8ce86d05f0>,38,16,[ 3 13],39,-1,89,-1,73
1,<environment.Job instance at 0x7f8ce86d0e10>,41,28,[ 5 12],42,-1,119,-1,91
1,<environment.Job instance at 0x7f8ce86d0820>,42,28,[2 6],43,-1,119,-1,91
1,<environment.Job instance at 0x7f8ce86d0d20>,43,18,[9 1],44,-1,120,-1,102
1,<environment.Job instance at 0x7f8ce86d0dc0>,44,28,[ 1 11],45,-1,130,-1,102
1,<environment.Job instance at 0x7f8ce86d0410>,46,23,[11  3],47,-1,125,-1,102
1,<environment.Job instance at 0x7f8ce86d0500>,47,14,[13  5],48,-1,116,-1,102
1,<environment.Job instance at 0x7f8ce86d0230>,48,16,[ 5 10],49,-1,118,-1,102
1,<environment.Job instance at 0x7f8ce82f8c30>,49,1,[6 1],50,-1,103,-1,102
1,<environment.Job instance at 0x7f8ce82f8730>,51,13,[12  5],52,-1,119,-1,106
1,<environment.Job instance at 0x7f8ce82f8320>,52,14,[7 1],53,-1,120,-1,106
1,<environment.Job instance at 0x7f8ce82f8eb0>,53,16,[11  4],54,-1,122,-1,106
1,<environment.Job instance at 0x7f8ce82f8140>,55,27,[6 1],56,-1,139,-1,112
1,<environment.Job instance at 0x7f8ce82f8c80>,56,22,[5 5],57,-1,135,-1,113
1,<environment.Job instance at 0x7f8ce8331960>,57,14,[2 6],58,-1,132,-1,118
1,<environment.Job instance at 0x7f8ce83316e0>,59,26,[2 7],60,-1,147,-1,121
1,<environment.Job instance at 0x7f8ce8331910>,60,23,[10  3],61,-1,144,-1,121
1,<environment.Job instance at 0x7f8ce8331a50>,61,16,[14  1],62,-1,137,-1,121
1,<environment.Job instance at 0x7f8ce8331c30>,62,1,[13  2],63,-1,122,-1,121
1,<environment.Job instance at 0x7f8ce83390a0>,63,3,[4 5],64,-1,124,-1,121
1,<environment.Job instance at 0x7f8ce83396e0>,64,21,[8 1],65,-1,148,-1,127
1,<environment.Job instance at 0x7f8ce83391e0>,65,18,[11  1],66,-1,145,-1,127
1,<environment.Job instance at 0x7f8ce8339280>,72,18,[ 4 11],73,-1,200,-1,182
1,<environment.Job instance at 0x7f8ce83392d0>,73,25,[5 6],74,-1,207,-1,182
1,<environment.Job instance at 0x7f8ce8082410>,74,26,[ 3 12],75,-1,208,-1,182
1,<environment.Job instance at 0x7f8ce80827d0>,75,13,[ 4 13],76,-1,195,-1,182
1,<environment.Job instance at 0x7f8ce8082460>,76,2,[10  5],77,-1,184,-1,182
1,<environment.Job instance at 0x7f8ce83ac410>,77,27,[5 7],78,-1,209,-1,182
1,<environment.Job instance at 0x7f8ce83ac140>,78,20,[ 4 14],79,-1,202,-1,182
1,<environment.Job instance at 0x7f8ce83acf50>,79,14,[1 7],80,-1,196,-1,182
1,<environment.Job instance at 0x7f8ce83ac910>,81,23,[11  4],82,-1,222,-1,199
1,<environment.Job instance at 0x7f8ce83acfa0>,83,23,[2 7],84,-1,222,-1,199
1,<environment.Job instance at 0x7f8ce83ac780>,84,15,[12  4],85,-1,214,-1,199
1,<environment.Job instance at 0x7f8ce83ac0f0>,85,2,[ 1 12],86,-1,201,-1,199
1,<environment.Job instance at 0x7f8ce86ae820>,88,28,[6 4],89,-1,242,-1,214
1,<environment.Job instance at 0x7f8ce86ae960>,89,14,[14  3],90,-1,228,-1,214
1,<environment.Job instance at 0x7f8ce86ae0f0>,91,25,[ 2 14],92,-1,240,-1,215
1,<environment.Job instance at 0x7f8ce86ae550>,95,3,[ 3 14],96,-1,248,-1,245
1,<environment.Job instance at 0x7f8ce86ae9b0>,96,27,[10  1],97,-1,272,-1,245
1,<environment.Job instance at 0x7f8ce86ae730>,98,15,[ 5 10],99,-1,262,-1,247
1,<environment.Job instance at 0x7f8ce86aeeb0>,100,28,[13  5],101,-1,290,-1,262
1,<environment.Job instance at 0x7f8ce86ae690>,102,16,[ 4 10],103,-1,280,-1,264
1,<environment.Job instance at 0x7f8ce86ae910>,104,2,[ 2 14],105,-1,278,-1,276
1,<environment.Job instance at 0x7f8ce86ae780>,105,14,[11  2],106,-1,290,-1,276
1,<environment.Job instance at 0x7f8ce86aef00>,106,1,[4 6],107,-1,277,-1,276
1,<environment.Job instance at 0x7f8ce86aeaa0>,108,14,[14  5],109,-1,296,-1,282
1,<environment.Job instance at 0x7f8ce86b01e0>,109,1,[ 3 12],110,-1,283,-1,282
1,<environment.Job instance at 0x7f8ce86b0e10>,111,2,[5 6],112,-1,294,-1,292
1,<environment.Job instance at 0x7f8ce86b08c0>,112,13,[ 2 13],113,-1,305,-1,292
1,<environment.Job instance at 0x7f8ce86b0c80>,113,23,[5 1],114,-1,315,-1,292
1,<environment.Job instance at 0x7f8ce86b03c0>,114,14,[ 3 13],115,-1,306,-1,292
1,<environment.Job instance at 0x7f8ce86b0690>,115,13,[5 1],116,-1,307,-1,294
1,<environment.Job instance at 0x7f8ce86b0280>,116,26,[ 1 12],117,-1,320,-1,294
1,<environment.Job instance at 0x7f8ce86b0f50>,120,24,[11  5],121,-1,339,-1,315
1,<environment.Job instance at 0x7f8ce86b0fa0>,121,3,[2 7],122,-1,318,-1,315
1,<environment.Job instance at 0x7f8ce86b09b0>,122,1,[10  4],123,-1,316,-1,315
1,<environment.Job instance at 0x7f8ce86b0cd0>,126,18,[14  2],127,-1,362,-1,344
1,<environment.Job instance at 0x7f8ce863e6e0>,127,27,[5 7],128,-1,371,-1,344
1,<environment.Job instance at 0x7f8ce863e7d0>,129,21,[12  3],130,-1,366,-1,345
1,<environment.Job instance at 0x7f8ce863e960>,130,12,[ 5 12],131,-1,357,-1,345
1,<environment.Job instance at 0x7f8ce863e140>,132,16,[ 2 13],133,-1,361,-1,345
1,<environment.Job instance at 0x7f8ce84885f0>,135,13,[14  1],136,-1,372,-1,359
1,<environment.Job instance at 0x7f8ce893d7d0>,136,14,[ 5 13],137,-1,373,-1,359
1,<environment.Job instance at 0x7f8ce893d190>,137,20,[ 2 13],138,-1,379,-1,359
1,<environment.Job instance at 0x7f8ce893deb0>,138,27,[4 9],139,-1,386,-1,359
1,<environment.Job instance at 0x7f8ce893dc30>,139,3,[ 2 13],140,-1,362,-1,359
1,<environment.Job instance at 0x7f8ce893d690>,140,13,[ 4 12],141,-1,372,-1,359
1,<environment.Job instance at 0x7f8ce893d640>,142,25,[2 7],143,-1,400,-1,375
1,<environment.Job instance at 0x7f8ce866d550>,144,12,[11  5],145,-1,387,-1,375
1,<environment.Job instance at 0x7f8ce84eaf00>,147,21,[12  5],148,-1,417,-1,396
1,<environment.Job instance at 0x7f8ce881e370>,149,20,[11  5],150,-1,429,-1,409
1,<environment.Job instance at 0x7f8ce8409b40>,152,28,[5 7],153,-1,454,-1,426
1,<environment.Job instance at 0x7f8ce839aa50>,153,12,[ 4 11],154,-1,438,-1,426
1,<environment.Job instance at 0x7f8ce840baa0>,154,25,[13  4],155,-1,451,-1,426
1,<environment.Job instance at 0x7f8ce89269b0>,155,21,[ 1 12],156,-1,447,-1,426
1,<environment.Job instance at 0x7f8ce89261e0>,156,22,[ 4 10],157,-1,448,-1,426
1,<environment.Job instance at 0x7f8ce83721e0>,157,22,[13  5],158,-1,448,-1,426
1,<environment.Job instance at 0x7f8ce83e51e0>,158,28,[13  2],159,-1,454,-1,426
1,<environment.Job instance at 0x7f8ce8372aa0>,160,24,[7 3],161,-1,463,-1,439
1,<environment.Job instance at 0x7f8ce863ed20>,162,26,[5 8],163,-1,465,-1,439
1,<environment.Job instance at 0x7f8ce863e0a0>,164,23,[1 5],165,-1,462,-1,439
1,<environment.Job instance at 0x7f8ce863e050>,165,2,[5 5],166,-1,441,-1,439
1,<environment.Job instance at 0x7f8ce863e280>,166,2,[ 5 13],167,-1,441,-1,439
1,<environment.Job instance at 0x7f8ce8109aa0>,167,13,[ 1 14],168,-1,452,-1,439
1,<environment.Job instance at 0x7f8ce8109190>,168,17,[ 1 10],169,-1,456,-1,439
1,<environment.Job instance at 0x7f8ce86dd960>,11,20,[6 3],12,-1,1728,-1,1708
1,<environment.Job instance at 0x7f8ce7611e10>,2,18,[ 2 11],3,-1,21,-1,3
1,<environment.Job instance at 0x7f8ce752f6e0>,9,18,[ 5 14],10,-1,28,-1,10
1,<environment.Job instance at 0x7f8ce7712730>,8,16,[ 4 10],9,-1,26,-1,10
1,<environment.Job instance at 0x7f8ce85d1f50>,10,17,[ 3 13],11,-1,28,-1,11
1,<environment.Job instance at 0x7f8ce85d1be0>,11,23,[13  3],12,-1,35,-1,12
1,<environment.Job instance at 0x7f8ce85d1dc0>,12,18,[ 2 12],13,-1,31,-1,13
1,<environment.Job instance at 0x7f8ce85d1640>,13,13,[11  1],14,-1,27,-1,14
1,<environment.Job instance at 0x7f8ce758ee60>,19,15,[4 9],20,-1,51,-1,36
1,<environment.Job instance at 0x7f8ce753dbe0>,21,13,[14  4],22,-1,49,-1,36
1,<environment.Job instance at 0x7f8ce884be10>,22,16,[14  2],23,-1,52,-1,36
1,<environment.Job instance at 0x7f8ce884b640>,23,17,[5 2],24,-1,58,-1,41
1,<environment.Job instance at 0x7f8ce85d55a0>,24,3,[5 1],25,-1,44,-1,41
1,<environment.Job instance at 0x7f8ce85d5e10>,25,17,[9 3],26,-1,71,-1,54
1,<environment.Job instance at 0x7f8ce85d5af0>,28,17,[2 7],29,-1,71,-1,54
1,<environment.Job instance at 0x7f8ce85d5c80>,29,28,[14  4],30,-1,82,-1,54
1,<environment.Job instance at 0x7f8ce85d5b90>,30,28,[5 2],31,-1,82,-1,54
1,<environment.Job instance at 0x7f8ce85d59b0>,31,2,[5 9],32,-1,56,-1,54
1,<environment.Job instance at 0x7f8ce85d5230>,32,24,[8 1],33,-1,78,-1,54
1,<environment.Job instance at 0x7f8ce85d5e60>,33,15,[4 7],34,-1,69,-1,54
1,<environment.Job instance at 0x7f8ce85d5410>,34,26,[5 7],35,-1,80,-1,54
1,<environment.Job instance at 0x7f8ce84e23c0>,35,15,[6 1],36,-1,69,-1,54
1,<environment.Job instance at 0x7f8ce84e2e10>,36,18,[5 8],37,-1,72,-1,54
1,<environment.Job instance at 0x7f8ce84e2f00>,37,27,[9 4],38,-1,81,-1,54
1,<environment.Job instance at 0x7f8ce84e2820>,38,20,[9 5],39,-1,74,-1,54
1,<environment.Job instance at 0x7f8ce84e2be0>,39,26,[7 3],40,-1,80,-1,54
1,<environment.Job instance at 0x7f8ce8164780>,40,17,[ 5 12],41,-1,71,-1,54
1,<environment.Job instance at 0x7f8ce8164870>,41,18,[10  1],42,-1,72,-1,54
1,<environment.Job instance at 0x7f8ce8164b90>,42,15,[7 5],43,-1,69,-1,54
1,<environment.Job instance at 0x7f8ce8164050>,43,2,[14  5],44,-1,56,-1,54
1,<environment.Job instance at 0x7f8ce8829370>,44,2,[13  2],45,-1,56,-1,54
1,<environment.Job instance at 0x7f8ce76984b0>,45,14,[ 1 10],46,-1,68,-1,54
1,<environment.Job instance at 0x7f8ce88299b0>,46,18,[2 7],47,-1,72,-1,54
1,<environment.Job instance at 0x7f8ce8829a50>,47,20,[10  2],48,-1,74,-1,54
1,<environment.Job instance at 0x7f8ce8571dc0>,48,16,[8 1],49,-1,70,-1,54
1,<environment.Job instance at 0x7f8ce8571e60>,49,18,[3 7],50,-1,72,-1,54
1,<environment.Job instance at 0x7f8ce8571140>,50,17,[ 1 13],51,-1,71,-1,54
1,<environment.Job instance at 0x7f8ce85ba5f0>,51,25,[4 9],52,-1,79,-1,54
1,<environment.Job instance at 0x7f8ce8571e10>,52,14,[7 2],53,-1,68,-1,54
1,<environment.Job instance at 0x7f8ce85715f0>,53,14,[13  3],54,-1,68,-1,54
1,<environment.Job instance at 0x7f8ce836c910>,54,14,[7 2],55,-1,69,-1,55
1,<environment.Job instance at 0x7f8ce838f780>,55,12,[6 1],56,-1,68,-1,56
1,<environment.Job instance at 0x7f8ce89ced20>,56,13,[9 2],57,-1,70,-1,57
1,<environment.Job instance at 0x7f8ce89cecd0>,57,2,[6 3],58,-1,60,-1,58
1,<environment.Job instance at 0x7f8ce89ce820>,58,20,[5 6],59,-1,83,-1,63
1,<environment.Job instance at 0x7f8ce8930820>,59,15,[10  1],60,-1,78,-1,63
1,<environment.Job instance at 0x7f8ce8930460>,60,14,[3 8],61,-1,77,-1,63
1,<environment.Job instance at 0x7f8ce8d702d0>,61,16,[6 5],62,-1,82,-1,66
1,<environment.Job instance at 0x7f8ce8564d20>,63,12,[ 3 10],64,-1,78,-1,66
1,<environment.Job instance at 0x7f8ce89099b0>,64,12,[11  4],65,-1,78,-1,66
1,<environment.Job instance at 0x7f8ce8643a00>,65,20,[3 7],66,-1,86,-1,66
1,<environment.Job instance at 0x7f8ce8d70550>,66,12,[10  1],67,-1,79,-1,67
1,<environment.Job instance at 0x7f8ce89d6a50>,67,21,[1 7],68,-1,89,-1,68
1,<environment.Job instance at 0x7f8ce89d6e10>,68,16,[9 2],69,-1,100,-1,84
1,<environment.Job instance at 0x7f8cf14ad9b0>,71,17,[8 4],72,-1,102,-1,85
1,<environment.Job instance at 0x7f8ce8d23fa0>,72,12,[13  4],73,-1,97,-1,85
1,<environment.Job instance at 0x7f8ce8d23230>,73,12,[5 9],74,-1,97,-1,85
1,<environment.Job instance at 0x7f8ce8d23eb0>,74,12,[6 4],75,-1,97,-1,85
1,<environment.Job instance at 0x7f8ce88efb40>,75,17,[14  2],76,-1,102,-1,85
1,<environment.Job instance at 0x7f8ce88ef3c0>,76,17,[ 1 12],77,-1,102,-1,85
1,<environment.Job instance at 0x7f8ce88efa50>,77,17,[9 2],78,-1,103,-1,86
1,<environment.Job instance at 0x7f8ce88eff00>,78,2,[8 1],79,-1,88,-1,86
1,<environment.Job instance at 0x7f8ce88efc30>,79,27,[11  4],80,-1,113,-1,86
1,<environment.Job instance at 0x7f8ce88ef910>,80,15,[ 2 13],81,-1,101,-1,86
1,<environment.Job instance at 0x7f8ce88efd20>,81,3,[2 5],82,-1,89,-1,86
1,<environment.Job instance at 0x7f8ce8a81190>,82,2,[1 6],83,-1,88,-1,86
1,<environment.Job instance at 0x7f8ce8a81af0>,83,16,[11  3],84,-1,102,-1,86
1,<environment.Job instance at 0x7f8ce8a81a00>,84,25,[6 2],85,-1,111,-1,86
1,<environment.Job instance at 0x7f8ce8a81cd0>,85,17,[13  1],86,-1,103,-1,86
1,<environment.Job instance at 0x7f8ce8a81280>,86,23,[8 2],87,-1,110,-1,87
1,<environment.Job instance at 0x7f8ce8a81960>,87,26,[ 2 11],88,-1,114,-1,88
1,<environment.Job instance at 0x7f8ce8a81640>,88,1,[6 4],89,-1,90,-1,89
1,<environment.Job instance at 0x7f8ce89fb280>,89,16,[11  4],90,-1,106,-1,90
1,<environment.Job instance at 0x7f8ce89fb190>,90,26,[2 7],91,-1,117,-1,91
1,<environment.Job instance at 0x7f8ce89fbe60>,91,18,[ 2 10],92,-1,110,-1,92
1,<environment.Job instance at 0x7f8ce755b780>,92,17,[8 3],93,-1,113,-1,96
1,<environment.Job instance at 0x7f8ce755b410>,93,24,[13  5],94,-1,120,-1,96
1,<environment.Job instance at 0x7f8ce755b7d0>,94,12,[4 8],95,-1,108,-1,96
1,<environment.Job instance at 0x7f8ce8965370>,95,12,[14  3],96,-1,108,-1,96
1,<environment.Job instance at 0x7f8ce8965460>,96,22,[7 2],97,-1,119,-1,97
1,<environment.Job instance at 0x7f8ce898a870>,97,18,[5 9],98,-1,118,-1,100
1,<environment.Job instance at 0x7f8ce898a140>,99,14,[7 4],100,-1,114,-1,100
1,<environment.Job instance at 0x7f8ce898aeb0>,100,13,[11  1],101,-1,114,-1,101
1,<environment.Job instance at 0x7f8ce88c0a00>,101,15,[6 5],102,-1,117,-1,102
1,<environment.Job instance at 0x7f8ce88c0be0>,102,16,[5 4],103,-1,126,-1,110
1,<environment.Job instance at 0x7f8ce898a820>,103,17,[ 2 10],104,-1,127,-1,110
1,<environment.Job instance at 0x7f8ce897ef50>,115,14,[11  2],116,-1,208,-1,194
1,<environment.Job instance at 0x7f8ce897eb90>,116,15,[ 3 14],117,-1,209,-1,194
1,<environment.Job instance at 0x7f8ce897e6e0>,118,27,[7 4],119,-1,223,-1,196
1,<environment.Job instance at 0x7f8ce8534870>,129,14,[11  5],130,-1,303,-1,289
1,<environment.Job instance at 0x7f8ce7e9dbe0>,131,23,[ 4 13],132,-1,312,-1,289
1,<environment.Job instance at 0x7f8ce7e9d6e0>,132,19,[11  1],133,-1,311,-1,292
1,<environment.Job instance at 0x7f8ce7e9ddc0>,133,18,[ 4 11],134,-1,310,-1,292
1,<environment.Job instance at 0x7f8ce7e31730>,136,13,[ 3 13],137,-1,316,-1,303
1,<environment.Job instance at 0x7f8ce7df5640>,142,16,[14  3],143,-1,358,-1,342
1,<environment.Job instance at 0x7f8ce861a5f0>,168,24,[ 1 14],169,-1,553,-1,529
1,<environment.Job instance at 0x7f8ce85b4a50>,3,1,[7 1],4,-1,5,-1,4
1,<environment.Job instance at 0x7f8ce7b23fa0>,4,23,[5 5],5,-1,28,-1,5
1,<environment.Job instance at 0x7f8ce8229cd0>,5,23,[ 2 12],6,-1,29,-1,6
1,<environment.Job instance at 0x7f8ce7b399b0>,7,25,[7 3],8,-1,33,-1,8
1,<environment.Job instance at 0x7f8ce7b397d0>,8,1,[12  5],9,-1,10,-1,9
1,<environment.Job instance at 0x7f8ce85b40a0>,10,27,[5 2],11,-1,39,-1,12
1,<environment.Job instance at 0x7f8ce82db5f0>,24,20,[ 2 11],25,-1,77,-1,57
1,<environment.Job instance at 0x7f8ce82dbcd0>,25,2,[3 9],26,-1,59,-1,57
1,<environment.Job instance at 0x7f8ce7bca500>,27,26,[3 7],28,-1,90,-1,64
1,<environment.Job instance at 0x7f8ce82e87d0>,28,26,[4 6],29,-1,90,-1,64
1,<environment.Job instance at 0x7f8ce80076e0>,29,14,[ 3 14],30,-1,78,-1,64
1,<environment.Job instance at 0x7f8ce7bca730>,30,20,[4 9],31,-1,84,-1,64
1,<environment.Job instance at 0x7f8ce7b928c0>,31,12,[10  1],32,-1,76,-1,64
1,<environment.Job instance at 0x7f8ce7b90e60>,32,1,[10  1],33,-1,65,-1,64
1,<environment.Job instance at 0x7f8ce7b3cf50>,38,14,[ 2 12],39,-1,116,-1,102
1,<environment.Job instance at 0x7f8ce816f500>,39,28,[11  4],40,-1,130,-1,102
1,<environment.Job instance at 0x7f8ce816f140>,40,22,[ 5 12],41,-1,124,-1,102
1,<environment.Job instance at 0x7f8ce82d1aa0>,42,25,[9 5],43,-1,141,-1,116
1,<environment.Job instance at 0x7f8ce7babeb0>,47,14,[ 2 11],48,-1,164,-1,150
1,<environment.Job instance at 0x7f8ce7fe35f0>,49,15,[ 5 14],50,-1,165,-1,150
1,<environment.Job instance at 0x7f8ce7bab5f0>,50,27,[3 6],51,-1,177,-1,150
1,<environment.Job instance at 0x7f8ce7fe36e0>,51,2,[12  1],52,-1,152,-1,150
1,<environment.Job instance at 0x7f8ce7fea960>,53,18,[11  2],54,-1,178,-1,160
1,<environment.Job instance at 0x7f8ce7feac80>,55,27,[8 1],56,-1,191,-1,164
1,<environment.Job instance at 0x7f8ce7feac30>,58,1,[4 7],59,-1,180,-1,179
1,<environment.Job instance at 0x7f8ce7feaf00>,60,20,[14  2],61,-1,209,-1,189
1,<environment.Job instance at 0x7f8ce7feaeb0>,61,22,[10  5],62,-1,390,-1,368
1,<environment.Job instance at 0x7f8ce7ff1780>,82,1,[4 7],83,-1,381,-1,380
1,<environment.Job instance at 0x7f8ce7ff1820>,83,25,[ 2 10],84,-1,405,-1,380
1,<environment.Job instance at 0x7f8ce7ff1910>,84,14,[11  3],85,-1,394,-1,380
1,<environment.Job instance at 0x7f8ce7ff1e60>,92,1,[5 6],93,-1,446,-1,445
1,<environment.Job instance at 0x7f8ce7ff1fa0>,94,25,[9 4],95,-1,472,-1,447
1,<environment.Job instance at 0x7f8ce7ff16e0>,95,3,[6 3],96,-1,455,-1,452
1,<environment.Job instance at 0x7f8ce7fef190>,96,2,[12  3],97,-1,454,-1,452
1,<environment.Job instance at 0x7f8ce7fef050>,97,23,[4 8],98,-1,479,-1,456
1,<environment.Job instance at 0x7f8ce7fef140>,99,27,[ 5 14],100,-1,488,-1,461
1,<environment.Job instance at 0x7f8ce7fef410>,100,17,[14  2],101,-1,478,-1,461
1,<environment.Job instance at 0x7f8ce7fef550>,101,15,[12  2],102,-1,476,-1,461
1,<environment.Job instance at 0x7f8ce7fef0f0>,102,20,[10  3],103,-1,494,-1,474
1,<environment.Job instance at 0x7f8ce7fef8c0>,105,23,[9 5],106,-1,497,-1,474
1,<environment.Job instance at 0x7f8ce7fef9b0>,106,27,[7 3],107,-1,501,-1,474
1,<environment.Job instance at 0x7f8ce7fefa00>,107,2,[9 4],108,-1,476,-1,474
1,<environment.Job instance at 0x7f8ce7fefb90>,109,18,[11  2],110,-1,500,-1,482
1,<environment.Job instance at 0x7f8ce7fefc30>,110,25,[9 5],111,-1,507,-1,482
1,<environment.Job instance at 0x7f8ce7fefdc0>,113,17,[ 5 12],114,-1,515,-1,498
1,<environment.Job instance at 0x7f8ce7fefeb0>,114,23,[6 1],115,-1,521,-1,498
1,<environment.Job instance at 0x7f8ce7fefc80>,116,2,[ 4 14],117,-1,505,-1,503
1,<environment.Job instance at 0x7f8ce7feff00>,117,23,[10  3],118,-1,526,-1,503
1,<environment.Job instance at 0x7f8ce8005050>,118,14,[ 1 11],119,-1,517,-1,503
1,<environment.Job instance at 0x7f8ce8005410>,122,27,[8 3],123,-1,561,-1,534
1,<environment.Job instance at 0x7f8ce80054b0>,123,18,[ 2 10],124,-1,563,-1,545
1,<environment.Job instance at 0x7f8ce8005730>,127,25,[9 4],128,-1,587,-1,562
1,<environment.Job instance at 0x7f8ce8005910>,130,3,[3 9],131,-1,582,-1,579
1,<environment.Job instance at 0x7f8ce8005c30>,131,28,[ 5 13],132,-1,607,-1,579
1,<environment.Job instance at 0x7f8ce8005a50>,132,15,[12  1],133,-1,594,-1,579
1,<environment.Job instance at 0x7f8ce8005d20>,133,3,[ 5 14],134,-1,582,-1,579
1,<environment.Job instance at 0x7f8ce8005e60>,135,26,[4 9],136,-1,605,-1,579
1,<environment.Job instance at 0x7f8ce8005f00>,136,27,[10  5],137,-1,606,-1,579
1,<environment.Job instance at 0x7f8ce8005fa0>,139,17,[ 2 10],140,-1,619,-1,602
1,<environment.Job instance at 0x7f8ce7ff61e0>,140,3,[1 6],141,-1,609,-1,606
1,<environment.Job instance at 0x7f8ce7ff6280>,141,16,[13  4],142,-1,622,-1,606
1,<environment.Job instance at 0x7f8ce7ff63c0>,143,16,[ 5 12],144,-1,627,-1,611
1,<environment.Job instance at 0x7f8ce7ff65a0>,146,3,[6 1],147,-1,637,-1,634
1,<environment.Job instance at 0x7f8ce7ff6640>,147,12,[ 2 12],148,-1,646,-1,634
1,<environment.Job instance at 0x7f8ce7ff66e0>,148,2,[6 2],149,-1,636,-1,634
1,<environment.Job instance at 0x7f8ce7ff6be0>,153,18,[ 1 11],154,-1,671,-1,653
1,<environment.Job instance at 0x7f8ce7ff6c80>,154,3,[3 7],155,-1,656,-1,653
1,<environment.Job instance at 0x7f8ce7ff6e60>,157,17,[10  1],158,-1,690,-1,673
1,<environment.Job instance at 0x7f8ce7ff6f00>,158,16,[ 2 13],159,-1,689,-1,673
1,<environment.Job instance at 0x7f8ce7ff6190>,159,16,[ 5 12],160,-1,689,-1,673
1,<environment.Job instance at 0x7f8ce7ff6fa0>,160,12,[11  1],161,-1,685,-1,673
1,<environment.Job instance at 0x7f8ce81001e0>,162,15,[11  4],163,-1,696,-1,681
1,<environment.Job instance at 0x7f8ce8100280>,163,17,[ 2 14],164,-1,698,-1,681
1,<environment.Job instance at 0x7f8ce8100460>,164,26,[10  5],165,-1,707,-1,681
1,<environment.Job instance at 0x7f8ce8100370>,165,2,[7 5],166,-1,683,-1,681
1,<environment.Job instance at 0x7f8ce7ff1460>,78,23,[7 4],79,-1,735,-1,712
1,<environment.Job instance at 0x7f8ce7fef820>,104,26,[13  3],105,-1,766,-1,740
1,<environment.Job instance at 0x7f8ce8815f00>,4,27,[3 8],5,-1,32,-1,5
1,<environment.Job instance at 0x7f8ce8815280>,7,28,[2 6],8,-1,36,-1,8
1,<environment.Job instance at 0x7f8ce897b7d0>,9,26,[10  3],10,-1,36,-1,10
1,<environment.Job instance at 0x7f8ce7b014b0>,10,27,[5 2],11,-1,38,-1,11
1,<environment.Job instance at 0x7f8ce7b01e10>,11,12,[ 3 13],12,-1,24,-1,12
1,<environment.Job instance at 0x7f8ce7b015a0>,12,17,[14  5],13,-1,30,-1,13
1,<environment.Job instance at 0x7f8ce7b012d0>,13,15,[14  2],14,-1,29,-1,14
1,<environment.Job instance at 0x7f8ce7b01e60>,8,28,[7 1],9,-1,42,-1,14
1,<environment.Job instance at 0x7f8ce7b01140>,14,15,[ 1 12],15,-1,30,-1,15
1,<environment.Job instance at 0x7f8ce7b01aa0>,18,12,[ 1 12],19,-1,31,-1,19
1,<environment.Job instance at 0x7f8ce7e62be0>,22,15,[11  5],23,-1,48,-1,33
1,<environment.Job instance at 0x7f8ce7e62280>,25,21,[11  3],26,-1,77,-1,56
1,<environment.Job instance at 0x7f8ce7e62cd0>,29,12,[11  2],30,-1,75,-1,63
1,<environment.Job instance at 0x7f8ce7db3aa0>,30,18,[ 3 11],31,-1,81,-1,63
1,<environment.Job instance at 0x7f8ce7db3a00>,33,24,[2 8],34,-1,102,-1,78
1,<environment.Job instance at 0x7f8ce7db3d20>,34,24,[5 7],35,-1,102,-1,78
1,<environment.Job instance at 0x7f8ce7db3c80>,35,13,[14  2],36,-1,91,-1,78
1,<environment.Job instance at 0x7f8ce7db3cd0>,36,12,[ 5 14],37,-1,90,-1,78
1,<environment.Job instance at 0x7f8ce7db39b0>,37,28,[11  4],38,-1,106,-1,78
1,<environment.Job instance at 0x7f8ce7db3910>,38,1,[1 6],39,-1,79,-1,78
1,<environment.Job instance at 0x7f8ce7db38c0>,39,26,[1 8],40,-1,104,-1,78
1,<environment.Job instance at 0x7f8ce7b8f140>,44,24,[5 3],45,-1,116,-1,92
1,<environment.Job instance at 0x7f8ce7b8f780>,45,15,[ 1 14],46,-1,107,-1,92
1,<environment.Job instance at 0x7f8ce7b8fd20>,46,16,[ 3 13],47,-1,108,-1,92
1,<environment.Job instance at 0x7f8ce7b8f370>,47,23,[11  4],48,-1,115,-1,92
1,<environment.Job instance at 0x7f8ce7b8f230>,50,3,[2 7],51,-1,127,-1,124
1,<environment.Job instance at 0x7f8ce7b8f460>,51,20,[1 9],52,-1,170,-1,150
1,<environment.Job instance at 0x7f8ce7b8ff50>,54,22,[6 3],55,-1,179,-1,157
1,<environment.Job instance at 0x7f8ce7b8fd70>,56,17,[4 7],57,-1,222,-1,205
1,<environment.Job instance at 0x7f8ce7f31640>,62,26,[8 3],63,-1,231,-1,205
1,<environment.Job instance at 0x7f8ce7f31c80>,63,14,[2 6],64,-1,219,-1,205
1,<environment.Job instance at 0x7f8ce7f317d0>,64,24,[3 9],65,-1,229,-1,205
1,<environment.Job instance at 0x7f8ce7f31730>,65,18,[9 1],66,-1,231,-1,213
1,<environment.Job instance at 0x7f8ce7f31e10>,67,13,[13  2],68,-1,226,-1,213
1,<environment.Job instance at 0x7f8ce7f31f50>,68,1,[5 5],69,-1,214,-1,213
1,<environment.Job instance at 0x7f8ce7f31870>,69,1,[8 2],70,-1,214,-1,213
1,<environment.Job instance at 0x7f8ce7f31af0>,70,18,[3 9],71,-1,231,-1,213
1,<environment.Job instance at 0x7f8ce7f31190>,71,14,[ 3 13],72,-1,227,-1,213
1,<environment.Job instance at 0x7f8ce7f31e60>,72,23,[6 1],73,-1,236,-1,213
1,<environment.Job instance at 0x7f8ce7f31780>,73,1,[10  4],74,-1,214,-1,213
1,<environment.Job instance at 0x7f8ce8ae3050>,74,12,[5 1],75,-1,225,-1,213
1,<environment.Job instance at 0x7f8ce8102820>,75,16,[13  3],76,-1,229,-1,213
1,<environment.Job instance at 0x7f8ce8335960>,76,12,[4 8],77,-1,225,-1,213
1,<environment.Job instance at 0x7f8cf14135f0>,77,14,[1 9],78,-1,227,-1,213
1,<environment.Job instance at 0x7f8ce8bf8cd0>,78,2,[5 4],79,-1,215,-1,213
1,<environment.Job instance at 0x7f8ce8bf8500>,79,12,[1 7],80,-1,225,-1,213
1,<environment.Job instance at 0x7f8ce8bf8690>,80,26,[ 2 10],81,-1,239,-1,213
1,<environment.Job instance at 0x7f8ce7f0dc30>,81,18,[10  5],82,-1,266,-1,248
1,<environment.Job instance at 0x7f8ce7f0d500>,86,19,[6 2],87,-1,268,-1,249
1,<environment.Job instance at 0x7f8ce7f0d190>,87,15,[11  1],88,-1,264,-1,249
1,<environment.Job instance at 0x7f8ce7f0d960>,88,19,[8 1],89,-1,268,-1,249
1,<environment.Job instance at 0x7f8ce81dc9b0>,89,20,[5 5],90,-1,269,-1,249
1,<environment.Job instance at 0x7f8ce89d9d70>,90,1,[2 7],91,-1,250,-1,249
1,<environment.Job instance at 0x7f8ce7f3b0f0>,91,3,[ 5 10],92,-1,252,-1,249
1,<environment.Job instance at 0x7f8ce7f5edc0>,92,12,[5 6],93,-1,261,-1,249
1,<environment.Job instance at 0x7f8ce7a25050>,93,23,[ 5 10],94,-1,272,-1,249
1,<environment.Job instance at 0x7f8ce7f5e4b0>,94,12,[6 1],95,-1,261,-1,249
1,<environment.Job instance at 0x7f8ce8a39460>,95,13,[1 9],96,-1,262,-1,249
1,<environment.Job instance at 0x7f8ce8bd46e0>,97,24,[10  4],98,-1,273,-1,249
1,<environment.Job instance at 0x7f8ce769e8c0>,98,16,[11  3],99,-1,265,-1,249
1,<environment.Job instance at 0x7f8cf181a190>,99,16,[11  5],100,-1,265,-1,249
1,<environment.Job instance at 0x7f8ce7b720a0>,103,14,[ 5 12],104,-1,285,-1,271
1,<environment.Job instance at 0x7f8ce8c6daf0>,104,20,[ 3 14],105,-1,291,-1,271
1,<environment.Job instance at 0x7f8ce8dd94b0>,105,24,[13  2],106,-1,295,-1,271
1,<environment.Job instance at 0x7f8ce8dd9370>,106,22,[4 5],107,-1,293,-1,271
1,<environment.Job instance at 0x7f8ce7c3a5a0>,107,18,[5 2],108,-1,296,-1,278
1,<environment.Job instance at 0x7f8ce7c3a780>,108,14,[11  5],109,-1,292,-1,278
1,<environment.Job instance at 0x7f8ce7c3a280>,109,28,[6 1],110,-1,306,-1,278
1,<environment.Job instance at 0x7f8ce7c3a140>,110,20,[8 3],111,-1,314,-1,294
1,<environment.Job instance at 0x7f8ceaea04b0>,113,20,[6 2],114,-1,314,-1,294
1,<environment.Job instance at 0x7f8ce841f230>,114,18,[ 1 13],115,-1,312,-1,294
1,<environment.Job instance at 0x7f8ceaea07d0>,115,15,[3 6],116,-1,309,-1,294
1,<environment.Job instance at 0x7f8ce7f6bfa0>,116,13,[11  3],117,-1,307,-1,294
1,<environment.Job instance at 0x7f8ce7f6b2d0>,117,28,[7 5],118,-1,322,-1,294
1,<environment.Job instance at 0x7f8ce80e9fa0>,118,14,[6 1],119,-1,308,-1,294
1,<environment.Job instance at 0x7f8ce7f6b730>,119,2,[14  5],120,-1,296,-1,294
1,<environment.Job instance at 0x7f8ce80e9690>,120,26,[13  1],121,-1,320,-1,294
1,<environment.Job instance at 0x7f8ce882e190>,137,25,[ 4 12],138,-1,495,-1,470
1,<environment.Job instance at 0x7f8ce7f8e5f0>,141,18,[ 2 11],142,-1,541,-1,523
1,<environment.Job instance at 0x7f8ceaea5050>,142,13,[11  3],143,-1,536,-1,523
1,<environment.Job instance at 0x7f8ce7d7a730>,143,18,[13  2],144,-1,541,-1,523
1,<environment.Job instance at 0x7f8ce7f8e9b0>,144,2,[7 1],145,-1,525,-1,523
1,<environment.Job instance at 0x7f8ce7d7ad20>,145,23,[ 5 13],146,-1,546,-1,523
1,<environment.Job instance at 0x7f8cf1991b90>,147,28,[ 1 10],148,-1,559,-1,531
1,<environment.Job instance at 0x7f8cf1991e10>,148,3,[2 6],149,-1,534,-1,531
1,<environment.Job instance at 0x7f8ce8a21eb0>,149,12,[ 4 14],150,-1,543,-1,531
1,<environment.Job instance at 0x7f8ce8a21f50>,150,2,[10  3],151,-1,533,-1,531
1,<environment.Job instance at 0x7f8ce7bcd9b0>,154,3,[9 1],155,-1,548,-1,545
1,<environment.Job instance at 0x7f8ce8a210a0>,155,18,[ 5 11],156,-1,563,-1,545
1,<environment.Job instance at 0x7f8ce80dc050>,167,27,[9 5],168,-1,701,-1,674
1,<environment.Job instance at 0x7f8ce80dcaf0>,165,24,[12  4],166,-1,734,-1,710
1,<environment.Job instance at 0x7f8ce80dcb40>,166,25,[6 3],167,-1,735,-1,710
1,<environment.Job instance at 0x7f8cececb690>,15,19,[ 2 12],16,-1,64,-1,45
1,<environment.Job instance at 0x7f8cececbf50>,17,26,[12  4],18,-1,78,-1,52
1,<environment.Job instance at 0x7f8cececb4b0>,19,16,[ 5 11],20,-1,74,-1,58
1,<environment.Job instance at 0x7f8ce7adcbe0>,24,1,[ 4 11],25,-1,97,-1,96
1,<environment.Job instance at 0x7f8ce7adc8c0>,27,2,[5 1],28,-1,98,-1,96
1,<environment.Job instance at 0x7f8ce7adc500>,28,18,[14  5],29,-1,114,-1,96
1,<environment.Job instance at 0x7f8ce7adc690>,29,15,[ 1 12],30,-1,111,-1,96
1,<environment.Job instance at 0x7f8ce7adc050>,33,14,[ 5 11],34,-1,124,-1,110
1,<environment.Job instance at 0x7f8ce765c280>,37,16,[14  4],38,-1,151,-1,135
1,<environment.Job instance at 0x7f8ce765c460>,39,16,[ 3 14],40,-1,160,-1,144
1,<environment.Job instance at 0x7f8ce7a9a3c0>,44,23,[14  2],45,-1,205,-1,182
1,<environment.Job instance at 0x7f8ce7a9a280>,45,24,[5 9],46,-1,206,-1,182
1,<environment.Job instance at 0x7f8ce7a9a5a0>,47,28,[ 2 11],48,-1,222,-1,194
1,<environment.Job instance at 0x7f8ce7a9ad20>,48,18,[14  3],49,-1,212,-1,194
1,<environment.Job instance at 0x7f8ce7a9aa50>,49,3,[1 5],50,-1,197,-1,194
1,<environment.Job instance at 0x7f8ce7a9a870>,50,23,[2 9],51,-1,217,-1,194
1,<environment.Job instance at 0x7f8ce7a9a370>,53,2,[9 2],54,-1,203,-1,201
1,<environment.Job instance at 0x7f8ce7a9a910>,54,3,[6 2],55,-1,204,-1,201
1,<environment.Job instance at 0x7f8ce7a9a230>,56,3,[13  3],57,-1,217,-1,214
1,<environment.Job instance at 0x7f8ce7a9a640>,57,1,[ 4 14],58,-1,215,-1,214
1,<environment.Job instance at 0x7f8ce7a9a0a0>,58,14,[ 3 14],59,-1,228,-1,214
1,<environment.Job instance at 0x7f8ce7a9abe0>,60,16,[14  1],61,-1,232,-1,216
1,<environment.Job instance at 0x7f8ce89d8370>,63,1,[ 5 13],64,-1,232,-1,231
1,<environment.Job instance at 0x7f8ce89d80a0>,64,26,[4 8],65,-1,257,-1,231
1,<environment.Job instance at 0x7f8ce89d8690>,71,24,[9 1],72,-1,312,-1,288
1,<environment.Job instance at 0x7f8ce8554be0>,76,26,[11  3],77,-1,330,-1,304
1,<environment.Job instance at 0x7f8ce80a51e0>,77,1,[9 1],78,-1,305,-1,304
1,<environment.Job instance at 0x7f8ce80a5a50>,78,24,[7 1],79,-1,328,-1,304
1,<environment.Job instance at 0x7f8ce80a5730>,79,14,[ 3 11],80,-1,318,-1,304
1,<environment.Job instance at 0x7f8ce80a5af0>,83,27,[7 2],84,-1,362,-1,335
1,<environment.Job instance at 0x7f8ce80a5140>,84,12,[13  2],85,-1,347,-1,335
1,<environment.Job instance at 0x7f8ce80a55f0>,86,12,[ 2 14],87,-1,359,-1,347
1,<environment.Job instance at 0x7f8ce7e42050>,87,17,[ 1 12],88,-1,364,-1,347
1,<environment.Job instance at 0x7f8ce7e421e0>,88,22,[13  4],89,-1,369,-1,347
1,<environment.Job instance at 0x7f8ce7e42b40>,89,18,[ 5 12],90,-1,365,-1,347
1,<environment.Job instance at 0x7f8ce7e42fa0>,90,25,[12  1],91,-1,372,-1,347
1,<environment.Job instance at 0x7f8ce7e425f0>,91,26,[10  2],92,-1,373,-1,347
1,<environment.Job instance at 0x7f8ce897f870>,94,12,[13  2],95,-1,366,-1,354
1,<environment.Job instance at 0x7f8ce897fe10>,96,26,[2 8],97,-1,395,-1,369
1,<environment.Job instance at 0x7f8ce7835690>,97,1,[4 7],98,-1,370,-1,369
1,<environment.Job instance at 0x7f8ce78356e0>,99,14,[ 2 13],100,-1,395,-1,381
1,<environment.Job instance at 0x7f8ce7835d20>,103,27,[ 1 13],104,-1,424,-1,397
1,<environment.Job instance at 0x7f8ce7835460>,104,18,[11  3],105,-1,415,-1,397
1,<environment.Job instance at 0x7f8ce7835730>,107,12,[12  5],108,-1,419,-1,407
1,<environment.Job instance at 0x7f8ce7835f50>,108,12,[ 3 12],109,-1,419,-1,407
1,<environment.Job instance at 0x7f8ce7814410>,111,25,[ 2 14],112,-1,465,-1,440
1,<environment.Job instance at 0x7f8ce78141e0>,114,2,[5 7],115,-1,446,-1,444
1,<environment.Job instance at 0x7f8ce7814a00>,116,1,[6 3],117,-1,453,-1,452
1,<environment.Job instance at 0x7f8ce7814190>,117,16,[12  2],118,-1,468,-1,452
1,<environment.Job instance at 0x7f8ce78142d0>,118,17,[ 2 13],119,-1,469,-1,452
1,<environment.Job instance at 0x7f8ce78140a0>,119,27,[5 5],120,-1,479,-1,452
1,<environment.Job instance at 0x7f8ce81bc870>,125,15,[ 5 12],126,-1,507,-1,492
1,<environment.Job instance at 0x7f8ce81bc5a0>,127,25,[1 9],128,-1,525,-1,500
1,<environment.Job instance at 0x7f8ce81bcb40>,128,17,[11  5],129,-1,517,-1,500
1,<environment.Job instance at 0x7f8ce81bce60>,129,17,[ 5 11],130,-1,517,-1,500
1,<environment.Job instance at 0x7f8ce8bda140>,130,14,[14  3],131,-1,514,-1,500
1,<environment.Job instance at 0x7f8ce89fffa0>,132,3,[7 2],133,-1,503,-1,500
1,<environment.Job instance at 0x7f8ce75803c0>,133,15,[14  5],134,-1,515,-1,500
1,<environment.Job instance at 0x7f8ce7580b90>,134,14,[14  4],135,-1,514,-1,500
1,<environment.Job instance at 0x7f8ce7580aa0>,135,17,[ 2 12],136,-1,517,-1,500
1,<environment.Job instance at 0x7f8ce7580140>,136,28,[5 9],137,-1,528,-1,500
1,<environment.Job instance at 0x7f8ce85774b0>,137,26,[9 4],138,-1,526,-1,500
1,<environment.Job instance at 0x7f8cf141f370>,139,25,[11  1],140,-1,538,-1,513
1,<environment.Job instance at 0x7f8ce7a1baf0>,141,1,[13  2],142,-1,518,-1,517
1,<environment.Job instance at 0x7f8ce8deb550>,142,14,[13  2],143,-1,531,-1,517
1,<environment.Job instance at 0x7f8ce7580fa0>,144,26,[4 7],145,-1,555,-1,529
1,<environment.Job instance at 0x7f8ce8198730>,145,2,[8 3],146,-1,531,-1,529
1,<environment.Job instance at 0x7f8ce7928140>,150,3,[5 1],151,-1,569,-1,566
1,<environment.Job instance at 0x7f8cecec72d0>,153,20,[ 1 14],154,-1,600,-1,580
1,<environment.Job instance at 0x7f8ce7551f00>,154,12,[ 3 14],155,-1,592,-1,580
1,<environment.Job instance at 0x7f8ce8551eb0>,160,20,[ 5 13],161,-1,636,-1,616
1,<environment.Job instance at 0x7f8ce88747d0>,161,12,[ 5 13],162,-1,628,-1,616
1,<environment.Job instance at 0x7f8cf17e38c0>,2,15,[14  1],3,-1,18,-1,3
1,<environment.Job instance at 0x7f8ce7be06e0>,3,25,[ 2 10],4,-1,29,-1,4
1,<environment.Job instance at 0x7f8ce7be0a50>,6,23,[5 3],7,-1,32,-1,9
1,<environment.Job instance at 0x7f8ce80755a0>,9,13,[ 2 12],10,-1,23,-1,10
1,<environment.Job instance at 0x7f8ce8075500>,10,27,[ 1 14],11,-1,38,-1,11
1,<environment.Job instance at 0x7f8ce8075e10>,13,28,[ 5 13],14,-1,42,-1,14
1,<environment.Job instance at 0x7f8ce80759b0>,15,1,[6 4],16,-1,19,-1,18
1,<environment.Job instance at 0x7f8ce7cc75f0>,21,1,[ 2 13],22,-1,55,-1,54
1,<environment.Job instance at 0x7f8ce7cc7f50>,33,25,[ 5 10],34,-1,147,-1,122
1,<environment.Job instance at 0x7f8ce7cc7050>,34,13,[12  3],35,-1,135,-1,122
1,<environment.Job instance at 0x7f8ce84ea0f0>,35,20,[ 4 11],36,-1,142,-1,122
1,<environment.Job instance at 0x7f8ce84eabe0>,37,15,[14  2],38,-1,138,-1,123
1,<environment.Job instance at 0x7f8ce84ea780>,38,12,[13  3],39,-1,135,-1,123
1,<environment.Job instance at 0x7f8ce7795dc0>,48,20,[12  2],49,-1,221,-1,201
1,<environment.Job instance at 0x7f8ce77952d0>,50,28,[8 4],51,-1,229,-1,201
1,<environment.Job instance at 0x7f8ce7795370>,54,13,[13  1],55,-1,242,-1,229
1,<environment.Job instance at 0x7f8ce77957d0>,57,18,[12  1],58,-1,261,-1,243
1,<environment.Job instance at 0x7f8ce7795870>,59,19,[13  2],60,-1,277,-1,258
1,<environment.Job instance at 0x7f8ce7795960>,62,1,[ 2 13],63,-1,263,-1,262
1,<environment.Job instance at 0x7f8ce81e6550>,63,24,[ 4 10],64,-1,286,-1,262
1,<environment.Job instance at 0x7f8ce81e6730>,69,24,[4 6],70,-1,336,-1,312
1,<environment.Job instance at 0x7f8ce81e6d70>,70,23,[13  5],71,-1,335,-1,312
1,<environment.Job instance at 0x7f8ce81e6c30>,71,28,[14  2],72,-1,340,-1,312
1,<environment.Job instance at 0x7f8ce81e6500>,76,22,[13  1],77,-1,358,-1,336
1,<environment.Job instance at 0x7f8ce81e6be0>,77,2,[5 7],78,-1,338,-1,336
1,<environment.Job instance at 0x7f8ce81e6230>,78,22,[ 2 12],79,-1,358,-1,336
1,<environment.Job instance at 0x7f8ce757a550>,82,15,[13  5],83,-1,369,-1,354
1,<environment.Job instance at 0x7f8ce757a7d0>,83,20,[ 1 14],84,-1,374,-1,354
1,<environment.Job instance at 0x7f8ce8a359b0>,95,17,[ 5 11],96,-1,478,-1,461
1,<environment.Job instance at 0x7f8ce8a35c30>,96,22,[4 9],97,-1,640,-1,618
1,<environment.Job instance at 0x7f8ce8876be0>,114,21,[ 3 14],115,-1,639,-1,618
1,<environment.Job instance at 0x7f8ce8876280>,118,25,[ 1 14],119,-1,667,-1,642
1,<environment.Job instance at 0x7f8ce8c70870>,140,13,[13  2],141,-1,835,-1,822
1,<environment.Job instance at 0x7f8ceae570f0>,144,22,[10  1],145,-1,6171,-1,6149
1,<environment.Job instance at 0x7f8ce7530370>,4,15,[ 3 13],5,-1,20,-1,5
1,<environment.Job instance at 0x7f8ce7b51fa0>,3,15,[ 2 12],4,-1,20,-1,5
1,<environment.Job instance at 0x7f8ce7b51550>,6,17,[3 9],7,-1,35,-1,18
1,<environment.Job instance at 0x7f8ce7b51d70>,10,18,[1 9],11,-1,36,-1,18
1,<environment.Job instance at 0x7f8ce8c8a960>,12,16,[2 6],13,-1,36,-1,20
1,<environment.Job instance at 0x7f8ce8c8abe0>,13,15,[10  2],14,-1,35,-1,20
1,<environment.Job instance at 0x7f8ce8c8a910>,14,14,[8 5],15,-1,52,-1,38
1,<environment.Job instance at 0x7f8ce8c8a500>,15,15,[11  3],16,-1,53,-1,38
1,<environment.Job instance at 0x7f8ce8c8a460>,16,28,[4 7],17,-1,66,-1,38
1,<environment.Job instance at 0x7f8ce8c8a320>,17,13,[5 9],18,-1,51,-1,38
1,<environment.Job instance at 0x7f8ce8c8a9b0>,18,3,[ 4 13],19,-1,41,-1,38
1,<environment.Job instance at 0x7f8ce8c8a140>,20,14,[4 6],21,-1,68,-1,54
1,<environment.Job instance at 0x7f8ce8c8afa0>,21,12,[13  1],22,-1,66,-1,54
1,<environment.Job instance at 0x7f8ce8c8aeb0>,22,13,[5 9],23,-1,67,-1,54
1,<environment.Job instance at 0x7f8ce83d2190>,23,13,[ 4 13],24,-1,67,-1,54
1,<environment.Job instance at 0x7f8ce83d20a0>,24,18,[11  5],25,-1,72,-1,54
1,<environment.Job instance at 0x7f8ce7b51230>,9,27,[14  3],10,-1,94,-1,67
1,<environment.Job instance at 0x7f8ce83d26e0>,33,23,[7 5],34,-1,108,-1,85
1,<environment.Job instance at 0x7f8ce83d2780>,34,26,[ 5 13],35,-1,111,-1,85
1,<environment.Job instance at 0x7f8ce83d2f00>,47,26,[ 2 12],48,-1,232,-1,206
1,<environment.Job instance at 0x7f8ce83c5370>,52,24,[5 1],53,-1,248,-1,224
1,<environment.Job instance at 0x7f8ce83c5410>,53,17,[ 5 12],54,-1,241,-1,224
1,<environment.Job instance at 0x7f8ce83c55f0>,55,12,[5 1],56,-1,252,-1,240
1,<environment.Job instance at 0x7f8ce83c5690>,56,1,[5 8],57,-1,241,-1,240
1,<environment.Job instance at 0x7f8ce83c5c80>,66,1,[6 2],67,-1,301,-1,300
1,<environment.Job instance at 0x7f8ce83c5e60>,67,13,[ 5 11],68,-1,313,-1,300
1,<environment.Job instance at 0x7f8ce83c5dc0>,68,12,[12  2],69,-1,312,-1,300
1,<environment.Job instance at 0x7f8ce83c5eb0>,70,17,[ 4 14],71,-1,330,-1,313
1,<environment.Job instance at 0x7f8ce83a72d0>,73,14,[ 2 11],74,-1,345,-1,331
1,<environment.Job instance at 0x7f8ce83a7410>,75,22,[7 1],76,-1,380,-1,358
1,<environment.Job instance at 0x7f8ce83a7690>,79,25,[6 4],80,-1,383,-1,358
1,<environment.Job instance at 0x7f8ce83a7730>,80,25,[14  3],81,-1,383,-1,358
1,<environment.Job instance at 0x7f8ce83a77d0>,81,27,[8 1],82,-1,385,-1,358
1,<environment.Job instance at 0x7f8ce83a7910>,83,20,[ 3 12],84,-1,378,-1,358
1,<environment.Job instance at 0x7f8ce83a7aa0>,84,2,[1 8],85,-1,360,-1,358
1,<environment.Job instance at 0x7f8ce83a7c30>,85,23,[5 2],86,-1,381,-1,358
1,<environment.Job instance at 0x7f8ce83a7b90>,86,23,[1 6],87,-1,381,-1,358
1,<environment.Job instance at 0x7f8ce83a7d70>,87,23,[10  4],88,-1,381,-1,358
1,<environment.Job instance at 0x7f8ce83a7f50>,89,21,[ 2 10],90,-1,397,-1,376
1,<environment.Job instance at 0x7f8ce83a7d20>,90,28,[8 5],91,-1,404,-1,376
1,<environment.Job instance at 0x7f8ce83db230>,93,2,[10  3],94,-1,387,-1,385
1,<environment.Job instance at 0x7f8ce83db370>,95,14,[10  1],96,-1,403,-1,389
1,<environment.Job instance at 0x7f8ce83db410>,96,26,[ 5 10],97,-1,415,-1,389
1,<environment.Job instance at 0x7f8ce83db550>,98,16,[12  4],99,-1,413,-1,397
1,<environment.Job instance at 0x7f8cf17e3d70>,101,17,[ 4 10],102,-1,431,-1,414
1,<environment.Job instance at 0x7f8ce7b8aeb0>,102,12,[9 3],103,-1,427,-1,415
1,<environment.Job instance at 0x7f8ce7b8a500>,103,19,[ 1 11],104,-1,434,-1,415
1,<environment.Job instance at 0x7f8ce7b8a690>,104,26,[5 3],105,-1,441,-1,415
1,<environment.Job instance at 0x7f8ce7b8ad20>,105,27,[6 1],106,-1,442,-1,415
1,<environment.Job instance at 0x7f8ce7b8a730>,107,13,[11  3],108,-1,438,-1,425
1,<environment.Job instance at 0x7f8ce7b8ae10>,112,17,[13  2],113,-1,476,-1,459
1,<environment.Job instance at 0x7f8ce7b8ac80>,113,20,[ 1 13],114,-1,479,-1,459
1,<environment.Job instance at 0x7f8ce7b8ab40>,114,18,[11  2],115,-1,477,-1,459
1,<environment.Job instance at 0x7f8ce8c85230>,115,26,[12  4],116,-1,485,-1,459
1,<environment.Job instance at 0x7f8ce8c8cb90>,116,14,[11  2],117,-1,473,-1,459
1,<environment.Job instance at 0x7f8ce86950f0>,119,13,[ 1 13],120,-1,475,-1,462
1,<environment.Job instance at 0x7f8ce83d65a0>,121,17,[ 4 10],122,-1,499,-1,482
1,<environment.Job instance at 0x7f8ce89b0140>,126,22,[8 4],127,-1,515,-1,493
1,<environment.Job instance at 0x7f8ce7c1edc0>,127,15,[5 1],128,-1,508,-1,493
1,<environment.Job instance at 0x7f8ce8d57690>,129,13,[6 1],130,-1,515,-1,502
1,<environment.Job instance at 0x7f8ce7c35690>,130,12,[ 4 10],131,-1,514,-1,502
1,<environment.Job instance at 0x7f8ce89ab0f0>,132,16,[11  2],133,-1,530,-1,514
1,<environment.Job instance at 0x7f8ce8981d70>,134,17,[13  2],135,-1,531,-1,514
1,<environment.Job instance at 0x7f8ce8981cd0>,136,1,[10  5],137,-1,523,-1,522
1,<environment.Job instance at 0x7f8ce7f2b780>,138,26,[2 5],139,-1,555,-1,529
1,<environment.Job instance at 0x7f8ce7f2b9b0>,139,28,[4 8],140,-1,557,-1,529
1,<environment.Job instance at 0x7f8ce7f2bcd0>,140,28,[1 5],141,-1,557,-1,529
1,<environment.Job instance at 0x7f8ce7ff3f00>,141,1,[9 5],142,-1,530,-1,529
1,<environment.Job instance at 0x7f8ce7ff33c0>,142,14,[ 5 11],143,-1,543,-1,529
1,<environment.Job instance at 0x7f8ce7ff3230>,143,13,[12  1],144,-1,542,-1,529
1,<environment.Job instance at 0x7f8ce7ff35a0>,149,15,[ 3 12],150,-1,597,-1,582
1,<environment.Job instance at 0x7f8ce7ff3500>,150,19,[ 5 10],151,-1,602,-1,583
1,<environment.Job instance at 0x7f8ce7ff3280>,151,26,[9 3],152,-1,609,-1,583
1,<environment.Job instance at 0x7f8ce7ff3640>,152,24,[1 7],153,-1,607,-1,583
1,<environment.Job instance at 0x7f8ce7fe92d0>,153,26,[4 7],154,-1,609,-1,583
1,<environment.Job instance at 0x7f8ce7fe9550>,154,15,[14  1],155,-1,598,-1,583
1,<environment.Job instance at 0x7f8ce7fe9230>,155,25,[5 6],156,-1,608,-1,583
1,<environment.Job instance at 0x7f8ce7fe9960>,156,28,[1 5],157,-1,611,-1,583
1,<environment.Job instance at 0x7f8ce7fe9d20>,157,17,[14  1],158,-1,600,-1,583
1,<environment.Job instance at 0x7f8ce7fe91e0>,161,14,[ 4 14],162,-1,631,-1,617
1,<environment.Job instance at 0x7f8ce7fdcd20>,162,17,[ 1 11],163,-1,634,-1,617
1,<environment.Job instance at 0x7f8ce7fdc8c0>,160,22,[11  4],161,-1,2122,-1,2100
1,<environment.Job instance at 0x7f8ce83c52d0>,51,16,[14  5],52,-1,2119,-1,2103
1,<environment.Job instance at 0x7f8ce83c52d0>,3,13,[ 1 13],4,-1,17,-1,4
1,<environment.Job instance at 0x7f8ce7d5fb40>,8,26,[ 5 10],9,-1,35,-1,9
1,<environment.Job instance at 0x7f8cf1892050>,9,27,[2 7],10,-1,38,-1,11
1,<environment.Job instance at 0x7f8ce76106e0>,13,13,[12  2],14,-1,31,-1,18
1,<environment.Job instance at 0x7f8ce7610500>,15,26,[11  4],16,-1,59,-1,33
1,<environment.Job instance at 0x7f8ce7610cd0>,22,18,[ 1 13],23,-1,83,-1,65
1,<environment.Job instance at 0x7f8ce7610aa0>,23,12,[12  2],24,-1,77,-1,65
1,<environment.Job instance at 0x7f8ce7610dc0>,29,14,[ 5 12],30,-1,118,-1,104
1,<environment.Job instance at 0x7f8ce7bb5c30>,32,28,[ 1 12],33,-1,161,-1,133
1,<environment.Job instance at 0x7f8ce861da50>,39,12,[10  1],40,-1,178,-1,166
1,<environment.Job instance at 0x7f8ce861dc80>,42,24,[5 2],43,-1,210,-1,186
1,<environment.Job instance at 0x7f8ce861de10>,48,17,[ 3 12],49,-1,245,-1,228
1,<environment.Job instance at 0x7f8ce861ddc0>,50,27,[14  1],51,-1,271,-1,244
1,<environment.Job instance at 0x7f8ce861df50>,51,26,[5 6],52,-1,270,-1,244
1,<environment.Job instance at 0x7f8ce861d2d0>,53,14,[ 1 13],54,-1,258,-1,244
1,<environment.Job instance at 0x7f8ce7801960>,55,26,[11  1],56,-1,280,-1,254
1,<environment.Job instance at 0x7f8ce78015a0>,56,24,[12  2],57,-1,278,-1,254
1,<environment.Job instance at 0x7f8ce7791b90>,60,3,[ 5 14],61,-1,275,-1,272
1,<environment.Job instance at 0x7f8ce77911e0>,61,18,[ 3 12],62,-1,290,-1,272
1,<environment.Job instance at 0x7f8ce7c78320>,65,23,[5 9],66,-1,331,-1,308
1,<environment.Job instance at 0x7f8ce7c78370>,66,23,[9 5],67,-1,332,-1,309
1,<environment.Job instance at 0x7f8ce7c78820>,68,26,[ 4 12],69,-1,335,-1,309
1,<environment.Job instance at 0x7f8ce7c78870>,69,1,[ 2 14],70,-1,310,-1,309
1,<environment.Job instance at 0x7f8ce7c78eb0>,70,25,[12  5],71,-1,334,-1,309
1,<environment.Job instance at 0x7f8ce7c78c80>,73,17,[13  3],74,-1,344,-1,327
1,<environment.Job instance at 0x7f8ce7c78960>,74,20,[ 4 11],75,-1,347,-1,327
1,<environment.Job instance at 0x7f8ce7c780a0>,77,25,[8 5],78,-1,372,-1,347
1,<environment.Job instance at 0x7f8ce7af1780>,78,18,[11  3],79,-1,374,-1,356
1,<environment.Job instance at 0x7f8ce784ecd0>,79,27,[13  5],80,-1,383,-1,356
1,<environment.Job instance at 0x7f8ce784efa0>,81,14,[ 4 13],82,-1,383,-1,369
1,<environment.Job instance at 0x7f8ce784e960>,84,25,[5 3],85,-1,395,-1,370
1,<environment.Job instance at 0x7f8ce784ed20>,86,16,[ 3 11],87,-1,404,-1,388
1,<environment.Job instance at 0x7f8ce784e460>,87,28,[4 9],88,-1,416,-1,388
1,<environment.Job instance at 0x7f8ce784e0a0>,88,25,[11  1],89,-1,413,-1,388
1,<environment.Job instance at 0x7f8ce7830730>,91,12,[12  1],92,-1,421,-1,409
1,<environment.Job instance at 0x7f8ce784dcd0>,94,27,[ 3 14],95,-1,444,-1,417
1,<environment.Job instance at 0x7f8ce784d1e0>,95,13,[ 3 13],96,-1,430,-1,417
1,<environment.Job instance at 0x7f8ce784df00>,96,28,[11  1],97,-1,445,-1,417
1,<environment.Job instance at 0x7f8ce784d640>,97,18,[ 4 11],98,-1,435,-1,417
1,<environment.Job instance at 0x7f8ce784d6e0>,100,18,[12  3],101,-1,452,-1,434
1,<environment.Job instance at 0x7f8ce7d55b40>,104,17,[ 3 13],105,-1,487,-1,470
1,<environment.Job instance at 0x7f8ce7d55280>,107,1,[1 7],108,-1,472,-1,471
1,<environment.Job instance at 0x7f8ce7d61cd0>,111,24,[5 3],112,-1,528,-1,504
1,<environment.Job instance at 0x7f8ce7d612d0>,114,19,[12  3],115,-1,535,-1,516
1,<environment.Job instance at 0x7f8ce7d61b40>,115,25,[2 6],116,-1,543,-1,518
1,<environment.Job instance at 0x7f8ce7d61f50>,118,28,[4 6],119,-1,555,-1,527
1,<environment.Job instance at 0x7f8ce7d87230>,121,23,[ 1 10],122,-1,572,-1,549
1,<environment.Job instance at 0x7f8ce7d87a50>,122,17,[ 3 14],123,-1,566,-1,549
1,<environment.Job instance at 0x7f8ce863ee60>,124,28,[4 7],125,-1,577,-1,549
1,<environment.Job instance at 0x7f8ce79ba960>,126,24,[11  4],127,-1,582,-1,558
1,<environment.Job instance at 0x7f8ce83d44b0>,127,3,[7 3],128,-1,561,-1,558
1,<environment.Job instance at 0x7f8ce7833c30>,130,24,[9 4],131,-1,605,-1,581
1,<environment.Job instance at 0x7f8ce7e64410>,133,16,[ 1 12],134,-1,606,-1,590
1,<environment.Job instance at 0x7f8cf1a64910>,135,12,[ 2 12],136,-1,614,-1,602
1,<environment.Job instance at 0x7f8ce855a960>,140,17,[ 3 14],141,-1,646,-1,629
1,<environment.Job instance at 0x7f8ce758e730>,141,16,[12  1],142,-1,645,-1,629
1,<environment.Job instance at 0x7f8ce80cc0a0>,143,17,[13  3],144,-1,657,-1,640
1,<environment.Job instance at 0x7f8ce8187a00>,148,12,[ 3 11],149,-1,682,-1,670
1,<environment.Job instance at 0x7f8ce8cd7b40>,149,27,[13  4],150,-1,697,-1,670
1,<environment.Job instance at 0x7f8ce76df730>,150,15,[ 3 14],151,-1,685,-1,670
1,<environment.Job instance at 0x7f8ce88d6960>,153,14,[13  2],154,-1,699,-1,685
1,<environment.Job instance at 0x7f8cf16cf280>,155,27,[3 8],156,-1,719,-1,692
1,<environment.Job instance at 0x7f8ce769aeb0>,158,26,[ 2 10],165,-1,725,-1,699
1,<environment.Job instance at 0x7f8ce7d5fdc0>,6,16,[14  2],7,-1,23,-1,7
1,<environment.Job instance at 0x7f8ce7cc3910>,11,3,[7 5],12,-1,15,-1,12
1,<environment.Job instance at 0x7f8ce7cc3d20>,13,23,[14  5],14,-1,37,-1,14
1,<environment.Job instance at 0x7f8cf1a36af0>,21,22,[9 1],22,-1,92,-1,70
1,<environment.Job instance at 0x7f8cf16a1dc0>,26,18,[12  3],27,-1,88,-1,70
1,<environment.Job instance at 0x7f8cf99c4690>,27,19,[ 2 12],28,-1,89,-1,70
1,<environment.Job instance at 0x7f8cf197b370>,30,17,[ 5 14],31,-1,91,-1,74
1,<environment.Job instance at 0x7f8ce878d960>,31,25,[ 1 11],32,-1,99,-1,74
1,<environment.Job instance at 0x7f8ce878d1e0>,32,1,[3 7],33,-1,75,-1,74
1,<environment.Job instance at 0x7f8ce878d190>,35,23,[8 4],36,-1,116,-1,93
1,<environment.Job instance at 0x7f8ce878d780>,36,12,[12  1],37,-1,105,-1,93
1,<environment.Job instance at 0x7f8ce878da50>,37,17,[ 4 11],38,-1,110,-1,93
1,<environment.Job instance at 0x7f8ce878d6e0>,40,25,[5 1],41,-1,133,-1,108
1,<environment.Job instance at 0x7f8ce878d050>,41,2,[14  3],42,-1,110,-1,108
1,<environment.Job instance at 0x7f8ce878d8c0>,42,27,[10  5],43,-1,135,-1,108
1,<environment.Job instance at 0x7f8ce878dfa0>,43,15,[ 3 10],44,-1,123,-1,108
1,<environment.Job instance at 0x7f8ce878ddc0>,46,16,[2 9],47,-1,149,-1,133
1,<environment.Job instance at 0x7f8ce878d280>,47,18,[ 1 13],48,-1,151,-1,133
1,<environment.Job instance at 0x7f8ce878d4b0>,48,26,[ 1 12],49,-1,159,-1,133
1,<environment.Job instance at 0x7f8ce878daa0>,49,19,[12  1],50,-1,152,-1,133
1,<environment.Job instance at 0x7f8ce8c09be0>,50,22,[ 2 12],51,-1,155,-1,133
1,<environment.Job instance at 0x7f8ce8c09460>,51,15,[10  2],52,-1,148,-1,133
1,<environment.Job instance at 0x7f8ce8c09550>,52,20,[12  3],53,-1,153,-1,133
1,<environment.Job instance at 0x7f8ce7d56410>,53,17,[14  4],54,-1,150,-1,133
1,<environment.Job instance at 0x7f8ce76b8280>,54,17,[12  2],55,-1,150,-1,133
1,<environment.Job instance at 0x7f8ce7d56fa0>,55,17,[ 2 13],56,-1,150,-1,133
1,<environment.Job instance at 0x7f8cf14379b0>,57,26,[ 3 14],58,-1,160,-1,134
1,<environment.Job instance at 0x7f8ce7c9d230>,62,15,[11  1],63,-1,207,-1,192
1,<environment.Job instance at 0x7f8ce7c9df50>,64,23,[7 1],65,-1,215,-1,192
1,<environment.Job instance at 0x7f8ce7c9daf0>,65,12,[ 4 13],66,-1,204,-1,192
1,<environment.Job instance at 0x7f8ce7c9d960>,68,27,[ 3 12],69,-1,223,-1,196
1,<environment.Job instance at 0x7f8ce7c9d690>,69,24,[7 1],70,-1,220,-1,196
1,<environment.Job instance at 0x7f8ce7c9d9b0>,71,2,[ 2 12],72,-1,211,-1,209
1,<environment.Job instance at 0x7f8ce82db4b0>,72,13,[ 3 11],73,-1,222,-1,209
1,<environment.Job instance at 0x7f8ce82dbf00>,76,15,[13  1],77,-1,240,-1,225
1,<environment.Job instance at 0x7f8ce816f5f0>,80,17,[12  4],81,-1,261,-1,244
1,<environment.Job instance at 0x7f8ce82dcc80>,82,2,[12  3],83,-1,260,-1,258
1,<environment.Job instance at 0x7f8ce8059500>,86,19,[14  5],87,-1,293,-1,274
1,<environment.Job instance at 0x7f8ce84f5730>,88,24,[ 5 12],89,-1,308,-1,284
1,<environment.Job instance at 0x7f8ce897cc80>,89,25,[9 4],90,-1,309,-1,284
1,<environment.Job instance at 0x7f8ce80bda50>,100,17,[14  1],101,-1,373,-1,356
1,<environment.Job instance at 0x7f8ce80bdfa0>,101,16,[13  2],102,-1,372,-1,356
1,<environment.Job instance at 0x7f8ce86cffa0>,109,23,[ 3 11],110,-1,430,-1,407
1,<environment.Job instance at 0x7f8ce86cf910>,111,16,[ 1 14],112,-1,439,-1,423
1,<environment.Job instance at 0x7f8ce8d90e10>,124,16,[ 1 13],125,-1,565,-1,549
1,<environment.Job instance at 0x7f8ce7f32280>,139,15,[ 2 12],140,-1,678,-1,663
1,<environment.Job instance at 0x7f8ce7a2f8c0>,140,3,[ 3 10],141,-1,666,-1,663
1,<environment.Job instance at 0x7f8ce8796730>,141,18,[1 8],142,-1,683,-1,665
1,<environment.Job instance at 0x7f8ce87a8f50>,143,19,[10  2],144,-1,684,-1,665
1,<environment.Job instance at 0x7f8ce87a87d0>,145,3,[10  1],146,-1,683,-1,680
1,<environment.Job instance at 0x7f8ce87a81e0>,146,1,[ 1 11],147,-1,681,-1,680
1,<environment.Job instance at 0x7f8ce87a8eb0>,149,15,[14  4],150,-1,707,-1,692
1,<environment.Job instance at 0x7f8ce87a8690>,150,2,[10  3],151,-1,694,-1,692
1,<environment.Job instance at 0x7f8ce87a8c80>,152,27,[6 3],153,-1,719,-1,692
1,<environment.Job instance at 0x7f8ce87a8a50>,153,27,[ 3 11],154,-1,719,-1,692
1,<environment.Job instance at 0x7f8ce88da910>,155,16,[11  5],156,-1,712,-1,696
1,<environment.Job instance at 0x7f8ce88da1e0>,156,17,[12  2],157,-1,713,-1,696
1,<environment.Job instance at 0x7f8ce88da140>,157,13,[3 7],158,-1,709,-1,696
1,<environment.Job instance at 0x7f8ce88daf50>,159,16,[11  5],160,-1,723,-1,707
1,<environment.Job instance at 0x7f8ce88daaf0>,160,28,[4 7],161,-1,735,-1,707
1,<environment.Job instance at 0x7f8ce88da190>,162,16,[ 2 10],163,-1,729,-1,713
1,<environment.Job instance at 0x7f8ce88da2d0>,163,13,[10  2],164,-1,726,-1,713
1,<environment.Job instance at 0x7f8ce88da780>,164,23,[5 8],165,-1,736,-1,713
1,<environment.Job instance at 0x7f8ce76df320>,165,12,[14  5],166,-1,725,-1,713
1,<environment.Job instance at 0x7f8ce76df1e0>,166,17,[ 5 12],167,-1,730,-1,713
1,<environment.Job instance at 0x7f8ce76df460>,167,26,[9 4],168,-1,739,-1,713
1,<environment.Job instance at 0x7f8ce76fd820>,4,12,[13  4],5,-1,17,-1,5
1,<environment.Job instance at 0x7f8ce76fdb40>,10,28,[ 5 12],11,-1,50,-1,22
1,<environment.Job instance at 0x7f8ce76f70a0>,17,25,[12  1],18,-1,67,-1,42
1,<environment.Job instance at 0x7f8ce76f7550>,22,28,[9 5],23,-1,88,-1,60
1,<environment.Job instance at 0x7f8ce76f7820>,24,12,[11  1],25,-1,76,-1,64
1,<environment.Job instance at 0x7f8ce76f77d0>,25,1,[12  5],26,-1,65,-1,64
1,<environment.Job instance at 0x7f8ce76f7aa0>,28,28,[6 2],29,-1,112,-1,84
1,<environment.Job instance at 0x7f8ce76f7be0>,30,22,[4 9],31,-1,153,-1,131
1,<environment.Job instance at 0x7f8ce76ea050>,37,13,[14  1],38,-1,144,-1,131
1,<environment.Job instance at 0x7f8ce76ea280>,40,1,[7 5],41,-1,149,-1,148
1,<environment.Job instance at 0x7f8ce76ea4b0>,43,24,[5 8],44,-1,189,-1,165
1,<environment.Job instance at 0x7f8ce76ea730>,45,24,[ 4 11],46,-1,199,-1,175
1,<environment.Job instance at 0x7f8ce76ea960>,47,28,[8 4],48,-1,209,-1,181
1,<environment.Job instance at 0x7f8ce76eac30>,52,24,[13  3],53,-1,247,-1,223
1,<environment.Job instance at 0x7f8ce76ead20>,53,16,[ 5 12],54,-1,239,-1,223
1,<environment.Job instance at 0x7f8ce76eadc0>,54,17,[13  5],55,-1,240,-1,223
1,<environment.Job instance at 0x7f8ce76eacd0>,55,22,[ 3 12],56,-1,245,-1,223
1,<environment.Job instance at 0x7f8ce76eaeb0>,56,13,[14  4],57,-1,236,-1,223
1,<environment.Job instance at 0x7f8ce76eaf50>,57,24,[ 2 14],58,-1,247,-1,223
1,<environment.Job instance at 0x7f8ce76f6500>,62,20,[13  3],63,-1,257,-1,237
1,<environment.Job instance at 0x7f8ce76f6280>,64,17,[13  1],65,-1,266,-1,249
1,<environment.Job instance at 0x7f8ce76f6820>,66,3,[10  5],67,-1,252,-1,249
1,<environment.Job instance at 0x7f8ce76f68c0>,67,12,[12  5],68,-1,261,-1,249
1,<environment.Job instance at 0x7f8ce76f6a00>,69,24,[3 6],70,-1,287,-1,263
1,<environment.Job instance at 0x7f8ce76f6a50>,71,12,[ 4 10],72,-1,275,-1,263
1,<environment.Job instance at 0x7f8ce76f6c30>,72,2,[4 9],73,-1,265,-1,263
1,<environment.Job instance at 0x7f8ce76f6cd0>,73,17,[11  5],74,-1,280,-1,263
1,<environment.Job instance at 0x7f8ce76f6fa0>,76,22,[ 4 11],77,-1,301,-1,279
1,<environment.Job instance at 0x7f8ce76f6e60>,78,14,[13  5],79,-1,306,-1,292
1,<environment.Job instance at 0x7f8ce7da1050>,79,23,[4 6],80,-1,317,-1,294
1,<environment.Job instance at 0x7f8ce7da10a0>,80,3,[2 9],81,-1,297,-1,294
1,<environment.Job instance at 0x7f8ce7da1280>,82,18,[ 4 13],83,-1,312,-1,294
1,<environment.Job instance at 0x7f8ce7da14b0>,83,2,[1 6],84,-1,307,-1,305
1,<environment.Job instance at 0x7f8ce7da1550>,84,12,[ 2 12],85,-1,317,-1,305
1,<environment.Job instance at 0x7f8ce7da1780>,89,3,[13  1],90,-1,355,-1,352
1,<environment.Job instance at 0x7f8ce7da1aa0>,92,17,[14  2],93,-1,377,-1,360
1,<environment.Job instance at 0x7f8ce7da1be0>,95,18,[13  4],96,-1,398,-1,380
1,<environment.Job instance at 0x7f8ce7da1f50>,98,16,[11  5],99,-1,416,-1,400
1,<environment.Job instance at 0x7f8ce7da1d20>,99,15,[12  3],100,-1,415,-1,400
1,<environment.Job instance at 0x7f8ce7da1f00>,100,13,[ 1 14],101,-1,413,-1,400
1,<environment.Job instance at 0x7f8ce7db3dc0>,101,15,[ 3 14],102,-1,415,-1,400
1,<environment.Job instance at 0x7f8ce7db32d0>,102,2,[10  3],103,-1,402,-1,400
1,<environment.Job instance at 0x7f8ce7db3730>,104,27,[6 3],105,-1,427,-1,400
1,<environment.Job instance at 0x7f8ce7db33c0>,105,1,[6 5],106,-1,401,-1,400
1,<environment.Job instance at 0x7f8ce7db3b40>,108,27,[10  1],109,-1,444,-1,417
1,<environment.Job instance at 0x7f8ce7db3140>,109,18,[11  5],110,-1,436,-1,418
1,<environment.Job instance at 0x7f8ce7db3aa0>,111,23,[12  4],112,-1,454,-1,431
1,<environment.Job instance at 0x7f8ce7db3cd0>,114,23,[10  2],115,-1,472,-1,449
1,<environment.Job instance at 0x7f8ce7db35a0>,116,14,[ 2 11],117,-1,463,-1,449
1,<environment.Job instance at 0x7f8ce7db38c0>,119,13,[ 3 14],120,-1,477,-1,464
1,<environment.Job instance at 0x7f8ce7db35f0>,120,13,[11  1],121,-1,477,-1,464
1,<environment.Job instance at 0x7f8ce7db3820>,121,28,[5 6],122,-1,492,-1,464
1,<environment.Job instance at 0x7f8ce7d91050>,124,2,[4 5],125,-1,482,-1,480
1,<environment.Job instance at 0x7f8ce7d91320>,125,2,[ 1 10],126,-1,482,-1,480
1,<environment.Job instance at 0x7f8ce7d913c0>,126,17,[11  3],127,-1,497,-1,480
1,<environment.Job instance at 0x7f8ce7d91460>,127,20,[ 4 13],128,-1,500,-1,480
1,<environment.Job instance at 0x7f8ce7d915a0>,128,27,[13  4],129,-1,507,-1,480
1,<environment.Job instance at 0x7f8ce76f8190>,129,14,[ 2 11],130,-1,494,-1,480
1,<environment.Job instance at 0x7f8ce7ea3f50>,133,17,[ 2 11],134,-1,514,-1,497
1,<environment.Job instance at 0x7f8ce76e0460>,134,12,[13  5],135,-1,509,-1,497
1,<environment.Job instance at 0x7f8ce76f1aa0>,135,1,[12  1],136,-1,498,-1,497
1,<environment.Job instance at 0x7f8ce76f1230>,137,3,[ 3 12],138,-1,515,-1,512
1,<environment.Job instance at 0x7f8ce76f1910>,138,1,[3 8],139,-1,513,-1,512
1,<environment.Job instance at 0x7f8ce76f13c0>,139,2,[4 7],140,-1,514,-1,512
1,<environment.Job instance at 0x7f8ce77001e0>,142,17,[13  5],143,-1,546,-1,529
1,<environment.Job instance at 0x7f8ce833aeb0>,146,26,[9 2],147,-1,578,-1,552
1,<environment.Job instance at 0x7f8ce833a320>,147,24,[9 2],148,-1,576,-1,552
1,<environment.Job instance at 0x7f8ce7e994b0>,149,25,[6 2],150,-1,583,-1,558
1,<environment.Job instance at 0x7f8ce83519b0>,150,22,[9 5],151,-1,740,-1,718
1,<environment.Job instance at 0x7f8ce7d91a50>,164,1,[2 5],168,-1,752,-1,751
1,<environment.Job instance at 0x7f8ce7d917d0>,160,19,[ 3 14],161,-1,1316,-1,1297
1,<environment.Job instance at 0x7f8ce7a8f910>,5,12,[ 1 14],6,-1,18,-1,6
1,<environment.Job instance at 0x7f8ce7c35690>,9,24,[ 4 14],10,-1,38,-1,14
1,<environment.Job instance at 0x7f8ce7c35e60>,13,14,[12  1],14,-1,52,-1,38
1,<environment.Job instance at 0x7f8ce7c35d20>,14,27,[ 5 10],15,-1,65,-1,38
1,<environment.Job instance at 0x7f8ce7c35320>,15,28,[13  4],16,-1,66,-1,38
1,<environment.Job instance at 0x7f8ce7c35be0>,16,24,[5 2],17,-1,62,-1,38
1,<environment.Job instance at 0x7f8ce7c35f00>,17,18,[ 4 12],18,-1,56,-1,38
1,<environment.Job instance at 0x7f8ce7c35c80>,18,25,[11  1],19,-1,63,-1,38
1,<environment.Job instance at 0x7f8ce7c35a00>,19,20,[11  4],20,-1,61,-1,41
1,<environment.Job instance at 0x7f8ce7c351e0>,21,26,[2 6],22,-1,67,-1,41
1,<environment.Job instance at 0x7f8cf18e8eb0>,26,25,[ 4 13],27,-1,106,-1,81
1,<environment.Job instance at 0x7f8ce8351460>,29,22,[ 3 13],30,-1,129,-1,107
1,<environment.Job instance at 0x7f8ce7de2c80>,31,16,[ 1 13],32,-1,123,-1,107
1,<environment.Job instance at 0x7f8ce88d0be0>,35,26,[12  4],36,-1,195,-1,169
1,<environment.Job instance at 0x7f8ce76f3aa0>,40,26,[ 3 13],41,-1,195,-1,169
1,<environment.Job instance at 0x7f8ce810b0f0>,46,12,[8 3],47,-1,252,-1,240
1,<environment.Job instance at 0x7f8ce810ba50>,50,3,[9 1],51,-1,256,-1,253
1,<environment.Job instance at 0x7f8ce8103f00>,51,25,[ 3 13],52,-1,278,-1,253
1,<environment.Job instance at 0x7f8ce7ad3140>,42,24,[8 5],43,-1,277,-1,253
1,<environment.Job instance at 0x7f8ce8103190>,53,17,[7 2],54,-1,270,-1,253
1,<environment.Job instance at 0x7f8ce8103c80>,52,1,[12  1],53,-1,254,-1,253
1,<environment.Job instance at 0x7f8ce7afbf50>,56,28,[ 5 12],57,-1,298,-1,270
1,<environment.Job instance at 0x7f8ce7afb2d0>,58,24,[ 2 11],59,-1,294,-1,270
1,<environment.Job instance at 0x7f8ce81039b0>,55,23,[5 5],56,-1,300,-1,277
1,<environment.Job instance at 0x7f8ce8886b90>,61,15,[ 4 12],62,-1,292,-1,277
1,<environment.Job instance at 0x7f8ce88865a0>,62,23,[1 5],63,-1,316,-1,293
1,<environment.Job instance at 0x7f8ce8886d20>,65,28,[13  4],66,-1,332,-1,304
1,<environment.Job instance at 0x7f8ce8b5b1e0>,70,24,[ 5 13],71,-1,377,-1,353
1,<environment.Job instance at 0x7f8ce8b5baa0>,71,13,[ 4 14],72,-1,366,-1,353
1,<environment.Job instance at 0x7f8ce81a4500>,74,18,[ 5 13],75,-1,384,-1,366
1,<environment.Job instance at 0x7f8ce81a4690>,75,26,[1 5],76,-1,409,-1,383
1,<environment.Job instance at 0x7f8ce81949b0>,83,24,[13  5],84,-1,448,-1,424
1,<environment.Job instance at 0x7f8ce81945a0>,86,15,[ 4 14],87,-1,465,-1,450
1,<environment.Job instance at 0x7f8ce8194780>,87,26,[ 1 13],88,-1,476,-1,450
1,<environment.Job instance at 0x7f8ce80f0aa0>,89,27,[10  2],90,-1,493,-1,466
1,<environment.Job instance at 0x7f8ce80f0460>,95,2,[2 5],96,-1,556,-1,554
1,<environment.Job instance at 0x7f8ce80f05a0>,96,2,[3 9],97,-1,556,-1,554
1,<environment.Job instance at 0x7f8ce78a9960>,138,27,[ 5 10],139,-1,910,-1,883
1,<environment.Job instance at 0x7f8ce75128c0>,146,24,[10  5],147,-1,968,-1,944
1,<environment.Job instance at 0x7f8ce75129b0>,147,22,[12  2],148,-1,966,-1,944
1,<environment.Job instance at 0x7f8ce7512550>,149,15,[13  2],150,-1,964,-1,949
1,<environment.Job instance at 0x7f8ce7512b90>,150,26,[9 4],151,-1,975,-1,949
1,<environment.Job instance at 0x7f8ce7512640>,151,13,[ 1 10],152,-1,962,-1,949
1,<environment.Job instance at 0x7f8ce7512730>,152,26,[12  1],153,-1,975,-1,949
1,<environment.Job instance at 0x7f8ce7e93410>,127,28,[10  4],128,-1,1441,-1,1413
1,<environment.Job instance at 0x7f8ce847c4b0>,4,24,[6 4],5,-1,29,-1,5
1,<environment.Job instance at 0x7f8ce847ceb0>,6,25,[8 5],7,-1,32,-1,7
1,<environment.Job instance at 0x7f8ce847c910>,8,13,[ 2 14],9,-1,22,-1,9
1,<environment.Job instance at 0x7f8ce847c820>,9,13,[13  3],10,-1,23,-1,10
1,<environment.Job instance at 0x7f8ce7e93410>,11,26,[11  5],12,-1,38,-1,12
1,<environment.Job instance at 0x7f8ce847c140>,12,28,[5 8],13,-1,41,-1,13
1,<environment.Job instance at 0x7f8ce847c410>,13,27,[1 7],14,-1,42,-1,15
1,<environment.Job instance at 0x7f8ce847ce10>,15,14,[ 1 13],16,-1,30,-1,16
1,<environment.Job instance at 0x7f8ce78ac370>,19,23,[8 2],20,-1,45,-1,22
1,<environment.Job instance at 0x7f8ce78ac870>,20,23,[2 8],21,-1,53,-1,30
1,<environment.Job instance at 0x7f8ce78ac910>,22,13,[11  2],23,-1,45,-1,32
1,<environment.Job instance at 0x7f8ce78acdc0>,26,19,[ 1 11],27,-1,74,-1,55
1,<environment.Job instance at 0x7f8ce78ac230>,27,24,[ 1 13],28,-1,79,-1,55
1,<environment.Job instance at 0x7f8ce78acc30>,30,14,[14  5],31,-1,85,-1,71
1,<environment.Job instance at 0x7f8ce78accd0>,31,12,[1 7],32,-1,84,-1,72
1,<environment.Job instance at 0x7f8ce78ac6e0>,32,16,[8 1],33,-1,89,-1,73
1,<environment.Job instance at 0x7f8ce7abcbe0>,34,12,[ 3 14],35,-1,91,-1,79
1,<environment.Job instance at 0x7f8ce7abc6e0>,37,23,[ 5 12],38,-1,114,-1,91
1,<environment.Job instance at 0x7f8ce7abc5a0>,40,28,[10  5],41,-1,127,-1,99
1,<environment.Job instance at 0x7f8ce7abce10>,42,28,[ 3 14],43,-1,131,-1,103
1,<environment.Job instance at 0x7f8ce81f5820>,45,2,[14  4],46,-1,130,-1,128
1,<environment.Job instance at 0x7f8ce8576c30>,46,2,[10  2],47,-1,130,-1,128
1,<environment.Job instance at 0x7f8ce89af500>,47,23,[5 7],48,-1,151,-1,128
1,<environment.Job instance at 0x7f8ce76c60f0>,48,28,[14  5],49,-1,156,-1,128
1,<environment.Job instance at 0x7f8ce76c6730>,49,23,[10  5],50,-1,151,-1,128
1,<environment.Job instance at 0x7f8ce76c6e10>,50,23,[3 7],51,-1,151,-1,128
1,<environment.Job instance at 0x7f8ce76c6dc0>,51,24,[2 9],52,-1,152,-1,128
1,<environment.Job instance at 0x7f8ce76c6370>,52,17,[14  1],53,-1,145,-1,128
1,<environment.Job instance at 0x7f8ce76c6550>,53,22,[11  3],54,-1,150,-1,128
1,<environment.Job instance at 0x7f8ce76c6be0>,55,28,[ 2 14],56,-1,156,-1,128
1,<environment.Job instance at 0x7f8ce76c6280>,56,23,[13  5],57,-1,151,-1,128
1,<environment.Job instance at 0x7f8ce858d820>,57,12,[ 4 13],58,-1,140,-1,128
1,<environment.Job instance at 0x7f8ce858d280>,58,20,[ 1 13],59,-1,148,-1,128
1,<environment.Job instance at 0x7f8ce858d640>,59,2,[11  2],60,-1,130,-1,128
1,<environment.Job instance at 0x7f8ce858deb0>,61,22,[ 1 14],62,-1,164,-1,142
1,<environment.Job instance at 0x7f8ce858dc30>,62,1,[9 3],63,-1,143,-1,142
1,<environment.Job instance at 0x7f8ce858d5a0>,63,19,[ 3 14],64,-1,161,-1,142
1,<environment.Job instance at 0x7f8ce858d5f0>,64,18,[ 4 14],65,-1,160,-1,142
1,<environment.Job instance at 0x7f8ce858dd70>,65,1,[12  2],66,-1,143,-1,142
1,<environment.Job instance at 0x7f8ce858d0f0>,68,26,[6 4],69,-1,182,-1,156
1,<environment.Job instance at 0x7f8ce838fdc0>,70,12,[9 1],71,-1,168,-1,156
1,<environment.Job instance at 0x7f8ce78e42d0>,71,24,[10  1],72,-1,180,-1,156
1,<environment.Job instance at 0x7f8ce7e16320>,72,17,[ 3 10],73,-1,177,-1,160
1,<environment.Job instance at 0x7f8ce7ba2780>,74,15,[12  4],75,-1,187,-1,172
1,<environment.Job instance at 0x7f8ce7814410>,75,28,[8 3],76,-1,200,-1,172
1,<environment.Job instance at 0x7f8ce7eff960>,76,14,[ 1 12],77,-1,186,-1,172
1,<environment.Job instance at 0x7f8ce7ba2f00>,78,17,[11  1],79,-1,205,-1,188
1,<environment.Job instance at 0x7f8ce7ef4730>,80,16,[ 4 13],81,-1,204,-1,188
1,<environment.Job instance at 0x7f8cf149f7d0>,81,26,[8 4],82,-1,214,-1,188
1,<environment.Job instance at 0x7f8ce850e460>,83,18,[12  4],84,-1,221,-1,203
1,<environment.Job instance at 0x7f8ce8230d70>,84,27,[9 3],85,-1,230,-1,203
1,<environment.Job instance at 0x7f8ce8659a50>,85,3,[5 6],86,-1,206,-1,203
1,<environment.Job instance at 0x7f8ce8d66d20>,87,26,[5 6],88,-1,247,-1,221
1,<environment.Job instance at 0x7f8ce7e0a7d0>,88,26,[3 9],89,-1,247,-1,221
1,<environment.Job instance at 0x7f8ce7a14050>,91,27,[3 6],92,-1,261,-1,234
1,<environment.Job instance at 0x7f8ce7a14320>,93,18,[11  3],94,-1,266,-1,248
1,<environment.Job instance at 0x7f8ce7a14870>,94,15,[14  5],95,-1,263,-1,248
1,<environment.Job instance at 0x7f8ce7a14cd0>,95,14,[11  5],96,-1,262,-1,248
1,<environment.Job instance at 0x7f8ce7a14be0>,96,14,[12  3],97,-1,262,-1,248
1,<environment.Job instance at 0x7f8ce8dfc910>,97,18,[14  3],98,-1,266,-1,248
1,<environment.Job instance at 0x7f8ce8dfce60>,99,23,[9 5],100,-1,283,-1,260
1,<environment.Job instance at 0x7f8ce8dfca50>,100,3,[12  1],101,-1,263,-1,260
1,<environment.Job instance at 0x7f8ce8b42dc0>,101,25,[6 1],102,-1,285,-1,260
1,<environment.Job instance at 0x7f8ce790a8c0>,105,26,[13  5],106,-1,299,-1,273
1,<environment.Job instance at 0x7f8ce790a320>,106,18,[ 3 12],107,-1,291,-1,273
1,<environment.Job instance at 0x7f8ce790a460>,109,27,[2 9],110,-1,317,-1,290
1,<environment.Job instance at 0x7f8ce790aa00>,111,26,[8 5],112,-1,333,-1,307
1,<environment.Job instance at 0x7f8ce790a910>,113,13,[ 2 13],114,-1,320,-1,307
1,<environment.Job instance at 0x7f8ce7de2320>,115,27,[13  2],116,-1,347,-1,320
1,<environment.Job instance at 0x7f8ce7de2a50>,116,26,[ 5 11],117,-1,346,-1,320
1,<environment.Job instance at 0x7f8ce7de2370>,117,17,[13  2],118,-1,337,-1,320
1,<environment.Job instance at 0x7f8ce7de2870>,118,27,[11  3],119,-1,347,-1,320
1,<environment.Job instance at 0x7f8ce7de2dc0>,120,15,[ 5 13],121,-1,335,-1,320
1,<environment.Job instance at 0x7f8ce7de2d70>,122,2,[14  4],123,-1,335,-1,333
1,<environment.Job instance at 0x7f8ce7de21e0>,123,12,[12  3],124,-1,345,-1,333
1,<environment.Job instance at 0x7f8ce7824e60>,125,26,[5 5],126,-1,359,-1,333
1,<environment.Job instance at 0x7f8ce78247d0>,127,15,[12  1],128,-1,365,-1,350
1,<environment.Job instance at 0x7f8ce7824960>,128,13,[12  3],129,-1,363,-1,350
1,<environment.Job instance at 0x7f8ce7824780>,130,12,[14  1],131,-1,362,-1,350
1,<environment.Job instance at 0x7f8ce7824af0>,131,3,[4 9],132,-1,353,-1,350
1,<environment.Job instance at 0x7f8ce7824a50>,132,16,[ 2 12],133,-1,366,-1,350
1,<environment.Job instance at 0x7f8ce7824280>,133,20,[ 2 12],134,-1,370,-1,350
1,<environment.Job instance at 0x7f8ce7e87500>,134,27,[1 6],135,-1,377,-1,350
1,<environment.Job instance at 0x7f8ce7e87be0>,135,27,[10  4],136,-1,377,-1,350
1,<environment.Job instance at 0x7f8ce7e87550>,137,24,[9 5],138,-1,387,-1,363
1,<environment.Job instance at 0x7f8ce77d53c0>,140,13,[11  1],141,-1,396,-1,383
1,<environment.Job instance at 0x7f8ce7616c30>,143,22,[ 2 11],144,-1,421,-1,399
1,<environment.Job instance at 0x7f8ce8d703c0>,144,16,[ 1 13],145,-1,415,-1,399
1,<environment.Job instance at 0x7f8ce8d70b40>,145,22,[7 1],146,-1,422,-1,400
1,<environment.Job instance at 0x7f8ce8e39d20>,156,27,[6 1],157,-1,511,-1,484
1,<environment.Job instance at 0x7f8ce896caf0>,158,3,[10  1],159,-1,487,-1,484
1,<environment.Job instance at 0x7f8ce8644730>,159,2,[1 8],160,-1,486,-1,484
1,<environment.Job instance at 0x7f8ce7f81410>,161,26,[7 4],162,-1,529,-1,503
1,<environment.Job instance at 0x7f8ce8644820>,162,18,[14  4],163,-1,521,-1,503
1,<environment.Job instance at 0x7f8ce7f81f50>,163,12,[ 5 14],164,-1,515,-1,503
1,<environment.Job instance at 0x7f8ce7b09af0>,164,27,[ 2 11],165,-1,530,-1,503
1,<environment.Job instance at 0x7f8ce7b09a00>,166,1,[ 3 10],167,-1,504,-1,503
1,<environment.Job instance at 0x7f8ce8e21280>,167,12,[13  2],168,-1,515,-1,503
1,<environment.Job instance at 0x7f8ce8943eb0>,168,25,[14  3],169,-1,528,-1,503
1,<environment.Job instance at 0x7f8ce7ba8cd0>,147,24,[10  4],148,-1,762,-1,738
1,<environment.Job instance at 0x7f8ce847c0a0>,10,22,[11  5],11,-1,761,-1,739
1,<environment.Job instance at 0x7f8ce7616cd0>,3,27,[9 3],4,-1,32,-1,5
1,<environment.Job instance at 0x7f8ce883cbe0>,18,3,[7 2],19,-1,81,-1,78
1,<environment.Job instance at 0x7f8ce883c8c0>,19,3,[1 8],20,-1,81,-1,78
1,<environment.Job instance at 0x7f8ce7999d70>,20,1,[5 8],21,-1,79,-1,78
1,<environment.Job instance at 0x7f8ce7fe1050>,23,12,[ 5 10],24,-1,99,-1,87
1,<environment.Job instance at 0x7f8ce76df780>,24,18,[13  5],25,-1,105,-1,87
1,<environment.Job instance at 0x7f8ce81d9500>,25,1,[7 5],26,-1,88,-1,87
1,<environment.Job instance at 0x7f8ce885d5a0>,27,27,[4 6],28,-1,120,-1,93
1,<environment.Job instance at 0x7f8ce7e16410>,34,18,[ 1 14],35,-1,149,-1,131
1,<environment.Job instance at 0x7f8ce8a4fdc0>,35,12,[13  3],36,-1,143,-1,131
1,<environment.Job instance at 0x7f8ce85ba5f0>,36,27,[10  1],37,-1,158,-1,131
1,<environment.Job instance at 0x7f8ce7cc63c0>,38,19,[ 2 11],39,-1,162,-1,143
1,<environment.Job instance at 0x7f8ce78191e0>,41,28,[8 2],42,-1,187,-1,159
1,<environment.Job instance at 0x7f8ce7aed5f0>,57,24,[12  1],58,-1,369,-1,345
1,<environment.Job instance at 0x7f8ce7db6b40>,58,28,[6 4],59,-1,373,-1,345
1,<environment.Job instance at 0x7f8ce7aedfa0>,59,18,[ 1 11],60,-1,363,-1,345
1,<environment.Job instance at 0x7f8ce7aed550>,62,28,[ 1 12],63,-1,382,-1,354
1,<environment.Job instance at 0x7f8ce7dae4b0>,64,23,[1 5],65,-1,380,-1,357
1,<environment.Job instance at 0x7f8ce7658fa0>,68,2,[6 4],69,-1,385,-1,383
1,<environment.Job instance at 0x7f8ce7658c80>,70,24,[13  2],71,-1,423,-1,399
1,<environment.Job instance at 0x7f8ce7658f50>,71,16,[14  5],72,-1,415,-1,399
1,<environment.Job instance at 0x7f8ce76f3b90>,72,23,[ 1 13],73,-1,422,-1,399
1,<environment.Job instance at 0x7f8ce8354f00>,73,12,[1 6],74,-1,411,-1,399
1,<environment.Job instance at 0x7f8ce83545a0>,75,1,[ 5 11],76,-1,400,-1,399
1,<environment.Job instance at 0x7f8ce76f7550>,78,15,[ 4 11],79,-1,431,-1,416
1,<environment.Job instance at 0x7f8ce88c1c80>,80,22,[13  1],81,-1,443,-1,421
1,<environment.Job instance at 0x7f8ce88c16e0>,81,3,[14  3],82,-1,424,-1,421
1,<environment.Job instance at 0x7f8ce88c12d0>,82,24,[1 7],83,-1,445,-1,421
1,<environment.Job instance at 0x7f8ce88c1640>,83,17,[ 3 14],84,-1,438,-1,421
1,<environment.Job instance at 0x7f8ce88c1d20>,84,3,[10  3],85,-1,425,-1,422
1,<environment.Job instance at 0x7f8ce88c1b90>,85,22,[8 5],86,-1,459,-1,437
1,<environment.Job instance at 0x7f8ce88c19b0>,86,2,[3 7],87,-1,439,-1,437
1,<environment.Job instance at 0x7f8ce88c1a00>,87,13,[ 2 13],88,-1,450,-1,437
1,<environment.Job instance at 0x7f8ce88c1dc0>,88,12,[ 3 11],89,-1,449,-1,437
1,<environment.Job instance at 0x7f8ce88c18c0>,89,20,[12  4],90,-1,457,-1,437
1,<environment.Job instance at 0x7f8ce88c15f0>,90,26,[4 9],91,-1,463,-1,437
1,<environment.Job instance at 0x7f8ce8b3ff50>,91,12,[13  3],92,-1,449,-1,437
1,<environment.Job instance at 0x7f8ce8b3fd70>,92,1,[1 7],93,-1,438,-1,437
1,<environment.Job instance at 0x7f8ce8b3ffa0>,93,3,[3 7],94,-1,440,-1,437
1,<environment.Job instance at 0x7f8ce8b3feb0>,96,23,[10  1],97,-1,473,-1,450
1,<environment.Job instance at 0x7f8ce8b3f050>,98,26,[13  2],99,-1,482,-1,456
1,<environment.Job instance at 0x7f8ce7b1fe10>,100,12,[12  3],101,-1,476,-1,464
1,<environment.Job instance at 0x7f8ce7b1f3c0>,101,15,[13  1],102,-1,479,-1,464
1,<environment.Job instance at 0x7f8cf1a5f690>,102,25,[9 3],103,-1,489,-1,464
1,<environment.Job instance at 0x7f8cecf41fa0>,105,23,[9 1],106,-1,499,-1,476
1,<environment.Job instance at 0x7f8cecf41b90>,108,1,[5 1],109,-1,485,-1,484
1,<environment.Job instance at 0x7f8cecf418c0>,111,12,[5 1],112,-1,506,-1,494
1,<environment.Job instance at 0x7f8cecf41d70>,112,14,[ 3 14],113,-1,508,-1,494
1,<environment.Job instance at 0x7f8cecf412d0>,115,24,[6 3],116,-1,536,-1,512
1,<environment.Job instance at 0x7f8cecf41190>,116,2,[5 7],117,-1,514,-1,512
1,<environment.Job instance at 0x7f8cecf41280>,119,13,[ 5 10],120,-1,542,-1,529
1,<environment.Job instance at 0x7f8cecf41910>,121,15,[1 5],122,-1,545,-1,530
1,<environment.Job instance at 0x7f8ce86e0640>,124,23,[4 8],125,-1,583,-1,560
1,<environment.Job instance at 0x7f8ce86e05f0>,125,13,[ 4 12],126,-1,573,-1,560
1,<environment.Job instance at 0x7f8ce86e0870>,126,26,[10  5],127,-1,586,-1,560
1,<environment.Job instance at 0x7f8ce7d911e0>,128,18,[14  3],129,-1,597,-1,579
1,<environment.Job instance at 0x7f8ce7d91d20>,129,26,[5 9],130,-1,605,-1,579
1,<environment.Job instance at 0x7f8ce7d915a0>,130,15,[14  2],131,-1,594,-1,579
1,<environment.Job instance at 0x7f8ce7d91410>,131,26,[5 2],132,-1,605,-1,579
1,<environment.Job instance at 0x7f8ce7d91cd0>,132,22,[5 1],133,-1,602,-1,580
1,<environment.Job instance at 0x7f8ce7d91b90>,133,14,[11  2],134,-1,594,-1,580
1,<environment.Job instance at 0x7f8cf1a650f0>,135,1,[ 1 13],136,-1,581,-1,580
1,<environment.Job instance at 0x7f8ce893c230>,137,25,[5 5],138,-1,619,-1,594
1,<environment.Job instance at 0x7f8ce893c5f0>,138,18,[ 5 11],139,-1,612,-1,594
1,<environment.Job instance at 0x7f8ce7d988c0>,143,17,[14  2],144,-1,645,-1,628
1,<environment.Job instance at 0x7f8ce7d98b90>,145,18,[14  1],146,-1,663,-1,645
1,<environment.Job instance at 0x7f8ce8aeaeb0>,146,17,[ 5 13],147,-1,662,-1,645
1,<environment.Job instance at 0x7f8ce8aeac80>,147,26,[3 5],148,-1,671,-1,645
1,<environment.Job instance at 0x7f8ce8aea690>,150,27,[ 4 13],151,-1,679,-1,652
1,<environment.Job instance at 0x7f8ce8aea2d0>,151,26,[12  1],152,-1,678,-1,652
1,<environment.Job instance at 0x7f8ce8aea320>,152,2,[2 5],153,-1,654,-1,652
1,<environment.Job instance at 0x7f8ce8aea4b0>,154,23,[ 2 13],155,-1,682,-1,659
1,<environment.Job instance at 0x7f8ce7f1d050>,160,17,[13  3],161,-1,712,-1,695
1,<environment.Job instance at 0x7f8ce7f1d550>,161,25,[5 5],162,-1,720,-1,695
1,<environment.Job instance at 0x7f8ce86d1230>,4,25,[14  2],5,-1,30,-1,5
1,<environment.Job instance at 0x7f8ce86d1910>,5,14,[14  1],6,-1,20,-1,6
1,<environment.Job instance at 0x7f8ce86a92d0>,11,25,[ 5 14],12,-1,60,-1,35
1,<environment.Job instance at 0x7f8ce86a9460>,12,18,[ 5 14],13,-1,53,-1,35
1,<environment.Job instance at 0x7f8ce86a9190>,14,12,[ 3 13],15,-1,47,-1,35
1,<environment.Job instance at 0x7f8ce86a9910>,15,23,[6 5],16,-1,58,-1,35
1,<environment.Job instance at 0x7f8ce86a9a50>,16,1,[6 4],17,-1,36,-1,35
1,<environment.Job instance at 0x7f8ce86a9d20>,18,2,[8 3],19,-1,38,-1,36
1,<environment.Job instance at 0x7f8ce86a9370>,19,16,[13  4],20,-1,52,-1,36
1,<environment.Job instance at 0x7f8ce86e2dc0>,20,17,[ 3 13],21,-1,53,-1,36
1,<environment.Job instance at 0x7f8ce86e2d20>,21,16,[13  3],22,-1,52,-1,36
1,<environment.Job instance at 0x7f8ce86e2e10>,22,3,[7 4],23,-1,39,-1,36
1,<environment.Job instance at 0x7f8ce86e2190>,25,2,[10  4],26,-1,56,-1,54
1,<environment.Job instance at 0x7f8ce86e25f0>,28,13,[ 5 11],29,-1,77,-1,64
1,<environment.Job instance at 0x7f8ce86e2730>,29,3,[2 8],30,-1,67,-1,64
1,<environment.Job instance at 0x7f8ce86e24b0>,30,24,[ 1 10],31,-1,88,-1,64
1,<environment.Job instance at 0x7f8ce7e76500>,32,26,[5 7],33,-1,97,-1,71
1,<environment.Job instance at 0x7f8ce7e76050>,33,28,[ 4 13],34,-1,99,-1,71
1,<environment.Job instance at 0x7f8ce86b1fa0>,35,2,[2 9],36,-1,73,-1,71
1,<environment.Job instance at 0x7f8ce86b1140>,36,28,[ 4 11],37,-1,99,-1,71
1,<environment.Job instance at 0x7f8ce82cb0a0>,38,16,[14  4],39,-1,96,-1,80
1,<environment.Job instance at 0x7f8ce8e410f0>,39,23,[ 3 10],40,-1,103,-1,80
1,<environment.Job instance at 0x7f8cecede5f0>,41,12,[12  5],42,-1,109,-1,97
1,<environment.Job instance at 0x7f8ce78c6f00>,42,1,[ 1 10],43,-1,98,-1,97
1,<environment.Job instance at 0x7f8ce7e535a0>,43,2,[1 5],44,-1,99,-1,97
1,<environment.Job instance at 0x7f8ce7e784b0>,45,14,[ 1 11],46,-1,111,-1,97
1,<environment.Job instance at 0x7f8ce7e8cb40>,48,12,[ 2 12],49,-1,121,-1,109
1,<environment.Job instance at 0x7f8ce7d03140>,51,18,[12  1],52,-1,143,-1,125
1,<environment.Job instance at 0x7f8ce7b81f50>,54,23,[7 1],55,-1,163,-1,140
1,<environment.Job instance at 0x7f8ce7b85b90>,58,24,[8 4],59,-1,178,-1,154
1,<environment.Job instance at 0x7f8ce7b85230>,60,27,[7 2],61,-1,193,-1,166
1,<environment.Job instance at 0x7f8ce82a92d0>,64,16,[10  1],65,-1,202,-1,186
1,<environment.Job instance at 0x7f8ce82a90f0>,65,13,[ 1 12],66,-1,199,-1,186
1,<environment.Job instance at 0x7f8ce82a9960>,66,15,[ 2 12],67,-1,201,-1,186
1,<environment.Job instance at 0x7f8ce82a9690>,67,15,[14  4],68,-1,201,-1,186
1,<environment.Job instance at 0x7f8ce82a9d70>,69,24,[10  5],70,-1,220,-1,196
1,<environment.Job instance at 0x7f8ce82a94b0>,70,2,[5 9],71,-1,198,-1,196
1,<environment.Job instance at 0x7f8ce82a9eb0>,71,13,[ 4 14],72,-1,209,-1,196
1,<environment.Job instance at 0x7f8ce82a95f0>,72,26,[8 3],73,-1,222,-1,196
1,<environment.Job instance at 0x7f8ce86e25a0>,73,26,[ 5 14],74,-1,222,-1,196
1,<environment.Job instance at 0x7f8ce86e2640>,74,23,[ 3 10],75,-1,219,-1,196
1,<environment.Job instance at 0x7f8ce8292d70>,78,18,[ 1 12],79,-1,228,-1,210
1,<environment.Job instance at 0x7f8ce8292910>,80,27,[14  4],81,-1,248,-1,221
1,<environment.Job instance at 0x7f8ce8292a50>,82,25,[2 5],83,-1,251,-1,226
1,<environment.Job instance at 0x7f8ce8292140>,86,28,[13  4],87,-1,279,-1,251
1,<environment.Job instance at 0x7f8ce7b5acd0>,88,14,[12  1],89,-1,265,-1,251
1,<environment.Job instance at 0x7f8ce7b5af00>,89,28,[13  3],90,-1,279,-1,251
1,<environment.Job instance at 0x7f8ce7b5a320>,90,18,[12  2],91,-1,269,-1,251
1,<environment.Job instance at 0x7f8ce7b5a820>,91,15,[12  3],92,-1,266,-1,251
1,<environment.Job instance at 0x7f8ce7b6a5f0>,92,3,[ 3 14],93,-1,254,-1,251
1,<environment.Job instance at 0x7f8ce7b6a370>,94,25,[3 6],95,-1,281,-1,256
1,<environment.Job instance at 0x7f8ce7b6af50>,95,24,[ 3 12],96,-1,280,-1,256
1,<environment.Job instance at 0x7f8ce7b6ac80>,96,3,[7 3],97,-1,259,-1,256
1,<environment.Job instance at 0x7f8ce7b6a6e0>,98,14,[12  1],99,-1,282,-1,268
1,<environment.Job instance at 0x7f8ce82a8d20>,100,26,[5 1],101,-1,311,-1,285
1,<environment.Job instance at 0x7f8ce82a8cd0>,101,12,[14  1],102,-1,297,-1,285
1,<environment.Job instance at 0x7f8ce82a8780>,102,22,[3 7],103,-1,411,-1,389
1,<environment.Job instance at 0x7f8ce82bf870>,117,22,[4 6],118,-1,411,-1,389
1,<environment.Job instance at 0x7f8ce82bf910>,119,25,[9 4],120,-1,424,-1,399
1,<environment.Job instance at 0x7f8ce82bf410>,121,20,[11  5],122,-1,419,-1,399
1,<environment.Job instance at 0x7f8ce82bfc80>,124,21,[5 1],125,-1,435,-1,414
1,<environment.Job instance at 0x7f8ce82bfd20>,125,14,[ 2 10],126,-1,428,-1,414
1,<environment.Job instance at 0x7f8cecef0fa0>,131,17,[ 1 10],132,-1,477,-1,460
1,<environment.Job instance at 0x7f8cecf06780>,132,1,[ 2 10],133,-1,461,-1,460
1,<environment.Job instance at 0x7f8cecf06230>,133,14,[7 1],134,-1,474,-1,460
1,<environment.Job instance at 0x7f8cecf066e0>,134,26,[ 5 10],135,-1,486,-1,460
1,<environment.Job instance at 0x7f8ce7907e10>,135,23,[ 3 12],136,-1,483,-1,460
1,<environment.Job instance at 0x7f8ce79075f0>,136,17,[ 2 11],137,-1,477,-1,460
1,<environment.Job instance at 0x7f8ce7905f50>,137,22,[4 8],138,-1,483,-1,461
1,<environment.Job instance at 0x7f8ce78d4410>,139,24,[13  2],140,-1,486,-1,462
1,<environment.Job instance at 0x7f8ce78d4910>,140,20,[8 2],141,-1,483,-1,463
1,<environment.Job instance at 0x7f8ce8296d70>,154,20,[14  1],155,-1,574,-1,554
1,<environment.Job instance at 0x7f8ce78e93c0>,165,21,[11  3],166,-1,664,-1,643
1,<environment.Job instance at 0x7f8ce89d7f50>,166,25,[8 1],167,-1,668,-1,643
1,<environment.Job instance at 0x7f8ce78e9780>,167,18,[ 5 13],168,-1,661,-1,643
1,<environment.Job instance at 0x7f8ce89d70f0>,168,1,[ 2 14],169,-1,644,-1,643
1,<environment.Job instance at 0x7f8ce7e76aa0>,1,28,[1 8],2,-1,30,-1,2
1,<environment.Job instance at 0x7f8ce82bcc30>,2,27,[3 7],3,-1,30,-1,3
1,<environment.Job instance at 0x7f8ce82bceb0>,6,16,[11  3],7,-1,24,-1,8
1,<environment.Job instance at 0x7f8ce82bc820>,8,25,[6 4],9,-1,34,-1,9
1,<environment.Job instance at 0x7f8ce82bc500>,9,25,[8 1],10,-1,35,-1,10
1,<environment.Job instance at 0x7f8ce82bc3c0>,10,14,[14  1],11,-1,25,-1,11
1,<environment.Job instance at 0x7f8ce8292140>,15,27,[10  1],16,-1,58,-1,31
1,<environment.Job instance at 0x7f8ce82920a0>,16,23,[10  1],17,-1,54,-1,31
1,<environment.Job instance at 0x7f8ce8292dc0>,18,26,[10  2],19,-1,70,-1,44
1,<environment.Job instance at 0x7f8ce8292820>,20,20,[ 1 12],21,-1,64,-1,44
1,<environment.Job instance at 0x7f8ce82928c0>,21,24,[8 1],22,-1,68,-1,44
1,<environment.Job instance at 0x7f8ce8292a00>,23,25,[13  5],24,-1,87,-1,62
1,<environment.Job instance at 0x7f8ce8292aa0>,24,12,[2 5],25,-1,74,-1,62
1,<environment.Job instance at 0x7f8ce8292320>,25,14,[ 4 14],26,-1,76,-1,62
1,<environment.Job instance at 0x7f8ce8292370>,26,13,[10  1],27,-1,75,-1,62
1,<environment.Job instance at 0x7f8ce8292190>,27,2,[5 8],28,-1,64,-1,62
1,<environment.Job instance at 0x7f8ce82923c0>,28,17,[12  5],29,-1,79,-1,62
1,<environment.Job instance at 0x7f8ce82bfe60>,29,1,[7 5],30,-1,63,-1,62
1,<environment.Job instance at 0x7f8ce82bf8c0>,30,14,[ 2 11],31,-1,76,-1,62
1,<environment.Job instance at 0x7f8ce82bf280>,32,12,[3 8],33,-1,74,-1,62
1,<environment.Job instance at 0x7f8ce82bf640>,33,13,[12  1],34,-1,75,-1,62
1,<environment.Job instance at 0x7f8ce82bf460>,34,28,[13  1],35,-1,90,-1,62
1,<environment.Job instance at 0x7f8ce82bfa00>,35,19,[8 2],36,-1,94,-1,75
1,<environment.Job instance at 0x7f8ce82bff00>,37,16,[ 4 14],38,-1,91,-1,75
1,<environment.Job instance at 0x7f8ce82bf9b0>,40,25,[9 1],41,-1,119,-1,94
1,<environment.Job instance at 0x7f8cf16bd7d0>,42,13,[13  1],43,-1,108,-1,95
1,<environment.Job instance at 0x7f8cf16bdaf0>,43,17,[ 2 12],44,-1,112,-1,95
1,<environment.Job instance at 0x7f8cf16bd640>,44,14,[11  1],45,-1,109,-1,95
1,<environment.Job instance at 0x7f8cf16bd730>,45,26,[14  4],46,-1,121,-1,95
1,<environment.Job instance at 0x7f8cf16bd050>,47,1,[8 3],48,-1,107,-1,106
1,<environment.Job instance at 0x7f8ce86b1b90>,48,25,[10  1],49,-1,131,-1,106
1,<environment.Job instance at 0x7f8ce86b1870>,49,13,[ 2 11],50,-1,119,-1,106
1,<environment.Job instance at 0x7f8ce86b1cd0>,50,28,[1 7],51,-1,134,-1,106
1,<environment.Job instance at 0x7f8ce7b85f00>,51,15,[ 3 12],52,-1,121,-1,106
1,<environment.Job instance at 0x7f8ce7b851e0>,66,16,[ 3 12],67,-1,249,-1,233
1,<environment.Job instance at 0x7f8ce7b85140>,67,14,[11  2],68,-1,247,-1,233
1,<environment.Job instance at 0x7f8ce7b853c0>,68,17,[ 1 10],69,-1,260,-1,243
1,<environment.Job instance at 0x7f8ce7b85050>,69,16,[10  1],70,-1,262,-1,246
1,<environment.Job instance at 0x7f8ce82185a0>,70,15,[10  1],71,-1,261,-1,246
1,<environment.Job instance at 0x7f8ce8218d20>,73,3,[5 5],74,-1,278,-1,275
1,<environment.Job instance at 0x7f8ce8218c30>,74,15,[ 2 14],75,-1,290,-1,275
1,<environment.Job instance at 0x7f8ce8218fa0>,75,27,[ 4 13],76,-1,302,-1,275
1,<environment.Job instance at 0x7f8ce8218e60>,77,23,[3 9],78,-1,300,-1,277
1,<environment.Job instance at 0x7f8ce82ce730>,94,14,[ 5 13],95,-1,412,-1,398
1,<environment.Job instance at 0x7f8ce82cef00>,95,2,[14  1],96,-1,400,-1,398
1,<environment.Job instance at 0x7f8ce82ce820>,96,15,[ 2 13],97,-1,413,-1,398
1,<environment.Job instance at 0x7f8ce82ce0f0>,98,23,[10  4],99,-1,434,-1,411
1,<environment.Job instance at 0x7f8ce82cec30>,99,19,[ 5 10],100,-1,432,-1,413
1,<environment.Job instance at 0x7f8ce82cea50>,100,26,[11  1],101,-1,439,-1,413
1,<environment.Job instance at 0x7f8ce82ce690>,101,28,[1 9],102,-1,441,-1,413
1,<environment.Job instance at 0x7f8ce82ce230>,102,19,[ 2 11],103,-1,432,-1,413
1,<environment.Job instance at 0x7f8ce82ce4b0>,103,28,[ 3 11],104,-1,441,-1,413
1,<environment.Job instance at 0x7f8ce82cee10>,105,26,[2 5],106,-1,441,-1,415
1,<environment.Job instance at 0x7f8ce82cea00>,106,3,[10  2],107,-1,418,-1,415
1,<environment.Job instance at 0x7f8ce82cebe0>,107,26,[ 2 10],108,-1,441,-1,415
1,<environment.Job instance at 0x7f8ce82ce870>,108,24,[ 4 10],109,-1,439,-1,415
1,<environment.Job instance at 0x7f8ce82c2b90>,113,21,[9 1],114,-1,613,-1,592
1,<environment.Job instance at 0x7f8ce82c2fa0>,125,2,[12  2],126,-1,594,-1,592
1,<environment.Job instance at 0x7f8cecefc6e0>,126,12,[9 3],127,-1,604,-1,592
1,<environment.Job instance at 0x7f8cecefc320>,127,16,[5 6],128,-1,618,-1,602
1,<environment.Job instance at 0x7f8cecefc730>,129,13,[1 5],130,-1,615,-1,602
1,<environment.Job instance at 0x7f8cecefceb0>,130,17,[7 3],131,-1,620,-1,603
1,<environment.Job instance at 0x7f8cecefcf50>,131,17,[14  3],132,-1,620,-1,603
1,<environment.Job instance at 0x7f8cecefcb40>,132,26,[3 6],133,-1,629,-1,603
1,<environment.Job instance at 0x7f8cecefc870>,133,18,[ 1 11],134,-1,621,-1,603
1,<environment.Job instance at 0x7f8cecefc5f0>,134,25,[ 1 10],135,-1,628,-1,603
1,<environment.Job instance at 0x7f8cecefc050>,135,2,[6 5],136,-1,605,-1,603
1,<environment.Job instance at 0x7f8cecefc140>,136,26,[9 5],137,-1,629,-1,603
1,<environment.Job instance at 0x7f8cecefc0a0>,137,13,[12  5],138,-1,616,-1,603
1,<environment.Job instance at 0x7f8cecef03c0>,138,2,[1 6],139,-1,605,-1,603
1,<environment.Job instance at 0x7f8ce85e4a50>,139,24,[13  2],140,-1,627,-1,603
1,<environment.Job instance at 0x7f8cecef0280>,140,16,[7 3],141,-1,619,-1,603
1,<environment.Job instance at 0x7f8cecef05a0>,141,17,[7 2],142,-1,620,-1,603
1,<environment.Job instance at 0x7f8cecef0460>,142,13,[3 7],143,-1,616,-1,603
1,<environment.Job instance at 0x7f8ce8c55a50>,143,19,[ 4 12],144,-1,622,-1,603
1,<environment.Job instance at 0x7f8cecefc820>,128,15,[ 2 14],129,-1,618,-1,603
1,<environment.Job instance at 0x7f8ce8564320>,147,16,[ 2 14],148,-1,631,-1,615
1,<environment.Job instance at 0x7f8ce81275a0>,148,14,[ 3 10],149,-1,629,-1,615
1,<environment.Job instance at 0x7f8ce85e9960>,149,12,[2 7],150,-1,627,-1,615
1,<environment.Job instance at 0x7f8ce8b71320>,151,14,[ 4 10],152,-1,639,-1,625
1,<environment.Job instance at 0x7f8ce82b6aa0>,152,12,[11  2],153,-1,637,-1,625
1,<environment.Job instance at 0x7f8ce82b6320>,153,12,[11  2],154,-1,637,-1,625
1,<environment.Job instance at 0x7f8ce82b6640>,154,16,[12  2],155,-1,641,-1,625
1,<environment.Job instance at 0x7f8ce82b69b0>,155,22,[1 9],156,-1,647,-1,625
1,<environment.Job instance at 0x7f8ce82b6690>,156,18,[10  1],157,-1,664,-1,646
1,<environment.Job instance at 0x7f8ce7cd2cd0>,160,21,[7 1],161,-1,667,-1,646
1,<environment.Job instance at 0x7f8ce8178690>,164,16,[ 4 10],165,-1,678,-1,662
1,<environment.Job instance at 0x7f8ce7a3f730>,165,18,[ 3 10],166,-1,690,-1,672
1,<environment.Job instance at 0x7f8ce88a1c80>,166,25,[14  5],167,-1,697,-1,672
1,<environment.Job instance at 0x7f8ce7737aa0>,167,2,[14  4],168,-1,674,-1,672
1,<environment.Job instance at 0x7f8ce7ee6d70>,168,27,[ 4 13],169,-1,699,-1,672
1,<environment.Job instance at 0x7f8ce7b84a00>,4,13,[ 2 14],5,-1,18,-1,5
1,<environment.Job instance at 0x7f8ce7b84870>,6,23,[ 4 11],7,-1,30,-1,7
1,<environment.Job instance at 0x7f8ce8248550>,12,17,[11  4],13,-1,54,-1,37
1,<environment.Job instance at 0x7f8ce8248190>,15,21,[4 8],16,-1,75,-1,54
1,<environment.Job instance at 0x7f8ce78f3230>,19,3,[6 4],20,-1,57,-1,54
1,<environment.Job instance at 0x7f8ce78f34b0>,20,24,[7 5],21,-1,78,-1,54
1,<environment.Job instance at 0x7f8ce78f3280>,22,25,[ 1 14],23,-1,79,-1,54
1,<environment.Job instance at 0x7f8ce78f30f0>,25,15,[12  2],26,-1,82,-1,67
1,<environment.Job instance at 0x7f8ce78f36e0>,31,25,[9 5],32,-1,128,-1,103
1,<environment.Job instance at 0x7f8ce78f3f00>,33,25,[1 7],34,-1,146,-1,121
1,<environment.Job instance at 0x7f8ce758fc30>,36,1,[11  2],37,-1,138,-1,137
1,<environment.Job instance at 0x7f8ce758f910>,37,2,[ 5 11],38,-1,139,-1,137
1,<environment.Job instance at 0x7f8ce758f730>,38,14,[13  2],39,-1,151,-1,137
1,<environment.Job instance at 0x7f8ce7e6e140>,41,25,[ 3 11],42,-1,174,-1,149
1,<environment.Job instance at 0x7f8ce7e6e050>,42,26,[8 4],43,-1,175,-1,149
1,<environment.Job instance at 0x7f8ce7e6e2d0>,43,17,[ 3 10],44,-1,166,-1,149
1,<environment.Job instance at 0x7f8ce7e6e820>,44,13,[8 1],45,-1,162,-1,149
1,<environment.Job instance at 0x7f8ce7e6ea00>,45,14,[12  3],46,-1,163,-1,149
1,<environment.Job instance at 0x7f8ce7e6e1e0>,46,1,[ 4 10],47,-1,150,-1,149
1,<environment.Job instance at 0x7f8ce7e6ef00>,49,14,[12  5],50,-1,180,-1,166
1,<environment.Job instance at 0x7f8ce7e6ec80>,50,23,[ 4 10],51,-1,189,-1,166
1,<environment.Job instance at 0x7f8ce7e6e500>,52,19,[ 4 14],53,-1,187,-1,168
1,<environment.Job instance at 0x7f8ce7e6e7d0>,53,20,[14  5],54,-1,188,-1,168
1,<environment.Job instance at 0x7f8ce7e6e6e0>,54,15,[1 9],55,-1,183,-1,168
1,<environment.Job instance at 0x7f8ce7b749b0>,56,28,[5 8],57,-1,211,-1,183
1,<environment.Job instance at 0x7f8ce7b74190>,57,13,[11  2],58,-1,196,-1,183
1,<environment.Job instance at 0x7f8ce7b74b90>,58,14,[14  2],59,-1,197,-1,183
1,<environment.Job instance at 0x7f8ce7b748c0>,59,14,[ 2 10],60,-1,198,-1,184
1,<environment.Job instance at 0x7f8ce7b74960>,60,27,[ 5 13],61,-1,211,-1,184
1,<environment.Job instance at 0x7f8ce7b74d70>,62,27,[1 5],63,-1,223,-1,196
1,<environment.Job instance at 0x7f8ce8e12e60>,63,1,[9 2],64,-1,197,-1,196
1,<environment.Job instance at 0x7f8ce8e125a0>,64,18,[13  5],65,-1,214,-1,196
1,<environment.Job instance at 0x7f8ce8e12eb0>,65,12,[ 3 13],66,-1,208,-1,196
1,<environment.Job instance at 0x7f8ce8e12190>,66,13,[ 1 13],67,-1,209,-1,196
1,<environment.Job instance at 0x7f8ce8e127d0>,67,28,[ 1 11],68,-1,224,-1,196
1,<environment.Job instance at 0x7f8ce8e12690>,69,26,[13  4],70,-1,222,-1,196
1,<environment.Job instance at 0x7f8ce8e12b40>,71,14,[13  1],72,-1,220,-1,206
1,<environment.Job instance at 0x7f8ce8e12af0>,72,12,[14  5],73,-1,218,-1,206
1,<environment.Job instance at 0x7f8ce8e12370>,73,20,[ 2 14],74,-1,226,-1,206
1,<environment.Job instance at 0x7f8ce7b7ed20>,75,14,[14  2],76,-1,230,-1,216
1,<environment.Job instance at 0x7f8ce7b7ef00>,76,27,[8 2],77,-1,243,-1,216
1,<environment.Job instance at 0x7f8ce7810410>,80,3,[3 9],81,-1,235,-1,232
1,<environment.Job instance at 0x7f8ce86bbf00>,82,2,[10  5],83,-1,246,-1,244
1,<environment.Job instance at 0x7f8ce86de280>,84,13,[2 5],85,-1,258,-1,245
1,<environment.Job instance at 0x7f8ce86dec30>,86,14,[13  1],87,-1,276,-1,262
1,<environment.Job instance at 0x7f8ce86dea00>,87,16,[ 1 11],88,-1,278,-1,262
1,<environment.Job instance at 0x7f8ce86dec80>,88,19,[14  4],89,-1,281,-1,262
1,<environment.Job instance at 0x7f8ce7e78960>,90,12,[9 3],91,-1,281,-1,269
1,<environment.Job instance at 0x7f8ce7e78b40>,91,24,[ 5 10],92,-1,293,-1,269
1,<environment.Job instance at 0x7f8ce7e78500>,93,18,[12  5],94,-1,296,-1,278
1,<environment.Job instance at 0x7f8ce7e78d20>,94,26,[5 8],95,-1,304,-1,278
1,<environment.Job instance at 0x7f8ce7e78730>,97,12,[13  2],98,-1,302,-1,290
1,<environment.Job instance at 0x7f8ce78c6410>,99,14,[13  2],100,-1,313,-1,299
1,<environment.Job instance at 0x7f8ce78c6cd0>,101,17,[12  5],102,-1,327,-1,310
1,<environment.Job instance at 0x7f8ce8519d20>,102,1,[7 4],103,-1,311,-1,310
1,<environment.Job instance at 0x7f8ce8519eb0>,104,18,[ 3 12],105,-1,331,-1,313
1,<environment.Job instance at 0x7f8ce7b7ad70>,105,1,[5 1],106,-1,314,-1,313
1,<environment.Job instance at 0x7f8ce7b7ac30>,108,14,[ 3 13],109,-1,344,-1,330
1,<environment.Job instance at 0x7f8ce7b7a870>,109,25,[2 7],110,-1,355,-1,330
1,<environment.Job instance at 0x7f8ce7b7ae10>,111,13,[ 4 14],112,-1,359,-1,346
1,<environment.Job instance at 0x7f8ce7e68f00>,113,20,[14  2],114,-1,366,-1,346
1,<environment.Job instance at 0x7f8ce7e68fa0>,114,14,[12  3],115,-1,360,-1,346
1,<environment.Job instance at 0x7f8ce7e68230>,115,23,[ 1 10],116,-1,369,-1,346
1,<environment.Job instance at 0x7f8ce7e68c30>,117,3,[ 1 14],118,-1,351,-1,348
1,<environment.Job instance at 0x7f8ce7e68dc0>,118,17,[13  2],119,-1,365,-1,348
1,<environment.Job instance at 0x7f8ce7e68f50>,119,17,[11  4],120,-1,365,-1,348
1,<environment.Job instance at 0x7f8ce7e68320>,120,14,[ 1 11],121,-1,362,-1,348
1,<environment.Job instance at 0x7f8ce787e5f0>,121,25,[6 5],122,-1,373,-1,348
1,<environment.Job instance at 0x7f8ce787e870>,122,22,[8 1],123,-1,370,-1,348
1,<environment.Job instance at 0x7f8ce787eeb0>,123,22,[7 1],124,-1,370,-1,348
1,<environment.Job instance at 0x7f8ce81efd70>,124,28,[9 4],125,-1,376,-1,348
1,<environment.Job instance at 0x7f8cecee6910>,126,1,[7 2],127,-1,359,-1,358
1,<environment.Job instance at 0x7f8cf1500320>,127,28,[4 9],128,-1,386,-1,358
1,<environment.Job instance at 0x7f8cf1500b90>,129,27,[11  3],130,-1,392,-1,365
1,<environment.Job instance at 0x7f8cf1500c80>,130,15,[5 1],131,-1,380,-1,365
1,<environment.Job instance at 0x7f8ce8482640>,131,24,[6 2],132,-1,389,-1,365
1,<environment.Job instance at 0x7f8cf1500d20>,132,13,[14  4],133,-1,378,-1,365
1,<environment.Job instance at 0x7f8cf1500c30>,133,28,[ 2 14],134,-1,393,-1,365
1,<environment.Job instance at 0x7f8ceceda230>,134,28,[ 4 11],135,-1,393,-1,365
1,<environment.Job instance at 0x7f8ce8913fa0>,135,28,[1 8],136,-1,393,-1,365
1,<environment.Job instance at 0x7f8ce8913730>,138,18,[10  1],139,-1,403,-1,385
1,<environment.Job instance at 0x7f8ce8d834b0>,140,17,[14  3],141,-1,415,-1,398
1,<environment.Job instance at 0x7f8ce8ddadc0>,141,3,[13  1],142,-1,401,-1,398
1,<environment.Job instance at 0x7f8ce8a81a50>,142,2,[5 7],143,-1,400,-1,398
1,<environment.Job instance at 0x7f8ce8300cd0>,143,14,[ 2 13],144,-1,412,-1,398
1,<environment.Job instance at 0x7f8ce81701e0>,144,2,[ 4 12],145,-1,400,-1,398
1,<environment.Job instance at 0x7f8ce8bfd410>,145,13,[ 4 14],146,-1,411,-1,398
1,<environment.Job instance at 0x7f8ce7819460>,146,23,[11  4],147,-1,421,-1,398
1,<environment.Job instance at 0x7f8ce8617550>,148,2,[12  2],149,-1,400,-1,398
1,<environment.Job instance at 0x7f8ce8158500>,149,19,[ 4 12],150,-1,417,-1,398
1,<environment.Job instance at 0x7f8ce83f7dc0>,151,24,[ 3 10],152,-1,430,-1,406
1,<environment.Job instance at 0x7f8ce80abe10>,152,13,[13  3],153,-1,419,-1,406
1,<environment.Job instance at 0x7f8ce77e7190>,153,18,[14  3],154,-1,424,-1,406
1,<environment.Job instance at 0x7f8ce7732cd0>,156,24,[14  5],157,-1,447,-1,423
1,<environment.Job instance at 0x7f8ce7732b90>,157,12,[13  5],158,-1,435,-1,423
1,<environment.Job instance at 0x7f8ce7fd4f00>,158,12,[ 3 10],159,-1,442,-1,430
1,<environment.Job instance at 0x7f8ce7fd4280>,160,18,[10  1],161,-1,475,-1,457
1,<environment.Job instance at 0x7f8ce8a7a8c0>,163,1,[3 6],164,-1,458,-1,457
1,<environment.Job instance at 0x7f8ce8454dc0>,164,16,[ 3 11],165,-1,473,-1,457
1,<environment.Job instance at 0x7f8ce84540a0>,165,26,[14  4],166,-1,483,-1,457
1,<environment.Job instance at 0x7f8ce8454b40>,166,24,[ 3 10],167,-1,481,-1,457
1,<environment.Job instance at 0x7f8ce80e5140>,168,26,[5 1],169,-1,495,-1,469
1,<environment.Job instance at 0x7f8ce8a7a7d0>,162,18,[ 3 13],163,-1,660,-1,642
1,<environment.Job instance at 0x7ff7c995eb40>,3,18,[ 4 14],4,-1,22,-1,4
1,<environment.Job instance at 0x7ff7d2f4a1e0>,5,24,[1 5],6,-1,33,-1,9
1,<environment.Job instance at 0x7ff7c995ee10>,9,18,[ 2 13],10,-1,28,-1,10
1,<environment.Job instance at 0x7ff7c995efa0>,10,18,[ 3 11],11,-1,29,-1,11
1,<environment.Job instance at 0x7ff7c99610a0>,11,15,[13  4],12,-1,27,-1,12
1,<environment.Job instance at 0x7ff7c9961140>,12,26,[ 1 12],13,-1,39,-1,13
1,<environment.Job instance at 0x7ff7c9961550>,17,28,[ 5 10],18,-1,59,-1,31
1,<environment.Job instance at 0x7ff7c9961690>,18,18,[ 4 13],19,-1,49,-1,31
1,<environment.Job instance at 0x7ff7c9961730>,19,14,[ 3 11],20,-1,45,-1,31
1,<environment.Job instance at 0x7ff7c9961780>,20,12,[13  5],21,-1,43,-1,31
1,<environment.Job instance at 0x7ff7c9961820>,21,1,[6 5],22,-1,32,-1,31
1,<environment.Job instance at 0x7ff7c99618c0>,22,1,[2 7],23,-1,32,-1,31
1,<environment.Job instance at 0x7ff7c9961960>,23,27,[ 1 14],24,-1,58,-1,31
1,<environment.Job instance at 0x7ff7c9961aa0>,25,27,[8 1],26,-1,72,-1,45
1,<environment.Job instance at 0x7ff7c9961b40>,26,26,[5 5],27,-1,71,-1,45
1,<environment.Job instance at 0x7ff7c9961370>,28,25,[5 7],29,-1,88,-1,63
1,<environment.Job instance at 0x7ff7c9961cd0>,29,25,[ 4 11],30,-1,88,-1,63
1,<environment.Job instance at 0x7ff7c9961c30>,30,22,[ 5 13],31,-1,85,-1,63
1,<environment.Job instance at 0x7ff7c9961fa0>,31,27,[4 8],32,-1,90,-1,63
1,<environment.Job instance at 0x7ff7c9961f50>,33,12,[11  3],34,-1,75,-1,63
1,<environment.Job instance at 0x7ff7c9964320>,37,13,[ 3 14],38,-1,109,-1,96
1,<environment.Job instance at 0x7ff7c99643c0>,38,28,[ 2 12],39,-1,124,-1,96
1,<environment.Job instance at 0x7ff7c9964460>,39,20,[ 1 10],40,-1,116,-1,96
1,<environment.Job instance at 0x7ff7c9964500>,40,24,[5 6],41,-1,120,-1,96
1,<environment.Job instance at 0x7ff7c9964640>,42,27,[5 2],43,-1,124,-1,97
1,<environment.Job instance at 0x7ff7c99648c0>,45,24,[ 1 13],46,-1,140,-1,116
1,<environment.Job instance at 0x7ff7c99649b0>,47,17,[12  2],48,-1,145,-1,128
1,<environment.Job instance at 0x7ff7c9964af0>,49,15,[10  1],50,-1,151,-1,136
1,<environment.Job instance at 0x7ff7c9964b90>,50,16,[ 2 11],51,-1,152,-1,136
1,<environment.Job instance at 0x7ff7c9964c30>,51,16,[12  2],52,-1,152,-1,136
1,<environment.Job instance at 0x7ff7c9964d70>,53,27,[8 5],54,-1,175,-1,148
1,<environment.Job instance at 0x7ff7c9964eb0>,55,13,[13  1],56,-1,166,-1,153
1,<environment.Job instance at 0x7ff7c9964f50>,56,20,[ 3 10],57,-1,174,-1,154
1,<environment.Job instance at 0x7ff7c9967460>,65,2,[10  4],66,-1,224,-1,222
1,<environment.Job instance at 0x7ff7c99675f0>,66,13,[ 2 14],67,-1,235,-1,222
1,<environment.Job instance at 0x7ff7c9967730>,68,27,[ 1 10],69,-1,251,-1,224
1,<environment.Job instance at 0x7ff7c99677d0>,69,2,[ 3 10],70,-1,226,-1,224
1,<environment.Job instance at 0x7ff7c9967870>,70,13,[ 3 12],71,-1,237,-1,224
1,<environment.Job instance at 0x7ff7c99679b0>,72,28,[5 1],73,-1,271,-1,243
1,<environment.Job instance at 0x7ff7c9967a50>,73,2,[5 9],74,-1,245,-1,243
1,<environment.Job instance at 0x7ff7c9967c30>,76,14,[ 4 11],77,-1,270,-1,256
1,<environment.Job instance at 0x7ff7c9967f50>,79,12,[10  2],80,-1,281,-1,269
1,<environment.Job instance at 0x7ff7c996a2d0>,84,20,[13  1],85,-1,325,-1,305
1,<environment.Job instance at 0x7ff7c996a370>,85,18,[ 3 14],86,-1,323,-1,305
1,<environment.Job instance at 0x7ff7c996a4b0>,87,3,[5 5],88,-1,326,-1,323
1,<environment.Job instance at 0x7ff7c996a550>,88,2,[ 3 10],89,-1,325,-1,323
1,<environment.Job instance at 0x7ff7c996a5f0>,89,21,[ 1 11],90,-1,344,-1,323
1,<environment.Job instance at 0x7ff7c996a730>,91,14,[ 2 13],92,-1,337,-1,323
1,<environment.Job instance at 0x7ff7c996a870>,93,22,[10  2],94,-1,346,-1,324
1,<environment.Job instance at 0x7ff7c996ab90>,96,25,[8 5],97,-1,361,-1,336
1,<environment.Job instance at 0x7ff7c996ac30>,98,22,[ 3 11],99,-1,363,-1,341
1,<environment.Job instance at 0x7ff7c996aaa0>,99,12,[ 5 14],100,-1,353,-1,341
1,<environment.Job instance at 0x7ff7c996af00>,101,12,[8 1],102,-1,367,-1,355
1,<environment.Job instance at 0x7ff7c996af50>,102,27,[5 6],103,-1,382,-1,355
1,<environment.Job instance at 0x7ff7c996aeb0>,103,24,[12  3],104,-1,379,-1,355
1,<environment.Job instance at 0x7ff7c996c050>,104,22,[12  5],105,-1,377,-1,355
1,<environment.Job instance at 0x7ff7c996c0f0>,105,18,[12  4],106,-1,373,-1,355
1,<environment.Job instance at 0x7ff7c996c230>,106,17,[ 5 13],107,-1,372,-1,355
1,<environment.Job instance at 0x7ff7c996c2d0>,107,23,[14  4],108,-1,378,-1,355
1,<environment.Job instance at 0x7ff7c996c410>,109,21,[ 1 10],110,-1,376,-1,355
1,<environment.Job instance at 0x7ff7c996c5f0>,112,26,[ 5 12],113,-1,416,-1,390
1,<environment.Job instance at 0x7ff7c996c690>,113,2,[6 2],114,-1,392,-1,390
1,<environment.Job instance at 0x7ff7c996c730>,114,15,[12  1],115,-1,405,-1,390
1,<environment.Job instance at 0x7ff7c996c7d0>,115,14,[ 2 11],116,-1,404,-1,390
1,<environment.Job instance at 0x7ff7c996caa0>,117,14,[ 1 12],118,-1,404,-1,390
1,<environment.Job instance at 0x7ff7c996cc30>,119,14,[ 3 14],120,-1,418,-1,404
1,<environment.Job instance at 0x7ff7c996ce10>,122,27,[2 6],123,-1,445,-1,418
1,<environment.Job instance at 0x7ff7c996ceb0>,123,24,[ 2 14],124,-1,442,-1,418
1,<environment.Job instance at 0x7ff7d2f89320>,124,22,[8 1],125,-1,440,-1,418
1,<environment.Job instance at 0x7ff7c99573c0>,126,12,[13  4],127,-1,445,-1,433
1,<environment.Job instance at 0x7ff7c9954280>,127,1,[ 4 11],128,-1,434,-1,433
1,<environment.Job instance at 0x7ff7c99549b0>,128,23,[ 2 14],129,-1,456,-1,433
1,<environment.Job instance at 0x7ff7c9954a00>,129,2,[1 8],130,-1,435,-1,433
1,<environment.Job instance at 0x7ff7c9a79d20>,134,28,[5 6],135,-1,490,-1,462
1,<environment.Job instance at 0x7ff7c9a83050>,135,14,[ 2 10],136,-1,476,-1,462
1,<environment.Job instance at 0x7ff7c9954a50>,136,19,[11  3],137,-1,481,-1,462
1,<environment.Job instance at 0x7ff7c9ae7cd0>,137,20,[14  5],138,-1,482,-1,462
1,<environment.Job instance at 0x7ff7c9a832d0>,139,3,[ 1 12],140,-1,470,-1,467
1,<environment.Job instance at 0x7ff7c9b06140>,140,16,[ 2 14],141,-1,483,-1,467
1,<environment.Job instance at 0x7ff7c9b073c0>,142,22,[4 8],143,-1,497,-1,475
1,<environment.Job instance at 0x7ff7c9a6c780>,143,25,[6 1],144,-1,500,-1,475
1,<environment.Job instance at 0x7ff7c9a11a50>,144,20,[ 1 14],145,-1,495,-1,475
1,<environment.Job instance at 0x7ff7c9a2aa00>,145,13,[ 4 10],146,-1,488,-1,475
1,<environment.Job instance at 0x7ff7c9a11d70>,146,17,[14  2],147,-1,492,-1,475
1,<environment.Job instance at 0x7ff7c9b8e690>,148,16,[11  2],149,-1,495,-1,479
1,<environment.Job instance at 0x7ff7c9b8e820>,149,23,[ 1 14],150,-1,502,-1,479
1,<environment.Job instance at 0x7ff7c9a06b40>,152,14,[13  4],153,-1,507,-1,493
1,<environment.Job instance at 0x7ff7c9a692d0>,154,22,[12  4],155,-1,525,-1,503
1,<environment.Job instance at 0x7ff7c9a69690>,155,23,[1 7],156,-1,527,-1,504
1,<environment.Job instance at 0x7ff7c9981320>,157,16,[ 2 14],158,-1,526,-1,510
1,<environment.Job instance at 0x7ff7c9981d20>,160,25,[9 3],161,-1,545,-1,520
1,<environment.Job instance at 0x7ff7c9985550>,164,14,[13  3],165,-1,556,-1,542
1,<environment.Job instance at 0x7ff7c9985190>,165,3,[10  1],166,-1,545,-1,542
1,<environment.Job instance at 0x7ff7c9985a50>,166,3,[ 2 12],167,-1,545,-1,542
1,<environment.Job instance at 0x7ff7c9985690>,168,15,[11  2],169,-1,577,-1,562
1,<environment.Job instance at 0x7ff7c9985af0>,169,14,[11  3],170,-1,576,-1,562
1,<environment.Job instance at 0x7ff7c9985410>,170,2,[9 5],171,-1,564,-1,562
1,<environment.Job instance at 0x7ff7c9a815a0>,176,24,[11  5],177,-1,624,-1,600
1,<environment.Job instance at 0x7ff7c9a810a0>,177,21,[ 3 10],178,-1,621,-1,600
1,<environment.Job instance at 0x7ff7c9a6a690>,178,25,[14  4],179,-1,625,-1,600
1,<environment.Job instance at 0x7ff7c995eaa0>,7,25,[6 2],8,-1,1175,-1,1150
1,<environment.Job instance at 0x7ff7c995eeb0>,8,22,[14  3],9,-1,1174,-1,1152
1,<environment.Job instance at 0x7ff7c94eedc0>,4,21,[ 4 12],5,-1,26,-1,5
1,<environment.Job instance at 0x7ff7c933a3c0>,7,27,[2 9],8,-1,36,-1,9
1,<environment.Job instance at 0x7ff7c93b9190>,12,28,[2 8],13,-1,41,-1,13
1,<environment.Job instance at 0x7ff7c93c71e0>,14,3,[10  2],15,-1,27,-1,24
1,<environment.Job instance at 0x7ff7c93c7370>,15,3,[5 5],16,-1,27,-1,24
1,<environment.Job instance at 0x7ff7c93c7050>,16,3,[ 5 10],17,-1,27,-1,24
1,<environment.Job instance at 0x7ff7c93c7820>,19,21,[6 1],20,-1,64,-1,43
1,<environment.Job instance at 0x7ff7c93c79b0>,22,24,[7 5],23,-1,83,-1,59
1,<environment.Job instance at 0x7ff7c93c7f50>,24,28,[2 7],25,-1,88,-1,60
1,<environment.Job instance at 0x7ff7c93c7fa0>,25,28,[9 2],26,-1,88,-1,60
1,<environment.Job instance at 0x7ff7c93cc140>,26,22,[6 1],27,-1,82,-1,60
1,<environment.Job instance at 0x7ff7c93cc5a0>,29,22,[2 7],30,-1,99,-1,77
1,<environment.Job instance at 0x7ff7c93cc5f0>,30,20,[ 3 13],31,-1,97,-1,77
1,<environment.Job instance at 0x7ff7c93cc780>,31,12,[ 2 14],32,-1,89,-1,77
1,<environment.Job instance at 0x7ff7c93cccd0>,32,13,[12  2],33,-1,90,-1,77
1,<environment.Job instance at 0x7ff7c93ccdc0>,33,2,[5 9],34,-1,79,-1,77
1,<environment.Job instance at 0x7ff7c93ccfa0>,35,16,[11  1],36,-1,103,-1,87
1,<environment.Job instance at 0x7ff7c93cc7d0>,38,17,[11  3],39,-1,123,-1,106
1,<environment.Job instance at 0x7ff7c93cce10>,39,14,[ 1 10],40,-1,120,-1,106
1,<environment.Job instance at 0x7ff7c93d1320>,40,25,[6 2],41,-1,131,-1,106
1,<environment.Job instance at 0x7ff7c93d10f0>,41,18,[12  4],42,-1,124,-1,106
1,<environment.Job instance at 0x7ff7c93d10a0>,42,14,[6 1],43,-1,131,-1,117
1,<environment.Job instance at 0x7ff7c93d1460>,43,26,[11  5],44,-1,143,-1,117
1,<environment.Job instance at 0x7ff7c93d17d0>,45,14,[10  1],46,-1,131,-1,117
1,<environment.Job instance at 0x7ff7c93d1550>,47,15,[13  5],48,-1,137,-1,122
1,<environment.Job instance at 0x7ff7c94773c0>,50,27,[14  3],51,-1,162,-1,135
1,<environment.Job instance at 0x7ff7c95223c0>,52,26,[ 4 10],53,-1,168,-1,142
1,<environment.Job instance at 0x7ff7c94bcd70>,53,26,[8 3],54,-1,168,-1,142
1,<environment.Job instance at 0x7ff7c9543b40>,54,16,[12  1],55,-1,158,-1,142
1,<environment.Job instance at 0x7ff7c93d13c0>,55,19,[ 2 13],56,-1,161,-1,142
1,<environment.Job instance at 0x7ff7c956b730>,56,22,[11  1],57,-1,164,-1,142
1,<environment.Job instance at 0x7ff7c956b3c0>,57,22,[ 1 13],58,-1,164,-1,142
1,<environment.Job instance at 0x7ff7c95694b0>,58,2,[2 8],59,-1,144,-1,142
1,<environment.Job instance at 0x7ff7c941b870>,60,23,[7 3],61,-1,174,-1,151
1,<environment.Job instance at 0x7ff7c941b190>,61,3,[10  5],62,-1,154,-1,151
1,<environment.Job instance at 0x7ff7c941b910>,63,24,[14  3],64,-1,186,-1,162
1,<environment.Job instance at 0x7ff7c93df230>,65,21,[12  3],66,-1,197,-1,176
1,<environment.Job instance at 0x7ff7c953e320>,67,28,[4 5],68,-1,206,-1,178
1,<environment.Job instance at 0x7ff7c92f2f50>,69,22,[14  1],70,-1,216,-1,194
1,<environment.Job instance at 0x7ff7c92f56e0>,70,3,[11  3],71,-1,197,-1,194
1,<environment.Job instance at 0x7ff7c92ff1e0>,71,27,[ 4 13],72,-1,221,-1,194
1,<environment.Job instance at 0x7ff7c92ff690>,72,26,[8 4],73,-1,220,-1,194
1,<environment.Job instance at 0x7ff7c91deb40>,75,16,[14  1],76,-1,220,-1,204
1,<environment.Job instance at 0x7ff7c91de4b0>,76,3,[9 1],77,-1,207,-1,204
1,<environment.Job instance at 0x7ff7c8fe96e0>,79,1,[5 4],80,-1,213,-1,212
1,<environment.Job instance at 0x7ff7c8fe9190>,80,25,[ 3 10],81,-1,237,-1,212
1,<environment.Job instance at 0x7ff7e2fde190>,81,1,[ 2 10],82,-1,213,-1,212
1,<environment.Job instance at 0x7ff7d30c4b40>,82,27,[3 9],83,-1,239,-1,212
1,<environment.Job instance at 0x7ff7c983a730>,84,12,[13  2],85,-1,229,-1,217
1,<environment.Job instance at 0x7ff7c9035320>,85,24,[1 5],86,-1,241,-1,217
1,<environment.Job instance at 0x7ff7c908b140>,86,23,[3 6],87,-1,240,-1,217
1,<environment.Job instance at 0x7ff7c903fe60>,89,26,[9 4],90,-1,264,-1,238
1,<environment.Job instance at 0x7ff7c903f870>,91,17,[12  5],92,-1,255,-1,238
1,<environment.Job instance at 0x7ff7c903f550>,92,12,[13  5],93,-1,250,-1,238
1,<environment.Job instance at 0x7ff7c8efa960>,94,25,[1 5],95,-1,281,-1,256
1,<environment.Job instance at 0x7ff7c8f45eb0>,96,13,[4 9],97,-1,273,-1,260
1,<environment.Job instance at 0x7ff7c8f453c0>,97,15,[ 2 14],98,-1,275,-1,260
1,<environment.Job instance at 0x7ff7c8fa9b90>,100,14,[14  5],101,-1,301,-1,287
1,<environment.Job instance at 0x7ff7c8fa9c30>,101,13,[ 5 13],102,-1,300,-1,287
1,<environment.Job instance at 0x7ff7c9040960>,104,18,[11  3],105,-1,316,-1,298
1,<environment.Job instance at 0x7ff7c8f12230>,106,25,[5 2],107,-1,343,-1,318
1,<environment.Job instance at 0x7ff7c8f12a50>,107,15,[ 1 13],108,-1,333,-1,318
1,<environment.Job instance at 0x7ff7c8f12730>,108,27,[13  4],109,-1,345,-1,318
1,<environment.Job instance at 0x7ff7c8f124b0>,109,26,[3 5],110,-1,344,-1,318
1,<environment.Job instance at 0x7ff7c8f12640>,112,25,[3 9],113,-1,360,-1,335
1,<environment.Job instance at 0x7ff7c8f129b0>,113,13,[14  3],114,-1,348,-1,335
1,<environment.Job instance at 0x7ff7c8f0d410>,115,1,[7 3],116,-1,336,-1,335
1,<environment.Job instance at 0x7ff7c8f0d4b0>,116,14,[ 1 10],117,-1,349,-1,335
1,<environment.Job instance at 0x7ff7c8f0d690>,117,1,[2 7],118,-1,336,-1,335
1,<environment.Job instance at 0x7ff7c8f0d230>,118,16,[11  4],119,-1,351,-1,335
1,<environment.Job instance at 0x7ff7c8f0d190>,120,25,[4 5],121,-1,375,-1,350
1,<environment.Job instance at 0x7ff7c8f0deb0>,121,25,[6 3],122,-1,375,-1,350
1,<environment.Job instance at 0x7ff7c8f0dd70>,122,2,[11  1],123,-1,352,-1,350
1,<environment.Job instance at 0x7ff7c8f0d9b0>,124,13,[12  4],125,-1,380,-1,367
1,<environment.Job instance at 0x7ff7c8f0eeb0>,125,2,[5 5],126,-1,369,-1,367
1,<environment.Job instance at 0x7ff7c8f0e2d0>,126,13,[ 1 13],127,-1,380,-1,367
1,<environment.Job instance at 0x7ff7c8f0e370>,127,26,[ 1 13],128,-1,393,-1,367
1,<environment.Job instance at 0x7ff7c8f0e7d0>,129,16,[11  1],130,-1,394,-1,378
1,<environment.Job instance at 0x7ff7c8f0e0f0>,130,14,[14  2],131,-1,392,-1,378
1,<environment.Job instance at 0x7ff7c8f0eaf0>,134,25,[2 8],135,-1,427,-1,402
1,<environment.Job instance at 0x7ff7c8f0ef50>,136,2,[ 5 13],137,-1,407,-1,405
1,<environment.Job instance at 0x7ff7c8f101e0>,137,24,[2 7],138,-1,429,-1,405
1,<environment.Job instance at 0x7ff7c8f10140>,138,16,[11  2],139,-1,421,-1,405
1,<environment.Job instance at 0x7ff7c8f10640>,139,22,[ 2 12],140,-1,427,-1,405
1,<environment.Job instance at 0x7ff7c8f10320>,143,18,[12  1],144,-1,452,-1,434
1,<environment.Job instance at 0x7ff7c8f10780>,145,2,[6 1],146,-1,437,-1,435
1,<environment.Job instance at 0x7ff7c8f10730>,146,25,[8 5],147,-1,460,-1,435
1,<environment.Job instance at 0x7ff7c8f0bcd0>,147,17,[ 1 10],148,-1,452,-1,435
1,<environment.Job instance at 0x7ff7c8f0be60>,148,3,[5 9],149,-1,438,-1,435
1,<environment.Job instance at 0x7ff7c8f0b910>,149,18,[ 2 14],150,-1,453,-1,435
1,<environment.Job instance at 0x7ff7c8f0bb40>,150,24,[9 1],151,-1,459,-1,435
1,<environment.Job instance at 0x7ff7c8f89f00>,151,25,[7 1],152,-1,460,-1,435
1,<environment.Job instance at 0x7ff7c8f0b500>,152,24,[12  5],153,-1,459,-1,435
1,<environment.Job instance at 0x7ff7c909d0a0>,153,23,[10  2],154,-1,458,-1,435
1,<environment.Job instance at 0x7ff7c929e0a0>,154,15,[ 1 11],155,-1,450,-1,435
1,<environment.Job instance at 0x7ff7c909ffa0>,155,16,[ 5 12],156,-1,451,-1,435
1,<environment.Job instance at 0x7ff7c909f050>,156,27,[ 4 14],157,-1,462,-1,435
1,<environment.Job instance at 0x7ff7c909f7d0>,157,23,[2 9],158,-1,458,-1,435
1,<environment.Job instance at 0x7ff7d3131c80>,158,13,[4 6],159,-1,448,-1,435
1,<environment.Job instance at 0x7ff7d3131be0>,159,15,[13  1],160,-1,450,-1,435
1,<environment.Job instance at 0x7ff7c8ef3910>,164,1,[13  4],165,-1,473,-1,472
1,<environment.Job instance at 0x7ff7c8ef3820>,165,16,[ 2 12],166,-1,488,-1,472
1,<environment.Job instance at 0x7ff7c8f91be0>,166,12,[ 4 14],167,-1,484,-1,472
1,<environment.Job instance at 0x7ff7c8f0f4b0>,170,23,[2 7],171,-1,520,-1,497
1,<environment.Job instance at 0x7ff7c8f0f730>,171,12,[14  1],172,-1,509,-1,497
1,<environment.Job instance at 0x7ff7c8f0f550>,172,28,[1 7],173,-1,525,-1,497
1,<environment.Job instance at 0x7ff7c933aa50>,10,18,[10  3],11,-1,690,-1,672
1,<environment.Job instance at 0x7ff7c9154c30>,8,20,[14  4],9,-1,29,-1,9
1,<environment.Job instance at 0x7ff7c9154aa0>,10,27,[ 4 10],11,-1,46,-1,19
1,<environment.Job instance at 0x7ff7c9154fa0>,11,25,[12  4],12,-1,44,-1,19
1,<environment.Job instance at 0x7ff7c9300410>,12,2,[5 7],13,-1,21,-1,19
1,<environment.Job instance at 0x7ff7c9300c80>,13,27,[3 8],14,-1,46,-1,19
1,<environment.Job instance at 0x7ff7c9300370>,14,13,[11  5],15,-1,32,-1,19
1,<environment.Job instance at 0x7ff7c9300960>,15,24,[8 4],16,-1,43,-1,19
1,<environment.Job instance at 0x7ff7c9300d20>,17,2,[6 3],18,-1,23,-1,21
1,<environment.Job instance at 0x7ff7c9300230>,18,3,[13  2],19,-1,24,-1,21
1,<environment.Job instance at 0x7ff7c9300af0>,21,17,[12  4],22,-1,52,-1,35
1,<environment.Job instance at 0x7ff7c9300550>,23,1,[7 4],24,-1,37,-1,36
1,<environment.Job instance at 0x7ff7c9300b90>,25,14,[12  3],26,-1,65,-1,51
1,<environment.Job instance at 0x7ff7c93003c0>,26,12,[ 5 14],27,-1,63,-1,51
1,<environment.Job instance at 0x7ff7c9300d70>,28,3,[5 5],29,-1,68,-1,65
1,<environment.Job instance at 0x7ff7c92535a0>,34,22,[ 1 12],35,-1,121,-1,99
1,<environment.Job instance at 0x7ff7c9253410>,36,26,[ 3 12],37,-1,143,-1,117
1,<environment.Job instance at 0x7ff7c9253780>,37,12,[ 2 14],38,-1,129,-1,117
1,<environment.Job instance at 0x7ff7c92535f0>,39,13,[ 1 10],40,-1,130,-1,117
1,<environment.Job instance at 0x7ff7c9253730>,41,17,[ 1 14],42,-1,149,-1,132
1,<environment.Job instance at 0x7ff7c92533c0>,44,2,[ 1 13],45,-1,149,-1,147
1,<environment.Job instance at 0x7ff7c9253cd0>,45,1,[13  1],46,-1,148,-1,147
1,<environment.Job instance at 0x7ff7c9253820>,47,24,[1 8],48,-1,176,-1,152
1,<environment.Job instance at 0x7ff7c9253be0>,50,26,[ 1 11],51,-1,194,-1,168
1,<environment.Job instance at 0x7ff7c9253f00>,51,16,[14  5],52,-1,184,-1,168
1,<environment.Job instance at 0x7ff7c91a85f0>,55,28,[10  3],56,-1,213,-1,185
1,<environment.Job instance at 0x7ff7c91a8eb0>,56,3,[3 5],57,-1,188,-1,185
1,<environment.Job instance at 0x7ff7c91a8be0>,60,25,[14  4],61,-1,236,-1,211
1,<environment.Job instance at 0x7ff7c91a8e10>,71,23,[ 3 13],72,-1,314,-1,291
1,<environment.Job instance at 0x7ff7c91a80f0>,72,3,[8 4],73,-1,294,-1,291
1,<environment.Job instance at 0x7ff7c91a8780>,74,24,[ 3 10],75,-1,330,-1,306
1,<environment.Job instance at 0x7ff7c90932d0>,79,14,[ 1 14],80,-1,338,-1,324
1,<environment.Job instance at 0x7ff7c9093690>,80,25,[5 8],81,-1,349,-1,324
1,<environment.Job instance at 0x7ff7c9093d20>,81,27,[7 4],82,-1,351,-1,324
1,<environment.Job instance at 0x7ff7c90936e0>,82,3,[2 7],83,-1,327,-1,324
1,<environment.Job instance at 0x7ff7c9093910>,84,12,[10  3],85,-1,353,-1,341
1,<environment.Job instance at 0x7ff7c9093f00>,85,1,[ 1 10],86,-1,342,-1,341
1,<environment.Job instance at 0x7ff7c9093820>,86,16,[12  4],87,-1,357,-1,341
1,<environment.Job instance at 0x7ff7c9093c80>,89,3,[9 2],90,-1,357,-1,354
1,<environment.Job instance at 0x7ff7c9093140>,92,23,[11  2],93,-1,393,-1,370
1,<environment.Job instance at 0x7ff7c9080230>,93,12,[11  5],94,-1,382,-1,370
1,<environment.Job instance at 0x7ff7c9080e60>,95,19,[14  4],96,-1,408,-1,389
1,<environment.Job instance at 0x7ff7c9080280>,97,14,[ 5 11],98,-1,403,-1,389
1,<environment.Job instance at 0x7ff7c9080d70>,100,18,[14  2],101,-1,440,-1,422
1,<environment.Job instance at 0x7ff7c90800f0>,101,16,[ 5 11],102,-1,438,-1,422
1,<environment.Job instance at 0x7ff7c9080640>,102,15,[ 1 14],103,-1,437,-1,422
1,<environment.Job instance at 0x7ff7c9080730>,104,25,[3 8],105,-1,447,-1,422
1,<environment.Job instance at 0x7ff7c9090690>,105,28,[2 8],106,-1,450,-1,422
1,<environment.Job instance at 0x7ff7c9090730>,106,3,[ 5 14],107,-1,425,-1,422
1,<environment.Job instance at 0x7ff7c9090d70>,107,27,[9 3],108,-1,449,-1,422
1,<environment.Job instance at 0x7ff7c9090e10>,108,15,[13  3],109,-1,437,-1,422
1,<environment.Job instance at 0x7ff7c9090230>,110,12,[ 3 12],111,-1,453,-1,441
1,<environment.Job instance at 0x7ff7c90905f0>,111,16,[ 3 11],112,-1,457,-1,441
1,<environment.Job instance at 0x7ff7c9090e60>,115,12,[ 2 12],116,-1,470,-1,458
1,<environment.Job instance at 0x7ff7c9090d20>,116,27,[ 1 13],117,-1,485,-1,458
1,<environment.Job instance at 0x7ff7c908b230>,120,2,[13  5],121,-1,476,-1,474
1,<environment.Job instance at 0x7ff7c908b1e0>,123,24,[11  3],124,-1,514,-1,490
1,<environment.Job instance at 0x7ff7c908b780>,124,18,[13  3],125,-1,508,-1,490
1,<environment.Job instance at 0x7ff7c908b960>,127,23,[10  3],128,-1,540,-1,517
1,<environment.Job instance at 0x7ff7c9212910>,132,24,[7 5],133,-1,572,-1,548
1,<environment.Job instance at 0x7ff7c9212b40>,133,20,[14  5],134,-1,568,-1,548
1,<environment.Job instance at 0x7ff7c9212fa0>,135,18,[14  1],136,-1,566,-1,548
1,<environment.Job instance at 0x7ff7c9212d20>,136,27,[5 5],137,-1,575,-1,548
1,<environment.Job instance at 0x7ff7c903e500>,139,13,[14  1],140,-1,577,-1,564
1,<environment.Job instance at 0x7ff7c903ee60>,141,17,[14  5],142,-1,586,-1,569
1,<environment.Job instance at 0x7ff7d3131140>,146,17,[ 4 13],147,-1,617,-1,600
1,<environment.Job instance at 0x7ff7c96d9b90>,148,26,[8 1],149,-1,630,-1,604
1,<environment.Job instance at 0x7ff7c9ad2d20>,150,2,[5 3],151,-1,625,-1,623
1,<environment.Job instance at 0x7ff7c9773960>,152,17,[11  1],153,-1,640,-1,623
1,<environment.Job instance at 0x7ff7c969df00>,153,15,[ 4 11],154,-1,638,-1,623
1,<environment.Job instance at 0x7ff7c974cfa0>,154,28,[6 1],155,-1,651,-1,623
1,<environment.Job instance at 0x7ff7c9208cd0>,158,3,[ 1 13],159,-1,660,-1,657
1,<environment.Job instance at 0x7ff7c8f814b0>,160,20,[ 1 10],161,-1,693,-1,673
1,<environment.Job instance at 0x7ff7c9034b40>,165,22,[1 7],166,-1,722,-1,700
1,<environment.Job instance at 0x7ff7c9034e10>,167,15,[13  1],168,-1,727,-1,712
1,<environment.Job instance at 0x7ff7c9034cd0>,168,14,[12  4],169,-1,726,-1,712
1,<environment.Job instance at 0x7ff7c8fa9730>,171,25,[ 3 14],172,-1,753,-1,728
1,<environment.Job instance at 0x7ff7c8fa95f0>,172,14,[14  3],173,-1,742,-1,728
1,<environment.Job instance at 0x7ff7c9154d70>,3,25,[12  3],4,-1,29,-1,4
1,<environment.Job instance at 0x7ff7c8ed1690>,12,26,[ 4 10],13,-1,52,-1,26
1,<environment.Job instance at 0x7ff7c8ed1730>,13,2,[ 4 11],14,-1,28,-1,26
1,<environment.Job instance at 0x7ff7c8ed17d0>,14,14,[ 5 12],15,-1,40,-1,26
1,<environment.Job instance at 0x7ff7c8ed1870>,15,24,[ 5 11],16,-1,50,-1,26
1,<environment.Job instance at 0x7ff7c8ed1910>,16,25,[7 3],17,-1,51,-1,26
1,<environment.Job instance at 0x7ff7c8ed1af0>,17,18,[11  5],18,-1,44,-1,26
1,<environment.Job instance at 0x7ff7c8ed1a00>,19,27,[1 5],20,-1,53,-1,26
1,<environment.Job instance at 0x7ff7c8ed1d20>,22,17,[ 2 13],23,-1,68,-1,51
1,<environment.Job instance at 0x7ff7c8ed1dc0>,23,27,[12  4],24,-1,78,-1,51
1,<environment.Job instance at 0x7ff7c8ed1a50>,27,12,[ 5 12],28,-1,81,-1,69
1,<environment.Job instance at 0x7ff7c8ed40f0>,28,14,[14  1],29,-1,83,-1,69
1,<environment.Job instance at 0x7ff7c8ed4320>,30,14,[12  4],31,-1,83,-1,69
1,<environment.Job instance at 0x7ff7c8ed43c0>,31,18,[11  5],32,-1,87,-1,69
1,<environment.Job instance at 0x7ff7c8ed4500>,33,12,[14  4],34,-1,92,-1,80
1,<environment.Job instance at 0x7ff7c8ed4640>,35,25,[8 1],36,-1,120,-1,95
1,<environment.Job instance at 0x7ff7c8ed48c0>,37,21,[ 5 14],38,-1,116,-1,95
1,<environment.Job instance at 0x7ff7c8ed49b0>,40,28,[2 8],41,-1,139,-1,111
1,<environment.Job instance at 0x7ff7c8ed4af0>,42,27,[9 3],43,-1,152,-1,125
1,<environment.Job instance at 0x7ff7c8ed4c30>,44,2,[4 7],45,-1,127,-1,125
1,<environment.Job instance at 0x7ff7c8ed4cd0>,45,28,[ 1 13],46,-1,153,-1,125
1,<environment.Job instance at 0x7ff7c8ed4eb0>,48,2,[ 4 11],49,-1,156,-1,154
1,<environment.Job instance at 0x7ff7c8ed4f50>,49,26,[9 4],50,-1,180,-1,154
1,<environment.Job instance at 0x7ff7c8ed47d0>,50,28,[2 7],51,-1,182,-1,154
1,<environment.Job instance at 0x7ff7c8ed6410>,52,22,[ 5 14],53,-1,176,-1,154
1,<environment.Job instance at 0x7ff7c8ed6320>,53,20,[14  1],54,-1,174,-1,154
1,<environment.Job instance at 0x7ff7c8ed6640>,56,14,[ 4 10],57,-1,193,-1,179
1,<environment.Job instance at 0x7ff7c8ed6b40>,64,26,[1 5],65,-1,254,-1,228
1,<environment.Job instance at 0x7ff7c8ed6be0>,65,22,[11  4],66,-1,250,-1,228
1,<environment.Job instance at 0x7ff7c8ed6c80>,66,21,[11  3],67,-1,249,-1,228
1,<environment.Job instance at 0x7ff7c8ed6d20>,67,23,[ 4 10],68,-1,251,-1,228
1,<environment.Job instance at 0x7ff7c8ed6dc0>,68,19,[14  3],69,-1,247,-1,228
1,<environment.Job instance at 0x7ff7c8ed6fa0>,69,1,[3 7],70,-1,229,-1,228
1,<environment.Job instance at 0x7ff7c8ed62d0>,70,15,[11  4],71,-1,243,-1,228
1,<environment.Job instance at 0x7ff7c8ed6f50>,71,17,[11  1],72,-1,245,-1,228
1,<environment.Job instance at 0x7ff7c8ed8190>,72,2,[ 1 14],73,-1,230,-1,228
1,<environment.Job instance at 0x7ff7c8ed8230>,73,12,[13  2],74,-1,240,-1,228
1,<environment.Job instance at 0x7ff7c9339c30>,75,15,[ 2 11],76,-1,243,-1,228
1,<environment.Job instance at 0x7ff7c8ec68c0>,76,23,[7 4],77,-1,251,-1,228
1,<environment.Job instance at 0x7ff7c8ec5af0>,84,28,[10  3],85,-1,308,-1,280
1,<environment.Job instance at 0x7ff7c8ec5870>,85,25,[12  3],86,-1,305,-1,280
1,<environment.Job instance at 0x7ff7c8ec54b0>,90,16,[14  3],91,-1,339,-1,323
1,<environment.Job instance at 0x7ff7ca3ac5f0>,96,21,[12  5],97,-1,371,-1,350
1,<environment.Job instance at 0x7ff7c9dc1140>,98,25,[6 1],99,-1,388,-1,363
1,<environment.Job instance at 0x7ff7c9dab910>,99,24,[11  4],100,-1,387,-1,363
1,<environment.Job instance at 0x7ff7c90217d0>,101,27,[5 1],102,-1,390,-1,363
1,<environment.Job instance at 0x7ff7c92dfd70>,103,17,[14  5],104,-1,386,-1,369
1,<environment.Job instance at 0x7ff7c92df1e0>,106,25,[8 3],107,-1,406,-1,381
1,<environment.Job instance at 0x7ff7c9785d20>,107,13,[13  1],108,-1,394,-1,381
1,<environment.Job instance at 0x7ff7c9635320>,111,19,[12  1],112,-1,434,-1,415
1,<environment.Job instance at 0x7ff7c966ea00>,115,13,[ 2 12],116,-1,449,-1,436
1,<environment.Job instance at 0x7ff7c964c230>,116,25,[ 5 10],117,-1,461,-1,436
1,<environment.Job instance at 0x7ff7c964c2d0>,117,26,[9 3],118,-1,462,-1,436
1,<environment.Job instance at 0x7ff7c964c8c0>,118,26,[ 1 12],119,-1,462,-1,436
1,<environment.Job instance at 0x7ff7c92c0500>,119,28,[3 6],120,-1,464,-1,436
1,<environment.Job instance at 0x7ff7c92c0d70>,120,2,[1 6],121,-1,438,-1,436
1,<environment.Job instance at 0x7ff7c92c0aa0>,121,12,[11  1],122,-1,448,-1,436
1,<environment.Job instance at 0x7ff7c92c04b0>,123,15,[13  2],124,-1,454,-1,439
1,<environment.Job instance at 0x7ff7c92c03c0>,124,17,[12  3],125,-1,456,-1,439
1,<environment.Job instance at 0x7ff7c96449b0>,125,2,[ 4 12],126,-1,441,-1,439
1,<environment.Job instance at 0x7ff7c8eb8f00>,126,1,[10  1],127,-1,440,-1,439
1,<environment.Job instance at 0x7ff7c8eb8960>,127,28,[3 6],128,-1,467,-1,439
1,<environment.Job instance at 0x7ff7c8eb3b40>,129,19,[13  1],130,-1,467,-1,448
1,<environment.Job instance at 0x7ff7c92d7640>,134,28,[6 5],135,-1,499,-1,471
1,<environment.Job instance at 0x7ff7c92d9f50>,142,25,[4 6],143,-1,544,-1,519
1,<environment.Job instance at 0x7ff7c92d9730>,144,24,[7 5],145,-1,543,-1,519
1,<environment.Job instance at 0x7ff7c92d9500>,146,21,[14  1],147,-1,553,-1,532
1,<environment.Job instance at 0x7ff7c92d9f00>,148,16,[12  4],149,-1,552,-1,536
1,<environment.Job instance at 0x7ff7c92d9e60>,149,24,[4 9],150,-1,560,-1,536
1,<environment.Job instance at 0x7ff7c92d9960>,154,12,[ 1 14],155,-1,581,-1,569
1,<environment.Job instance at 0x7ff7c8eb0230>,155,14,[13  4],156,-1,583,-1,569
1,<environment.Job instance at 0x7ff7c8eb0870>,157,13,[13  3],158,-1,600,-1,587
1,<environment.Job instance at 0x7ff7c8eb0f00>,159,27,[ 3 14],160,-1,614,-1,587
1,<environment.Job instance at 0x7ff7c8eb07d0>,161,1,[ 5 13],162,-1,597,-1,596
1,<environment.Job instance at 0x7ff7c92bd870>,162,25,[13  4],163,-1,621,-1,596
1,<environment.Job instance at 0x7ff7c92bd370>,163,14,[14  1],164,-1,610,-1,596
1,<environment.Job instance at 0x7ff7c92bd410>,164,1,[10  5],165,-1,597,-1,596
1,<environment.Job instance at 0x7ff7c92bd230>,165,26,[13  4],166,-1,622,-1,596
1,<environment.Job instance at 0x7ff7c92bd190>,167,21,[ 2 13],168,-1,620,-1,599
1,<environment.Job instance at 0x7ff7c92bdbe0>,168,16,[ 3 14],169,-1,615,-1,599
1,<environment.Job instance at 0x7ff7c92bd550>,169,16,[ 1 11],170,-1,615,-1,599
1,<environment.Job instance at 0x7ff7c92bdb90>,171,24,[ 2 13],172,-1,635,-1,611
1,<environment.Job instance at 0x7ff7c92bd3c0>,172,18,[13  3],173,-1,629,-1,611
1,<environment.Job instance at 0x7ff7c92bd320>,175,16,[ 1 12],176,-1,640,-1,624
1,<environment.Job instance at 0x7ff7c92bd5a0>,176,1,[ 2 10],177,-1,625,-1,624
1,<environment.Job instance at 0x7ff7c9070c80>,1,28,[ 5 12],2,-1,30,-1,2
1,<environment.Job instance at 0x7ff7c8ed1640>,2,28,[2 6],3,-1,31,-1,3
1,<environment.Job instance at 0x7ff7c99e0370>,4,28,[ 1 11],5,-1,33,-1,5
1,<environment.Job instance at 0x7ff7c99e0500>,6,23,[11  3],7,-1,30,-1,7
1,<environment.Job instance at 0x7ff7c99e0e60>,7,14,[13  5],8,-1,22,-1,8
1,<environment.Job instance at 0x7ff7c99e0820>,11,13,[12  5],12,-1,25,-1,12
1,<environment.Job instance at 0x7ff7c8ed1410>,13,16,[11  4],14,-1,31,-1,15
1,<environment.Job instance at 0x7ff7c99e0640>,15,27,[6 1],16,-1,43,-1,16
1,<environment.Job instance at 0x7ff7c99e0320>,16,22,[5 5],17,-1,54,-1,32
1,<environment.Job instance at 0x7ff7c9a6ba00>,20,23,[10  3],21,-1,55,-1,32
1,<environment.Job instance at 0x7ff7c9a6b5f0>,21,16,[14  1],22,-1,48,-1,32
1,<environment.Job instance at 0x7ff7c9a6b190>,22,1,[13  2],23,-1,33,-1,32
1,<environment.Job instance at 0x7ff7c9a6baf0>,23,3,[4 5],24,-1,35,-1,32
1,<environment.Job instance at 0x7ff7c9a6be10>,24,21,[8 1],25,-1,54,-1,33
1,<environment.Job instance at 0x7ff7c9a6b730>,30,22,[ 1 12],31,-1,82,-1,60
1,<environment.Job instance at 0x7ff7c9a6b550>,32,18,[ 4 11],33,-1,91,-1,73
1,<environment.Job instance at 0x7ff7c9a6baa0>,33,25,[5 6],34,-1,98,-1,73
1,<environment.Job instance at 0x7ff7c9a6bf50>,34,26,[ 3 12],35,-1,99,-1,73
1,<environment.Job instance at 0x7ff7c9a6b0f0>,35,13,[ 4 13],36,-1,86,-1,73
1,<environment.Job instance at 0x7ff7c9d3f870>,36,2,[10  5],37,-1,75,-1,73
1,<environment.Job instance at 0x7ff7c9d3fa50>,37,27,[5 7],38,-1,100,-1,73
1,<environment.Job instance at 0x7ff7c9d3f1e0>,38,20,[ 4 14],39,-1,93,-1,73
1,<environment.Job instance at 0x7ff7c9d3f190>,41,23,[11  4],42,-1,113,-1,90
1,<environment.Job instance at 0x7ff7c9d3fcd0>,43,23,[2 7],44,-1,114,-1,91
1,<environment.Job instance at 0x7ff7c9d3fb40>,44,15,[12  4],45,-1,106,-1,91
1,<environment.Job instance at 0x7ff7c9d3f910>,45,2,[ 1 12],46,-1,93,-1,91
1,<environment.Job instance at 0x7ff7c9d3f140>,48,28,[6 4],49,-1,133,-1,105
1,<environment.Job instance at 0x7ff7c9d3f5f0>,49,14,[14  3],50,-1,119,-1,105
1,<environment.Job instance at 0x7ff7c9d3f0f0>,51,25,[ 2 14],52,-1,131,-1,106
1,<environment.Job instance at 0x7ff7c9a760a0>,55,3,[ 3 14],56,-1,139,-1,136
1,<environment.Job instance at 0x7ff7c9a76b90>,56,27,[10  1],57,-1,163,-1,136
1,<environment.Job instance at 0x7ff7c9a76460>,60,28,[13  5],61,-1,196,-1,168
1,<environment.Job instance at 0x7ff7c9a76320>,64,2,[ 2 14],65,-1,184,-1,182
1,<environment.Job instance at 0x7ff7c9a76d20>,65,14,[11  2],66,-1,196,-1,182
1,<environment.Job instance at 0x7ff7c9a76aa0>,66,1,[4 6],67,-1,183,-1,182
1,<environment.Job instance at 0x7ff7c9a6a640>,68,14,[14  5],69,-1,208,-1,194
1,<environment.Job instance at 0x7ff7c9a6a7d0>,69,1,[ 3 12],70,-1,195,-1,194
1,<environment.Job instance at 0x7ff7c9a6a4b0>,71,2,[5 6],72,-1,200,-1,198
1,<environment.Job instance at 0x7ff7c9a6ac80>,72,13,[ 2 13],73,-1,211,-1,198
1,<environment.Job instance at 0x7ff7c9a6a3c0>,73,23,[5 1],74,-1,221,-1,198
1,<environment.Job instance at 0x7ff7c9a6a6e0>,74,14,[ 3 13],75,-1,212,-1,198
1,<environment.Job instance at 0x7ff7c9a6a9b0>,75,13,[5 1],76,-1,212,-1,199
1,<environment.Job instance at 0x7ff7c9a6a0f0>,76,26,[ 1 12],77,-1,225,-1,199
1,<environment.Job instance at 0x7ff7c99e7a50>,80,24,[11  5],81,-1,251,-1,227
1,<environment.Job instance at 0x7ff7c99e7140>,81,3,[2 7],82,-1,230,-1,227
1,<environment.Job instance at 0x7ff7c99e7c80>,82,1,[10  4],83,-1,228,-1,227
1,<environment.Job instance at 0x7ff7c99e7c30>,86,18,[14  2],87,-1,268,-1,250
1,<environment.Job instance at 0x7ff7c99e7a00>,87,27,[5 7],88,-1,277,-1,250
1,<environment.Job instance at 0x7ff7c99e7d70>,89,21,[12  3],90,-1,278,-1,257
1,<environment.Job instance at 0x7ff7c99e7190>,90,12,[ 5 12],91,-1,269,-1,257
1,<environment.Job instance at 0x7ff7c99e7b90>,92,16,[ 2 13],93,-1,273,-1,257
1,<environment.Job instance at 0x7ff7c9d38140>,95,13,[14  1],96,-1,283,-1,270
1,<environment.Job instance at 0x7ff7c9d38b40>,96,14,[ 5 13],97,-1,284,-1,270
1,<environment.Job instance at 0x7ff7c9d38e60>,97,20,[ 2 13],98,-1,290,-1,270
1,<environment.Job instance at 0x7ff7c9d38af0>,98,27,[4 9],99,-1,297,-1,270
1,<environment.Job instance at 0x7ff7c9d38960>,99,3,[ 2 13],100,-1,273,-1,270
1,<environment.Job instance at 0x7ff7c9d387d0>,100,13,[ 4 12],101,-1,283,-1,270
1,<environment.Job instance at 0x7ff7c9d38b90>,102,25,[2 7],103,-1,310,-1,285
1,<environment.Job instance at 0x7ff7c9d38460>,104,12,[11  5],105,-1,299,-1,287
1,<environment.Job instance at 0x7ff7c9a5f3c0>,109,20,[11  5],110,-1,344,-1,324
1,<environment.Job instance at 0x7ff7c9a5f4b0>,112,28,[5 7],113,-1,379,-1,351
1,<environment.Job instance at 0x7ff7c9a5f910>,113,12,[ 4 11],114,-1,363,-1,351
1,<environment.Job instance at 0x7ff7c9a5f690>,114,25,[13  4],115,-1,376,-1,351
1,<environment.Job instance at 0x7ff7c9a5f6e0>,115,21,[ 1 12],116,-1,372,-1,351
1,<environment.Job instance at 0x7ff7c9a5f140>,116,22,[ 4 10],117,-1,373,-1,351
1,<environment.Job instance at 0x7ff7c9a5f820>,117,22,[13  5],118,-1,373,-1,351
1,<environment.Job instance at 0x7ff7c9a5fb90>,118,28,[13  2],119,-1,379,-1,351
1,<environment.Job instance at 0x7ff7c9a5fa00>,120,24,[7 3],121,-1,388,-1,364
1,<environment.Job instance at 0x7ff7c9a5fc30>,122,26,[5 8],123,-1,391,-1,365
1,<environment.Job instance at 0x7ff7c9a690f0>,124,23,[1 5],125,-1,388,-1,365
1,<environment.Job instance at 0x7ff7c9a69dc0>,125,2,[5 5],126,-1,367,-1,365
1,<environment.Job instance at 0x7ff7c9a69af0>,126,2,[ 5 13],127,-1,367,-1,365
1,<environment.Job instance at 0x7ff7c9a69550>,127,13,[ 1 14],128,-1,378,-1,365
1,<environment.Job instance at 0x7ff7c9a698c0>,128,17,[ 1 10],129,-1,382,-1,365
1,<environment.Job instance at 0x7ff7c9a69d20>,130,21,[13  2],131,-1,396,-1,375
1,<environment.Job instance at 0x7ff7c9a69140>,131,1,[9 1],132,-1,376,-1,375
1,<environment.Job instance at 0x7ff7c9a69050>,132,18,[ 2 11],133,-1,393,-1,375
1,<environment.Job instance at 0x7ff7ca4ddcd0>,133,3,[8 2],134,-1,378,-1,375
1,<environment.Job instance at 0x7ff7c9ad7f00>,135,2,[5 4],136,-1,383,-1,381
1,<environment.Job instance at 0x7ff7c99c3c80>,138,16,[ 4 10],139,-1,417,-1,401
1,<environment.Job instance at 0x7ff7c99d3e10>,139,18,[ 5 14],140,-1,419,-1,401
1,<environment.Job instance at 0x7ff7c99d3320>,140,17,[ 3 13],141,-1,418,-1,401
1,<environment.Job instance at 0x7ff7c99d3230>,141,23,[13  3],142,-1,424,-1,401
1,<environment.Job instance at 0x7ff7c99d3a50>,142,18,[ 2 12],143,-1,419,-1,401
1,<environment.Job instance at 0x7ff7c99d3780>,143,13,[11  1],144,-1,414,-1,401
1,<environment.Job instance at 0x7ff7c99d3730>,145,12,[9 4],146,-1,425,-1,413
1,<environment.Job instance at 0x7ff7c99d3f50>,146,26,[7 4],147,-1,439,-1,413
1,<environment.Job instance at 0x7ff7ca37f0a0>,147,12,[13  4],148,-1,425,-1,413
1,<environment.Job instance at 0x7ff7ca006730>,148,13,[ 2 12],149,-1,426,-1,413
1,<environment.Job instance at 0x7ff7c99cdeb0>,151,13,[14  4],152,-1,436,-1,423
1,<environment.Job instance at 0x7ff7c9aa6820>,152,16,[14  2],153,-1,439,-1,423
1,<environment.Job instance at 0x7ff7c96ded70>,154,3,[5 1],155,-1,433,-1,430
1,<environment.Job instance at 0x7ff7c9ad29b0>,156,24,[5 9],157,-1,464,-1,440
1,<environment.Job instance at 0x7ff7c9d7cd70>,157,12,[ 3 14],158,-1,452,-1,440
1,<environment.Job instance at 0x7ff7c9d7c320>,159,28,[14  4],160,-1,477,-1,449
1,<environment.Job instance at 0x7ff7c9a69730>,160,28,[5 2],161,-1,477,-1,449
1,<environment.Job instance at 0x7ff7c9a692d0>,161,2,[5 9],162,-1,451,-1,449
1,<environment.Job instance at 0x7ff7c9a69780>,162,24,[8 1],163,-1,473,-1,449
1,<environment.Job instance at 0x7ff7c9a699b0>,164,26,[5 7],165,-1,481,-1,455
1,<environment.Job instance at 0x7ff7c9a87370>,168,20,[9 5],169,-1,493,-1,473
1,<environment.Job instance at 0x7ff7c9a87d20>,169,26,[7 3],170,-1,499,-1,473
1,<environment.Job instance at 0x7ff7c9a87eb0>,170,17,[ 5 12],171,-1,490,-1,473
1,<environment.Job instance at 0x7ff7c9a87640>,171,18,[10  1],172,-1,491,-1,473
1,<environment.Job instance at 0x7ff7c9a87870>,173,2,[14  5],174,-1,490,-1,488
1,<environment.Job instance at 0x7ff7c9a873c0>,174,2,[13  2],175,-1,490,-1,488
1,<environment.Job instance at 0x7ff7c9a87a00>,175,14,[ 1 10],176,-1,502,-1,488
1,<environment.Job instance at 0x7ff7c9a87690>,167,27,[9 4],168,-1,630,-1,603
1,<environment.Job instance at 0x7ff7c9a33a00>,1,25,[4 9],2,-1,27,-1,2
1,<environment.Job instance at 0x7ff7ca017320>,7,2,[6 3],8,-1,10,-1,8
1,<environment.Job instance at 0x7ff7ca017e60>,14,12,[11  4],15,-1,45,-1,33
1,<environment.Job instance at 0x7ff7c8b80fa0>,16,12,[10  1],17,-1,64,-1,52
1,<environment.Job instance at 0x7ff7c9c1a370>,20,17,[ 2 14],21,-1,86,-1,69
1,<environment.Job instance at 0x7ff7ca4ba690>,22,12,[13  4],23,-1,97,-1,85
1,<environment.Job instance at 0x7ff7ca4ba460>,25,17,[14  2],26,-1,110,-1,93
1,<environment.Job instance at 0x7ff7ca4baa00>,26,17,[ 1 12],27,-1,110,-1,93
1,<environment.Job instance at 0x7ff7ca4badc0>,28,2,[8 1],29,-1,104,-1,102
1,<environment.Job instance at 0x7ff7ca4bad20>,29,27,[11  4],30,-1,129,-1,102
1,<environment.Job instance at 0x7ff7ca4ba1e0>,30,15,[ 2 13],31,-1,117,-1,102
1,<environment.Job instance at 0x7ff7ca4ba280>,31,3,[2 5],32,-1,105,-1,102
1,<environment.Job instance at 0x7ff7c8b873c0>,32,2,[1 6],33,-1,104,-1,102
1,<environment.Job instance at 0x7ff7c8b870a0>,33,16,[11  3],34,-1,118,-1,102
1,<environment.Job instance at 0x7ff7c8b87460>,34,25,[6 2],35,-1,127,-1,102
1,<environment.Job instance at 0x7ff7ca384410>,35,17,[13  1],36,-1,119,-1,102
1,<environment.Job instance at 0x7ff7ca384c30>,36,23,[8 2],37,-1,125,-1,102
1,<environment.Job instance at 0x7ff7ca384e60>,37,26,[ 2 11],38,-1,128,-1,102
1,<environment.Job instance at 0x7ff7ca3845f0>,38,1,[6 4],39,-1,103,-1,102
1,<environment.Job instance at 0x7ff7ca384fa0>,39,16,[11  4],40,-1,118,-1,102
1,<environment.Job instance at 0x7ff7ca384140>,40,26,[2 7],41,-1,128,-1,102
1,<environment.Job instance at 0x7ff7ca358eb0>,43,24,[13  5],44,-1,143,-1,119
1,<environment.Job instance at 0x7ff7ca3581e0>,45,12,[14  3],46,-1,135,-1,123
1,<environment.Job instance at 0x7ff7ca37a780>,48,27,[6 5],49,-1,168,-1,141
1,<environment.Job instance at 0x7ff7ca37a0a0>,50,13,[11  1],51,-1,164,-1,151
1,<environment.Job instance at 0x7ff7ca4e1910>,53,17,[ 2 10],54,-1,191,-1,174
1,<environment.Job instance at 0x7ff7ca0401e0>,55,1,[6 3],56,-1,175,-1,174
1,<environment.Job instance at 0x7ff7ca372780>,62,12,[13  3],63,-1,234,-1,222
1,<environment.Job instance at 0x7ff7d2acea50>,63,25,[ 5 10],64,-1,247,-1,222
1,<environment.Job instance at 0x7ff7ca008eb0>,65,14,[11  2],66,-1,238,-1,224
1,<environment.Job instance at 0x7ff7ca008aa0>,66,15,[ 3 14],67,-1,239,-1,224
1,<environment.Job instance at 0x7ff7c9d62780>,68,27,[7 4],69,-1,262,-1,235
1,<environment.Job instance at 0x7ff7c9be0c30>,73,13,[ 1 12],74,-1,274,-1,261
1,<environment.Job instance at 0x7ff7c9be08c0>,76,14,[ 4 12],77,-1,293,-1,279
1,<environment.Job instance at 0x7ff7c9ccf500>,78,25,[ 1 14],79,-1,304,-1,279
1,<environment.Job instance at 0x7ff7c9ccfcd0>,79,14,[11  5],80,-1,293,-1,279
1,<environment.Job instance at 0x7ff7c9ccfaa0>,81,23,[ 4 13],82,-1,314,-1,291
1,<environment.Job instance at 0x7ff7c9ccf820>,82,19,[11  1],83,-1,310,-1,291
1,<environment.Job instance at 0x7ff7c9ccf640>,83,18,[ 4 11],84,-1,309,-1,291
1,<environment.Job instance at 0x7ff7c9b43d70>,86,13,[ 3 13],87,-1,318,-1,305
1,<environment.Job instance at 0x7ff7c9bbbbe0>,89,16,[14  5],90,-1,343,-1,327
1,<environment.Job instance at 0x7ff7c9c5a2d0>,92,16,[14  3],93,-1,353,-1,337
1,<environment.Job instance at 0x7ff7c9c5a7d0>,93,3,[2 8],94,-1,340,-1,337
1,<environment.Job instance at 0x7ff7c9c5a050>,94,3,[ 3 10],95,-1,340,-1,337
1,<environment.Job instance at 0x7ff7c9c5a780>,96,3,[5 3],97,-1,349,-1,346
1,<environment.Job instance at 0x7ff7c9c5a320>,98,23,[5 5],99,-1,377,-1,354
1,<environment.Job instance at 0x7ff7c9c5a550>,99,2,[6 2],100,-1,356,-1,354
1,<environment.Job instance at 0x7ff7c9c5a410>,100,14,[11  3],101,-1,368,-1,354
1,<environment.Job instance at 0x7ff7c9c5aa00>,101,2,[2 7],102,-1,356,-1,354
1,<environment.Job instance at 0x7ff7c96c2b90>,102,12,[11  2],103,-1,366,-1,354
1,<environment.Job instance at 0x7ff7c96c25f0>,103,3,[9 1],104,-1,357,-1,354
1,<environment.Job instance at 0x7ff7c96c25a0>,105,22,[6 1],106,-1,385,-1,363
1,<environment.Job instance at 0x7ff7c903e140>,112,23,[ 3 10],113,-1,432,-1,409
1,<environment.Job instance at 0x7ff7c9cb2690>,116,14,[13  2],117,-1,456,-1,442
1,<environment.Job instance at 0x7ff7c9cb2050>,117,22,[5 7],118,-1,487,-1,465
1,<environment.Job instance at 0x7ff7c9cb2780>,119,2,[7 5],120,-1,467,-1,465
1,<environment.Job instance at 0x7ff7c9cb2550>,120,1,[8 3],121,-1,466,-1,465
1,<environment.Job instance at 0x7ff7ca3584b0>,47,18,[5 9],48,-1,504,-1,486
1,<environment.Job instance at 0x7ff7c9d4ee10>,124,23,[5 5],125,-1,509,-1,486
1,<environment.Job instance at 0x7ff7c9d4e050>,123,1,[7 1],124,-1,487,-1,486
1,<environment.Job instance at 0x7ff7c9f8d370>,127,25,[7 3],128,-1,525,-1,500
1,<environment.Job instance at 0x7ff7c9f8d820>,128,1,[12  5],129,-1,501,-1,500
1,<environment.Job instance at 0x7ff7c9f8db40>,129,13,[11  2],130,-1,513,-1,500
1,<environment.Job instance at 0x7ff7c9d117d0>,130,27,[5 2],131,-1,527,-1,500
1,<environment.Job instance at 0x7ff7c9f9d410>,133,3,[ 3 10],134,-1,508,-1,505
1,<environment.Job instance at 0x7ff7c9f9db90>,138,2,[8 5],139,-1,536,-1,534
1,<environment.Job instance at 0x7ff7c9f9dfa0>,139,14,[ 3 11],140,-1,548,-1,534
1,<environment.Job instance at 0x7ff7c9f9d280>,140,14,[14  1],141,-1,548,-1,534
1,<environment.Job instance at 0x7ff7c9f9dcd0>,144,20,[ 2 11],145,-1,568,-1,548
1,<environment.Job instance at 0x7ff7c9d4e0f0>,125,23,[ 2 12],126,-1,571,-1,548
1,<environment.Job instance at 0x7ff7c9f9d5a0>,146,15,[ 4 10],147,-1,563,-1,548
1,<environment.Job instance at 0x7ff7c9f9d1e0>,145,2,[3 9],146,-1,550,-1,548
1,<environment.Job instance at 0x7ff7c9773eb0>,148,26,[4 6],149,-1,574,-1,548
1,<environment.Job instance at 0x7ff7c9773c80>,149,14,[ 3 14],150,-1,562,-1,548
1,<environment.Job instance at 0x7ff7c9773a00>,150,20,[4 9],151,-1,568,-1,548
1,<environment.Job instance at 0x7ff7c97736e0>,151,12,[10  1],152,-1,560,-1,548
1,<environment.Job instance at 0x7ff7c9773f50>,147,26,[3 7],148,-1,574,-1,548
1,<environment.Job instance at 0x7ff7c97739b0>,153,20,[1 8],154,-1,568,-1,548
1,<environment.Job instance at 0x7ff7c9773af0>,154,18,[5 4],155,-1,566,-1,548
1,<environment.Job instance at 0x7ff7c97737d0>,155,17,[7 2],156,-1,565,-1,548
1,<environment.Job instance at 0x7ff7c9773b40>,156,18,[ 4 10],157,-1,566,-1,548
1,<environment.Job instance at 0x7ff7c9cb20f0>,118,24,[ 1 14],119,-1,572,-1,548
1,<environment.Job instance at 0x7ff7c9773f00>,152,1,[10  1],153,-1,549,-1,548
1,<environment.Job instance at 0x7ff7c9d528c0>,159,28,[11  4],160,-1,576,-1,548
1,<environment.Job instance at 0x7ff7c9d52410>,160,22,[ 5 12],161,-1,570,-1,548
1,<environment.Job instance at 0x7ff7c9d52640>,163,22,[3 8],164,-1,592,-1,570
1,<environment.Job instance at 0x7ff7c9d52d20>,165,12,[9 1],166,-1,582,-1,570
1,<environment.Job instance at 0x7ff7c9d52140>,166,22,[ 1 13],167,-1,592,-1,570
1,<environment.Job instance at 0x7ff7c9d52dc0>,167,14,[ 2 11],168,-1,584,-1,570
1,<environment.Job instance at 0x7ff7c9d52eb0>,169,15,[ 5 14],170,-1,604,-1,589
1,<environment.Job instance at 0x7ff7c9d52f00>,170,27,[3 6],171,-1,616,-1,589
1,<environment.Job instance at 0x7ff7c94825f0>,171,2,[12  1],172,-1,591,-1,589
1,<environment.Job instance at 0x7ff7c94823c0>,173,18,[11  2],174,-1,607,-1,589
1,<environment.Job instance at 0x7ff7c94822d0>,174,14,[ 3 10],175,-1,603,-1,589
1,<environment.Job instance at 0x7ff7c9482a00>,175,27,[8 1],176,-1,616,-1,589
1,<environment.Job instance at 0x7ff7c9a8d7d0>,3,16,[12  5],4,-1,20,-1,4
1,<environment.Job instance at 0x7ff7c9c84eb0>,9,13,[14  3],10,-1,24,-1,11
1,<environment.Job instance at 0x7ff7c9c84b90>,10,18,[ 5 11],11,-1,29,-1,11
1,<environment.Job instance at 0x7ff7c97764b0>,13,14,[13  2],14,-1,39,-1,25
1,<environment.Job instance at 0x7ff7c97760f0>,14,2,[7 1],15,-1,27,-1,25
1,<environment.Job instance at 0x7ff7c9c61b40>,15,22,[2 8],16,-1,54,-1,32
1,<environment.Job instance at 0x7ff7c9c61230>,17,13,[4 6],18,-1,48,-1,35
1,<environment.Job instance at 0x7ff7c9c61f00>,18,23,[7 4],19,-1,58,-1,35
1,<environment.Job instance at 0x7ff7c9c61140>,19,25,[ 4 12],20,-1,60,-1,35
1,<environment.Job instance at 0x7ff7c9c61460>,22,1,[4 7],23,-1,47,-1,46
1,<environment.Job instance at 0x7ff7c9407280>,23,25,[ 2 10],24,-1,71,-1,46
1,<environment.Job instance at 0x7ff7c9407820>,24,14,[11  3],25,-1,60,-1,46
1,<environment.Job instance at 0x7ff7c942f3c0>,25,18,[1 9],26,-1,74,-1,56
1,<environment.Job instance at 0x7ff7c9802820>,27,19,[9 1],28,-1,79,-1,60
1,<environment.Job instance at 0x7ff7c9802500>,28,14,[9 1],29,-1,74,-1,60
1,<environment.Job instance at 0x7ff7c9811d20>,32,1,[5 6],33,-1,78,-1,77
1,<environment.Job instance at 0x7ff7c9b03a50>,34,25,[9 4],35,-1,102,-1,77
1,<environment.Job instance at 0x7ff7c9af9e10>,35,3,[6 3],36,-1,80,-1,77
1,<environment.Job instance at 0x7ff7c9ad6190>,36,2,[12  3],37,-1,79,-1,77
1,<environment.Job instance at 0x7ff7c9ad6280>,37,23,[4 8],38,-1,101,-1,78
1,<environment.Job instance at 0x7ff7c93fc370>,38,13,[9 1],39,-1,100,-1,87
1,<environment.Job instance at 0x7ff7c9420a50>,39,27,[ 5 14],40,-1,114,-1,87
1,<environment.Job instance at 0x7ff7c9ade9b0>,40,17,[14  2],41,-1,104,-1,87
1,<environment.Job instance at 0x7ff7c9adea00>,41,15,[12  2],42,-1,102,-1,87
1,<environment.Job instance at 0x7ff7c9f44140>,46,27,[7 3],47,-1,171,-1,144
1,<environment.Job instance at 0x7ff7c9f44cd0>,47,2,[9 4],48,-1,146,-1,144
1,<environment.Job instance at 0x7ff7c942ac80>,50,25,[9 5],51,-1,198,-1,173
1,<environment.Job instance at 0x7ff7c942ad70>,53,17,[ 5 12],54,-1,195,-1,178
1,<environment.Job instance at 0x7ff7c942af00>,54,23,[6 1],55,-1,201,-1,178
1,<environment.Job instance at 0x7ff7c9421190>,56,2,[ 4 14],57,-1,194,-1,192
1,<environment.Job instance at 0x7ff7c942adc0>,57,23,[10  3],58,-1,215,-1,192
1,<environment.Job instance at 0x7ff7c9421410>,58,14,[ 1 11],59,-1,206,-1,192
1,<environment.Job instance at 0x7ff7c9414140>,62,27,[8 3],63,-1,240,-1,213
1,<environment.Job instance at 0x7ff7c9414b90>,67,25,[9 4],68,-1,283,-1,258
1,<environment.Job instance at 0x7ff7c9414b40>,70,3,[3 9],71,-1,278,-1,275
1,<environment.Job instance at 0x7ff7c9414cd0>,71,28,[ 5 13],72,-1,303,-1,275
1,<environment.Job instance at 0x7ff7c95c75a0>,72,15,[12  1],73,-1,290,-1,275
1,<environment.Job instance at 0x7ff7c95c75f0>,73,3,[ 5 14],74,-1,278,-1,275
1,<environment.Job instance at 0x7ff7c95c78c0>,75,26,[4 9],76,-1,301,-1,275
1,<environment.Job instance at 0x7ff7c95c7960>,76,27,[10  5],77,-1,302,-1,275
1,<environment.Job instance at 0x7ff7c95c7aa0>,80,3,[1 6],81,-1,309,-1,306
1,<environment.Job instance at 0x7ff7c95c7c30>,81,16,[13  4],82,-1,322,-1,306
1,<environment.Job instance at 0x7ff7c95c7d70>,83,16,[ 5 12],84,-1,327,-1,311
1,<environment.Job instance at 0x7ff7c95c7f50>,86,3,[6 1],87,-1,333,-1,330
1,<environment.Job instance at 0x7ff7c95c7fa0>,87,12,[ 2 12],88,-1,342,-1,330
1,<environment.Job instance at 0x7ff7c95cb050>,88,2,[6 2],89,-1,332,-1,330
1,<environment.Job instance at 0x7ff7c95cb550>,93,18,[ 1 11],94,-1,380,-1,362
1,<environment.Job instance at 0x7ff7c95cb8c0>,98,16,[ 2 13],99,-1,401,-1,385
1,<environment.Job instance at 0x7ff7c95cb960>,99,16,[ 5 12],100,-1,401,-1,385
1,<environment.Job instance at 0x7ff7c95cba00>,100,12,[11  1],101,-1,397,-1,385
1,<environment.Job instance at 0x7ff7c95cbb40>,102,15,[11  4],103,-1,431,-1,416
1,<environment.Job instance at 0x7ff7c95cbbe0>,103,17,[ 2 14],104,-1,433,-1,416
1,<environment.Job instance at 0x7ff7c95cbc80>,104,26,[10  5],105,-1,442,-1,416
1,<environment.Job instance at 0x7ff7c95cbd20>,105,2,[7 5],106,-1,418,-1,416
1,<environment.Job instance at 0x7ff7c95cb500>,109,25,[1 7],110,-1,448,-1,423
1,<environment.Job instance at 0x7ff7c95e2320>,114,27,[3 8],115,-1,491,-1,464
1,<environment.Job instance at 0x7ff7c95e2500>,117,28,[2 6],118,-1,492,-1,464
1,<environment.Job instance at 0x7ff7c95e2640>,118,28,[7 1],119,-1,492,-1,464
1,<environment.Job instance at 0x7ff7c95e2690>,119,26,[10  3],120,-1,490,-1,464
1,<environment.Job instance at 0x7ff7c95e2730>,120,27,[5 2],121,-1,491,-1,464
1,<environment.Job instance at 0x7ff7c95e27d0>,121,12,[ 3 13],122,-1,476,-1,464
1,<environment.Job instance at 0x7ff7c95e28c0>,122,17,[14  5],123,-1,481,-1,464
1,<environment.Job instance at 0x7ff7c95e2910>,123,15,[14  2],124,-1,479,-1,464
1,<environment.Job instance at 0x7ff7c95e29b0>,124,15,[ 1 12],125,-1,479,-1,464
1,<environment.Job instance at 0x7ff7c95e2c30>,128,12,[ 1 12],129,-1,503,-1,491
1,<environment.Job instance at 0x7ff7c95e2eb0>,132,15,[11  5],133,-1,528,-1,513
1,<environment.Job instance at 0x7ff7c95d3730>,144,24,[5 7],145,-1,631,-1,607
1,<environment.Job instance at 0x7ff7c95d3780>,145,13,[14  2],146,-1,620,-1,607
1,<environment.Job instance at 0x7ff7c95d3820>,146,12,[ 5 14],147,-1,619,-1,607
1,<environment.Job instance at 0x7ff7c95d38c0>,147,28,[11  4],148,-1,635,-1,607
1,<environment.Job instance at 0x7ff7c95d3960>,148,1,[1 6],149,-1,608,-1,607
1,<environment.Job instance at 0x7ff7c95d3a00>,149,26,[1 8],150,-1,633,-1,607
1,<environment.Job instance at 0x7ff7c95d3d20>,154,24,[5 3],155,-1,647,-1,623
1,<environment.Job instance at 0x7ff7c95d3dc0>,155,15,[ 1 14],156,-1,638,-1,623
1,<environment.Job instance at 0x7ff7c95d3e60>,156,16,[ 3 13],157,-1,639,-1,623
1,<environment.Job instance at 0x7ff7c95d3f00>,157,23,[11  4],158,-1,646,-1,623
1,<environment.Job instance at 0x7ff7c95d30a0>,160,3,[2 7],161,-1,654,-1,651
1,<environment.Job instance at 0x7ff7c95c46e0>,168,14,[14  2],169,-1,734,-1,720
1,<environment.Job instance at 0x7ff7c95c4780>,169,13,[14  4],170,-1,733,-1,720
1,<environment.Job instance at 0x7ff7c95c4050>,171,24,[3 9],175,-1,744,-1,720
1,<environment.Job instance at 0x7ff7c95c4be0>,172,1,[5 5],179,-1,721,-1,720
1,<environment.Job instance at 0x7ff7c92985a0>,3,1,[10  4],4,-1,5,-1,4
1,<environment.Job instance at 0x7ff7c9298c30>,10,26,[ 2 10],11,-1,42,-1,16
1,<environment.Job instance at 0x7ff7c92f5b90>,15,26,[ 5 13],16,-1,58,-1,32
1,<environment.Job instance at 0x7ff7c92f5780>,17,15,[11  1],18,-1,62,-1,47
1,<environment.Job instance at 0x7ff7c92f5730>,20,1,[2 7],21,-1,68,-1,67
1,<environment.Job instance at 0x7ff7c92f50f0>,21,3,[ 5 10],22,-1,70,-1,67
1,<environment.Job instance at 0x7ff7c92f5910>,23,23,[ 5 10],24,-1,90,-1,67
1,<environment.Job instance at 0x7ff7c92f5960>,27,24,[10  4],28,-1,106,-1,82
1,<environment.Job instance at 0x7ff7c92f59b0>,28,16,[11  3],29,-1,98,-1,82
1,<environment.Job instance at 0x7ff7c92f5820>,29,16,[11  5],30,-1,98,-1,82
1,<environment.Job instance at 0x7ff7c9041d20>,31,1,[ 3 12],32,-1,89,-1,88
1,<environment.Job instance at 0x7ff7c9041dc0>,32,25,[10  3],33,-1,113,-1,88
1,<environment.Job instance at 0x7ff7c90415a0>,33,14,[ 5 12],34,-1,102,-1,88
1,<environment.Job instance at 0x7ff7c9041a00>,34,20,[ 3 14],35,-1,108,-1,88
1,<environment.Job instance at 0x7ff7c90415f0>,35,24,[13  2],36,-1,112,-1,88
1,<environment.Job instance at 0x7ff7c9041500>,38,14,[11  5],39,-1,120,-1,106
1,<environment.Job instance at 0x7ff7c90414b0>,39,28,[6 1],40,-1,134,-1,106
1,<environment.Job instance at 0x7ff7c9041a50>,42,23,[11  1],43,-1,149,-1,126
1,<environment.Job instance at 0x7ff7c9041140>,44,18,[ 1 13],45,-1,146,-1,128
1,<environment.Job instance at 0x7ff7c9041eb0>,46,13,[11  3],47,-1,153,-1,140
1,<environment.Job instance at 0x7ff7c9041320>,47,28,[7 5],48,-1,168,-1,140
1,<environment.Job instance at 0x7ff7c9041d70>,49,2,[14  5],50,-1,142,-1,140
1,<environment.Job instance at 0x7ff7c9704d20>,50,26,[13  1],51,-1,166,-1,140
1,<environment.Job instance at 0x7ff7c9704050>,54,1,[5 1],55,-1,162,-1,161
1,<environment.Job instance at 0x7ff7c9704f00>,57,26,[ 5 12],58,-1,207,-1,181
1,<environment.Job instance at 0x7ff7c97045f0>,58,26,[2 8],59,-1,207,-1,181
1,<environment.Job instance at 0x7ff7c9704f50>,59,3,[6 1],60,-1,184,-1,181
1,<environment.Job instance at 0x7ff7c9704cd0>,61,16,[ 2 13],62,-1,197,-1,181
1,<environment.Job instance at 0x7ff7c9704be0>,62,23,[7 1],63,-1,204,-1,181
1,<environment.Job instance at 0x7ff7ca1bc9b0>,63,13,[13  4],64,-1,194,-1,181
1,<environment.Job instance at 0x7ff7ca1bcb90>,64,18,[14  3],65,-1,199,-1,181
1,<environment.Job instance at 0x7ff7ca1bc280>,66,24,[14  5],67,-1,215,-1,191
1,<environment.Job instance at 0x7ff7ca1bccd0>,67,25,[ 4 12],68,-1,216,-1,191
1,<environment.Job instance at 0x7ff7ca1bc5a0>,69,18,[12  3],70,-1,214,-1,196
1,<environment.Job instance at 0x7ff7ca1bc4b0>,71,18,[ 2 11],72,-1,226,-1,208
1,<environment.Job instance at 0x7ff7c94ded20>,72,13,[11  3],73,-1,221,-1,208
1,<environment.Job instance at 0x7ff7c99da230>,73,18,[13  2],74,-1,226,-1,208
1,<environment.Job instance at 0x7ff7c9fab0a0>,74,2,[7 1],75,-1,210,-1,208
1,<environment.Job instance at 0x7ff7c9a87870>,75,23,[ 5 13],76,-1,231,-1,208
1,<environment.Job instance at 0x7ff7c9ae7b40>,76,23,[2 7],77,-1,231,-1,208
1,<environment.Job instance at 0x7ff7c9ae70f0>,77,28,[ 1 10],78,-1,236,-1,208
1,<environment.Job instance at 0x7ff7c9ae7460>,78,3,[2 6],79,-1,211,-1,208
1,<environment.Job instance at 0x7ff7c9ae74b0>,79,12,[ 4 14],80,-1,220,-1,208
1,<environment.Job instance at 0x7ff7c9ae7d70>,80,2,[10  3],81,-1,210,-1,208
1,<environment.Job instance at 0x7ff7c971c5a0>,84,3,[9 1],85,-1,233,-1,230
1,<environment.Job instance at 0x7ff7c9ba9a00>,85,18,[ 5 11],86,-1,248,-1,230
1,<environment.Job instance at 0x7ff7ca12abe0>,90,1,[2 5],91,-1,260,-1,259
1,<environment.Job instance at 0x7ff7c9533d70>,92,16,[14  4],93,-1,287,-1,271
1,<environment.Job instance at 0x7ff7c9533b40>,93,17,[13  5],94,-1,288,-1,271
1,<environment.Job instance at 0x7ff7c9217e10>,95,24,[12  4],96,-1,295,-1,271
1,<environment.Job instance at 0x7ff7c908b780>,96,25,[6 3],97,-1,296,-1,271
1,<environment.Job instance at 0x7ff7c9217a00>,97,27,[9 5],98,-1,298,-1,271
1,<environment.Job instance at 0x7ff7c9c224b0>,99,14,[ 2 13],100,-1,303,-1,289
1,<environment.Job instance at 0x7ff7ca4b7d70>,101,1,[3 9],102,-1,290,-1,289
1,<environment.Job instance at 0x7ff7c8ba71e0>,104,17,[ 4 14],105,-1,320,-1,303
1,<environment.Job instance at 0x7ff7c9522280>,115,19,[ 2 12],116,-1,399,-1,380
1,<environment.Job instance at 0x7ff7c9d13d70>,117,26,[12  4],118,-1,410,-1,384
1,<environment.Job instance at 0x7ff7c9769e60>,119,16,[ 5 11],120,-1,400,-1,384
1,<environment.Job instance at 0x7ff7c9d13690>,120,18,[ 2 10],121,-1,402,-1,384
1,<environment.Job instance at 0x7ff7c910ee60>,129,15,[ 1 12],130,-1,449,-1,434
1,<environment.Job instance at 0x7ff7c95765f0>,133,14,[ 5 11],134,-1,455,-1,441
1,<environment.Job instance at 0x7ff7c9576af0>,137,16,[14  4],138,-1,487,-1,471
1,<environment.Job instance at 0x7ff7c9576cd0>,139,16,[ 3 14],140,-1,493,-1,477
1,<environment.Job instance at 0x7ff7c95764b0>,145,24,[5 9],146,-1,555,-1,531
1,<environment.Job instance at 0x7ff7c93f2050>,148,18,[14  3],149,-1,577,-1,559
1,<environment.Job instance at 0x7ff7ca0c2e60>,160,16,[14  1],161,-1,641,-1,625
1,<environment.Job instance at 0x7ff7d2a74190>,163,1,[ 5 13],164,-1,653,-1,652
1,<environment.Job instance at 0x7ff7d2a74410>,164,26,[4 8],165,-1,694,-1,668
1,<environment.Job instance at 0x7ff7c923fbe0>,171,24,[9 1],172,-1,752,-1,728
1,<environment.Job instance at 0x7ff7c8bffd70>,5,21,[10  1],6,-1,28,-1,7
1,<environment.Job instance at 0x7ff7c8bff3c0>,7,17,[ 1 12],8,-1,25,-1,8
1,<environment.Job instance at 0x7ff7c8bff2d0>,8,22,[13  4],9,-1,31,-1,9
1,<environment.Job instance at 0x7ff7c8bff320>,9,18,[ 5 12],10,-1,28,-1,10
1,<environment.Job instance at 0x7ff7c8bff500>,10,25,[12  1],11,-1,36,-1,11
1,<environment.Job instance at 0x7ff7c8bff550>,11,26,[10  2],12,-1,38,-1,12
1,<environment.Job instance at 0x7ff7c8bff5f0>,12,3,[4 8],13,-1,16,-1,13
1,<environment.Job instance at 0x7ff7c8bff690>,13,16,[ 5 10],14,-1,75,-1,59
1,<environment.Job instance at 0x7ff7c8d015f0>,23,27,[ 1 13],24,-1,97,-1,70
1,<environment.Job instance at 0x7ff7c8d01460>,24,18,[11  3],25,-1,88,-1,70
1,<environment.Job instance at 0x7ff7c8d01c80>,27,12,[12  5],28,-1,94,-1,82
1,<environment.Job instance at 0x7ff7c8d01410>,28,12,[ 3 12],29,-1,94,-1,82
1,<environment.Job instance at 0x7ff7c8d01370>,31,25,[ 2 14],32,-1,140,-1,115
1,<environment.Job instance at 0x7ff7c8d016e0>,34,2,[5 7],35,-1,117,-1,115
1,<environment.Job instance at 0x7ff7c8d01500>,36,1,[6 3],37,-1,116,-1,115
1,<environment.Job instance at 0x7ff7c8d01690>,37,16,[12  2],38,-1,131,-1,115
1,<environment.Job instance at 0x7ff7c8d01820>,38,17,[ 2 13],39,-1,132,-1,115
1,<environment.Job instance at 0x7ff7c8d01c30>,39,27,[5 5],40,-1,142,-1,115
1,<environment.Job instance at 0x7ff7c8d1d730>,45,15,[ 5 12],46,-1,170,-1,155
1,<environment.Job instance at 0x7ff7c8d1d820>,47,25,[1 9],48,-1,195,-1,170
1,<environment.Job instance at 0x7ff7c8d1d960>,48,17,[11  5],49,-1,187,-1,170
1,<environment.Job instance at 0x7ff7c8d1de60>,49,17,[ 5 11],50,-1,187,-1,170
1,<environment.Job instance at 0x7ff7c8d1d9b0>,50,14,[14  3],51,-1,184,-1,170
1,<environment.Job instance at 0x7ff7c8d1d5a0>,52,3,[7 2],53,-1,173,-1,170
1,<environment.Job instance at 0x7ff7c8d1d050>,53,15,[14  5],54,-1,185,-1,170
1,<environment.Job instance at 0x7ff7c8d1d640>,54,14,[14  4],55,-1,184,-1,170
1,<environment.Job instance at 0x7ff7c8d1d8c0>,55,17,[ 2 12],56,-1,187,-1,170
1,<environment.Job instance at 0x7ff7c8d1d190>,56,28,[5 9],57,-1,198,-1,170
1,<environment.Job instance at 0x7ff7c8d1d140>,57,26,[9 4],58,-1,196,-1,170
1,<environment.Job instance at 0x7ff7c8d1dc80>,59,25,[11  1],60,-1,209,-1,184
1,<environment.Job instance at 0x7ff7c8d1dbe0>,61,1,[13  2],62,-1,193,-1,192
1,<environment.Job instance at 0x7ff7c8d1d370>,62,14,[13  2],63,-1,206,-1,192
1,<environment.Job instance at 0x7ff7c8d1deb0>,64,26,[4 7],65,-1,226,-1,200
1,<environment.Job instance at 0x7ff7c8d1ddc0>,65,2,[8 3],66,-1,202,-1,200
1,<environment.Job instance at 0x7ff7c8d0c3c0>,67,18,[ 4 10],68,-1,220,-1,202
1,<environment.Job instance at 0x7ff7c8d0c5a0>,69,15,[10  1],70,-1,234,-1,219
1,<environment.Job instance at 0x7ff7c8d0c280>,70,3,[5 1],71,-1,222,-1,219
1,<environment.Job instance at 0x7ff7c8d0cf00>,73,20,[ 1 14],74,-1,253,-1,233
1,<environment.Job instance at 0x7ff7c8d0cc80>,74,12,[ 3 14],75,-1,245,-1,233
1,<environment.Job instance at 0x7ff7c8d0cdc0>,75,15,[ 1 10],76,-1,254,-1,239
1,<environment.Job instance at 0x7ff7c8d0cbe0>,79,16,[5 1],80,-1,267,-1,251
1,<environment.Job instance at 0x7ff7c8d0c370>,80,20,[ 5 13],81,-1,271,-1,251
1,<environment.Job instance at 0x7ff7c8d0c500>,81,12,[ 5 13],82,-1,263,-1,251
1,<environment.Job instance at 0x7ff7c8d0c780>,82,15,[ 3 13],83,-1,266,-1,251
1,<environment.Job instance at 0x7ff7c8d0c550>,84,18,[ 2 10],85,-1,271,-1,253
1,<environment.Job instance at 0x7ff7c8e4c280>,90,25,[5 8],91,-1,317,-1,292
1,<environment.Job instance at 0x7ff7c8e4cc80>,91,15,[11  2],92,-1,307,-1,292
1,<environment.Job instance at 0x7ff7c8e4c3c0>,92,15,[14  1],93,-1,307,-1,292
1,<environment.Job instance at 0x7ff7c8e4c320>,93,25,[ 2 10],94,-1,317,-1,292
1,<environment.Job instance at 0x7ff7c8e4c690>,94,2,[ 2 10],95,-1,294,-1,292
1,<environment.Job instance at 0x7ff7c8e4c640>,95,23,[7 1],96,-1,315,-1,292
1,<environment.Job instance at 0x7ff7c8e4c4b0>,96,23,[5 3],97,-1,315,-1,292
1,<environment.Job instance at 0x7ff7c8e4c5a0>,97,26,[1 7],98,-1,318,-1,292
1,<environment.Job instance at 0x7ff7c8e4caf0>,99,13,[ 2 12],100,-1,309,-1,296
1,<environment.Job instance at 0x7ff7c8e4c5f0>,100,27,[ 1 14],101,-1,323,-1,296
1,<environment.Job instance at 0x7ff7c8e4c230>,103,28,[ 5 13],104,-1,343,-1,315
1,<environment.Job instance at 0x7ff7c8e4cc30>,105,1,[6 4],106,-1,323,-1,322
1,<environment.Job instance at 0x7ff7c9082b90>,111,1,[ 2 13],112,-1,363,-1,362
1,<environment.Job instance at 0x7ff7c96494b0>,117,2,[11  1],118,-1,405,-1,403
1,<environment.Job instance at 0x7ff7c9649960>,118,2,[5 3],119,-1,405,-1,403
1,<environment.Job instance at 0x7ff7c9649eb0>,123,25,[ 5 10],124,-1,446,-1,421
1,<environment.Job instance at 0x7ff7c96490f0>,124,13,[12  3],125,-1,434,-1,421
1,<environment.Job instance at 0x7ff7c9649500>,125,20,[ 4 11],126,-1,441,-1,421
1,<environment.Job instance at 0x7ff7c9649410>,127,15,[14  2],128,-1,449,-1,434
1,<environment.Job instance at 0x7ff7c9649c80>,128,12,[13  3],129,-1,446,-1,434
1,<environment.Job instance at 0x7ff7c9543fa0>,140,28,[8 4],141,-1,538,-1,510
1,<environment.Job instance at 0x7ff7c995ed20>,144,13,[13  1],145,-1,550,-1,537
1,<environment.Job instance at 0x7ff7c8bab690>,147,18,[12  1],148,-1,569,-1,551
1,<environment.Job instance at 0x7ff7c9013460>,149,19,[13  2],150,-1,585,-1,566
1,<environment.Job instance at 0x7ff7c94b1870>,152,1,[ 2 13],153,-1,571,-1,570
1,<environment.Job instance at 0x7ff7ca03c690>,153,24,[ 4 10],154,-1,594,-1,570
1,<environment.Job instance at 0x7ff7c9a493c0>,161,28,[14  2],162,-1,672,-1,644
1,<environment.Job instance at 0x7ff7ca0ecf00>,166,22,[13  1],167,-1,708,-1,686
1,<environment.Job instance at 0x7ff7ca0ec5f0>,169,15,[13  5],173,-1,712,-1,697
1,<environment.Job instance at 0x7ff7c90e19b0>,170,20,[ 1 14],174,-1,717,-1,697
1,<environment.Job instance at 0x7ff7c90e1500>,172,12,[ 1 14],176,-1,730,-1,718
1,<environment.Job instance at 0x7ff7c9ee7f00>,173,14,[ 3 11],177,-1,732,-1,718
1,<environment.Job instance at 0x7ff7c90e1190>,175,12,[ 3 13],179,-1,730,-1,718
1,<environment.Job instance at 0x7ff7c923d140>,5,17,[ 5 11],6,-1,23,-1,6
1,<environment.Job instance at 0x7ff7c923d960>,6,22,[4 9],7,-1,45,-1,23
1,<environment.Job instance at 0x7ff7c923d410>,16,28,[ 3 11],17,-1,68,-1,40
1,<environment.Job instance at 0x7ff7c923d6e0>,18,16,[14  5],19,-1,70,-1,54
1,<environment.Job instance at 0x7ff7c923dd20>,19,28,[6 3],20,-1,82,-1,54
1,<environment.Job instance at 0x7ff7c9992c80>,20,13,[14  3],21,-1,67,-1,54
1,<environment.Job instance at 0x7ff7c9992f50>,22,14,[ 2 12],23,-1,70,-1,56
1,<environment.Job instance at 0x7ff7c9992320>,24,21,[ 3 14],25,-1,87,-1,66
1,<environment.Job instance at 0x7ff7c9992190>,26,23,[3 9],27,-1,95,-1,72
1,<environment.Job instance at 0x7ff7c9992e60>,28,25,[ 1 14],29,-1,110,-1,85
1,<environment.Job instance at 0x7ff7ca5018c0>,31,25,[2 8],32,-1,141,-1,116
1,<environment.Job instance at 0x7ff7ca501b40>,34,16,[13  2],35,-1,132,-1,116
1,<environment.Job instance at 0x7ff7ca501f00>,37,13,[9 3],38,-1,148,-1,135
1,<environment.Job instance at 0x7ff7ca501be0>,40,2,[3 9],41,-1,142,-1,140
1,<environment.Job instance at 0x7ff7ca501230>,41,18,[ 1 13],42,-1,158,-1,140
1,<environment.Job instance at 0x7ff7ca501d20>,43,16,[ 4 14],44,-1,172,-1,156
1,<environment.Job instance at 0x7ff7ca501730>,44,15,[11  3],45,-1,171,-1,156
1,<environment.Job instance at 0x7ff7c93f7d70>,58,18,[ 1 11],59,-1,302,-1,284
1,<environment.Job instance at 0x7ff7c93f7780>,60,26,[5 7],61,-1,310,-1,284
1,<environment.Job instance at 0x7ff7c93f76e0>,65,25,[1 6],66,-1,353,-1,328
1,<environment.Job instance at 0x7ff7c93f7af0>,69,27,[5 9],70,-1,368,-1,341
1,<environment.Job instance at 0x7ff7c942fdc0>,72,26,[ 1 12],73,-1,377,-1,351
1,<environment.Job instance at 0x7ff7c942f9b0>,73,28,[ 3 14],74,-1,379,-1,351
1,<environment.Job instance at 0x7ff7c942f0a0>,77,20,[12  1],78,-1,390,-1,370
1,<environment.Job instance at 0x7ff7c942ff00>,78,24,[ 5 13],79,-1,394,-1,370
1,<environment.Job instance at 0x7ff7c942fa50>,79,23,[8 5],80,-1,393,-1,370
1,<environment.Job instance at 0x7ff7c942faf0>,80,28,[4 9],81,-1,398,-1,370
1,<environment.Job instance at 0x7ff7c942f1e0>,81,24,[ 5 13],82,-1,394,-1,370
1,<environment.Job instance at 0x7ff7c942faa0>,83,15,[ 2 12],84,-1,401,-1,386
1,<environment.Job instance at 0x7ff7c942f4b0>,84,15,[ 3 13],85,-1,401,-1,386
1,<environment.Job instance at 0x7ff7c942ff50>,85,25,[7 4],86,-1,411,-1,386
1,<environment.Job instance at 0x7ff7c9495190>,88,25,[14  3],89,-1,425,-1,400
1,<environment.Job instance at 0x7ff7c9495460>,89,27,[14  3],90,-1,427,-1,400
1,<environment.Job instance at 0x7ff7c8bb30f0>,95,15,[11  3],96,-1,458,-1,443
1,<environment.Job instance at 0x7ff7c8bb37d0>,96,28,[4 7],97,-1,471,-1,443
1,<environment.Job instance at 0x7ff7c8bb3690>,98,3,[ 4 13],99,-1,447,-1,444
1,<environment.Job instance at 0x7ff7c8bb3aa0>,101,12,[13  1],102,-1,469,-1,457
1,<environment.Job instance at 0x7ff7c8bb34b0>,103,13,[ 4 13],104,-1,477,-1,464
1,<environment.Job instance at 0x7ff7c9071f50>,104,18,[11  5],105,-1,482,-1,464
1,<environment.Job instance at 0x7ff7c9071460>,105,15,[5 1],106,-1,479,-1,464
1,<environment.Job instance at 0x7ff7c9071280>,107,24,[10  4],108,-1,500,-1,476
1,<environment.Job instance at 0x7ff7c9071690>,108,25,[5 1],109,-1,501,-1,476
1,<environment.Job instance at 0x7ff7c9071b90>,110,13,[ 5 13],111,-1,494,-1,481
1,<environment.Job instance at 0x7ff7c90718c0>,113,23,[7 5],114,-1,519,-1,496
1,<environment.Job instance at 0x7ff7c90711e0>,114,26,[ 5 13],115,-1,522,-1,496
1,<environment.Job instance at 0x7ff7c9967410>,118,23,[3 5],119,-1,551,-1,528
1,<environment.Job instance at 0x7ff7c99670f0>,121,23,[5 3],122,-1,581,-1,558
1,<environment.Job instance at 0x7ff7c9967dc0>,124,27,[5 6],125,-1,603,-1,576
1,<environment.Job instance at 0x7ff7ca2e27d0>,127,26,[ 2 12],128,-1,617,-1,591
1,<environment.Job instance at 0x7ff7ca2e25a0>,129,3,[ 2 11],130,-1,594,-1,591
1,<environment.Job instance at 0x7ff7c8edc190>,131,16,[14  5],132,-1,620,-1,604
1,<environment.Job instance at 0x7ff7d2d30a00>,132,24,[5 1],133,-1,628,-1,604
1,<environment.Job instance at 0x7ff7c9dadb90>,133,17,[ 5 12],134,-1,621,-1,604
1,<environment.Job instance at 0x7ff7c9c0ba00>,135,12,[5 1],136,-1,623,-1,611
1,<environment.Job instance at 0x7ff7c90e95f0>,136,1,[5 8],137,-1,612,-1,611
1,<environment.Job instance at 0x7ff7c90e9e60>,139,1,[8 4],140,-1,639,-1,638
1,<environment.Job instance at 0x7ff7c9c7ef50>,140,12,[6 1],141,-1,650,-1,638
1,<environment.Job instance at 0x7ff7c90e9780>,141,24,[1 9],142,-1,662,-1,638
1,<environment.Job instance at 0x7ff7ca390fa0>,142,1,[7 2],143,-1,639,-1,638
1,<environment.Job instance at 0x7ff7d2b18fa0>,145,15,[14  2],146,-1,653,-1,638
1,<environment.Job instance at 0x7ff7c9df92d0>,146,1,[6 2],147,-1,639,-1,638
1,<environment.Job instance at 0x7ff7ca4bb690>,147,13,[ 5 11],148,-1,651,-1,638
1,<environment.Job instance at 0x7ff7c9aa78c0>,148,12,[12  2],149,-1,650,-1,638
1,<environment.Job instance at 0x7ff7c9201d20>,150,17,[ 4 14],151,-1,666,-1,649
1,<environment.Job instance at 0x7ff7c9c19820>,3,19,[ 1 11],4,-1,23,-1,4
1,<environment.Job instance at 0x7ff7c9c19280>,4,26,[5 3],5,-1,31,-1,5
1,<environment.Job instance at 0x7ff7c9c19870>,7,13,[11  3],8,-1,21,-1,8
1,<environment.Job instance at 0x7ff7ca109190>,13,20,[ 1 13],14,-1,52,-1,32
1,<environment.Job instance at 0x7ff7c9c19910>,8,20,[9 1],9,-1,194,-1,174
1,<environment.Job instance at 0x7ff7ca0f51e0>,36,1,[10  5],37,-1,175,-1,174
1,<environment.Job instance at 0x7ff7ca0f5320>,39,28,[4 8],40,-1,223,-1,195
1,<environment.Job instance at 0x7ff7ca0f53c0>,40,28,[1 5],41,-1,224,-1,196
1,<environment.Job instance at 0x7ff7ca0f5460>,41,1,[9 5],42,-1,198,-1,197
1,<environment.Job instance at 0x7ff7ca0f5500>,42,14,[ 5 11],43,-1,211,-1,197
1,<environment.Job instance at 0x7ff7ca0f55a0>,43,13,[12  1],44,-1,210,-1,197
1,<environment.Job instance at 0x7ff7ca0f5870>,47,28,[ 1 10],48,-1,252,-1,224
1,<environment.Job instance at 0x7ff7ca0f59b0>,49,15,[ 3 12],50,-1,239,-1,224
1,<environment.Job instance at 0x7ff7ca0f5cd0>,54,15,[14  1],55,-1,287,-1,272
1,<environment.Job instance at 0x7ff7ca0f5d70>,55,25,[5 6],56,-1,297,-1,272
1,<environment.Job instance at 0x7ff7ca0f5e10>,56,28,[1 5],57,-1,300,-1,272
1,<environment.Job instance at 0x7ff7ca0f5eb0>,57,17,[14  1],58,-1,289,-1,272
1,<environment.Job instance at 0x7ff7ca0f5230>,59,14,[11  3],60,-1,290,-1,276
1,<environment.Job instance at 0x7ff7ca0f5140>,60,22,[11  4],61,-1,298,-1,276
1,<environment.Job instance at 0x7ff7c951b280>,61,14,[ 4 14],62,-1,290,-1,276
1,<environment.Job instance at 0x7ff7c951b2d0>,62,17,[ 1 11],63,-1,293,-1,276
1,<environment.Job instance at 0x7ff7c951b500>,64,23,[9 5],65,-1,315,-1,292
1,<environment.Job instance at 0x7ff7c951b4b0>,65,23,[ 5 14],66,-1,315,-1,292
1,<environment.Job instance at 0x7ff7c951b5a0>,68,12,[13  4],69,-1,305,-1,293
1,<environment.Job instance at 0x7ff7c951ba50>,72,2,[5 2],73,-1,314,-1,312
1,<environment.Job instance at 0x7ff7c951baf0>,73,13,[ 1 13],74,-1,325,-1,312
1,<environment.Job instance at 0x7ff7c951b410>,76,13,[12  1],77,-1,337,-1,324
1,<environment.Job instance at 0x7ff7c951beb0>,78,26,[ 5 10],79,-1,370,-1,344
1,<environment.Job instance at 0x7ff7c951bf50>,79,27,[2 7],80,-1,371,-1,344
1,<environment.Job instance at 0x7ff7c951a190>,82,1,[ 1 10],83,-1,358,-1,357
1,<environment.Job instance at 0x7ff7c951a280>,83,13,[12  2],84,-1,370,-1,357
1,<environment.Job instance at 0x7ff7c951a0a0>,85,26,[11  4],86,-1,398,-1,372
1,<environment.Job instance at 0x7ff7c951a910>,93,12,[12  2],94,-1,438,-1,426
1,<environment.Job instance at 0x7ff7c8f170f0>,99,14,[ 5 12],100,-1,479,-1,465
1,<environment.Job instance at 0x7ff7c9f1e1e0>,102,28,[ 1 12],103,-1,516,-1,488
1,<environment.Job instance at 0x7ff7c9d06550>,109,12,[10  1],110,-1,531,-1,519
1,<environment.Job instance at 0x7ff7c98875a0>,121,26,[5 6],122,-1,658,-1,632
1,<environment.Job instance at 0x7ff7c92f83c0>,125,26,[11  1],126,-1,690,-1,664
1,<environment.Job instance at 0x7ff7c92f81e0>,126,24,[12  2],127,-1,688,-1,664
1,<environment.Job instance at 0x7ff7c92fb8c0>,130,3,[ 5 14],131,-1,686,-1,683
1,<environment.Job instance at 0x7ff7c8f16140>,131,18,[ 3 12],132,-1,701,-1,683
1,<environment.Job instance at 0x7ff7c96c1640>,135,23,[5 9],136,-1,725,-1,702
1,<environment.Job instance at 0x7ff7c8f16dc0>,136,23,[9 5],137,-1,725,-1,702
1,<environment.Job instance at 0x7ff7c96c1500>,138,26,[ 4 12],139,-1,743,-1,717
1,<environment.Job instance at 0x7ff7c96c1190>,139,1,[ 2 14],140,-1,718,-1,717
1,<environment.Job instance at 0x7ff7c96c1e60>,140,25,[12  5],141,-1,742,-1,717
1,<environment.Job instance at 0x7ff7c96c1f50>,143,17,[13  3],144,-1,752,-1,735
1,<environment.Job instance at 0x7ff7c96c11e0>,144,20,[ 4 11],145,-1,755,-1,735
1,<environment.Job instance at 0x7ff7c96c1d20>,147,25,[8 5],148,-1,767,-1,742
1,<environment.Job instance at 0x7ff7c8ef2140>,148,18,[11  3],149,-1,771,-1,753
1,<environment.Job instance at 0x7ff7c8ef2f00>,149,27,[13  5],150,-1,780,-1,753
1,<environment.Job instance at 0x7ff7c93002d0>,151,14,[ 4 13],152,-1,780,-1,766
1,<environment.Job instance at 0x7ff7c93007d0>,153,12,[12  1],162,-1,778,-1,766
1,<environment.Job instance at 0x7ff7c9300b90>,155,17,[ 3 13],175,-1,783,-1,766
1,<environment.Job instance at 0x7ff7c8e03e10>,1,24,[5 3],2,-1,26,-1,2
1,<environment.Job instance at 0x7ff7c8e5f690>,4,19,[12  3],5,-1,24,-1,5
1,<environment.Job instance at 0x7ff7c8e5fe10>,5,25,[2 6],6,-1,31,-1,6
1,<environment.Job instance at 0x7ff7c8e6c140>,8,28,[4 6],9,-1,37,-1,9
1,<environment.Job instance at 0x7ff7c8e03f00>,10,18,[11  5],11,-1,31,-1,13
1,<environment.Job instance at 0x7ff7c8e6cdc0>,14,28,[4 7],15,-1,43,-1,15
1,<environment.Job instance at 0x7ff7c8e1d5a0>,16,24,[11  4],17,-1,41,-1,17
1,<environment.Job instance at 0x7ff7c8e1dc80>,17,3,[7 3],18,-1,21,-1,18
1,<environment.Job instance at 0x7ff7c8e1de10>,20,24,[9 4],21,-1,61,-1,37
1,<environment.Job instance at 0x7ff7c8e920f0>,23,16,[ 1 12],24,-1,62,-1,46
1,<environment.Job instance at 0x7ff7c8e92aa0>,25,12,[ 2 12],26,-1,70,-1,58
1,<environment.Job instance at 0x7ff7c9315640>,30,17,[ 3 14],31,-1,102,-1,85
1,<environment.Job instance at 0x7ff7c8d40190>,31,16,[12  1],32,-1,101,-1,85
1,<environment.Job instance at 0x7ff7c8d40050>,33,17,[13  3],34,-1,113,-1,96
1,<environment.Job instance at 0x7ff7c8d40b40>,38,12,[ 3 11],39,-1,138,-1,126
1,<environment.Job instance at 0x7ff7c8d40f50>,39,27,[13  4],40,-1,153,-1,126
1,<environment.Job instance at 0x7ff7c8d40e10>,40,15,[ 3 14],41,-1,141,-1,126
1,<environment.Job instance at 0x7ff7c8d40d20>,43,14,[13  2],44,-1,155,-1,141
1,<environment.Job instance at 0x7ff7c8d40eb0>,44,21,[9 5],45,-1,196,-1,175
1,<environment.Job instance at 0x7ff7c8cb5eb0>,51,3,[7 3],52,-1,178,-1,175
1,<environment.Job instance at 0x7ff7c99e7eb0>,52,19,[14  4],53,-1,194,-1,175
1,<environment.Job instance at 0x7ff7c99e7820>,54,26,[ 2 10],55,-1,213,-1,187
1,<environment.Job instance at 0x7ff7c99e7640>,55,1,[6 2],56,-1,188,-1,187
1,<environment.Job instance at 0x7ff7c8f27500>,57,17,[14  4],58,-1,209,-1,192
1,<environment.Job instance at 0x7ff7c8f27460>,58,3,[14  4],59,-1,195,-1,192
1,<environment.Job instance at 0x7ff7c8f279b0>,59,13,[3 8],60,-1,205,-1,192
1,<environment.Job instance at 0x7ff7c8f27910>,60,14,[12  5],61,-1,206,-1,192
1,<environment.Job instance at 0x7ff7c9d16a50>,61,2,[2 7],62,-1,194,-1,192
1,<environment.Job instance at 0x7ff7c9d16c80>,62,13,[2 6],63,-1,205,-1,192
1,<environment.Job instance at 0x7ff7c9d166e0>,64,2,[2 5],65,-1,206,-1,204
1,<environment.Job instance at 0x7ff7c9d164b0>,65,22,[14  4],66,-1,226,-1,204
1,<environment.Job instance at 0x7ff7c9e4b9b0>,66,16,[14  2],67,-1,220,-1,204
1,<environment.Job instance at 0x7ff7c9d16820>,67,15,[5 1],68,-1,219,-1,204
1,<environment.Job instance at 0x7ff7c962adc0>,69,2,[ 2 11],70,-1,206,-1,204
1,<environment.Job instance at 0x7ff7c962af00>,70,13,[1 5],71,-1,217,-1,204
1,<environment.Job instance at 0x7ff7c962a820>,71,3,[7 5],72,-1,207,-1,204
1,<environment.Job instance at 0x7ff7c962ab40>,72,15,[3 8],73,-1,219,-1,204
1,<environment.Job instance at 0x7ff7c962a0f0>,73,23,[14  5],74,-1,227,-1,204
1,<environment.Job instance at 0x7ff7c962a960>,75,12,[6 4],76,-1,222,-1,210
1,<environment.Job instance at 0x7ff7c962abe0>,76,14,[ 2 10],77,-1,224,-1,210
1,<environment.Job instance at 0x7ff7c962a3c0>,78,14,[12  4],79,-1,232,-1,218
1,<environment.Job instance at 0x7ff7c962a140>,79,3,[1 6],80,-1,221,-1,218
1,<environment.Job instance at 0x7ff7c962a190>,80,25,[ 4 10],81,-1,243,-1,218
1,<environment.Job instance at 0x7ff7c962ae60>,81,22,[9 1],82,-1,240,-1,218
1,<environment.Job instance at 0x7ff7c962ac30>,83,1,[6 5],84,-1,223,-1,222
1,<environment.Job instance at 0x7ff7c95f40f0>,84,14,[ 2 11],85,-1,236,-1,222
1,<environment.Job instance at 0x7ff7c95f47d0>,85,18,[ 2 11],86,-1,240,-1,222
1,<environment.Job instance at 0x7ff7c95f4fa0>,86,18,[12  3],87,-1,240,-1,222
1,<environment.Job instance at 0x7ff7c95f4050>,87,19,[ 2 12],88,-1,241,-1,222
1,<environment.Job instance at 0x7ff7c95f4640>,88,13,[5 2],89,-1,235,-1,222
1,<environment.Job instance at 0x7ff7c95f4d70>,90,17,[ 5 14],91,-1,242,-1,225
1,<environment.Job instance at 0x7ff7c95f4a50>,91,25,[ 1 11],92,-1,250,-1,225
1,<environment.Job instance at 0x7ff7c95f4aa0>,92,1,[3 7],93,-1,226,-1,225
1,<environment.Job instance at 0x7ff7c95f4e10>,95,23,[8 4],96,-1,264,-1,241
1,<environment.Job instance at 0x7ff7c95f4dc0>,96,12,[12  1],97,-1,253,-1,241
1,<environment.Job instance at 0x7ff7c95f41e0>,97,17,[ 4 11],98,-1,258,-1,241
1,<environment.Job instance at 0x7ff7c95f44b0>,100,25,[5 1],101,-1,284,-1,259
1,<environment.Job instance at 0x7ff7c95f4500>,101,2,[14  3],102,-1,261,-1,259
1,<environment.Job instance at 0x7ff7c95f45a0>,102,27,[10  5],103,-1,286,-1,259
1,<environment.Job instance at 0x7ff7c95f42d0>,103,15,[ 3 10],104,-1,274,-1,259
1,<environment.Job instance at 0x7ff7c96294b0>,106,16,[2 9],107,-1,300,-1,284
1,<environment.Job instance at 0x7ff7c96299b0>,107,18,[ 1 13],108,-1,302,-1,284
1,<environment.Job instance at 0x7ff7c9629500>,108,26,[ 1 12],109,-1,310,-1,284
1,<environment.Job instance at 0x7ff7c9629fa0>,109,19,[12  1],110,-1,303,-1,284
1,<environment.Job instance at 0x7ff7c9629280>,110,22,[ 2 12],111,-1,306,-1,284
1,<environment.Job instance at 0x7ff7c9629050>,111,15,[10  2],112,-1,299,-1,284
1,<environment.Job instance at 0x7ff7c9629820>,112,20,[12  3],113,-1,304,-1,284
1,<environment.Job instance at 0x7ff7c9629e10>,113,17,[14  4],114,-1,301,-1,284
1,<environment.Job instance at 0x7ff7c9629a00>,114,17,[12  2],115,-1,301,-1,284
1,<environment.Job instance at 0x7ff7c9629230>,115,17,[ 2 13],116,-1,301,-1,284
1,<environment.Job instance at 0x7ff7c9629460>,116,15,[3 8],117,-1,301,-1,286
1,<environment.Job instance at 0x7ff7c96297d0>,117,26,[ 3 14],118,-1,312,-1,286
1,<environment.Job instance at 0x7ff7c9629b40>,119,26,[1 5],120,-1,312,-1,286
1,<environment.Job instance at 0x7ff7c96291e0>,120,13,[2 8],121,-1,299,-1,286
1,<environment.Job instance at 0x7ff7c9629370>,121,18,[11  2],122,-1,304,-1,286
1,<environment.Job instance at 0x7ff7c96295a0>,122,15,[11  1],123,-1,301,-1,286
1,<environment.Job instance at 0x7ff7c9629730>,124,23,[7 1],125,-1,313,-1,290
1,<environment.Job instance at 0x7ff7c9e07370>,125,12,[ 4 13],126,-1,302,-1,290
1,<environment.Job instance at 0x7ff7c9344fa0>,127,15,[10  5],128,-1,318,-1,303
1,<environment.Job instance at 0x7ff7c9cdc140>,128,27,[ 3 12],129,-1,330,-1,303
1,<environment.Job instance at 0x7ff7c9bda140>,129,24,[7 1],130,-1,327,-1,303
1,<environment.Job instance at 0x7ff7c91651e0>,130,13,[5 1],131,-1,316,-1,303
1,<environment.Job instance at 0x7ff7c9648b90>,131,2,[ 2 12],132,-1,305,-1,303
1,<environment.Job instance at 0x7ff7c96481e0>,132,13,[ 3 11],133,-1,316,-1,303
1,<environment.Job instance at 0x7ff7c8ee2b40>,133,17,[ 1 10],134,-1,320,-1,303
1,<environment.Job instance at 0x7ff7c9f36be0>,136,15,[13  1],137,-1,322,-1,307
1,<environment.Job instance at 0x7ff7c9f36730>,139,12,[3 7],140,-1,336,-1,324
1,<environment.Job instance at 0x7ff7c924cf50>,140,17,[12  4],141,-1,341,-1,324
1,<environment.Job instance at 0x7ff7c8f89cd0>,141,18,[2 9],142,-1,342,-1,324
1,<environment.Job instance at 0x7ff7c9f36870>,142,2,[12  3],143,-1,326,-1,324
1,<environment.Job instance at 0x7ff7c9455aa0>,144,12,[3 6],145,-1,336,-1,324
1,<environment.Job instance at 0x7ff7c8b89be0>,145,14,[7 2],146,-1,338,-1,324
1,<environment.Job instance at 0x7ff7c947f500>,146,19,[14  5],147,-1,343,-1,324
1,<environment.Job instance at 0x7ff7c9f2a820>,147,13,[10  2],148,-1,337,-1,324
1,<environment.Job instance at 0x7ff7ca45f050>,148,24,[ 5 12],149,-1,348,-1,324
1,<environment.Job instance at 0x7ff7c93df0a0>,149,25,[9 4],150,-1,349,-1,324
1,<environment.Job instance at 0x7ff7c8bbe050>,150,20,[7 2],151,-1,345,-1,325
1,<environment.Job instance at 0x7ff7d30c5050>,151,16,[1 9],152,-1,341,-1,325
1,<environment.Job instance at 0x7ff7c90ed6e0>,152,12,[6 3],153,-1,337,-1,325
1,<environment.Job instance at 0x7ff7c97bc2d0>,154,15,[14  5],155,-1,352,-1,337
1,<environment.Job instance at 0x7ff7ca0b5910>,156,13,[10  2],157,-1,355,-1,342
1,<environment.Job instance at 0x7ff7c93bb370>,157,13,[10  1],158,-1,355,-1,342
1,<environment.Job instance at 0x7ff7ca037870>,159,20,[ 4 14],160,-1,378,-1,358
1,<environment.Job instance at 0x7ff7c9054640>,160,17,[14  1],161,-1,375,-1,358
1,<environment.Job instance at 0x7ff7c9ba9640>,161,16,[13  2],162,-1,374,-1,358
1,<environment.Job instance at 0x7ff7c9f8deb0>,163,2,[6 2],164,-1,360,-1,358
1,<environment.Job instance at 0x7ff7d3131140>,165,2,[ 1 12],166,-1,374,-1,372
1,<environment.Job instance at 0x7ff7c8d29a00>,167,20,[ 1 13],168,-1,396,-1,376
1,<environment.Job instance at 0x7ff7ca332f00>,169,17,[ 1 13],176,-1,401,-1,384
1,<environment.Job instance at 0x7ff7d2e41e10>,170,3,[10  5],177,-1,387,-1,384
1,<environment.Job instance at 0x7ff7c8e6ca00>,12,17,[ 3 14],13,-1,508,-1,491
1,<environment.Job instance at 0x7ff7c8cb5c80>,48,15,[ 4 12],49,-1,506,-1,491
1,<environment.Job instance at 0x7ff7c8e6c0a0>,2,20,[ 2 11],3,-1,23,-1,3
1,<environment.Job instance at 0x7ff7c9b06230>,4,16,[ 1 13],5,-1,21,-1,5
1,<environment.Job instance at 0x7ff7c9b06370>,7,2,[2 7],8,-1,12,-1,10
1,<environment.Job instance at 0x7ff7c9b06730>,12,28,[13  1],13,-1,62,-1,34
1,<environment.Job instance at 0x7ff7c9b062d0>,13,18,[ 2 14],14,-1,52,-1,34
1,<environment.Job instance at 0x7ff7ca2a6550>,20,3,[ 3 10],21,-1,92,-1,89
1,<environment.Job instance at 0x7ff7ca2a6320>,29,15,[14  4],30,-1,144,-1,129
1,<environment.Job instance at 0x7ff7ca2a6190>,30,2,[10  3],31,-1,131,-1,129
1,<environment.Job instance at 0x7ff7ca2a6a00>,33,27,[ 3 11],34,-1,167,-1,140
1,<environment.Job instance at 0x7ff7c9f2f1e0>,36,17,[12  2],37,-1,167,-1,150
1,<environment.Job instance at 0x7ff7c9f2fa50>,39,16,[11  5],40,-1,206,-1,190
1,<environment.Job instance at 0x7ff7c9f2fb40>,45,12,[14  5],46,-1,238,-1,226
1,<environment.Job instance at 0x7ff7c9dd8320>,46,17,[ 5 12],47,-1,243,-1,226
1,<environment.Job instance at 0x7ff7c9dd8050>,47,26,[9 4],48,-1,252,-1,226
1,<environment.Job instance at 0x7ff7c9dd8730>,49,1,[7 2],50,-1,236,-1,235
1,<environment.Job instance at 0x7ff7c9dd8d70>,51,12,[ 2 14],52,-1,251,-1,239
1,<environment.Job instance at 0x7ff7c9dd8370>,53,13,[10  2],54,-1,272,-1,259
1,<environment.Job instance at 0x7ff7c9dd8d20>,54,12,[13  4],55,-1,271,-1,259
1,<environment.Job instance at 0x7ff7c9dd8410>,55,3,[9 3],56,-1,262,-1,259
1,<environment.Job instance at 0x7ff7c9dd8870>,56,14,[ 3 12],57,-1,273,-1,259
1,<environment.Job instance at 0x7ff7c9dd88c0>,57,16,[13  2],58,-1,275,-1,259
1,<environment.Job instance at 0x7ff7c8ed4500>,60,28,[ 5 12],61,-1,292,-1,264
1,<environment.Job instance at 0x7ff7c8ed4af0>,61,2,[ 1 10],62,-1,266,-1,264
1,<environment.Job instance at 0x7ff7c8ed4eb0>,62,1,[7 4],63,-1,265,-1,264
1,<environment.Job instance at 0x7ff7ca103cd0>,65,3,[7 4],66,-1,275,-1,272
1,<environment.Job instance at 0x7ff7ca103aa0>,67,25,[12  1],68,-1,304,-1,279
1,<environment.Job instance at 0x7ff7ca103500>,70,3,[9 5],71,-1,302,-1,299
1,<environment.Job instance at 0x7ff7d30b93c0>,72,28,[9 5],73,-1,327,-1,299
1,<environment.Job instance at 0x7ff7d30b9f50>,74,12,[11  1],75,-1,314,-1,302
1,<environment.Job instance at 0x7ff7d30b9cd0>,75,1,[12  5],76,-1,303,-1,302
1,<environment.Job instance at 0x7ff7d30b9780>,76,2,[1 8],77,-1,304,-1,302
1,<environment.Job instance at 0x7ff7d30b9fa0>,78,28,[6 2],79,-1,341,-1,313
1,<environment.Job instance at 0x7ff7c966ae60>,84,28,[ 4 10],85,-1,388,-1,360
1,<environment.Job instance at 0x7ff7c9ae3f50>,85,25,[5 3],86,-1,385,-1,360
1,<environment.Job instance at 0x7ff7c91f7370>,87,13,[14  1],88,-1,373,-1,360
1,<environment.Job instance at 0x7ff7c933e910>,89,15,[ 2 13],90,-1,395,-1,380
1,<environment.Job instance at 0x7ff7c933ebe0>,90,1,[7 5],91,-1,381,-1,380
1,<environment.Job instance at 0x7ff7ca4467d0>,93,24,[5 8],94,-1,421,-1,397
1,<environment.Job instance at 0x7ff7d2fedeb0>,95,24,[ 4 11],96,-1,430,-1,406
1,<environment.Job instance at 0x7ff7d2feddc0>,97,28,[8 4],98,-1,441,-1,413
1,<environment.Job instance at 0x7ff7c91ed0f0>,103,16,[ 5 12],104,-1,479,-1,463
1,<environment.Job instance at 0x7ff7d2fed550>,104,17,[13  5],105,-1,480,-1,463
1,<environment.Job instance at 0x7ff7c91ed690>,105,22,[ 3 12],106,-1,485,-1,463
1,<environment.Job instance at 0x7ff7c9fdedc0>,106,13,[14  4],107,-1,476,-1,463
1,<environment.Job instance at 0x7ff7c9fdeeb0>,107,24,[ 2 14],108,-1,487,-1,463
1,<environment.Job instance at 0x7ff7c94e2be0>,112,20,[13  3],113,-1,497,-1,477
1,<environment.Job instance at 0x7ff7c94e2190>,114,17,[13  1],115,-1,501,-1,484
1,<environment.Job instance at 0x7ff7c94e2140>,116,3,[10  5],117,-1,492,-1,489
1,<environment.Job instance at 0x7ff7c952f730>,117,12,[12  5],118,-1,501,-1,489
1,<environment.Job instance at 0x7ff7c9bd8550>,119,24,[3 6],120,-1,521,-1,497
1,<environment.Job instance at 0x7ff7c94e2dc0>,122,2,[4 9],123,-1,515,-1,513
1,<environment.Job instance at 0x7ff7c977bd70>,126,22,[ 4 11],127,-1,556,-1,534
1,<environment.Job instance at 0x7ff7c90972d0>,128,14,[13  5],129,-1,558,-1,544
1,<environment.Job instance at 0x7ff7c963db90>,129,23,[4 6],130,-1,573,-1,550
1,<environment.Job instance at 0x7ff7ca47bb40>,132,18,[ 4 13],133,-1,570,-1,552
1,<environment.Job instance at 0x7ff7ca47b550>,133,2,[1 6],134,-1,554,-1,552
1,<environment.Job instance at 0x7ff7ca47b0a0>,134,12,[ 2 12],135,-1,564,-1,552
1,<environment.Job instance at 0x7ff7ca03c9b0>,150,13,[ 1 14],151,-1,756,-1,743
1,<environment.Job instance at 0x7ff7ca03c7d0>,151,15,[ 3 14],152,-1,758,-1,743
1,<environment.Job instance at 0x7ff7ca03c0f0>,152,2,[10  3],153,-1,745,-1,743
1,<environment.Job instance at 0x7ff7c94b1870>,154,27,[6 3],155,-1,770,-1,743
1,<environment.Job instance at 0x7ff7c94b1460>,155,1,[6 5],156,-1,744,-1,743
1,<environment.Job instance at 0x7ff7c94b1a00>,159,13,[ 3 14],170,-1,776,-1,763
1,<environment.Job instance at 0x7ff7c95b46e0>,5,1,[12  1],6,-1,7,-1,6
1,<environment.Job instance at 0x7ff7c95db190>,7,3,[ 3 12],8,-1,11,-1,8
1,<environment.Job instance at 0x7ff7c95db2d0>,8,1,[3 8],9,-1,10,-1,9
1,<environment.Job instance at 0x7ff7c95db320>,9,2,[4 7],10,-1,12,-1,10
1,<environment.Job instance at 0x7ff7c95db780>,14,22,[5 1],15,-1,47,-1,25
1,<environment.Job instance at 0x7ff7c95db820>,16,26,[9 2],17,-1,51,-1,25
1,<environment.Job instance at 0x7ff7c95db8c0>,17,24,[9 2],18,-1,49,-1,25
1,<environment.Job instance at 0x7ff7c95db960>,18,12,[9 2],19,-1,38,-1,26
1,<environment.Job instance at 0x7ff7c95dba00>,19,25,[6 2],20,-1,51,-1,26
1,<environment.Job instance at 0x7ff7c95dbdc0>,24,12,[ 1 12],25,-1,88,-1,76
1,<environment.Job instance at 0x7ff7c95dbc80>,25,22,[12  4],26,-1,98,-1,76
1,<environment.Job instance at 0x7ff7c95dbe60>,26,27,[ 1 13],27,-1,103,-1,76
1,<environment.Job instance at 0x7ff7c95dbfa0>,27,18,[ 2 12],28,-1,94,-1,76
1,<environment.Job instance at 0x7ff7c95cf140>,29,25,[ 4 14],30,-1,102,-1,77
1,<environment.Job instance at 0x7ff7c95cf1e0>,30,19,[ 3 14],31,-1,96,-1,77
1,<environment.Job instance at 0x7ff7c95cf370>,32,17,[ 2 11],33,-1,99,-1,82
1,<environment.Job instance at 0x7ff7c95cf7d0>,37,1,[2 5],38,-1,117,-1,116
1,<environment.Job instance at 0x7ff7c95cf780>,38,23,[5 6],39,-1,143,-1,120
1,<environment.Job instance at 0x7ff7c95cf460>,39,3,[6 1],40,-1,123,-1,120
1,<environment.Job instance at 0x7ff7c95cfa50>,43,17,[ 4 11],44,-1,164,-1,147
1,<environment.Job instance at 0x7ff7c95cfb90>,45,12,[ 1 14],46,-1,159,-1,147
1,<environment.Job instance at 0x7ff7c95cfcd0>,47,28,[ 1 14],48,-1,175,-1,147
1,<environment.Job instance at 0x7ff7c95cfdc0>,48,23,[5 6],49,-1,174,-1,151
1,<environment.Job instance at 0x7ff7c95cfe60>,49,24,[ 4 14],50,-1,175,-1,151
1,<environment.Job instance at 0x7ff7c95cff00>,50,12,[ 4 14],51,-1,163,-1,151
1,<environment.Job instance at 0x7ff7c95cf410>,51,23,[11  2],52,-1,174,-1,151
1,<environment.Job instance at 0x7ff7c95eba00>,53,14,[12  1],54,-1,179,-1,165
1,<environment.Job instance at 0x7ff7c95eb640>,54,27,[ 5 10],55,-1,192,-1,165
1,<environment.Job instance at 0x7ff7c95ebe60>,55,28,[13  4],56,-1,193,-1,165
1,<environment.Job instance at 0x7ff7c95ebfa0>,56,24,[5 2],57,-1,189,-1,165
1,<environment.Job instance at 0x7ff7c95eb910>,57,18,[ 4 12],58,-1,183,-1,165
1,<environment.Job instance at 0x7ff7c95eb460>,58,25,[11  1],59,-1,190,-1,165
1,<environment.Job instance at 0x7ff7c95ebc30>,59,20,[11  4],60,-1,185,-1,165
1,<environment.Job instance at 0x7ff7c95eb190>,60,28,[6 5],61,-1,193,-1,165
1,<environment.Job instance at 0x7ff7c95ebbe0>,61,26,[2 6],62,-1,191,-1,165
1,<environment.Job instance at 0x7ff7c95ebd20>,63,3,[2 7],64,-1,170,-1,167
1,<environment.Job instance at 0x7ff7c95eb6e0>,66,25,[ 4 13],67,-1,215,-1,190
1,<environment.Job instance at 0x7ff7c95ebe10>,67,28,[1 6],68,-1,229,-1,201
1,<environment.Job instance at 0x7ff7c95eb0a0>,69,22,[ 3 13],70,-1,223,-1,201
1,<environment.Job instance at 0x7ff7c95eb500>,70,15,[13  3],71,-1,216,-1,201
1,<environment.Job instance at 0x7ff7c95eb960>,71,16,[ 1 13],72,-1,217,-1,201
1,<environment.Job instance at 0x7ff7c95eb050>,72,13,[12  5],73,-1,214,-1,201
1,<environment.Job instance at 0x7ff7c95ebd70>,75,26,[12  4],76,-1,237,-1,211
1,<environment.Job instance at 0x7ff7c95c11e0>,76,19,[ 5 12],77,-1,230,-1,211
1,<environment.Job instance at 0x7ff7c95c1410>,79,27,[10  2],80,-1,256,-1,229
1,<environment.Job instance at 0x7ff7c95c14b0>,80,26,[ 3 13],81,-1,255,-1,229
1,<environment.Job instance at 0x7ff7c95c1550>,81,28,[9 5],82,-1,257,-1,229
1,<environment.Job instance at 0x7ff7c95c1730>,82,24,[8 5],83,-1,253,-1,229
1,<environment.Job instance at 0x7ff7c95c1370>,84,1,[10  1],85,-1,242,-1,241
1,<environment.Job instance at 0x7ff7c95c1be0>,90,3,[9 1],91,-1,296,-1,293
1,<environment.Job instance at 0x7ff7c95c1c80>,91,25,[ 3 13],92,-1,318,-1,293
1,<environment.Job instance at 0x7ff7c95c1d20>,92,1,[12  1],93,-1,294,-1,293
1,<environment.Job instance at 0x7ff7c95c1e60>,94,28,[14  1],95,-1,332,-1,304
1,<environment.Job instance at 0x7ff7c95c1f00>,95,23,[5 5],96,-1,331,-1,308
1,<environment.Job instance at 0x7ff7c95c1fa0>,96,28,[ 5 12],97,-1,336,-1,308
1,<environment.Job instance at 0x7ff7c95c1820>,97,2,[3 5],98,-1,310,-1,308
1,<environment.Job instance at 0x7ff7c95e7140>,98,24,[ 2 11],99,-1,332,-1,308
1,<environment.Job instance at 0x7ff7c95e7280>,100,13,[13  4],101,-1,327,-1,314
1,<environment.Job instance at 0x7ff7c95e74b0>,101,15,[ 4 12],102,-1,329,-1,314
1,<environment.Job instance at 0x7ff7c95e75a0>,103,20,[12  2],104,-1,336,-1,316
1,<environment.Job instance at 0x7ff7c95e76e0>,105,28,[13  4],106,-1,358,-1,330
1,<environment.Job instance at 0x7ff7c95e7780>,106,16,[13  2],107,-1,346,-1,330
1,<environment.Job instance at 0x7ff7c95e7820>,107,16,[ 5 12],108,-1,346,-1,330
1,<environment.Job instance at 0x7ff7c95e7a00>,110,24,[ 5 13],111,-1,373,-1,349
1,<environment.Job instance at 0x7ff7c95e7aa0>,111,13,[ 4 14],112,-1,362,-1,349
1,<environment.Job instance at 0x7ff7c95e7b40>,112,2,[5 4],113,-1,351,-1,349
1,<environment.Job instance at 0x7ff7c95e7c80>,114,18,[ 5 13],115,-1,367,-1,349
1,<environment.Job instance at 0x7ff7c95e7d20>,115,26,[1 5],116,-1,382,-1,356
1,<environment.Job instance at 0x7ff7c95e7f00>,116,14,[ 4 11],117,-1,370,-1,356
1,<environment.Job instance at 0x7ff7c95e7f50>,118,25,[9 4],119,-1,381,-1,356
1,<environment.Job instance at 0x7ff7c95e7e10>,119,22,[ 4 10],120,-1,384,-1,362
1,<environment.Job instance at 0x7ff7c95b82d0>,121,13,[11  4],122,-1,381,-1,368
1,<environment.Job instance at 0x7ff7c95b83c0>,123,24,[13  5],124,-1,392,-1,368
1,<environment.Job instance at 0x7ff7c95b8460>,124,27,[2 8],125,-1,395,-1,368
1,<environment.Job instance at 0x7ff7c95b8500>,125,26,[4 6],126,-1,394,-1,368
1,<environment.Job instance at 0x7ff7c95b85a0>,126,15,[ 4 14],127,-1,383,-1,368
1,<environment.Job instance at 0x7ff7c95b8640>,127,26,[ 1 13],128,-1,394,-1,368
1,<environment.Job instance at 0x7ff7c95b8820>,129,27,[10  2],130,-1,416,-1,389
1,<environment.Job instance at 0x7ff7c95b89b0>,131,27,[8 1],132,-1,416,-1,389
1,<environment.Job instance at 0x7ff7c95b8870>,132,27,[7 2],133,-1,416,-1,389
1,<environment.Job instance at 0x7ff7c95b8b90>,134,23,[10  3],135,-1,423,-1,400
1,<environment.Job instance at 0x7ff7c9d3b320>,135,2,[2 5],136,-1,402,-1,400
1,<environment.Job instance at 0x7ff7ca329e60>,136,2,[3 9],137,-1,402,-1,400
1,<environment.Job instance at 0x7ff7ca314d70>,139,27,[4 6],140,-1,462,-1,435
1,<environment.Job instance at 0x7ff7c9d453c0>,140,1,[6 2],141,-1,436,-1,435
1,<environment.Job instance at 0x7ff7c9a09550>,143,24,[9 1],144,-1,465,-1,441
1,<environment.Job instance at 0x7ff7c9a1e960>,148,2,[1 7],149,-1,474,-1,472
1,<environment.Job instance at 0x7ff7c9d3f500>,150,2,[10  3],151,-1,475,-1,473
1,<environment.Job instance at 0x7ff7ca31e460>,152,28,[6 5],153,-1,517,-1,489
1,<environment.Job instance at 0x7ff7c9d1a6e0>,155,25,[5 3],156,-1,516,-1,491
1,<environment.Job instance at 0x7ff7c9a2bc80>,159,1,[5 2],160,-1,523,-1,522
1,<environment.Job instance at 0x7ff7c9a2beb0>,160,13,[11  2],161,-1,535,-1,522
1,<environment.Job instance at 0x7ff7c95b8c80>,162,1,[9 2],163,-1,523,-1,522
1,<environment.Job instance at 0x7ff7c95b8dc0>,164,1,[8 5],165,-1,523,-1,522
1,<environment.Job instance at 0x7ff7c95b8f50>,166,17,[ 5 14],167,-1,546,-1,529
1,<environment.Job instance at 0x7ff7c95e0190>,167,28,[10  4],168,-1,557,-1,529
1,<environment.Job instance at 0x7ff7c95b88c0>,168,2,[5 7],169,-1,531,-1,529
1,<environment.Job instance at 0x7ff7c95e02d0>,170,15,[11  1],171,-1,559,-1,544
1,<environment.Job instance at 0x7ff7c95e0370>,171,19,[ 1 12],172,-1,563,-1,544
1,<environment.Job instance at 0x7ff7c95e04b0>,173,13,[ 2 11],174,-1,574,-1,561
1,<environment.Job instance at 0x7ff7c95e0550>,174,20,[ 3 12],175,-1,581,-1,561
1,<environment.Job instance at 0x7ff7c95e07d0>,178,27,[ 5 10],179,-1,624,-1,597
1,<environment.Job instance at 0x7ff7c9d25550>,3,12,[14  1],4,-1,16,-1,4
1,<environment.Job instance at 0x7ff7c9d25870>,5,19,[13  5],6,-1,25,-1,6
1,<environment.Job instance at 0x7ff7c9d253c0>,6,24,[10  5],7,-1,31,-1,7
1,<environment.Job instance at 0x7ff7c9d25e10>,7,22,[12  2],8,-1,30,-1,8
1,<environment.Job instance at 0x7ff7c9d25e60>,9,15,[13  2],10,-1,25,-1,10
1,<environment.Job instance at 0x7ff7c9d25640>,10,26,[9 4],11,-1,37,-1,11
1,<environment.Job instance at 0x7ff7c9d25460>,12,26,[12  1],13,-1,39,-1,13
1,<environment.Job instance at 0x7ff7c9d1a5f0>,17,16,[ 1 10],18,-1,44,-1,28
1,<environment.Job instance at 0x7ff7c9d1a3c0>,18,14,[12  5],19,-1,42,-1,28
1,<environment.Job instance at 0x7ff7c9d1aaa0>,20,16,[12  5],21,-1,44,-1,28
1,<environment.Job instance at 0x7ff7c9d1a410>,22,2,[5 9],23,-1,36,-1,34
1,<environment.Job instance at 0x7ff7c929d820>,27,1,[10  2],28,-1,67,-1,66
1,<environment.Job instance at 0x7ff7c9029cd0>,28,24,[5 9],29,-1,90,-1,66
1,<environment.Job instance at 0x7ff7c8db8a50>,29,18,[ 1 12],30,-1,84,-1,66
1,<environment.Job instance at 0x7ff7d2ed0aa0>,30,28,[9 5],31,-1,94,-1,66
1,<environment.Job instance at 0x7ff7c9dca7d0>,34,24,[6 4],35,-1,97,-1,73
1,<environment.Job instance at 0x7ff7c8e2baa0>,35,12,[3 5],36,-1,85,-1,73
1,<environment.Job instance at 0x7ff7c8e2ba00>,36,25,[8 5],37,-1,98,-1,73
1,<environment.Job instance at 0x7ff7c8b89b90>,38,13,[ 2 14],39,-1,96,-1,83
1,<environment.Job instance at 0x7ff7c8b89820>,39,13,[13  3],40,-1,96,-1,83
1,<environment.Job instance at 0x7ff7c8b898c0>,40,22,[11  5],41,-1,105,-1,83
1,<environment.Job instance at 0x7ff7ca4a9c80>,41,26,[11  5],42,-1,109,-1,83
1,<environment.Job instance at 0x7ff7ca4a91e0>,42,28,[5 8],43,-1,111,-1,83
1,<environment.Job instance at 0x7ff7ca4a9e10>,43,27,[1 7],44,-1,110,-1,83
1,<environment.Job instance at 0x7ff7ca4a9e60>,45,14,[ 1 13],46,-1,114,-1,100
1,<environment.Job instance at 0x7ff7c92bb140>,48,13,[ 1 12],49,-1,115,-1,102
1,<environment.Job instance at 0x7ff7c8f897d0>,49,23,[8 2],50,-1,125,-1,102
1,<environment.Job instance at 0x7ff7c8f89500>,50,23,[2 8],51,-1,125,-1,102
1,<environment.Job instance at 0x7ff7d2e3d910>,52,13,[11  2],53,-1,133,-1,120
1,<environment.Job instance at 0x7ff7c9b433c0>,56,19,[ 1 11],57,-1,157,-1,138
1,<environment.Job instance at 0x7ff7c9be25f0>,57,24,[ 1 13],58,-1,162,-1,138
1,<environment.Job instance at 0x7ff7c9b432d0>,60,14,[14  5],61,-1,168,-1,154
1,<environment.Job instance at 0x7ff7c8dd6d20>,64,12,[ 3 14],65,-1,190,-1,178
1,<environment.Job instance at 0x7ff7ca041d70>,67,23,[ 5 12],68,-1,213,-1,190
1,<environment.Job instance at 0x7ff7ca0418c0>,70,28,[10  5],71,-1,228,-1,200
1,<environment.Job instance at 0x7ff7ca041d20>,72,28,[ 3 14],73,-1,230,-1,202
1,<environment.Job instance at 0x7ff7c9ee4870>,78,28,[14  5],79,-1,263,-1,235
1,<environment.Job instance at 0x7ff7c9ee49b0>,79,23,[10  5],80,-1,258,-1,235
1,<environment.Job instance at 0x7ff7c9ee4280>,80,23,[3 7],81,-1,258,-1,235
1,<environment.Job instance at 0x7ff7c9ee44b0>,81,24,[2 9],82,-1,259,-1,235
1,<environment.Job instance at 0x7ff7c9d67320>,82,17,[14  1],83,-1,252,-1,235
1,<environment.Job instance at 0x7ff7c9d679b0>,83,22,[11  3],84,-1,257,-1,235
1,<environment.Job instance at 0x7ff7c9d675f0>,85,28,[ 2 14],86,-1,267,-1,239
1,<environment.Job instance at 0x7ff7c9d67c80>,86,23,[13  5],87,-1,262,-1,239
1,<environment.Job instance at 0x7ff7c9cfbe10>,87,12,[ 4 13],88,-1,251,-1,239
1,<environment.Job instance at 0x7ff7c9cfb2d0>,88,20,[ 1 13],89,-1,259,-1,239
1,<environment.Job instance at 0x7ff7c9cfba50>,89,2,[11  2],90,-1,241,-1,239
1,<environment.Job instance at 0x7ff7c9a79f50>,92,1,[9 3],93,-1,270,-1,269
1,<environment.Job instance at 0x7ff7c9a84a00>,93,19,[ 3 14],94,-1,288,-1,269
1,<environment.Job instance at 0x7ff7c9a9f550>,94,18,[ 4 14],95,-1,287,-1,269
1,<environment.Job instance at 0x7ff7c8d556e0>,95,1,[12  2],96,-1,270,-1,269
1,<environment.Job instance at 0x7ff7c99d3b40>,98,26,[6 4],99,-1,307,-1,281
1,<environment.Job instance at 0x7ff7c9dc7e60>,101,24,[10  1],102,-1,310,-1,286
1,<environment.Job instance at 0x7ff7c8b7dd70>,104,15,[12  4],105,-1,329,-1,314
1,<environment.Job instance at 0x7ff7c8f653c0>,105,28,[8 3],106,-1,342,-1,314
1,<environment.Job instance at 0x7ff7c8f657d0>,106,14,[ 1 12],107,-1,328,-1,314
1,<environment.Job instance at 0x7ff7c9091b90>,108,17,[11  1],109,-1,347,-1,330
1,<environment.Job instance at 0x7ff7c8b90b40>,110,16,[ 4 13],111,-1,346,-1,330
1,<environment.Job instance at 0x7ff7c98e5050>,111,26,[8 4],112,-1,356,-1,330
1,<environment.Job instance at 0x7ff7c9de65f0>,113,18,[12  4],114,-1,363,-1,345
1,<environment.Job instance at 0x7ff7c9de6be0>,114,27,[9 3],115,-1,372,-1,345
1,<environment.Job instance at 0x7ff7ca36e7d0>,117,26,[5 6],118,-1,389,-1,363
1,<environment.Job instance at 0x7ff7c8e85640>,118,26,[3 9],119,-1,389,-1,363
1,<environment.Job instance at 0x7ff7d2b06fa0>,121,27,[3 6],122,-1,403,-1,376
1,<environment.Job instance at 0x7ff7c8de3410>,129,23,[9 5],130,-1,529,-1,506
1,<environment.Job instance at 0x7ff7c8c0e190>,139,27,[2 9],140,-1,587,-1,560
1,<environment.Job instance at 0x7ff7c8c0e8c0>,141,26,[8 5],142,-1,604,-1,578
1,<environment.Job instance at 0x7ff7c8c0eb90>,143,13,[ 2 13],144,-1,591,-1,578
1,<environment.Job instance at 0x7ff7c8c0e500>,145,27,[13  2],146,-1,614,-1,587
1,<environment.Job instance at 0x7ff7c8c0e870>,146,26,[ 5 11],147,-1,613,-1,587
1,<environment.Job instance at 0x7ff7c8c0ea50>,147,17,[13  2],148,-1,604,-1,587
1,<environment.Job instance at 0x7ff7c8c0ebe0>,148,27,[11  3],149,-1,614,-1,587
1,<environment.Job instance at 0x7ff7c8e2f640>,150,15,[ 5 13],151,-1,606,-1,591
1,<environment.Job instance at 0x7ff7c8e2feb0>,152,2,[14  4],153,-1,602,-1,600
1,<environment.Job instance at 0x7ff7c9648cd0>,153,12,[12  3],154,-1,612,-1,600
1,<environment.Job instance at 0x7ff7c96482d0>,155,26,[5 5],156,-1,629,-1,603
1,<environment.Job instance at 0x7ff7c96a4eb0>,157,15,[12  1],158,-1,633,-1,618
1,<environment.Job instance at 0x7ff7c96a4370>,158,13,[12  3],159,-1,631,-1,618
1,<environment.Job instance at 0x7ff7c8ee6c30>,160,12,[14  1],161,-1,630,-1,618
1,<environment.Job instance at 0x7ff7c8ee6230>,161,3,[4 9],162,-1,621,-1,618
1,<environment.Job instance at 0x7ff7c9514c80>,162,16,[ 2 12],163,-1,634,-1,618
1,<environment.Job instance at 0x7ff7c9514fa0>,163,20,[ 2 12],164,-1,638,-1,618
1,<environment.Job instance at 0x7ff7ca103f00>,164,27,[1 6],165,-1,645,-1,618
1,<environment.Job instance at 0x7ff7c9514280>,165,27,[10  4],166,-1,645,-1,618
1,<environment.Job instance at 0x7ff7c8dc70f0>,167,24,[9 5],168,-1,657,-1,633
1,<environment.Job instance at 0x7ff7c8dc7dc0>,170,13,[11  1],171,-1,664,-1,651
1,<environment.Job instance at 0x7ff7c8dc7410>,173,22,[ 2 11],174,-1,691,-1,669
1,<environment.Job instance at 0x7ff7c8dc7690>,174,16,[ 1 13],175,-1,685,-1,669
1,<environment.Job instance at 0x7ff7c8ea1b90>,2,18,[ 4 14],3,-1,21,-1,3
1,<environment.Job instance at 0x7ff7ca384f50>,32,15,[13  4],33,-1,275,-1,260
1,<environment.Job instance at 0x7ff7ca384f00>,40,1,[5 8],41,-1,319,-1,318
1,<environment.Job instance at 0x7ff7c978bd70>,44,18,[13  5],45,-1,348,-1,330
1,<environment.Job instance at 0x7ff7c9ab5910>,45,1,[7 5],46,-1,331,-1,330
1,<environment.Job instance at 0x7ff7c8d55780>,47,27,[4 6],48,-1,370,-1,343
1,<environment.Job instance at 0x7ff7c9aa7aa0>,54,18,[ 1 14],55,-1,398,-1,380
1,<environment.Job instance at 0x7ff7c9aa7140>,55,12,[13  3],56,-1,392,-1,380
1,<environment.Job instance at 0x7ff7c9aa70f0>,56,27,[10  1],57,-1,407,-1,380
1,<environment.Job instance at 0x7ff7c8d27730>,58,19,[ 2 11],59,-1,406,-1,387
1,<environment.Job instance at 0x7ff7c8d270a0>,61,28,[8 2],62,-1,431,-1,403
1,<environment.Job instance at 0x7ff7c8d27870>,64,18,[14  3],65,-1,443,-1,425
1,<environment.Job instance at 0x7ff7c8d27550>,65,15,[13  2],66,-1,440,-1,425
1,<environment.Job instance at 0x7ff7c8d27050>,67,2,[ 3 13],68,-1,445,-1,443
1,<environment.Job instance at 0x7ff7c8d27230>,68,26,[7 2],69,-1,469,-1,443
1,<environment.Job instance at 0x7ff7c8d27fa0>,70,22,[ 3 10],71,-1,465,-1,443
1,<environment.Job instance at 0x7ff7c8d27370>,71,21,[ 4 11],72,-1,464,-1,443
1,<environment.Job instance at 0x7ff7ca4050f0>,72,16,[ 1 12],73,-1,459,-1,443
1,<environment.Job instance at 0x7ff7c8ec72d0>,74,14,[14  4],75,-1,459,-1,445
1,<environment.Job instance at 0x7ff7c908b140>,75,26,[5 7],76,-1,471,-1,445
1,<environment.Job instance at 0x7ff7c9614aa0>,76,26,[11  1],77,-1,471,-1,445
1,<environment.Job instance at 0x7ff7c9f72aa0>,77,24,[12  1],78,-1,469,-1,445
1,<environment.Job instance at 0x7ff7c9793870>,78,28,[6 4],79,-1,473,-1,445
1,<environment.Job instance at 0x7ff7c8d82be0>,79,18,[ 1 11],80,-1,463,-1,445
1,<environment.Job instance at 0x7ff7c9525820>,82,28,[ 1 12],83,-1,502,-1,474
1,<environment.Job instance at 0x7ff7c96d75a0>,90,24,[13  2],91,-1,529,-1,505
1,<environment.Job instance at 0x7ff7c96d7c30>,91,16,[14  5],92,-1,521,-1,505
1,<environment.Job instance at 0x7ff7c9a80870>,92,23,[ 1 13],93,-1,528,-1,505
1,<environment.Job instance at 0x7ff7ca2b4190>,95,1,[ 5 11],96,-1,508,-1,507
1,<environment.Job instance at 0x7ff7ca2b8eb0>,98,15,[ 4 11],99,-1,537,-1,522
1,<environment.Job instance at 0x7ff7c8de3a00>,100,22,[13  1],101,-1,551,-1,529
1,<environment.Job instance at 0x7ff7c93bb8c0>,101,3,[14  3],102,-1,532,-1,529
1,<environment.Job instance at 0x7ff7c93f2500>,103,17,[ 3 14],104,-1,563,-1,546
1,<environment.Job instance at 0x7ff7c8e0e050>,107,13,[ 2 13],108,-1,567,-1,554
1,<environment.Job instance at 0x7ff7c8e0e9b0>,108,12,[ 3 11],109,-1,566,-1,554
1,<environment.Job instance at 0x7ff7ca1a7d70>,109,20,[12  4],110,-1,574,-1,554
1,<environment.Job instance at 0x7ff7ca1a7780>,110,26,[4 9],111,-1,580,-1,554
1,<environment.Job instance at 0x7ff7ca1a7320>,111,12,[13  3],112,-1,566,-1,554
1,<environment.Job instance at 0x7ff7c9625050>,116,23,[10  1],117,-1,606,-1,583
1,<environment.Job instance at 0x7ff7c9625640>,118,26,[13  2],119,-1,615,-1,589
1,<environment.Job instance at 0x7ff7c9625460>,120,12,[12  3],121,-1,609,-1,597
1,<environment.Job instance at 0x7ff7c9625190>,121,15,[13  1],122,-1,612,-1,597
1,<environment.Job instance at 0x7ff7ca2ce0a0>,122,25,[9 3],123,-1,622,-1,597
1,<environment.Job instance at 0x7ff7ca2ce730>,125,23,[9 1],126,-1,632,-1,609
1,<environment.Job instance at 0x7ff7ca2ce870>,128,1,[5 1],129,-1,618,-1,617
1,<environment.Job instance at 0x7ff7c936b190>,132,14,[ 3 14],133,-1,643,-1,629
1,<environment.Job instance at 0x7ff7c8cfc190>,136,2,[5 7],137,-1,655,-1,653
1,<environment.Job instance at 0x7ff7c8cfcd20>,141,23,[ 2 13],175,-1,710,-1,687
1,<environment.Job instance at 0x7ff7d30b60f0>,1,25,[5 5],2,-1,27,-1,2
1,<environment.Job instance at 0x7ff7c9fb47d0>,4,23,[8 1],5,-1,28,-1,5
1,<environment.Job instance at 0x7ff7c9d7ebe0>,5,26,[4 9],6,-1,32,-1,6
1,<environment.Job instance at 0x7ff7c9d7e370>,7,21,[14  3],8,-1,29,-1,8
1,<environment.Job instance at 0x7ff7c9d7e280>,8,17,[ 2 13],9,-1,26,-1,9
1,<environment.Job instance at 0x7ff7c9765f50>,15,14,[14  1],16,-1,37,-1,23
1,<environment.Job instance at 0x7ff7c8db84b0>,16,15,[ 3 10],17,-1,67,-1,52
1,<environment.Job instance at 0x7ff7c8db8af0>,18,14,[ 2 10],19,-1,66,-1,52
1,<environment.Job instance at 0x7ff7c8c36e10>,22,18,[ 5 14],23,-1,79,-1,61
1,<environment.Job instance at 0x7ff7c8de3f00>,30,17,[ 3 13],31,-1,125,-1,108
1,<environment.Job instance at 0x7ff7c90b8f00>,31,16,[13  3],32,-1,124,-1,108
1,<environment.Job instance at 0x7ff7c8b89730>,32,3,[7 4],33,-1,111,-1,108
1,<environment.Job instance at 0x7ff7c9d86a50>,35,2,[10  4],36,-1,122,-1,120
1,<environment.Job instance at 0x7ff7c9d86c80>,38,13,[ 5 11],39,-1,147,-1,134
1,<environment.Job instance at 0x7ff7c9d86460>,39,3,[2 8],40,-1,137,-1,134
1,<environment.Job instance at 0x7ff7c9d1ce10>,40,24,[ 1 10],41,-1,158,-1,134
1,<environment.Job instance at 0x7ff7c9d1c0a0>,42,26,[5 7],43,-1,170,-1,144
1,<environment.Job instance at 0x7ff7c8dc7140>,43,28,[ 4 13],44,-1,172,-1,144
1,<environment.Job instance at 0x7ff7c8dc70a0>,44,13,[5 2],45,-1,157,-1,144
1,<environment.Job instance at 0x7ff7ca041730>,45,2,[2 9],46,-1,146,-1,144
1,<environment.Job instance at 0x7ff7ca041b40>,46,28,[ 4 11],47,-1,172,-1,144
1,<environment.Job instance at 0x7ff7c9514eb0>,49,23,[ 3 10],50,-1,181,-1,158
1,<environment.Job instance at 0x7ff7c95143c0>,51,12,[12  5],52,-1,187,-1,175
1,<environment.Job instance at 0x7ff7c95145a0>,52,1,[ 1 10],53,-1,176,-1,175
1,<environment.Job instance at 0x7ff7c9514be0>,53,2,[1 5],54,-1,177,-1,175
1,<environment.Job instance at 0x7ff7c9514c30>,55,14,[ 1 11],56,-1,202,-1,188
1,<environment.Job instance at 0x7ff7c9514e10>,58,12,[ 2 12],59,-1,203,-1,191
1,<environment.Job instance at 0x7ff7c9514320>,61,18,[12  1],62,-1,230,-1,212
1,<environment.Job instance at 0x7ff7c921a4b0>,64,23,[7 1],65,-1,247,-1,224
1,<environment.Job instance at 0x7ff7c9d3fb90>,66,13,[5 1],67,-1,264,-1,251
1,<environment.Job instance at 0x7ff7c93938c0>,68,24,[8 4],69,-1,275,-1,251
1,<environment.Job instance at 0x7ff7c9d3f2d0>,69,14,[5 2],70,-1,265,-1,251
1,<environment.Job instance at 0x7ff7c9227190>,70,27,[7 2],71,-1,278,-1,251
1,<environment.Job instance at 0x7ff7c9227af0>,71,22,[5 6],72,-1,273,-1,251
1,<environment.Job instance at 0x7ff7c9d678c0>,72,15,[ 5 10],73,-1,266,-1,251
1,<environment.Job instance at 0x7ff7ca39c1e0>,73,13,[1 9],74,-1,264,-1,251
1,<environment.Job instance at 0x7ff7c9227fa0>,74,16,[10  1],75,-1,267,-1,251
1,<environment.Job instance at 0x7ff7c95da2d0>,75,13,[ 1 12],76,-1,264,-1,251
1,<environment.Job instance at 0x7ff7c9d3c190>,76,15,[ 2 12],77,-1,266,-1,251
1,<environment.Job instance at 0x7ff7c95da280>,77,15,[14  4],78,-1,266,-1,251
1,<environment.Job instance at 0x7ff7c95da5a0>,78,17,[3 7],79,-1,268,-1,251
1,<environment.Job instance at 0x7ff7c9fdca50>,79,24,[10  5],80,-1,275,-1,251
1,<environment.Job instance at 0x7ff7c9fdc460>,80,2,[5 9],81,-1,253,-1,251
1,<environment.Job instance at 0x7ff7c9fdcfa0>,81,13,[ 4 14],82,-1,264,-1,251
1,<environment.Job instance at 0x7ff7c9fdc4b0>,82,26,[8 3],83,-1,277,-1,251
1,<environment.Job instance at 0x7ff7c9fdc500>,83,26,[ 5 14],84,-1,277,-1,251
1,<environment.Job instance at 0x7ff7c9fdccd0>,84,23,[ 3 10],85,-1,274,-1,251
1,<environment.Job instance at 0x7ff7c9fdc9b0>,85,15,[10  1],86,-1,266,-1,251
1,<environment.Job instance at 0x7ff7c9fdc0a0>,86,21,[1 7],87,-1,272,-1,251
1,<environment.Job instance at 0x7ff7c9fdc820>,88,18,[ 1 12],89,-1,282,-1,264
1,<environment.Job instance at 0x7ff7c9fdce60>,92,25,[2 5],93,-1,307,-1,282
1,<environment.Job instance at 0x7ff7c9fdc730>,93,13,[4 9],94,-1,295,-1,282
1,<environment.Job instance at 0x7ff7c9fdcb90>,94,14,[9 5],95,-1,296,-1,282
1,<environment.Job instance at 0x7ff7c9fdc870>,95,17,[1 5],96,-1,299,-1,282
1,<environment.Job instance at 0x7ff7c9fdcf00>,96,28,[13  4],97,-1,310,-1,282
1,<environment.Job instance at 0x7ff7c9dc71e0>,97,14,[5 2],98,-1,296,-1,282
1,<environment.Job instance at 0x7ff7c9dc7500>,98,14,[12  1],99,-1,296,-1,282
1,<environment.Job instance at 0x7ff7c9dc7280>,99,28,[13  3],100,-1,310,-1,282
1,<environment.Job instance at 0x7ff7c9dc7e10>,100,18,[12  2],101,-1,300,-1,282
1,<environment.Job instance at 0x7ff7c9dc7780>,101,15,[12  3],102,-1,297,-1,282
1,<environment.Job instance at 0x7ff7c9dc79b0>,102,3,[ 3 14],103,-1,285,-1,282
1,<environment.Job instance at 0x7ff7c9dc7c30>,103,16,[9 2],104,-1,298,-1,282
1,<environment.Job instance at 0x7ff7c9dc7d20>,104,25,[3 6],105,-1,307,-1,282
1,<environment.Job instance at 0x7ff7c9dc70a0>,105,24,[ 3 12],106,-1,306,-1,282
1,<environment.Job instance at 0x7ff7c9dc7eb0>,106,3,[7 3],107,-1,285,-1,282
1,<environment.Job instance at 0x7ff7c9dc7f00>,107,12,[9 4],108,-1,294,-1,282
1,<environment.Job instance at 0x7ff7c9dc70f0>,108,14,[12  1],109,-1,296,-1,282
1,<environment.Job instance at 0x7ff7c9dc7730>,109,17,[10  3],110,-1,299,-1,282
1,<environment.Job instance at 0x7ff7c9dc7370>,110,26,[5 1],111,-1,308,-1,282
1,<environment.Job instance at 0x7ff7c9dc7320>,111,12,[14  1],112,-1,294,-1,282
1,<environment.Job instance at 0x7ff7c9dc7e60>,112,22,[3 7],113,-1,304,-1,282
1,<environment.Job instance at 0x7ff7c9dc7550>,113,2,[4 9],114,-1,284,-1,282
1,<environment.Job instance at 0x7ff7c9dc73c0>,114,3,[5 5],115,-1,285,-1,282
1,<environment.Job instance at 0x7ff7c9dc75f0>,115,14,[3 9],116,-1,296,-1,282
1,<environment.Job instance at 0x7ff7c9dc7140>,116,24,[6 4],117,-1,306,-1,282
1,<environment.Job instance at 0x7ff7c9dc7aa0>,117,25,[8 5],118,-1,307,-1,282
1,<environment.Job instance at 0x7ff7c8c951e0>,120,12,[2 5],121,-1,319,-1,307
1,<environment.Job instance at 0x7ff7c8c950f0>,122,24,[13  2],123,-1,334,-1,310
1,<environment.Job instance at 0x7ff7c8c95780>,123,12,[7 4],124,-1,322,-1,310
1,<environment.Job instance at 0x7ff7c8c95140>,124,1,[10  3],125,-1,311,-1,310
1,<environment.Job instance at 0x7ff7c8c95550>,125,16,[11  3],126,-1,326,-1,310
1,<environment.Job instance at 0x7ff7c8c953c0>,126,12,[5 8],127,-1,322,-1,310
1,<environment.Job instance at 0x7ff7c8c956e0>,127,22,[4 6],128,-1,332,-1,310
1,<environment.Job instance at 0x7ff7c8c95e60>,129,25,[9 4],130,-1,341,-1,316
1,<environment.Job instance at 0x7ff7c8c95cd0>,131,20,[11  5],132,-1,349,-1,329
1,<environment.Job instance at 0x7ff7c8c950a0>,134,21,[5 1],135,-1,359,-1,338
1,<environment.Job instance at 0x7ff7c8c95960>,135,14,[ 2 10],136,-1,352,-1,338
1,<environment.Job instance at 0x7ff7c9c9b640>,137,13,[10  1],138,-1,368,-1,355
1,<environment.Job instance at 0x7ff7c9c9bb40>,138,13,[6 1],139,-1,368,-1,355
1,<environment.Job instance at 0x7ff7c9c9b140>,140,16,[ 1 14],141,-1,371,-1,355
1,<environment.Job instance at 0x7ff7c9c9b0a0>,141,17,[ 1 10],142,-1,372,-1,355
1,<environment.Job instance at 0x7ff7c9c9b500>,142,1,[ 2 10],143,-1,356,-1,355
1,<environment.Job instance at 0x7ff7c9c9b7d0>,143,14,[7 1],144,-1,369,-1,355
1,<environment.Job instance at 0x7ff7c9c9b460>,144,26,[ 5 10],145,-1,381,-1,355
1,<environment.Job instance at 0x7ff7c9c9bd20>,145,23,[ 3 12],146,-1,378,-1,355
1,<environment.Job instance at 0x7ff7c9c9b780>,146,17,[ 2 11],147,-1,372,-1,355
1,<environment.Job instance at 0x7ff7c9c9b690>,147,22,[4 8],148,-1,377,-1,355
1,<environment.Job instance at 0x7ff7c9c9b0f0>,148,16,[5 2],149,-1,371,-1,355
1,<environment.Job instance at 0x7ff7c9c9bbe0>,149,24,[13  2],150,-1,379,-1,355
1,<environment.Job instance at 0x7ff7c9c9b550>,150,20,[8 2],151,-1,375,-1,355
1,<environment.Job instance at 0x7ff7c99d3320>,164,20,[14  1],165,-1,478,-1,458
1,<environment.Job instance at 0x7ff7c99d30a0>,168,3,[9 1],169,-1,485,-1,482
1,<environment.Job instance at 0x7ff7c99d3af0>,170,23,[ 3 10],171,-1,506,-1,483
1,<environment.Job instance at 0x7ff7c99d35a0>,171,21,[11  3],176,-1,504,-1,483
1,<environment.Job instance at 0x7ff7c99d3dc0>,172,25,[8 1],177,-1,508,-1,483
1,<environment.Job instance at 0x7ff7c99d3410>,173,18,[ 5 13],178,-1,501,-1,483
1,<environment.Job instance at 0x7ff7c99d33c0>,174,1,[ 2 14],179,-1,484,-1,483
1,<environment.Job instance at 0x7ff7ca40cdc0>,13,22,[10  5],14,-1,946,-1,924
1,<environment.Job instance at 0x7ff7ca041aa0>,48,16,[14  4],49,-1,940,-1,924
1,<environment.Job instance at 0x7ff7c9a53c30>,1,28,[1 8],2,-1,30,-1,2
1,<environment.Job instance at 0x7ff7ca015cd0>,2,27,[3 7],3,-1,30,-1,3
1,<environment.Job instance at 0x7ff7ca015aa0>,3,12,[ 3 14],4,-1,16,-1,4
1,<environment.Job instance at 0x7ff7ca015550>,6,16,[11  3],7,-1,23,-1,7
1,<environment.Job instance at 0x7ff7ca0155f0>,7,25,[13  5],8,-1,33,-1,8
1,<environment.Job instance at 0x7ff7ca015460>,8,25,[6 4],9,-1,34,-1,9
1,<environment.Job instance at 0x7ff7ca015e10>,9,25,[8 1],10,-1,35,-1,10
1,<environment.Job instance at 0x7ff7ca0157d0>,10,14,[14  1],11,-1,25,-1,11
1,<environment.Job instance at 0x7ff7c914ecd0>,12,25,[4 6],13,-1,38,-1,13
1,<environment.Job instance at 0x7ff7ca051320>,20,20,[ 1 12],21,-1,61,-1,41
1,<environment.Job instance at 0x7ff7ca051780>,21,24,[8 1],22,-1,65,-1,41
1,<environment.Job instance at 0x7ff7ca0518c0>,22,18,[ 5 10],23,-1,71,-1,53
1,<environment.Job instance at 0x7ff7ca051140>,23,25,[13  5],24,-1,78,-1,53
1,<environment.Job instance at 0x7ff7ca051a00>,25,14,[ 4 14],26,-1,67,-1,53
1,<environment.Job instance at 0x7ff7ca051960>,27,2,[5 8],28,-1,62,-1,60
1,<environment.Job instance at 0x7ff7ca0511e0>,28,17,[12  5],29,-1,77,-1,60
1,<environment.Job instance at 0x7ff7ca032c30>,29,1,[7 5],30,-1,61,-1,60
1,<environment.Job instance at 0x7ff7ca032910>,30,14,[ 2 11],31,-1,74,-1,60
1,<environment.Job instance at 0x7ff7ca032460>,34,28,[13  1],35,-1,105,-1,77
1,<environment.Job instance at 0x7ff7ca032640>,35,19,[8 2],36,-1,104,-1,85
1,<environment.Job instance at 0x7ff7ca032780>,36,17,[8 2],37,-1,102,-1,85
1,<environment.Job instance at 0x7ff7ca032960>,37,16,[ 4 14],38,-1,101,-1,85
1,<environment.Job instance at 0x7ff7ca032e60>,38,18,[9 1],39,-1,105,-1,87
1,<environment.Job instance at 0x7ff7c8db0410>,39,16,[ 1 10],40,-1,103,-1,87
1,<environment.Job instance at 0x7ff7c8db0d20>,40,25,[9 1],41,-1,112,-1,87
1,<environment.Job instance at 0x7ff7c8db0780>,42,13,[13  1],43,-1,100,-1,87
1,<environment.Job instance at 0x7ff7c8db06e0>,43,17,[ 2 12],44,-1,104,-1,87
1,<environment.Job instance at 0x7ff7c8db0870>,44,14,[11  1],45,-1,101,-1,87
1,<environment.Job instance at 0x7ff7c8db0190>,45,26,[14  4],46,-1,113,-1,87
1,<environment.Job instance at 0x7ff7ca1040a0>,47,1,[8 3],48,-1,94,-1,93
1,<environment.Job instance at 0x7ff7c9f3c960>,48,25,[10  1],49,-1,118,-1,93
1,<environment.Job instance at 0x7ff7ca1044b0>,49,13,[ 2 11],50,-1,106,-1,93
1,<environment.Job instance at 0x7ff7c9155e60>,50,28,[1 7],51,-1,121,-1,93
1,<environment.Job instance at 0x7ff7c8de6280>,51,15,[ 3 12],52,-1,108,-1,93
1,<environment.Job instance at 0x7ff7c9fd6dc0>,94,14,[ 5 13],95,-1,500,-1,486
1,<environment.Job instance at 0x7ff7c9fd6af0>,95,2,[14  1],96,-1,488,-1,486
1,<environment.Job instance at 0x7ff7c9fd6b90>,96,15,[ 2 13],97,-1,501,-1,486
1,<environment.Job instance at 0x7ff7c9fd69b0>,98,23,[10  4],99,-1,509,-1,486
1,<environment.Job instance at 0x7ff7c9fd6910>,100,26,[11  1],101,-1,520,-1,494
1,<environment.Job instance at 0x7ff7c9fd6190>,101,28,[1 9],102,-1,522,-1,494
1,<environment.Job instance at 0x7ff7c9fd6230>,102,19,[ 2 11],103,-1,513,-1,494
1,<environment.Job instance at 0x7ff7c9fd6cd0>,103,28,[ 3 11],104,-1,522,-1,494
1,<environment.Job instance at 0x7ff7ca0098c0>,105,26,[2 5],106,-1,534,-1,508
1,<environment.Job instance at 0x7ff7ca0091e0>,107,26,[ 2 10],108,-1,535,-1,509
1,<environment.Job instance at 0x7ff7ca0090a0>,108,24,[ 4 10],109,-1,533,-1,509
1,<environment.Job instance at 0x7ff7ca009640>,112,18,[12  3],113,-1,554,-1,536
1,<environment.Job instance at 0x7ff7c8ef0690>,114,15,[13  1],115,-1,572,-1,557
1,<environment.Job instance at 0x7ff7c8ef0cd0>,116,26,[7 4],117,-1,597,-1,571
1,<environment.Job instance at 0x7ff7c8ef08c0>,118,12,[12  2],119,-1,583,-1,571
1,<environment.Job instance at 0x7ff7c8ef09b0>,119,2,[10  4],120,-1,573,-1,571
1,<environment.Job instance at 0x7ff7c9ff0780>,122,20,[11  5],123,-1,611,-1,591
1,<environment.Job instance at 0x7ff7c9ff0870>,124,12,[ 3 13],125,-1,617,-1,605
1,<environment.Job instance at 0x7ff7c9ff03c0>,125,2,[12  2],126,-1,607,-1,605
1,<environment.Job instance at 0x7ff7c9ff01e0>,128,15,[ 2 14],129,-1,632,-1,617
1,<environment.Job instance at 0x7ff7c9ff00f0>,131,17,[14  3],132,-1,651,-1,634
1,<environment.Job instance at 0x7ff7c9ff00a0>,132,26,[3 6],133,-1,660,-1,634
1,<environment.Job instance at 0x7ff7c8de5f50>,133,18,[ 1 11],134,-1,652,-1,634
1,<environment.Job instance at 0x7ff7c8dce460>,134,25,[ 1 10],135,-1,659,-1,634
1,<environment.Job instance at 0x7ff7c8de5a00>,135,2,[6 5],136,-1,636,-1,634
1,<environment.Job instance at 0x7ff7c8dce320>,136,26,[9 5],137,-1,660,-1,634
1,<environment.Job instance at 0x7ff7c8de1cd0>,137,13,[12  5],138,-1,647,-1,634
1,<environment.Job instance at 0x7ff7c8de1f50>,139,24,[13  2],140,-1,658,-1,634
1,<environment.Job instance at 0x7ff7c9fd8eb0>,143,19,[ 4 12],144,-1,669,-1,650
1,<environment.Job instance at 0x7ff7c8ddc050>,147,16,[ 2 14],148,-1,685,-1,669
1,<environment.Job instance at 0x7ff7c9ff8410>,152,12,[11  2],153,-1,721,-1,709
1,<environment.Job instance at 0x7ff7c9ff81e0>,153,12,[11  2],154,-1,721,-1,709
1,<environment.Job instance at 0x7ff7c9ff8960>,154,16,[12  2],155,-1,725,-1,709
1,<environment.Job instance at 0x7ff7c9ff3230>,159,24,[ 4 10],160,-1,762,-1,738
1,<environment.Job instance at 0x7ff7c8d14af0>,166,25,[14  5],167,-1,830,-1,805
1,<environment.Job instance at 0x7ff7c9e928c0>,167,2,[14  4],168,-1,807,-1,805
1,<environment.Job instance at 0x7ff7c8d14550>,168,27,[ 4 13],169,-1,832,-1,805
1,<environment.Job instance at 0x7ff7ca0f2c30>,171,1,[10  1],172,-1,826,-1,825
1,<environment.Job instance at 0x7ff7ca0f2870>,174,13,[ 2 14],175,-1,868,-1,855
1,<environment.Job instance at 0x7ff7ca0f2500>,176,23,[ 4 11],177,-1,891,-1,868
1,<environment.Job instance at 0x7ff7c8ef0190>,7,3,[7 5],8,-1,11,-1,8
1,<environment.Job instance at 0x7ff7c8ef0050>,12,25,[ 1 14],13,-1,53,-1,28
1,<environment.Job instance at 0x7ff7c8f1c190>,17,15,[3 5],18,-1,68,-1,53
1,<environment.Job instance at 0x7ff7c8f1cc80>,21,25,[9 5],22,-1,99,-1,74
1,<environment.Job instance at 0x7ff7c8f1c690>,22,18,[7 1],23,-1,92,-1,74
1,<environment.Job instance at 0x7ff7c8f1cfa0>,23,25,[1 7],24,-1,99,-1,74
1,<environment.Job instance at 0x7ff7c9de6230>,26,1,[11  2],27,-1,109,-1,108
1,<environment.Job instance at 0x7ff7c9de66e0>,27,2,[ 5 11],28,-1,110,-1,108
1,<environment.Job instance at 0x7ff7c9de6690>,28,14,[13  2],29,-1,122,-1,108
1,<environment.Job instance at 0x7ff7c9de6280>,30,13,[13  3],31,-1,121,-1,108
1,<environment.Job instance at 0x7ff7c9de6b90>,31,25,[ 3 11],32,-1,133,-1,108
1,<environment.Job instance at 0x7ff7c9de65f0>,32,26,[8 4],33,-1,134,-1,108
1,<environment.Job instance at 0x7ff7c9de6820>,33,17,[ 3 10],34,-1,130,-1,113
1,<environment.Job instance at 0x7ff7c9de6d70>,35,14,[12  3],36,-1,129,-1,115
1,<environment.Job instance at 0x7ff7c9de61e0>,36,1,[ 4 10],37,-1,116,-1,115
1,<environment.Job instance at 0x7ff7c9de67d0>,38,20,[ 1 10],39,-1,151,-1,131
1,<environment.Job instance at 0x7ff7c9de6050>,39,14,[12  5],40,-1,145,-1,131
1,<environment.Job instance at 0x7ff7c96ce280>,40,23,[ 4 10],41,-1,154,-1,131
1,<environment.Job instance at 0x7ff7c96ce460>,44,15,[1 9],45,-1,165,-1,150
1,<environment.Job instance at 0x7ff7c96ceaf0>,45,17,[4 9],46,-1,167,-1,150
1,<environment.Job instance at 0x7ff7c96ce230>,46,28,[5 8],47,-1,178,-1,150
1,<environment.Job instance at 0x7ff7c96ce410>,47,13,[11  2],48,-1,163,-1,150
1,<environment.Job instance at 0x7ff7c96ce320>,48,14,[14  2],49,-1,164,-1,150
1,<environment.Job instance at 0x7ff7c96ce7d0>,49,14,[ 2 10],50,-1,164,-1,150
1,<environment.Job instance at 0x7ff7c96cee10>,50,27,[ 5 13],51,-1,177,-1,150
1,<environment.Job instance at 0x7ff7c96cefa0>,51,13,[2 8],52,-1,169,-1,156
1,<environment.Job instance at 0x7ff7c96ceb90>,52,27,[1 5],53,-1,183,-1,156
1,<environment.Job instance at 0x7ff7c96ce0f0>,53,1,[9 2],54,-1,157,-1,156
1,<environment.Job instance at 0x7ff7c96cebe0>,54,18,[13  5],55,-1,174,-1,156
1,<environment.Job instance at 0x7ff7c96cef50>,55,12,[ 3 13],56,-1,168,-1,156
1,<environment.Job instance at 0x7ff7c96ced20>,56,13,[ 1 13],57,-1,169,-1,156
1,<environment.Job instance at 0x7ff7c96cedc0>,57,28,[ 1 11],58,-1,184,-1,156
1,<environment.Job instance at 0x7ff7c96ce550>,59,26,[13  4],60,-1,191,-1,165
1,<environment.Job instance at 0x7ff7c8d29410>,61,14,[13  1],62,-1,181,-1,167
1,<environment.Job instance at 0x7ff7c9a74640>,62,12,[14  5],63,-1,179,-1,167
1,<environment.Job instance at 0x7ff7c9a744b0>,63,20,[ 2 14],64,-1,187,-1,167
1,<environment.Job instance at 0x7ff7c9a74af0>,65,14,[14  2],66,-1,199,-1,185
1,<environment.Job instance at 0x7ff7c9a74870>,66,27,[8 2],67,-1,212,-1,185
1,<environment.Job instance at 0x7ff7c9a74320>,70,3,[3 9],71,-1,200,-1,197
1,<environment.Job instance at 0x7ff7c9a74550>,72,2,[10  5],73,-1,211,-1,209
1,<environment.Job instance at 0x7ff7c8f26640>,74,13,[2 5],75,-1,224,-1,211
1,<environment.Job instance at 0x7ff7c8f26e60>,76,14,[13  1],77,-1,241,-1,227
1,<environment.Job instance at 0x7ff7c8f26c80>,77,16,[ 1 11],78,-1,243,-1,227
1,<environment.Job instance at 0x7ff7c8f26d70>,78,19,[14  4],79,-1,246,-1,227
1,<environment.Job instance at 0x7ff7c8f26b90>,80,12,[9 3],81,-1,239,-1,227
1,<environment.Job instance at 0x7ff7c8f266e0>,81,24,[ 5 10],82,-1,251,-1,227
1,<environment.Job instance at 0x7ff7c8f269b0>,83,18,[12  5],84,-1,261,-1,243
1,<environment.Job instance at 0x7ff7c8f26910>,84,26,[5 8],85,-1,269,-1,243
1,<environment.Job instance at 0x7ff7c8f262d0>,86,16,[1 8],87,-1,259,-1,243
1,<environment.Job instance at 0x7ff7c8f26820>,87,12,[13  2],88,-1,255,-1,243
1,<environment.Job instance at 0x7ff7c8f267d0>,89,14,[13  2],90,-1,275,-1,261
1,<environment.Job instance at 0x7ff7c8f03280>,91,17,[12  5],92,-1,280,-1,263
1,<environment.Job instance at 0x7ff7c8f03a50>,92,1,[7 4],93,-1,264,-1,263
1,<environment.Job instance at 0x7ff7c8f03870>,94,18,[ 3 12],95,-1,292,-1,274
1,<environment.Job instance at 0x7ff7c8f035a0>,95,1,[5 1],96,-1,275,-1,274
1,<environment.Job instance at 0x7ff7c8f034b0>,98,14,[ 3 13],99,-1,305,-1,291
1,<environment.Job instance at 0x7ff7c8f031e0>,99,25,[2 7],100,-1,316,-1,291
1,<environment.Job instance at 0x7ff7c8f03550>,101,13,[ 4 14],102,-1,320,-1,307
1,<environment.Job instance at 0x7ff7c8f03730>,103,20,[14  2],104,-1,327,-1,307
1,<environment.Job instance at 0x7ff7c8f23690>,104,14,[12  3],105,-1,321,-1,307
1,<environment.Job instance at 0x7ff7c8f23a00>,105,23,[ 1 10],106,-1,330,-1,307
1,<environment.Job instance at 0x7ff7c8f230f0>,107,3,[ 1 14],108,-1,312,-1,309
1,<environment.Job instance at 0x7ff7c8f239b0>,108,17,[13  2],109,-1,326,-1,309
1,<environment.Job instance at 0x7ff7c8f23500>,109,17,[11  4],110,-1,326,-1,309
1,<environment.Job instance at 0x7ff7c8f23550>,110,14,[ 1 11],111,-1,323,-1,309
1,<environment.Job instance at 0x7ff7c8f23280>,111,25,[6 5],112,-1,334,-1,309
1,<environment.Job instance at 0x7ff7c8f23f50>,112,22,[8 1],113,-1,331,-1,309
1,<environment.Job instance at 0x7ff7c8f23c30>,113,22,[7 1],114,-1,331,-1,309
1,<environment.Job instance at 0x7ff7c8f23460>,114,28,[9 4],115,-1,337,-1,309
1,<environment.Job instance at 0x7ff7c8f23d70>,115,12,[3 5],116,-1,321,-1,309
1,<environment.Job instance at 0x7ff7c8f23e10>,116,1,[7 2],117,-1,310,-1,309
1,<environment.Job instance at 0x7ff7c8f23050>,117,28,[4 9],118,-1,337,-1,309
1,<environment.Job instance at 0x7ff7c8f234b0>,118,17,[3 9],119,-1,326,-1,309
1,<environment.Job instance at 0x7ff7c8f23960>,119,27,[11  3],120,-1,336,-1,309
1,<environment.Job instance at 0x7ff7c8f0b4b0>,120,15,[5 1],121,-1,324,-1,309
1,<environment.Job instance at 0x7ff7c8f0baf0>,121,24,[6 2],122,-1,333,-1,309
1,<environment.Job instance at 0x7ff7c8f0ba00>,122,13,[14  4],123,-1,322,-1,309
1,<environment.Job instance at 0x7ff7c8f0b730>,123,28,[ 2 14],124,-1,337,-1,309
1,<environment.Job instance at 0x7ff7c8f0b550>,124,28,[ 4 11],125,-1,337,-1,309
1,<environment.Job instance at 0x7ff7c8f0b9b0>,125,28,[1 8],126,-1,337,-1,309
1,<environment.Job instance at 0x7ff7c8f0b5a0>,130,17,[14  3],131,-1,363,-1,346
1,<environment.Job instance at 0x7ff7c8f0b910>,131,3,[13  1],132,-1,349,-1,346
1,<environment.Job instance at 0x7ff7c8f01640>,132,2,[5 7],133,-1,348,-1,346
1,<environment.Job instance at 0x7ff7c8f01cd0>,133,14,[ 2 13],134,-1,360,-1,346
1,<environment.Job instance at 0x7ff7c8f01d20>,134,2,[ 4 12],135,-1,348,-1,346
1,<environment.Job instance at 0x7ff7ca390be0>,135,13,[ 4 14],136,-1,359,-1,346
1,<environment.Job instance at 0x7ff7c9472280>,136,23,[11  4],137,-1,369,-1,346
1,<environment.Job instance at 0x7ff7c9ea04b0>,138,2,[12  2],139,-1,359,-1,357
1,<environment.Job instance at 0x7ff7c9ea0690>,139,19,[ 4 12],140,-1,376,-1,357
1,<environment.Job instance at 0x7ff7c9ea0550>,141,24,[ 3 10],142,-1,382,-1,358
1,<environment.Job instance at 0x7ff7c9ea0c30>,142,13,[13  3],143,-1,371,-1,358
1,<environment.Job instance at 0x7ff7c9ea0b90>,143,18,[14  3],144,-1,376,-1,358
1,<environment.Job instance at 0x7ff7d30b9d70>,144,22,[5 3],145,-1,390,-1,368
1,<environment.Job instance at 0x7ff7c9db0b90>,146,24,[14  5],147,-1,398,-1,374
1,<environment.Job instance at 0x7ff7c9ea05a0>,147,12,[13  5],148,-1,386,-1,374
1,<environment.Job instance at 0x7ff7c8f02050>,148,12,[ 3 10],149,-1,386,-1,374
1,<environment.Job instance at 0x7ff7c9ffce60>,150,18,[10  1],151,-1,410,-1,392
1,<environment.Job instance at 0x7ff7ca3f8b90>,151,13,[7 1],152,-1,409,-1,396
1,<environment.Job instance at 0x7ff7c8f02fa0>,152,18,[ 3 13],153,-1,414,-1,396
1,<environment.Job instance at 0x7ff7c8f02e60>,153,1,[3 6],154,-1,397,-1,396
1,<environment.Job instance at 0x7ff7c9d0d640>,154,16,[ 3 11],155,-1,412,-1,396
1,<environment.Job instance at 0x7ff7d2ff2c30>,155,26,[14  4],156,-1,422,-1,396
1,<environment.Job instance at 0x7ff7c9ff9be0>,156,24,[ 3 10],157,-1,420,-1,396
1,<environment.Job instance at 0x7ff7c8c778c0>,158,26,[5 1],159,-1,433,-1,407
1,<environment.Job instance at 0x7ff7c8dcf780>,160,25,[7 1],161,-1,432,-1,407
1,<environment.Job instance at 0x7ff7c8dcf9b0>,162,1,[10  5],163,-1,425,-1,424
1,<environment.Job instance at 0x7ff7c9ff3e10>,164,25,[11  2],165,-1,462,-1,437
1,<environment.Job instance at 0x7ff7c9f72e60>,165,28,[8 1],166,-1,465,-1,437
1,<environment.Job instance at 0x7ff7c9ff35f0>,166,14,[13  2],167,-1,451,-1,437
1,<environment.Job instance at 0x7ff7c8dce5f0>,170,1,[ 4 10],171,-1,454,-1,453
1,<environment.Job instance at 0x7ff7c8de15f0>,171,26,[6 4],172,-1,479,-1,453
1,<environment.Job instance at 0x7ff7c8dcea00>,172,15,[10  1],173,-1,469,-1,454
1,<environment.Job instance at 0x7ff7ca316d20>,173,26,[7 5],174,-1,480,-1,454
1,<environment.Job instance at 0x7ff7ca316c80>,175,28,[5 2],176,-1,489,-1,461
1,<environment.Job instance at 0x7ff7c9eb3190>,178,15,[ 4 14],179,-1,480,-1,465
1,<environment.Job instance at 0x7ff7c8ef0780>,10,24,[7 5],11,-1,2227,-1,2203
1,<environment.Job instance at 0x7ff7c96ce500>,43,20,[14  5],44,-1,2228,-1,2208
1,<environment.Job instance at 0x7ff7c94bf280>,4,27,[6 1],5,-1,33,-1,6
1,<environment.Job instance at 0x7ff7c8cf4a00>,6,1,[2 7],7,-1,8,-1,7
1,<environment.Job instance at 0x7ff7c8cf4230>,7,23,[ 2 14],8,-1,31,-1,8
1,<environment.Job instance at 0x7ff7c8cf4be0>,8,27,[8 4],9,-1,36,-1,9
1,<environment.Job instance at 0x7ff7c8cf4b40>,12,19,[12  3],13,-1,37,-1,18
1,<environment.Job instance at 0x7ff7c8cf49b0>,13,25,[12  5],14,-1,43,-1,18
1,<environment.Job instance at 0x7ff7c8cf47d0>,15,13,[14  3],16,-1,36,-1,23
1,<environment.Job instance at 0x7ff7c8db4820>,18,13,[ 2 12],19,-1,64,-1,51
1,<environment.Job instance at 0x7ff7c8db41e0>,19,13,[ 2 10],20,-1,66,-1,53
1,<environment.Job instance at 0x7ff7c8db4eb0>,22,18,[ 1 10],23,-1,79,-1,61
1,<environment.Job instance at 0x7ff7c8db4af0>,24,27,[12  2],25,-1,88,-1,61
1,<environment.Job instance at 0x7ff7c8db45f0>,25,25,[7 3],26,-1,86,-1,61
1,<environment.Job instance at 0x7ff7c8db4c30>,26,23,[11  3],27,-1,84,-1,61
1,<environment.Job instance at 0x7ff7c8db4be0>,27,27,[9 4],28,-1,88,-1,61
1,<environment.Job instance at 0x7ff7c8db4d20>,29,27,[ 5 14],30,-1,96,-1,69
1,<environment.Job instance at 0x7ff7c8db43c0>,30,26,[ 3 13],31,-1,95,-1,69
1,<environment.Job instance at 0x7ff7c8db4960>,31,15,[ 5 12],32,-1,84,-1,69
1,<environment.Job instance at 0x7ff7c8db4410>,32,3,[5 7],33,-1,72,-1,69
1,<environment.Job instance at 0x7ff7c8f0b050>,39,25,[ 3 14],40,-1,183,-1,158
1,<environment.Job instance at 0x7ff7c8f0b460>,50,23,[ 5 12],51,-1,254,-1,231
1,<environment.Job instance at 0x7ff7c8f0be10>,51,17,[10  3],52,-1,249,-1,232
1,<environment.Job instance at 0x7ff7ca0701e0>,53,1,[11  4],54,-1,233,-1,232
1,<environment.Job instance at 0x7ff7ca0702d0>,54,27,[7 1],55,-1,259,-1,232
1,<environment.Job instance at 0x7ff7c9f4e5f0>,56,16,[13  3],57,-1,262,-1,246
1,<environment.Job instance at 0x7ff7c9f4ef50>,57,12,[1 6],58,-1,258,-1,246
1,<environment.Job instance at 0x7ff7c9f4e820>,60,24,[8 3],61,-1,300,-1,276
1,<environment.Job instance at 0x7ff7c9f4ed70>,63,20,[13  3],64,-1,309,-1,289
1,<environment.Job instance at 0x7ff7c8f17730>,65,14,[14  2],66,-1,308,-1,294
1,<environment.Job instance at 0x7ff7c8f179b0>,66,17,[13  4],67,-1,311,-1,294
1,<environment.Job instance at 0x7ff7c8f176e0>,67,27,[5 1],68,-1,321,-1,294
1,<environment.Job instance at 0x7ff7c8f17460>,68,2,[1 8],69,-1,296,-1,294
1,<environment.Job instance at 0x7ff7c8f17780>,70,23,[2 9],71,-1,323,-1,300
1,<environment.Job instance at 0x7ff7c8f17500>,71,27,[ 1 13],72,-1,327,-1,300
1,<environment.Job instance at 0x7ff7c8f17550>,72,23,[9 1],73,-1,325,-1,302
1,<environment.Job instance at 0x7ff7c9d23f50>,73,2,[10  5],74,-1,304,-1,302
1,<environment.Job instance at 0x7ff7c9d23aa0>,74,20,[11  1],75,-1,322,-1,302
1,<environment.Job instance at 0x7ff7c9d23320>,75,16,[13  1],76,-1,318,-1,302
1,<environment.Job instance at 0x7ff7c9d239b0>,77,12,[ 2 13],78,-1,321,-1,309
1,<environment.Job instance at 0x7ff7c9d23b90>,78,28,[6 4],79,-1,337,-1,309
1,<environment.Job instance at 0x7ff7c8f23c80>,81,25,[ 5 10],82,-1,343,-1,318
1,<environment.Job instance at 0x7ff7c8f237d0>,84,16,[ 3 11],85,-1,355,-1,339
1,<environment.Job instance at 0x7ff7c8f23a00>,87,17,[13  3],88,-1,369,-1,352
1,<environment.Job instance at 0x7ff7c8f233c0>,91,18,[12  4],92,-1,407,-1,389
1,<environment.Job instance at 0x7ff7c8f23e60>,92,15,[11  1],93,-1,404,-1,389
1,<environment.Job instance at 0x7ff7c8f23320>,93,3,[9 2],94,-1,392,-1,389
1,<environment.Job instance at 0x7ff7c9ff93c0>,97,15,[ 5 11],98,-1,422,-1,407
1,<environment.Job instance at 0x7ff7c9ff9dc0>,102,14,[ 3 11],103,-1,447,-1,433
1,<environment.Job instance at 0x7ff7c9ff9d20>,103,23,[ 1 10],104,-1,456,-1,433
1,<environment.Job instance at 0x7ff7c9ff9910>,104,18,[ 1 10],105,-1,480,-1,462
1,<environment.Job instance at 0x7ff7c9ff9410>,108,28,[2 9],109,-1,490,-1,462
1,<environment.Job instance at 0x7ff7c9ff97d0>,112,15,[12  3],113,-1,494,-1,479
1,<environment.Job instance at 0x7ff7c8cfe6e0>,120,24,[10  4],121,-1,549,-1,525
1,<environment.Job instance at 0x7ff7c8cfee10>,121,27,[8 2],122,-1,552,-1,525
1,<environment.Job instance at 0x7ff7c8cfeb40>,123,28,[5 2],124,-1,553,-1,525
1,<environment.Job instance at 0x7ff7c8cfe5a0>,124,16,[ 5 12],125,-1,541,-1,525
1,<environment.Job instance at 0x7ff7ca032cd0>,126,18,[ 1 14],127,-1,556,-1,538
1,<environment.Job instance at 0x7ff7ca032280>,129,23,[1 9],130,-1,576,-1,553
1,<environment.Job instance at 0x7ff7ca032780>,130,15,[12  2],131,-1,568,-1,553
1,<environment.Job instance at 0x7ff7d2fdcb90>,131,13,[11  1],132,-1,566,-1,553
1,<environment.Job instance at 0x7ff7c9a6e640>,132,23,[13  2],133,-1,576,-1,553
1,<environment.Job instance at 0x7ff7d2fef780>,133,16,[ 1 13],134,-1,569,-1,553
1,<environment.Job instance at 0x7ff7d2fef230>,135,24,[ 4 11],136,-1,578,-1,554
1,<environment.Job instance at 0x7ff7ca07bf00>,136,14,[ 5 11],137,-1,568,-1,554
1,<environment.Job instance at 0x7ff7d2ac06e0>,143,26,[8 1],144,-1,641,-1,615
1,<environment.Job instance at 0x7ff7d2ac0e10>,144,14,[ 5 11],145,-1,629,-1,615
1,<environment.Job instance at 0x7ff7d2adb230>,145,3,[ 3 11],146,-1,618,-1,615
1,<environment.Job instance at 0x7ff7ca45a0a0>,146,27,[1 6],147,-1,642,-1,615
1,<environment.Job instance at 0x7ff7d2b0dfa0>,147,26,[8 1],148,-1,641,-1,615
1,<environment.Job instance at 0x7ff7d2b0de60>,148,2,[4 5],149,-1,617,-1,615
1,<environment.Job instance at 0x7ff7c8ec6af0>,151,2,[6 1],152,-1,629,-1,627
1,<environment.Job instance at 0x7ff7c9b61aa0>,152,28,[10  2],153,-1,655,-1,627
1,<environment.Job instance at 0x7ff7ca45e0a0>,154,19,[ 3 14],155,-1,648,-1,629
1,<environment.Job instance at 0x7ff7c9bb21e0>,155,15,[ 3 13],156,-1,644,-1,629
1,<environment.Job instance at 0x7ff7ca05dfa0>,156,25,[12  4],157,-1,654,-1,629
1,<environment.Job instance at 0x7ff7ca1acb90>,157,3,[4 9],158,-1,632,-1,629
1,<environment.Job instance at 0x7ff7c934a280>,159,2,[ 3 13],160,-1,637,-1,635
1,<environment.Job instance at 0x7ff7c8f0b190>,36,21,[9 3],37,-1,1641,-1,1620
1,<environment.Job instance at 0x7ff7c9ff9fa0>,107,22,[12  1],108,-1,2814,-1,2792
1,<environment.Job instance at 0x7f47a5d2db40>,3,18,[ 4 14],4,-1,22,-1,4
1,<environment.Job instance at 0x7f47af3191e0>,5,24,[1 5],6,-1,33,-1,9
1,<environment.Job instance at 0x7f47a5d2de10>,9,18,[ 2 13],10,-1,28,-1,10
1,<environment.Job instance at 0x7f47a5d2dfa0>,10,18,[ 3 11],11,-1,29,-1,11
1,<environment.Job instance at 0x7f47a5d300a0>,11,15,[13  4],12,-1,27,-1,12
1,<environment.Job instance at 0x7f47a5d30140>,12,26,[ 1 12],13,-1,39,-1,13
1,<environment.Job instance at 0x7f47a5d305a0>,17,28,[ 5 10],18,-1,59,-1,31
1,<environment.Job instance at 0x7f47a5d30640>,18,18,[ 4 13],19,-1,49,-1,31
1,<environment.Job instance at 0x7f47a5d306e0>,19,14,[ 3 11],20,-1,45,-1,31
1,<environment.Job instance at 0x7f47a5d30780>,20,12,[13  5],21,-1,43,-1,31
1,<environment.Job instance at 0x7f47a5d30820>,21,1,[6 5],22,-1,32,-1,31
1,<environment.Job instance at 0x7f47a5d308c0>,22,1,[2 7],23,-1,32,-1,31
1,<environment.Job instance at 0x7f47a5d30960>,23,27,[ 1 14],24,-1,58,-1,31
1,<environment.Job instance at 0x7f47a5d30aa0>,25,27,[8 1],26,-1,72,-1,45
1,<environment.Job instance at 0x7f47a5d30b40>,26,26,[5 5],27,-1,71,-1,45
1,<environment.Job instance at 0x7f47a5d30410>,28,25,[5 7],29,-1,88,-1,63
1,<environment.Job instance at 0x7f47a5d30cd0>,29,25,[ 4 11],30,-1,88,-1,63
1,<environment.Job instance at 0x7f47a5d30c30>,30,22,[ 5 13],31,-1,85,-1,63
1,<environment.Job instance at 0x7f47a5d30fa0>,31,27,[4 8],32,-1,90,-1,63
1,<environment.Job instance at 0x7f47a5d30f50>,33,12,[11  3],34,-1,75,-1,63
1,<environment.Job instance at 0x7f47a5d33320>,37,13,[ 3 14],38,-1,109,-1,96
1,<environment.Job instance at 0x7f47a5d333c0>,38,28,[ 2 12],39,-1,124,-1,96
1,<environment.Job instance at 0x7f47a5d33460>,39,20,[ 1 10],40,-1,116,-1,96
1,<environment.Job instance at 0x7f47a5d33500>,40,24,[5 6],41,-1,120,-1,96
1,<environment.Job instance at 0x7f47a5d33640>,42,27,[5 2],43,-1,124,-1,97
1,<environment.Job instance at 0x7f47a5d338c0>,45,24,[ 1 13],46,-1,140,-1,116
1,<environment.Job instance at 0x7f47a5d339b0>,47,17,[12  2],48,-1,145,-1,128
1,<environment.Job instance at 0x7f47a5d33af0>,49,15,[10  1],50,-1,151,-1,136
1,<environment.Job instance at 0x7f47a5d33b90>,50,16,[ 2 11],51,-1,152,-1,136
1,<environment.Job instance at 0x7f47a5d33c30>,51,16,[12  2],52,-1,152,-1,136
1,<environment.Job instance at 0x7f47a5d33d70>,53,27,[8 5],54,-1,175,-1,148
1,<environment.Job instance at 0x7f47a5d33eb0>,55,13,[13  1],56,-1,166,-1,153
1,<environment.Job instance at 0x7f47a5d33f50>,56,20,[ 3 10],57,-1,173,-1,153
1,<environment.Job instance at 0x7f47a5d36460>,65,2,[10  4],66,-1,224,-1,222
1,<environment.Job instance at 0x7f47a5d365f0>,66,13,[ 2 14],67,-1,235,-1,222
1,<environment.Job instance at 0x7f47a5d36730>,68,27,[ 1 10],69,-1,251,-1,224
1,<environment.Job instance at 0x7f47a5d367d0>,69,2,[ 3 10],70,-1,226,-1,224
1,<environment.Job instance at 0x7f47a5d36870>,70,13,[ 3 12],71,-1,237,-1,224
1,<environment.Job instance at 0x7f47a5d369b0>,72,28,[5 1],73,-1,271,-1,243
1,<environment.Job instance at 0x7f47a5d36a50>,73,2,[5 9],74,-1,245,-1,243
1,<environment.Job instance at 0x7f47a5d36c30>,76,14,[ 4 11],77,-1,270,-1,256
1,<environment.Job instance at 0x7f47a5d36f50>,79,12,[10  2],80,-1,292,-1,280
1,<environment.Job instance at 0x7f47a5d392d0>,84,20,[13  1],85,-1,325,-1,305
1,<environment.Job instance at 0x7f47a5d39370>,85,18,[ 3 14],86,-1,323,-1,305
1,<environment.Job instance at 0x7f47a5d39550>,88,2,[ 3 10],89,-1,325,-1,323
1,<environment.Job instance at 0x7f47a5d395f0>,89,21,[ 1 11],90,-1,344,-1,323
1,<environment.Job instance at 0x7f47a5d39730>,91,14,[ 2 13],92,-1,337,-1,323
1,<environment.Job instance at 0x7f47a5d39870>,93,22,[10  2],94,-1,349,-1,327
1,<environment.Job instance at 0x7f47a5d39b90>,96,25,[8 5],97,-1,364,-1,339
1,<environment.Job instance at 0x7f47a5d39c30>,98,22,[ 3 11],99,-1,366,-1,344
1,<environment.Job instance at 0x7f47a5d39aa0>,99,12,[ 5 14],100,-1,356,-1,344
1,<environment.Job instance at 0x7f47a5d39f00>,101,12,[8 1],102,-1,377,-1,365
1,<environment.Job instance at 0x7f47a5d39f50>,102,27,[5 6],103,-1,392,-1,365
1,<environment.Job instance at 0x7f47a5d39eb0>,103,24,[12  3],104,-1,389,-1,365
1,<environment.Job instance at 0x7f47a5d3b050>,104,22,[12  5],105,-1,387,-1,365
1,<environment.Job instance at 0x7f47a5d3b0f0>,105,18,[12  4],106,-1,383,-1,365
1,<environment.Job instance at 0x7f47a5d3b230>,106,17,[ 5 13],107,-1,382,-1,365
1,<environment.Job instance at 0x7f47a5d3b2d0>,107,23,[14  4],108,-1,388,-1,365
1,<environment.Job instance at 0x7f47a5d3b410>,109,21,[ 1 10],110,-1,386,-1,365
1,<environment.Job instance at 0x7f47a5d3b5f0>,112,26,[ 5 12],113,-1,419,-1,393
1,<environment.Job instance at 0x7f47a5d3b690>,113,2,[6 2],114,-1,395,-1,393
1,<environment.Job instance at 0x7f47a5d3b730>,114,15,[12  1],115,-1,408,-1,393
1,<environment.Job instance at 0x7f47a5d3b7d0>,115,14,[ 2 11],116,-1,407,-1,393
1,<environment.Job instance at 0x7f47a5d3baa0>,117,14,[ 1 12],118,-1,407,-1,393
1,<environment.Job instance at 0x7f47a5d3bc30>,119,14,[ 3 14],120,-1,421,-1,407
1,<environment.Job instance at 0x7f47a5d3be10>,122,27,[2 6],123,-1,448,-1,421
1,<environment.Job instance at 0x7f47a5d3beb0>,123,24,[ 2 14],124,-1,445,-1,421
1,<environment.Job instance at 0x7f47af358dc0>,124,22,[8 1],125,-1,443,-1,421
1,<environment.Job instance at 0x7f47a5d841e0>,126,12,[13  4],127,-1,448,-1,436
1,<environment.Job instance at 0x7f47a5d23cd0>,127,1,[ 4 11],128,-1,437,-1,436
1,<environment.Job instance at 0x7f47a5d23c30>,128,23,[ 2 14],129,-1,459,-1,436
1,<environment.Job instance at 0x7f47a5d23640>,129,2,[1 8],130,-1,438,-1,436
1,<environment.Job instance at 0x7f47a5d850a0>,134,28,[5 6],135,-1,493,-1,465
1,<environment.Job instance at 0x7f47a5eb9a00>,136,19,[11  3],137,-1,498,-1,479
1,<environment.Job instance at 0x7f47a5e529b0>,137,20,[14  5],138,-1,499,-1,479
1,<environment.Job instance at 0x7f47a5da9370>,139,3,[ 1 12],140,-1,482,-1,479
1,<environment.Job instance at 0x7f47a5de9780>,140,16,[ 2 14],141,-1,495,-1,479
1,<environment.Job instance at 0x7f47a5e558c0>,143,25,[6 1],144,-1,526,-1,501
1,<environment.Job instance at 0x7f47a5eb2af0>,144,20,[ 1 14],145,-1,521,-1,501
1,<environment.Job instance at 0x7f47a5e55c80>,145,13,[ 4 10],146,-1,523,-1,510
1,<environment.Job instance at 0x7f47a5dc5640>,146,17,[14  2],147,-1,527,-1,510
1,<environment.Job instance at 0x7f47a5eb5320>,148,16,[11  2],149,-1,529,-1,513
1,<environment.Job instance at 0x7f47a5de0eb0>,149,23,[ 1 14],150,-1,536,-1,513
1,<environment.Job instance at 0x7f47a5dce2d0>,152,14,[13  4],153,-1,534,-1,520
1,<environment.Job instance at 0x7f47a5e4b1e0>,154,22,[12  4],155,-1,549,-1,527
1,<environment.Job instance at 0x7f47a5dd57d0>,155,23,[1 7],156,-1,562,-1,539
1,<environment.Job instance at 0x7f47a5e021e0>,157,16,[ 2 14],158,-1,555,-1,539
1,<environment.Job instance at 0x7f47a5f5d820>,160,25,[9 3],161,-1,569,-1,544
1,<environment.Job instance at 0x7f47a5e50af0>,164,14,[13  3],165,-1,582,-1,568
1,<environment.Job instance at 0x7f47a5e50eb0>,165,3,[10  1],166,-1,571,-1,568
1,<environment.Job instance at 0x7f47a5df9eb0>,166,3,[ 2 12],167,-1,571,-1,568
1,<environment.Job instance at 0x7f47a5d54690>,168,15,[11  2],169,-1,602,-1,587
1,<environment.Job instance at 0x7f47a5d54b90>,169,14,[11  3],170,-1,601,-1,587
1,<environment.Job instance at 0x7f47a5d54370>,170,2,[9 5],171,-1,589,-1,587
1,<environment.Job instance at 0x7f47a5d54190>,176,24,[11  5],177,-1,649,-1,625
1,<environment.Job instance at 0x7f47a5d54eb0>,177,21,[ 3 10],178,-1,646,-1,625
1,<environment.Job instance at 0x7f47a5d54910>,178,25,[14  4],179,-1,650,-1,625
1,<environment.Job instance at 0x7f47a5ed56e0>,180,26,[10  5],181,-1,665,-1,639
1,<environment.Job instance at 0x7f47a5d2daa0>,7,25,[6 2],8,-1,795,-1,770
1,<environment.Job instance at 0x7f47a5d2deb0>,8,22,[14  3],9,-1,792,-1,770
1,<environment.Job instance at 0x7f47a5cd7aa0>,1,17,[12  2],2,-1,19,-1,2
1,<environment.Job instance at 0x7f47a56c1a50>,2,28,[2 8],3,-1,31,-1,3
1,<environment.Job instance at 0x7f47a5791b40>,14,28,[2 7],15,-1,53,-1,25
1,<environment.Job instance at 0x7f47a5791be0>,15,28,[9 2],16,-1,53,-1,25
1,<environment.Job instance at 0x7f47a5791f00>,21,12,[ 2 14],22,-1,76,-1,64
1,<environment.Job instance at 0x7f47a5791f50>,22,13,[12  2],23,-1,77,-1,64
1,<environment.Job instance at 0x7f47a57914b0>,23,2,[5 9],24,-1,66,-1,64
1,<environment.Job instance at 0x7f47a579a6e0>,25,16,[11  1],26,-1,83,-1,67
1,<environment.Job instance at 0x7f47a579ac80>,28,17,[11  3],29,-1,103,-1,86
1,<environment.Job instance at 0x7f47a579ac30>,30,25,[6 2],31,-1,122,-1,97
1,<environment.Job instance at 0x7f47a579adc0>,31,18,[12  4],32,-1,115,-1,97
1,<environment.Job instance at 0x7f47a579ae10>,33,26,[11  5],34,-1,126,-1,100
1,<environment.Job instance at 0x7f47a57a0910>,43,26,[8 3],44,-1,222,-1,196
1,<environment.Job instance at 0x7f47a57a0dc0>,44,16,[12  1],45,-1,212,-1,196
1,<environment.Job instance at 0x7f47a57a0eb0>,45,19,[ 2 13],46,-1,215,-1,196
1,<environment.Job instance at 0x7f47a57a0a50>,46,22,[11  1],47,-1,218,-1,196
1,<environment.Job instance at 0x7f47a57a0be0>,47,22,[ 1 13],48,-1,218,-1,196
1,<environment.Job instance at 0x7f47a57a0cd0>,48,2,[2 8],49,-1,198,-1,196
1,<environment.Job instance at 0x7f47a5780500>,57,28,[4 5],58,-1,319,-1,291
1,<environment.Job instance at 0x7f47a58efc30>,59,22,[14  1],60,-1,325,-1,303
1,<environment.Job instance at 0x7f47a57800f0>,60,3,[11  3],61,-1,306,-1,303
1,<environment.Job instance at 0x7f47a5927c80>,61,27,[ 4 13],62,-1,330,-1,303
1,<environment.Job instance at 0x7f47a5936410>,62,26,[8 4],63,-1,329,-1,303
1,<environment.Job instance at 0x7f47a55fca00>,71,1,[ 2 10],72,-1,377,-1,376
1,<environment.Job instance at 0x7f47af39c3c0>,72,27,[3 9],73,-1,403,-1,376
1,<environment.Job instance at 0x7f47a56d7460>,74,12,[13  2],75,-1,389,-1,377
1,<environment.Job instance at 0x7f47a53b9230>,75,24,[1 5],76,-1,413,-1,389
1,<environment.Job instance at 0x7f47a5334f00>,81,17,[12  5],82,-1,440,-1,423
1,<environment.Job instance at 0x7f47a546b730>,82,12,[13  5],83,-1,435,-1,423
1,<environment.Job instance at 0x7f47a5371e60>,84,25,[1 5],85,-1,449,-1,424
1,<environment.Job instance at 0x7f47a52c9820>,87,15,[ 2 14],88,-1,455,-1,440
1,<environment.Job instance at 0x7f47a530c8c0>,90,14,[14  5],91,-1,486,-1,472
1,<environment.Job instance at 0x7f47a52d72d0>,91,13,[ 5 13],92,-1,485,-1,472
1,<environment.Job instance at 0x7f47a52e29b0>,94,18,[11  3],95,-1,501,-1,483
1,<environment.Job instance at 0x7f47a52e2f50>,96,25,[5 2],97,-1,528,-1,503
1,<environment.Job instance at 0x7f47a52e2e10>,97,15,[ 1 13],98,-1,518,-1,503
1,<environment.Job instance at 0x7f47a52e2d70>,98,27,[13  4],99,-1,530,-1,503
1,<environment.Job instance at 0x7f47a52e2410>,99,26,[3 5],100,-1,529,-1,503
1,<environment.Job instance at 0x7f47a52e2910>,102,25,[3 9],103,-1,546,-1,521
1,<environment.Job instance at 0x7f47a52e2b90>,103,13,[14  3],104,-1,534,-1,521
1,<environment.Job instance at 0x7f47a52e2730>,105,1,[7 3],106,-1,522,-1,521
1,<environment.Job instance at 0x7f47a52de370>,107,1,[2 7],108,-1,535,-1,534
1,<environment.Job instance at 0x7f47a52de550>,110,25,[4 5],111,-1,576,-1,551
1,<environment.Job instance at 0x7f47a52dec80>,111,25,[6 3],112,-1,576,-1,551
1,<environment.Job instance at 0x7f47a52de230>,112,2,[11  1],113,-1,553,-1,551
1,<environment.Job instance at 0x7f47a52dea00>,114,13,[12  4],115,-1,581,-1,568
1,<environment.Job instance at 0x7f47a52de5f0>,115,2,[5 5],116,-1,570,-1,568
1,<environment.Job instance at 0x7f47a52deeb0>,116,13,[ 1 13],117,-1,581,-1,568
1,<environment.Job instance at 0x7f47a52df8c0>,117,26,[ 1 13],118,-1,594,-1,568
1,<environment.Job instance at 0x7f47a52df460>,120,14,[14  2],121,-1,598,-1,584
1,<environment.Job instance at 0x7f47a52dfbe0>,124,25,[2 8],125,-1,670,-1,645
1,<environment.Job instance at 0x7f47a52dfb40>,128,16,[11  2],129,-1,661,-1,645
1,<environment.Job instance at 0x7f47a537cf00>,129,22,[ 2 12],130,-1,667,-1,645
1,<environment.Job instance at 0x7f47a52ddf00>,138,3,[5 9],139,-1,713,-1,710
1,<environment.Job instance at 0x7f47a5364960>,139,18,[ 2 14],140,-1,728,-1,710
1,<environment.Job instance at 0x7f47a52dda50>,140,24,[9 1],141,-1,734,-1,710
1,<environment.Job instance at 0x7f47a52ddf50>,141,25,[7 1],142,-1,735,-1,710
1,<environment.Job instance at 0x7f47a540b050>,142,24,[12  5],143,-1,734,-1,710
1,<environment.Job instance at 0x7f47a540b230>,143,23,[10  2],144,-1,734,-1,711
1,<environment.Job instance at 0x7f47a5405a00>,144,15,[ 1 11],145,-1,726,-1,711
1,<environment.Job instance at 0x7f47a5405910>,145,16,[ 5 12],146,-1,727,-1,711
1,<environment.Job instance at 0x7f47a54ed6e0>,146,27,[ 4 14],147,-1,738,-1,711
1,<environment.Job instance at 0x7f47a54583c0>,147,23,[2 9],148,-1,741,-1,718
1,<environment.Job instance at 0x7f47a546d190>,149,15,[13  1],150,-1,738,-1,723
1,<environment.Job instance at 0x7f47a5404050>,154,1,[13  4],155,-1,745,-1,744
1,<environment.Job instance at 0x7f47a52e56e0>,155,16,[ 2 12],156,-1,760,-1,744
1,<environment.Job instance at 0x7f47a52e3e60>,156,12,[ 4 14],157,-1,756,-1,744
1,<environment.Job instance at 0x7f47a577d690>,3,1,[7 4],4,-1,5,-1,4
1,<environment.Job instance at 0x7f47a577dfa0>,6,12,[ 5 14],7,-1,19,-1,7
1,<environment.Job instance at 0x7f47a55e7c30>,10,26,[9 4],11,-1,46,-1,20
1,<environment.Job instance at 0x7f47a55e7d70>,14,22,[ 1 12],15,-1,57,-1,35
1,<environment.Job instance at 0x7f47a55e73c0>,21,17,[ 1 14],22,-1,133,-1,116
1,<environment.Job instance at 0x7f47a56342d0>,24,2,[ 1 13],25,-1,118,-1,116
1,<environment.Job instance at 0x7f47a5634320>,30,26,[ 1 11],31,-1,177,-1,151
1,<environment.Job instance at 0x7f47a56348c0>,31,16,[14  5],32,-1,167,-1,151
1,<environment.Job instance at 0x7f47a5634230>,35,28,[10  3],36,-1,196,-1,168
1,<environment.Job instance at 0x7f47a56345a0>,36,3,[3 5],37,-1,171,-1,168
1,<environment.Job instance at 0x7f47a5466320>,52,3,[8 4],53,-1,312,-1,309
1,<environment.Job instance at 0x7f47a55728c0>,54,24,[ 3 10],55,-1,345,-1,321
1,<environment.Job instance at 0x7f47a5463730>,81,16,[ 5 11],82,-1,583,-1,567
1,<environment.Job instance at 0x7f47a54635a0>,82,15,[ 1 14],83,-1,582,-1,567
1,<environment.Job instance at 0x7f47a54635f0>,84,25,[3 8],85,-1,593,-1,568
1,<environment.Job instance at 0x7f47a5463c80>,85,28,[2 8],86,-1,596,-1,568
1,<environment.Job instance at 0x7f47a545f730>,86,3,[ 5 14],87,-1,571,-1,568
1,<environment.Job instance at 0x7f47a545f550>,87,27,[9 3],88,-1,595,-1,568
1,<environment.Job instance at 0x7f47a545f460>,88,15,[13  3],89,-1,583,-1,568
1,<environment.Job instance at 0x7f47a545f230>,90,12,[ 3 12],91,-1,598,-1,586
1,<environment.Job instance at 0x7f47a545f4b0>,91,16,[ 3 11],92,-1,602,-1,586
1,<environment.Job instance at 0x7f47a545f050>,95,12,[ 2 12],96,-1,618,-1,606
1,<environment.Job instance at 0x7f47a545f910>,96,27,[ 1 13],97,-1,633,-1,606
1,<environment.Job instance at 0x7f47a5458870>,100,2,[13  5],101,-1,621,-1,619
1,<environment.Job instance at 0x7f47a54581e0>,103,24,[11  3],104,-1,659,-1,635
1,<environment.Job instance at 0x7f47a5458c80>,104,18,[13  3],105,-1,653,-1,635
1,<environment.Job instance at 0x7f47a5458b90>,112,24,[7 5],113,-1,725,-1,701
1,<environment.Job instance at 0x7f47a54582d0>,113,20,[14  5],114,-1,721,-1,701
1,<environment.Job instance at 0x7f47a5458730>,115,18,[14  1],116,-1,719,-1,701
1,<environment.Job instance at 0x7f47a5455c30>,116,27,[5 5],117,-1,728,-1,701
1,<environment.Job instance at 0x7f47a5455690>,119,13,[14  1],120,-1,731,-1,718
1,<environment.Job instance at 0x7f47a5455870>,121,17,[14  5],122,-1,746,-1,729
1,<environment.Job instance at 0x7f47a54553c0>,126,17,[ 4 13],127,-1,777,-1,760
1,<environment.Job instance at 0x7f47a54547d0>,128,26,[8 1],129,-1,794,-1,768
1,<environment.Job instance at 0x7f47a54549b0>,130,2,[5 3],131,-1,789,-1,787
1,<environment.Job instance at 0x7f47a536c9b0>,138,3,[ 1 13],139,-1,872,-1,869
1,<environment.Job instance at 0x7f47a5f49410>,140,20,[ 1 10],141,-1,916,-1,896
1,<environment.Job instance at 0x7f47a5435fa0>,147,15,[13  1],148,-1,946,-1,931
1,<environment.Job instance at 0x7f47a5435aa0>,148,14,[12  4],149,-1,945,-1,931
1,<environment.Job instance at 0x7f47a5435550>,150,25,[ 3 14],152,-1,972,-1,947
1,<environment.Job instance at 0x7f47a64b1a00>,151,14,[14  3],153,-1,961,-1,947
1,<environment.Job instance at 0x7f47af4879b0>,153,14,[ 5 14],155,-1,961,-1,947
1,<environment.Job instance at 0x7f47a5eb67d0>,159,17,[ 2 13],183,-1,1000,-1,983
1,<environment.Job instance at 0x7f47a5463aa0>,75,19,[14  4],76,-1,1031,-1,1012
1,<environment.Job instance at 0x7f47a5463e10>,80,18,[14  2],81,-1,1031,-1,1013
1,<environment.Job instance at 0x7f47a52a1640>,3,12,[14  4],4,-1,16,-1,4
1,<environment.Job instance at 0x7f47a56161e0>,5,25,[8 1],6,-1,31,-1,6
1,<environment.Job instance at 0x7f47a52a1dc0>,15,28,[ 1 13],16,-1,71,-1,43
1,<environment.Job instance at 0x7f47a52a1af0>,18,2,[ 4 11],19,-1,59,-1,57
1,<environment.Job instance at 0x7f47a52a30a0>,19,26,[9 4],20,-1,83,-1,57
1,<environment.Job instance at 0x7f47a52a3050>,20,28,[2 7],21,-1,85,-1,57
1,<environment.Job instance at 0x7f47a52a3280>,22,22,[ 5 14],23,-1,89,-1,67
1,<environment.Job instance at 0x7f47a52a3320>,23,20,[14  1],24,-1,87,-1,67
1,<environment.Job instance at 0x7f47a52a3be0>,37,23,[ 4 10],38,-1,217,-1,194
1,<environment.Job instance at 0x7f47a52a3c80>,38,19,[14  3],39,-1,213,-1,194
1,<environment.Job instance at 0x7f47a52a3e10>,39,1,[3 7],40,-1,195,-1,194
1,<environment.Job instance at 0x7f47a52a3e60>,40,15,[11  4],41,-1,209,-1,194
1,<environment.Job instance at 0x7f47a52a3f00>,41,17,[11  1],42,-1,211,-1,194
1,<environment.Job instance at 0x7f47a52a3f50>,42,2,[ 1 14],43,-1,196,-1,194
1,<environment.Job instance at 0x7f47a52a62d0>,43,12,[13  2],44,-1,206,-1,194
1,<environment.Job instance at 0x7f47a52a6370>,45,15,[ 2 11],46,-1,211,-1,196
1,<environment.Job instance at 0x7f47a52a6320>,46,23,[7 4],47,-1,219,-1,196
1,<environment.Job instance at 0x7f47a52a6410>,47,22,[9 4],48,-1,220,-1,198
1,<environment.Job instance at 0x7f47a52a6820>,54,28,[10  3],55,-1,265,-1,237
1,<environment.Job instance at 0x7f47a52a6aa0>,55,25,[12  3],56,-1,262,-1,237
1,<environment.Job instance at 0x7f47a52a6dc0>,59,18,[ 2 10],60,-1,282,-1,264
1,<environment.Job instance at 0x7f47a52a6e60>,60,16,[14  3],61,-1,280,-1,264
1,<environment.Job instance at 0x7f47a52a6f00>,61,20,[5 1],62,-1,287,-1,267
1,<environment.Job instance at 0x7f47a52a8280>,66,21,[12  5],67,-1,315,-1,294
1,<environment.Job instance at 0x7f47a52a84b0>,68,25,[6 1],69,-1,325,-1,300
1,<environment.Job instance at 0x7f47a52a8550>,69,24,[11  4],70,-1,324,-1,300
1,<environment.Job instance at 0x7f47a52a8690>,71,27,[5 1],72,-1,333,-1,306
1,<environment.Job instance at 0x7f47a52a87d0>,73,17,[14  5],74,-1,329,-1,312
1,<environment.Job instance at 0x7f47a581ecd0>,76,25,[8 3],77,-1,347,-1,322
1,<environment.Job instance at 0x7f47a540e3c0>,77,13,[13  1],78,-1,335,-1,322
1,<environment.Job instance at 0x7f47a5296f00>,78,16,[ 5 10],79,-1,338,-1,322
1,<environment.Job instance at 0x7f47a5296280>,81,19,[12  1],82,-1,371,-1,352
1,<environment.Job instance at 0x7f47a5296050>,85,13,[ 2 12],86,-1,386,-1,373
1,<environment.Job instance at 0x7f47a52960a0>,86,25,[ 5 10],87,-1,398,-1,373
1,<environment.Job instance at 0x7f47a5a02cd0>,87,26,[9 3],88,-1,399,-1,373
1,<environment.Job instance at 0x7f47a5296690>,88,26,[ 1 12],89,-1,399,-1,373
1,<environment.Job instance at 0x7f47a5a32c30>,89,28,[3 6],90,-1,401,-1,373
1,<environment.Job instance at 0x7f47a6178cd0>,90,2,[1 6],91,-1,375,-1,373
1,<environment.Job instance at 0x7f47a56b9c30>,91,12,[11  1],92,-1,385,-1,373
1,<environment.Job instance at 0x7f47a56929b0>,93,15,[13  2],94,-1,394,-1,379
1,<environment.Job instance at 0x7f47a5692aa0>,94,17,[12  3],95,-1,396,-1,379
1,<environment.Job instance at 0x7f47a5692b40>,95,2,[ 4 12],96,-1,381,-1,379
1,<environment.Job instance at 0x7f47a5683c80>,96,1,[10  1],97,-1,380,-1,379
1,<environment.Job instance at 0x7f47a6164a00>,97,28,[3 6],98,-1,407,-1,379
1,<environment.Job instance at 0x7f47a576e410>,99,19,[13  1],100,-1,399,-1,380
1,<environment.Job instance at 0x7f47a56a6af0>,104,28,[6 5],105,-1,430,-1,402
1,<environment.Job instance at 0x7f47a5a1d0f0>,110,14,[3 5],111,-1,451,-1,437
1,<environment.Job instance at 0x7f47a5a1db90>,112,25,[4 6],113,-1,472,-1,447
1,<environment.Job instance at 0x7f47a5a25910>,114,24,[7 5],115,-1,473,-1,449
1,<environment.Job instance at 0x7f47a5a38690>,116,21,[14  1],117,-1,473,-1,452
1,<environment.Job instance at 0x7f47a5a2b320>,118,16,[12  4],119,-1,481,-1,465
1,<environment.Job instance at 0x7f47a5a25960>,119,24,[4 9],120,-1,489,-1,465
1,<environment.Job instance at 0x7f47a5a29eb0>,124,12,[ 1 14],125,-1,501,-1,489
1,<environment.Job instance at 0x7f47a5a29820>,125,14,[13  4],126,-1,503,-1,489
1,<environment.Job instance at 0x7f47a568b410>,127,13,[13  3],128,-1,520,-1,507
1,<environment.Job instance at 0x7f47a568b190>,129,27,[ 3 14],130,-1,535,-1,508
1,<environment.Job instance at 0x7f47a568b1e0>,131,1,[ 5 13],132,-1,519,-1,518
1,<environment.Job instance at 0x7f47a568b500>,132,25,[13  4],133,-1,543,-1,518
1,<environment.Job instance at 0x7f47a568b0a0>,133,14,[14  1],134,-1,532,-1,518
1,<environment.Job instance at 0x7f47a568b320>,134,1,[10  5],135,-1,519,-1,518
1,<environment.Job instance at 0x7f47a568b140>,135,26,[13  4],136,-1,544,-1,518
1,<environment.Job instance at 0x7f47a5282320>,137,21,[ 2 13],138,-1,540,-1,519
1,<environment.Job instance at 0x7f47a568b5a0>,138,16,[ 3 14],139,-1,535,-1,519
1,<environment.Job instance at 0x7f47a52828c0>,139,16,[ 1 11],140,-1,535,-1,519
1,<environment.Job instance at 0x7f47a5282b90>,141,24,[ 2 13],142,-1,556,-1,532
1,<environment.Job instance at 0x7f47a5282a00>,142,18,[13  3],143,-1,550,-1,532
1,<environment.Job instance at 0x7f47a56a0a50>,143,15,[ 1 10],144,-1,547,-1,532
1,<environment.Job instance at 0x7f47a56a04b0>,145,16,[ 1 12],146,-1,548,-1,532
1,<environment.Job instance at 0x7f47a56a0e10>,146,1,[ 2 10],147,-1,533,-1,532
1,<environment.Job instance at 0x7f47a56a0cd0>,147,26,[8 4],148,-1,558,-1,532
1,<environment.Job instance at 0x7f47a56a0b90>,148,16,[ 3 13],149,-1,548,-1,532
1,<environment.Job instance at 0x7f47a56a0f00>,151,28,[ 5 12],152,-1,578,-1,550
1,<environment.Job instance at 0x7f47a56a0460>,152,28,[2 6],153,-1,578,-1,550
1,<environment.Job instance at 0x7f47a56a05a0>,154,1,[6 1],160,-1,569,-1,568
1,<environment.Job instance at 0x7f47a56a0f50>,156,18,[ 4 11],183,-1,601,-1,583
1,<environment.Job instance at 0x7f47a56a18c0>,1,23,[11  4],2,-1,25,-1,2
1,<environment.Job instance at 0x7f47a5e3a820>,3,23,[2 7],4,-1,27,-1,4
1,<environment.Job instance at 0x7f47a5e3a9b0>,4,15,[12  4],5,-1,20,-1,5
1,<environment.Job instance at 0x7f47a5e3a870>,5,2,[ 1 12],6,-1,8,-1,6
1,<environment.Job instance at 0x7f47a5e3a780>,8,28,[6 4],9,-1,37,-1,9
1,<environment.Job instance at 0x7f47a5e2a550>,9,14,[14  3],10,-1,24,-1,10
1,<environment.Job instance at 0x7f47a5e2a370>,11,25,[ 2 14],12,-1,37,-1,12
1,<environment.Job instance at 0x7f47a5e2a960>,20,28,[13  5],21,-1,68,-1,40
1,<environment.Job instance at 0x7f47a5e2a730>,22,16,[ 4 10],23,-1,73,-1,57
1,<environment.Job instance at 0x7f47a5e2aaf0>,24,2,[ 2 14],25,-1,59,-1,57
1,<environment.Job instance at 0x7f47a5e2ab40>,25,14,[11  2],26,-1,71,-1,57
1,<environment.Job instance at 0x7f47a5e2ae10>,26,1,[4 6],27,-1,58,-1,57
1,<environment.Job instance at 0x7f47a606e780>,28,14,[14  5],29,-1,86,-1,72
1,<environment.Job instance at 0x7f47a5e2a9b0>,29,1,[ 3 12],30,-1,73,-1,72
1,<environment.Job instance at 0x7f47a606e2d0>,31,2,[5 6],32,-1,75,-1,73
1,<environment.Job instance at 0x7f47a606ea00>,32,13,[ 2 13],33,-1,86,-1,73
1,<environment.Job instance at 0x7f47a606ec30>,33,23,[5 1],34,-1,96,-1,73
1,<environment.Job instance at 0x7f47a606ed20>,34,14,[ 3 13],35,-1,87,-1,73
1,<environment.Job instance at 0x7f47a606e190>,35,13,[5 1],36,-1,95,-1,82
1,<environment.Job instance at 0x7f47a606e0a0>,36,26,[ 1 12],37,-1,108,-1,82
1,<environment.Job instance at 0x7f47a606e5f0>,40,24,[11  5],41,-1,116,-1,92
1,<environment.Job instance at 0x7f47a5e1be60>,46,18,[14  2],47,-1,144,-1,126
1,<environment.Job instance at 0x7f47a5e1b500>,47,27,[5 7],48,-1,153,-1,126
1,<environment.Job instance at 0x7f47a5e1b640>,49,21,[12  3],50,-1,151,-1,130
1,<environment.Job instance at 0x7f47a5e1bd20>,50,12,[ 5 12],51,-1,142,-1,130
1,<environment.Job instance at 0x7f47a5e1b140>,52,16,[ 2 13],53,-1,155,-1,139
1,<environment.Job instance at 0x7f47a5e1b820>,55,13,[14  1],56,-1,165,-1,152
1,<environment.Job instance at 0x7f47a5e1b690>,56,14,[ 5 13],57,-1,166,-1,152
1,<environment.Job instance at 0x7f47a5e1bc80>,57,20,[ 2 13],58,-1,172,-1,152
1,<environment.Job instance at 0x7f47a5e1bf50>,58,27,[4 9],59,-1,179,-1,152
1,<environment.Job instance at 0x7f47a5e1b7d0>,59,3,[ 2 13],60,-1,155,-1,152
1,<environment.Job instance at 0x7f47a5ae1be0>,60,13,[ 4 12],61,-1,165,-1,152
1,<environment.Job instance at 0x7f47a5ae1d20>,62,25,[2 7],63,-1,186,-1,161
1,<environment.Job instance at 0x7f47a5ae14b0>,64,12,[11  5],65,-1,181,-1,169
1,<environment.Job instance at 0x7f47a5ae1050>,67,21,[12  5],68,-1,211,-1,190
1,<environment.Job instance at 0x7f47a5ae1af0>,69,20,[11  5],70,-1,220,-1,200
1,<environment.Job instance at 0x7f47a5ae18c0>,72,28,[5 7],73,-1,248,-1,220
1,<environment.Job instance at 0x7f47a5e48780>,73,12,[ 4 11],74,-1,232,-1,220
1,<environment.Job instance at 0x7f47a5e480a0>,74,25,[13  4],75,-1,245,-1,220
1,<environment.Job instance at 0x7f47a5e489b0>,75,21,[ 1 12],76,-1,241,-1,220
1,<environment.Job instance at 0x7f47a5e48870>,76,22,[ 4 10],77,-1,242,-1,220
1,<environment.Job instance at 0x7f47a5e484b0>,78,28,[13  2],79,-1,248,-1,220
1,<environment.Job instance at 0x7f47a5e48af0>,79,13,[8 3],80,-1,242,-1,229
1,<environment.Job instance at 0x7f47a5e48550>,80,24,[7 3],81,-1,253,-1,229
1,<environment.Job instance at 0x7f47a5e48640>,82,26,[5 8],83,-1,257,-1,231
1,<environment.Job instance at 0x7f47a5e482d0>,84,23,[1 5],85,-1,263,-1,240
1,<environment.Job instance at 0x7f47a5e488c0>,85,2,[5 5],86,-1,242,-1,240
1,<environment.Job instance at 0x7f47a5e48a00>,86,2,[ 5 13],87,-1,242,-1,240
1,<environment.Job instance at 0x7f47a5e02640>,87,13,[ 1 14],88,-1,253,-1,240
1,<environment.Job instance at 0x7f47a5e02820>,88,17,[ 1 10],89,-1,257,-1,240
1,<environment.Job instance at 0x7f47a5e02e10>,90,21,[13  2],91,-1,261,-1,240
1,<environment.Job instance at 0x7f47a5e02780>,91,1,[9 1],92,-1,241,-1,240
1,<environment.Job instance at 0x7f47a5e02c30>,92,18,[ 2 11],93,-1,258,-1,240
1,<environment.Job instance at 0x7f47a5e02cd0>,93,3,[8 2],94,-1,243,-1,240
1,<environment.Job instance at 0x7f47a5e02690>,95,2,[5 4],96,-1,242,-1,240
1,<environment.Job instance at 0x7f47a5b077d0>,100,17,[ 3 13],101,-1,306,-1,289
1,<environment.Job instance at 0x7f47a5b070f0>,101,23,[13  3],102,-1,312,-1,289
1,<environment.Job instance at 0x7f47a5b075f0>,102,18,[ 2 12],103,-1,307,-1,289
1,<environment.Job instance at 0x7f47a5b07d70>,103,13,[11  1],104,-1,302,-1,289
1,<environment.Job instance at 0x7f47a5b07820>,106,26,[7 4],107,-1,327,-1,301
1,<environment.Job instance at 0x7f47a5b075a0>,107,12,[13  4],108,-1,313,-1,301
1,<environment.Job instance at 0x7f47a5b07870>,108,13,[ 2 12],109,-1,314,-1,301
1,<environment.Job instance at 0x7f47a5e38960>,111,13,[14  4],112,-1,328,-1,315
1,<environment.Job instance at 0x7f47a5e38b40>,112,16,[14  2],113,-1,331,-1,315
1,<environment.Job instance at 0x7f47a5e38cd0>,114,3,[5 1],115,-1,328,-1,325
1,<environment.Job instance at 0x7f47a5e385a0>,116,24,[5 9],117,-1,357,-1,333
1,<environment.Job instance at 0x7f47a5e38e60>,117,12,[ 3 14],118,-1,345,-1,333
1,<environment.Job instance at 0x7f47a5e38c80>,119,28,[14  4],120,-1,370,-1,342
1,<environment.Job instance at 0x7f47a5e38730>,120,28,[5 2],121,-1,370,-1,342
1,<environment.Job instance at 0x7f47a5e38370>,121,2,[5 9],122,-1,344,-1,342
1,<environment.Job instance at 0x7f47a5e38320>,122,24,[8 1],123,-1,366,-1,342
1,<environment.Job instance at 0x7f47a5e388c0>,124,26,[5 7],125,-1,373,-1,347
1,<environment.Job instance at 0x7f47a684df00>,133,2,[14  5],134,-1,444,-1,442
1,<environment.Job instance at 0x7f47a67075a0>,134,2,[13  2],135,-1,444,-1,442
1,<environment.Job instance at 0x7f47a60d85f0>,135,14,[ 1 10],136,-1,456,-1,442
1,<environment.Job instance at 0x7f47a610b4b0>,140,17,[ 1 13],141,-1,513,-1,496
1,<environment.Job instance at 0x7f47a5dafd20>,141,25,[4 9],142,-1,521,-1,496
1,<environment.Job instance at 0x7f47a5dafaf0>,143,14,[13  3],144,-1,524,-1,510
1,<environment.Job instance at 0x7f47a5daf280>,147,2,[6 3],148,-1,525,-1,523
1,<environment.Job instance at 0x7f47a5ea1f50>,154,12,[11  4],155,-1,583,-1,571
1,<environment.Job instance at 0x7f47a5dbf690>,160,17,[ 2 14],161,-1,633,-1,616
1,<environment.Job instance at 0x7f47a5dbf410>,162,12,[13  4],163,-1,645,-1,633
1,<environment.Job instance at 0x7f47a5dc59b0>,165,17,[14  2],166,-1,650,-1,633
1,<environment.Job instance at 0x7f47a5dc50a0>,166,17,[ 1 12],167,-1,650,-1,633
1,<environment.Job instance at 0x7f47a5dc5370>,168,2,[8 1],169,-1,652,-1,650
1,<environment.Job instance at 0x7f47a5dc5f50>,169,27,[11  4],170,-1,677,-1,650
1,<environment.Job instance at 0x7f47a5dc57d0>,170,15,[ 2 13],171,-1,665,-1,650
1,<environment.Job instance at 0x7f47a5dc5820>,171,3,[2 5],172,-1,653,-1,650
1,<environment.Job instance at 0x7f47a5dc55f0>,174,25,[6 2],175,-1,677,-1,652
1,<environment.Job instance at 0x7f47a5dc5d20>,175,17,[13  1],176,-1,669,-1,652
1,<environment.Job instance at 0x7f47a5e3b910>,176,23,[8 2],177,-1,678,-1,655
1,<environment.Job instance at 0x7f47a5e3b730>,177,26,[ 2 11],178,-1,681,-1,655
1,<environment.Job instance at 0x7f47a5e3b9b0>,178,1,[6 4],179,-1,656,-1,655
1,<environment.Job instance at 0x7f47a5e3b3c0>,180,26,[2 7],181,-1,708,-1,682
1,<environment.Job instance at 0x7f47a5e3b7d0>,183,24,[13  5],184,-1,723,-1,699
1,<environment.Job instance at 0x7f47a5e3b0f0>,185,12,[14  3],186,-1,711,-1,699
1,<environment.Job instance at 0x7f47a5405c30>,5,1,[6 3],6,-1,8,-1,7
1,<environment.Job instance at 0x7f47a544faf0>,23,13,[ 1 12],24,-1,140,-1,127
1,<environment.Job instance at 0x7f47a4f54500>,26,14,[ 4 12],27,-1,153,-1,139
1,<environment.Job instance at 0x7f47a4f544b0>,28,25,[ 1 14],29,-1,167,-1,142
1,<environment.Job instance at 0x7f47a4f54aa0>,29,14,[11  5],30,-1,156,-1,142
1,<environment.Job instance at 0x7f47a4f542d0>,31,23,[ 4 13],32,-1,177,-1,154
1,<environment.Job instance at 0x7f47a4f54af0>,32,19,[11  1],33,-1,173,-1,154
1,<environment.Job instance at 0x7f47a4f54280>,33,18,[ 4 11],34,-1,172,-1,154
1,<environment.Job instance at 0x7f47a4f54460>,36,13,[ 3 13],37,-1,181,-1,168
1,<environment.Job instance at 0x7f47a595de60>,38,22,[6 4],39,-1,199,-1,177
1,<environment.Job instance at 0x7f47a595d050>,39,16,[14  5],40,-1,193,-1,177
1,<environment.Job instance at 0x7f47a4ff6f50>,42,16,[14  3],43,-1,203,-1,187
1,<environment.Job instance at 0x7f47a4ff6820>,43,3,[2 8],44,-1,190,-1,187
1,<environment.Job instance at 0x7f47a4ff6640>,44,3,[ 3 10],45,-1,190,-1,187
1,<environment.Job instance at 0x7f47a4ff6050>,45,22,[2 6],46,-1,209,-1,187
1,<environment.Job instance at 0x7f47a4ff60f0>,46,3,[5 3],47,-1,190,-1,187
1,<environment.Job instance at 0x7f47a4ff6910>,48,23,[5 5],49,-1,221,-1,198
1,<environment.Job instance at 0x7f47a4ff6d20>,49,2,[6 2],50,-1,200,-1,198
1,<environment.Job instance at 0x7f47a4ff6780>,50,14,[11  3],51,-1,212,-1,198
1,<environment.Job instance at 0x7f47a4ff6fa0>,51,2,[2 7],52,-1,200,-1,198
1,<environment.Job instance at 0x7f47a59780a0>,52,12,[11  2],53,-1,210,-1,198
1,<environment.Job instance at 0x7f47a5978dc0>,53,3,[9 1],54,-1,201,-1,198
1,<environment.Job instance at 0x7f47a594e410>,55,22,[6 1],56,-1,225,-1,203
1,<environment.Job instance at 0x7f47a595bbe0>,56,15,[7 1],57,-1,218,-1,203
1,<environment.Job instance at 0x7f47a5fe9230>,66,14,[13  2],67,-1,293,-1,279
1,<environment.Job instance at 0x7f47a5f42c80>,68,24,[ 1 14],69,-1,314,-1,290
1,<environment.Job instance at 0x7f47a6406eb0>,73,1,[7 1],74,-1,313,-1,312
1,<environment.Job instance at 0x7f47a5f40460>,74,23,[5 5],75,-1,336,-1,313
1,<environment.Job instance at 0x7f47af3c1aa0>,75,23,[ 2 12],76,-1,341,-1,318
1,<environment.Job instance at 0x7f47a5f70aa0>,78,1,[12  5],79,-1,327,-1,326
1,<environment.Job instance at 0x7f47a67c02d0>,79,13,[11  2],80,-1,339,-1,326
1,<environment.Job instance at 0x7f47a67c0230>,80,27,[5 2],81,-1,353,-1,326
1,<environment.Job instance at 0x7f47a66f7780>,83,3,[ 3 10],84,-1,346,-1,343
1,<environment.Job instance at 0x7f47a5440820>,88,2,[8 5],89,-1,368,-1,366
1,<environment.Job instance at 0x7f47a5789c80>,89,14,[ 3 11],90,-1,380,-1,366
1,<environment.Job instance at 0x7f47a5789b40>,90,14,[14  1],91,-1,380,-1,366
1,<environment.Job instance at 0x7f47a54f1f50>,94,20,[ 2 11],95,-1,398,-1,378
1,<environment.Job instance at 0x7f47a54f15a0>,95,2,[3 9],96,-1,380,-1,378
1,<environment.Job instance at 0x7f47a5950280>,97,26,[3 7],98,-1,419,-1,393
1,<environment.Job instance at 0x7f47a4f40cd0>,98,26,[4 6],99,-1,419,-1,393
1,<environment.Job instance at 0x7f47a5950a50>,99,14,[ 3 14],100,-1,407,-1,393
1,<environment.Job instance at 0x7f47a4f40280>,101,12,[10  1],102,-1,425,-1,413
1,<environment.Job instance at 0x7f47a4f404b0>,102,1,[10  1],103,-1,414,-1,413
1,<environment.Job instance at 0x7f47a59b3a50>,108,14,[ 2 12],109,-1,465,-1,451
1,<environment.Job instance at 0x7f47a59b3cd0>,109,28,[11  4],110,-1,479,-1,451
1,<environment.Job instance at 0x7f47a59b3410>,110,22,[ 5 12],111,-1,473,-1,451
1,<environment.Job instance at 0x7f47a52bffa0>,112,25,[9 5],113,-1,476,-1,451
1,<environment.Job instance at 0x7f47a52bfaf0>,116,22,[ 1 13],117,-1,509,-1,487
1,<environment.Job instance at 0x7f47a52bf460>,113,22,[3 8],114,-1,524,-1,502
1,<environment.Job instance at 0x7f47a52bf730>,119,15,[ 5 14],120,-1,517,-1,502
1,<environment.Job instance at 0x7f47a52bf4b0>,120,27,[3 6],121,-1,529,-1,502
1,<environment.Job instance at 0x7f47a52bfa50>,121,2,[12  1],122,-1,504,-1,502
1,<environment.Job instance at 0x7f47a57e7960>,123,18,[11  2],124,-1,520,-1,502
1,<environment.Job instance at 0x7f47a57e7af0>,125,27,[8 1],126,-1,530,-1,503
1,<environment.Job instance at 0x7f47a5458050>,128,1,[4 7],129,-1,517,-1,516
1,<environment.Job instance at 0x7f47a66e9190>,131,22,[10  5],132,-1,573,-1,551
1,<environment.Job instance at 0x7f47a546ddc0>,134,12,[ 1 10],135,-1,563,-1,551
1,<environment.Job instance at 0x7f47a546dbe0>,135,18,[11  4],136,-1,569,-1,551
1,<environment.Job instance at 0x7f47a546d280>,138,23,[2 5],139,-1,576,-1,553
1,<environment.Job instance at 0x7f47a546b140>,139,13,[14  3],140,-1,566,-1,553
1,<environment.Job instance at 0x7f47a546b550>,140,18,[ 5 11],141,-1,571,-1,553
1,<environment.Job instance at 0x7f47a546b0f0>,143,14,[13  2],144,-1,586,-1,572
1,<environment.Job instance at 0x7f47a60e0be0>,144,2,[7 1],145,-1,574,-1,572
1,<environment.Job instance at 0x7f47a60e0230>,145,22,[2 8],146,-1,614,-1,592
1,<environment.Job instance at 0x7f47a60e0640>,148,23,[7 4],149,-1,615,-1,592
1,<environment.Job instance at 0x7f47a60e0820>,149,25,[ 4 12],150,-1,617,-1,592
1,<environment.Job instance at 0x7f47a60e0eb0>,151,14,[11  3],155,-1,607,-1,593
1,<environment.Job instance at 0x7f47a61d0cd0>,157,27,[ 5 14],170,-1,678,-1,651
1,<environment.Job instance at 0x7f47a6171d20>,158,26,[13  3],175,-1,677,-1,651
1,<environment.Job instance at 0x7f47a6171190>,159,2,[9 4],178,-1,653,-1,651
1,<environment.Job instance at 0x7f47a5a84be0>,1,23,[ 2 12],2,-1,25,-1,2
1,<environment.Job instance at 0x7f47a66e9f00>,2,27,[8 3],3,-1,30,-1,3
1,<environment.Job instance at 0x7f47a681da50>,7,25,[9 4],8,-1,34,-1,9
1,<environment.Job instance at 0x7f47a613b5f0>,13,3,[ 5 14],14,-1,27,-1,24
1,<environment.Job instance at 0x7f47a613bcd0>,16,27,[10  5],17,-1,60,-1,33
1,<environment.Job instance at 0x7f47a5fea690>,20,3,[1 6],21,-1,62,-1,59
1,<environment.Job instance at 0x7f47a5feacd0>,21,16,[13  4],22,-1,75,-1,59
1,<environment.Job instance at 0x7f47a5feafa0>,23,16,[ 5 12],24,-1,81,-1,65
1,<environment.Job instance at 0x7f47a53aab90>,26,3,[6 1],27,-1,91,-1,88
1,<environment.Job instance at 0x7f47a633a0a0>,27,12,[ 2 12],28,-1,100,-1,88
1,<environment.Job instance at 0x7f47a64caa50>,28,2,[6 2],29,-1,90,-1,88
1,<environment.Job instance at 0x7f47a5883370>,33,18,[ 1 11],34,-1,132,-1,114
1,<environment.Job instance at 0x7f47a58830f0>,34,3,[3 7],35,-1,117,-1,114
1,<environment.Job instance at 0x7f47a601b870>,37,17,[10  1],38,-1,158,-1,141
1,<environment.Job instance at 0x7f47a5ffad20>,39,16,[ 5 12],40,-1,157,-1,141
1,<environment.Job instance at 0x7f47a5ffa910>,40,12,[11  1],41,-1,153,-1,141
1,<environment.Job instance at 0x7f47a6038eb0>,44,26,[10  5],45,-1,195,-1,169
1,<environment.Job instance at 0x7f47a58af0a0>,45,2,[7 5],46,-1,171,-1,169
1,<environment.Job instance at 0x7f47a5fe7af0>,49,25,[1 7],50,-1,212,-1,187
1,<environment.Job instance at 0x7f47a5fe7730>,50,13,[9 3],51,-1,200,-1,187
1,<environment.Job instance at 0x7f47a5ff4370>,52,14,[ 3 10],53,-1,216,-1,202
1,<environment.Job instance at 0x7f47a5ffddc0>,54,27,[3 8],55,-1,229,-1,202
1,<environment.Job instance at 0x7f47a5fe6730>,55,12,[1 9],56,-1,214,-1,202
1,<environment.Job instance at 0x7f47a5ffde10>,57,28,[2 6],58,-1,230,-1,202
1,<environment.Job instance at 0x7f47a5fdb1e0>,58,28,[7 1],59,-1,230,-1,202
1,<environment.Job instance at 0x7f47a5fdb2d0>,59,26,[10  3],60,-1,228,-1,202
1,<environment.Job instance at 0x7f47a5fdb4b0>,60,27,[5 2],61,-1,229,-1,202
1,<environment.Job instance at 0x7f47a5fdb050>,61,12,[ 3 13],62,-1,214,-1,202
1,<environment.Job instance at 0x7f47a5fdb460>,62,17,[14  5],63,-1,219,-1,202
1,<environment.Job instance at 0x7f47a5fdbd20>,63,15,[14  2],64,-1,217,-1,202
1,<environment.Job instance at 0x7f47a5fdba50>,64,15,[ 1 12],65,-1,217,-1,202
1,<environment.Job instance at 0x7f47a5fdbdc0>,65,14,[3 9],66,-1,216,-1,202
1,<environment.Job instance at 0x7f47a5fdbaa0>,66,12,[10  1],67,-1,214,-1,202
1,<environment.Job instance at 0x7f47a5fdbfa0>,68,12,[ 1 12],69,-1,230,-1,218
1,<environment.Job instance at 0x7f47a5fdbf00>,70,16,[ 1 10],71,-1,237,-1,221
1,<environment.Job instance at 0x7f47a5fdbeb0>,71,22,[8 3],72,-1,243,-1,221
1,<environment.Job instance at 0x7f47a6000af0>,72,15,[11  5],73,-1,236,-1,221
1,<environment.Job instance at 0x7f47a6000a50>,73,13,[9 2],74,-1,234,-1,221
1,<environment.Job instance at 0x7f47a6000cd0>,75,21,[11  3],76,-1,263,-1,242
1,<environment.Job instance at 0x7f47a6000d70>,76,2,[1 8],77,-1,244,-1,242
1,<environment.Job instance at 0x7f47a6000e10>,77,17,[ 1 10],78,-1,259,-1,242
1,<environment.Job instance at 0x7f47a6000a00>,79,12,[11  2],80,-1,254,-1,242
1,<environment.Job instance at 0x7f47a6000c30>,80,18,[ 3 11],81,-1,260,-1,242
1,<environment.Job instance at 0x7f47a56fc230>,82,15,[1 7],83,-1,268,-1,253
1,<environment.Job instance at 0x7f47a56fc2d0>,83,24,[2 8],84,-1,277,-1,253
1,<environment.Job instance at 0x7f47a56fc370>,84,24,[5 7],85,-1,277,-1,253
1,<environment.Job instance at 0x7f47a56fc410>,85,13,[14  2],86,-1,266,-1,253
1,<environment.Job instance at 0x7f47a56fc4b0>,86,12,[ 5 14],87,-1,265,-1,253
1,<environment.Job instance at 0x7f47a56fc550>,87,28,[11  4],88,-1,281,-1,253
1,<environment.Job instance at 0x7f47a56fc690>,88,1,[1 6],89,-1,254,-1,253
1,<environment.Job instance at 0x7f47a56fc730>,89,26,[1 8],90,-1,279,-1,253
1,<environment.Job instance at 0x7f47a56fc780>,90,13,[1 9],91,-1,266,-1,253
1,<environment.Job instance at 0x7f47a56fca00>,94,24,[5 3],95,-1,294,-1,270
1,<environment.Job instance at 0x7f47a56fcaa0>,95,15,[ 1 14],96,-1,285,-1,270
1,<environment.Job instance at 0x7f47a56fcb40>,96,16,[ 3 13],97,-1,286,-1,270
1,<environment.Job instance at 0x7f47a56fcbe0>,97,23,[11  4],98,-1,293,-1,270
1,<environment.Job instance at 0x7f47a56fcc80>,98,13,[1 9],99,-1,283,-1,270
1,<environment.Job instance at 0x7f47a56fcdc0>,100,3,[2 7],101,-1,277,-1,274
1,<environment.Job instance at 0x7f47a56fcfa0>,101,20,[1 9],102,-1,295,-1,275
1,<environment.Job instance at 0x7f47a56fc0a0>,103,26,[9 3],104,-1,312,-1,286
1,<environment.Job instance at 0x7f47a56fcf00>,104,22,[6 3],105,-1,308,-1,286
1,<environment.Job instance at 0x7f47a56f51e0>,105,13,[14  4],106,-1,299,-1,286
1,<environment.Job instance at 0x7f47a56f53c0>,108,14,[14  2],109,-1,314,-1,300
1,<environment.Job instance at 0x7f47a56f5460>,109,13,[14  4],110,-1,313,-1,300
1,<environment.Job instance at 0x7f47a56f5500>,110,15,[ 4 12],111,-1,315,-1,300
1,<environment.Job instance at 0x7f47a56f5730>,112,26,[8 3],113,-1,333,-1,307
1,<environment.Job instance at 0x7f47a56f58c0>,114,24,[3 9],115,-1,338,-1,314
1,<environment.Job instance at 0x7f47a56f59b0>,117,13,[13  2],118,-1,337,-1,324
1,<environment.Job instance at 0x7f47a56f5a50>,118,1,[5 5],119,-1,325,-1,324
1,<environment.Job instance at 0x7f47a56f5af0>,119,1,[8 2],120,-1,325,-1,324
1,<environment.Job instance at 0x7f47a56f5820>,121,14,[ 3 13],122,-1,346,-1,332
1,<environment.Job instance at 0x7f47a56f5dc0>,122,23,[6 1],123,-1,355,-1,332
1,<environment.Job instance at 0x7f47a56f5e60>,123,1,[10  4],124,-1,333,-1,332
1,<environment.Job instance at 0x7f47a56f5f00>,124,12,[5 1],125,-1,344,-1,332
1,<environment.Job instance at 0x7f47a56f5d70>,125,16,[13  3],126,-1,348,-1,332
1,<environment.Job instance at 0x7f47a56f5c30>,126,12,[4 8],127,-1,344,-1,332
1,<environment.Job instance at 0x7f47a56f5c80>,127,14,[1 9],128,-1,346,-1,332
1,<environment.Job instance at 0x7f47a56cc1e0>,128,2,[5 4],129,-1,334,-1,332
1,<environment.Job instance at 0x7f47a56cc280>,129,12,[1 7],130,-1,344,-1,332
1,<environment.Job instance at 0x7f47a56cc0a0>,130,26,[ 2 10],131,-1,358,-1,332
1,<environment.Job instance at 0x7f47a56cc460>,132,12,[1 6],133,-1,355,-1,343
1,<environment.Job instance at 0x7f47a56cc690>,135,26,[ 5 13],136,-1,384,-1,358
1,<environment.Job instance at 0x7f47a56cc780>,137,15,[11  1],138,-1,376,-1,361
1,<environment.Job instance at 0x7f47a56cc7d0>,138,19,[8 1],139,-1,382,-1,363
1,<environment.Job instance at 0x7f47a56cca50>,140,1,[2 7],141,-1,370,-1,369
1,<environment.Job instance at 0x7f47a56ccaf0>,141,3,[ 5 10],142,-1,372,-1,369
1,<environment.Job instance at 0x7f47a56ccc30>,143,23,[ 5 10],144,-1,396,-1,373
1,<environment.Job instance at 0x7f47a56cccd0>,144,12,[6 1],145,-1,385,-1,373
1,<environment.Job instance at 0x7f47a56ccd70>,145,13,[1 9],146,-1,386,-1,373
1,<environment.Job instance at 0x7f47a56cceb0>,147,24,[10  4],148,-1,408,-1,384
1,<environment.Job instance at 0x7f47a56cc960>,148,16,[11  3],149,-1,400,-1,384
1,<environment.Job instance at 0x7f47a56fd280>,149,16,[11  5],150,-1,400,-1,384
1,<environment.Job instance at 0x7f47a56fd050>,151,1,[ 3 12],152,-1,390,-1,389
1,<environment.Job instance at 0x7f47a56fd370>,152,25,[10  3],153,-1,414,-1,389
1,<environment.Job instance at 0x7f47a56fd410>,153,14,[ 5 12],154,-1,403,-1,389
1,<environment.Job instance at 0x7f47a56fd4b0>,154,20,[ 3 14],155,-1,409,-1,389
1,<environment.Job instance at 0x7f47a56fd550>,155,24,[13  2],156,-1,413,-1,389
1,<environment.Job instance at 0x7f47a56fd5f0>,156,22,[4 5],157,-1,411,-1,389
1,<environment.Job instance at 0x7f47a56fd730>,158,14,[11  5],159,-1,416,-1,402
1,<environment.Job instance at 0x7f47a56fd0f0>,159,28,[6 1],160,-1,430,-1,402
1,<environment.Job instance at 0x7f47a56fd870>,161,22,[5 2],162,-1,434,-1,412
1,<environment.Job instance at 0x7f47a56fd910>,162,23,[11  1],163,-1,435,-1,412
1,<environment.Job instance at 0x7f47a56fdc80>,164,2,[14  5],170,-1,424,-1,422
1,<environment.Job instance at 0x7f47a56fdbe0>,165,26,[13  1],171,-1,448,-1,422
1,<environment.Job instance at 0x7f47a56fde60>,167,3,[10  1],173,-1,443,-1,440
1,<environment.Job instance at 0x7f47a56fdf50>,168,13,[13  4],184,-1,453,-1,440
1,<environment.Job instance at 0x7f47a56e6140>,169,25,[ 4 12],188,-1,465,-1,440
1,<environment.Job instance at 0x7f47a56fdb90>,170,15,[ 2 10],189,-1,455,-1,440
1,<environment.Job instance at 0x7f47a613b2d0>,11,28,[ 5 13],12,-1,493,-1,465
1,<environment.Job instance at 0x7f47a5ffa410>,38,16,[ 2 13],39,-1,481,-1,465
1,<environment.Job instance at 0x7f47a52e5280>,1,18,[ 2 11],2,-1,20,-1,2
1,<environment.Job instance at 0x7f47a5e1b550>,3,18,[13  2],4,-1,22,-1,4
1,<environment.Job instance at 0x7f47a5e1b370>,5,23,[ 5 13],6,-1,29,-1,6
1,<environment.Job instance at 0x7f47a5e1b5a0>,6,23,[2 7],7,-1,30,-1,7
1,<environment.Job instance at 0x7f47a5e1b960>,7,28,[ 1 10],8,-1,36,-1,8
1,<environment.Job instance at 0x7f47a5e1b8c0>,9,12,[ 4 14],10,-1,22,-1,10
1,<environment.Job instance at 0x7f47a55fcf50>,10,2,[10  3],11,-1,13,-1,11
1,<environment.Job instance at 0x7f47a55fc910>,14,3,[9 1],15,-1,18,-1,15
1,<environment.Job instance at 0x7f47a55fc230>,15,18,[ 5 11],16,-1,34,-1,16
1,<environment.Job instance at 0x7f47a55fc190>,16,20,[9 5],17,-1,37,-1,17
1,<environment.Job instance at 0x7f47a55fc550>,17,1,[12  3],18,-1,19,-1,18
1,<environment.Job instance at 0x7f47a55fc320>,18,25,[13  1],19,-1,44,-1,19
1,<environment.Job instance at 0x7f47a613bf50>,22,16,[14  4],23,-1,39,-1,23
1,<environment.Job instance at 0x7f47a56c2780>,23,17,[13  5],24,-1,41,-1,24
1,<environment.Job instance at 0x7f47a56c2b40>,27,27,[9 5],28,-1,55,-1,28
1,<environment.Job instance at 0x7f47a56c2370>,30,12,[9 5],31,-1,68,-1,56
1,<environment.Job instance at 0x7f47a56c2d70>,31,1,[3 9],32,-1,57,-1,56
1,<environment.Job instance at 0x7f47a56c2320>,34,17,[ 4 14],35,-1,82,-1,65
1,<environment.Job instance at 0x7f47a56c21e0>,38,2,[6 2],39,-1,90,-1,88
1,<environment.Job instance at 0x7f47a56c2730>,39,12,[10  2],40,-1,100,-1,88
1,<environment.Job instance at 0x7f47a56c2f50>,41,18,[ 2 10],42,-1,120,-1,102
1,<environment.Job instance at 0x7f47a6607690>,47,26,[12  4],48,-1,174,-1,148
1,<environment.Job instance at 0x7f47a66079b0>,49,16,[ 5 11],50,-1,167,-1,151
1,<environment.Job instance at 0x7f47a5e759b0>,74,23,[14  2],75,-1,392,-1,369
1,<environment.Job instance at 0x7f47a5ffd370>,75,24,[5 9],76,-1,396,-1,372
1,<environment.Job instance at 0x7f47a6213230>,77,28,[ 2 11],78,-1,404,-1,376
1,<environment.Job instance at 0x7f47a6213af0>,78,18,[14  3],79,-1,394,-1,376
1,<environment.Job instance at 0x7f47a62135a0>,79,3,[1 5],80,-1,379,-1,376
1,<environment.Job instance at 0x7f47a6213500>,80,23,[2 9],81,-1,429,-1,406
1,<environment.Job instance at 0x7f47a64550a0>,83,2,[9 2],84,-1,419,-1,417
1,<environment.Job instance at 0x7f47a64555a0>,84,3,[6 2],85,-1,420,-1,417
1,<environment.Job instance at 0x7f47a6455cd0>,86,3,[13  3],87,-1,420,-1,417
1,<environment.Job instance at 0x7f47a6455d70>,87,1,[ 4 14],88,-1,418,-1,417
1,<environment.Job instance at 0x7f47a5896f00>,88,14,[ 3 14],89,-1,431,-1,417
1,<environment.Job instance at 0x7f47a56d4d70>,90,16,[14  1],91,-1,448,-1,432
1,<environment.Job instance at 0x7f47a55721e0>,93,1,[ 5 13],94,-1,448,-1,447
1,<environment.Job instance at 0x7f47a53f33c0>,94,26,[4 8],95,-1,473,-1,447
1,<environment.Job instance at 0x7f47aee94b40>,101,24,[9 1],102,-1,543,-1,519
1,<environment.Job instance at 0x7f47a5a05780>,106,26,[11  3],107,-1,558,-1,532
1,<environment.Job instance at 0x7f47a5f81960>,107,1,[9 1],108,-1,533,-1,532
1,<environment.Job instance at 0x7f47a62aa460>,108,24,[7 1],109,-1,556,-1,532
1,<environment.Job instance at 0x7f47a62aadc0>,109,14,[ 3 11],110,-1,546,-1,532
1,<environment.Job instance at 0x7f47a65abb40>,113,27,[7 2],114,-1,590,-1,563
1,<environment.Job instance at 0x7f47af3c2280>,114,12,[13  2],115,-1,575,-1,563
1,<environment.Job instance at 0x7f47a65ab500>,116,12,[ 2 14],117,-1,575,-1,563
1,<environment.Job instance at 0x7f47a651cb40>,117,17,[ 1 12],118,-1,580,-1,563
1,<environment.Job instance at 0x7f47a61d45a0>,118,22,[13  4],119,-1,585,-1,563
1,<environment.Job instance at 0x7f47a61d43c0>,119,18,[ 5 12],120,-1,581,-1,563
1,<environment.Job instance at 0x7f47a6676e60>,120,25,[12  1],121,-1,588,-1,563
1,<environment.Job instance at 0x7f47a61d4820>,121,26,[10  2],122,-1,589,-1,563
1,<environment.Job instance at 0x7f47a6676d20>,122,3,[4 8],123,-1,566,-1,563
1,<environment.Job instance at 0x7f47a543eaa0>,124,12,[13  2],125,-1,591,-1,579
1,<environment.Job instance at 0x7f47a5eac370>,126,26,[2 8],127,-1,620,-1,594
1,<environment.Job instance at 0x7f47a5eac190>,129,14,[ 2 13],130,-1,608,-1,594
1,<environment.Job instance at 0x7f47a64912d0>,133,27,[ 1 13],134,-1,638,-1,611
1,<environment.Job instance at 0x7f47a6491730>,134,18,[11  3],135,-1,636,-1,618
1,<environment.Job instance at 0x7f47a649ed70>,137,12,[12  5],138,-1,636,-1,624
1,<environment.Job instance at 0x7f47a5745960>,138,12,[ 3 12],139,-1,636,-1,624
1,<environment.Job instance at 0x7f47a5853af0>,141,25,[ 2 14],142,-1,682,-1,657
1,<environment.Job instance at 0x7f47a57dfa50>,144,2,[5 7],145,-1,660,-1,658
1,<environment.Job instance at 0x7f47a642f8c0>,147,16,[12  2],148,-1,683,-1,667
1,<environment.Job instance at 0x7f47a642f0a0>,148,17,[ 2 13],149,-1,684,-1,667
1,<environment.Job instance at 0x7f47a5a8d870>,149,27,[5 5],150,-1,694,-1,667
1,<environment.Job instance at 0x7f47a5f30050>,155,15,[ 5 12],156,-1,722,-1,707
1,<environment.Job instance at 0x7f47a5f30910>,157,25,[1 9],158,-1,737,-1,712
1,<environment.Job instance at 0x7f47a64f10f0>,159,17,[ 5 11],160,-1,741,-1,724
1,<environment.Job instance at 0x7f47a64f18c0>,160,14,[14  3],161,-1,738,-1,724
1,<environment.Job instance at 0x7f47a64f1f00>,162,3,[7 2],163,-1,744,-1,741
1,<environment.Job instance at 0x7f47a64f15a0>,163,15,[14  5],164,-1,756,-1,741
1,<environment.Job instance at 0x7f47a64f1a50>,164,14,[14  4],165,-1,755,-1,741
1,<environment.Job instance at 0x7f47a64f1230>,165,17,[ 2 12],166,-1,758,-1,741
1,<environment.Job instance at 0x7f47a64f10a0>,166,28,[5 9],167,-1,769,-1,741
1,<environment.Job instance at 0x7f47a64f1b40>,167,26,[9 4],168,-1,767,-1,741
1,<environment.Job instance at 0x7f47a5e02640>,169,25,[11  1],170,-1,766,-1,741
1,<environment.Job instance at 0x7f47a5e02f00>,171,1,[13  2],172,-1,745,-1,744
1,<environment.Job instance at 0x7f47a5e02b90>,172,14,[13  2],173,-1,758,-1,744
1,<environment.Job instance at 0x7f47a5e7bf00>,2,15,[ 3 13],3,-1,18,-1,3
1,<environment.Job instance at 0x7f47a5e7beb0>,9,24,[8 2],10,-1,44,-1,20
1,<environment.Job instance at 0x7f47a5e7b7d0>,11,15,[11  2],12,-1,36,-1,21
1,<environment.Job instance at 0x7f47a5e7be10>,12,15,[14  1],13,-1,36,-1,21
1,<environment.Job instance at 0x7f47a5e7b140>,13,25,[ 2 10],14,-1,46,-1,21
1,<environment.Job instance at 0x7f47a5016960>,14,2,[ 2 10],15,-1,23,-1,21
1,<environment.Job instance at 0x7f47a5016aa0>,15,23,[7 1],16,-1,46,-1,23
1,<environment.Job instance at 0x7f47a5016dc0>,17,26,[1 7],18,-1,49,-1,23
1,<environment.Job instance at 0x7f47a5016eb0>,19,13,[ 2 12],20,-1,36,-1,23
1,<environment.Job instance at 0x7f47a50164b0>,20,27,[ 1 14],21,-1,50,-1,23
1,<environment.Job instance at 0x7f47a5016690>,23,28,[ 5 13],24,-1,69,-1,41
1,<environment.Job instance at 0x7f47a50167d0>,25,1,[6 4],26,-1,56,-1,55
1,<environment.Job instance at 0x7f47a61ab4b0>,31,1,[ 2 13],32,-1,92,-1,91
1,<environment.Job instance at 0x7f47a61ab7d0>,37,2,[11  1],38,-1,129,-1,127
1,<environment.Job instance at 0x7f47a61ab780>,38,2,[5 3],39,-1,129,-1,127
1,<environment.Job instance at 0x7f47a61ab280>,43,25,[ 5 10],44,-1,173,-1,148
1,<environment.Job instance at 0x7f47a61aba50>,44,13,[12  3],45,-1,161,-1,148
1,<environment.Job instance at 0x7f47a61abe60>,45,20,[ 4 11],46,-1,168,-1,148
1,<environment.Job instance at 0x7f47a61ab050>,47,15,[14  2],48,-1,170,-1,155
1,<environment.Job instance at 0x7f47a61abfa0>,48,12,[13  3],49,-1,167,-1,155
1,<environment.Job instance at 0x7f47a5047910>,50,21,[9 1],51,-1,310,-1,289
1,<environment.Job instance at 0x7f47a5041f00>,65,13,[ 1 10],66,-1,302,-1,289
1,<environment.Job instance at 0x7f47a50418c0>,66,14,[9 3],67,-1,315,-1,301
1,<environment.Job instance at 0x7f47a5041730>,67,18,[12  1],68,-1,319,-1,301
1,<environment.Job instance at 0x7f47a5041b40>,69,19,[13  2],70,-1,322,-1,303
1,<environment.Job instance at 0x7f47a5041780>,70,15,[3 9],71,-1,318,-1,303
1,<environment.Job instance at 0x7f47a5041960>,72,1,[ 2 13],73,-1,304,-1,303
1,<environment.Job instance at 0x7f47a50416e0>,73,24,[ 4 10],74,-1,327,-1,303
1,<environment.Job instance at 0x7f47a5041690>,74,19,[8 1],75,-1,322,-1,303
1,<environment.Job instance at 0x7f47a52df820>,94,21,[10  2],95,-1,839,-1,818
1,<environment.Job instance at 0x7f47a50d75a0>,126,23,[3 9],127,-1,841,-1,818
1,<environment.Job instance at 0x7f47a50d71e0>,127,19,[4 7],128,-1,857,-1,838
1,<environment.Job instance at 0x7f47a50d7b90>,129,14,[1 9],130,-1,864,-1,850
1,<environment.Job instance at 0x7f47a50d74b0>,131,25,[2 8],132,-1,878,-1,853
1,<environment.Job instance at 0x7f47a50d7730>,132,12,[10  3],133,-1,865,-1,853
1,<environment.Job instance at 0x7f47a5176af0>,133,13,[5 1],134,-1,866,-1,853
1,<environment.Job instance at 0x7f47a5a92c80>,134,16,[13  2],135,-1,869,-1,853
1,<environment.Job instance at 0x7f47a68abe10>,136,12,[3 5],137,-1,865,-1,853
1,<environment.Job instance at 0x7f47a55aa7d0>,142,22,[6 2],143,-1,1003,-1,981
1,<environment.Job instance at 0x7f47a50c3870>,150,13,[13  2],151,-1,1010,-1,997
1,<environment.Job instance at 0x7f47a50c3d70>,152,14,[1 6],153,-1,1205,-1,1191
1,<environment.Job instance at 0x7f47a6584780>,172,24,[ 5 13],182,-1,1215,-1,1191
1,<environment.Job instance at 0x7f47a62ae0a0>,5,15,[11  3],6,-1,22,-1,7
1,<environment.Job instance at 0x7f47a5ab0500>,20,13,[ 5 13],21,-1,97,-1,84
1,<environment.Job instance at 0x7f47a5ab0aa0>,23,23,[7 5],24,-1,122,-1,99
1,<environment.Job instance at 0x7f47a5ab06e0>,24,26,[ 5 13],25,-1,125,-1,99
1,<environment.Job instance at 0x7f47a6815a00>,28,23,[3 5],29,-1,151,-1,128
1,<environment.Job instance at 0x7f47a6815fa0>,34,27,[5 6],35,-1,202,-1,175
1,<environment.Job instance at 0x7f47a6815b40>,39,3,[ 2 11],40,-1,203,-1,200
1,<environment.Job instance at 0x7f47a6815d70>,41,16,[14  5],42,-1,219,-1,203
1,<environment.Job instance at 0x7f47a61b5500>,42,24,[5 1],43,-1,227,-1,203
1,<environment.Job instance at 0x7f47a61b5e10>,43,17,[ 5 12],44,-1,220,-1,203
1,<environment.Job instance at 0x7f47a61b5d20>,45,12,[5 1],46,-1,229,-1,217
1,<environment.Job instance at 0x7f47a61b5dc0>,46,1,[5 8],47,-1,218,-1,217
1,<environment.Job instance at 0x7f47a61b5410>,49,1,[8 4],50,-1,238,-1,237
1,<environment.Job instance at 0x7f47a61b5820>,51,24,[1 9],52,-1,261,-1,237
1,<environment.Job instance at 0x7f47a61b58c0>,52,1,[7 2],53,-1,238,-1,237
1,<environment.Job instance at 0x7f47a61b52d0>,54,12,[ 4 10],55,-1,266,-1,254
1,<environment.Job instance at 0x7f47a61b54b0>,55,15,[14  2],56,-1,269,-1,254
1,<environment.Job instance at 0x7f47a61b5af0>,56,1,[6 2],57,-1,255,-1,254
1,<environment.Job instance at 0x7f47a61b5cd0>,57,13,[ 5 11],58,-1,267,-1,254
1,<environment.Job instance at 0x7f47a61b5640>,58,12,[12  2],59,-1,266,-1,254
1,<environment.Job instance at 0x7f47a61b5f50>,60,17,[ 4 14],61,-1,271,-1,254
1,<environment.Job instance at 0x7f47a54d83c0>,63,14,[ 2 11],64,-1,284,-1,270
1,<environment.Job instance at 0x7f47a54d8410>,65,22,[7 1],66,-1,330,-1,308
1,<environment.Job instance at 0x7f47a54d8870>,69,25,[6 4],70,-1,333,-1,308
1,<environment.Job instance at 0x7f47a54d8b90>,70,25,[14  3],71,-1,333,-1,308
1,<environment.Job instance at 0x7f47a54d8d20>,71,27,[8 1],72,-1,335,-1,308
1,<environment.Job instance at 0x7f47a54d85f0>,73,20,[ 3 12],74,-1,328,-1,308
1,<environment.Job instance at 0x7f47a54d88c0>,74,2,[1 8],75,-1,310,-1,308
1,<environment.Job instance at 0x7f47a54d8280>,75,23,[5 2],76,-1,331,-1,308
1,<environment.Job instance at 0x7f47a54d8960>,76,23,[1 6],77,-1,339,-1,316
1,<environment.Job instance at 0x7f47a54d8730>,77,23,[10  4],78,-1,339,-1,316
1,<environment.Job instance at 0x7f47a5668410>,79,21,[ 2 10],80,-1,339,-1,318
1,<environment.Job instance at 0x7f47a56687d0>,80,28,[8 5],81,-1,346,-1,318
1,<environment.Job instance at 0x7f47a5668e10>,86,26,[ 5 10],87,-1,363,-1,337
1,<environment.Job instance at 0x7f47a50dc320>,88,16,[12  4],89,-1,367,-1,351
1,<environment.Job instance at 0x7f47a50dcc80>,93,19,[ 1 11],94,-1,404,-1,385
1,<environment.Job instance at 0x7f47a50dcaf0>,94,26,[5 3],95,-1,411,-1,385
1,<environment.Job instance at 0x7f47a50dcd20>,95,27,[6 1],96,-1,412,-1,385
1,<environment.Job instance at 0x7f47a5fd8b90>,97,13,[11  3],98,-1,400,-1,387
1,<environment.Job instance at 0x7f47a5fd86e0>,102,17,[13  2],103,-1,443,-1,426
1,<environment.Job instance at 0x7f47a5fd8550>,103,20,[ 1 13],104,-1,446,-1,426
1,<environment.Job instance at 0x7f47a5fd8c30>,104,18,[11  2],105,-1,444,-1,426
1,<environment.Job instance at 0x7f47a5fd8cd0>,105,26,[12  4],106,-1,452,-1,426
1,<environment.Job instance at 0x7f47a5fd8eb0>,106,14,[11  2],107,-1,440,-1,426
1,<environment.Job instance at 0x7f47a5fd82d0>,109,13,[ 1 13],110,-1,448,-1,435
1,<environment.Job instance at 0x7f47a5fd8910>,111,17,[ 4 10],112,-1,474,-1,457
1,<environment.Job instance at 0x7f47a520ba50>,126,1,[10  5],127,-1,560,-1,559
1,<environment.Job instance at 0x7f47a5384320>,128,26,[2 5],129,-1,599,-1,573
1,<environment.Job instance at 0x7f47af0ed960>,129,28,[4 8],130,-1,601,-1,573
1,<environment.Job instance at 0x7f47a53846e0>,130,28,[1 5],131,-1,601,-1,573
1,<environment.Job instance at 0x7f47aee9f410>,131,1,[9 5],132,-1,574,-1,573
1,<environment.Job instance at 0x7f47a6697f50>,132,14,[ 5 11],133,-1,587,-1,573
1,<environment.Job instance at 0x7f47a66970a0>,133,13,[12  1],134,-1,586,-1,573
1,<environment.Job instance at 0x7f47a5053140>,141,26,[9 3],142,-1,660,-1,634
1,<environment.Job instance at 0x7f47a6449b40>,142,24,[1 7],143,-1,658,-1,634
1,<environment.Job instance at 0x7f47a66b10a0>,143,26,[4 7],144,-1,660,-1,634
1,<environment.Job instance at 0x7f47a5f645f0>,144,15,[14  1],145,-1,649,-1,634
1,<environment.Job instance at 0x7f47a5bda320>,145,25,[5 6],146,-1,659,-1,634
1,<environment.Job instance at 0x7f47a51dc5a0>,146,28,[1 5],147,-1,662,-1,634
1,<environment.Job instance at 0x7f47a5f3a320>,147,17,[14  1],148,-1,651,-1,634
1,<environment.Job instance at 0x7f47a53717d0>,151,14,[ 4 14],152,-1,683,-1,669
1,<environment.Job instance at 0x7f47a5a4c780>,153,12,[13  4],159,-1,681,-1,669
1,<environment.Job instance at 0x7f47a5581730>,154,26,[11  4],176,-1,695,-1,669
1,<environment.Job instance at 0x7f47a63fc370>,14,18,[11  5],15,-1,721,-1,703
1,<environment.Job instance at 0x7f47a5fc0a50>,114,23,[ 2 11],115,-1,726,-1,703
1,<environment.Job instance at 0x7f47a64327d0>,2,28,[ 1 12],3,-1,31,-1,3
1,<environment.Job instance at 0x7f47a611c8c0>,9,12,[10  1],10,-1,25,-1,13
1,<environment.Job instance at 0x7f47a50fc690>,12,24,[5 2],13,-1,51,-1,27
1,<environment.Job instance at 0x7f47a50fc0a0>,18,17,[ 3 12],19,-1,80,-1,63
1,<environment.Job instance at 0x7f47a50fcbe0>,20,27,[14  1],21,-1,106,-1,79
1,<environment.Job instance at 0x7f47a50fcc80>,21,26,[5 6],22,-1,105,-1,79
1,<environment.Job instance at 0x7f47a50fcdc0>,23,14,[ 1 13],24,-1,93,-1,79
1,<environment.Job instance at 0x7f47a50fceb0>,25,26,[11  1],26,-1,115,-1,89
1,<environment.Job instance at 0x7f47a50fc8c0>,26,24,[12  2],27,-1,113,-1,89
1,<environment.Job instance at 0x7f47a5fe1320>,30,3,[ 5 14],31,-1,110,-1,107
1,<environment.Job instance at 0x7f47a5fe13c0>,31,18,[ 3 12],32,-1,125,-1,107
1,<environment.Job instance at 0x7f47a5fe1690>,35,23,[5 9],36,-1,165,-1,142
1,<environment.Job instance at 0x7f47a5fe1730>,36,23,[9 5],37,-1,165,-1,142
1,<environment.Job instance at 0x7f47a5fe1820>,38,26,[ 4 12],39,-1,186,-1,160
1,<environment.Job instance at 0x7f47a5fe1a00>,39,1,[ 2 14],40,-1,161,-1,160
1,<environment.Job instance at 0x7f47a5fe1aa0>,40,25,[12  5],41,-1,185,-1,160
1,<environment.Job instance at 0x7f47a5fe1c80>,43,17,[13  3],44,-1,186,-1,169
1,<environment.Job instance at 0x7f47a5fe1d20>,44,20,[ 4 11],45,-1,189,-1,169
1,<environment.Job instance at 0x7f47a5fe1f50>,47,25,[8 5],48,-1,205,-1,180
1,<environment.Job instance at 0x7f47a5fe1fa0>,48,18,[11  3],49,-1,198,-1,180
1,<environment.Job instance at 0x7f47a5fe1cd0>,49,27,[13  5],50,-1,207,-1,180
1,<environment.Job instance at 0x7f47a6126370>,54,25,[5 3],55,-1,239,-1,214
1,<environment.Job instance at 0x7f47a61264b0>,56,16,[ 3 11],57,-1,239,-1,223
1,<environment.Job instance at 0x7f47a6126550>,57,28,[4 9],58,-1,251,-1,223
1,<environment.Job instance at 0x7f47a61265f0>,58,25,[11  1],59,-1,248,-1,223
1,<environment.Job instance at 0x7f47a61267d0>,61,12,[12  1],62,-1,256,-1,244
1,<environment.Job instance at 0x7f47a61260a0>,64,27,[ 3 14],65,-1,279,-1,252
1,<environment.Job instance at 0x7f47a6126af0>,65,13,[ 3 13],66,-1,265,-1,252
1,<environment.Job instance at 0x7f47a6126b90>,66,28,[11  1],67,-1,280,-1,252
1,<environment.Job instance at 0x7f47a6126c30>,67,18,[ 4 11],68,-1,270,-1,252
1,<environment.Job instance at 0x7f47a6126e10>,70,18,[12  3],71,-1,287,-1,269
1,<environment.Job instance at 0x7f47a6141050>,74,17,[ 3 13],75,-1,322,-1,305
1,<environment.Job instance at 0x7f47a61412d0>,77,1,[1 7],78,-1,307,-1,306
1,<environment.Job instance at 0x7f47a6141730>,81,24,[5 3],82,-1,363,-1,339
1,<environment.Job instance at 0x7f47a6141910>,84,19,[12  3],85,-1,370,-1,351
1,<environment.Job instance at 0x7f47a61419b0>,85,25,[2 6],86,-1,376,-1,351
1,<environment.Job instance at 0x7f47a6141b90>,88,28,[4 6],89,-1,390,-1,362
1,<environment.Job instance at 0x7f47a6141c80>,90,18,[11  5],91,-1,384,-1,366
1,<environment.Job instance at 0x7f47a6141e60>,91,23,[ 1 10],92,-1,389,-1,366
1,<environment.Job instance at 0x7f47a6141f00>,92,17,[ 3 14],93,-1,383,-1,366
1,<environment.Job instance at 0x7f47a6141d20>,94,28,[4 7],95,-1,408,-1,380
1,<environment.Job instance at 0x7f47a60381e0>,96,24,[11  4],97,-1,417,-1,393
1,<environment.Job instance at 0x7f47a6018b40>,100,24,[9 4],101,-1,423,-1,399
1,<environment.Job instance at 0x7f47a6152460>,103,16,[ 1 12],104,-1,430,-1,414
1,<environment.Job instance at 0x7f47a61521e0>,105,12,[ 2 12],106,-1,443,-1,431
1,<environment.Job instance at 0x7f47a6152b90>,110,17,[ 3 14],111,-1,475,-1,458
1,<environment.Job instance at 0x7f47a5771be0>,111,16,[12  1],112,-1,474,-1,458
1,<environment.Job instance at 0x7f47a5ffc140>,113,17,[13  3],114,-1,481,-1,464
1,<environment.Job instance at 0x7f47a67dedc0>,118,12,[ 3 11],119,-1,506,-1,494
1,<environment.Job instance at 0x7f47a5425320>,119,27,[13  4],120,-1,521,-1,494
1,<environment.Job instance at 0x7f47a54256e0>,120,15,[ 3 14],121,-1,509,-1,494
1,<environment.Job instance at 0x7f47a60f73c0>,123,14,[13  2],124,-1,523,-1,509
1,<environment.Job instance at 0x7f47a57d0eb0>,125,27,[3 8],126,-1,548,-1,521
1,<environment.Job instance at 0x7f47a5da90a0>,127,3,[5 1],128,-1,526,-1,523
1,<environment.Job instance at 0x7f47a67d4640>,128,15,[ 4 12],129,-1,538,-1,523
1,<environment.Job instance at 0x7f47a5403c30>,132,19,[14  4],133,-1,559,-1,540
1,<environment.Job instance at 0x7f47a67db460>,134,26,[ 2 10],135,-1,581,-1,555
1,<environment.Job instance at 0x7f47a67db3c0>,135,1,[6 2],136,-1,556,-1,555
1,<environment.Job instance at 0x7f47a5927820>,137,17,[14  4],138,-1,575,-1,558
1,<environment.Job instance at 0x7f47a5927730>,138,3,[14  4],139,-1,561,-1,558
1,<environment.Job instance at 0x7f47a5927870>,140,14,[12  5],141,-1,582,-1,568
1,<environment.Job instance at 0x7f47a59270a0>,141,2,[2 7],142,-1,570,-1,568
1,<environment.Job instance at 0x7f47a59310f0>,144,2,[2 5],145,-1,587,-1,585
1,<environment.Job instance at 0x7f47a5931f50>,145,22,[14  4],146,-1,607,-1,585
1,<environment.Job instance at 0x7f47a5931050>,146,16,[14  2],147,-1,601,-1,585
1,<environment.Job instance at 0x7f47a5931730>,149,2,[ 2 11],150,-1,587,-1,585
1,<environment.Job instance at 0x7f47a59314b0>,151,3,[7 5],152,-1,588,-1,585
1,<environment.Job instance at 0x7f47a5931af0>,153,23,[14  5],154,-1,622,-1,599
1,<environment.Job instance at 0x7f47a591dbe0>,158,25,[ 4 10],161,-1,650,-1,625
1,<environment.Job instance at 0x7f47a67b5c80>,159,22,[9 1],162,-1,670,-1,648
1,<environment.Job instance at 0x7f47a591df00>,164,17,[ 5 14],171,-1,665,-1,648
1,<environment.Job instance at 0x7f47a591d190>,165,25,[ 1 11],172,-1,673,-1,648
1,<environment.Job instance at 0x7f47a591dfa0>,166,12,[12  1],177,-1,660,-1,648
1,<environment.Job instance at 0x7f47a591d960>,167,25,[5 1],181,-1,673,-1,648
1,<environment.Job instance at 0x7f47a591dd70>,168,2,[14  3],182,-1,650,-1,648
1,<environment.Job instance at 0x7f47a5914c80>,169,27,[10  5],183,-1,675,-1,648
1,<environment.Job instance at 0x7f47a591d6e0>,3,17,[14  4],4,-1,21,-1,4
1,<environment.Job instance at 0x7f47a4fe5dc0>,4,17,[12  2],5,-1,22,-1,5
1,<environment.Job instance at 0x7f47a4fe5a50>,5,17,[ 2 13],6,-1,23,-1,6
1,<environment.Job instance at 0x7f47a56139b0>,9,26,[1 5],10,-1,36,-1,10
1,<environment.Job instance at 0x7f47a5613f50>,11,18,[11  2],12,-1,39,-1,21
1,<environment.Job instance at 0x7f47a5613690>,14,23,[7 1],15,-1,44,-1,21
1,<environment.Job instance at 0x7f47a5613fa0>,15,12,[ 4 13],16,-1,33,-1,21
1,<environment.Job instance at 0x7f47a5613370>,18,27,[ 3 12],19,-1,62,-1,35
1,<environment.Job instance at 0x7f47a5613af0>,19,24,[7 1],20,-1,59,-1,35
1,<environment.Job instance at 0x7f47a5613e10>,20,13,[5 1],21,-1,49,-1,36
1,<environment.Job instance at 0x7f47a59b4c80>,21,2,[ 2 12],22,-1,38,-1,36
1,<environment.Job instance at 0x7f47a59b46e0>,22,13,[ 3 11],23,-1,49,-1,36
1,<environment.Job instance at 0x7f47a5531f00>,26,15,[13  1],27,-1,72,-1,57
1,<environment.Job instance at 0x7f47a5531e10>,32,2,[12  3],33,-1,90,-1,88
1,<environment.Job instance at 0x7f47a5230960>,36,19,[14  5],37,-1,126,-1,107
1,<environment.Job instance at 0x7f47a5230b90>,38,24,[ 5 12],39,-1,144,-1,120
1,<environment.Job instance at 0x7f47a57e1c30>,39,25,[9 4],40,-1,145,-1,120
1,<environment.Job instance at 0x7f47a57e1910>,44,15,[14  5],45,-1,170,-1,155
1,<environment.Job instance at 0x7f47a56bb230>,49,20,[ 4 14],50,-1,202,-1,182
1,<environment.Job instance at 0x7f47a56bba50>,50,17,[14  1],51,-1,199,-1,182
1,<environment.Job instance at 0x7f47a56bbf00>,51,16,[13  2],52,-1,198,-1,182
1,<environment.Job instance at 0x7f47a56bb7d0>,53,2,[6 2],54,-1,184,-1,182
1,<environment.Job instance at 0x7f47a56bb780>,55,2,[ 1 12],56,-1,198,-1,196
1,<environment.Job instance at 0x7f47a52a1e10>,57,20,[ 1 13],58,-1,220,-1,200
1,<environment.Job instance at 0x7f47a52a1190>,59,23,[ 3 11],60,-1,231,-1,208
1,<environment.Job instance at 0x7f47a52a15a0>,63,17,[12  2],64,-1,249,-1,232
1,<environment.Job instance at 0x7f47a5238eb0>,65,17,[ 1 13],66,-1,259,-1,242
1,<environment.Job instance at 0x7f47a52384b0>,66,3,[10  5],67,-1,246,-1,243
1,<environment.Job instance at 0x7f47a88ff320>,69,25,[5 5],70,-1,287,-1,262
1,<environment.Job instance at 0x7f47a88ff690>,70,13,[ 4 14],71,-1,275,-1,262
1,<environment.Job instance at 0x7f47a6719dc0>,72,20,[ 2 11],73,-1,284,-1,264
1,<environment.Job instance at 0x7f47a6719280>,74,16,[ 1 13],75,-1,283,-1,267
1,<environment.Job instance at 0x7f47a6719190>,77,2,[2 7],78,-1,288,-1,286
1,<environment.Job instance at 0x7f47a6719690>,79,12,[ 3 13],80,-1,305,-1,293
1,<environment.Job instance at 0x7f47a6719230>,82,28,[13  1],83,-1,338,-1,310
1,<environment.Job instance at 0x7f47a6213d20>,83,18,[ 2 14],84,-1,328,-1,310
1,<environment.Job instance at 0x7f47a6213550>,89,15,[ 2 12],90,-1,367,-1,352
1,<environment.Job instance at 0x7f47a6213a00>,90,3,[ 3 10],91,-1,355,-1,352
1,<environment.Job instance at 0x7f47a6213cd0>,92,21,[13  1],93,-1,381,-1,360
1,<environment.Job instance at 0x7f47a6213fa0>,95,3,[10  1],96,-1,392,-1,389
1,<environment.Job instance at 0x7f47a62130a0>,96,1,[ 1 11],97,-1,390,-1,389
1,<environment.Job instance at 0x7f47a6213690>,99,15,[14  4],100,-1,415,-1,400
1,<environment.Job instance at 0x7f47a6213500>,100,2,[10  3],101,-1,404,-1,402
1,<environment.Job instance at 0x7f47a62133c0>,102,27,[6 3],103,-1,430,-1,403
1,<environment.Job instance at 0x7f47a6213050>,103,27,[ 3 11],104,-1,430,-1,403
1,<environment.Job instance at 0x7f47a66860a0>,106,17,[12  2],107,-1,433,-1,416
1,<environment.Job instance at 0x7f47a6686500>,110,28,[4 7],111,-1,475,-1,447
1,<environment.Job instance at 0x7f47a66868c0>,114,23,[5 8],115,-1,492,-1,469
1,<environment.Job instance at 0x7f47a6686cd0>,115,12,[14  5],116,-1,481,-1,469
1,<environment.Job instance at 0x7f47a6686be0>,116,17,[ 5 12],117,-1,486,-1,469
1,<environment.Job instance at 0x7f47a6686550>,117,26,[9 4],118,-1,495,-1,469
1,<environment.Job instance at 0x7f47a6686370>,119,1,[7 2],120,-1,471,-1,470
1,<environment.Job instance at 0x7f47a66869b0>,121,12,[ 2 14],122,-1,485,-1,473
1,<environment.Job instance at 0x7f47a6686140>,124,12,[13  4],125,-1,510,-1,498
1,<environment.Job instance at 0x7f47a6686870>,125,3,[9 3],126,-1,501,-1,498
1,<environment.Job instance at 0x7f47a6036820>,126,14,[ 3 12],127,-1,512,-1,498
1,<environment.Job instance at 0x7f47a6406550>,127,16,[13  2],128,-1,514,-1,498
1,<environment.Job instance at 0x7f47af4936e0>,130,28,[ 5 12],131,-1,526,-1,498
1,<environment.Job instance at 0x7f47af4935a0>,131,2,[ 1 10],132,-1,500,-1,498
1,<environment.Job instance at 0x7f47a67fda00>,132,1,[7 4],133,-1,499,-1,498
1,<environment.Job instance at 0x7f47a681bbe0>,135,3,[7 4],136,-1,519,-1,516
1,<environment.Job instance at 0x7f47a4fb6c30>,137,25,[12  1],138,-1,541,-1,516
1,<environment.Job instance at 0x7f47a67ca7d0>,140,3,[9 5],141,-1,535,-1,532
1,<environment.Job instance at 0x7f47a5b89280>,142,28,[9 5],143,-1,560,-1,532
1,<environment.Job instance at 0x7f47a5742550>,144,12,[11  1],145,-1,549,-1,537
1,<environment.Job instance at 0x7f47a559cbe0>,145,1,[12  5],146,-1,538,-1,537
1,<environment.Job instance at 0x7f47a50e9230>,146,2,[1 8],147,-1,539,-1,537
1,<environment.Job instance at 0x7f47a512e780>,148,28,[6 2],149,-1,579,-1,551
1,<environment.Job instance at 0x7f47a5b7e9b0>,154,28,[ 4 10],155,-1,622,-1,594
1,<environment.Job instance at 0x7f47a682ec30>,157,13,[14  1],158,-1,625,-1,612
1,<environment.Job instance at 0x7f47a55bc320>,159,15,[ 2 13],160,-1,635,-1,620
1,<environment.Job instance at 0x7f47a5a840a0>,160,1,[7 5],161,-1,621,-1,620
1,<environment.Job instance at 0x7f47a5596a50>,163,24,[5 8],164,-1,661,-1,637
1,<environment.Job instance at 0x7f47a60dfcd0>,165,24,[ 4 11],166,-1,674,-1,650
1,<environment.Job instance at 0x7f47a60dfc30>,166,28,[8 4],168,-1,678,-1,650
1,<environment.Job instance at 0x7f47a598f1e0>,169,20,[13  3],183,-1,686,-1,666
1,<environment.Job instance at 0x7f47a6607140>,171,17,[13  1],185,-1,698,-1,681
1,<environment.Job instance at 0x7f47a88f7410>,174,12,[12  5],188,-1,693,-1,681
1,<environment.Job instance at 0x7f47a5945230>,9,23,[4 6],10,-1,47,-1,24
1,<environment.Job instance at 0x7f47a59454b0>,12,18,[ 4 13],13,-1,42,-1,24
1,<environment.Job instance at 0x7f47a5945460>,13,2,[1 6],14,-1,26,-1,24
1,<environment.Job instance at 0x7f47a5945410>,14,12,[ 2 12],15,-1,36,-1,24
1,<environment.Job instance at 0x7f47a60e3910>,30,13,[ 1 14],31,-1,205,-1,192
1,<environment.Job instance at 0x7f47a60e3b90>,31,15,[ 3 14],32,-1,207,-1,192
1,<environment.Job instance at 0x7f47af208960>,39,18,[11  5],40,-1,247,-1,229
1,<environment.Job instance at 0x7f47af208cd0>,40,14,[ 3 10],41,-1,245,-1,231
1,<environment.Job instance at 0x7f47af2086e0>,41,23,[12  4],42,-1,254,-1,231
1,<environment.Job instance at 0x7f47a59391e0>,44,23,[10  2],45,-1,264,-1,241
1,<environment.Job instance at 0x7f47a5939c80>,46,14,[ 2 11],47,-1,261,-1,247
1,<environment.Job instance at 0x7f47a5939500>,49,13,[ 3 14],50,-1,276,-1,263
1,<environment.Job instance at 0x7f47a5939190>,50,13,[11  1],51,-1,276,-1,263
1,<environment.Job instance at 0x7f47a5939e60>,51,28,[5 6],52,-1,291,-1,263
1,<environment.Job instance at 0x7f47a5939cd0>,52,14,[7 1],53,-1,278,-1,264
1,<environment.Job instance at 0x7f47a5939230>,54,2,[4 5],55,-1,272,-1,270
1,<environment.Job instance at 0x7f47a59395f0>,55,2,[ 1 10],56,-1,272,-1,270
1,<environment.Job instance at 0x7f47a5939d70>,56,17,[11  3],57,-1,287,-1,270
1,<environment.Job instance at 0x7f47a6757230>,57,20,[ 4 13],58,-1,290,-1,270
1,<environment.Job instance at 0x7f47aee9efa0>,58,27,[13  4],59,-1,297,-1,270
1,<environment.Job instance at 0x7f47a6337be0>,59,14,[ 2 11],60,-1,284,-1,270
1,<environment.Job instance at 0x7f47a6337820>,62,15,[ 3 10],63,-1,301,-1,286
1,<environment.Job instance at 0x7f47a63371e0>,63,17,[ 2 11],64,-1,303,-1,286
1,<environment.Job instance at 0x7f47a6337500>,64,12,[13  5],65,-1,298,-1,286
1,<environment.Job instance at 0x7f47a52a3f00>,65,1,[12  1],66,-1,287,-1,286
1,<environment.Job instance at 0x7f47a52a3a50>,67,3,[ 3 12],68,-1,301,-1,298
1,<environment.Job instance at 0x7f47a52a3190>,68,1,[3 8],69,-1,299,-1,298
1,<environment.Job instance at 0x7f47a52a3550>,69,2,[4 7],70,-1,300,-1,298
1,<environment.Job instance at 0x7f47a52a3e60>,72,17,[13  5],73,-1,332,-1,315
1,<environment.Job instance at 0x7f47a5732370>,74,22,[5 1],75,-1,354,-1,332
1,<environment.Job instance at 0x7f47a5732410>,76,26,[9 2],77,-1,358,-1,332
1,<environment.Job instance at 0x7f47a5732c80>,77,24,[9 2],78,-1,356,-1,332
1,<environment.Job instance at 0x7f47af0e9550>,79,25,[6 2],80,-1,369,-1,344
1,<environment.Job instance at 0x7f47b8228190>,83,21,[ 5 13],84,-1,392,-1,371
1,<environment.Job instance at 0x7f47a623f280>,86,27,[ 1 13],87,-1,428,-1,401
1,<environment.Job instance at 0x7f47a4fe9eb0>,87,18,[ 2 12],88,-1,419,-1,401
1,<environment.Job instance at 0x7f47a6465d20>,88,3,[5 1],89,-1,404,-1,401
1,<environment.Job instance at 0x7f47a5534be0>,89,25,[ 4 14],90,-1,426,-1,401
1,<environment.Job instance at 0x7f47af20ccd0>,90,19,[ 3 14],91,-1,420,-1,401
1,<environment.Job instance at 0x7f47a52cb0f0>,92,17,[ 2 11],93,-1,418,-1,401
1,<environment.Job instance at 0x7f47aee838c0>,97,1,[2 5],98,-1,432,-1,431
1,<environment.Job instance at 0x7f47a5e02780>,98,23,[5 6],99,-1,454,-1,431
1,<environment.Job instance at 0x7f47a5e022d0>,99,3,[6 1],100,-1,434,-1,431
1,<environment.Job instance at 0x7f47a64030a0>,101,13,[9 1],102,-1,454,-1,441
1,<environment.Job instance at 0x7f47a6403d20>,103,17,[ 4 11],104,-1,466,-1,449
1,<environment.Job instance at 0x7f47af0ed6e0>,105,12,[ 1 14],106,-1,466,-1,454
1,<environment.Job instance at 0x7f47a6800a50>,107,28,[ 1 14],108,-1,493,-1,465
1,<environment.Job instance at 0x7f47a56f9690>,108,23,[5 6],109,-1,488,-1,465
1,<environment.Job instance at 0x7f47a56f9230>,109,24,[ 4 14],110,-1,489,-1,465
1,<environment.Job instance at 0x7f47a56f96e0>,110,12,[ 4 14],111,-1,477,-1,465
1,<environment.Job instance at 0x7f47a56f9d20>,111,23,[11  2],112,-1,488,-1,465
1,<environment.Job instance at 0x7f47a66880a0>,113,14,[12  1],114,-1,486,-1,472
1,<environment.Job instance at 0x7f47a5171460>,114,27,[ 5 10],115,-1,499,-1,472
1,<environment.Job instance at 0x7f47a6688410>,115,28,[13  4],116,-1,500,-1,472
1,<environment.Job instance at 0x7f47a6688690>,116,24,[5 2],117,-1,496,-1,472
1,<environment.Job instance at 0x7f47a66886e0>,117,18,[ 4 12],118,-1,490,-1,472
1,<environment.Job instance at 0x7f47a659ce10>,118,25,[11  1],119,-1,497,-1,472
1,<environment.Job instance at 0x7f47a659cf00>,119,20,[11  4],120,-1,492,-1,472
1,<environment.Job instance at 0x7f47a659c5f0>,120,28,[6 5],121,-1,500,-1,472
1,<environment.Job instance at 0x7f47a659c910>,121,26,[2 6],122,-1,498,-1,472
1,<environment.Job instance at 0x7f47a659cdc0>,123,3,[2 7],124,-1,488,-1,485
1,<environment.Job instance at 0x7f47a659c870>,125,23,[2 8],126,-1,512,-1,489
1,<environment.Job instance at 0x7f47a659c640>,126,25,[ 4 13],127,-1,514,-1,489
1,<environment.Job instance at 0x7f47a659c780>,127,28,[1 6],128,-1,517,-1,489
1,<environment.Job instance at 0x7f47a659c5a0>,129,22,[ 3 13],130,-1,524,-1,502
1,<environment.Job instance at 0x7f47a659c410>,130,15,[13  3],131,-1,517,-1,502
1,<environment.Job instance at 0x7f47a659c320>,131,16,[ 1 13],132,-1,518,-1,502
1,<environment.Job instance at 0x7f47a659c1e0>,132,13,[12  5],133,-1,515,-1,502
1,<environment.Job instance at 0x7f47a659c690>,135,26,[12  4],136,-1,536,-1,510
1,<environment.Job instance at 0x7f47a659c9b0>,136,19,[ 5 12],137,-1,529,-1,510
1,<environment.Job instance at 0x7f47a659c6e0>,139,27,[10  2],140,-1,552,-1,525
1,<environment.Job instance at 0x7f47a647ce60>,140,26,[ 3 13],141,-1,551,-1,525
1,<environment.Job instance at 0x7f47a647caf0>,141,28,[9 5],142,-1,553,-1,525
1,<environment.Job instance at 0x7f47a64ca280>,142,24,[8 5],143,-1,549,-1,525
1,<environment.Job instance at 0x7f47a64caa50>,144,1,[10  1],145,-1,540,-1,539
1,<environment.Job instance at 0x7f47a5d86dc0>,147,1,[12  1],153,-1,573,-1,572
1,<environment.Job instance at 0x7f47a4f75370>,148,28,[ 5 12],157,-1,600,-1,572
1,<environment.Job instance at 0x7f47a4f75550>,150,24,[13  5],184,-1,614,-1,590
1,<environment.Job instance at 0x7f47af208be0>,38,27,[10  1],39,-1,648,-1,621
1,<environment.Job instance at 0x7f47a558ddc0>,85,22,[12  4],86,-1,753,-1,731
1,<environment.Job instance at 0x7f47a55347d0>,1,27,[8 1],2,-1,29,-1,2
1,<environment.Job instance at 0x7f47a558d5a0>,2,27,[7 2],3,-1,30,-1,3
1,<environment.Job instance at 0x7f47a66a3280>,4,23,[10  3],5,-1,28,-1,5
1,<environment.Job instance at 0x7f47a66a30f0>,5,2,[2 5],6,-1,8,-1,6
1,<environment.Job instance at 0x7f47a66a3d70>,9,27,[4 6],10,-1,37,-1,10
1,<environment.Job instance at 0x7f47a66a3910>,13,24,[9 1],14,-1,38,-1,14
1,<environment.Job instance at 0x7f47a66a34b0>,18,2,[1 7],19,-1,32,-1,30
1,<environment.Job instance at 0x7f47a66b1eb0>,20,2,[10  3],21,-1,43,-1,41
1,<environment.Job instance at 0x7f47a66b1960>,22,28,[6 5],23,-1,75,-1,47
1,<environment.Job instance at 0x7f47a66b1730>,25,25,[5 3],26,-1,84,-1,59
1,<environment.Job instance at 0x7f47a66b1910>,29,1,[5 2],30,-1,79,-1,78
1,<environment.Job instance at 0x7f47a66b12d0>,30,13,[11  2],31,-1,91,-1,78
1,<environment.Job instance at 0x7f47a66b1a50>,32,1,[9 2],33,-1,91,-1,90
1,<environment.Job instance at 0x7f47a66b1be0>,34,1,[8 5],35,-1,91,-1,90
1,<environment.Job instance at 0x7f47a66b1f50>,36,17,[ 5 14],37,-1,114,-1,97
1,<environment.Job instance at 0x7f47a66b17d0>,37,28,[10  4],38,-1,125,-1,97
1,<environment.Job instance at 0x7f47a66b1d20>,38,2,[5 7],39,-1,99,-1,97
1,<environment.Job instance at 0x7f47a66b1460>,40,15,[11  1],41,-1,127,-1,112
1,<environment.Job instance at 0x7f47a66b15f0>,41,19,[ 1 12],42,-1,131,-1,112
1,<environment.Job instance at 0x7f47a66c2050>,43,13,[ 2 11],44,-1,142,-1,129
1,<environment.Job instance at 0x7f47a66c21e0>,44,20,[ 3 12],45,-1,149,-1,129
1,<environment.Job instance at 0x7f47a66c2410>,48,27,[ 5 10],49,-1,192,-1,165
1,<environment.Job instance at 0x7f47a66c2690>,50,18,[12  3],51,-1,187,-1,169
1,<environment.Job instance at 0x7f47a66c2870>,53,12,[14  1],54,-1,196,-1,184
1,<environment.Job instance at 0x7f47a66c29b0>,55,19,[13  5],56,-1,214,-1,195
1,<environment.Job instance at 0x7f47a66c2a50>,56,24,[10  5],57,-1,219,-1,195
1,<environment.Job instance at 0x7f47a66c2af0>,57,22,[12  2],58,-1,217,-1,195
1,<environment.Job instance at 0x7f47a66c2dc0>,59,15,[13  2],60,-1,215,-1,200
1,<environment.Job instance at 0x7f47a66c2d20>,60,26,[9 4],61,-1,226,-1,200
1,<environment.Job instance at 0x7f47a66c2fa0>,62,26,[12  1],63,-1,239,-1,213
1,<environment.Job instance at 0x7f47a66b33c0>,68,14,[12  5],69,-1,278,-1,264
1,<environment.Job instance at 0x7f47a66b3500>,70,16,[12  5],71,-1,280,-1,264
1,<environment.Job instance at 0x7f47a66b3640>,72,2,[5 9],73,-1,266,-1,264
1,<environment.Job instance at 0x7f47a66b3960>,77,1,[10  2],78,-1,297,-1,296
1,<environment.Job instance at 0x7f47a66b3b40>,78,24,[5 9],79,-1,320,-1,296
1,<environment.Job instance at 0x7f47a66b3910>,79,18,[ 1 12],80,-1,314,-1,296
1,<environment.Job instance at 0x7f47a66b3cd0>,80,28,[9 5],81,-1,324,-1,296
1,<environment.Job instance at 0x7f47a66b3f50>,84,24,[6 4],85,-1,333,-1,309
1,<environment.Job instance at 0x7f47a66b3b90>,86,25,[8 5],87,-1,334,-1,309
1,<environment.Job instance at 0x7f47a66be230>,88,13,[ 2 14],89,-1,327,-1,314
1,<environment.Job instance at 0x7f47a66be2d0>,89,13,[13  3],90,-1,327,-1,314
1,<environment.Job instance at 0x7f47a66be550>,90,22,[11  5],91,-1,336,-1,314
1,<environment.Job instance at 0x7f47a66be5a0>,91,26,[11  5],92,-1,340,-1,314
1,<environment.Job instance at 0x7f47a66be640>,92,28,[5 8],93,-1,342,-1,314
1,<environment.Job instance at 0x7f47a66be6e0>,93,27,[1 7],94,-1,341,-1,314
1,<environment.Job instance at 0x7f47a66be820>,95,14,[ 1 13],96,-1,339,-1,325
1,<environment.Job instance at 0x7f47a66be7d0>,98,13,[ 1 12],99,-1,356,-1,343
1,<environment.Job instance at 0x7f47a66beaf0>,99,23,[8 2],100,-1,366,-1,343
1,<environment.Job instance at 0x7f47a66becd0>,102,13,[11  2],103,-1,384,-1,371
1,<environment.Job instance at 0x7f47a66bef50>,106,19,[ 1 11],107,-1,408,-1,389
1,<environment.Job instance at 0x7f47a66be870>,107,24,[ 1 13],108,-1,413,-1,389
1,<environment.Job instance at 0x7f47a66ad230>,110,14,[14  5],111,-1,419,-1,405
1,<environment.Job instance at 0x7f47a66ad500>,114,12,[ 3 14],115,-1,433,-1,421
1,<environment.Job instance at 0x7f47a66ad6e0>,117,23,[ 5 12],118,-1,460,-1,437
1,<environment.Job instance at 0x7f47a66ad8c0>,120,28,[10  5],121,-1,475,-1,447
1,<environment.Job instance at 0x7f47a66ada00>,122,28,[ 3 14],123,-1,477,-1,449
1,<environment.Job instance at 0x7f47a66adbe0>,125,2,[14  4],126,-1,478,-1,476
1,<environment.Job instance at 0x7f47a66adc80>,126,2,[10  2],127,-1,478,-1,476
1,<environment.Job instance at 0x7f47a66addc0>,128,28,[14  5],129,-1,527,-1,499
1,<environment.Job instance at 0x7f47a66ad0a0>,129,23,[10  5],130,-1,522,-1,499
1,<environment.Job instance at 0x7f47a66adeb0>,131,24,[2 9],132,-1,523,-1,499
1,<environment.Job instance at 0x7f47a66a9050>,132,17,[14  1],133,-1,516,-1,499
1,<environment.Job instance at 0x7f47a66a90a0>,133,22,[11  3],134,-1,521,-1,499
1,<environment.Job instance at 0x7f47a57e4a00>,135,28,[ 2 14],136,-1,542,-1,514
1,<environment.Job instance at 0x7f47a55ef1e0>,136,23,[13  5],137,-1,537,-1,514
1,<environment.Job instance at 0x7f47a5476320>,137,12,[ 4 13],138,-1,526,-1,514
1,<environment.Job instance at 0x7f47a5476870>,138,20,[ 1 13],139,-1,534,-1,514
1,<environment.Job instance at 0x7f47a5476410>,139,2,[11  2],140,-1,516,-1,514
1,<environment.Job instance at 0x7f47a54765f0>,141,22,[ 1 14],142,-1,557,-1,535
1,<environment.Job instance at 0x7f47a54766e0>,142,1,[9 3],143,-1,536,-1,535
1,<environment.Job instance at 0x7f47a54762d0>,143,19,[ 3 14],144,-1,554,-1,535
1,<environment.Job instance at 0x7f47a54764b0>,144,18,[ 4 14],145,-1,553,-1,535
1,<environment.Job instance at 0x7f47a5456a50>,145,1,[12  2],146,-1,536,-1,535
1,<environment.Job instance at 0x7f47a55d0870>,148,26,[6 4],149,-1,561,-1,535
1,<environment.Job instance at 0x7f47a509a7d0>,151,24,[10  1],152,-1,584,-1,560
1,<environment.Job instance at 0x7f47a55f9690>,154,15,[12  4],155,-1,582,-1,567
1,<environment.Job instance at 0x7f47a5465af0>,155,28,[8 3],156,-1,595,-1,567
1,<environment.Job instance at 0x7f47a547de60>,156,14,[ 1 12],157,-1,581,-1,567
1,<environment.Job instance at 0x7f47a5473a00>,158,17,[11  1],159,-1,600,-1,583
1,<environment.Job instance at 0x7f47a5468e60>,160,16,[ 4 13],161,-1,599,-1,583
1,<environment.Job instance at 0x7f47a54684b0>,161,26,[8 4],162,-1,609,-1,583
1,<environment.Job instance at 0x7f47a66a91e0>,163,18,[12  4],164,-1,616,-1,598
1,<environment.Job instance at 0x7f47a66a9280>,164,27,[9 3],165,-1,625,-1,598
1,<environment.Job instance at 0x7f47a66a9690>,167,26,[5 6],168,-1,642,-1,616
1,<environment.Job instance at 0x7f47a66a9730>,168,26,[3 9],169,-1,642,-1,616
1,<environment.Job instance at 0x7f47a66a9a50>,171,27,[3 6],172,-1,656,-1,629
1,<environment.Job instance at 0x7f47a66a9a00>,173,26,[13  5],186,-1,655,-1,629
1,<environment.Job instance at 0x7f47a66a9d20>,174,18,[ 3 12],187,-1,647,-1,629
1,<environment.Job instance at 0x7f47a61eb050>,1,26,[8 5],2,-1,28,-1,2
1,<environment.Job instance at 0x7f47a509e230>,3,13,[ 2 13],4,-1,17,-1,4
1,<environment.Job instance at 0x7f47a5626c80>,5,27,[13  2],6,-1,33,-1,6
1,<environment.Job instance at 0x7f47a5626460>,6,26,[ 5 11],7,-1,33,-1,7
1,<environment.Job instance at 0x7f47a509ee10>,8,27,[11  3],9,-1,36,-1,9
1,<environment.Job instance at 0x7f47a5626370>,10,15,[ 5 13],11,-1,26,-1,11
1,<environment.Job instance at 0x7f47a56268c0>,12,2,[14  4],13,-1,16,-1,14
1,<environment.Job instance at 0x7f47a5626140>,15,26,[5 5],16,-1,42,-1,16
1,<environment.Job instance at 0x7f47a6809af0>,18,13,[12  3],19,-1,38,-1,25
1,<environment.Job instance at 0x7f47a543c910>,20,12,[14  1],21,-1,37,-1,25
1,<environment.Job instance at 0x7f47a5f70780>,21,3,[4 9],22,-1,28,-1,25
1,<environment.Job instance at 0x7f47a66b7320>,22,16,[ 2 12],23,-1,41,-1,25
1,<environment.Job instance at 0x7f47a5f70f00>,23,20,[ 2 12],24,-1,45,-1,25
1,<environment.Job instance at 0x7f47a5626e60>,24,27,[1 6],25,-1,52,-1,25
1,<environment.Job instance at 0x7f47a635ca50>,25,27,[10  4],26,-1,53,-1,26
1,<environment.Job instance at 0x7f47a635c6e0>,27,24,[9 5],28,-1,65,-1,41
1,<environment.Job instance at 0x7f47a54942d0>,30,13,[11  1],31,-1,71,-1,58
1,<environment.Job instance at 0x7f47a53840a0>,33,22,[ 2 11],34,-1,99,-1,77
1,<environment.Job instance at 0x7f47a66dadc0>,34,16,[ 1 13],35,-1,93,-1,77
1,<environment.Job instance at 0x7f47a662dcd0>,37,24,[10  4],38,-1,103,-1,79
1,<environment.Job instance at 0x7f47a5384e10>,38,22,[4 7],39,-1,135,-1,113
1,<environment.Job instance at 0x7f47a649e1e0>,56,1,[ 3 10],57,-1,258,-1,257
1,<environment.Job instance at 0x7f47a649e500>,57,12,[13  2],58,-1,269,-1,257
1,<environment.Job instance at 0x7f47a649ee60>,58,25,[14  3],59,-1,282,-1,257
1,<environment.Job instance at 0x7f47a649ea50>,59,17,[ 1 13],60,-1,274,-1,257
1,<environment.Job instance at 0x7f47a649e460>,61,14,[12  2],62,-1,287,-1,273
1,<environment.Job instance at 0x7f47a6069500>,63,27,[9 3],64,-1,309,-1,282
1,<environment.Job instance at 0x7f47a67c0be0>,68,21,[ 4 12],69,-1,317,-1,296
1,<environment.Job instance at 0x7f47a5208aa0>,72,15,[13  4],73,-1,333,-1,318
1,<environment.Job instance at 0x7f47a5bf7dc0>,95,12,[13  3],96,-1,530,-1,518
1,<environment.Job instance at 0x7f47a4fb7870>,96,27,[10  1],97,-1,545,-1,518
1,<environment.Job instance at 0x7f47a5088410>,98,19,[ 2 11],99,-1,537,-1,518
1,<environment.Job instance at 0x7f47a58fac30>,101,28,[8 2],102,-1,560,-1,532
1,<environment.Job instance at 0x7f47a56dcf50>,117,24,[12  1],118,-1,749,-1,725
1,<environment.Job instance at 0x7f47a5c0fbe0>,118,28,[6 4],119,-1,753,-1,725
1,<environment.Job instance at 0x7f47a55e6c30>,119,18,[ 1 11],120,-1,743,-1,725
1,<environment.Job instance at 0x7f47a6040370>,122,28,[ 1 12],123,-1,780,-1,752
1,<environment.Job instance at 0x7f47a56cd0f0>,128,2,[6 4],129,-1,771,-1,769
1,<environment.Job instance at 0x7f47a56cdb90>,130,24,[13  2],131,-1,809,-1,785
1,<environment.Job instance at 0x7f47a56cdfa0>,131,16,[14  5],132,-1,801,-1,785
1,<environment.Job instance at 0x7f47a56cd500>,132,23,[ 1 13],133,-1,808,-1,785
1,<environment.Job instance at 0x7f47a4fe9140>,135,1,[ 5 11],136,-1,786,-1,785
1,<environment.Job instance at 0x7f47a54566e0>,138,15,[ 4 11],139,-1,817,-1,802
1,<environment.Job instance at 0x7f47a5094140>,140,22,[13  1],141,-1,829,-1,807
1,<environment.Job instance at 0x7f47a5094be0>,141,3,[14  3],142,-1,810,-1,807
1,<environment.Job instance at 0x7f47a5094e60>,142,24,[1 7],143,-1,834,-1,810
1,<environment.Job instance at 0x7f47a5094780>,143,17,[ 3 14],144,-1,827,-1,810
1,<environment.Job instance at 0x7f47a5094280>,144,3,[10  3],145,-1,813,-1,810
1,<environment.Job instance at 0x7f47a5bfa7d0>,146,2,[3 7],147,-1,831,-1,829
1,<environment.Job instance at 0x7f47a5bfac30>,147,13,[ 2 13],148,-1,842,-1,829
1,<environment.Job instance at 0x7f47a5bfafa0>,148,12,[ 3 11],149,-1,841,-1,829
1,<environment.Job instance at 0x7f47a55f75f0>,149,20,[12  4],150,-1,849,-1,829
1,<environment.Job instance at 0x7f47a55f79b0>,150,26,[4 9],151,-1,855,-1,829
1,<environment.Job instance at 0x7f47a55f7460>,151,12,[13  3],152,-1,841,-1,829
1,<environment.Job instance at 0x7f47a55f7870>,152,1,[1 7],153,-1,830,-1,829
1,<environment.Job instance at 0x7f47a55f7f50>,153,3,[3 7],154,-1,832,-1,829
1,<environment.Job instance at 0x7f47a57eed20>,156,23,[10  1],157,-1,869,-1,846
1,<environment.Job instance at 0x7f47a542c0f0>,158,26,[13  2],159,-1,890,-1,864
1,<environment.Job instance at 0x7f47a55f5e60>,160,12,[12  3],161,-1,876,-1,864
1,<environment.Job instance at 0x7f47a55f5780>,161,15,[13  1],162,-1,879,-1,864
1,<environment.Job instance at 0x7f47a55f57d0>,162,25,[9 3],163,-1,889,-1,864
1,<environment.Job instance at 0x7f47a55f5910>,165,23,[9 1],166,-1,903,-1,880
1,<environment.Job instance at 0x7f47a67d9fa0>,168,1,[5 1],169,-1,889,-1,888
1,<environment.Job instance at 0x7f47a55f9460>,43,23,[8 4],44,-1,949,-1,926
1,<environment.Job instance at 0x7f47a56dce10>,116,26,[11  1],117,-1,952,-1,926
1,<environment.Job instance at 0x7f47af4ffdc0>,1,26,[5 2],2,-1,28,-1,2
1,<environment.Job instance at 0x7f47a5016410>,15,18,[14  1],16,-1,91,-1,73
1,<environment.Job instance at 0x7f47a5016640>,16,17,[ 5 13],17,-1,90,-1,73
1,<environment.Job instance at 0x7f47a5016190>,17,26,[3 5],18,-1,99,-1,73
1,<environment.Job instance at 0x7f47a5016aa0>,19,17,[ 3 10],20,-1,101,-1,84
1,<environment.Job instance at 0x7f47a50163c0>,20,27,[ 4 13],21,-1,111,-1,84
1,<environment.Job instance at 0x7f47a5016460>,21,26,[12  1],22,-1,110,-1,84
1,<environment.Job instance at 0x7f47a5016780>,22,2,[2 5],23,-1,86,-1,84
1,<environment.Job instance at 0x7f47a5016d70>,24,23,[ 2 13],25,-1,110,-1,87
1,<environment.Job instance at 0x7f47aeefee60>,30,17,[13  3],31,-1,140,-1,123
1,<environment.Job instance at 0x7f47aeefe820>,31,25,[5 5],32,-1,148,-1,123
1,<environment.Job instance at 0x7f47aeefee10>,33,3,[4 8],34,-1,129,-1,126
1,<environment.Job instance at 0x7f47aeefe500>,34,23,[8 1],35,-1,149,-1,126
1,<environment.Job instance at 0x7f47aeefeb90>,35,26,[4 9],36,-1,152,-1,126
1,<environment.Job instance at 0x7f47aeefe9b0>,37,21,[14  3],38,-1,161,-1,140
1,<environment.Job instance at 0x7f47aeefe5a0>,38,17,[ 2 13],39,-1,157,-1,140
1,<environment.Job instance at 0x7f47aeefe960>,43,22,[10  5],44,-1,195,-1,173
1,<environment.Job instance at 0x7f47a59cea00>,44,25,[14  2],45,-1,198,-1,173
1,<environment.Job instance at 0x7f47a540a3c0>,45,14,[14  1],46,-1,187,-1,173
1,<environment.Job instance at 0x7f47a5a081e0>,46,15,[ 3 10],47,-1,188,-1,173
1,<environment.Job instance at 0x7f47a5a080a0>,48,14,[ 2 10],49,-1,187,-1,173
1,<environment.Job instance at 0x7f47a59e0fa0>,51,25,[ 5 14],52,-1,212,-1,187
1,<environment.Job instance at 0x7f47a59e0f50>,52,18,[ 5 14],53,-1,205,-1,187
1,<environment.Job instance at 0x7f47a59e05a0>,54,12,[ 3 13],55,-1,200,-1,188
1,<environment.Job instance at 0x7f47a59e0870>,55,23,[6 5],56,-1,211,-1,188
1,<environment.Job instance at 0x7f47a59e06e0>,56,1,[6 4],57,-1,189,-1,188
1,<environment.Job instance at 0x7f47a59e0b40>,58,2,[8 3],59,-1,203,-1,201
1,<environment.Job instance at 0x7f47a59e0410>,59,16,[13  4],60,-1,217,-1,201
1,<environment.Job instance at 0x7f47a5e7d3c0>,60,17,[ 3 13],61,-1,218,-1,201
1,<environment.Job instance at 0x7f47a5e7deb0>,61,16,[13  3],62,-1,217,-1,201
1,<environment.Job instance at 0x7f47a5341140>,62,3,[7 4],63,-1,204,-1,201
1,<environment.Job instance at 0x7f47a563e410>,65,2,[10  4],66,-1,221,-1,219
1,<environment.Job instance at 0x7f47a5d61320>,68,13,[ 5 11],69,-1,233,-1,220
1,<environment.Job instance at 0x7f47a563eaf0>,69,3,[2 8],70,-1,223,-1,220
1,<environment.Job instance at 0x7f47a5f1d550>,70,24,[ 1 10],71,-1,244,-1,220
1,<environment.Job instance at 0x7f47a563e9b0>,72,26,[5 7],73,-1,262,-1,236
1,<environment.Job instance at 0x7f47a6707140>,73,28,[ 4 13],74,-1,264,-1,236
1,<environment.Job instance at 0x7f47a5340910>,75,2,[2 9],76,-1,238,-1,236
1,<environment.Job instance at 0x7f47a60e3f00>,76,28,[ 4 11],77,-1,264,-1,236
1,<environment.Job instance at 0x7f47aee57eb0>,78,16,[14  4],79,-1,261,-1,245
1,<environment.Job instance at 0x7f47aee57050>,79,23,[ 3 10],80,-1,268,-1,245
1,<environment.Job instance at 0x7f47a68b31e0>,81,12,[12  5],82,-1,274,-1,262
1,<environment.Job instance at 0x7f47a635c3c0>,82,1,[ 1 10],83,-1,263,-1,262
1,<environment.Job instance at 0x7f47a635cc80>,83,2,[1 5],84,-1,264,-1,262
1,<environment.Job instance at 0x7f47a6306640>,85,14,[ 1 11],86,-1,276,-1,262
1,<environment.Job instance at 0x7f47a5af4c30>,88,12,[ 2 12],89,-1,286,-1,274
1,<environment.Job instance at 0x7f47a52de460>,91,18,[12  1],92,-1,308,-1,290
1,<environment.Job instance at 0x7f47a59bc8c0>,94,23,[7 1],95,-1,328,-1,305
1,<environment.Job instance at 0x7f47a59bceb0>,96,13,[5 1],97,-1,320,-1,307
1,<environment.Job instance at 0x7f47a59bc3c0>,98,24,[8 4],99,-1,343,-1,319
1,<environment.Job instance at 0x7f47a59bc690>,100,27,[7 2],101,-1,346,-1,319
1,<environment.Job instance at 0x7f47a59bcdc0>,101,22,[5 6],102,-1,350,-1,328
1,<environment.Job instance at 0x7f47aee995a0>,103,13,[1 9],104,-1,348,-1,335
1,<environment.Job instance at 0x7f47aee99730>,105,13,[ 1 12],106,-1,349,-1,336
1,<environment.Job instance at 0x7f47aee995f0>,106,15,[ 2 12],107,-1,351,-1,336
1,<environment.Job instance at 0x7f47aee992d0>,107,15,[14  4],108,-1,351,-1,336
1,<environment.Job instance at 0x7f47aee99910>,109,24,[10  5],110,-1,375,-1,351
1,<environment.Job instance at 0x7f47aee997d0>,110,2,[5 9],111,-1,353,-1,351
1,<environment.Job instance at 0x7f47a648b690>,111,13,[ 4 14],112,-1,364,-1,351
1,<environment.Job instance at 0x7f47a648ba50>,112,26,[8 3],113,-1,377,-1,351
1,<environment.Job instance at 0x7f47a648be60>,113,26,[ 5 14],114,-1,377,-1,351
1,<environment.Job instance at 0x7f47a5054640>,114,23,[ 3 10],115,-1,374,-1,351
1,<environment.Job instance at 0x7f47a50540a0>,118,18,[ 1 12],119,-1,382,-1,364
1,<environment.Job instance at 0x7f47a5054140>,120,27,[14  4],121,-1,400,-1,373
1,<environment.Job instance at 0x7f47a5afafa0>,122,25,[2 5],123,-1,405,-1,380
1,<environment.Job instance at 0x7f47a5afad70>,126,28,[13  4],127,-1,421,-1,393
1,<environment.Job instance at 0x7f47a53606e0>,128,14,[12  1],129,-1,418,-1,404
1,<environment.Job instance at 0x7f47a5afa0a0>,129,28,[13  3],130,-1,432,-1,404
1,<environment.Job instance at 0x7f47a5afa820>,130,18,[12  2],131,-1,422,-1,404
1,<environment.Job instance at 0x7f47a5e9a0f0>,131,15,[12  3],132,-1,419,-1,404
1,<environment.Job instance at 0x7f47a5e9a640>,132,3,[ 3 14],133,-1,407,-1,404
1,<environment.Job instance at 0x7f47a5e9ad70>,134,25,[3 6],135,-1,434,-1,409
1,<environment.Job instance at 0x7f47a5e9a1e0>,135,24,[ 3 12],136,-1,433,-1,409
1,<environment.Job instance at 0x7f47a56240a0>,136,3,[7 3],137,-1,412,-1,409
1,<environment.Job instance at 0x7f47a5624d70>,138,14,[12  1],139,-1,435,-1,421
1,<environment.Job instance at 0x7f47a56241e0>,140,26,[5 1],141,-1,464,-1,438
1,<environment.Job instance at 0x7f47a5624f50>,141,12,[14  1],142,-1,450,-1,438
1,<environment.Job instance at 0x7f47a5624be0>,143,2,[4 9],144,-1,443,-1,441
1,<environment.Job instance at 0x7f47a5850410>,144,3,[5 5],145,-1,444,-1,441
1,<environment.Job instance at 0x7f47a5624410>,146,24,[6 4],147,-1,472,-1,448
1,<environment.Job instance at 0x7f47a6285be0>,147,25,[8 5],148,-1,473,-1,448
1,<environment.Job instance at 0x7f47a5e692d0>,152,24,[13  2],153,-1,503,-1,479
1,<environment.Job instance at 0x7f47a66bee60>,154,1,[10  3],155,-1,480,-1,479
1,<environment.Job instance at 0x7f47a5e7a370>,155,16,[11  3],156,-1,495,-1,479
1,<environment.Job instance at 0x7f47a6805b90>,157,22,[4 6],158,-1,529,-1,507
1,<environment.Job instance at 0x7f47a6572050>,161,20,[11  5],162,-1,529,-1,509
1,<environment.Job instance at 0x7f47a4faed20>,163,1,[ 2 10],173,-1,522,-1,521
1,<environment.Job instance at 0x7f47a4fae280>,165,26,[ 5 10],175,-1,549,-1,523
1,<environment.Job instance at 0x7f47a597eb40>,166,23,[ 3 12],176,-1,546,-1,523
1,<environment.Job instance at 0x7f47a5a05aa0>,167,17,[ 2 11],177,-1,540,-1,523
1,<environment.Job instance at 0x7f47a5a052d0>,168,22,[4 8],178,-1,545,-1,523
1,<environment.Job instance at 0x7f47a597ebe0>,170,24,[13  2],180,-1,561,-1,537
1,<environment.Job instance at 0x7f47a5016370>,12,17,[10  4],13,-1,6744,-1,6727
1,<environment.Job instance at 0x7f47a5016a00>,13,17,[14  2],14,-1,6781,-1,6764
1,<environment.Job instance at 0x7f47a5016a00>,4,20,[14  1],5,-1,25,-1,5
1,<environment.Job instance at 0x7f47a52b24b0>,10,23,[ 3 10],11,-1,34,-1,11
1,<environment.Job instance at 0x7f47a5d5b230>,11,14,[14  1],12,-1,26,-1,12
1,<environment.Job instance at 0x7f47a679d780>,12,16,[ 3 13],13,-1,29,-1,13
1,<environment.Job instance at 0x7f47a5a4cdc0>,17,18,[ 5 13],18,-1,70,-1,52
1,<environment.Job instance at 0x7f47a5a4cfa0>,18,1,[ 2 14],19,-1,53,-1,52
1,<environment.Job instance at 0x7f47a5a4caa0>,20,15,[11  2],21,-1,67,-1,52
1,<environment.Job instance at 0x7f47a67f7140>,21,28,[1 8],22,-1,80,-1,52
1,<environment.Job instance at 0x7f47a52cb4b0>,22,27,[3 7],23,-1,79,-1,52
1,<environment.Job instance at 0x7f47a56f81e0>,23,12,[ 3 14],24,-1,64,-1,52
1,<environment.Job instance at 0x7f47a5ec7410>,26,16,[11  3],27,-1,101,-1,85
1,<environment.Job instance at 0x7f47a5366a00>,27,25,[13  5],28,-1,110,-1,85
1,<environment.Job instance at 0x7f47a5366e60>,29,25,[8 1],30,-1,110,-1,85
1,<environment.Job instance at 0x7f47a67dafa0>,30,14,[14  1],31,-1,99,-1,85
1,<environment.Job instance at 0x7f47a543c640>,32,25,[4 6],33,-1,123,-1,98
1,<environment.Job instance at 0x7f47a6121d20>,35,27,[10  1],36,-1,133,-1,106
1,<environment.Job instance at 0x7f47a55f9230>,36,23,[10  1],37,-1,130,-1,107
1,<environment.Job instance at 0x7f47a551cc30>,38,26,[10  2],39,-1,146,-1,120
1,<environment.Job instance at 0x7f47a551aeb0>,40,20,[ 1 12],41,-1,140,-1,120
1,<environment.Job instance at 0x7f47a55ef370>,41,24,[8 1],42,-1,144,-1,120
1,<environment.Job instance at 0x7f47a55ef640>,43,25,[13  5],44,-1,163,-1,138
1,<environment.Job instance at 0x7f47a50a0460>,45,14,[ 4 14],46,-1,152,-1,138
1,<environment.Job instance at 0x7f47a5626af0>,47,2,[5 8],48,-1,140,-1,138
1,<environment.Job instance at 0x7f47a5626c30>,48,17,[12  5],49,-1,155,-1,138
1,<environment.Job instance at 0x7f47a56269b0>,49,1,[7 5],50,-1,139,-1,138
1,<environment.Job instance at 0x7f47a5626d70>,50,14,[ 2 11],51,-1,152,-1,138
1,<environment.Job instance at 0x7f47a5626dc0>,53,13,[12  1],54,-1,166,-1,153
1,<environment.Job instance at 0x7f47a5626fa0>,54,28,[13  1],55,-1,181,-1,153
1,<environment.Job instance at 0x7f47a5097eb0>,57,16,[ 4 14],58,-1,202,-1,186
1,<environment.Job instance at 0x7f47a5097be0>,60,25,[9 1],61,-1,229,-1,204
1,<environment.Job instance at 0x7f47a50b1410>,62,13,[13  1],63,-1,220,-1,207
1,<environment.Job instance at 0x7f47a50978c0>,63,17,[ 2 12],64,-1,224,-1,207
1,<environment.Job instance at 0x7f47a50b1fa0>,64,14,[11  1],65,-1,221,-1,207
1,<environment.Job instance at 0x7f47a66b7190>,65,26,[14  4],66,-1,233,-1,207
1,<environment.Job instance at 0x7f47a55e6870>,67,1,[8 3],68,-1,220,-1,219
1,<environment.Job instance at 0x7f47a55e64b0>,68,25,[10  1],69,-1,244,-1,219
1,<environment.Job instance at 0x7f47a66aa050>,69,13,[ 2 11],70,-1,232,-1,219
1,<environment.Job instance at 0x7f47a686f0a0>,70,28,[1 7],71,-1,256,-1,228
1,<environment.Job instance at 0x7f47a5e0bd70>,76,28,[1 9],77,-1,292,-1,264
1,<environment.Job instance at 0x7f47a6326be0>,80,14,[12  2],81,-1,299,-1,285
1,<environment.Job instance at 0x7f47a6326910>,85,28,[ 3 11],86,-1,340,-1,312
1,<environment.Job instance at 0x7f47a6326d70>,86,16,[ 3 12],87,-1,328,-1,312
1,<environment.Job instance at 0x7f47a63265f0>,87,14,[11  2],88,-1,326,-1,312
1,<environment.Job instance at 0x7f47a6326500>,94,15,[ 2 14],95,-1,376,-1,361
1,<environment.Job instance at 0x7f47a6326a50>,95,27,[ 4 13],96,-1,388,-1,361
1,<environment.Job instance at 0x7f47a6326fa0>,97,23,[3 9],98,-1,555,-1,532
1,<environment.Job instance at 0x7f47a5f59d20>,118,23,[10  4],119,-1,555,-1,532
1,<environment.Job instance at 0x7f47a5f590a0>,120,26,[11  1],121,-1,577,-1,551
1,<environment.Job instance at 0x7f47a5f59f50>,121,28,[1 9],122,-1,580,-1,552
1,<environment.Job instance at 0x7f47a5f59f00>,122,19,[ 2 11],123,-1,571,-1,552
1,<environment.Job instance at 0x7f47a5f59e10>,123,28,[ 3 11],124,-1,580,-1,552
1,<environment.Job instance at 0x7f47a5f59b90>,125,26,[2 5],126,-1,580,-1,554
1,<environment.Job instance at 0x7f47a66b15a0>,127,26,[ 2 10],128,-1,580,-1,554
1,<environment.Job instance at 0x7f47a66b1fa0>,128,24,[ 4 10],129,-1,578,-1,554
1,<environment.Job instance at 0x7f47a649e410>,132,18,[12  3],133,-1,594,-1,576
1,<environment.Job instance at 0x7f47a649ebe0>,134,15,[13  1],135,-1,612,-1,597
1,<environment.Job instance at 0x7f47a649e5f0>,136,26,[7 4],137,-1,637,-1,611
1,<environment.Job instance at 0x7f47a649e0f0>,137,26,[2 5],138,-1,637,-1,611
1,<environment.Job instance at 0x7f47a649e500>,138,12,[12  2],139,-1,623,-1,611
1,<environment.Job instance at 0x7f47a649e820>,139,2,[10  4],140,-1,613,-1,611
1,<environment.Job instance at 0x7f47a649e320>,140,3,[11  4],141,-1,614,-1,611
1,<environment.Job instance at 0x7f47a649e6e0>,142,20,[11  5],143,-1,647,-1,627
1,<environment.Job instance at 0x7f47a649e370>,144,12,[ 3 13],145,-1,654,-1,642
1,<environment.Job instance at 0x7f47a649efa0>,145,2,[12  2],146,-1,644,-1,642
1,<environment.Job instance at 0x7f47a649e140>,148,15,[ 2 14],149,-1,669,-1,654
1,<environment.Job instance at 0x7f47af484e10>,151,17,[14  3],152,-1,688,-1,671
1,<environment.Job instance at 0x7f47af484500>,152,26,[3 6],153,-1,697,-1,671
1,<environment.Job instance at 0x7f47af484af0>,153,18,[ 1 11],154,-1,689,-1,671
1,<environment.Job instance at 0x7f47af484d20>,154,25,[ 1 10],155,-1,696,-1,671
1,<environment.Job instance at 0x7f47af484a00>,156,26,[9 5],157,-1,697,-1,671
1,<environment.Job instance at 0x7f47af484820>,157,13,[12  5],158,-1,684,-1,671
1,<environment.Job instance at 0x7f47a588de60>,159,24,[13  2],160,-1,695,-1,671
1,<environment.Job instance at 0x7f47a588d190>,163,19,[ 4 12],164,-1,706,-1,687
1,<environment.Job instance at 0x7f47a588d0f0>,167,16,[ 2 14],168,-1,722,-1,706
1,<environment.Job instance at 0x7f47a588de10>,172,12,[11  2],173,-1,758,-1,746
1,<environment.Job instance at 0x7f47a588d6e0>,173,12,[11  2],174,-1,758,-1,746
1,<environment.Job instance at 0x7f47a588d500>,174,16,[12  2],175,-1,762,-1,746
1,<environment.Job instance at 0x7f47a588d5a0>,177,25,[14  5],187,-1,793,-1,768
1,<environment.Job instance at 0x7f47a588d8c0>,178,2,[14  4],188,-1,770,-1,768
1,<environment.Job instance at 0x7f47a61e8f50>,4,13,[ 2 14],5,-1,18,-1,5
1,<environment.Job instance at 0x7f47a61e87d0>,6,23,[ 4 11],7,-1,30,-1,7
1,<environment.Job instance at 0x7f47a61e8910>,7,27,[5 3],8,-1,36,-1,9
1,<environment.Job instance at 0x7f47a61e8500>,11,15,[11  2],12,-1,27,-1,12
1,<environment.Job instance at 0x7f47a61d9dc0>,12,17,[11  4],13,-1,30,-1,13
1,<environment.Job instance at 0x7f47a61dca50>,20,24,[7 5],21,-1,76,-1,52
1,<environment.Job instance at 0x7f47a61dc690>,22,25,[ 1 14],23,-1,77,-1,52
1,<environment.Job instance at 0x7f47a61dc500>,25,15,[12  2],26,-1,80,-1,65
1,<environment.Job instance at 0x7f47a61dca00>,31,25,[9 5],32,-1,130,-1,105
1,<environment.Job instance at 0x7f47a61e6460>,33,25,[1 7],34,-1,135,-1,110
1,<environment.Job instance at 0x7f47a59bd370>,36,1,[11  2],37,-1,127,-1,126
1,<environment.Job instance at 0x7f47a59b5b40>,37,2,[ 5 11],38,-1,128,-1,126
1,<environment.Job instance at 0x7f47a5dbb1e0>,38,14,[13  2],39,-1,140,-1,126
1,<environment.Job instance at 0x7f47a59b5e10>,40,13,[13  3],41,-1,151,-1,138
1,<environment.Job instance at 0x7f47af20ceb0>,41,25,[ 3 11],42,-1,163,-1,138
1,<environment.Job instance at 0x7f47a5e618c0>,42,26,[8 4],43,-1,164,-1,138
1,<environment.Job instance at 0x7f47a5dafd20>,45,14,[12  3],46,-1,165,-1,151
1,<environment.Job instance at 0x7f47a61dc050>,46,1,[ 4 10],47,-1,152,-1,151
1,<environment.Job instance at 0x7f47a62d1780>,49,14,[12  5],50,-1,182,-1,168
1,<environment.Job instance at 0x7f47a53ed550>,50,23,[ 4 10],51,-1,191,-1,168
1,<environment.Job instance at 0x7f47a620be60>,52,19,[ 4 14],53,-1,198,-1,179
1,<environment.Job instance at 0x7f47a53c0dc0>,53,20,[14  5],54,-1,199,-1,179
1,<environment.Job instance at 0x7f47a53e4a00>,56,28,[5 8],57,-1,228,-1,200
1,<environment.Job instance at 0x7f47a61e8d20>,57,13,[11  2],58,-1,213,-1,200
1,<environment.Job instance at 0x7f47a595af50>,58,14,[14  2],59,-1,214,-1,200
1,<environment.Job instance at 0x7f47a595a500>,60,27,[ 5 13],61,-1,241,-1,214
1,<environment.Job instance at 0x7f47a53c7050>,63,1,[9 2],64,-1,228,-1,227
1,<environment.Job instance at 0x7f47a53c74b0>,64,18,[13  5],65,-1,245,-1,227
1,<environment.Job instance at 0x7f47a53c7b90>,65,12,[ 3 13],66,-1,239,-1,227
1,<environment.Job instance at 0x7f47a53c79b0>,66,13,[ 1 13],67,-1,240,-1,227
1,<environment.Job instance at 0x7f47a53c7730>,67,28,[ 1 11],68,-1,255,-1,227
1,<environment.Job instance at 0x7f47a53c7c80>,69,26,[13  4],70,-1,269,-1,243
1,<environment.Job instance at 0x7f47a53c7640>,71,14,[13  1],72,-1,261,-1,247
1,<environment.Job instance at 0x7f47a53e7af0>,72,12,[14  5],73,-1,259,-1,247
1,<environment.Job instance at 0x7f47a53e7690>,73,20,[ 2 14],74,-1,267,-1,247
1,<environment.Job instance at 0x7f47a53e7c30>,75,14,[14  2],76,-1,277,-1,263
1,<environment.Job instance at 0x7f47a53e7e10>,76,27,[8 2],77,-1,290,-1,263
1,<environment.Job instance at 0x7f47a61d91e0>,82,2,[10  5],83,-1,294,-1,292
1,<environment.Job instance at 0x7f47a53e0870>,86,14,[13  1],87,-1,324,-1,310
1,<environment.Job instance at 0x7f47a53e0690>,87,16,[ 1 11],88,-1,326,-1,310
1,<environment.Job instance at 0x7f47a53e0f50>,88,19,[14  4],89,-1,329,-1,310
1,<environment.Job instance at 0x7f47a53e0730>,91,24,[ 5 10],92,-1,346,-1,322
1,<environment.Job instance at 0x7f47a5319960>,93,18,[12  5],94,-1,357,-1,339
1,<environment.Job instance at 0x7f47a53e02d0>,94,26,[5 8],95,-1,365,-1,339
1,<environment.Job instance at 0x7f47a53d80a0>,97,12,[13  2],98,-1,357,-1,345
1,<environment.Job instance at 0x7f47a53d85f0>,99,14,[13  2],100,-1,374,-1,360
1,<environment.Job instance at 0x7f47a53d8f50>,101,17,[12  5],102,-1,382,-1,365
1,<environment.Job instance at 0x7f47a53d8d20>,102,1,[7 4],103,-1,366,-1,365
1,<environment.Job instance at 0x7f47a53d8c30>,104,18,[ 3 12],105,-1,392,-1,374
1,<environment.Job instance at 0x7f47a53cfcd0>,105,1,[5 1],106,-1,375,-1,374
1,<environment.Job instance at 0x7f47a53cfc30>,108,14,[ 3 13],109,-1,405,-1,391
1,<environment.Job instance at 0x7f47a53cf730>,109,25,[2 7],110,-1,416,-1,391
1,<environment.Job instance at 0x7f47a53cfeb0>,113,20,[14  2],114,-1,433,-1,413
1,<environment.Job instance at 0x7f47a53cff00>,114,14,[12  3],115,-1,427,-1,413
1,<environment.Job instance at 0x7f47a53cf140>,115,23,[ 1 10],116,-1,436,-1,413
1,<environment.Job instance at 0x7f47a53ef2d0>,117,3,[ 1 14],118,-1,433,-1,430
1,<environment.Job instance at 0x7f47a53efb40>,118,17,[13  2],119,-1,447,-1,430
1,<environment.Job instance at 0x7f47a53efdc0>,119,17,[11  4],120,-1,447,-1,430
1,<environment.Job instance at 0x7f47a53efaf0>,120,14,[ 1 11],121,-1,444,-1,430
1,<environment.Job instance at 0x7f47a53efeb0>,121,25,[6 5],122,-1,455,-1,430
1,<environment.Job instance at 0x7f47a53ef460>,122,22,[8 1],123,-1,459,-1,437
1,<environment.Job instance at 0x7f47a53efc30>,123,22,[7 1],124,-1,466,-1,444
1,<environment.Job instance at 0x7f47a59824b0>,134,28,[ 4 11],135,-1,553,-1,525
1,<environment.Job instance at 0x7f47a6103c30>,128,17,[3 9],129,-1,586,-1,569
1,<environment.Job instance at 0x7f47a56db1e0>,140,17,[14  3],141,-1,586,-1,569
1,<environment.Job instance at 0x7f47a56db140>,141,3,[13  1],142,-1,572,-1,569
1,<environment.Job instance at 0x7f47a56db780>,142,2,[5 7],143,-1,571,-1,569
1,<environment.Job instance at 0x7f47a59a4370>,143,14,[ 2 13],144,-1,583,-1,569
1,<environment.Job instance at 0x7f47a5e622d0>,144,2,[ 4 12],145,-1,571,-1,569
1,<environment.Job instance at 0x7f47a5e62190>,145,13,[ 4 14],146,-1,582,-1,569
1,<environment.Job instance at 0x7f47a56fdeb0>,146,23,[11  4],147,-1,592,-1,569
1,<environment.Job instance at 0x7f47a56fda50>,147,15,[5 5],148,-1,584,-1,569
1,<environment.Job instance at 0x7f47a56fd0a0>,148,2,[12  2],149,-1,571,-1,569
1,<environment.Job instance at 0x7f47a56fd230>,149,19,[ 4 12],150,-1,588,-1,569
1,<environment.Job instance at 0x7f47a56fde10>,150,12,[2 5],151,-1,581,-1,569
1,<environment.Job instance at 0x7f47a56fdfa0>,151,24,[ 3 10],152,-1,593,-1,569
1,<environment.Job instance at 0x7f47a598d910>,152,13,[13  3],153,-1,582,-1,569
1,<environment.Job instance at 0x7f47a598d550>,153,18,[14  3],154,-1,587,-1,569
1,<environment.Job instance at 0x7f47a598d6e0>,154,22,[5 3],155,-1,591,-1,569
1,<environment.Job instance at 0x7f47a598de10>,155,17,[10  2],156,-1,590,-1,573
1,<environment.Job instance at 0x7f47a598db40>,156,24,[14  5],157,-1,597,-1,573
1,<environment.Job instance at 0x7f47a5864b40>,157,12,[13  5],158,-1,585,-1,573
1,<environment.Job instance at 0x7f47a5876eb0>,158,12,[ 3 10],159,-1,585,-1,573
1,<environment.Job instance at 0x7f47a5864aa0>,160,18,[10  1],161,-1,603,-1,585
1,<environment.Job instance at 0x7f47a5864960>,161,13,[7 1],162,-1,598,-1,585
1,<environment.Job instance at 0x7f47a56ed230>,162,18,[ 3 13],163,-1,603,-1,585
1,<environment.Job instance at 0x7f47a56edeb0>,163,1,[3 6],164,-1,586,-1,585
1,<environment.Job instance at 0x7f47a56ede10>,164,16,[ 3 11],165,-1,601,-1,585
1,<environment.Job instance at 0x7f47a56edd20>,165,26,[14  4],166,-1,611,-1,585
1,<environment.Job instance at 0x7f47a56ed410>,166,24,[ 3 10],167,-1,609,-1,585
1,<environment.Job instance at 0x7f47a56fd5f0>,4,27,[6 1],5,-1,33,-1,6
1,<environment.Job instance at 0x7f47a59a41e0>,6,1,[2 7],7,-1,8,-1,7
1,<environment.Job instance at 0x7f47a59a4960>,7,23,[ 2 14],8,-1,31,-1,8
1,<environment.Job instance at 0x7f47a59a4320>,8,27,[8 4],9,-1,36,-1,9
1,<environment.Job instance at 0x7f47a59a4d70>,12,19,[12  3],13,-1,35,-1,16
1,<environment.Job instance at 0x7f47a59a4140>,13,25,[12  5],14,-1,41,-1,16
1,<environment.Job instance at 0x7f47a59a4c30>,15,13,[14  3],16,-1,36,-1,23
1,<environment.Job instance at 0x7f47a59a42d0>,18,13,[ 2 12],19,-1,48,-1,35
1,<environment.Job instance at 0x7f47a59a40f0>,19,13,[ 2 10],20,-1,50,-1,37
1,<environment.Job instance at 0x7f47a59a4190>,24,27,[12  2],25,-1,83,-1,56
1,<environment.Job instance at 0x7f47a59a4be0>,25,25,[7 3],26,-1,81,-1,56
1,<environment.Job instance at 0x7f47a59a4690>,26,23,[11  3],27,-1,79,-1,56
1,<environment.Job instance at 0x7f47a51dde60>,27,27,[9 4],28,-1,83,-1,56
1,<environment.Job instance at 0x7f47a51dd0a0>,39,25,[ 3 14],40,-1,216,-1,191
1,<environment.Job instance at 0x7f47a56fb190>,50,23,[ 5 12],51,-1,294,-1,271
1,<environment.Job instance at 0x7f47a58787d0>,60,24,[8 3],61,-1,385,-1,361
1,<environment.Job instance at 0x7f47a5864f50>,135,24,[ 4 11],136,-1,1125,-1,1101
1,<environment.Job instance at 0x7f47a53e1140>,154,19,[ 3 14],155,-1,1276,-1,1257
1,<environment.Job instance at 0x7f47aeecb910>,158,25,[ 4 14],178,-1,1293,-1,1268
1,<environment.Job instance at 0x7f47a61e6320>,4,27,[7 1],5,-1,32,-1,5
1,<environment.Job instance at 0x7f47a61e68c0>,5,25,[7 3],6,-1,31,-1,6
1,<environment.Job instance at 0x7f47a61e6a50>,7,18,[ 5 13],8,-1,26,-1,8
1,<environment.Job instance at 0x7f47a61e65a0>,9,25,[ 3 13],10,-1,35,-1,10
1,<environment.Job instance at 0x7f47a54935a0>,10,3,[9 4],11,-1,15,-1,12
1,<environment.Job instance at 0x7f47a61e87d0>,20,21,[ 3 14],21,-1,94,-1,73
1,<environment.Job instance at 0x7f47a61e8640>,22,25,[14  3],23,-1,98,-1,73
1,<environment.Job instance at 0x7f47a61e85a0>,23,16,[5 1],24,-1,89,-1,73
1,<environment.Job instance at 0x7f47a61e8690>,26,26,[5 3],27,-1,117,-1,91
1,<environment.Job instance at 0x7f47a61e8820>,27,14,[14  3],28,-1,105,-1,91
1,<environment.Job instance at 0x7f47a61e8b90>,28,24,[ 4 13],29,-1,115,-1,91
1,<environment.Job instance at 0x7f47a61e8320>,29,28,[ 4 14],30,-1,119,-1,91
1,<environment.Job instance at 0x7f47a61e81e0>,32,13,[ 4 12],33,-1,121,-1,108
1,<environment.Job instance at 0x7f47a61d98c0>,33,24,[5 6],34,-1,132,-1,108
1,<environment.Job instance at 0x7f47a61d90f0>,34,14,[13  2],35,-1,122,-1,108
1,<environment.Job instance at 0x7f47a61d9280>,35,15,[ 2 14],36,-1,123,-1,108
1,<environment.Job instance at 0x7f47a61d9870>,36,15,[ 2 10],37,-1,123,-1,108
1,<environment.Job instance at 0x7f47a61d9690>,37,18,[ 4 10],38,-1,126,-1,108
1,<environment.Job instance at 0x7f47a61d92d0>,39,1,[1 7],40,-1,111,-1,110
1,<environment.Job instance at 0x7f47a61d90a0>,40,12,[ 3 14],41,-1,122,-1,110
1,<environment.Job instance at 0x7f47a61d9be0>,42,15,[ 2 11],43,-1,138,-1,123
1,<environment.Job instance at 0x7f47a61d9730>,43,27,[14  3],44,-1,150,-1,123
1,<environment.Job instance at 0x7f47a61d9a00>,44,12,[7 1],45,-1,135,-1,123
1,<environment.Job instance at 0x7f47aee62b40>,45,18,[ 3 10],46,-1,141,-1,123
1,<environment.Job instance at 0x7f47aee620a0>,46,24,[6 4],47,-1,147,-1,123
1,<environment.Job instance at 0x7f47aee62820>,48,12,[ 4 13],49,-1,139,-1,127
1,<environment.Job instance at 0x7f47aee62f50>,49,1,[8 3],50,-1,128,-1,127
1,<environment.Job instance at 0x7f47aee629b0>,50,28,[13  4],51,-1,155,-1,127
1,<environment.Job instance at 0x7f47aee62050>,52,27,[1 9],53,-1,164,-1,137
1,<environment.Job instance at 0x7f47a53ef960>,53,2,[5 1],54,-1,139,-1,137
1,<environment.Job instance at 0x7f47a53efa00>,56,2,[12  2],57,-1,152,-1,150
1,<environment.Job instance at 0x7f47a53ef910>,57,18,[14  5],58,-1,168,-1,150
1,<environment.Job instance at 0x7f47a53ef460>,58,23,[ 3 14],59,-1,173,-1,150
1,<environment.Job instance at 0x7f47a53efaf0>,59,2,[10  2],60,-1,152,-1,150
1,<environment.Job instance at 0x7f47a53ef2d0>,60,22,[14  4],61,-1,172,-1,150
1,<environment.Job instance at 0x7f47a53ede60>,62,13,[ 5 13],63,-1,175,-1,162
1,<environment.Job instance at 0x7f47a53edb40>,63,20,[ 5 11],64,-1,182,-1,162
1,<environment.Job instance at 0x7f47a53edeb0>,64,1,[4 7],65,-1,163,-1,162
1,<environment.Job instance at 0x7f47a53edc30>,65,3,[10  1],66,-1,165,-1,162
1,<environment.Job instance at 0x7f47a53ede10>,66,27,[10  3],67,-1,189,-1,162
1,<environment.Job instance at 0x7f47a53edaf0>,67,17,[ 3 13],68,-1,179,-1,162
1,<environment.Job instance at 0x7f47a53edb90>,68,22,[7 5],69,-1,184,-1,162
1,<environment.Job instance at 0x7f47a53ed640>,69,15,[ 3 10],70,-1,177,-1,162
1,<environment.Job instance at 0x7f47a53ed2d0>,70,15,[ 4 12],71,-1,177,-1,162
1,<environment.Job instance at 0x7f47a53ed910>,71,23,[4 6],72,-1,185,-1,162
1,<environment.Job instance at 0x7f47a53ed1e0>,72,28,[5 9],73,-1,190,-1,162
1,<environment.Job instance at 0x7f47a53ed280>,73,23,[ 1 10],74,-1,185,-1,162
1,<environment.Job instance at 0x7f47a5f785a0>,74,25,[6 5],75,-1,187,-1,162
1,<environment.Job instance at 0x7f47a5f78a00>,75,23,[12  5],76,-1,185,-1,162
1,<environment.Job instance at 0x7f47a5f78780>,76,19,[12  2],77,-1,181,-1,162
1,<environment.Job instance at 0x7f47a59b5dc0>,80,25,[3 7],81,-1,205,-1,180
1,<environment.Job instance at 0x7f47a59b5870>,81,24,[5 8],82,-1,204,-1,180
1,<environment.Job instance at 0x7f47a59b5cd0>,82,16,[ 4 10],83,-1,196,-1,180
1,<environment.Job instance at 0x7f47a59b5370>,83,1,[7 1],84,-1,181,-1,180
1,<environment.Job instance at 0x7f47a59b5c30>,84,15,[8 2],85,-1,204,-1,189
1,<environment.Job instance at 0x7f47a59b4730>,87,22,[ 2 10],88,-1,217,-1,195
1,<environment.Job instance at 0x7f47a59b4eb0>,88,25,[4 8],89,-1,220,-1,195
1,<environment.Job instance at 0x7f47a59b4140>,94,22,[5 3],95,-1,249,-1,227
1,<environment.Job instance at 0x7f47a59b4cd0>,95,16,[ 4 14],96,-1,243,-1,227
1,<environment.Job instance at 0x7f47a59b4460>,96,17,[ 4 10],97,-1,244,-1,227
1,<environment.Job instance at 0x7f47a59b4370>,99,23,[5 9],100,-1,266,-1,243
1,<environment.Job instance at 0x7f47a59b4230>,101,27,[ 1 12],102,-1,273,-1,246
1,<environment.Job instance at 0x7f47a5e5be10>,102,18,[12  3],103,-1,264,-1,246
1,<environment.Job instance at 0x7f47a5e5b410>,103,12,[7 2],104,-1,258,-1,246
1,<environment.Job instance at 0x7f47a5e5bdc0>,104,24,[9 2],105,-1,270,-1,246
1,<environment.Job instance at 0x7f47a5e5bf00>,105,23,[8 3],106,-1,269,-1,246
1,<environment.Job instance at 0x7f47a5e5b370>,106,21,[4 8],107,-1,274,-1,253
1,<environment.Job instance at 0x7f47a5e5baa0>,107,12,[1 8],108,-1,265,-1,253
1,<environment.Job instance at 0x7f47a547d1e0>,109,12,[7 1],110,-1,271,-1,259
1,<environment.Job instance at 0x7f47a547d410>,110,3,[4 8],111,-1,262,-1,259
1,<environment.Job instance at 0x7f47a547d9b0>,113,15,[11  5],114,-1,287,-1,272
1,<environment.Job instance at 0x7f47a547da00>,114,15,[11  4],115,-1,287,-1,272
1,<environment.Job instance at 0x7f47a53dee10>,116,1,[5 3],117,-1,282,-1,281
1,<environment.Job instance at 0x7f47a53de820>,117,28,[8 3],118,-1,309,-1,281
1,<environment.Job instance at 0x7f47a53ded20>,118,18,[14  1],119,-1,299,-1,281
1,<environment.Job instance at 0x7f47a53de370>,119,28,[8 4],120,-1,309,-1,281
1,<environment.Job instance at 0x7f47a53de690>,120,14,[ 3 14],121,-1,295,-1,281
1,<environment.Job instance at 0x7f47a5e62870>,121,22,[8 3],122,-1,303,-1,281
1,<environment.Job instance at 0x7f47a5e62730>,122,13,[10  1],123,-1,294,-1,281
1,<environment.Job instance at 0x7f47a5e622d0>,124,12,[ 4 13],125,-1,294,-1,282
1,<environment.Job instance at 0x7f47a68f1f00>,126,24,[10  3],127,-1,319,-1,295
1,<environment.Job instance at 0x7f47a5db9be0>,127,16,[13  2],128,-1,311,-1,295
1,<environment.Job instance at 0x7f47a4fb6a00>,128,27,[5 5],129,-1,322,-1,295
1,<environment.Job instance at 0x7f47a6057870>,130,22,[4 8],131,-1,317,-1,295
1,<environment.Job instance at 0x7f47a5501140>,131,27,[3 7],132,-1,322,-1,295
1,<environment.Job instance at 0x7f47a55a74b0>,133,12,[1 5],134,-1,307,-1,295
1,<environment.Job instance at 0x7f47a53e75f0>,134,13,[ 4 12],135,-1,308,-1,295
1,<environment.Job instance at 0x7f47a53e70f0>,135,16,[11  3],136,-1,311,-1,295
1,<environment.Job instance at 0x7f47a53e7870>,136,12,[ 4 13],137,-1,307,-1,295
1,<environment.Job instance at 0x7f47a53e7eb0>,137,25,[10  3],138,-1,320,-1,295
1,<environment.Job instance at 0x7f47a53e71e0>,141,25,[14  3],142,-1,357,-1,332
1,<environment.Job instance at 0x7f47a62d33c0>,143,22,[ 4 14],144,-1,354,-1,332
1,<environment.Job instance at 0x7f47a53e7aa0>,145,12,[ 3 11],146,-1,351,-1,339
1,<environment.Job instance at 0x7f47af213820>,146,12,[ 1 12],147,-1,351,-1,339
1,<environment.Job instance at 0x7f47a5598b90>,147,21,[7 1],148,-1,361,-1,340
1,<environment.Job instance at 0x7f47a681e370>,149,1,[8 3],150,-1,354,-1,353
1,<environment.Job instance at 0x7f47a52788c0>,150,13,[8 2],151,-1,372,-1,359
1,<environment.Job instance at 0x7f47a68d1d70>,152,22,[ 2 10],153,-1,386,-1,364
1,<environment.Job instance at 0x7f47a5cf0320>,154,17,[ 4 12],155,-1,381,-1,364
1,<environment.Job instance at 0x7f47a60e6aa0>,157,14,[ 2 10],158,-1,394,-1,380
1,<environment.Job instance at 0x7f47a60e6140>,158,18,[12  4],159,-1,398,-1,380
1,<environment.Job instance at 0x7f47a565de60>,159,24,[7 3],160,-1,404,-1,380
1,<environment.Job instance at 0x7f47a59625f0>,168,23,[13  2],169,-1,471,-1,448
1,<environment.Job instance at 0x7f47a5962230>,169,25,[7 3],170,-1,473,-1,448
1,<environment.Job instance at 0x7f47a5962d20>,173,12,[11  4],174,-1,477,-1,465
1,<environment.Job instance at 0x7f47a5962320>,174,14,[ 3 11],175,-1,479,-1,465
1,<environment.Job instance at 0x7f47af4875f0>,177,14,[ 5 11],178,-1,490,-1,476
1,<environment.Job instance at 0x7f47a50a2960>,178,24,[13  3],179,-1,500,-1,476
1,<environment.Job instance at 0x7f47a50a2f50>,179,12,[ 4 10],180,-1,489,-1,477
1,<environment.Job instance at 0x7f47a892aa50>,186,15,[14  4],187,-1,585,-1,570
1,<environment.Job instance at 0x7f47a892a730>,187,26,[7 5],188,-1,596,-1,570
1,<environment.Job instance at 0x7f47a892a320>,188,1,[ 4 14],189,-1,571,-1,570
1,<environment.Job instance at 0x7fb7158bb5a0>,8,15,[ 4 13],9,-1,30,-1,15
1,<environment.Job instance at 0x7fb7158bb6e0>,10,12,[2 8],11,-1,30,-1,18
1,<environment.Job instance at 0x7fb7158bb960>,14,21,[8 1],15,-1,57,-1,36
1,<environment.Job instance at 0x7fb7158bbb40>,15,15,[12  2],16,-1,51,-1,36
1,<environment.Job instance at 0x7fb7158bb550>,16,28,[5 1],17,-1,64,-1,36
1,<environment.Job instance at 0x7fb7158bba00>,18,18,[13  1],19,-1,56,-1,38
1,<environment.Job instance at 0x7fb7158bbcd0>,19,23,[8 4],20,-1,61,-1,38
1,<environment.Job instance at 0x7fb7158bbc80>,20,17,[ 2 14],21,-1,55,-1,38
1,<environment.Job instance at 0x7fb7158bbd20>,21,14,[ 4 11],22,-1,52,-1,38
1,<environment.Job instance at 0x7fb7158bbf50>,23,16,[12  2],24,-1,65,-1,49
1,<environment.Job instance at 0x7fb7158bbf00>,24,2,[4 6],25,-1,51,-1,49
1,<environment.Job instance at 0x7fb7158bf050>,25,2,[5 7],26,-1,51,-1,49
1,<environment.Job instance at 0x7fb7158bf410>,28,17,[ 1 13],29,-1,83,-1,66
1,<environment.Job instance at 0x7fb7158bf4b0>,29,24,[4 7],30,-1,90,-1,66
1,<environment.Job instance at 0x7fb7158bf550>,30,26,[9 4],31,-1,92,-1,66
1,<environment.Job instance at 0x7fb7158bf690>,32,12,[12  3],33,-1,78,-1,66
1,<environment.Job instance at 0x7fb7158bf730>,33,21,[12  3],34,-1,87,-1,66
1,<environment.Job instance at 0x7fb7158bf2d0>,36,25,[12  3],37,-1,109,-1,84
1,<environment.Job instance at 0x7fb7158bfbe0>,38,24,[13  2],39,-1,108,-1,84
1,<environment.Job instance at 0x7fb7158bf230>,40,26,[ 1 14],41,-1,126,-1,100
1,<environment.Job instance at 0x7fb7158bfd20>,42,12,[ 5 12],43,-1,124,-1,112
1,<environment.Job instance at 0x7fb7158bfdc0>,43,16,[1 8],44,-1,128,-1,112
1,<environment.Job instance at 0x7fb7158bfe60>,44,12,[9 3],45,-1,124,-1,112
1,<environment.Job instance at 0x7fb7158bff00>,45,12,[ 3 14],46,-1,124,-1,112
1,<environment.Job instance at 0x7fb7158bfaa0>,47,14,[12  2],48,-1,126,-1,112
1,<environment.Job instance at 0x7fb7158c2140>,48,14,[ 1 11],49,-1,126,-1,112
1,<environment.Job instance at 0x7fb7158bb370>,7,26,[9 3],8,-1,160,-1,134
1,<environment.Job instance at 0x7fb7158bb640>,9,23,[13  1],10,-1,287,-1,264
1,<environment.Job instance at 0x7fb7158bb460>,3,12,[ 3 14],4,-1,16,-1,4
1,<environment.Job instance at 0x7fb714ffbd20>,4,3,[ 3 13],5,-1,8,-1,5
1,<environment.Job instance at 0x7fb714ffb6e0>,7,17,[ 2 14],8,-1,25,-1,8
1,<environment.Job instance at 0x7fb714ffb190>,8,28,[10  3],9,-1,37,-1,9
1,<environment.Job instance at 0x7fb714ffb370>,10,14,[ 2 10],11,-1,33,-1,19
1,<environment.Job instance at 0x7fb7150dc3c0>,16,28,[3 6],17,-1,47,-1,19
1,<environment.Job instance at 0x7fb7150dc140>,20,22,[ 3 10],21,-1,56,-1,34
1,<environment.Job instance at 0x7fb7151289b0>,25,28,[ 2 10],26,-1,87,-1,59
1,<environment.Job instance at 0x7fb715133370>,26,13,[10  1],27,-1,73,-1,60
1,<environment.Job instance at 0x7fb715146c30>,29,19,[12  3],30,-1,92,-1,73
1,<environment.Job instance at 0x7fb715146c80>,34,1,[5 5],35,-1,109,-1,108
1,<environment.Job instance at 0x7fb715163af0>,36,3,[6 3],37,-1,118,-1,115
1,<environment.Job instance at 0x7fb7150d05a0>,39,17,[ 5 14],40,-1,148,-1,131
1,<environment.Job instance at 0x7fb7150d0820>,42,23,[9 1],43,-1,186,-1,163
1,<environment.Job instance at 0x7fb7150d0640>,43,25,[ 1 13],44,-1,188,-1,163
1,<environment.Job instance at 0x7fb714e7ef00>,44,21,[14  5],45,-1,184,-1,163
1,<environment.Job instance at 0x7fb714e5a1e0>,9,27,[ 3 11],10,-1,54,-1,27
1,<environment.Job instance at 0x7fb714e5af50>,10,23,[5 1],11,-1,52,-1,29
1,<environment.Job instance at 0x7fb714e5ad20>,11,17,[12  4],12,-1,46,-1,29
1,<environment.Job instance at 0x7fb714f455a0>,19,12,[13  1],20,-1,87,-1,75
1,<environment.Job instance at 0x7fb714f45910>,20,24,[8 1],21,-1,99,-1,75
1,<environment.Job instance at 0x7fb714f45af0>,21,2,[ 5 14],22,-1,77,-1,75
1,<environment.Job instance at 0x7fb714f45280>,22,25,[1 8],23,-1,100,-1,75
1,<environment.Job instance at 0x7fb714f457d0>,23,3,[10  3],24,-1,78,-1,75
1,<environment.Job instance at 0x7fb714f45be0>,27,2,[5 5],28,-1,90,-1,88
1,<environment.Job instance at 0x7fb714f45c30>,31,13,[ 3 14],32,-1,124,-1,111
1,<environment.Job instance at 0x7fb71f01d1e0>,36,1,[9 5],37,-1,134,-1,133
1,<environment.Job instance at 0x7fb71f01d050>,37,28,[ 2 10],38,-1,161,-1,133
1,<environment.Job instance at 0x7fb714ecc550>,38,24,[6 5],39,-1,157,-1,133
1,<environment.Job instance at 0x7fb714ecc730>,40,1,[ 3 11],41,-1,138,-1,137
1,<environment.Job instance at 0x7fb714eccc30>,42,15,[ 2 13],43,-1,166,-1,151
1,<environment.Job instance at 0x7fb714eccd20>,43,26,[7 2],44,-1,177,-1,151
1,<environment.Job instance at 0x7fb714eccfa0>,44,20,[13  4],45,-1,171,-1,151
1,<environment.Job instance at 0x7fb714ecc5a0>,47,2,[3 8],48,-1,153,-1,151
1,<environment.Job instance at 0x7fb715cbb460>,5,25,[ 3 13],6,-1,31,-1,6
1,<environment.Job instance at 0x7fb715cbbe10>,12,22,[ 2 11],13,-1,35,-1,13
1,<environment.Job instance at 0x7fb715cbb190>,13,2,[13  5],14,-1,16,-1,14
1,<environment.Job instance at 0x7fb715cbb3c0>,15,13,[ 5 14],16,-1,38,-1,25
1,<environment.Job instance at 0x7fb715ccf320>,21,25,[14  5],22,-1,102,-1,77
1,<environment.Job instance at 0x7fb715ccf9b0>,22,24,[3 7],23,-1,101,-1,77
1,<environment.Job instance at 0x7fb715ccfa00>,25,27,[ 3 13],26,-1,121,-1,94
1,<environment.Job instance at 0x7fb715ccf3c0>,27,2,[5 7],28,-1,110,-1,108
1,<environment.Job instance at 0x7fb715ccfe60>,28,17,[12  2],29,-1,125,-1,108
1,<environment.Job instance at 0x7fb715ccf690>,30,18,[12  2],31,-1,129,-1,111
1,<environment.Job instance at 0x7fb715ccf910>,31,27,[8 3],32,-1,138,-1,111
1,<environment.Job instance at 0x7fb715ccf370>,33,19,[12  2],34,-1,130,-1,111
1,<environment.Job instance at 0x7fb715ccf230>,37,27,[ 3 12],38,-1,186,-1,159
1,<environment.Job instance at 0x7fb715ccf0f0>,40,3,[9 5],41,-1,179,-1,176
1,<environment.Job instance at 0x7fb71599e7d0>,41,15,[ 2 14],42,-1,191,-1,176
1,<environment.Job instance at 0x7fb71599e2d0>,43,26,[3 9],44,-1,203,-1,177
1,<environment.Job instance at 0x7fb71599e140>,44,15,[13  1],45,-1,192,-1,177
1,<environment.Job instance at 0x7fb715695870>,6,15,[ 2 10],7,-1,32,-1,17
1,<environment.Job instance at 0x7fb7156b8910>,11,12,[ 4 14],12,-1,29,-1,17
1,<environment.Job instance at 0x7fb7156b8f00>,12,16,[ 5 12],13,-1,33,-1,17
1,<environment.Job instance at 0x7fb7156afd20>,14,16,[ 1 14],15,-1,42,-1,26
1,<environment.Job instance at 0x7fb7156c9a50>,15,18,[ 1 14],16,-1,44,-1,26
1,<environment.Job instance at 0x7fb7156c9fa0>,16,23,[1 9],17,-1,49,-1,26
1,<environment.Job instance at 0x7fb7156b5910>,18,25,[4 8],19,-1,59,-1,34
1,<environment.Job instance at 0x7fb7156b57d0>,19,3,[11  3],20,-1,37,-1,34
1,<environment.Job instance at 0x7fb7156b5b90>,20,15,[14  2],21,-1,49,-1,34
1,<environment.Job instance at 0x7fb7156b5be0>,21,18,[11  1],22,-1,52,-1,34
1,<environment.Job instance at 0x7fb7156b5a50>,23,17,[12  1],24,-1,66,-1,49
1,<environment.Job instance at 0x7fb7156bf690>,30,22,[ 4 10],31,-1,143,-1,121
1,<environment.Job instance at 0x7fb715287370>,34,12,[13  1],35,-1,143,-1,131
1,<environment.Job instance at 0x7fb7152560a0>,35,13,[ 1 12],36,-1,144,-1,131
1,<environment.Job instance at 0x7fb715f52aa0>,38,13,[ 5 11],39,-1,157,-1,144
1,<environment.Job instance at 0x7fb715ce7c80>,43,27,[6 1],44,-1,196,-1,169
1,<environment.Job instance at 0x7fb715f3bc30>,44,27,[ 4 13],45,-1,196,-1,169
1,<environment.Job instance at 0x7fb715f62fa0>,46,27,[11  1],47,-1,198,-1,171
1,<environment.Job instance at 0x7fb715f62f00>,47,24,[6 2],48,-1,197,-1,173
1,<environment.Job instance at 0x7fb71ec74eb0>,1,27,[5 6],2,-1,29,-1,2
1,<environment.Job instance at 0x7fb716420870>,4,26,[ 2 13],5,-1,31,-1,5
1,<environment.Job instance at 0x7fb715cbbc30>,5,28,[14  4],6,-1,34,-1,6
1,<environment.Job instance at 0x7fb716420e60>,7,20,[ 4 11],8,-1,28,-1,8
1,<environment.Job instance at 0x7fb7156af6e0>,9,17,[10  2],10,-1,27,-1,10
1,<environment.Job instance at 0x7fb7156af190>,11,26,[5 3],12,-1,39,-1,13
1,<environment.Job instance at 0x7fb7156af500>,19,28,[ 2 10],20,-1,74,-1,46
1,<environment.Job instance at 0x7fb7156af9b0>,20,2,[13  1],21,-1,48,-1,46
1,<environment.Job instance at 0x7fb7156afaf0>,26,20,[11  2],27,-1,102,-1,82
1,<environment.Job instance at 0x7fb715210fa0>,27,26,[2 8],28,-1,108,-1,82
1,<environment.Job instance at 0x7fb71573c140>,37,14,[12  2],38,-1,154,-1,140
1,<environment.Job instance at 0x7fb71573c370>,38,2,[ 4 11],39,-1,142,-1,140
1,<environment.Job instance at 0x7fb71573cd70>,39,3,[9 4],40,-1,143,-1,140
1,<environment.Job instance at 0x7fb71573c230>,40,2,[2 9],41,-1,142,-1,140
1,<environment.Job instance at 0x7fb71573c6e0>,43,27,[2 7],44,-1,179,-1,152
1,<environment.Job instance at 0x7fb71573cb90>,45,27,[1 5],46,-1,192,-1,165
1,<environment.Job instance at 0x7fb71573cf50>,47,15,[14  2],48,-1,180,-1,165
1,<environment.Job instance at 0x7fb71573c0f0>,48,2,[8 3],49,-1,167,-1,165
1,<environment.Job instance at 0x7fb7156afcd0>,3,13,[ 5 14],4,-1,17,-1,4
1,<environment.Job instance at 0x7fb71564d780>,4,3,[4 5],5,-1,13,-1,10
1,<environment.Job instance at 0x7fb715658500>,25,12,[13  4],26,-1,185,-1,173
1,<environment.Job instance at 0x7fb7156585a0>,26,12,[ 5 12],27,-1,185,-1,173
1,<environment.Job instance at 0x7fb715658640>,27,28,[7 4],28,-1,201,-1,173
1,<environment.Job instance at 0x7fb7156586e0>,28,27,[4 6],29,-1,200,-1,173
1,<environment.Job instance at 0x7fb715658af0>,32,27,[12  5],33,-1,246,-1,219
1,<environment.Job instance at 0x7fb715658be0>,34,2,[5 5],35,-1,221,-1,219
1,<environment.Job instance at 0x7fb715658c80>,35,3,[9 3],36,-1,222,-1,219
1,<environment.Job instance at 0x7fb715658e60>,36,3,[10  2],37,-1,222,-1,219
1,<environment.Job instance at 0x7fb715658d70>,38,18,[12  2],39,-1,251,-1,233
1,<environment.Job instance at 0x7fb715658f00>,39,23,[5 8],40,-1,258,-1,235
1,<environment.Job instance at 0x7fb71564f140>,42,21,[ 4 14],43,-1,271,-1,250
1,<environment.Job instance at 0x7fb71564f320>,45,13,[12  1],46,-1,283,-1,270
1,<environment.Job instance at 0x7fb71564f3c0>,46,12,[14  3],47,-1,282,-1,270
1,<environment.Job instance at 0x7fb71564f460>,47,1,[ 4 11],48,-1,271,-1,270
1,<environment.Job instance at 0x7fb714ee28c0>,1,25,[7 5],2,-1,27,-1,2
1,<environment.Job instance at 0x7fb714ee20f0>,4,25,[2 8],5,-1,30,-1,5
1,<environment.Job instance at 0x7fb71547b460>,12,21,[ 5 10],13,-1,35,-1,14
1,<environment.Job instance at 0x7fb71547bc30>,13,3,[ 5 10],14,-1,17,-1,14
1,<environment.Job instance at 0x7fb71547b5a0>,16,2,[5 3],17,-1,30,-1,28
1,<environment.Job instance at 0x7fb71547b8c0>,18,18,[ 5 14],19,-1,48,-1,30
1,<environment.Job instance at 0x7fb71547bd20>,20,19,[ 2 11],21,-1,63,-1,44
1,<environment.Job instance at 0x7fb71547b500>,24,25,[4 9],25,-1,87,-1,62
1,<environment.Job instance at 0x7fb715f18c80>,25,26,[6 1],26,-1,88,-1,62
1,<environment.Job instance at 0x7fb715f18910>,26,28,[5 9],27,-1,90,-1,62
1,<environment.Job instance at 0x7fb715f18640>,27,24,[4 8],28,-1,86,-1,62
1,<environment.Job instance at 0x7fb715f18a00>,38,19,[12  4],39,-1,149,-1,130
1,<environment.Job instance at 0x7fb715f18aa0>,39,14,[ 5 12],40,-1,144,-1,130
1,<environment.Job instance at 0x7fb7160424b0>,42,16,[ 2 11],43,-1,172,-1,156
1,<environment.Job instance at 0x7fb716042f50>,43,28,[ 3 11],44,-1,184,-1,156
1,<environment.Job instance at 0x7fb716042780>,45,24,[2 7],46,-1,204,-1,180
1,<environment.Job instance at 0x7fb716042b40>,46,16,[14  5],47,-1,196,-1,180
1,<environment.Job instance at 0x7fb716042960>,48,27,[14  3],49,-1,210,-1,183
1,<environment.Job instance at 0x7fb716426be0>,2,13,[ 1 12],3,-1,16,-1,3
1,<environment.Job instance at 0x7fb7163c8870>,7,22,[ 3 11],8,-1,30,-1,8
1,<environment.Job instance at 0x7fb7163c8960>,8,20,[4 9],9,-1,37,-1,17
1,<environment.Job instance at 0x7fb7163c89b0>,14,13,[ 3 14],15,-1,30,-1,17
1,<environment.Job instance at 0x7fb7163c80a0>,15,24,[ 4 14],16,-1,41,-1,17
1,<environment.Job instance at 0x7fb7163c8e10>,17,24,[7 3],18,-1,59,-1,35
1,<environment.Job instance at 0x7fb7163c85f0>,18,27,[9 5],19,-1,62,-1,35
1,<environment.Job instance at 0x7fb7163c8fa0>,20,14,[ 3 13],21,-1,53,-1,39
1,<environment.Job instance at 0x7fb7163c8690>,21,26,[6 2],22,-1,65,-1,39
1,<environment.Job instance at 0x7fb715d5e8c0>,22,16,[ 4 10],23,-1,59,-1,43
1,<environment.Job instance at 0x7fb715d5ee60>,23,23,[12  5],24,-1,66,-1,43
1,<environment.Job instance at 0x7fb715d5eeb0>,24,13,[ 4 14],25,-1,56,-1,43
1,<environment.Job instance at 0x7fb715d5e5f0>,25,19,[13  2],26,-1,62,-1,43
1,<environment.Job instance at 0x7fb715506730>,31,18,[ 2 13],32,-1,111,-1,93
1,<environment.Job instance at 0x7fb715f6ba50>,36,17,[12  4],37,-1,160,-1,143
1,<environment.Job instance at 0x7fb715634a00>,37,25,[6 4],38,-1,168,-1,143
1,<environment.Job instance at 0x7fb715634190>,39,18,[14  5],40,-1,161,-1,143
1,<environment.Job instance at 0x7fb715634280>,41,24,[5 5],42,-1,170,-1,146
1,<environment.Job instance at 0x7fb715634be0>,42,3,[8 5],43,-1,149,-1,146
1,<environment.Job instance at 0x7fb715634fa0>,43,14,[ 2 11],44,-1,160,-1,146
1,<environment.Job instance at 0x7fb7153c0c80>,44,1,[4 6],45,-1,147,-1,146
1,<environment.Job instance at 0x7fb7153c0460>,45,28,[ 5 10],46,-1,174,-1,146
1,<environment.Job instance at 0x7fb7153c0410>,47,13,[ 5 11],48,-1,171,-1,158
1,<environment.Job instance at 0x7fb71550ad70>,13,12,[12  2],14,-1,43,-1,31
1,<environment.Job instance at 0x7fb716369370>,14,12,[14  2],15,-1,43,-1,31
1,<environment.Job instance at 0x7fb71550a870>,17,25,[7 3],18,-1,71,-1,46
1,<environment.Job instance at 0x7fb71550a640>,18,16,[ 1 14],19,-1,62,-1,46
1,<environment.Job instance at 0x7fb71550a5a0>,20,12,[ 2 13],21,-1,58,-1,46
1,<environment.Job instance at 0x7fb71550a820>,27,24,[10  3],28,-1,140,-1,116
1,<environment.Job instance at 0x7fb71550a230>,28,18,[11  2],29,-1,134,-1,116
1,<environment.Job instance at 0x7fb71550a320>,30,14,[ 5 13],31,-1,130,-1,116
1,<environment.Job instance at 0x7fb71550a1e0>,31,24,[14  5],32,-1,140,-1,116
1,<environment.Job instance at 0x7fb71550ae10>,32,12,[ 4 11],33,-1,128,-1,116
1,<environment.Job instance at 0x7fb715146aa0>,34,14,[ 1 13],35,-1,137,-1,123
1,<environment.Job instance at 0x7fb715146d70>,36,25,[5 3],37,-1,157,-1,132
1,<environment.Job instance at 0x7fb715e5eeb0>,40,14,[13  1],41,-1,165,-1,151
1,<environment.Job instance at 0x7fb715e5ee60>,41,27,[ 4 14],42,-1,178,-1,151
1,<environment.Job instance at 0x7fb715e5ea50>,45,28,[13  5],46,-1,207,-1,179
1,<environment.Job instance at 0x7fb716369dc0>,2,26,[12  3],3,-1,29,-1,3
1,<environment.Job instance at 0x7fb714ec6690>,5,24,[ 5 13],6,-1,30,-1,6
1,<environment.Job instance at 0x7fb714ec6230>,6,25,[7 5],7,-1,32,-1,7
1,<environment.Job instance at 0x7fb714ec6f50>,4,15,[10  2],5,-1,22,-1,7
1,<environment.Job instance at 0x7fb714ec6910>,8,3,[ 5 13],9,-1,12,-1,9
1,<environment.Job instance at 0x7fb7162c8730>,9,18,[ 1 14],10,-1,28,-1,10
1,<environment.Job instance at 0x7fb7162c8140>,10,19,[14  4],11,-1,30,-1,11
1,<environment.Job instance at 0x7fb715803820>,17,14,[11  1],18,-1,34,-1,20
1,<environment.Job instance at 0x7fb715058dc0>,18,22,[ 3 11],19,-1,42,-1,20
1,<environment.Job instance at 0x7fb714d1f690>,19,16,[12  3],20,-1,36,-1,20
1,<environment.Job instance at 0x7fb714d1ffa0>,21,14,[14  1],22,-1,40,-1,26
1,<environment.Job instance at 0x7fb715a15cd0>,22,16,[12  4],23,-1,42,-1,26
1,<environment.Job instance at 0x7fb715a15d20>,24,21,[8 4],25,-1,66,-1,45
1,<environment.Job instance at 0x7fb715a157d0>,25,17,[ 4 13],26,-1,62,-1,45
1,<environment.Job instance at 0x7fb7157195f0>,28,27,[13  4],29,-1,72,-1,45
1,<environment.Job instance at 0x7fb7153a25f0>,29,17,[13  4],30,-1,62,-1,45
1,<environment.Job instance at 0x7fb71574ef00>,30,13,[14  2],31,-1,58,-1,45
1,<environment.Job instance at 0x7fb7156f5dc0>,31,13,[1 6],32,-1,60,-1,47
1,<environment.Job instance at 0x7fb71511eb40>,32,24,[10  1],33,-1,71,-1,47
1,<environment.Job instance at 0x7fb715360050>,34,13,[5 2],35,-1,67,-1,54
1,<environment.Job instance at 0x7fb715360be0>,35,16,[ 2 10],36,-1,70,-1,54
1,<environment.Job instance at 0x7fb71521c7d0>,36,14,[6 1],37,-1,68,-1,54
1,<environment.Job instance at 0x7fb71521caf0>,37,12,[ 4 10],38,-1,66,-1,54
1,<environment.Job instance at 0x7fb71521c730>,38,1,[11  3],39,-1,55,-1,54
1,<environment.Job instance at 0x7fb71521ca00>,39,25,[2 7],40,-1,79,-1,54
1,<environment.Job instance at 0x7fb71521c2d0>,41,14,[10  2],42,-1,76,-1,62
1,<environment.Job instance at 0x7fb71521c550>,44,12,[ 4 10],45,-1,102,-1,90
1,<environment.Job instance at 0x7fb7152bd7d0>,3,22,[ 5 13],4,-1,26,-1,4
1,<environment.Job instance at 0x7fb7184872d0>,7,14,[ 3 10],8,-1,23,-1,9
1,<environment.Job instance at 0x7fb718487af0>,9,22,[ 4 12],10,-1,32,-1,10
1,<environment.Job instance at 0x7fb718487e10>,12,27,[10  1],13,-1,47,-1,20
1,<environment.Job instance at 0x7fb7184873c0>,14,13,[ 5 11],15,-1,35,-1,22
1,<environment.Job instance at 0x7fb718487aa0>,15,27,[12  2],16,-1,49,-1,22
1,<environment.Job instance at 0x7fb718487820>,16,13,[10  1],17,-1,35,-1,22
1,<environment.Job instance at 0x7fb714fe1e10>,17,18,[5 1],18,-1,40,-1,22
1,<environment.Job instance at 0x7fb714fe1f50>,18,24,[1 9],19,-1,46,-1,22
1,<environment.Job instance at 0x7fb714fe15a0>,20,12,[9 3],21,-1,48,-1,36
1,<environment.Job instance at 0x7fb715b95a00>,21,27,[ 1 14],22,-1,63,-1,36
1,<environment.Job instance at 0x7fb7163bb640>,22,12,[12  1],23,-1,48,-1,36
1,<environment.Job instance at 0x7fb714e5dcd0>,23,2,[3 7],24,-1,38,-1,36
1,<environment.Job instance at 0x7fb714f34910>,25,23,[3 6],26,-1,60,-1,37
1,<environment.Job instance at 0x7fb714e667d0>,27,27,[7 1],28,-1,80,-1,53
1,<environment.Job instance at 0x7fb7159f34b0>,28,26,[ 3 10],29,-1,79,-1,53
1,<environment.Job instance at 0x7fb714e6a640>,29,15,[ 3 10],30,-1,68,-1,53
1,<environment.Job instance at 0x7fb715b87050>,32,14,[14  2],33,-1,67,-1,53
1,<environment.Job instance at 0x7fb716101280>,33,26,[7 3],34,-1,79,-1,53
1,<environment.Job instance at 0x7fb7153c9460>,34,24,[8 2],35,-1,77,-1,53
1,<environment.Job instance at 0x7fb7157ed550>,36,12,[11  1],37,-1,80,-1,68
1,<environment.Job instance at 0x7fb71635b190>,37,17,[11  3],38,-1,85,-1,68
1,<environment.Job instance at 0x7fb7163dd6e0>,38,16,[12  1],39,-1,84,-1,68
1,<environment.Job instance at 0x7fb71635b460>,39,15,[ 4 13],40,-1,83,-1,68
1,<environment.Job instance at 0x7fb7157eab40>,40,28,[13  1],41,-1,96,-1,68
1,<environment.Job instance at 0x7fb7157ea960>,41,24,[4 7],42,-1,92,-1,68
1,<environment.Job instance at 0x7fb714f1e5a0>,43,26,[7 3],44,-1,94,-1,68
1,<environment.Job instance at 0x7fb714e8b410>,8,25,[5 8],9,-1,39,-1,14
1,<environment.Job instance at 0x7fb714e8bd20>,11,28,[2 7],12,-1,59,-1,31
1,<environment.Job instance at 0x7fb714e8b3c0>,13,25,[3 9],14,-1,58,-1,33
1,<environment.Job instance at 0x7fb714e8b460>,15,13,[1 5],16,-1,46,-1,33
1,<environment.Job instance at 0x7fb714e8b0a0>,16,23,[2 8],17,-1,56,-1,33
1,<environment.Job instance at 0x7fb714e8b320>,17,3,[1 9],18,-1,36,-1,33
1,<environment.Job instance at 0x7fb714e8baf0>,19,27,[5 7],20,-1,72,-1,45
1,<environment.Job instance at 0x7fb714e8b820>,20,15,[14  1],21,-1,60,-1,45
1,<environment.Job instance at 0x7fb714e8b8c0>,21,24,[13  2],22,-1,69,-1,45
1,<environment.Job instance at 0x7fb7162c6910>,28,14,[ 4 13],29,-1,101,-1,87
1,<environment.Job instance at 0x7fb7162c6050>,29,3,[9 5],30,-1,90,-1,87
1,<environment.Job instance at 0x7fb714e8b870>,10,16,[ 1 13],11,-1,103,-1,87
1,<environment.Job instance at 0x7fb7162c6140>,30,3,[1 8],31,-1,90,-1,87
1,<environment.Job instance at 0x7fb7162c6e60>,32,15,[12  2],33,-1,102,-1,87
1,<environment.Job instance at 0x7fb7162c6e10>,33,2,[10  2],34,-1,89,-1,87
1,<environment.Job instance at 0x7fb714e6ac80>,38,26,[11  5],39,-1,141,-1,115
1,<environment.Job instance at 0x7fb714e6abe0>,39,28,[4 9],40,-1,143,-1,115
1,<environment.Job instance at 0x7fb714e6afa0>,41,1,[1 5],42,-1,116,-1,115
1,<environment.Job instance at 0x7fb716105730>,46,14,[14  5],47,-1,168,-1,154
1,<environment.Job instance at 0x7fb715705320>,48,18,[ 4 11],49,-1,188,-1,170
1,<environment.Job instance at 0x7fb7159f51e0>,2,19,[ 2 13],3,-1,22,-1,3
1,<environment.Job instance at 0x7fb7156a44b0>,5,24,[12  4],6,-1,30,-1,6
1,<environment.Job instance at 0x7fb7157ed190>,7,12,[10  4],8,-1,20,-1,8
1,<environment.Job instance at 0x7fb7156a4aa0>,15,26,[9 4],16,-1,52,-1,26
1,<environment.Job instance at 0x7fb7156a4730>,16,21,[12  2],17,-1,47,-1,26
1,<environment.Job instance at 0x7fb7156a4960>,17,25,[6 2],18,-1,51,-1,26
1,<environment.Job instance at 0x7fb7156a4fa0>,18,1,[5 5],19,-1,27,-1,26
1,<environment.Job instance at 0x7fb714e87410>,20,17,[ 4 10],21,-1,50,-1,33
1,<environment.Job instance at 0x7fb714e874b0>,22,14,[ 5 13],23,-1,47,-1,33
1,<environment.Job instance at 0x7fb714e87aa0>,24,22,[ 4 13],25,-1,65,-1,43
1,<environment.Job instance at 0x7fb714e873c0>,26,21,[4 8],27,-1,69,-1,48
1,<environment.Job instance at 0x7fb714e872d0>,27,23,[3 9],28,-1,71,-1,48
1,<environment.Job instance at 0x7fb714e87230>,28,13,[10  5],29,-1,61,-1,48
1,<environment.Job instance at 0x7fb714e87190>,29,2,[10  4],30,-1,50,-1,48
1,<environment.Job instance at 0x7fb714e87c30>,30,13,[ 2 11],31,-1,61,-1,48
1,<environment.Job instance at 0x7fb714e87cd0>,31,14,[2 6],32,-1,62,-1,48
1,<environment.Job instance at 0x7fb714e876e0>,32,28,[9 2],33,-1,76,-1,48
1,<environment.Job instance at 0x7fb714e87640>,38,15,[ 2 12],39,-1,90,-1,75
1,<environment.Job instance at 0x7fb7154f1c30>,39,24,[ 1 11],40,-1,99,-1,75
1,<environment.Job instance at 0x7fb7154f1640>,41,12,[ 3 10],42,-1,101,-1,89
1,<environment.Job instance at 0x7fb7154f1910>,42,18,[ 3 14],43,-1,107,-1,89
1,<environment.Job instance at 0x7fb7154f1500>,43,2,[3 6],44,-1,91,-1,89
1,<environment.Job instance at 0x7fb7154f1370>,45,28,[10  4],46,-1,117,-1,89
1,<environment.Job instance at 0x7fb7154f11e0>,46,16,[ 4 10],47,-1,107,-1,91
1,<environment.Job instance at 0x7fb7154f12d0>,48,18,[ 1 10],49,-1,109,-1,91
1,<environment.Job instance at 0x7fb714bb93c0>,3,1,[ 2 11],4,-1,5,-1,4
1,<environment.Job instance at 0x7fb714bbe140>,4,26,[6 3],5,-1,31,-1,5
1,<environment.Job instance at 0x7fb714ba5b90>,9,2,[ 2 13],10,-1,12,-1,10
1,<environment.Job instance at 0x7fb714ba5aa0>,10,15,[ 2 12],11,-1,26,-1,11
1,<environment.Job instance at 0x7fb714ba5730>,11,12,[10  1],12,-1,32,-1,20
1,<environment.Job instance at 0x7fb714ba5640>,15,18,[14  1],16,-1,38,-1,20
1,<environment.Job instance at 0x7fb714ba5320>,16,24,[14  1],17,-1,44,-1,20
1,<environment.Job instance at 0x7fb714ba5d70>,18,25,[9 2],19,-1,45,-1,20
1,<environment.Job instance at 0x7fb714ba5eb0>,19,18,[ 1 12],20,-1,38,-1,20
1,<environment.Job instance at 0x7fb714bc0b40>,22,12,[10  1],23,-1,51,-1,39
1,<environment.Job instance at 0x7fb714bc0960>,24,20,[ 3 12],25,-1,70,-1,50
1,<environment.Job instance at 0x7fb714bc0820>,27,3,[13  1],28,-1,72,-1,69
1,<environment.Job instance at 0x7fb714bc03c0>,29,19,[13  1],30,-1,102,-1,83
1,<environment.Job instance at 0x7fb714bc0b90>,33,17,[13  5],34,-1,116,-1,99
1,<environment.Job instance at 0x7fb714bc0e60>,34,26,[12  1],35,-1,125,-1,99
1,<environment.Job instance at 0x7fb715203aa0>,39,26,[7 1],40,-1,153,-1,127
1,<environment.Job instance at 0x7fb715203a00>,40,22,[8 3],41,-1,163,-1,141
1,<environment.Job instance at 0x7fb715caac30>,43,18,[ 2 12],44,-1,162,-1,144
1,<environment.Job instance at 0x7fb715fddb40>,46,27,[9 5],47,-1,190,-1,163
1,<environment.Job instance at 0x7fb715fdd8c0>,47,14,[ 3 12],48,-1,177,-1,163
1,<environment.Job instance at 0x7fb714d8b5a0>,3,1,[6 2],4,-1,6,-1,5
1,<environment.Job instance at 0x7fb714f09f00>,5,17,[ 1 10],6,-1,24,-1,7
1,<environment.Job instance at 0x7fb714f09eb0>,10,14,[10  1],11,-1,25,-1,11
1,<environment.Job instance at 0x7fb714f09230>,12,25,[10  1],13,-1,43,-1,18
1,<environment.Job instance at 0x7fb714f09870>,13,13,[ 5 11],14,-1,31,-1,18
1,<environment.Job instance at 0x7fb714f097d0>,14,12,[ 3 14],15,-1,30,-1,18
1,<environment.Job instance at 0x7fb714f092d0>,16,13,[ 2 13],17,-1,34,-1,21
1,<environment.Job instance at 0x7fb714f09960>,17,14,[13  2],18,-1,35,-1,21
1,<environment.Job instance at 0x7fb714f09820>,18,18,[11  2],19,-1,39,-1,21
1,<environment.Job instance at 0x7fb714f09c30>,19,25,[ 1 10],20,-1,46,-1,21
1,<environment.Job instance at 0x7fb714f09e10>,20,13,[ 2 12],21,-1,34,-1,21
1,<environment.Job instance at 0x7fb714f095f0>,21,3,[5 7],22,-1,25,-1,22
1,<environment.Job instance at 0x7fb714f09be0>,22,21,[4 8],23,-1,57,-1,36
1,<environment.Job instance at 0x7fb714f09780>,24,12,[3 7],25,-1,48,-1,36
1,<environment.Job instance at 0x7fb714f09190>,25,23,[2 8],26,-1,59,-1,36
1,<environment.Job instance at 0x7fb714f09640>,26,16,[ 2 13],27,-1,52,-1,36
1,<environment.Job instance at 0x7fb71559cb90>,34,26,[ 4 14],35,-1,97,-1,71
1,<environment.Job instance at 0x7fb71559c0a0>,36,3,[ 4 12],37,-1,87,-1,84
1,<environment.Job instance at 0x7fb71559cd70>,38,1,[5 6],39,-1,88,-1,87
1,<environment.Job instance at 0x7fb71559c9b0>,39,25,[5 4],40,-1,112,-1,87
1,<environment.Job instance at 0x7fb71559ca00>,41,23,[6 5],42,-1,128,-1,105
1,<environment.Job instance at 0x7fb71559ca50>,42,18,[ 2 10],43,-1,132,-1,114
1,<environment.Job instance at 0x7fb71559caf0>,43,13,[13  3],44,-1,127,-1,114
1,<environment.Job instance at 0x7fb71559d0a0>,44,25,[ 5 14],45,-1,139,-1,114
1,<environment.Job instance at 0x7fb71559db40>,45,27,[5 5],46,-1,141,-1,114
1,<environment.Job instance at 0x7fb71559df50>,46,17,[ 5 13],47,-1,131,-1,114
1,<environment.Job instance at 0x7fb71559d460>,48,17,[ 4 11],49,-1,131,-1,114
1,<environment.Job instance at 0x7fb714bbfb40>,1,23,[12  4],2,-1,25,-1,2
1,<environment.Job instance at 0x7fb714bbffa0>,4,3,[ 1 13],5,-1,8,-1,5
1,<environment.Job instance at 0x7fb714bbfa00>,6,14,[ 1 12],7,-1,21,-1,7
1,<environment.Job instance at 0x7fb714bbf820>,7,15,[ 4 14],8,-1,23,-1,8
1,<environment.Job instance at 0x7fb71559c690>,9,28,[ 4 14],10,-1,38,-1,10
1,<environment.Job instance at 0x7fb714bbf5f0>,10,21,[ 5 12],11,-1,32,-1,11
1,<environment.Job instance at 0x7fb714c47af0>,24,27,[ 1 14],25,-1,108,-1,81
1,<environment.Job instance at 0x7fb714c47d70>,26,15,[11  1],27,-1,105,-1,90
1,<environment.Job instance at 0x7fb714c47370>,27,14,[ 3 13],28,-1,104,-1,90
1,<environment.Job instance at 0x7fb715095320>,29,21,[ 4 14],30,-1,119,-1,98
1,<environment.Job instance at 0x7fb715095d20>,33,18,[ 2 11],34,-1,136,-1,118
1,<environment.Job instance at 0x7fb715095a50>,34,17,[11  4],35,-1,135,-1,118
1,<environment.Job instance at 0x7fb715095e10>,35,14,[ 4 14],36,-1,132,-1,118
1,<environment.Job instance at 0x7fb715095870>,36,28,[12  5],37,-1,146,-1,118
1,<environment.Job instance at 0x7fb715095cd0>,37,13,[12  5],38,-1,131,-1,118
1,<environment.Job instance at 0x7fb7150954b0>,38,12,[11  5],39,-1,130,-1,118
1,<environment.Job instance at 0x7fb715095f50>,40,1,[1 7],41,-1,136,-1,135
1,<environment.Job instance at 0x7fb715095690>,41,1,[9 4],42,-1,136,-1,135
1,<environment.Job instance at 0x7fb715095b40>,48,18,[13  1],49,-1,210,-1,192
1,<environment.Job instance at 0x7fb71636dcd0>,4,16,[ 2 13],5,-1,21,-1,5
1,<environment.Job instance at 0x7fb7160341e0>,6,14,[10  1],7,-1,22,-1,8
1,<environment.Job instance at 0x7fb7157474b0>,8,26,[3 6],9,-1,35,-1,9
1,<environment.Job instance at 0x7fb7160060f0>,11,17,[ 4 12],12,-1,29,-1,12
1,<environment.Job instance at 0x7fb715728190>,21,14,[11  4],22,-1,77,-1,63
1,<environment.Job instance at 0x7fb71627c410>,2,21,[ 3 13],3,-1,24,-1,3
1,<environment.Job instance at 0x7fb7154382d0>,5,13,[14  2],6,-1,19,-1,6
1,<environment.Job instance at 0x7fb7158c28c0>,6,16,[ 4 14],7,-1,23,-1,7
1,<environment.Job instance at 0x7fb7158c21e0>,8,14,[13  3],9,-1,23,-1,9
1,<environment.Job instance at 0x7fb7158c24b0>,9,2,[3 9],10,-1,13,-1,11
1,<environment.Job instance at 0x7fb7158c2f00>,11,17,[ 3 11],12,-1,29,-1,12
1,<environment.Job instance at 0x7fb7158c2140>,16,27,[8 5],17,-1,44,-1,17
1,<environment.Job instance at 0x7fb7158c2e10>,18,26,[10  5],19,-1,45,-1,19
1,<environment.Job instance at 0x7fb7158c2e60>,21,14,[14  4],22,-1,45,-1,31
1,<environment.Job instance at 0x7fb7158c29b0>,24,20,[ 2 11],25,-1,68,-1,48
1,<environment.Job instance at 0x7fb7158c2820>,25,3,[ 4 11],26,-1,51,-1,48
1,<environment.Job instance at 0x7fb71636b190>,26,16,[13  3],27,-1,64,-1,48
1,<environment.Job instance at 0x7fb71636be60>,27,26,[10  5],28,-1,74,-1,48
1,<environment.Job instance at 0x7fb71636bd70>,29,13,[ 2 12],30,-1,70,-1,57
1,<environment.Job instance at 0x7fb71636be10>,30,13,[1 9],31,-1,71,-1,58
1,<environment.Job instance at 0x7fb71636b1e0>,31,17,[11  4],32,-1,75,-1,58
1,<environment.Job instance at 0x7fb71636b690>,32,24,[4 6],33,-1,82,-1,58
1,<environment.Job instance at 0x7fb71636bbe0>,33,15,[ 2 13],34,-1,73,-1,58
1,<environment.Job instance at 0x7fb71636b5a0>,34,18,[11  2],35,-1,76,-1,58
1,<environment.Job instance at 0x7fb71636bb40>,35,14,[10  1],36,-1,72,-1,58
1,<environment.Job instance at 0x7fb71636b960>,36,12,[9 5],37,-1,78,-1,66
1,<environment.Job instance at 0x7fb71636b140>,37,18,[14  1],38,-1,84,-1,66
1,<environment.Job instance at 0x7fb71636b870>,38,23,[ 1 11],39,-1,89,-1,66
1,<environment.Job instance at 0x7fb71636b2d0>,39,12,[ 3 12],40,-1,78,-1,66
1,<environment.Job instance at 0x7fb71544a2d0>,43,13,[ 3 11],44,-1,102,-1,89
1,<environment.Job instance at 0x7fb71636fd20>,46,15,[11  2],47,-1,104,-1,89
1,<environment.Job instance at 0x7fb71636f230>,47,12,[7 2],48,-1,109,-1,97
1,<environment.Job instance at 0x7fb71636f730>,48,25,[7 2],49,-1,122,-1,97
1,<environment.Job instance at 0x7fb715f54be0>,9,2,[6 4],10,-1,21,-1,19
1,<environment.Job instance at 0x7fb715f54050>,10,25,[10  4],11,-1,44,-1,19
1,<environment.Job instance at 0x7fb715f5b050>,12,27,[7 5],13,-1,46,-1,19
1,<environment.Job instance at 0x7fb715f4b140>,14,25,[8 2],15,-1,45,-1,20
1,<environment.Job instance at 0x7fb7152c4230>,16,14,[ 2 12],17,-1,46,-1,32
1,<environment.Job instance at 0x7fb7152c44b0>,19,12,[1 6],20,-1,62,-1,50
1,<environment.Job instance at 0x7fb7152c47d0>,23,14,[9 1],24,-1,83,-1,69
1,<environment.Job instance at 0x7fb7152c4870>,24,28,[ 3 10],25,-1,97,-1,69
1,<environment.Job instance at 0x7fb7152c4910>,25,25,[9 5],26,-1,94,-1,69
1,<environment.Job instance at 0x7fb7152c4a50>,27,18,[2 7],28,-1,87,-1,69
1,<environment.Job instance at 0x7fb7152c4af0>,28,12,[2 7],29,-1,81,-1,69
1,<environment.Job instance at 0x7fb7152c4b90>,29,12,[8 1],30,-1,81,-1,69
1,<environment.Job instance at 0x7fb7152c4c30>,30,17,[2 7],31,-1,86,-1,69
1,<environment.Job instance at 0x7fb7152c4cd0>,31,21,[4 5],32,-1,90,-1,69
1,<environment.Job instance at 0x7fb7152c4f00>,32,21,[1 9],33,-1,90,-1,69
1,<environment.Job instance at 0x7fb7152c4e60>,33,24,[7 4],34,-1,93,-1,69
1,<environment.Job instance at 0x7fb7152c4fa0>,34,18,[1 9],35,-1,87,-1,69
1,<environment.Job instance at 0x7fb7152c45f0>,35,14,[1 6],36,-1,83,-1,69
1,<environment.Job instance at 0x7fb716231230>,37,17,[6 1],38,-1,103,-1,86
1,<environment.Job instance at 0x7fb716231280>,38,17,[ 3 13],39,-1,103,-1,86
1,<environment.Job instance at 0x7fb716231320>,39,14,[14  2],40,-1,100,-1,86
1,<environment.Job instance at 0x7fb7162313c0>,40,19,[2 9],41,-1,105,-1,86
1,<environment.Job instance at 0x7fb716231460>,41,13,[7 3],42,-1,99,-1,86
1,<environment.Job instance at 0x7fb716231500>,42,2,[ 5 11],43,-1,88,-1,86
1,<environment.Job instance at 0x7fb7162315a0>,43,17,[9 2],44,-1,104,-1,87
1,<environment.Job instance at 0x7fb716231640>,44,19,[8 3],45,-1,106,-1,87
1,<environment.Job instance at 0x7fb7162316e0>,45,22,[10  3],46,-1,109,-1,87
1,<environment.Job instance at 0x7fb716231780>,46,1,[ 4 10],47,-1,88,-1,87
1,<environment.Job instance at 0x7fb716231820>,47,13,[2 7],48,-1,100,-1,87
1,<environment.Job instance at 0x7fb7152c4640>,22,20,[ 1 13],23,-1,874,-1,854
1,<environment.Job instance at 0x7f2278e61550>,8,15,[ 4 13],9,-1,29,-1,14
1,<environment.Job instance at 0x7f2278e61690>,10,12,[2 8],11,-1,31,-1,19
1,<environment.Job instance at 0x7f2278e61730>,11,12,[8 4],12,-1,34,-1,22
1,<environment.Job instance at 0x7f2278e61a50>,14,21,[8 1],15,-1,57,-1,36
1,<environment.Job instance at 0x7f2278e619b0>,15,15,[12  2],16,-1,51,-1,36
1,<environment.Job instance at 0x7f2278e61960>,16,28,[5 1],17,-1,64,-1,36
1,<environment.Job instance at 0x7f2278e61320>,18,18,[13  1],19,-1,56,-1,38
1,<environment.Job instance at 0x7f2278e61d70>,19,23,[8 4],20,-1,61,-1,38
1,<environment.Job instance at 0x7f2278e61c80>,20,17,[ 2 14],21,-1,55,-1,38
1,<environment.Job instance at 0x7f2278e61c30>,21,14,[ 4 11],22,-1,52,-1,38
1,<environment.Job instance at 0x7f2278e61fa0>,23,16,[12  2],24,-1,65,-1,49
1,<environment.Job instance at 0x7f2278e61f50>,24,2,[4 6],25,-1,51,-1,49
1,<environment.Job instance at 0x7f2278e61f00>,25,2,[5 7],26,-1,51,-1,49
1,<environment.Job instance at 0x7f2278e65370>,28,17,[ 1 13],29,-1,83,-1,66
1,<environment.Job instance at 0x7f2278e65410>,29,24,[4 7],30,-1,90,-1,66
1,<environment.Job instance at 0x7f2278e654b0>,30,26,[9 4],31,-1,92,-1,66
1,<environment.Job instance at 0x7f2278e655f0>,32,12,[12  3],33,-1,78,-1,66
1,<environment.Job instance at 0x7f2278e656e0>,33,21,[12  3],34,-1,87,-1,66
1,<environment.Job instance at 0x7f2278e650f0>,36,25,[12  3],37,-1,109,-1,84
1,<environment.Job instance at 0x7f2278e65b40>,38,24,[13  2],39,-1,108,-1,84
1,<environment.Job instance at 0x7f2278e65690>,40,26,[ 1 14],41,-1,126,-1,100
1,<environment.Job instance at 0x7f2278e65be0>,41,12,[8 3],42,-1,120,-1,108
1,<environment.Job instance at 0x7f2278e65c80>,42,12,[ 5 12],43,-1,120,-1,108
1,<environment.Job instance at 0x7f2278e65dc0>,44,12,[9 3],45,-1,123,-1,111
1,<environment.Job instance at 0x7f2278e65e60>,45,12,[ 3 14],46,-1,123,-1,111
1,<environment.Job instance at 0x7f2278e65fa0>,47,14,[12  2],48,-1,128,-1,114
1,<environment.Job instance at 0x7f2278e658c0>,48,14,[ 1 11],49,-1,128,-1,114
1,<environment.Job instance at 0x7f2278e681e0>,49,13,[1 5],50,-1,127,-1,114
1,<environment.Job instance at 0x7f2278e68320>,50,13,[ 4 12],51,-1,127,-1,114
1,<environment.Job instance at 0x7f2278e684b0>,53,12,[ 3 14],54,-1,146,-1,134
1,<environment.Job instance at 0x7f2278e68550>,54,3,[ 3 13],55,-1,137,-1,134
1,<environment.Job instance at 0x7f2278e68690>,56,2,[4 7],57,-1,136,-1,134
1,<environment.Job instance at 0x7f2278e68730>,57,17,[ 2 14],58,-1,151,-1,134
1,<environment.Job instance at 0x7f2278e687d0>,58,28,[10  3],59,-1,162,-1,134
1,<environment.Job instance at 0x7f2278e614b0>,7,26,[9 3],8,-1,237,-1,211
1,<environment.Job instance at 0x7f2278e615f0>,9,23,[13  1],10,-1,1584,-1,1561
1,<environment.Job instance at 0x7f22785a19b0>,6,28,[3 6],7,-1,35,-1,7
1,<environment.Job instance at 0x7f22785a1050>,15,28,[ 2 10],16,-1,63,-1,35
1,<environment.Job instance at 0x7f22785a1460>,16,13,[10  1],17,-1,48,-1,35
1,<environment.Job instance at 0x7f22785a1eb0>,17,16,[8 1],18,-1,72,-1,56
1,<environment.Job instance at 0x7f22785a3050>,24,1,[5 5],25,-1,104,-1,103
1,<environment.Job instance at 0x7f22785a37d0>,26,3,[6 3],27,-1,106,-1,103
1,<environment.Job instance at 0x7f22785a34b0>,29,17,[ 5 14],30,-1,136,-1,119
1,<environment.Job instance at 0x7f22785a35f0>,33,25,[ 1 13],34,-1,177,-1,152
1,<environment.Job instance at 0x7f22785a3af0>,34,21,[14  5],35,-1,173,-1,152
1,<environment.Job instance at 0x7f22785982d0>,40,28,[5 9],41,-1,209,-1,181
1,<environment.Job instance at 0x7f2278598aa0>,41,15,[ 2 13],42,-1,196,-1,181
1,<environment.Job instance at 0x7f229dad50a0>,44,1,[ 1 10],45,-1,208,-1,207
1,<environment.Job instance at 0x7f22784ef870>,46,22,[ 4 14],47,-1,229,-1,207
1,<environment.Job instance at 0x7f2278548780>,49,27,[ 3 11],50,-1,248,-1,221
1,<environment.Job instance at 0x7f22784ef1e0>,50,23,[5 1],51,-1,244,-1,221
1,<environment.Job instance at 0x7f22784ef730>,51,17,[12  4],52,-1,238,-1,221
1,<environment.Job instance at 0x7f22784d12d0>,55,2,[1 6],56,-1,232,-1,230
1,<environment.Job instance at 0x7f22787045f0>,1,2,[ 5 14],2,-1,4,-1,2
1,<environment.Job instance at 0x7f22784dc410>,2,25,[1 8],3,-1,28,-1,3
1,<environment.Job instance at 0x7f22784dc190>,11,13,[ 3 14],12,-1,25,-1,12
1,<environment.Job instance at 0x7f22784dc460>,16,1,[9 5],17,-1,27,-1,26
1,<environment.Job instance at 0x7f22784dc280>,17,28,[ 2 10],18,-1,54,-1,26
1,<environment.Job instance at 0x7f22784dc0a0>,18,24,[6 5],19,-1,50,-1,26
1,<environment.Job instance at 0x7f227848b6e0>,20,1,[ 3 11],21,-1,28,-1,27
1,<environment.Job instance at 0x7f227848bbe0>,22,15,[ 2 13],23,-1,56,-1,41
1,<environment.Job instance at 0x7f227848b910>,23,26,[7 2],24,-1,67,-1,41
1,<environment.Job instance at 0x7f227848b230>,24,20,[13  4],25,-1,61,-1,41
1,<environment.Job instance at 0x7f227848baf0>,25,3,[9 2],26,-1,44,-1,41
1,<environment.Job instance at 0x7f227848bf50>,27,2,[3 8],28,-1,43,-1,41
1,<environment.Job instance at 0x7f227848b550>,28,3,[4 8],29,-1,44,-1,41
1,<environment.Job instance at 0x7f227848b640>,32,26,[6 4],33,-1,89,-1,63
1,<environment.Job instance at 0x7f227848b140>,35,25,[ 3 13],36,-1,115,-1,90
1,<environment.Job instance at 0x7f22784a97d0>,37,25,[ 2 11],38,-1,115,-1,90
1,<environment.Job instance at 0x7f22784a9050>,38,1,[14  3],39,-1,91,-1,90
1,<environment.Job instance at 0x7f22784a9b90>,39,2,[ 1 10],40,-1,92,-1,90
1,<environment.Job instance at 0x7f22784a9320>,43,2,[13  5],44,-1,117,-1,115
1,<environment.Job instance at 0x7f22784a9870>,51,25,[14  5],52,-1,205,-1,180
1,<environment.Job instance at 0x7f22784a92d0>,52,24,[3 7],53,-1,204,-1,180
1,<environment.Job instance at 0x7f22784a96e0>,55,27,[ 3 13],56,-1,224,-1,197
1,<environment.Job instance at 0x7f22784a93c0>,57,2,[5 7],58,-1,204,-1,202
1,<environment.Job instance at 0x7f2278566d20>,58,17,[12  2],59,-1,219,-1,202
1,<environment.Job instance at 0x7f2278564e60>,1,27,[8 3],2,-1,29,-1,2
1,<environment.Job instance at 0x7f22783f2870>,3,19,[12  2],4,-1,23,-1,4
1,<environment.Job instance at 0x7f22783f2460>,14,15,[13  1],15,-1,72,-1,57
1,<environment.Job instance at 0x7f227926d870>,27,15,[11  5],28,-1,182,-1,167
1,<environment.Job instance at 0x7f227926d500>,28,12,[14  4],29,-1,179,-1,167
1,<environment.Job instance at 0x7f227926de10>,31,12,[ 4 14],32,-1,183,-1,171
1,<environment.Job instance at 0x7f227926d730>,32,16,[ 5 12],33,-1,187,-1,171
1,<environment.Job instance at 0x7f22792881e0>,38,25,[4 8],39,-1,264,-1,239
1,<environment.Job instance at 0x7f2279288e60>,39,3,[11  3],40,-1,242,-1,239
1,<environment.Job instance at 0x7f2279288af0>,40,15,[14  2],41,-1,254,-1,239
1,<environment.Job instance at 0x7f2279288fa0>,41,18,[11  1],42,-1,257,-1,239
1,<environment.Job instance at 0x7f2279288c30>,43,17,[12  1],44,-1,267,-1,250
1,<environment.Job instance at 0x7f22792887d0>,47,13,[ 4 11],48,-1,289,-1,276
1,<environment.Job instance at 0x7f22792885a0>,48,16,[14  3],49,-1,292,-1,276
1,<environment.Job instance at 0x7f2279288370>,49,19,[ 5 10],50,-1,374,-1,355
1,<environment.Job instance at 0x7f2279288230>,58,13,[ 5 11],59,-1,368,-1,355
1,<environment.Job instance at 0x7f22785a74b0>,4,27,[ 4 13],5,-1,32,-1,5
1,<environment.Job instance at 0x7f2278c5ab40>,6,27,[11  1],7,-1,34,-1,7
1,<environment.Job instance at 0x7f2278c6e460>,10,23,[1 8],11,-1,34,-1,11
1,<environment.Job instance at 0x7f2278c5c050>,11,27,[5 6],12,-1,39,-1,12
1,<environment.Job instance at 0x7f2278c5c8c0>,14,26,[ 2 13],15,-1,46,-1,20
1,<environment.Job instance at 0x7f2278c5c960>,15,28,[14  4],16,-1,48,-1,20
1,<environment.Job instance at 0x7f2278c5cc80>,16,1,[3 9],17,-1,21,-1,20
1,<environment.Job instance at 0x7f2278c5c820>,17,20,[ 4 11],18,-1,40,-1,20
1,<environment.Job instance at 0x7f2278c5c190>,20,27,[1 5],21,-1,69,-1,42
1,<environment.Job instance at 0x7f2278c5c6e0>,21,26,[5 3],22,-1,68,-1,42
1,<environment.Job instance at 0x7f2278c53d20>,23,18,[ 1 10],24,-1,63,-1,45
1,<environment.Job instance at 0x7f2278c53410>,24,15,[14  2],25,-1,60,-1,45
1,<environment.Job instance at 0x7f2278c5da00>,25,22,[3 7],26,-1,67,-1,45
1,<environment.Job instance at 0x7f2278c5dbe0>,26,21,[5 5],27,-1,71,-1,50
1,<environment.Job instance at 0x7f2278c53460>,27,14,[9 1],28,-1,64,-1,50
1,<environment.Job instance at 0x7f22788acb40>,29,28,[ 2 10],30,-1,82,-1,54
1,<environment.Job instance at 0x7f2278c53dc0>,30,2,[13  1],31,-1,56,-1,54
1,<environment.Job instance at 0x7f2278b370f0>,36,20,[11  2],37,-1,109,-1,89
1,<environment.Job instance at 0x7f22788bd5a0>,37,26,[2 8],38,-1,115,-1,89
1,<environment.Job instance at 0x7f2278b340f0>,39,20,[ 4 10],40,-1,121,-1,101
1,<environment.Job instance at 0x7f22788e8550>,41,2,[7 3],42,-1,106,-1,104
1,<environment.Job instance at 0x7f2278898500>,43,2,[5 7],44,-1,122,-1,120
1,<environment.Job instance at 0x7f22788988c0>,44,2,[8 1],45,-1,122,-1,120
1,<environment.Job instance at 0x7f22788b2eb0>,45,27,[9 5],46,-1,147,-1,120
1,<environment.Job instance at 0x7f22788b2b90>,47,14,[12  2],48,-1,134,-1,120
1,<environment.Job instance at 0x7f22788b2460>,48,2,[ 4 11],49,-1,122,-1,120
1,<environment.Job instance at 0x7f22788b2d20>,49,3,[9 4],50,-1,123,-1,120
1,<environment.Job instance at 0x7f227928b320>,50,2,[2 9],51,-1,122,-1,120
1,<environment.Job instance at 0x7f22788ec140>,53,27,[2 7],54,-1,159,-1,132
1,<environment.Job instance at 0x7f22788dd690>,55,27,[1 5],56,-1,172,-1,145
1,<environment.Job instance at 0x7f22788ce690>,57,15,[14  2],58,-1,160,-1,145
1,<environment.Job instance at 0x7f22788ce640>,58,2,[8 3],59,-1,147,-1,145
1,<environment.Job instance at 0x7f2278c6e370>,13,18,[ 1 11],14,-1,770,-1,752
1,<environment.Job instance at 0x7f2278c5a0a0>,2,17,[13  5],3,-1,20,-1,3
1,<environment.Job instance at 0x7f2278c3d960>,3,13,[ 5 14],4,-1,17,-1,4
1,<environment.Job instance at 0x7f22788ece60>,14,25,[5 6],15,-1,59,-1,34
1,<environment.Job instance at 0x7f22788ec640>,19,28,[11  2],20,-1,98,-1,70
1,<environment.Job instance at 0x7f2278b37d70>,23,27,[ 4 13],24,-1,133,-1,106
1,<environment.Job instance at 0x7f2278b37500>,24,28,[1 8],25,-1,134,-1,106
1,<environment.Job instance at 0x7f2278b37960>,26,12,[ 5 12],27,-1,118,-1,106
1,<environment.Job instance at 0x7f2278b37370>,27,28,[7 4],28,-1,134,-1,106
1,<environment.Job instance at 0x7f2278b37a50>,28,27,[4 6],29,-1,133,-1,106
1,<environment.Job instance at 0x7f2278b37c30>,32,27,[12  5],33,-1,166,-1,139
1,<environment.Job instance at 0x7f2278b37b40>,34,2,[5 5],35,-1,141,-1,139
1,<environment.Job instance at 0x7f2278b37be0>,35,3,[9 3],36,-1,142,-1,139
1,<environment.Job instance at 0x7f2278b37780>,36,3,[10  2],37,-1,142,-1,139
1,<environment.Job instance at 0x7f2278c38a00>,38,18,[12  2],39,-1,172,-1,154
1,<environment.Job instance at 0x7f2278c38cd0>,39,23,[5 8],40,-1,177,-1,154
1,<environment.Job instance at 0x7f2278b555a0>,42,21,[ 4 14],43,-1,192,-1,171
1,<environment.Job instance at 0x7f2278b55280>,45,13,[12  1],46,-1,204,-1,191
1,<environment.Job instance at 0x7f2278b55eb0>,46,12,[14  3],47,-1,203,-1,191
1,<environment.Job instance at 0x7f2278b55c30>,47,1,[ 4 11],48,-1,192,-1,191
1,<environment.Job instance at 0x7f2278b55910>,50,1,[ 4 10],51,-1,204,-1,203
1,<environment.Job instance at 0x7f2278b558c0>,51,25,[7 5],52,-1,228,-1,203
1,<environment.Job instance at 0x7f2278b55230>,54,25,[2 8],55,-1,233,-1,208
1,<environment.Job instance at 0x7f2278c40a00>,58,26,[8 3],59,-1,254,-1,228
1,<environment.Job instance at 0x7f2278c408c0>,57,28,[8 2],58,-1,698,-1,670
1,<environment.Job instance at 0x7f2278b37af0>,25,12,[13  4],26,-1,686,-1,674
1,<environment.Job instance at 0x7f2278b37af0>,2,21,[ 5 10],3,-1,25,-1,4
1,<environment.Job instance at 0x7f227873c140>,10,19,[ 2 11],11,-1,33,-1,14
1,<environment.Job instance at 0x7f227873c690>,15,26,[6 1],16,-1,61,-1,35
1,<environment.Job instance at 0x7f227873c5a0>,16,28,[5 9],17,-1,63,-1,35
1,<environment.Job instance at 0x7f227873c730>,17,24,[4 8],18,-1,59,-1,35
1,<environment.Job instance at 0x7f227873c870>,19,1,[10  5],20,-1,45,-1,44
1,<environment.Job instance at 0x7f227873c910>,20,2,[ 2 12],21,-1,46,-1,44
1,<environment.Job instance at 0x7f227873ca50>,22,24,[7 4],23,-1,68,-1,44
1,<environment.Job instance at 0x7f227873ccd0>,28,19,[12  4],29,-1,108,-1,89
1,<environment.Job instance at 0x7f227873cc30>,29,14,[ 5 12],30,-1,103,-1,89
1,<environment.Job instance at 0x7f227873cf00>,31,25,[8 3],32,-1,129,-1,104
1,<environment.Job instance at 0x7f2278745190>,32,16,[ 2 11],33,-1,120,-1,104
1,<environment.Job instance at 0x7f2278745280>,33,28,[ 3 11],34,-1,132,-1,104
1,<environment.Job instance at 0x7f2278745410>,35,24,[2 7],36,-1,149,-1,125
1,<environment.Job instance at 0x7f22787450a0>,36,16,[14  5],37,-1,141,-1,125
1,<environment.Job instance at 0x7f2278745370>,38,27,[14  3],39,-1,152,-1,125
1,<environment.Job instance at 0x7f22787455a0>,39,18,[ 1 14],40,-1,143,-1,125
1,<environment.Job instance at 0x7f22787456e0>,41,15,[11  2],42,-1,141,-1,126
1,<environment.Job instance at 0x7f2278745780>,42,13,[ 1 12],43,-1,139,-1,126
1,<environment.Job instance at 0x7f2278745b90>,45,16,[ 4 11],46,-1,154,-1,138
1,<environment.Job instance at 0x7f2278745be0>,46,17,[13  3],47,-1,155,-1,138
1,<environment.Job instance at 0x7f2278745c80>,47,22,[ 3 11],48,-1,160,-1,138
1,<environment.Job instance at 0x7f2278742140>,54,13,[ 3 14],55,-1,208,-1,195
1,<environment.Job instance at 0x7f22787421e0>,55,24,[ 4 14],56,-1,219,-1,195
1,<environment.Job instance at 0x7f2278742320>,57,24,[7 3],58,-1,226,-1,202
1,<environment.Job instance at 0x7f22787423c0>,58,27,[9 5],59,-1,229,-1,202
1,<environment.Job instance at 0x7f2279431640>,3,23,[12  5],4,-1,27,-1,4
1,<environment.Job instance at 0x7f2279431230>,4,13,[ 4 14],5,-1,18,-1,5
1,<environment.Job instance at 0x7f227862d640>,11,18,[ 2 13],12,-1,57,-1,39
1,<environment.Job instance at 0x7f227862d690>,16,17,[12  4],17,-1,106,-1,89
1,<environment.Job instance at 0x7f227862dc30>,17,25,[6 4],18,-1,114,-1,89
1,<environment.Job instance at 0x7f227862d2d0>,19,18,[14  5],20,-1,107,-1,89
1,<environment.Job instance at 0x7f227862da50>,21,24,[5 5],22,-1,116,-1,92
1,<environment.Job instance at 0x7f227862d370>,22,3,[8 5],23,-1,95,-1,92
1,<environment.Job instance at 0x7f227862dd70>,23,14,[ 2 11],24,-1,106,-1,92
1,<environment.Job instance at 0x7f227862db90>,24,1,[4 6],25,-1,93,-1,92
1,<environment.Job instance at 0x7f227862d190>,25,28,[ 5 10],26,-1,120,-1,92
1,<environment.Job instance at 0x7f227862d0f0>,27,13,[ 5 11],28,-1,117,-1,104
1,<environment.Job instance at 0x7f227862df50>,29,19,[ 4 14],30,-1,140,-1,121
1,<environment.Job instance at 0x7f22787a4780>,31,26,[ 3 12],32,-1,161,-1,135
1,<environment.Job instance at 0x7f22787a46e0>,32,14,[ 3 14],33,-1,149,-1,135
1,<environment.Job instance at 0x7f22787a4910>,34,2,[3 7],35,-1,155,-1,153
1,<environment.Job instance at 0x7f22787a49b0>,36,17,[ 5 14],37,-1,170,-1,153
1,<environment.Job instance at 0x7f22787a43c0>,38,2,[7 2],39,-1,155,-1,153
1,<environment.Job instance at 0x7f22787a4280>,39,2,[ 4 11],40,-1,155,-1,153
1,<environment.Job instance at 0x7f22785d36e0>,41,3,[2 8],42,-1,169,-1,166
1,<environment.Job instance at 0x7f22785d3d70>,43,12,[12  2],44,-1,178,-1,166
1,<environment.Job instance at 0x7f22785d33c0>,44,12,[14  2],45,-1,178,-1,166
1,<environment.Job instance at 0x7f22785d3780>,46,13,[14  5],47,-1,194,-1,181
1,<environment.Job instance at 0x7f22785d31e0>,47,25,[7 3],48,-1,206,-1,181
1,<environment.Job instance at 0x7f22785d3f00>,48,16,[ 1 14],49,-1,197,-1,181
1,<environment.Job instance at 0x7f22785d3e10>,50,12,[ 2 13],51,-1,193,-1,181
1,<environment.Job instance at 0x7f22785de3c0>,57,24,[10  3],58,-1,281,-1,257
1,<environment.Job instance at 0x7f22785dea50>,58,18,[11  2],59,-1,275,-1,257
1,<environment.Job instance at 0x7f2278ae8320>,2,12,[ 4 11],3,-1,15,-1,3
1,<environment.Job instance at 0x7f2278f97f00>,4,14,[ 1 13],5,-1,19,-1,5
1,<environment.Job instance at 0x7f2278f97960>,6,25,[5 3],7,-1,33,-1,8
1,<environment.Job instance at 0x7f2278e8ad70>,13,16,[1 9],14,-1,49,-1,33
1,<environment.Job instance at 0x7f2278e8aa50>,14,16,[7 2],15,-1,49,-1,33
1,<environment.Job instance at 0x7f2278e8a9b0>,15,28,[13  5],16,-1,61,-1,33
1,<environment.Job instance at 0x7f2278e8ac80>,16,23,[6 4],17,-1,56,-1,33
1,<environment.Job instance at 0x7f2278e8a640>,17,21,[3 8],18,-1,55,-1,34
1,<environment.Job instance at 0x7f2278e8a960>,18,15,[3 5],19,-1,49,-1,34
1,<environment.Job instance at 0x7f2278e8a140>,19,12,[5 5],20,-1,46,-1,34
1,<environment.Job instance at 0x7f2278e8aeb0>,21,25,[5 5],22,-1,74,-1,49
1,<environment.Job instance at 0x7f2278e8adc0>,22,26,[12  3],23,-1,75,-1,49
1,<environment.Job instance at 0x7f2278e8aaf0>,23,2,[14  4],24,-1,51,-1,49
1,<environment.Job instance at 0x7f2278e8abe0>,25,24,[ 5 13],26,-1,73,-1,49
1,<environment.Job instance at 0x7f2278e8ad20>,26,25,[7 5],27,-1,74,-1,49
1,<environment.Job instance at 0x7f2278e8aaa0>,30,19,[14  4],31,-1,101,-1,82
1,<environment.Job instance at 0x7f2278e8a1e0>,31,14,[14  2],32,-1,96,-1,82
1,<environment.Job instance at 0x7f2279234730>,37,14,[11  1],38,-1,130,-1,116
1,<environment.Job instance at 0x7f2279234dc0>,38,22,[ 3 11],39,-1,138,-1,116
1,<environment.Job instance at 0x7f2279234960>,39,16,[12  3],40,-1,132,-1,116
1,<environment.Job instance at 0x7f2279234550>,41,14,[14  1],42,-1,137,-1,123
1,<environment.Job instance at 0x7f2279234a50>,42,16,[12  4],43,-1,139,-1,123
1,<environment.Job instance at 0x7f22792341e0>,45,17,[ 4 13],46,-1,162,-1,145
1,<environment.Job instance at 0x7f2279234d20>,48,27,[13  4],49,-1,186,-1,159
1,<environment.Job instance at 0x7f2279234b40>,49,17,[13  4],50,-1,176,-1,159
1,<environment.Job instance at 0x7f2279234320>,50,13,[14  2],51,-1,172,-1,159
1,<environment.Job instance at 0x7f2278a7b460>,52,24,[10  1],53,-1,183,-1,159
1,<environment.Job instance at 0x7f2278a7bbe0>,57,12,[ 4 10],58,-1,193,-1,181
1,<environment.Job instance at 0x7f2278a7b370>,58,1,[11  3],59,-1,182,-1,181
1,<environment.Job instance at 0x7f227935e5a0>,13,22,[ 5 13],14,-1,69,-1,47
1,<environment.Job instance at 0x7f227935e550>,14,12,[3 9],15,-1,62,-1,50
1,<environment.Job instance at 0x7f227935e2d0>,17,14,[ 3 10],18,-1,90,-1,76
1,<environment.Job instance at 0x7f227935e960>,19,22,[ 4 12],20,-1,98,-1,76
1,<environment.Job instance at 0x7f227935e7d0>,22,27,[10  1],23,-1,117,-1,90
1,<environment.Job instance at 0x7f227935e230>,24,13,[ 5 11],25,-1,112,-1,99
1,<environment.Job instance at 0x7f227859e730>,25,27,[12  2],26,-1,126,-1,99
1,<environment.Job instance at 0x7f227859e280>,26,13,[10  1],27,-1,112,-1,99
1,<environment.Job instance at 0x7f227859efa0>,27,18,[5 1],28,-1,117,-1,99
1,<environment.Job instance at 0x7f227859e6e0>,28,24,[1 9],29,-1,123,-1,99
1,<environment.Job instance at 0x7f227859e960>,30,12,[9 3],31,-1,120,-1,108
1,<environment.Job instance at 0x7f227859e910>,31,27,[ 1 14],32,-1,135,-1,108
1,<environment.Job instance at 0x7f227859ec30>,32,12,[12  1],33,-1,120,-1,108
1,<environment.Job instance at 0x7f227859ef50>,33,2,[3 7],34,-1,110,-1,108
1,<environment.Job instance at 0x7f227859e640>,35,23,[3 6],36,-1,142,-1,119
1,<environment.Job instance at 0x7f227859e0a0>,37,27,[7 1],38,-1,151,-1,124
1,<environment.Job instance at 0x7f22792e35f0>,38,26,[ 3 10],39,-1,150,-1,124
1,<environment.Job instance at 0x7f22792e3cd0>,39,15,[ 3 10],40,-1,152,-1,137
1,<environment.Job instance at 0x7f22792e38c0>,40,2,[10  3],41,-1,139,-1,137
1,<environment.Job instance at 0x7f22792e3aa0>,42,14,[14  2],43,-1,151,-1,137
1,<environment.Job instance at 0x7f22792e3b90>,43,26,[7 3],44,-1,163,-1,137
1,<environment.Job instance at 0x7f22792e3910>,44,24,[8 2],45,-1,161,-1,137
1,<environment.Job instance at 0x7f22792e3460>,46,12,[11  1],47,-1,152,-1,140
1,<environment.Job instance at 0x7f22792e3230>,47,17,[11  3],48,-1,157,-1,140
1,<environment.Job instance at 0x7f22792e3f50>,48,16,[12  1],49,-1,156,-1,140
1,<environment.Job instance at 0x7f227923bdc0>,49,15,[ 4 13],50,-1,155,-1,140
1,<environment.Job instance at 0x7f227923b3c0>,50,28,[13  1],51,-1,168,-1,140
1,<environment.Job instance at 0x7f227923b690>,51,24,[4 7],52,-1,164,-1,140
1,<environment.Job instance at 0x7f227923b5f0>,53,26,[7 3],54,-1,166,-1,140
1,<environment.Job instance at 0x7f22782e8f00>,8,25,[5 8],9,-1,39,-1,14
1,<environment.Job instance at 0x7f22798004b0>,10,16,[ 1 13],11,-1,47,-1,31
1,<environment.Job instance at 0x7f2279800b40>,11,28,[2 7],12,-1,59,-1,31
1,<environment.Job instance at 0x7f2279800dc0>,13,25,[3 9],14,-1,58,-1,33
1,<environment.Job instance at 0x7f2279800320>,16,23,[2 8],17,-1,72,-1,49
1,<environment.Job instance at 0x7f22797a5690>,19,27,[5 7],20,-1,76,-1,49
1,<environment.Job instance at 0x7f22797a5dc0>,20,15,[14  1],21,-1,64,-1,49
1,<environment.Job instance at 0x7f22797a50a0>,21,24,[13  2],22,-1,73,-1,49
1,<environment.Job instance at 0x7f2278455690>,28,14,[ 4 13],29,-1,109,-1,95
1,<environment.Job instance at 0x7f2278f0d7d0>,31,28,[9 2],32,-1,124,-1,96
1,<environment.Job instance at 0x7f2279452be0>,32,15,[12  2],33,-1,111,-1,96
1,<environment.Job instance at 0x7f2279654640>,33,2,[10  2],34,-1,98,-1,96
1,<environment.Job instance at 0x7f2281f8afa0>,35,13,[12  4],36,-1,113,-1,100
1,<environment.Job instance at 0x7f22792340a0>,38,26,[11  5],39,-1,138,-1,112
1,<environment.Job instance at 0x7f2281fcef00>,39,28,[4 9],40,-1,140,-1,112
1,<environment.Job instance at 0x7f2281fcefa0>,41,1,[1 5],42,-1,113,-1,112
1,<environment.Job instance at 0x7f2278a942d0>,46,14,[14  5],47,-1,168,-1,154
1,<environment.Job instance at 0x7f2278569e60>,48,18,[ 4 11],49,-1,188,-1,170
1,<environment.Job instance at 0x7f2278569e10>,49,18,[ 3 12],50,-1,188,-1,170
1,<environment.Job instance at 0x7f2278569d20>,51,24,[13  4],52,-1,194,-1,170
1,<environment.Job instance at 0x7f2278569fa0>,52,19,[ 2 13],53,-1,189,-1,170
1,<environment.Job instance at 0x7f2278569500>,55,24,[12  4],56,-1,208,-1,184
1,<environment.Job instance at 0x7f2278dfce60>,3,17,[12  2],4,-1,21,-1,4
1,<environment.Job instance at 0x7f2278dfcbe0>,5,26,[9 4],6,-1,32,-1,6
1,<environment.Job instance at 0x7f2278eb19b0>,6,21,[12  2],7,-1,28,-1,7
1,<environment.Job instance at 0x7f2278eb1d20>,7,25,[6 2],8,-1,33,-1,8
1,<environment.Job instance at 0x7f2278dfcd20>,12,14,[ 5 13],13,-1,27,-1,13
1,<environment.Job instance at 0x7f2278c82e10>,33,2,[3 6],34,-1,181,-1,179
1,<environment.Job instance at 0x7f2281f80b40>,36,16,[ 4 10],37,-1,246,-1,230
1,<environment.Job instance at 0x7f227ba42690>,41,1,[5 9],42,-1,247,-1,246
1,<environment.Job instance at 0x7f227ba420a0>,43,1,[ 2 11],44,-1,263,-1,262
1,<environment.Job instance at 0x7f2278ae8c80>,44,26,[6 3],45,-1,288,-1,262
1,<environment.Job instance at 0x7f22794c87d0>,49,2,[ 2 13],50,-1,300,-1,298
1,<environment.Job instance at 0x7f22794c8f50>,50,15,[ 2 12],51,-1,313,-1,298
1,<environment.Job instance at 0x7f22823f1370>,51,12,[10  1],52,-1,310,-1,298
1,<environment.Job instance at 0x7f227878ea00>,54,18,[ 3 13],55,-1,331,-1,313
1,<environment.Job instance at 0x7f2278f13af0>,55,18,[14  1],56,-1,331,-1,313
1,<environment.Job instance at 0x7f22823f12d0>,56,24,[14  1],57,-1,337,-1,313
1,<environment.Job instance at 0x7f2278645370>,58,25,[9 2],59,-1,339,-1,314
1,<environment.Job instance at 0x7f2278dfc0f0>,4,20,[ 3 12],5,-1,25,-1,5
1,<environment.Job instance at 0x7f2278c94640>,9,19,[13  1],10,-1,29,-1,10
1,<environment.Job instance at 0x7f2278c94c80>,11,28,[4 5],12,-1,42,-1,14
1,<environment.Job instance at 0x7f2278c94820>,13,17,[13  5],14,-1,37,-1,20
1,<environment.Job instance at 0x7f2278c94730>,14,26,[12  1],15,-1,46,-1,20
1,<environment.Job instance at 0x7f2278c943c0>,19,26,[7 1],20,-1,60,-1,34
1,<environment.Job instance at 0x7f227806b1e0>,20,22,[8 3],21,-1,67,-1,45
1,<environment.Job instance at 0x7f227806b7d0>,25,18,[14  5],26,-1,84,-1,66
1,<environment.Job instance at 0x7f227806b460>,26,27,[9 5],27,-1,93,-1,66
1,<environment.Job instance at 0x7f227806b910>,27,14,[ 3 12],28,-1,80,-1,66
1,<environment.Job instance at 0x7f227806ba50>,29,23,[5 9],30,-1,89,-1,66
1,<environment.Job instance at 0x7f227806b0f0>,30,16,[ 5 13],31,-1,82,-1,66
1,<environment.Job instance at 0x7f227806b6e0>,31,22,[ 2 14],32,-1,88,-1,66
1,<environment.Job instance at 0x7f227806beb0>,33,1,[6 2],34,-1,83,-1,82
1,<environment.Job instance at 0x7f227806be10>,34,24,[12  4],35,-1,106,-1,82
1,<environment.Job instance at 0x7f2278c962d0>,40,14,[10  1],41,-1,124,-1,110
1,<environment.Job instance at 0x7f227906b910>,42,25,[10  1],43,-1,150,-1,125
1,<environment.Job instance at 0x7f227982be10>,43,13,[ 5 11],44,-1,138,-1,125
1,<environment.Job instance at 0x7f227906b690>,44,12,[ 3 14],45,-1,137,-1,125
1,<environment.Job instance at 0x7f2279199280>,46,13,[ 2 13],47,-1,138,-1,125
1,<environment.Job instance at 0x7f2278974230>,47,14,[13  2],48,-1,139,-1,125
1,<environment.Job instance at 0x7f2278f47dc0>,48,18,[11  2],49,-1,143,-1,125
1,<environment.Job instance at 0x7f22786f8500>,49,25,[ 1 10],50,-1,150,-1,125
1,<environment.Job instance at 0x7f2278f47a00>,50,13,[ 2 12],51,-1,138,-1,125
1,<environment.Job instance at 0x7f2278f47230>,51,3,[5 7],52,-1,128,-1,125
1,<environment.Job instance at 0x7f2278f47c30>,56,16,[ 2 13],57,-1,173,-1,157
1,<environment.Job instance at 0x7f227806b0a0>,23,18,[ 2 12],24,-1,656,-1,638
1,<environment.Job instance at 0x7f2278c5a140>,4,26,[ 4 14],5,-1,31,-1,5
1,<environment.Job instance at 0x7f22825c6960>,9,25,[5 4],10,-1,35,-1,10
1,<environment.Job instance at 0x7f227865d820>,13,13,[13  3],14,-1,45,-1,32
1,<environment.Job instance at 0x7f227865de10>,14,25,[ 5 14],15,-1,57,-1,32
1,<environment.Job instance at 0x7f227865d7d0>,15,27,[5 5],16,-1,59,-1,32
1,<environment.Job instance at 0x7f22786c14b0>,16,17,[ 5 13],17,-1,49,-1,32
1,<environment.Job instance at 0x7f227865dd20>,18,17,[ 4 11],19,-1,49,-1,32
1,<environment.Job instance at 0x7f227ba51780>,19,14,[14  5],20,-1,46,-1,32
1,<environment.Job instance at 0x7f227ba51a00>,20,27,[8 5],21,-1,59,-1,32
1,<environment.Job instance at 0x7f227ba5f8c0>,21,23,[12  4],22,-1,55,-1,32
1,<environment.Job instance at 0x7f227ba51cd0>,24,3,[ 1 13],25,-1,53,-1,50
1,<environment.Job instance at 0x7f227835d0a0>,26,14,[ 1 12],27,-1,64,-1,50
1,<environment.Job instance at 0x7f227ba51af0>,27,15,[ 4 14],28,-1,65,-1,50
1,<environment.Job instance at 0x7f227917fbe0>,34,27,[3 8],35,-1,152,-1,125
1,<environment.Job instance at 0x7f227ba52d20>,35,2,[1 8],36,-1,127,-1,125
1,<environment.Job instance at 0x7f2278ddea50>,38,22,[7 5],39,-1,164,-1,142
1,<environment.Job instance at 0x7f2278dde320>,42,27,[10  4],43,-1,200,-1,173
1,<environment.Job instance at 0x7f22790901e0>,46,15,[11  1],47,-1,206,-1,191
1,<environment.Job instance at 0x7f22790905a0>,47,14,[ 3 13],48,-1,205,-1,191
1,<environment.Job instance at 0x7f22796ca140>,49,21,[ 4 14],50,-1,228,-1,207
1,<environment.Job instance at 0x7f22796cac80>,53,18,[ 2 11],54,-1,239,-1,221
1,<environment.Job instance at 0x7f2279989190>,6,26,[8 5],7,-1,34,-1,8
1,<environment.Job instance at 0x7f2279989280>,8,18,[13  1],9,-1,27,-1,9
1,<environment.Job instance at 0x7f2279989730>,14,16,[ 2 13],15,-1,37,-1,21
1,<environment.Job instance at 0x7f2279989910>,17,3,[ 4 10],18,-1,52,-1,49
1,<environment.Job instance at 0x7f2279989a50>,18,26,[3 6],19,-1,75,-1,49
1,<environment.Job instance at 0x7f2279989cd0>,21,17,[ 4 12],22,-1,82,-1,65
1,<environment.Job instance at 0x7f2279978d20>,46,26,[3 6],47,-1,292,-1,266
1,<environment.Job instance at 0x7f2279978050>,49,23,[4 9],50,-1,290,-1,267
1,<environment.Job instance at 0x7f2279978640>,50,24,[5 2],51,-1,291,-1,267
1,<environment.Job instance at 0x7f227996ad20>,52,17,[ 1 14],53,-1,291,-1,274
1,<environment.Job instance at 0x7f227996a690>,53,25,[2 9],54,-1,299,-1,274
1,<environment.Job instance at 0x7f22799891e0>,2,21,[ 3 13],3,-1,24,-1,3
1,<environment.Job instance at 0x7f2278d291e0>,5,13,[14  2],6,-1,19,-1,6
1,<environment.Job instance at 0x7f2278d29870>,6,16,[ 4 14],7,-1,23,-1,7
1,<environment.Job instance at 0x7f2278d29780>,8,14,[13  3],9,-1,23,-1,9
1,<environment.Job instance at 0x7f2278d00500>,9,2,[3 9],10,-1,13,-1,11
1,<environment.Job instance at 0x7f2278d00a50>,11,17,[ 3 11],12,-1,29,-1,12
1,<environment.Job instance at 0x7f2278d00280>,16,27,[8 5],17,-1,44,-1,17
1,<environment.Job instance at 0x7f2278d00140>,18,26,[10  5],19,-1,45,-1,19
1,<environment.Job instance at 0x7f2278d005f0>,21,14,[14  4],22,-1,45,-1,31
1,<environment.Job instance at 0x7f2278d007d0>,24,20,[ 2 11],25,-1,68,-1,48
1,<environment.Job instance at 0x7f2278d00640>,25,3,[ 4 11],26,-1,51,-1,48
1,<environment.Job instance at 0x7f2278d00f50>,26,16,[13  3],27,-1,64,-1,48
1,<environment.Job instance at 0x7f2278d00370>,27,26,[10  5],28,-1,74,-1,48
1,<environment.Job instance at 0x7f2278d00eb0>,28,13,[8 3],29,-1,68,-1,55
1,<environment.Job instance at 0x7f22789caaf0>,29,13,[ 2 12],30,-1,68,-1,55
1,<environment.Job instance at 0x7f22789ca500>,30,13,[1 9],31,-1,68,-1,55
1,<environment.Job instance at 0x7f22789caa00>,31,17,[11  4],32,-1,72,-1,55
1,<environment.Job instance at 0x7f22789ca780>,32,24,[4 6],33,-1,79,-1,55
1,<environment.Job instance at 0x7f22789ca190>,33,15,[ 2 13],34,-1,70,-1,55
1,<environment.Job instance at 0x7f22789cabe0>,34,18,[11  2],35,-1,73,-1,55
1,<environment.Job instance at 0x7f22789ca730>,35,14,[10  1],36,-1,69,-1,55
1,<environment.Job instance at 0x7f22789ca690>,36,12,[9 5],37,-1,68,-1,56
1,<environment.Job instance at 0x7f22789cab90>,37,18,[14  1],38,-1,74,-1,56
1,<environment.Job instance at 0x7f22789ca870>,38,23,[ 1 11],39,-1,79,-1,56
1,<environment.Job instance at 0x7f22789ca4b0>,39,12,[ 3 12],40,-1,68,-1,56
1,<environment.Job instance at 0x7f22789ca140>,43,13,[ 3 11],44,-1,85,-1,72
1,<environment.Job instance at 0x7f22789caa50>,44,12,[7 2],45,-1,86,-1,74
1,<environment.Job instance at 0x7f2278d0e4b0>,46,15,[11  2],47,-1,99,-1,84
1,<environment.Job instance at 0x7f2278d0ee10>,47,12,[7 2],48,-1,97,-1,85
1,<environment.Job instance at 0x7f2278d0e050>,48,25,[7 2],49,-1,110,-1,85
1,<environment.Job instance at 0x7f2278d0ebe0>,50,12,[ 3 12],51,-1,98,-1,86
1,<environment.Job instance at 0x7f2278d0e780>,51,15,[11  5],52,-1,101,-1,86
1,<environment.Job instance at 0x7f2278d0e3c0>,52,19,[2 5],53,-1,105,-1,86
1,<environment.Job instance at 0x7f2278d0e690>,53,16,[13  2],54,-1,102,-1,86
1,<environment.Job instance at 0x7f2278d0ea50>,54,12,[7 1],55,-1,98,-1,86
1,<environment.Job instance at 0x7f2278d0e5a0>,55,19,[12  5],56,-1,105,-1,86
1,<environment.Job instance at 0x7f22789b2f00>,2,27,[7 5],3,-1,30,-1,3
1,<environment.Job instance at 0x7f22789b2690>,4,25,[8 2],5,-1,30,-1,5
1,<environment.Job instance at 0x7f22789b20a0>,6,14,[ 2 12],7,-1,21,-1,7
1,<environment.Job instance at 0x7f2278550aa0>,14,28,[ 3 10],15,-1,44,-1,16
1,<environment.Job instance at 0x7f2278550be0>,15,25,[9 5],16,-1,41,-1,16
1,<environment.Job instance at 0x7f227ba5fdc0>,28,17,[ 3 13],29,-1,132,-1,115
1,<environment.Job instance at 0x7f227ba5f4b0>,29,14,[14  2],30,-1,129,-1,115
1,<environment.Job instance at 0x7f227ba5f1e0>,32,2,[ 5 11],33,-1,123,-1,121
1,<environment.Job instance at 0x7f2278f0fdc0>,43,22,[14  2],44,-1,221,-1,199
1,<environment.Job instance at 0x7f2278bf60a0>,49,27,[5 4],50,-1,261,-1,234
1,<environment.Job instance at 0x7f2278bf6550>,50,28,[7 5],51,-1,262,-1,234
1,<environment.Job instance at 0x7f2278bf6be0>,52,28,[14  2],53,-1,274,-1,246
1,<environment.Job instance at 0x7f2278bf6910>,54,13,[ 5 10],55,-1,259,-1,246
1,<environment.Job instance at 0x7f2278bf6960>,55,22,[ 5 14],56,-1,268,-1,246
1,<environment.Job instance at 0x7f2278bf6b40>,56,26,[8 5],57,-1,272,-1,246
1,<environment.Job instance at 0x7f2278f0f230>,42,18,[ 5 14],43,-1,8339,-1,8321
1,<environment.Job instance at 0x7f2278983fa0>,4,22,[13  3],5,-1,27,-1,5
1,<environment.Job instance at 0x7f22789830f0>,5,26,[14  2],6,-1,32,-1,6
1,<environment.Job instance at 0x7f2278983960>,6,20,[ 4 12],7,-1,27,-1,7
1,<environment.Job instance at 0x7f2278983910>,7,13,[ 4 12],8,-1,21,-1,8
1,<environment.Job instance at 0x7f2278983b40>,10,16,[ 5 12],11,-1,27,-1,11
1,<environment.Job instance at 0x7f227860d550>,11,22,[13  5],12,-1,34,-1,12
1,<environment.Job instance at 0x7f227860daa0>,12,27,[5 3],13,-1,41,-1,14
1,<environment.Job instance at 0x7f2278973960>,16,18,[12  1],17,-1,37,-1,19
1,<environment.Job instance at 0x7f2278137910>,17,15,[4 7],18,-1,42,-1,27
1,<environment.Job instance at 0x7f22789739b0>,19,17,[ 5 13],20,-1,44,-1,27
1,<environment.Job instance at 0x7f2279107640>,20,18,[12  5],21,-1,45,-1,27
1,<environment.Job instance at 0x7f22791077d0>,21,14,[4 6],22,-1,41,-1,27
1,<environment.Job instance at 0x7f22790e5230>,22,27,[5 1],23,-1,54,-1,27
1,<environment.Job instance at 0x7f22790e58c0>,23,15,[5 5],24,-1,46,-1,31
1,<environment.Job instance at 0x7f227898b910>,25,17,[ 5 12],26,-1,48,-1,31
1,<environment.Job instance at 0x7f227898ba50>,26,3,[3 6],27,-1,34,-1,31
1,<environment.Job instance at 0x7f227898bb90>,27,24,[7 4],28,-1,55,-1,31
1,<environment.Job instance at 0x7f227898b730>,28,19,[6 3],29,-1,50,-1,31
1,<environment.Job instance at 0x7f227860d690>,15,24,[5 4],16,-1,55,-1,31
1,<environment.Job instance at 0x7f227898be10>,30,12,[12  3],31,-1,43,-1,31
1,<environment.Job instance at 0x7f22789735a0>,18,13,[ 5 14],19,-1,44,-1,31
1,<environment.Job instance at 0x7f227898bd70>,29,1,[3 6],30,-1,32,-1,31
1,<environment.Job instance at 0x7f2278170c30>,38,25,[4 7],39,-1,98,-1,73
1,<environment.Job instance at 0x7f22790fd0f0>,40,12,[13  5],41,-1,103,-1,91
1,<environment.Job instance at 0x7f22790fd1e0>,41,22,[14  4],42,-1,113,-1,91
1,<environment.Job instance at 0x7f2278fcb190>,42,27,[5 3],43,-1,118,-1,91
1,<environment.Job instance at 0x7f2278151d70>,46,26,[3 7],47,-1,130,-1,104
1,<environment.Job instance at 0x7f22784c49b0>,48,15,[11  4],49,-1,128,-1,113
1,<environment.Job instance at 0x7f2278fe3b40>,49,18,[ 3 11],50,-1,131,-1,113
1,<environment.Job instance at 0x7f22789785f0>,50,23,[9 1],51,-1,142,-1,119
1,<environment.Job instance at 0x7f22781417d0>,52,23,[11  3],53,-1,148,-1,125
1,<environment.Job instance at 0x7f2278141b90>,54,1,[1 5],55,-1,130,-1,129
1,<environment.Job instance at 0x7f2278141be0>,56,27,[7 3],57,-1,165,-1,138
1,<environment.Job instance at 0x7f2278141960>,57,28,[13  1],58,-1,166,-1,138
1,<environment.Job instance at 0x7f2278141dc0>,58,25,[3 8],59,-1,163,-1,138
1,<environment.Job instance at 0x7f227860d050>,2,24,[7 5],3,-1,27,-1,3
1,<environment.Job instance at 0x7f2278fdffa0>,3,22,[11  1],4,-1,26,-1,4
1,<environment.Job instance at 0x7f2278fdfd20>,4,14,[ 2 13],5,-1,19,-1,5
1,<environment.Job instance at 0x7f22788f21e0>,6,28,[4 9],7,-1,35,-1,7
1,<environment.Job instance at 0x7f22788f25a0>,7,28,[ 5 11],8,-1,36,-1,8
1,<environment.Job instance at 0x7f22788f2910>,10,18,[13  5],11,-1,29,-1,11
1,<environment.Job instance at 0x7f227860d140>,12,2,[5 9],13,-1,16,-1,14
1,<environment.Job instance at 0x7f22788f29b0>,14,14,[11  2],15,-1,29,-1,15
1,<environment.Job instance at 0x7f22788f2690>,15,15,[12  2],16,-1,31,-1,16
1,<environment.Job instance at 0x7f22788f2eb0>,16,2,[4 9],17,-1,19,-1,17
1,<environment.Job instance at 0x7f22788f2fa0>,17,19,[14  2],18,-1,37,-1,18
1,<environment.Job instance at 0x7f22788f2d20>,18,20,[ 5 12],19,-1,39,-1,19
1,<environment.Job instance at 0x7f22788deaa0>,39,15,[ 5 14],40,-1,143,-1,128
1,<environment.Job instance at 0x7f22788deaf0>,40,2,[4 7],41,-1,130,-1,128
1,<environment.Job instance at 0x7f22788de960>,41,12,[11  5],42,-1,140,-1,128
1,<environment.Job instance at 0x7f22788dea50>,42,28,[8 5],43,-1,156,-1,128
1,<environment.Job instance at 0x7f2278fcb370>,45,28,[7 3],46,-1,164,-1,136
1,<environment.Job instance at 0x7f22788deb90>,38,20,[ 4 11],39,-1,156,-1,136
1,<environment.Job instance at 0x7f2278fcb410>,48,25,[ 3 10],49,-1,179,-1,154
1,<environment.Job instance at 0x7f2278fcb8c0>,52,20,[ 4 13],53,-1,197,-1,177
1,<environment.Job instance at 0x7f2278fcbc80>,56,23,[9 2],57,-1,232,-1,209
1,<environment.Job instance at 0x7f2278f76a00>,7,22,[12  2],8,-1,30,-1,8
1,<environment.Job instance at 0x7f2278f769b0>,8,27,[7 4],9,-1,36,-1,9
1,<environment.Job instance at 0x7f2278f76aa0>,13,12,[11  4],14,-1,37,-1,25
1,<environment.Job instance at 0x7f2278f76cd0>,14,26,[8 3],15,-1,51,-1,25
1,<environment.Job instance at 0x7f2278f76e10>,16,2,[6 1],17,-1,27,-1,25
1,<environment.Job instance at 0x7f2278f76f50>,18,18,[14  4],19,-1,48,-1,30
1,<environment.Job instance at 0x7f2278128230>,22,24,[4 7],23,-1,79,-1,55
1,<environment.Job instance at 0x7f2278128370>,24,3,[6 4],25,-1,67,-1,64
1,<environment.Job instance at 0x7f22781284b0>,25,2,[12  1],26,-1,66,-1,64
1,<environment.Job instance at 0x7f22781285a0>,27,23,[ 4 12],28,-1,94,-1,71
1,<environment.Job instance at 0x7f2278128730>,28,26,[ 4 14],29,-1,97,-1,71
1,<environment.Job instance at 0x7f22781287d0>,29,15,[ 1 14],30,-1,86,-1,71
1,<environment.Job instance at 0x7f2278128910>,30,14,[11  2],31,-1,85,-1,71
1,<environment.Job instance at 0x7f2278128550>,31,13,[13  4],32,-1,84,-1,71
1,<environment.Job instance at 0x7f22781288c0>,33,27,[ 4 13],34,-1,109,-1,82
1,<environment.Job instance at 0x7f2278128aa0>,34,23,[ 4 10],35,-1,105,-1,82
1,<environment.Job instance at 0x7f2278128b40>,35,15,[ 4 12],36,-1,97,-1,82
1,<environment.Job instance at 0x7f2278128c80>,37,16,[ 5 11],38,-1,113,-1,97
1,<environment.Job instance at 0x7f2278128d20>,38,28,[7 3],39,-1,125,-1,97
1,<environment.Job instance at 0x7f2278128dc0>,39,27,[3 8],40,-1,124,-1,97
1,<environment.Job instance at 0x7f2278128e60>,40,23,[5 9],41,-1,120,-1,97
1,<environment.Job instance at 0x7f2278120230>,43,20,[ 1 10],44,-1,119,-1,99
1,<environment.Job instance at 0x7f2278120370>,45,13,[11  4],46,-1,127,-1,114
1,<environment.Job instance at 0x7f2278120410>,46,12,[11  5],47,-1,126,-1,114
1,<environment.Job instance at 0x7f22781205a0>,49,1,[ 4 12],50,-1,117,-1,116
1,<environment.Job instance at 0x7f2278120730>,50,3,[ 4 14],51,-1,119,-1,116
1,<environment.Job instance at 0x7f22781207d0>,51,15,[14  3],52,-1,131,-1,116
1,<environment.Job instance at 0x7f2278120b40>,57,21,[ 1 11],58,-1,183,-1,162
1,<environment.Job instance at 0x7f2278120be0>,58,1,[ 2 14],59,-1,163,-1,162
1,<environment.Job instance at 0x7fef90724eb0>,8,15,[ 4 13],9,-1,29,-1,14
1,<environment.Job instance at 0x7fef90724c30>,10,12,[2 8],11,-1,32,-1,20
1,<environment.Job instance at 0x7fef90727370>,14,21,[8 1],15,-1,65,-1,44
1,<environment.Job instance at 0x7fef90727410>,15,15,[12  2],16,-1,59,-1,44
1,<environment.Job instance at 0x7fef90727320>,16,28,[5 1],17,-1,72,-1,44
1,<environment.Job instance at 0x7fef90727500>,17,12,[6 4],18,-1,56,-1,44
1,<environment.Job instance at 0x7fef90727640>,18,18,[13  1],19,-1,62,-1,44
1,<environment.Job instance at 0x7fef907275f0>,19,23,[8 4],20,-1,67,-1,44
1,<environment.Job instance at 0x7fef907277d0>,20,17,[ 2 14],21,-1,61,-1,44
1,<environment.Job instance at 0x7fef90727140>,21,14,[ 4 11],22,-1,58,-1,44
1,<environment.Job instance at 0x7fef90727870>,23,16,[12  2],24,-1,60,-1,44
1,<environment.Job instance at 0x7fef90727910>,24,2,[4 6],25,-1,46,-1,44
1,<environment.Job instance at 0x7fef907279b0>,25,2,[5 7],26,-1,46,-1,44
1,<environment.Job instance at 0x7fef90727b40>,26,12,[8 5],27,-1,56,-1,44
1,<environment.Job instance at 0x7fef90727c30>,27,17,[4 6],28,-1,61,-1,44
1,<environment.Job instance at 0x7fef90727d20>,28,17,[ 1 13],29,-1,61,-1,44
1,<environment.Job instance at 0x7fef90727e10>,29,24,[4 7],30,-1,68,-1,44
1,<environment.Job instance at 0x7fef90727e60>,30,26,[9 4],31,-1,70,-1,44
1,<environment.Job instance at 0x7fef90727f00>,31,15,[9 2],32,-1,59,-1,44
1,<environment.Job instance at 0x7fef90727fa0>,32,12,[12  3],33,-1,56,-1,44
1,<environment.Job instance at 0x7fef90727be0>,33,21,[12  3],34,-1,65,-1,44
1,<environment.Job instance at 0x7fef90727dc0>,34,12,[3 6],35,-1,56,-1,44
1,<environment.Job instance at 0x7fef9072a280>,36,25,[12  3],37,-1,82,-1,57
1,<environment.Job instance at 0x7fef9072a3c0>,38,24,[13  2],39,-1,85,-1,61
1,<environment.Job instance at 0x7fef9072a500>,40,26,[ 1 14],41,-1,105,-1,79
1,<environment.Job instance at 0x7fef9072a5a0>,41,12,[8 3],42,-1,91,-1,79
1,<environment.Job instance at 0x7fef9072a640>,42,12,[ 5 12],43,-1,91,-1,79
1,<environment.Job instance at 0x7fef9072a6e0>,43,16,[1 8],44,-1,95,-1,79
1,<environment.Job instance at 0x7fef9072a190>,44,12,[9 3],45,-1,91,-1,79
1,<environment.Job instance at 0x7fef9072a910>,45,12,[ 3 14],46,-1,91,-1,79
1,<environment.Job instance at 0x7fef9072aa00>,47,14,[12  2],48,-1,93,-1,79
1,<environment.Job instance at 0x7fef9072aaa0>,48,14,[ 1 11],49,-1,93,-1,79
1,<environment.Job instance at 0x7fef9072ab40>,49,13,[1 5],50,-1,92,-1,79
1,<environment.Job instance at 0x7fef9072abe0>,50,13,[ 4 12],51,-1,92,-1,79
1,<environment.Job instance at 0x7fef9072adc0>,53,12,[ 3 14],54,-1,112,-1,100
1,<environment.Job instance at 0x7fef9072ae60>,54,3,[ 3 13],55,-1,103,-1,100
1,<environment.Job instance at 0x7fef9072afa0>,56,2,[4 7],57,-1,102,-1,100
1,<environment.Job instance at 0x7fef9072d190>,57,17,[ 2 14],58,-1,117,-1,100
1,<environment.Job instance at 0x7fef9072a7d0>,58,28,[10  3],59,-1,128,-1,100
1,<environment.Job instance at 0x7fef9072d230>,59,21,[9 1],60,-1,122,-1,101
1,<environment.Job instance at 0x7fef9072d2d0>,60,14,[ 2 10],61,-1,115,-1,101
1,<environment.Job instance at 0x7fef9072d500>,61,2,[ 1 12],62,-1,103,-1,101
1,<environment.Job instance at 0x7fef9072d3c0>,62,2,[5 9],63,-1,103,-1,101
1,<environment.Job instance at 0x7fef9072d780>,66,28,[3 6],67,-1,155,-1,127
1,<environment.Job instance at 0x7fef9072d820>,67,16,[1 9],68,-1,148,-1,132
1,<environment.Job instance at 0x7fef90724c80>,7,26,[9 3],8,-1,365,-1,339
1,<environment.Job instance at 0x7fef90724e60>,9,23,[13  1],10,-1,628,-1,605
1,<environment.Job instance at 0x7fef8fe67c30>,5,28,[ 2 10],6,-1,34,-1,6
1,<environment.Job instance at 0x7fef90165b90>,19,17,[ 5 14],20,-1,98,-1,81
1,<environment.Job instance at 0x7fef8ff4a1e0>,24,21,[14  5],25,-1,125,-1,104
1,<environment.Job instance at 0x7fef90091af0>,29,2,[13  5],30,-1,137,-1,135
1,<environment.Job instance at 0x7fef8ff48fa0>,30,28,[5 9],31,-1,163,-1,135
1,<environment.Job instance at 0x7fef8ff482d0>,31,15,[ 2 13],32,-1,150,-1,135
1,<environment.Job instance at 0x7fef8ff48960>,32,13,[11  4],33,-1,148,-1,135
1,<environment.Job instance at 0x7fef8ff487d0>,34,1,[ 1 10],35,-1,152,-1,151
1,<environment.Job instance at 0x7fef8ff48550>,36,22,[ 4 14],37,-1,173,-1,151
1,<environment.Job instance at 0x7fef8ff77d20>,39,27,[ 3 11],40,-1,192,-1,165
1,<environment.Job instance at 0x7fef8ffa75f0>,41,17,[12  4],42,-1,182,-1,165
1,<environment.Job instance at 0x7fef8fce35a0>,49,12,[13  1],50,-1,243,-1,231
1,<environment.Job instance at 0x7fef8fce8d20>,50,24,[8 1],51,-1,255,-1,231
1,<environment.Job instance at 0x7fef8fce8870>,51,2,[ 5 14],52,-1,233,-1,231
1,<environment.Job instance at 0x7fef8fce80f0>,52,25,[1 8],53,-1,269,-1,244
1,<environment.Job instance at 0x7fef8fd3c1e0>,61,13,[ 3 14],62,-1,282,-1,269
1,<environment.Job instance at 0x7fef8fd09eb0>,66,1,[9 5],67,-1,286,-1,285
1,<environment.Job instance at 0x7fef8fe67a00>,67,28,[ 2 10],68,-1,313,-1,285
1,<environment.Job instance at 0x7fef8fe45410>,68,24,[6 5],69,-1,309,-1,285
1,<environment.Job instance at 0x7fef8ff4a320>,2,15,[ 2 13],3,-1,18,-1,3
1,<environment.Job instance at 0x7fef99e8b640>,3,26,[7 2],4,-1,30,-1,4
1,<environment.Job instance at 0x7fef8ff7a8c0>,5,3,[9 2],6,-1,9,-1,6
1,<environment.Job instance at 0x7fef99e8b5a0>,7,2,[3 8],8,-1,10,-1,8
1,<environment.Job instance at 0x7fef99e8b870>,8,3,[4 8],9,-1,12,-1,9
1,<environment.Job instance at 0x7fef99e7ebe0>,15,25,[ 3 13],16,-1,47,-1,22
1,<environment.Job instance at 0x7fef99e7e140>,17,25,[ 2 11],18,-1,47,-1,22
1,<environment.Job instance at 0x7fefb54f80a0>,18,1,[14  3],19,-1,23,-1,22
1,<environment.Job instance at 0x7fef99e7eaa0>,19,2,[ 1 10],20,-1,24,-1,22
1,<environment.Job instance at 0x7fef99e7e640>,20,12,[1 8],21,-1,34,-1,22
1,<environment.Job instance at 0x7fef8fda4af0>,23,2,[13  5],24,-1,44,-1,42
1,<environment.Job instance at 0x7fef8fda41e0>,24,22,[5 6],25,-1,64,-1,42
1,<environment.Job instance at 0x7fef8fda49b0>,25,13,[ 5 14],26,-1,55,-1,42
1,<environment.Job instance at 0x7fef8fda45a0>,26,3,[5 6],27,-1,45,-1,42
1,<environment.Job instance at 0x7fef8fda4320>,27,20,[8 1],28,-1,62,-1,42
1,<environment.Job instance at 0x7fef8fda4aa0>,28,14,[ 5 10],29,-1,56,-1,42
1,<environment.Job instance at 0x7fef8fda4a50>,29,17,[4 7],30,-1,59,-1,42
1,<environment.Job instance at 0x7fef8fda4500>,30,13,[5 7],31,-1,55,-1,42
1,<environment.Job instance at 0x7fef8fda4050>,31,25,[14  5],32,-1,67,-1,42
1,<environment.Job instance at 0x7fef8fda4960>,32,24,[3 7],33,-1,66,-1,42
1,<environment.Job instance at 0x7fef8fda4b90>,33,19,[3 8],34,-1,61,-1,42
1,<environment.Job instance at 0x7fef8fda4640>,34,17,[5 1],35,-1,59,-1,42
1,<environment.Job instance at 0x7fef8fda4910>,35,27,[ 3 13],36,-1,69,-1,42
1,<environment.Job instance at 0x7fef8fda47d0>,37,2,[5 7],38,-1,60,-1,58
1,<environment.Job instance at 0x7fef8fda4690>,38,17,[12  2],39,-1,75,-1,58
1,<environment.Job instance at 0x7fef8fd455a0>,40,18,[12  2],41,-1,76,-1,58
1,<environment.Job instance at 0x7fef8fd45eb0>,41,27,[8 3],42,-1,85,-1,58
1,<environment.Job instance at 0x7fef8fd450a0>,42,21,[2 5],43,-1,79,-1,58
1,<environment.Job instance at 0x7fef8fd45280>,43,19,[12  2],44,-1,77,-1,58
1,<environment.Job instance at 0x7fef8fd45c30>,44,21,[9 3],45,-1,79,-1,58
1,<environment.Job instance at 0x7fef8fd452d0>,45,17,[9 1],46,-1,75,-1,58
1,<environment.Job instance at 0x7fef8fd45640>,47,27,[ 3 12],48,-1,98,-1,71
1,<environment.Job instance at 0x7fef8fd45aa0>,50,3,[9 5],51,-1,91,-1,88
1,<environment.Job instance at 0x7fef8fd45c80>,51,15,[ 2 14],52,-1,103,-1,88
1,<environment.Job instance at 0x7fef8fd45e10>,52,12,[1 9],53,-1,100,-1,88
1,<environment.Job instance at 0x7fef8fd45f50>,53,26,[3 9],54,-1,114,-1,88
1,<environment.Job instance at 0x7fef8fd453c0>,54,15,[13  1],55,-1,103,-1,88
1,<environment.Job instance at 0x7fef8fd29be0>,60,2,[11  3],61,-1,133,-1,131
1,<environment.Job instance at 0x7fef8fd29190>,63,13,[7 1],64,-1,161,-1,148
1,<environment.Job instance at 0x7fef8fd29140>,66,15,[ 2 10],67,-1,196,-1,181
1,<environment.Job instance at 0x7fef8fd29d70>,67,15,[11  5],68,-1,196,-1,181
1,<environment.Job instance at 0x7fef8fd29d20>,68,12,[14  4],69,-1,193,-1,181
1,<environment.Job instance at 0x7fef8fda4230>,22,22,[ 2 11],23,-1,461,-1,439
1,<environment.Job instance at 0x7fef99e8b6e0>,4,20,[13  4],5,-1,3169,-1,3149
1,<environment.Job instance at 0x7fef901fb780>,4,16,[ 1 14],5,-1,21,-1,5
1,<environment.Job instance at 0x7fef901fbdc0>,5,18,[ 1 14],6,-1,24,-1,6
1,<environment.Job instance at 0x7fef901fb0a0>,6,23,[1 9],7,-1,31,-1,8
1,<environment.Job instance at 0x7fef901fbb90>,8,25,[4 8],9,-1,34,-1,9
1,<environment.Job instance at 0x7fef901fbd20>,9,3,[11  3],10,-1,13,-1,10
1,<environment.Job instance at 0x7fef906d40a0>,10,15,[14  2],11,-1,26,-1,11
1,<environment.Job instance at 0x7fef99faaf50>,11,18,[11  1],12,-1,30,-1,12
1,<environment.Job instance at 0x7fef8fd70a50>,13,17,[12  1],14,-1,31,-1,14
1,<environment.Job instance at 0x7fef8fd70fa0>,17,13,[ 4 11],18,-1,45,-1,32
1,<environment.Job instance at 0x7fef8fd70c80>,18,16,[14  3],19,-1,48,-1,32
1,<environment.Job instance at 0x7fef906b2690>,20,22,[ 4 10],21,-1,54,-1,32
1,<environment.Job instance at 0x7fef8fccbdc0>,24,12,[13  1],25,-1,70,-1,58
1,<environment.Job instance at 0x7fef8fccbaf0>,25,13,[ 1 12],26,-1,71,-1,58
1,<environment.Job instance at 0x7fef8fccbe60>,28,13,[ 5 11],29,-1,88,-1,75
1,<environment.Job instance at 0x7fef8fccb410>,33,27,[6 1],34,-1,123,-1,96
1,<environment.Job instance at 0x7fef8fccb140>,34,27,[ 4 13],35,-1,123,-1,96
1,<environment.Job instance at 0x7fef8fccbf50>,36,27,[11  1],37,-1,129,-1,102
1,<environment.Job instance at 0x7fef8fccb320>,37,24,[6 2],38,-1,126,-1,102
1,<environment.Job instance at 0x7fef8fccb640>,40,23,[1 8],41,-1,151,-1,128
1,<environment.Job instance at 0x7fef8fccbb90>,42,20,[5 1],43,-1,150,-1,130
1,<environment.Job instance at 0x7fef8fccb9b0>,43,18,[ 1 11],44,-1,148,-1,130
1,<environment.Job instance at 0x7fef8fccbfa0>,44,26,[ 2 13],45,-1,156,-1,130
1,<environment.Job instance at 0x7fef8fd935f0>,45,28,[14  4],46,-1,158,-1,130
1,<environment.Job instance at 0x7fef8fccbb40>,46,1,[3 9],47,-1,131,-1,130
1,<environment.Job instance at 0x7fef8fd93cd0>,47,20,[ 4 11],48,-1,150,-1,130
1,<environment.Job instance at 0x7fef8fd931e0>,49,17,[10  2],50,-1,6624,-1,6607
1,<environment.Job instance at 0x7fef9059c370>,4,2,[8 1],5,-1,7,-1,5
1,<environment.Job instance at 0x7fef9059caf0>,5,27,[9 5],6,-1,33,-1,6
1,<environment.Job instance at 0x7fef9059c870>,7,14,[12  2],8,-1,22,-1,8
1,<environment.Job instance at 0x7fef9059cdc0>,8,2,[ 4 11],9,-1,11,-1,9
1,<environment.Job instance at 0x7fef8fea2370>,13,27,[2 7],14,-1,41,-1,14
1,<environment.Job instance at 0x7fef9059c460>,15,27,[1 5],16,-1,44,-1,17
1,<environment.Job instance at 0x7fef9059f460>,17,15,[14  2],18,-1,33,-1,18
1,<environment.Job instance at 0x7fef9059f640>,18,2,[8 3],19,-1,21,-1,19
1,<environment.Job instance at 0x7fef9059f910>,23,13,[ 5 14],24,-1,40,-1,27
1,<environment.Job instance at 0x7fef90b84c30>,34,25,[5 6],35,-1,114,-1,89
1,<environment.Job instance at 0x7fef9008b0a0>,36,14,[11  4],37,-1,123,-1,109
1,<environment.Job instance at 0x7fef901881e0>,39,28,[11  2],40,-1,151,-1,123
1,<environment.Job instance at 0x7fef90098870>,43,27,[ 4 13],44,-1,186,-1,159
1,<environment.Job instance at 0x7fef901b0230>,44,28,[1 8],45,-1,187,-1,159
1,<environment.Job instance at 0x7fef90079500>,45,12,[13  4],46,-1,171,-1,159
1,<environment.Job instance at 0x7fef9008c730>,46,12,[ 5 12],47,-1,171,-1,159
1,<environment.Job instance at 0x7fef9008c8c0>,47,28,[7 4],48,-1,187,-1,159
1,<environment.Job instance at 0x7fef9008c4b0>,48,27,[4 6],49,-1,186,-1,159
1,<environment.Job instance at 0x7fef9008c9b0>,54,2,[5 5],55,-1,206,-1,204
1,<environment.Job instance at 0x7fef9008c460>,55,3,[9 3],56,-1,207,-1,204
1,<environment.Job instance at 0x7fef9008c910>,56,3,[10  2],57,-1,207,-1,204
1,<environment.Job instance at 0x7fef9008ce60>,57,15,[ 2 10],58,-1,220,-1,205
1,<environment.Job instance at 0x7fef90515fa0>,58,18,[12  2],59,-1,223,-1,205
1,<environment.Job instance at 0x7fef90515280>,59,23,[5 8],60,-1,228,-1,205
1,<environment.Job instance at 0x7fef9009b410>,62,21,[ 4 14],63,-1,244,-1,223
1,<environment.Job instance at 0x7fef9009b5f0>,65,13,[12  1],66,-1,254,-1,241
1,<environment.Job instance at 0x7fef9008afa0>,66,12,[14  3],67,-1,253,-1,241
1,<environment.Job instance at 0x7fef9008aa50>,67,1,[ 4 11],68,-1,242,-1,241
1,<environment.Job instance at 0x7fef9057a370>,1,25,[7 5],2,-1,27,-1,2
1,<environment.Job instance at 0x7fef90433550>,4,25,[2 8],5,-1,30,-1,5
1,<environment.Job instance at 0x7fef90433f50>,12,21,[ 5 10],13,-1,39,-1,18
1,<environment.Job instance at 0x7fef90433d20>,13,3,[ 5 10],14,-1,21,-1,18
1,<environment.Job instance at 0x7fef90405c80>,16,2,[5 3],17,-1,30,-1,28
1,<environment.Job instance at 0x7fef90405f50>,18,18,[ 5 14],19,-1,49,-1,31
1,<environment.Job instance at 0x7fef90581eb0>,20,19,[ 2 11],21,-1,63,-1,44
1,<environment.Job instance at 0x7fef90581a50>,24,25,[4 9],25,-1,80,-1,55
1,<environment.Job instance at 0x7fef90581b40>,25,26,[6 1],26,-1,81,-1,55
1,<environment.Job instance at 0x7fef90581af0>,26,28,[5 9],27,-1,83,-1,55
1,<environment.Job instance at 0x7fef90581960>,27,24,[4 8],28,-1,79,-1,55
1,<environment.Job instance at 0x7fef905aad20>,43,28,[ 3 11],44,-1,215,-1,187
1,<environment.Job instance at 0x7fef905aaa00>,45,24,[2 7],46,-1,222,-1,198
1,<environment.Job instance at 0x7fef905aaaf0>,46,16,[14  5],47,-1,214,-1,198
1,<environment.Job instance at 0x7fef905aa820>,48,27,[14  3],49,-1,230,-1,203
1,<environment.Job instance at 0x7fef905aa7d0>,49,18,[ 1 14],50,-1,221,-1,203
1,<environment.Job instance at 0x7fef905aa9b0>,51,15,[11  2],52,-1,227,-1,212
1,<environment.Job instance at 0x7fef905aa730>,52,13,[ 1 12],53,-1,225,-1,212
1,<environment.Job instance at 0x7fef90407e10>,55,16,[ 4 11],56,-1,241,-1,225
1,<environment.Job instance at 0x7fef90407d70>,56,17,[13  3],57,-1,242,-1,225
1,<environment.Job instance at 0x7fef90407500>,57,22,[ 3 11],58,-1,247,-1,225
1,<environment.Job instance at 0x7fef90be9370>,3,23,[12  5],4,-1,27,-1,4
1,<environment.Job instance at 0x7fef90be9460>,4,13,[ 4 14],5,-1,18,-1,5
1,<environment.Job instance at 0x7fef90be95a0>,7,20,[2 7],8,-1,29,-1,9
1,<environment.Job instance at 0x7fef90be9910>,11,18,[ 2 13],12,-1,34,-1,16
1,<environment.Job instance at 0x7fef90be9b90>,15,14,[10  2],16,-1,66,-1,52
1,<environment.Job instance at 0x7fef90be9d70>,16,17,[12  4],17,-1,69,-1,52
1,<environment.Job instance at 0x7fef90be9e60>,17,25,[6 4],18,-1,77,-1,52
1,<environment.Job instance at 0x7fef90be97d0>,19,18,[14  5],20,-1,70,-1,52
1,<environment.Job instance at 0x7fef90be9f00>,20,13,[ 4 10],21,-1,65,-1,52
1,<environment.Job instance at 0x7fef90be9fa0>,21,24,[5 5],22,-1,76,-1,52
1,<environment.Job instance at 0x7fef90be9d20>,22,3,[8 5],23,-1,55,-1,52
1,<environment.Job instance at 0x7fef90bee140>,23,14,[ 2 11],24,-1,66,-1,52
1,<environment.Job instance at 0x7fef90bee1e0>,24,1,[4 6],25,-1,53,-1,52
1,<environment.Job instance at 0x7fef90bee280>,25,28,[ 5 10],26,-1,80,-1,52
1,<environment.Job instance at 0x7fef90bee3c0>,27,13,[ 5 11],28,-1,70,-1,57
1,<environment.Job instance at 0x7fef90bee500>,29,19,[ 4 14],30,-1,93,-1,74
1,<environment.Job instance at 0x7fef90bee640>,31,26,[ 3 12],32,-1,114,-1,88
1,<environment.Job instance at 0x7fef90bee6e0>,32,14,[ 3 14],33,-1,102,-1,88
1,<environment.Job instance at 0x7fef90bee7d0>,34,2,[3 7],35,-1,108,-1,106
1,<environment.Job instance at 0x7fef90bee9b0>,35,15,[2 9],36,-1,121,-1,106
1,<environment.Job instance at 0x7fef90beea50>,36,17,[ 5 14],37,-1,123,-1,106
1,<environment.Job instance at 0x7fef90beeaf0>,37,12,[4 5],38,-1,118,-1,106
1,<environment.Job instance at 0x7fef90beeb90>,38,2,[7 2],39,-1,108,-1,106
1,<environment.Job instance at 0x7fef90beec30>,39,2,[ 4 11],40,-1,108,-1,106
1,<environment.Job instance at 0x7fef90beed70>,41,3,[2 8],42,-1,109,-1,106
1,<environment.Job instance at 0x7fef90beee10>,42,13,[6 3],43,-1,120,-1,107
1,<environment.Job instance at 0x7fef90beeeb0>,43,12,[12  2],44,-1,119,-1,107
1,<environment.Job instance at 0x7fef90beef50>,44,12,[14  2],45,-1,119,-1,107
1,<environment.Job instance at 0x7fef90beef00>,46,13,[14  5],47,-1,131,-1,118
1,<environment.Job instance at 0x7fef90beefa0>,47,25,[7 3],48,-1,143,-1,118
1,<environment.Job instance at 0x7fef90bd7230>,48,16,[ 1 14],49,-1,134,-1,118
1,<environment.Job instance at 0x7fef90bd7370>,50,12,[ 2 13],51,-1,132,-1,120
1,<environment.Job instance at 0x7fef90bd7410>,51,22,[7 3],52,-1,143,-1,121
1,<environment.Job instance at 0x7fef90bd7960>,57,24,[10  3],58,-1,203,-1,179
1,<environment.Job instance at 0x7fef90bd7910>,58,18,[11  2],59,-1,197,-1,179
1,<environment.Job instance at 0x7fef90bd7a00>,60,14,[ 5 13],61,-1,193,-1,179
1,<environment.Job instance at 0x7fef90bd7aa0>,61,24,[14  5],62,-1,203,-1,179
1,<environment.Job instance at 0x7fef90bd7b40>,62,12,[ 4 11],63,-1,191,-1,179
1,<environment.Job instance at 0x7fef90bd7be0>,63,22,[3 8],64,-1,204,-1,182
1,<environment.Job instance at 0x7fef90bd7c80>,64,14,[ 1 13],65,-1,196,-1,182
1,<environment.Job instance at 0x7fef90bd7dc0>,66,25,[5 3],67,-1,220,-1,195
1,<environment.Job instance at 0x7fef90be9870>,10,20,[10  2],11,-1,2738,-1,2718
1,<environment.Job instance at 0x7fef90be9280>,5,19,[13  2],6,-1,2742,-1,2723
1,<environment.Job instance at 0x7fef9041f0f0>,1,27,[ 4 14],2,-1,29,-1,2
1,<environment.Job instance at 0x7fef90be9280>,5,28,[13  5],6,-1,34,-1,6
1,<environment.Job instance at 0x7fef90190410>,11,25,[5 5],12,-1,41,-1,16
1,<environment.Job instance at 0x7fef90190cd0>,12,26,[12  3],13,-1,42,-1,16
1,<environment.Job instance at 0x7fef90190230>,13,2,[14  4],14,-1,18,-1,16
1,<environment.Job instance at 0x7fef90190aa0>,16,25,[7 5],17,-1,52,-1,27
1,<environment.Job instance at 0x7fef90190320>,20,19,[14  4],21,-1,76,-1,57
1,<environment.Job instance at 0x7fef90190b90>,21,14,[14  2],22,-1,71,-1,57
1,<environment.Job instance at 0x7fef90063410>,27,14,[11  1],28,-1,105,-1,91
1,<environment.Job instance at 0x7fef90063230>,28,22,[ 3 11],29,-1,113,-1,91
1,<environment.Job instance at 0x7fef8fee4a00>,29,16,[12  3],30,-1,107,-1,91
1,<environment.Job instance at 0x7fef8fee4410>,31,14,[14  1],32,-1,112,-1,98
1,<environment.Job instance at 0x7fef8fee4fa0>,32,16,[12  4],33,-1,114,-1,98
1,<environment.Job instance at 0x7fef8fee4960>,35,17,[ 4 13],36,-1,136,-1,119
1,<environment.Job instance at 0x7fef8fee4dc0>,38,27,[13  4],39,-1,160,-1,133
1,<environment.Job instance at 0x7fef8fee4e10>,39,17,[13  4],40,-1,150,-1,133
1,<environment.Job instance at 0x7fef91024e60>,40,13,[14  2],41,-1,146,-1,133
1,<environment.Job instance at 0x7fef91024a50>,42,24,[10  1],43,-1,157,-1,133
1,<environment.Job instance at 0x7fef91024690>,47,12,[ 4 10],48,-1,171,-1,159
1,<environment.Job instance at 0x7fef91024910>,48,1,[11  3],49,-1,160,-1,159
1,<environment.Job instance at 0x7fef91024eb0>,49,25,[2 7],50,-1,185,-1,160
1,<environment.Job instance at 0x7fef90f8a2d0>,63,22,[ 5 13],64,-1,289,-1,267
1,<environment.Job instance at 0x7fef90f8afa0>,65,27,[11  2],66,-1,306,-1,279
1,<environment.Job instance at 0x7fef90e6a230>,2,27,[10  1],3,-1,30,-1,3
1,<environment.Job instance at 0x7fef90e6a6e0>,4,13,[ 5 11],5,-1,18,-1,5
1,<environment.Job instance at 0x7fef90e6acd0>,5,27,[12  2],6,-1,33,-1,6
1,<environment.Job instance at 0x7fef8fc67a00>,8,24,[1 9],9,-1,34,-1,10
1,<environment.Job instance at 0x7fef9127dd70>,12,12,[12  1],13,-1,30,-1,18
1,<environment.Job instance at 0x7fef9127d050>,13,2,[3 7],14,-1,20,-1,18
1,<environment.Job instance at 0x7fef9127d870>,15,23,[3 6],16,-1,41,-1,18
1,<environment.Job instance at 0x7fef9127d960>,17,27,[7 1],18,-1,51,-1,24
1,<environment.Job instance at 0x7fef998bb640>,18,26,[ 3 10],19,-1,50,-1,24
1,<environment.Job instance at 0x7fef9127d550>,19,15,[ 3 10],20,-1,40,-1,25
1,<environment.Job instance at 0x7fef9127dbe0>,20,2,[10  3],21,-1,27,-1,25
1,<environment.Job instance at 0x7fef90b9b0f0>,22,14,[14  2],23,-1,51,-1,37
1,<environment.Job instance at 0x7fef90b9b690>,23,26,[7 3],24,-1,63,-1,37
1,<environment.Job instance at 0x7fef90b9bdc0>,24,24,[8 2],25,-1,61,-1,37
1,<environment.Job instance at 0x7fef90b9b1e0>,26,12,[11  1],27,-1,51,-1,39
1,<environment.Job instance at 0x7fef90b9bcd0>,27,17,[11  3],28,-1,56,-1,39
1,<environment.Job instance at 0x7fef90b9b3c0>,28,16,[12  1],29,-1,55,-1,39
1,<environment.Job instance at 0x7fef90b9b5a0>,29,15,[ 4 13],30,-1,54,-1,39
1,<environment.Job instance at 0x7fef90b9b410>,30,28,[13  1],31,-1,67,-1,39
1,<environment.Job instance at 0x7fef90b9b8c0>,31,24,[4 7],32,-1,63,-1,39
1,<environment.Job instance at 0x7fef90b9bb90>,33,26,[7 3],34,-1,75,-1,49
1,<environment.Job instance at 0x7fef90098500>,39,24,[2 6],40,-1,113,-1,89
1,<environment.Job instance at 0x7fef900989b0>,40,13,[ 5 12],41,-1,102,-1,89
1,<environment.Job instance at 0x7fef90098460>,41,20,[ 2 11],42,-1,109,-1,89
1,<environment.Job instance at 0x7fef9023cf50>,44,14,[ 1 10],45,-1,129,-1,115
1,<environment.Job instance at 0x7fef99ad6cd0>,45,25,[3 7],46,-1,140,-1,115
1,<environment.Job instance at 0x7fef90d63cd0>,48,25,[5 8],49,-1,140,-1,115
1,<environment.Job instance at 0x7fef90d63460>,50,16,[ 1 13],51,-1,148,-1,132
1,<environment.Job instance at 0x7fef90d63410>,51,28,[2 7],52,-1,160,-1,132
1,<environment.Job instance at 0x7fef90d63550>,53,25,[3 9],54,-1,159,-1,134
1,<environment.Job instance at 0x7fef90d630a0>,56,23,[2 8],57,-1,168,-1,145
1,<environment.Job instance at 0x7fef90170370>,57,3,[1 9],58,-1,148,-1,145
1,<environment.Job instance at 0x7fef909039b0>,59,27,[5 7],60,-1,175,-1,148
1,<environment.Job instance at 0x7fef90903780>,60,15,[14  1],61,-1,163,-1,148
1,<environment.Job instance at 0x7fef90903870>,61,24,[13  2],62,-1,172,-1,148
1,<environment.Job instance at 0x7fef909035f0>,65,15,[11  4],66,-1,191,-1,176
1,<environment.Job instance at 0x7fef90903b40>,68,14,[ 4 13],69,-1,192,-1,178
1,<environment.Job instance at 0x7fef90950050>,3,2,[10  2],4,-1,7,-1,5
1,<environment.Job instance at 0x7fef90950870>,5,13,[12  4],6,-1,19,-1,6
1,<environment.Job instance at 0x7fef903ce370>,8,26,[11  5],9,-1,35,-1,9
1,<environment.Job instance at 0x7fef903ce5a0>,9,28,[4 9],10,-1,38,-1,10
1,<environment.Job instance at 0x7fef903ce6e0>,11,1,[1 5],12,-1,13,-1,12
1,<environment.Job instance at 0x7fef90cf8820>,12,12,[2 8],13,-1,25,-1,13
1,<environment.Job instance at 0x7fef90cf87d0>,13,16,[6 2],14,-1,30,-1,14
1,<environment.Job instance at 0x7fef90cf83c0>,15,14,[11  4],16,-1,30,-1,16
1,<environment.Job instance at 0x7fef90cf8960>,16,14,[14  5],17,-1,31,-1,17
1,<environment.Job instance at 0x7fef90cf8a00>,18,18,[ 4 11],19,-1,37,-1,19
1,<environment.Job instance at 0x7fef90d36e60>,19,18,[ 3 12],20,-1,38,-1,20
1,<environment.Job instance at 0x7fef90d36c80>,21,24,[13  4],22,-1,46,-1,22
1,<environment.Job instance at 0x7fef90d36460>,22,19,[ 2 13],23,-1,42,-1,23
1,<environment.Job instance at 0x7fef90d36f00>,25,24,[12  4],26,-1,52,-1,28
1,<environment.Job instance at 0x7fef90d365a0>,27,12,[10  4],28,-1,46,-1,34
1,<environment.Job instance at 0x7fef90d36370>,30,3,[1 8],31,-1,48,-1,45
1,<environment.Job instance at 0x7fef90d363c0>,31,27,[12  2],32,-1,72,-1,45
1,<environment.Job instance at 0x7fef90d365f0>,32,2,[10  5],33,-1,47,-1,45
1,<environment.Job instance at 0x7fef90d36aa0>,33,17,[12  2],34,-1,62,-1,45
1,<environment.Job instance at 0x7fef90d360f0>,35,26,[9 4],36,-1,86,-1,60
1,<environment.Job instance at 0x7fef90d36280>,36,21,[12  2],37,-1,81,-1,60
1,<environment.Job instance at 0x7fef90d36f50>,37,25,[6 2],38,-1,85,-1,60
1,<environment.Job instance at 0x7fef90d36690>,38,1,[5 5],39,-1,61,-1,60
1,<environment.Job instance at 0x7fef998cbe60>,40,17,[ 4 10],41,-1,81,-1,64
1,<environment.Job instance at 0x7fef998cbb90>,42,14,[ 5 13],43,-1,88,-1,74
1,<environment.Job instance at 0x7fef998cb190>,44,22,[ 4 13],45,-1,100,-1,78
1,<environment.Job instance at 0x7fef90249780>,58,15,[ 2 12],59,-1,198,-1,183
1,<environment.Job instance at 0x7fef90249e60>,59,24,[ 1 11],60,-1,207,-1,183
1,<environment.Job instance at 0x7fef90249730>,62,18,[ 3 14],63,-1,213,-1,195
1,<environment.Job instance at 0x7fef90249b90>,63,2,[3 6],64,-1,197,-1,195
1,<environment.Job instance at 0x7fef902492d0>,65,28,[10  4],66,-1,223,-1,195
1,<environment.Job instance at 0x7fef90c1f550>,3,1,[ 2 11],4,-1,5,-1,4
1,<environment.Job instance at 0x7fef90c1fd20>,4,26,[6 3],5,-1,31,-1,5
1,<environment.Job instance at 0x7fef90f9b370>,9,2,[ 2 13],10,-1,12,-1,10
1,<environment.Job instance at 0x7fef90f9b960>,10,15,[ 2 12],11,-1,26,-1,11
1,<environment.Job instance at 0x7fef90f9b230>,15,18,[14  1],16,-1,38,-1,20
1,<environment.Job instance at 0x7fef90f9beb0>,16,24,[14  1],17,-1,44,-1,20
1,<environment.Job instance at 0x7fef90369b90>,18,25,[9 2],19,-1,57,-1,32
1,<environment.Job instance at 0x7fef90d29280>,19,18,[ 1 12],20,-1,50,-1,32
1,<environment.Job instance at 0x7fef90d29b40>,22,12,[10  1],23,-1,57,-1,45
1,<environment.Job instance at 0x7fef90a34500>,24,20,[ 3 12],25,-1,76,-1,56
1,<environment.Job instance at 0x7fef90c1c870>,27,3,[13  1],28,-1,78,-1,75
1,<environment.Job instance at 0x7fef90d296e0>,29,19,[13  1],30,-1,108,-1,89
1,<environment.Job instance at 0x7fef9063ee10>,31,28,[4 5],32,-1,133,-1,105
1,<environment.Job instance at 0x7fef90e6a4b0>,33,17,[13  5],34,-1,122,-1,105
1,<environment.Job instance at 0x7fef905d90a0>,34,26,[12  1],35,-1,131,-1,105
1,<environment.Job instance at 0x7fef8fe0b370>,39,26,[7 1],40,-1,150,-1,124
1,<environment.Job instance at 0x7fef9018b7d0>,43,18,[ 2 12],44,-1,174,-1,156
1,<environment.Job instance at 0x7fef90bbd1e0>,45,18,[14  5],46,-1,178,-1,160
1,<environment.Job instance at 0x7fef907f54b0>,46,27,[9 5],47,-1,187,-1,160
1,<environment.Job instance at 0x7fef90bbd640>,47,14,[ 3 12],48,-1,174,-1,160
1,<environment.Job instance at 0x7fef90bc4640>,49,23,[5 9],50,-1,183,-1,160
1,<environment.Job instance at 0x7fef90bc40f0>,50,16,[ 5 13],51,-1,176,-1,160
1,<environment.Job instance at 0x7fef90bc4cd0>,51,22,[ 2 14],52,-1,182,-1,160
1,<environment.Job instance at 0x7fef90bc44b0>,53,1,[6 2],54,-1,174,-1,173
1,<environment.Job instance at 0x7fef90bc4230>,54,24,[12  4],55,-1,197,-1,173
1,<environment.Job instance at 0x7fef90da5b90>,60,14,[10  1],61,-1,220,-1,206
1,<environment.Job instance at 0x7fef8fee9c30>,62,25,[10  1],63,-1,246,-1,221
1,<environment.Job instance at 0x7fef8fee9050>,63,13,[ 5 11],64,-1,234,-1,221
1,<environment.Job instance at 0x7fef8fee9b40>,64,12,[ 3 14],65,-1,233,-1,221
1,<environment.Job instance at 0x7fef8fee9dc0>,66,13,[ 2 13],67,-1,234,-1,221
1,<environment.Job instance at 0x7fef909de3c0>,67,14,[13  2],68,-1,235,-1,221
1,<environment.Job instance at 0x7fef90f69690>,68,18,[11  2],69,-1,239,-1,221
1,<environment.Job instance at 0x7fef90cad690>,14,26,[ 4 14],15,-1,76,-1,50
1,<environment.Job instance at 0x7fef90cad960>,18,1,[5 6],19,-1,76,-1,75
1,<environment.Job instance at 0x7fef90ac1cd0>,19,25,[5 4],20,-1,100,-1,75
1,<environment.Job instance at 0x7fef9ffb55a0>,21,23,[6 5],22,-1,99,-1,76
1,<environment.Job instance at 0x7fefb60d6c30>,23,13,[13  3],24,-1,106,-1,93
1,<environment.Job instance at 0x7fef907bbeb0>,24,25,[ 5 14],25,-1,118,-1,93
1,<environment.Job instance at 0x7fef9118a6e0>,25,27,[5 5],26,-1,120,-1,93
1,<environment.Job instance at 0x7fef90ace280>,26,17,[ 5 13],27,-1,110,-1,93
1,<environment.Job instance at 0x7fef9039b640>,28,17,[ 4 11],29,-1,110,-1,93
1,<environment.Job instance at 0x7fef99938f00>,29,14,[14  5],30,-1,107,-1,93
1,<environment.Job instance at 0x7fef90aa10f0>,30,27,[8 5],31,-1,120,-1,93
1,<environment.Job instance at 0x7fef90794f00>,31,23,[12  4],32,-1,116,-1,93
1,<environment.Job instance at 0x7fef909fc1e0>,34,3,[ 1 13],35,-1,114,-1,111
1,<environment.Job instance at 0x7fef90beae10>,36,14,[ 1 12],37,-1,125,-1,111
1,<environment.Job instance at 0x7fef90beabe0>,37,15,[ 4 14],38,-1,126,-1,111
1,<environment.Job instance at 0x7fef8fde2320>,39,28,[ 4 14],40,-1,155,-1,127
1,<environment.Job instance at 0x7fef9098b4b0>,40,21,[ 5 12],41,-1,148,-1,127
1,<environment.Job instance at 0x7fef91288690>,44,27,[3 8],45,-1,173,-1,146
1,<environment.Job instance at 0x7fef91288d20>,45,2,[1 8],46,-1,148,-1,146
1,<environment.Job instance at 0x7fef9078ca50>,52,27,[10  4],53,-1,241,-1,214
1,<environment.Job instance at 0x7fef9078c910>,54,27,[ 1 14],55,-1,259,-1,232
1,<environment.Job instance at 0x7fef8fe68c80>,56,15,[11  1],57,-1,247,-1,232
1,<environment.Job instance at 0x7fef903adc80>,57,14,[ 3 13],58,-1,246,-1,232
1,<environment.Job instance at 0x7fef9995deb0>,59,21,[ 4 14],60,-1,260,-1,239
1,<environment.Job instance at 0x7fef8f8ca8c0>,63,18,[ 2 11],64,-1,271,-1,253
1,<environment.Job instance at 0x7fef8f8ca640>,65,14,[ 4 14],66,-1,283,-1,269
1,<environment.Job instance at 0x7fef8f8cafa0>,66,28,[12  5],67,-1,297,-1,269
1,<environment.Job instance at 0x7fef8f8ca410>,67,13,[12  5],68,-1,282,-1,269
1,<environment.Job instance at 0x7fef8f8ca5a0>,68,12,[11  5],69,-1,281,-1,269
1,<environment.Job instance at 0x7fef904c9a00>,6,26,[8 5],7,-1,33,-1,7
1,<environment.Job instance at 0x7fef904d7910>,11,24,[8 5],12,-1,42,-1,18
1,<environment.Job instance at 0x7fef904d7af0>,14,16,[ 2 13],15,-1,54,-1,38
1,<environment.Job instance at 0x7fef904d7a50>,17,3,[ 4 10],18,-1,53,-1,50
1,<environment.Job instance at 0x7fef904d7cd0>,18,26,[3 6],19,-1,76,-1,50
1,<environment.Job instance at 0x7fef904d7960>,21,17,[ 4 12],22,-1,83,-1,66
1,<environment.Job instance at 0x7fef904d72d0>,23,3,[10  2],24,-1,81,-1,78
1,<environment.Job instance at 0x7fef904d7730>,25,2,[13  1],26,-1,82,-1,80
1,<environment.Job instance at 0x7fef90372870>,26,13,[11  1],27,-1,93,-1,80
1,<environment.Job instance at 0x7fef90372e10>,27,22,[10  1],28,-1,221,-1,199
1,<environment.Job instance at 0x7fef904cc2d0>,42,13,[ 3 10],43,-1,218,-1,205
1,<environment.Job instance at 0x7fef99e7b370>,46,26,[3 6],47,-1,248,-1,222
1,<environment.Job instance at 0x7fef8f8fcd20>,49,23,[4 9],50,-1,263,-1,240
1,<environment.Job instance at 0x7fef8f8fcc30>,50,24,[5 2],51,-1,264,-1,240
1,<environment.Job instance at 0x7fef9091ebe0>,52,17,[ 1 14],53,-1,257,-1,240
1,<environment.Job instance at 0x7fef9992b960>,53,25,[2 9],54,-1,266,-1,241
1,<environment.Job instance at 0x7fef90cfea00>,62,21,[ 3 13],63,-1,334,-1,313
1,<environment.Job instance at 0x7fef90488d20>,5,27,[1 6],6,-1,33,-1,6
1,<environment.Job instance at 0x7fef9006c410>,6,27,[8 5],7,-1,34,-1,7
1,<environment.Job instance at 0x7fef8fbea690>,8,26,[10  5],9,-1,35,-1,9
1,<environment.Job instance at 0x7fef8fbea5f0>,14,20,[ 2 11],15,-1,42,-1,22
1,<environment.Job instance at 0x7fef8fbeaeb0>,15,3,[ 4 11],16,-1,25,-1,22
1,<environment.Job instance at 0x7fef902733c0>,16,16,[13  3],17,-1,38,-1,22
1,<environment.Job instance at 0x7fef90273820>,17,26,[10  5],18,-1,48,-1,22
1,<environment.Job instance at 0x7fef90273d70>,19,13,[ 2 12],20,-1,35,-1,22
1,<environment.Job instance at 0x7fef90273f00>,21,17,[11  4],22,-1,70,-1,53
1,<environment.Job instance at 0x7fef90273320>,24,18,[11  2],25,-1,72,-1,54
1,<environment.Job instance at 0x7fef90273230>,25,14,[10  1],26,-1,79,-1,65
1,<environment.Job instance at 0x7fef9096f5a0>,28,23,[ 1 11],29,-1,88,-1,65
1,<environment.Job instance at 0x7fef91216be0>,29,12,[ 3 12],30,-1,77,-1,65
1,<environment.Job instance at 0x7fef9078c960>,33,13,[ 3 11],34,-1,94,-1,81
1,<environment.Job instance at 0x7fef9078c640>,34,12,[7 2],35,-1,93,-1,81
1,<environment.Job instance at 0x7fef90f0db40>,36,15,[11  2],37,-1,113,-1,98
1,<environment.Job instance at 0x7fef8fef0230>,37,12,[7 2],38,-1,110,-1,98
1,<environment.Job instance at 0x7fef8faf47d0>,38,25,[7 2],39,-1,123,-1,98
1,<environment.Job instance at 0x7fef90360dc0>,39,18,[ 5 10],40,-1,116,-1,98
1,<environment.Job instance at 0x7fef90d39050>,40,12,[ 3 12],41,-1,110,-1,98
1,<environment.Job instance at 0x7fef8faf4c30>,41,15,[11  5],42,-1,113,-1,98
1,<environment.Job instance at 0x7fef99886370>,42,19,[2 5],43,-1,117,-1,98
1,<environment.Job instance at 0x7fef99886960>,43,16,[13  2],44,-1,114,-1,98
1,<environment.Job instance at 0x7fef99886640>,44,12,[7 1],45,-1,110,-1,98
1,<environment.Job instance at 0x7fef998bdeb0>,45,19,[12  5],46,-1,117,-1,98
1,<environment.Job instance at 0x7fef998bd730>,49,2,[6 4],50,-1,116,-1,114
1,<environment.Job instance at 0x7fef998bdaf0>,50,25,[10  4],51,-1,139,-1,114
1,<environment.Job instance at 0x7fef998bd870>,52,27,[7 5],53,-1,141,-1,114
1,<environment.Job instance at 0x7fef903883c0>,54,25,[8 2],55,-1,153,-1,128
1,<environment.Job instance at 0x7fef90388960>,56,14,[ 2 12],57,-1,142,-1,128
1,<environment.Job instance at 0x7fef9000d820>,59,12,[1 6],60,-1,158,-1,146
1,<environment.Job instance at 0x7fef9000d190>,62,20,[ 1 13],63,-1,185,-1,165
1,<environment.Job instance at 0x7fef91024af0>,64,28,[ 3 10],65,-1,207,-1,179
1,<environment.Job instance at 0x7fef91242fa0>,65,25,[9 5],66,-1,204,-1,179
1,<environment.Job instance at 0x7fef90862aa0>,23,15,[ 2 13],24,-1,1026,-1,1011
1,<environment.Job instance at 0x7fef9092f820>,27,18,[14  1],28,-1,1212,-1,1194
1,<environment.Job instance at 0x7fef8fa0e910>,8,17,[ 3 13],9,-1,30,-1,13
1,<environment.Job instance at 0x7fef8fa0e9b0>,9,14,[14  2],10,-1,27,-1,13
1,<environment.Job instance at 0x7fef8fa0eb90>,12,2,[ 5 11],13,-1,34,-1,32
1,<environment.Job instance at 0x7fef8fa23320>,22,18,[ 5 14],23,-1,108,-1,90
1,<environment.Job instance at 0x7fef8fa233c0>,23,22,[14  2],24,-1,112,-1,90
1,<environment.Job instance at 0x7fef8fa23640>,27,18,[ 3 10],28,-1,128,-1,110
1,<environment.Job instance at 0x7fef8fa23780>,29,27,[5 4],30,-1,147,-1,120
1,<environment.Job instance at 0x7fef8fa23820>,30,28,[7 5],31,-1,148,-1,120
1,<environment.Job instance at 0x7fef8fa237d0>,32,28,[14  2],33,-1,148,-1,120
1,<environment.Job instance at 0x7fef8fa23c30>,35,22,[ 5 14],36,-1,158,-1,136
1,<environment.Job instance at 0x7fef8fa23cd0>,36,26,[8 5],37,-1,162,-1,136
1,<environment.Job instance at 0x7fef8fa23eb0>,39,13,[13  5],40,-1,163,-1,150
1,<environment.Job instance at 0x7fef8fa23f50>,40,14,[ 2 13],41,-1,164,-1,150
1,<environment.Job instance at 0x7fef8fa23f00>,42,12,[ 5 13],43,-1,177,-1,165
1,<environment.Job instance at 0x7fef8fa33230>,44,22,[13  3],45,-1,187,-1,165
1,<environment.Job instance at 0x7fef8fa332d0>,45,26,[14  2],46,-1,191,-1,165
1,<environment.Job instance at 0x7fef8fa33370>,46,20,[ 4 12],47,-1,185,-1,165
1,<environment.Job instance at 0x7fef8fa33410>,47,13,[ 4 12],48,-1,178,-1,165
1,<environment.Job instance at 0x7fef8fa335f0>,50,16,[ 5 12],51,-1,195,-1,179
1,<environment.Job instance at 0x7fef8fa33690>,51,22,[13  5],52,-1,201,-1,179
1,<environment.Job instance at 0x7fef8fa335a0>,52,27,[5 3],53,-1,206,-1,179
1,<environment.Job instance at 0x7fef8fa339b0>,55,24,[5 4],56,-1,222,-1,198
1,<environment.Job instance at 0x7fef910dd190>,56,18,[12  1],57,-1,216,-1,198
1,<environment.Job instance at 0x7fef8f9ffaa0>,58,13,[ 5 14],59,-1,211,-1,198
1,<environment.Job instance at 0x7fef8f9ff2d0>,59,17,[ 5 13],60,-1,215,-1,198
1,<environment.Job instance at 0x7fef8f9ff7d0>,60,18,[12  5],61,-1,216,-1,198
1,<environment.Job instance at 0x7fef8f9ff1e0>,62,27,[5 1],63,-1,234,-1,207
1,<environment.Job instance at 0x7fef8f9ff0a0>,65,17,[ 5 12],66,-1,238,-1,221
1,<environment.Job instance at 0x7fef8f9ff410>,66,3,[3 6],67,-1,224,-1,221
1,<environment.Job instance at 0x7fef8fa0cd20>,67,24,[7 4],68,-1,245,-1,221
1,<environment.Job instance at 0x7fef910dd690>,8,25,[4 7],9,-1,41,-1,16
1,<environment.Job instance at 0x7fef910dd1e0>,9,18,[2 9],10,-1,34,-1,16
1,<environment.Job instance at 0x7fef910dd370>,10,12,[13  5],11,-1,28,-1,16
1,<environment.Job instance at 0x7fef910ddfa0>,11,22,[14  4],12,-1,38,-1,16
1,<environment.Job instance at 0x7fef910ddeb0>,12,27,[5 3],13,-1,43,-1,16
1,<environment.Job instance at 0x7fef910ddc80>,13,18,[3 5],14,-1,34,-1,16
1,<environment.Job instance at 0x7fef910ddbe0>,15,13,[7 1],16,-1,32,-1,19
1,<environment.Job instance at 0x7fef910ddb40>,16,26,[3 7],17,-1,45,-1,19
1,<environment.Job instance at 0x7fef910dd960>,17,13,[2 9],18,-1,32,-1,19
1,<environment.Job instance at 0x7fef910dd280>,18,15,[11  4],19,-1,34,-1,19
1,<environment.Job instance at 0x7fef8fa0f190>,19,18,[ 3 11],20,-1,38,-1,20
1,<environment.Job instance at 0x7fef8fa0ff50>,20,23,[9 1],21,-1,44,-1,21
1,<environment.Job instance at 0x7fef8fa0fd20>,22,23,[11  3],23,-1,60,-1,37
1,<environment.Job instance at 0x7fef8fa0fdc0>,23,19,[ 4 10],24,-1,56,-1,37
1,<environment.Job instance at 0x7fef8fa0f370>,24,1,[1 5],25,-1,38,-1,37
1,<environment.Job instance at 0x7fef8fa0f9b0>,26,27,[7 3],27,-1,64,-1,37
1,<environment.Job instance at 0x7fef8fa0fb40>,27,28,[13  1],28,-1,65,-1,37
1,<environment.Job instance at 0x7fef8fa0f780>,28,25,[3 8],29,-1,62,-1,37
1,<environment.Job instance at 0x7fef8fa0f230>,29,17,[7 1],30,-1,54,-1,37
1,<environment.Job instance at 0x7fef8fa0f640>,31,15,[3 6],32,-1,64,-1,49
1,<environment.Job instance at 0x7fef8fa0f140>,32,24,[7 5],33,-1,73,-1,49
1,<environment.Job instance at 0x7fef8fa0f050>,33,22,[11  1],34,-1,71,-1,49
1,<environment.Job instance at 0x7fef8fa0fc80>,34,14,[ 2 13],35,-1,63,-1,49
1,<environment.Job instance at 0x7fef8fa0f1e0>,36,28,[4 9],37,-1,95,-1,67
1,<environment.Job instance at 0x7fef8fa2d8c0>,37,28,[ 5 11],38,-1,95,-1,67
1,<environment.Job instance at 0x7fef8fa0fe10>,38,12,[10  3],39,-1,79,-1,67
1,<environment.Job instance at 0x7fef8fa2d820>,39,19,[3 6],40,-1,86,-1,67
1,<environment.Job instance at 0x7fef8fa2d1e0>,40,18,[13  5],41,-1,85,-1,67
1,<environment.Job instance at 0x7fef8fa2d410>,41,13,[9 3],42,-1,80,-1,67
1,<environment.Job instance at 0x7fef8fa2df50>,42,2,[5 9],43,-1,69,-1,67
1,<environment.Job instance at 0x7fef8fa2d280>,43,13,[5 5],44,-1,80,-1,67
1,<environment.Job instance at 0x7fef8fa2d7d0>,44,14,[11  2],45,-1,81,-1,67
1,<environment.Job instance at 0x7fef8fa2ddc0>,45,15,[12  2],46,-1,82,-1,67
1,<environment.Job instance at 0x7fef8fa2d6e0>,46,2,[4 9],47,-1,69,-1,67
1,<environment.Job instance at 0x7fef8fa2dc80>,47,19,[14  2],48,-1,86,-1,67
1,<environment.Job instance at 0x7fef8fa2daa0>,48,20,[ 5 12],49,-1,87,-1,67
1,<environment.Job instance at 0x7fef8fa2deb0>,49,18,[8 1],50,-1,87,-1,69
1,<environment.Job instance at 0x7fef8fa2d910>,50,12,[2 5],51,-1,81,-1,69
1,<environment.Job instance at 0x7fef8fa2de10>,51,17,[ 4 11],52,-1,86,-1,69
1,<environment.Job instance at 0x7fef8fa2d550>,52,12,[8 1],53,-1,81,-1,69
1,<environment.Job instance at 0x7fef8fa2d370>,53,12,[10  5],54,-1,81,-1,69
1,<environment.Job instance at 0x7fef8fa2d690>,54,1,[3 6],55,-1,70,-1,69
1,<environment.Job instance at 0x7fef8fa2d140>,57,16,[10  1],58,-1,102,-1,86
1,<environment.Job instance at 0x7fef8ff09690>,61,1,[8 4],62,-1,110,-1,109
1,<environment.Job instance at 0x7fef8ff095f0>,63,15,[7 2],64,-1,132,-1,117
1,<environment.Job instance at 0x7fef8ff09c80>,64,18,[9 1],65,-1,135,-1,117
1,<environment.Job instance at 0x7fef8ff09f50>,65,3,[ 4 13],66,-1,120,-1,117
1,<environment.Job instance at 0x7fef8ff09820>,66,12,[9 1],67,-1,129,-1,117
1,<environment.Job instance at 0x7fef8ff09e60>,67,19,[1 9],68,-1,136,-1,117
1,<environment.Job instance at 0x7fef8ff09640>,68,20,[ 4 11],69,-1,137,-1,117
1,<environment.Job instance at 0x7fef910dd460>,7,16,[ 1 13],8,-1,3298,-1,3282
1,<environment.Job instance at 0x7fef910ddb90>,4,17,[14  4],5,-1,3487,-1,3470
1,<environment.Job instance at 0x7fef90891230>,5,28,[7 3],6,-1,34,-1,6
1,<environment.Job instance at 0x7fef90909c30>,7,25,[1 5],8,-1,44,-1,19
1,<environment.Job instance at 0x7fef90891fa0>,12,20,[ 4 13],13,-1,39,-1,19
1,<environment.Job instance at 0x7fef90891640>,13,17,[11  4],14,-1,49,-1,32
1,<environment.Job instance at 0x7fef90891370>,17,3,[6 1],18,-1,51,-1,48
1,<environment.Job instance at 0x7fef908915a0>,23,27,[ 1 14],24,-1,99,-1,72
1,<environment.Job instance at 0x7fef90d4d550>,27,22,[12  2],28,-1,112,-1,90
1,<environment.Job instance at 0x7fef90d4d3c0>,28,27,[7 4],29,-1,117,-1,90
1,<environment.Job instance at 0x7fef90d4deb0>,29,3,[9 5],30,-1,94,-1,91
1,<environment.Job instance at 0x7fef90d4da00>,32,26,[14  5],33,-1,132,-1,106
1,<environment.Job instance at 0x7fef90d4dd20>,33,12,[11  4],34,-1,118,-1,106
1,<environment.Job instance at 0x7fef90d4ddc0>,34,26,[8 3],35,-1,132,-1,106
1,<environment.Job instance at 0x7fef90d4dcd0>,36,2,[6 1],37,-1,112,-1,110
1,<environment.Job instance at 0x7fef90d4d6e0>,38,18,[14  4],39,-1,142,-1,124
1,<environment.Job instance at 0x7fef90d4dc80>,42,24,[4 7],43,-1,165,-1,141
1,<environment.Job instance at 0x7fef9127f8c0>,45,2,[12  1],46,-1,158,-1,156
1,<environment.Job instance at 0x7fef9127f640>,47,23,[ 4 12],48,-1,183,-1,160
1,<environment.Job instance at 0x7fef99c41190>,48,26,[ 4 14],49,-1,186,-1,160
1,<environment.Job instance at 0x7fef99c41140>,49,15,[ 1 14],50,-1,175,-1,160
1,<environment.Job instance at 0x7fef9127f500>,50,14,[11  2],51,-1,174,-1,160
1,<environment.Job instance at 0x7fef903119b0>,51,13,[13  4],52,-1,173,-1,160
1,<environment.Job instance at 0x7fef904c1be0>,53,27,[ 4 13],54,-1,201,-1,174
1,<environment.Job instance at 0x7fef904c1190>,54,23,[ 4 10],55,-1,197,-1,174
1,<environment.Job instance at 0x7fef904c1b40>,55,15,[ 4 12],56,-1,189,-1,174
1,<environment.Job instance at 0x7fef904c1820>,57,16,[ 5 11],58,-1,205,-1,189
1,<environment.Job instance at 0x7fef904c1730>,58,28,[7 3],59,-1,217,-1,189
1,<environment.Job instance at 0x7fef904c1910>,59,27,[3 8],60,-1,216,-1,189
1,<environment.Job instance at 0x7fef904c1e10>,60,23,[5 9],61,-1,212,-1,189
1,<environment.Job instance at 0x7fef9121e370>,63,20,[ 1 10],64,-1,218,-1,198
1,<environment.Job instance at 0x7fef9121e6e0>,65,13,[11  4],66,-1,218,-1,205
1,<environment.Job instance at 0x7fef9121e8c0>,66,12,[11  5],67,-1,217,-1,205
1,<environment.Job instance at 0x7fef8fd04730>,6,23,[ 2 11],7,-1,30,-1,7
1,<environment.Job instance at 0x7fef8fd04b40>,7,21,[ 1 11],8,-1,29,-1,8
1,<environment.Job instance at 0x7fef8fd04910>,8,1,[ 2 14],9,-1,10,-1,9
1,<environment.Job instance at 0x7fef90c862d0>,11,15,[13  2],12,-1,27,-1,12
1,<environment.Job instance at 0x7fef8fd048c0>,12,16,[ 5 11],13,-1,29,-1,13
1,<environment.Job instance at 0x7fef8fd294b0>,13,18,[13  4],14,-1,32,-1,14
1,<environment.Job instance at 0x7fef8fd29c80>,14,15,[ 3 14],15,-1,30,-1,15
1,<environment.Job instance at 0x7fef8fd29f00>,15,18,[13  2],16,-1,34,-1,16
1,<environment.Job instance at 0x7fef8fd29b40>,16,1,[12  5],17,-1,18,-1,17
1,<environment.Job instance at 0x7fef8fd29aa0>,21,12,[ 4 14],22,-1,56,-1,44
1,<environment.Job instance at 0x7fef8fd291e0>,23,18,[14  1],24,-1,67,-1,49
1,<environment.Job instance at 0x7fef8ff69f50>,25,15,[12  1],26,-1,72,-1,57
1,<environment.Job instance at 0x7fef8fcf9be0>,26,13,[ 5 12],27,-1,70,-1,57
1,<environment.Job instance at 0x7fef90d18320>,30,2,[3 9],31,-1,84,-1,82
1,<environment.Job instance at 0x7fef90d18e60>,31,28,[9 4],32,-1,110,-1,82
1,<environment.Job instance at 0x7fef90d147d0>,33,12,[ 3 13],34,-1,102,-1,90
1,<environment.Job instance at 0x7fef90d14820>,35,22,[1 9],36,-1,129,-1,107
1,<environment.Job instance at 0x7fef910a1d20>,38,24,[3 9],39,-1,131,-1,107
1,<environment.Job instance at 0x7fef90c105a0>,39,18,[ 3 12],40,-1,125,-1,107
1,<environment.Job instance at 0x7fef90c1b730>,40,18,[13  3],41,-1,125,-1,107
1,<environment.Job instance at 0x7fef8fd1d460>,41,2,[1 5],42,-1,109,-1,107
1,<environment.Job instance at 0x7fef8ff74050>,52,14,[5 9],53,-1,230,-1,216
1,<environment.Job instance at 0x7fef90c11c30>,54,24,[5 9],55,-1,240,-1,216
1,<environment.Job instance at 0x7fef90c11e60>,56,23,[3 9],57,-1,249,-1,226
1,<environment.Job instance at 0x7fef8ff5cbe0>,57,26,[8 5],58,-1,252,-1,226
1,<environment.Job instance at 0x7fef90c11fa0>,58,15,[6 1],59,-1,241,-1,226
1,<environment.Job instance at 0x7fef90c22320>,59,1,[ 1 12],60,-1,227,-1,226
1,<environment.Job instance at 0x7fef90c224b0>,61,27,[10  5],62,-1,258,-1,231
1,<environment.Job instance at 0x7fef90c228c0>,65,24,[13  2],66,-1,277,-1,253
1,<environment.Job instance at 0x7fef90c22c80>,4,23,[ 5 10],5,-1,28,-1,5
1,<environment.Job instance at 0x7fef90eb6c80>,6,22,[ 1 14],7,-1,29,-1,7
1,<environment.Job instance at 0x7fef90eb6f50>,7,3,[11  2],8,-1,15,-1,12
1,<environment.Job instance at 0x7fef90eb6730>,10,27,[ 4 11],11,-1,39,-1,12
1,<environment.Job instance at 0x7fef90eb64b0>,11,15,[13  2],12,-1,27,-1,12
1,<environment.Job instance at 0x7fef90ed6aa0>,18,16,[ 5 13],19,-1,61,-1,45
1,<environment.Job instance at 0x7fef90ed67d0>,20,3,[ 4 14],21,-1,53,-1,50
1,<environment.Job instance at 0x7fef90ed6870>,21,15,[14  4],22,-1,65,-1,50
1,<environment.Job instance at 0x7fef90ed6820>,23,25,[4 7],24,-1,75,-1,50
1,<environment.Job instance at 0x7fef90ed6640>,24,3,[11  5],25,-1,54,-1,51
1,<environment.Job instance at 0x7fef90c5da00>,25,3,[ 4 14],26,-1,54,-1,51
1,<environment.Job instance at 0x7fef90c5d870>,26,28,[ 4 11],27,-1,79,-1,51
1,<environment.Job instance at 0x7fef90c5d460>,28,18,[11  1],29,-1,82,-1,64
1,<environment.Job instance at 0x7fef90c5ddc0>,30,24,[3 8],31,-1,120,-1,96
1,<environment.Job instance at 0x7fef90c8b500>,35,15,[ 3 14],36,-1,129,-1,114
1,<environment.Job instance at 0x7fef90c8b640>,41,28,[10  5],42,-1,194,-1,166
1,<environment.Job instance at 0x7fef90c8bb90>,42,25,[8 4],43,-1,191,-1,166
1,<environment.Job instance at 0x7fef90c8b550>,44,18,[13  1],45,-1,202,-1,184
1,<environment.Job instance at 0x7fef90c64fa0>,46,14,[ 1 14],47,-1,198,-1,184
1,<environment.Job instance at 0x7fef90c64cd0>,48,2,[10  1],49,-1,186,-1,184
1,<environment.Job instance at 0x7fef90c64050>,49,25,[8 3],50,-1,209,-1,184
1,<environment.Job instance at 0x7fef90c64280>,50,2,[5 5],51,-1,186,-1,184
1,<environment.Job instance at 0x7fef90c64410>,52,24,[11  1],53,-1,221,-1,197
1,<environment.Job instance at 0x7fef90c64230>,55,25,[5 7],56,-1,227,-1,202
1,<environment.Job instance at 0x7fef90c64f50>,57,18,[11  2],58,-1,232,-1,214
1,<environment.Job instance at 0x7fef90c80cd0>,60,14,[12  3],61,-1,241,-1,227
1,<environment.Job instance at 0x7fef90c805a0>,63,28,[4 5],64,-1,276,-1,248
1,<environment.Job instance at 0x7fef90c80aa0>,64,1,[ 3 10],65,-1,249,-1,248
1,<environment.Job instance at 0x7fef90c807d0>,68,24,[14  3],69,-1,284,-1,260
1,<environment.Job instance at 0x7fef90ed69b0>,2,27,[2 9],3,-1,30,-1,3
1,<environment.Job instance at 0x7fef8ff477d0>,5,26,[ 5 11],6,-1,32,-1,6
1,<environment.Job instance at 0x7fef90ed6320>,7,23,[10  4],8,-1,34,-1,11
1,<environment.Job instance at 0x7fef8ff47b40>,12,26,[5 4],13,-1,39,-1,13
1,<environment.Job instance at 0x7fef8ff479b0>,13,26,[ 1 10],14,-1,40,-1,14
1,<environment.Job instance at 0x7fef8ff3a640>,26,13,[ 5 11],27,-1,119,-1,106
1,<environment.Job instance at 0x7fef8ff3a870>,29,2,[ 4 11],30,-1,129,-1,127
1,<environment.Job instance at 0x7fef8ff3a9b0>,30,24,[8 5],31,-1,151,-1,127
1,<environment.Job instance at 0x7fef8ff3aa00>,33,17,[13  2],34,-1,159,-1,142
1,<environment.Job instance at 0x7fef8ff3ab40>,34,23,[9 3],35,-1,169,-1,146
1,<environment.Job instance at 0x7fef8ff3aeb0>,39,14,[ 5 14],40,-1,180,-1,166
1,<environment.Job instance at 0x7fef8ff3af50>,42,25,[10  1],43,-1,213,-1,188
1,<environment.Job instance at 0x7fef8ff643c0>,46,21,[12  2],47,-1,233,-1,212
1,<environment.Job instance at 0x7fef8ff64500>,48,14,[ 1 14],49,-1,241,-1,227
1,<environment.Job instance at 0x7fef8ff64640>,50,15,[12  3],51,-1,247,-1,232
1,<environment.Job instance at 0x7fef8ff64780>,52,14,[ 5 14],53,-1,260,-1,246
1,<environment.Job instance at 0x7fef8ff648c0>,54,13,[12  5],55,-1,261,-1,248
1,<environment.Job instance at 0x7fef8ff64960>,55,12,[12  3],56,-1,260,-1,248
1,<environment.Job instance at 0x7fef8ff64aa0>,57,15,[12  3],58,-1,272,-1,257
1,<environment.Job instance at 0x7fef8ff64f00>,61,23,[5 9],62,-1,306,-1,283
1,<environment.Job instance at 0x7fef8ff64d70>,62,24,[11  4],63,-1,307,-1,283
1,<environment.Job instance at 0x7fef8fe4a1e0>,65,15,[ 4 12],66,-1,313,-1,298
1,<environment.Job instance at 0x7fef8fe4a320>,67,25,[ 1 10],68,-1,326,-1,301
1,<environment.Job instance at 0x7fef8fe4a3c0>,68,1,[8 4],69,-1,312,-1,311
1,<environment.Job instance at 0x7fef8ff47910>,9,16,[5 4],10,-1,4392,-1,4376
1,<environment.Job instance at 0x7fef8ff47aa0>,18,28,[14  3],19,-1,4404,-1,4376
1,<environment.Job instance at 0x7fa4dc615c80>,8,15,[ 4 13],9,-1,27,-1,12
1,<environment.Job instance at 0x7fa4dc615a00>,5,17,[1 6],6,-1,35,-1,18
1,<environment.Job instance at 0x7fa4dc615b90>,10,12,[2 8],11,-1,30,-1,18
1,<environment.Job instance at 0x7fa4dc618050>,14,21,[8 1],15,-1,57,-1,36
1,<environment.Job instance at 0x7fa4dc618460>,16,28,[5 1],17,-1,64,-1,36
1,<environment.Job instance at 0x7fa4dc618500>,17,12,[6 4],18,-1,48,-1,36
1,<environment.Job instance at 0x7fa4dc618140>,18,18,[13  1],19,-1,54,-1,36
1,<environment.Job instance at 0x7fa4dc618640>,19,23,[8 4],20,-1,59,-1,36
1,<environment.Job instance at 0x7fa4dc6186e0>,20,17,[ 2 14],21,-1,53,-1,36
1,<environment.Job instance at 0x7fa4dc6185f0>,21,14,[ 4 11],22,-1,50,-1,36
1,<environment.Job instance at 0x7fa4dc618a00>,23,16,[12  2],24,-1,60,-1,44
1,<environment.Job instance at 0x7fa4dc618960>,24,2,[4 6],25,-1,46,-1,44
1,<environment.Job instance at 0x7fa4dc618af0>,25,2,[5 7],26,-1,46,-1,44
1,<environment.Job instance at 0x7fa4dc618b90>,26,12,[8 5],27,-1,56,-1,44
1,<environment.Job instance at 0x7fa4dc618cd0>,28,17,[ 1 13],29,-1,71,-1,54
1,<environment.Job instance at 0x7fa4dc618d70>,29,24,[4 7],30,-1,78,-1,54
1,<environment.Job instance at 0x7fa4dc618e10>,30,26,[9 4],31,-1,80,-1,54
1,<environment.Job instance at 0x7fa4dc618f50>,31,15,[9 2],32,-1,69,-1,54
1,<environment.Job instance at 0x7fa4dc618aa0>,32,12,[12  3],33,-1,66,-1,54
1,<environment.Job instance at 0x7fa4dc618910>,33,21,[12  3],34,-1,75,-1,54
1,<environment.Job instance at 0x7fa4dc618f00>,34,12,[3 6],35,-1,66,-1,54
1,<environment.Job instance at 0x7fa4dc61b370>,36,25,[12  3],37,-1,87,-1,62
1,<environment.Job instance at 0x7fa4dc61b280>,38,24,[13  2],39,-1,94,-1,70
1,<environment.Job instance at 0x7fa4dc61b500>,40,26,[ 1 14],41,-1,114,-1,88
1,<environment.Job instance at 0x7fa4dc61b5a0>,41,12,[8 3],42,-1,100,-1,88
1,<environment.Job instance at 0x7fa4dc61b640>,42,12,[ 5 12],43,-1,100,-1,88
1,<environment.Job instance at 0x7fa4dc61b6e0>,43,16,[1 8],44,-1,104,-1,88
1,<environment.Job instance at 0x7fa4dc61b2d0>,44,12,[9 3],45,-1,100,-1,88
1,<environment.Job instance at 0x7fa4dc61b7d0>,45,12,[ 3 14],46,-1,100,-1,88
1,<environment.Job instance at 0x7fa4dc61ba50>,47,14,[12  2],48,-1,102,-1,88
1,<environment.Job instance at 0x7fa4dc61baf0>,48,14,[ 1 11],49,-1,102,-1,88
1,<environment.Job instance at 0x7fa4dc61bb90>,49,13,[1 5],50,-1,101,-1,88
1,<environment.Job instance at 0x7fa4dc61bc30>,50,13,[ 4 12],51,-1,101,-1,88
1,<environment.Job instance at 0x7fa4dc61bd70>,52,21,[6 4],53,-1,110,-1,89
1,<environment.Job instance at 0x7fa4dc61be10>,53,12,[ 3 14],54,-1,101,-1,89
1,<environment.Job instance at 0x7fa4dc61bfa0>,54,3,[ 3 13],55,-1,92,-1,89
1,<environment.Job instance at 0x7fa4dc61bf00>,56,2,[4 7],57,-1,105,-1,103
1,<environment.Job instance at 0x7fa4dc61bd20>,57,17,[ 2 14],58,-1,120,-1,103
1,<environment.Job instance at 0x7fa4dc61e1e0>,58,28,[10  3],59,-1,131,-1,103
1,<environment.Job instance at 0x7fa4dc61e280>,59,21,[9 1],60,-1,124,-1,103
1,<environment.Job instance at 0x7fa4dc61e320>,60,14,[ 2 10],61,-1,117,-1,103
1,<environment.Job instance at 0x7fa4dc61e3c0>,61,2,[ 1 12],62,-1,105,-1,103
1,<environment.Job instance at 0x7fa4dc61e500>,62,2,[5 9],63,-1,105,-1,103
1,<environment.Job instance at 0x7fa4dc61e730>,66,28,[3 6],67,-1,144,-1,116
1,<environment.Job instance at 0x7fa4dc61e7d0>,67,16,[1 9],68,-1,134,-1,118
1,<environment.Job instance at 0x7fa4dc61eb40>,70,22,[ 3 10],71,-1,152,-1,130
1,<environment.Job instance at 0x7fa4dc61edc0>,75,28,[ 2 10],76,-1,180,-1,152
1,<environment.Job instance at 0x7fa4dc61ee60>,76,13,[10  1],77,-1,165,-1,152
1,<environment.Job instance at 0x7fa4dc61ef00>,77,16,[8 1],78,-1,168,-1,152
1,<environment.Job instance at 0x7fa4dc61efa0>,78,14,[6 1],79,-1,166,-1,152
1,<environment.Job instance at 0x7fa4dc615e60>,7,26,[9 3],8,-1,181,-1,155
1,<environment.Job instance at 0x7fa4dc615e10>,9,23,[13  1],10,-1,182,-1,159
1,<environment.Job instance at 0x7fa4dbd5bf50>,4,1,[5 5],5,-1,7,-1,6
1,<environment.Job instance at 0x7fa4dbd58640>,10,22,[9 2],11,-1,35,-1,13
1,<environment.Job instance at 0x7fa4dbd58410>,11,15,[9 1],12,-1,28,-1,13
1,<environment.Job instance at 0x7fa4dbd58960>,12,23,[9 1],13,-1,36,-1,13
1,<environment.Job instance at 0x7fa4dbd58230>,13,25,[ 1 13],14,-1,39,-1,14
1,<environment.Job instance at 0x7fa4dbd584b0>,14,21,[14  5],15,-1,36,-1,15
1,<environment.Job instance at 0x7fa4dbd59780>,19,2,[13  5],20,-1,48,-1,46
1,<environment.Job instance at 0x7fa4dbd59b90>,20,28,[5 9],21,-1,74,-1,46
1,<environment.Job instance at 0x7fa4dbd59f50>,21,15,[ 2 13],22,-1,61,-1,46
1,<environment.Job instance at 0x7fa4dbd593c0>,22,13,[11  4],23,-1,59,-1,46
1,<environment.Job instance at 0x7fa4dbd595a0>,23,16,[1 9],24,-1,62,-1,46
1,<environment.Job instance at 0x7fa4dbd591e0>,24,1,[ 1 10],25,-1,47,-1,46
1,<environment.Job instance at 0x7fa4dbd597d0>,26,22,[ 4 14],27,-1,76,-1,54
1,<environment.Job instance at 0x7fa4dbd59320>,29,27,[ 3 11],30,-1,95,-1,68
1,<environment.Job instance at 0x7fa4dbe6cf00>,30,23,[5 1],31,-1,91,-1,68
1,<environment.Job instance at 0x7fa4dbfb04b0>,31,17,[12  4],32,-1,85,-1,68
1,<environment.Job instance at 0x7fa4dbf1db40>,32,12,[1 6],33,-1,80,-1,68
1,<environment.Job instance at 0x7fa4dbd50910>,33,17,[5 1],34,-1,85,-1,68
1,<environment.Job instance at 0x7fa4dbe7d5a0>,34,19,[9 2],35,-1,88,-1,69
1,<environment.Job instance at 0x7fa4dbe7d3c0>,35,2,[1 6],36,-1,71,-1,69
1,<environment.Job instance at 0x7fa4dbe92050>,36,12,[8 4],37,-1,81,-1,69
1,<environment.Job instance at 0x7fa4dbfa8190>,37,22,[10  3],38,-1,91,-1,69
1,<environment.Job instance at 0x7fa4dbe92870>,38,13,[9 1],39,-1,82,-1,69
1,<environment.Job instance at 0x7fa4dbd50eb0>,39,12,[13  1],40,-1,81,-1,69
1,<environment.Job instance at 0x7fa4dbe3b730>,40,24,[8 1],41,-1,93,-1,69
1,<environment.Job instance at 0x7fa4dbe3b870>,41,2,[ 5 14],42,-1,71,-1,69
1,<environment.Job instance at 0x7fa4dbe3b690>,42,25,[1 8],43,-1,94,-1,69
1,<environment.Job instance at 0x7fa4dbe3b500>,43,3,[10  3],44,-1,72,-1,69
1,<environment.Job instance at 0x7fa4dbbd95f0>,45,18,[2 9],46,-1,98,-1,80
1,<environment.Job instance at 0x7fa4dbbd12d0>,47,2,[5 5],48,-1,82,-1,80
1,<environment.Job instance at 0x7fa4dbbd1b90>,48,19,[1 7],49,-1,106,-1,87
1,<environment.Job instance at 0x7fa4dbbc9e60>,51,13,[ 3 14],52,-1,100,-1,87
1,<environment.Job instance at 0x7fa4dbbc0e60>,53,13,[ 5 10],54,-1,107,-1,94
1,<environment.Job instance at 0x7fa4dbc95f50>,56,1,[9 5],57,-1,110,-1,109
1,<environment.Job instance at 0x7fa4dbc2c820>,57,28,[ 2 10],58,-1,137,-1,109
1,<environment.Job instance at 0x7fa4dbc2cd20>,58,24,[6 5],59,-1,133,-1,109
1,<environment.Job instance at 0x7fa4dbc297d0>,60,1,[ 3 11],61,-1,110,-1,109
1,<environment.Job instance at 0x7fa4dbc29550>,61,14,[ 3 10],62,-1,123,-1,109
1,<environment.Job instance at 0x7fa4dbca17d0>,62,15,[ 2 13],63,-1,124,-1,109
1,<environment.Job instance at 0x7fa4dc56da50>,63,26,[7 2],64,-1,135,-1,109
1,<environment.Job instance at 0x7fa4dbcfe550>,64,20,[13  4],65,-1,129,-1,109
1,<environment.Job instance at 0x7fa4dbd4f1e0>,65,3,[9 2],66,-1,112,-1,109
1,<environment.Job instance at 0x7fa4dbca1960>,66,13,[10  5],67,-1,130,-1,117
1,<environment.Job instance at 0x7fa4dbd58370>,67,2,[3 8],68,-1,119,-1,117
1,<environment.Job instance at 0x7fa4dbd581e0>,68,3,[4 8],69,-1,120,-1,117
1,<environment.Job instance at 0x7fa4dbc092d0>,71,22,[5 6],72,-1,147,-1,125
1,<environment.Job instance at 0x7fa4dbd4ed70>,72,26,[6 4],73,-1,151,-1,125
1,<environment.Job instance at 0x7fa4dbbfda50>,74,15,[ 2 10],75,-1,142,-1,127
1,<environment.Job instance at 0x7fa4dbc11910>,75,25,[ 3 13],76,-1,152,-1,127
1,<environment.Job instance at 0x7fa4dbc11a00>,77,25,[ 2 11],78,-1,166,-1,141
1,<environment.Job instance at 0x7fa4dbc11af0>,78,1,[14  3],79,-1,142,-1,141
1,<environment.Job instance at 0x7fa4dbbc9c30>,2,22,[ 2 11],3,-1,25,-1,3
1,<environment.Job instance at 0x7fa4dbc01690>,3,2,[13  5],4,-1,6,-1,4
1,<environment.Job instance at 0x7fa4dbc01c80>,5,13,[ 5 14],6,-1,19,-1,6
1,<environment.Job instance at 0x7fa4dbc01500>,15,27,[ 3 13],16,-1,69,-1,42
1,<environment.Job instance at 0x7fa4dbbfaa50>,40,2,[11  3],41,-1,294,-1,292
1,<environment.Job instance at 0x7fa4dbbf49b0>,48,12,[14  4],49,-1,361,-1,349
1,<environment.Job instance at 0x7fa4dbbf46e0>,51,12,[ 4 14],52,-1,372,-1,360
1,<environment.Job instance at 0x7fa4dbbf4eb0>,52,16,[ 5 12],53,-1,376,-1,360
1,<environment.Job instance at 0x7fa4dbbf8a50>,54,16,[ 1 14],55,-1,394,-1,378
1,<environment.Job instance at 0x7fa4dbbf8780>,55,18,[ 1 14],56,-1,396,-1,378
1,<environment.Job instance at 0x7fa4dbbf8f50>,56,23,[1 9],57,-1,427,-1,404
1,<environment.Job instance at 0x7fa4dbbf8f00>,58,25,[4 8],59,-1,429,-1,404
1,<environment.Job instance at 0x7fa4dbbf8460>,59,3,[11  3],60,-1,407,-1,404
1,<environment.Job instance at 0x7fa4dbbf8320>,60,15,[14  2],61,-1,419,-1,404
1,<environment.Job instance at 0x7fa4dbbf8e60>,61,18,[11  1],62,-1,422,-1,404
1,<environment.Job instance at 0x7fa4dbbf8d70>,63,17,[12  1],64,-1,436,-1,419
1,<environment.Job instance at 0x7fa4dbc900f0>,70,22,[ 4 10],71,-1,498,-1,476
1,<environment.Job instance at 0x7fa4dbc90640>,74,12,[13  1],75,-1,501,-1,489
1,<environment.Job instance at 0x7fa4dbc90550>,75,13,[ 1 12],76,-1,502,-1,489
1,<environment.Job instance at 0x7fa4dbc26780>,4,27,[ 4 13],5,-1,32,-1,5
1,<environment.Job instance at 0x7fa4e5d70be0>,6,27,[11  1],7,-1,34,-1,7
1,<environment.Job instance at 0x7fa4dcabadc0>,10,23,[1 8],11,-1,34,-1,11
1,<environment.Job instance at 0x7fa4dcabaaa0>,11,27,[5 6],12,-1,39,-1,12
1,<environment.Job instance at 0x7fa4dcaba870>,14,26,[ 2 13],15,-1,46,-1,20
1,<environment.Job instance at 0x7fa4dcaba640>,15,28,[14  4],16,-1,48,-1,20
1,<environment.Job instance at 0x7fa4dcababe0>,16,1,[3 9],17,-1,21,-1,20
1,<environment.Job instance at 0x7fa4dcabae60>,17,20,[ 4 11],18,-1,40,-1,20
1,<environment.Job instance at 0x7fa4dcaba730>,20,27,[1 5],21,-1,69,-1,42
1,<environment.Job instance at 0x7fa4dcabac30>,21,26,[5 3],22,-1,68,-1,42
1,<environment.Job instance at 0x7fa4dcabaf50>,23,18,[ 1 10],24,-1,63,-1,45
1,<environment.Job instance at 0x7fa4dcaba230>,24,15,[14  2],25,-1,60,-1,45
1,<environment.Job instance at 0x7fa4dcaba0a0>,25,22,[3 7],26,-1,68,-1,46
1,<environment.Job instance at 0x7fa4dcabaaf0>,29,28,[ 2 10],30,-1,96,-1,68
1,<environment.Job instance at 0x7fa4dcaba320>,30,2,[13  1],31,-1,70,-1,68
1,<environment.Job instance at 0x7fa4dca9da50>,36,20,[11  2],37,-1,123,-1,103
1,<environment.Job instance at 0x7fa4dca9dbe0>,37,26,[2 8],38,-1,129,-1,103
1,<environment.Job instance at 0x7fa4dca9de10>,39,20,[ 4 10],40,-1,135,-1,115
1,<environment.Job instance at 0x7fa4dca9daf0>,41,2,[7 3],42,-1,120,-1,118
1,<environment.Job instance at 0x7fa4dca9d820>,43,2,[5 7],44,-1,136,-1,134
1,<environment.Job instance at 0x7fa4dca9dc80>,44,2,[8 1],45,-1,136,-1,134
1,<environment.Job instance at 0x7fa4dca9df00>,45,27,[9 5],46,-1,161,-1,134
1,<environment.Job instance at 0x7fa4dca9dfa0>,47,14,[12  2],48,-1,148,-1,134
1,<environment.Job instance at 0x7fa4dca9dc30>,48,2,[ 4 11],49,-1,136,-1,134
1,<environment.Job instance at 0x7fa4dca9d370>,49,3,[9 4],50,-1,137,-1,134
1,<environment.Job instance at 0x7fa4dca9d280>,50,2,[2 9],51,-1,136,-1,134
1,<environment.Job instance at 0x7fa4dca9d9b0>,53,27,[2 7],54,-1,173,-1,146
1,<environment.Job instance at 0x7fa4dcba0370>,55,27,[1 5],56,-1,186,-1,159
1,<environment.Job instance at 0x7fa4dcba02d0>,57,15,[14  2],58,-1,174,-1,159
1,<environment.Job instance at 0x7fa4dcba00a0>,58,2,[8 3],59,-1,161,-1,159
1,<environment.Job instance at 0x7fa4dc101780>,62,17,[13  5],63,-1,197,-1,180
1,<environment.Job instance at 0x7fa4dc101b90>,63,13,[ 5 14],64,-1,193,-1,180
1,<environment.Job instance at 0x7fa4dc101550>,64,3,[4 5],65,-1,183,-1,180
1,<environment.Job instance at 0x7fa4dc101730>,71,18,[ 1 11],72,-1,242,-1,224
1,<environment.Job instance at 0x7fa4dc101dc0>,74,25,[5 6],75,-1,265,-1,240
1,<environment.Job instance at 0x7fa4dc1012d0>,76,14,[11  4],77,-1,274,-1,260
1,<environment.Job instance at 0x7fa4dcaba460>,13,18,[ 1 11],14,-1,715,-1,697
1,<environment.Job instance at 0x7fa4e5d701e0>,9,16,[5 8],10,-1,4079,-1,4063
1,<environment.Job instance at 0x7fa4dd137cd0>,3,27,[ 4 13],4,-1,31,-1,4
1,<environment.Job instance at 0x7fa4e5d70e10>,4,28,[1 8],5,-1,34,-1,6
1,<environment.Job instance at 0x7fa4dd141e60>,6,12,[ 5 12],7,-1,19,-1,7
1,<environment.Job instance at 0x7fa4dd141140>,7,28,[7 4],8,-1,36,-1,8
1,<environment.Job instance at 0x7fa4dd141c80>,8,27,[4 6],9,-1,36,-1,9
1,<environment.Job instance at 0x7fa4dd126eb0>,22,21,[ 4 14],23,-1,97,-1,76
1,<environment.Job instance at 0x7fa4dd126aa0>,24,20,[2 5],25,-1,97,-1,77
1,<environment.Job instance at 0x7fa4dd147960>,25,13,[12  1],26,-1,90,-1,77
1,<environment.Job instance at 0x7fa4dd147a00>,26,12,[14  3],27,-1,89,-1,77
1,<environment.Job instance at 0x7fa4dbf8ec80>,27,1,[ 4 11],28,-1,78,-1,77
1,<environment.Job instance at 0x7fa4dc30b9b0>,28,14,[2 9],29,-1,91,-1,77
1,<environment.Job instance at 0x7fa4dc471a50>,30,1,[ 4 10],31,-1,94,-1,93
1,<environment.Job instance at 0x7fa4dc03cc80>,31,25,[7 5],32,-1,118,-1,93
1,<environment.Job instance at 0x7fa4dc308460>,34,25,[2 8],35,-1,119,-1,94
1,<environment.Job instance at 0x7fa4dc304280>,37,28,[8 2],38,-1,134,-1,106
1,<environment.Job instance at 0x7fa4dbf963c0>,38,26,[8 3],39,-1,132,-1,106
1,<environment.Job instance at 0x7fa4dc0598c0>,40,27,[ 3 11],41,-1,139,-1,112
1,<environment.Job instance at 0x7fa4dc059e10>,41,15,[ 3 13],42,-1,127,-1,112
1,<environment.Job instance at 0x7fa4dc321730>,42,21,[ 5 10],43,-1,152,-1,131
1,<environment.Job instance at 0x7fa4dc049be0>,46,2,[5 3],47,-1,133,-1,131
1,<environment.Job instance at 0x7fa4dc0342d0>,48,18,[ 5 14],49,-1,161,-1,143
1,<environment.Job instance at 0x7fa4dc2f0d70>,50,19,[ 2 11],51,-1,176,-1,157
1,<environment.Job instance at 0x7fa4dc2f0f00>,53,20,[7 1],54,-1,177,-1,157
1,<environment.Job instance at 0x7fa4dc2f0cd0>,54,25,[4 9],55,-1,182,-1,157
1,<environment.Job instance at 0x7fa4dc2f0aa0>,55,26,[6 1],56,-1,183,-1,157
1,<environment.Job instance at 0x7fa4dc41d870>,56,28,[5 9],57,-1,185,-1,157
1,<environment.Job instance at 0x7fa4dc41d690>,57,24,[4 8],58,-1,181,-1,157
1,<environment.Job instance at 0x7fa4dc2fe910>,59,1,[10  5],60,-1,178,-1,177
1,<environment.Job instance at 0x7fa4dc41d280>,60,2,[ 2 12],61,-1,179,-1,177
1,<environment.Job instance at 0x7fa4dc2fe320>,61,13,[ 5 10],62,-1,190,-1,177
1,<environment.Job instance at 0x7fa4dc2fe9b0>,62,24,[7 4],63,-1,201,-1,177
1,<environment.Job instance at 0x7fa4dc2fec80>,68,19,[12  4],69,-1,238,-1,219
1,<environment.Job instance at 0x7fa4dc2fec30>,69,14,[ 5 12],70,-1,233,-1,219
1,<environment.Job instance at 0x7fa4dc2fe500>,71,25,[8 3],72,-1,244,-1,219
1,<environment.Job instance at 0x7fa4dc2fe370>,72,16,[ 2 11],73,-1,235,-1,219
1,<environment.Job instance at 0x7fa4dc4267d0>,73,28,[ 3 11],74,-1,247,-1,219
1,<environment.Job instance at 0x7fa4dc426910>,75,24,[2 7],76,-1,252,-1,228
1,<environment.Job instance at 0x7fa4dc4266e0>,76,16,[14  5],77,-1,244,-1,228
1,<environment.Job instance at 0x7fa4dc426aa0>,78,27,[14  3],79,-1,262,-1,235
1,<environment.Job instance at 0x7fa4dc0560a0>,2,13,[ 1 12],3,-1,16,-1,3
1,<environment.Job instance at 0x7fa4dc034280>,7,22,[ 3 11],8,-1,30,-1,8
1,<environment.Job instance at 0x7fa4dc034fa0>,14,13,[ 3 14],15,-1,50,-1,37
1,<environment.Job instance at 0x7fa4dc0340a0>,15,24,[ 4 14],16,-1,61,-1,37
1,<environment.Job instance at 0x7fa4dc0344b0>,17,24,[7 3],18,-1,61,-1,37
1,<environment.Job instance at 0x7fa4dc034af0>,18,27,[9 5],19,-1,64,-1,37
1,<environment.Job instance at 0x7fa4dc034cd0>,19,22,[7 5],20,-1,64,-1,42
1,<environment.Job instance at 0x7fa4dcca74b0>,20,14,[ 3 13],21,-1,56,-1,42
1,<environment.Job instance at 0x7fa4dcca75a0>,21,26,[6 2],22,-1,68,-1,42
1,<environment.Job instance at 0x7fa4dcca76e0>,22,16,[ 4 10],23,-1,60,-1,44
1,<environment.Job instance at 0x7fa4dcca7960>,23,23,[12  5],24,-1,67,-1,44
1,<environment.Job instance at 0x7fa4dccc1f00>,24,13,[ 4 14],25,-1,57,-1,44
1,<environment.Job instance at 0x7fa4dccc1eb0>,25,19,[13  2],26,-1,63,-1,44
1,<environment.Job instance at 0x7fa4dca66320>,31,18,[ 2 13],32,-1,111,-1,93
1,<environment.Job instance at 0x7fa4dca66140>,35,14,[10  2],36,-1,143,-1,129
1,<environment.Job instance at 0x7fa4dca668c0>,36,17,[12  4],37,-1,146,-1,129
1,<environment.Job instance at 0x7fa4dca661e0>,37,25,[6 4],38,-1,154,-1,129
1,<environment.Job instance at 0x7fa4dcc94b40>,39,18,[14  5],40,-1,147,-1,129
1,<environment.Job instance at 0x7fa4dcc94370>,40,13,[ 4 10],41,-1,142,-1,129
1,<environment.Job instance at 0x7fa4dcc94a00>,41,24,[5 5],42,-1,153,-1,129
1,<environment.Job instance at 0x7fa4dcc94780>,42,3,[8 5],43,-1,132,-1,129
1,<environment.Job instance at 0x7fa4dcc94e10>,43,14,[ 2 11],44,-1,143,-1,129
1,<environment.Job instance at 0x7fa4dcc94640>,44,1,[4 6],45,-1,130,-1,129
1,<environment.Job instance at 0x7fa4dcc943c0>,45,28,[ 5 10],46,-1,157,-1,129
1,<environment.Job instance at 0x7fa4dcc94be0>,47,13,[ 5 11],48,-1,147,-1,134
1,<environment.Job instance at 0x7fa4dc02ce60>,49,19,[ 4 14],50,-1,170,-1,151
1,<environment.Job instance at 0x7fa4dc02c500>,51,26,[ 3 12],52,-1,191,-1,165
1,<environment.Job instance at 0x7fa4dc02cc80>,52,14,[ 3 14],53,-1,179,-1,165
1,<environment.Job instance at 0x7fa4dc02c370>,54,2,[3 7],55,-1,185,-1,183
1,<environment.Job instance at 0x7fa4dc02c280>,56,17,[ 5 14],57,-1,200,-1,183
1,<environment.Job instance at 0x7fa4dc02c1e0>,58,2,[7 2],59,-1,185,-1,183
1,<environment.Job instance at 0x7fa4dc02cb40>,59,2,[ 4 11],60,-1,185,-1,183
1,<environment.Job instance at 0x7fa4dc02c870>,61,3,[2 8],62,-1,199,-1,196
1,<environment.Job instance at 0x7fa4dc02c550>,63,12,[12  2],64,-1,208,-1,196
1,<environment.Job instance at 0x7fa4dc02ca00>,64,12,[14  2],65,-1,208,-1,196
1,<environment.Job instance at 0x7fa4dc02c780>,65,15,[ 4 10],66,-1,211,-1,196
1,<environment.Job instance at 0x7fa4dc02c7d0>,66,13,[14  5],67,-1,209,-1,196
1,<environment.Job instance at 0x7fa4dc02c3c0>,67,25,[7 3],68,-1,221,-1,196
1,<environment.Job instance at 0x7fa4dc03ee10>,68,16,[ 1 14],69,-1,212,-1,196
1,<environment.Job instance at 0x7fa4dc03e780>,70,12,[ 2 13],71,-1,222,-1,210
1,<environment.Job instance at 0x7fa4dc03e870>,77,24,[10  3],78,-1,296,-1,272
1,<environment.Job instance at 0x7fa4dc03eb40>,78,18,[11  2],79,-1,290,-1,272
1,<environment.Job instance at 0x7fa4dc03e690>,76,18,[9 4],77,-1,3168,-1,3150
1,<environment.Job instance at 0x7fa4dc034a50>,6,17,[13  3],7,-1,4975,-1,4958
1,<environment.Job instance at 0x7fa4dc034a50>,2,12,[ 4 11],3,-1,15,-1,3
1,<environment.Job instance at 0x7fa4dc758dc0>,4,14,[ 1 13],5,-1,19,-1,5
1,<environment.Job instance at 0x7fa4e57e1c30>,6,25,[5 3],7,-1,33,-1,8
1,<environment.Job instance at 0x7fa4e57e1fa0>,13,16,[1 9],14,-1,54,-1,38
1,<environment.Job instance at 0x7fa4e57dd230>,15,28,[13  5],16,-1,66,-1,38
1,<environment.Job instance at 0x7fa4e57dd2d0>,16,23,[6 4],17,-1,61,-1,38
1,<environment.Job instance at 0x7fa4e57dd4b0>,17,21,[3 8],18,-1,65,-1,44
1,<environment.Job instance at 0x7fa4e57dd690>,21,25,[5 5],22,-1,75,-1,50
1,<environment.Job instance at 0x7fa4e57dd730>,22,26,[12  3],23,-1,76,-1,50
1,<environment.Job instance at 0x7fa4e57dd640>,23,2,[14  4],24,-1,52,-1,50
1,<environment.Job instance at 0x7fa4e57dd910>,25,24,[ 5 13],26,-1,83,-1,59
1,<environment.Job instance at 0x7fa4e57dd9b0>,26,25,[7 5],27,-1,84,-1,59
1,<environment.Job instance at 0x7fa4e57ddaf0>,28,3,[ 5 13],29,-1,72,-1,69
1,<environment.Job instance at 0x7fa4e57ddb90>,29,18,[ 1 14],30,-1,87,-1,69
1,<environment.Job instance at 0x7fa4e57ddc30>,30,19,[14  4],31,-1,88,-1,69
1,<environment.Job instance at 0x7fa4e57ddd70>,31,14,[14  2],32,-1,83,-1,69
1,<environment.Job instance at 0x7fa4e57ddfa0>,37,14,[11  1],38,-1,114,-1,100
1,<environment.Job instance at 0x7fa4e57b3230>,38,22,[ 3 11],39,-1,122,-1,100
1,<environment.Job instance at 0x7fa4e57b32d0>,39,16,[12  3],40,-1,116,-1,100
1,<environment.Job instance at 0x7fa4e57b3460>,41,14,[14  1],42,-1,123,-1,109
1,<environment.Job instance at 0x7fa4e57b33c0>,42,16,[12  4],43,-1,125,-1,109
1,<environment.Job instance at 0x7fa4e57b3410>,45,17,[ 4 13],46,-1,147,-1,130
1,<environment.Job instance at 0x7fa4e57b38c0>,48,27,[13  4],49,-1,171,-1,144
1,<environment.Job instance at 0x7fa4e57b3960>,49,17,[13  4],50,-1,161,-1,144
1,<environment.Job instance at 0x7fa4e57b3b40>,50,13,[14  2],51,-1,157,-1,144
1,<environment.Job instance at 0x7fa4e57b3c80>,52,24,[10  1],53,-1,168,-1,144
1,<environment.Job instance at 0x7fa4e57b3dc0>,54,13,[5 2],55,-1,166,-1,153
1,<environment.Job instance at 0x7fa4e57b3e60>,55,16,[ 2 10],56,-1,170,-1,154
1,<environment.Job instance at 0x7fa4e57b3fa0>,57,12,[ 4 10],58,-1,166,-1,154
1,<environment.Job instance at 0x7fa4e57b3eb0>,58,1,[11  3],59,-1,155,-1,154
1,<environment.Job instance at 0x7fa4e57ea140>,59,25,[2 7],60,-1,179,-1,154
1,<environment.Job instance at 0x7fa4e57ea370>,64,12,[ 4 10],65,-1,211,-1,199
1,<environment.Job instance at 0x7fa4e57eabe0>,73,22,[ 5 13],74,-1,277,-1,255
1,<environment.Job instance at 0x7fa4e57bb2d0>,75,27,[11  2],76,-1,294,-1,267
1,<environment.Job instance at 0x7fa4dc3d4640>,77,14,[ 3 10],78,-1,281,-1,267
1,<environment.Job instance at 0x7fa4e57e5b90>,78,13,[4 5],79,-1,285,-1,272
1,<environment.Job instance at 0x7fa4dc034500>,2,27,[10  1],3,-1,31,-1,4
1,<environment.Job instance at 0x7fa4dbe15960>,4,13,[ 5 11],5,-1,18,-1,5
1,<environment.Job instance at 0x7fa4dcf1ad70>,5,27,[12  2],6,-1,33,-1,6
1,<environment.Job instance at 0x7fa4dbe15fa0>,8,24,[1 9],9,-1,35,-1,11
1,<environment.Job instance at 0x7fa4dcf1a230>,11,27,[ 1 14],12,-1,39,-1,12
1,<environment.Job instance at 0x7fa4dcf1a0a0>,12,12,[12  1],13,-1,25,-1,13
1,<environment.Job instance at 0x7fa4dcf1ae10>,13,2,[3 7],14,-1,17,-1,15
1,<environment.Job instance at 0x7fa4dcf1a6e0>,15,23,[3 6],16,-1,39,-1,16
1,<environment.Job instance at 0x7fa4dcf1a460>,17,27,[7 1],18,-1,50,-1,23
1,<environment.Job instance at 0x7fa4dcd6c190>,18,26,[ 3 10],19,-1,49,-1,23
1,<environment.Job instance at 0x7fa4dcd6ce60>,19,15,[ 3 10],20,-1,39,-1,24
1,<environment.Job instance at 0x7fa4dbdd1a00>,44,14,[ 1 10],45,-1,291,-1,277
1,<environment.Job instance at 0x7fa4dbdd1910>,45,25,[3 7],46,-1,302,-1,277
1,<environment.Job instance at 0x7fa4dbdd16e0>,48,25,[5 8],49,-1,308,-1,283
1,<environment.Job instance at 0x7fa4dc378960>,50,16,[ 1 13],51,-1,306,-1,290
1,<environment.Job instance at 0x7fa4dc378370>,51,28,[2 7],52,-1,318,-1,290
1,<environment.Job instance at 0x7fa4dc378870>,53,25,[3 9],54,-1,328,-1,303
1,<environment.Job instance at 0x7fa4dc3784b0>,56,23,[2 8],57,-1,326,-1,303
1,<environment.Job instance at 0x7fa4dc378aa0>,57,3,[1 9],58,-1,306,-1,303
1,<environment.Job instance at 0x7fa4dc378820>,59,27,[5 7],60,-1,343,-1,316
1,<environment.Job instance at 0x7fa4dc378b90>,60,15,[14  1],61,-1,331,-1,316
1,<environment.Job instance at 0x7fa4dc378690>,61,24,[13  2],62,-1,340,-1,316
1,<environment.Job instance at 0x7fa4dc378780>,64,15,[9 1],65,-1,386,-1,371
1,<environment.Job instance at 0x7fa4dc378f50>,69,3,[9 5],70,-1,374,-1,371
1,<environment.Job instance at 0x7fa4dc2c3690>,70,3,[1 8],71,-1,374,-1,371
1,<environment.Job instance at 0x7fa4dc2c3f00>,71,28,[9 2],72,-1,399,-1,371
1,<environment.Job instance at 0x7fa4dc2c3230>,72,15,[12  2],73,-1,386,-1,371
1,<environment.Job instance at 0x7fa4dc2c3190>,73,2,[10  2],74,-1,373,-1,371
1,<environment.Job instance at 0x7fa4dc2c3140>,74,15,[ 3 10],75,-1,386,-1,371
1,<environment.Job instance at 0x7fa4dc2c3eb0>,75,13,[12  4],76,-1,384,-1,371
1,<environment.Job instance at 0x7fa4dc2c3cd0>,78,26,[11  5],79,-1,397,-1,371
1,<environment.Job instance at 0x7fa4dd02c7d0>,6,14,[14  5],7,-1,21,-1,7
1,<environment.Job instance at 0x7fa4dd02cc80>,8,18,[ 4 11],9,-1,28,-1,10
1,<environment.Job instance at 0x7fa4e5861780>,12,19,[ 2 13],13,-1,36,-1,17
1,<environment.Job instance at 0x7fa4e5861230>,15,24,[12  4],16,-1,93,-1,69
1,<environment.Job instance at 0x7fa4dc0400a0>,21,27,[12  2],22,-1,96,-1,69
1,<environment.Job instance at 0x7fa4dc0402d0>,20,3,[1 8],21,-1,72,-1,69
1,<environment.Job instance at 0x7fa4dc040b40>,23,17,[12  2],24,-1,86,-1,69
1,<environment.Job instance at 0x7fa4dc040500>,26,21,[12  2],27,-1,94,-1,73
1,<environment.Job instance at 0x7fa4dc040a00>,27,25,[6 2],28,-1,98,-1,73
1,<environment.Job instance at 0x7fa4dc0404b0>,28,1,[5 5],29,-1,74,-1,73
1,<environment.Job instance at 0x7fa4dc4f9dc0>,32,14,[ 5 13],33,-1,118,-1,104
1,<environment.Job instance at 0x7fa4dc4f91e0>,34,22,[ 4 13],35,-1,126,-1,104
1,<environment.Job instance at 0x7fa4dc4f9280>,37,23,[3 9],38,-1,165,-1,142
1,<environment.Job instance at 0x7fa4dc4f9910>,39,2,[10  4],40,-1,144,-1,142
1,<environment.Job instance at 0x7fa4dc4f9230>,40,13,[ 2 11],41,-1,155,-1,142
1,<environment.Job instance at 0x7fa4dc4f9b90>,42,28,[9 2],43,-1,170,-1,142
1,<environment.Job instance at 0x7fa4dc4f9730>,48,15,[ 2 12],49,-1,190,-1,175
1,<environment.Job instance at 0x7fa4dc44e190>,49,24,[ 1 11],50,-1,199,-1,175
1,<environment.Job instance at 0x7fa4dc44e370>,52,18,[ 3 14],53,-1,205,-1,187
1,<environment.Job instance at 0x7fa4dc44e410>,53,2,[3 6],54,-1,189,-1,187
1,<environment.Job instance at 0x7fa4dc44e4b0>,55,28,[10  4],56,-1,215,-1,187
1,<environment.Job instance at 0x7fa4dbe331e0>,61,1,[5 9],62,-1,236,-1,235
1,<environment.Job instance at 0x7fa4dbe33e60>,63,1,[ 2 11],64,-1,241,-1,240
1,<environment.Job instance at 0x7fa4dbe33230>,64,26,[6 3],65,-1,268,-1,242
1,<environment.Job instance at 0x7fa4dbe33870>,69,2,[ 2 13],70,-1,289,-1,287
1,<environment.Job instance at 0x7fa4dc551280>,70,15,[ 2 12],71,-1,302,-1,287
1,<environment.Job instance at 0x7fa4dbfa6370>,74,18,[ 3 13],75,-1,322,-1,304
1,<environment.Job instance at 0x7fa4e59e7140>,75,18,[14  1],76,-1,322,-1,304
1,<environment.Job instance at 0x7fa4dbfa65a0>,76,24,[14  1],77,-1,328,-1,304
1,<environment.Job instance at 0x7fa4dcac9b40>,78,25,[9 2],79,-1,337,-1,312
1,<environment.Job instance at 0x7fa4dcceec30>,4,20,[ 3 12],5,-1,25,-1,5
1,<environment.Job instance at 0x7fa4dcceee10>,9,19,[13  1],10,-1,29,-1,10
1,<environment.Job instance at 0x7fa4dc5958c0>,14,26,[12  1],15,-1,57,-1,31
1,<environment.Job instance at 0x7fa4dccf6c30>,19,26,[7 1],20,-1,75,-1,49
1,<environment.Job instance at 0x7fa4dccf64b0>,20,22,[8 3],21,-1,139,-1,117
1,<environment.Job instance at 0x7fa4dd0220f0>,27,14,[ 3 12],28,-1,131,-1,117
1,<environment.Job instance at 0x7fa4dd022b40>,28,18,[1 9],29,-1,135,-1,117
1,<environment.Job instance at 0x7fa4dd022b90>,29,23,[5 9],30,-1,140,-1,117
1,<environment.Job instance at 0x7fa4dd022230>,30,16,[ 5 13],31,-1,133,-1,117
1,<environment.Job instance at 0x7fa4dd022dc0>,31,22,[ 2 14],32,-1,139,-1,117
1,<environment.Job instance at 0x7fa4dd022be0>,33,1,[6 2],34,-1,135,-1,134
1,<environment.Job instance at 0x7fa4dd022c30>,34,24,[12  4],35,-1,158,-1,134
1,<environment.Job instance at 0x7fa4dd0222d0>,35,17,[ 1 10],36,-1,151,-1,134
1,<environment.Job instance at 0x7fa4dd0221e0>,37,14,[9 2],38,-1,150,-1,136
1,<environment.Job instance at 0x7fa4dd0226e0>,39,14,[5 7],40,-1,161,-1,147
1,<environment.Job instance at 0x7fa4dd0220a0>,40,14,[10  1],41,-1,161,-1,147
1,<environment.Job instance at 0x7fa4dd022910>,42,25,[10  1],43,-1,175,-1,150
1,<environment.Job instance at 0x7fa4dd0224b0>,43,13,[ 5 11],44,-1,163,-1,150
1,<environment.Job instance at 0x7fa4dd022780>,44,12,[ 3 14],45,-1,162,-1,150
1,<environment.Job instance at 0x7fa4dd022af0>,45,14,[2 9],46,-1,164,-1,150
1,<environment.Job instance at 0x7fa4dd022fa0>,46,13,[ 2 13],47,-1,163,-1,150
1,<environment.Job instance at 0x7fa4df1e75a0>,47,14,[13  2],48,-1,164,-1,150
1,<environment.Job instance at 0x7fa4df1e70f0>,48,18,[11  2],49,-1,168,-1,150
1,<environment.Job instance at 0x7fa4df1e7b90>,49,25,[ 1 10],50,-1,175,-1,150
1,<environment.Job instance at 0x7fa4df1e7460>,50,13,[ 2 12],51,-1,163,-1,150
1,<environment.Job instance at 0x7fa4df1e7e60>,51,3,[5 7],52,-1,153,-1,150
1,<environment.Job instance at 0x7fa4df1e7280>,52,21,[4 8],53,-1,171,-1,150
1,<environment.Job instance at 0x7fa4df1e7fa0>,53,12,[3 7],54,-1,162,-1,150
1,<environment.Job instance at 0x7fa4dd022730>,26,27,[9 5],27,-1,177,-1,150
1,<environment.Job instance at 0x7fa4df1e7f50>,56,16,[ 2 13],57,-1,166,-1,150
1,<environment.Job instance at 0x7fa4df1e7d70>,62,12,[6 2],63,-1,190,-1,178
1,<environment.Job instance at 0x7fa4df1e7a50>,63,20,[2 7],64,-1,199,-1,179
1,<environment.Job instance at 0x7fa4df1e7b40>,64,26,[ 4 14],65,-1,205,-1,179
1,<environment.Job instance at 0x7fa4e585c910>,73,13,[13  3],74,-1,278,-1,265
1,<environment.Job instance at 0x7fa4e585c7d0>,74,25,[ 5 14],75,-1,290,-1,265
1,<environment.Job instance at 0x7fa4e585ca50>,75,27,[5 5],76,-1,292,-1,265
1,<environment.Job instance at 0x7fa4e585c5a0>,76,17,[ 5 13],77,-1,282,-1,265
1,<environment.Job instance at 0x7fa4e585c820>,78,17,[ 4 11],79,-1,282,-1,265
1,<environment.Job instance at 0x7fa4dc56dd70>,1,23,[12  4],2,-1,25,-1,2
1,<environment.Job instance at 0x7fa4e5d75190>,4,3,[ 1 13],5,-1,8,-1,5
1,<environment.Job instance at 0x7fa4dbeb9af0>,6,14,[ 1 12],7,-1,21,-1,7
1,<environment.Job instance at 0x7fa4dbeb9b90>,7,15,[ 4 14],8,-1,23,-1,8
1,<environment.Job instance at 0x7fa4dc2cfb90>,9,28,[ 4 14],10,-1,38,-1,10
1,<environment.Job instance at 0x7fa4dd0b1dc0>,10,21,[ 5 12],11,-1,32,-1,11
1,<environment.Job instance at 0x7fa4dc3ff5a0>,24,27,[ 1 14],25,-1,106,-1,79
1,<environment.Job instance at 0x7fa4dc3ffbe0>,26,15,[11  1],27,-1,105,-1,90
1,<environment.Job instance at 0x7fa4e573a410>,27,14,[ 3 13],28,-1,104,-1,90
1,<environment.Job instance at 0x7fa4e573ad70>,29,21,[ 4 14],30,-1,119,-1,98
1,<environment.Job instance at 0x7fa4dcf21a50>,33,18,[ 2 11],34,-1,137,-1,119
1,<environment.Job instance at 0x7fa4dc8c5a00>,34,17,[11  4],35,-1,136,-1,119
1,<environment.Job instance at 0x7fa4dcf21820>,35,14,[ 4 14],36,-1,133,-1,119
1,<environment.Job instance at 0x7fa4dcc27af0>,36,28,[12  5],37,-1,147,-1,119
1,<environment.Job instance at 0x7fa4dc080370>,37,13,[12  5],38,-1,132,-1,119
1,<environment.Job instance at 0x7fa4dcbf2730>,38,12,[11  5],39,-1,131,-1,119
1,<environment.Job instance at 0x7fa4dc4cfcd0>,40,1,[1 7],41,-1,136,-1,135
1,<environment.Job instance at 0x7fa4dc4cfb40>,41,1,[9 4],42,-1,136,-1,135
1,<environment.Job instance at 0x7fa4dc5e3be0>,43,14,[ 4 11],44,-1,149,-1,135
1,<environment.Job instance at 0x7fa4dc0800a0>,44,18,[ 3 12],45,-1,153,-1,135
1,<environment.Job instance at 0x7fa4dc0357d0>,56,14,[10  1],57,-1,256,-1,242
1,<environment.Job instance at 0x7fa4dc035640>,57,3,[ 4 10],58,-1,245,-1,242
1,<environment.Job instance at 0x7fa4dc035190>,58,26,[3 6],59,-1,268,-1,242
1,<environment.Job instance at 0x7fa4dc035460>,61,17,[ 4 12],62,-1,273,-1,256
1,<environment.Job instance at 0x7fa4dc9ca460>,62,23,[1 6],63,-1,280,-1,257
1,<environment.Job instance at 0x7fa4dc9ca2d0>,63,3,[10  2],64,-1,260,-1,257
1,<environment.Job instance at 0x7fa4dce7beb0>,65,2,[13  1],66,-1,268,-1,266
1,<environment.Job instance at 0x7fa4dce7b9b0>,66,13,[11  1],67,-1,279,-1,266
1,<environment.Job instance at 0x7fa4dbe61f00>,67,22,[10  1],68,-1,324,-1,302
1,<environment.Job instance at 0x7fa4dc471e10>,10,24,[5 2],11,-1,36,-1,12
1,<environment.Job instance at 0x7fa4dc471640>,12,17,[ 1 14],13,-1,37,-1,20
1,<environment.Job instance at 0x7fa4dc471be0>,13,25,[2 9],14,-1,45,-1,20
1,<environment.Job instance at 0x7fa4db815a00>,18,2,[6 2],19,-1,47,-1,45
1,<environment.Job instance at 0x7fa4db815d70>,21,27,[ 3 11],22,-1,101,-1,74
1,<environment.Job instance at 0x7fa4db815410>,22,21,[ 3 13],23,-1,95,-1,74
1,<environment.Job instance at 0x7fa4dbc2c9b0>,36,27,[8 5],37,-1,231,-1,204
1,<environment.Job instance at 0x7fa4db8e8050>,38,26,[10  5],39,-1,241,-1,215
1,<environment.Job instance at 0x7fa4dcd73910>,41,14,[14  4],42,-1,242,-1,228
1,<environment.Job instance at 0x7fa4db90f320>,44,20,[ 2 11],45,-1,265,-1,245
1,<environment.Job instance at 0x7fa4dc6b03c0>,45,3,[ 4 11],46,-1,248,-1,245
1,<environment.Job instance at 0x7fa4db90fcd0>,46,16,[13  3],47,-1,261,-1,245
1,<environment.Job instance at 0x7fa4dc6b0820>,47,26,[10  5],48,-1,271,-1,245
1,<environment.Job instance at 0x7fa4dc6b07d0>,49,13,[ 2 12],50,-1,267,-1,254
1,<environment.Job instance at 0x7fa4dc6b0870>,51,17,[11  4],52,-1,282,-1,265
1,<environment.Job instance at 0x7fa4dcd682d0>,54,18,[11  2],55,-1,316,-1,298
1,<environment.Job instance at 0x7fa4dcd683c0>,57,18,[14  1],58,-1,316,-1,298
1,<environment.Job instance at 0x7fa4dcf4f640>,58,23,[ 1 11],59,-1,321,-1,298
1,<environment.Job instance at 0x7fa4dcd687d0>,59,12,[ 3 12],60,-1,310,-1,298
1,<environment.Job instance at 0x7fa4dcd79960>,66,15,[11  2],67,-1,353,-1,338
1,<environment.Job instance at 0x7fa4dcd79780>,68,25,[7 2],69,-1,363,-1,338
1,<environment.Job instance at 0x7fa4dbd98960>,2,27,[7 5],3,-1,30,-1,3
1,<environment.Job instance at 0x7fa4dbd98690>,4,25,[8 2],5,-1,30,-1,5
1,<environment.Job instance at 0x7fa4dbd98cd0>,6,14,[ 2 12],7,-1,21,-1,7
1,<environment.Job instance at 0x7fa4dc6e4640>,14,28,[ 3 10],15,-1,45,-1,17
1,<environment.Job instance at 0x7fa4dc6e4d70>,15,25,[9 5],16,-1,42,-1,17
1,<environment.Job instance at 0x7fa4dc6e4960>,22,21,[1 9],23,-1,100,-1,79
1,<environment.Job instance at 0x7fa4dbd8e460>,28,17,[ 3 13],29,-1,118,-1,101
1,<environment.Job instance at 0x7fa4dbd8e410>,29,14,[14  2],30,-1,115,-1,101
1,<environment.Job instance at 0x7fa4dbd8edc0>,32,2,[ 5 11],33,-1,113,-1,111
1,<environment.Job instance at 0x7fa4dbd8ecd0>,36,1,[ 4 10],37,-1,151,-1,150
1,<environment.Job instance at 0x7fa4dbd8e320>,39,1,[12  1],40,-1,161,-1,160
1,<environment.Job instance at 0x7fa4dbd8e8c0>,40,25,[9 1],41,-1,185,-1,160
1,<environment.Job instance at 0x7fa4dbcd5a00>,42,18,[ 5 14],43,-1,194,-1,176
1,<environment.Job instance at 0x7fa4dcd98be0>,43,22,[14  2],44,-1,198,-1,176
1,<environment.Job instance at 0x7fa4dbcb4280>,47,18,[ 3 10],48,-1,303,-1,285
1,<environment.Job instance at 0x7fa4e57e52d0>,56,26,[8 5],57,-1,311,-1,285
1,<environment.Job instance at 0x7fa4dce09f00>,64,22,[13  3],65,-1,388,-1,366
1,<environment.Job instance at 0x7fa4dce09e60>,65,26,[14  2],66,-1,392,-1,366
1,<environment.Job instance at 0x7fa4dcd96190>,66,20,[ 4 12],67,-1,386,-1,366
1,<environment.Job instance at 0x7fa4dce09b90>,67,13,[ 4 12],68,-1,379,-1,366
1,<environment.Job instance at 0x7fa4dcc48410>,70,16,[ 5 12],71,-1,382,-1,366
1,<environment.Job instance at 0x7fa4dce09d70>,71,22,[13  5],72,-1,388,-1,366
1,<environment.Job instance at 0x7fa4e57aecd0>,72,27,[5 3],73,-1,393,-1,366
1,<environment.Job instance at 0x7fa4dc049230>,75,24,[5 4],76,-1,408,-1,384
1,<environment.Job instance at 0x7fa4dcd86aa0>,76,18,[12  1],77,-1,402,-1,384
1,<environment.Job instance at 0x7fa4df20beb0>,78,13,[ 5 14],79,-1,408,-1,395
1,<environment.Job instance at 0x7fa4dbf0d730>,2,27,[5 1],3,-1,30,-1,3
1,<environment.Job instance at 0x7fa4dbc54d70>,5,17,[ 5 12],6,-1,23,-1,6
1,<environment.Job instance at 0x7fa4dca3ab90>,11,27,[6 5],12,-1,52,-1,25
1,<environment.Job instance at 0x7fa4dbfd5a00>,14,17,[14  4],15,-1,59,-1,42
1,<environment.Job instance at 0x7fa4dbfd5370>,17,16,[ 1 13],18,-1,67,-1,51
1,<environment.Job instance at 0x7fa4dbfd50a0>,18,25,[4 7],19,-1,77,-1,52
1,<environment.Job instance at 0x7fa4dd0e97d0>,22,27,[5 3],23,-1,109,-1,82
1,<environment.Job instance at 0x7fa4dbfa35f0>,26,26,[3 7],27,-1,122,-1,96
1,<environment.Job instance at 0x7fa4dbf023c0>,28,15,[11  4],29,-1,111,-1,96
1,<environment.Job instance at 0x7fa4dc9a3820>,29,18,[ 3 11],30,-1,114,-1,96
1,<environment.Job instance at 0x7fa4e5c60aa0>,30,23,[9 1],31,-1,119,-1,96
1,<environment.Job instance at 0x7fa4dbef00f0>,32,23,[11  3],33,-1,136,-1,113
1,<environment.Job instance at 0x7fa4dbfaaaa0>,33,19,[ 4 10],34,-1,145,-1,126
1,<environment.Job instance at 0x7fa4dbf11280>,37,28,[13  1],38,-1,154,-1,126
1,<environment.Job instance at 0x7fa4dbf11910>,38,25,[3 8],39,-1,151,-1,126
1,<environment.Job instance at 0x7fa4dbafaa00>,42,24,[7 5],43,-1,169,-1,145
1,<environment.Job instance at 0x7fa4dbafa050>,43,22,[11  1],44,-1,167,-1,145
1,<environment.Job instance at 0x7fa4dbafa370>,44,14,[ 2 13],45,-1,159,-1,145
1,<environment.Job instance at 0x7fa4dbafaf50>,46,28,[4 9],47,-1,189,-1,161
1,<environment.Job instance at 0x7fa4dbafa7d0>,47,28,[ 5 11],48,-1,189,-1,161
1,<environment.Job instance at 0x7fa4dbafafa0>,48,12,[10  3],49,-1,173,-1,161
1,<environment.Job instance at 0x7fa4dc5fb640>,50,18,[13  5],51,-1,182,-1,164
1,<environment.Job instance at 0x7fa4dc5fbb90>,51,13,[9 3],52,-1,177,-1,164
1,<environment.Job instance at 0x7fa4dc5fb690>,52,2,[5 9],53,-1,166,-1,164
1,<environment.Job instance at 0x7fa4dc5fb0f0>,54,14,[11  2],55,-1,188,-1,174
1,<environment.Job instance at 0x7fa4dc5fb9b0>,55,15,[12  2],56,-1,189,-1,174
1,<environment.Job instance at 0x7fa4dc5fbf50>,56,2,[4 9],57,-1,176,-1,174
1,<environment.Job instance at 0x7fa4dbeec910>,57,19,[14  2],58,-1,193,-1,174
1,<environment.Job instance at 0x7fa4dbeec190>,58,20,[ 5 12],59,-1,194,-1,174
1,<environment.Job instance at 0x7fa4dbeecb40>,59,18,[8 1],60,-1,197,-1,179
1,<environment.Job instance at 0x7fa4dcdd78c0>,61,17,[ 4 11],62,-1,196,-1,179
1,<environment.Job instance at 0x7fa4dbf23500>,62,12,[8 1],63,-1,191,-1,179
1,<environment.Job instance at 0x7fa4dbf23550>,63,12,[10  5],64,-1,195,-1,183
1,<environment.Job instance at 0x7fa4dbf23fa0>,64,1,[3 6],65,-1,184,-1,183
1,<environment.Job instance at 0x7fa4df21e640>,71,1,[8 4],72,-1,231,-1,230
1,<environment.Job instance at 0x7fa4df21ed70>,74,18,[9 1],75,-1,284,-1,266
1,<environment.Job instance at 0x7fa4dbb10c30>,78,20,[ 4 11],79,-1,286,-1,266
1,<environment.Job instance at 0x7fa4dcdc7a50>,77,19,[1 9],78,-1,1142,-1,1123
1,<environment.Job instance at 0x7fa4dbfd5910>,21,22,[14  4],22,-1,5426,-1,5404
1,<environment.Job instance at 0x7fa4dbf4f8c0>,9,18,[ 2 11],10,-1,33,-1,15
1,<environment.Job instance at 0x7fa4dbf4faa0>,12,20,[ 4 13],13,-1,47,-1,27
1,<environment.Job instance at 0x7fa4dbf4fb90>,16,23,[9 2],17,-1,75,-1,52
1,<environment.Job instance at 0x7fa4dbf4f7d0>,17,3,[6 1],18,-1,56,-1,53
1,<environment.Job instance at 0x7fa4dbf4ffa0>,20,3,[9 5],21,-1,74,-1,71
1,<environment.Job instance at 0x7fa4dbbac050>,23,27,[ 1 14],24,-1,98,-1,71
1,<environment.Job instance at 0x7fa4dbbac3c0>,27,22,[12  2],28,-1,117,-1,95
1,<environment.Job instance at 0x7fa4dbbac550>,28,27,[7 4],29,-1,122,-1,95
1,<environment.Job instance at 0x7fa4dbbac500>,29,3,[9 5],30,-1,98,-1,95
1,<environment.Job instance at 0x7fa4dbbac7d0>,32,26,[14  5],33,-1,137,-1,111
1,<environment.Job instance at 0x7fa4dbbaca00>,33,12,[11  4],34,-1,123,-1,111
1,<environment.Job instance at 0x7fa4dbbac910>,34,26,[8 3],35,-1,137,-1,111
1,<environment.Job instance at 0x7fa4dbbacb40>,36,2,[6 1],37,-1,127,-1,125
1,<environment.Job instance at 0x7fa4dbbacc80>,38,18,[14  4],39,-1,146,-1,128
1,<environment.Job instance at 0x7fa4dbbacf00>,42,24,[4 7],43,-1,179,-1,155
1,<environment.Job instance at 0x7fa4dbbaceb0>,44,3,[6 4],45,-1,165,-1,162
1,<environment.Job instance at 0x7fa4dbbacf50>,45,2,[12  1],46,-1,164,-1,162
1,<environment.Job instance at 0x7fa4dbbda140>,47,23,[ 4 12],48,-1,194,-1,171
1,<environment.Job instance at 0x7fa4dbbda2d0>,48,26,[ 4 14],49,-1,197,-1,171
1,<environment.Job instance at 0x7fa4dbbda410>,49,15,[ 1 14],50,-1,186,-1,171
1,<environment.Job instance at 0x7fa4dbbda4b0>,50,14,[11  2],51,-1,185,-1,171
1,<environment.Job instance at 0x7fa4dbbda550>,51,13,[13  4],52,-1,184,-1,171
1,<environment.Job instance at 0x7fa4dbbda6e0>,53,27,[ 4 13],54,-1,207,-1,180
1,<environment.Job instance at 0x7fa4dbbda780>,54,23,[ 4 10],55,-1,203,-1,180
1,<environment.Job instance at 0x7fa4dbbda820>,55,15,[ 4 12],56,-1,195,-1,180
1,<environment.Job instance at 0x7fa4dbbdaa50>,57,16,[ 5 11],58,-1,211,-1,195
1,<environment.Job instance at 0x7fa4dbbdaaf0>,58,28,[7 3],59,-1,223,-1,195
1,<environment.Job instance at 0x7fa4dbbdab90>,59,27,[3 8],60,-1,222,-1,195
1,<environment.Job instance at 0x7fa4dbbdac30>,60,23,[5 9],61,-1,218,-1,195
1,<environment.Job instance at 0x7fa4dbbdaf50>,65,13,[11  4],66,-1,232,-1,219
1,<environment.Job instance at 0x7fa4dbbdafa0>,66,12,[11  5],67,-1,231,-1,219
1,<environment.Job instance at 0x7fa4dbbe4230>,69,1,[ 4 12],70,-1,237,-1,236
1,<environment.Job instance at 0x7fa4dbbe42d0>,70,3,[ 4 14],71,-1,239,-1,236
1,<environment.Job instance at 0x7fa4dbbe43c0>,71,15,[14  3],72,-1,251,-1,236
1,<environment.Job instance at 0x7fa4dbccfd20>,75,14,[11  1],76,-1,286,-1,272
1,<environment.Job instance at 0x7fa4db806910>,76,23,[ 2 11],77,-1,295,-1,272
1,<environment.Job instance at 0x7fa4dbf32870>,77,21,[ 1 11],78,-1,293,-1,272
1,<environment.Job instance at 0x7fa4dbf32230>,78,1,[ 2 14],79,-1,273,-1,272
1,<environment.Job instance at 0x7fa4dcb4e910>,2,16,[ 5 11],3,-1,19,-1,3
1,<environment.Job instance at 0x7fa4dcb4eaa0>,4,15,[ 3 14],5,-1,20,-1,5
1,<environment.Job instance at 0x7fa4dcb4eb40>,3,18,[13  4],4,-1,23,-1,5
1,<environment.Job instance at 0x7fa4dcb4eaf0>,5,18,[13  2],6,-1,24,-1,6
1,<environment.Job instance at 0x7fa4dcb4ef00>,6,1,[12  5],7,-1,8,-1,7
1,<environment.Job instance at 0x7fa4dcb4e550>,11,12,[ 4 14],12,-1,24,-1,12
1,<environment.Job instance at 0x7fa4dc5aec80>,16,13,[ 5 12],17,-1,39,-1,26
1,<environment.Job instance at 0x7fa4dc4796e0>,20,2,[3 9],21,-1,52,-1,50
1,<environment.Job instance at 0x7fa4dc479c80>,21,28,[9 4],22,-1,78,-1,50
1,<environment.Job instance at 0x7fa4dc479370>,23,12,[ 3 13],24,-1,64,-1,52
1,<environment.Job instance at 0x7fa4dc4799b0>,24,23,[6 2],25,-1,75,-1,52
1,<environment.Job instance at 0x7fa4dcb5e140>,25,22,[1 9],26,-1,74,-1,52
1,<environment.Job instance at 0x7fa4dcb5eeb0>,27,24,[10  4],28,-1,76,-1,52
1,<environment.Job instance at 0x7fa4dcb5e910>,28,24,[3 9],29,-1,76,-1,52
1,<environment.Job instance at 0x7fa4dcb5e190>,29,18,[ 3 12],30,-1,70,-1,52
1,<environment.Job instance at 0x7fa4dcb5e8c0>,30,18,[13  3],31,-1,70,-1,52
1,<environment.Job instance at 0x7fa4dcb5e0a0>,31,2,[1 5],32,-1,54,-1,52
1,<environment.Job instance at 0x7fa4dcb5e5a0>,35,19,[ 5 13],36,-1,123,-1,104
1,<environment.Job instance at 0x7fa4dcb5e230>,44,24,[5 9],45,-1,191,-1,167
1,<environment.Job instance at 0x7fa4dcb43fa0>,46,23,[3 9],47,-1,192,-1,169
1,<environment.Job instance at 0x7fa4dcb436e0>,47,26,[8 5],48,-1,195,-1,169
1,<environment.Job instance at 0x7fa4dcb43640>,49,1,[ 1 12],50,-1,185,-1,184
1,<environment.Job instance at 0x7fa4dcb434b0>,51,27,[10  5],52,-1,211,-1,184
1,<environment.Job instance at 0x7fa4dcb43f50>,53,2,[5 5],54,-1,202,-1,200
1,<environment.Job instance at 0x7fa4dcb43d20>,54,15,[12  5],55,-1,215,-1,200
1,<environment.Job instance at 0x7fa4dcb43910>,55,24,[13  2],56,-1,224,-1,200
1,<environment.Job instance at 0x7fa4dcb439b0>,58,16,[ 3 14],59,-1,236,-1,220
1,<environment.Job instance at 0x7fa4dcb43aa0>,59,24,[14  4],60,-1,244,-1,220
1,<environment.Job instance at 0x7fa4dcb430a0>,60,13,[14  5],61,-1,233,-1,220
1,<environment.Job instance at 0x7fa4dcb43780>,63,23,[6 1],64,-1,254,-1,231
1,<environment.Job instance at 0x7fa4dbeca7d0>,64,23,[ 5 10],65,-1,254,-1,231
1,<environment.Job instance at 0x7fa4dbecabe0>,66,22,[ 1 14],67,-1,259,-1,237
1,<environment.Job instance at 0x7fa4dbecadc0>,67,3,[11  2],68,-1,240,-1,237
1,<environment.Job instance at 0x7fa4dbeca960>,68,25,[ 1 14],69,-1,262,-1,237
1,<environment.Job instance at 0x7fa4dbeca690>,69,25,[12  3],70,-1,262,-1,237
1,<environment.Job instance at 0x7fa4dbecaf00>,70,27,[ 4 11],71,-1,264,-1,237
1,<environment.Job instance at 0x7fa4dbecab90>,71,15,[13  2],72,-1,252,-1,237
1,<environment.Job instance at 0x7fa4dbecaf50>,78,16,[ 5 13],79,-1,298,-1,282
1,<environment.Job instance at 0x7fa4db978cd0>,3,25,[4 7],4,-1,29,-1,4
1,<environment.Job instance at 0x7fa4db978af0>,1,15,[14  4],2,-1,19,-1,4
1,<environment.Job instance at 0x7fa4dbf1c5f0>,8,18,[11  1],9,-1,27,-1,9
1,<environment.Job instance at 0x7fa4dbf1c690>,15,15,[ 3 14],16,-1,47,-1,32
1,<environment.Job instance at 0x7fa4dbf1c230>,16,21,[10  1],17,-1,54,-1,33
1,<environment.Job instance at 0x7fa4dbf1c820>,19,16,[11  1],20,-1,49,-1,33
1,<environment.Job instance at 0x7fa4dbf1c0a0>,20,16,[ 1 12],21,-1,49,-1,33
1,<environment.Job instance at 0x7fa4dbf1c410>,21,28,[10  5],22,-1,61,-1,33
1,<environment.Job instance at 0x7fa4dbf1c5a0>,22,25,[8 4],23,-1,58,-1,33
1,<environment.Job instance at 0x7fa4dc2be3c0>,24,18,[13  1],25,-1,68,-1,50
1,<environment.Job instance at 0x7fa4dc2be410>,25,13,[ 3 10],26,-1,63,-1,50
1,<environment.Job instance at 0x7fa4dc2be1e0>,26,14,[ 1 14],27,-1,64,-1,50
1,<environment.Job instance at 0x7fa4dc2be050>,27,12,[4 8],28,-1,62,-1,50
1,<environment.Job instance at 0x7fa4dc2be4b0>,28,2,[10  1],29,-1,52,-1,50
1,<environment.Job instance at 0x7fa4dc2bec30>,29,25,[8 3],30,-1,75,-1,50
1,<environment.Job instance at 0x7fa4dc2be910>,30,2,[5 5],31,-1,52,-1,50
1,<environment.Job instance at 0x7fa4dc2be5a0>,32,24,[11  1],33,-1,76,-1,52
1,<environment.Job instance at 0x7fa4dc2be730>,35,25,[5 7],36,-1,93,-1,68
1,<environment.Job instance at 0x7fa4dc2bec80>,37,18,[11  2],38,-1,86,-1,68
1,<environment.Job instance at 0x7fa4dc2be8c0>,39,13,[4 7],40,-1,81,-1,68
1,<environment.Job instance at 0x7fa4dc2befa0>,40,14,[12  3],41,-1,82,-1,68
1,<environment.Job instance at 0x7fa4dc4675a0>,44,1,[ 3 10],45,-1,107,-1,106
1,<environment.Job instance at 0x7fa4dc467280>,46,3,[7 4],47,-1,116,-1,113
1,<environment.Job instance at 0x7fa4dc467b90>,47,12,[8 2],48,-1,125,-1,113
1,<environment.Job instance at 0x7fa4dc467e10>,48,24,[14  3],49,-1,137,-1,113
1,<environment.Job instance at 0x7fa4dc467910>,52,27,[2 9],53,-1,161,-1,134
1,<environment.Job instance at 0x7fa4db999aa0>,57,23,[10  4],58,-1,190,-1,167
1,<environment.Job instance at 0x7fa4db999c30>,58,26,[2 7],59,-1,193,-1,167
1,<environment.Job instance at 0x7fa4db9996e0>,60,3,[2 6],61,-1,170,-1,167
1,<environment.Job instance at 0x7fa4db999b40>,62,26,[5 4],63,-1,202,-1,176
1,<environment.Job instance at 0x7fa4db999be0>,63,26,[ 1 10],64,-1,202,-1,176
1,<environment.Job instance at 0x7fa4db999870>,67,15,[ 3 10],68,-1,225,-1,210
1,<environment.Job instance at 0x7fa4dc46ce10>,68,28,[14  3],69,-1,238,-1,210
1,<environment.Job instance at 0x7fa4dc46c2d0>,70,3,[10  4],71,-1,228,-1,225
1,<environment.Job instance at 0x7fa4dc46c8c0>,73,17,[ 2 12],74,-1,247,-1,230
1,<environment.Job instance at 0x7fa4dc46c960>,76,13,[ 5 11],77,-1,254,-1,241
1,<environment.Job instance at 0x7fa4dc773eb0>,3,17,[13  2],4,-1,21,-1,4
1,<environment.Job instance at 0x7fa4dcd4b3c0>,9,14,[ 5 14],10,-1,26,-1,12
1,<environment.Job instance at 0x7fa4dcd1f230>,12,25,[10  1],13,-1,55,-1,30
1,<environment.Job instance at 0x7fa4dc0f4cd0>,18,14,[ 1 14],19,-1,83,-1,69
1,<environment.Job instance at 0x7fa4dc7590f0>,32,24,[11  4],33,-1,233,-1,209
1,<environment.Job instance at 0x7fa4dc4ff500>,35,15,[ 4 12],36,-1,224,-1,209
1,<environment.Job instance at 0x7fa4dc5867d0>,37,25,[ 1 10],38,-1,252,-1,227
1,<environment.Job instance at 0x7fa4dc10ab40>,39,25,[ 4 11],40,-1,252,-1,227
1,<environment.Job instance at 0x7fa4dc4fbd70>,41,26,[13  2],42,-1,255,-1,229
1,<environment.Job instance at 0x7fa4dc57a500>,42,2,[ 2 13],43,-1,231,-1,229
1,<environment.Job instance at 0x7fa4dc1108c0>,46,12,[11  2],47,-1,270,-1,258
1,<environment.Job instance at 0x7fa4dc5124b0>,50,12,[ 1 12],51,-1,304,-1,292
1,<environment.Job instance at 0x7fa4dc504320>,56,23,[8 1],57,-1,354,-1,331
1,<environment.Job instance at 0x7fa4dc5044b0>,57,15,[14  5],58,-1,346,-1,331
1,<environment.Job instance at 0x7fa4dc504410>,58,19,[12  4],59,-1,350,-1,331
1,<environment.Job instance at 0x7fa4dc4fa4b0>,59,19,[11  1],60,-1,350,-1,331
1,<environment.Job instance at 0x7fa4dc4fa500>,62,2,[ 3 14],63,-1,345,-1,343
1,<environment.Job instance at 0x7fa4dc4fa820>,64,23,[3 6],65,-1,382,-1,359
1,<environment.Job instance at 0x7fa4dc4fa910>,65,13,[ 3 13],66,-1,372,-1,359
1,<environment.Job instance at 0x7fa4dc4fa9b0>,66,27,[ 1 10],67,-1,386,-1,359
1,<environment.Job instance at 0x7fa4dc4fa6e0>,67,18,[ 2 14],68,-1,377,-1,359
1,<environment.Job instance at 0x7fa4dc4fa7d0>,71,25,[ 2 14],72,-1,397,-1,372
1,<environment.Job instance at 0x7fa4dcd21280>,75,21,[14  4],76,-1,411,-1,390
1,<environment.Job instance at 0x7fa4dcd21320>,76,18,[ 4 13],77,-1,408,-1,390
1,<environment.Job instance at 0x7fa4dcb6b910>,1,12,[ 4 12],2,-1,14,-1,2
1,<environment.Job instance at 0x7fa4dcb6b7d0>,2,27,[4 8],3,-1,30,-1,3
1,<environment.Job instance at 0x7fa4dcb63550>,5,24,[5 6],6,-1,30,-1,6
1,<environment.Job instance at 0x7fa4dcb6b460>,8,17,[ 3 14],9,-1,26,-1,9
1,<environment.Job instance at 0x7fa4dcb63690>,9,23,[8 5],10,-1,33,-1,10
1,<environment.Job instance at 0x7fa4dcb63730>,13,2,[5 7],14,-1,18,-1,16
1,<environment.Job instance at 0x7fa4dcb63a50>,16,22,[9 4],17,-1,180,-1,158
1,<environment.Job instance at 0x7fa4dbde2b40>,32,12,[5 5],33,-1,170,-1,158
1,<environment.Job instance at 0x7fa4dbde2e60>,34,16,[ 3 14],35,-1,175,-1,159
1,<environment.Job instance at 0x7fa4dbde2dc0>,37,15,[13  3],38,-1,180,-1,165
1,<environment.Job instance at 0x7fa4dbde2c30>,38,12,[3 8],39,-1,177,-1,165
1,<environment.Job instance at 0x7fa4dbdc5f00>,39,26,[6 2],40,-1,191,-1,165
1,<environment.Job instance at 0x7fa4dbdc5c30>,40,22,[7 3],41,-1,187,-1,165
1,<environment.Job instance at 0x7fa4dbdc54b0>,41,14,[8 4],42,-1,186,-1,172
1,<environment.Job instance at 0x7fa4dbdc5050>,42,26,[13  4],43,-1,198,-1,172
1,<environment.Job instance at 0x7fa4dbdc55f0>,43,12,[ 4 10],44,-1,184,-1,172
1,<environment.Job instance at 0x7fa4dbdc5230>,44,23,[14  1],45,-1,195,-1,172
1,<environment.Job instance at 0x7fa4dbdc5460>,45,14,[ 1 12],46,-1,186,-1,172
1,<environment.Job instance at 0x7fa4dbdc59b0>,46,17,[14  4],47,-1,189,-1,172
1,<environment.Job instance at 0x7fa4dbdc5e60>,47,20,[1 6],48,-1,192,-1,172
1,<environment.Job instance at 0x7fa4dbdc5640>,48,13,[2 9],49,-1,185,-1,172
1,<environment.Job instance at 0x7fa4dbdc5a50>,49,1,[9 4],50,-1,173,-1,172
1,<environment.Job instance at 0x7fa4dbdc55a0>,50,24,[8 2],51,-1,196,-1,172
1,<environment.Job instance at 0x7fa4dbdc5b90>,51,27,[ 3 13],52,-1,199,-1,172
1,<environment.Job instance at 0x7fa4dbdc5280>,52,18,[ 2 12],53,-1,190,-1,172
1,<environment.Job instance at 0x7fa4dbdb59b0>,53,15,[10  3],54,-1,187,-1,172
1,<environment.Job instance at 0x7fa4dbdb5b40>,54,18,[1 9],55,-1,190,-1,172
1,<environment.Job instance at 0x7fa4dbdb5640>,56,17,[7 1],57,-1,194,-1,177
1,<environment.Job instance at 0x7fa4dbdb5d70>,57,15,[14  1],58,-1,192,-1,177
1,<environment.Job instance at 0x7fa4dbdb58c0>,58,26,[11  3],59,-1,203,-1,177
1,<environment.Job instance at 0x7fa4dbdb5140>,61,26,[ 1 10],62,-1,217,-1,191
1,<environment.Job instance at 0x7fa4dcb722d0>,63,1,[7 1],64,-1,194,-1,193
1,<environment.Job instance at 0x7fa4dcb72a00>,64,18,[ 4 11],65,-1,211,-1,193
1,<environment.Job instance at 0x7fa4dcb5c1e0>,65,1,[10  4],66,-1,194,-1,193
1,<environment.Job instance at 0x7fa4dc1f8320>,71,18,[13  5],72,-1,257,-1,239
1,<environment.Job instance at 0x7fa4dc1f8140>,72,20,[ 4 11],73,-1,259,-1,239
1,<environment.Job instance at 0x7fa4dc1f88c0>,73,12,[ 4 10],74,-1,251,-1,239
1,<environment.Job instance at 0x7fa4dc1f8780>,74,13,[3 5],75,-1,252,-1,239
1,<environment.Job instance at 0x7fa4dc1f8e10>,75,18,[2 9],76,-1,258,-1,240
1,<environment.Job instance at 0x7fa4dc1f85f0>,78,15,[13  4],79,-1,270,-1,255
1,<environment.Job instance at 0x7fa4dc1f89b0>,70,21,[ 2 14],71,-1,1046,-1,1025
1,<environment.Job instance at 0x7fa4dbde20f0>,31,26,[5 8],32,-1,1052,-1,1026
1,<environment.Job instance at 0x7fa4dbde2550>,2,15,[14  5],3,-1,18,-1,3
1,<environment.Job instance at 0x7fa4dd023cd0>,9,17,[ 2 14],10,-1,28,-1,11
1,<environment.Job instance at 0x7fa4dbe38550>,10,13,[13  4],11,-1,24,-1,11
1,<environment.Job instance at 0x7fa4dbe388c0>,11,18,[12  2],12,-1,30,-1,12
1,<environment.Job instance at 0x7fa4dd010820>,12,3,[8 4],13,-1,16,-1,13
1,<environment.Job instance at 0x7fa4dbe380f0>,14,1,[5 4],15,-1,27,-1,26
1,<environment.Job instance at 0x7fa4dd010e10>,15,1,[ 1 13],16,-1,27,-1,26
1,<environment.Job instance at 0x7fa4dd010a50>,16,3,[4 8],17,-1,29,-1,26
1,<environment.Job instance at 0x7fa4dd010af0>,17,12,[12  3],18,-1,38,-1,26
1,<environment.Job instance at 0x7fa4dcd2d960>,21,2,[5 7],22,-1,43,-1,41
1,<environment.Job instance at 0x7fa4dd010b90>,22,13,[11  2],23,-1,54,-1,41
1,<environment.Job instance at 0x7fa4dd02b190>,23,12,[ 3 10],24,-1,53,-1,41
1,<environment.Job instance at 0x7fa4dd02b320>,24,13,[12  4],25,-1,54,-1,41
1,<environment.Job instance at 0x7fa4db8b4870>,25,24,[12  2],26,-1,65,-1,41
1,<environment.Job instance at 0x7fa4dd02b3c0>,26,12,[ 2 12],27,-1,53,-1,41
1,<environment.Job instance at 0x7fa4dd02bd70>,27,12,[9 2],28,-1,54,-1,42
1,<environment.Job instance at 0x7fa4dd01e0f0>,28,3,[5 1],29,-1,45,-1,42
1,<environment.Job instance at 0x7fa4dd0a9e10>,30,3,[1 7],31,-1,49,-1,46
1,<environment.Job instance at 0x7fa4dc1ae870>,42,24,[ 4 14],43,-1,184,-1,160
1,<environment.Job instance at 0x7fa4dcff5eb0>,43,23,[9 5],44,-1,183,-1,160
1,<environment.Job instance at 0x7fa4dd005320>,44,13,[ 4 13],45,-1,173,-1,160
1,<environment.Job instance at 0x7fa4dd002f00>,45,1,[3 6],46,-1,161,-1,160
1,<environment.Job instance at 0x7fa4dd002cd0>,46,14,[ 1 11],47,-1,174,-1,160
1,<environment.Job instance at 0x7fa4dc1c7280>,47,24,[7 4],48,-1,184,-1,160
1,<environment.Job instance at 0x7fa4dc1c7320>,52,12,[14  4],53,-1,188,-1,176
1,<environment.Job instance at 0x7fa4dc1ac230>,57,25,[6 2],58,-1,233,-1,208
1,<environment.Job instance at 0x7fa4dc1ca1e0>,58,17,[ 1 13],59,-1,225,-1,208
1,<environment.Job instance at 0x7fa4dc1ca4b0>,60,24,[5 6],61,-1,245,-1,221
1,<environment.Job instance at 0x7fa4dc1ca410>,64,15,[ 4 11],65,-1,277,-1,262
1,<environment.Job instance at 0x7fa4dc1caf00>,65,26,[6 2],66,-1,311,-1,285
1,<environment.Job instance at 0x7fa4dc1ca370>,68,26,[10  2],69,-1,311,-1,285
1,<environment.Job instance at 0x7f2ec15b5eb0>,8,15,[ 4 13],9,-1,29,-1,14
1,<environment.Job instance at 0x7f2ec15b5c30>,10,12,[2 8],11,-1,31,-1,19
1,<environment.Job instance at 0x7f2ec15b5fa0>,11,12,[8 4],12,-1,33,-1,21
1,<environment.Job instance at 0x7f2ec15b8410>,14,21,[8 1],15,-1,57,-1,36
1,<environment.Job instance at 0x7f2ec15b8370>,15,15,[12  2],16,-1,51,-1,36
1,<environment.Job instance at 0x7f2ec15b8320>,16,28,[5 1],17,-1,64,-1,36
1,<environment.Job instance at 0x7f2ec15b8500>,17,12,[6 4],18,-1,48,-1,36
1,<environment.Job instance at 0x7f2ec15b8140>,18,18,[13  1],19,-1,54,-1,36
1,<environment.Job instance at 0x7f2ec15b8730>,19,23,[8 4],20,-1,59,-1,36
1,<environment.Job instance at 0x7f2ec15b8640>,20,17,[ 2 14],21,-1,53,-1,36
1,<environment.Job instance at 0x7f2ec15b87d0>,21,14,[ 4 11],22,-1,50,-1,36
1,<environment.Job instance at 0x7f2ec15b8870>,23,16,[12  2],24,-1,55,-1,39
1,<environment.Job instance at 0x7f2ec15b8910>,24,2,[4 6],25,-1,41,-1,39
1,<environment.Job instance at 0x7f2ec15b89b0>,25,2,[5 7],26,-1,41,-1,39
1,<environment.Job instance at 0x7f2ec15b8be0>,26,12,[8 5],27,-1,51,-1,39
1,<environment.Job instance at 0x7f2ec15b8cd0>,28,17,[ 1 13],29,-1,70,-1,53
1,<environment.Job instance at 0x7f2ec15b8d70>,29,24,[4 7],30,-1,77,-1,53
1,<environment.Job instance at 0x7f2ec15b8e10>,30,26,[9 4],31,-1,79,-1,53
1,<environment.Job instance at 0x7f2ec15b8f50>,32,12,[12  3],33,-1,66,-1,54
1,<environment.Job instance at 0x7f2ec15b8b90>,33,21,[12  3],34,-1,75,-1,54
1,<environment.Job instance at 0x7f2ec15b8c80>,34,12,[3 6],35,-1,72,-1,60
1,<environment.Job instance at 0x7f2ec15bc370>,36,25,[12  3],37,-1,96,-1,71
1,<environment.Job instance at 0x7f2ec15bc280>,38,24,[13  2],39,-1,96,-1,72
1,<environment.Job instance at 0x7f2ec15bc460>,41,12,[8 3],42,-1,101,-1,89
1,<environment.Job instance at 0x7f2ec15bc640>,42,12,[ 5 12],43,-1,101,-1,89
1,<environment.Job instance at 0x7f2ec15bc6e0>,43,16,[1 8],44,-1,105,-1,89
1,<environment.Job instance at 0x7f2ec15bc780>,44,12,[9 3],45,-1,101,-1,89
1,<environment.Job instance at 0x7f2ec15bc820>,45,12,[ 3 14],46,-1,101,-1,89
1,<environment.Job instance at 0x7f2ec15bc960>,47,14,[12  2],48,-1,104,-1,90
1,<environment.Job instance at 0x7f2ec15bca00>,48,14,[ 1 11],49,-1,104,-1,90
1,<environment.Job instance at 0x7f2ec15bcaa0>,49,13,[1 5],50,-1,103,-1,90
1,<environment.Job instance at 0x7f2ec15bcb40>,50,13,[ 4 12],51,-1,103,-1,90
1,<environment.Job instance at 0x7f2ec15bceb0>,53,12,[ 3 14],54,-1,123,-1,111
1,<environment.Job instance at 0x7f2ec15bce10>,54,3,[ 3 13],55,-1,114,-1,111
1,<environment.Job instance at 0x7f2ec15bc140>,56,2,[4 7],57,-1,119,-1,117
1,<environment.Job instance at 0x7f2ec15bcf50>,57,17,[ 2 14],58,-1,134,-1,117
1,<environment.Job instance at 0x7f2ec15be050>,58,28,[10  3],59,-1,145,-1,117
1,<environment.Job instance at 0x7f2ec15be0f0>,59,21,[9 1],60,-1,139,-1,118
1,<environment.Job instance at 0x7f2ec15be320>,60,14,[ 2 10],61,-1,132,-1,118
1,<environment.Job instance at 0x7f2ec15be3c0>,61,2,[ 1 12],62,-1,120,-1,118
1,<environment.Job instance at 0x7f2ec15be460>,62,2,[5 9],63,-1,120,-1,118
1,<environment.Job instance at 0x7f2ec15be500>,63,21,[5 5],64,-1,142,-1,121
1,<environment.Job instance at 0x7f2ec15be6e0>,66,28,[3 6],67,-1,154,-1,126
1,<environment.Job instance at 0x7f2ec15be780>,67,16,[1 9],68,-1,143,-1,127
1,<environment.Job instance at 0x7f2ec15be960>,70,22,[ 3 10],71,-1,162,-1,140
1,<environment.Job instance at 0x7f2ec15bedc0>,75,28,[ 2 10],76,-1,194,-1,166
1,<environment.Job instance at 0x7f2ec15bee60>,76,13,[10  1],77,-1,179,-1,166
1,<environment.Job instance at 0x7f2ec15befa0>,78,14,[6 1],79,-1,190,-1,176
1,<environment.Job instance at 0x7f2ec15bebe0>,79,19,[12  3],80,-1,195,-1,176
1,<environment.Job instance at 0x7f2ec15c1320>,82,21,[4 8],83,-1,207,-1,186
1,<environment.Job instance at 0x7f2ec15c13c0>,83,18,[ 3 10],84,-1,204,-1,186
1,<environment.Job instance at 0x7f2ec15c1460>,84,1,[5 5],85,-1,187,-1,186
1,<environment.Job instance at 0x7f2ec15c1500>,85,15,[1 7],86,-1,201,-1,186
1,<environment.Job instance at 0x7f2ec15c15a0>,86,3,[6 3],87,-1,189,-1,186
1,<environment.Job instance at 0x7f2ec15b5e10>,7,26,[9 3],8,-1,6732,-1,6706
1,<environment.Job instance at 0x7f2ec0cfcc30>,3,25,[ 1 13],4,-1,29,-1,4
1,<environment.Job instance at 0x7f2ec0cfcd70>,2,23,[9 1],3,-1,27,-1,4
1,<environment.Job instance at 0x7f2ec0cfcf50>,4,21,[14  5],5,-1,26,-1,5
1,<environment.Job instance at 0x7f2ec0cf1f00>,12,13,[11  4],13,-1,26,-1,13
1,<environment.Job instance at 0x7f2ec0cfbbe0>,19,27,[ 3 11],20,-1,104,-1,77
1,<environment.Job instance at 0x7f2ec0e66460>,25,2,[1 6],26,-1,106,-1,104
1,<environment.Job instance at 0x7f2ec0b5c320>,1,27,[8 3],2,-1,29,-1,2
1,<environment.Job instance at 0x7f2ec0b5c870>,3,19,[12  2],4,-1,23,-1,4
1,<environment.Job instance at 0x7f2ec0b6f870>,13,26,[3 9],14,-1,56,-1,30
1,<environment.Job instance at 0x7f2ec0b6ff50>,14,15,[13  1],15,-1,45,-1,30
1,<environment.Job instance at 0x7f2ec0b6f960>,20,2,[11  3],21,-1,83,-1,81
1,<environment.Job instance at 0x7f2ec0b6f1e0>,28,12,[14  4],29,-1,151,-1,139
1,<environment.Job instance at 0x7f2ec0b6faa0>,31,12,[ 4 14],32,-1,166,-1,154
1,<environment.Job instance at 0x7f2ec0b7ce60>,32,16,[ 5 12],33,-1,170,-1,154
1,<environment.Job instance at 0x7f2ec0b7caf0>,34,16,[ 1 14],35,-1,175,-1,159
1,<environment.Job instance at 0x7f2ec0b7cb90>,35,18,[ 1 14],36,-1,177,-1,159
1,<environment.Job instance at 0x7f2ec0b7c410>,36,23,[1 9],37,-1,209,-1,186
1,<environment.Job instance at 0x7f2ec0b7c820>,38,25,[4 8],39,-1,211,-1,186
1,<environment.Job instance at 0x7f2ec0b7c640>,39,3,[11  3],40,-1,189,-1,186
1,<environment.Job instance at 0x7f2ec0b7ca50>,40,15,[14  2],41,-1,201,-1,186
1,<environment.Job instance at 0x7f2ec0b7cdc0>,41,18,[11  1],42,-1,204,-1,186
1,<environment.Job instance at 0x7f2ee64c6cd0>,43,17,[12  1],44,-1,218,-1,201
1,<environment.Job instance at 0x7f2ecad87a50>,49,19,[ 5 10],50,-1,408,-1,389
1,<environment.Job instance at 0x7f2ecad1b230>,67,24,[6 2],68,-1,413,-1,389
1,<environment.Job instance at 0x7f2ecad1b910>,68,13,[3 5],69,-1,403,-1,390
1,<environment.Job instance at 0x7f2ecad1b320>,71,27,[5 6],72,-1,436,-1,409
1,<environment.Job instance at 0x7f2ecad1bb40>,74,26,[ 2 13],75,-1,455,-1,429
1,<environment.Job instance at 0x7f2ecad1b6e0>,75,28,[14  4],76,-1,457,-1,429
1,<environment.Job instance at 0x7f2ec0b5fe60>,76,1,[3 9],77,-1,430,-1,429
1,<environment.Job instance at 0x7f2ec0b5ffa0>,77,20,[ 4 11],78,-1,449,-1,429
1,<environment.Job instance at 0x7f2ec0b5f910>,80,27,[1 5],81,-1,465,-1,438
1,<environment.Job instance at 0x7f2ec0b5f6e0>,81,26,[5 3],82,-1,464,-1,438
1,<environment.Job instance at 0x7f2ec0b5f190>,83,18,[ 1 10],84,-1,470,-1,452
1,<environment.Job instance at 0x7f2ec0b5f960>,84,15,[14  2],85,-1,467,-1,452
1,<environment.Job instance at 0x7f2ec0b5f3c0>,85,22,[3 7],86,-1,487,-1,465
1,<environment.Job instance at 0x7f2ecad1b550>,73,18,[ 1 11],74,-1,1528,-1,1510
1,<environment.Job instance at 0x7f2ec0d3a550>,6,20,[11  2],7,-1,37,-1,17
1,<environment.Job instance at 0x7f2ec10643c0>,11,2,[7 3],12,-1,25,-1,23
1,<environment.Job instance at 0x7f2ec1064050>,13,2,[5 7],14,-1,37,-1,35
1,<environment.Job instance at 0x7f2ec1064410>,14,2,[8 1],15,-1,37,-1,35
1,<environment.Job instance at 0x7f2ec1064d20>,15,27,[9 5],16,-1,62,-1,35
1,<environment.Job instance at 0x7f2ec1064870>,17,14,[12  2],18,-1,49,-1,35
1,<environment.Job instance at 0x7f2ec1064280>,18,2,[ 4 11],19,-1,37,-1,35
1,<environment.Job instance at 0x7f2ec1064be0>,19,3,[9 4],20,-1,38,-1,35
1,<environment.Job instance at 0x7f2ec1064aa0>,20,2,[2 9],21,-1,37,-1,35
1,<environment.Job instance at 0x7f2ec10be410>,23,27,[2 7],24,-1,77,-1,50
1,<environment.Job instance at 0x7f2ec10be280>,25,27,[1 5],26,-1,87,-1,60
1,<environment.Job instance at 0x7f2ec10be910>,27,15,[14  2],28,-1,77,-1,62
1,<environment.Job instance at 0x7f2ec10be190>,28,2,[8 3],29,-1,64,-1,62
1,<environment.Job instance at 0x7f2ec10be320>,32,17,[13  5],33,-1,109,-1,92
1,<environment.Job instance at 0x7f2ec10beaa0>,33,13,[ 5 14],34,-1,105,-1,92
1,<environment.Job instance at 0x7f2ec10bebe0>,34,3,[4 5],35,-1,95,-1,92
1,<environment.Job instance at 0x7f2ec10ac0f0>,44,25,[5 6],45,-1,172,-1,147
1,<environment.Job instance at 0x7f2ec10ac410>,46,14,[11  4],47,-1,181,-1,167
1,<environment.Job instance at 0x7f2ec10ac7d0>,49,28,[11  2],50,-1,209,-1,181
1,<environment.Job instance at 0x7f2ec10a6820>,53,27,[ 4 13],54,-1,244,-1,217
1,<environment.Job instance at 0x7f2ec10a6f50>,54,28,[1 8],55,-1,245,-1,217
1,<environment.Job instance at 0x7f2ec10a60f0>,55,12,[13  4],56,-1,229,-1,217
1,<environment.Job instance at 0x7f2ec10a6d70>,56,12,[ 5 12],57,-1,229,-1,217
1,<environment.Job instance at 0x7f2ec10a6550>,57,28,[7 4],58,-1,245,-1,217
1,<environment.Job instance at 0x7f2ec10a6cd0>,58,27,[4 6],59,-1,244,-1,217
1,<environment.Job instance at 0x7f2ec10a6640>,62,27,[12  5],63,-1,289,-1,262
1,<environment.Job instance at 0x7f2ec10a6460>,64,2,[5 5],65,-1,264,-1,262
1,<environment.Job instance at 0x7f2ec10a6050>,65,3,[9 3],66,-1,265,-1,262
1,<environment.Job instance at 0x7f2ec10a6320>,66,3,[10  2],67,-1,265,-1,262
1,<environment.Job instance at 0x7f2ec10a91e0>,68,18,[12  2],69,-1,295,-1,277
1,<environment.Job instance at 0x7f2ec10a9be0>,69,23,[5 8],70,-1,300,-1,277
1,<environment.Job instance at 0x7f2ec10a9c30>,72,21,[ 4 14],73,-1,315,-1,294
1,<environment.Job instance at 0x7f2ec10a9550>,75,13,[12  1],76,-1,327,-1,314
1,<environment.Job instance at 0x7f2ec10a94b0>,76,12,[14  3],77,-1,326,-1,314
1,<environment.Job instance at 0x7f2ec10a9f00>,77,1,[ 4 11],78,-1,315,-1,314
1,<environment.Job instance at 0x7f2ec0bc32d0>,80,1,[ 4 10],81,-1,327,-1,326
1,<environment.Job instance at 0x7f2ec0bc3320>,81,25,[7 5],82,-1,351,-1,326
1,<environment.Job instance at 0x7f2ec0bc35f0>,84,25,[2 8],85,-1,356,-1,331
1,<environment.Job instance at 0x7f2ec0bc3730>,87,28,[8 2],88,-1,367,-1,339
1,<environment.Job instance at 0x7f2ec0bc3460>,88,26,[8 3],89,-1,365,-1,339
1,<environment.Job instance at 0x7f2ec0fee2d0>,1,15,[ 3 13],2,-1,17,-1,2
1,<environment.Job instance at 0x7f2ec20e06e0>,6,2,[5 3],7,-1,10,-1,8
1,<environment.Job instance at 0x7f2ec20e8370>,8,18,[ 5 14],9,-1,27,-1,9
1,<environment.Job instance at 0x7f2ec20eb550>,13,20,[7 1],14,-1,41,-1,21
1,<environment.Job instance at 0x7f2ec20eb0f0>,14,25,[4 9],15,-1,46,-1,21
1,<environment.Job instance at 0x7f2ec20eb410>,15,26,[6 1],16,-1,47,-1,21
1,<environment.Job instance at 0x7f2ec20eb1e0>,16,28,[5 9],17,-1,49,-1,21
1,<environment.Job instance at 0x7f2ec20eb820>,17,24,[4 8],18,-1,45,-1,21
1,<environment.Job instance at 0x7f2ec20eb280>,19,1,[10  5],20,-1,33,-1,32
1,<environment.Job instance at 0x7f2ec20e1460>,20,2,[ 2 12],21,-1,34,-1,32
1,<environment.Job instance at 0x7f2ec1391410>,21,13,[ 5 10],22,-1,45,-1,32
1,<environment.Job instance at 0x7f2ec20e1050>,22,24,[7 4],23,-1,56,-1,32
1,<environment.Job instance at 0x7f2ec1018460>,28,19,[12  4],29,-1,95,-1,76
1,<environment.Job instance at 0x7f2ec102d190>,29,14,[ 5 12],30,-1,90,-1,76
1,<environment.Job instance at 0x7f2ec143f370>,31,25,[8 3],32,-1,101,-1,76
1,<environment.Job instance at 0x7f2ec1045640>,32,16,[ 2 11],33,-1,92,-1,76
1,<environment.Job instance at 0x7f2ec20c4b40>,33,28,[ 3 11],34,-1,104,-1,76
1,<environment.Job instance at 0x7f2ec0f3d0a0>,35,24,[2 7],36,-1,113,-1,89
1,<environment.Job instance at 0x7f2ec10459b0>,36,16,[14  5],37,-1,105,-1,89
1,<environment.Job instance at 0x7f2ec0f37500>,38,27,[14  3],39,-1,119,-1,92
1,<environment.Job instance at 0x7f2ec1045a50>,39,18,[ 1 14],40,-1,110,-1,92
1,<environment.Job instance at 0x7f2ec13c0be0>,41,15,[11  2],42,-1,118,-1,103
1,<environment.Job instance at 0x7f2ec19e2e10>,42,13,[ 1 12],43,-1,116,-1,103
1,<environment.Job instance at 0x7f2ec13bf050>,45,16,[ 4 11],46,-1,132,-1,116
1,<environment.Job instance at 0x7f2ec0f32be0>,46,17,[13  3],47,-1,133,-1,116
1,<environment.Job instance at 0x7f2ec13b2460>,47,22,[ 3 11],48,-1,138,-1,116
1,<environment.Job instance at 0x7f2ec138d190>,54,13,[ 3 14],55,-1,168,-1,155
1,<environment.Job instance at 0x7f2ec138d2d0>,55,24,[ 4 14],56,-1,179,-1,155
1,<environment.Job instance at 0x7f2ec138d9b0>,57,24,[7 3],58,-1,186,-1,162
1,<environment.Job instance at 0x7f2ec138daa0>,58,27,[9 5],59,-1,189,-1,162
1,<environment.Job instance at 0x7f2ec138d460>,59,22,[7 5],60,-1,184,-1,162
1,<environment.Job instance at 0x7f2ec138de10>,60,14,[ 3 13],61,-1,176,-1,162
1,<environment.Job instance at 0x7f2ec138dd20>,61,26,[6 2],62,-1,188,-1,162
1,<environment.Job instance at 0x7f2ec138df50>,62,16,[ 4 10],63,-1,178,-1,162
1,<environment.Job instance at 0x7f2ec138db90>,63,23,[12  5],64,-1,185,-1,162
1,<environment.Job instance at 0x7f2ec138de60>,64,13,[ 4 14],65,-1,175,-1,162
1,<environment.Job instance at 0x7f2ec138d140>,65,19,[13  2],66,-1,181,-1,162
1,<environment.Job instance at 0x7f2ec139e1e0>,71,18,[ 2 13],72,-1,235,-1,217
1,<environment.Job instance at 0x7f2ec19f1d70>,76,17,[12  4],77,-1,284,-1,267
1,<environment.Job instance at 0x7f2ec19f1f00>,77,25,[6 4],78,-1,292,-1,267
1,<environment.Job instance at 0x7f2ec20e4370>,79,18,[14  5],80,-1,285,-1,267
1,<environment.Job instance at 0x7f2ec20e4410>,80,13,[ 4 10],81,-1,280,-1,267
1,<environment.Job instance at 0x7f2ec20e44b0>,81,24,[5 5],82,-1,291,-1,267
1,<environment.Job instance at 0x7f2ec20e4550>,82,3,[8 5],83,-1,270,-1,267
1,<environment.Job instance at 0x7f2ec20e45f0>,83,14,[ 2 11],84,-1,281,-1,267
1,<environment.Job instance at 0x7f2ec20e4690>,84,1,[4 6],85,-1,268,-1,267
1,<environment.Job instance at 0x7f2ec20e4730>,85,28,[ 5 10],86,-1,295,-1,267
1,<environment.Job instance at 0x7f2ec20e4870>,87,13,[ 5 11],88,-1,295,-1,282
1,<environment.Job instance at 0x7f2ecad10550>,2,14,[ 3 14],3,-1,17,-1,3
1,<environment.Job instance at 0x7f2ec140f910>,6,17,[ 5 14],7,-1,24,-1,7
1,<environment.Job instance at 0x7f2ec140f5a0>,11,3,[2 8],12,-1,22,-1,19
1,<environment.Job instance at 0x7f2ec140ff50>,14,12,[14  2],15,-1,31,-1,19
1,<environment.Job instance at 0x7f2ec140f140>,18,16,[ 1 14],19,-1,82,-1,66
1,<environment.Job instance at 0x7f2ec0fce6e0>,34,14,[ 1 13],35,-1,234,-1,220
1,<environment.Job instance at 0x7f2ec0fcbcd0>,36,25,[5 3],37,-1,245,-1,220
1,<environment.Job instance at 0x7f2ec0fcb1e0>,40,14,[13  1],41,-1,258,-1,244
1,<environment.Job instance at 0x7f2ec0fcb0f0>,41,27,[ 4 14],42,-1,271,-1,244
1,<environment.Job instance at 0x7f2ec0fcbbe0>,45,28,[13  5],46,-1,295,-1,267
1,<environment.Job instance at 0x7f2ec0f79320>,51,25,[5 5],52,-1,330,-1,305
1,<environment.Job instance at 0x7f2ec0f79eb0>,52,26,[12  3],53,-1,331,-1,305
1,<environment.Job instance at 0x7f2ec0f798c0>,53,2,[14  4],54,-1,307,-1,305
1,<environment.Job instance at 0x7f2ec0f79fa0>,55,24,[ 5 13],56,-1,339,-1,315
1,<environment.Job instance at 0x7f2ec0f792d0>,56,25,[7 5],57,-1,340,-1,315
1,<environment.Job instance at 0x7f2ec0f793c0>,58,3,[ 5 13],59,-1,327,-1,324
1,<environment.Job instance at 0x7f2ec0f794b0>,59,18,[ 1 14],60,-1,342,-1,324
1,<environment.Job instance at 0x7f2ec0f79230>,60,19,[14  4],61,-1,343,-1,324
1,<environment.Job instance at 0x7f2ec0f79e60>,61,14,[14  2],62,-1,338,-1,324
1,<environment.Job instance at 0x7f2ec0fe69b0>,67,14,[11  1],68,-1,369,-1,355
1,<environment.Job instance at 0x7f2ec0fe60f0>,68,22,[ 3 11],69,-1,377,-1,355
1,<environment.Job instance at 0x7f2ec0fe6550>,69,16,[12  3],70,-1,371,-1,355
1,<environment.Job instance at 0x7f2ec0fe6190>,71,14,[14  1],72,-1,379,-1,365
1,<environment.Job instance at 0x7f2ec0fe65f0>,72,16,[12  4],73,-1,381,-1,365
1,<environment.Job instance at 0x7f2ec0fe6cd0>,75,17,[ 4 13],76,-1,403,-1,386
1,<environment.Job instance at 0x7f2eca6d0370>,78,27,[13  4],79,-1,427,-1,400
1,<environment.Job instance at 0x7f2eca6d0f00>,79,17,[13  4],80,-1,417,-1,400
1,<environment.Job instance at 0x7f2eca6d04b0>,80,13,[14  2],81,-1,413,-1,400
1,<environment.Job instance at 0x7f2ec1c5edc0>,82,24,[10  1],83,-1,424,-1,400
1,<environment.Job instance at 0x7f2ec1c5ea00>,88,1,[11  3],89,-1,433,-1,432
1,<environment.Job instance at 0x7f2ec0f331e0>,13,22,[ 5 13],14,-1,69,-1,47
1,<environment.Job instance at 0x7f2ec0f33d70>,15,27,[11  2],16,-1,86,-1,59
1,<environment.Job instance at 0x7f2ec0f33f50>,17,14,[ 3 10],18,-1,83,-1,69
1,<environment.Job instance at 0x7f2ec0f333c0>,19,22,[ 4 12],20,-1,91,-1,69
1,<environment.Job instance at 0x7f2ec125ad70>,31,27,[ 1 14],32,-1,198,-1,171
1,<environment.Job instance at 0x7f2ec0f44640>,32,12,[12  1],33,-1,183,-1,171
1,<environment.Job instance at 0x7f2ec2050be0>,33,2,[3 7],34,-1,174,-1,172
1,<environment.Job instance at 0x7f2ec1272730>,37,27,[7 1],38,-1,224,-1,197
1,<environment.Job instance at 0x7f2ec1272370>,38,26,[ 3 10],39,-1,223,-1,197
1,<environment.Job instance at 0x7f2ec1fced20>,40,2,[10  3],41,-1,214,-1,212
1,<environment.Job instance at 0x7f2ec1272640>,42,14,[14  2],43,-1,226,-1,212
1,<environment.Job instance at 0x7f2ec1fb75f0>,43,26,[7 3],44,-1,238,-1,212
1,<environment.Job instance at 0x7f2ec10414b0>,44,24,[8 2],45,-1,236,-1,212
1,<environment.Job instance at 0x7f2ec1fdde60>,46,12,[11  1],47,-1,240,-1,228
1,<environment.Job instance at 0x7f2ec0ec33c0>,48,16,[12  1],49,-1,244,-1,228
1,<environment.Job instance at 0x7f2ec1fba1e0>,49,15,[ 4 13],50,-1,243,-1,228
1,<environment.Job instance at 0x7f2ec1fb7cd0>,50,28,[13  1],51,-1,256,-1,228
1,<environment.Job instance at 0x7f2ec0ebf5f0>,51,24,[4 7],52,-1,252,-1,228
1,<environment.Job instance at 0x7f2ec0eb7910>,53,26,[7 3],54,-1,260,-1,234
1,<environment.Job instance at 0x7f2ec0eb95a0>,60,13,[ 5 12],61,-1,300,-1,287
1,<environment.Job instance at 0x7f2ec0eb90f0>,61,20,[ 2 11],62,-1,307,-1,287
1,<environment.Job instance at 0x7f2ec0eb9dc0>,65,25,[3 7],66,-1,329,-1,304
1,<environment.Job instance at 0x7f2ec0eb9b40>,68,25,[5 8],69,-1,355,-1,330
1,<environment.Job instance at 0x7f2ec0eb9780>,70,16,[ 1 13],71,-1,363,-1,347
1,<environment.Job instance at 0x7f2ec0eb9640>,71,28,[2 7],72,-1,376,-1,348
1,<environment.Job instance at 0x7f2ec0eb9af0>,73,25,[3 9],74,-1,374,-1,349
1,<environment.Job instance at 0x7f2ec2071dc0>,77,3,[1 9],78,-1,376,-1,373
1,<environment.Job instance at 0x7f2ec2071f00>,79,27,[5 7],80,-1,401,-1,374
1,<environment.Job instance at 0x7f2ec2071be0>,80,15,[14  1],81,-1,389,-1,374
1,<environment.Job instance at 0x7f2ec2071d20>,81,24,[13  2],82,-1,398,-1,374
1,<environment.Job instance at 0x7f2ec20555a0>,88,14,[ 4 13],89,-1,464,-1,450
1,<environment.Job instance at 0x7f2ec0f2ceb0>,2,15,[12  2],3,-1,18,-1,3
1,<environment.Job instance at 0x7f2ec0f626e0>,8,26,[11  5],9,-1,35,-1,9
1,<environment.Job instance at 0x7f2ec0f62870>,9,28,[4 9],10,-1,38,-1,10
1,<environment.Job instance at 0x7f2ec0f62460>,18,18,[ 4 11],19,-1,38,-1,20
1,<environment.Job instance at 0x7f2ec0f62780>,19,18,[ 3 12],20,-1,38,-1,20
1,<environment.Job instance at 0x7f2ec0f62230>,21,24,[13  4],22,-1,55,-1,31
1,<environment.Job instance at 0x7f2ec0f62140>,22,19,[ 2 13],23,-1,50,-1,31
1,<environment.Job instance at 0x7f2ec11eda00>,25,24,[12  4],26,-1,74,-1,50
1,<environment.Job instance at 0x7f2ec11ed2d0>,30,3,[1 8],31,-1,77,-1,74
1,<environment.Job instance at 0x7f2ec11ed820>,31,27,[12  2],32,-1,101,-1,74
1,<environment.Job instance at 0x7f2ec11ede60>,32,2,[10  5],33,-1,76,-1,74
1,<environment.Job instance at 0x7f2ec11edbe0>,33,17,[12  2],34,-1,91,-1,74
1,<environment.Job instance at 0x7f2ec11edc80>,36,21,[12  2],37,-1,110,-1,89
1,<environment.Job instance at 0x7f2ec11ed6e0>,37,25,[6 2],38,-1,114,-1,89
1,<environment.Job instance at 0x7f2ec11ed730>,38,1,[5 5],39,-1,90,-1,89
1,<environment.Job instance at 0x7f2ec0ff9eb0>,44,22,[ 4 13],45,-1,149,-1,127
1,<environment.Job instance at 0x7f2ec0ff9230>,46,21,[4 8],47,-1,155,-1,134
1,<environment.Job instance at 0x7f2ec0ff9140>,47,23,[3 9],48,-1,157,-1,134
1,<environment.Job instance at 0x7f2ec0ff99b0>,48,13,[10  5],49,-1,147,-1,134
1,<environment.Job instance at 0x7f2ec0ff91e0>,49,2,[10  4],50,-1,136,-1,134
1,<environment.Job instance at 0x7f2ec0ff94b0>,50,13,[ 2 11],51,-1,147,-1,134
1,<environment.Job instance at 0x7f2ec0ff9b90>,51,14,[2 6],52,-1,152,-1,138
1,<environment.Job instance at 0x7f2ec0ff9050>,52,28,[9 2],53,-1,166,-1,138
1,<environment.Job instance at 0x7f2ec0ff9280>,55,12,[1 7],56,-1,162,-1,150
1,<environment.Job instance at 0x7f2ec0ff9e60>,57,16,[1 7],58,-1,182,-1,166
1,<environment.Job instance at 0x7f2ec0ff9640>,58,15,[ 2 12],59,-1,181,-1,166
1,<environment.Job instance at 0x7f2ec0ff9320>,59,24,[ 1 11],60,-1,190,-1,166
1,<environment.Job instance at 0x7f2ec0ff9730>,61,12,[ 3 10],62,-1,181,-1,169
1,<environment.Job instance at 0x7f2ec0ff92d0>,62,18,[ 3 14],63,-1,187,-1,169
1,<environment.Job instance at 0x7f2ec0fe1960>,63,2,[3 6],64,-1,171,-1,169
1,<environment.Job instance at 0x7f2ec0fe1870>,65,28,[10  4],66,-1,197,-1,169
1,<environment.Job instance at 0x7f2ec0fe14b0>,66,16,[ 4 10],67,-1,185,-1,169
1,<environment.Job instance at 0x7f2ec0fe1a50>,68,18,[ 1 10],69,-1,195,-1,177
1,<environment.Job instance at 0x7f2ec0fe1d70>,69,14,[2 7],70,-1,191,-1,177
1,<environment.Job instance at 0x7f2ec0fe10a0>,71,1,[5 9],72,-1,187,-1,186
1,<environment.Job instance at 0x7f2ec0fe1f50>,73,1,[ 2 11],74,-1,196,-1,195
1,<environment.Job instance at 0x7f2ec0fe1dc0>,74,26,[6 3],75,-1,221,-1,195
1,<environment.Job instance at 0x7f2ec0fe1280>,77,21,[8 3],78,-1,233,-1,212
1,<environment.Job instance at 0x7f2ec0fe18c0>,79,2,[ 2 13],80,-1,225,-1,223
1,<environment.Job instance at 0x7f2ec0fe1c80>,80,15,[ 2 12],81,-1,238,-1,223
1,<environment.Job instance at 0x7f2ec0fe1cd0>,81,12,[10  1],82,-1,235,-1,223
1,<environment.Job instance at 0x7f2ec0fe12d0>,82,21,[5 4],83,-1,245,-1,224
1,<environment.Job instance at 0x7f2ec0fe1af0>,83,13,[5 9],84,-1,237,-1,224
1,<environment.Job instance at 0x7f2ecad14e10>,85,18,[14  1],86,-1,242,-1,224
1,<environment.Job instance at 0x7f2ecad14af0>,86,24,[14  1],87,-1,248,-1,224
1,<environment.Job instance at 0x7f2ecad14820>,87,12,[6 3],88,-1,236,-1,224
1,<environment.Job instance at 0x7f2ecad14eb0>,88,25,[9 2],89,-1,249,-1,224
1,<environment.Job instance at 0x7f2ecad14320>,84,18,[ 3 13],85,-1,6445,-1,6427
1,<environment.Job instance at 0x7f2ec09f0140>,4,20,[ 3 12],5,-1,25,-1,5
1,<environment.Job instance at 0x7f2ec09e9a00>,9,19,[13  1],10,-1,29,-1,10
1,<environment.Job instance at 0x7f2ec09e9b40>,11,28,[4 5],12,-1,43,-1,15
1,<environment.Job instance at 0x7f2ec09e9960>,13,17,[13  5],14,-1,32,-1,15
1,<environment.Job instance at 0x7f2ec09e9820>,14,26,[12  1],15,-1,41,-1,15
1,<environment.Job instance at 0x7f2ec09e9f00>,19,26,[7 1],20,-1,60,-1,34
1,<environment.Job instance at 0x7f2ec09e9500>,20,22,[8 3],21,-1,68,-1,46
1,<environment.Job instance at 0x7f2ec09e93c0>,25,18,[14  5],26,-1,84,-1,66
1,<environment.Job instance at 0x7f2ec09e92d0>,26,27,[9 5],27,-1,93,-1,66
1,<environment.Job instance at 0x7f2ec09e9780>,27,14,[ 3 12],28,-1,80,-1,66
1,<environment.Job instance at 0x7f2ec09e9f50>,28,18,[1 9],29,-1,84,-1,66
1,<environment.Job instance at 0x7f2ec09e9050>,29,23,[5 9],30,-1,89,-1,66
1,<environment.Job instance at 0x7f2ec141de60>,30,16,[ 5 13],31,-1,82,-1,66
1,<environment.Job instance at 0x7f2ec141d050>,31,22,[ 2 14],32,-1,88,-1,66
1,<environment.Job instance at 0x7f2ec141d8c0>,33,1,[6 2],34,-1,83,-1,82
1,<environment.Job instance at 0x7f2ec141d320>,34,24,[12  4],35,-1,106,-1,82
1,<environment.Job instance at 0x7f2ec141d9b0>,35,17,[ 1 10],36,-1,99,-1,82
1,<environment.Job instance at 0x7f2ec141d230>,40,14,[10  1],41,-1,120,-1,106
1,<environment.Job instance at 0x7f2ec141dd20>,42,25,[10  1],43,-1,137,-1,112
1,<environment.Job instance at 0x7f2ec141dc30>,43,13,[ 5 11],44,-1,125,-1,112
1,<environment.Job instance at 0x7f2ec141d1e0>,44,12,[ 3 14],45,-1,124,-1,112
1,<environment.Job instance at 0x7f2ec14219b0>,46,13,[ 2 13],47,-1,126,-1,113
1,<environment.Job instance at 0x7f2ec14213c0>,47,14,[13  2],48,-1,127,-1,113
1,<environment.Job instance at 0x7f2ec14212d0>,48,18,[11  2],49,-1,131,-1,113
1,<environment.Job instance at 0x7f2ec1421c30>,49,25,[ 1 10],50,-1,138,-1,113
1,<environment.Job instance at 0x7f2ec14211e0>,50,13,[ 2 12],51,-1,126,-1,113
1,<environment.Job instance at 0x7f2ec1421f00>,51,3,[5 7],52,-1,116,-1,113
1,<environment.Job instance at 0x7f2ec14215f0>,56,16,[ 2 13],57,-1,162,-1,146
1,<environment.Job instance at 0x7f2ec0cdfbe0>,64,26,[ 4 14],65,-1,222,-1,196
1,<environment.Job instance at 0x7f2ec0cdf500>,66,3,[ 4 12],67,-1,201,-1,198
1,<environment.Job instance at 0x7f2ec0cdf820>,68,1,[5 6],69,-1,213,-1,212
1,<environment.Job instance at 0x7f2ec0cdf780>,69,25,[5 4],70,-1,238,-1,213
1,<environment.Job instance at 0x7f2ec14101e0>,73,13,[13  3],74,-1,250,-1,237
1,<environment.Job instance at 0x7f2ec1410140>,74,25,[ 5 14],75,-1,262,-1,237
1,<environment.Job instance at 0x7f2ec1410690>,75,27,[5 5],76,-1,264,-1,237
1,<environment.Job instance at 0x7f2ec18cbe60>,76,17,[ 5 13],77,-1,254,-1,237
1,<environment.Job instance at 0x7f2ec1a3c7d0>,78,17,[ 4 11],79,-1,266,-1,249
1,<environment.Job instance at 0x7f2ec1a3cfa0>,79,14,[14  5],80,-1,263,-1,249
1,<environment.Job instance at 0x7f2ec1a3cb40>,80,27,[8 5],81,-1,276,-1,249
1,<environment.Job instance at 0x7f2ec1a3c050>,81,23,[12  4],82,-1,272,-1,249
1,<environment.Job instance at 0x7f2ec1987050>,84,3,[ 1 13],85,-1,270,-1,267
1,<environment.Job instance at 0x7f2ec1987690>,86,14,[ 1 12],87,-1,281,-1,267
1,<environment.Job instance at 0x7f2ec1987140>,87,15,[ 4 14],88,-1,282,-1,267
1,<environment.Job instance at 0x7f2ec09e9370>,23,18,[ 2 12],24,-1,927,-1,909
1,<environment.Job instance at 0x7f2ec10e5190>,4,27,[3 8],5,-1,32,-1,5
1,<environment.Job instance at 0x7f2ec10e5af0>,5,2,[1 8],6,-1,9,-1,7
1,<environment.Job instance at 0x7f2ec1b8eb40>,12,27,[10  4],13,-1,52,-1,25
1,<environment.Job instance at 0x7f2ec1b8e8c0>,16,15,[11  1],17,-1,56,-1,41
1,<environment.Job instance at 0x7f2ec1b8e3c0>,17,14,[ 3 13],18,-1,55,-1,41
1,<environment.Job instance at 0x7f2ec1b8e910>,19,21,[ 4 14],20,-1,82,-1,61
1,<environment.Job instance at 0x7f2ec1d319b0>,26,28,[12  5],27,-1,140,-1,112
1,<environment.Job instance at 0x7f2ec1d314b0>,22,21,[9 2],23,-1,431,-1,410
1,<environment.Job instance at 0x7f2ec0e2cb90>,61,14,[11  4],62,-1,424,-1,410
1,<environment.Job instance at 0x7f2ec0e2c5f0>,62,13,[9 2],63,-1,423,-1,410
1,<environment.Job instance at 0x7f2ec0f5b460>,63,22,[3 6],64,-1,432,-1,410
1,<environment.Job instance at 0x7f2ec0f5bfa0>,66,13,[11  5],67,-1,439,-1,426
1,<environment.Job instance at 0x7f2ec0f5b320>,67,19,[ 3 11],68,-1,445,-1,426
1,<environment.Job instance at 0x7f2ec0f5b3c0>,68,21,[10  3],69,-1,454,-1,433
1,<environment.Job instance at 0x7f2ec0f5b5a0>,70,23,[10  4],71,-1,459,-1,436
1,<environment.Job instance at 0x7f2ec0f5b280>,72,13,[ 3 10],73,-1,449,-1,436
1,<environment.Job instance at 0x7f2ec0f5bc80>,76,26,[3 6],77,-1,491,-1,465
1,<environment.Job instance at 0x7f2ec0f5b9b0>,79,23,[4 9],80,-1,489,-1,466
1,<environment.Job instance at 0x7f2ec0f5baf0>,80,24,[5 2],81,-1,490,-1,466
1,<environment.Job instance at 0x7f2ec131a820>,82,17,[ 1 14],83,-1,491,-1,474
1,<environment.Job instance at 0x7f2ec131acd0>,83,25,[2 9],84,-1,499,-1,474
1,<environment.Job instance at 0x7f2ec131ab40>,86,22,[4 8],87,-1,513,-1,491
1,<environment.Job instance at 0x7f2ec131a640>,87,12,[9 1],88,-1,503,-1,491
1,<environment.Job instance at 0x7f2ec131aeb0>,88,2,[6 2],89,-1,493,-1,491
1,<environment.Job instance at 0x7f2ec1eb07d0>,36,26,[8 5],37,-1,7032,-1,7006
1,<environment.Job instance at 0x7f2ec0e2c780>,2,21,[ 3 13],3,-1,24,-1,3
1,<environment.Job instance at 0x7f2ec1b8c7d0>,5,13,[14  2],6,-1,19,-1,6
1,<environment.Job instance at 0x7f2ec1b8ca00>,6,16,[ 4 14],7,-1,23,-1,7
1,<environment.Job instance at 0x7f2ec0f51c30>,8,14,[13  3],9,-1,23,-1,9
1,<environment.Job instance at 0x7f2ec0f515a0>,9,2,[3 9],10,-1,13,-1,11
1,<environment.Job instance at 0x7f2ec0f51410>,11,17,[ 3 11],12,-1,29,-1,12
1,<environment.Job instance at 0x7f2ec0f51870>,16,27,[8 5],17,-1,44,-1,17
1,<environment.Job instance at 0x7f2ec0f51320>,17,15,[ 2 10],18,-1,33,-1,18
1,<environment.Job instance at 0x7f2ec0f51280>,18,26,[10  5],19,-1,45,-1,19
1,<environment.Job instance at 0x7f2ec0f519b0>,21,14,[14  4],22,-1,43,-1,29
1,<environment.Job instance at 0x7f2ec0f51960>,24,20,[ 2 11],25,-1,62,-1,42
1,<environment.Job instance at 0x7f2ec0f51c80>,25,3,[ 4 11],26,-1,45,-1,42
1,<environment.Job instance at 0x7f2ec0f51fa0>,26,16,[13  3],27,-1,58,-1,42
1,<environment.Job instance at 0x7f2ec172e550>,27,26,[10  5],28,-1,68,-1,42
1,<environment.Job instance at 0x7f2ec172edc0>,28,13,[8 3],29,-1,55,-1,42
1,<environment.Job instance at 0x7f2ec172e230>,29,13,[ 2 12],30,-1,55,-1,42
1,<environment.Job instance at 0x7f2ec172e960>,30,13,[1 9],31,-1,55,-1,42
1,<environment.Job instance at 0x7f2ec172e410>,31,17,[11  4],32,-1,59,-1,42
1,<environment.Job instance at 0x7f2ec172e2d0>,32,24,[4 6],33,-1,66,-1,42
1,<environment.Job instance at 0x7f2ec1a73280>,33,15,[ 2 13],34,-1,57,-1,42
1,<environment.Job instance at 0x7f2ec172e9b0>,34,18,[11  2],35,-1,60,-1,42
1,<environment.Job instance at 0x7f2ec1a73960>,35,14,[10  1],36,-1,57,-1,43
1,<environment.Job instance at 0x7f2ec1a73f50>,36,12,[9 5],37,-1,57,-1,45
1,<environment.Job instance at 0x7f2ec1a73780>,37,18,[14  1],38,-1,63,-1,45
1,<environment.Job instance at 0x7f2ec1a736e0>,38,23,[ 1 11],39,-1,68,-1,45
1,<environment.Job instance at 0x7f2ec1a73be0>,39,12,[ 3 12],40,-1,57,-1,45
1,<environment.Job instance at 0x7f2ec1a73b90>,42,12,[5 2],43,-1,72,-1,60
1,<environment.Job instance at 0x7f2ec1a73050>,43,13,[ 3 11],44,-1,73,-1,60
1,<environment.Job instance at 0x7f2ec1a734b0>,44,12,[7 2],45,-1,72,-1,60
1,<environment.Job instance at 0x7f2ec1a73460>,46,15,[11  2],47,-1,82,-1,67
1,<environment.Job instance at 0x7f2ec1a73870>,47,12,[7 2],48,-1,79,-1,67
1,<environment.Job instance at 0x7f2ec1a73820>,48,25,[7 2],49,-1,92,-1,67
1,<environment.Job instance at 0x7f2ec1a73fa0>,49,18,[ 5 10],50,-1,104,-1,86
1,<environment.Job instance at 0x7f2ec1a735f0>,53,16,[13  2],54,-1,121,-1,105
1,<environment.Job instance at 0x7f2eca7f5dc0>,54,12,[7 1],55,-1,117,-1,105
1,<environment.Job instance at 0x7f2eca7f5cd0>,55,19,[12  5],56,-1,124,-1,105
1,<environment.Job instance at 0x7f2eca7f5d70>,59,2,[6 4],60,-1,118,-1,116
1,<environment.Job instance at 0x7f2eca7f59b0>,60,25,[10  4],61,-1,141,-1,116
1,<environment.Job instance at 0x7f2eca7f55f0>,62,27,[7 5],63,-1,151,-1,124
1,<environment.Job instance at 0x7f2eca7f52d0>,64,25,[8 2],65,-1,157,-1,132
1,<environment.Job instance at 0x7f2eca7f5eb0>,66,14,[ 2 12],67,-1,146,-1,132
1,<environment.Job instance at 0x7f2eca7f5910>,72,20,[ 1 13],73,-1,192,-1,172
1,<environment.Job instance at 0x7f2ec18f6aa0>,73,14,[9 1],74,-1,186,-1,172
1,<environment.Job instance at 0x7f2ec18f6c80>,74,28,[ 3 10],75,-1,200,-1,172
1,<environment.Job instance at 0x7f2ec18f6f50>,75,25,[9 5],76,-1,197,-1,172
1,<environment.Job instance at 0x7f2ec18f64b0>,79,12,[8 1],80,-1,202,-1,190
1,<environment.Job instance at 0x7f2ec18f6d20>,82,21,[1 9],83,-1,233,-1,212
1,<environment.Job instance at 0x7f2ec18f67d0>,83,24,[7 4],84,-1,236,-1,212
1,<environment.Job instance at 0x7f2ec18f60a0>,88,17,[ 3 13],89,-1,259,-1,242
1,<environment.Job instance at 0x7f2ec0f510f0>,15,27,[1 6],16,-1,1126,-1,1099
1,<environment.Job instance at 0x7f2ec1a73a00>,51,15,[11  5],52,-1,1488,-1,1473
1,<environment.Job instance at 0x7f2ec1a73a00>,5,22,[10  3],6,-1,47,-1,25
1,<environment.Job instance at 0x7f2ec0861320>,13,22,[14  2],14,-1,47,-1,25
1,<environment.Job instance at 0x7f2ec097abe0>,17,18,[ 3 10],18,-1,55,-1,37
1,<environment.Job instance at 0x7f2ec097a2d0>,19,27,[5 4],20,-1,67,-1,40
1,<environment.Job instance at 0x7f2ec097ae60>,20,28,[7 5],21,-1,68,-1,40
1,<environment.Job instance at 0x7f2ec097a1e0>,22,28,[14  2],23,-1,77,-1,49
1,<environment.Job instance at 0x7f2ec097a320>,24,13,[ 5 10],25,-1,69,-1,56
1,<environment.Job instance at 0x7f2ec097a4b0>,25,22,[ 5 14],26,-1,78,-1,56
1,<environment.Job instance at 0x7f2ec097a690>,26,26,[8 5],27,-1,82,-1,56
1,<environment.Job instance at 0x7f2ec097a6e0>,29,13,[13  5],30,-1,83,-1,70
1,<environment.Job instance at 0x7f2ec097ac80>,30,14,[ 2 13],31,-1,84,-1,70
1,<environment.Job instance at 0x7f2ec097a0f0>,31,15,[ 3 10],32,-1,85,-1,70
1,<environment.Job instance at 0x7f2ec08c7b90>,32,12,[ 5 13],33,-1,82,-1,70
1,<environment.Job instance at 0x7f2ec08c79b0>,34,22,[13  3],35,-1,92,-1,70
1,<environment.Job instance at 0x7f2ec08c7c80>,35,26,[14  2],36,-1,96,-1,70
1,<environment.Job instance at 0x7f2ec08c7dc0>,36,20,[ 4 12],37,-1,90,-1,70
1,<environment.Job instance at 0x7f2ec08c7460>,37,13,[ 4 12],38,-1,83,-1,70
1,<environment.Job instance at 0x7f2ec08c7a50>,38,14,[5 1],39,-1,84,-1,70
1,<environment.Job instance at 0x7f2ec08c72d0>,40,16,[ 5 12],41,-1,97,-1,81
1,<environment.Job instance at 0x7f2ec08c78c0>,41,22,[13  5],42,-1,103,-1,81
1,<environment.Job instance at 0x7f2ec08c7910>,42,27,[5 3],43,-1,108,-1,81
1,<environment.Job instance at 0x7f2ec08c7370>,45,24,[5 4],46,-1,123,-1,99
1,<environment.Job instance at 0x7f2ec08c7190>,46,18,[12  1],47,-1,117,-1,99
1,<environment.Job instance at 0x7f2ec087c5f0>,48,13,[ 5 14],49,-1,112,-1,99
1,<environment.Job instance at 0x7f2ec087caf0>,49,17,[ 5 13],50,-1,116,-1,99
1,<environment.Job instance at 0x7f2ec087c9b0>,50,18,[12  5],51,-1,117,-1,99
1,<environment.Job instance at 0x7f2ec087c960>,52,27,[5 1],53,-1,139,-1,112
1,<environment.Job instance at 0x7f2ec087c1e0>,55,17,[ 5 12],56,-1,143,-1,126
1,<environment.Job instance at 0x7f2ecaa8dc80>,56,3,[3 6],57,-1,129,-1,126
1,<environment.Job instance at 0x7f2ecaa8de10>,57,24,[7 4],58,-1,150,-1,126
1,<environment.Job instance at 0x7f2ec1e24140>,59,1,[3 6],60,-1,133,-1,132
1,<environment.Job instance at 0x7f2ec1e242d0>,60,12,[12  3],61,-1,144,-1,132
1,<environment.Job instance at 0x7f2ec1e24dc0>,61,27,[6 5],62,-1,159,-1,132
1,<environment.Job instance at 0x7f2ec1e240f0>,64,17,[14  4],65,-1,167,-1,150
1,<environment.Job instance at 0x7f2ec1e24050>,67,16,[ 1 13],68,-1,179,-1,163
1,<environment.Job instance at 0x7f2ec1e243c0>,68,25,[4 7],69,-1,188,-1,163
1,<environment.Job instance at 0x7f2ec1e246e0>,70,12,[13  5],71,-1,192,-1,180
1,<environment.Job instance at 0x7f2ec1e241e0>,71,22,[14  4],72,-1,202,-1,180
1,<environment.Job instance at 0x7f2ec1e24870>,72,27,[5 3],73,-1,207,-1,180
1,<environment.Job instance at 0x7f2ec1a23910>,76,26,[3 7],77,-1,219,-1,193
1,<environment.Job instance at 0x7f2ec0d78870>,78,15,[11  4],79,-1,221,-1,206
1,<environment.Job instance at 0x7f2ec19e6910>,79,18,[ 3 11],80,-1,224,-1,206
1,<environment.Job instance at 0x7f2ec16248c0>,80,23,[9 1],81,-1,229,-1,206
1,<environment.Job instance at 0x7f2ec1ff10a0>,82,23,[11  3],83,-1,237,-1,214
1,<environment.Job instance at 0x7f2ec163a0f0>,83,19,[ 4 10],84,-1,239,-1,220
1,<environment.Job instance at 0x7f2ec1ff1870>,84,1,[1 5],85,-1,221,-1,220
1,<environment.Job instance at 0x7f2ec163a0a0>,86,27,[7 3],87,-1,247,-1,220
1,<environment.Job instance at 0x7f2ec163adc0>,87,28,[13  1],88,-1,248,-1,220
1,<environment.Job instance at 0x7f2ec163af50>,88,25,[3 8],89,-1,245,-1,220
1,<environment.Job instance at 0x7f2ec180ccd0>,2,24,[7 5],3,-1,27,-1,3
1,<environment.Job instance at 0x7f2ec180c1e0>,3,22,[11  1],4,-1,26,-1,4
1,<environment.Job instance at 0x7f2ec180cd20>,4,14,[ 2 13],5,-1,19,-1,5
1,<environment.Job instance at 0x7f2ec180c5f0>,6,28,[4 9],7,-1,35,-1,7
1,<environment.Job instance at 0x7f2ec180c4b0>,7,28,[ 5 11],8,-1,36,-1,8
1,<environment.Job instance at 0x7f2ec180ceb0>,14,14,[11  2],15,-1,34,-1,20
1,<environment.Job instance at 0x7f2ec180c6e0>,15,15,[12  2],16,-1,35,-1,20
1,<environment.Job instance at 0x7f2ec180c910>,16,2,[4 9],17,-1,22,-1,20
1,<environment.Job instance at 0x7f2ec180c460>,17,19,[14  2],18,-1,39,-1,20
1,<environment.Job instance at 0x7f2ec2012690>,18,20,[ 5 12],19,-1,40,-1,20
1,<environment.Job instance at 0x7f2ec20125a0>,21,17,[ 4 11],22,-1,55,-1,38
1,<environment.Job instance at 0x7f2ec20124b0>,22,12,[8 1],23,-1,60,-1,48
1,<environment.Job instance at 0x7f2ec2012be0>,24,1,[3 6],25,-1,51,-1,50
1,<environment.Job instance at 0x7f2ec2012140>,31,1,[8 4],32,-1,87,-1,86
1,<environment.Job instance at 0x7f2ec1fedf50>,39,15,[ 5 14],40,-1,163,-1,148
1,<environment.Job instance at 0x7f2ec1fedeb0>,40,2,[4 7],41,-1,150,-1,148
1,<environment.Job instance at 0x7f2ec1fedd70>,41,12,[11  5],42,-1,160,-1,148
1,<environment.Job instance at 0x7f2ec1fed280>,42,28,[8 5],43,-1,176,-1,148
1,<environment.Job instance at 0x7f2ec1fed3c0>,43,21,[4 5],44,-1,175,-1,154
1,<environment.Job instance at 0x7f2ec1fed370>,45,28,[7 3],46,-1,182,-1,154
1,<environment.Job instance at 0x7f2ec1fedcd0>,46,19,[1 7],47,-1,179,-1,160
1,<environment.Job instance at 0x7f2ec1fedaf0>,47,25,[1 5],48,-1,185,-1,160
1,<environment.Job instance at 0x7f2ec1fedb40>,48,25,[ 3 10],49,-1,185,-1,160
1,<environment.Job instance at 0x7f2ec1fed1e0>,49,18,[ 2 11],50,-1,178,-1,160
1,<environment.Job instance at 0x7f2ec1fed140>,50,12,[ 1 10],51,-1,172,-1,160
1,<environment.Job instance at 0x7f2ec2013b40>,52,20,[ 4 13],53,-1,180,-1,160
1,<environment.Job instance at 0x7f2ec2013460>,53,17,[11  4],54,-1,177,-1,160
1,<environment.Job instance at 0x7f2ec2013500>,56,23,[9 2],57,-1,197,-1,174
1,<environment.Job instance at 0x7f2ec2013550>,57,3,[6 1],58,-1,177,-1,174
1,<environment.Job instance at 0x7f2ec2013af0>,58,14,[1 9],59,-1,189,-1,175
1,<environment.Job instance at 0x7f2ec2013d70>,60,3,[9 5],61,-1,186,-1,183
1,<environment.Job instance at 0x7f2ec2013050>,61,3,[8 1],62,-1,186,-1,183
1,<environment.Job instance at 0x7f2ec2013d20>,63,27,[ 1 14],64,-1,216,-1,189
1,<environment.Job instance at 0x7f2ec2013370>,64,21,[3 9],65,-1,210,-1,189
1,<environment.Job instance at 0x7f2ec1fe4eb0>,65,13,[7 1],66,-1,202,-1,189
1,<environment.Job instance at 0x7f2ec1fe4140>,66,15,[8 2],67,-1,204,-1,189
1,<environment.Job instance at 0x7f2ec1fe40a0>,67,22,[12  2],68,-1,211,-1,189
1,<environment.Job instance at 0x7f2ec1fe4d70>,68,27,[7 4],69,-1,216,-1,189
1,<environment.Job instance at 0x7f2ec1fe4f00>,69,3,[9 5],70,-1,192,-1,189
1,<environment.Job instance at 0x7f2ec1fe4a00>,72,26,[14  5],73,-1,231,-1,205
1,<environment.Job instance at 0x7f2ec1fe4a50>,73,12,[11  4],74,-1,217,-1,205
1,<environment.Job instance at 0x7f2ec1fe4c80>,74,26,[8 3],75,-1,231,-1,205
1,<environment.Job instance at 0x7f2ec1fe4be0>,76,2,[6 1],77,-1,218,-1,216
1,<environment.Job instance at 0x7f2ec1fc2b40>,80,18,[5 5],81,-1,255,-1,237
1,<environment.Job instance at 0x7f2ec1fc2dc0>,81,14,[5 7],82,-1,251,-1,237
1,<environment.Job instance at 0x7f2ec1fc2c80>,82,24,[4 7],83,-1,261,-1,237
1,<environment.Job instance at 0x7f2ec1fc2e60>,83,16,[4 7],84,-1,253,-1,237
1,<environment.Job instance at 0x7f2ec1fc2b90>,84,3,[6 4],85,-1,240,-1,237
1,<environment.Job instance at 0x7f2ec1fc25f0>,85,2,[12  1],86,-1,239,-1,237
1,<environment.Job instance at 0x7f2ec1fc2230>,86,16,[7 3],87,-1,253,-1,237
1,<environment.Job instance at 0x7f2ec1fc2c30>,87,23,[ 4 12],88,-1,260,-1,237
1,<environment.Job instance at 0x7f2ec1fc2870>,88,26,[ 4 14],89,-1,263,-1,237
1,<environment.Job instance at 0x7f2ec2012280>,29,18,[2 8],30,-1,3418,-1,3400
1,<environment.Job instance at 0x7f2ec2012280>,3,27,[ 4 13],4,-1,31,-1,4
1,<environment.Job instance at 0x7f2ec216f7d0>,4,23,[ 4 10],5,-1,28,-1,5
1,<environment.Job instance at 0x7f2ec216f0f0>,5,15,[ 4 12],6,-1,21,-1,6
1,<environment.Job instance at 0x7f2ec216faa0>,7,16,[ 5 11],8,-1,25,-1,9
1,<environment.Job instance at 0x7f2ec216f140>,9,27,[3 8],10,-1,37,-1,10
1,<environment.Job instance at 0x7f2ec216f550>,10,23,[5 9],11,-1,34,-1,11
1,<environment.Job instance at 0x7f2ecabe0230>,15,13,[11  4],16,-1,37,-1,24
1,<environment.Job instance at 0x7f2ecabe0e10>,16,12,[11  5],17,-1,36,-1,24
1,<environment.Job instance at 0x7f2ecabe06e0>,18,12,[8 2],19,-1,45,-1,33
1,<environment.Job instance at 0x7f2ec1028280>,19,1,[ 4 12],20,-1,34,-1,33
1,<environment.Job instance at 0x7f2ec10283c0>,20,3,[ 4 14],21,-1,36,-1,33
1,<environment.Job instance at 0x7f2ec10285f0>,21,15,[14  3],22,-1,48,-1,33
1,<environment.Job instance at 0x7f2ec1b81550>,27,21,[ 1 11],28,-1,93,-1,72
1,<environment.Job instance at 0x7f2ec1b812d0>,28,1,[ 2 14],29,-1,73,-1,72
1,<environment.Job instance at 0x7f2ec1b813c0>,31,15,[13  2],32,-1,101,-1,86
1,<environment.Job instance at 0x7f2ec1b81460>,32,16,[ 5 11],33,-1,102,-1,86
1,<environment.Job instance at 0x7f2ec1b819b0>,33,18,[13  4],34,-1,104,-1,86
1,<environment.Job instance at 0x7f2ec1b81640>,34,15,[ 3 14],35,-1,101,-1,86
1,<environment.Job instance at 0x7f2ec1b81870>,35,18,[13  2],36,-1,104,-1,86
1,<environment.Job instance at 0x7f2ec1b81dc0>,36,1,[12  5],37,-1,87,-1,86
1,<environment.Job instance at 0x7f2ec1a086e0>,50,2,[3 9],51,-1,224,-1,222
1,<environment.Job instance at 0x7f2ec1cc8730>,53,12,[ 3 13],54,-1,250,-1,238
1,<environment.Job instance at 0x7f2ec190b690>,59,18,[ 3 12],60,-1,297,-1,279
1,<environment.Job instance at 0x7f2ec1a601e0>,60,18,[13  3],61,-1,297,-1,279
1,<environment.Job instance at 0x7f2ec1a602d0>,61,2,[1 5],62,-1,282,-1,280
1,<environment.Job instance at 0x7f2ec1a60fa0>,64,24,[7 4],65,-1,332,-1,308
1,<environment.Job instance at 0x7f2ec1a60aa0>,65,19,[ 5 13],66,-1,327,-1,308
1,<environment.Job instance at 0x7f2ec1a60690>,74,24,[5 9],75,-1,408,-1,384
1,<environment.Job instance at 0x7f2ec1a604b0>,76,23,[3 9],77,-1,413,-1,390
1,<environment.Job instance at 0x7f2ec1802cd0>,77,26,[8 5],78,-1,416,-1,390
1,<environment.Job instance at 0x7f2ec1725a50>,79,1,[ 1 12],80,-1,405,-1,404
1,<environment.Job instance at 0x7f2ec1725a00>,81,27,[10  5],82,-1,431,-1,404
1,<environment.Job instance at 0x7f2ec1725c80>,83,2,[5 5],84,-1,419,-1,417
1,<environment.Job instance at 0x7f2ec1725e10>,84,15,[12  5],85,-1,432,-1,417
1,<environment.Job instance at 0x7f2ec1725370>,85,24,[13  2],86,-1,441,-1,417
1,<environment.Job instance at 0x7f2ec17252d0>,88,16,[ 3 14],89,-1,458,-1,442
1,<environment.Job instance at 0x7f2ec217dc30>,4,23,[ 5 10],5,-1,28,-1,5
1,<environment.Job instance at 0x7f2ec1e86d70>,9,25,[12  3],10,-1,42,-1,17
1,<environment.Job instance at 0x7f2ec1e86140>,10,27,[ 4 11],11,-1,44,-1,17
1,<environment.Job instance at 0x7f2ec1e86730>,11,15,[13  2],12,-1,32,-1,17
1,<environment.Job instance at 0x7f2ec1e861e0>,18,16,[ 5 13],19,-1,73,-1,57
1,<environment.Job instance at 0x7f2ec1e86780>,19,23,[5 5],20,-1,80,-1,57
1,<environment.Job instance at 0x7f2ec1e860a0>,20,3,[ 4 14],21,-1,60,-1,57
1,<environment.Job instance at 0x7f2ec1e86d20>,21,15,[14  4],22,-1,72,-1,57
1,<environment.Job instance at 0x7f2ec1e8e870>,23,25,[4 7],24,-1,82,-1,57
1,<environment.Job instance at 0x7f2ec1e8e460>,24,3,[11  5],25,-1,60,-1,57
1,<environment.Job instance at 0x7f2ec1e8eb90>,25,3,[ 4 14],26,-1,60,-1,57
1,<environment.Job instance at 0x7f2ec1e8e320>,26,28,[ 4 11],27,-1,85,-1,57
1,<environment.Job instance at 0x7f2ec1073eb0>,28,18,[11  1],29,-1,90,-1,72
1,<environment.Job instance at 0x7f2ec10734b0>,30,24,[3 8],31,-1,109,-1,85
1,<environment.Job instance at 0x7f2ec10731e0>,31,2,[5 4],32,-1,87,-1,85
1,<environment.Job instance at 0x7f2ec10736e0>,32,27,[3 6],33,-1,112,-1,85
1,<environment.Job instance at 0x7f2ec16693c0>,35,15,[ 3 14],36,-1,108,-1,93
1,<environment.Job instance at 0x7f2ec09ac5a0>,36,21,[10  1],37,-1,234,-1,213
1,<environment.Job instance at 0x7f2ec1062500>,46,14,[ 1 14],47,-1,227,-1,213
1,<environment.Job instance at 0x7f2ec1050550>,52,24,[11  1],53,-1,259,-1,235
1,<environment.Job instance at 0x7f2ec10506e0>,55,25,[5 7],56,-1,278,-1,253
1,<environment.Job instance at 0x7f2ec105a410>,64,1,[ 3 10],65,-1,325,-1,324
1,<environment.Job instance at 0x7f2eca737dc0>,66,3,[7 4],67,-1,329,-1,326
1,<environment.Job instance at 0x7f2ec1e84730>,68,24,[14  3],69,-1,354,-1,330
1,<environment.Job instance at 0x7f2ec1e847d0>,72,27,[2 9],73,-1,378,-1,351
1,<environment.Job instance at 0x7f2ec173b640>,80,3,[2 6],81,-1,421,-1,418
1,<environment.Job instance at 0x7f2ec0b8d460>,82,26,[5 4],83,-1,444,-1,418
1,<environment.Job instance at 0x7f2ec0ffffa0>,83,26,[ 1 10],84,-1,444,-1,418
1,<environment.Job instance at 0x7f2ec0ff17d0>,3,17,[ 2 12],4,-1,21,-1,4
1,<environment.Job instance at 0x7f2ec0fa5550>,6,13,[ 5 11],7,-1,20,-1,7
1,<environment.Job instance at 0x7f2ec0fa5d70>,10,24,[8 5],11,-1,38,-1,14
1,<environment.Job instance at 0x7f2ec0f8cdc0>,13,17,[13  2],14,-1,31,-1,14
1,<environment.Job instance at 0x7f2ec0f8c140>,14,23,[9 3],15,-1,47,-1,24
1,<environment.Job instance at 0x7f2ec0f8c3c0>,17,12,[ 3 10],18,-1,39,-1,27
1,<environment.Job instance at 0x7f2ec0f8c9b0>,19,14,[ 5 14],20,-1,41,-1,27
1,<environment.Job instance at 0x7f2ec0f8c5f0>,20,22,[5 6],21,-1,103,-1,81
1,<environment.Job instance at 0x7f2ec0f8c910>,28,14,[ 1 14],29,-1,95,-1,81
1,<environment.Job instance at 0x7f2ec0f8caa0>,29,20,[2 8],30,-1,101,-1,81
1,<environment.Job instance at 0x7f2ec0f8f870>,35,12,[12  3],36,-1,154,-1,142
1,<environment.Job instance at 0x7f2ec0f8f050>,37,15,[12  3],38,-1,158,-1,143
1,<environment.Job instance at 0x7f2ec0f8f2d0>,42,24,[11  4],43,-1,211,-1,187
1,<environment.Job instance at 0x7f2ec0f8f5f0>,45,15,[ 4 12],46,-1,216,-1,201
1,<environment.Job instance at 0x7f2ec0f8f9b0>,47,25,[ 1 10],48,-1,230,-1,205
1,<environment.Job instance at 0x7f2ec0f8ff50>,48,1,[8 4],49,-1,206,-1,205
1,<environment.Job instance at 0x7f2ec0f8fa00>,49,25,[ 4 11],50,-1,230,-1,205
1,<environment.Job instance at 0x7f2ec12b9fa0>,51,26,[13  2],52,-1,247,-1,221
1,<environment.Job instance at 0x7f2ec12b9a50>,52,2,[ 2 13],53,-1,223,-1,221
1,<environment.Job instance at 0x7f2ec12b9320>,56,12,[11  2],57,-1,262,-1,250
1,<environment.Job instance at 0x7f2ec12b9780>,57,22,[8 5],58,-1,272,-1,250
1,<environment.Job instance at 0x7f2ec12b9550>,60,12,[ 1 12],61,-1,262,-1,250
1,<environment.Job instance at 0x7f2ec12b9f00>,66,23,[8 1],67,-1,321,-1,298
1,<environment.Job instance at 0x7f2ec12b9b40>,67,15,[14  5],68,-1,313,-1,298
1,<environment.Job instance at 0x7f2ec12b9500>,68,19,[12  4],69,-1,317,-1,298
1,<environment.Job instance at 0x7f2ec12b9640>,69,19,[11  1],70,-1,317,-1,298
1,<environment.Job instance at 0x7f2ec12b94b0>,72,2,[ 3 14],73,-1,308,-1,306
1,<environment.Job instance at 0x7f2ec1bd1320>,74,23,[3 6],75,-1,343,-1,320
1,<environment.Job instance at 0x7f2ec1bd1960>,75,13,[ 3 13],76,-1,333,-1,320
1,<environment.Job instance at 0x7f2ec1bd1aa0>,76,27,[ 1 10],77,-1,347,-1,320
1,<environment.Job instance at 0x7f2ec1bd1d20>,77,18,[ 2 14],78,-1,338,-1,320
1,<environment.Job instance at 0x7f2ec1bd17d0>,81,25,[ 2 14],82,-1,360,-1,335
1,<environment.Job instance at 0x7f2ec1bd1690>,84,3,[7 5],85,-1,356,-1,353
1,<environment.Job instance at 0x7f2ec1bd1b90>,85,21,[14  4],86,-1,374,-1,353
1,<environment.Job instance at 0x7f2ec1bd1230>,86,18,[ 4 13],87,-1,371,-1,353
1,<environment.Job instance at 0x7f2ec0f8cd20>,25,19,[9 3],26,-1,458,-1,439
1,<environment.Job instance at 0x7f2ec1ad73c0>,1,12,[ 4 12],2,-1,14,-1,2
1,<environment.Job instance at 0x7f2ec12b9370>,2,27,[4 8],3,-1,30,-1,3
1,<environment.Job instance at 0x7f2ec0be4eb0>,5,24,[5 6],6,-1,30,-1,6
1,<environment.Job instance at 0x7f2ec0bf60a0>,7,2,[3 9],8,-1,10,-1,8
1,<environment.Job instance at 0x7f2ec0bf62d0>,8,17,[ 3 14],9,-1,26,-1,9
1,<environment.Job instance at 0x7f2ec0bf6500>,14,28,[2 5],15,-1,44,-1,16
1,<environment.Job instance at 0x7f2ec0bf65f0>,15,28,[ 2 14],16,-1,44,-1,16
1,<environment.Job instance at 0x7f2ec0bf6b90>,20,27,[5 8],21,-1,72,-1,45
1,<environment.Job instance at 0x7f2ec0bf6b40>,22,12,[13  5],23,-1,57,-1,45
1,<environment.Job instance at 0x7f2ec0bf6aa0>,23,15,[ 5 12],24,-1,60,-1,45
1,<environment.Job instance at 0x7f2ec0bf6e60>,25,23,[10  4],26,-1,77,-1,54
1,<environment.Job instance at 0x7f2ec0bf6f00>,27,22,[3 8],28,-1,81,-1,59
1,<environment.Job instance at 0x7f2ec0bf6eb0>,29,2,[5 5],30,-1,61,-1,59
1,<environment.Job instance at 0x7f2ec0bf9230>,30,24,[10  1],31,-1,83,-1,59
1,<environment.Job instance at 0x7f2ec0bf92d0>,31,26,[5 8],32,-1,85,-1,59
1,<environment.Job instance at 0x7f2ec0bf9460>,34,16,[ 3 14],35,-1,89,-1,73
1,<environment.Job instance at 0x7f2ec0bf9640>,37,15,[13  3],38,-1,95,-1,80
1,<environment.Job instance at 0x7f2ec0bf9780>,39,26,[6 2],40,-1,118,-1,92
1,<environment.Job instance at 0x7f2ec0bf9870>,40,22,[7 3],41,-1,114,-1,92
1,<environment.Job instance at 0x7f2ec0bf9a00>,42,26,[13  4],43,-1,120,-1,94
1,<environment.Job instance at 0x7f2ec0bf9820>,43,12,[ 4 10],44,-1,107,-1,95
1,<environment.Job instance at 0x7f2ec0bf9af0>,44,23,[14  1],45,-1,118,-1,95
1,<environment.Job instance at 0x7f2ec0bf95a0>,45,14,[ 1 12],46,-1,109,-1,95
1,<environment.Job instance at 0x7f2ec0bf9be0>,46,17,[14  4],47,-1,112,-1,95
1,<environment.Job instance at 0x7f2ec0bf9f00>,49,1,[9 4],50,-1,113,-1,112
1,<environment.Job instance at 0x7f2ec0bf9eb0>,50,24,[8 2],51,-1,136,-1,112
1,<environment.Job instance at 0x7f2ec0bf9e60>,51,27,[ 3 13],52,-1,139,-1,112
1,<environment.Job instance at 0x7f2ec0bf9fa0>,52,18,[ 2 12],53,-1,130,-1,112
1,<environment.Job instance at 0x7f2ec0bec5f0>,57,15,[14  1],58,-1,154,-1,139
1,<environment.Job instance at 0x7f2ec0bec460>,58,26,[11  3],59,-1,165,-1,139
1,<environment.Job instance at 0x7f2ec0bec7d0>,61,26,[ 1 10],62,-1,179,-1,153
1,<environment.Job instance at 0x7f2ec0bec910>,63,1,[7 1],64,-1,163,-1,162
1,<environment.Job instance at 0x7f2ec0bec9b0>,64,18,[ 4 11],65,-1,180,-1,162
1,<environment.Job instance at 0x7f2ec0beca50>,65,1,[10  4],66,-1,163,-1,162
1,<environment.Job instance at 0x7f2ec0bece10>,70,21,[ 2 14],71,-1,223,-1,202
1,<environment.Job instance at 0x7f2ec0beceb0>,71,18,[13  5],72,-1,220,-1,202
1,<environment.Job instance at 0x7f2ec0becf50>,72,20,[ 4 11],73,-1,222,-1,202
1,<environment.Job instance at 0x7f2ec0bf0b90>,78,15,[13  4],79,-1,249,-1,234
1,<environment.Job instance at 0x7f2ec0bf0eb0>,79,1,[1 9],80,-1,235,-1,234
1,<environment.Job instance at 0x7f2ec0bf0780>,82,15,[14  5],83,-1,268,-1,253
1,<environment.Job instance at 0x7f2ec0bf0730>,86,25,[ 5 10],87,-1,302,-1,277
1,<environment.Job instance at 0x7f2ec0bf69b0>,18,24,[10  1],19,-1,3303,-1,3279
1,<environment.Job instance at 0x7f2ec1c8e230>,7,12,[12  3],8,-1,20,-1,8
1,<environment.Job instance at 0x7f2ec14bbeb0>,14,13,[12  4],15,-1,28,-1,15
1,<environment.Job instance at 0x7f2ec14bbcd0>,15,24,[12  2],16,-1,40,-1,16
1,<environment.Job instance at 0x7f2ec14bb960>,16,12,[ 2 12],17,-1,29,-1,17
1,<environment.Job instance at 0x7f2ec14bb500>,18,3,[5 1],19,-1,23,-1,20
1,<environment.Job instance at 0x7f2ec115c640>,25,14,[ 4 13],26,-1,62,-1,48
1,<environment.Job instance at 0x7f2ec115cf00>,31,23,[3 9],32,-1,109,-1,86
1,<environment.Job instance at 0x7f2ec115c870>,32,24,[ 4 14],33,-1,110,-1,86
1,<environment.Job instance at 0x7f2ec115c690>,33,23,[9 5],34,-1,109,-1,86
1,<environment.Job instance at 0x7f2ec115cc80>,34,13,[ 4 13],35,-1,99,-1,86
1,<environment.Job instance at 0x7f2ec082b7d0>,35,1,[3 6],36,-1,87,-1,86
1,<environment.Job instance at 0x7f2ec082b230>,36,14,[ 1 11],37,-1,100,-1,86
1,<environment.Job instance at 0x7f2ec082b910>,37,24,[7 4],38,-1,110,-1,86
1,<environment.Job instance at 0x7f2ec082bdc0>,41,3,[6 3],42,-1,107,-1,104
1,<environment.Job instance at 0x7f2ec082b820>,42,12,[14  4],43,-1,116,-1,104
1,<environment.Job instance at 0x7f2ec082bd70>,47,25,[6 2],48,-1,156,-1,131
1,<environment.Job instance at 0x7f2ec12f79b0>,48,17,[ 1 13],49,-1,148,-1,131
1,<environment.Job instance at 0x7f2ec12f75a0>,50,24,[5 6],51,-1,171,-1,147
1,<environment.Job instance at 0x7f2ec12f7eb0>,54,15,[ 4 11],55,-1,193,-1,178
1,<environment.Job instance at 0x7f2ec15a82d0>,58,26,[10  2],59,-1,211,-1,185
1,<environment.Job instance at 0x7f2ec15a89b0>,62,17,[14  5],63,-1,235,-1,218
1,<environment.Job instance at 0x7f2ec1652a50>,66,16,[12  5],67,-1,275,-1,259
1,<environment.Job instance at 0x7f2ec1652320>,67,1,[ 2 14],68,-1,260,-1,259
1,<environment.Job instance at 0x7f2ec1652d70>,69,17,[14  3],70,-1,276,-1,259
1,<environment.Job instance at 0x7f2ec16525f0>,70,28,[10  3],71,-1,287,-1,259
1,<environment.Job instance at 0x7f2ec1652280>,72,1,[5 1],73,-1,285,-1,284
1,<environment.Job instance at 0x7f2ec1652e10>,74,15,[ 1 10],75,-1,300,-1,285
1,<environment.Job instance at 0x7f2ec1652820>,75,2,[5 7],76,-1,287,-1,285
1,<environment.Job instance at 0x7f2ec1652b40>,78,17,[ 3 11],79,-1,319,-1,302
1,<environment.Job instance at 0x7f2ec1d65460>,79,15,[ 5 11],80,-1,317,-1,302
1,<environment.Job instance at 0x7f2ec1d652d0>,80,28,[ 2 11],81,-1,330,-1,302
1,<environment.Job instance at 0x7f2ec1d65f00>,81,23,[5 5],82,-1,327,-1,304
1,<environment.Job instance at 0x7f2ec1d65960>,82,12,[11  3],83,-1,316,-1,304
1,<environment.Job instance at 0x7f2ec1d65230>,83,26,[ 4 12],84,-1,330,-1,304
1,<environment.Job instance at 0x7f2ec1d650f0>,84,12,[ 4 12],85,-1,316,-1,304
1,<environment.Job instance at 0x7f2ec1d65af0>,86,18,[14  4],87,-1,322,-1,304
1,<environment.Job instance at 0x7f2ec1d654b0>,88,15,[ 2 12],89,-1,319,-1,304
1,<environment.Job instance at 0x7f2ec0cad050>,3,27,[3 6],4,-1,31,-1,4
1,<environment.Job instance at 0x7f2ec1575370>,5,22,[ 4 10],6,-1,29,-1,7
1,<environment.Job instance at 0x7f2ec1d23280>,17,13,[ 5 10],18,-1,79,-1,66
1,<environment.Job instance at 0x7f2ecaa98c30>,18,23,[ 4 11],19,-1,89,-1,66
1,<environment.Job instance at 0x7f2ec1d231e0>,22,17,[11  3],23,-1,106,-1,89
1,<environment.Job instance at 0x7f2ec08104b0>,26,25,[3 6],27,-1,133,-1,108
1,<environment.Job instance at 0x7f2ec0810b90>,27,1,[ 2 12],28,-1,109,-1,108
1,<environment.Job instance at 0x7f2ec0810190>,28,14,[14  4],29,-1,122,-1,108
1,<environment.Job instance at 0x7f2ec0810550>,29,17,[ 3 14],30,-1,125,-1,108
1,<environment.Job instance at 0x7f2ec18c4230>,32,1,[ 2 10],33,-1,122,-1,121
1,<environment.Job instance at 0x7f2ec0f685f0>,55,18,[ 5 11],56,-1,369,-1,351
1,<environment.Job instance at 0x7f2ec1603f50>,57,1,[14  4],58,-1,353,-1,352
1,<environment.Job instance at 0x7f2ec1603780>,58,18,[11  4],59,-1,375,-1,357
1,<environment.Job instance at 0x7f2ec1c83230>,65,23,[13  4],66,-1,432,-1,409
1,<environment.Job instance at 0x7f2ec1c83fa0>,66,17,[12  2],67,-1,426,-1,409
1,<environment.Job instance at 0x7f2ec17abc30>,67,2,[4 8],68,-1,411,-1,409
1,<environment.Job instance at 0x7f2ec0ab5dc0>,72,17,[14  5],73,-1,461,-1,444
1,<environment.Job instance at 0x7f2ec1cfbd20>,73,12,[11  5],74,-1,456,-1,444
1,<environment.Job instance at 0x7f2ec10b0eb0>,78,12,[ 1 13],79,-1,493,-1,481
1,<environment.Job instance at 0x7f2ec16e9fa0>,79,14,[11  1],80,-1,495,-1,481
1,<environment.Job instance at 0x7f2ec10b09b0>,80,14,[14  1],81,-1,495,-1,481
1,<environment.Job instance at 0x7f2ec1aaab90>,82,15,[ 4 11],83,-1,496,-1,481
1,<environment.Job instance at 0x7f2ec1aaa2d0>,84,21,[ 1 14],85,-1,517,-1,496
1,<environment.Job instance at 0x7f2ec20b0910>,87,16,[ 4 14],88,-1,524,-1,508
1,<environment.Job instance at 0x7f2ec161c370>,1,1,[ 5 11],2,-1,3,-1,2
1,<environment.Job instance at 0x7f2ec1083550>,9,26,[ 2 12],10,-1,36,-1,10
1,<environment.Job instance at 0x7f2ec10840a0>,13,3,[1 9],14,-1,31,-1,28
1,<environment.Job instance at 0x7f2ec10841e0>,14,3,[11  1],15,-1,31,-1,28
1,<environment.Job instance at 0x7f2ec1335370>,17,26,[5 5],18,-1,72,-1,46
1,<environment.Job instance at 0x7f2ec1335190>,18,21,[13  1],19,-1,67,-1,46
1,<environment.Job instance at 0x7f2ec20f71e0>,20,22,[10  5],21,-1,91,-1,69
1,<environment.Job instance at 0x7f2ec1ffd0f0>,26,25,[9 4],27,-1,94,-1,69
1,<environment.Job instance at 0x7f2ec17cae10>,27,26,[ 3 11],28,-1,95,-1,69
1,<environment.Job instance at 0x7f2ec17caa50>,32,24,[9 3],33,-1,154,-1,130
1,<environment.Job instance at 0x7f2ec1b1c2d0>,33,26,[6 3],34,-1,156,-1,130
1,<environment.Job instance at 0x7f2ec213a4b0>,34,13,[8 2],35,-1,143,-1,130
1,<environment.Job instance at 0x7f2ec213afa0>,36,16,[ 1 10],37,-1,146,-1,130
1,<environment.Job instance at 0x7f2ec0a48410>,38,22,[3 8],39,-1,170,-1,148
1,<environment.Job instance at 0x7f2ecad1b370>,41,26,[2 6],42,-1,183,-1,157
1,<environment.Job instance at 0x7f2ec11547d0>,43,25,[1 6],44,-1,194,-1,169
1,<environment.Job instance at 0x7f2ec1ae3780>,44,15,[ 2 10],45,-1,184,-1,169
1,<environment.Job instance at 0x7f2ec1148f00>,45,22,[2 7],46,-1,201,-1,179
1,<environment.Job instance at 0x7f2ec1ae2c30>,48,16,[13  3],49,-1,195,-1,179
1,<environment.Job instance at 0x7f2ec1aedaf0>,51,16,[11  1],52,-1,208,-1,192
1,<environment.Job instance at 0x7f2ec1aedb90>,52,19,[11  4],53,-1,211,-1,192
1,<environment.Job instance at 0x7f2ec1af8af0>,53,22,[1 7],54,-1,221,-1,199
1,<environment.Job instance at 0x7f2ec1af8cd0>,54,19,[13  1],55,-1,218,-1,199
1,<environment.Job instance at 0x7f2ec1af8870>,57,14,[ 4 13],58,-1,240,-1,226
1,<environment.Job instance at 0x7f2ec1af8fa0>,58,13,[13  5],59,-1,239,-1,226
1,<environment.Job instance at 0x7f2ec1af8c80>,60,16,[ 3 12],61,-1,242,-1,226
1,<environment.Job instance at 0x7f2ec1af8be0>,62,28,[14  1],63,-1,267,-1,239
1,<environment.Job instance at 0x7f2ec1af5280>,63,25,[10  1],64,-1,264,-1,239
1,<environment.Job instance at 0x7f2ec1af5640>,64,14,[ 1 14],65,-1,253,-1,239
1,<environment.Job instance at 0x7f2ec1af5550>,65,21,[ 1 14],66,-1,260,-1,239
1,<environment.Job instance at 0x7f2ec1af5500>,69,3,[3 5],70,-1,279,-1,276
1,<environment.Job instance at 0x7f2ec1bff460>,71,25,[9 4],72,-1,301,-1,276
1,<environment.Job instance at 0x7f2ec1bff550>,72,1,[ 3 10],73,-1,277,-1,276
1,<environment.Job instance at 0x7f2ec1bff7d0>,76,28,[ 5 12],77,-1,325,-1,297
1,<environment.Job instance at 0x7f2ec1bff9b0>,79,20,[7 1],80,-1,330,-1,310
1,<environment.Job instance at 0x7f2ec1bffa50>,80,13,[ 2 10],81,-1,323,-1,310
1,<environment.Job instance at 0x7f2ec1bffaf0>,81,2,[ 5 10],82,-1,312,-1,310
1,<environment.Job instance at 0x7f2ec1bffb90>,82,23,[10  1],83,-1,333,-1,310
1,<environment.Job instance at 0x7f2ec1bffdc0>,84,26,[14  1],85,-1,342,-1,316
1,<environment.Job instance at 0x7f30578dfeb0>,8,15,[ 4 13],9,-1,29,-1,14
1,<environment.Job instance at 0x7f30578dfb40>,10,12,[2 8],11,-1,30,-1,18
1,<environment.Job instance at 0x7f30578e2410>,14,21,[8 1],15,-1,57,-1,36
1,<environment.Job instance at 0x7f30578e2320>,15,15,[12  2],16,-1,51,-1,36
1,<environment.Job instance at 0x7f30578e2370>,16,28,[5 1],17,-1,64,-1,36
1,<environment.Job instance at 0x7f30578e2500>,17,12,[6 4],18,-1,48,-1,36
1,<environment.Job instance at 0x7f30578e2460>,18,18,[13  1],19,-1,54,-1,36
1,<environment.Job instance at 0x7f30578e2640>,19,23,[8 4],20,-1,59,-1,36
1,<environment.Job instance at 0x7f30578e25f0>,20,17,[ 2 14],21,-1,53,-1,36
1,<environment.Job instance at 0x7f30578e2690>,21,14,[ 4 11],22,-1,50,-1,36
1,<environment.Job instance at 0x7f30578e2820>,22,13,[7 4],23,-1,49,-1,36
1,<environment.Job instance at 0x7f30578e28c0>,23,16,[12  2],24,-1,52,-1,36
1,<environment.Job instance at 0x7f30578e2960>,24,2,[4 6],25,-1,38,-1,36
1,<environment.Job instance at 0x7f30578e2a00>,25,2,[5 7],26,-1,38,-1,36
1,<environment.Job instance at 0x7f30578e2c30>,26,12,[8 5],27,-1,48,-1,36
1,<environment.Job instance at 0x7f30578e2af0>,27,17,[4 6],28,-1,53,-1,36
1,<environment.Job instance at 0x7f30578e2d20>,28,17,[ 1 13],29,-1,53,-1,36
1,<environment.Job instance at 0x7f30578e2dc0>,29,24,[4 7],30,-1,60,-1,36
1,<environment.Job instance at 0x7f30578e2e60>,30,26,[9 4],31,-1,62,-1,36
1,<environment.Job instance at 0x7f30578e2f00>,31,15,[9 2],32,-1,51,-1,36
1,<environment.Job instance at 0x7f30578e2fa0>,32,12,[12  3],33,-1,48,-1,36
1,<environment.Job instance at 0x7f30578e2b40>,33,21,[12  3],34,-1,57,-1,36
1,<environment.Job instance at 0x7f30578e2cd0>,34,12,[3 6],35,-1,48,-1,36
1,<environment.Job instance at 0x7f30578e5320>,36,25,[12  3],37,-1,69,-1,44
1,<environment.Job instance at 0x7f30578e5410>,38,24,[13  2],39,-1,77,-1,53
1,<environment.Job instance at 0x7f30578e5550>,40,26,[ 1 14],41,-1,97,-1,71
1,<environment.Job instance at 0x7f30578e55f0>,41,12,[8 3],42,-1,83,-1,71
1,<environment.Job instance at 0x7f30578e5690>,42,12,[ 5 12],43,-1,83,-1,71
1,<environment.Job instance at 0x7f30578e5730>,43,16,[1 8],44,-1,87,-1,71
1,<environment.Job instance at 0x7f30578e5910>,44,12,[9 3],45,-1,83,-1,71
1,<environment.Job instance at 0x7f30578e58c0>,45,12,[ 3 14],46,-1,83,-1,71
1,<environment.Job instance at 0x7f30578e5820>,46,14,[6 5],47,-1,85,-1,71
1,<environment.Job instance at 0x7f30578e59b0>,47,14,[12  2],48,-1,85,-1,71
1,<environment.Job instance at 0x7f30578e5a50>,48,14,[ 1 11],49,-1,85,-1,71
1,<environment.Job instance at 0x7f30578e5af0>,49,13,[1 5],50,-1,84,-1,71
1,<environment.Job instance at 0x7f30578e5b90>,50,13,[ 4 12],51,-1,84,-1,71
1,<environment.Job instance at 0x7f30578e5c30>,51,13,[5 6],52,-1,84,-1,71
1,<environment.Job instance at 0x7f30578e5cd0>,52,21,[6 4],53,-1,92,-1,71
1,<environment.Job instance at 0x7f30578e5f00>,53,12,[ 3 14],54,-1,83,-1,71
1,<environment.Job instance at 0x7f30578e5dc0>,54,3,[ 3 13],55,-1,74,-1,71
1,<environment.Job instance at 0x7f30578e5fa0>,55,15,[5 4],56,-1,86,-1,71
1,<environment.Job instance at 0x7f30578e5050>,56,2,[4 7],57,-1,73,-1,71
1,<environment.Job instance at 0x7f30578e53c0>,57,17,[ 2 14],58,-1,88,-1,71
1,<environment.Job instance at 0x7f30578e81e0>,58,28,[10  3],59,-1,99,-1,71
1,<environment.Job instance at 0x7f30578e8280>,59,21,[9 1],60,-1,110,-1,89
1,<environment.Job instance at 0x7f30578e85a0>,64,12,[5 6],65,-1,101,-1,89
1,<environment.Job instance at 0x7f30578e86e0>,66,28,[3 6],67,-1,123,-1,95
1,<environment.Job instance at 0x7f30578e8780>,67,16,[1 9],68,-1,111,-1,95
1,<environment.Job instance at 0x7f30578e88c0>,69,14,[9 4],70,-1,110,-1,96
1,<environment.Job instance at 0x7f30578e8960>,70,22,[ 3 10],71,-1,118,-1,96
1,<environment.Job instance at 0x7f30578e8af0>,72,14,[2 6],73,-1,125,-1,111
1,<environment.Job instance at 0x7f30578e8d20>,74,13,[5 5],75,-1,125,-1,112
1,<environment.Job instance at 0x7f30578e8dc0>,75,28,[ 2 10],76,-1,140,-1,112
1,<environment.Job instance at 0x7f30578e8e60>,76,13,[10  1],77,-1,125,-1,112
1,<environment.Job instance at 0x7f30578e8f00>,77,16,[8 1],78,-1,128,-1,112
1,<environment.Job instance at 0x7f30578e8a50>,78,14,[6 1],79,-1,126,-1,112
1,<environment.Job instance at 0x7f30578e8b90>,79,19,[12  3],80,-1,131,-1,112
1,<environment.Job instance at 0x7f30578eb460>,82,21,[4 8],83,-1,152,-1,131
1,<environment.Job instance at 0x7f30578eb4b0>,83,18,[ 3 10],84,-1,149,-1,131
1,<environment.Job instance at 0x7f30578eb550>,84,1,[5 5],85,-1,132,-1,131
1,<environment.Job instance at 0x7f30578eb5f0>,85,15,[1 7],86,-1,146,-1,131
1,<environment.Job instance at 0x7f30578eb690>,86,3,[6 3],87,-1,134,-1,131
1,<environment.Job instance at 0x7f30578eb910>,89,17,[ 5 14],90,-1,164,-1,147
1,<environment.Job instance at 0x7f30578eb9b0>,90,22,[9 2],91,-1,169,-1,147
1,<environment.Job instance at 0x7f30578eba50>,91,15,[9 1],92,-1,172,-1,157
1,<environment.Job instance at 0x7f30578ebaf0>,92,23,[9 1],93,-1,180,-1,157
1,<environment.Job instance at 0x7f30578ebb90>,93,25,[ 1 13],94,-1,182,-1,157
1,<environment.Job instance at 0x7f30578ebc30>,94,21,[14  5],95,-1,178,-1,157
1,<environment.Job instance at 0x7f30578dfc80>,7,26,[9 3],8,-1,277,-1,251
1,<environment.Job instance at 0x7f30578dfe60>,9,23,[13  1],10,-1,288,-1,265
1,<environment.Job instance at 0x7f3057027410>,9,27,[ 3 11],10,-1,54,-1,27
1,<environment.Job instance at 0x7f3057027690>,10,23,[5 1],11,-1,50,-1,27
1,<environment.Job instance at 0x7f3057027370>,11,17,[12  4],12,-1,44,-1,27
1,<environment.Job instance at 0x7f3057025be0>,18,13,[9 1],19,-1,78,-1,65
1,<environment.Job instance at 0x7f3057025910>,20,24,[8 1],21,-1,89,-1,65
1,<environment.Job instance at 0x7f3057025b40>,21,2,[ 5 14],22,-1,67,-1,65
1,<environment.Job instance at 0x7f30570225f0>,22,25,[1 8],23,-1,90,-1,65
1,<environment.Job instance at 0x7f3057022910>,23,3,[10  3],24,-1,68,-1,65
1,<environment.Job instance at 0x7f3057022690>,27,2,[5 5],28,-1,80,-1,78
1,<environment.Job instance at 0x7f3057022f50>,28,19,[1 7],29,-1,97,-1,78
1,<environment.Job instance at 0x7f3057022280>,29,3,[1 5],30,-1,81,-1,78
1,<environment.Job instance at 0x7f30570221e0>,31,13,[ 3 14],32,-1,107,-1,94
1,<environment.Job instance at 0x7f305701ceb0>,33,13,[ 5 10],34,-1,107,-1,94
1,<environment.Job instance at 0x7f3057139320>,34,12,[5 4],35,-1,106,-1,94
1,<environment.Job instance at 0x7f3057139f00>,35,15,[8 3],36,-1,109,-1,94
1,<environment.Job instance at 0x7f3057108af0>,36,1,[9 5],37,-1,95,-1,94
1,<environment.Job instance at 0x7f3057108aa0>,37,28,[ 2 10],38,-1,122,-1,94
1,<environment.Job instance at 0x7f3057108500>,38,24,[6 5],39,-1,118,-1,94
1,<environment.Job instance at 0x7f30571083c0>,39,13,[1 8],40,-1,107,-1,94
1,<environment.Job instance at 0x7f30571081e0>,40,1,[ 3 11],41,-1,95,-1,94
1,<environment.Job instance at 0x7f30571080f0>,41,14,[ 3 10],42,-1,108,-1,94
1,<environment.Job instance at 0x7f3057108050>,42,15,[ 2 13],43,-1,109,-1,94
1,<environment.Job instance at 0x7f305715f2d0>,43,26,[7 2],44,-1,120,-1,94
1,<environment.Job instance at 0x7f3056ea52d0>,44,20,[13  4],45,-1,114,-1,94
1,<environment.Job instance at 0x7f3061157460>,45,3,[9 2],46,-1,97,-1,94
1,<environment.Job instance at 0x7f3056e97690>,46,13,[10  5],47,-1,107,-1,94
1,<environment.Job instance at 0x7f3056e976e0>,47,2,[3 8],48,-1,96,-1,94
1,<environment.Job instance at 0x7f3056e97f50>,48,3,[4 8],49,-1,97,-1,94
1,<environment.Job instance at 0x7f3056e8f0f0>,50,12,[5 1],51,-1,123,-1,111
1,<environment.Job instance at 0x7f3056e8fe10>,51,22,[5 6],52,-1,134,-1,112
1,<environment.Job instance at 0x7f3056ef5190>,52,26,[6 4],53,-1,138,-1,112
1,<environment.Job instance at 0x7f3056efaaa0>,54,15,[ 2 10],55,-1,128,-1,113
1,<environment.Job instance at 0x7f3056efa500>,55,25,[ 3 13],56,-1,138,-1,113
1,<environment.Job instance at 0x7f3056efa410>,57,25,[ 2 11],58,-1,153,-1,128
1,<environment.Job instance at 0x7f3056f70190>,58,1,[14  3],59,-1,129,-1,128
1,<environment.Job instance at 0x7f3056f70b90>,59,2,[ 1 10],60,-1,130,-1,128
1,<environment.Job instance at 0x7f3056f70140>,60,12,[1 8],61,-1,140,-1,128
1,<environment.Job instance at 0x7f305701be60>,65,13,[ 5 14],66,-1,179,-1,166
1,<environment.Job instance at 0x7f3056ffa780>,66,3,[5 6],67,-1,169,-1,166
1,<environment.Job instance at 0x7f3056ed6e10>,67,20,[8 1],68,-1,186,-1,166
1,<environment.Job instance at 0x7f305707b4b0>,68,14,[ 5 10],69,-1,180,-1,166
1,<environment.Job instance at 0x7f3056f29a00>,71,25,[14  5],72,-1,200,-1,175
1,<environment.Job instance at 0x7f3056f62aa0>,72,24,[3 7],73,-1,199,-1,175
1,<environment.Job instance at 0x7f3056edcc30>,75,27,[ 3 13],76,-1,219,-1,192
1,<environment.Job instance at 0x7f3057027d20>,77,2,[5 7],78,-1,202,-1,200
1,<environment.Job instance at 0x7f3057005500>,78,17,[12  2],79,-1,217,-1,200
1,<environment.Job instance at 0x7f3056ee6410>,80,18,[12  2],81,-1,227,-1,209
1,<environment.Job instance at 0x7f3056f0cf00>,81,27,[8 3],82,-1,236,-1,209
1,<environment.Job instance at 0x7f3056e74d70>,83,19,[12  2],84,-1,228,-1,209
1,<environment.Job instance at 0x7f3056e741e0>,90,3,[9 5],91,-1,271,-1,268
1,<environment.Job instance at 0x7f3056e74140>,91,15,[ 2 14],92,-1,283,-1,268
1,<environment.Job instance at 0x7f3056e743c0>,93,26,[3 9],94,-1,294,-1,268
1,<environment.Job instance at 0x7f3056e77730>,94,15,[13  1],95,-1,283,-1,268
1,<environment.Job instance at 0x7f3056e89960>,7,15,[11  5],8,-1,23,-1,8
1,<environment.Job instance at 0x7f3056e89fa0>,8,12,[14  4],9,-1,21,-1,9
1,<environment.Job instance at 0x7f3056e89730>,12,16,[ 5 12],13,-1,35,-1,19
1,<environment.Job instance at 0x7f3056e89230>,14,16,[ 1 14],15,-1,44,-1,28
1,<environment.Job instance at 0x7f3056e89e60>,15,18,[ 1 14],16,-1,46,-1,28
1,<environment.Job instance at 0x7f3056e89550>,16,23,[1 9],17,-1,51,-1,28
1,<environment.Job instance at 0x7f3056e899b0>,18,25,[4 8],19,-1,62,-1,37
1,<environment.Job instance at 0x7f3056e89cd0>,19,3,[11  3],20,-1,40,-1,37
1,<environment.Job instance at 0x7f3056e898c0>,20,15,[14  2],21,-1,52,-1,37
1,<environment.Job instance at 0x7f3060f4b870>,21,18,[11  1],22,-1,55,-1,37
1,<environment.Job instance at 0x7f3060f4ba50>,23,17,[12  1],24,-1,68,-1,51
1,<environment.Job instance at 0x7f3061039a50>,29,19,[ 5 10],30,-1,108,-1,89
1,<environment.Job instance at 0x7f3061039d20>,30,22,[ 4 10],31,-1,111,-1,89
1,<environment.Job instance at 0x7f3056e97c30>,34,12,[13  1],35,-1,118,-1,106
1,<environment.Job instance at 0x7f3056e975a0>,35,13,[ 1 12],36,-1,119,-1,106
1,<environment.Job instance at 0x7f3056e97d70>,38,13,[ 5 11],39,-1,136,-1,123
1,<environment.Job instance at 0x7f3056e974b0>,39,13,[8 1],40,-1,136,-1,123
1,<environment.Job instance at 0x7f3056e97960>,43,27,[6 1],44,-1,163,-1,136
1,<environment.Job instance at 0x7f3056e97320>,44,27,[ 4 13],45,-1,163,-1,136
1,<environment.Job instance at 0x7f3056e97870>,46,27,[11  1],47,-1,177,-1,150
1,<environment.Job instance at 0x7f3056e97050>,47,24,[6 2],48,-1,174,-1,150
1,<environment.Job instance at 0x7f3056e97a00>,50,23,[1 8],51,-1,186,-1,163
1,<environment.Job instance at 0x7f3056e97e10>,51,27,[5 6],52,-1,190,-1,163
1,<environment.Job instance at 0x7f3056e97af0>,53,18,[ 1 11],54,-1,188,-1,170
1,<environment.Job instance at 0x7f3056e97aa0>,54,26,[ 2 13],55,-1,196,-1,170
1,<environment.Job instance at 0x7f30610465a0>,55,28,[14  4],56,-1,198,-1,170
1,<environment.Job instance at 0x7f30610469b0>,56,1,[3 9],57,-1,171,-1,170
1,<environment.Job instance at 0x7f30610465f0>,57,20,[ 4 11],58,-1,190,-1,170
1,<environment.Job instance at 0x7f3061046140>,60,27,[1 5],61,-1,222,-1,195
1,<environment.Job instance at 0x7f3061046eb0>,61,26,[5 3],62,-1,221,-1,195
1,<environment.Job instance at 0x7f3061046e10>,63,18,[ 1 10],64,-1,213,-1,195
1,<environment.Job instance at 0x7f30610461e0>,64,15,[14  2],65,-1,210,-1,195
1,<environment.Job instance at 0x7f3061046fa0>,65,22,[3 7],66,-1,232,-1,210
1,<environment.Job instance at 0x7f3060ef5c30>,70,2,[13  1],71,-1,224,-1,222
1,<environment.Job instance at 0x7f3060ef51e0>,81,2,[7 3],82,-1,336,-1,334
1,<environment.Job instance at 0x7f3060ef5690>,83,2,[5 7],84,-1,338,-1,336
1,<environment.Job instance at 0x7f3060ef5f00>,84,2,[8 1],85,-1,338,-1,336
1,<environment.Job instance at 0x7f3060ef5190>,85,27,[9 5],86,-1,363,-1,336
1,<environment.Job instance at 0x7f3056ed60a0>,87,14,[12  2],88,-1,361,-1,347
1,<environment.Job instance at 0x7f3056ed6dc0>,88,2,[ 4 11],89,-1,349,-1,347
1,<environment.Job instance at 0x7f3056ed6190>,89,3,[9 4],90,-1,350,-1,347
1,<environment.Job instance at 0x7f3056ed6320>,90,2,[2 9],91,-1,349,-1,347
1,<environment.Job instance at 0x7f3056ed6d20>,93,27,[2 7],94,-1,387,-1,360
1,<environment.Job instance at 0x7f3056ed60f0>,95,27,[1 5],96,-1,399,-1,372
1,<environment.Job instance at 0x7f3056edaeb0>,97,15,[14  2],98,-1,387,-1,372
1,<environment.Job instance at 0x7f3056edaf50>,98,2,[8 3],99,-1,374,-1,372
1,<environment.Job instance at 0x7f305756cdc0>,3,13,[ 5 14],4,-1,17,-1,4
1,<environment.Job instance at 0x7f3057f85c80>,14,25,[5 6],15,-1,73,-1,48
1,<environment.Job instance at 0x7f3057f85eb0>,23,27,[ 4 13],24,-1,149,-1,122
1,<environment.Job instance at 0x7f3057f85190>,24,28,[1 8],25,-1,150,-1,122
1,<environment.Job instance at 0x7f3057f85c30>,25,12,[13  4],26,-1,134,-1,122
1,<environment.Job instance at 0x7f3057f85550>,26,12,[ 5 12],27,-1,134,-1,122
1,<environment.Job instance at 0x7f3057e1f0a0>,27,28,[7 4],28,-1,150,-1,122
1,<environment.Job instance at 0x7f3057e1f8c0>,28,27,[4 6],29,-1,149,-1,122
1,<environment.Job instance at 0x7f3057e1f5f0>,32,27,[12  5],33,-1,194,-1,167
1,<environment.Job instance at 0x7f3057e1f1e0>,34,2,[5 5],35,-1,169,-1,167
1,<environment.Job instance at 0x7f3057e1f190>,35,3,[9 3],36,-1,170,-1,167
1,<environment.Job instance at 0x7f3057e1f370>,36,3,[10  2],37,-1,170,-1,167
1,<environment.Job instance at 0x7f3057e1ffa0>,38,18,[12  2],39,-1,200,-1,182
1,<environment.Job instance at 0x7f3057e1feb0>,39,23,[5 8],40,-1,205,-1,182
1,<environment.Job instance at 0x7f30573d3820>,42,21,[ 4 14],43,-1,220,-1,199
1,<environment.Job instance at 0x7f30573d3d70>,45,13,[12  1],46,-1,232,-1,219
1,<environment.Job instance at 0x7f30573d3eb0>,46,12,[14  3],47,-1,231,-1,219
1,<environment.Job instance at 0x7f30573d3280>,47,1,[ 4 11],48,-1,220,-1,219
1,<environment.Job instance at 0x7f30573d3aa0>,50,1,[ 4 10],51,-1,232,-1,231
1,<environment.Job instance at 0x7f30573d3e60>,51,25,[7 5],52,-1,256,-1,231
1,<environment.Job instance at 0x7f30573d37d0>,54,25,[2 8],55,-1,261,-1,236
1,<environment.Job instance at 0x7f30573d3b90>,57,28,[8 2],58,-1,272,-1,244
1,<environment.Job instance at 0x7f30573d35a0>,58,26,[8 3],59,-1,270,-1,244
1,<environment.Job instance at 0x7f3057e108c0>,60,27,[ 3 11],61,-1,281,-1,254
1,<environment.Job instance at 0x7f3057e10870>,61,15,[ 3 13],62,-1,269,-1,254
1,<environment.Job instance at 0x7f3057e10e60>,63,3,[ 5 10],64,-1,268,-1,265
1,<environment.Job instance at 0x7f3057e105f0>,66,2,[5 3],67,-1,283,-1,281
1,<environment.Job instance at 0x7f3057e100f0>,68,18,[ 5 14],69,-1,300,-1,282
1,<environment.Job instance at 0x7f3057e10a50>,70,19,[ 2 11],71,-1,315,-1,296
1,<environment.Job instance at 0x7f3057e10140>,74,25,[4 9],75,-1,331,-1,306
1,<environment.Job instance at 0x7f3057e10fa0>,75,26,[6 1],76,-1,332,-1,306
1,<environment.Job instance at 0x7f3057e103c0>,76,28,[5 9],77,-1,334,-1,306
1,<environment.Job instance at 0x7f3057e3b9b0>,77,24,[4 8],78,-1,330,-1,306
1,<environment.Job instance at 0x7f3057e3b0a0>,79,1,[10  5],80,-1,320,-1,319
1,<environment.Job instance at 0x7f3057e3b410>,80,2,[ 2 12],81,-1,321,-1,319
1,<environment.Job instance at 0x7f3057e3bf50>,82,24,[7 4],83,-1,343,-1,319
1,<environment.Job instance at 0x7f3057e3b870>,88,19,[12  4],89,-1,383,-1,364
1,<environment.Job instance at 0x7f3057e3b960>,89,14,[ 5 12],90,-1,378,-1,364
1,<environment.Job instance at 0x7f3057e3beb0>,91,25,[8 3],92,-1,397,-1,372
1,<environment.Job instance at 0x7f3057e3b7d0>,92,16,[ 2 11],93,-1,388,-1,372
1,<environment.Job instance at 0x7f3057e3b280>,93,28,[ 3 11],94,-1,400,-1,372
1,<environment.Job instance at 0x7f3057e3b2d0>,95,24,[2 7],96,-1,411,-1,387
1,<environment.Job instance at 0x7f3057d72a00>,96,16,[14  5],97,-1,403,-1,387
1,<environment.Job instance at 0x7f3057d72190>,98,27,[14  3],99,-1,414,-1,387
1,<environment.Job instance at 0x7f3057654f00>,2,13,[ 1 12],3,-1,16,-1,3
1,<environment.Job instance at 0x7f3057311d20>,5,16,[ 4 11],6,-1,22,-1,6
1,<environment.Job instance at 0x7f30573270a0>,7,22,[ 3 11],8,-1,30,-1,8
1,<environment.Job instance at 0x7f3057311690>,6,17,[13  3],7,-1,25,-1,8
1,<environment.Job instance at 0x7f305728d6e0>,9,13,[ 5 12],10,-1,23,-1,10
1,<environment.Job instance at 0x7f30573117d0>,10,1,[ 5 11],11,-1,12,-1,11
1,<environment.Job instance at 0x7f30573233c0>,11,1,[12  4],12,-1,13,-1,12
1,<environment.Job instance at 0x7f3057323820>,13,23,[9 4],14,-1,39,-1,16
1,<environment.Job instance at 0x7f3057323730>,17,24,[7 3],18,-1,42,-1,18
1,<environment.Job instance at 0x7f3057323280>,18,27,[9 5],19,-1,46,-1,19
1,<environment.Job instance at 0x7f30573234b0>,20,14,[ 3 13],21,-1,44,-1,30
1,<environment.Job instance at 0x7f3057d0acd0>,21,26,[6 2],22,-1,56,-1,30
1,<environment.Job instance at 0x7f3057325a00>,23,23,[12  5],24,-1,58,-1,35
1,<environment.Job instance at 0x7f3057325aa0>,24,13,[ 4 14],25,-1,48,-1,35
1,<environment.Job instance at 0x7f30575cea00>,25,19,[13  2],26,-1,54,-1,35
1,<environment.Job instance at 0x7f305724d820>,36,17,[12  4],37,-1,173,-1,156
1,<environment.Job instance at 0x7f3057336460>,37,25,[6 4],38,-1,181,-1,156
1,<environment.Job instance at 0x7f305723ccd0>,39,18,[14  5],40,-1,174,-1,156
1,<environment.Job instance at 0x7f3057359b40>,41,24,[5 5],42,-1,183,-1,159
1,<environment.Job instance at 0x7f30575e4730>,42,3,[8 5],43,-1,162,-1,159
1,<environment.Job instance at 0x7f3057359730>,43,14,[ 2 11],44,-1,173,-1,159
1,<environment.Job instance at 0x7f305736ce10>,44,1,[4 6],45,-1,160,-1,159
1,<environment.Job instance at 0x7f305736c6e0>,45,28,[ 5 10],46,-1,187,-1,159
1,<environment.Job instance at 0x7f3057d1ab90>,47,13,[ 5 11],48,-1,184,-1,171
1,<environment.Job instance at 0x7f3057d1a640>,49,19,[ 4 14],50,-1,207,-1,188
1,<environment.Job instance at 0x7f3057248730>,51,26,[ 3 12],52,-1,228,-1,202
1,<environment.Job instance at 0x7f3057248f50>,52,14,[ 3 14],53,-1,216,-1,202
1,<environment.Job instance at 0x7f305723dcd0>,54,2,[3 7],55,-1,222,-1,220
1,<environment.Job instance at 0x7f305723d910>,56,17,[ 5 14],57,-1,237,-1,220
1,<environment.Job instance at 0x7f305723deb0>,58,2,[7 2],59,-1,222,-1,220
1,<environment.Job instance at 0x7f305723d820>,59,2,[ 4 11],60,-1,222,-1,220
1,<environment.Job instance at 0x7f305723dd70>,61,3,[2 8],62,-1,236,-1,233
1,<environment.Job instance at 0x7f305726b1e0>,63,12,[12  2],64,-1,245,-1,233
1,<environment.Job instance at 0x7f305726b0a0>,64,12,[14  2],65,-1,245,-1,233
1,<environment.Job instance at 0x7f305726b280>,66,13,[14  5],67,-1,261,-1,248
1,<environment.Job instance at 0x7f305726b410>,67,25,[7 3],68,-1,273,-1,248
1,<environment.Job instance at 0x7f305726b550>,68,16,[ 1 14],69,-1,264,-1,248
1,<environment.Job instance at 0x7f305726b960>,70,12,[ 2 13],71,-1,260,-1,248
1,<environment.Job instance at 0x7f3057d19730>,77,24,[10  3],78,-1,348,-1,324
1,<environment.Job instance at 0x7f3057d19780>,78,18,[11  2],79,-1,342,-1,324
1,<environment.Job instance at 0x7f3057d196e0>,80,14,[ 5 13],81,-1,338,-1,324
1,<environment.Job instance at 0x7f3057d19910>,81,24,[14  5],82,-1,348,-1,324
1,<environment.Job instance at 0x7f3057d199b0>,82,12,[ 4 11],83,-1,336,-1,324
1,<environment.Job instance at 0x7f3057d19af0>,84,14,[ 1 13],85,-1,344,-1,330
1,<environment.Job instance at 0x7f3057d19c30>,86,25,[5 3],87,-1,365,-1,340
1,<environment.Job instance at 0x7f3057d19f50>,90,14,[13  1],91,-1,373,-1,359
1,<environment.Job instance at 0x7f3057d19fa0>,91,27,[ 4 14],92,-1,386,-1,359
1,<environment.Job instance at 0x7f3057300280>,95,28,[13  5],96,-1,415,-1,387
1,<environment.Job instance at 0x7f305732fb40>,2,26,[12  3],3,-1,29,-1,3
1,<environment.Job instance at 0x7f3057f55690>,3,2,[14  4],4,-1,6,-1,4
1,<environment.Job instance at 0x7f3057f55550>,5,24,[ 5 13],6,-1,30,-1,6
1,<environment.Job instance at 0x7f3057f55a00>,6,25,[7 5],7,-1,32,-1,7
1,<environment.Job instance at 0x7f3057f55500>,8,3,[ 5 13],9,-1,12,-1,9
1,<environment.Job instance at 0x7f3057f55b40>,9,18,[ 1 14],10,-1,28,-1,10
1,<environment.Job instance at 0x7f305735af00>,11,14,[14  2],12,-1,26,-1,12
1,<environment.Job instance at 0x7f3057f559b0>,10,19,[14  4],11,-1,32,-1,13
1,<environment.Job instance at 0x7f3057f55b90>,19,16,[12  3],20,-1,52,-1,36
1,<environment.Job instance at 0x7f3057f558c0>,21,14,[14  1],22,-1,50,-1,36
1,<environment.Job instance at 0x7f3057f77640>,22,16,[12  4],23,-1,52,-1,36
1,<environment.Job instance at 0x7f3057f77eb0>,25,17,[ 4 13],26,-1,88,-1,71
1,<environment.Job instance at 0x7f3057f775a0>,28,27,[13  4],29,-1,104,-1,77
1,<environment.Job instance at 0x7f3057f77780>,29,17,[13  4],30,-1,94,-1,77
1,<environment.Job instance at 0x7f3057f77af0>,30,13,[14  2],31,-1,90,-1,77
1,<environment.Job instance at 0x7f3057f777d0>,32,24,[10  1],33,-1,101,-1,77
1,<environment.Job instance at 0x7f3057f77370>,35,16,[ 2 10],36,-1,106,-1,90
1,<environment.Job instance at 0x7f3057f77b90>,37,12,[ 4 10],38,-1,103,-1,91
1,<environment.Job instance at 0x7f3057f77140>,38,1,[11  3],39,-1,92,-1,91
1,<environment.Job instance at 0x7f3057f77730>,39,25,[2 7],40,-1,116,-1,91
1,<environment.Job instance at 0x7f3057f77690>,44,12,[ 4 10],45,-1,154,-1,142
1,<environment.Job instance at 0x7f305841bb40>,53,22,[ 5 13],54,-1,214,-1,192
1,<environment.Job instance at 0x7f305841b5f0>,55,27,[11  2],56,-1,231,-1,204
1,<environment.Job instance at 0x7f305841b9b0>,59,22,[ 4 12],60,-1,240,-1,218
1,<environment.Job instance at 0x7f305840a730>,62,27,[10  1],63,-1,263,-1,236
1,<environment.Job instance at 0x7f305840a870>,64,13,[ 5 11],65,-1,258,-1,245
1,<environment.Job instance at 0x7f305840a500>,65,27,[12  2],66,-1,272,-1,245
1,<environment.Job instance at 0x7f305840a5f0>,68,24,[1 9],69,-1,287,-1,263
1,<environment.Job instance at 0x7f305840ac80>,71,27,[ 1 14],72,-1,298,-1,271
1,<environment.Job instance at 0x7f305840a9b0>,72,12,[12  1],73,-1,283,-1,271
1,<environment.Job instance at 0x7f305840a8c0>,73,2,[3 7],74,-1,273,-1,271
1,<environment.Job instance at 0x7f305736c370>,77,27,[7 1],78,-1,330,-1,303
1,<environment.Job instance at 0x7f305736ceb0>,78,26,[ 3 10],79,-1,329,-1,303
1,<environment.Job instance at 0x7f305736c0f0>,80,2,[10  3],81,-1,320,-1,318
1,<environment.Job instance at 0x7f305736cd20>,82,14,[14  2],83,-1,332,-1,318
1,<environment.Job instance at 0x7f305736c5f0>,83,26,[7 3],84,-1,344,-1,318
1,<environment.Job instance at 0x7f305736ce60>,84,24,[8 2],85,-1,342,-1,318
1,<environment.Job instance at 0x7f305736c280>,86,12,[11  1],87,-1,346,-1,334
1,<environment.Job instance at 0x7f305736c050>,87,17,[11  3],88,-1,352,-1,335
1,<environment.Job instance at 0x7f305736cc80>,88,16,[12  1],89,-1,351,-1,335
1,<environment.Job instance at 0x7f305736c1e0>,89,15,[ 4 13],90,-1,350,-1,335
1,<environment.Job instance at 0x7f305736c550>,90,28,[13  1],91,-1,363,-1,335
1,<environment.Job instance at 0x7f305736caf0>,91,24,[4 7],92,-1,359,-1,335
1,<environment.Job instance at 0x7f305736c4b0>,93,26,[7 3],94,-1,361,-1,335
1,<environment.Job instance at 0x7f30575c37d0>,13,25,[3 9],14,-1,92,-1,67
1,<environment.Job instance at 0x7f3057625c30>,16,23,[2 8],17,-1,115,-1,92
1,<environment.Job instance at 0x7f3057600730>,20,15,[14  1],21,-1,107,-1,92
1,<environment.Job instance at 0x7f3057600eb0>,21,24,[13  2],22,-1,116,-1,92
1,<environment.Job instance at 0x7f30575f4d20>,28,14,[ 4 13],29,-1,145,-1,131
1,<environment.Job instance at 0x7f30575f4410>,29,3,[9 5],30,-1,134,-1,131
1,<environment.Job instance at 0x7f30575f4aa0>,30,3,[1 8],31,-1,134,-1,131
1,<environment.Job instance at 0x7f30574c3550>,31,28,[9 2],32,-1,159,-1,131
1,<environment.Job instance at 0x7f30575cc5a0>,32,15,[12  2],33,-1,146,-1,131
1,<environment.Job instance at 0x7f30574c3be0>,33,2,[10  2],34,-1,133,-1,131
1,<environment.Job instance at 0x7f30572315f0>,34,15,[ 3 10],35,-1,160,-1,145
1,<environment.Job instance at 0x7f305723f870>,38,26,[11  5],39,-1,184,-1,158
1,<environment.Job instance at 0x7f30575c1280>,39,28,[4 9],40,-1,186,-1,158
1,<environment.Job instance at 0x7f30574e6140>,45,14,[11  4],46,-1,196,-1,182
1,<environment.Job instance at 0x7f30574dab40>,46,14,[14  5],47,-1,196,-1,182
1,<environment.Job instance at 0x7f30578076e0>,48,18,[ 4 11],49,-1,204,-1,186
1,<environment.Job instance at 0x7f30574da870>,49,18,[ 3 12],50,-1,204,-1,186
1,<environment.Job instance at 0x7f30574ec9b0>,50,12,[7 2],51,-1,204,-1,192
1,<environment.Job instance at 0x7f3057808a50>,52,19,[ 2 13],53,-1,211,-1,192
1,<environment.Job instance at 0x7f30575f11e0>,53,18,[ 2 10],54,-1,212,-1,194
1,<environment.Job instance at 0x7f30574bc500>,55,24,[12  4],56,-1,229,-1,205
1,<environment.Job instance at 0x7f30574bc640>,56,13,[10  2],57,-1,219,-1,206
1,<environment.Job instance at 0x7f30574bc780>,57,12,[10  4],58,-1,218,-1,206
1,<environment.Job instance at 0x7f30574bcd70>,65,26,[9 4],66,-1,309,-1,283
1,<environment.Job instance at 0x7f30574bcf50>,66,21,[12  2],67,-1,304,-1,283
1,<environment.Job instance at 0x7f30574b61e0>,67,25,[6 2],68,-1,308,-1,283
1,<environment.Job instance at 0x7f30574b6460>,68,1,[5 5],69,-1,284,-1,283
1,<environment.Job instance at 0x7f305785dc80>,1,1,[5 9],2,-1,3,-1,2
1,<environment.Job instance at 0x7f305785d5a0>,3,1,[ 2 11],4,-1,5,-1,4
1,<environment.Job instance at 0x7f305785d960>,4,26,[6 3],5,-1,31,-1,5
1,<environment.Job instance at 0x7f305785d460>,9,2,[ 2 13],10,-1,12,-1,10
1,<environment.Job instance at 0x7f305785d230>,10,15,[ 2 12],11,-1,26,-1,11
1,<environment.Job instance at 0x7f305785d370>,11,12,[10  1],12,-1,32,-1,20
1,<environment.Job instance at 0x7f305785da00>,15,18,[14  1],16,-1,38,-1,20
1,<environment.Job instance at 0x7f305785dc30>,16,24,[14  1],17,-1,44,-1,20
1,<environment.Job instance at 0x7f305785d1e0>,18,25,[9 2],19,-1,45,-1,20
1,<environment.Job instance at 0x7f305785d140>,19,18,[ 1 12],20,-1,38,-1,20
1,<environment.Job instance at 0x7f3057d7e050>,22,12,[10  1],23,-1,51,-1,39
1,<environment.Job instance at 0x7f3057d7e190>,24,20,[ 3 12],25,-1,70,-1,50
1,<environment.Job instance at 0x7f3057d7e0a0>,25,19,[10  1],26,-1,103,-1,84
1,<environment.Job instance at 0x7f3057d7eaf0>,30,16,[9 1],31,-1,106,-1,90
1,<environment.Job instance at 0x7f3057d7ea50>,31,28,[4 5],32,-1,118,-1,90
1,<environment.Job instance at 0x7f3057d7e460>,33,17,[13  5],34,-1,107,-1,90
1,<environment.Job instance at 0x7f3057d7edc0>,34,26,[12  1],35,-1,116,-1,90
1,<environment.Job instance at 0x7f3057d7ea00>,39,26,[7 1],40,-1,134,-1,108
1,<environment.Job instance at 0x7f3057d7eb90>,40,22,[8 3],41,-1,130,-1,108
1,<environment.Job instance at 0x7f3057dea9b0>,43,18,[ 2 12],44,-1,141,-1,123
1,<environment.Job instance at 0x7f3057dead20>,45,18,[14  5],46,-1,147,-1,129
1,<environment.Job instance at 0x7f3057dea5f0>,46,27,[9 5],47,-1,156,-1,129
1,<environment.Job instance at 0x7f3057dea460>,47,14,[ 3 12],48,-1,143,-1,129
1,<environment.Job instance at 0x7f3057deaa50>,49,23,[5 9],50,-1,157,-1,134
1,<environment.Job instance at 0x7f3057dea910>,50,16,[ 5 13],51,-1,150,-1,134
1,<environment.Job instance at 0x7f3057dea0a0>,51,22,[ 2 14],52,-1,156,-1,134
1,<environment.Job instance at 0x7f3057deaeb0>,53,1,[6 2],54,-1,141,-1,140
1,<environment.Job instance at 0x7f3057dea410>,54,24,[12  4],55,-1,164,-1,140
1,<environment.Job instance at 0x7f3057dea280>,55,17,[ 1 10],56,-1,157,-1,140
1,<environment.Job instance at 0x7f3057dea8c0>,60,14,[10  1],61,-1,176,-1,162
1,<environment.Job instance at 0x7f3057deac30>,62,25,[10  1],63,-1,195,-1,170
1,<environment.Job instance at 0x7f3057dea730>,63,13,[ 5 11],64,-1,183,-1,170
1,<environment.Job instance at 0x7f3057deadc0>,64,12,[ 3 14],65,-1,182,-1,170
1,<environment.Job instance at 0x7f305734aeb0>,66,13,[ 2 13],67,-1,189,-1,176
1,<environment.Job instance at 0x7f305734adc0>,67,14,[13  2],68,-1,190,-1,176
1,<environment.Job instance at 0x7f305734a730>,68,18,[11  2],69,-1,194,-1,176
1,<environment.Job instance at 0x7f305734a6e0>,69,25,[ 1 10],70,-1,201,-1,176
1,<environment.Job instance at 0x7f305734a910>,70,13,[ 2 12],71,-1,189,-1,176
1,<environment.Job instance at 0x7f305734a2d0>,71,3,[5 7],72,-1,179,-1,176
1,<environment.Job instance at 0x7f305734af00>,72,21,[4 8],73,-1,201,-1,180
1,<environment.Job instance at 0x7f305734a5f0>,75,23,[2 8],76,-1,211,-1,188
1,<environment.Job instance at 0x7f305734ab40>,76,16,[ 2 13],77,-1,204,-1,188
1,<environment.Job instance at 0x7f30575220f0>,82,12,[6 2],83,-1,232,-1,220
1,<environment.Job instance at 0x7f3057522b90>,83,20,[2 7],84,-1,244,-1,224
1,<environment.Job instance at 0x7f3057522320>,84,26,[ 4 14],85,-1,250,-1,224
1,<environment.Job instance at 0x7f3057522c30>,86,3,[ 4 12],87,-1,240,-1,237
1,<environment.Job instance at 0x7f3057522820>,88,1,[5 6],89,-1,238,-1,237
1,<environment.Job instance at 0x7f30575221e0>,89,25,[5 4],90,-1,262,-1,237
1,<environment.Job instance at 0x7f3057522cd0>,91,23,[6 5],92,-1,280,-1,257
1,<environment.Job instance at 0x7f3057522780>,93,13,[13  3],94,-1,271,-1,258
1,<environment.Job instance at 0x7f3057522af0>,94,25,[ 5 14],95,-1,283,-1,258
1,<environment.Job instance at 0x7f3057522d20>,95,27,[5 5],96,-1,285,-1,258
1,<environment.Job instance at 0x7f3057522dc0>,96,17,[ 5 13],97,-1,275,-1,258
1,<environment.Job instance at 0x7f3057522d70>,98,17,[ 4 11],99,-1,286,-1,269
1,<environment.Job instance at 0x7f3060f1d5f0>,1,23,[12  4],2,-1,25,-1,2
1,<environment.Job instance at 0x7f3056d15870>,4,3,[ 1 13],5,-1,8,-1,5
1,<environment.Job instance at 0x7f30575398c0>,6,14,[ 1 12],7,-1,21,-1,7
1,<environment.Job instance at 0x7f3057539a50>,7,15,[ 4 14],8,-1,23,-1,8
1,<environment.Job instance at 0x7f3056d155a0>,9,28,[ 4 14],10,-1,38,-1,10
1,<environment.Job instance at 0x7f3057539fa0>,10,21,[ 5 12],11,-1,32,-1,11
1,<environment.Job instance at 0x7f3057539550>,22,27,[10  4],23,-1,98,-1,71
1,<environment.Job instance at 0x7f3057587cd0>,26,15,[11  1],27,-1,106,-1,91
1,<environment.Job instance at 0x7f30575870f0>,27,14,[ 3 13],28,-1,105,-1,91
1,<environment.Job instance at 0x7f3057587d70>,29,21,[ 4 14],30,-1,123,-1,102
1,<environment.Job instance at 0x7f3056cad4b0>,57,3,[ 4 10],58,-1,386,-1,383
1,<environment.Job instance at 0x7f3056cad190>,58,26,[3 6],59,-1,409,-1,383
1,<environment.Job instance at 0x7f3056cadb90>,61,17,[ 4 12],62,-1,416,-1,399
1,<environment.Job instance at 0x7f3056cadc80>,63,3,[10  2],64,-1,409,-1,406
1,<environment.Job instance at 0x7f3056cadbe0>,65,2,[13  1],66,-1,413,-1,411
1,<environment.Job instance at 0x7f3056cad7d0>,66,13,[11  1],67,-1,424,-1,411
1,<environment.Job instance at 0x7f3056cadeb0>,67,22,[10  1],68,-1,436,-1,414
1,<environment.Job instance at 0x7f3056cad8c0>,68,16,[13  1],69,-1,430,-1,414
1,<environment.Job instance at 0x7f3056d39e60>,76,13,[11  5],77,-1,478,-1,465
1,<environment.Job instance at 0x7f3057416b90>,77,19,[ 3 11],78,-1,484,-1,465
1,<environment.Job instance at 0x7f30581e7730>,86,26,[3 6],87,-1,566,-1,540
1,<environment.Job instance at 0x7f30581e71e0>,89,23,[4 9],90,-1,565,-1,542
1,<environment.Job instance at 0x7f3057f080a0>,90,24,[5 2],91,-1,566,-1,542
1,<environment.Job instance at 0x7f3056cfd4b0>,92,17,[ 1 14],93,-1,565,-1,548
1,<environment.Job instance at 0x7f3057ccf7d0>,93,25,[2 9],94,-1,573,-1,548
1,<environment.Job instance at 0x7f3057456320>,98,2,[6 2],99,-1,579,-1,577
1,<environment.Job instance at 0x7f3060a509b0>,2,21,[ 3 13],3,-1,24,-1,3
1,<environment.Job instance at 0x7f30572550f0>,5,13,[14  2],6,-1,19,-1,6
1,<environment.Job instance at 0x7f3057255dc0>,6,16,[ 4 14],7,-1,23,-1,7
1,<environment.Job instance at 0x7f3057255b40>,8,14,[13  3],9,-1,23,-1,9
1,<environment.Job instance at 0x7f3057255820>,11,17,[ 3 11],12,-1,29,-1,12
1,<environment.Job instance at 0x7f3057255f00>,16,27,[8 5],17,-1,53,-1,26
1,<environment.Job instance at 0x7f3056e5f050>,17,15,[ 2 10],18,-1,41,-1,26
1,<environment.Job instance at 0x7f3056e5f910>,21,14,[14  4],22,-1,51,-1,37
1,<environment.Job instance at 0x7f3056e5ff50>,24,20,[ 2 11],25,-1,70,-1,50
1,<environment.Job instance at 0x7f3056e5faa0>,25,3,[ 4 11],26,-1,53,-1,50
1,<environment.Job instance at 0x7f3056e5f690>,26,16,[13  3],27,-1,66,-1,50
1,<environment.Job instance at 0x7f3056e5fd20>,27,26,[10  5],28,-1,76,-1,50
1,<environment.Job instance at 0x7f3056e5fe10>,28,13,[8 3],29,-1,63,-1,50
1,<environment.Job instance at 0x7f3056e5f500>,29,13,[ 2 12],30,-1,63,-1,50
1,<environment.Job instance at 0x7f3056e5f5a0>,30,13,[1 9],31,-1,63,-1,50
1,<environment.Job instance at 0x7f3056e5fa50>,31,17,[11  4],32,-1,67,-1,50
1,<environment.Job instance at 0x7f3056e5f8c0>,32,24,[4 6],33,-1,74,-1,50
1,<environment.Job instance at 0x7f3056e5fbe0>,33,15,[ 2 13],34,-1,65,-1,50
1,<environment.Job instance at 0x7f3056e5f0f0>,34,18,[11  2],35,-1,68,-1,50
1,<environment.Job instance at 0x7f3056e5fcd0>,35,14,[10  1],36,-1,64,-1,50
1,<environment.Job instance at 0x7f3056e5faf0>,36,12,[9 5],37,-1,62,-1,50
1,<environment.Job instance at 0x7f30576e67d0>,37,18,[14  1],38,-1,68,-1,50
1,<environment.Job instance at 0x7f30576e61e0>,38,23,[ 1 11],39,-1,73,-1,50
1,<environment.Job instance at 0x7f30576e6690>,39,12,[ 3 12],40,-1,62,-1,50
1,<environment.Job instance at 0x7f30576e60a0>,42,12,[5 2],43,-1,80,-1,68
1,<environment.Job instance at 0x7f30576e65f0>,43,13,[ 3 11],44,-1,81,-1,68
1,<environment.Job instance at 0x7f30576e6d20>,44,12,[7 2],45,-1,80,-1,68
1,<environment.Job instance at 0x7f30576e63c0>,48,25,[7 2],49,-1,105,-1,80
1,<environment.Job instance at 0x7f30576e6a50>,50,12,[ 3 12],51,-1,107,-1,95
1,<environment.Job instance at 0x7f30576e6aa0>,51,15,[11  5],52,-1,110,-1,95
1,<environment.Job instance at 0x7f30583fea50>,53,16,[13  2],54,-1,115,-1,99
1,<environment.Job instance at 0x7f30583fec80>,55,19,[12  5],56,-1,126,-1,107
1,<environment.Job instance at 0x7f30583fe3c0>,59,2,[6 4],60,-1,130,-1,128
1,<environment.Job instance at 0x7f30583fe460>,60,25,[10  4],61,-1,153,-1,128
1,<environment.Job instance at 0x7f30583fe410>,62,27,[7 5],63,-1,158,-1,131
1,<environment.Job instance at 0x7f30583fe230>,64,25,[8 2],65,-1,166,-1,141
1,<environment.Job instance at 0x7f30583fe0f0>,66,14,[ 2 12],67,-1,155,-1,141
1,<environment.Job instance at 0x7f30583fe5a0>,72,20,[ 1 13],73,-1,200,-1,180
1,<environment.Job instance at 0x7f30576effa0>,74,28,[ 3 10],75,-1,222,-1,194
1,<environment.Job instance at 0x7f30576ef140>,75,25,[9 5],76,-1,219,-1,194
1,<environment.Job instance at 0x7f30576efaf0>,83,24,[7 4],84,-1,259,-1,235
1,<environment.Job instance at 0x7f30576ef870>,89,14,[14  2],90,-1,284,-1,270
1,<environment.Job instance at 0x7f30576ef370>,92,2,[ 5 11],93,-1,291,-1,289
1,<environment.Job instance at 0x7f3057e56be0>,95,22,[10  3],96,-1,356,-1,334
1,<environment.Job instance at 0x7f30576efc30>,88,17,[ 3 13],89,-1,1190,-1,1173
1,<environment.Job instance at 0x7f3056e5f0a0>,2,18,[ 5 14],3,-1,21,-1,3
1,<environment.Job instance at 0x7f3057862b90>,3,22,[14  2],4,-1,27,-1,5
1,<environment.Job instance at 0x7f30578627d0>,9,27,[5 4],10,-1,37,-1,10
1,<environment.Job instance at 0x7f3057862aa0>,10,28,[7 5],11,-1,39,-1,11
1,<environment.Job instance at 0x7f30578628c0>,12,28,[14  2],13,-1,41,-1,13
1,<environment.Job instance at 0x7f3057862280>,15,22,[ 5 14],16,-1,45,-1,23
1,<environment.Job instance at 0x7f3057862230>,16,26,[8 5],17,-1,49,-1,23
1,<environment.Job instance at 0x7f3057968fa0>,21,15,[ 3 10],22,-1,83,-1,68
1,<environment.Job instance at 0x7f30579685f0>,22,12,[ 5 13],23,-1,80,-1,68
1,<environment.Job instance at 0x7f3057968820>,24,22,[13  3],25,-1,90,-1,68
1,<environment.Job instance at 0x7f3057968690>,25,26,[14  2],26,-1,94,-1,68
1,<environment.Job instance at 0x7f30579687d0>,26,20,[ 4 12],27,-1,88,-1,68
1,<environment.Job instance at 0x7f30579681e0>,27,13,[ 4 12],28,-1,81,-1,68
1,<environment.Job instance at 0x7f3057968b90>,30,16,[ 5 12],31,-1,92,-1,76
1,<environment.Job instance at 0x7f3057968140>,31,22,[13  5],32,-1,98,-1,76
1,<environment.Job instance at 0x7f3057968f50>,32,27,[5 3],33,-1,103,-1,76
1,<environment.Job instance at 0x7f305809de60>,35,24,[5 4],36,-1,118,-1,94
1,<environment.Job instance at 0x7f305809df00>,36,18,[12  1],37,-1,112,-1,94
1,<environment.Job instance at 0x7f305809d410>,38,13,[ 5 14],39,-1,108,-1,95
1,<environment.Job instance at 0x7f305809ddc0>,39,17,[ 5 13],40,-1,112,-1,95
1,<environment.Job instance at 0x7f305809d550>,40,18,[12  5],41,-1,113,-1,95
1,<environment.Job instance at 0x7f305809d870>,42,27,[5 1],43,-1,135,-1,108
1,<environment.Job instance at 0x7f305809d280>,45,17,[ 5 12],46,-1,139,-1,122
1,<environment.Job instance at 0x7f305809d1e0>,46,3,[3 6],47,-1,125,-1,122
1,<environment.Job instance at 0x7f305809d690>,47,24,[7 4],48,-1,146,-1,122
1,<environment.Job instance at 0x7f305809dd20>,49,1,[3 6],50,-1,129,-1,128
1,<environment.Job instance at 0x7f305841af00>,50,12,[12  3],51,-1,140,-1,128
1,<environment.Job instance at 0x7f305841a780>,51,27,[6 5],52,-1,155,-1,128
1,<environment.Job instance at 0x7f305841a050>,54,17,[14  4],55,-1,165,-1,148
1,<environment.Job instance at 0x7f305841a870>,57,16,[ 1 13],58,-1,174,-1,158
1,<environment.Job instance at 0x7f305841a640>,58,25,[4 7],59,-1,183,-1,158
1,<environment.Job instance at 0x7f305841a820>,60,12,[13  5],61,-1,188,-1,176
1,<environment.Job instance at 0x7f305841aaf0>,61,22,[14  4],62,-1,198,-1,176
1,<environment.Job instance at 0x7f305841a910>,62,27,[5 3],63,-1,203,-1,176
1,<environment.Job instance at 0x7f30572f0c30>,66,26,[3 7],67,-1,215,-1,189
1,<environment.Job instance at 0x7f30572f0fa0>,68,15,[11  4],69,-1,217,-1,202
1,<environment.Job instance at 0x7f30572f0190>,69,18,[ 3 11],70,-1,220,-1,202
1,<environment.Job instance at 0x7f30572f0410>,70,23,[9 1],71,-1,225,-1,202
1,<environment.Job instance at 0x7f30572f4c80>,72,23,[11  3],73,-1,233,-1,210
1,<environment.Job instance at 0x7f30572f4fa0>,74,1,[1 5],75,-1,223,-1,222
1,<environment.Job instance at 0x7f30572afb90>,76,27,[7 3],77,-1,250,-1,223
1,<environment.Job instance at 0x7f30572af9b0>,77,28,[13  1],78,-1,251,-1,223
1,<environment.Job instance at 0x7f30572afdc0>,78,25,[3 8],79,-1,248,-1,223
1,<environment.Job instance at 0x7f30572af500>,82,24,[7 5],83,-1,277,-1,253
1,<environment.Job instance at 0x7f30572af960>,83,22,[11  1],84,-1,275,-1,253
1,<environment.Job instance at 0x7f30572afaa0>,84,14,[ 2 13],85,-1,267,-1,253
1,<environment.Job instance at 0x7f30572af3c0>,86,28,[4 9],87,-1,286,-1,258
1,<environment.Job instance at 0x7f30572af550>,87,28,[ 5 11],88,-1,286,-1,258
1,<environment.Job instance at 0x7f30572af320>,88,12,[10  3],89,-1,278,-1,266
1,<environment.Job instance at 0x7f305777c8c0>,90,18,[13  5],91,-1,290,-1,272
1,<environment.Job instance at 0x7f3057913e10>,92,2,[5 9],93,-1,274,-1,272
1,<environment.Job instance at 0x7f3057913460>,94,14,[11  2],95,-1,298,-1,284
1,<environment.Job instance at 0x7f3057913aa0>,95,15,[12  2],96,-1,299,-1,284
1,<environment.Job instance at 0x7f30579132d0>,96,2,[4 9],97,-1,286,-1,284
1,<environment.Job instance at 0x7f3057913730>,97,19,[14  2],98,-1,303,-1,284
1,<environment.Job instance at 0x7f3057913780>,98,20,[ 5 12],99,-1,304,-1,284
1,<environment.Job instance at 0x7f3056e44190>,11,1,[8 4],12,-1,37,-1,36
1,<environment.Job instance at 0x7f3056e441e0>,15,3,[ 4 13],16,-1,69,-1,66
1,<environment.Job instance at 0x7f3056e445a0>,18,20,[ 4 11],19,-1,98,-1,78
1,<environment.Job instance at 0x7f3056e448c0>,19,15,[ 5 14],20,-1,93,-1,78
1,<environment.Job instance at 0x7f3056e44af0>,20,2,[4 7],21,-1,80,-1,78
1,<environment.Job instance at 0x7f3056fda230>,21,12,[11  5],22,-1,90,-1,78
1,<environment.Job instance at 0x7f3056fda140>,22,28,[8 5],23,-1,106,-1,78
1,<environment.Job instance at 0x7f3056fdacd0>,25,28,[7 3],26,-1,113,-1,85
1,<environment.Job instance at 0x7f3056fda550>,27,25,[1 5],28,-1,114,-1,89
1,<environment.Job instance at 0x7f3056fda1e0>,28,25,[ 3 10],29,-1,114,-1,89
1,<environment.Job instance at 0x7f3056fdaa50>,29,18,[ 2 11],30,-1,107,-1,89
1,<environment.Job instance at 0x7f3056fda190>,30,12,[ 1 10],31,-1,101,-1,89
1,<environment.Job instance at 0x7f3056fda780>,32,20,[ 4 13],33,-1,118,-1,98
1,<environment.Job instance at 0x7f3056fdaf50>,36,23,[9 2],37,-1,166,-1,143
1,<environment.Job instance at 0x7f305838c320>,40,3,[9 5],41,-1,146,-1,143
1,<environment.Job instance at 0x7f305838caf0>,41,3,[8 1],42,-1,146,-1,143
1,<environment.Job instance at 0x7f305838cc30>,43,27,[ 1 14],44,-1,186,-1,159
1,<environment.Job instance at 0x7f305838ceb0>,49,3,[9 5],50,-1,214,-1,211
1,<environment.Job instance at 0x7f305838cb90>,52,26,[14  5],53,-1,247,-1,221
1,<environment.Job instance at 0x7f30571f6cd0>,53,12,[11  4],54,-1,233,-1,221
1,<environment.Job instance at 0x7f30571f6320>,54,26,[8 3],55,-1,247,-1,221
1,<environment.Job instance at 0x7f30571f69b0>,56,2,[6 1],57,-1,231,-1,229
1,<environment.Job instance at 0x7f30571f6690>,58,18,[14  4],59,-1,255,-1,237
1,<environment.Job instance at 0x7f30571f6af0>,62,24,[4 7],63,-1,283,-1,259
1,<environment.Job instance at 0x7f30571f6a00>,64,3,[6 4],65,-1,273,-1,270
1,<environment.Job instance at 0x7f3061045910>,65,2,[12  1],66,-1,272,-1,270
1,<environment.Job instance at 0x7f3061045be0>,67,23,[ 4 12],68,-1,298,-1,275
1,<environment.Job instance at 0x7f3061045230>,68,26,[ 4 14],69,-1,301,-1,275
1,<environment.Job instance at 0x7f3061045e60>,69,15,[ 1 14],70,-1,290,-1,275
1,<environment.Job instance at 0x7f3061045140>,70,14,[11  2],71,-1,289,-1,275
1,<environment.Job instance at 0x7f3061045fa0>,71,13,[13  4],72,-1,288,-1,275
1,<environment.Job instance at 0x7f3061045cd0>,73,27,[ 4 13],74,-1,315,-1,288
1,<environment.Job instance at 0x7f3061045460>,74,23,[ 4 10],75,-1,311,-1,288
1,<environment.Job instance at 0x7f30610450a0>,75,15,[ 4 12],76,-1,303,-1,288
1,<environment.Job instance at 0x7f3061045b90>,77,16,[ 5 11],78,-1,319,-1,303
1,<environment.Job instance at 0x7f30610455f0>,78,28,[7 3],79,-1,331,-1,303
1,<environment.Job instance at 0x7f3057666eb0>,79,27,[3 8],80,-1,330,-1,303
1,<environment.Job instance at 0x7f30576664b0>,80,23,[5 9],81,-1,326,-1,303
1,<environment.Job instance at 0x7f3056d90c80>,83,20,[ 1 10],84,-1,331,-1,311
1,<environment.Job instance at 0x7f3057fae910>,85,13,[11  4],86,-1,333,-1,320
1,<environment.Job instance at 0x7f3057fae460>,86,12,[11  5],87,-1,332,-1,320
1,<environment.Job instance at 0x7f305768caf0>,88,12,[8 2],89,-1,332,-1,320
1,<environment.Job instance at 0x7f3057daa910>,89,1,[ 4 12],90,-1,321,-1,320
1,<environment.Job instance at 0x7f305769caf0>,90,3,[ 4 14],91,-1,323,-1,320
1,<environment.Job instance at 0x7f3058322460>,91,15,[14  3],92,-1,335,-1,320
1,<environment.Job instance at 0x7f30581b1730>,95,14,[11  1],96,-1,365,-1,351
1,<environment.Job instance at 0x7f30579ecdc0>,96,23,[ 2 11],97,-1,374,-1,351
1,<environment.Job instance at 0x7f30579ec7d0>,97,21,[ 1 11],98,-1,372,-1,351
1,<environment.Job instance at 0x7f30572313c0>,98,1,[ 2 14],99,-1,352,-1,351
1,<environment.Job instance at 0x7f3056e44d70>,2,16,[ 5 11],3,-1,19,-1,3
1,<environment.Job instance at 0x7f3056eaa690>,4,15,[ 3 14],5,-1,20,-1,5
1,<environment.Job instance at 0x7f3056eaaaa0>,5,18,[13  2],6,-1,24,-1,6
1,<environment.Job instance at 0x7f3056eaaa50>,6,1,[12  5],7,-1,8,-1,7
1,<environment.Job instance at 0x7f3056eaa5f0>,8,22,[2 9],9,-1,34,-1,12
1,<environment.Job instance at 0x7f3056ea93c0>,16,13,[ 5 12],17,-1,72,-1,59
1,<environment.Job instance at 0x7f3056ea96e0>,23,12,[ 3 13],24,-1,115,-1,103
1,<environment.Job instance at 0x7f3056ea98c0>,24,23,[6 2],25,-1,126,-1,103
1,<environment.Job instance at 0x7f3056ea92d0>,25,22,[1 9],26,-1,134,-1,112
1,<environment.Job instance at 0x7f3056ea9c30>,26,14,[6 1],27,-1,128,-1,114
1,<environment.Job instance at 0x7f3056ea9640>,27,24,[10  4],28,-1,138,-1,114
1,<environment.Job instance at 0x7f3056e735a0>,28,24,[3 9],29,-1,138,-1,114
1,<environment.Job instance at 0x7f3056e73230>,29,18,[ 3 12],30,-1,132,-1,114
1,<environment.Job instance at 0x7f3056e733c0>,30,18,[13  3],31,-1,132,-1,114
1,<environment.Job instance at 0x7f3056e735f0>,31,2,[1 5],32,-1,116,-1,114
1,<environment.Job instance at 0x7f3056e73960>,35,19,[ 5 13],36,-1,158,-1,139
1,<environment.Job instance at 0x7f3056e73e10>,39,15,[ 5 10],40,-1,178,-1,163
1,<environment.Job instance at 0x7f3056e73d20>,41,17,[ 2 10],42,-1,190,-1,173
1,<environment.Job instance at 0x7f3056e740a0>,44,24,[5 9],45,-1,215,-1,191
1,<environment.Job instance at 0x7f3056e746e0>,46,23,[3 9],47,-1,230,-1,207
1,<environment.Job instance at 0x7f3056e742d0>,47,26,[8 5],48,-1,233,-1,207
1,<environment.Job instance at 0x7f3056e74fa0>,49,1,[ 1 12],50,-1,223,-1,222
1,<environment.Job instance at 0x7f3056e74f50>,51,27,[10  5],52,-1,249,-1,222
1,<environment.Job instance at 0x7f3056e74640>,53,2,[5 5],54,-1,228,-1,226
1,<environment.Job instance at 0x7f3056e748c0>,54,15,[12  5],55,-1,241,-1,226
1,<environment.Job instance at 0x7f3056e74e60>,55,24,[13  2],56,-1,250,-1,226
1,<environment.Job instance at 0x7f3056e74dc0>,57,18,[ 3 10],58,-1,261,-1,243
1,<environment.Job instance at 0x7f3056e740f0>,58,16,[ 3 14],59,-1,259,-1,243
1,<environment.Job instance at 0x7f3057782dc0>,59,24,[14  4],60,-1,267,-1,243
1,<environment.Job instance at 0x7f3057782f00>,60,13,[14  5],61,-1,256,-1,243
1,<environment.Job instance at 0x7f30577820a0>,63,23,[6 1],64,-1,277,-1,254
1,<environment.Job instance at 0x7f30577820f0>,64,23,[ 5 10],65,-1,277,-1,254
1,<environment.Job instance at 0x7f3057782af0>,66,22,[ 1 14],67,-1,281,-1,259
1,<environment.Job instance at 0x7f3057782c80>,67,3,[11  2],68,-1,262,-1,259
1,<environment.Job instance at 0x7f3057782b40>,68,25,[ 1 14],69,-1,284,-1,259
1,<environment.Job instance at 0x7f3056e78af0>,69,25,[12  3],70,-1,284,-1,259
1,<environment.Job instance at 0x7f3056e78d70>,70,27,[ 4 11],71,-1,286,-1,259
1,<environment.Job instance at 0x7f3056e783c0>,71,15,[13  2],72,-1,274,-1,259
1,<environment.Job instance at 0x7f3056e784b0>,72,12,[5 5],73,-1,275,-1,263
1,<environment.Job instance at 0x7f3056e781e0>,75,13,[10  3],76,-1,284,-1,271
1,<environment.Job instance at 0x7f3056e780a0>,78,16,[ 5 13],79,-1,302,-1,286
1,<environment.Job instance at 0x7f3056e78b90>,79,23,[5 5],80,-1,309,-1,286
1,<environment.Job instance at 0x7f3056e78500>,80,3,[ 4 14],81,-1,289,-1,286
1,<environment.Job instance at 0x7f3056e789b0>,81,15,[14  4],82,-1,301,-1,286
1,<environment.Job instance at 0x7f3056e78460>,83,25,[4 7],84,-1,311,-1,286
1,<environment.Job instance at 0x7f3056e718c0>,84,3,[11  5],85,-1,289,-1,286
1,<environment.Job instance at 0x7f3056e71190>,85,3,[ 4 14],86,-1,289,-1,286
1,<environment.Job instance at 0x7f3056e71960>,86,28,[ 4 11],87,-1,314,-1,286
1,<environment.Job instance at 0x7f3056e71f50>,88,18,[11  1],89,-1,319,-1,301
1,<environment.Job instance at 0x7f3056e710f0>,90,24,[3 8],91,-1,328,-1,304
1,<environment.Job instance at 0x7f3056e71550>,91,2,[5 4],92,-1,306,-1,304
1,<environment.Job instance at 0x7f3056e71a00>,92,27,[3 6],93,-1,331,-1,304
1,<environment.Job instance at 0x7f3056e71460>,95,15,[ 3 14],96,-1,337,-1,322
1,<environment.Job instance at 0x7f3056e71dc0>,96,21,[10  1],97,-1,354,-1,333
1,<environment.Job instance at 0x7f3057b6d960>,98,27,[4 5],99,-1,360,-1,333
1,<environment.Job instance at 0x7f3057805280>,1,28,[10  5],2,-1,30,-1,2
1,<environment.Job instance at 0x7f3056e73550>,2,25,[8 4],3,-1,28,-1,3
1,<environment.Job instance at 0x7f3056e73690>,4,18,[13  1],5,-1,23,-1,5
1,<environment.Job instance at 0x7f3057ae2820>,6,14,[ 1 14],7,-1,21,-1,7
1,<environment.Job instance at 0x7f3057ae2b90>,9,25,[8 3],10,-1,35,-1,10
1,<environment.Job instance at 0x7f3057ae2640>,10,2,[5 5],11,-1,13,-1,11
1,<environment.Job instance at 0x7f3057ae2370>,17,18,[11  2],18,-1,38,-1,20
1,<environment.Job instance at 0x7f3057ae2a00>,20,14,[12  3],21,-1,46,-1,32
1,<environment.Job instance at 0x7f3057a7bb40>,23,28,[4 5],24,-1,92,-1,64
1,<environment.Job instance at 0x7f3057a7b500>,24,1,[ 3 10],25,-1,65,-1,64
1,<environment.Job instance at 0x7f3056de4910>,28,24,[14  3],29,-1,100,-1,76
1,<environment.Job instance at 0x7f30580cc960>,32,27,[2 9],33,-1,127,-1,100
1,<environment.Job instance at 0x7f30580cc2d0>,35,26,[ 5 11],36,-1,151,-1,125
1,<environment.Job instance at 0x7f30580cc460>,37,23,[10  4],38,-1,148,-1,125
1,<environment.Job instance at 0x7f30580cc910>,38,26,[2 7],39,-1,151,-1,125
1,<environment.Job instance at 0x7f30580cc8c0>,40,3,[2 6],41,-1,129,-1,126
1,<environment.Job instance at 0x7f30580cc370>,42,26,[5 4],43,-1,165,-1,139
1,<environment.Job instance at 0x7f30580cc6e0>,43,26,[ 1 10],44,-1,165,-1,139
1,<environment.Job instance at 0x7f305728b780>,48,28,[14  3],49,-1,207,-1,179
1,<environment.Job instance at 0x7f305728be10>,50,3,[10  4],51,-1,202,-1,199
1,<environment.Job instance at 0x7f305728b280>,53,17,[ 2 12],54,-1,229,-1,212
1,<environment.Job instance at 0x7f305728b7d0>,56,13,[ 5 11],57,-1,237,-1,224
1,<environment.Job instance at 0x7f305728b550>,63,17,[13  2],64,-1,281,-1,264
1,<environment.Job instance at 0x7f305728b0f0>,64,23,[9 3],65,-1,287,-1,264
1,<environment.Job instance at 0x7f3060a8feb0>,67,12,[ 3 10],68,-1,289,-1,277
1,<environment.Job instance at 0x7f3060a8faa0>,69,14,[ 5 14],70,-1,295,-1,281
1,<environment.Job instance at 0x7f3060a8f5a0>,72,25,[10  1],73,-1,323,-1,298
1,<environment.Job instance at 0x7f3057606730>,76,21,[12  2],77,-1,343,-1,322
1,<environment.Job instance at 0x7f30576060f0>,78,14,[ 1 14],79,-1,351,-1,337
1,<environment.Job instance at 0x7f30576062d0>,80,15,[12  3],81,-1,357,-1,342
1,<environment.Job instance at 0x7f3057606960>,82,14,[ 5 14],83,-1,370,-1,356
1,<environment.Job instance at 0x7f30575e55f0>,84,13,[12  5],85,-1,369,-1,356
1,<environment.Job instance at 0x7f30575e5f50>,85,12,[12  3],86,-1,368,-1,356
1,<environment.Job instance at 0x7f3056de2e60>,87,15,[12  3],88,-1,380,-1,365
1,<environment.Job instance at 0x7f3056de2230>,88,19,[ 4 10],89,-1,384,-1,365
1,<environment.Job instance at 0x7f3056de2500>,91,23,[5 9],92,-1,406,-1,383
1,<environment.Job instance at 0x7f3056de2f50>,92,24,[11  4],93,-1,407,-1,383
1,<environment.Job instance at 0x7f3056de2fa0>,95,15,[ 4 12],96,-1,412,-1,397
1,<environment.Job instance at 0x7f3056de25f0>,97,25,[ 1 10],98,-1,426,-1,401
1,<environment.Job instance at 0x7f3056de23c0>,98,1,[8 4],99,-1,402,-1,401
1,<environment.Job instance at 0x7f3057ae20a0>,15,25,[5 7],16,-1,458,-1,433
1,<environment.Job instance at 0x7f3057ae2870>,12,24,[11  1],13,-1,457,-1,433
1,<environment.Job instance at 0x7f3057ae2870>,2,2,[ 2 13],3,-1,5,-1,3
1,<environment.Job instance at 0x7f3057e317d0>,4,14,[10  5],5,-1,20,-1,6
1,<environment.Job instance at 0x7f3057e31d70>,6,12,[11  2],7,-1,19,-1,7
1,<environment.Job instance at 0x7f3056dea640>,7,22,[8 5],8,-1,73,-1,51
1,<environment.Job instance at 0x7f3057e1ddc0>,17,15,[14  5],18,-1,66,-1,51
1,<environment.Job instance at 0x7f3057e1d6e0>,18,19,[12  4],19,-1,70,-1,51
1,<environment.Job instance at 0x7f3057e1dcd0>,19,19,[11  1],20,-1,70,-1,51
1,<environment.Job instance at 0x7f3057e1d500>,22,2,[ 3 14],23,-1,65,-1,63
1,<environment.Job instance at 0x7f3057e18690>,23,22,[4 5],24,-1,89,-1,67
1,<environment.Job instance at 0x7f3057e18730>,25,13,[ 3 13],26,-1,80,-1,67
1,<environment.Job instance at 0x7f3057e180f0>,26,27,[ 1 10],27,-1,94,-1,67
1,<environment.Job instance at 0x7f3057e187d0>,27,18,[ 2 14],28,-1,85,-1,67
1,<environment.Job instance at 0x7f3057e18410>,28,17,[ 4 10],29,-1,86,-1,69
1,<environment.Job instance at 0x7f3057e18320>,31,25,[ 2 14],32,-1,101,-1,76
1,<environment.Job instance at 0x7f3057e20780>,34,3,[7 5],35,-1,97,-1,94
1,<environment.Job instance at 0x7f305722d960>,35,21,[14  4],36,-1,115,-1,94
1,<environment.Job instance at 0x7f3057c95eb0>,36,18,[ 4 13],37,-1,112,-1,94
1,<environment.Job instance at 0x7f30579bb780>,39,26,[8 3],40,-1,131,-1,105
1,<environment.Job instance at 0x7f30579bb1e0>,40,18,[11  1],41,-1,123,-1,105
1,<environment.Job instance at 0x7f30579bb5a0>,41,12,[ 4 12],42,-1,117,-1,105
1,<environment.Job instance at 0x7f30579ab410>,42,27,[4 8],43,-1,132,-1,105
1,<environment.Job instance at 0x7f30573a20a0>,49,23,[8 5],50,-1,167,-1,144
1,<environment.Job instance at 0x7f30573a2730>,51,3,[6 3],52,-1,156,-1,153
1,<environment.Job instance at 0x7f30573a28c0>,53,2,[5 7],54,-1,158,-1,156
1,<environment.Job instance at 0x7f30573a2690>,54,28,[2 5],55,-1,184,-1,156
1,<environment.Job instance at 0x7f30573a2b40>,55,28,[ 2 14],56,-1,184,-1,156
1,<environment.Job instance at 0x7f30573a26e0>,60,27,[5 8],61,-1,213,-1,186
1,<environment.Job instance at 0x7f30573a2780>,62,12,[13  5],63,-1,203,-1,191
1,<environment.Job instance at 0x7f3057fafcd0>,63,15,[ 5 12],64,-1,206,-1,191
1,<environment.Job instance at 0x7f3057faf140>,65,23,[10  4],66,-1,230,-1,207
1,<environment.Job instance at 0x7f305850cfa0>,67,22,[3 8],68,-1,229,-1,207
1,<environment.Job instance at 0x7f305737d140>,69,2,[5 5],70,-1,210,-1,208
1,<environment.Job instance at 0x7f305737d500>,70,24,[10  1],71,-1,232,-1,208
1,<environment.Job instance at 0x7f305737d410>,71,26,[5 8],72,-1,234,-1,208
1,<environment.Job instance at 0x7f3058272320>,74,16,[ 3 14],75,-1,239,-1,223
1,<environment.Job instance at 0x7f30575b74b0>,77,15,[13  3],78,-1,243,-1,228
1,<environment.Job instance at 0x7f3058020640>,79,26,[6 2],80,-1,264,-1,238
1,<environment.Job instance at 0x7f30576f35f0>,82,26,[13  4],83,-1,278,-1,252
1,<environment.Job instance at 0x7f30580345a0>,83,12,[ 4 10],84,-1,264,-1,252
1,<environment.Job instance at 0x7f305802a910>,84,23,[14  1],85,-1,275,-1,252
1,<environment.Job instance at 0x7f3058034050>,85,14,[ 1 12],86,-1,266,-1,252
1,<environment.Job instance at 0x7f305770f0a0>,86,17,[14  4],87,-1,269,-1,252
1,<environment.Job instance at 0x7f305770ff00>,89,1,[9 4],90,-1,271,-1,270
1,<environment.Job instance at 0x7f305770fc30>,90,24,[8 2],91,-1,294,-1,270
1,<environment.Job instance at 0x7f30576f1370>,91,27,[ 3 13],92,-1,297,-1,270
1,<environment.Job instance at 0x7f30575eb730>,92,18,[ 2 12],93,-1,288,-1,270
1,<environment.Job instance at 0x7f30576f9b40>,97,15,[14  1],98,-1,313,-1,298
1,<environment.Job instance at 0x7f30576f9aa0>,98,26,[11  3],99,-1,324,-1,298
1,<environment.Job instance at 0x7f30573a2140>,58,24,[10  1],59,-1,333,-1,309
1,<environment.Job instance at 0x7f30570d3e10>,4,18,[ 4 11],5,-1,24,-1,6
1,<environment.Job instance at 0x7f30570d3050>,5,1,[10  4],6,-1,7,-1,6
1,<environment.Job instance at 0x7f30570d3730>,12,20,[ 4 11],13,-1,38,-1,18
1,<environment.Job instance at 0x7f30570d3960>,18,15,[13  4],19,-1,69,-1,54
1,<environment.Job instance at 0x7f30570d3cd0>,19,1,[1 9],20,-1,64,-1,63
1,<environment.Job instance at 0x7f30570d34b0>,22,15,[14  5],23,-1,83,-1,68
1,<environment.Job instance at 0x7f3056ce9320>,26,25,[ 5 10],27,-1,109,-1,84
1,<environment.Job instance at 0x7f3056ce9410>,29,17,[ 2 14],30,-1,120,-1,103
1,<environment.Job instance at 0x7f3056ce9460>,30,13,[13  4],31,-1,116,-1,103
1,<environment.Job instance at 0x7f3056ce9500>,31,18,[12  2],32,-1,121,-1,103
1,<environment.Job instance at 0x7f3056ce9be0>,34,1,[5 4],35,-1,140,-1,139
1,<environment.Job instance at 0x7f3056b5ff00>,42,13,[11  2],43,-1,193,-1,180
1,<environment.Job instance at 0x7f3056b5f3c0>,44,13,[12  4],45,-1,193,-1,180
1,<environment.Job instance at 0x7f3056b5f500>,45,24,[12  2],46,-1,204,-1,180
1,<environment.Job instance at 0x7f3056b5ffa0>,46,12,[ 2 12],47,-1,192,-1,180
1,<environment.Job instance at 0x7f30570b51e0>,55,14,[ 4 13],56,-1,239,-1,225
1,<environment.Job instance at 0x7f30584a5eb0>,82,25,[ 2 13],83,-1,519,-1,494
1,<environment.Job instance at 0x7f30584a52d0>,84,15,[ 4 11],85,-1,527,-1,512
1,<environment.Job instance at 0x7f30584a5500>,88,26,[10  2],89,-1,554,-1,528
1,<environment.Job instance at 0x7f30583ef0a0>,92,17,[14  5],93,-1,562,-1,545
1,<environment.Job instance at 0x7f30583ef140>,95,28,[4 9],96,-1,594,-1,566
1,<environment.Job instance at 0x7f30583efc80>,96,16,[12  5],97,-1,583,-1,567
1,<environment.Job instance at 0x7f30583ef5a0>,97,1,[ 2 14],98,-1,568,-1,567
1,<environment.Job instance at 0x7f30571b4aa0>,10,28,[ 2 11],11,-1,39,-1,11
1,<environment.Job instance at 0x7f30571b4550>,11,23,[5 5],12,-1,35,-1,12
1,<environment.Job instance at 0x7f30571b4a50>,12,12,[11  3],13,-1,26,-1,14
1,<environment.Job instance at 0x7f30571b4d20>,14,12,[ 4 12],15,-1,27,-1,15
1,<environment.Job instance at 0x7f30571b1230>,20,28,[13  2],21,-1,89,-1,61
1,<environment.Job instance at 0x7f30571e2b40>,57,14,[12  4],58,-1,445,-1,431
1,<environment.Job instance at 0x7f30571e21e0>,58,25,[ 2 10],59,-1,456,-1,431
1,<environment.Job instance at 0x7f30571e2c30>,59,24,[14  1],60,-1,455,-1,431
1,<environment.Job instance at 0x7f30571e2d20>,60,2,[4 8],61,-1,433,-1,431
1,<environment.Job instance at 0x7f30571e2f50>,61,25,[14  2],62,-1,456,-1,431
1,<environment.Job instance at 0x7f30571e2fa0>,63,28,[5 9],64,-1,473,-1,445
1,<environment.Job instance at 0x7f30571e2dc0>,64,14,[7 1],65,-1,460,-1,446
1,<environment.Job instance at 0x7f30571ce230>,65,28,[6 1],66,-1,474,-1,446
1,<environment.Job instance at 0x7f30571ce2d0>,66,22,[2 6],67,-1,481,-1,459
1,<environment.Job instance at 0x7f30571ce550>,70,23,[7 5],71,-1,490,-1,467
1,<environment.Job instance at 0x7f30578677d0>,75,18,[ 5 11],76,-1,511,-1,493
1,<environment.Job instance at 0x7f3057867050>,77,1,[14  4],78,-1,499,-1,498
1,<environment.Job instance at 0x7f30571db5a0>,78,18,[11  4],79,-1,516,-1,498
1,<environment.Job instance at 0x7f30571db190>,80,12,[9 4],81,-1,524,-1,512
1,<environment.Job instance at 0x7f30571db4b0>,83,21,[8 2],84,-1,553,-1,532
1,<environment.Job instance at 0x7f30571db730>,85,23,[13  4],86,-1,555,-1,532
1,<environment.Job instance at 0x7f30582b5500>,86,17,[12  2],87,-1,549,-1,532
1,<environment.Job instance at 0x7f30582cdaf0>,87,2,[4 8],88,-1,534,-1,532
1,<environment.Job instance at 0x7f305827aa00>,93,12,[11  5],94,-1,597,-1,585
1,<environment.Job instance at 0x7f305827c500>,95,12,[9 1],96,-1,612,-1,600
1,<environment.Job instance at 0x7f30582ab1e0>,1,24,[5 5],2,-1,26,-1,2
1,<environment.Job instance at 0x7f305827a870>,2,15,[ 4 11],3,-1,18,-1,3
1,<environment.Job instance at 0x7f3057693870>,4,21,[ 1 14],5,-1,26,-1,5
1,<environment.Job instance at 0x7f3057693a00>,7,16,[ 4 14],8,-1,24,-1,8
1,<environment.Job instance at 0x7f3057693cd0>,9,16,[ 2 12],10,-1,26,-1,10
1,<environment.Job instance at 0x7f3057693fa0>,10,17,[13  4],11,-1,28,-1,11
1,<environment.Job instance at 0x7f3056eafdc0>,11,1,[ 5 11],12,-1,14,-1,13
1,<environment.Job instance at 0x7f3056eaf9b0>,21,1,[ 3 12],22,-1,57,-1,56
1,<environment.Job instance at 0x7f3056eaf550>,22,24,[10  3],23,-1,80,-1,56
1,<environment.Job instance at 0x7f3056eafc30>,23,3,[1 9],24,-1,59,-1,56
1,<environment.Job instance at 0x7f3056eafc80>,24,3,[11  1],25,-1,59,-1,56
1,<environment.Job instance at 0x7f3056d3eb90>,37,26,[ 3 11],38,-1,167,-1,141
1,<environment.Job instance at 0x7f3056d3e640>,40,16,[12  4],41,-1,190,-1,174
1,<environment.Job instance at 0x7f3056d3e6e0>,41,26,[5 2],42,-1,200,-1,174
1,<environment.Job instance at 0x7f3056d3e780>,42,24,[9 3],43,-1,198,-1,174
1,<environment.Job instance at 0x7f3056d3e960>,43,26,[6 3],44,-1,200,-1,174
1,<environment.Job instance at 0x7f3056d3ef00>,45,20,[14  3],46,-1,196,-1,176
1,<environment.Job instance at 0x7f30570e02d0>,51,26,[2 6],52,-1,266,-1,240
1,<environment.Job instance at 0x7f30570e0be0>,53,25,[1 6],54,-1,274,-1,249
1,<environment.Job instance at 0x7f3056de1cd0>,64,19,[13  1],65,-1,387,-1,368
1,<environment.Job instance at 0x7f3056de15f0>,65,16,[10  1],66,-1,417,-1,401
1,<environment.Job instance at 0x7f3056de1af0>,71,13,[8 4],72,-1,414,-1,401
1,<environment.Job instance at 0x7f3056de1280>,72,28,[14  1],73,-1,429,-1,401
1,<environment.Job instance at 0x7f3056de1b90>,73,25,[10  1],74,-1,426,-1,401
1,<environment.Job instance at 0x7f3056de1960>,74,14,[ 1 14],75,-1,415,-1,401
1,<environment.Job instance at 0x7f3056de1f00>,75,21,[ 1 14],76,-1,422,-1,401
1,<environment.Job instance at 0x7f3056e8ccd0>,76,13,[4 6],77,-1,421,-1,408
1,<environment.Job instance at 0x7f3056e8c320>,78,19,[10  2],79,-1,446,-1,427
1,<environment.Job instance at 0x7f3056e8c8c0>,79,3,[3 5],80,-1,430,-1,427
1,<environment.Job instance at 0x7f3056e8cc30>,81,25,[9 4],82,-1,452,-1,427
1,<environment.Job instance at 0x7f3056d3e550>,30,22,[10  5],31,-1,449,-1,427
1,<environment.Job instance at 0x7f3056e8c730>,82,1,[ 3 10],83,-1,428,-1,427
1,<environment.Job instance at 0x7f3056e8cc80>,84,21,[4 7],85,-1,448,-1,427
1,<environment.Job instance at 0x7f3056e8c870>,87,13,[3 6],88,-1,440,-1,427
1,<environment.Job instance at 0x7f3056e8c280>,89,20,[7 1],90,-1,458,-1,438
1,<environment.Job instance at 0x7f3056e8ca50>,90,13,[ 2 10],91,-1,451,-1,438
1,<environment.Job instance at 0x7f3056e8c960>,91,2,[ 5 10],92,-1,440,-1,438
1,<environment.Job instance at 0x7f3056e8c050>,92,23,[10  1],93,-1,461,-1,438
1,<environment.Job instance at 0x7f3056b15e60>,1,26,[ 3 10],2,-1,28,-1,2
1,<environment.Job instance at 0x7f3057bfb7d0>,3,22,[ 3 12],4,-1,26,-1,4
1,<environment.Job instance at 0x7f3056ecd410>,4,28,[8 3],5,-1,33,-1,5
1,<environment.Job instance at 0x7f3056ecd870>,6,12,[ 5 14],7,-1,19,-1,7
1,<environment.Job instance at 0x7f30571f9730>,9,25,[ 5 14],10,-1,35,-1,10
1,<environment.Job instance at 0x7f3056b174b0>,10,15,[12  1],11,-1,26,-1,11
1,<environment.Job instance at 0x7f3056b17d20>,13,2,[ 3 12],14,-1,16,-1,14
1,<environment.Job instance at 0x7f3057a2b410>,19,25,[4 6],20,-1,58,-1,33
1,<environment.Job instance at 0x7f3057ed1aa0>,20,21,[ 5 11],21,-1,54,-1,33
1,<environment.Job instance at 0x7f3057ecd7d0>,21,1,[1 5],22,-1,34,-1,33
1,<environment.Job instance at 0x7f3057ecd960>,23,2,[3 7],24,-1,44,-1,42
1,<environment.Job instance at 0x7f3056b763c0>,24,18,[ 3 14],25,-1,60,-1,42
1,<environment.Job instance at 0x7f3056b76b90>,25,17,[14  4],26,-1,59,-1,42
1,<environment.Job instance at 0x7f30578ce640>,27,16,[12  2],28,-1,67,-1,51
1,<environment.Job instance at 0x7f30578ce500>,28,13,[ 4 14],29,-1,64,-1,51
1,<environment.Job instance at 0x7f3057ef5190>,31,13,[14  3],32,-1,78,-1,65
1,<environment.Job instance at 0x7f30574e0780>,33,2,[6 2],34,-1,73,-1,71
1,<environment.Job instance at 0x7f30584475f0>,36,12,[11  5],37,-1,98,-1,86
1,<environment.Job instance at 0x7f3057bfdb90>,41,23,[7 5],42,-1,164,-1,141
1,<environment.Job instance at 0x7f3057bfd050>,43,23,[1 5],44,-1,166,-1,143
1,<environment.Job instance at 0x7f3057bfddc0>,45,26,[ 1 11],46,-1,180,-1,154
1,<environment.Job instance at 0x7f3057bfd460>,46,12,[13  4],47,-1,166,-1,154
1,<environment.Job instance at 0x7f3057bfd0f0>,47,3,[9 1],48,-1,157,-1,154
1,<environment.Job instance at 0x7f3056e21d70>,48,15,[ 1 11],49,-1,169,-1,154
1,<environment.Job instance at 0x7f3056e214b0>,50,17,[13  4],51,-1,178,-1,161
1,<environment.Job instance at 0x7f3057410410>,57,24,[ 1 10],58,-1,243,-1,219
1,<environment.Job instance at 0x7f3057410cd0>,59,12,[9 2],60,-1,231,-1,219
1,<environment.Job instance at 0x7f30578dcf50>,60,12,[8 2],61,-1,234,-1,222
1,<environment.Job instance at 0x7f3057c26d20>,62,13,[11  1],63,-1,241,-1,228
1,<environment.Job instance at 0x7f30572f02d0>,63,17,[14  5],64,-1,245,-1,228
1,<environment.Job instance at 0x7f3057c925a0>,64,14,[13  2],65,-1,242,-1,228
1,<environment.Job instance at 0x7f30578dc2d0>,65,16,[ 5 13],66,-1,244,-1,228
1,<environment.Job instance at 0x7f30582ff7d0>,66,28,[14  3],67,-1,256,-1,228
1,<environment.Job instance at 0x7f30580bbdc0>,68,13,[ 3 13],69,-1,257,-1,244
1,<environment.Job instance at 0x7f3057b363c0>,70,24,[5 5],71,-1,268,-1,244
1,<environment.Job instance at 0x7f305784b820>,71,18,[13  5],72,-1,262,-1,244
1,<environment.Job instance at 0x7f3056ba6af0>,73,14,[ 5 14],74,-1,261,-1,247
1,<environment.Job instance at 0x7f3056f2df50>,75,20,[9 1],76,-1,300,-1,280
1,<environment.Job instance at 0x7f3058450eb0>,80,22,[ 2 14],81,-1,317,-1,295
1,<environment.Job instance at 0x7f305776f9b0>,81,25,[9 2],82,-1,320,-1,295
1,<environment.Job instance at 0x7f30575b4f00>,84,25,[6 3],85,-1,331,-1,306
1,<environment.Job instance at 0x7f3057c59d70>,85,17,[14  3],86,-1,323,-1,306
1,<environment.Job instance at 0x7f30576b45f0>,86,16,[ 1 13],87,-1,322,-1,306
1,<environment.Job instance at 0x7f305780c0a0>,87,25,[ 4 12],88,-1,331,-1,306
1,<environment.Job instance at 0x7f30576b4f50>,88,23,[ 1 10],89,-1,329,-1,306
1,<environment.Job instance at 0x7f30579c2eb0>,90,13,[ 2 11],91,-1,320,-1,307
1,<environment.Job instance at 0x7f30579c28c0>,92,14,[14  1],93,-1,340,-1,326
1,<environment.Job instance at 0x7f30579c2870>,93,19,[ 3 11],94,-1,345,-1,326
1,<environment.Job instance at 0x7f30579c2640>,95,15,[14  4],96,-1,358,-1,343
1,<environment.Job instance at 0x7f3056c9fa50>,96,28,[4 5],97,-1,371,-1,343
1,<environment.Job instance at 0x7f30579c2820>,98,15,[11  4],99,-1,358,-1,343
1,<environment.Job instance at 0x7f30572bd690>,3,22,[ 3 13],4,-1,26,-1,4
1,<environment.Job instance at 0x7f30570cf320>,6,12,[ 4 12],7,-1,19,-1,7
1,<environment.Job instance at 0x7f30582cbdc0>,8,28,[ 4 11],9,-1,37,-1,9
1,<environment.Job instance at 0x7f3056d8a280>,11,19,[ 2 11],12,-1,31,-1,12
1,<environment.Job instance at 0x7f30582ae690>,12,12,[14  5],13,-1,25,-1,13
1,<environment.Job instance at 0x7f30582ae2d0>,13,27,[10  1],14,-1,41,-1,14
1,<environment.Job instance at 0x7f305821a320>,16,25,[11  3],17,-1,42,-1,17
1,<environment.Job instance at 0x7f3060f6cf00>,19,23,[6 5],20,-1,47,-1,24
1,<environment.Job instance at 0x7f3060f6cc30>,20,1,[13  4],21,-1,25,-1,24
1,<environment.Job instance at 0x7f30583ba190>,21,25,[13  3],22,-1,49,-1,24
1,<environment.Job instance at 0x7f30583ba500>,22,26,[ 3 13],23,-1,50,-1,24
1,<environment.Job instance at 0x7f30583bae10>,23,23,[2 7],24,-1,47,-1,24
1,<environment.Job instance at 0x7f30572be6e0>,26,20,[ 4 13],27,-1,72,-1,52
1,<environment.Job instance at 0x7f30572be460>,27,28,[6 1],28,-1,80,-1,52
1,<environment.Job instance at 0x7f3060a146e0>,32,3,[ 5 11],33,-1,115,-1,112
1,<environment.Job instance at 0x7f3060a14a50>,34,3,[8 3],35,-1,129,-1,126
1,<environment.Job instance at 0x7f3060dbefa0>,37,18,[ 3 12],38,-1,144,-1,126
1,<environment.Job instance at 0x7f3057e56640>,39,20,[14  4],40,-1,157,-1,137
1,<environment.Job instance at 0x7f305832f3c0>,41,26,[ 3 12],42,-1,174,-1,148
1,<environment.Job instance at 0x7f305832f550>,42,12,[12  1],43,-1,160,-1,148
1,<environment.Job instance at 0x7f3058293e60>,44,20,[12  4],45,-1,168,-1,148
1,<environment.Job instance at 0x7f30582a17d0>,45,1,[3 5],46,-1,149,-1,148
1,<environment.Job instance at 0x7f3058350f50>,52,26,[7 5],53,-1,224,-1,198
1,<environment.Job instance at 0x7f30582a2820>,55,2,[ 3 10],56,-1,215,-1,213
1,<environment.Job instance at 0x7f30582a2410>,56,1,[1 8],57,-1,214,-1,213
1,<environment.Job instance at 0x7f30582a24b0>,57,13,[13  5],58,-1,226,-1,213
1,<environment.Job instance at 0x7f30582a2320>,58,1,[6 5],59,-1,214,-1,213
1,<environment.Job instance at 0x7f30582a2cd0>,59,28,[5 5],60,-1,241,-1,213
1,<environment.Job instance at 0x7f30582a2af0>,60,15,[12  4],61,-1,228,-1,213
1,<environment.Job instance at 0x7f30582a2730>,61,25,[9 3],62,-1,238,-1,213
1,<environment.Job instance at 0x7f30582a2a50>,62,14,[3 7],63,-1,227,-1,213
1,<environment.Job instance at 0x7f30582a2b90>,64,12,[ 4 14],65,-1,237,-1,225
1,<environment.Job instance at 0x7f30582a2e10>,65,21,[ 4 14],66,-1,246,-1,225
1,<environment.Job instance at 0x7f30582a21e0>,66,14,[ 1 13],67,-1,239,-1,225
1,<environment.Job instance at 0x7f30582a2be0>,67,16,[12  5],68,-1,241,-1,225
1,<environment.Job instance at 0x7f30582a2370>,68,28,[4 5],69,-1,253,-1,225
1,<environment.Job instance at 0x7f30582a2050>,69,2,[5 5],70,-1,227,-1,225
1,<environment.Job instance at 0x7f3058348dc0>,71,25,[ 2 14],72,-1,250,-1,225
1,<environment.Job instance at 0x7f3058297a50>,72,1,[ 1 11],73,-1,226,-1,225
1,<environment.Job instance at 0x7f3058297af0>,73,28,[1 8],74,-1,253,-1,225
1,<environment.Job instance at 0x7f3058297e10>,78,1,[1 9],79,-1,255,-1,254
1,<environment.Job instance at 0x7f3058297a00>,79,27,[ 3 10],80,-1,281,-1,254
1,<environment.Job instance at 0x7f30571a8280>,84,28,[ 4 13],85,-1,317,-1,289
1,<environment.Job instance at 0x7f30571a8320>,85,15,[ 5 14],86,-1,304,-1,289
1,<environment.Job instance at 0x7f30571a8140>,82,22,[4 8],83,-1,342,-1,320
1,<environment.Job instance at 0x7f30571a8780>,92,17,[1 6],93,-1,342,-1,325
1,<environment.Job instance at 0x7f30571a8820>,93,14,[ 2 14],94,-1,339,-1,325
1,<environment.Job instance at 0x7fda941d3eb0>,8,15,[ 4 13],9,-1,29,-1,14
1,<environment.Job instance at 0x7fda941d3b40>,10,12,[2 8],11,-1,30,-1,18
1,<environment.Job instance at 0x7fda941d6410>,14,21,[8 1],15,-1,57,-1,36
1,<environment.Job instance at 0x7fda941d6370>,15,15,[12  2],16,-1,51,-1,36
1,<environment.Job instance at 0x7fda941d6320>,16,28,[5 1],17,-1,64,-1,36
1,<environment.Job instance at 0x7fda941d6140>,18,18,[13  1],19,-1,56,-1,38
1,<environment.Job instance at 0x7fda941d6640>,19,23,[8 4],20,-1,61,-1,38
1,<environment.Job instance at 0x7fda941d65f0>,20,17,[ 2 14],21,-1,55,-1,38
1,<environment.Job instance at 0x7fda941d6690>,21,14,[ 4 11],22,-1,52,-1,38
1,<environment.Job instance at 0x7fda941d68c0>,23,16,[12  2],24,-1,65,-1,49
1,<environment.Job instance at 0x7fda941d6960>,24,2,[4 6],25,-1,51,-1,49
1,<environment.Job instance at 0x7fda941d6a00>,25,2,[5 7],26,-1,51,-1,49
1,<environment.Job instance at 0x7fda941d6d20>,28,17,[ 1 13],29,-1,83,-1,66
1,<environment.Job instance at 0x7fda941d6dc0>,29,24,[4 7],30,-1,90,-1,66
1,<environment.Job instance at 0x7fda941d6e60>,30,26,[9 4],31,-1,92,-1,66
1,<environment.Job instance at 0x7fda941d6fa0>,32,12,[12  3],33,-1,78,-1,66
1,<environment.Job instance at 0x7fda941d6b90>,33,21,[12  3],34,-1,87,-1,66
1,<environment.Job instance at 0x7fda941d6cd0>,34,12,[3 6],35,-1,88,-1,76
1,<environment.Job instance at 0x7fda941d90a0>,36,25,[12  3],37,-1,108,-1,83
1,<environment.Job instance at 0x7fda941d9550>,38,24,[13  2],39,-1,107,-1,83
1,<environment.Job instance at 0x7fda941d90f0>,40,26,[ 1 14],41,-1,127,-1,101
1,<environment.Job instance at 0x7fda941d95f0>,41,12,[8 3],42,-1,117,-1,105
1,<environment.Job instance at 0x7fda941d9690>,42,12,[ 5 12],43,-1,117,-1,105
1,<environment.Job instance at 0x7fda941d97d0>,44,12,[9 3],45,-1,119,-1,107
1,<environment.Job instance at 0x7fda941d9870>,45,12,[ 3 14],46,-1,119,-1,107
1,<environment.Job instance at 0x7fda941d99b0>,47,14,[12  2],48,-1,127,-1,113
1,<environment.Job instance at 0x7fda941d9a50>,48,14,[ 1 11],49,-1,127,-1,113
1,<environment.Job instance at 0x7fda941d9c30>,49,13,[1 5],50,-1,126,-1,113
1,<environment.Job instance at 0x7fda941d9d20>,50,13,[ 4 12],51,-1,126,-1,113
1,<environment.Job instance at 0x7fda941d9eb0>,53,12,[ 3 14],54,-1,146,-1,134
1,<environment.Job instance at 0x7fda941d9f50>,54,3,[ 3 13],55,-1,137,-1,134
1,<environment.Job instance at 0x7fda941d9c80>,56,2,[4 7],57,-1,136,-1,134
1,<environment.Job instance at 0x7fda941dc190>,57,17,[ 2 14],58,-1,151,-1,134
1,<environment.Job instance at 0x7fda941dc230>,58,28,[10  3],59,-1,162,-1,134
1,<environment.Job instance at 0x7fda941dc2d0>,59,21,[9 1],60,-1,173,-1,152
1,<environment.Job instance at 0x7fda941dc0a0>,66,28,[3 6],67,-1,195,-1,167
1,<environment.Job instance at 0x7fda941dc960>,67,16,[1 9],68,-1,183,-1,167
1,<environment.Job instance at 0x7fda941dca50>,70,22,[ 3 10],71,-1,203,-1,181
1,<environment.Job instance at 0x7fda941dcd70>,75,28,[ 2 10],76,-1,233,-1,205
1,<environment.Job instance at 0x7fda941dcf00>,76,13,[10  1],77,-1,218,-1,205
1,<environment.Job instance at 0x7fda941dcfa0>,77,16,[8 1],78,-1,221,-1,205
1,<environment.Job instance at 0x7fda941dce60>,78,14,[6 1],79,-1,219,-1,205
1,<environment.Job instance at 0x7fda941dceb0>,79,19,[12  3],80,-1,224,-1,205
1,<environment.Job instance at 0x7fda941df320>,82,21,[4 8],83,-1,240,-1,219
1,<environment.Job instance at 0x7fda941df5a0>,83,18,[ 3 10],84,-1,237,-1,219
1,<environment.Job instance at 0x7fda941df4b0>,84,1,[5 5],85,-1,220,-1,219
1,<environment.Job instance at 0x7fda941df640>,85,15,[1 7],86,-1,234,-1,219
1,<environment.Job instance at 0x7fda941df6e0>,86,3,[6 3],87,-1,222,-1,219
1,<environment.Job instance at 0x7fda941df780>,87,18,[7 1],88,-1,248,-1,230
1,<environment.Job instance at 0x7fda941df8c0>,89,17,[ 5 14],90,-1,247,-1,230
1,<environment.Job instance at 0x7fda941df960>,90,22,[9 2],91,-1,252,-1,230
1,<environment.Job instance at 0x7fda941dfa00>,91,15,[9 1],92,-1,245,-1,230
1,<environment.Job instance at 0x7fda941dfaa0>,92,23,[9 1],93,-1,253,-1,230
1,<environment.Job instance at 0x7fda941dfb40>,93,25,[ 1 13],94,-1,255,-1,230
1,<environment.Job instance at 0x7fda941dfbe0>,94,21,[14  5],95,-1,251,-1,230
1,<environment.Job instance at 0x7fda941dfe60>,98,16,[2 9],99,-1,268,-1,252
1,<environment.Job instance at 0x7fda941dff00>,99,2,[13  5],100,-1,254,-1,252
1,<environment.Job instance at 0x7fda941dffa0>,100,28,[5 9],101,-1,280,-1,252
1,<environment.Job instance at 0x7fda941e11e0>,101,15,[ 2 13],102,-1,267,-1,252
1,<environment.Job instance at 0x7fda941df0f0>,102,13,[11  4],103,-1,265,-1,252
1,<environment.Job instance at 0x7fda941e1050>,103,16,[1 9],104,-1,268,-1,252
1,<environment.Job instance at 0x7fda941e1140>,104,1,[ 1 10],105,-1,253,-1,252
1,<environment.Job instance at 0x7fda941e14b0>,106,22,[ 4 14],107,-1,274,-1,252
1,<environment.Job instance at 0x7fda941d3e10>,7,26,[9 3],8,-1,329,-1,303
1,<environment.Job instance at 0x7fda941d3c80>,9,23,[13  1],10,-1,764,-1,741
1,<environment.Job instance at 0x7fda93961550>,5,2,[1 6],6,-1,8,-1,6
1,<environment.Job instance at 0x7fda938f8460>,7,22,[10  3],8,-1,125,-1,103
1,<environment.Job instance at 0x7fda9391a7d0>,28,24,[6 5],29,-1,139,-1,115
1,<environment.Job instance at 0x7fda9391af50>,30,1,[ 3 11],31,-1,117,-1,116
1,<environment.Job instance at 0x7fda9391af00>,32,15,[ 2 13],33,-1,145,-1,130
1,<environment.Job instance at 0x7fda93910050>,33,26,[7 2],34,-1,156,-1,130
1,<environment.Job instance at 0x7fda939105f0>,34,20,[13  4],35,-1,150,-1,130
1,<environment.Job instance at 0x7fda939105a0>,35,3,[9 2],36,-1,133,-1,130
1,<environment.Job instance at 0x7fda93910eb0>,37,2,[3 8],38,-1,132,-1,130
1,<environment.Job instance at 0x7fda93910730>,38,3,[4 8],39,-1,133,-1,130
1,<environment.Job instance at 0x7fda9391c050>,42,26,[6 4],43,-1,179,-1,153
1,<environment.Job instance at 0x7fda937ee7d0>,45,25,[ 3 13],46,-1,204,-1,179
1,<environment.Job instance at 0x7fda938c03c0>,47,25,[ 2 11],48,-1,204,-1,179
1,<environment.Job instance at 0x7fda938c0640>,48,1,[14  3],49,-1,180,-1,179
1,<environment.Job instance at 0x7fda938c0b90>,49,2,[ 1 10],50,-1,181,-1,179
1,<environment.Job instance at 0x7fda938589b0>,52,22,[ 2 11],53,-1,213,-1,191
1,<environment.Job instance at 0x7fda940dcbe0>,53,2,[13  5],54,-1,193,-1,191
1,<environment.Job instance at 0x7fda93858e60>,55,13,[ 5 14],56,-1,224,-1,211
1,<environment.Job instance at 0x7fda93862e10>,61,25,[14  5],62,-1,263,-1,238
1,<environment.Job instance at 0x7fda9d90ccd0>,62,24,[3 7],63,-1,262,-1,238
1,<environment.Job instance at 0x7fdaa3a645a0>,67,2,[5 7],68,-1,270,-1,268
1,<environment.Job instance at 0x7fda93910690>,68,17,[12  2],69,-1,285,-1,268
1,<environment.Job instance at 0x7fda940c4d70>,70,18,[12  2],71,-1,300,-1,282
1,<environment.Job instance at 0x7fda9381e4b0>,71,27,[8 3],72,-1,309,-1,282
1,<environment.Job instance at 0x7fda938e9730>,73,19,[12  2],74,-1,308,-1,289
1,<environment.Job instance at 0x7fda93804e60>,80,3,[9 5],81,-1,370,-1,367
1,<environment.Job instance at 0x7fda937d2fa0>,81,15,[ 2 14],82,-1,382,-1,367
1,<environment.Job instance at 0x7fda937d2280>,83,26,[3 9],84,-1,394,-1,368
1,<environment.Job instance at 0x7fda937d22d0>,84,15,[13  1],85,-1,383,-1,368
1,<environment.Job instance at 0x7fda9391a500>,97,15,[11  5],98,-1,481,-1,466
1,<environment.Job instance at 0x7fda9391ab90>,98,12,[14  4],99,-1,478,-1,466
1,<environment.Job instance at 0x7fda93769e10>,101,12,[ 4 14],102,-1,495,-1,483
1,<environment.Job instance at 0x7fda937692d0>,102,16,[ 5 12],103,-1,499,-1,483
1,<environment.Job instance at 0x7fda93769a50>,104,16,[ 1 14],105,-1,504,-1,488
1,<environment.Job instance at 0x7fda93769af0>,105,18,[ 1 14],106,-1,506,-1,488
1,<environment.Job instance at 0x7fda93769c80>,108,25,[4 8],109,-1,533,-1,508
1,<environment.Job instance at 0x7fda93780af0>,1,18,[11  1],2,-1,20,-1,2
1,<environment.Job instance at 0x7fda937990a0>,14,12,[13  1],15,-1,82,-1,70
1,<environment.Job instance at 0x7fda937993c0>,15,13,[ 1 12],16,-1,83,-1,70
1,<environment.Job instance at 0x7fda93799cd0>,18,13,[ 5 11],19,-1,100,-1,87
1,<environment.Job instance at 0x7fda93799230>,23,27,[6 1],24,-1,135,-1,108
1,<environment.Job instance at 0x7fda937995f0>,24,27,[ 4 13],25,-1,135,-1,108
1,<environment.Job instance at 0x7fda93790be0>,26,27,[11  1],27,-1,141,-1,114
1,<environment.Job instance at 0x7fda93799370>,27,24,[6 2],28,-1,138,-1,114
1,<environment.Job instance at 0x7fda93790d70>,30,23,[1 8],31,-1,156,-1,133
1,<environment.Job instance at 0x7fda93790230>,31,27,[5 6],32,-1,160,-1,133
1,<environment.Job instance at 0x7fda93790b40>,33,18,[ 1 11],34,-1,152,-1,134
1,<environment.Job instance at 0x7fda93790500>,34,26,[ 2 13],35,-1,160,-1,134
1,<environment.Job instance at 0x7fda937909b0>,35,28,[14  4],36,-1,162,-1,134
1,<environment.Job instance at 0x7fda937900f0>,36,1,[3 9],37,-1,135,-1,134
1,<environment.Job instance at 0x7fda93790e60>,37,20,[ 4 11],38,-1,154,-1,134
1,<environment.Job instance at 0x7fda93790690>,40,27,[1 5],41,-1,189,-1,162
1,<environment.Job instance at 0x7fda93790370>,41,26,[5 3],42,-1,188,-1,162
1,<environment.Job instance at 0x7fda93790af0>,43,18,[ 1 10],44,-1,180,-1,162
1,<environment.Job instance at 0x7fda937908c0>,44,15,[14  2],45,-1,177,-1,162
1,<environment.Job instance at 0x7fda93790780>,45,22,[3 7],46,-1,185,-1,163
1,<environment.Job instance at 0x7fda93765280>,49,28,[ 2 10],50,-1,216,-1,188
1,<environment.Job instance at 0x7fda93765aa0>,50,2,[13  1],51,-1,190,-1,188
1,<environment.Job instance at 0x7fda93765c30>,56,20,[11  2],57,-1,243,-1,223
1,<environment.Job instance at 0x7fda937653c0>,57,26,[2 8],58,-1,249,-1,223
1,<environment.Job instance at 0x7fda937655a0>,59,20,[ 4 10],60,-1,255,-1,235
1,<environment.Job instance at 0x7fda937655f0>,61,2,[7 3],62,-1,240,-1,238
1,<environment.Job instance at 0x7fda937650f0>,63,2,[5 7],64,-1,256,-1,254
1,<environment.Job instance at 0x7fda93765d70>,64,2,[8 1],65,-1,256,-1,254
1,<environment.Job instance at 0x7fda93765690>,65,27,[9 5],66,-1,281,-1,254
1,<environment.Job instance at 0x7fda937656e0>,67,14,[12  2],68,-1,268,-1,254
1,<environment.Job instance at 0x7fda937650a0>,68,2,[ 4 11],69,-1,256,-1,254
1,<environment.Job instance at 0x7fda93765b40>,69,3,[9 4],70,-1,257,-1,254
1,<environment.Job instance at 0x7fda937e40a0>,70,2,[2 9],71,-1,256,-1,254
1,<environment.Job instance at 0x7fda937e4730>,73,27,[2 7],74,-1,293,-1,266
1,<environment.Job instance at 0x7fda937e4640>,75,27,[1 5],76,-1,306,-1,279
1,<environment.Job instance at 0x7fda937e4e10>,77,15,[14  2],78,-1,294,-1,279
1,<environment.Job instance at 0x7fda937e4af0>,78,2,[8 3],79,-1,281,-1,279
1,<environment.Job instance at 0x7fda937e4050>,82,17,[13  5],83,-1,318,-1,301
1,<environment.Job instance at 0x7fda937e40f0>,83,13,[ 5 14],84,-1,314,-1,301
1,<environment.Job instance at 0x7fda937e4fa0>,84,3,[4 5],85,-1,304,-1,301
1,<environment.Job instance at 0x7fda937e9a00>,89,21,[8 2],90,-1,351,-1,330
1,<environment.Job instance at 0x7fda937e9dc0>,91,18,[ 1 11],92,-1,355,-1,337
1,<environment.Job instance at 0x7fda937e9550>,94,25,[5 6],95,-1,378,-1,353
1,<environment.Job instance at 0x7fda937e95a0>,96,14,[11  4],97,-1,387,-1,373
1,<environment.Job instance at 0x7fda937e94b0>,99,28,[11  2],100,-1,415,-1,387
1,<environment.Job instance at 0x7fda938dd640>,103,27,[ 4 13],104,-1,451,-1,424
1,<environment.Job instance at 0x7fda938ddcd0>,104,28,[1 8],105,-1,452,-1,424
1,<environment.Job instance at 0x7fda938dde10>,105,12,[13  4],106,-1,436,-1,424
1,<environment.Job instance at 0x7fda938dd9b0>,106,12,[ 5 12],107,-1,436,-1,424
1,<environment.Job instance at 0x7fda938dd3c0>,107,28,[7 4],108,-1,452,-1,424
1,<environment.Job instance at 0x7fda938dd5a0>,108,27,[4 6],109,-1,451,-1,424
1,<environment.Job instance at 0x7fda93790a00>,2,27,[12  5],3,-1,30,-1,3
1,<environment.Job instance at 0x7fda9d7e9d70>,9,23,[5 8],10,-1,34,-1,11
1,<environment.Job instance at 0x7fda9d7e9640>,15,13,[12  1],16,-1,31,-1,18
1,<environment.Job instance at 0x7fda9d7e90f0>,16,12,[14  3],17,-1,30,-1,18
1,<environment.Job instance at 0x7fda9d7e9320>,17,1,[ 4 11],18,-1,19,-1,18
1,<environment.Job instance at 0x7fda9d7e9730>,20,1,[ 4 10],21,-1,36,-1,35
1,<environment.Job instance at 0x7fda9d7e98c0>,21,25,[7 5],22,-1,60,-1,35
1,<environment.Job instance at 0x7fda9d7e9460>,22,16,[5 2],23,-1,52,-1,36
1,<environment.Job instance at 0x7fda9377e3c0>,24,25,[2 8],25,-1,73,-1,48
1,<environment.Job instance at 0x7fda9377e140>,27,28,[8 2],28,-1,76,-1,48
1,<environment.Job instance at 0x7fda9377e230>,28,26,[8 3],29,-1,74,-1,48
1,<environment.Job instance at 0x7fda9377e820>,30,27,[ 3 11],31,-1,92,-1,65
1,<environment.Job instance at 0x7fda9377eaf0>,31,15,[ 3 13],32,-1,80,-1,65
1,<environment.Job instance at 0x7fda9377e4b0>,32,21,[ 5 10],33,-1,86,-1,65
1,<environment.Job instance at 0x7fda9377e9b0>,33,3,[ 5 10],34,-1,68,-1,65
1,<environment.Job instance at 0x7fda9377efa0>,36,2,[5 3],37,-1,82,-1,80
1,<environment.Job instance at 0x7fda93c0b190>,38,18,[ 5 14],39,-1,98,-1,80
1,<environment.Job instance at 0x7fda93c0b140>,40,19,[ 2 11],41,-1,109,-1,90
1,<environment.Job instance at 0x7fda93c0b410>,43,20,[7 1],44,-1,114,-1,94
1,<environment.Job instance at 0x7fda93d243c0>,44,25,[4 9],45,-1,119,-1,94
1,<environment.Job instance at 0x7fda93d24a00>,45,26,[6 1],46,-1,120,-1,94
1,<environment.Job instance at 0x7fda93d24c30>,46,28,[5 9],47,-1,122,-1,94
1,<environment.Job instance at 0x7fda93d24500>,47,24,[4 8],48,-1,118,-1,94
1,<environment.Job instance at 0x7fda93d24550>,49,1,[10  5],50,-1,111,-1,110
1,<environment.Job instance at 0x7fda93d246e0>,50,2,[ 2 12],51,-1,112,-1,110
1,<environment.Job instance at 0x7fda93d24d20>,51,13,[ 5 10],52,-1,123,-1,110
1,<environment.Job instance at 0x7fda9d7be550>,52,24,[7 4],53,-1,134,-1,110
1,<environment.Job instance at 0x7fda93e45410>,56,15,[1 9],57,-1,144,-1,129
1,<environment.Job instance at 0x7fda93e452d0>,57,13,[1 7],58,-1,142,-1,129
1,<environment.Job instance at 0x7fda93e45500>,58,19,[12  4],59,-1,148,-1,129
1,<environment.Job instance at 0x7fda93e45780>,59,14,[ 5 12],60,-1,143,-1,129
1,<environment.Job instance at 0x7fda93e453c0>,61,25,[8 3],62,-1,172,-1,147
1,<environment.Job instance at 0x7fda93e45dc0>,62,16,[ 2 11],63,-1,163,-1,147
1,<environment.Job instance at 0x7fda93e45a00>,63,28,[ 3 11],64,-1,175,-1,147
1,<environment.Job instance at 0x7fda93e455a0>,65,24,[2 7],66,-1,186,-1,162
1,<environment.Job instance at 0x7fda93e45e60>,66,16,[14  5],67,-1,178,-1,162
1,<environment.Job instance at 0x7fda93e450f0>,68,27,[14  3],69,-1,189,-1,162
1,<environment.Job instance at 0x7fda93e458c0>,69,18,[ 1 14],70,-1,180,-1,162
1,<environment.Job instance at 0x7fda93e45230>,71,15,[11  2],72,-1,178,-1,163
1,<environment.Job instance at 0x7fda93e45b90>,72,13,[ 1 12],73,-1,176,-1,163
1,<environment.Job instance at 0x7fda93e45460>,75,16,[ 4 11],76,-1,192,-1,176
1,<environment.Job instance at 0x7fda94137b40>,76,17,[13  3],77,-1,193,-1,176
1,<environment.Job instance at 0x7fda94137410>,77,22,[ 3 11],78,-1,198,-1,176
1,<environment.Job instance at 0x7fda93c700a0>,79,13,[ 5 12],80,-1,209,-1,196
1,<environment.Job instance at 0x7fda93c70dc0>,80,1,[ 5 11],81,-1,197,-1,196
1,<environment.Job instance at 0x7fda93c70460>,81,1,[12  4],82,-1,197,-1,196
1,<environment.Job instance at 0x7fda93c70cd0>,83,23,[9 4],84,-1,219,-1,196
1,<environment.Job instance at 0x7fda93c70d20>,84,13,[ 3 14],85,-1,209,-1,196
1,<environment.Job instance at 0x7fda93c70780>,85,24,[ 4 14],86,-1,220,-1,196
1,<environment.Job instance at 0x7fda93c70820>,87,24,[7 3],88,-1,230,-1,206
1,<environment.Job instance at 0x7fda9d83f870>,88,27,[9 5],89,-1,233,-1,206
1,<environment.Job instance at 0x7fda93cb0c80>,90,14,[ 3 13],91,-1,232,-1,218
1,<environment.Job instance at 0x7fda93cb0b40>,91,26,[6 2],92,-1,244,-1,218
1,<environment.Job instance at 0x7fda93cb0a00>,93,23,[12  5],94,-1,245,-1,222
1,<environment.Job instance at 0x7fda93cb00f0>,94,13,[ 4 14],95,-1,235,-1,222
1,<environment.Job instance at 0x7fda93cb0870>,95,19,[13  2],96,-1,241,-1,222
1,<environment.Job instance at 0x7fda93cb07d0>,96,21,[6 5],97,-1,243,-1,222
1,<environment.Job instance at 0x7fda93cb04b0>,97,20,[2 7],98,-1,242,-1,222
1,<environment.Job instance at 0x7fda93cb0730>,101,18,[ 2 13],102,-1,274,-1,256
1,<environment.Job instance at 0x7fda9d92e870>,106,17,[12  4],107,-1,323,-1,306
1,<environment.Job instance at 0x7fda9d92e280>,107,25,[6 4],108,-1,331,-1,306
1,<environment.Job instance at 0x7fda9d7e9e60>,12,21,[ 4 14],13,-1,7750,-1,7729
1,<environment.Job instance at 0x7fda93ea7b40>,5,28,[ 5 10],6,-1,34,-1,6
1,<environment.Job instance at 0x7fda93ea79b0>,7,13,[ 5 11],8,-1,21,-1,8
1,<environment.Job instance at 0x7fda93ea7960>,9,19,[ 4 14],10,-1,29,-1,10
1,<environment.Job instance at 0x7fda93ebd640>,18,2,[7 2],19,-1,60,-1,58
1,<environment.Job instance at 0x7fda93ebdfa0>,19,2,[ 4 11],20,-1,60,-1,58
1,<environment.Job instance at 0x7fda93ebdb40>,21,3,[2 8],22,-1,67,-1,64
1,<environment.Job instance at 0x7fda93ebcdc0>,23,12,[12  2],24,-1,83,-1,71
1,<environment.Job instance at 0x7fda93ebc460>,24,12,[14  2],25,-1,83,-1,71
1,<environment.Job instance at 0x7fda94636190>,26,13,[14  5],27,-1,92,-1,79
1,<environment.Job instance at 0x7fda94624f50>,27,25,[7 3],28,-1,104,-1,79
1,<environment.Job instance at 0x7fda93ebc2d0>,28,16,[ 1 14],29,-1,95,-1,79
1,<environment.Job instance at 0x7fda93edabe0>,30,12,[ 2 13],31,-1,97,-1,85
1,<environment.Job instance at 0x7fda93c332d0>,37,24,[10  3],38,-1,184,-1,160
1,<environment.Job instance at 0x7fda94884be0>,38,18,[11  2],39,-1,178,-1,160
1,<environment.Job instance at 0x7fda93c53640>,40,14,[ 5 13],41,-1,174,-1,160
1,<environment.Job instance at 0x7fda93c532d0>,41,24,[14  5],42,-1,184,-1,160
1,<environment.Job instance at 0x7fda93c46cd0>,42,12,[ 4 11],43,-1,172,-1,160
1,<environment.Job instance at 0x7fda93c59280>,44,14,[ 1 13],45,-1,182,-1,168
1,<environment.Job instance at 0x7fda94864d20>,46,25,[5 3],47,-1,201,-1,176
1,<environment.Job instance at 0x7fda94ced5a0>,50,14,[13  1],51,-1,209,-1,195
1,<environment.Job instance at 0x7fda93c61eb0>,51,27,[ 4 14],52,-1,222,-1,195
1,<environment.Job instance at 0x7fda93c490f0>,55,28,[13  5],56,-1,251,-1,223
1,<environment.Job instance at 0x7fda93c49af0>,61,25,[5 5],62,-1,286,-1,261
1,<environment.Job instance at 0x7fda93c498c0>,62,26,[12  3],63,-1,287,-1,261
1,<environment.Job instance at 0x7fda93c49a50>,63,2,[14  4],64,-1,263,-1,261
1,<environment.Job instance at 0x7fda93c49be0>,65,24,[ 5 13],66,-1,295,-1,271
1,<environment.Job instance at 0x7fda93c49dc0>,66,25,[7 5],67,-1,296,-1,271
1,<environment.Job instance at 0x7fda93c49f50>,68,3,[ 5 13],69,-1,283,-1,280
1,<environment.Job instance at 0x7fda93c49b40>,69,18,[ 1 14],70,-1,298,-1,280
1,<environment.Job instance at 0x7fda93c36140>,70,19,[14  4],71,-1,299,-1,280
1,<environment.Job instance at 0x7fda94cdeaf0>,71,14,[14  2],72,-1,294,-1,280
1,<environment.Job instance at 0x7fda94cdeeb0>,77,14,[11  1],78,-1,325,-1,311
1,<environment.Job instance at 0x7fda94cdef50>,78,22,[ 3 11],79,-1,333,-1,311
1,<environment.Job instance at 0x7fda94cdee60>,79,16,[12  3],80,-1,327,-1,311
1,<environment.Job instance at 0x7fda93eb0190>,81,14,[14  1],82,-1,335,-1,321
1,<environment.Job instance at 0x7fda93eb0230>,82,16,[12  4],83,-1,337,-1,321
1,<environment.Job instance at 0x7fda93eb0050>,85,17,[ 4 13],86,-1,359,-1,342
1,<environment.Job instance at 0x7fda93eb05f0>,88,27,[13  4],89,-1,383,-1,356
1,<environment.Job instance at 0x7fda93eb06e0>,89,17,[13  4],90,-1,373,-1,356
1,<environment.Job instance at 0x7fda93eb00a0>,90,13,[14  2],91,-1,369,-1,356
1,<environment.Job instance at 0x7fda93eb0690>,92,24,[10  1],93,-1,380,-1,356
1,<environment.Job instance at 0x7fda93eb0c80>,98,1,[11  3],99,-1,389,-1,388
1,<environment.Job instance at 0x7fda93eb0d20>,99,25,[2 7],100,-1,413,-1,388
1,<environment.Job instance at 0x7fda94854e10>,5,27,[11  2],6,-1,33,-1,6
1,<environment.Job instance at 0x7fda93ea7e60>,7,14,[ 3 10],8,-1,26,-1,12
1,<environment.Job instance at 0x7fda94854eb0>,12,27,[10  1],13,-1,49,-1,22
1,<environment.Job instance at 0x7fda94854370>,14,13,[ 5 11],15,-1,51,-1,38
1,<environment.Job instance at 0x7fda93fd9410>,15,27,[12  2],16,-1,65,-1,38
1,<environment.Job instance at 0x7fda93fd9230>,16,13,[10  1],17,-1,51,-1,38
1,<environment.Job instance at 0x7fda93fd94b0>,18,24,[1 9],19,-1,64,-1,40
1,<environment.Job instance at 0x7fda93fd9eb0>,21,27,[ 1 14],22,-1,79,-1,52
1,<environment.Job instance at 0x7fda93fd9870>,22,12,[12  1],23,-1,64,-1,52
1,<environment.Job instance at 0x7fda93fd93c0>,23,2,[3 7],24,-1,54,-1,52
1,<environment.Job instance at 0x7fda93fd9a00>,25,23,[3 6],26,-1,92,-1,69
1,<environment.Job instance at 0x7fda93fd9cd0>,27,27,[7 1],28,-1,96,-1,69
1,<environment.Job instance at 0x7fda93fd9c80>,28,26,[ 3 10],29,-1,95,-1,69
1,<environment.Job instance at 0x7fda93fd91e0>,29,15,[ 3 10],30,-1,85,-1,70
1,<environment.Job instance at 0x7fda93fd9f50>,30,2,[10  3],31,-1,72,-1,70
1,<environment.Job instance at 0x7fda93fd9730>,32,14,[14  2],33,-1,85,-1,71
1,<environment.Job instance at 0x7fda93fd9050>,33,26,[7 3],34,-1,97,-1,71
1,<environment.Job instance at 0x7fda93fd90a0>,34,24,[8 2],35,-1,95,-1,71
1,<environment.Job instance at 0x7fda9461b640>,36,12,[11  1],37,-1,97,-1,85
1,<environment.Job instance at 0x7fda9461baa0>,37,17,[11  3],38,-1,103,-1,86
1,<environment.Job instance at 0x7fda9461baf0>,38,16,[12  1],39,-1,102,-1,86
1,<environment.Job instance at 0x7fda9461b320>,39,15,[ 4 13],40,-1,101,-1,86
1,<environment.Job instance at 0x7fda9461bf50>,40,28,[13  1],41,-1,114,-1,86
1,<environment.Job instance at 0x7fda9461b190>,41,24,[4 7],42,-1,110,-1,86
1,<environment.Job instance at 0x7fda9461ba50>,43,26,[7 3],44,-1,112,-1,86
1,<environment.Job instance at 0x7fda9461b7d0>,47,13,[10  2],48,-1,136,-1,123
1,<environment.Job instance at 0x7fda9461b5f0>,49,24,[2 6],50,-1,147,-1,123
1,<environment.Job instance at 0x7fda9461b8c0>,50,13,[ 5 12],51,-1,136,-1,123
1,<environment.Job instance at 0x7fda93b39190>,51,20,[ 2 11],52,-1,143,-1,123
1,<environment.Job instance at 0x7fda93b39320>,54,14,[ 1 10],55,-1,160,-1,146
1,<environment.Job instance at 0x7fda93b393c0>,55,25,[3 7],56,-1,171,-1,146
1,<environment.Job instance at 0x7fda93b39730>,57,15,[ 4 10],58,-1,161,-1,146
1,<environment.Job instance at 0x7fda93b395f0>,58,25,[5 8],59,-1,171,-1,146
1,<environment.Job instance at 0x7fda93fc2190>,60,16,[ 1 13],61,-1,164,-1,148
1,<environment.Job instance at 0x7fda93fc2690>,61,28,[2 7],62,-1,176,-1,148
1,<environment.Job instance at 0x7fda93fc22d0>,63,25,[3 9],64,-1,176,-1,151
1,<environment.Job instance at 0x7fda93fc2140>,66,23,[2 8],67,-1,185,-1,162
1,<environment.Job instance at 0x7fda93fc2d70>,67,3,[1 9],68,-1,165,-1,162
1,<environment.Job instance at 0x7fda93fc23c0>,69,27,[5 7],70,-1,192,-1,165
1,<environment.Job instance at 0x7fda93fc2410>,70,15,[14  1],71,-1,180,-1,165
1,<environment.Job instance at 0x7fda93fc2820>,71,24,[13  2],72,-1,189,-1,165
1,<environment.Job instance at 0x7fda9486c0f0>,75,15,[11  4],76,-1,222,-1,207
1,<environment.Job instance at 0x7fda9486cf50>,78,14,[ 4 13],79,-1,222,-1,208
1,<environment.Job instance at 0x7fda9486c190>,79,3,[9 5],80,-1,211,-1,208
1,<environment.Job instance at 0x7fda9486cbe0>,80,3,[1 8],81,-1,211,-1,208
1,<environment.Job instance at 0x7fda9486c910>,81,28,[9 2],82,-1,236,-1,208
1,<environment.Job instance at 0x7fda9486caa0>,82,15,[12  2],83,-1,223,-1,208
1,<environment.Job instance at 0x7fda9486c6e0>,83,2,[10  2],84,-1,210,-1,208
1,<environment.Job instance at 0x7fda9486caf0>,85,13,[12  4],86,-1,235,-1,222
1,<environment.Job instance at 0x7fda9486c0a0>,88,26,[11  5],89,-1,260,-1,234
1,<environment.Job instance at 0x7fda9486cc80>,89,28,[4 9],90,-1,262,-1,234
1,<environment.Job instance at 0x7fda9486c730>,91,1,[1 5],92,-1,235,-1,234
1,<environment.Job instance at 0x7fda9486c5a0>,95,14,[11  4],96,-1,276,-1,262
1,<environment.Job instance at 0x7fda9486c3c0>,96,14,[14  5],97,-1,276,-1,262
1,<environment.Job instance at 0x7fda94849fa0>,98,18,[ 4 11],99,-1,284,-1,266
1,<environment.Job instance at 0x7fda94849320>,99,18,[ 3 12],100,-1,284,-1,266
1,<environment.Job instance at 0x7fda94849a00>,101,24,[13  4],102,-1,297,-1,273
1,<environment.Job instance at 0x7fda94849c30>,102,19,[ 2 13],103,-1,292,-1,273
1,<environment.Job instance at 0x7fda94849aa0>,105,24,[12  4],106,-1,311,-1,287
1,<environment.Job instance at 0x7fda93facdc0>,5,26,[9 4],6,-1,33,-1,7
1,<environment.Job instance at 0x7fda9487a9b0>,7,25,[6 2],8,-1,35,-1,10
1,<environment.Job instance at 0x7fda948818c0>,14,22,[ 4 13],15,-1,48,-1,26
1,<environment.Job instance at 0x7fda9486ea50>,16,21,[4 8],17,-1,68,-1,47
1,<environment.Job instance at 0x7fda93b39d70>,17,23,[3 9],18,-1,70,-1,47
1,<environment.Job instance at 0x7fda9486d640>,18,13,[10  5],19,-1,60,-1,47
1,<environment.Job instance at 0x7fda9486d320>,19,2,[10  4],20,-1,49,-1,47
1,<environment.Job instance at 0x7fda9486d280>,20,13,[ 2 11],21,-1,60,-1,47
1,<environment.Job instance at 0x7fda9486d0a0>,22,28,[9 2],23,-1,75,-1,47
1,<environment.Job instance at 0x7fda9486db40>,29,24,[ 1 11],30,-1,110,-1,86
1,<environment.Job instance at 0x7fda94bfbd20>,30,14,[8 3],31,-1,115,-1,101
1,<environment.Job instance at 0x7fda94607d70>,32,18,[ 3 14],33,-1,119,-1,101
1,<environment.Job instance at 0x7fda94bfb500>,33,2,[3 6],34,-1,103,-1,101
1,<environment.Job instance at 0x7fda94bd13c0>,34,13,[6 4],35,-1,114,-1,101
1,<environment.Job instance at 0x7fda94400c30>,35,28,[10  4],36,-1,129,-1,101
1,<environment.Job instance at 0x7fda94bd1500>,36,16,[ 4 10],37,-1,117,-1,101
1,<environment.Job instance at 0x7fda9440eeb0>,41,1,[5 9],42,-1,135,-1,134
1,<environment.Job instance at 0x7fda941ff0a0>,43,1,[ 2 11],44,-1,146,-1,145
1,<environment.Job instance at 0x7fda946396e0>,44,26,[6 3],45,-1,171,-1,145
1,<environment.Job instance at 0x7fda94639190>,46,15,[4 8],47,-1,177,-1,162
1,<environment.Job instance at 0x7fda942215a0>,47,21,[8 3],48,-1,227,-1,206
1,<environment.Job instance at 0x7fda94217eb0>,55,18,[14  1],56,-1,224,-1,206
1,<environment.Job instance at 0x7fda94217aa0>,56,24,[14  1],57,-1,230,-1,206
1,<environment.Job instance at 0x7fda942305a0>,57,12,[6 3],58,-1,218,-1,206
1,<environment.Job instance at 0x7fda94230e60>,58,25,[9 2],59,-1,231,-1,206
1,<environment.Job instance at 0x7fda94bd2e10>,59,18,[ 1 12],60,-1,224,-1,206
1,<environment.Job instance at 0x7fda941fe2d0>,60,19,[4 9],61,-1,226,-1,207
1,<environment.Job instance at 0x7fda941fe320>,61,13,[8 1],62,-1,220,-1,207
1,<environment.Job instance at 0x7fda941fea00>,62,12,[10  1],63,-1,219,-1,207
1,<environment.Job instance at 0x7fda941fe820>,64,20,[ 3 12],65,-1,230,-1,210
1,<environment.Job instance at 0x7fda941fe0f0>,65,19,[10  1],66,-1,230,-1,211
1,<environment.Job instance at 0x7fda941fea50>,67,3,[13  1],68,-1,215,-1,212
1,<environment.Job instance at 0x7fda941febe0>,68,14,[9 2],69,-1,226,-1,212
1,<environment.Job instance at 0x7fda941fe140>,69,19,[13  1],70,-1,231,-1,212
1,<environment.Job instance at 0x7fda941fe370>,70,16,[9 1],71,-1,229,-1,213
1,<environment.Job instance at 0x7fda941feaf0>,71,28,[4 5],72,-1,241,-1,213
1,<environment.Job instance at 0x7fda940fd0f0>,73,17,[13  5],74,-1,233,-1,216
1,<environment.Job instance at 0x7fda940fd820>,74,26,[12  1],75,-1,242,-1,216
1,<environment.Job instance at 0x7fda940fd8c0>,75,16,[5 2],76,-1,232,-1,216
1,<environment.Job instance at 0x7fda940fd960>,76,12,[6 4],77,-1,228,-1,216
1,<environment.Job instance at 0x7fda940fda00>,77,17,[2 6],78,-1,233,-1,216
1,<environment.Job instance at 0x7fda940fdb40>,79,26,[7 1],80,-1,253,-1,227
1,<environment.Job instance at 0x7fda940fdbe0>,80,22,[8 3],81,-1,249,-1,227
1,<environment.Job instance at 0x7fda940fdc80>,81,15,[5 5],82,-1,242,-1,227
1,<environment.Job instance at 0x7fda940fdd20>,82,17,[8 2],83,-1,244,-1,227
1,<environment.Job instance at 0x7fda940fddc0>,83,18,[ 2 12],84,-1,245,-1,227
1,<environment.Job instance at 0x7fda940fde60>,84,21,[6 2],85,-1,248,-1,227
1,<environment.Job instance at 0x7fda940fdfa0>,85,18,[14  5],86,-1,245,-1,227
1,<environment.Job instance at 0x7fda940fdf50>,86,27,[9 5],87,-1,254,-1,227
1,<environment.Job instance at 0x7fda941100f0>,87,14,[ 3 12],88,-1,241,-1,227
1,<environment.Job instance at 0x7fda94110320>,88,18,[1 9],89,-1,245,-1,227
1,<environment.Job instance at 0x7fda94110370>,89,23,[5 9],90,-1,250,-1,227
1,<environment.Job instance at 0x7fda94110460>,90,16,[ 5 13],91,-1,243,-1,227
1,<environment.Job instance at 0x7fda94110500>,91,22,[ 2 14],92,-1,249,-1,227
1,<environment.Job instance at 0x7fda941105a0>,92,17,[7 4],93,-1,246,-1,229
1,<environment.Job instance at 0x7fda94110640>,93,1,[6 2],94,-1,230,-1,229
1,<environment.Job instance at 0x7fda941106e0>,94,24,[12  4],95,-1,253,-1,229
1,<environment.Job instance at 0x7fda94110780>,95,17,[ 1 10],96,-1,246,-1,229
1,<environment.Job instance at 0x7fda941107d0>,96,19,[6 2],97,-1,251,-1,232
1,<environment.Job instance at 0x7fda941108c0>,97,14,[9 2],98,-1,246,-1,232
1,<environment.Job instance at 0x7fda94110960>,98,14,[2 7],99,-1,246,-1,232
1,<environment.Job instance at 0x7fda94110aa0>,100,14,[10  1],101,-1,246,-1,232
1,<environment.Job instance at 0x7fda94110a50>,101,16,[6 2],102,-1,253,-1,237
1,<environment.Job instance at 0x7fda94110690>,102,25,[10  1],103,-1,262,-1,237
1,<environment.Job instance at 0x7fda94110be0>,103,13,[ 5 11],104,-1,250,-1,237
1,<environment.Job instance at 0x7fda941109b0>,104,12,[ 3 14],105,-1,249,-1,237
1,<environment.Job instance at 0x7fda94110cd0>,105,14,[2 9],106,-1,253,-1,239
1,<environment.Job instance at 0x7fda94110d70>,106,13,[ 2 13],107,-1,252,-1,239
1,<environment.Job instance at 0x7fda94110e10>,107,14,[13  2],108,-1,253,-1,239
1,<environment.Job instance at 0x7fda94110fa0>,108,18,[11  2],109,-1,257,-1,239
1,<environment.Job instance at 0x7fda946241e0>,6,16,[ 2 13],7,-1,23,-1,7
1,<environment.Job instance at 0x7fda94c64f50>,20,21,[5 5],21,-1,120,-1,99
1,<environment.Job instance at 0x7fda94c64b40>,24,25,[ 5 14],25,-1,124,-1,99
1,<environment.Job instance at 0x7fda94c644b0>,25,27,[5 5],26,-1,126,-1,99
1,<environment.Job instance at 0x7fda94c64b90>,26,17,[ 5 13],27,-1,116,-1,99
1,<environment.Job instance at 0x7fda94c648c0>,27,14,[6 2],28,-1,113,-1,99
1,<environment.Job instance at 0x7fda94c642d0>,28,17,[ 4 11],29,-1,116,-1,99
1,<environment.Job instance at 0x7fda94c64eb0>,29,14,[14  5],30,-1,113,-1,99
1,<environment.Job instance at 0x7fda94c646e0>,30,27,[8 5],31,-1,126,-1,99
1,<environment.Job instance at 0x7fda94c64af0>,31,23,[12  4],32,-1,122,-1,99
1,<environment.Job instance at 0x7fda94c640a0>,32,16,[4 5],33,-1,165,-1,149
1,<environment.Job instance at 0x7fda94c64820>,39,28,[ 4 14],40,-1,186,-1,158
1,<environment.Job instance at 0x7fda94c64a50>,38,20,[3 9],39,-1,178,-1,158
1,<environment.Job instance at 0x7fda94c64aa0>,41,19,[6 5],42,-1,177,-1,158
1,<environment.Job instance at 0x7fda94c64be0>,42,16,[8 3],43,-1,174,-1,158
1,<environment.Job instance at 0x7fda938d4eb0>,43,16,[5 4],44,-1,174,-1,158
1,<environment.Job instance at 0x7fda938d4d20>,44,27,[3 8],45,-1,185,-1,158
1,<environment.Job instance at 0x7fda94c64e10>,21,23,[6 5],22,-1,181,-1,158
1,<environment.Job instance at 0x7fda938d45a0>,45,2,[1 8],46,-1,160,-1,158
1,<environment.Job instance at 0x7fda938d4050>,47,16,[10  3],48,-1,174,-1,158
1,<environment.Job instance at 0x7fda938d4190>,48,22,[7 5],49,-1,180,-1,158
1,<environment.Job instance at 0x7fda938d4a00>,46,14,[7 1],47,-1,172,-1,158
1,<environment.Job instance at 0x7fda938d4410>,49,18,[ 1 10],50,-1,176,-1,158
1,<environment.Job instance at 0x7fda94c645f0>,40,21,[ 5 12],41,-1,179,-1,158
1,<environment.Job instance at 0x7fda938d4f00>,51,18,[5 9],52,-1,176,-1,158
1,<environment.Job instance at 0x7fda938d44b0>,53,18,[3 7],54,-1,176,-1,158
1,<environment.Job instance at 0x7fda938d42d0>,54,27,[ 1 14],55,-1,185,-1,158
1,<environment.Job instance at 0x7fda938d49b0>,55,14,[6 4],56,-1,172,-1,158
1,<environment.Job instance at 0x7fda938d4a50>,56,15,[11  1],57,-1,173,-1,158
1,<environment.Job instance at 0x7fda938d46e0>,57,14,[ 3 13],58,-1,172,-1,158
1,<environment.Job instance at 0x7fda938d4730>,58,22,[2 5],59,-1,180,-1,158
1,<environment.Job instance at 0x7fda938d48c0>,59,21,[ 4 14],60,-1,179,-1,158
1,<environment.Job instance at 0x7fda94862cd0>,60,17,[5 3],61,-1,175,-1,158
1,<environment.Job instance at 0x7fda94862640>,61,19,[3 6],62,-1,177,-1,158
1,<environment.Job instance at 0x7fda93603d20>,10,24,[5 2],11,-1,36,-1,12
1,<environment.Job instance at 0x7fda93603500>,12,17,[ 1 14],13,-1,37,-1,20
1,<environment.Job instance at 0x7fda93603280>,13,25,[2 9],14,-1,45,-1,20
1,<environment.Job instance at 0x7fda935ab730>,18,2,[6 2],19,-1,48,-1,46
1,<environment.Job instance at 0x7fda935ab640>,21,27,[ 3 11],22,-1,101,-1,74
1,<environment.Job instance at 0x7fda935ab8c0>,22,21,[ 3 13],23,-1,95,-1,74
1,<environment.Job instance at 0x7fda935abd20>,26,16,[ 4 14],27,-1,129,-1,113
1,<environment.Job instance at 0x7fda935abaa0>,28,14,[13  3],29,-1,134,-1,120
1,<environment.Job instance at 0x7fda935abe10>,29,2,[3 9],30,-1,124,-1,122
1,<environment.Job instance at 0x7fda935abcd0>,31,17,[ 3 11],32,-1,140,-1,123
1,<environment.Job instance at 0x7fda935ab4b0>,36,27,[8 5],37,-1,183,-1,156
1,<environment.Job instance at 0x7fda935ee550>,41,14,[14  4],42,-1,198,-1,184
1,<environment.Job instance at 0x7fda935eec30>,44,20,[ 2 11],45,-1,220,-1,200
1,<environment.Job instance at 0x7fda935ee690>,45,3,[ 4 11],46,-1,203,-1,200
1,<environment.Job instance at 0x7fda935ee140>,46,16,[13  3],47,-1,216,-1,200
1,<environment.Job instance at 0x7fda935eea50>,47,26,[10  5],48,-1,226,-1,200
1,<environment.Job instance at 0x7fda935eee10>,49,13,[ 2 12],50,-1,222,-1,209
1,<environment.Job instance at 0x7fda935eefa0>,51,17,[11  4],52,-1,240,-1,223
1,<environment.Job instance at 0x7fda935ee230>,52,24,[4 6],53,-1,247,-1,223
1,<environment.Job instance at 0x7fda935ee4b0>,53,15,[ 2 13],54,-1,238,-1,223
1,<environment.Job instance at 0x7fda935ee0f0>,54,18,[11  2],55,-1,241,-1,223
1,<environment.Job instance at 0x7fda935ee1e0>,57,18,[14  1],58,-1,253,-1,235
1,<environment.Job instance at 0x7fda935eef50>,58,23,[ 1 11],59,-1,258,-1,235
1,<environment.Job instance at 0x7fda935ee820>,59,12,[ 3 12],60,-1,247,-1,235
1,<environment.Job instance at 0x7fda93a90230>,68,25,[7 2],69,-1,317,-1,292
1,<environment.Job instance at 0x7fda948f72d0>,79,2,[6 4],80,-1,384,-1,382
1,<environment.Job instance at 0x7fda948f7fa0>,80,25,[10  4],81,-1,407,-1,382
1,<environment.Job instance at 0x7fda93ae59b0>,82,27,[7 5],83,-1,410,-1,383
1,<environment.Job instance at 0x7fda948559b0>,84,25,[8 2],85,-1,413,-1,388
1,<environment.Job instance at 0x7fda94564780>,86,14,[ 2 12],87,-1,405,-1,391
1,<environment.Job instance at 0x7fda94983280>,92,20,[ 1 13],93,-1,451,-1,431
1,<environment.Job instance at 0x7fda93db8a00>,94,28,[ 3 10],95,-1,473,-1,445
1,<environment.Job instance at 0x7fda93db8460>,95,25,[9 5],96,-1,470,-1,445
1,<environment.Job instance at 0x7fda94a31a00>,103,24,[7 4],104,-1,520,-1,496
1,<environment.Job instance at 0x7fda9d768280>,108,17,[ 3 13],109,-1,541,-1,524
1,<environment.Job instance at 0x7fda94589f50>,6,1,[ 4 10],7,-1,8,-1,7
1,<environment.Job instance at 0x7fda94589140>,12,18,[ 5 14],13,-1,39,-1,21
1,<environment.Job instance at 0x7fda94589050>,13,22,[14  2],14,-1,43,-1,21
1,<environment.Job instance at 0x7fda94589730>,17,18,[ 3 10],18,-1,60,-1,42
1,<environment.Job instance at 0x7fda94589910>,19,27,[5 4],20,-1,69,-1,42
1,<environment.Job instance at 0x7fda94589dc0>,20,28,[7 5],21,-1,70,-1,42
1,<environment.Job instance at 0x7fda94589640>,22,28,[14  2],23,-1,78,-1,50
1,<environment.Job instance at 0x7fda94466f00>,24,13,[ 5 10],25,-1,68,-1,55
1,<environment.Job instance at 0x7fda94466e10>,25,22,[ 5 14],26,-1,77,-1,55
1,<environment.Job instance at 0x7fda94466e60>,26,26,[8 5],27,-1,81,-1,55
1,<environment.Job instance at 0x7fda94466280>,29,13,[13  5],30,-1,82,-1,69
1,<environment.Job instance at 0x7fda94466d20>,30,14,[ 2 13],31,-1,83,-1,69
1,<environment.Job instance at 0x7fda94466870>,31,15,[ 3 10],32,-1,84,-1,69
1,<environment.Job instance at 0x7fda94466d70>,32,12,[ 5 13],33,-1,81,-1,69
1,<environment.Job instance at 0x7fda94466af0>,34,22,[13  3],35,-1,91,-1,69
1,<environment.Job instance at 0x7fda94466cd0>,35,26,[14  2],36,-1,95,-1,69
1,<environment.Job instance at 0x7fda94466b40>,36,20,[ 4 12],37,-1,89,-1,69
1,<environment.Job instance at 0x7fda94466410>,37,13,[ 4 12],38,-1,82,-1,69
1,<environment.Job instance at 0x7fda94466780>,40,16,[ 5 12],41,-1,98,-1,82
1,<environment.Job instance at 0x7fda94655550>,41,22,[13  5],42,-1,104,-1,82
1,<environment.Job instance at 0x7fda94655780>,42,27,[5 3],43,-1,109,-1,82
1,<environment.Job instance at 0x7fda946555a0>,45,24,[5 4],46,-1,124,-1,100
1,<environment.Job instance at 0x7fda94655320>,46,18,[12  1],47,-1,118,-1,100
1,<environment.Job instance at 0x7fda946551e0>,48,13,[ 5 14],49,-1,113,-1,100
1,<environment.Job instance at 0x7fda946552d0>,49,17,[ 5 13],50,-1,117,-1,100
1,<environment.Job instance at 0x7fda946559b0>,50,18,[12  5],51,-1,118,-1,100
1,<environment.Job instance at 0x7fda94655190>,52,27,[5 1],53,-1,138,-1,111
1,<environment.Job instance at 0x7fda94655e60>,55,17,[ 5 12],56,-1,142,-1,125
1,<environment.Job instance at 0x7fda946550f0>,56,3,[3 6],57,-1,128,-1,125
1,<environment.Job instance at 0x7fda94655be0>,57,24,[7 4],58,-1,149,-1,125
1,<environment.Job instance at 0x7fda94655f50>,59,1,[3 6],60,-1,132,-1,131
1,<environment.Job instance at 0x7fda94655c30>,60,12,[12  3],61,-1,143,-1,131
1,<environment.Job instance at 0x7fda94655820>,61,27,[6 5],62,-1,158,-1,131
1,<environment.Job instance at 0x7fda945ce730>,67,16,[ 1 13],68,-1,189,-1,173
1,<environment.Job instance at 0x7fda945cecd0>,68,25,[4 7],69,-1,198,-1,173
1,<environment.Job instance at 0x7fda945ce0f0>,69,18,[2 9],70,-1,236,-1,218
1,<environment.Job instance at 0x7fda945ce5a0>,72,27,[5 3],73,-1,245,-1,218
1,<environment.Job instance at 0x7fda945ceaf0>,75,13,[7 1],76,-1,233,-1,220
1,<environment.Job instance at 0x7fda945ce820>,76,26,[3 7],77,-1,246,-1,220
1,<environment.Job instance at 0x7fda945ce870>,77,13,[2 9],78,-1,236,-1,223
1,<environment.Job instance at 0x7fda945ceb90>,78,15,[11  4],79,-1,238,-1,223
1,<environment.Job instance at 0x7fda945ce500>,79,18,[ 3 11],80,-1,241,-1,223
1,<environment.Job instance at 0x7fda945ce460>,80,23,[9 1],81,-1,246,-1,223
1,<environment.Job instance at 0x7fda94cde140>,82,23,[11  3],83,-1,263,-1,240
1,<environment.Job instance at 0x7fda94cde3c0>,92,24,[7 5],93,-1,375,-1,351
1,<environment.Job instance at 0x7fda94cde460>,93,22,[11  1],94,-1,373,-1,351
1,<environment.Job instance at 0x7fda94cdec80>,94,14,[ 2 13],95,-1,365,-1,351
1,<environment.Job instance at 0x7fda94cdeaa0>,96,28,[4 9],97,-1,397,-1,369
1,<environment.Job instance at 0x7fda94cde0f0>,97,28,[ 5 11],98,-1,397,-1,369
1,<environment.Job instance at 0x7fda94cde7d0>,100,18,[13  5],101,-1,399,-1,381
1,<environment.Job instance at 0x7fda94cdebe0>,102,2,[5 9],103,-1,396,-1,394
1,<environment.Job instance at 0x7fda94561500>,104,14,[11  2],105,-1,408,-1,394
1,<environment.Job instance at 0x7fda94561320>,105,15,[12  2],106,-1,409,-1,394
1,<environment.Job instance at 0x7fda94561050>,106,2,[4 9],107,-1,396,-1,394
1,<environment.Job instance at 0x7fda94561a50>,107,19,[14  2],108,-1,413,-1,394
1,<environment.Job instance at 0x7fda94561cd0>,108,20,[ 5 12],109,-1,414,-1,394
1,<environment.Job instance at 0x7fda93bd0280>,11,1,[8 4],12,-1,21,-1,20
1,<environment.Job instance at 0x7fda93f372d0>,18,20,[ 4 11],19,-1,85,-1,65
1,<environment.Job instance at 0x7fda93f37870>,19,15,[ 5 14],20,-1,80,-1,65
1,<environment.Job instance at 0x7fda93f373c0>,20,2,[4 7],21,-1,67,-1,65
1,<environment.Job instance at 0x7fda93f37c80>,21,12,[11  5],22,-1,77,-1,65
1,<environment.Job instance at 0x7fda93f37e60>,22,28,[8 5],23,-1,93,-1,65
1,<environment.Job instance at 0x7fda93f37dc0>,25,28,[7 3],26,-1,102,-1,74
1,<environment.Job instance at 0x7fda94536410>,28,25,[ 3 10],29,-1,124,-1,99
1,<environment.Job instance at 0x7fda94536500>,29,18,[ 2 11],30,-1,117,-1,99
1,<environment.Job instance at 0x7fda945365f0>,32,20,[ 4 13],33,-1,132,-1,112
1,<environment.Job instance at 0x7fda94536050>,33,17,[11  4],34,-1,153,-1,136
1,<environment.Job instance at 0x7fda94536dc0>,37,3,[6 1],38,-1,139,-1,136
1,<environment.Job instance at 0x7fda94536d20>,40,3,[9 5],41,-1,167,-1,164
1,<environment.Job instance at 0x7fda94536fa0>,41,3,[8 1],42,-1,167,-1,164
1,<environment.Job instance at 0x7fda94536f00>,43,27,[ 1 14],44,-1,191,-1,164
1,<environment.Job instance at 0x7fda945369b0>,44,21,[3 9],45,-1,237,-1,216
1,<environment.Job instance at 0x7fda94536d70>,49,3,[9 5],50,-1,219,-1,216
1,<environment.Job instance at 0x7fda94908230>,52,26,[14  5],53,-1,252,-1,226
1,<environment.Job instance at 0x7fda94908410>,53,12,[11  4],54,-1,238,-1,226
1,<environment.Job instance at 0x7fda94908460>,54,26,[8 3],55,-1,252,-1,226
1,<environment.Job instance at 0x7fda949082d0>,56,2,[6 1],57,-1,237,-1,235
1,<environment.Job instance at 0x7fda94908f00>,57,17,[3 8],58,-1,275,-1,258
1,<environment.Job instance at 0x7fda93c65190>,62,24,[4 7],63,-1,286,-1,262
1,<environment.Job instance at 0x7fda93c65730>,64,3,[6 4],65,-1,270,-1,267
1,<environment.Job instance at 0x7fda93c65fa0>,65,2,[12  1],66,-1,269,-1,267
1,<environment.Job instance at 0x7fda93c655f0>,66,16,[7 3],67,-1,286,-1,270
1,<environment.Job instance at 0x7fda93c659b0>,67,23,[ 4 12],68,-1,293,-1,270
1,<environment.Job instance at 0x7fda93c65050>,68,26,[ 4 14],69,-1,296,-1,270
1,<environment.Job instance at 0x7fda93c65500>,69,15,[ 1 14],70,-1,285,-1,270
1,<environment.Job instance at 0x7fda93c655a0>,70,14,[11  2],71,-1,284,-1,270
1,<environment.Job instance at 0x7fda93c65eb0>,71,13,[13  4],72,-1,283,-1,270
1,<environment.Job instance at 0x7fda93c65640>,73,27,[ 4 13],74,-1,307,-1,280
1,<environment.Job instance at 0x7fda93c65870>,74,23,[ 4 10],75,-1,303,-1,280
1,<environment.Job instance at 0x7fda93c65d20>,75,15,[ 4 12],76,-1,295,-1,280
1,<environment.Job instance at 0x7fda93c65b90>,78,28,[7 3],79,-1,323,-1,295
1,<environment.Job instance at 0x7fda93c65a00>,79,27,[3 8],80,-1,322,-1,295
1,<environment.Job instance at 0x7fda93c65140>,80,23,[5 9],81,-1,318,-1,295
1,<environment.Job instance at 0x7fda93c65d70>,81,16,[1 8],82,-1,315,-1,299
1,<environment.Job instance at 0x7fda93c65a50>,82,12,[3 7],83,-1,311,-1,299
1,<environment.Job instance at 0x7fda93c65af0>,83,20,[ 1 10],84,-1,319,-1,299
1,<environment.Job instance at 0x7fda94505af0>,84,17,[2 5],85,-1,318,-1,301
1,<environment.Job instance at 0x7fda94505960>,85,13,[11  4],86,-1,314,-1,301
1,<environment.Job instance at 0x7fda94505e10>,86,12,[11  5],87,-1,313,-1,301
1,<environment.Job instance at 0x7fda94505dc0>,94,16,[1 9],95,-1,391,-1,375
1,<environment.Job instance at 0x7fda94505780>,95,14,[11  1],96,-1,389,-1,375
1,<environment.Job instance at 0x7fda94505370>,96,23,[ 2 11],97,-1,398,-1,375
1,<environment.Job instance at 0x7fda945059b0>,97,21,[ 1 11],98,-1,396,-1,375
1,<environment.Job instance at 0x7fda945050a0>,98,1,[ 2 14],99,-1,376,-1,375
1,<environment.Job instance at 0x7fda94505140>,101,15,[13  2],102,-1,404,-1,389
1,<environment.Job instance at 0x7fda945041e0>,102,16,[ 5 11],103,-1,405,-1,389
1,<environment.Job instance at 0x7fda94504780>,103,18,[13  4],104,-1,407,-1,389
1,<environment.Job instance at 0x7fda945045a0>,104,15,[ 3 14],105,-1,404,-1,389
1,<environment.Job instance at 0x7fda94504c30>,105,18,[13  2],106,-1,407,-1,389
1,<environment.Job instance at 0x7fda94504640>,106,1,[12  5],107,-1,390,-1,389
1,<environment.Job instance at 0x7fda94504050>,108,22,[2 9],109,-1,420,-1,398
1,<environment.Job instance at 0x7fda94536780>,36,23,[9 2],37,-1,427,-1,404
1,<environment.Job instance at 0x7fda9462f1e0>,1,12,[ 4 14],2,-1,14,-1,2
1,<environment.Job instance at 0x7fda9462f370>,6,13,[ 5 12],7,-1,20,-1,7
1,<environment.Job instance at 0x7fda93b64dc0>,12,16,[3 5],13,-1,40,-1,24
1,<environment.Job instance at 0x7fda93b64c30>,13,12,[ 3 13],14,-1,36,-1,24
1,<environment.Job instance at 0x7fda93b64e10>,14,23,[6 2],15,-1,47,-1,24
1,<environment.Job instance at 0x7fda93b64140>,15,22,[1 9],16,-1,46,-1,24
1,<environment.Job instance at 0x7fda93b64640>,16,14,[6 1],17,-1,38,-1,24
1,<environment.Job instance at 0x7fda93b645a0>,17,24,[10  4],18,-1,48,-1,24
1,<environment.Job instance at 0x7fda93b642d0>,18,24,[3 9],19,-1,48,-1,24
1,<environment.Job instance at 0x7fda93b64550>,19,18,[ 3 12],20,-1,42,-1,24
1,<environment.Job instance at 0x7fda93b64870>,20,18,[13  3],21,-1,42,-1,24
1,<environment.Job instance at 0x7fda93b64500>,21,2,[1 5],22,-1,26,-1,24
1,<environment.Job instance at 0x7fda93b64cd0>,24,24,[7 4],25,-1,70,-1,46
1,<environment.Job instance at 0x7fda93b64d70>,25,19,[ 5 13],26,-1,65,-1,46
1,<environment.Job instance at 0x7fda93b648c0>,26,12,[4 7],27,-1,58,-1,46
1,<environment.Job instance at 0x7fda93b649b0>,28,17,[3 8],29,-1,78,-1,61
1,<environment.Job instance at 0x7fda93b64b40>,29,15,[ 5 10],30,-1,76,-1,61
1,<environment.Job instance at 0x7fda9d6abeb0>,31,17,[ 2 10],32,-1,78,-1,61
1,<environment.Job instance at 0x7fda9d6abc80>,32,14,[5 9],33,-1,75,-1,61
1,<environment.Job instance at 0x7fda93fa9910>,33,18,[9 2],34,-1,79,-1,61
1,<environment.Job instance at 0x7fda93fa98c0>,34,24,[5 9],35,-1,85,-1,61
1,<environment.Job instance at 0x7fda93fa9f00>,36,23,[3 9],37,-1,100,-1,77
1,<environment.Job instance at 0x7fda93fa9e60>,37,26,[8 5],38,-1,103,-1,77
1,<environment.Job instance at 0x7fda93fa9140>,38,15,[6 1],39,-1,92,-1,77
1,<environment.Job instance at 0x7fda93fa96e0>,39,1,[ 1 12],40,-1,78,-1,77
1,<environment.Job instance at 0x7fda93fa9b40>,41,27,[10  5],42,-1,104,-1,77
1,<environment.Job instance at 0x7fda93fa9690>,43,2,[5 5],44,-1,88,-1,86
1,<environment.Job instance at 0x7fda93fa9c80>,44,15,[12  5],45,-1,101,-1,86
1,<environment.Job instance at 0x7fda93fa9730>,45,24,[13  2],46,-1,110,-1,86
1,<environment.Job instance at 0x7fda93fa9eb0>,46,20,[3 6],47,-1,113,-1,93
1,<environment.Job instance at 0x7fda94298460>,47,18,[ 3 10],48,-1,111,-1,93
1,<environment.Job instance at 0x7fda94298410>,48,16,[ 3 14],49,-1,109,-1,93
1,<environment.Job instance at 0x7fda942981e0>,49,24,[14  4],50,-1,117,-1,93
1,<environment.Job instance at 0x7fda94298eb0>,50,13,[14  5],51,-1,106,-1,93
1,<environment.Job instance at 0x7fda94298b90>,51,12,[8 4],52,-1,105,-1,93
1,<environment.Job instance at 0x7fda942986e0>,53,23,[6 1],54,-1,116,-1,93
1,<environment.Job instance at 0x7fda94298a50>,54,23,[ 5 10],55,-1,116,-1,93
1,<environment.Job instance at 0x7fda937c2320>,56,22,[ 1 14],57,-1,123,-1,101
1,<environment.Job instance at 0x7fda937c2be0>,57,3,[11  2],58,-1,104,-1,101
1,<environment.Job instance at 0x7fda937c2a50>,58,25,[ 1 14],59,-1,126,-1,101
1,<environment.Job instance at 0x7fda937c25a0>,59,25,[12  3],60,-1,126,-1,101
1,<environment.Job instance at 0x7fda937c2b90>,60,27,[ 4 11],61,-1,128,-1,101
1,<environment.Job instance at 0x7fda937c2f50>,61,15,[13  2],62,-1,116,-1,101
1,<environment.Job instance at 0x7fda937c2550>,62,12,[5 5],63,-1,113,-1,101
1,<environment.Job instance at 0x7fda937c20f0>,63,16,[3 6],64,-1,117,-1,101
1,<environment.Job instance at 0x7fda937c24b0>,64,12,[8 4],65,-1,113,-1,101
1,<environment.Job instance at 0x7fda937c2960>,65,13,[10  3],66,-1,114,-1,101
1,<environment.Job instance at 0x7fda937c2140>,66,16,[2 6],67,-1,117,-1,101
1,<environment.Job instance at 0x7fda937c2d20>,67,15,[5 2],68,-1,116,-1,101
1,<environment.Job instance at 0x7fda937c2f00>,68,16,[ 5 13],69,-1,117,-1,101
1,<environment.Job instance at 0x7fda937c2e10>,69,23,[5 5],70,-1,124,-1,101
1,<environment.Job instance at 0x7fda937c2a00>,70,3,[ 4 14],71,-1,104,-1,101
1,<environment.Job instance at 0x7fda93dd0690>,71,15,[14  4],72,-1,116,-1,101
1,<environment.Job instance at 0x7fda93dd0c30>,72,13,[7 3],73,-1,114,-1,101
1,<environment.Job instance at 0x7fda93dd0820>,73,25,[4 7],74,-1,126,-1,101
1,<environment.Job instance at 0x7fda93dd0500>,74,3,[11  5],75,-1,104,-1,101
1,<environment.Job instance at 0x7fda93dd0be0>,75,3,[ 4 14],76,-1,104,-1,101
1,<environment.Job instance at 0x7fda93dd01e0>,76,28,[ 4 11],77,-1,129,-1,101
1,<environment.Job instance at 0x7fda93dd05f0>,77,16,[4 8],78,-1,117,-1,101
1,<environment.Job instance at 0x7fda93dd0a00>,78,18,[11  1],79,-1,119,-1,101
1,<environment.Job instance at 0x7fda93dd0410>,79,18,[10  3],80,-1,119,-1,101
1,<environment.Job instance at 0x7fda93dd0a50>,80,24,[3 8],81,-1,125,-1,101
1,<environment.Job instance at 0x7fda93dd0910>,81,2,[5 4],82,-1,103,-1,101
1,<environment.Job instance at 0x7fda93dd0e60>,82,27,[3 6],83,-1,128,-1,101
1,<environment.Job instance at 0x7fda941bf9b0>,85,15,[ 3 14],86,-1,137,-1,122
1,<environment.Job instance at 0x7fda94c42870>,86,21,[10  1],87,-1,143,-1,122
1,<environment.Job instance at 0x7fda94bc08c0>,87,15,[1 5],88,-1,137,-1,122
1,<environment.Job instance at 0x7fda9412ce60>,88,27,[4 5],89,-1,149,-1,122
1,<environment.Job instance at 0x7fda9412ca50>,89,16,[11  1],90,-1,138,-1,122
1,<environment.Job instance at 0x7fda941ad5a0>,90,16,[ 1 12],91,-1,138,-1,122
1,<environment.Job instance at 0x7fda93e4e230>,91,28,[10  5],92,-1,150,-1,122
1,<environment.Job instance at 0x7fda941adc80>,92,25,[8 4],93,-1,147,-1,122
1,<environment.Job instance at 0x7fda93d53190>,94,18,[13  1],95,-1,147,-1,129
1,<environment.Job instance at 0x7fda93dacb40>,95,13,[ 3 10],96,-1,142,-1,129
1,<environment.Job instance at 0x7fda93d35140>,96,14,[ 1 14],97,-1,143,-1,129
1,<environment.Job instance at 0x7fda9406d730>,97,12,[4 8],98,-1,141,-1,129
1,<environment.Job instance at 0x7fda9408cd70>,98,2,[10  1],99,-1,131,-1,129
1,<environment.Job instance at 0x7fda93a934b0>,99,25,[8 3],100,-1,154,-1,129
1,<environment.Job instance at 0x7fda94416550>,100,2,[5 5],101,-1,131,-1,129
1,<environment.Job instance at 0x7fda94c634b0>,102,24,[11  1],103,-1,161,-1,137
1,<environment.Job instance at 0x7fda93913190>,103,18,[2 6],104,-1,155,-1,137
1,<environment.Job instance at 0x7fda9373df00>,105,25,[5 7],106,-1,172,-1,147
1,<environment.Job instance at 0x7fda9373d140>,106,17,[1 6],107,-1,164,-1,147
1,<environment.Job instance at 0x7fda9373de60>,107,18,[11  2],108,-1,165,-1,147
1,<environment.Job instance at 0x7fda93d2b6e0>,108,17,[3 5],109,-1,165,-1,148
1,<environment.Job instance at 0x7fda93b64960>,11,28,[9 4],12,-1,329,-1,301
1,<environment.Job instance at 0x7fda9462faa0>,3,18,[14  1],4,-1,1218,-1,1200
1,<environment.Job instance at 0x7fda9462f320>,5,15,[12  1],6,-1,2074,-1,2059
1,<environment.Job instance at 0x7fda94299e10>,4,1,[ 3 10],5,-1,6,-1,5
1,<environment.Job instance at 0x7fda94299870>,12,27,[2 9],13,-1,61,-1,34
1,<environment.Job instance at 0x7fda94299320>,15,26,[ 5 11],16,-1,71,-1,45
1,<environment.Job instance at 0x7fda942998c0>,18,26,[2 7],19,-1,98,-1,72
1,<environment.Job instance at 0x7fda94668c30>,20,3,[2 6],21,-1,87,-1,84
1,<environment.Job instance at 0x7fda946680f0>,22,26,[5 4],23,-1,111,-1,85
1,<environment.Job instance at 0x7fda946685a0>,23,26,[ 1 10],24,-1,111,-1,85
1,<environment.Job instance at 0x7fda94668e60>,26,21,[3 7],27,-1,121,-1,100
1,<environment.Job instance at 0x7fda94668500>,27,15,[ 3 10],28,-1,115,-1,100
1,<environment.Job instance at 0x7fda94668910>,28,28,[14  3],29,-1,128,-1,100
1,<environment.Job instance at 0x7fda946680a0>,32,16,[10  1],33,-1,141,-1,125
1,<environment.Job instance at 0x7fda944a0780>,34,12,[4 9],35,-1,138,-1,126
1,<environment.Job instance at 0x7fda944a0a00>,35,12,[7 2],36,-1,138,-1,126
1,<environment.Job instance at 0x7fda944a0af0>,36,13,[ 5 11],37,-1,139,-1,126
1,<environment.Job instance at 0x7fda944a03c0>,37,22,[1 8],38,-1,148,-1,126
1,<environment.Job instance at 0x7fda944a0be0>,39,2,[ 4 11],40,-1,139,-1,137
1,<environment.Job instance at 0x7fda944a0b40>,40,24,[8 5],41,-1,161,-1,137
1,<environment.Job instance at 0x7fda944a0d20>,43,17,[13  2],44,-1,169,-1,152
1,<environment.Job instance at 0x7fda944a01e0>,44,23,[9 3],45,-1,175,-1,152
1,<environment.Job instance at 0x7fda944a05f0>,47,12,[ 3 10],48,-1,176,-1,164
1,<environment.Job instance at 0x7fda944a09b0>,49,14,[ 5 14],50,-1,185,-1,171
1,<environment.Job instance at 0x7fda944a0cd0>,50,22,[5 6],51,-1,195,-1,173
1,<environment.Job instance at 0x7fda94158370>,52,25,[10  1],53,-1,207,-1,182
1,<environment.Job instance at 0x7fda941583c0>,54,16,[1 8],55,-1,199,-1,183
1,<environment.Job instance at 0x7fda94158e60>,55,19,[9 3],56,-1,202,-1,183
1,<environment.Job instance at 0x7fda94158140>,56,21,[12  2],57,-1,204,-1,183
1,<environment.Job instance at 0x7fda94158dc0>,57,20,[1 5],58,-1,203,-1,183
1,<environment.Job instance at 0x7fda94158cd0>,58,14,[ 1 14],59,-1,197,-1,183
1,<environment.Job instance at 0x7fda941585f0>,59,20,[2 8],60,-1,203,-1,183
1,<environment.Job instance at 0x7fda94158280>,60,15,[12  3],61,-1,198,-1,183
1,<environment.Job instance at 0x7fda94158a50>,62,14,[ 5 14],63,-1,215,-1,201
1,<environment.Job instance at 0x7fda94158640>,64,13,[12  5],65,-1,214,-1,201
1,<environment.Job instance at 0x7fda941580f0>,65,12,[12  3],66,-1,213,-1,201
1,<environment.Job instance at 0x7fda94158c30>,67,15,[12  3],68,-1,236,-1,221
1,<environment.Job instance at 0x7fda941585a0>,68,19,[ 4 10],69,-1,240,-1,221
1,<environment.Job instance at 0x7fda941584b0>,69,12,[7 1],70,-1,233,-1,221
1,<environment.Job instance at 0x7fda9d39f1e0>,71,23,[5 9],72,-1,244,-1,221
1,<environment.Job instance at 0x7fda9d39fd70>,72,24,[11  4],73,-1,245,-1,221
1,<environment.Job instance at 0x7fda9d39fb90>,75,15,[ 4 12],76,-1,251,-1,236
1,<environment.Job instance at 0x7fda9d39fc30>,77,25,[ 1 10],78,-1,264,-1,239
1,<environment.Job instance at 0x7fda9d39f370>,78,1,[8 4],79,-1,240,-1,239
1,<environment.Job instance at 0x7fda9d39f0a0>,79,25,[ 4 11],80,-1,264,-1,239
1,<environment.Job instance at 0x7fda9d39f960>,81,26,[13  2],82,-1,279,-1,253
1,<environment.Job instance at 0x7fda9d39f7d0>,82,2,[ 2 13],83,-1,255,-1,253
1,<environment.Job instance at 0x7fda9d39f5f0>,83,16,[ 3 10],84,-1,269,-1,253
1,<environment.Job instance at 0x7fda9d39ff50>,85,13,[1 8],86,-1,266,-1,253
1,<environment.Job instance at 0x7fda9d39f230>,86,12,[11  2],87,-1,265,-1,253
1,<environment.Job instance at 0x7fda9d39f410>,87,22,[8 5],88,-1,275,-1,253
1,<environment.Job instance at 0x7fda9d39f320>,88,19,[ 5 11],89,-1,272,-1,253
1,<environment.Job instance at 0x7fda93f511e0>,89,14,[8 2],90,-1,267,-1,253
1,<environment.Job instance at 0x7fda93f51370>,90,12,[ 1 12],91,-1,265,-1,253
1,<environment.Job instance at 0x7fda93f51e60>,96,23,[8 1],97,-1,325,-1,302
1,<environment.Job instance at 0x7fda93f51410>,97,15,[14  5],98,-1,317,-1,302
1,<environment.Job instance at 0x7fda93f51280>,98,19,[12  4],99,-1,321,-1,302
1,<environment.Job instance at 0x7fda93f51050>,99,19,[11  1],100,-1,321,-1,302
1,<environment.Job instance at 0x7fda93f51190>,102,2,[ 3 14],103,-1,311,-1,309
1,<environment.Job instance at 0x7fda93f51a50>,103,22,[4 5],104,-1,331,-1,309
1,<environment.Job instance at 0x7fda93f51320>,104,23,[3 6],105,-1,332,-1,309
1,<environment.Job instance at 0x7fda93f518c0>,105,13,[ 3 13],106,-1,322,-1,309
1,<environment.Job instance at 0x7fda93f51730>,106,27,[ 1 10],107,-1,336,-1,309
1,<environment.Job instance at 0x7fda93f51b40>,107,18,[ 2 14],108,-1,327,-1,309
1,<environment.Job instance at 0x7fda9d384690>,108,17,[ 4 10],109,-1,327,-1,310
1,<environment.Job instance at 0x7fda937c24b0>,6,18,[ 4 13],7,-1,25,-1,7
1,<environment.Job instance at 0x7fda94431640>,9,26,[8 3],10,-1,36,-1,10
1,<environment.Job instance at 0x7fda944317d0>,10,18,[11  1],11,-1,29,-1,11
1,<environment.Job instance at 0x7fda94431e10>,11,12,[ 4 12],12,-1,24,-1,12
1,<environment.Job instance at 0x7fda9367cdc0>,12,27,[4 8],13,-1,40,-1,13
1,<environment.Job instance at 0x7fda9367c3c0>,17,2,[3 9],18,-1,25,-1,23
1,<environment.Job instance at 0x7fda9367c1e0>,18,17,[ 3 14],19,-1,40,-1,23
1,<environment.Job instance at 0x7fda9367c870>,19,23,[8 5],20,-1,46,-1,23
1,<environment.Job instance at 0x7fda9367c5f0>,20,16,[5 1],21,-1,39,-1,23
1,<environment.Job instance at 0x7fda94863a50>,21,3,[6 3],22,-1,26,-1,23
1,<environment.Job instance at 0x7fda9367c230>,22,12,[4 8],23,-1,35,-1,23
1,<environment.Job instance at 0x7fda94863c30>,23,2,[5 7],24,-1,26,-1,24
1,<environment.Job instance at 0x7fda948635a0>,24,28,[2 5],25,-1,53,-1,25
1,<environment.Job instance at 0x7fda948630f0>,25,28,[ 2 14],26,-1,54,-1,26
1,<environment.Job instance at 0x7fda94863410>,26,22,[9 4],27,-1,49,-1,27
1,<environment.Job instance at 0x7fda94863e60>,28,24,[10  1],29,-1,53,-1,29
1,<environment.Job instance at 0x7fda94863460>,30,27,[5 8],31,-1,64,-1,37
1,<environment.Job instance at 0x7fda94661730>,32,12,[13  5],33,-1,49,-1,37
1,<environment.Job instance at 0x7fda94661cd0>,33,15,[ 5 12],34,-1,52,-1,37
1,<environment.Job instance at 0x7fda94661be0>,35,23,[10  4],36,-1,75,-1,52
1,<environment.Job instance at 0x7fda94661780>,36,12,[3 5],37,-1,64,-1,52
1,<environment.Job instance at 0x7fda946610a0>,37,22,[3 8],38,-1,74,-1,52
1,<environment.Job instance at 0x7fda946615f0>,39,2,[5 5],40,-1,54,-1,52
1,<environment.Job instance at 0x7fda94661500>,40,24,[10  1],41,-1,76,-1,52
1,<environment.Job instance at 0x7fda94661d20>,41,26,[5 8],42,-1,78,-1,52
1,<environment.Job instance at 0x7fda94661190>,42,12,[5 5],43,-1,64,-1,52
1,<environment.Job instance at 0x7fda9452f4b0>,44,16,[ 3 14],45,-1,83,-1,67
1,<environment.Job instance at 0x7fda9452f730>,47,15,[13  3],48,-1,88,-1,73
1,<environment.Job instance at 0x7fda9452feb0>,48,12,[3 8],49,-1,85,-1,73
1,<environment.Job instance at 0x7fda9452fc80>,49,26,[6 2],50,-1,99,-1,73
1,<environment.Job instance at 0x7fda9452f0f0>,50,22,[7 3],51,-1,95,-1,73
1,<environment.Job instance at 0x7fda9452f870>,52,26,[13  4],53,-1,107,-1,81
1,<environment.Job instance at 0x7fda94bfd140>,53,12,[ 4 10],54,-1,93,-1,81
1,<environment.Job instance at 0x7fda94bfd3c0>,54,23,[14  1],55,-1,104,-1,81
1,<environment.Job instance at 0x7fda94bfd050>,55,14,[ 1 12],56,-1,95,-1,81
1,<environment.Job instance at 0x7fda94bfd550>,56,17,[14  4],57,-1,98,-1,81
1,<environment.Job instance at 0x7fda94bfd820>,57,20,[1 6],58,-1,105,-1,85
1,<environment.Job instance at 0x7fda94bfd1e0>,58,13,[2 9],59,-1,98,-1,85
1,<environment.Job instance at 0x7fda94bfda00>,59,1,[9 4],60,-1,86,-1,85
1,<environment.Job instance at 0x7fda94bfd460>,60,24,[8 2],61,-1,109,-1,85
1,<environment.Job instance at 0x7fda94bfdaf0>,61,27,[ 3 13],62,-1,112,-1,85
1,<environment.Job instance at 0x7fda94bfd960>,62,18,[ 2 12],63,-1,103,-1,85
1,<environment.Job instance at 0x7fda94bfd280>,64,18,[1 9],65,-1,121,-1,103
1,<environment.Job instance at 0x7fda94bfdc30>,66,17,[7 1],67,-1,122,-1,105
1,<environment.Job instance at 0x7fda94bfd6e0>,67,15,[14  1],68,-1,120,-1,105
1,<environment.Job instance at 0x7fda94bfd230>,68,26,[11  3],69,-1,131,-1,105
1,<environment.Job instance at 0x7fda94bfd370>,71,26,[ 1 10],72,-1,136,-1,110
1,<environment.Job instance at 0x7fda94bfd870>,73,1,[7 1],74,-1,121,-1,120
1,<environment.Job instance at 0x7fda9455af00>,74,18,[ 4 11],75,-1,138,-1,120
1,<environment.Job instance at 0x7fda9455a0f0>,75,1,[10  4],76,-1,121,-1,120
1,<environment.Job instance at 0x7fda9455a6e0>,80,21,[ 2 14],81,-1,180,-1,159
1,<environment.Job instance at 0x7fda9455ad70>,81,18,[13  5],82,-1,177,-1,159
1,<environment.Job instance at 0x7fda9455a500>,82,20,[ 4 11],83,-1,179,-1,159
1,<environment.Job instance at 0x7fda9455a910>,83,12,[ 4 10],84,-1,171,-1,159
1,<environment.Job instance at 0x7fda9455a2d0>,88,15,[13  4],89,-1,194,-1,179
1,<environment.Job instance at 0x7fda9455a640>,89,1,[1 9],90,-1,180,-1,179
1,<environment.Job instance at 0x7fda9455a8c0>,92,15,[14  5],93,-1,213,-1,198
1,<environment.Job instance at 0x7fda9455a5a0>,93,15,[4 9],94,-1,213,-1,198
1,<environment.Job instance at 0x7fda9455a960>,94,12,[2 9],95,-1,210,-1,198
1,<environment.Job instance at 0x7fda9455adc0>,95,16,[8 1],96,-1,214,-1,198
1,<environment.Job instance at 0x7fda94d67050>,96,25,[ 5 10],97,-1,223,-1,198
1,<environment.Job instance at 0x7fda94d67730>,97,17,[4 8],98,-1,215,-1,198
1,<environment.Job instance at 0x7fda94d67410>,99,17,[ 2 14],100,-1,232,-1,215
1,<environment.Job instance at 0x7fda94d67320>,100,13,[13  4],101,-1,228,-1,215
1,<environment.Job instance at 0x7fda94d67280>,101,18,[12  2],102,-1,233,-1,215
1,<environment.Job instance at 0x7fda94d67be0>,102,3,[8 4],103,-1,218,-1,215
1,<environment.Job instance at 0x7fda94d67f00>,104,1,[5 4],105,-1,220,-1,219
1,<environment.Job instance at 0x7fda94d671e0>,105,1,[ 1 13],106,-1,220,-1,219
1,<environment.Job instance at 0x7fda94d67c80>,106,3,[4 8],107,-1,222,-1,219
1,<environment.Job instance at 0x7fda94d67f50>,107,12,[12  3],108,-1,231,-1,219
1,<environment.Job instance at 0x7fda940ef3c0>,6,12,[ 2 12],7,-1,19,-1,7
1,<environment.Job instance at 0x7fda949a0f00>,15,14,[ 4 13],16,-1,50,-1,36
1,<environment.Job instance at 0x7fda94cde050>,17,13,[ 4 10],18,-1,55,-1,42
1,<environment.Job instance at 0x7fda94cdec30>,22,24,[ 4 14],23,-1,97,-1,73
1,<environment.Job instance at 0x7fda947593c0>,24,13,[ 4 13],25,-1,98,-1,85
1,<environment.Job instance at 0x7fda9496bb40>,25,1,[3 6],26,-1,86,-1,85
1,<environment.Job instance at 0x7fda94759dc0>,26,14,[ 1 11],27,-1,99,-1,85
1,<environment.Job instance at 0x7fda94759c80>,27,24,[7 4],28,-1,109,-1,85
1,<environment.Job instance at 0x7fda946fe050>,31,3,[6 3],32,-1,104,-1,101
1,<environment.Job instance at 0x7fda946fe190>,32,12,[14  4],33,-1,113,-1,101
1,<environment.Job instance at 0x7fda946fe0a0>,33,14,[ 2 10],34,-1,115,-1,101
1,<environment.Job instance at 0x7fda946fe460>,37,25,[6 2],38,-1,140,-1,115
1,<environment.Job instance at 0x7fda946fe5f0>,38,17,[ 1 13],39,-1,132,-1,115
1,<environment.Job instance at 0x7fda946feaf0>,40,24,[5 6],41,-1,160,-1,136
1,<environment.Job instance at 0x7fda946fe1e0>,42,25,[ 2 13],43,-1,174,-1,149
1,<environment.Job instance at 0x7fda946fe7d0>,44,15,[ 4 11],45,-1,177,-1,162
1,<environment.Job instance at 0x7fda9d39ac80>,48,26,[10  2],49,-1,193,-1,167
1,<environment.Job instance at 0x7fda9d39ae10>,52,17,[14  5],53,-1,207,-1,190
1,<environment.Job instance at 0x7fda9d39a410>,55,28,[4 9],56,-1,239,-1,211
1,<environment.Job instance at 0x7fda9d39a190>,56,16,[12  5],57,-1,227,-1,211
1,<environment.Job instance at 0x7fda9d39ab90>,57,1,[ 2 14],58,-1,212,-1,211
1,<environment.Job instance at 0x7fda9d39a4b0>,59,17,[14  3],60,-1,232,-1,215
1,<environment.Job instance at 0x7fda9d39a7d0>,60,28,[10  3],61,-1,243,-1,215
1,<environment.Job instance at 0x7fda9d39a320>,61,3,[4 7],62,-1,218,-1,215
1,<environment.Job instance at 0x7fda9d39a820>,62,1,[5 1],63,-1,216,-1,215
1,<environment.Job instance at 0x7fda94b36910>,65,2,[5 7],66,-1,232,-1,230
1,<environment.Job instance at 0x7fda943d1dc0>,68,17,[ 3 11],69,-1,282,-1,265
1,<environment.Job instance at 0x7fda943d1500>,69,15,[ 5 11],70,-1,280,-1,265
1,<environment.Job instance at 0x7fda943d1b90>,70,28,[ 2 11],71,-1,293,-1,265
1,<environment.Job instance at 0x7fda943b4870>,72,12,[11  3],73,-1,277,-1,265
1,<environment.Job instance at 0x7fda93ea8d70>,73,26,[ 4 12],74,-1,291,-1,265
1,<environment.Job instance at 0x7fda943b40f0>,74,12,[ 4 12],75,-1,277,-1,265
1,<environment.Job instance at 0x7fda943b4640>,76,18,[14  4],77,-1,294,-1,276
1,<environment.Job instance at 0x7fda9d3810f0>,78,15,[ 2 12],79,-1,292,-1,277
1,<environment.Job instance at 0x7fda9378c820>,80,28,[13  2],81,-1,310,-1,282
1,<environment.Job instance at 0x7fda94036730>,83,27,[3 6],84,-1,324,-1,297
1,<environment.Job instance at 0x7fda94789190>,85,22,[ 4 10],86,-1,338,-1,316
1,<environment.Job instance at 0x7fda94796e60>,86,28,[6 3],87,-1,347,-1,319
1,<environment.Job instance at 0x7fda9392a6e0>,89,13,[13  2],90,-1,340,-1,327
1,<environment.Job instance at 0x7fda9495ae10>,91,27,[ 5 12],92,-1,367,-1,340
1,<environment.Job instance at 0x7fda936257d0>,92,17,[ 1 11],93,-1,357,-1,340
1,<environment.Job instance at 0x7fda9364a960>,98,23,[ 4 11],99,-1,388,-1,365
1,<environment.Job instance at 0x7fda9364afa0>,102,17,[11  3],103,-1,410,-1,393
1,<environment.Job instance at 0x7fda9364a3c0>,106,25,[3 6],107,-1,437,-1,412
1,<environment.Job instance at 0x7fda9364a690>,107,1,[ 2 12],108,-1,413,-1,412
1,<environment.Job instance at 0x7fda9399f3c0>,108,14,[14  4],109,-1,426,-1,412
1,<environment.Job instance at 0x7fda947ffd70>,7,14,[12  4],8,-1,22,-1,8
1,<environment.Job instance at 0x7fda947ff4b0>,8,25,[ 2 10],9,-1,34,-1,9
1,<environment.Job instance at 0x7fda947ffcd0>,9,24,[14  1],10,-1,34,-1,10
1,<environment.Job instance at 0x7fda947ff910>,10,2,[4 8],11,-1,14,-1,12
1,<environment.Job instance at 0x7fda947ff6e0>,12,16,[8 2],13,-1,34,-1,18
1,<environment.Job instance at 0x7fda947ff3c0>,14,14,[7 1],15,-1,32,-1,18
1,<environment.Job instance at 0x7fda947ff1e0>,15,28,[6 1],16,-1,46,-1,18
1,<environment.Job instance at 0x7fda947ff410>,16,22,[2 6],17,-1,40,-1,18
1,<environment.Job instance at 0x7fda947ea4b0>,19,20,[1 5],20,-1,44,-1,24
1,<environment.Job instance at 0x7fda947eaa50>,20,23,[7 5],21,-1,47,-1,24
1,<environment.Job instance at 0x7fda947eab40>,21,17,[9 1],22,-1,76,-1,59
1,<environment.Job instance at 0x7fda947eafa0>,25,18,[ 5 11],26,-1,82,-1,64
1,<environment.Job instance at 0x7fda947ea820>,27,1,[14  4],28,-1,77,-1,76
1,<environment.Job instance at 0x7fda947eae60>,28,18,[11  4],29,-1,94,-1,76
1,<environment.Job instance at 0x7fda947ebbe0>,31,20,[3 5],32,-1,159,-1,139
1,<environment.Job instance at 0x7fda947eb9b0>,36,17,[12  2],37,-1,156,-1,139
1,<environment.Job instance at 0x7fda947ebd20>,37,2,[4 8],38,-1,141,-1,139
1,<environment.Job instance at 0x7fda947ebc30>,38,22,[3 7],39,-1,165,-1,143
1,<environment.Job instance at 0x7fda947ebeb0>,40,21,[1 7],41,-1,169,-1,148
1,<environment.Job instance at 0x7fda947eb7d0>,41,14,[3 7],42,-1,171,-1,157
1,<environment.Job instance at 0x7fda947eb6e0>,42,17,[14  5],43,-1,174,-1,157
1,<environment.Job instance at 0x7fda946d3910>,43,12,[11  5],44,-1,169,-1,157
1,<environment.Job instance at 0x7fda946d3a00>,44,12,[8 5],45,-1,169,-1,157
1,<environment.Job instance at 0x7fda946d3780>,45,12,[9 1],46,-1,169,-1,157
1,<environment.Job instance at 0x7fda946d3d20>,48,12,[ 1 13],49,-1,191,-1,179
1,<environment.Job instance at 0x7fda946d3dc0>,49,14,[11  1],50,-1,193,-1,179
1,<environment.Job instance at 0x7fda946d38c0>,50,14,[14  1],51,-1,193,-1,179
1,<environment.Job instance at 0x7fda946d3fa0>,51,24,[5 5],52,-1,203,-1,179
1,<environment.Job instance at 0x7fda946d3aa0>,52,15,[ 4 11],53,-1,194,-1,179
1,<environment.Job instance at 0x7fda946d3af0>,54,21,[ 1 14],55,-1,211,-1,190
1,<environment.Job instance at 0x7fda93de4370>,57,16,[ 4 14],58,-1,212,-1,196
1,<environment.Job instance at 0x7fda93de4cd0>,58,14,[ 4 10],59,-1,221,-1,207
1,<environment.Job instance at 0x7fda93de4820>,61,1,[ 5 11],62,-1,208,-1,207
1,<environment.Job instance at 0x7fda93de4eb0>,62,12,[4 8],63,-1,219,-1,207
1,<environment.Job instance at 0x7fda93de4c80>,63,16,[6 2],64,-1,223,-1,207
1,<environment.Job instance at 0x7fda93de48c0>,64,20,[1 9],65,-1,228,-1,208
1,<environment.Job instance at 0x7fda93de4050>,71,1,[ 3 12],72,-1,260,-1,259
1,<environment.Job instance at 0x7fda94805690>,72,24,[10  3],73,-1,283,-1,259
1,<environment.Job instance at 0x7fda948057d0>,73,3,[1 9],74,-1,262,-1,259
1,<environment.Job instance at 0x7fda94805af0>,74,3,[11  1],75,-1,262,-1,259
1,<environment.Job instance at 0x7fda94805dc0>,78,21,[13  1],79,-1,327,-1,306
1,<environment.Job instance at 0x7fda948053c0>,80,22,[10  5],81,-1,338,-1,316
1,<environment.Job instance at 0x7fda94805140>,83,1,[10  4],84,-1,327,-1,326
1,<environment.Job instance at 0x7fda94805500>,84,2,[6 2],85,-1,328,-1,326
1,<environment.Job instance at 0x7fda948050a0>,86,25,[9 4],87,-1,355,-1,330
1,<environment.Job instance at 0x7fda94805d20>,87,26,[ 3 11],88,-1,356,-1,330
1,<environment.Job instance at 0x7fda93dba230>,89,26,[12  4],90,-1,369,-1,343
1,<environment.Job instance at 0x7fda93dba690>,90,16,[12  4],91,-1,359,-1,343
1,<environment.Job instance at 0x7fda93dba0f0>,91,26,[5 2],92,-1,369,-1,343
1,<environment.Job instance at 0x7fda93dba050>,92,24,[9 3],93,-1,367,-1,343
1,<environment.Job instance at 0x7fda93dbadc0>,93,26,[6 3],94,-1,369,-1,343
1,<environment.Job instance at 0x7fda93dbabe0>,94,13,[8 2],95,-1,356,-1,343
1,<environment.Job instance at 0x7fda93dbad20>,95,20,[14  3],96,-1,363,-1,343
1,<environment.Job instance at 0x7fda93dba780>,96,16,[ 1 10],97,-1,359,-1,343
1,<environment.Job instance at 0x7fda93dbae60>,98,22,[3 8],99,-1,382,-1,360
1,<environment.Job instance at 0x7fda93dbafa0>,101,26,[2 6],102,-1,399,-1,373
1,<environment.Job instance at 0x7fda93dba960>,102,21,[6 2],103,-1,399,-1,378
1,<environment.Job instance at 0x7fda93dba8c0>,103,25,[1 6],104,-1,403,-1,378
1,<environment.Job instance at 0x7fda9427a9b0>,108,16,[13  3],109,-1,420,-1,404
1,<environment.Job instance at 0x7fda94b77b40>,4,19,[13  1],5,-1,24,-1,5
1,<environment.Job instance at 0x7fda94b81190>,12,28,[14  1],13,-1,77,-1,49
1,<environment.Job instance at 0x7fda94b81230>,13,25,[10  1],14,-1,74,-1,49
1,<environment.Job instance at 0x7fda94b812d0>,14,14,[ 1 14],15,-1,63,-1,49
1,<environment.Job instance at 0x7fda94b81370>,15,21,[ 1 14],16,-1,70,-1,49
1,<environment.Job instance at 0x7fda94b82460>,40,18,[ 1 13],41,-1,265,-1,247
1,<environment.Job instance at 0x7fda94b82500>,41,26,[ 3 10],42,-1,273,-1,247
1,<environment.Job instance at 0x7fda94b825a0>,42,12,[ 4 10],43,-1,259,-1,247
1,<environment.Job instance at 0x7fda94b82640>,43,22,[ 3 12],44,-1,269,-1,247
1,<environment.Job instance at 0x7fda94b826e0>,44,28,[8 3],45,-1,275,-1,247
1,<environment.Job instance at 0x7fda94b82960>,48,18,[ 1 10],49,-1,325,-1,307
1,<environment.Job instance at 0x7fda94b82cd0>,52,13,[ 5 10],53,-1,336,-1,323
1,<environment.Job instance at 0x7fda94b70230>,60,21,[ 5 11],61,-1,390,-1,369
1,<environment.Job instance at 0x7fda94b702d0>,61,1,[1 5],62,-1,370,-1,369
1,<environment.Job instance at 0x7fda94b70550>,65,17,[14  4],66,-1,401,-1,384
1,<environment.Job instance at 0x7fda94b70730>,67,16,[12  2],68,-1,412,-1,396
1,<environment.Job instance at 0x7fda94b70780>,68,13,[ 4 14],69,-1,409,-1,396
1,<environment.Job instance at 0x7fda94b700a0>,71,13,[14  3],72,-1,423,-1,410
1,<environment.Job instance at 0x7fda94b70af0>,73,2,[6 2],74,-1,415,-1,413
1,<environment.Job instance at 0x7fda94b70cd0>,76,12,[11  5],77,-1,440,-1,428
1,<environment.Job instance at 0x7fda947e8050>,77,18,[ 3 10],78,-1,532,-1,514
1,<environment.Job instance at 0x7fda94b832d0>,85,26,[ 1 11],86,-1,540,-1,514
1,<environment.Job instance at 0x7fda94b83500>,86,12,[13  4],87,-1,526,-1,514
1,<environment.Job instance at 0x7fda94b830f0>,87,3,[9 1],88,-1,517,-1,514
1,<environment.Job instance at 0x7fda94b83320>,88,15,[ 1 11],89,-1,529,-1,514
1,<environment.Job instance at 0x7fda949c0870>,96,27,[12  4],97,-1,603,-1,576
1,<environment.Job instance at 0x7fda9430b0f0>,97,24,[ 1 10],98,-1,600,-1,576
1,<environment.Job instance at 0x7fda93aa0960>,102,13,[11  1],103,-1,627,-1,614
1,<environment.Job instance at 0x7fda937800a0>,103,17,[14  5],104,-1,631,-1,614
1,<environment.Job instance at 0x7fda93a12550>,104,14,[13  2],105,-1,628,-1,614
1,<environment.Job instance at 0x7fda934e6aa0>,105,16,[ 5 13],106,-1,630,-1,614
1,<environment.Job instance at 0x7fda934e63c0>,106,28,[14  3],107,-1,642,-1,614
1,<environment.Job instance at 0x7fda935211e0>,108,13,[ 3 13],109,-1,643,-1,630
1,<environment.Job instance at 0x7fda94b81780>,21,25,[9 4],22,-1,1076,-1,1051
1,<environment.Job instance at 0x7fda93e26960>,3,14,[ 5 14],4,-1,18,-1,4
1,<environment.Job instance at 0x7fda93e26c30>,10,22,[ 2 14],11,-1,36,-1,14
1,<environment.Job instance at 0x7fda93e26be0>,11,25,[9 2],12,-1,39,-1,14
1,<environment.Job instance at 0x7fda93a37870>,14,25,[6 3],15,-1,52,-1,27
1,<environment.Job instance at 0x7fda93a37910>,15,17,[14  3],16,-1,44,-1,27
1,<environment.Job instance at 0x7fda93a37e60>,16,16,[ 1 13],17,-1,43,-1,27
1,<environment.Job instance at 0x7fda93a37a50>,17,25,[ 4 12],18,-1,52,-1,27
1,<environment.Job instance at 0x7fda93a37640>,18,23,[ 1 10],19,-1,50,-1,27
1,<environment.Job instance at 0x7fda93a37960>,20,13,[ 2 11],21,-1,51,-1,38
1,<environment.Job instance at 0x7fda93a37b40>,22,14,[14  1],23,-1,64,-1,50
1,<environment.Job instance at 0x7fda93a37230>,23,19,[ 3 11],24,-1,69,-1,50
1,<environment.Job instance at 0x7fda93a37be0>,25,15,[14  4],26,-1,79,-1,64
1,<environment.Job instance at 0x7fda93a37370>,26,28,[4 5],27,-1,92,-1,64
1,<environment.Job instance at 0x7fda93a37d20>,28,15,[11  4],29,-1,80,-1,65
1,<environment.Job instance at 0x7fda93a37690>,29,28,[3 6],30,-1,93,-1,65
1,<environment.Job instance at 0x7fda93a37c80>,30,13,[ 5 10],31,-1,78,-1,65
1,<environment.Job instance at 0x7fda93c30550>,31,17,[12  3],32,-1,82,-1,65
1,<environment.Job instance at 0x7fda93c30690>,32,14,[ 4 10],33,-1,79,-1,65
1,<environment.Job instance at 0x7fda93c30780>,33,22,[ 3 13],34,-1,87,-1,65
1,<environment.Job instance at 0x7fda93c30910>,35,2,[ 5 10],36,-1,75,-1,73
1,<environment.Job instance at 0x7fda93c30aa0>,36,12,[ 4 12],37,-1,85,-1,73
1,<environment.Job instance at 0x7fda93c301e0>,37,3,[2 6],38,-1,76,-1,73
1,<environment.Job instance at 0x7fda93c30b90>,38,28,[ 4 11],39,-1,101,-1,73
1,<environment.Job instance at 0x7fda93c30140>,41,19,[ 2 11],42,-1,112,-1,93
1,<environment.Job instance at 0x7fda93c305f0>,42,12,[14  5],43,-1,105,-1,93
1,<environment.Job instance at 0x7fda93c30b40>,43,27,[10  1],44,-1,120,-1,93
1,<environment.Job instance at 0x7fda93c308c0>,45,18,[ 5 12],46,-1,111,-1,93
1,<environment.Job instance at 0x7fda93c30190>,46,25,[11  3],47,-1,118,-1,93
1,<environment.Job instance at 0x7fda943daeb0>,52,26,[ 3 13],53,-1,161,-1,135
1,<environment.Job instance at 0x7fda943dabe0>,57,28,[6 1],58,-1,208,-1,180
1,<environment.Job instance at 0x7fda943da6e0>,62,3,[ 5 11],63,-1,227,-1,224
1,<environment.Job instance at 0x7fda943da0a0>,64,3,[8 3],65,-1,242,-1,239
1,<environment.Job instance at 0x7fda93959fa0>,67,18,[ 3 12],68,-1,257,-1,239
1,<environment.Job instance at 0x7fda93959dc0>,69,20,[14  4],70,-1,270,-1,250
1,<environment.Job instance at 0x7fda93e27140>,71,26,[ 3 12],72,-1,286,-1,260
1,<environment.Job instance at 0x7fda93e27fa0>,72,12,[12  1],73,-1,272,-1,260
1,<environment.Job instance at 0x7fda93e277d0>,74,20,[12  4],75,-1,280,-1,260
1,<environment.Job instance at 0x7fda93e27780>,75,1,[3 5],76,-1,261,-1,260
1,<environment.Job instance at 0x7fda9489a280>,82,26,[7 5],83,-1,344,-1,318
1,<environment.Job instance at 0x7fda9489a820>,85,2,[ 3 10],86,-1,327,-1,325
1,<environment.Job instance at 0x7fda9489a2d0>,86,1,[1 8],87,-1,326,-1,325
1,<environment.Job instance at 0x7fda9489a690>,87,13,[13  5],88,-1,338,-1,325
1,<environment.Job instance at 0x7fda9489a320>,88,1,[6 5],89,-1,326,-1,325
1,<environment.Job instance at 0x7fda9d413910>,89,28,[5 5],90,-1,353,-1,325
1,<environment.Job instance at 0x7fda9d413f50>,90,15,[12  4],91,-1,340,-1,325
1,<environment.Job instance at 0x7fda9d4136e0>,91,25,[9 3],92,-1,350,-1,325
1,<environment.Job instance at 0x7fda9d413870>,94,12,[ 4 14],95,-1,355,-1,343
1,<environment.Job instance at 0x7fda9d413780>,95,21,[ 4 14],96,-1,364,-1,343
1,<environment.Job instance at 0x7fda9d413410>,96,14,[ 1 13],97,-1,357,-1,343
1,<environment.Job instance at 0x7fda949910f0>,97,16,[12  5],98,-1,359,-1,343
1,<environment.Job instance at 0x7fda949915f0>,98,28,[4 5],99,-1,371,-1,343
1,<environment.Job instance at 0x7fda949912d0>,101,25,[ 2 14],102,-1,368,-1,343
1,<environment.Job instance at 0x7fda949915a0>,102,1,[ 1 11],103,-1,344,-1,343
1,<environment.Job instance at 0x7fda949914b0>,103,28,[1 8],104,-1,372,-1,344
1,<environment.Job instance at 0x7fda9398afa0>,3,16,[ 4 11],4,-1,20,-1,4
1,<environment.Job instance at 0x7fda9398aaf0>,4,28,[ 4 13],5,-1,33,-1,5
1,<environment.Job instance at 0x7fda9398a780>,5,15,[ 5 14],6,-1,21,-1,6
1,<environment.Job instance at 0x7fda9398a870>,6,3,[ 2 14],7,-1,10,-1,7
1,<environment.Job instance at 0x7fda9398a280>,7,14,[ 3 11],8,-1,22,-1,8
1,<environment.Job instance at 0x7fda935435a0>,15,23,[14  2],16,-1,52,-1,29
1,<environment.Job instance at 0x7fda94b5cb40>,22,17,[ 4 14],23,-1,86,-1,69
1,<environment.Job instance at 0x7fda94b5c4b0>,24,17,[12  4],25,-1,88,-1,71
1,<environment.Job instance at 0x7fda9d372d70>,25,14,[ 3 11],26,-1,85,-1,71
1,<environment.Job instance at 0x7fda9d372e60>,26,16,[ 4 13],27,-1,87,-1,71
1,<environment.Job instance at 0x7fda9d372280>,27,24,[ 1 11],28,-1,95,-1,71
1,<environment.Job instance at 0x7fda9d372cd0>,28,17,[ 4 11],29,-1,88,-1,71
1,<environment.Job instance at 0x7fda94206370>,30,15,[ 2 10],31,-1,99,-1,84
1,<environment.Job instance at 0x7fda94206cd0>,31,2,[3 6],32,-1,86,-1,84
1,<environment.Job instance at 0x7fda93b43410>,33,27,[ 3 10],34,-1,111,-1,84
1,<environment.Job instance at 0x7fda93b433c0>,34,25,[8 1],35,-1,109,-1,84
1,<environment.Job instance at 0x7fda93efcc30>,37,23,[5 4],38,-1,124,-1,101
1,<environment.Job instance at 0x7fda93efc9b0>,38,28,[3 6],39,-1,129,-1,101
1,<environment.Job instance at 0x7fda93efc460>,39,20,[14  5],40,-1,121,-1,101
1,<environment.Job instance at 0x7fda93efc320>,41,17,[14  1],42,-1,118,-1,101
1,<environment.Job instance at 0x7fda93efc370>,43,28,[4 5],44,-1,147,-1,119
1,<environment.Job instance at 0x7fda93f004b0>,44,26,[1 7],45,-1,145,-1,119
1,<environment.Job instance at 0x7fda93f00500>,46,23,[6 2],47,-1,151,-1,128
1,<environment.Job instance at 0x7fda93f002d0>,49,27,[3 8],50,-1,166,-1,139
1,<environment.Job instance at 0x7fda93f00d70>,51,2,[ 4 13],52,-1,149,-1,147
1,<environment.Job instance at 0x7fda93f00e60>,52,27,[10  5],53,-1,174,-1,147
1,<environment.Job instance at 0x7fda94b34550>,104,18,[ 2 13],105,-1,724,-1,706
1,<environment.Job instance at 0x7fda94c81d70>,107,18,[ 5 13],108,-1,739,-1,721
1,<environment.Job instance at 0x7fda94c81be0>,108,1,[12  2],109,-1,722,-1,721
1,<environment.Job instance at 0x7fda94b5c370>,1,15,[ 1 12],2,-1,17,-1,2
1,<environment.Job instance at 0x7fda94838370>,7,14,[ 1 10],8,-1,23,-1,9
1,<environment.Job instance at 0x7fda94a36050>,9,28,[10  2],10,-1,38,-1,10
1,<environment.Job instance at 0x7fda94a360a0>,10,19,[ 2 12],11,-1,30,-1,11
1,<environment.Job instance at 0x7fda94a36fa0>,11,20,[ 2 11],12,-1,32,-1,12
1,<environment.Job instance at 0x7fda94c661e0>,27,24,[ 1 13],28,-1,141,-1,117
1,<environment.Job instance at 0x7fda948f7280>,28,14,[ 5 13],29,-1,131,-1,117
1,<environment.Job instance at 0x7fda9d2fde60>,32,17,[1 6],33,-1,150,-1,133
1,<environment.Job instance at 0x7fda93db3eb0>,33,22,[3 6],34,-1,155,-1,133
1,<environment.Job instance at 0x7fda94d2b3c0>,34,13,[ 3 12],35,-1,146,-1,133
1,<environment.Job instance at 0x7fda94d2b9b0>,35,15,[6 1],36,-1,148,-1,133
1,<environment.Job instance at 0x7fda94d2bdc0>,36,12,[9 5],37,-1,145,-1,133
1,<environment.Job instance at 0x7fda9d58f460>,37,23,[5 9],38,-1,156,-1,133
1,<environment.Job instance at 0x7fda94dc97d0>,38,15,[4 8],39,-1,159,-1,144
1,<environment.Job instance at 0x7fda9d33f5f0>,40,27,[4 7],41,-1,173,-1,146
1,<environment.Job instance at 0x7fda93db4230>,41,13,[6 1],42,-1,159,-1,146
1,<environment.Job instance at 0x7fda93db4280>,42,16,[1 9],43,-1,162,-1,146
1,<environment.Job instance at 0x7fda9d33fb90>,43,3,[2 5],44,-1,149,-1,146
1,<environment.Job instance at 0x7fda93af0690>,44,12,[4 7],45,-1,158,-1,146
1,<environment.Job instance at 0x7fda93af0550>,45,3,[6 5],46,-1,149,-1,146
1,<environment.Job instance at 0x7fda94dcdfa0>,46,13,[4 7],47,-1,159,-1,146
1,<environment.Job instance at 0x7fda94dcd1e0>,48,23,[ 4 10],49,-1,175,-1,152
1,<environment.Job instance at 0x7fda93b05780>,49,12,[5 5],50,-1,164,-1,152
1,<environment.Job instance at 0x7fda93b05aa0>,50,14,[ 1 14],51,-1,166,-1,152
1,<environment.Job instance at 0x7fda93b05910>,51,16,[4 9],52,-1,168,-1,152
1,<environment.Job instance at 0x7fda93b05b90>,52,14,[11  4],53,-1,166,-1,152
1,<environment.Job instance at 0x7fda93b05e60>,53,17,[1 8],54,-1,169,-1,152
1,<environment.Job instance at 0x7fda93b05d20>,54,18,[ 4 12],55,-1,170,-1,152
1,<environment.Job instance at 0x7fda93b05d70>,55,13,[8 2],56,-1,165,-1,152
1,<environment.Job instance at 0x7fda93b05eb0>,56,3,[10  1],57,-1,155,-1,152
1,<environment.Job instance at 0x7fda93b05730>,57,25,[5 4],58,-1,177,-1,152
1,<environment.Job instance at 0x7fda93b05cd0>,58,14,[5 6],59,-1,171,-1,157
1,<environment.Job instance at 0x7fda93b05a00>,59,18,[10  1],60,-1,176,-1,158
1,<environment.Job instance at 0x7fda94dc1820>,61,16,[ 5 13],62,-1,177,-1,161
1,<environment.Job instance at 0x7fda94dc1af0>,62,17,[ 2 12],63,-1,178,-1,161
1,<environment.Job instance at 0x7fda94dc1960>,63,25,[9 2],64,-1,186,-1,161
1,<environment.Job instance at 0x7fda93b19280>,64,25,[ 1 13],65,-1,186,-1,161
1,<environment.Job instance at 0x7fda93b19550>,65,22,[7 2],66,-1,183,-1,161
1,<environment.Job instance at 0x7fda93b19730>,66,13,[6 5],67,-1,175,-1,162
1,<environment.Job instance at 0x7fda93b192d0>,68,13,[3 9],69,-1,190,-1,177
1,<environment.Job instance at 0x7fda93b196e0>,69,14,[5 3],70,-1,191,-1,177
1,<environment.Job instance at 0x7fda93b19370>,70,16,[ 4 10],71,-1,193,-1,177
1,<environment.Job instance at 0x7fda93b19960>,71,12,[3 5],72,-1,189,-1,177
1,<environment.Job instance at 0x7fda93af3140>,72,14,[ 2 12],73,-1,191,-1,177
1,<environment.Job instance at 0x7fda93af31e0>,73,13,[ 1 10],74,-1,190,-1,177
1,<environment.Job instance at 0x7fda93af3320>,74,17,[1 6],75,-1,194,-1,177
1,<environment.Job instance at 0x7fda93af33c0>,75,16,[9 3],76,-1,201,-1,185
1,<environment.Job instance at 0x7fda93af3460>,76,3,[5 9],77,-1,188,-1,185
1,<environment.Job instance at 0x7fda93af3640>,78,16,[7 2],79,-1,203,-1,187
1,<environment.Job instance at 0x7fda93af3690>,79,21,[1 5],80,-1,208,-1,187
1,<environment.Job instance at 0x7fda93af36e0>,80,1,[5 2],81,-1,188,-1,187
1,<environment.Job instance at 0x7fda93af38c0>,81,14,[ 2 10],82,-1,201,-1,187
1,<environment.Job instance at 0x7fda93af3870>,82,3,[ 3 11],83,-1,190,-1,187
1,<environment.Job instance at 0x7fda93af3820>,83,18,[2 7],84,-1,206,-1,188
1,<environment.Job instance at 0x7fda93af3a50>,84,12,[ 1 13],85,-1,200,-1,188
1,<environment.Job instance at 0x7fda93af3be0>,86,22,[9 3],87,-1,214,-1,192
1,<environment.Job instance at 0x7fda93af3cd0>,87,28,[1 5],88,-1,220,-1,192
1,<environment.Job instance at 0x7fda93af3c80>,88,12,[ 4 14],89,-1,204,-1,192
1,<environment.Job instance at 0x7fda93af3e10>,89,28,[8 5],90,-1,220,-1,192
1,<environment.Job instance at 0x7fda93af3f50>,91,21,[14  2],92,-1,227,-1,206
1,<environment.Job instance at 0x7fda93af3dc0>,93,14,[ 2 11],94,-1,220,-1,206
1,<environment.Job instance at 0x7fda93afc190>,94,22,[7 5],95,-1,228,-1,206
1,<environment.Job instance at 0x7fda93afc230>,95,21,[9 1],96,-1,228,-1,207
1,<environment.Job instance at 0x7fda93afc050>,96,28,[6 5],97,-1,235,-1,207
1,<environment.Job instance at 0x7fda93afc370>,99,20,[14  4],100,-1,256,-1,236
1,<environment.Job instance at 0x7fda93afc550>,100,3,[14  3],101,-1,239,-1,236
1,<environment.Job instance at 0x7fda93afc5f0>,101,18,[12  4],102,-1,254,-1,236
1,<environment.Job instance at 0x7fda93afc690>,102,18,[ 4 13],103,-1,254,-1,236
1,<environment.Job instance at 0x7fda93afc820>,105,18,[ 4 11],106,-1,286,-1,268
1,<environment.Job instance at 0x7fda93afc8c0>,106,27,[6 5],107,-1,295,-1,268
1,<environment.Job instance at 0x7fda93afc960>,107,27,[ 3 13],108,-1,295,-1,268
1,<environment.Job instance at 0x7fc211526eb0>,8,15,[ 4 13],9,-1,29,-1,14
1,<environment.Job instance at 0x7fc211526c30>,10,12,[2 8],11,-1,31,-1,19
1,<environment.Job instance at 0x7fc211526fa0>,11,12,[8 4],12,-1,37,-1,25
1,<environment.Job instance at 0x7fc211529410>,14,21,[8 1],15,-1,57,-1,36
1,<environment.Job instance at 0x7fc211529370>,15,15,[12  2],16,-1,51,-1,36
1,<environment.Job instance at 0x7fc211529320>,16,28,[5 1],17,-1,64,-1,36
1,<environment.Job instance at 0x7fc211529500>,17,12,[6 4],18,-1,48,-1,36
1,<environment.Job instance at 0x7fc211529140>,18,18,[13  1],19,-1,54,-1,36
1,<environment.Job instance at 0x7fc211529730>,19,23,[8 4],20,-1,59,-1,36
1,<environment.Job instance at 0x7fc211529640>,20,17,[ 2 14],21,-1,53,-1,36
1,<environment.Job instance at 0x7fc2115295f0>,21,14,[ 4 11],22,-1,50,-1,36
1,<environment.Job instance at 0x7fc2115297d0>,22,13,[7 4],23,-1,49,-1,36
1,<environment.Job instance at 0x7fc211529870>,23,16,[12  2],24,-1,52,-1,36
1,<environment.Job instance at 0x7fc211529910>,24,2,[4 6],25,-1,38,-1,36
1,<environment.Job instance at 0x7fc211529a50>,25,2,[5 7],26,-1,38,-1,36
1,<environment.Job instance at 0x7fc211529be0>,26,12,[8 5],27,-1,48,-1,36
1,<environment.Job instance at 0x7fc211529b40>,27,17,[4 6],28,-1,53,-1,36
1,<environment.Job instance at 0x7fc211529cd0>,28,17,[ 1 13],29,-1,53,-1,36
1,<environment.Job instance at 0x7fc211529d70>,29,24,[4 7],30,-1,60,-1,36
1,<environment.Job instance at 0x7fc211529e60>,30,26,[9 4],31,-1,62,-1,36
1,<environment.Job instance at 0x7fc211529eb0>,31,15,[9 2],32,-1,52,-1,37
1,<environment.Job instance at 0x7fc211529f50>,32,12,[12  3],33,-1,49,-1,37
1,<environment.Job instance at 0x7fc211529af0>,33,21,[12  3],34,-1,58,-1,37
1,<environment.Job instance at 0x7fc211529c80>,34,12,[3 6],35,-1,49,-1,37
1,<environment.Job instance at 0x7fc21152d2d0>,36,25,[12  3],37,-1,69,-1,44
1,<environment.Job instance at 0x7fc21152d3c0>,38,24,[13  2],39,-1,77,-1,53
1,<environment.Job instance at 0x7fc21152d5a0>,41,12,[8 3],42,-1,83,-1,71
1,<environment.Job instance at 0x7fc21152d640>,42,12,[ 5 12],43,-1,83,-1,71
1,<environment.Job instance at 0x7fc21152d6e0>,43,16,[1 8],44,-1,87,-1,71
1,<environment.Job instance at 0x7fc21152d8c0>,44,12,[9 3],45,-1,83,-1,71
1,<environment.Job instance at 0x7fc21152d870>,45,12,[ 3 14],46,-1,83,-1,71
1,<environment.Job instance at 0x7fc21152d960>,47,14,[12  2],48,-1,86,-1,72
1,<environment.Job instance at 0x7fc21152da00>,48,14,[ 1 11],49,-1,86,-1,72
1,<environment.Job instance at 0x7fc21152daa0>,49,13,[1 5],50,-1,85,-1,72
1,<environment.Job instance at 0x7fc21152db40>,50,13,[ 4 12],51,-1,85,-1,72
1,<environment.Job instance at 0x7fc21152de10>,53,12,[ 3 14],54,-1,105,-1,93
1,<environment.Job instance at 0x7fc21152de60>,54,3,[ 3 13],55,-1,96,-1,93
1,<environment.Job instance at 0x7fc21152dfa0>,56,2,[4 7],57,-1,101,-1,99
1,<environment.Job instance at 0x7fc21152d140>,57,17,[ 2 14],58,-1,116,-1,99
1,<environment.Job instance at 0x7fc21152d0a0>,58,28,[10  3],59,-1,127,-1,99
1,<environment.Job instance at 0x7fc21152f1e0>,59,21,[9 1],60,-1,121,-1,100
1,<environment.Job instance at 0x7fc21152f280>,60,14,[ 2 10],61,-1,114,-1,100
1,<environment.Job instance at 0x7fc21152f320>,61,2,[ 1 12],62,-1,102,-1,100
1,<environment.Job instance at 0x7fc21152f3c0>,62,2,[5 9],63,-1,102,-1,100
1,<environment.Job instance at 0x7fc21152f050>,63,21,[5 5],64,-1,122,-1,101
1,<environment.Job instance at 0x7fc21152f0f0>,64,12,[5 6],65,-1,114,-1,102
1,<environment.Job instance at 0x7fc21152f6e0>,66,28,[3 6],67,-1,136,-1,108
1,<environment.Job instance at 0x7fc21152f780>,67,16,[1 9],68,-1,124,-1,108
1,<environment.Job instance at 0x7fc21152f8c0>,69,14,[9 4],70,-1,127,-1,113
1,<environment.Job instance at 0x7fc21152f960>,70,22,[ 3 10],71,-1,135,-1,113
1,<environment.Job instance at 0x7fc21152fd70>,75,28,[ 2 10],76,-1,165,-1,137
1,<environment.Job instance at 0x7fc21152fe10>,76,13,[10  1],77,-1,150,-1,137
1,<environment.Job instance at 0x7fc21152feb0>,77,16,[8 1],78,-1,153,-1,137
1,<environment.Job instance at 0x7fc21152faa0>,78,14,[6 1],79,-1,151,-1,137
1,<environment.Job instance at 0x7fc21152fb40>,79,19,[12  3],80,-1,156,-1,137
1,<environment.Job instance at 0x7fc211532230>,82,21,[4 8],83,-1,173,-1,152
1,<environment.Job instance at 0x7fc2115322d0>,83,18,[ 3 10],84,-1,170,-1,152
1,<environment.Job instance at 0x7fc211532460>,84,1,[5 5],85,-1,153,-1,152
1,<environment.Job instance at 0x7fc211532500>,85,15,[1 7],86,-1,172,-1,157
1,<environment.Job instance at 0x7fc211532550>,86,3,[6 3],87,-1,160,-1,157
1,<environment.Job instance at 0x7fc211532730>,89,17,[ 5 14],90,-1,184,-1,167
1,<environment.Job instance at 0x7fc2115327d0>,90,22,[9 2],91,-1,189,-1,167
1,<environment.Job instance at 0x7fc211532870>,91,15,[9 1],92,-1,182,-1,167
1,<environment.Job instance at 0x7fc211532910>,92,23,[9 1],93,-1,190,-1,167
1,<environment.Job instance at 0x7fc211532a50>,93,25,[ 1 13],94,-1,192,-1,167
1,<environment.Job instance at 0x7fc211532b90>,94,21,[14  5],95,-1,188,-1,167
1,<environment.Job instance at 0x7fc211532f50>,99,2,[13  5],100,-1,203,-1,201
1,<environment.Job instance at 0x7fc211532d20>,100,28,[5 9],101,-1,229,-1,201
1,<environment.Job instance at 0x7fc211532fa0>,101,15,[ 2 13],102,-1,216,-1,201
1,<environment.Job instance at 0x7fc211535190>,102,13,[11  4],103,-1,214,-1,201
1,<environment.Job instance at 0x7fc211532f00>,103,16,[1 9],104,-1,217,-1,201
1,<environment.Job instance at 0x7fc2115352d0>,104,1,[ 1 10],105,-1,202,-1,201
1,<environment.Job instance at 0x7fc211535410>,106,22,[ 4 14],107,-1,232,-1,210
1,<environment.Job instance at 0x7fc2115353c0>,109,27,[ 3 11],110,-1,251,-1,224
1,<environment.Job instance at 0x7fc2115356e0>,110,23,[5 1],111,-1,247,-1,224
1,<environment.Job instance at 0x7fc211535780>,111,17,[12  4],112,-1,241,-1,224
1,<environment.Job instance at 0x7fc211535820>,112,12,[1 6],113,-1,236,-1,224
1,<environment.Job instance at 0x7fc211535460>,113,17,[5 1],114,-1,241,-1,224
1,<environment.Job instance at 0x7fc2115359b0>,115,2,[1 6],116,-1,239,-1,237
1,<environment.Job instance at 0x7fc211535a50>,116,12,[8 4],117,-1,257,-1,245
1,<environment.Job instance at 0x7fc211535af0>,117,22,[10  3],118,-1,268,-1,246
1,<environment.Job instance at 0x7fc211535b90>,118,13,[9 1],119,-1,259,-1,246
1,<environment.Job instance at 0x7fc211526c80>,7,26,[9 3],8,-1,8457,-1,8431
1,<environment.Job instance at 0x7fc2114be190>,1,2,[ 5 14],2,-1,4,-1,2
1,<environment.Job instance at 0x7fc210c710a0>,2,25,[1 8],3,-1,28,-1,3
1,<environment.Job instance at 0x7fc210c66690>,3,3,[10  3],4,-1,7,-1,4
1,<environment.Job instance at 0x7fc210c6fd70>,11,13,[ 3 14],12,-1,25,-1,12
1,<environment.Job instance at 0x7fc210c6faf0>,16,1,[9 5],17,-1,31,-1,30
1,<environment.Job instance at 0x7fc210c6f320>,17,28,[ 2 10],18,-1,58,-1,30
1,<environment.Job instance at 0x7fc210c6f870>,18,24,[6 5],19,-1,54,-1,30
1,<environment.Job instance at 0x7fc210c6b4b0>,20,1,[ 3 11],21,-1,31,-1,30
1,<environment.Job instance at 0x7fc210c6bdc0>,22,15,[ 2 13],23,-1,55,-1,40
1,<environment.Job instance at 0x7fc210c6b3c0>,23,26,[7 2],24,-1,66,-1,40
1,<environment.Job instance at 0x7fc210e78f00>,24,20,[13  4],25,-1,60,-1,40
1,<environment.Job instance at 0x7fc210c6b960>,25,3,[9 2],26,-1,43,-1,40
1,<environment.Job instance at 0x7fc210d41eb0>,27,2,[3 8],28,-1,45,-1,43
1,<environment.Job instance at 0x7fc210d50d70>,38,1,[14  3],39,-1,134,-1,133
1,<environment.Job instance at 0x7fc210d50640>,39,2,[ 1 10],40,-1,135,-1,133
1,<environment.Job instance at 0x7fc210b272d0>,67,27,[ 3 12],68,-1,498,-1,471
1,<environment.Job instance at 0x7fc210c6f6e0>,70,3,[9 5],71,-1,491,-1,488
1,<environment.Job instance at 0x7fc210b275f0>,71,15,[ 2 14],72,-1,503,-1,488
1,<environment.Job instance at 0x7fc210c72a00>,73,26,[3 9],74,-1,514,-1,488
1,<environment.Job instance at 0x7fc210c72140>,74,15,[13  1],75,-1,503,-1,488
1,<environment.Job instance at 0x7fc210ac03c0>,80,2,[11  3],81,-1,525,-1,523
1,<environment.Job instance at 0x7fc210ac0820>,88,12,[14  4],89,-1,599,-1,587
1,<environment.Job instance at 0x7fc210c71fa0>,91,12,[ 4 14],92,-1,616,-1,604
1,<environment.Job instance at 0x7fc210c713c0>,92,16,[ 5 12],93,-1,620,-1,604
1,<environment.Job instance at 0x7fc210c71320>,94,16,[ 1 14],95,-1,637,-1,621
1,<environment.Job instance at 0x7fc210abe9b0>,95,18,[ 1 14],96,-1,639,-1,621
1,<environment.Job instance at 0x7fc210abef00>,98,25,[4 8],99,-1,663,-1,638
1,<environment.Job instance at 0x7fc210abe410>,99,3,[11  3],100,-1,641,-1,638
1,<environment.Job instance at 0x7fc210abe280>,100,15,[14  2],101,-1,653,-1,638
1,<environment.Job instance at 0x7fc210abed70>,101,18,[11  1],102,-1,656,-1,638
1,<environment.Job instance at 0x7fc210abebe0>,103,17,[12  1],104,-1,670,-1,653
1,<environment.Job instance at 0x7fc210abc500>,114,12,[13  1],115,-1,761,-1,749
1,<environment.Job instance at 0x7fc210abc140>,115,13,[ 1 12],116,-1,762,-1,749
1,<environment.Job instance at 0x7fc210abc550>,4,27,[ 4 13],5,-1,32,-1,5
1,<environment.Job instance at 0x7fc210aec370>,6,27,[11  1],7,-1,34,-1,7
1,<environment.Job instance at 0x7fc210aecd20>,10,23,[1 8],11,-1,34,-1,11
1,<environment.Job instance at 0x7fc210aec190>,11,27,[5 6],12,-1,39,-1,12
1,<environment.Job instance at 0x7fc210aec0f0>,14,26,[ 2 13],15,-1,46,-1,20
1,<environment.Job instance at 0x7fc21ac88690>,15,28,[14  4],16,-1,48,-1,20
1,<environment.Job instance at 0x7fc21ac88280>,16,1,[3 9],17,-1,21,-1,20
1,<environment.Job instance at 0x7fc21ac886e0>,17,20,[ 4 11],18,-1,40,-1,20
1,<environment.Job instance at 0x7fc210ac1a00>,20,27,[1 5],21,-1,69,-1,42
1,<environment.Job instance at 0x7fc210ac1f00>,21,26,[5 3],22,-1,68,-1,42
1,<environment.Job instance at 0x7fc210ac1b90>,23,18,[ 1 10],24,-1,60,-1,42
1,<environment.Job instance at 0x7fc210ac1050>,24,15,[14  2],25,-1,57,-1,42
1,<environment.Job instance at 0x7fc210ac1370>,25,22,[3 7],26,-1,66,-1,44
1,<environment.Job instance at 0x7fc210ac19b0>,27,14,[9 1],28,-1,70,-1,56
1,<environment.Job instance at 0x7fc210ac15f0>,29,28,[ 2 10],30,-1,84,-1,56
1,<environment.Job instance at 0x7fc210ac1690>,30,2,[13  1],31,-1,58,-1,56
1,<environment.Job instance at 0x7fc210ac10f0>,36,20,[11  2],37,-1,121,-1,101
1,<environment.Job instance at 0x7fc210ac1c30>,37,26,[2 8],38,-1,127,-1,101
1,<environment.Job instance at 0x7fc21ac80320>,39,20,[ 4 10],40,-1,123,-1,103
1,<environment.Job instance at 0x7fc21ac804b0>,41,2,[7 3],42,-1,118,-1,116
1,<environment.Job instance at 0x7fc21ac80370>,43,2,[5 7],44,-1,134,-1,132
1,<environment.Job instance at 0x7fc21ac805f0>,44,2,[8 1],45,-1,134,-1,132
1,<environment.Job instance at 0x7fc21ac803c0>,45,27,[9 5],46,-1,159,-1,132
1,<environment.Job instance at 0x7fc21abbacd0>,47,14,[12  2],48,-1,146,-1,132
1,<environment.Job instance at 0x7fc21abbab40>,48,2,[ 4 11],49,-1,134,-1,132
1,<environment.Job instance at 0x7fc21abbafa0>,49,3,[9 4],50,-1,135,-1,132
1,<environment.Job instance at 0x7fc21abba320>,50,2,[2 9],51,-1,134,-1,132
1,<environment.Job instance at 0x7fc21abba370>,53,27,[2 7],54,-1,171,-1,144
1,<environment.Job instance at 0x7fc21abba5a0>,54,13,[8 2],55,-1,168,-1,155
1,<environment.Job instance at 0x7fc21abbae10>,55,27,[1 5],56,-1,182,-1,155
1,<environment.Job instance at 0x7fc21abba280>,57,15,[14  2],58,-1,171,-1,156
1,<environment.Job instance at 0x7fc21abbad70>,58,2,[8 3],59,-1,158,-1,156
1,<environment.Job instance at 0x7fc21abba960>,62,17,[13  5],63,-1,193,-1,176
1,<environment.Job instance at 0x7fc21abba460>,63,13,[ 5 14],64,-1,189,-1,176
1,<environment.Job instance at 0x7fc210ad0820>,64,3,[4 5],65,-1,179,-1,176
1,<environment.Job instance at 0x7fc210ad0fa0>,71,18,[ 1 11],72,-1,239,-1,221
1,<environment.Job instance at 0x7fc210ad0870>,74,25,[5 6],75,-1,262,-1,237
1,<environment.Job instance at 0x7fc210ad0b90>,76,14,[11  4],77,-1,271,-1,257
1,<environment.Job instance at 0x7fc210ad00a0>,79,28,[11  2],80,-1,299,-1,271
1,<environment.Job instance at 0x7fc21ab98280>,83,27,[ 4 13],84,-1,334,-1,307
1,<environment.Job instance at 0x7fc21ab983c0>,84,28,[1 8],85,-1,335,-1,307
1,<environment.Job instance at 0x7fc21ab98190>,85,12,[13  4],86,-1,319,-1,307
1,<environment.Job instance at 0x7fc210bb5410>,86,12,[ 5 12],87,-1,319,-1,307
1,<environment.Job instance at 0x7fc210bb5870>,87,28,[7 4],88,-1,335,-1,307
1,<environment.Job instance at 0x7fc210bb58c0>,88,27,[4 6],89,-1,334,-1,307
1,<environment.Job instance at 0x7fc210bb5af0>,90,20,[4 9],91,-1,346,-1,326
1,<environment.Job instance at 0x7fc210bb5f00>,92,27,[12  5],93,-1,359,-1,332
1,<environment.Job instance at 0x7fc210bb5140>,94,2,[5 5],95,-1,334,-1,332
1,<environment.Job instance at 0x7fc210bb5280>,95,3,[9 3],96,-1,335,-1,332
1,<environment.Job instance at 0x7fc210bb54b0>,96,3,[10  2],97,-1,335,-1,332
1,<environment.Job instance at 0x7fc210bb5e60>,97,15,[ 2 10],98,-1,353,-1,338
1,<environment.Job instance at 0x7fc210bb5820>,98,18,[12  2],99,-1,356,-1,338
1,<environment.Job instance at 0x7fc210bb5d70>,99,23,[5 8],100,-1,361,-1,338
1,<environment.Job instance at 0x7fc210b23230>,102,21,[ 4 14],103,-1,370,-1,349
1,<environment.Job instance at 0x7fc210b23370>,104,20,[2 5],105,-1,370,-1,350
1,<environment.Job instance at 0x7fc210b23320>,105,13,[12  1],106,-1,363,-1,350
1,<environment.Job instance at 0x7fc210b230f0>,106,12,[14  3],107,-1,362,-1,350
1,<environment.Job instance at 0x7fc210b23140>,107,1,[ 4 11],108,-1,351,-1,350
1,<environment.Job instance at 0x7fc210b23f00>,108,14,[2 9],109,-1,365,-1,351
1,<environment.Job instance at 0x7fc210b32820>,110,1,[ 4 10],111,-1,367,-1,366
1,<environment.Job instance at 0x7fc210b32b40>,111,25,[7 5],112,-1,391,-1,366
1,<environment.Job instance at 0x7fc210b32190>,114,25,[2 8],115,-1,392,-1,367
1,<environment.Job instance at 0x7fc210b325a0>,117,28,[8 2],118,-1,407,-1,379
1,<environment.Job instance at 0x7fc210b32a50>,118,26,[8 3],119,-1,405,-1,379
1,<environment.Job instance at 0x7fc210aec140>,13,18,[ 1 11],14,-1,499,-1,481
1,<environment.Job instance at 0x7fc210aeccd0>,7,24,[6 2],8,-1,2425,-1,2401
1,<environment.Job instance at 0x7fc210abbb40>,1,15,[ 3 13],2,-1,17,-1,2
1,<environment.Job instance at 0x7fc210af2be0>,8,18,[ 5 14],9,-1,27,-1,9
1,<environment.Job instance at 0x7fc210af2d20>,15,26,[6 1],16,-1,65,-1,39
1,<environment.Job instance at 0x7fc210af2500>,16,28,[5 9],17,-1,67,-1,39
1,<environment.Job instance at 0x7fc210af2190>,17,24,[4 8],18,-1,70,-1,46
1,<environment.Job instance at 0x7fc210af2dc0>,19,1,[10  5],20,-1,47,-1,46
1,<environment.Job instance at 0x7fc210af2230>,20,2,[ 2 12],21,-1,48,-1,46
1,<environment.Job instance at 0x7fc210af2f50>,22,24,[7 4],23,-1,83,-1,59
1,<environment.Job instance at 0x7fc21102c8c0>,36,16,[14  5],37,-1,212,-1,196
1,<environment.Job instance at 0x7fc21102c2d0>,38,27,[14  3],39,-1,223,-1,196
1,<environment.Job instance at 0x7fc21102c870>,39,18,[ 1 14],40,-1,214,-1,196
1,<environment.Job instance at 0x7fc21102ca50>,41,15,[11  2],42,-1,221,-1,206
1,<environment.Job instance at 0x7fc21102c6e0>,42,13,[ 1 12],43,-1,219,-1,206
1,<environment.Job instance at 0x7fc2110b28c0>,45,16,[ 4 11],46,-1,237,-1,221
1,<environment.Job instance at 0x7fc2110b2b40>,46,17,[13  3],47,-1,238,-1,221
1,<environment.Job instance at 0x7fc2110b2370>,47,22,[ 3 11],48,-1,243,-1,221
1,<environment.Job instance at 0x7fc210af2820>,2,12,[ 4 11],3,-1,15,-1,3
1,<environment.Job instance at 0x7fc210f3b780>,4,14,[ 1 13],5,-1,19,-1,5
1,<environment.Job instance at 0x7fc21204b280>,6,25,[5 3],7,-1,33,-1,8
1,<environment.Job instance at 0x7fc212055370>,15,28,[13  5],16,-1,76,-1,48
1,<environment.Job instance at 0x7fc212055820>,16,23,[6 4],17,-1,71,-1,48
1,<environment.Job instance at 0x7fc212055f50>,17,21,[3 8],18,-1,72,-1,51
1,<environment.Job instance at 0x7fc212055500>,19,12,[5 5],20,-1,63,-1,51
1,<environment.Job instance at 0x7fc21204d730>,21,25,[5 5],22,-1,90,-1,65
1,<environment.Job instance at 0x7fc21204d9b0>,22,26,[12  3],23,-1,91,-1,65
1,<environment.Job instance at 0x7fc21204dc30>,23,2,[14  4],24,-1,67,-1,65
1,<environment.Job instance at 0x7fc21204de10>,25,24,[ 5 13],26,-1,89,-1,65
1,<environment.Job instance at 0x7fc21204d0a0>,26,25,[7 5],27,-1,90,-1,65
1,<environment.Job instance at 0x7fc21204dd70>,28,3,[ 5 13],29,-1,87,-1,84
1,<environment.Job instance at 0x7fc210e7b5f0>,29,18,[ 1 14],30,-1,102,-1,84
1,<environment.Job instance at 0x7fc21204d4b0>,30,19,[14  4],31,-1,103,-1,84
1,<environment.Job instance at 0x7fc210e93e60>,31,14,[14  2],32,-1,98,-1,84
1,<environment.Job instance at 0x7fc210ea6960>,37,14,[11  1],38,-1,132,-1,118
1,<environment.Job instance at 0x7fc210c2bfa0>,38,22,[ 3 11],39,-1,140,-1,118
1,<environment.Job instance at 0x7fc210c1ff50>,39,16,[12  3],40,-1,134,-1,118
1,<environment.Job instance at 0x7fc21198a870>,41,14,[14  1],42,-1,139,-1,125
1,<environment.Job instance at 0x7fc21198a910>,42,16,[12  4],43,-1,141,-1,125
1,<environment.Job instance at 0x7fc210c19640>,45,17,[ 4 13],46,-1,163,-1,146
1,<environment.Job instance at 0x7fc210c19320>,47,14,[7 2],48,-1,170,-1,156
1,<environment.Job instance at 0x7fc21198d0f0>,48,27,[13  4],49,-1,183,-1,156
1,<environment.Job instance at 0x7fc21195d690>,49,17,[13  4],50,-1,173,-1,156
1,<environment.Job instance at 0x7fc2119596e0>,50,13,[14  2],51,-1,169,-1,156
1,<environment.Job instance at 0x7fc2119595f0>,52,24,[10  1],53,-1,183,-1,159
1,<environment.Job instance at 0x7fc211959c80>,55,16,[ 2 10],56,-1,195,-1,179
1,<environment.Job instance at 0x7fc211959d20>,57,12,[ 4 10],58,-1,191,-1,179
1,<environment.Job instance at 0x7fc211959f00>,58,1,[11  3],59,-1,180,-1,179
1,<environment.Job instance at 0x7fc211959af0>,59,25,[2 7],60,-1,204,-1,179
1,<environment.Job instance at 0x7fc2119599b0>,61,14,[10  2],62,-1,196,-1,182
1,<environment.Job instance at 0x7fc211227500>,64,12,[ 4 10],65,-1,215,-1,203
1,<environment.Job instance at 0x7fc2111fb230>,73,22,[ 5 13],74,-1,279,-1,257
1,<environment.Job instance at 0x7fc2111fb370>,75,27,[11  2],76,-1,296,-1,269
1,<environment.Job instance at 0x7fc2111fb4b0>,77,14,[ 3 10],78,-1,284,-1,270
1,<environment.Job instance at 0x7fc2111fb5f0>,79,22,[ 4 12],80,-1,304,-1,282
1,<environment.Job instance at 0x7fc2111fb7d0>,82,27,[10  1],83,-1,327,-1,300
1,<environment.Job instance at 0x7fc2111fb9b0>,84,13,[ 5 11],85,-1,316,-1,303
1,<environment.Job instance at 0x7fc2111fb820>,85,27,[12  2],86,-1,330,-1,303
1,<environment.Job instance at 0x7fc2111fbaf0>,86,13,[10  1],87,-1,316,-1,303
1,<environment.Job instance at 0x7fc2111fbc30>,88,24,[1 9],89,-1,342,-1,318
1,<environment.Job instance at 0x7fc2111fbe10>,91,27,[ 1 14],92,-1,356,-1,329
1,<environment.Job instance at 0x7fc2111fbeb0>,92,12,[12  1],93,-1,341,-1,329
1,<environment.Job instance at 0x7fc2111fb780>,93,2,[3 7],94,-1,331,-1,329
1,<environment.Job instance at 0x7fc2111fbf00>,95,23,[3 6],96,-1,352,-1,329
1,<environment.Job instance at 0x7fc21204a230>,97,27,[7 1],98,-1,362,-1,335
1,<environment.Job instance at 0x7fc21204a2d0>,98,26,[ 3 10],99,-1,361,-1,335
1,<environment.Job instance at 0x7fc21204a370>,99,15,[ 3 10],100,-1,365,-1,350
1,<environment.Job instance at 0x7fc21204a410>,100,2,[10  3],101,-1,352,-1,350
1,<environment.Job instance at 0x7fc21204a0a0>,102,14,[14  2],103,-1,364,-1,350
1,<environment.Job instance at 0x7fc21204a140>,103,26,[7 3],104,-1,376,-1,350
1,<environment.Job instance at 0x7fc21204a640>,104,24,[8 2],105,-1,374,-1,350
1,<environment.Job instance at 0x7fc21204a730>,106,12,[11  1],107,-1,363,-1,351
1,<environment.Job instance at 0x7fc21204a7d0>,107,17,[11  3],108,-1,368,-1,351
1,<environment.Job instance at 0x7fc21204a870>,108,16,[12  1],109,-1,367,-1,351
1,<environment.Job instance at 0x7fc21204a9b0>,109,15,[ 4 13],110,-1,366,-1,351
1,<environment.Job instance at 0x7fc21204aa00>,110,28,[13  1],111,-1,379,-1,351
1,<environment.Job instance at 0x7fc21204aa50>,111,24,[4 7],112,-1,375,-1,351
1,<environment.Job instance at 0x7fc21204abe0>,113,26,[7 3],114,-1,386,-1,360
1,<environment.Job instance at 0x7fc21204ae60>,117,13,[10  2],118,-1,410,-1,397
1,<environment.Job instance at 0x7fc210c12190>,4,14,[ 1 10],5,-1,21,-1,7
1,<environment.Job instance at 0x7fc210f878c0>,8,25,[5 8],9,-1,34,-1,9
1,<environment.Job instance at 0x7fc210f87e60>,10,16,[ 1 13],11,-1,33,-1,17
1,<environment.Job instance at 0x7fc210f87b90>,11,28,[2 7],12,-1,45,-1,17
1,<environment.Job instance at 0x7fc210f87050>,13,25,[3 9],14,-1,44,-1,19
1,<environment.Job instance at 0x7fc210f87dc0>,16,23,[2 8],17,-1,70,-1,47
1,<environment.Job instance at 0x7fc210f87af0>,20,15,[14  1],21,-1,62,-1,47
1,<environment.Job instance at 0x7fc211bafc30>,21,24,[13  2],22,-1,71,-1,47
1,<environment.Job instance at 0x7fc210f87d20>,19,27,[5 7],20,-1,91,-1,64
1,<environment.Job instance at 0x7fc211bafe60>,29,3,[9 5],30,-1,93,-1,90
1,<environment.Job instance at 0x7fc211baf050>,30,3,[1 8],31,-1,93,-1,90
1,<environment.Job instance at 0x7fc211baf7d0>,31,28,[9 2],32,-1,118,-1,90
1,<environment.Job instance at 0x7fc211bafaa0>,32,15,[12  2],33,-1,105,-1,90
1,<environment.Job instance at 0x7fc211baf690>,33,2,[10  2],34,-1,92,-1,90
1,<environment.Job instance at 0x7fc211baa870>,35,13,[12  4],36,-1,106,-1,93
1,<environment.Job instance at 0x7fc211baad20>,38,26,[11  5],39,-1,131,-1,105
1,<environment.Job instance at 0x7fc211baaaf0>,39,28,[4 9],40,-1,133,-1,105
1,<environment.Job instance at 0x7fc211baa9b0>,41,1,[1 5],42,-1,106,-1,105
1,<environment.Job instance at 0x7fc211baa640>,46,14,[14  5],47,-1,149,-1,135
1,<environment.Job instance at 0x7fc211baaeb0>,48,18,[ 4 11],49,-1,165,-1,147
1,<environment.Job instance at 0x7fc211baa460>,49,18,[ 3 12],50,-1,165,-1,147
1,<environment.Job instance at 0x7fc211bcbb90>,51,24,[13  4],52,-1,171,-1,147
1,<environment.Job instance at 0x7fc211bcbb40>,52,19,[ 2 13],53,-1,166,-1,147
1,<environment.Job instance at 0x7fc211bcb320>,55,24,[12  4],56,-1,189,-1,165
1,<environment.Job instance at 0x7fc211bcbdc0>,61,27,[12  2],62,-1,222,-1,195
1,<environment.Job instance at 0x7fc211bb74b0>,62,2,[10  5],63,-1,197,-1,195
1,<environment.Job instance at 0x7fc211bcb6e0>,63,17,[12  2],64,-1,212,-1,195
1,<environment.Job instance at 0x7fc211bb6870>,65,26,[9 4],66,-1,227,-1,201
1,<environment.Job instance at 0x7fc211bb6cd0>,66,21,[12  2],67,-1,222,-1,201
1,<environment.Job instance at 0x7fc211bb6230>,67,25,[6 2],68,-1,241,-1,216
1,<environment.Job instance at 0x7fc211bb6690>,72,14,[ 5 13],73,-1,246,-1,232
1,<environment.Job instance at 0x7fc211bb6f00>,74,22,[ 4 13],75,-1,254,-1,232
1,<environment.Job instance at 0x7fc210f2b3c0>,79,2,[10  4],80,-1,261,-1,259
1,<environment.Job instance at 0x7fc210f2b050>,80,13,[ 2 11],81,-1,272,-1,259
1,<environment.Job instance at 0x7fc210f2b1e0>,82,28,[9 2],83,-1,295,-1,267
1,<environment.Job instance at 0x7fc211fd0be0>,88,15,[ 2 12],89,-1,320,-1,305
1,<environment.Job instance at 0x7fc211fd0820>,89,24,[ 1 11],90,-1,329,-1,305
1,<environment.Job instance at 0x7fc211fd0af0>,92,18,[ 3 14],93,-1,335,-1,317
1,<environment.Job instance at 0x7fc211fd0d20>,93,2,[3 6],94,-1,319,-1,317
1,<environment.Job instance at 0x7fc21134dd70>,95,28,[10  4],96,-1,345,-1,317
1,<environment.Job instance at 0x7fc21134de60>,96,16,[ 4 10],97,-1,351,-1,335
1,<environment.Job instance at 0x7fc21134dc30>,101,1,[5 9],102,-1,349,-1,348
1,<environment.Job instance at 0x7fc21134d820>,103,1,[ 2 11],104,-1,362,-1,361
1,<environment.Job instance at 0x7fc21134d8c0>,104,26,[6 3],105,-1,387,-1,361
1,<environment.Job instance at 0x7fc21134d410>,109,2,[ 2 13],110,-1,402,-1,400
1,<environment.Job instance at 0x7fc21134d320>,110,15,[ 2 12],111,-1,415,-1,400
1,<environment.Job instance at 0x7fc21134d140>,111,12,[10  1],112,-1,413,-1,401
1,<environment.Job instance at 0x7fc21165cb90>,114,18,[ 3 13],115,-1,428,-1,410
1,<environment.Job instance at 0x7fc21165c780>,115,18,[14  1],116,-1,428,-1,410
1,<environment.Job instance at 0x7fc21165c7d0>,116,24,[14  1],117,-1,434,-1,410
1,<environment.Job instance at 0x7fc21165c5a0>,118,25,[9 2],119,-1,437,-1,412
1,<environment.Job instance at 0x7fc21134d550>,98,18,[ 1 10],99,-1,2943,-1,2925
1,<environment.Job instance at 0x7fc210dea410>,4,20,[ 3 12],5,-1,25,-1,5
1,<environment.Job instance at 0x7fc210dc5730>,7,3,[13  1],8,-1,12,-1,9
1,<environment.Job instance at 0x7fc210dea690>,9,19,[13  1],10,-1,29,-1,10
1,<environment.Job instance at 0x7fc210dd1500>,10,16,[9 1],11,-1,50,-1,34
1,<environment.Job instance at 0x7fc210de2190>,19,26,[7 1],20,-1,82,-1,56
1,<environment.Job instance at 0x7fc210de3410>,20,22,[8 3],21,-1,78,-1,56
1,<environment.Job instance at 0x7fc210de28c0>,22,17,[8 2],23,-1,81,-1,64
1,<environment.Job instance at 0x7fc210de2280>,23,18,[ 2 12],24,-1,82,-1,64
1,<environment.Job instance at 0x7fc210de2640>,26,27,[9 5],27,-1,112,-1,85
1,<environment.Job instance at 0x7fc2110f5370>,27,14,[ 3 12],28,-1,99,-1,85
1,<environment.Job instance at 0x7fc211ce1e60>,30,16,[ 5 13],31,-1,120,-1,104
1,<environment.Job instance at 0x7fc2111076e0>,31,22,[ 2 14],32,-1,126,-1,104
1,<environment.Job instance at 0x7fc210bd60f0>,33,1,[6 2],34,-1,121,-1,120
1,<environment.Job instance at 0x7fc210bd6730>,34,24,[12  4],35,-1,144,-1,120
1,<environment.Job instance at 0x7fc2111012d0>,42,25,[10  1],43,-1,198,-1,173
1,<environment.Job instance at 0x7fc2111215a0>,43,13,[ 5 11],44,-1,186,-1,173
1,<environment.Job instance at 0x7fc2111025a0>,44,12,[ 3 14],45,-1,185,-1,173
1,<environment.Job instance at 0x7fc211cafc30>,46,13,[ 2 13],47,-1,186,-1,173
1,<environment.Job instance at 0x7fc211caf9b0>,47,14,[13  2],48,-1,187,-1,173
1,<environment.Job instance at 0x7fc211523fa0>,48,18,[11  2],49,-1,191,-1,173
1,<environment.Job instance at 0x7fc211523b90>,49,25,[ 1 10],50,-1,198,-1,173
1,<environment.Job instance at 0x7fc211cdd460>,50,13,[ 2 12],51,-1,186,-1,173
1,<environment.Job instance at 0x7fc211cdd4b0>,51,3,[5 7],52,-1,178,-1,175
1,<environment.Job instance at 0x7fc211cdac30>,56,16,[ 2 13],57,-1,227,-1,211
1,<environment.Job instance at 0x7fc211cb1fa0>,64,26,[ 4 14],65,-1,282,-1,256
1,<environment.Job instance at 0x7fc211cb1140>,66,3,[ 4 12],67,-1,264,-1,261
1,<environment.Job instance at 0x7fc211cb1e10>,68,1,[5 6],69,-1,273,-1,272
1,<environment.Job instance at 0x7fc211cb1410>,69,25,[5 4],70,-1,297,-1,272
1,<environment.Job instance at 0x7fc211cb12d0>,71,23,[6 5],72,-1,302,-1,279
1,<environment.Job instance at 0x7fc211cb1f00>,73,13,[13  3],74,-1,304,-1,291
1,<environment.Job instance at 0x7fc210beaf00>,74,25,[ 5 14],75,-1,316,-1,291
1,<environment.Job instance at 0x7fc210beaeb0>,75,27,[5 5],76,-1,318,-1,291
1,<environment.Job instance at 0x7fc210beadc0>,76,17,[ 5 13],77,-1,308,-1,291
1,<environment.Job instance at 0x7fc210bc91e0>,78,17,[ 4 11],79,-1,310,-1,293
1,<environment.Job instance at 0x7fc210bc9280>,79,14,[14  5],80,-1,307,-1,293
1,<environment.Job instance at 0x7fc210bc9320>,80,27,[8 5],81,-1,320,-1,293
1,<environment.Job instance at 0x7fc210bc93c0>,81,23,[12  4],82,-1,316,-1,293
1,<environment.Job instance at 0x7fc210bc95a0>,84,3,[ 1 13],85,-1,315,-1,312
1,<environment.Job instance at 0x7fc210bc9690>,86,14,[ 1 12],87,-1,326,-1,312
1,<environment.Job instance at 0x7fc210bc97d0>,87,15,[ 4 14],88,-1,327,-1,312
1,<environment.Job instance at 0x7fc210bc9910>,89,28,[ 4 14],90,-1,357,-1,329
1,<environment.Job instance at 0x7fc210bc99b0>,90,21,[ 5 12],91,-1,350,-1,329
1,<environment.Job instance at 0x7fc210bc9c30>,94,27,[3 8],95,-1,373,-1,346
1,<environment.Job instance at 0x7fc210bc9cd0>,95,2,[1 8],96,-1,348,-1,346
1,<environment.Job instance at 0x7fc210bd1190>,102,27,[10  4],103,-1,429,-1,402
1,<environment.Job instance at 0x7fc210bd1460>,104,27,[ 1 14],105,-1,447,-1,420
1,<environment.Job instance at 0x7fc210bd1320>,106,15,[11  1],107,-1,435,-1,420
1,<environment.Job instance at 0x7fc210bd1500>,107,14,[ 3 13],108,-1,434,-1,420
1,<environment.Job instance at 0x7fc210bd1640>,109,21,[ 4 14],110,-1,451,-1,430
1,<environment.Job instance at 0x7fc210bd18c0>,113,18,[ 2 11],114,-1,458,-1,440
1,<environment.Job instance at 0x7fc210bd1a00>,115,14,[ 4 14],116,-1,471,-1,457
1,<environment.Job instance at 0x7fc210bd1aa0>,116,28,[12  5],117,-1,485,-1,457
1,<environment.Job instance at 0x7fc210bd1b40>,117,13,[12  5],118,-1,470,-1,457
1,<environment.Job instance at 0x7fc21a6cd960>,6,26,[8 5],7,-1,33,-1,7
1,<environment.Job instance at 0x7fc21a6cdcd0>,11,24,[8 5],12,-1,42,-1,18
1,<environment.Job instance at 0x7fc21a6cd820>,14,16,[ 2 13],15,-1,54,-1,38
1,<environment.Job instance at 0x7fc21a6cdd70>,17,3,[ 4 10],18,-1,52,-1,49
1,<environment.Job instance at 0x7fc21a6cdf50>,18,26,[3 6],19,-1,75,-1,49
1,<environment.Job instance at 0x7fc21a6cd460>,21,17,[ 4 12],22,-1,82,-1,65
1,<environment.Job instance at 0x7fc21a6cddc0>,23,3,[10  2],24,-1,77,-1,74
1,<environment.Job instance at 0x7fc21a6cd190>,25,2,[13  1],26,-1,80,-1,78
1,<environment.Job instance at 0x7fc211905460>,26,13,[11  1],27,-1,91,-1,78
1,<environment.Job instance at 0x7fc211905690>,27,22,[10  1],28,-1,233,-1,211
1,<environment.Job instance at 0x7fc211905820>,42,13,[ 3 10],43,-1,234,-1,221
1,<environment.Job instance at 0x7fc2113d6190>,49,23,[4 9],50,-1,275,-1,252
1,<environment.Job instance at 0x7fc2113d65a0>,50,24,[5 2],51,-1,276,-1,252
1,<environment.Job instance at 0x7fc2113d6e10>,52,17,[ 1 14],53,-1,284,-1,267
1,<environment.Job instance at 0x7fc2113d6550>,53,25,[2 9],54,-1,292,-1,267
1,<environment.Job instance at 0x7fc2113d6b40>,62,21,[ 3 13],63,-1,340,-1,319
1,<environment.Job instance at 0x7fc21172df00>,68,14,[13  3],69,-1,381,-1,367
1,<environment.Job instance at 0x7fc21172d5a0>,69,2,[3 9],70,-1,369,-1,367
1,<environment.Job instance at 0x7fc21172d140>,71,17,[ 3 11],72,-1,389,-1,372
1,<environment.Job instance at 0x7fc21172deb0>,73,2,[7 1],74,-1,394,-1,392
1,<environment.Job instance at 0x7fc21172d500>,74,3,[2 6],75,-1,395,-1,392
1,<environment.Job instance at 0x7fc21172d0a0>,75,27,[1 6],76,-1,419,-1,392
1,<environment.Job instance at 0x7fc21172dfa0>,76,27,[8 5],77,-1,419,-1,392
1,<environment.Job instance at 0x7fc21172de10>,78,26,[10  5],79,-1,418,-1,392
1,<environment.Job instance at 0x7fc21172da50>,81,14,[14  4],82,-1,420,-1,406
1,<environment.Job instance at 0x7fc21172d1e0>,84,20,[ 2 11],85,-1,439,-1,419
1,<environment.Job instance at 0x7fc21172dd70>,85,3,[ 4 11],86,-1,422,-1,419
1,<environment.Job instance at 0x7fc21172d9b0>,86,16,[13  3],87,-1,435,-1,419
1,<environment.Job instance at 0x7fc210aa9b90>,87,26,[10  5],88,-1,445,-1,419
1,<environment.Job instance at 0x7fc210aa94b0>,89,13,[ 2 12],90,-1,439,-1,426
1,<environment.Job instance at 0x7fc210aa9b40>,91,17,[11  4],92,-1,449,-1,432
1,<environment.Job instance at 0x7fc210aa9320>,92,24,[4 6],93,-1,456,-1,432
1,<environment.Job instance at 0x7fc210aa9be0>,93,15,[ 2 13],94,-1,447,-1,432
1,<environment.Job instance at 0x7fc210aa9e60>,94,18,[11  2],95,-1,450,-1,432
1,<environment.Job instance at 0x7fc210aa9820>,97,18,[14  1],98,-1,470,-1,452
1,<environment.Job instance at 0x7fc210aa95a0>,98,23,[ 1 11],99,-1,475,-1,452
1,<environment.Job instance at 0x7fc210aa9230>,99,12,[ 3 12],100,-1,464,-1,452
1,<environment.Job instance at 0x7fc210aa9eb0>,103,13,[ 3 11],104,-1,483,-1,470
1,<environment.Job instance at 0x7fc21165e9b0>,106,15,[11  2],107,-1,503,-1,488
1,<environment.Job instance at 0x7fc21165ed20>,108,25,[7 2],109,-1,513,-1,488
1,<environment.Job instance at 0x7fc21165eaa0>,110,12,[ 3 12],111,-1,514,-1,502
1,<environment.Job instance at 0x7fc21165e3c0>,111,15,[11  5],112,-1,517,-1,502
1,<environment.Job instance at 0x7fc21165e320>,113,16,[13  2],114,-1,523,-1,507
1,<environment.Job instance at 0x7fc21165e730>,115,19,[12  5],116,-1,533,-1,514
1,<environment.Job instance at 0x7fc2113d6aa0>,2,27,[7 5],3,-1,30,-1,3
1,<environment.Job instance at 0x7fc2108de7d0>,4,25,[8 2],5,-1,30,-1,5
1,<environment.Job instance at 0x7fc2108de500>,6,14,[ 2 12],7,-1,21,-1,7
1,<environment.Job instance at 0x7fc2108de370>,14,28,[ 3 10],15,-1,44,-1,16
1,<environment.Job instance at 0x7fc2108dedc0>,15,25,[9 5],16,-1,41,-1,16
1,<environment.Job instance at 0x7fc2108b0870>,28,17,[ 3 13],29,-1,132,-1,115
1,<environment.Job instance at 0x7fc2108b0c80>,29,14,[14  2],30,-1,129,-1,115
1,<environment.Job instance at 0x7fc2108b02d0>,32,2,[ 5 11],33,-1,121,-1,119
1,<environment.Job instance at 0x7fc21089c370>,36,1,[ 4 10],37,-1,161,-1,160
1,<environment.Job instance at 0x7fc21089cc30>,39,1,[12  1],40,-1,173,-1,172
1,<environment.Job instance at 0x7fc21089cd20>,40,25,[9 1],41,-1,197,-1,172
1,<environment.Job instance at 0x7fc21089cb40>,43,22,[14  2],44,-1,206,-1,184
1,<environment.Job instance at 0x7fc21089c640>,47,18,[ 3 10],48,-1,244,-1,226
1,<environment.Job instance at 0x7fc21089ca50>,50,28,[7 5],51,-1,254,-1,226
1,<environment.Job instance at 0x7fc21089c960>,52,28,[14  2],53,-1,256,-1,228
1,<environment.Job instance at 0x7fc210922140>,54,13,[ 5 10],55,-1,246,-1,233
1,<environment.Job instance at 0x7fc2109222d0>,55,22,[ 5 14],56,-1,255,-1,233
1,<environment.Job instance at 0x7fc210922fa0>,56,26,[8 5],57,-1,259,-1,233
1,<environment.Job instance at 0x7fc210922320>,59,13,[13  5],60,-1,260,-1,247
1,<environment.Job instance at 0x7fc210922230>,60,14,[ 2 13],61,-1,261,-1,247
1,<environment.Job instance at 0x7fc210922e60>,62,12,[ 5 13],63,-1,275,-1,263
1,<environment.Job instance at 0x7fc210922870>,64,22,[13  3],65,-1,285,-1,263
1,<environment.Job instance at 0x7fc210922280>,65,26,[14  2],66,-1,289,-1,263
1,<environment.Job instance at 0x7fc210922be0>,66,20,[ 4 12],67,-1,283,-1,263
1,<environment.Job instance at 0x7fc210922c30>,67,13,[ 4 12],68,-1,276,-1,263
1,<environment.Job instance at 0x7fc210922dc0>,68,14,[5 1],69,-1,277,-1,263
1,<environment.Job instance at 0x7fc2109228c0>,70,16,[ 5 12],71,-1,294,-1,278
1,<environment.Job instance at 0x7fc210922a00>,71,22,[13  5],72,-1,300,-1,278
1,<environment.Job instance at 0x7fc2109224b0>,72,27,[5 3],73,-1,305,-1,278
1,<environment.Job instance at 0x7fc2108dbb90>,75,24,[5 4],76,-1,307,-1,283
1,<environment.Job instance at 0x7fc210b410f0>,76,18,[12  1],77,-1,301,-1,283
1,<environment.Job instance at 0x7fc2112fd0f0>,78,13,[ 5 14],79,-1,304,-1,291
1,<environment.Job instance at 0x7fc210b41190>,79,17,[ 5 13],80,-1,308,-1,291
1,<environment.Job instance at 0x7fc210fe4c80>,80,18,[12  5],81,-1,309,-1,291
1,<environment.Job instance at 0x7fc210fe48c0>,82,27,[5 1],83,-1,324,-1,297
1,<environment.Job instance at 0x7fc211549d70>,85,17,[ 5 12],86,-1,328,-1,311
1,<environment.Job instance at 0x7fc2115491e0>,86,3,[3 6],87,-1,314,-1,311
1,<environment.Job instance at 0x7fc211549370>,87,24,[7 4],88,-1,335,-1,311
1,<environment.Job instance at 0x7fc2115493c0>,89,1,[3 6],90,-1,326,-1,325
1,<environment.Job instance at 0x7fc211549460>,90,12,[12  3],91,-1,337,-1,325
1,<environment.Job instance at 0x7fc2113a99b0>,91,27,[6 5],92,-1,352,-1,325
1,<environment.Job instance at 0x7fc236ed8c30>,93,18,[9 1],94,-1,356,-1,338
1,<environment.Job instance at 0x7fc2112f1960>,94,17,[14  4],95,-1,355,-1,338
1,<environment.Job instance at 0x7fc210cf10f0>,97,16,[ 1 13],98,-1,356,-1,340
1,<environment.Job instance at 0x7fc210df9be0>,98,25,[4 7],99,-1,365,-1,340
1,<environment.Job instance at 0x7fc211affc80>,100,12,[13  5],101,-1,369,-1,357
1,<environment.Job instance at 0x7fc210ac07d0>,101,22,[14  4],102,-1,379,-1,357
1,<environment.Job instance at 0x7fc210ac0410>,102,27,[5 3],103,-1,384,-1,357
1,<environment.Job instance at 0x7fc210904dc0>,105,13,[7 1],106,-1,381,-1,368
1,<environment.Job instance at 0x7fc211757a00>,106,26,[3 7],107,-1,394,-1,368
1,<environment.Job instance at 0x7fc210904c30>,108,15,[11  4],109,-1,386,-1,371
1,<environment.Job instance at 0x7fc210ae4500>,109,18,[ 3 11],110,-1,389,-1,371
1,<environment.Job instance at 0x7fc210ff8e60>,110,23,[9 1],111,-1,394,-1,371
1,<environment.Job instance at 0x7fc2109a1320>,112,23,[11  3],113,-1,409,-1,386
1,<environment.Job instance at 0x7fc21a6d66e0>,113,19,[ 4 10],114,-1,431,-1,412
1,<environment.Job instance at 0x7fc21084df00>,118,25,[3 8],119,-1,437,-1,412
1,<environment.Job instance at 0x7fc21084d6e0>,117,28,[13  1],118,-1,440,-1,412
1,<environment.Job instance at 0x7fc211441af0>,2,24,[7 5],3,-1,27,-1,3
1,<environment.Job instance at 0x7fc211441a00>,3,22,[11  1],4,-1,26,-1,4
1,<environment.Job instance at 0x7fc211441f50>,4,14,[ 2 13],5,-1,19,-1,5
1,<environment.Job instance at 0x7fc211441c80>,6,28,[4 9],7,-1,35,-1,7
1,<environment.Job instance at 0x7fc2114418c0>,7,28,[ 5 11],8,-1,36,-1,8
1,<environment.Job instance at 0x7fc2114415a0>,10,18,[13  5],11,-1,29,-1,11
1,<environment.Job instance at 0x7fc2114410f0>,12,2,[5 9],13,-1,16,-1,14
1,<environment.Job instance at 0x7fc2114413c0>,14,14,[11  2],15,-1,29,-1,15
1,<environment.Job instance at 0x7fc211441960>,15,15,[12  2],16,-1,31,-1,16
1,<environment.Job instance at 0x7fc2114410a0>,16,2,[4 9],17,-1,19,-1,17
1,<environment.Job instance at 0x7fc211441b90>,17,19,[14  2],18,-1,37,-1,18
1,<environment.Job instance at 0x7fc211441460>,18,20,[ 5 12],19,-1,39,-1,19
1,<environment.Job instance at 0x7fc210c71050>,31,1,[8 4],32,-1,88,-1,87
1,<environment.Job instance at 0x7fc21ab11820>,39,15,[ 5 14],40,-1,152,-1,137
1,<environment.Job instance at 0x7fc21ab11fa0>,40,2,[4 7],41,-1,139,-1,137
1,<environment.Job instance at 0x7fc21ab11eb0>,41,12,[11  5],42,-1,151,-1,139
1,<environment.Job instance at 0x7fc21ab11190>,42,28,[8 5],43,-1,167,-1,139
1,<environment.Job instance at 0x7fc21138d640>,45,28,[7 3],46,-1,174,-1,146
1,<environment.Job instance at 0x7fc21138d1e0>,47,25,[1 5],48,-1,175,-1,150
1,<environment.Job instance at 0x7fc21138dfa0>,48,25,[ 3 10],49,-1,175,-1,150
1,<environment.Job instance at 0x7fc21138df50>,49,18,[ 2 11],50,-1,168,-1,150
1,<environment.Job instance at 0x7fc2110036e0>,56,23,[9 2],57,-1,325,-1,302
1,<environment.Job instance at 0x7fc211968320>,72,26,[14  5],73,-1,345,-1,319
1,<environment.Job instance at 0x7fc211968dc0>,73,12,[11  4],74,-1,331,-1,319
1,<environment.Job instance at 0x7fc211968690>,74,26,[8 3],75,-1,345,-1,319
1,<environment.Job instance at 0x7fc211968550>,76,2,[6 1],77,-1,321,-1,319
1,<environment.Job instance at 0x7fc211a355f0>,78,18,[14  4],79,-1,358,-1,340
1,<environment.Job instance at 0x7fc211a357d0>,82,24,[4 7],83,-1,374,-1,350
1,<environment.Job instance at 0x7fc211509aa0>,85,2,[12  1],86,-1,367,-1,365
1,<environment.Job instance at 0x7fc211509fa0>,87,23,[ 4 12],88,-1,393,-1,370
1,<environment.Job instance at 0x7fc2115092d0>,88,26,[ 4 14],89,-1,396,-1,370
1,<environment.Job instance at 0x7fc211509820>,89,15,[ 1 14],90,-1,385,-1,370
1,<environment.Job instance at 0x7fc211509190>,90,14,[11  2],91,-1,384,-1,370
1,<environment.Job instance at 0x7fc211509af0>,91,13,[13  4],92,-1,383,-1,370
1,<environment.Job instance at 0x7fc211509eb0>,93,27,[ 4 13],94,-1,410,-1,383
1,<environment.Job instance at 0x7fc211509960>,94,23,[ 4 10],95,-1,406,-1,383
1,<environment.Job instance at 0x7fc2120533c0>,95,15,[ 4 12],96,-1,398,-1,383
1,<environment.Job instance at 0x7fc212053140>,97,16,[ 5 11],98,-1,414,-1,398
1,<environment.Job instance at 0x7fc212053690>,98,28,[7 3],99,-1,426,-1,398
1,<environment.Job instance at 0x7fc212053870>,99,27,[3 8],100,-1,425,-1,398
1,<environment.Job instance at 0x7fc2120534b0>,100,23,[5 9],101,-1,427,-1,404
1,<environment.Job instance at 0x7fc212053910>,103,20,[ 1 10],104,-1,441,-1,421
1,<environment.Job instance at 0x7fc212053a00>,105,13,[11  4],106,-1,434,-1,421
1,<environment.Job instance at 0x7fc212053af0>,106,12,[11  5],107,-1,433,-1,421
1,<environment.Job instance at 0x7fc212053730>,109,1,[ 4 12],110,-1,425,-1,424
1,<environment.Job instance at 0x7fc212053280>,110,3,[ 4 14],111,-1,427,-1,424
1,<environment.Job instance at 0x7fc212053230>,111,15,[14  3],112,-1,439,-1,424
1,<environment.Job instance at 0x7fc212053f00>,117,21,[ 1 11],118,-1,489,-1,468
1,<environment.Job instance at 0x7fc211347e10>,118,1,[ 2 14],119,-1,469,-1,468
1,<environment.Job instance at 0x7fc211a35500>,2,16,[ 5 11],3,-1,19,-1,3
1,<environment.Job instance at 0x7fc2116afa00>,3,18,[13  4],4,-1,22,-1,4
1,<environment.Job instance at 0x7fc2116af5a0>,4,15,[ 3 14],5,-1,20,-1,5
1,<environment.Job instance at 0x7fc2116af780>,6,1,[12  5],7,-1,8,-1,7
1,<environment.Job instance at 0x7fc2116afbe0>,5,18,[13  2],6,-1,25,-1,7
1,<environment.Job instance at 0x7fc2116af6e0>,11,12,[ 4 14],12,-1,24,-1,12
1,<environment.Job instance at 0x7fc2112fd320>,16,13,[ 5 12],17,-1,39,-1,26
1,<environment.Job instance at 0x7fc2112fd280>,20,2,[3 9],21,-1,52,-1,50
1,<environment.Job instance at 0x7fc2112fd0f0>,21,28,[9 4],22,-1,78,-1,50
1,<environment.Job instance at 0x7fc210e71460>,23,12,[ 3 13],24,-1,64,-1,52
1,<environment.Job instance at 0x7fc210e71d70>,24,23,[6 2],25,-1,75,-1,52
1,<environment.Job instance at 0x7fc210e71320>,25,22,[1 9],26,-1,76,-1,54
1,<environment.Job instance at 0x7fc210e716e0>,27,24,[10  4],28,-1,78,-1,54
1,<environment.Job instance at 0x7fc210e71cd0>,28,24,[3 9],29,-1,78,-1,54
1,<environment.Job instance at 0x7fc210e71780>,29,18,[ 3 12],30,-1,72,-1,54
1,<environment.Job instance at 0x7fc210e71820>,30,18,[13  3],31,-1,72,-1,54
1,<environment.Job instance at 0x7fc210e715f0>,31,2,[1 5],32,-1,56,-1,54
1,<environment.Job instance at 0x7fc210e71140>,35,19,[ 5 13],36,-1,123,-1,104
1,<environment.Job instance at 0x7fc211bdf8c0>,41,17,[ 2 10],42,-1,155,-1,138
1,<environment.Job instance at 0x7fc211bdf870>,44,24,[5 9],45,-1,174,-1,150
1,<environment.Job instance at 0x7fc211bdfa00>,46,23,[3 9],47,-1,186,-1,163
1,<environment.Job instance at 0x7fc211bdfb40>,47,26,[8 5],48,-1,189,-1,163
1,<environment.Job instance at 0x7fc211bdf550>,49,1,[ 1 12],50,-1,179,-1,178
1,<environment.Job instance at 0x7fc211bdff00>,51,27,[10  5],52,-1,205,-1,178
1,<environment.Job instance at 0x7fc211bdfaa0>,53,2,[5 5],54,-1,185,-1,183
1,<environment.Job instance at 0x7fc2120be460>,54,15,[12  5],55,-1,198,-1,183
1,<environment.Job instance at 0x7fc2120be140>,55,24,[13  2],56,-1,207,-1,183
1,<environment.Job instance at 0x7fc2120be690>,59,24,[14  4],60,-1,240,-1,216
1,<environment.Job instance at 0x7fc2120bec80>,60,13,[14  5],61,-1,229,-1,216
1,<environment.Job instance at 0x7fc2120be2d0>,63,23,[6 1],64,-1,255,-1,232
1,<environment.Job instance at 0x7fc2120be190>,64,23,[ 5 10],65,-1,255,-1,232
1,<environment.Job instance at 0x7fc2120be410>,66,22,[ 1 14],67,-1,258,-1,236
1,<environment.Job instance at 0x7fc2120becd0>,67,3,[11  2],68,-1,239,-1,236
1,<environment.Job instance at 0x7fc2120be780>,68,25,[ 1 14],69,-1,261,-1,236
1,<environment.Job instance at 0x7fc2120bed70>,69,25,[12  3],70,-1,261,-1,236
1,<environment.Job instance at 0x7fc210d27eb0>,70,27,[ 4 11],71,-1,263,-1,236
1,<environment.Job instance at 0x7fc210d27a00>,71,15,[13  2],72,-1,251,-1,236
1,<environment.Job instance at 0x7fc210d27b90>,75,13,[10  3],76,-1,274,-1,261
1,<environment.Job instance at 0x7fc210d277d0>,78,16,[ 5 13],79,-1,284,-1,268
1,<environment.Job instance at 0x7fc210d27d20>,79,23,[5 5],80,-1,293,-1,270
1,<environment.Job instance at 0x7fc210d27730>,80,3,[ 4 14],81,-1,273,-1,270
1,<environment.Job instance at 0x7fc210d27230>,81,15,[14  4],82,-1,285,-1,270
1,<environment.Job instance at 0x7fc210d272d0>,83,25,[4 7],84,-1,295,-1,270
1,<environment.Job instance at 0x7fc210d274b0>,84,3,[11  5],85,-1,273,-1,270
1,<environment.Job instance at 0x7fc210d27410>,85,3,[ 4 14],86,-1,273,-1,270
1,<environment.Job instance at 0x7fc210d27280>,86,28,[ 4 11],87,-1,298,-1,270
1,<environment.Job instance at 0x7fc21197e820>,88,18,[11  1],89,-1,302,-1,284
1,<environment.Job instance at 0x7fc21197e0a0>,90,24,[3 8],91,-1,311,-1,287
1,<environment.Job instance at 0x7fc21197eeb0>,91,2,[5 4],92,-1,289,-1,287
1,<environment.Job instance at 0x7fc21197eb40>,92,27,[3 6],93,-1,314,-1,287
1,<environment.Job instance at 0x7fc21197e460>,95,15,[ 3 14],96,-1,320,-1,305
1,<environment.Job instance at 0x7fc21197ec80>,96,21,[10  1],97,-1,334,-1,313
1,<environment.Job instance at 0x7fc21197ee60>,98,27,[4 5],99,-1,340,-1,313
1,<environment.Job instance at 0x7fc21197efa0>,99,16,[11  1],100,-1,329,-1,313
1,<environment.Job instance at 0x7fc21197e8c0>,100,16,[ 1 12],101,-1,329,-1,313
1,<environment.Job instance at 0x7fc21197e690>,101,28,[10  5],102,-1,341,-1,313
1,<environment.Job instance at 0x7fc21197e280>,102,25,[8 4],103,-1,338,-1,313
1,<environment.Job instance at 0x7fc210def870>,104,18,[13  1],105,-1,341,-1,323
1,<environment.Job instance at 0x7fc210def280>,105,13,[ 3 10],106,-1,336,-1,323
1,<environment.Job instance at 0x7fc210def1e0>,106,14,[ 1 14],107,-1,337,-1,323
1,<environment.Job instance at 0x7fc210def6e0>,108,2,[10  1],109,-1,325,-1,323
1,<environment.Job instance at 0x7fc210def780>,109,25,[8 3],110,-1,348,-1,323
1,<environment.Job instance at 0x7fc210def190>,110,2,[5 5],111,-1,325,-1,323
1,<environment.Job instance at 0x7fc21177d1e0>,112,24,[11  1],113,-1,355,-1,331
1,<environment.Job instance at 0x7fc21177da50>,115,25,[5 7],116,-1,366,-1,341
1,<environment.Job instance at 0x7fc21177dbe0>,117,18,[11  2],118,-1,366,-1,348
1,<environment.Job instance at 0x7fc2108fee60>,4,1,[ 3 10],5,-1,7,-1,6
1,<environment.Job instance at 0x7fc2108fed70>,6,3,[7 4],7,-1,10,-1,7
1,<environment.Job instance at 0x7fc210fc0370>,15,26,[ 5 11],16,-1,89,-1,63
1,<environment.Job instance at 0x7fc210fc0f00>,18,26,[2 7],19,-1,104,-1,78
1,<environment.Job instance at 0x7fc210fc05a0>,20,3,[2 6],21,-1,89,-1,86
1,<environment.Job instance at 0x7fc210fc03c0>,22,26,[5 4],23,-1,115,-1,89
1,<environment.Job instance at 0x7fc210fc0cd0>,23,26,[ 1 10],24,-1,115,-1,89
1,<environment.Job instance at 0x7fc210fc0820>,28,28,[14  3],29,-1,168,-1,140
1,<environment.Job instance at 0x7fc210fc08c0>,30,3,[10  4],31,-1,164,-1,161
1,<environment.Job instance at 0x7fc211fb7dc0>,33,17,[ 2 12],34,-1,187,-1,170
1,<environment.Job instance at 0x7fc211fb7230>,36,13,[ 5 11],37,-1,195,-1,182
1,<environment.Job instance at 0x7fc21097aaf0>,39,2,[ 4 11],40,-1,196,-1,194
1,<environment.Job instance at 0x7fc21097a690>,40,24,[8 5],41,-1,218,-1,194
1,<environment.Job instance at 0x7fc21097ac80>,43,17,[13  2],44,-1,225,-1,208
1,<environment.Job instance at 0x7fc2108fe370>,8,24,[14  3],9,-1,265,-1,241
1,<environment.Job instance at 0x7fc21097a050>,44,23,[9 3],45,-1,264,-1,241
1,<environment.Job instance at 0x7fc21097a230>,50,22,[5 6],51,-1,267,-1,245
1,<environment.Job instance at 0x7fc21097ad20>,49,14,[ 5 14],50,-1,259,-1,245
1,<environment.Job instance at 0x7fc21086cbe0>,56,21,[12  2],57,-1,284,-1,263
1,<environment.Job instance at 0x7fc21086c9b0>,58,14,[ 1 14],59,-1,284,-1,270
1,<environment.Job instance at 0x7fc21086c460>,60,15,[12  3],61,-1,298,-1,283
1,<environment.Job instance at 0x7fc21086ceb0>,62,14,[ 5 14],63,-1,303,-1,289
1,<environment.Job instance at 0x7fc21086ca00>,64,13,[12  5],65,-1,302,-1,289
1,<environment.Job instance at 0x7fc21086c4b0>,65,12,[12  3],66,-1,301,-1,289
1,<environment.Job instance at 0x7fc21097bdc0>,67,15,[12  3],68,-1,318,-1,303
1,<environment.Job instance at 0x7fc21097b140>,71,23,[5 9],72,-1,349,-1,326
1,<environment.Job instance at 0x7fc21097b460>,72,24,[11  4],73,-1,350,-1,326
1,<environment.Job instance at 0x7fc21097caa0>,75,15,[ 4 12],76,-1,356,-1,341
1,<environment.Job instance at 0x7fc21097cc80>,77,25,[ 1 10],78,-1,369,-1,344
1,<environment.Job instance at 0x7fc21097c690>,78,1,[8 4],79,-1,345,-1,344
1,<environment.Job instance at 0x7fc21097ceb0>,79,25,[ 4 11],80,-1,369,-1,344
1,<environment.Job instance at 0x7fc21097c0f0>,81,26,[13  2],82,-1,375,-1,349
1,<environment.Job instance at 0x7fc21097c230>,82,2,[ 2 13],83,-1,351,-1,349
1,<environment.Job instance at 0x7fc21167dd20>,86,12,[11  2],87,-1,390,-1,378
1,<environment.Job instance at 0x7fc2118215a0>,88,19,[ 5 11],89,-1,400,-1,381
1,<environment.Job instance at 0x7fc211677550>,90,12,[ 1 12],91,-1,406,-1,394
1,<environment.Job instance at 0x7fc211c1ba50>,96,23,[8 1],97,-1,456,-1,433
1,<environment.Job instance at 0x7fc211b6c9b0>,97,15,[14  5],98,-1,448,-1,433
1,<environment.Job instance at 0x7fc211bfc9b0>,98,19,[12  4],99,-1,452,-1,433
1,<environment.Job instance at 0x7fc211ffd5f0>,99,19,[11  1],100,-1,452,-1,433
1,<environment.Job instance at 0x7fc2120968c0>,102,2,[ 3 14],103,-1,447,-1,445
1,<environment.Job instance at 0x7fc21197fc80>,104,23,[3 6],105,-1,481,-1,458
1,<environment.Job instance at 0x7fc211616190>,105,13,[ 3 13],106,-1,471,-1,458
1,<environment.Job instance at 0x7fc211614e10>,106,27,[ 1 10],107,-1,485,-1,458
1,<environment.Job instance at 0x7fc2118f1780>,107,18,[ 2 14],108,-1,476,-1,458
1,<environment.Job instance at 0x7fc21216a5f0>,109,12,[1 8],110,-1,475,-1,463
1,<environment.Job instance at 0x7fc21190aaa0>,111,25,[ 2 14],112,-1,496,-1,471
1,<environment.Job instance at 0x7fc211296640>,114,3,[7 5],115,-1,483,-1,480
1,<environment.Job instance at 0x7fc21098d730>,115,21,[14  4],116,-1,501,-1,480
1,<environment.Job instance at 0x7fc211818730>,116,18,[ 4 13],117,-1,498,-1,480
1,<environment.Job instance at 0x7fc2118d5410>,1,12,[ 4 12],2,-1,14,-1,2
1,<environment.Job instance at 0x7fc2118d5690>,2,27,[4 8],3,-1,30,-1,3
1,<environment.Job instance at 0x7fc2118d5c80>,5,24,[5 6],6,-1,30,-1,6
1,<environment.Job instance at 0x7fc2118d5e10>,8,17,[ 3 14],9,-1,26,-1,9
1,<environment.Job instance at 0x7fc2118d5640>,9,23,[8 5],10,-1,33,-1,10
1,<environment.Job instance at 0x7fc2118d5af0>,13,2,[5 7],14,-1,17,-1,15
1,<environment.Job instance at 0x7fc211904b40>,15,28,[ 2 14],16,-1,44,-1,16
1,<environment.Job instance at 0x7fc211904910>,16,22,[9 4],17,-1,57,-1,35
1,<environment.Job instance at 0x7fc211904aa0>,22,12,[13  5],23,-1,52,-1,40
1,<environment.Job instance at 0x7fc211904fa0>,23,15,[ 5 12],24,-1,55,-1,40
1,<environment.Job instance at 0x7fc211904140>,25,23,[10  4],26,-1,74,-1,51
1,<environment.Job instance at 0x7fc211904cd0>,20,27,[5 8],21,-1,78,-1,51
1,<environment.Job instance at 0x7fc211904b90>,29,2,[5 5],30,-1,53,-1,51
1,<environment.Job instance at 0x7fc211904d20>,30,24,[10  1],31,-1,75,-1,51
1,<environment.Job instance at 0x7fc211904320>,31,26,[5 8],32,-1,77,-1,51
1,<environment.Job instance at 0x7fc211828370>,34,16,[ 3 14],35,-1,82,-1,66
1,<environment.Job instance at 0x7fc211828b90>,37,15,[13  3],38,-1,86,-1,71
1,<environment.Job instance at 0x7fc211828190>,39,26,[6 2],40,-1,105,-1,79
1,<environment.Job instance at 0x7fc211828500>,43,12,[ 4 10],44,-1,123,-1,111
1,<environment.Job instance at 0x7fc211828820>,44,23,[14  1],45,-1,134,-1,111
1,<environment.Job instance at 0x7fc211828640>,45,14,[ 1 12],46,-1,125,-1,111
1,<environment.Job instance at 0x7fc211828140>,46,17,[14  4],47,-1,128,-1,111
1,<environment.Job instance at 0x7fc211828f50>,49,1,[9 4],50,-1,125,-1,124
1,<environment.Job instance at 0x7fc211828910>,50,24,[8 2],51,-1,148,-1,124
1,<environment.Job instance at 0x7fc211843460>,51,27,[ 3 13],52,-1,151,-1,124
1,<environment.Job instance at 0x7fc211843eb0>,52,18,[ 2 12],53,-1,142,-1,124
1,<environment.Job instance at 0x7fc211843910>,57,15,[14  1],58,-1,170,-1,155
1,<environment.Job instance at 0x7fc211843b40>,58,26,[11  3],59,-1,181,-1,155
1,<environment.Job instance at 0x7fc211843410>,61,26,[ 1 10],62,-1,195,-1,169
1,<environment.Job instance at 0x7fc2118430a0>,63,1,[7 1],64,-1,175,-1,174
1,<environment.Job instance at 0x7fc2118430f0>,64,18,[ 4 11],65,-1,192,-1,174
1,<environment.Job instance at 0x7fc211843690>,65,1,[10  4],66,-1,175,-1,174
1,<environment.Job instance at 0x7fc2118210f0>,70,21,[ 2 14],71,-1,239,-1,218
1,<environment.Job instance at 0x7fc211821730>,71,18,[13  5],72,-1,236,-1,218
1,<environment.Job instance at 0x7fc211821dc0>,72,20,[ 4 11],73,-1,238,-1,218
1,<environment.Job instance at 0x7fc211821cd0>,73,12,[ 4 10],74,-1,230,-1,218
1,<environment.Job instance at 0x7fc211821eb0>,78,15,[13  4],79,-1,253,-1,238
1,<environment.Job instance at 0x7fc211821d20>,79,1,[1 9],80,-1,239,-1,238
1,<environment.Job instance at 0x7fc211821960>,81,16,[11  4],82,-1,258,-1,242
1,<environment.Job instance at 0x7fc211821f00>,82,15,[14  5],83,-1,257,-1,242
1,<environment.Job instance at 0x7fc21181b870>,86,25,[ 5 10],87,-1,293,-1,268
1,<environment.Job instance at 0x7fc21181bc30>,90,13,[13  4],91,-1,304,-1,291
1,<environment.Job instance at 0x7fc21181bcd0>,91,18,[12  2],92,-1,309,-1,291
1,<environment.Job instance at 0x7fc21181be60>,92,3,[8 4],93,-1,294,-1,291
1,<environment.Job instance at 0x7fc21181b960>,94,1,[5 4],95,-1,302,-1,301
1,<environment.Job instance at 0x7fc21181bb90>,95,1,[ 1 13],96,-1,302,-1,301
1,<environment.Job instance at 0x7fc21181bb40>,96,3,[4 8],97,-1,304,-1,301
1,<environment.Job instance at 0x7fc210ba9690>,97,12,[12  3],98,-1,313,-1,301
1,<environment.Job instance at 0x7fc210ba9c80>,101,2,[5 7],102,-1,312,-1,310
1,<environment.Job instance at 0x7fc210ba9b90>,102,13,[11  2],103,-1,323,-1,310
1,<environment.Job instance at 0x7fc210ba9f00>,103,12,[ 3 10],104,-1,322,-1,310
1,<environment.Job instance at 0x7fc210ba9e10>,104,13,[12  4],105,-1,323,-1,310
1,<environment.Job instance at 0x7fc210ba9b40>,105,24,[12  2],106,-1,334,-1,310
1,<environment.Job instance at 0x7fc210ba9730>,106,12,[ 2 12],107,-1,322,-1,310
1,<environment.Job instance at 0x7fc210ba9a50>,107,12,[9 2],108,-1,322,-1,310
1,<environment.Job instance at 0x7fc210ba9640>,108,3,[5 1],109,-1,313,-1,310
1,<environment.Job instance at 0x7fc210ba9a00>,110,3,[1 7],111,-1,324,-1,321
1,<environment.Job instance at 0x7fc210ba92d0>,112,17,[ 3 10],113,-1,347,-1,330
1,<environment.Job instance at 0x7fc210ba9050>,115,14,[ 4 13],116,-1,357,-1,343
1,<environment.Job instance at 0x7fc210ba9410>,117,13,[ 4 10],118,-1,377,-1,364
1,<environment.Job instance at 0x7fc210ba91e0>,2,24,[ 4 14],3,-1,27,-1,3
1,<environment.Job instance at 0x7fc210e320a0>,4,13,[ 4 13],5,-1,18,-1,5
1,<environment.Job instance at 0x7fc21078adc0>,5,1,[3 6],6,-1,7,-1,6
1,<environment.Job instance at 0x7fc21078a820>,6,14,[ 1 11],7,-1,21,-1,7
1,<environment.Job instance at 0x7fc21078a0f0>,7,24,[7 4],8,-1,32,-1,8
1,<environment.Job instance at 0x7fc210b5a6e0>,11,3,[6 3],12,-1,16,-1,13
1,<environment.Job instance at 0x7fc210b5afa0>,13,14,[ 2 10],14,-1,28,-1,14
1,<environment.Job instance at 0x7fc210b5aeb0>,17,25,[6 2],18,-1,49,-1,24
1,<environment.Job instance at 0x7fc210b5a5a0>,18,17,[ 1 13],19,-1,41,-1,24
1,<environment.Job instance at 0x7fc210b5aa00>,21,18,[ 1 10],22,-1,70,-1,52
1,<environment.Job instance at 0x7fc21080ef50>,22,25,[ 2 13],23,-1,77,-1,52
1,<environment.Job instance at 0x7fc21080eaa0>,24,15,[ 4 11],25,-1,68,-1,53
1,<environment.Job instance at 0x7fc21080ef00>,25,26,[6 2],26,-1,79,-1,53
1,<environment.Job instance at 0x7fc211436af0>,48,17,[ 3 11],49,-1,265,-1,248
1,<environment.Job instance at 0x7fc211436870>,49,15,[ 5 11],50,-1,263,-1,248
1,<environment.Job instance at 0x7fc211436a00>,50,28,[ 2 11],51,-1,276,-1,248
1,<environment.Job instance at 0x7fc211436960>,51,23,[5 5],52,-1,285,-1,262
1,<environment.Job instance at 0x7fc211436eb0>,52,12,[11  3],53,-1,274,-1,262
1,<environment.Job instance at 0x7fc211436190>,53,26,[ 4 12],54,-1,288,-1,262
1,<environment.Job instance at 0x7fc211436c80>,54,12,[ 4 12],55,-1,274,-1,262
1,<environment.Job instance at 0x7fc210c02780>,56,18,[14  4],57,-1,280,-1,262
1,<environment.Job instance at 0x7fc210c023c0>,58,15,[ 2 12],59,-1,277,-1,262
1,<environment.Job instance at 0x7fc210c02550>,60,28,[13  2],61,-1,293,-1,265
1,<environment.Job instance at 0x7fc210c02e10>,66,28,[6 3],67,-1,339,-1,311
1,<environment.Job instance at 0x7fc210c02140>,69,13,[13  2],70,-1,332,-1,319
1,<environment.Job instance at 0x7fc210c02dc0>,70,24,[1 7],71,-1,343,-1,319
1,<environment.Job instance at 0x7fc210c029b0>,71,27,[ 5 12],72,-1,346,-1,319
1,<environment.Job instance at 0x7fc210c02500>,72,17,[ 1 11],73,-1,336,-1,319
1,<environment.Job instance at 0x7fc2113a17d0>,77,13,[ 5 10],78,-1,370,-1,357
1,<environment.Job instance at 0x7fc2113a1d20>,78,23,[ 4 11],79,-1,380,-1,357
1,<environment.Job instance at 0x7fc2113a1eb0>,82,17,[11  3],83,-1,385,-1,368
1,<environment.Job instance at 0x7fc2113a1d70>,86,25,[3 6],87,-1,409,-1,384
1,<environment.Job instance at 0x7fc2113a1410>,87,1,[ 2 12],88,-1,385,-1,384
1,<environment.Job instance at 0x7fc2113a1050>,88,14,[14  4],89,-1,398,-1,384
1,<environment.Job instance at 0x7fc2113a1fa0>,89,17,[ 3 14],90,-1,401,-1,384
1,<environment.Job instance at 0x7fc2113a1be0>,92,1,[ 2 10],93,-1,400,-1,399
1,<environment.Job instance at 0x7fc210dd38c0>,117,1,[14  4],118,-1,661,-1,660
1,<environment.Job instance at 0x7fc2109f7c30>,5,23,[13  4],6,-1,29,-1,6
1,<environment.Job instance at 0x7fc2109f7be0>,6,17,[12  2],7,-1,24,-1,7
1,<environment.Job instance at 0x7fc2109f70f0>,7,2,[4 8],8,-1,11,-1,9
1,<environment.Job instance at 0x7fc2109f78c0>,12,17,[14  5],13,-1,31,-1,14
1,<environment.Job instance at 0x7fc2109f7780>,13,12,[11  5],14,-1,26,-1,14
1,<environment.Job instance at 0x7fc210834f50>,19,14,[11  1],20,-1,58,-1,44
1,<environment.Job instance at 0x7fc210834aa0>,20,14,[14  1],21,-1,58,-1,44
1,<environment.Job instance at 0x7fc210834640>,21,24,[5 5],22,-1,68,-1,44
1,<environment.Job instance at 0x7fc210b3da00>,22,15,[ 4 11],23,-1,59,-1,44
1,<environment.Job instance at 0x7fc210b3d1e0>,24,21,[ 1 14],25,-1,80,-1,59
1,<environment.Job instance at 0x7fc210b3d7d0>,27,16,[ 4 14],28,-1,75,-1,59
1,<environment.Job instance at 0x7fc210b3dc30>,29,16,[ 2 12],30,-1,89,-1,73
1,<environment.Job instance at 0x7fc2109cb050>,30,17,[13  4],31,-1,90,-1,73
1,<environment.Job instance at 0x7fc2109cbfa0>,31,1,[ 5 11],32,-1,74,-1,73
1,<environment.Job instance at 0x7fc2109c2550>,36,12,[12  5],37,-1,135,-1,123
1,<environment.Job instance at 0x7fc2109c28c0>,39,26,[ 2 12],40,-1,152,-1,126
1,<environment.Job instance at 0x7fc2109c2b40>,41,1,[ 3 12],42,-1,141,-1,140
1,<environment.Job instance at 0x7fc2120d5500>,42,24,[10  3],43,-1,164,-1,140
1,<environment.Job instance at 0x7fc2120d5780>,44,3,[11  1],45,-1,143,-1,140
1,<environment.Job instance at 0x7fc21164ba00>,47,26,[5 5],48,-1,184,-1,158
1,<environment.Job instance at 0x7fc21164be60>,48,21,[13  1],49,-1,179,-1,158
1,<environment.Job instance at 0x7fc211b34fa0>,50,22,[10  5],51,-1,230,-1,208
1,<environment.Job instance at 0x7fc210b4f410>,57,26,[ 3 11],58,-1,234,-1,208
1,<environment.Job instance at 0x7fc210b4fdc0>,59,26,[12  4],60,-1,234,-1,208
1,<environment.Job instance at 0x7fc210b4f730>,60,16,[12  4],61,-1,224,-1,208
1,<environment.Job instance at 0x7fc210b4f230>,61,26,[5 2],62,-1,234,-1,208
1,<environment.Job instance at 0x7fc210b4f050>,62,24,[9 3],63,-1,232,-1,208
1,<environment.Job instance at 0x7fc211bdb730>,63,26,[6 3],64,-1,234,-1,208
1,<environment.Job instance at 0x7fc2109d3d20>,65,20,[14  3],66,-1,233,-1,213
1,<environment.Job instance at 0x7fc2121175a0>,78,16,[13  3],79,-1,350,-1,334
1,<environment.Job instance at 0x7fc211288320>,81,16,[11  1],82,-1,362,-1,346
1,<environment.Job instance at 0x7fc210c633c0>,82,19,[11  4],83,-1,365,-1,346
1,<environment.Job instance at 0x7fc210b879b0>,84,19,[13  1],85,-1,375,-1,356
1,<environment.Job instance at 0x7fc210c4cd20>,87,14,[ 4 13],88,-1,394,-1,380
1,<environment.Job instance at 0x7fc210c4c870>,88,13,[13  5],89,-1,393,-1,380
1,<environment.Job instance at 0x7fc211557cd0>,90,16,[ 3 12],91,-1,396,-1,380
1,<environment.Job instance at 0x7fc2115576e0>,92,28,[14  1],93,-1,421,-1,393
1,<environment.Job instance at 0x7fc2115573c0>,93,25,[10  1],94,-1,418,-1,393
1,<environment.Job instance at 0x7fc211557320>,94,14,[ 1 14],95,-1,407,-1,393
1,<environment.Job instance at 0x7fc211557280>,95,21,[ 1 14],96,-1,414,-1,393
1,<environment.Job instance at 0x7fc211557aa0>,101,25,[9 4],102,-1,455,-1,430
1,<environment.Job instance at 0x7fc210bb3c30>,102,1,[ 3 10],103,-1,431,-1,430
1,<environment.Job instance at 0x7fc2115738c0>,106,28,[ 5 12],107,-1,479,-1,451
1,<environment.Job instance at 0x7fc211573e60>,111,2,[ 5 10],112,-1,479,-1,477
1,<environment.Job instance at 0x7fc2115732d0>,112,23,[10  1],113,-1,500,-1,477
1,<environment.Job instance at 0x7fc210b84af0>,114,26,[14  1],115,-1,512,-1,486
1,<environment.Job instance at 0x7fc210d972d0>,1,26,[ 3 10],2,-1,28,-1,2
1,<environment.Job instance at 0x7fc2120ff870>,3,22,[ 3 12],4,-1,26,-1,4
1,<environment.Job instance at 0x7fc2120ffb90>,6,12,[ 5 14],7,-1,19,-1,7
1,<environment.Job instance at 0x7fc2116cc0a0>,19,25,[4 6],20,-1,95,-1,70
1,<environment.Job instance at 0x7fc2116cca00>,20,21,[ 5 11],21,-1,91,-1,70
1,<environment.Job instance at 0x7fc2116ccaa0>,21,1,[1 5],22,-1,71,-1,70
1,<environment.Job instance at 0x7fc2116cc050>,23,2,[3 7],24,-1,73,-1,71
1,<environment.Job instance at 0x7fc2116cc370>,24,18,[ 3 14],25,-1,89,-1,71
1,<environment.Job instance at 0x7fc2116cceb0>,25,17,[14  4],26,-1,88,-1,71
1,<environment.Job instance at 0x7fc2116cc3c0>,27,16,[12  2],28,-1,104,-1,88
1,<environment.Job instance at 0x7fc2116ccf00>,28,13,[ 4 14],29,-1,101,-1,88
1,<environment.Job instance at 0x7fc2116cc730>,31,13,[14  3],32,-1,114,-1,101
1,<environment.Job instance at 0x7fc2116cc5f0>,33,2,[6 2],34,-1,103,-1,101
1,<environment.Job instance at 0x7fc211699550>,39,14,[ 5 11],40,-1,162,-1,148
1,<environment.Job instance at 0x7fc211699e10>,40,17,[ 3 14],41,-1,165,-1,148
1,<environment.Job instance at 0x7fc211699780>,41,23,[7 5],42,-1,171,-1,148
1,<environment.Job instance at 0x7fc211699910>,45,26,[ 1 11],46,-1,194,-1,168
1,<environment.Job instance at 0x7fc211699c30>,46,12,[13  4],47,-1,180,-1,168
1,<environment.Job instance at 0x7fc211699dc0>,47,3,[9 1],48,-1,178,-1,175
1,<environment.Job instance at 0x7fc2116998c0>,48,15,[ 1 11],49,-1,190,-1,175
1,<environment.Job instance at 0x7fc21167cb90>,56,27,[12  4],57,-1,272,-1,245
1,<environment.Job instance at 0x7fc21167c8c0>,57,24,[ 1 10],58,-1,269,-1,245
1,<environment.Job instance at 0x7fc21167c280>,62,13,[11  1],63,-1,298,-1,285
1,<environment.Job instance at 0x7fc21167cd70>,63,17,[14  5],64,-1,302,-1,285
1,<environment.Job instance at 0x7fc21167cd20>,64,14,[13  2],65,-1,299,-1,285
1,<environment.Job instance at 0x7fc21167cfa0>,65,16,[ 5 13],66,-1,301,-1,285
1,<environment.Job instance at 0x7fc21167c870>,66,28,[14  3],67,-1,313,-1,285
1,<environment.Job instance at 0x7fc21167c190>,68,13,[ 3 13],69,-1,307,-1,294
1,<environment.Job instance at 0x7fc2120683c0>,71,18,[13  5],72,-1,312,-1,294
1,<environment.Job instance at 0x7fc2120680a0>,73,14,[ 5 14],74,-1,310,-1,296
1,<environment.Job instance at 0x7fc212068140>,77,12,[ 2 14],78,-1,342,-1,330
1,<environment.Job instance at 0x7fc2116ae910>,80,22,[ 2 14],81,-1,367,-1,345
1,<environment.Job instance at 0x7fc2116ae1e0>,81,25,[9 2],82,-1,370,-1,345
1,<environment.Job instance at 0x7fc2116ae5f0>,85,17,[14  3],86,-1,387,-1,370
1,<environment.Job instance at 0x7fc2116ae690>,86,16,[ 1 13],87,-1,386,-1,370
1,<environment.Job instance at 0x7fc2116ae460>,87,25,[ 4 12],88,-1,395,-1,370
1,<environment.Job instance at 0x7fc2116ae0f0>,92,14,[14  1],93,-1,418,-1,404
1,<environment.Job instance at 0x7fc2116aef00>,93,19,[ 3 11],94,-1,427,-1,408
1,<environment.Job instance at 0x7fc211610780>,95,15,[14  4],96,-1,436,-1,421
1,<environment.Job instance at 0x7fc211612e10>,103,22,[ 3 13],104,-1,520,-1,498
1,<environment.Job instance at 0x7fc2116125f0>,105,2,[ 5 10],106,-1,502,-1,500
1,<environment.Job instance at 0x7fc2116126e0>,106,12,[ 4 12],107,-1,512,-1,500
1,<environment.Job instance at 0x7fc211612500>,108,28,[ 4 11],109,-1,528,-1,500
1,<environment.Job instance at 0x7fc21205c190>,112,12,[14  5],113,-1,545,-1,533
1,<environment.Job instance at 0x7fc21205c960>,113,27,[10  1],114,-1,561,-1,534
1,<environment.Job instance at 0x7fc21205c370>,115,18,[ 5 12],116,-1,566,-1,548
1,<environment.Job instance at 0x7fc21205c4b0>,116,25,[11  3],117,-1,573,-1,548
1,<environment.Job instance at 0x7fc2120ff410>,1,25,[13  3],2,-1,27,-1,2
1,<environment.Job instance at 0x7fc211ed0f00>,6,20,[ 4 13],7,-1,27,-1,7
1,<environment.Job instance at 0x7fc211ea30a0>,7,28,[6 1],8,-1,36,-1,8
1,<environment.Job instance at 0x7fc211ea35f0>,12,3,[ 5 11],13,-1,25,-1,22
1,<environment.Job instance at 0x7fc211ea3730>,14,3,[8 3],15,-1,39,-1,36
1,<environment.Job instance at 0x7fc211ea3910>,17,18,[ 3 12],18,-1,54,-1,36
1,<environment.Job instance at 0x7fc211ea3a50>,19,20,[14  4],20,-1,67,-1,47
1,<environment.Job instance at 0x7fc211ea3b90>,21,26,[ 3 12],22,-1,84,-1,58
1,<environment.Job instance at 0x7fc211ea3d20>,22,12,[12  1],23,-1,70,-1,58
1,<environment.Job instance at 0x7fc211ea3e10>,24,20,[12  4],25,-1,78,-1,58
1,<environment.Job instance at 0x7fc211ea3eb0>,25,1,[3 5],26,-1,59,-1,58
1,<environment.Job instance at 0x7fc211e9e370>,32,26,[7 5],33,-1,133,-1,107
1,<environment.Job instance at 0x7fc211e9e550>,35,2,[ 3 10],36,-1,125,-1,123
1,<environment.Job instance at 0x7fc211e9e640>,36,1,[1 8],37,-1,124,-1,123
1,<environment.Job instance at 0x7fc211e9e0a0>,37,13,[13  5],38,-1,136,-1,123
1,<environment.Job instance at 0x7fc211e9e690>,38,1,[6 5],39,-1,124,-1,123
1,<environment.Job instance at 0x7fc211e9e6e0>,39,28,[5 5],40,-1,151,-1,123
1,<environment.Job instance at 0x7fc211e9e870>,40,15,[12  4],41,-1,138,-1,123
1,<environment.Job instance at 0x7fc211e9e910>,41,25,[9 3],42,-1,148,-1,123
1,<environment.Job instance at 0x7fc211e9eaf0>,44,12,[ 4 14],45,-1,153,-1,141
1,<environment.Job instance at 0x7fc211e9eb90>,45,21,[ 4 14],46,-1,162,-1,141
1,<environment.Job instance at 0x7fc211e9ec30>,46,14,[ 1 13],47,-1,155,-1,141
1,<environment.Job instance at 0x7fc211e9ee60>,47,16,[12  5],48,-1,157,-1,141
1,<environment.Job instance at 0x7fc211e9ef00>,48,28,[4 5],49,-1,169,-1,141
1,<environment.Job instance at 0x7fc211e9ef50>,49,2,[5 5],50,-1,143,-1,141
1,<environment.Job instance at 0x7fc211e9ed70>,51,25,[ 2 14],52,-1,166,-1,141
1,<environment.Job instance at 0x7fc211ea5190>,52,1,[ 1 11],53,-1,142,-1,141
1,<environment.Job instance at 0x7fc211ea5230>,53,28,[1 8],54,-1,169,-1,141
1,<environment.Job instance at 0x7fc211ea50f0>,58,1,[1 9],59,-1,170,-1,169
1,<environment.Job instance at 0x7fc211ea5780>,59,27,[ 3 10],60,-1,196,-1,169
1,<environment.Job instance at 0x7fc211ea5a00>,63,16,[ 4 11],64,-1,223,-1,207
1,<environment.Job instance at 0x7fc211ea5aa0>,64,28,[ 4 13],65,-1,235,-1,207
1,<environment.Job instance at 0x7fc211ea5b40>,65,15,[ 5 14],66,-1,222,-1,207
1,<environment.Job instance at 0x7fc211ea5be0>,66,3,[ 2 14],67,-1,210,-1,207
1,<environment.Job instance at 0x7fc211ea5c80>,67,14,[ 3 11],68,-1,221,-1,207
1,<environment.Job instance at 0x7fc211ea55a0>,73,14,[ 2 14],74,-1,258,-1,244
1,<environment.Job instance at 0x7fc211eb7230>,75,23,[14  2],76,-1,269,-1,246
1,<environment.Job instance at 0x7fc211ebe640>,82,17,[ 4 14],83,-1,307,-1,290
1,<environment.Job instance at 0x7fc211ebe910>,84,17,[12  4],85,-1,308,-1,291
1,<environment.Job instance at 0x7fc211ebed70>,85,14,[ 3 11],86,-1,305,-1,291
1,<environment.Job instance at 0x7fc211ebe0a0>,86,16,[ 4 13],87,-1,307,-1,291
1,<environment.Job instance at 0x7fc211ebef00>,87,24,[ 1 11],88,-1,315,-1,291
1,<environment.Job instance at 0x7fc211ebe820>,88,17,[ 4 11],89,-1,308,-1,291
1,<environment.Job instance at 0x7fc211ebe730>,91,2,[3 6],92,-1,308,-1,306
1,<environment.Job instance at 0x7fc211ebe050>,93,27,[ 3 10],94,-1,344,-1,317
1,<environment.Job instance at 0x7fc211ebe460>,94,25,[8 1],95,-1,342,-1,317
1,<environment.Job instance at 0x7fc211ebe140>,98,28,[3 6],99,-1,375,-1,347
1,<environment.Job instance at 0x7fc210beafa0>,99,20,[14  5],100,-1,367,-1,347
1,<environment.Job instance at 0x7fc210beaf00>,101,17,[14  1],102,-1,365,-1,348
1,<environment.Job instance at 0x7fc210bba370>,103,28,[4 5],104,-1,380,-1,352
1,<environment.Job instance at 0x7fc211886640>,104,26,[1 7],105,-1,378,-1,352
1,<environment.Job instance at 0x7fc210bd1640>,109,27,[3 8],110,-1,419,-1,392
1,<environment.Job instance at 0x7fc2118651e0>,111,2,[ 4 13],112,-1,399,-1,397
1,<environment.Job instance at 0x7fc2117c9b40>,112,27,[10  5],113,-1,424,-1,397
1,<environment.Job instance at 0x7fc211867cd0>,117,18,[14  1],118,-1,454,-1,436
1,<environment.Job instance at 0x7fc211867370>,118,15,[13  5],119,-1,451,-1,436
1,<environment.Job instance at 0x7fc211a615a0>,6,12,[ 3 14],7,-1,19,-1,7
1,<environment.Job instance at 0x7fc211a61d70>,7,24,[9 4],8,-1,32,-1,8
1,<environment.Job instance at 0x7fc211e0b7d0>,10,13,[12  1],11,-1,26,-1,13
1,<environment.Job instance at 0x7fc211e0b050>,12,26,[9 5],13,-1,46,-1,20
1,<environment.Job instance at 0x7fc211e0b5f0>,13,18,[13  5],14,-1,38,-1,20
1,<environment.Job instance at 0x7fc211e0b9b0>,15,18,[ 3 10],16,-1,48,-1,30
1,<environment.Job instance at 0x7fc211e0b500>,16,23,[5 1],17,-1,53,-1,30
1,<environment.Job instance at 0x7fc211e0b5a0>,20,24,[8 1],21,-1,68,-1,44
1,<environment.Job instance at 0x7fc211f74f00>,22,25,[12  2],23,-1,87,-1,62
1,<environment.Job instance at 0x7fc211f740f0>,24,2,[10  5],25,-1,81,-1,79
1,<environment.Job instance at 0x7fc211f74050>,25,17,[13  1],26,-1,96,-1,79
1,<environment.Job instance at 0x7fc211f74be0>,28,12,[ 2 12],29,-1,107,-1,95
1,<environment.Job instance at 0x7fc211f74fa0>,29,15,[ 3 13],30,-1,110,-1,95
1,<environment.Job instance at 0x7fc211f74370>,30,16,[12  4],31,-1,111,-1,95
1,<environment.Job instance at 0x7fc211f745a0>,31,26,[14  3],32,-1,121,-1,95
1,<environment.Job instance at 0x7fc211f74280>,32,1,[10  1],33,-1,96,-1,95
1,<environment.Job instance at 0x7fc211f74a00>,33,1,[5 3],34,-1,96,-1,95
1,<environment.Job instance at 0x7fc211f745f0>,34,24,[6 4],35,-1,119,-1,95
1,<environment.Job instance at 0x7fc21ac85230>,35,2,[ 2 13],36,-1,97,-1,95
1,<environment.Job instance at 0x7fc21ac85320>,38,24,[8 2],39,-1,138,-1,114
1,<environment.Job instance at 0x7fc21ac85b90>,39,1,[ 2 13],40,-1,115,-1,114
1,<environment.Job instance at 0x7fc21ac85870>,41,23,[5 7],42,-1,140,-1,117
1,<environment.Job instance at 0x7fc211b38780>,44,18,[ 2 13],45,-1,153,-1,135
1,<environment.Job instance at 0x7fc211b38320>,47,18,[ 5 13],48,-1,169,-1,151
1,<environment.Job instance at 0x7fc211b38280>,48,1,[12  2],49,-1,152,-1,151
1,<environment.Job instance at 0x7fc211b384b0>,49,2,[14  4],50,-1,153,-1,151
1,<environment.Job instance at 0x7fc211b385f0>,51,15,[ 1 12],52,-1,171,-1,156
1,<environment.Job instance at 0x7fc211b38b40>,52,15,[14  5],53,-1,171,-1,156
1,<environment.Job instance at 0x7fc211b38fa0>,57,14,[ 1 10],58,-1,197,-1,183
1,<environment.Job instance at 0x7fc211b38550>,59,28,[10  2],60,-1,225,-1,197
1,<environment.Job instance at 0x7fc211b38870>,60,19,[ 2 12],61,-1,216,-1,197
1,<environment.Job instance at 0x7fc2117c1960>,61,20,[ 2 11],62,-1,217,-1,197
1,<environment.Job instance at 0x7fc2117c18c0>,66,26,[5 5],67,-1,250,-1,224
1,<environment.Job instance at 0x7fc2117c1f50>,67,28,[3 7],68,-1,252,-1,224
1,<environment.Job instance at 0x7fc2117c13c0>,68,1,[10  1],69,-1,225,-1,224
1,<environment.Job instance at 0x7fc2117c15f0>,69,23,[ 2 10],70,-1,247,-1,224
1,<environment.Job instance at 0x7fc2117c1690>,70,12,[13  5],71,-1,236,-1,224
1,<environment.Job instance at 0x7fc2117c1140>,73,15,[13  5],74,-1,244,-1,229
1,<environment.Job instance at 0x7fc2117c1410>,75,15,[12  2],76,-1,257,-1,242
1,<environment.Job instance at 0x7fc2117c1050>,76,24,[ 5 14],77,-1,266,-1,242
1,<environment.Job instance at 0x7fc2108b7b90>,77,24,[ 1 13],78,-1,266,-1,242
1,<environment.Job instance at 0x7fc2108b7a00>,78,14,[ 5 13],79,-1,256,-1,242
1,<environment.Job instance at 0x7fc211c42af0>,83,22,[3 6],84,-1,300,-1,278
1,<environment.Job instance at 0x7fc211c42910>,84,13,[ 3 12],85,-1,291,-1,278
1,<environment.Job instance at 0x7fc211c42cd0>,87,23,[5 9],88,-1,310,-1,287
1,<environment.Job instance at 0x7fc211c42960>,90,27,[4 7],91,-1,329,-1,302
1,<environment.Job instance at 0x7fc211c42be0>,91,13,[6 1],92,-1,315,-1,302
1,<environment.Job instance at 0x7fc211c42780>,93,3,[2 5],94,-1,311,-1,308
1,<environment.Job instance at 0x7fc211f92050>,95,3,[6 5],96,-1,323,-1,320
1,<environment.Job instance at 0x7fc211f92690>,98,23,[ 4 10],99,-1,361,-1,338
1,<environment.Job instance at 0x7fc211f92c30>,100,14,[ 1 14],101,-1,352,-1,338
1,<environment.Job instance at 0x7fc211f92870>,102,14,[11  4],103,-1,363,-1,349
1,<environment.Job instance at 0x7fc211f92a00>,104,18,[ 4 12],105,-1,384,-1,366
1,<environment.Job instance at 0x7fc211f92e60>,106,3,[10  1],107,-1,369,-1,366
1,<environment.Job instance at 0x7fc211f92af0>,107,25,[5 4],108,-1,391,-1,366
1,<environment.Job instance at 0x7fc211f921e0>,111,16,[ 5 13],112,-1,402,-1,386
1,<environment.Job instance at 0x7fc21a83f140>,112,17,[ 2 12],113,-1,403,-1,386
1,<environment.Job instance at 0x7fc21a83f280>,113,25,[9 2],114,-1,411,-1,386
1,<environment.Job instance at 0x7fc21a83f730>,114,25,[ 1 13],115,-1,411,-1,386
1,<environment.Job instance at 0x7fc21a83f550>,115,22,[7 2],116,-1,786,-1,764
1,<environment.Job instance at 0x7fc211421640>,12,3,[ 3 11],13,-1,28,-1,25
1,<environment.Job instance at 0x7fc211421320>,14,12,[ 1 13],15,-1,46,-1,34
1,<environment.Job instance at 0x7fc2110f3a50>,16,22,[9 3],17,-1,111,-1,89
1,<environment.Job instance at 0x7fc2112b5eb0>,23,14,[ 2 11],24,-1,103,-1,89
1,<environment.Job instance at 0x7fc2112b5a00>,24,22,[7 5],25,-1,111,-1,89
1,<environment.Job instance at 0x7fc2112b5280>,25,21,[9 1],26,-1,110,-1,89
1,<environment.Job instance at 0x7fc2112b5550>,26,28,[6 5],27,-1,117,-1,89
1,<environment.Job instance at 0x7fc2112253c0>,29,20,[14  4],30,-1,121,-1,101
1,<environment.Job instance at 0x7fc211225320>,30,3,[14  3],31,-1,104,-1,101
1,<environment.Job instance at 0x7fc210fc22d0>,31,18,[12  4],32,-1,119,-1,101
1,<environment.Job instance at 0x7fc210be2460>,32,18,[ 4 13],33,-1,119,-1,101
1,<environment.Job instance at 0x7fc2111382d0>,35,18,[ 4 11],36,-1,151,-1,133
1,<environment.Job instance at 0x7fc2114fd6e0>,36,27,[6 5],37,-1,160,-1,133
1,<environment.Job instance at 0x7fc2114fd500>,37,27,[ 3 13],38,-1,160,-1,133
1,<environment.Job instance at 0x7fc2114fd870>,38,18,[10  1],39,-1,151,-1,133
1,<environment.Job instance at 0x7fc2114fd280>,39,25,[9 4],40,-1,158,-1,133
1,<environment.Job instance at 0x7fc211474a00>,43,27,[2 8],44,-1,178,-1,151
1,<environment.Job instance at 0x7fc211474140>,44,12,[1 6],45,-1,166,-1,154
1,<environment.Job instance at 0x7fc211474eb0>,45,16,[ 1 10],46,-1,170,-1,154
1,<environment.Job instance at 0x7fc2114741e0>,46,27,[8 1],47,-1,181,-1,154
1,<environment.Job instance at 0x7fc210ea8730>,48,22,[5 4],49,-1,183,-1,161
1,<environment.Job instance at 0x7fc210ea8280>,50,12,[14  3],51,-1,179,-1,167
1,<environment.Job instance at 0x7fc210ea85a0>,51,25,[1 9],52,-1,192,-1,167
1,<environment.Job instance at 0x7fc210ea89b0>,52,3,[ 4 12],53,-1,170,-1,167
1,<environment.Job instance at 0x7fc210ea8910>,53,27,[9 3],54,-1,194,-1,167
1,<environment.Job instance at 0x7fc210ea8b40>,55,28,[6 2],56,-1,206,-1,178
1,<environment.Job instance at 0x7fc210ea86e0>,56,12,[ 4 10],57,-1,190,-1,178
1,<environment.Job instance at 0x7fc2112c3e60>,57,3,[2 7],58,-1,181,-1,178
1,<environment.Job instance at 0x7fc211b53050>,67,28,[11  1],68,-1,240,-1,212
1,<environment.Job instance at 0x7fc211af0140>,69,26,[13  2],70,-1,238,-1,212
1,<environment.Job instance at 0x7fc211f60d70>,70,21,[ 3 11],71,-1,233,-1,212
1,<environment.Job instance at 0x7fc210b74320>,71,13,[7 4],72,-1,225,-1,212
1,<environment.Job instance at 0x7fc210c00e60>,72,2,[8 3],73,-1,214,-1,212
1,<environment.Job instance at 0x7fc21165eeb0>,73,25,[6 4],74,-1,237,-1,212
1,<environment.Job instance at 0x7fc21139bfa0>,75,1,[10  2],76,-1,224,-1,223
1,<environment.Job instance at 0x7fc21165efa0>,76,23,[10  1],77,-1,246,-1,223
1,<environment.Job instance at 0x7fc2113a7c80>,77,27,[4 7],78,-1,250,-1,223
1,<environment.Job instance at 0x7fc21139b5a0>,79,3,[13  1],80,-1,232,-1,229
1,<environment.Job instance at 0x7fc211b83b40>,83,15,[ 4 11],84,-1,272,-1,257
1,<environment.Job instance at 0x7fc211b3c640>,84,1,[ 4 13],85,-1,258,-1,257
1,<environment.Job instance at 0x7fc211b6c140>,85,14,[11  3],86,-1,271,-1,257
1,<environment.Job instance at 0x7fc211b83f50>,86,15,[ 4 10],87,-1,275,-1,260
1,<environment.Job instance at 0x7fc2109372d0>,87,16,[8 1],88,-1,277,-1,261
1,<environment.Job instance at 0x7fc211b6c0f0>,88,24,[3 6],89,-1,285,-1,261
1,<environment.Job instance at 0x7fc210937a00>,90,15,[13  5],91,-1,276,-1,261
1,<environment.Job instance at 0x7fc21082c370>,91,15,[12  3],92,-1,276,-1,261
1,<environment.Job instance at 0x7fc210937be0>,92,12,[ 4 14],93,-1,273,-1,261
1,<environment.Job instance at 0x7fc2107526e0>,95,13,[ 1 10],96,-1,286,-1,273
1,<environment.Job instance at 0x7fc210752eb0>,96,13,[6 3],97,-1,286,-1,273
1,<environment.Job instance at 0x7fc21078e6e0>,104,28,[5 3],105,-1,346,-1,318
1,<environment.Job instance at 0x7fc210f1f4b0>,105,13,[ 4 11],106,-1,331,-1,318
1,<environment.Job instance at 0x7fc210f1f8c0>,108,19,[13  3],109,-1,354,-1,335
1,<environment.Job instance at 0x7fc2117718c0>,111,15,[ 3 13],112,-1,371,-1,356
1,<environment.Job instance at 0x7fc211771e10>,117,17,[14  4],118,-1,423,-1,406
1,<environment.Job instance at 0x7fc2114e9190>,118,12,[12  2],119,-1,418,-1,406
1,<environment.Job instance at 0x7fc211421190>,17,28,[1 5],18,-1,451,-1,423
1,<environment.Job instance at 0x7fc211595780>,21,21,[14  2],22,-1,444,-1,423
1,<environment.Job instance at 0x7fc210d924b0>,1,25,[5 3],2,-1,27,-1,2
1,<environment.Job instance at 0x7fc211595780>,4,13,[ 4 13],5,-1,18,-1,5
1,<environment.Job instance at 0x7fc210c99b40>,8,17,[13  2],9,-1,26,-1,9
1,<environment.Job instance at 0x7fc210c99730>,10,16,[12  5],11,-1,27,-1,11
1,<environment.Job instance at 0x7fc211af4960>,21,21,[12  2],22,-1,102,-1,81
1,<environment.Job instance at 0x7fc210819960>,22,21,[13  1],23,-1,102,-1,81
1,<environment.Job instance at 0x7fc210819140>,23,14,[1 5],24,-1,96,-1,82
1,<environment.Job instance at 0x7fc21169a370>,25,15,[12  3],26,-1,108,-1,93
1,<environment.Job instance at 0x7fc210c9feb0>,26,16,[14  3],27,-1,109,-1,93
1,<environment.Job instance at 0x7fc210c9fd20>,27,12,[9 4],28,-1,113,-1,101
1,<environment.Job instance at 0x7fc21a86bcd0>,31,17,[ 4 11],32,-1,125,-1,108
1,<environment.Job instance at 0x7fc211d9d410>,33,24,[2 5],34,-1,140,-1,116
1,<environment.Job instance at 0x7fc211d9deb0>,34,23,[11  4],35,-1,139,-1,116
1,<environment.Job instance at 0x7fc211d9d460>,35,13,[ 1 11],36,-1,129,-1,116
1,<environment.Job instance at 0x7fc211d9d3c0>,36,3,[ 3 11],37,-1,119,-1,116
1,<environment.Job instance at 0x7fc210cc5b40>,37,20,[ 1 10],38,-1,136,-1,116
1,<environment.Job instance at 0x7fc210e25320>,39,3,[5 7],40,-1,128,-1,125
1,<environment.Job instance at 0x7fc210cc50f0>,40,13,[13  1],41,-1,138,-1,125
1,<environment.Job instance at 0x7fc210cbc640>,41,16,[ 2 13],42,-1,141,-1,125
1,<environment.Job instance at 0x7fc210cbc870>,43,16,[ 2 13],44,-1,149,-1,133
1,<environment.Job instance at 0x7fc210cd7cd0>,45,12,[9 1],46,-1,152,-1,140
1,<environment.Job instance at 0x7fc210cd74b0>,46,1,[10  4],47,-1,141,-1,140
1,<environment.Job instance at 0x7fc210cd75a0>,47,21,[9 2],48,-1,168,-1,147
1,<environment.Job instance at 0x7fc210cc8eb0>,48,28,[5 4],49,-1,175,-1,147
1,<environment.Job instance at 0x7fc210cc8dc0>,50,13,[ 4 14],51,-1,171,-1,158
1,<environment.Job instance at 0x7fc210cc8410>,51,17,[ 3 11],52,-1,175,-1,158
1,<environment.Job instance at 0x7fc210cc86e0>,52,3,[7 2],53,-1,161,-1,158
1,<environment.Job instance at 0x7fc210cc8f00>,53,17,[ 2 14],54,-1,175,-1,158
1,<environment.Job instance at 0x7fc210cc3e10>,54,26,[12  5],55,-1,184,-1,158
1,<environment.Job instance at 0x7fc210cc3f50>,56,16,[ 1 10],57,-1,174,-1,158
1,<environment.Job instance at 0x7fc210cc3d70>,57,28,[ 5 12],58,-1,186,-1,158
1,<environment.Job instance at 0x7fc210cc3dc0>,59,14,[ 3 12],60,-1,172,-1,158
1,<environment.Job instance at 0x7fc210c49910>,61,1,[2 7],62,-1,171,-1,170
1,<environment.Job instance at 0x7fc210c49960>,62,26,[7 1],63,-1,196,-1,170
1,<environment.Job instance at 0x7fc210c495a0>,63,13,[14  1],64,-1,183,-1,170
1,<environment.Job instance at 0x7fc210c49140>,64,24,[7 2],65,-1,194,-1,170
1,<environment.Job instance at 0x7fc210c493c0>,65,24,[14  4],66,-1,194,-1,170
1,<environment.Job instance at 0x7fc210c49190>,66,3,[12  5],67,-1,173,-1,170
1,<environment.Job instance at 0x7fc210c49aa0>,67,25,[3 6],68,-1,195,-1,170
1,<environment.Job instance at 0x7fc210c49c30>,68,16,[ 3 10],69,-1,202,-1,186
1,<environment.Job instance at 0x7fc210c49af0>,70,16,[13  1],71,-1,202,-1,186
1,<environment.Job instance at 0x7fc210c387d0>,72,3,[1 8],73,-1,190,-1,187
1,<environment.Job instance at 0x7fc210c38870>,73,28,[5 8],74,-1,215,-1,187
1,<environment.Job instance at 0x7fc210c388c0>,74,16,[ 4 10],75,-1,204,-1,188
1,<environment.Job instance at 0x7fc210c389b0>,75,13,[14  5],76,-1,201,-1,188
1,<environment.Job instance at 0x7fc210c38af0>,77,17,[13  3],78,-1,218,-1,201
1,<environment.Job instance at 0x7fc210c38b90>,78,1,[3 8],79,-1,202,-1,201
1,<environment.Job instance at 0x7fc210c38c30>,79,27,[1 7],80,-1,228,-1,201
1,<environment.Job instance at 0x7fc210c38e10>,81,13,[12  4],82,-1,214,-1,201
1,<environment.Job instance at 0x7fc210c38f50>,83,23,[8 1],84,-1,241,-1,218
1,<environment.Job instance at 0x7fc210c38f00>,85,16,[ 5 12],86,-1,234,-1,218
1,<environment.Job instance at 0x7fc210c6c230>,87,2,[ 3 10],88,-1,220,-1,218
1,<environment.Job instance at 0x7fc210c6c2d0>,88,13,[9 1],89,-1,231,-1,218
1,<environment.Job instance at 0x7fc210c6c410>,90,28,[13  1],91,-1,251,-1,223
1,<environment.Job instance at 0x7fc210c6c550>,92,28,[10  1],93,-1,261,-1,233
1,<environment.Job instance at 0x7fc210c6c5a0>,94,12,[5 1],95,-1,258,-1,246
1,<environment.Job instance at 0x7fc210c6c780>,95,18,[11  2],96,-1,264,-1,246
1,<environment.Job instance at 0x7fc210c6cbe0>,101,22,[7 5],102,-1,347,-1,325
1,<environment.Job instance at 0x7fc210c6ce10>,108,17,[11  2],109,-1,355,-1,338
1,<environment.Job instance at 0x7fc210c6cfa0>,109,23,[9 3],110,-1,361,-1,338
1,<environment.Job instance at 0x7fc210c4d230>,111,16,[12  1],112,-1,354,-1,338
1,<environment.Job instance at 0x7fc210c4d370>,113,18,[ 4 11],114,-1,356,-1,338
1,<environment.Job instance at 0x7ff105350eb0>,8,15,[ 4 13],9,-1,27,-1,12
1,<environment.Job instance at 0x7ff105350e10>,7,26,[9 3],8,-1,44,-1,18
1,<environment.Job instance at 0x7ff1053530a0>,14,21,[8 1],15,-1,64,-1,43
1,<environment.Job instance at 0x7ff105353460>,16,28,[5 1],17,-1,71,-1,43
1,<environment.Job instance at 0x7ff105353640>,18,18,[13  1],19,-1,71,-1,53
1,<environment.Job instance at 0x7ff105353140>,19,23,[8 4],20,-1,76,-1,53
1,<environment.Job instance at 0x7ff105353730>,20,17,[ 2 14],21,-1,70,-1,53
1,<environment.Job instance at 0x7ff1053535f0>,21,14,[ 4 11],22,-1,67,-1,53
1,<environment.Job instance at 0x7ff105353910>,23,16,[12  2],24,-1,72,-1,56
1,<environment.Job instance at 0x7ff1053539b0>,24,2,[4 6],25,-1,58,-1,56
1,<environment.Job instance at 0x7ff105353a50>,25,2,[5 7],26,-1,58,-1,56
1,<environment.Job instance at 0x7ff105353be0>,28,17,[ 1 13],29,-1,90,-1,73
1,<environment.Job instance at 0x7ff105353c80>,29,24,[4 7],30,-1,97,-1,73
1,<environment.Job instance at 0x7ff105353eb0>,30,26,[9 4],31,-1,99,-1,73
1,<environment.Job instance at 0x7ff105353fa0>,32,12,[12  3],33,-1,92,-1,80
1,<environment.Job instance at 0x7ff105353dc0>,33,21,[12  3],34,-1,101,-1,80
1,<environment.Job instance at 0x7ff105356280>,36,25,[12  3],37,-1,123,-1,98
1,<environment.Job instance at 0x7ff1053563c0>,38,24,[13  2],39,-1,122,-1,98
1,<environment.Job instance at 0x7ff105356500>,40,26,[ 1 14],41,-1,141,-1,115
1,<environment.Job instance at 0x7ff1053566e0>,41,12,[8 3],42,-1,133,-1,121
1,<environment.Job instance at 0x7ff105356690>,42,12,[ 5 12],43,-1,133,-1,121
1,<environment.Job instance at 0x7ff105356780>,44,12,[9 3],45,-1,140,-1,128
1,<environment.Job instance at 0x7ff1053560f0>,45,12,[ 3 14],46,-1,140,-1,128
1,<environment.Job instance at 0x7ff105356910>,47,14,[12  2],48,-1,143,-1,129
1,<environment.Job instance at 0x7ff1053569b0>,48,14,[ 1 11],49,-1,143,-1,129
1,<environment.Job instance at 0x7ff105356a50>,49,13,[1 5],50,-1,142,-1,129
1,<environment.Job instance at 0x7ff105356af0>,50,13,[ 4 12],51,-1,142,-1,129
1,<environment.Job instance at 0x7ff105356e60>,53,12,[ 3 14],54,-1,161,-1,149
1,<environment.Job instance at 0x7ff105356e10>,54,3,[ 3 13],55,-1,152,-1,149
1,<environment.Job instance at 0x7ff105359190>,56,2,[4 7],57,-1,151,-1,149
1,<environment.Job instance at 0x7ff105356fa0>,57,17,[ 2 14],58,-1,166,-1,149
1,<environment.Job instance at 0x7ff1053592d0>,58,28,[10  3],59,-1,177,-1,149
1,<environment.Job instance at 0x7ff105359140>,59,21,[9 1],60,-1,170,-1,149
1,<environment.Job instance at 0x7ff105359280>,60,14,[ 2 10],61,-1,163,-1,149
1,<environment.Job instance at 0x7ff105359370>,61,2,[ 1 12],62,-1,151,-1,149
1,<environment.Job instance at 0x7ff105359410>,62,2,[5 9],63,-1,151,-1,149
1,<environment.Job instance at 0x7ff105359730>,66,28,[3 6],67,-1,204,-1,176
1,<environment.Job instance at 0x7ff105359a50>,70,22,[ 3 10],71,-1,217,-1,195
1,<environment.Job instance at 0x7ff105359eb0>,75,28,[ 2 10],76,-1,247,-1,219
1,<environment.Job instance at 0x7ff105359f50>,76,13,[10  1],77,-1,232,-1,219
1,<environment.Job instance at 0x7ff105359d20>,79,19,[12  3],80,-1,252,-1,233
1,<environment.Job instance at 0x7ff10535c410>,84,1,[5 5],85,-1,286,-1,285
1,<environment.Job instance at 0x7ff10535c500>,86,3,[6 3],87,-1,303,-1,300
1,<environment.Job instance at 0x7ff10535c8c0>,89,17,[ 5 14],90,-1,333,-1,316
1,<environment.Job instance at 0x7ff10535c960>,90,22,[9 2],91,-1,339,-1,317
1,<environment.Job instance at 0x7ff10535caa0>,92,23,[9 1],93,-1,340,-1,317
1,<environment.Job instance at 0x7ff10535cb40>,93,25,[ 1 13],94,-1,342,-1,317
1,<environment.Job instance at 0x7ff10535cbe0>,94,21,[14  5],95,-1,338,-1,317
1,<environment.Job instance at 0x7ff10535c690>,99,2,[13  5],100,-1,352,-1,350
1,<environment.Job instance at 0x7ff10535cfa0>,100,28,[5 9],101,-1,378,-1,350
1,<environment.Job instance at 0x7ff10535e1e0>,101,15,[ 2 13],102,-1,365,-1,350
1,<environment.Job instance at 0x7ff10535e280>,102,13,[11  4],103,-1,363,-1,350
1,<environment.Job instance at 0x7ff10535e3c0>,104,1,[ 1 10],105,-1,367,-1,366
1,<environment.Job instance at 0x7ff10535e190>,106,22,[ 4 14],107,-1,388,-1,366
1,<environment.Job instance at 0x7ff10535e6e0>,109,27,[ 3 11],110,-1,407,-1,380
1,<environment.Job instance at 0x7ff10535e780>,110,23,[5 1],111,-1,403,-1,380
1,<environment.Job instance at 0x7ff10535e820>,111,17,[12  4],112,-1,397,-1,380
1,<environment.Job instance at 0x7ff10535eb90>,117,22,[10  3],118,-1,428,-1,406
1,<environment.Job instance at 0x7ff10535ec30>,118,13,[9 1],119,-1,419,-1,406
1,<environment.Job instance at 0x7ff10535ecd0>,119,12,[13  1],120,-1,418,-1,406
1,<environment.Job instance at 0x7ff10535ed70>,120,24,[8 1],121,-1,430,-1,406
1,<environment.Job instance at 0x7ff10535ef50>,121,2,[ 5 14],122,-1,408,-1,406
1,<environment.Job instance at 0x7ff1053a7370>,122,25,[1 8],123,-1,431,-1,406
1,<environment.Job instance at 0x7ff10e967b90>,123,3,[10  3],124,-1,409,-1,406
1,<environment.Job instance at 0x7ff1053468c0>,127,2,[5 5],128,-1,416,-1,414
1,<environment.Job instance at 0x7ff105350f50>,9,23,[13  1],10,-1,544,-1,521
1,<environment.Job instance at 0x7ff104a9c370>,8,24,[6 5],9,-1,37,-1,13
1,<environment.Job instance at 0x7ff104a9c870>,12,15,[ 2 13],13,-1,43,-1,28
1,<environment.Job instance at 0x7ff104a9ca50>,13,26,[7 2],14,-1,54,-1,28
1,<environment.Job instance at 0x7ff104a9c050>,14,20,[13  4],15,-1,48,-1,28
1,<environment.Job instance at 0x7ff104a9c190>,15,3,[9 2],16,-1,31,-1,28
1,<environment.Job instance at 0x7ff104a9cbe0>,17,2,[3 8],18,-1,31,-1,29
1,<environment.Job instance at 0x7ff104a9ce10>,18,3,[4 8],19,-1,32,-1,29
1,<environment.Job instance at 0x7ff104a9a550>,22,26,[6 4],23,-1,87,-1,61
1,<environment.Job instance at 0x7ff104a97a50>,29,2,[ 1 10],30,-1,161,-1,159
1,<environment.Job instance at 0x7ff104a979b0>,32,22,[ 2 11],33,-1,187,-1,165
1,<environment.Job instance at 0x7ff104a97140>,33,2,[13  5],34,-1,167,-1,165
1,<environment.Job instance at 0x7ff104a97320>,35,13,[ 5 14],36,-1,191,-1,178
1,<environment.Job instance at 0x7ff104a97cd0>,36,3,[5 6],37,-1,181,-1,178
1,<environment.Job instance at 0x7ff104ad4820>,45,27,[ 3 13],46,-1,283,-1,256
1,<environment.Job instance at 0x7ff10490b690>,47,2,[5 7],48,-1,273,-1,271
1,<environment.Job instance at 0x7ff104913140>,48,17,[12  2],49,-1,288,-1,271
1,<environment.Job instance at 0x7ff1049d6140>,50,18,[12  2],51,-1,291,-1,273
1,<environment.Job instance at 0x7ff1049d65a0>,51,27,[8 3],52,-1,300,-1,273
1,<environment.Job instance at 0x7ff10496e410>,53,19,[12  2],54,-1,293,-1,274
1,<environment.Job instance at 0x7ff10496a820>,57,27,[ 3 12],58,-1,334,-1,307
1,<environment.Job instance at 0x7ff10496a550>,61,15,[ 2 14],62,-1,365,-1,350
1,<environment.Job instance at 0x7ff1049634b0>,63,26,[3 9],64,-1,392,-1,366
1,<environment.Job instance at 0x7ff104951b90>,78,12,[14  4],79,-1,472,-1,460
1,<environment.Job instance at 0x7ff104a9cfa0>,84,16,[ 1 14],85,-1,523,-1,507
1,<environment.Job instance at 0x7ff104a9cf00>,85,18,[ 1 14],86,-1,525,-1,507
1,<environment.Job instance at 0x7ff1048ebbe0>,86,23,[1 9],87,-1,570,-1,547
1,<environment.Job instance at 0x7ff1048eb280>,91,18,[11  1],92,-1,565,-1,547
1,<environment.Job instance at 0x7ff1048eb820>,93,17,[12  1],94,-1,574,-1,557
1,<environment.Job instance at 0x7ff1048fdf00>,124,26,[ 2 13],125,-1,885,-1,859
1,<environment.Job instance at 0x7ff12a050550>,125,28,[14  4],126,-1,887,-1,859
1,<environment.Job instance at 0x7ff1048f9500>,126,1,[3 9],127,-1,860,-1,859
1,<environment.Job instance at 0x7ff1048fd050>,127,20,[ 4 11],128,-1,879,-1,859
1,<environment.Job instance at 0x7ff1049d9190>,1,26,[5 3],2,-1,28,-1,2
1,<environment.Job instance at 0x7ff1049d9aa0>,9,28,[ 2 10],10,-1,53,-1,25
1,<environment.Job instance at 0x7ff1049d9b40>,10,2,[13  1],11,-1,27,-1,25
1,<environment.Job instance at 0x7ff10e9e41e0>,21,2,[7 3],22,-1,109,-1,107
1,<environment.Job instance at 0x7ff10e9e4c80>,23,2,[5 7],24,-1,111,-1,109
1,<environment.Job instance at 0x7ff10e9e4370>,24,2,[8 1],25,-1,111,-1,109
1,<environment.Job instance at 0x7ff10e9e4dc0>,25,27,[9 5],26,-1,136,-1,109
1,<environment.Job instance at 0x7ff10e9e45a0>,27,14,[12  2],28,-1,134,-1,120
1,<environment.Job instance at 0x7ff10e9e4960>,28,2,[ 4 11],29,-1,122,-1,120
1,<environment.Job instance at 0x7ff10e9e42d0>,29,3,[9 4],30,-1,124,-1,121
1,<environment.Job instance at 0x7ff10eab6280>,30,2,[2 9],31,-1,123,-1,121
1,<environment.Job instance at 0x7ff10eab67d0>,33,27,[2 7],34,-1,159,-1,132
1,<environment.Job instance at 0x7ff10eab6640>,35,27,[1 5],36,-1,172,-1,145
1,<environment.Job instance at 0x7ff10eab6b90>,37,15,[14  2],38,-1,160,-1,145
1,<environment.Job instance at 0x7ff10eab62d0>,38,2,[8 3],39,-1,147,-1,145
1,<environment.Job instance at 0x7ff10eab6320>,42,17,[13  5],43,-1,183,-1,166
1,<environment.Job instance at 0x7ff10eab6e10>,43,13,[ 5 14],44,-1,179,-1,166
1,<environment.Job instance at 0x7ff10eab6d20>,44,3,[4 5],45,-1,169,-1,166
1,<environment.Job instance at 0x7ff10eab7460>,54,25,[5 6],55,-1,255,-1,230
1,<environment.Job instance at 0x7ff104a40b90>,59,28,[11  2],60,-1,294,-1,266
1,<environment.Job instance at 0x7ff104a40960>,63,27,[ 4 13],64,-1,329,-1,302
1,<environment.Job instance at 0x7ff104a40550>,64,28,[1 8],65,-1,330,-1,302
1,<environment.Job instance at 0x7ff104a40a50>,65,12,[13  4],66,-1,314,-1,302
1,<environment.Job instance at 0x7ff104a403c0>,66,12,[ 5 12],67,-1,314,-1,302
1,<environment.Job instance at 0x7ff104a40fa0>,67,28,[7 4],68,-1,330,-1,302
1,<environment.Job instance at 0x7ff104a407d0>,68,27,[4 6],69,-1,329,-1,302
1,<environment.Job instance at 0x7ff104a40370>,72,27,[12  5],73,-1,374,-1,347
1,<environment.Job instance at 0x7ff104a400a0>,74,2,[5 5],75,-1,349,-1,347
1,<environment.Job instance at 0x7ff104a408c0>,76,3,[10  2],77,-1,350,-1,347
1,<environment.Job instance at 0x7ff104a40500>,78,18,[12  2],79,-1,380,-1,362
1,<environment.Job instance at 0x7ff104a40c30>,79,23,[5 8],80,-1,385,-1,362
1,<environment.Job instance at 0x7ff1048fd4b0>,82,21,[ 4 14],83,-1,400,-1,379
1,<environment.Job instance at 0x7ff1048fd8c0>,85,13,[12  1],86,-1,412,-1,399
1,<environment.Job instance at 0x7ff1048fd9b0>,86,12,[14  3],87,-1,411,-1,399
1,<environment.Job instance at 0x7ff1048fd410>,87,1,[ 4 11],88,-1,400,-1,399
1,<environment.Job instance at 0x7ff1048fddc0>,90,1,[ 4 10],91,-1,412,-1,411
1,<environment.Job instance at 0x7ff1048fd370>,91,25,[7 5],92,-1,436,-1,411
1,<environment.Job instance at 0x7ff1048fdaa0>,94,25,[2 8],95,-1,441,-1,416
1,<environment.Job instance at 0x7ff1048fdc30>,97,28,[8 2],98,-1,452,-1,424
1,<environment.Job instance at 0x7ff1048fdbe0>,98,26,[8 3],99,-1,450,-1,424
1,<environment.Job instance at 0x7ff1048fdaf0>,100,27,[ 3 11],101,-1,461,-1,434
1,<environment.Job instance at 0x7ff1048fde10>,101,15,[ 3 13],102,-1,449,-1,434
1,<environment.Job instance at 0x7ff1048e6230>,103,3,[ 5 10],104,-1,449,-1,446
1,<environment.Job instance at 0x7ff1048e6f00>,106,2,[5 3],107,-1,463,-1,461
1,<environment.Job instance at 0x7ff1048e6be0>,108,18,[ 5 14],109,-1,480,-1,462
1,<environment.Job instance at 0x7ff1048e6f50>,110,19,[ 2 11],111,-1,495,-1,476
1,<environment.Job instance at 0x7ff1048e68c0>,114,25,[4 9],115,-1,511,-1,486
1,<environment.Job instance at 0x7ff1048e65a0>,115,26,[6 1],116,-1,512,-1,486
1,<environment.Job instance at 0x7ff1048f9370>,116,28,[5 9],117,-1,514,-1,486
1,<environment.Job instance at 0x7ff1048f9230>,117,24,[4 8],118,-1,510,-1,486
1,<environment.Job instance at 0x7ff1048f9f00>,119,1,[10  5],120,-1,500,-1,499
1,<environment.Job instance at 0x7ff1048f9910>,120,2,[ 2 12],121,-1,501,-1,499
1,<environment.Job instance at 0x7ff1048f9dc0>,122,24,[7 4],123,-1,523,-1,499
1,<environment.Job instance at 0x7ff1048f96e0>,128,19,[12  4],129,-1,563,-1,544
1,<environment.Job instance at 0x7ff1057f7f50>,1,25,[8 3],2,-1,27,-1,2
1,<environment.Job instance at 0x7ff1057f7230>,2,16,[ 2 11],3,-1,19,-1,3
1,<environment.Job instance at 0x7ff1057f70f0>,3,28,[ 3 11],4,-1,32,-1,4
1,<environment.Job instance at 0x7ff1057f7190>,5,24,[2 7],6,-1,30,-1,6
1,<environment.Job instance at 0x7ff1057e30f0>,6,16,[14  5],7,-1,23,-1,7
1,<environment.Job instance at 0x7ff1057e3500>,8,27,[14  3],9,-1,36,-1,9
1,<environment.Job instance at 0x7ff1057e3820>,9,18,[ 1 14],10,-1,28,-1,10
1,<environment.Job instance at 0x7ff1057e33c0>,12,13,[ 1 12],13,-1,26,-1,13
1,<environment.Job instance at 0x7ff1057e30a0>,17,22,[ 3 11],18,-1,45,-1,23
1,<environment.Job instance at 0x7ff1057de230>,30,14,[ 3 13],31,-1,167,-1,153
1,<environment.Job instance at 0x7ff1057de550>,31,26,[6 2],32,-1,180,-1,154
1,<environment.Job instance at 0x7ff1057debe0>,33,23,[12  5],34,-1,183,-1,160
1,<environment.Job instance at 0x7ff1057de820>,34,13,[ 4 14],35,-1,173,-1,160
1,<environment.Job instance at 0x7ff1057de910>,35,19,[13  2],36,-1,179,-1,160
1,<environment.Job instance at 0x7ff1056e8b90>,46,17,[12  4],47,-1,285,-1,268
1,<environment.Job instance at 0x7ff1056e82d0>,47,25,[6 4],48,-1,293,-1,268
1,<environment.Job instance at 0x7ff1056e8e10>,49,18,[14  5],50,-1,286,-1,268
1,<environment.Job instance at 0x7ff10576a5a0>,51,24,[5 5],52,-1,299,-1,275
1,<environment.Job instance at 0x7ff10576a870>,52,3,[8 5],53,-1,278,-1,275
1,<environment.Job instance at 0x7ff10576a190>,53,14,[ 2 11],54,-1,289,-1,275
1,<environment.Job instance at 0x7ff10576a780>,54,1,[4 6],55,-1,276,-1,275
1,<environment.Job instance at 0x7ff10576a2d0>,55,28,[ 5 10],56,-1,303,-1,275
1,<environment.Job instance at 0x7ff10576ab90>,57,13,[ 5 11],58,-1,296,-1,283
1,<environment.Job instance at 0x7ff10576ad70>,59,19,[ 4 14],60,-1,319,-1,300
1,<environment.Job instance at 0x7ff10576a690>,61,26,[ 3 12],62,-1,340,-1,314
1,<environment.Job instance at 0x7ff10576aaa0>,62,14,[ 3 14],63,-1,328,-1,314
1,<environment.Job instance at 0x7ff10576a460>,64,2,[3 7],65,-1,335,-1,333
1,<environment.Job instance at 0x7ff10576a3c0>,66,17,[ 5 14],67,-1,350,-1,333
1,<environment.Job instance at 0x7ff10576ae60>,68,2,[7 2],69,-1,336,-1,334
1,<environment.Job instance at 0x7ff10576afa0>,69,2,[ 4 11],70,-1,336,-1,334
1,<environment.Job instance at 0x7ff10576a410>,71,3,[2 8],72,-1,349,-1,346
1,<environment.Job instance at 0x7ff10542db40>,73,12,[12  2],74,-1,358,-1,346
1,<environment.Job instance at 0x7ff10542d960>,74,12,[14  2],75,-1,358,-1,346
1,<environment.Job instance at 0x7ff10542d550>,76,13,[14  5],77,-1,373,-1,360
1,<environment.Job instance at 0x7ff10542d320>,77,25,[7 3],78,-1,385,-1,360
1,<environment.Job instance at 0x7ff10542d820>,78,16,[ 1 14],79,-1,376,-1,360
1,<environment.Job instance at 0x7ff10542d140>,80,12,[ 2 13],81,-1,372,-1,360
1,<environment.Job instance at 0x7ff10542d9b0>,87,24,[10  3],88,-1,454,-1,430
1,<environment.Job instance at 0x7ff10542d5a0>,88,18,[11  2],89,-1,448,-1,430
1,<environment.Job instance at 0x7ff10542da50>,90,14,[ 5 13],91,-1,444,-1,430
1,<environment.Job instance at 0x7ff1058a4910>,91,24,[14  5],92,-1,454,-1,430
1,<environment.Job instance at 0x7ff1058a45a0>,92,12,[ 4 11],93,-1,442,-1,430
1,<environment.Job instance at 0x7ff1058a4b90>,93,22,[3 8],94,-1,540,-1,518
1,<environment.Job instance at 0x7ff1058a4a00>,101,27,[ 4 14],102,-1,545,-1,518
1,<environment.Job instance at 0x7ff1058a4b40>,105,28,[13  5],106,-1,578,-1,550
1,<environment.Job instance at 0x7ff1058a4690>,111,25,[5 5],112,-1,599,-1,574
1,<environment.Job instance at 0x7ff1058a47d0>,112,26,[12  3],113,-1,600,-1,574
1,<environment.Job instance at 0x7ff1058a4fa0>,113,2,[14  4],114,-1,576,-1,574
1,<environment.Job instance at 0x7ff10e9e5960>,115,24,[ 5 13],116,-1,604,-1,580
1,<environment.Job instance at 0x7ff10e9e5cd0>,116,25,[7 5],117,-1,605,-1,580
1,<environment.Job instance at 0x7ff10e9e5a50>,118,3,[ 5 13],119,-1,596,-1,593
1,<environment.Job instance at 0x7ff10e9e5af0>,119,18,[ 1 14],120,-1,611,-1,593
1,<environment.Job instance at 0x7ff10e9e5be0>,120,19,[14  4],121,-1,612,-1,593
1,<environment.Job instance at 0x7ff10e9e5e60>,121,14,[14  2],122,-1,607,-1,593
1,<environment.Job instance at 0x7ff10e9e55a0>,127,14,[11  1],128,-1,638,-1,624
1,<environment.Job instance at 0x7ff10e9e57d0>,128,22,[ 3 11],129,-1,646,-1,624
1,<environment.Job instance at 0x7ff1057de690>,2,16,[12  4],3,-1,19,-1,3
1,<environment.Job instance at 0x7ff104d8efa0>,5,17,[ 4 13],6,-1,23,-1,6
1,<environment.Job instance at 0x7ff1057b7a50>,10,13,[14  2],11,-1,24,-1,11
1,<environment.Job instance at 0x7ff1057b7b40>,12,24,[10  1],13,-1,37,-1,13
1,<environment.Job instance at 0x7ff1059e30f0>,33,22,[ 5 13],34,-1,187,-1,165
1,<environment.Job instance at 0x7ff1059e1a50>,35,27,[11  2],36,-1,204,-1,177
1,<environment.Job instance at 0x7ff1059ce820>,39,22,[ 4 12],40,-1,213,-1,191
1,<environment.Job instance at 0x7ff1059d41e0>,42,27,[10  1],43,-1,236,-1,209
1,<environment.Job instance at 0x7ff1059d4dc0>,44,13,[ 5 11],45,-1,230,-1,217
1,<environment.Job instance at 0x7ff104d93500>,45,27,[12  2],46,-1,244,-1,217
1,<environment.Job instance at 0x7ff1059dfdc0>,51,27,[ 1 14],52,-1,283,-1,256
1,<environment.Job instance at 0x7ff1059dfa00>,52,12,[12  1],53,-1,268,-1,256
1,<environment.Job instance at 0x7ff105051640>,57,27,[7 1],58,-1,314,-1,287
1,<environment.Job instance at 0x7ff105051960>,58,26,[ 3 10],59,-1,313,-1,287
1,<environment.Job instance at 0x7ff1059db0f0>,60,2,[10  3],61,-1,306,-1,304
1,<environment.Job instance at 0x7ff1059db7d0>,62,14,[14  2],63,-1,318,-1,304
1,<environment.Job instance at 0x7ff1059db5a0>,63,26,[7 3],64,-1,331,-1,305
1,<environment.Job instance at 0x7ff1059db730>,64,24,[8 2],65,-1,336,-1,312
1,<environment.Job instance at 0x7ff1059db8c0>,66,12,[11  1],67,-1,330,-1,318
1,<environment.Job instance at 0x7ff1059dbaf0>,68,16,[12  1],69,-1,334,-1,318
1,<environment.Job instance at 0x7ff1059dbb40>,69,15,[ 4 13],70,-1,333,-1,318
1,<environment.Job instance at 0x7ff1059dbdc0>,70,28,[13  1],71,-1,346,-1,318
1,<environment.Job instance at 0x7ff1059db500>,71,24,[4 7],72,-1,342,-1,318
1,<environment.Job instance at 0x7ff10503a870>,73,26,[7 3],74,-1,350,-1,324
1,<environment.Job instance at 0x7ff10503ad20>,80,13,[ 5 12],81,-1,390,-1,377
1,<environment.Job instance at 0x7ff10503af50>,81,20,[ 2 11],82,-1,397,-1,377
1,<environment.Job instance at 0x7ff10503afa0>,85,25,[3 7],86,-1,419,-1,394
1,<environment.Job instance at 0x7ff105795370>,88,25,[5 8],89,-1,445,-1,420
1,<environment.Job instance at 0x7ff1057954b0>,90,16,[ 1 13],91,-1,453,-1,437
1,<environment.Job instance at 0x7ff105795550>,91,28,[2 7],92,-1,472,-1,444
1,<environment.Job instance at 0x7ff105795690>,93,25,[3 9],94,-1,471,-1,446
1,<environment.Job instance at 0x7ff105795a50>,99,27,[5 7],100,-1,492,-1,465
1,<environment.Job instance at 0x7ff105795a00>,100,15,[14  1],101,-1,480,-1,465
1,<environment.Job instance at 0x7ff105795aa0>,101,24,[13  2],102,-1,489,-1,465
1,<environment.Job instance at 0x7ff105795f50>,108,14,[ 4 13],109,-1,556,-1,542
1,<environment.Job instance at 0x7ff10502f050>,110,3,[1 8],111,-1,545,-1,542
1,<environment.Job instance at 0x7ff10502f0a0>,111,28,[9 2],112,-1,584,-1,556
1,<environment.Job instance at 0x7ff10502f460>,113,2,[10  2],114,-1,558,-1,556
1,<environment.Job instance at 0x7ff10502f230>,118,26,[11  5],119,-1,609,-1,583
1,<environment.Job instance at 0x7ff10502f820>,119,28,[4 9],120,-1,612,-1,584
1,<environment.Job instance at 0x7ff10502fc80>,126,14,[14  5],127,-1,639,-1,625
1,<environment.Job instance at 0x7ff10502fdc0>,128,18,[ 4 11],129,-1,659,-1,641
1,<environment.Job instance at 0x7ff10579feb0>,2,19,[ 2 13],3,-1,22,-1,3
1,<environment.Job instance at 0x7ff104a4f640>,5,24,[12  4],6,-1,30,-1,6
1,<environment.Job instance at 0x7ff104a4f690>,11,27,[12  2],12,-1,39,-1,12
1,<environment.Job instance at 0x7ff104a4ff50>,12,2,[10  5],13,-1,15,-1,13
1,<environment.Job instance at 0x7ff104a4faa0>,13,17,[12  2],14,-1,31,-1,14
1,<environment.Job instance at 0x7ff104a4fc30>,16,21,[12  2],17,-1,45,-1,24
1,<environment.Job instance at 0x7ff104a4fdc0>,17,25,[6 2],18,-1,49,-1,24
1,<environment.Job instance at 0x7ff104a4f5a0>,18,1,[5 5],19,-1,25,-1,24
1,<environment.Job instance at 0x7ff104a4f1e0>,20,17,[ 4 10],21,-1,53,-1,36
1,<environment.Job instance at 0x7ff104d757d0>,22,14,[ 5 13],23,-1,50,-1,36
1,<environment.Job instance at 0x7ff104d75a50>,27,23,[3 9],28,-1,80,-1,57
1,<environment.Job instance at 0x7ff104d75fa0>,28,13,[10  5],29,-1,77,-1,64
1,<environment.Job instance at 0x7ff104d754b0>,29,2,[10  4],30,-1,66,-1,64
1,<environment.Job instance at 0x7ff104d75460>,30,13,[ 2 11],31,-1,77,-1,64
1,<environment.Job instance at 0x7ff104d75910>,32,28,[9 2],33,-1,95,-1,67
1,<environment.Job instance at 0x7ff104d7e230>,38,15,[ 2 12],39,-1,115,-1,100
1,<environment.Job instance at 0x7ff104d7e8c0>,39,24,[ 1 11],40,-1,124,-1,100
1,<environment.Job instance at 0x7ff104d7e370>,42,18,[ 3 14],43,-1,130,-1,112
1,<environment.Job instance at 0x7ff104d7e5a0>,46,16,[ 4 10],47,-1,149,-1,133
1,<environment.Job instance at 0x7ff104d7e6e0>,48,18,[ 1 10],49,-1,151,-1,133
1,<environment.Job instance at 0x7ff104d7e640>,51,1,[5 9],52,-1,149,-1,148
1,<environment.Job instance at 0x7ff104d7e280>,53,1,[ 2 11],54,-1,163,-1,162
1,<environment.Job instance at 0x7ff104d7ecd0>,54,26,[6 3],55,-1,188,-1,162
1,<environment.Job instance at 0x7ff104dcda00>,58,15,[10  2],59,-1,200,-1,185
1,<environment.Job instance at 0x7ff104dcd960>,59,2,[ 2 13],60,-1,187,-1,185
1,<environment.Job instance at 0x7ff104dcda50>,60,15,[ 2 12],61,-1,200,-1,185
1,<environment.Job instance at 0x7ff104dcdcd0>,61,12,[10  1],62,-1,197,-1,185
1,<environment.Job instance at 0x7ff104dcd190>,64,18,[ 3 13],65,-1,216,-1,198
1,<environment.Job instance at 0x7ff104dcd4b0>,65,18,[14  1],66,-1,216,-1,198
1,<environment.Job instance at 0x7ff104dcdaf0>,66,24,[14  1],67,-1,222,-1,198
1,<environment.Job instance at 0x7ff104dcd870>,67,12,[6 3],68,-1,210,-1,198
1,<environment.Job instance at 0x7ff104dcd230>,68,25,[9 2],69,-1,223,-1,198
1,<environment.Job instance at 0x7ff104dcdb40>,69,18,[ 1 12],70,-1,216,-1,198
1,<environment.Job instance at 0x7ff104dcdf00>,70,19,[4 9],71,-1,217,-1,198
1,<environment.Job instance at 0x7ff104dcdb90>,71,13,[8 1],72,-1,211,-1,198
1,<environment.Job instance at 0x7ff104dcdc80>,72,12,[10  1],73,-1,210,-1,198
1,<environment.Job instance at 0x7ff104a46f00>,74,20,[ 3 12],75,-1,235,-1,215
1,<environment.Job instance at 0x7ff104a462d0>,75,19,[10  1],76,-1,234,-1,215
1,<environment.Job instance at 0x7ff105e748c0>,77,3,[13  1],78,-1,219,-1,216
1,<environment.Job instance at 0x7ff105e74f00>,79,19,[13  1],80,-1,248,-1,229
1,<environment.Job instance at 0x7ff105e745f0>,80,16,[9 1],81,-1,254,-1,238
1,<environment.Job instance at 0x7ff105e74eb0>,81,28,[4 5],82,-1,266,-1,238
1,<environment.Job instance at 0x7ff105e74aa0>,83,17,[13  5],84,-1,255,-1,238
1,<environment.Job instance at 0x7ff105e74b90>,84,26,[12  1],85,-1,264,-1,238
1,<environment.Job instance at 0x7ff104d9b7d0>,89,26,[7 1],90,-1,283,-1,257
1,<environment.Job instance at 0x7ff104d9b230>,90,22,[8 3],91,-1,281,-1,259
1,<environment.Job instance at 0x7ff104d9b820>,93,18,[ 2 12],94,-1,291,-1,273
1,<environment.Job instance at 0x7ff104d9b0a0>,95,18,[14  5],96,-1,297,-1,279
1,<environment.Job instance at 0x7ff104d9b410>,96,27,[9 5],97,-1,306,-1,279
1,<environment.Job instance at 0x7ff104d9b6e0>,97,14,[ 3 12],98,-1,293,-1,279
1,<environment.Job instance at 0x7ff104d9b780>,99,23,[5 9],100,-1,312,-1,289
1,<environment.Job instance at 0x7ff104d9b2d0>,100,16,[ 5 13],101,-1,305,-1,289
1,<environment.Job instance at 0x7ff104d9b4b0>,101,22,[ 2 14],102,-1,311,-1,289
1,<environment.Job instance at 0x7ff104d9b050>,103,1,[6 2],104,-1,291,-1,290
1,<environment.Job instance at 0x7ff104d9be10>,104,24,[12  4],105,-1,314,-1,290
1,<environment.Job instance at 0x7ff104d9bc30>,105,17,[ 1 10],106,-1,309,-1,292
1,<environment.Job instance at 0x7ff104d7daa0>,110,14,[10  1],111,-1,332,-1,318
1,<environment.Job instance at 0x7ff104d7d410>,112,25,[10  1],113,-1,352,-1,327
1,<environment.Job instance at 0x7ff104d7d460>,113,13,[ 5 11],114,-1,340,-1,327
1,<environment.Job instance at 0x7ff104d7d640>,114,12,[ 3 14],115,-1,339,-1,327
1,<environment.Job instance at 0x7ff104d7dd20>,116,13,[ 2 13],117,-1,345,-1,332
1,<environment.Job instance at 0x7ff104d7db90>,117,14,[13  2],118,-1,346,-1,332
1,<environment.Job instance at 0x7ff104d7dfa0>,118,18,[11  2],119,-1,350,-1,332
1,<environment.Job instance at 0x7ff104d7dcd0>,119,25,[ 1 10],120,-1,357,-1,332
1,<environment.Job instance at 0x7ff104d7dbe0>,120,13,[ 2 12],121,-1,345,-1,332
1,<environment.Job instance at 0x7ff104d7d3c0>,121,3,[5 7],122,-1,335,-1,332
1,<environment.Job instance at 0x7ff104dce370>,125,23,[2 8],126,-1,379,-1,356
1,<environment.Job instance at 0x7ff1059ce4b0>,126,16,[ 2 13],127,-1,372,-1,356
1,<environment.Job instance at 0x7ff104fe8500>,4,26,[ 4 14],5,-1,31,-1,5
1,<environment.Job instance at 0x7ff104fea460>,6,3,[ 4 12],7,-1,10,-1,7
1,<environment.Job instance at 0x7ff104feae10>,9,25,[5 4],10,-1,37,-1,12
1,<environment.Job instance at 0x7ff105001fa0>,14,25,[ 5 14],15,-1,49,-1,24
1,<environment.Job instance at 0x7ff1057e9d70>,15,27,[5 5],16,-1,51,-1,24
1,<environment.Job instance at 0x7ff1057e9780>,16,17,[ 5 13],17,-1,41,-1,24
1,<environment.Job instance at 0x7ff104ffedc0>,19,14,[14  5],20,-1,47,-1,33
1,<environment.Job instance at 0x7ff105287d20>,20,27,[8 5],21,-1,60,-1,33
1,<environment.Job instance at 0x7ff104c3b7d0>,21,23,[12  4],22,-1,56,-1,33
1,<environment.Job instance at 0x7ff10500d6e0>,26,14,[ 1 12],27,-1,66,-1,52
1,<environment.Job instance at 0x7ff1049e93c0>,27,15,[ 4 14],28,-1,67,-1,52
1,<environment.Job instance at 0x7ff104b2e7d0>,29,28,[ 4 14],30,-1,95,-1,67
1,<environment.Job instance at 0x7ff104b2e460>,30,21,[ 5 12],31,-1,88,-1,67
1,<environment.Job instance at 0x7ff1057bb640>,34,27,[3 8],35,-1,113,-1,86
1,<environment.Job instance at 0x7ff104c5db90>,35,2,[1 8],36,-1,88,-1,86
1,<environment.Job instance at 0x7ff104ffcd20>,42,27,[10  4],43,-1,161,-1,134
1,<environment.Job instance at 0x7ff1052792d0>,44,27,[ 1 14],45,-1,172,-1,145
1,<environment.Job instance at 0x7ff104b3c780>,46,15,[11  1],47,-1,162,-1,147
1,<environment.Job instance at 0x7ff104c39f50>,47,14,[ 3 13],48,-1,161,-1,147
1,<environment.Job instance at 0x7ff1049eceb0>,48,22,[2 5],49,-1,174,-1,152
1,<environment.Job instance at 0x7ff104a21cd0>,49,21,[ 4 14],50,-1,173,-1,152
1,<environment.Job instance at 0x7ff10529f730>,55,14,[ 4 14],56,-1,200,-1,186
1,<environment.Job instance at 0x7ff10529fa50>,56,28,[12  5],57,-1,214,-1,186
1,<environment.Job instance at 0x7ff10529fe10>,57,13,[12  5],58,-1,199,-1,186
1,<environment.Job instance at 0x7ff10529ffa0>,58,12,[11  5],59,-1,198,-1,186
1,<environment.Job instance at 0x7ff10528f320>,61,1,[9 4],62,-1,204,-1,203
1,<environment.Job instance at 0x7ff10528f780>,63,14,[ 4 11],64,-1,217,-1,203
1,<environment.Job instance at 0x7ff10528f3c0>,64,18,[ 3 12],65,-1,221,-1,203
1,<environment.Job instance at 0x7ff10528f7d0>,66,26,[8 5],67,-1,246,-1,220
1,<environment.Job instance at 0x7ff10528f870>,68,18,[13  1],69,-1,238,-1,220
1,<environment.Job instance at 0x7ff105270be0>,71,24,[8 5],72,-1,264,-1,240
1,<environment.Job instance at 0x7ff104a02550>,74,16,[ 2 13],75,-1,276,-1,260
1,<environment.Job instance at 0x7ff104a02730>,77,3,[ 4 10],78,-1,288,-1,285
1,<environment.Job instance at 0x7ff104a027d0>,78,26,[3 6],79,-1,311,-1,285
1,<environment.Job instance at 0x7ff104a029b0>,81,17,[ 4 12],82,-1,318,-1,301
1,<environment.Job instance at 0x7ff104a02b90>,83,3,[10  2],84,-1,311,-1,308
1,<environment.Job instance at 0x7ff104a02be0>,85,2,[13  1],86,-1,315,-1,313
1,<environment.Job instance at 0x7ff104a02eb0>,86,13,[11  1],87,-1,326,-1,313
1,<environment.Job instance at 0x7ff104a02f50>,87,22,[10  1],88,-1,353,-1,331
1,<environment.Job instance at 0x7ff1049e80f0>,91,14,[11  4],92,-1,350,-1,336
1,<environment.Job instance at 0x7ff1049e8550>,96,13,[11  5],97,-1,384,-1,371
1,<environment.Job instance at 0x7ff1049e8730>,97,19,[ 3 11],98,-1,390,-1,371
1,<environment.Job instance at 0x7ff1049e8870>,100,23,[10  4],101,-1,414,-1,391
1,<environment.Job instance at 0x7ff1049e89b0>,102,13,[ 3 10],103,-1,404,-1,391
1,<environment.Job instance at 0x7ff1049e8d70>,106,26,[3 6],107,-1,439,-1,413
1,<environment.Job instance at 0x7ff1049e8690>,107,12,[6 2],108,-1,425,-1,413
1,<environment.Job instance at 0x7ff1049e8eb0>,109,23,[4 9],110,-1,444,-1,421
1,<environment.Job instance at 0x7ff1049e8f50>,110,24,[5 2],111,-1,445,-1,421
1,<environment.Job instance at 0x7ff1049e81e0>,112,17,[ 1 14],113,-1,446,-1,429
1,<environment.Job instance at 0x7ff1049eb190>,113,25,[2 9],114,-1,454,-1,429
1,<environment.Job instance at 0x7ff1049eb050>,121,27,[ 3 11],122,-1,514,-1,487
1,<environment.Job instance at 0x7ff1049eb7d0>,122,21,[ 3 13],123,-1,508,-1,487
1,<environment.Job instance at 0x7ff1049eb8c0>,125,13,[14  2],126,-1,535,-1,522
1,<environment.Job instance at 0x7ff1049eb960>,126,16,[ 4 14],127,-1,538,-1,522
1,<environment.Job instance at 0x7ff1049ebaa0>,128,14,[13  3],129,-1,536,-1,522
1,<environment.Job instance at 0x7ff10529f820>,54,17,[11  4],55,-1,3299,-1,3282
1,<environment.Job instance at 0x7ff104a02e60>,88,16,[13  1],89,-1,3326,-1,3310
1,<environment.Job instance at 0x7ff104a31370>,5,27,[1 6],6,-1,33,-1,6
1,<environment.Job instance at 0x7ff10e9bff50>,6,27,[8 5],7,-1,34,-1,7
1,<environment.Job instance at 0x7ff10e9bf4b0>,8,26,[10  5],9,-1,35,-1,9
1,<environment.Job instance at 0x7ff104d63af0>,14,20,[ 2 11],15,-1,42,-1,22
1,<environment.Job instance at 0x7ff104d63870>,15,3,[ 4 11],16,-1,25,-1,22
1,<environment.Job instance at 0x7ff104d633c0>,16,16,[13  3],17,-1,38,-1,22
1,<environment.Job instance at 0x7ff104d63500>,17,26,[10  5],18,-1,48,-1,22
1,<environment.Job instance at 0x7ff104d632d0>,19,13,[ 2 12],20,-1,36,-1,23
1,<environment.Job instance at 0x7ff104d63c80>,21,17,[11  4],22,-1,69,-1,52
1,<environment.Job instance at 0x7ff104d639b0>,23,15,[ 2 13],24,-1,67,-1,52
1,<environment.Job instance at 0x7ff104d63230>,24,18,[11  2],25,-1,72,-1,54
1,<environment.Job instance at 0x7ff104d63550>,27,18,[14  1],28,-1,80,-1,62
1,<environment.Job instance at 0x7ff104d63820>,28,23,[ 1 11],29,-1,85,-1,62
1,<environment.Job instance at 0x7ff104d63140>,29,12,[ 3 12],30,-1,74,-1,62
1,<environment.Job instance at 0x7ff10502feb0>,33,13,[ 3 11],34,-1,90,-1,77
1,<environment.Job instance at 0x7ff10502fd20>,36,15,[11  2],37,-1,110,-1,95
1,<environment.Job instance at 0x7ff10502faf0>,38,25,[7 2],39,-1,122,-1,97
1,<environment.Job instance at 0x7ff10502f730>,40,12,[ 3 12],41,-1,125,-1,113
1,<environment.Job instance at 0x7ff10502fb90>,41,15,[11  5],42,-1,128,-1,113
1,<environment.Job instance at 0x7ff10502fdc0>,43,16,[13  2],44,-1,132,-1,116
1,<environment.Job instance at 0x7ff10502f8c0>,45,19,[12  5],46,-1,144,-1,125
1,<environment.Job instance at 0x7ff104d95550>,49,2,[6 4],50,-1,148,-1,146
1,<environment.Job instance at 0x7ff104d95fa0>,50,25,[10  4],51,-1,171,-1,146
1,<environment.Job instance at 0x7ff104d955f0>,52,27,[7 5],53,-1,176,-1,149
1,<environment.Job instance at 0x7ff104d95870>,54,25,[8 2],55,-1,184,-1,159
1,<environment.Job instance at 0x7ff104d95230>,56,14,[ 2 12],57,-1,173,-1,159
1,<environment.Job instance at 0x7ff104d954b0>,62,20,[ 1 13],63,-1,222,-1,202
1,<environment.Job instance at 0x7ff104d95910>,64,28,[ 3 10],65,-1,243,-1,215
1,<environment.Job instance at 0x7ff104d957d0>,65,25,[9 5],66,-1,240,-1,215
1,<environment.Job instance at 0x7ff105603f50>,82,2,[ 5 11],83,-1,326,-1,324
1,<environment.Job instance at 0x7ff104c558c0>,92,18,[ 5 14],93,-1,416,-1,398
1,<environment.Job instance at 0x7ff104c559b0>,93,22,[14  2],94,-1,420,-1,398
1,<environment.Job instance at 0x7ff104c555a0>,99,27,[5 4],100,-1,460,-1,433
1,<environment.Job instance at 0x7ff1059e4640>,100,28,[7 5],101,-1,461,-1,433
1,<environment.Job instance at 0x7ff1059e4190>,102,28,[14  2],103,-1,473,-1,445
1,<environment.Job instance at 0x7ff1059e4f50>,105,22,[ 5 14],106,-1,480,-1,458
1,<environment.Job instance at 0x7ff1059e40f0>,106,26,[8 5],107,-1,484,-1,458
1,<environment.Job instance at 0x7ff1059e4c80>,109,13,[13  5],110,-1,485,-1,472
1,<environment.Job instance at 0x7ff1059e4370>,110,14,[ 2 13],111,-1,486,-1,472
1,<environment.Job instance at 0x7ff1059e4a00>,112,12,[ 5 13],113,-1,499,-1,487
1,<environment.Job instance at 0x7ff1059e4730>,114,22,[13  3],115,-1,509,-1,487
1,<environment.Job instance at 0x7ff1059e47d0>,115,26,[14  2],116,-1,513,-1,487
1,<environment.Job instance at 0x7ff12996db40>,116,20,[ 4 12],117,-1,507,-1,487
1,<environment.Job instance at 0x7ff1059e4d70>,117,13,[ 4 12],118,-1,500,-1,487
1,<environment.Job instance at 0x7ff104dd1690>,120,16,[ 5 12],121,-1,517,-1,501
1,<environment.Job instance at 0x7ff104dd1320>,121,22,[13  5],122,-1,523,-1,501
1,<environment.Job instance at 0x7ff104dd1910>,122,27,[5 3],123,-1,528,-1,501
1,<environment.Job instance at 0x7ff1049f6370>,125,24,[5 4],126,-1,531,-1,507
1,<environment.Job instance at 0x7ff104d62cd0>,126,18,[12  1],127,-1,525,-1,507
1,<environment.Job instance at 0x7ff10e9e53c0>,128,13,[ 5 14],129,-1,529,-1,516
1,<environment.Job instance at 0x7ff104761140>,2,27,[5 1],3,-1,30,-1,3
1,<environment.Job instance at 0x7ff104b798c0>,5,17,[ 5 12],6,-1,23,-1,6
1,<environment.Job instance at 0x7ff10474eb90>,11,27,[6 5],12,-1,44,-1,17
1,<environment.Job instance at 0x7ff10474e230>,14,17,[14  4],15,-1,47,-1,30
1,<environment.Job instance at 0x7ff10474e5f0>,17,16,[ 1 13],18,-1,71,-1,55
1,<environment.Job instance at 0x7ff10474e050>,20,12,[13  5],21,-1,80,-1,68
1,<environment.Job instance at 0x7ff10474e9b0>,21,22,[14  4],22,-1,90,-1,68
1,<environment.Job instance at 0x7ff10474e3c0>,22,27,[5 3],23,-1,98,-1,71
1,<environment.Job instance at 0x7ff1046d7af0>,26,26,[3 7],27,-1,110,-1,84
1,<environment.Job instance at 0x7ff1046d73c0>,28,15,[11  4],29,-1,107,-1,92
1,<environment.Job instance at 0x7ff1046d7780>,29,18,[ 3 11],30,-1,110,-1,92
1,<environment.Job instance at 0x7ff1046d7820>,30,23,[9 1],31,-1,115,-1,92
1,<environment.Job instance at 0x7ff1046d7b90>,32,23,[11  3],33,-1,123,-1,100
1,<environment.Job instance at 0x7ff1046ca870>,33,19,[ 4 10],34,-1,131,-1,112
1,<environment.Job instance at 0x7ff1046cad20>,37,28,[13  1],38,-1,140,-1,112
1,<environment.Job instance at 0x7ff1046ca910>,38,25,[3 8],39,-1,137,-1,112
1,<environment.Job instance at 0x7ff1046ca7d0>,43,22,[11  1],44,-1,168,-1,146
1,<environment.Job instance at 0x7ff1046ca280>,44,14,[ 2 13],45,-1,160,-1,146
1,<environment.Job instance at 0x7ff1046ca1e0>,48,12,[10  3],49,-1,189,-1,177
1,<environment.Job instance at 0x7ff1046ca230>,52,2,[5 9],53,-1,216,-1,214
1,<environment.Job instance at 0x7ff104709280>,54,14,[11  2],55,-1,228,-1,214
1,<environment.Job instance at 0x7ff1047093c0>,55,15,[12  2],56,-1,229,-1,214
1,<environment.Job instance at 0x7ff104709460>,56,2,[4 9],57,-1,216,-1,214
1,<environment.Job instance at 0x7ff104709870>,57,19,[14  2],58,-1,233,-1,214
1,<environment.Job instance at 0x7ff104709140>,58,20,[ 5 12],59,-1,234,-1,214
1,<environment.Job instance at 0x7ff104709960>,61,17,[ 4 11],62,-1,249,-1,232
1,<environment.Job instance at 0x7ff104709190>,62,12,[8 1],63,-1,249,-1,237
1,<environment.Job instance at 0x7ff104709dc0>,64,1,[3 6],65,-1,245,-1,244
1,<environment.Job instance at 0x7ff104750050>,75,3,[ 4 13],76,-1,346,-1,343
1,<environment.Job instance at 0x7ff104750b40>,76,12,[9 1],77,-1,373,-1,361
1,<environment.Job instance at 0x7ff104973a50>,79,15,[ 5 14],80,-1,376,-1,361
1,<environment.Job instance at 0x7ff1053b5230>,80,2,[4 7],81,-1,363,-1,361
1,<environment.Job instance at 0x7ff1053b5be0>,81,12,[11  5],82,-1,373,-1,361
1,<environment.Job instance at 0x7ff1053b51e0>,82,28,[8 5],83,-1,389,-1,361
1,<environment.Job instance at 0x7ff1046683c0>,85,28,[7 3],86,-1,398,-1,370
1,<environment.Job instance at 0x7ff1049d6d70>,87,25,[1 5],88,-1,400,-1,375
1,<environment.Job instance at 0x7ff1049d6fa0>,88,25,[ 3 10],89,-1,400,-1,375
1,<environment.Job instance at 0x7ff1049d6820>,89,18,[ 2 11],90,-1,393,-1,375
1,<environment.Job instance at 0x7ff1049d6690>,92,20,[ 4 13],93,-1,404,-1,384
1,<environment.Job instance at 0x7ff1049d66e0>,93,17,[11  4],94,-1,401,-1,384
1,<environment.Job instance at 0x7ff1049d67d0>,96,23,[9 2],97,-1,423,-1,400
1,<environment.Job instance at 0x7ff1049d6320>,97,3,[6 1],98,-1,403,-1,400
1,<environment.Job instance at 0x7ff107f34aa0>,101,3,[8 1],102,-1,431,-1,428
1,<environment.Job instance at 0x7ff104f1e280>,103,27,[ 1 14],104,-1,455,-1,428
1,<environment.Job instance at 0x7ff104adc690>,3,27,[ 4 13],4,-1,31,-1,4
1,<environment.Job instance at 0x7ff104adcd70>,4,23,[ 4 10],5,-1,28,-1,5
1,<environment.Job instance at 0x7ff104adc3c0>,5,15,[ 4 12],6,-1,21,-1,6
1,<environment.Job instance at 0x7ff104adcdc0>,7,16,[ 5 11],8,-1,25,-1,9
1,<environment.Job instance at 0x7ff104adce60>,9,27,[3 8],10,-1,37,-1,10
1,<environment.Job instance at 0x7ff104adc460>,10,23,[5 9],11,-1,34,-1,11
1,<environment.Job instance at 0x7ff1055a83c0>,25,14,[11  1],26,-1,116,-1,102
1,<environment.Job instance at 0x7ff1055a8eb0>,26,23,[ 2 11],27,-1,125,-1,102
1,<environment.Job instance at 0x7ff1055a80a0>,27,21,[ 1 11],28,-1,123,-1,102
1,<environment.Job instance at 0x7ff1055a89b0>,28,1,[ 2 14],29,-1,103,-1,102
1,<environment.Job instance at 0x7ff1055a8640>,31,15,[13  2],32,-1,128,-1,113
1,<environment.Job instance at 0x7ff1055a8f50>,32,16,[ 5 11],33,-1,129,-1,113
1,<environment.Job instance at 0x7ff1055a8e60>,33,18,[13  4],34,-1,131,-1,113
1,<environment.Job instance at 0x7ff105e4dfa0>,34,15,[ 3 14],35,-1,128,-1,113
1,<environment.Job instance at 0x7ff105e4d7d0>,35,18,[13  2],36,-1,131,-1,113
1,<environment.Job instance at 0x7ff105e4d820>,36,1,[12  5],37,-1,114,-1,113
1,<environment.Job instance at 0x7ff105e4d730>,38,22,[2 9],39,-1,143,-1,121
1,<environment.Job instance at 0x7ff105e4d870>,40,21,[9 5],41,-1,406,-1,385
1,<environment.Job instance at 0x7ff10512eaa0>,66,12,[4 7],67,-1,397,-1,385
1,<environment.Job instance at 0x7ff10512ee10>,62,21,[9 5],63,-1,422,-1,401
1,<environment.Job instance at 0x7ff10512ea00>,71,17,[ 2 10],72,-1,425,-1,408
1,<environment.Job instance at 0x7ff10512ebe0>,72,14,[5 9],73,-1,422,-1,408
1,<environment.Job instance at 0x7ff10512eaf0>,73,18,[9 2],74,-1,433,-1,415
1,<environment.Job instance at 0x7ff1050d6e60>,74,24,[5 9],75,-1,439,-1,415
1,<environment.Job instance at 0x7ff1050d6730>,75,16,[10  3],76,-1,431,-1,415
1,<environment.Job instance at 0x7ff1050d62d0>,76,23,[3 9],77,-1,438,-1,415
1,<environment.Job instance at 0x7ff1050d6af0>,77,26,[8 5],78,-1,441,-1,415
1,<environment.Job instance at 0x7ff1050d69b0>,78,15,[6 1],79,-1,430,-1,415
1,<environment.Job instance at 0x7ff1050d60f0>,79,1,[ 1 12],80,-1,416,-1,415
1,<environment.Job instance at 0x7ff1050d66e0>,81,27,[10  5],82,-1,442,-1,415
1,<environment.Job instance at 0x7ff1050d6550>,82,18,[5 9],83,-1,438,-1,420
1,<environment.Job instance at 0x7ff1050d65a0>,83,2,[5 5],84,-1,422,-1,420
1,<environment.Job instance at 0x7ff1050d6460>,84,15,[12  5],85,-1,435,-1,420
1,<environment.Job instance at 0x7ff1050d65f0>,85,24,[13  2],86,-1,444,-1,420
1,<environment.Job instance at 0x7ff1050d6410>,87,18,[ 3 10],88,-1,438,-1,420
1,<environment.Job instance at 0x7ff1050d6be0>,88,16,[ 3 14],89,-1,436,-1,420
1,<environment.Job instance at 0x7ff1050d6140>,89,24,[14  4],90,-1,444,-1,420
1,<environment.Job instance at 0x7ff1050d6b40>,90,13,[14  5],91,-1,433,-1,420
1,<environment.Job instance at 0x7ff1050d6eb0>,91,12,[8 4],92,-1,432,-1,420
1,<environment.Job instance at 0x7ff1050d6960>,93,23,[6 1],94,-1,447,-1,424
1,<environment.Job instance at 0x7ff1050d6c30>,94,23,[ 5 10],95,-1,447,-1,424
1,<environment.Job instance at 0x7ff104f93460>,95,17,[5 9],96,-1,441,-1,424
1,<environment.Job instance at 0x7ff104f93fa0>,96,22,[ 1 14],97,-1,446,-1,424
1,<environment.Job instance at 0x7ff104f93a50>,97,3,[11  2],98,-1,427,-1,424
1,<environment.Job instance at 0x7ff104f93b90>,98,25,[ 1 14],99,-1,449,-1,424
1,<environment.Job instance at 0x7ff104f93320>,99,25,[12  3],100,-1,449,-1,424
1,<environment.Job instance at 0x7ff104f93aa0>,100,27,[ 4 11],101,-1,451,-1,424
1,<environment.Job instance at 0x7ff104f93190>,101,15,[13  2],102,-1,439,-1,424
1,<environment.Job instance at 0x7ff104f93780>,102,12,[5 5],103,-1,436,-1,424
1,<environment.Job instance at 0x7ff104f93eb0>,103,16,[3 6],104,-1,440,-1,424
1,<environment.Job instance at 0x7ff104f93f50>,104,12,[8 4],105,-1,436,-1,424
1,<environment.Job instance at 0x7ff104f93b40>,105,13,[10  3],106,-1,437,-1,424
1,<environment.Job instance at 0x7ff104f93960>,106,16,[2 6],107,-1,440,-1,424
1,<environment.Job instance at 0x7ff104f93af0>,107,15,[5 2],108,-1,439,-1,424
1,<environment.Job instance at 0x7ff104f93550>,108,16,[ 5 13],109,-1,440,-1,424
1,<environment.Job instance at 0x7ff104f936e0>,109,23,[5 5],110,-1,447,-1,424
1,<environment.Job instance at 0x7ff104f93910>,110,3,[ 4 14],111,-1,427,-1,424
1,<environment.Job instance at 0x7ff104f930a0>,111,15,[14  4],112,-1,439,-1,424
1,<environment.Job instance at 0x7ff104f93f00>,112,13,[7 3],113,-1,437,-1,424
1,<environment.Job instance at 0x7ff104f937d0>,113,25,[4 7],114,-1,449,-1,424
1,<environment.Job instance at 0x7ff104f93690>,114,3,[11  5],115,-1,427,-1,424
1,<environment.Job instance at 0x7ff1053447d0>,115,3,[ 4 14],116,-1,427,-1,424
1,<environment.Job instance at 0x7ff105344a00>,116,28,[ 4 11],117,-1,452,-1,424
1,<environment.Job instance at 0x7ff105344410>,118,18,[11  1],119,-1,449,-1,431
1,<environment.Job instance at 0x7ff1053443c0>,120,24,[3 8],121,-1,466,-1,442
1,<environment.Job instance at 0x7ff105344230>,121,2,[5 4],122,-1,444,-1,442
1,<environment.Job instance at 0x7ff1053449b0>,122,27,[3 6],123,-1,469,-1,442
1,<environment.Job instance at 0x7ff105344f50>,125,15,[ 3 14],126,-1,475,-1,460
1,<environment.Job instance at 0x7ff105344910>,126,21,[10  1],127,-1,481,-1,460
1,<environment.Job instance at 0x7ff10549baa0>,128,27,[4 5],129,-1,487,-1,460
1,<environment.Job instance at 0x7ff10512ec30>,69,15,[ 5 10],70,-1,484,-1,469
1,<environment.Job instance at 0x7ff10512e460>,65,19,[ 5 13],66,-1,488,-1,469
1,<environment.Job instance at 0x7ff105811f50>,1,28,[10  5],2,-1,30,-1,2
1,<environment.Job instance at 0x7ff10512e870>,2,25,[8 4],3,-1,28,-1,3
1,<environment.Job instance at 0x7ff10512e640>,4,18,[13  1],5,-1,23,-1,5
1,<environment.Job instance at 0x7ff1057f0cd0>,6,14,[ 1 14],7,-1,21,-1,7
1,<environment.Job instance at 0x7ff104cb5aa0>,9,25,[8 3],10,-1,35,-1,10
1,<environment.Job instance at 0x7ff104cb5190>,12,24,[11  1],13,-1,37,-1,13
1,<environment.Job instance at 0x7ff1054728c0>,17,18,[11  2],18,-1,41,-1,23
1,<environment.Job instance at 0x7ff105472d70>,20,14,[12  3],21,-1,44,-1,30
1,<environment.Job instance at 0x7ff105472410>,23,28,[4 5],24,-1,81,-1,53
1,<environment.Job instance at 0x7ff105472fa0>,24,1,[ 3 10],25,-1,54,-1,53
1,<environment.Job instance at 0x7ff105497690>,26,3,[7 4],27,-1,56,-1,53
1,<environment.Job instance at 0x7ff105497f50>,28,24,[14  3],29,-1,89,-1,65
1,<environment.Job instance at 0x7ff105497500>,32,27,[2 9],33,-1,113,-1,86
1,<environment.Job instance at 0x7ff105497dc0>,35,26,[ 5 11],36,-1,125,-1,99
1,<environment.Job instance at 0x7ff1054970a0>,40,3,[2 6],41,-1,128,-1,125
1,<environment.Job instance at 0x7ff105497a00>,42,26,[5 4],43,-1,154,-1,128
1,<environment.Job instance at 0x7ff105497fa0>,43,26,[ 1 10],44,-1,154,-1,128
1,<environment.Job instance at 0x7ff104d623c0>,48,28,[14  3],49,-1,205,-1,177
1,<environment.Job instance at 0x7ff104d620a0>,49,20,[1 9],50,-1,534,-1,514
1,<environment.Job instance at 0x7ff105359c80>,84,13,[12  5],85,-1,527,-1,514
1,<environment.Job instance at 0x7ff105359dc0>,85,12,[12  3],86,-1,526,-1,514
1,<environment.Job instance at 0x7ff104a113c0>,89,12,[7 1],90,-1,561,-1,549
1,<environment.Job instance at 0x7ff104a11640>,98,1,[8 4],99,-1,645,-1,644
1,<environment.Job instance at 0x7ff104a11550>,99,25,[ 4 11],100,-1,669,-1,644
1,<environment.Job instance at 0x7ff104a11410>,101,26,[13  2],102,-1,690,-1,664
1,<environment.Job instance at 0x7ff104a11820>,102,2,[ 2 13],103,-1,666,-1,664
1,<environment.Job instance at 0x7ff10e9c2780>,127,18,[ 2 14],128,-1,927,-1,909
1,<environment.Job instance at 0x7ff104e82500>,6,18,[ 4 13],7,-1,25,-1,7
1,<environment.Job instance at 0x7ff104e82fa0>,9,26,[8 3],10,-1,36,-1,10
1,<environment.Job instance at 0x7ff104e825f0>,10,18,[11  1],11,-1,29,-1,11
1,<environment.Job instance at 0x7ff104e82280>,11,12,[ 4 12],12,-1,24,-1,12
1,<environment.Job instance at 0x7ff104e82cd0>,12,27,[4 8],13,-1,40,-1,13
1,<environment.Job instance at 0x7ff104e821e0>,17,2,[3 9],18,-1,25,-1,23
1,<environment.Job instance at 0x7ff10e4a73c0>,18,17,[ 3 14],19,-1,40,-1,23
1,<environment.Job instance at 0x7ff10e4a7eb0>,19,23,[8 5],20,-1,46,-1,23
1,<environment.Job instance at 0x7ff10e4a7c30>,20,16,[5 1],21,-1,39,-1,23
1,<environment.Job instance at 0x7ff10e4a7aa0>,21,3,[6 3],22,-1,26,-1,23
1,<environment.Job instance at 0x7ff10e4a7d70>,22,12,[4 8],23,-1,35,-1,23
1,<environment.Job instance at 0x7ff10e4a7410>,23,2,[5 7],24,-1,26,-1,24
1,<environment.Job instance at 0x7ff10e4a7500>,24,28,[2 5],25,-1,53,-1,25
1,<environment.Job instance at 0x7ff10e4a7af0>,25,28,[ 2 14],26,-1,54,-1,26
1,<environment.Job instance at 0x7ff10e4a7780>,26,22,[9 4],27,-1,49,-1,27
1,<environment.Job instance at 0x7ff10e4a7280>,28,24,[10  1],29,-1,53,-1,29
1,<environment.Job instance at 0x7ff10e4a7230>,29,14,[3 7],30,-1,51,-1,37
1,<environment.Job instance at 0x7ff10e4a7050>,30,27,[5 8],31,-1,64,-1,37
1,<environment.Job instance at 0x7ff10e4a70f0>,32,12,[13  5],33,-1,49,-1,37
1,<environment.Job instance at 0x7ff10e4a71e0>,33,15,[ 5 12],34,-1,52,-1,37
1,<environment.Job instance at 0x7ff1052d6730>,35,23,[10  4],36,-1,75,-1,52
1,<environment.Job instance at 0x7ff1052d65f0>,36,12,[3 5],37,-1,64,-1,52
1,<environment.Job instance at 0x7ff1052d6050>,37,22,[3 8],38,-1,74,-1,52
1,<environment.Job instance at 0x7ff104c4e820>,39,2,[5 5],40,-1,54,-1,52
1,<environment.Job instance at 0x7ff104c4e1e0>,40,24,[10  1],41,-1,76,-1,52
1,<environment.Job instance at 0x7ff104c4e9b0>,41,26,[5 8],42,-1,78,-1,52
1,<environment.Job instance at 0x7ff104c4e4b0>,42,12,[5 5],43,-1,64,-1,52
1,<environment.Job instance at 0x7ff104c4eb40>,44,16,[ 3 14],45,-1,69,-1,53
1,<environment.Job instance at 0x7ff104c4e500>,47,15,[13  3],48,-1,88,-1,73
1,<environment.Job instance at 0x7ff104c4e690>,48,12,[3 8],49,-1,86,-1,74
1,<environment.Job instance at 0x7ff104c4e050>,49,26,[6 2],50,-1,100,-1,74
1,<environment.Job instance at 0x7ff104c4ec80>,50,22,[7 3],51,-1,96,-1,74
1,<environment.Job instance at 0x7ff105c2ad70>,52,26,[13  4],53,-1,106,-1,80
1,<environment.Job instance at 0x7ff105c2aa00>,53,12,[ 4 10],54,-1,92,-1,80
1,<environment.Job instance at 0x7ff105c2a4b0>,54,23,[14  1],55,-1,103,-1,80
1,<environment.Job instance at 0x7ff104ec6730>,55,14,[ 1 12],56,-1,94,-1,80
1,<environment.Job instance at 0x7ff104ec60f0>,56,17,[14  4],57,-1,97,-1,80
1,<environment.Job instance at 0x7ff104ec6230>,58,13,[2 9],59,-1,94,-1,81
1,<environment.Job instance at 0x7ff104ec6e60>,59,1,[9 4],60,-1,82,-1,81
1,<environment.Job instance at 0x7ff104ec6b40>,60,24,[8 2],61,-1,105,-1,81
1,<environment.Job instance at 0x7ff104ec63c0>,61,27,[ 3 13],62,-1,108,-1,81
1,<environment.Job instance at 0x7ff104ec6a50>,62,18,[ 2 12],63,-1,99,-1,81
1,<environment.Job instance at 0x7ff104ec6050>,64,18,[1 9],65,-1,120,-1,102
1,<environment.Job instance at 0x7ff104ec6c30>,66,17,[7 1],67,-1,119,-1,102
1,<environment.Job instance at 0x7ff104ec6e10>,67,15,[14  1],68,-1,117,-1,102
1,<environment.Job instance at 0x7ff104ec6460>,68,26,[11  3],69,-1,128,-1,102
1,<environment.Job instance at 0x7ff104ec6410>,69,18,[2 6],70,-1,120,-1,102
1,<environment.Job instance at 0x7ff104ec6280>,70,14,[9 3],71,-1,117,-1,103
1,<environment.Job instance at 0x7ff104ec66e0>,71,26,[ 1 10],72,-1,129,-1,103
1,<environment.Job instance at 0x7ff104ec6c80>,73,1,[7 1],74,-1,104,-1,103
1,<environment.Job instance at 0x7ff10e5901e0>,74,18,[ 4 11],75,-1,121,-1,103
1,<environment.Job instance at 0x7ff104ec61e0>,75,1,[10  4],76,-1,104,-1,103
1,<environment.Job instance at 0x7ff10e590b90>,77,13,[4 6],78,-1,123,-1,110
1,<environment.Job instance at 0x7ff104a505f0>,80,21,[ 2 14],81,-1,165,-1,144
1,<environment.Job instance at 0x7ff10515d780>,81,18,[13  5],82,-1,162,-1,144
1,<environment.Job instance at 0x7ff104a50dc0>,82,20,[ 4 11],83,-1,164,-1,144
1,<environment.Job instance at 0x7ff10515d730>,83,12,[ 4 10],84,-1,156,-1,144
1,<environment.Job instance at 0x7ff105d18c80>,88,15,[13  4],89,-1,175,-1,160
1,<environment.Job instance at 0x7ff105d18be0>,89,1,[1 9],90,-1,161,-1,160
1,<environment.Job instance at 0x7ff105af83c0>,91,16,[11  4],92,-1,182,-1,166
1,<environment.Job instance at 0x7ff105d18d70>,92,15,[14  5],93,-1,181,-1,166
1,<environment.Job instance at 0x7ff104ae8640>,96,25,[ 5 10],97,-1,218,-1,193
1,<environment.Job instance at 0x7ff1048e3cd0>,99,17,[ 2 14],100,-1,227,-1,210
1,<environment.Job instance at 0x7ff10495e320>,100,13,[13  4],101,-1,223,-1,210
1,<environment.Job instance at 0x7ff104ab7870>,101,18,[12  2],102,-1,228,-1,210
1,<environment.Job instance at 0x7ff10495f3c0>,102,3,[8 4],103,-1,213,-1,210
1,<environment.Job instance at 0x7ff104dfde10>,104,1,[5 4],105,-1,221,-1,220
1,<environment.Job instance at 0x7ff105804eb0>,105,1,[ 1 13],106,-1,221,-1,220
1,<environment.Job instance at 0x7ff1051dcaa0>,106,3,[4 8],107,-1,223,-1,220
1,<environment.Job instance at 0x7ff104efb9b0>,107,12,[12  3],108,-1,232,-1,220
1,<environment.Job instance at 0x7ff104c28500>,111,2,[5 7],112,-1,231,-1,229
1,<environment.Job instance at 0x7ff105cc0280>,112,13,[11  2],113,-1,242,-1,229
1,<environment.Job instance at 0x7ff1052b6e60>,113,12,[ 3 10],114,-1,241,-1,229
1,<environment.Job instance at 0x7ff105cc0820>,114,13,[12  4],115,-1,242,-1,229
1,<environment.Job instance at 0x7ff104c6d4b0>,115,24,[12  2],116,-1,253,-1,229
1,<environment.Job instance at 0x7ff105a2dd70>,116,12,[ 2 12],117,-1,241,-1,229
1,<environment.Job instance at 0x7ff104c6deb0>,117,12,[9 2],118,-1,249,-1,237
1,<environment.Job instance at 0x7ff104a56c30>,118,3,[5 1],119,-1,240,-1,237
1,<environment.Job instance at 0x7ff115aa3d70>,120,3,[1 7],121,-1,243,-1,240
1,<environment.Job instance at 0x7ff10e877320>,125,14,[ 4 13],126,-1,287,-1,273
1,<environment.Job instance at 0x7ff104deaaf0>,127,13,[ 4 10],128,-1,296,-1,283
1,<environment.Job instance at 0x7ff104dea370>,2,24,[ 4 14],3,-1,27,-1,3
1,<environment.Job instance at 0x7ff1048ed9b0>,4,13,[ 4 13],5,-1,18,-1,5
1,<environment.Job instance at 0x7ff1048ed6e0>,5,1,[3 6],6,-1,7,-1,6
1,<environment.Job instance at 0x7ff1048edb40>,3,23,[9 5],4,-1,29,-1,6
1,<environment.Job instance at 0x7ff1048edc30>,6,14,[ 1 11],7,-1,21,-1,7
1,<environment.Job instance at 0x7ff1049102d0>,11,3,[6 3],12,-1,15,-1,12
1,<environment.Job instance at 0x7ff104910c80>,12,12,[14  4],13,-1,25,-1,13
1,<environment.Job instance at 0x7ff1049105f0>,13,14,[ 2 10],14,-1,28,-1,14
1,<environment.Job instance at 0x7ff1049100f0>,20,24,[5 6],21,-1,71,-1,47
1,<environment.Job instance at 0x7ff1049103c0>,21,18,[ 1 10],22,-1,67,-1,49
1,<environment.Job instance at 0x7ff104910b40>,22,25,[ 2 13],23,-1,74,-1,49
1,<environment.Job instance at 0x7ff104910eb0>,24,15,[ 4 11],25,-1,71,-1,56
1,<environment.Job instance at 0x7ff104910f50>,25,26,[6 2],26,-1,82,-1,56
1,<environment.Job instance at 0x7ff104910050>,28,26,[10  2],29,-1,91,-1,65
1,<environment.Job instance at 0x7ff105d0bb40>,32,17,[14  5],33,-1,107,-1,90
1,<environment.Job instance at 0x7ff105d0b370>,35,28,[4 9],36,-1,139,-1,111
1,<environment.Job instance at 0x7ff105d0b960>,36,16,[12  5],37,-1,127,-1,111
1,<environment.Job instance at 0x7ff105d0b280>,37,1,[ 2 14],38,-1,112,-1,111
1,<environment.Job instance at 0x7ff105d0ba00>,39,17,[14  3],40,-1,130,-1,113
1,<environment.Job instance at 0x7ff105d0b870>,40,28,[10  3],41,-1,141,-1,113
1,<environment.Job instance at 0x7ff105d0b460>,41,3,[4 7],42,-1,116,-1,113
1,<environment.Job instance at 0x7ff105d0b050>,42,1,[5 1],43,-1,114,-1,113
1,<environment.Job instance at 0x7ff105d0b6e0>,45,2,[5 7],46,-1,131,-1,129
1,<environment.Job instance at 0x7ff105d0b910>,48,17,[ 3 11],49,-1,181,-1,164
1,<environment.Job instance at 0x7ff105d0bf50>,49,15,[ 5 11],50,-1,179,-1,164
1,<environment.Job instance at 0x7ff105d0b140>,50,28,[ 2 11],51,-1,192,-1,164
1,<environment.Job instance at 0x7ff105d0b690>,51,23,[5 5],52,-1,187,-1,164
1,<environment.Job instance at 0x7ff104907050>,52,12,[11  3],53,-1,176,-1,164
1,<environment.Job instance at 0x7ff1049070f0>,53,26,[ 4 12],54,-1,190,-1,164
1,<environment.Job instance at 0x7ff104907cd0>,54,12,[ 4 12],55,-1,176,-1,164
1,<environment.Job instance at 0x7ff104907f50>,56,18,[14  4],57,-1,182,-1,164
1,<environment.Job instance at 0x7ff104907a50>,58,15,[ 2 12],59,-1,179,-1,164
1,<environment.Job instance at 0x7ff1049078c0>,60,28,[13  2],61,-1,209,-1,181
1,<environment.Job instance at 0x7ff104907280>,63,27,[3 6],64,-1,223,-1,196
1,<environment.Job instance at 0x7ff104907af0>,65,22,[ 4 10],66,-1,236,-1,214
1,<environment.Job instance at 0x7ff104907140>,66,28,[6 3],67,-1,242,-1,214
1,<environment.Job instance at 0x7ff104907730>,69,13,[13  2],70,-1,239,-1,226
1,<environment.Job instance at 0x7ff104907b40>,70,24,[1 7],71,-1,250,-1,226
1,<environment.Job instance at 0x7ff104907640>,71,27,[ 5 12],72,-1,253,-1,226
1,<environment.Job instance at 0x7ff104a26c30>,72,17,[ 1 11],73,-1,243,-1,226
1,<environment.Job instance at 0x7ff104a26b40>,78,23,[ 4 11],79,-1,275,-1,252
1,<environment.Job instance at 0x7ff104a265a0>,82,17,[11  3],83,-1,297,-1,280
1,<environment.Job instance at 0x7ff104a26af0>,86,25,[3 6],87,-1,321,-1,296
1,<environment.Job instance at 0x7ff104a266e0>,87,1,[ 2 12],88,-1,297,-1,296
1,<environment.Job instance at 0x7ff104a26640>,88,14,[14  4],89,-1,310,-1,296
1,<environment.Job instance at 0x7ff104a26410>,89,17,[ 3 14],90,-1,313,-1,296
1,<environment.Job instance at 0x7ff104a3ef50>,92,1,[ 2 10],93,-1,312,-1,311
1,<environment.Job instance at 0x7ff104a3e780>,96,23,[13  2],97,-1,371,-1,348
1,<environment.Job instance at 0x7ff104a3e410>,97,14,[12  4],98,-1,362,-1,348
1,<environment.Job instance at 0x7ff104a3e230>,98,25,[ 2 10],99,-1,373,-1,348
1,<environment.Job instance at 0x7ff104a3e0f0>,99,24,[14  1],100,-1,372,-1,348
1,<environment.Job instance at 0x7ff104a3e6e0>,100,2,[4 8],101,-1,350,-1,348
1,<environment.Job instance at 0x7ff104a3e280>,101,25,[14  2],102,-1,373,-1,348
1,<environment.Job instance at 0x7ff104a3ed70>,103,28,[5 9],104,-1,392,-1,364
1,<environment.Job instance at 0x7ff104a3eb90>,105,28,[6 1],106,-1,392,-1,364
1,<environment.Job instance at 0x7ff104a3e960>,110,23,[7 5],111,-1,427,-1,404
1,<environment.Job instance at 0x7ff104a50d20>,115,18,[ 5 11],116,-1,451,-1,433
1,<environment.Job instance at 0x7ff104a500f0>,117,1,[14  4],118,-1,439,-1,438
1,<environment.Job instance at 0x7ff104a500a0>,118,18,[11  4],119,-1,457,-1,439
1,<environment.Job instance at 0x7ff104a50fa0>,125,23,[13  4],126,-1,514,-1,491
1,<environment.Job instance at 0x7ff104a50780>,126,17,[12  2],127,-1,508,-1,491
1,<environment.Job instance at 0x7ff104910a50>,3,12,[11  5],4,-1,16,-1,4
1,<environment.Job instance at 0x7ff104910410>,2,17,[14  5],3,-1,22,-1,5
1,<environment.Job instance at 0x7ff10514d0a0>,8,12,[ 1 13],9,-1,21,-1,9
1,<environment.Job instance at 0x7ff104bc9fa0>,9,14,[11  1],10,-1,24,-1,10
1,<environment.Job instance at 0x7ff104bc9aa0>,10,14,[14  1],11,-1,25,-1,11
1,<environment.Job instance at 0x7ff104bc93c0>,11,24,[5 5],12,-1,36,-1,12
1,<environment.Job instance at 0x7ff104bc9690>,12,15,[ 4 11],13,-1,28,-1,13
1,<environment.Job instance at 0x7ff104bc9be0>,17,16,[ 4 14],18,-1,35,-1,19
1,<environment.Job instance at 0x7ff104bc9910>,19,16,[ 2 12],20,-1,49,-1,33
1,<environment.Job instance at 0x7ff104bc9d70>,20,17,[13  4],21,-1,50,-1,33
1,<environment.Job instance at 0x7ff104bc91e0>,21,1,[ 5 11],22,-1,34,-1,33
1,<environment.Job instance at 0x7ff1049f1730>,26,12,[12  5],27,-1,95,-1,83
1,<environment.Job instance at 0x7ff1049f1cd0>,29,26,[ 2 12],30,-1,112,-1,86
1,<environment.Job instance at 0x7ff1049f1960>,31,1,[ 3 12],32,-1,101,-1,100
1,<environment.Job instance at 0x7ff1049f1500>,32,24,[10  3],33,-1,124,-1,100
1,<environment.Job instance at 0x7ff10472ff00>,34,3,[11  1],35,-1,103,-1,100
1,<environment.Job instance at 0x7ff10472f370>,37,26,[5 5],38,-1,144,-1,118
1,<environment.Job instance at 0x7ff10472f5f0>,38,21,[13  1],39,-1,139,-1,118
1,<environment.Job instance at 0x7ff10472faa0>,47,26,[ 3 11],48,-1,198,-1,172
1,<environment.Job instance at 0x7ff10472f6e0>,40,22,[10  5],41,-1,791,-1,769
1,<environment.Job instance at 0x7ff104e7f910>,105,12,[10  4],106,-1,781,-1,769
1,<environment.Job instance at 0x7ff104e7f7d0>,110,18,[ 1 13],111,-1,803,-1,785
1,<environment.Job instance at 0x7ff104e7ff50>,111,26,[ 3 10],112,-1,811,-1,785
1,<environment.Job instance at 0x7ff104e7f9b0>,112,12,[ 4 10],113,-1,798,-1,786
1,<environment.Job instance at 0x7ff105dfd780>,113,22,[ 3 12],114,-1,808,-1,786
1,<environment.Job instance at 0x7ff105dfdfa0>,114,28,[8 3],115,-1,814,-1,786
1,<environment.Job instance at 0x7ff105dfdcd0>,116,12,[ 5 14],117,-1,804,-1,792
1,<environment.Job instance at 0x7ff105dfda50>,118,18,[ 1 10],119,-1,813,-1,795
1,<environment.Job instance at 0x7ff105dfd2d0>,119,25,[ 5 14],120,-1,820,-1,795
1,<environment.Job instance at 0x7ff105dfdb90>,120,15,[12  1],121,-1,810,-1,795
1,<environment.Job instance at 0x7ff105dfdb40>,122,13,[ 5 10],123,-1,819,-1,806
1,<environment.Job instance at 0x7ff105dfdaa0>,123,2,[ 3 12],124,-1,808,-1,806
1,<environment.Job instance at 0x7ff104e7f3c0>,104,26,[14  1],105,-1,862,-1,836
1,<environment.Job instance at 0x7ff1054dbdc0>,3,2,[3 7],4,-1,7,-1,5
1,<environment.Job instance at 0x7ff1054db0f0>,5,17,[14  4],6,-1,23,-1,6
1,<environment.Job instance at 0x7ff1054dbb40>,8,13,[ 4 14],9,-1,22,-1,9
1,<environment.Job instance at 0x7ff10591e140>,16,12,[11  5],17,-1,61,-1,49
1,<environment.Job instance at 0x7ff10591ecd0>,19,14,[ 5 11],20,-1,83,-1,69
1,<environment.Job instance at 0x7ff10591eb90>,20,17,[ 3 14],21,-1,86,-1,69
1,<environment.Job instance at 0x7ff10591ec30>,21,23,[7 5],22,-1,92,-1,69
1,<environment.Job instance at 0x7ff105941af0>,25,26,[ 1 11],26,-1,118,-1,92
1,<environment.Job instance at 0x7ff105941aa0>,26,12,[13  4],27,-1,104,-1,92
1,<environment.Job instance at 0x7ff105941c80>,28,15,[ 1 11],29,-1,107,-1,92
1,<environment.Job instance at 0x7ff105941e60>,30,17,[13  4],31,-1,117,-1,100
1,<environment.Job instance at 0x7ff10e502190>,36,27,[12  4],37,-1,170,-1,143
1,<environment.Job instance at 0x7ff10e502a00>,37,24,[ 1 10],38,-1,167,-1,143
1,<environment.Job instance at 0x7ff10e502550>,42,13,[11  1],43,-1,195,-1,182
1,<environment.Job instance at 0x7ff10e51b5a0>,43,17,[14  5],44,-1,199,-1,182
1,<environment.Job instance at 0x7ff10e51b1e0>,44,14,[13  2],45,-1,196,-1,182
1,<environment.Job instance at 0x7ff10e51b550>,45,16,[ 5 13],46,-1,198,-1,182
1,<environment.Job instance at 0x7ff10e51b3c0>,46,28,[14  3],47,-1,210,-1,182
1,<environment.Job instance at 0x7ff10e51bf00>,48,13,[ 3 13],49,-1,211,-1,198
1,<environment.Job instance at 0x7ff10e71a960>,50,24,[5 5],51,-1,225,-1,201
1,<environment.Job instance at 0x7ff10e71abe0>,51,18,[13  5],52,-1,219,-1,201
1,<environment.Job instance at 0x7ff105264e10>,53,14,[ 5 14],54,-1,215,-1,201
1,<environment.Job instance at 0x7ff104b11690>,61,25,[9 2],62,-1,303,-1,278
1,<environment.Job instance at 0x7ff105292d70>,64,25,[6 3],65,-1,312,-1,287
1,<environment.Job instance at 0x7ff105292370>,65,17,[14  3],66,-1,304,-1,287
1,<environment.Job instance at 0x7ff105271be0>,66,16,[ 1 13],67,-1,303,-1,287
1,<environment.Job instance at 0x7ff10463c6e0>,67,25,[ 4 12],68,-1,312,-1,287
1,<environment.Job instance at 0x7ff1059110a0>,68,23,[ 1 10],69,-1,310,-1,287
1,<environment.Job instance at 0x7ff10579ba00>,70,13,[ 2 11],71,-1,300,-1,287
1,<environment.Job instance at 0x7ff10e524410>,72,14,[14  1],73,-1,312,-1,298
1,<environment.Job instance at 0x7ff10e5240a0>,73,19,[ 3 11],74,-1,317,-1,298
1,<environment.Job instance at 0x7ff105a51a00>,75,15,[14  4],76,-1,330,-1,315
1,<environment.Job instance at 0x7ff10577edc0>,76,28,[4 5],77,-1,343,-1,315
1,<environment.Job instance at 0x7ff105cd9870>,78,15,[11  4],79,-1,340,-1,325
1,<environment.Job instance at 0x7ff105a56190>,79,28,[3 6],80,-1,353,-1,325
1,<environment.Job instance at 0x7ff105aa0aa0>,81,17,[12  3],82,-1,345,-1,328
1,<environment.Job instance at 0x7ff105696f50>,83,22,[ 3 13],84,-1,364,-1,342
1,<environment.Job instance at 0x7ff105cd2960>,85,2,[ 5 10],86,-1,344,-1,342
1,<environment.Job instance at 0x7ff105ccd0f0>,86,12,[ 4 12],87,-1,354,-1,342
1,<environment.Job instance at 0x7ff105cd2be0>,88,28,[ 4 11],89,-1,373,-1,345
1,<environment.Job instance at 0x7ff105ceb2d0>,91,19,[ 2 11],92,-1,381,-1,362
1,<environment.Job instance at 0x7ff105a93960>,92,12,[14  5],93,-1,374,-1,362
1,<environment.Job instance at 0x7ff105d623c0>,93,27,[10  1],94,-1,389,-1,362
1,<environment.Job instance at 0x7ff105d62690>,95,18,[ 5 12],96,-1,380,-1,362
1,<environment.Job instance at 0x7ff105a7b2d0>,96,25,[11  3],97,-1,387,-1,362
1,<environment.Job instance at 0x7ff105d7b3c0>,99,23,[6 5],100,-1,413,-1,390
1,<environment.Job instance at 0x7ff105d7b0a0>,100,1,[13  4],101,-1,391,-1,390
1,<environment.Job instance at 0x7ff105d7ba00>,101,25,[13  3],102,-1,415,-1,390
1,<environment.Job instance at 0x7ff105d7b320>,102,26,[ 3 13],103,-1,416,-1,390
1,<environment.Job instance at 0x7ff105d7b820>,103,23,[2 7],104,-1,416,-1,393
1,<environment.Job instance at 0x7ff105d7bfa0>,106,20,[ 4 13],107,-1,430,-1,410
1,<environment.Job instance at 0x7ff105d7b460>,107,28,[6 1],108,-1,438,-1,410
1,<environment.Job instance at 0x7ff105d54320>,112,3,[ 5 11],113,-1,472,-1,469
1,<environment.Job instance at 0x7ff105d545a0>,114,3,[8 3],115,-1,486,-1,483
1,<environment.Job instance at 0x7ff105d54a00>,117,18,[ 3 12],118,-1,501,-1,483
1,<environment.Job instance at 0x7ff105d54e60>,119,20,[14  4],120,-1,514,-1,494
1,<environment.Job instance at 0x7ff105d54c80>,121,26,[ 3 12],122,-1,532,-1,506
1,<environment.Job instance at 0x7ff105cf0eb0>,122,12,[12  1],123,-1,518,-1,506
1,<environment.Job instance at 0x7ff105cf0f50>,124,20,[12  4],125,-1,526,-1,506
1,<environment.Job instance at 0x7ff105cee8c0>,125,1,[3 5],126,-1,507,-1,506
1,<environment.Job instance at 0x7ff104920500>,2,26,[7 5],3,-1,29,-1,3
1,<environment.Job instance at 0x7ff1049206e0>,6,1,[1 8],7,-1,9,-1,8
1,<environment.Job instance at 0x7ff104920780>,8,1,[6 5],9,-1,10,-1,9
1,<environment.Job instance at 0x7ff104920410>,9,28,[5 5],10,-1,38,-1,10
1,<environment.Job instance at 0x7ff104920d70>,11,25,[9 3],12,-1,37,-1,12
1,<environment.Job instance at 0x7ff104946370>,14,12,[ 4 14],15,-1,27,-1,15
1,<environment.Job instance at 0x7ff104946e10>,15,21,[ 4 14],16,-1,37,-1,16
1,<environment.Job instance at 0x7ff104946140>,16,14,[ 1 13],17,-1,31,-1,17
1,<environment.Job instance at 0x7ff1049464b0>,17,16,[12  5],18,-1,34,-1,18
1,<environment.Job instance at 0x7ff1049465f0>,18,28,[4 5],19,-1,47,-1,19
1,<environment.Job instance at 0x7ff104946fa0>,19,2,[5 5],20,-1,22,-1,20
1,<environment.Job instance at 0x7ff104946f00>,21,25,[ 2 14],22,-1,47,-1,22
1,<environment.Job instance at 0x7ff104946cd0>,22,1,[ 1 11],23,-1,24,-1,23
1,<environment.Job instance at 0x7ff104946870>,23,28,[1 8],24,-1,52,-1,24
1,<environment.Job instance at 0x7ff104946c80>,24,21,[6 2],25,-1,65,-1,44
1,<environment.Job instance at 0x7ff1049469b0>,28,1,[1 9],29,-1,45,-1,44
1,<environment.Job instance at 0x7ff104946280>,29,27,[ 3 10],30,-1,71,-1,44
1,<environment.Job instance at 0x7ff104946910>,30,16,[10  1],31,-1,69,-1,53
1,<environment.Job instance at 0x7ff104946960>,31,12,[8 1],32,-1,65,-1,53
1,<environment.Job instance at 0x7ff104d27b90>,32,22,[4 8],33,-1,75,-1,53
1,<environment.Job instance at 0x7ff104d27aa0>,34,28,[ 4 13],35,-1,81,-1,53
1,<environment.Job instance at 0x7ff104d27280>,35,15,[ 5 14],36,-1,68,-1,53
1,<environment.Job instance at 0x7ff104d27d20>,36,3,[ 2 14],37,-1,56,-1,53
1,<environment.Job instance at 0x7ff104d27870>,37,14,[ 3 11],38,-1,67,-1,53
1,<environment.Job instance at 0x7ff104d27e10>,38,14,[ 1 10],39,-1,67,-1,53
1,<environment.Job instance at 0x7ff104d27fa0>,41,22,[1 5],42,-1,87,-1,65
1,<environment.Job instance at 0x7ff104d27a00>,43,14,[ 2 14],44,-1,82,-1,68
1,<environment.Job instance at 0x7ff104d27b40>,45,23,[14  2],46,-1,105,-1,82
1,<environment.Job instance at 0x7ff10491a4b0>,52,17,[ 4 14],53,-1,128,-1,111
1,<environment.Job instance at 0x7ff10491a5f0>,54,17,[12  4],55,-1,133,-1,116
1,<environment.Job instance at 0x7ff10491af50>,55,14,[ 3 11],56,-1,130,-1,116
1,<environment.Job instance at 0x7ff10491acd0>,56,16,[ 4 13],57,-1,132,-1,116
1,<environment.Job instance at 0x7ff10491a9b0>,57,24,[ 1 11],58,-1,140,-1,116
1,<environment.Job instance at 0x7ff10491ab40>,58,17,[ 4 11],59,-1,133,-1,116
1,<environment.Job instance at 0x7ff10491a500>,60,15,[ 2 10],61,-1,143,-1,128
1,<environment.Job instance at 0x7ff10491ac30>,61,2,[3 6],62,-1,130,-1,128
1,<environment.Job instance at 0x7ff104deef50>,63,27,[ 3 10],64,-1,155,-1,128
1,<environment.Job instance at 0x7ff104deee60>,64,25,[8 1],65,-1,153,-1,128
1,<environment.Job instance at 0x7ff104dee910>,68,28,[3 6],69,-1,187,-1,159
1,<environment.Job instance at 0x7ff104dee870>,69,20,[14  5],70,-1,179,-1,159
1,<environment.Job instance at 0x7ff104dee8c0>,71,17,[14  1],72,-1,176,-1,159
1,<environment.Job instance at 0x7ff104deed20>,73,28,[4 5],74,-1,192,-1,164
1,<environment.Job instance at 0x7ff104deec80>,74,26,[1 7],75,-1,190,-1,164
1,<environment.Job instance at 0x7ff104dee280>,76,23,[6 2],77,-1,205,-1,182
1,<environment.Job instance at 0x7ff104a13f00>,85,22,[2 8],86,-1,276,-1,254
1,<environment.Job instance at 0x7ff104a13960>,87,18,[14  1],88,-1,272,-1,254
1,<environment.Job instance at 0x7ff104a13140>,88,15,[13  5],89,-1,269,-1,254
1,<environment.Job instance at 0x7ff104a13730>,90,15,[ 3 12],91,-1,270,-1,255
1,<environment.Job instance at 0x7ff104a13c80>,91,3,[ 1 11],92,-1,258,-1,255
1,<environment.Job instance at 0x7ff104a13eb0>,92,14,[12  4],93,-1,269,-1,255
1,<environment.Job instance at 0x7ff104a13e60>,93,12,[9 4],94,-1,267,-1,255
1,<environment.Job instance at 0x7ff1048e6140>,96,12,[ 3 14],97,-1,300,-1,288
1,<environment.Job instance at 0x7ff1048e6a50>,97,24,[9 4],98,-1,312,-1,288
1,<environment.Job instance at 0x7ff1048e6f50>,100,13,[12  1],101,-1,310,-1,297
1,<environment.Job instance at 0x7ff1048e6c30>,102,26,[9 5],103,-1,328,-1,302
1,<environment.Job instance at 0x7ff1048e6d20>,103,18,[13  5],104,-1,320,-1,302
1,<environment.Job instance at 0x7ff1048e6fa0>,105,18,[ 3 10],106,-1,325,-1,307
1,<environment.Job instance at 0x7ff1048e6050>,106,23,[5 1],107,-1,330,-1,307
1,<environment.Job instance at 0x7ff1048e6690>,110,24,[8 1],111,-1,362,-1,338
1,<environment.Job instance at 0x7ff1048e60f0>,112,25,[12  2],113,-1,381,-1,356
1,<environment.Job instance at 0x7ff105e827d0>,118,12,[ 2 12],119,-1,406,-1,394
1,<environment.Job instance at 0x7ff105e82820>,119,15,[ 3 13],120,-1,409,-1,394
1,<environment.Job instance at 0x7ff105e82280>,120,16,[12  4],121,-1,410,-1,394
1,<environment.Job instance at 0x7ff105e82230>,121,26,[14  3],122,-1,420,-1,394
1,<environment.Job instance at 0x7ff1057095f0>,122,1,[10  1],123,-1,395,-1,394
1,<environment.Job instance at 0x7ff1057099b0>,123,1,[5 3],124,-1,395,-1,394
1,<environment.Job instance at 0x7ff105709870>,124,24,[6 4],125,-1,418,-1,394
1,<environment.Job instance at 0x7ff105709b40>,125,2,[ 2 13],126,-1,396,-1,394
1,<environment.Job instance at 0x7ff104cf9550>,128,24,[8 2],129,-1,434,-1,410
1,<environment.Job instance at 0x7ff104dee460>,67,23,[5 4],68,-1,453,-1,430
1,<environment.Job instance at 0x7ff104a13820>,82,27,[10  5],83,-1,457,-1,430
1,<environment.Job instance at 0x7ff104ce8780>,4,18,[ 2 13],5,-1,23,-1,5
1,<environment.Job instance at 0x7ff1056d3780>,7,18,[ 5 13],8,-1,26,-1,8
1,<environment.Job instance at 0x7ff1056d3c80>,8,1,[12  2],9,-1,10,-1,9
1,<environment.Job instance at 0x7ff1056d3d20>,9,2,[14  4],10,-1,12,-1,10
1,<environment.Job instance at 0x7ff1056be7d0>,26,26,[5 5],27,-1,151,-1,125
1,<environment.Job instance at 0x7ff1056be870>,27,28,[3 7],28,-1,153,-1,125
1,<environment.Job instance at 0x7ff1056be910>,28,1,[10  1],29,-1,126,-1,125
1,<environment.Job instance at 0x7ff1056be9b0>,29,23,[ 2 10],30,-1,148,-1,125
1,<environment.Job instance at 0x7ff1056bea50>,30,12,[13  5],31,-1,137,-1,125
1,<environment.Job instance at 0x7ff1056bec30>,33,15,[13  5],34,-1,145,-1,130
1,<environment.Job instance at 0x7ff1056bed70>,35,15,[12  2],36,-1,158,-1,143
1,<environment.Job instance at 0x7ff1056bee10>,36,24,[ 5 14],37,-1,167,-1,143
1,<environment.Job instance at 0x7ff1056beeb0>,37,24,[ 1 13],38,-1,167,-1,143
1,<environment.Job instance at 0x7ff1056befa0>,38,14,[ 5 13],39,-1,157,-1,143
1,<environment.Job instance at 0x7ff1056cb460>,44,13,[ 3 12],45,-1,198,-1,185
1,<environment.Job instance at 0x7ff1056cb640>,47,23,[5 9],48,-1,226,-1,203
1,<environment.Job instance at 0x7ff1056cb910>,50,27,[4 7],51,-1,232,-1,205
1,<environment.Job instance at 0x7ff1056cbe60>,58,23,[ 4 10],59,-1,269,-1,246
1,<environment.Job instance at 0x7ff1056cbf00>,60,14,[ 1 14],61,-1,260,-1,246
1,<environment.Job instance at 0x7ff1056f90f0>,64,18,[ 4 12],65,-1,292,-1,274
1,<environment.Job instance at 0x7ff1056f9460>,67,25,[5 4],68,-1,305,-1,280
1,<environment.Job instance at 0x7ff1056f9690>,71,16,[ 5 13],72,-1,325,-1,309
1,<environment.Job instance at 0x7ff1056f9730>,72,17,[ 2 12],73,-1,326,-1,309
1,<environment.Job instance at 0x7ff1056f97d0>,73,25,[9 2],74,-1,334,-1,309
1,<environment.Job instance at 0x7ff1056f9870>,74,25,[ 1 13],75,-1,334,-1,309
1,<environment.Job instance at 0x7ff1056ee460>,82,14,[ 2 12],83,-1,375,-1,361
1,<environment.Job instance at 0x7ff105633190>,90,1,[5 2],91,-1,411,-1,410
1,<environment.Job instance at 0x7ff105d0eaa0>,92,3,[ 3 11],93,-1,415,-1,412
1,<environment.Job instance at 0x7ff104d6c780>,94,12,[ 1 13],95,-1,440,-1,428
1,<environment.Job instance at 0x7ff105636c30>,96,22,[9 3],97,-1,481,-1,459
1,<environment.Job instance at 0x7ff105982320>,98,12,[ 4 14],99,-1,471,-1,459
1,<environment.Job instance at 0x7ff105949cd0>,99,28,[8 5],100,-1,487,-1,459
1,<environment.Job instance at 0x7ff105949be0>,101,21,[14  2],102,-1,480,-1,459
1,<environment.Job instance at 0x7ff1059de0a0>,104,22,[7 5],105,-1,489,-1,467
1,<environment.Job instance at 0x7ff104de4870>,105,21,[9 1],106,-1,489,-1,468
1,<environment.Job instance at 0x7ff1059ccd20>,106,28,[6 5],107,-1,496,-1,468
1,<environment.Job instance at 0x7ff10596be60>,109,20,[14  4],110,-1,498,-1,478
1,<environment.Job instance at 0x7ff10596be10>,110,3,[14  3],111,-1,481,-1,478
1,<environment.Job instance at 0x7ff10595d370>,111,18,[12  4],112,-1,496,-1,478
1,<environment.Job instance at 0x7ff10563a870>,112,18,[ 4 13],113,-1,496,-1,478
1,<environment.Job instance at 0x7ff105632be0>,115,18,[ 4 11],116,-1,528,-1,510
1,<environment.Job instance at 0x7ff105632550>,116,27,[6 5],117,-1,537,-1,510
1,<environment.Job instance at 0x7ff10563ad20>,117,27,[ 3 13],118,-1,537,-1,510
1,<environment.Job instance at 0x7ff105970460>,119,25,[9 4],120,-1,535,-1,510
1,<environment.Job instance at 0x7ff10561a780>,123,27,[2 8],124,-1,555,-1,528
1,<environment.Job instance at 0x7ff10561af50>,125,16,[ 1 10],126,-1,552,-1,536
1,<environment.Job instance at 0x7ff10561a6e0>,126,27,[8 1],127,-1,563,-1,536
1,<environment.Job instance at 0x7ff104639050>,3,27,[9 3],4,-1,31,-1,4
1,<environment.Job instance at 0x7ff105b02370>,5,28,[6 2],6,-1,34,-1,6
1,<environment.Job instance at 0x7ff104639690>,9,1,[7 4],10,-1,12,-1,11
1,<environment.Job instance at 0x7ff105b025f0>,11,2,[7 5],12,-1,14,-1,12
1,<environment.Job instance at 0x7ff105b02460>,12,1,[2 7],13,-1,14,-1,13
1,<environment.Job instance at 0x7ff105b02b40>,15,1,[13  2],16,-1,20,-1,19
1,<environment.Job instance at 0x7ff105b02fa0>,20,21,[ 3 11],21,-1,69,-1,48
1,<environment.Job instance at 0x7ff105b02730>,22,2,[8 3],23,-1,51,-1,49
1,<environment.Job instance at 0x7ff105b02b90>,23,25,[6 4],24,-1,74,-1,49
1,<environment.Job instance at 0x7ff104c545a0>,25,1,[10  2],26,-1,59,-1,58
1,<environment.Job instance at 0x7ff104c54c80>,26,23,[10  1],27,-1,81,-1,58
1,<environment.Job instance at 0x7ff104c548c0>,27,27,[4 7],28,-1,85,-1,58
1,<environment.Job instance at 0x7ff104c549b0>,29,3,[13  1],30,-1,74,-1,71
1,<environment.Job instance at 0x7ff104c54050>,32,12,[11  4],33,-1,103,-1,91
1,<environment.Job instance at 0x7ff104c54b90>,33,15,[ 4 11],34,-1,106,-1,91
1,<environment.Job instance at 0x7ff104c54aa0>,34,1,[ 4 13],35,-1,92,-1,91
1,<environment.Job instance at 0x7ff104c54e60>,35,14,[11  3],36,-1,105,-1,91
1,<environment.Job instance at 0x7ff10580cfa0>,40,15,[13  5],41,-1,140,-1,125
1,<environment.Job instance at 0x7ff10580c410>,41,15,[12  3],42,-1,140,-1,125
1,<environment.Job instance at 0x7ff10580ca50>,42,12,[ 4 14],43,-1,137,-1,125
1,<environment.Job instance at 0x7ff10580c820>,45,13,[ 1 10],46,-1,142,-1,129
1,<environment.Job instance at 0x7ff10580c1e0>,50,1,[4 6],51,-1,163,-1,162
1,<environment.Job instance at 0x7ff10580caf0>,51,16,[ 2 11],52,-1,178,-1,162
1,<environment.Job instance at 0x7ff10e7105f0>,58,19,[13  3],59,-1,226,-1,207
1,<environment.Job instance at 0x7ff105b143c0>,61,15,[ 3 13],62,-1,243,-1,228
1,<environment.Job instance at 0x7ff105b147d0>,67,17,[14  4],68,-1,295,-1,278
1,<environment.Job instance at 0x7ff105b14d20>,68,12,[12  2],69,-1,290,-1,278
1,<environment.Job instance at 0x7ff105b14870>,70,23,[14  2],71,-1,304,-1,281
1,<environment.Job instance at 0x7ff1050535f0>,71,25,[5 3],72,-1,306,-1,281
1,<environment.Job instance at 0x7ff105053b40>,73,1,[4 8],74,-1,296,-1,295
1,<environment.Job instance at 0x7ff1050533c0>,74,13,[ 4 13],75,-1,308,-1,295
1,<environment.Job instance at 0x7ff105053a50>,78,17,[13  2],79,-1,327,-1,310
1,<environment.Job instance at 0x7ff105053370>,79,23,[8 3],80,-1,333,-1,310
1,<environment.Job instance at 0x7ff105053320>,80,16,[12  5],81,-1,326,-1,310
1,<environment.Job instance at 0x7ff1050538c0>,83,16,[13  2],84,-1,341,-1,325
1,<environment.Job instance at 0x7ff105053690>,84,2,[6 2],85,-1,327,-1,325
1,<environment.Job instance at 0x7ff105053910>,85,12,[ 5 14],86,-1,337,-1,325
1,<environment.Job instance at 0x7ff1050530f0>,86,14,[14  2],87,-1,339,-1,325
1,<environment.Job instance at 0x7ff105053aa0>,87,14,[ 2 10],88,-1,339,-1,325
1,<environment.Job instance at 0x7ff105053140>,88,12,[8 1],89,-1,338,-1,326
1,<environment.Job instance at 0x7ff105053af0>,89,23,[6 3],90,-1,349,-1,326
1,<environment.Job instance at 0x7ff104c559b0>,91,21,[12  2],92,-1,353,-1,332
1,<environment.Job instance at 0x7ff104c55960>,92,21,[13  1],93,-1,353,-1,332
1,<environment.Job instance at 0x7ff1053d7730>,95,15,[12  3],96,-1,362,-1,347
1,<environment.Job instance at 0x7ff1053d7050>,96,16,[14  3],97,-1,363,-1,347
1,<environment.Job instance at 0x7ff1053d77d0>,99,16,[ 4 13],100,-1,377,-1,361
1,<environment.Job instance at 0x7ff1053d7eb0>,101,17,[ 4 11],102,-1,385,-1,368
1,<environment.Job instance at 0x7ff1053d7a50>,103,24,[2 5],104,-1,396,-1,372
1,<environment.Job instance at 0x7ff1053d7be0>,104,23,[11  4],105,-1,395,-1,372
1,<environment.Job instance at 0x7ff1053d71e0>,105,13,[ 1 11],106,-1,385,-1,372
1,<environment.Job instance at 0x7ff1053d7d70>,106,3,[ 3 11],107,-1,375,-1,372
1,<environment.Job instance at 0x7ff1053d75f0>,107,20,[ 1 10],108,-1,394,-1,374
1,<environment.Job instance at 0x7ff1053d7280>,109,3,[5 7],110,-1,382,-1,379
1,<environment.Job instance at 0x7ff1053d7c80>,110,13,[13  1],111,-1,392,-1,379
1,<environment.Job instance at 0x7ff1053d7500>,111,16,[ 2 13],112,-1,395,-1,379
1,<environment.Job instance at 0x7ff1053d72d0>,113,16,[ 2 13],114,-1,405,-1,389
1,<environment.Job instance at 0x7ff10552f2d0>,118,28,[5 4],119,-1,472,-1,444
1,<environment.Job instance at 0x7ff10552f7d0>,120,13,[ 4 14],121,-1,462,-1,449
1,<environment.Job instance at 0x7ff10552f780>,121,17,[ 3 11],122,-1,466,-1,449
1,<environment.Job instance at 0x7ff10552fc30>,122,3,[7 2],123,-1,460,-1,457
1,<environment.Job instance at 0x7ff10552f870>,124,26,[12  5],125,-1,483,-1,457
1,<environment.Job instance at 0x7ff104a4f7d0>,2,26,[7 1],3,-1,29,-1,3
1,<environment.Job instance at 0x7ff1047a5c80>,5,24,[14  4],6,-1,30,-1,6
1,<environment.Job instance at 0x7ff1055eda50>,7,25,[3 6],8,-1,33,-1,8
1,<environment.Job instance at 0x7ff1055ed870>,13,28,[5 8],14,-1,43,-1,15
1,<environment.Job instance at 0x7ff1049cb780>,17,17,[13  3],18,-1,75,-1,58
1,<environment.Job instance at 0x7ff1049cb460>,18,1,[3 8],19,-1,59,-1,58
1,<environment.Job instance at 0x7ff1049cb960>,19,27,[1 7],20,-1,85,-1,58
1,<environment.Job instance at 0x7ff1049cb870>,21,13,[12  4],22,-1,71,-1,58
1,<environment.Job instance at 0x7ff1049cbf00>,23,23,[8 1],24,-1,97,-1,74
1,<environment.Job instance at 0x7ff10458e370>,25,16,[ 5 12],26,-1,90,-1,74
1,<environment.Job instance at 0x7ff10458ea50>,27,2,[ 3 10],28,-1,83,-1,81
1,<environment.Job instance at 0x7ff10458e550>,28,13,[9 1],29,-1,107,-1,94
1,<environment.Job instance at 0x7ff10458ee60>,30,28,[13  1],31,-1,122,-1,94
1,<environment.Job instance at 0x7ff104888500>,35,18,[11  2],36,-1,133,-1,115
1,<environment.Job instance at 0x7ff10456fa50>,43,3,[ 3 12],44,-1,177,-1,174
1,<environment.Job instance at 0x7ff1049cf870>,44,21,[ 3 11],45,-1,195,-1,174
1,<environment.Job instance at 0x7ff1049cffa0>,45,17,[ 3 14],46,-1,191,-1,174
1,<environment.Job instance at 0x7ff1049cfb40>,48,17,[11  2],49,-1,202,-1,185
1,<environment.Job instance at 0x7ff1049cfe60>,49,23,[9 3],50,-1,213,-1,190
1,<environment.Job instance at 0x7ff1049cf2d0>,51,16,[12  1],52,-1,214,-1,198
1,<environment.Job instance at 0x7ff1049cf550>,53,18,[ 4 11],54,-1,217,-1,199
1,<environment.Job instance at 0x7ff104c4ad70>,57,18,[12  1],58,-1,234,-1,216
1,<environment.Job instance at 0x7ff105c4b8c0>,59,28,[2 9],60,-1,260,-1,232
1,<environment.Job instance at 0x7ff104632370>,60,25,[5 6],61,-1,257,-1,232
1,<environment.Job instance at 0x7ff104596c80>,66,26,[8 2],67,-1,306,-1,280
1,<environment.Job instance at 0x7ff1047b19b0>,68,3,[5 8],69,-1,283,-1,280
1,<environment.Job instance at 0x7ff1047b1820>,70,27,[5 8],71,-1,325,-1,298
1,<environment.Job instance at 0x7ff104656960>,72,22,[ 1 13],73,-1,333,-1,311
1,<environment.Job instance at 0x7ff1046560f0>,74,21,[ 5 13],75,-1,332,-1,311
1,<environment.Job instance at 0x7ff105720aa0>,75,3,[8 3],76,-1,314,-1,311
1,<environment.Job instance at 0x7ff1058d6280>,77,26,[1 8],78,-1,345,-1,319
1,<environment.Job instance at 0x7ff1058d6f00>,78,27,[8 4],79,-1,346,-1,319
1,<environment.Job instance at 0x7ff1058d61e0>,79,3,[1 5],80,-1,322,-1,319
1,<environment.Job instance at 0x7ff1058d66e0>,81,20,[11  2],82,-1,339,-1,319
1,<environment.Job instance at 0x7ff104582a00>,84,18,[ 3 12],85,-1,349,-1,331
1,<environment.Job instance at 0x7ff104582f00>,85,28,[5 4],86,-1,359,-1,331
1,<environment.Job instance at 0x7ff104582230>,86,12,[ 2 13],87,-1,343,-1,331
1,<environment.Job instance at 0x7ff1045824b0>,87,26,[13  3],88,-1,357,-1,331
1,<environment.Job instance at 0x7ff105728190>,92,28,[6 1],93,-1,399,-1,371
1,<environment.Job instance at 0x7ff1057289b0>,94,22,[ 3 10],95,-1,410,-1,388
1,<environment.Job instance at 0x7ff105728d70>,96,26,[11  4],97,-1,414,-1,388
1,<environment.Job instance at 0x7ff105728550>,101,24,[11  3],102,-1,435,-1,411
1,<environment.Job instance at 0x7ff1048e3cd0>,103,15,[10  1],104,-1,433,-1,418
1,<environment.Job instance at 0x7ff1048e3320>,105,22,[ 2 11],106,-1,451,-1,429
1,<environment.Job instance at 0x7ff1048e3230>,108,23,[12  4],109,-1,466,-1,443
1,<environment.Job instance at 0x7ff1048e33c0>,110,25,[13  1],111,-1,470,-1,445
1,<environment.Job instance at 0x7ff1048e3d20>,111,3,[10  2],112,-1,448,-1,445
1,<environment.Job instance at 0x7ff1050c8640>,113,3,[ 2 14],114,-1,461,-1,458
1,<environment.Job instance at 0x7ff1055ade10>,114,24,[ 4 13],115,-1,482,-1,458
1,<environment.Job instance at 0x7ff1050c8140>,115,14,[12  1],116,-1,472,-1,458
1,<environment.Job instance at 0x7ff1050c8fa0>,117,27,[ 4 11],118,-1,486,-1,459
1,<environment.Job instance at 0x7ff1050c8d70>,118,17,[11  3],119,-1,476,-1,459
1,<environment.Job instance at 0x7ff1050c88c0>,121,2,[3 6],122,-1,480,-1,478
1,<environment.Job instance at 0x7ff107f3cb40>,128,16,[ 2 11],129,-1,538,-1,522
1,<environment.Job instance at 0x7ff10540c870>,8,13,[9 2],9,-1,27,-1,14
1,<environment.Job instance at 0x7ff104fd7640>,13,16,[13  5],14,-1,52,-1,36
1,<environment.Job instance at 0x7ff1045e0dc0>,14,2,[5 5],15,-1,38,-1,36
1,<environment.Job instance at 0x7ff1045e0b90>,15,14,[ 5 13],16,-1,50,-1,36
1,<environment.Job instance at 0x7ff10ea89870>,18,13,[ 5 11],19,-1,67,-1,54
1,<environment.Job instance at 0x7ff10ea89eb0>,19,1,[3 6],20,-1,55,-1,54
1,<environment.Job instance at 0x7ff10ea89550>,20,15,[14  4],21,-1,69,-1,54
1,<environment.Job instance at 0x7ff1054c4550>,21,19,[ 3 11],22,-1,73,-1,54
1,<environment.Job instance at 0x7ff10ea89910>,22,18,[11  3],23,-1,72,-1,54
1,<environment.Job instance at 0x7ff10592a3c0>,25,28,[7 5],26,-1,100,-1,72
1,<environment.Job instance at 0x7ff10592a280>,26,28,[2 9],27,-1,100,-1,72
1,<environment.Job instance at 0x7ff105963500>,30,25,[2 8],31,-1,123,-1,98
1,<environment.Job instance at 0x7ff1059639b0>,31,2,[11  5],32,-1,100,-1,98
1,<environment.Job instance at 0x7ff10eab70a0>,33,16,[ 2 12],34,-1,115,-1,99
1,<environment.Job instance at 0x7ff105963fa0>,35,23,[ 4 13],36,-1,128,-1,105
1,<environment.Job instance at 0x7ff105b92640>,39,28,[5 5],40,-1,158,-1,130
1,<environment.Job instance at 0x7ff105a3f0a0>,42,13,[ 3 11],43,-1,160,-1,147
1,<environment.Job instance at 0x7ff105a26550>,44,21,[ 4 14],45,-1,172,-1,151
1,<environment.Job instance at 0x7ff1059830a0>,46,18,[12  5],47,-1,169,-1,151
1,<environment.Job instance at 0x7ff105983550>,48,15,[12  5],49,-1,177,-1,162
1,<environment.Job instance at 0x7ff105a19230>,49,28,[13  5],50,-1,190,-1,162
1,<environment.Job instance at 0x7ff105a194b0>,52,25,[3 6],53,-1,201,-1,176
1,<environment.Job instance at 0x7ff105a3eb40>,57,20,[ 1 11],58,-1,216,-1,196
1,<environment.Job instance at 0x7ff105a3efa0>,60,18,[ 3 11],61,-1,232,-1,214
1,<environment.Job instance at 0x7ff105a3edc0>,61,24,[14  5],62,-1,238,-1,214
1,<environment.Job instance at 0x7ff105a3ecd0>,62,2,[9 5],63,-1,216,-1,214
1,<environment.Job instance at 0x7ff105a3e820>,66,12,[ 1 11],67,-1,255,-1,243
1,<environment.Job instance at 0x7ff105a14370>,68,19,[11  1],69,-1,262,-1,243
1,<environment.Job instance at 0x7ff105a14280>,69,24,[5 3],70,-1,267,-1,243
1,<environment.Job instance at 0x7ff105a143c0>,70,13,[2 9],71,-1,260,-1,247
1,<environment.Job instance at 0x7ff105a0ef50>,73,16,[ 1 13],74,-1,273,-1,257
1,<environment.Job instance at 0x7ff105a21230>,76,24,[13  4],77,-1,295,-1,271
1,<environment.Job instance at 0x7ff105a212d0>,77,21,[ 1 12],78,-1,292,-1,271
1,<environment.Job instance at 0x7ff105a21370>,78,25,[4 8],79,-1,296,-1,271
1,<environment.Job instance at 0x7ff105a21410>,79,13,[10  1],80,-1,284,-1,271
1,<environment.Job instance at 0x7ff105a21550>,81,19,[ 1 10],82,-1,307,-1,288
1,<environment.Job instance at 0x7ff105a215f0>,82,25,[5 8],83,-1,313,-1,288
1,<environment.Job instance at 0x7ff105a21730>,84,14,[12  4],85,-1,302,-1,288
1,<environment.Job instance at 0x7ff105a217d0>,85,1,[1 7],86,-1,289,-1,288
1,<environment.Job instance at 0x7ff105a219b0>,89,3,[ 3 11],90,-1,319,-1,316
1,<environment.Job instance at 0x7ff105a21af0>,90,14,[12  4],91,-1,330,-1,316
1,<environment.Job instance at 0x7ff105a21c30>,92,16,[12  4],93,-1,339,-1,323
1,<environment.Job instance at 0x7ff105a21e10>,95,1,[8 2],96,-1,335,-1,334
1,<environment.Job instance at 0x7ff105a21a00>,99,14,[ 3 14],100,-1,370,-1,356
1,<environment.Job instance at 0x7ff105893320>,101,27,[3 5],102,-1,396,-1,369
1,<environment.Job instance at 0x7ff105893500>,104,24,[12  4],105,-1,409,-1,385
1,<environment.Job instance at 0x7ff1058935f0>,107,22,[ 1 11],108,-1,408,-1,386
1,<environment.Job instance at 0x7ff105893b40>,114,17,[12  2],115,-1,453,-1,436
1,<environment.Job instance at 0x7ff105893230>,116,19,[ 4 11],117,-1,455,-1,436
1,<environment.Job instance at 0x7ff105893d70>,118,2,[4 6],119,-1,438,-1,436
1,<environment.Job instance at 0x7ff105893e10>,120,3,[ 1 10],121,-1,439,-1,436
1,<environment.Job instance at 0x7ff1058ad280>,123,13,[13  3],124,-1,468,-1,455
1,<environment.Job instance at 0x7ff1058ad320>,124,2,[4 6],125,-1,457,-1,455
1,<environment.Job instance at 0x7ff1058ad500>,127,1,[12  1],128,-1,458,-1,457
1,<environment.Job instance at 0x7f8b8b3a9eb0>,8,15,[ 4 13],9,-1,29,-1,14
1,<environment.Job instance at 0x7f8b8b3a9c30>,10,12,[2 8],11,-1,30,-1,18
1,<environment.Job instance at 0x7f8b8b3ac410>,14,21,[8 1],15,-1,57,-1,36
1,<environment.Job instance at 0x7f8b8b3ac370>,15,15,[12  2],16,-1,51,-1,36
1,<environment.Job instance at 0x7f8b8b3ac320>,16,28,[5 1],17,-1,64,-1,36
1,<environment.Job instance at 0x7f8b8b3ac550>,18,18,[13  1],19,-1,56,-1,38
1,<environment.Job instance at 0x7f8b8b3ac640>,19,23,[8 4],20,-1,61,-1,38
1,<environment.Job instance at 0x7f8b8b3ac5f0>,20,17,[ 2 14],21,-1,55,-1,38
1,<environment.Job instance at 0x7f8b8b3ac690>,21,14,[ 4 11],22,-1,52,-1,38
1,<environment.Job instance at 0x7f8b8b3ac8c0>,23,16,[12  2],24,-1,65,-1,49
1,<environment.Job instance at 0x7f8b8b3ac960>,24,2,[4 6],25,-1,51,-1,49
1,<environment.Job instance at 0x7f8b8b3aca00>,25,2,[5 7],26,-1,51,-1,49
1,<environment.Job instance at 0x7f8b8b3acc80>,26,12,[8 5],27,-1,61,-1,49
1,<environment.Job instance at 0x7f8b8b3acd20>,28,17,[ 1 13],29,-1,72,-1,55
1,<environment.Job instance at 0x7f8b8b3ace10>,29,24,[4 7],30,-1,79,-1,55
1,<environment.Job instance at 0x7f8b8b3ace60>,30,26,[9 4],31,-1,81,-1,55
1,<environment.Job instance at 0x7f8b8b3acf00>,31,15,[9 2],32,-1,73,-1,58
1,<environment.Job instance at 0x7f8b8b3acb90>,33,21,[12  3],34,-1,79,-1,58
1,<environment.Job instance at 0x7f8b8b3acdc0>,34,12,[3 6],35,-1,70,-1,58
1,<environment.Job instance at 0x7f8b8b3af050>,36,25,[12  3],37,-1,98,-1,73
1,<environment.Job instance at 0x7f8b8b3af550>,38,24,[13  2],39,-1,97,-1,73
1,<environment.Job instance at 0x7f8b8b3af0f0>,40,26,[ 1 14],41,-1,110,-1,84
1,<environment.Job instance at 0x7f8b8b3af5f0>,41,12,[8 3],42,-1,96,-1,84
1,<environment.Job instance at 0x7f8b8b3af690>,42,12,[ 5 12],43,-1,96,-1,84
1,<environment.Job instance at 0x7f8b8b3af730>,43,16,[1 8],44,-1,100,-1,84
1,<environment.Job instance at 0x7f8b8b3af7d0>,44,12,[9 3],45,-1,96,-1,84
1,<environment.Job instance at 0x7f8b8b3af870>,45,12,[ 3 14],46,-1,96,-1,84
1,<environment.Job instance at 0x7f8b8b3af9b0>,47,14,[12  2],48,-1,101,-1,87
1,<environment.Job instance at 0x7f8b8b3afa50>,48,14,[ 1 11],49,-1,101,-1,87
1,<environment.Job instance at 0x7f8b8b3afc80>,49,13,[1 5],50,-1,100,-1,87
1,<environment.Job instance at 0x7f8b8b3afbe0>,50,13,[ 4 12],51,-1,100,-1,87
1,<environment.Job instance at 0x7f8b8b3afe10>,53,12,[ 3 14],54,-1,120,-1,108
1,<environment.Job instance at 0x7f8b8b3afeb0>,54,3,[ 3 13],55,-1,111,-1,108
1,<environment.Job instance at 0x7f8b8b3afc30>,56,2,[4 7],57,-1,114,-1,112
1,<environment.Job instance at 0x7f8b8b3b2230>,57,17,[ 2 14],58,-1,129,-1,112
1,<environment.Job instance at 0x7f8b8b3b2190>,58,28,[10  3],59,-1,140,-1,112
1,<environment.Job instance at 0x7f8b8b3b22d0>,59,21,[9 1],60,-1,136,-1,115
1,<environment.Job instance at 0x7f8b8b3b2460>,60,14,[ 2 10],61,-1,129,-1,115
1,<environment.Job instance at 0x7f8b8b3b2500>,61,2,[ 1 12],62,-1,117,-1,115
1,<environment.Job instance at 0x7f8b8b3b25a0>,62,2,[5 9],63,-1,117,-1,115
1,<environment.Job instance at 0x7f8b8b3b2640>,63,21,[5 5],64,-1,136,-1,115
1,<environment.Job instance at 0x7f8b8b3b2780>,65,15,[5 5],66,-1,135,-1,120
1,<environment.Job instance at 0x7f8b8b3b2820>,66,28,[3 6],67,-1,148,-1,120
1,<environment.Job instance at 0x7f8b8b3b28c0>,67,16,[1 9],68,-1,136,-1,120
1,<environment.Job instance at 0x7f8b8b3b2960>,68,14,[6 4],69,-1,135,-1,121
1,<environment.Job instance at 0x7f8b8b3b2aa0>,70,22,[ 3 10],71,-1,148,-1,126
1,<environment.Job instance at 0x7f8b8b3b2be0>,72,14,[2 6],73,-1,150,-1,136
1,<environment.Job instance at 0x7f8b8b3b2f00>,75,28,[ 2 10],76,-1,177,-1,149
1,<environment.Job instance at 0x7f8b8b3b2fa0>,76,13,[10  1],77,-1,162,-1,149
1,<environment.Job instance at 0x7f8b8b3b21e0>,77,16,[8 1],78,-1,166,-1,150
1,<environment.Job instance at 0x7f8b8b3b2cd0>,78,14,[6 1],79,-1,166,-1,152
1,<environment.Job instance at 0x7f8b8b3b51e0>,79,19,[12  3],80,-1,171,-1,152
1,<environment.Job instance at 0x7f8b8b3b5460>,83,18,[ 3 10],84,-1,195,-1,177
1,<environment.Job instance at 0x7f8b8b3b55f0>,84,1,[5 5],85,-1,178,-1,177
1,<environment.Job instance at 0x7f8b8b3b5550>,85,15,[1 7],86,-1,192,-1,177
1,<environment.Job instance at 0x7f8b8b3b56e0>,86,3,[6 3],87,-1,180,-1,177
1,<environment.Job instance at 0x7f8b8b3b5910>,89,17,[ 5 14],90,-1,209,-1,192
1,<environment.Job instance at 0x7f8b8b3b59b0>,90,22,[9 2],91,-1,219,-1,197
1,<environment.Job instance at 0x7f8b8b3b5a50>,91,15,[9 1],92,-1,212,-1,197
1,<environment.Job instance at 0x7f8b8b3b5af0>,92,23,[9 1],93,-1,220,-1,197
1,<environment.Job instance at 0x7f8b8b3b5b90>,93,25,[ 1 13],94,-1,222,-1,197
1,<environment.Job instance at 0x7f8b8b3b5c30>,94,21,[14  5],95,-1,218,-1,197
1,<environment.Job instance at 0x7f8b8b3b5d70>,96,18,[2 6],97,-1,216,-1,198
1,<environment.Job instance at 0x7f8b8b3b5fa0>,99,2,[13  5],100,-1,215,-1,213
1,<environment.Job instance at 0x7f8b8b3b5640>,100,28,[5 9],101,-1,241,-1,213
1,<environment.Job instance at 0x7f8b8b3b7050>,101,15,[ 2 13],102,-1,228,-1,213
1,<environment.Job instance at 0x7f8b8b3b71e0>,102,13,[11  4],103,-1,226,-1,213
1,<environment.Job instance at 0x7f8b8b3b72d0>,103,16,[1 9],104,-1,229,-1,213
1,<environment.Job instance at 0x7f8b8b3b7370>,104,1,[ 1 10],105,-1,214,-1,213
1,<environment.Job instance at 0x7f8b8b3b74b0>,106,22,[ 4 14],107,-1,247,-1,225
1,<environment.Job instance at 0x7f8b8b3b77d0>,109,27,[ 3 11],110,-1,266,-1,239
1,<environment.Job instance at 0x7f8b8b3b7870>,110,23,[5 1],111,-1,262,-1,239
1,<environment.Job instance at 0x7f8b8b3b7910>,111,17,[12  4],112,-1,256,-1,239
1,<environment.Job instance at 0x7f8b8b3b7aa0>,112,12,[1 6],113,-1,251,-1,239
1,<environment.Job instance at 0x7f8b8b3b78c0>,113,17,[5 1],114,-1,257,-1,240
1,<environment.Job instance at 0x7f8b8b3b7b90>,115,2,[1 6],116,-1,251,-1,249
1,<environment.Job instance at 0x7f8b8b3b7af0>,116,12,[8 4],117,-1,270,-1,258
1,<environment.Job instance at 0x7f8b8b3b7c30>,117,22,[10  3],118,-1,282,-1,260
1,<environment.Job instance at 0x7f8b8b3b7cd0>,118,13,[9 1],119,-1,273,-1,260
1,<environment.Job instance at 0x7f8b8b3b7d70>,119,12,[13  1],120,-1,272,-1,260
1,<environment.Job instance at 0x7f8b8b3a23c0>,120,24,[8 1],121,-1,284,-1,260
1,<environment.Job instance at 0x7f8b8b4010a0>,121,2,[ 5 14],122,-1,262,-1,260
1,<environment.Job instance at 0x7f8b8b401190>,122,25,[1 8],123,-1,285,-1,260
1,<environment.Job instance at 0x7f8b8b401d20>,123,3,[10  3],124,-1,263,-1,260
1,<environment.Job instance at 0x7f8b8b39fcd0>,124,12,[1 5],125,-1,272,-1,260
1,<environment.Job instance at 0x7f8b8b39f280>,126,13,[2 6],127,-1,273,-1,260
1,<environment.Job instance at 0x7f8b8b39f730>,127,2,[5 5],128,-1,262,-1,260
1,<environment.Job instance at 0x7f8b8b39f370>,128,19,[1 7],129,-1,279,-1,260
1,<environment.Job instance at 0x7f8b8b39f6e0>,129,3,[1 5],130,-1,263,-1,260
1,<environment.Job instance at 0x7f8b8b39f5f0>,131,13,[ 3 14],132,-1,286,-1,273
1,<environment.Job instance at 0x7f8b8b550e10>,133,13,[ 5 10],134,-1,286,-1,273
1,<environment.Job instance at 0x7f8b8b535c30>,136,1,[9 5],137,-1,289,-1,288
1,<environment.Job instance at 0x7f8b8b551640>,137,28,[ 2 10],138,-1,316,-1,288
1,<environment.Job instance at 0x7f8b8b4ce500>,138,24,[6 5],139,-1,312,-1,288
1,<environment.Job instance at 0x7f8b8b3a9e10>,7,26,[9 3],8,-1,366,-1,340
1,<environment.Job instance at 0x7f8b8b3a9c80>,9,23,[13  1],10,-1,373,-1,350
1,<environment.Job instance at 0x7f8b8aaf6410>,2,15,[ 2 13],3,-1,18,-1,3
1,<environment.Job instance at 0x7f8b8aaf6e10>,3,26,[7 2],4,-1,30,-1,4
1,<environment.Job instance at 0x7f8b8aaf74b0>,5,3,[9 2],6,-1,9,-1,6
1,<environment.Job instance at 0x7f8b8aaf64b0>,4,20,[13  4],5,-1,27,-1,7
1,<environment.Job instance at 0x7f8b8aaf69b0>,12,26,[6 4],13,-1,39,-1,13
1,<environment.Job instance at 0x7f8b8aaeb960>,15,25,[ 3 13],16,-1,41,-1,16
1,<environment.Job instance at 0x7f8b8aaeb4b0>,18,1,[14  3],19,-1,20,-1,19
1,<environment.Job instance at 0x7f8b8aaf1690>,19,2,[ 1 10],20,-1,22,-1,20
1,<environment.Job instance at 0x7f8b8aaf1550>,22,22,[ 2 11],23,-1,61,-1,39
1,<environment.Job instance at 0x7f8b8aaf1fa0>,23,2,[13  5],24,-1,41,-1,39
1,<environment.Job instance at 0x7f8b8aaf1190>,24,22,[5 6],25,-1,70,-1,48
1,<environment.Job instance at 0x7f8b8aaf1370>,26,3,[5 6],27,-1,51,-1,48
1,<environment.Job instance at 0x7f8b8aaf19b0>,27,20,[8 1],28,-1,69,-1,49
1,<environment.Job instance at 0x7f8b8aaf1cd0>,28,14,[ 5 10],29,-1,63,-1,49
1,<environment.Job instance at 0x7f8b8aaf00f0>,31,25,[14  5],32,-1,94,-1,69
1,<environment.Job instance at 0x7f8b8aaf0f50>,32,24,[3 7],33,-1,93,-1,69
1,<environment.Job instance at 0x7f8b8ac1e640>,37,2,[5 7],38,-1,95,-1,93
1,<environment.Job instance at 0x7f8b8ac68be0>,38,17,[12  2],39,-1,110,-1,93
1,<environment.Job instance at 0x7f8b8aaf0a50>,40,18,[12  2],41,-1,119,-1,101
1,<environment.Job instance at 0x7f8b8abc8f50>,41,27,[8 3],42,-1,128,-1,101
1,<environment.Job instance at 0x7f8b8ad1f140>,43,19,[12  2],44,-1,124,-1,105
1,<environment.Job instance at 0x7f8b8a9c1140>,50,3,[9 5],51,-1,199,-1,196
1,<environment.Job instance at 0x7f8b8a9c17d0>,51,15,[ 2 14],52,-1,211,-1,196
1,<environment.Job instance at 0x7f8b8a9c1af0>,53,26,[3 9],54,-1,222,-1,196
1,<environment.Job instance at 0x7f8b8a9c77d0>,54,15,[13  1],55,-1,211,-1,196
1,<environment.Job instance at 0x7f8b8aa9ad70>,60,2,[11  3],61,-1,251,-1,249
1,<environment.Job instance at 0x7f8b8a9a0140>,68,12,[14  4],69,-1,333,-1,321
1,<environment.Job instance at 0x7f8b8a997d70>,71,12,[ 4 14],72,-1,349,-1,337
1,<environment.Job instance at 0x7f8b8aad5550>,72,16,[ 5 12],73,-1,353,-1,337
1,<environment.Job instance at 0x7f8b8a9ac5f0>,74,16,[ 1 14],75,-1,359,-1,343
1,<environment.Job instance at 0x7f8b8a9b8c30>,75,18,[ 1 14],76,-1,361,-1,343
1,<environment.Job instance at 0x7f8b8a9b8e60>,76,23,[1 9],77,-1,412,-1,389
1,<environment.Job instance at 0x7f8b8a9b8eb0>,79,3,[11  3],80,-1,392,-1,389
1,<environment.Job instance at 0x7f8b8aabe0f0>,80,15,[14  2],81,-1,404,-1,389
1,<environment.Job instance at 0x7f8b8a9a2640>,81,18,[11  1],82,-1,407,-1,389
1,<environment.Job instance at 0x7f8b8ab4bfa0>,83,17,[12  1],84,-1,418,-1,401
1,<environment.Job instance at 0x7f8b8a946c80>,94,12,[13  1],95,-1,510,-1,498
1,<environment.Job instance at 0x7f8b8a9463c0>,95,13,[ 1 12],96,-1,511,-1,498
1,<environment.Job instance at 0x7f8b8a9de8c0>,98,13,[ 5 11],99,-1,525,-1,512
1,<environment.Job instance at 0x7f8b8a9421e0>,103,27,[6 1],104,-1,563,-1,536
1,<environment.Job instance at 0x7f8b8a942a50>,104,27,[ 4 13],105,-1,563,-1,536
1,<environment.Job instance at 0x7f8b8a942cd0>,106,27,[11  1],107,-1,566,-1,539
1,<environment.Job instance at 0x7f8b8a942780>,107,24,[6 2],108,-1,575,-1,551
1,<environment.Job instance at 0x7f8b8a942370>,111,27,[5 6],112,-1,605,-1,578
1,<environment.Job instance at 0x7f8b8a942910>,113,18,[ 1 11],114,-1,596,-1,578
1,<environment.Job instance at 0x7f8b8a942190>,114,26,[ 2 13],115,-1,604,-1,578
1,<environment.Job instance at 0x7f8b8a9445f0>,115,28,[14  4],116,-1,606,-1,578
1,<environment.Job instance at 0x7f8b8a9443c0>,116,1,[3 9],117,-1,579,-1,578
1,<environment.Job instance at 0x7f8b8a944230>,117,20,[ 4 11],118,-1,598,-1,578
1,<environment.Job instance at 0x7f8b8a944d20>,120,27,[1 5],121,-1,614,-1,587
1,<environment.Job instance at 0x7f8b8a944be0>,121,26,[5 3],122,-1,613,-1,587
1,<environment.Job instance at 0x7f8b8a944320>,124,15,[14  2],125,-1,620,-1,605
1,<environment.Job instance at 0x7f8b8a945960>,129,28,[ 2 10],130,-1,673,-1,645
1,<environment.Job instance at 0x7f8b8a945a00>,130,2,[13  1],131,-1,647,-1,645
1,<environment.Job instance at 0x7f8b8a9450a0>,136,20,[11  2],137,-1,727,-1,707
1,<environment.Job instance at 0x7f8b94a1b3c0>,4,2,[8 1],5,-1,7,-1,5
1,<environment.Job instance at 0x7f8b94b0fb40>,5,27,[9 5],6,-1,33,-1,6
1,<environment.Job instance at 0x7f8b94b0f780>,7,14,[12  2],8,-1,22,-1,8
1,<environment.Job instance at 0x7f8b8a959b90>,13,27,[2 7],14,-1,42,-1,15
1,<environment.Job instance at 0x7f8b8a959910>,15,27,[1 5],16,-1,43,-1,16
1,<environment.Job instance at 0x7f8b8a959460>,22,17,[13  5],23,-1,56,-1,39
1,<environment.Job instance at 0x7f8b8a959550>,23,13,[ 5 14],24,-1,52,-1,39
1,<environment.Job instance at 0x7f8b8aa3c3c0>,34,25,[5 6],35,-1,133,-1,108
1,<environment.Job instance at 0x7f8b8aa3caf0>,35,20,[1 8],36,-1,128,-1,108
1,<environment.Job instance at 0x7f8b8aa3c5a0>,36,14,[11  4],37,-1,122,-1,108
1,<environment.Job instance at 0x7f8b8aa3ca50>,39,28,[11  2],40,-1,154,-1,126
1,<environment.Job instance at 0x7f8b8aa3cf50>,43,27,[ 4 13],44,-1,189,-1,162
1,<environment.Job instance at 0x7f8b8aa3c9b0>,44,28,[1 8],45,-1,190,-1,162
1,<environment.Job instance at 0x7f8b8aa3c550>,45,12,[13  4],46,-1,174,-1,162
1,<environment.Job instance at 0x7f8b8aa3cc30>,46,12,[ 5 12],47,-1,174,-1,162
1,<environment.Job instance at 0x7f8b8aa3cbe0>,47,28,[7 4],48,-1,190,-1,162
1,<environment.Job instance at 0x7f8b8aa3c1e0>,48,27,[4 6],49,-1,189,-1,162
1,<environment.Job instance at 0x7f8b94a3daa0>,58,18,[12  2],59,-1,235,-1,217
1,<environment.Job instance at 0x7f8b94a3de60>,59,23,[5 8],60,-1,243,-1,220
1,<environment.Job instance at 0x7f8b94a3dd70>,62,21,[ 4 14],63,-1,255,-1,234
1,<environment.Job instance at 0x7f8b94a3d500>,65,13,[12  1],66,-1,267,-1,254
1,<environment.Job instance at 0x7f8b94a3d820>,66,12,[14  3],67,-1,266,-1,254
1,<environment.Job instance at 0x7f8b94a3d370>,67,1,[ 4 11],68,-1,255,-1,254
1,<environment.Job instance at 0x7f8b8a949190>,70,1,[ 4 10],71,-1,272,-1,271
1,<environment.Job instance at 0x7f8b8a949820>,71,25,[7 5],72,-1,296,-1,271
1,<environment.Job instance at 0x7f8b8a9491e0>,74,25,[2 8],75,-1,301,-1,276
1,<environment.Job instance at 0x7f8b8a9497d0>,77,28,[8 2],78,-1,315,-1,287
1,<environment.Job instance at 0x7f8b8a949050>,78,26,[8 3],79,-1,313,-1,287
1,<environment.Job instance at 0x7f8b8a949500>,80,27,[ 3 11],81,-1,321,-1,294
1,<environment.Job instance at 0x7f8b8a9499b0>,81,15,[ 3 13],82,-1,309,-1,294
1,<environment.Job instance at 0x7f8b8a949cd0>,83,3,[ 5 10],84,-1,311,-1,308
1,<environment.Job instance at 0x7f8b8a949870>,86,2,[5 3],87,-1,326,-1,324
1,<environment.Job instance at 0x7f8b8a9495f0>,88,18,[ 5 14],89,-1,342,-1,324
1,<environment.Job instance at 0x7f8b94b105f0>,90,19,[ 2 11],91,-1,355,-1,336
1,<environment.Job instance at 0x7f8b94b10050>,94,25,[4 9],95,-1,371,-1,346
1,<environment.Job instance at 0x7f8b94b10dc0>,95,26,[6 1],96,-1,372,-1,346
1,<environment.Job instance at 0x7f8b94b103c0>,96,28,[5 9],97,-1,374,-1,346
1,<environment.Job instance at 0x7f8b94b10190>,97,24,[4 8],98,-1,370,-1,346
1,<environment.Job instance at 0x7f8b94b100f0>,99,1,[10  5],100,-1,360,-1,359
1,<environment.Job instance at 0x7f8b94b101e0>,100,2,[ 2 12],101,-1,361,-1,359
1,<environment.Job instance at 0x7f8b94b10a50>,102,24,[7 4],103,-1,383,-1,359
1,<environment.Job instance at 0x7f8b94b01780>,108,19,[12  4],109,-1,423,-1,404
1,<environment.Job instance at 0x7f8b94b010f0>,109,14,[ 5 12],110,-1,418,-1,404
1,<environment.Job instance at 0x7f8b8a9c1230>,111,25,[8 3],112,-1,437,-1,412
1,<environment.Job instance at 0x7f8b8a9c1cd0>,112,16,[ 2 11],113,-1,428,-1,412
1,<environment.Job instance at 0x7f8b8a9c1500>,113,28,[ 3 11],114,-1,440,-1,412
1,<environment.Job instance at 0x7f8b8a9c1460>,115,24,[2 7],116,-1,451,-1,427
1,<environment.Job instance at 0x7f8b8a9c1dc0>,118,27,[14  3],119,-1,462,-1,435
1,<environment.Job instance at 0x7f8b8a9c1870>,119,18,[ 1 14],120,-1,453,-1,435
1,<environment.Job instance at 0x7f8b8a9c1550>,121,15,[11  2],122,-1,456,-1,441
1,<environment.Job instance at 0x7f8b8a9c12d0>,122,13,[ 1 12],123,-1,454,-1,441
1,<environment.Job instance at 0x7f8b8a9c1190>,125,16,[ 4 11],126,-1,470,-1,454
1,<environment.Job instance at 0x7f8b94b7c9b0>,126,17,[13  3],127,-1,471,-1,454
1,<environment.Job instance at 0x7f8b94b7c190>,127,22,[ 3 11],128,-1,476,-1,454
1,<environment.Job instance at 0x7f8b8aa32230>,129,13,[ 5 12],130,-1,487,-1,474
1,<environment.Job instance at 0x7f8b8aace550>,130,1,[ 5 11],131,-1,475,-1,474
1,<environment.Job instance at 0x7f8b8aa323c0>,131,1,[12  4],132,-1,475,-1,474
1,<environment.Job instance at 0x7f8b94b7bfa0>,133,23,[9 4],134,-1,497,-1,474
1,<environment.Job instance at 0x7f8b94b7baa0>,134,13,[ 3 14],135,-1,487,-1,474
1,<environment.Job instance at 0x7f8b8b601500>,135,24,[ 4 14],136,-1,498,-1,474
1,<environment.Job instance at 0x7f8b8b235a50>,137,24,[7 3],138,-1,503,-1,479
1,<environment.Job instance at 0x7f8b8b116050>,138,27,[9 5],139,-1,506,-1,479
1,<environment.Job instance at 0x7f8b96943dc0>,31,18,[ 1 11],32,-1,8046,-1,8028
1,<environment.Job instance at 0x7f8b8b7edf00>,3,23,[12  5],4,-1,27,-1,4
1,<environment.Job instance at 0x7f8b8b7ed7d0>,11,18,[ 2 13],12,-1,60,-1,42
1,<environment.Job instance at 0x7f8b94a3e6e0>,15,14,[10  2],16,-1,92,-1,78
1,<environment.Job instance at 0x7f8b94a3e5f0>,16,17,[12  4],17,-1,95,-1,78
1,<environment.Job instance at 0x7f8b94a3e0a0>,17,25,[6 4],18,-1,103,-1,78
1,<environment.Job instance at 0x7f8b94a3eaa0>,19,18,[14  5],20,-1,96,-1,78
1,<environment.Job instance at 0x7f8b94a3ec80>,20,13,[ 4 10],21,-1,91,-1,78
1,<environment.Job instance at 0x7f8b94a3e190>,21,24,[5 5],22,-1,102,-1,78
1,<environment.Job instance at 0x7f8b94a3e820>,22,3,[8 5],23,-1,81,-1,78
1,<environment.Job instance at 0x7f8b94a3e4b0>,23,14,[ 2 11],24,-1,92,-1,78
1,<environment.Job instance at 0x7f8b94a3e280>,24,1,[4 6],25,-1,79,-1,78
1,<environment.Job instance at 0x7f8b94a3eb40>,25,28,[ 5 10],26,-1,106,-1,78
1,<environment.Job instance at 0x7f8b94a3e640>,27,13,[ 5 11],28,-1,96,-1,83
1,<environment.Job instance at 0x7f8b94a3ebe0>,29,19,[ 4 14],30,-1,119,-1,100
1,<environment.Job instance at 0x7f8b94a3e320>,31,26,[ 3 12],32,-1,140,-1,114
1,<environment.Job instance at 0x7f8b94a3e460>,32,14,[ 3 14],33,-1,128,-1,114
1,<environment.Job instance at 0x7f8b94a3eb90>,34,2,[3 7],35,-1,134,-1,132
1,<environment.Job instance at 0x7f8b8ab35730>,36,17,[ 5 14],37,-1,149,-1,132
1,<environment.Job instance at 0x7f8b8ab35a00>,38,2,[7 2],39,-1,134,-1,132
1,<environment.Job instance at 0x7f8b8ab35410>,39,2,[ 4 11],40,-1,134,-1,132
1,<environment.Job instance at 0x7f8b8ab35640>,41,3,[2 8],42,-1,148,-1,145
1,<environment.Job instance at 0x7f8b8ab35cd0>,43,12,[12  2],44,-1,157,-1,145
1,<environment.Job instance at 0x7f8b8a961320>,44,12,[14  2],45,-1,157,-1,145
1,<environment.Job instance at 0x7f8b8a961460>,45,15,[ 4 10],46,-1,160,-1,145
1,<environment.Job instance at 0x7f8b8a961dc0>,46,13,[14  5],47,-1,158,-1,145
1,<environment.Job instance at 0x7f8b8a961190>,47,25,[7 3],48,-1,170,-1,145
1,<environment.Job instance at 0x7f8b8a9614b0>,48,16,[ 1 14],49,-1,161,-1,145
1,<environment.Job instance at 0x7f8b8a961aa0>,50,12,[ 2 13],51,-1,171,-1,159
1,<environment.Job instance at 0x7f8b8a961140>,57,24,[10  3],58,-1,250,-1,226
1,<environment.Job instance at 0x7f8b8a961be0>,58,18,[11  2],59,-1,244,-1,226
1,<environment.Job instance at 0x7f8b8a961a50>,60,14,[ 5 13],61,-1,240,-1,226
1,<environment.Job instance at 0x7f8b8b023c80>,61,24,[14  5],62,-1,250,-1,226
1,<environment.Job instance at 0x7f8b8b023b90>,62,12,[ 4 11],63,-1,238,-1,226
1,<environment.Job instance at 0x7f8b8b023550>,64,14,[ 1 13],65,-1,246,-1,232
1,<environment.Job instance at 0x7f8b8b023e10>,66,25,[5 3],67,-1,267,-1,242
1,<environment.Job instance at 0x7f8b8b0231e0>,70,14,[13  1],71,-1,275,-1,261
1,<environment.Job instance at 0x7f8b8b023c30>,71,27,[ 4 14],72,-1,288,-1,261
1,<environment.Job instance at 0x7f8b8b023d70>,75,28,[13  5],76,-1,317,-1,289
1,<environment.Job instance at 0x7f8b8aeae230>,81,25,[5 5],82,-1,352,-1,327
1,<environment.Job instance at 0x7f8b8aeaec80>,82,26,[12  3],83,-1,353,-1,327
1,<environment.Job instance at 0x7f8b8aeae5a0>,83,2,[14  4],84,-1,329,-1,327
1,<environment.Job instance at 0x7f8b8aeae1e0>,85,24,[ 5 13],86,-1,361,-1,337
1,<environment.Job instance at 0x7f8b8aeaea50>,86,25,[7 5],87,-1,362,-1,337
1,<environment.Job instance at 0x7f8b8aeae820>,88,3,[ 5 13],89,-1,349,-1,346
1,<environment.Job instance at 0x7f8b8aeae5f0>,89,18,[ 1 14],90,-1,364,-1,346
1,<environment.Job instance at 0x7f8b8aeaed70>,90,19,[14  4],91,-1,365,-1,346
1,<environment.Job instance at 0x7f8b8aeaeb90>,91,14,[14  2],92,-1,360,-1,346
1,<environment.Job instance at 0x7f8b8ae8ad20>,97,14,[11  1],98,-1,391,-1,377
1,<environment.Job instance at 0x7f8b8ae8a6e0>,98,22,[ 3 11],99,-1,399,-1,377
1,<environment.Job instance at 0x7f8b8ae8a7d0>,99,16,[12  3],100,-1,393,-1,377
1,<environment.Job instance at 0x7f8b8ae8aeb0>,101,14,[14  1],102,-1,401,-1,387
1,<environment.Job instance at 0x7f8b8ae8a690>,102,16,[12  4],103,-1,403,-1,387
1,<environment.Job instance at 0x7f8b8ae8ae60>,105,17,[ 4 13],106,-1,425,-1,408
1,<environment.Job instance at 0x7f8b8ae89960>,108,27,[13  4],109,-1,449,-1,422
1,<environment.Job instance at 0x7f8b8ae890f0>,109,17,[13  4],110,-1,439,-1,422
1,<environment.Job instance at 0x7f8b8ae89b90>,110,13,[14  2],111,-1,435,-1,422
1,<environment.Job instance at 0x7f8b8ae89410>,112,24,[10  1],113,-1,447,-1,423
1,<environment.Job instance at 0x7f8b8ae89050>,113,15,[1 6],114,-1,438,-1,423
1,<environment.Job instance at 0x7f8b8ae897d0>,115,16,[ 2 10],116,-1,440,-1,424
1,<environment.Job instance at 0x7f8b8ae894b0>,118,1,[11  3],119,-1,437,-1,436
1,<environment.Job instance at 0x7f8b8ae898c0>,119,25,[2 7],120,-1,461,-1,436
1,<environment.Job instance at 0x7f8b8b8a1aa0>,133,22,[ 5 13],134,-1,568,-1,546
1,<environment.Job instance at 0x7f8b8b8a1780>,135,27,[11  2],136,-1,585,-1,558
1,<environment.Job instance at 0x7f8b8b7ed550>,8,17,[9 4],9,-1,1088,-1,1071
1,<environment.Job instance at 0x7f8b8b7edc80>,5,19,[13  2],6,-1,3415,-1,3396
1,<environment.Job instance at 0x7f8b8b0842d0>,4,13,[ 5 11],5,-1,19,-1,6
1,<environment.Job instance at 0x7f8b8b0844b0>,6,13,[10  1],7,-1,20,-1,7
1,<environment.Job instance at 0x7f8b8b0849b0>,11,27,[ 1 14],12,-1,46,-1,19
1,<environment.Job instance at 0x7f8b8bec4e60>,12,12,[12  1],13,-1,31,-1,19
1,<environment.Job instance at 0x7f8b8bec4140>,13,2,[3 7],14,-1,21,-1,19
1,<environment.Job instance at 0x7f8b8bec48c0>,15,23,[3 6],16,-1,42,-1,19
1,<environment.Job instance at 0x7f8b8bec4370>,17,27,[7 1],18,-1,53,-1,26
1,<environment.Job instance at 0x7f8b8bec41e0>,18,26,[ 3 10],19,-1,52,-1,26
1,<environment.Job instance at 0x7f8b8bec4050>,19,15,[ 3 10],20,-1,41,-1,26
1,<environment.Job instance at 0x7f8b8bec4230>,20,2,[10  3],21,-1,28,-1,26
1,<environment.Job instance at 0x7f8b8bed60f0>,22,14,[14  2],23,-1,52,-1,38
1,<environment.Job instance at 0x7f8b8adc6e60>,23,26,[7 3],24,-1,64,-1,38
1,<environment.Job instance at 0x7f8b8b1cf690>,24,24,[8 2],25,-1,62,-1,38
1,<environment.Job instance at 0x7f8b8b09b320>,26,12,[11  1],27,-1,54,-1,42
1,<environment.Job instance at 0x7f8b8b09b870>,27,17,[11  3],28,-1,59,-1,42
1,<environment.Job instance at 0x7f8b8b09bf00>,28,16,[12  1],29,-1,58,-1,42
1,<environment.Job instance at 0x7f8b8ad36460>,29,15,[ 4 13],30,-1,57,-1,42
1,<environment.Job instance at 0x7f8b8b807c30>,30,28,[13  1],31,-1,70,-1,42
1,<environment.Job instance at 0x7f8b8ad1a050>,31,24,[4 7],32,-1,66,-1,42
1,<environment.Job instance at 0x7f8b8b1ce500>,33,26,[7 3],34,-1,76,-1,50
1,<environment.Job instance at 0x7f8b8b1d9460>,35,15,[ 3 10],36,-1,75,-1,60
1,<environment.Job instance at 0x7f8b8ad13e10>,37,13,[10  2],38,-1,90,-1,77
1,<environment.Job instance at 0x7f8b8b1e48c0>,38,14,[5 1],39,-1,91,-1,77
1,<environment.Job instance at 0x7f8b8ad13aa0>,39,24,[2 6],40,-1,101,-1,77
1,<environment.Job instance at 0x7f8b8b1e44b0>,40,13,[ 5 12],41,-1,90,-1,77
1,<environment.Job instance at 0x7f8b8ad13500>,41,20,[ 2 11],42,-1,97,-1,77
1,<environment.Job instance at 0x7f8b8b1c2280>,42,14,[8 4],43,-1,92,-1,78
1,<environment.Job instance at 0x7f8b8b1c2730>,43,14,[9 2],44,-1,95,-1,81
1,<environment.Job instance at 0x7f8b8b1c3820>,47,15,[ 4 10],48,-1,109,-1,94
1,<environment.Job instance at 0x7f8b8b1c32d0>,48,25,[5 8],49,-1,119,-1,94
1,<environment.Job instance at 0x7f8b8b1dac80>,49,17,[1 7],50,-1,111,-1,94
1,<environment.Job instance at 0x7f8b8b1dae10>,50,16,[ 1 13],51,-1,110,-1,94
1,<environment.Job instance at 0x7f8b8b1e8aa0>,51,28,[2 7],52,-1,122,-1,94
1,<environment.Job instance at 0x7f8b8b1e8050>,52,19,[3 6],53,-1,113,-1,94
1,<environment.Job instance at 0x7f8b8b1bf5f0>,53,25,[3 9],54,-1,119,-1,94
1,<environment.Job instance at 0x7f8b8b1bf190>,54,15,[6 1],55,-1,109,-1,94
1,<environment.Job instance at 0x7f8b8b1bf2d0>,55,13,[1 5],56,-1,107,-1,94
1,<environment.Job instance at 0x7f8b8b1bf230>,56,23,[2 8],57,-1,117,-1,94
1,<environment.Job instance at 0x7f8b8b1bfaa0>,57,3,[1 9],58,-1,97,-1,94
1,<environment.Job instance at 0x7f8b8b1bf640>,58,14,[3 6],59,-1,108,-1,94
1,<environment.Job instance at 0x7f8b8b1bf3c0>,59,27,[5 7],60,-1,121,-1,94
1,<environment.Job instance at 0x7f8b8b1bf410>,60,15,[14  1],61,-1,109,-1,94
1,<environment.Job instance at 0x7f8b8b1bff50>,61,24,[13  2],62,-1,118,-1,94
1,<environment.Job instance at 0x7f8b8b1bf370>,63,15,[10  3],64,-1,113,-1,98
1,<environment.Job instance at 0x7f8b8b1bfbe0>,64,15,[9 1],65,-1,113,-1,98
1,<environment.Job instance at 0x7f8b8b1bfb90>,65,15,[11  4],66,-1,113,-1,98
1,<environment.Job instance at 0x7f8b8b1bfe60>,66,17,[5 2],67,-1,115,-1,98
1,<environment.Job instance at 0x7f8b8b1f1b40>,67,13,[5 4],68,-1,111,-1,98
1,<environment.Job instance at 0x7f8b8b1f10a0>,68,14,[ 4 13],69,-1,112,-1,98
1,<environment.Job instance at 0x7f8b8b1f1190>,69,3,[9 5],70,-1,101,-1,98
1,<environment.Job instance at 0x7f8b8b1f11e0>,70,3,[1 8],71,-1,101,-1,98
1,<environment.Job instance at 0x7f8b8b1f1230>,71,28,[9 2],72,-1,126,-1,98
1,<environment.Job instance at 0x7f8b8b1f1140>,72,15,[12  2],73,-1,113,-1,98
1,<environment.Job instance at 0x7f8b8b088e10>,73,2,[10  2],74,-1,100,-1,98
1,<environment.Job instance at 0x7f8b8b088eb0>,74,15,[ 3 10],75,-1,113,-1,98
1,<environment.Job instance at 0x7f8b8b088f50>,75,13,[12  4],76,-1,111,-1,98
1,<environment.Job instance at 0x7f8b8b088dc0>,76,13,[5 4],77,-1,111,-1,98
1,<environment.Job instance at 0x7f8b8b088d20>,77,12,[3 6],78,-1,111,-1,99
1,<environment.Job instance at 0x7f8b8beee2d0>,78,26,[11  5],79,-1,125,-1,99
1,<environment.Job instance at 0x7f8b8beee370>,79,28,[4 9],80,-1,127,-1,99
1,<environment.Job instance at 0x7f8b8beee320>,80,12,[6 2],81,-1,111,-1,99
1,<environment.Job instance at 0x7f8b8beee0a0>,81,1,[1 5],82,-1,100,-1,99
1,<environment.Job instance at 0x7f8b8beee550>,82,12,[2 8],83,-1,111,-1,99
1,<environment.Job instance at 0x7f8b8beee730>,85,14,[11  4],86,-1,124,-1,110
1,<environment.Job instance at 0x7f8b8beee5f0>,86,14,[14  5],87,-1,124,-1,110
1,<environment.Job instance at 0x7f8b8beee910>,88,18,[ 4 11],89,-1,143,-1,125
1,<environment.Job instance at 0x7f8b8beee9b0>,89,18,[ 3 12],90,-1,143,-1,125
1,<environment.Job instance at 0x7f8b8beeea50>,90,12,[7 2],91,-1,137,-1,125
1,<environment.Job instance at 0x7f8b8beeeaf0>,91,24,[13  4],92,-1,149,-1,125
1,<environment.Job instance at 0x7f8b8beeeb90>,92,19,[ 2 13],93,-1,144,-1,125
1,<environment.Job instance at 0x7f8b8beeec30>,93,18,[ 2 10],94,-1,143,-1,125
1,<environment.Job instance at 0x7f8b8beeee10>,95,24,[12  4],96,-1,151,-1,127
1,<environment.Job instance at 0x7f8b8beee820>,96,13,[10  2],97,-1,140,-1,127
1,<environment.Job instance at 0x7f8b8beee7d0>,97,12,[10  4],98,-1,139,-1,127
1,<environment.Job instance at 0x7f8b8beeef00>,98,17,[2 5],99,-1,148,-1,131
1,<environment.Job instance at 0x7f8b8b09c050>,100,3,[1 8],101,-1,140,-1,137
1,<environment.Job instance at 0x7f8b8b09c0a0>,101,27,[12  2],102,-1,164,-1,137
1,<environment.Job instance at 0x7f8b8b09c1e0>,102,2,[10  5],103,-1,139,-1,137
1,<environment.Job instance at 0x7f8b8b09c280>,103,17,[12  2],104,-1,154,-1,137
1,<environment.Job instance at 0x7f8b8b09c320>,104,15,[5 6],105,-1,153,-1,138
1,<environment.Job instance at 0x7f8b8b09c3c0>,105,26,[9 4],106,-1,164,-1,138
1,<environment.Job instance at 0x7f8b8b09c460>,106,21,[12  2],107,-1,159,-1,138
1,<environment.Job instance at 0x7f8b8b09c500>,107,25,[6 2],108,-1,163,-1,138
1,<environment.Job instance at 0x7f8b8b09c5a0>,108,1,[5 5],109,-1,139,-1,138
1,<environment.Job instance at 0x7f8b8b09c820>,109,16,[5 4],110,-1,154,-1,138
1,<environment.Job instance at 0x7f8b8b09c6e0>,110,17,[ 4 10],111,-1,155,-1,138
1,<environment.Job instance at 0x7f8b8b09c690>,111,14,[3 7],112,-1,152,-1,138
1,<environment.Job instance at 0x7f8b8b09c870>,112,14,[ 5 13],113,-1,152,-1,138
1,<environment.Job instance at 0x7f8b8b09c730>,113,17,[3 5],114,-1,155,-1,138
1,<environment.Job instance at 0x7f8b8b09ca00>,114,22,[ 4 13],115,-1,160,-1,138
1,<environment.Job instance at 0x7f8b8b09caa0>,115,14,[6 5],116,-1,152,-1,138
1,<environment.Job instance at 0x7f8b8b09cb40>,116,21,[4 8],117,-1,159,-1,138
1,<environment.Job instance at 0x7f8b8b09cbe0>,117,23,[3 9],118,-1,161,-1,138
1,<environment.Job instance at 0x7f8b8b09cc80>,118,13,[10  5],119,-1,151,-1,138
1,<environment.Job instance at 0x7f8b8b09cd20>,119,2,[10  4],120,-1,140,-1,138
1,<environment.Job instance at 0x7f8b8b09cdc0>,120,13,[ 2 11],121,-1,151,-1,138
1,<environment.Job instance at 0x7f8b8b09ce60>,121,14,[2 6],122,-1,152,-1,138
1,<environment.Job instance at 0x7f8b8b09cf50>,122,28,[9 2],123,-1,166,-1,138
1,<environment.Job instance at 0x7f8b8b0a0050>,124,15,[4 7],125,-1,158,-1,143
1,<environment.Job instance at 0x7f8b8b0a02d0>,125,12,[1 7],126,-1,155,-1,143
1,<environment.Job instance at 0x7f8b8b0a01e0>,127,16,[1 7],128,-1,171,-1,155
1,<environment.Job instance at 0x7f8b8b0a0550>,128,15,[ 2 12],129,-1,170,-1,155
1,<environment.Job instance at 0x7f8b8b0a05a0>,129,24,[ 1 11],130,-1,179,-1,155
1,<environment.Job instance at 0x7f8b8b0a06e0>,131,12,[ 3 10],132,-1,180,-1,168
1,<environment.Job instance at 0x7f8b8b0a0780>,132,18,[ 3 14],133,-1,186,-1,168
1,<environment.Job instance at 0x7f8b8b0a0320>,133,2,[3 6],134,-1,170,-1,168
1,<environment.Job instance at 0x7f8b8b0a0960>,135,28,[10  4],136,-1,196,-1,168
1,<environment.Job instance at 0x7f8b8b0a0c30>,137,15,[5 5],138,-1,189,-1,174
1,<environment.Job instance at 0x7f8b8b0a0af0>,138,18,[ 1 10],139,-1,192,-1,174
1,<environment.Job instance at 0x7f8b8b084820>,8,24,[1 9],9,-1,2371,-1,2347
1,<environment.Job instance at 0x7f8b8aff3460>,1,1,[5 9],2,-1,3,-1,2
1,<environment.Job instance at 0x7f8b8aff3640>,3,1,[ 2 11],4,-1,5,-1,4
1,<environment.Job instance at 0x7f8b8aff3eb0>,4,26,[6 3],5,-1,31,-1,5
1,<environment.Job instance at 0x7f8b8b1cacd0>,9,2,[ 2 13],10,-1,12,-1,10
1,<environment.Job instance at 0x7f8b8b1ca460>,10,15,[ 2 12],11,-1,26,-1,11
1,<environment.Job instance at 0x7f8b8b1ca0a0>,11,12,[10  1],12,-1,32,-1,20
1,<environment.Job instance at 0x7f8b8b1cae60>,15,18,[14  1],16,-1,38,-1,20
1,<environment.Job instance at 0x7f8b8b1cad70>,16,24,[14  1],17,-1,44,-1,20
1,<environment.Job instance at 0x7f8b8b1ca910>,18,25,[9 2],19,-1,45,-1,20
1,<environment.Job instance at 0x7f8b8b1ca2d0>,19,18,[ 1 12],20,-1,38,-1,20
1,<environment.Job instance at 0x7f8b8b1ca280>,21,13,[8 1],22,-1,52,-1,39
1,<environment.Job instance at 0x7f8b8b1cafa0>,22,12,[10  1],23,-1,51,-1,39
1,<environment.Job instance at 0x7f8b8b1ca550>,24,20,[ 3 12],25,-1,59,-1,39
1,<environment.Job instance at 0x7f8b8b1ca730>,25,19,[10  1],26,-1,58,-1,39
1,<environment.Job instance at 0x7f8b8addb870>,27,3,[13  1],28,-1,58,-1,55
1,<environment.Job instance at 0x7f8b8addb370>,29,19,[13  1],30,-1,74,-1,55
1,<environment.Job instance at 0x7f8b8addbaf0>,31,28,[4 5],32,-1,97,-1,69
1,<environment.Job instance at 0x7f8b8addb8c0>,33,17,[13  5],34,-1,86,-1,69
1,<environment.Job instance at 0x7f8b8addb640>,34,26,[12  1],35,-1,95,-1,69
1,<environment.Job instance at 0x7f8b8addb140>,39,26,[7 1],40,-1,114,-1,88
1,<environment.Job instance at 0x7f8b8addb550>,40,22,[8 3],41,-1,110,-1,88
1,<environment.Job instance at 0x7f8b8addba50>,43,18,[ 2 12],44,-1,123,-1,105
1,<environment.Job instance at 0x7f8b8add16e0>,45,18,[14  5],46,-1,135,-1,117
1,<environment.Job instance at 0x7f8b8add1820>,46,27,[9 5],47,-1,144,-1,117
1,<environment.Job instance at 0x7f8b8add15f0>,47,14,[ 3 12],48,-1,131,-1,117
1,<environment.Job instance at 0x7f8b8add10a0>,49,23,[5 9],50,-1,140,-1,117
1,<environment.Job instance at 0x7f8b8add1960>,50,16,[ 5 13],51,-1,133,-1,117
1,<environment.Job instance at 0x7f8b8add14b0>,51,22,[ 2 14],52,-1,139,-1,117
1,<environment.Job instance at 0x7f8b8add13c0>,53,1,[6 2],54,-1,123,-1,122
1,<environment.Job instance at 0x7f8b8add1c80>,54,24,[12  4],55,-1,146,-1,122
1,<environment.Job instance at 0x7f8b8add1780>,55,17,[ 1 10],56,-1,146,-1,129
1,<environment.Job instance at 0x7f8b8add1cd0>,60,14,[10  1],61,-1,164,-1,150
1,<environment.Job instance at 0x7f8b8add1320>,62,25,[10  1],63,-1,191,-1,166
1,<environment.Job instance at 0x7f8b8add1b40>,63,13,[ 5 11],64,-1,179,-1,166
1,<environment.Job instance at 0x7f8b8add15a0>,64,12,[ 3 14],65,-1,178,-1,166
1,<environment.Job instance at 0x7f8b8afdfdc0>,66,13,[ 2 13],67,-1,179,-1,166
1,<environment.Job instance at 0x7f8b8afdf960>,67,14,[13  2],68,-1,180,-1,166
1,<environment.Job instance at 0x7f8b8afdf190>,68,18,[11  2],69,-1,184,-1,166
1,<environment.Job instance at 0x7f8b8afdf500>,69,25,[ 1 10],70,-1,191,-1,166
1,<environment.Job instance at 0x7f8b8afdf730>,70,13,[ 2 12],71,-1,179,-1,166
1,<environment.Job instance at 0x7f8b8afdf1e0>,71,3,[5 7],72,-1,169,-1,166
1,<environment.Job instance at 0x7f8b8afdf410>,76,16,[ 2 13],77,-1,213,-1,197
1,<environment.Job instance at 0x7f8b8afdff50>,84,26,[ 4 14],85,-1,273,-1,247
1,<environment.Job instance at 0x7f8b8ae01c80>,86,3,[ 4 12],87,-1,252,-1,249
1,<environment.Job instance at 0x7f8b8ae01280>,88,1,[5 6],89,-1,264,-1,263
1,<environment.Job instance at 0x7f8b8ae01190>,89,25,[5 4],90,-1,291,-1,266
1,<environment.Job instance at 0x7f8b8ae010a0>,93,13,[13  3],94,-1,301,-1,288
1,<environment.Job instance at 0x7f8b8ae01eb0>,94,25,[ 5 14],95,-1,313,-1,288
1,<environment.Job instance at 0x7f8b8ae01870>,95,27,[5 5],96,-1,315,-1,288
1,<environment.Job instance at 0x7f8b8ae01320>,96,17,[ 5 13],97,-1,305,-1,288
1,<environment.Job instance at 0x7f8b8ae01820>,98,17,[ 4 11],99,-1,317,-1,300
1,<environment.Job instance at 0x7f8b8ae012d0>,99,14,[14  5],100,-1,314,-1,300
1,<environment.Job instance at 0x7f8b8ae015f0>,100,27,[8 5],101,-1,327,-1,300
1,<environment.Job instance at 0x7f8b8ae014b0>,101,23,[12  4],102,-1,323,-1,300
1,<environment.Job instance at 0x7f8b8ae01730>,104,3,[ 1 13],105,-1,321,-1,318
1,<environment.Job instance at 0x7f8b8ae01500>,106,14,[ 1 12],107,-1,332,-1,318
1,<environment.Job instance at 0x7f8b8afc2c30>,107,15,[ 4 14],108,-1,333,-1,318
1,<environment.Job instance at 0x7f8b8afc2640>,109,28,[ 4 14],110,-1,352,-1,324
1,<environment.Job instance at 0x7f8b8afc2870>,110,21,[ 5 12],111,-1,345,-1,324
1,<environment.Job instance at 0x7f8b8afc2730>,114,27,[3 8],115,-1,380,-1,353
1,<environment.Job instance at 0x7f8b8afc2cd0>,115,2,[1 8],116,-1,355,-1,353
1,<environment.Job instance at 0x7f8b8afc2eb0>,122,27,[10  4],123,-1,438,-1,411
1,<environment.Job instance at 0x7f8b8b7e20a0>,124,27,[ 1 14],125,-1,456,-1,429
1,<environment.Job instance at 0x7f8b8beb7780>,126,15,[11  1],127,-1,444,-1,429
1,<environment.Job instance at 0x7f8b8beb7c30>,127,14,[ 3 13],128,-1,443,-1,429
1,<environment.Job instance at 0x7f8b8beb7f00>,129,21,[ 4 14],130,-1,457,-1,436
1,<environment.Job instance at 0x7f8b8beb7460>,133,18,[ 2 11],134,-1,467,-1,449
1,<environment.Job instance at 0x7f8b8bae5b40>,135,14,[ 4 14],136,-1,480,-1,466
1,<environment.Job instance at 0x7f8b8b4b7fa0>,136,28,[12  5],137,-1,494,-1,466
1,<environment.Job instance at 0x7f8b8bae5730>,137,13,[12  5],138,-1,479,-1,466
1,<environment.Job instance at 0x7f8b944ce960>,138,12,[11  5],139,-1,479,-1,467
1,<environment.Job instance at 0x7f8b8b081320>,6,26,[8 5],7,-1,33,-1,7
1,<environment.Job instance at 0x7f8b8b370b90>,11,24,[8 5],12,-1,42,-1,18
1,<environment.Job instance at 0x7f8b8b370c30>,14,16,[ 2 13],15,-1,54,-1,38
1,<environment.Job instance at 0x7f8b8b370550>,17,3,[ 4 10],18,-1,52,-1,49
1,<environment.Job instance at 0x7f8b8baea050>,18,26,[3 6],19,-1,75,-1,49
1,<environment.Job instance at 0x7f8b8be95870>,21,17,[ 4 12],22,-1,82,-1,65
1,<environment.Job instance at 0x7f8b8b2bdbe0>,23,3,[10  2],24,-1,77,-1,74
1,<environment.Job instance at 0x7f8b8b2e2e60>,25,2,[13  1],26,-1,79,-1,77
1,<environment.Job instance at 0x7f8b8b2e2a00>,26,13,[11  1],27,-1,90,-1,77
1,<environment.Job instance at 0x7f8b8be5ffa0>,27,22,[10  1],28,-1,141,-1,119
1,<environment.Job instance at 0x7f8b8b33c910>,36,13,[11  5],37,-1,164,-1,151
1,<environment.Job instance at 0x7f8b8be9c3c0>,37,19,[ 3 11],38,-1,170,-1,151
1,<environment.Job instance at 0x7f8b8b366780>,46,26,[3 6],47,-1,243,-1,217
1,<environment.Job instance at 0x7f8b8be0b910>,49,23,[4 9],50,-1,263,-1,240
1,<environment.Job instance at 0x7f8b8bdeedc0>,52,17,[ 1 14],53,-1,261,-1,244
1,<environment.Job instance at 0x7f8b8b35b3c0>,53,25,[2 9],54,-1,272,-1,247
1,<environment.Job instance at 0x7f8b8be0ec30>,65,13,[14  2],66,-1,348,-1,335
1,<environment.Job instance at 0x7f8b8be0ea00>,66,16,[ 4 14],67,-1,351,-1,335
1,<environment.Job instance at 0x7f8b8be0ee60>,68,14,[13  3],69,-1,349,-1,335
1,<environment.Job instance at 0x7f8b8be0efa0>,69,2,[3 9],70,-1,337,-1,335
1,<environment.Job instance at 0x7f8b8be0e9b0>,71,17,[ 3 11],72,-1,352,-1,335
1,<environment.Job instance at 0x7f8b8be14af0>,73,2,[7 1],74,-1,355,-1,353
1,<environment.Job instance at 0x7f8b8be14a00>,74,3,[2 6],75,-1,356,-1,353
1,<environment.Job instance at 0x7f8b8be14aa0>,75,27,[1 6],76,-1,380,-1,353
1,<environment.Job instance at 0x7f8b8be14cd0>,76,27,[8 5],77,-1,380,-1,353
1,<environment.Job instance at 0x7f8b8be14e10>,78,26,[10  5],79,-1,379,-1,353
1,<environment.Job instance at 0x7f8b8be14dc0>,81,14,[14  4],82,-1,381,-1,367
1,<environment.Job instance at 0x7f8b8bdf82d0>,84,20,[ 2 11],85,-1,400,-1,380
1,<environment.Job instance at 0x7f8b8bdf8370>,85,3,[ 4 11],86,-1,383,-1,380
1,<environment.Job instance at 0x7f8b8bdf8410>,86,16,[13  3],87,-1,396,-1,380
1,<environment.Job instance at 0x7f8b8bdf84b0>,87,26,[10  5],88,-1,406,-1,380
1,<environment.Job instance at 0x7f8b8bdf85f0>,89,13,[ 2 12],90,-1,406,-1,393
1,<environment.Job instance at 0x7f8b8bdf8730>,91,17,[11  4],92,-1,410,-1,393
1,<environment.Job instance at 0x7f8b8bdf87d0>,92,24,[4 6],93,-1,417,-1,393
1,<environment.Job instance at 0x7f8b8bdf8870>,93,15,[ 2 13],94,-1,408,-1,393
1,<environment.Job instance at 0x7f8b8bdf8910>,94,18,[11  2],95,-1,411,-1,393
1,<environment.Job instance at 0x7f8b8bdf8a50>,95,14,[10  1],96,-1,407,-1,393
1,<environment.Job instance at 0x7f8b8bdf8af0>,97,18,[14  1],98,-1,423,-1,405
1,<environment.Job instance at 0x7f8b8bdf8c80>,98,23,[ 1 11],99,-1,428,-1,405
1,<environment.Job instance at 0x7f8b8bdf8a00>,99,12,[ 3 12],100,-1,417,-1,405
1,<environment.Job instance at 0x7f8b8bdf8f50>,103,13,[ 3 11],104,-1,436,-1,423
1,<environment.Job instance at 0x7f8b8bddd190>,106,15,[11  2],107,-1,456,-1,441
1,<environment.Job instance at 0x7f8b8bddd2d0>,108,25,[7 2],109,-1,470,-1,445
1,<environment.Job instance at 0x7f8b8bddd140>,110,12,[ 3 12],111,-1,471,-1,459
1,<environment.Job instance at 0x7f8b8bddd4b0>,111,15,[11  5],112,-1,475,-1,460
1,<environment.Job instance at 0x7f8b8bddd640>,113,16,[13  2],114,-1,480,-1,464
1,<environment.Job instance at 0x7f8b8bddd5a0>,115,19,[12  5],116,-1,490,-1,471
1,<environment.Job instance at 0x7f8b8bddda50>,119,2,[6 4],120,-1,495,-1,493
1,<environment.Job instance at 0x7f8b8bddd960>,120,25,[10  4],121,-1,518,-1,493
1,<environment.Job instance at 0x7f8b8bdddc30>,122,27,[7 5],123,-1,523,-1,496
1,<environment.Job instance at 0x7f8b8bddddc0>,124,25,[8 2],125,-1,530,-1,505
1,<environment.Job instance at 0x7f8b8bddde60>,126,14,[ 2 12],127,-1,520,-1,506
1,<environment.Job instance at 0x7f8b8bdfe370>,132,20,[ 1 13],133,-1,568,-1,548
1,<environment.Job instance at 0x7f8b8bdfe1e0>,134,28,[ 3 10],135,-1,590,-1,562
1,<environment.Job instance at 0x7f8b8bdfe690>,135,25,[9 5],136,-1,587,-1,562
1,<environment.Job instance at 0x7f8b8b8e4c30>,8,17,[ 3 13],9,-1,26,-1,9
1,<environment.Job instance at 0x7f8b8b8e4b40>,9,14,[14  2],10,-1,24,-1,10
1,<environment.Job instance at 0x7f8b8b8e49b0>,12,2,[ 5 11],13,-1,29,-1,27
1,<environment.Job instance at 0x7f8b8b1d11e0>,22,18,[ 5 14],23,-1,102,-1,84
1,<environment.Job instance at 0x7f8b8b1d1b90>,23,22,[14  2],24,-1,106,-1,84
1,<environment.Job instance at 0x7f8b8b1d17d0>,29,27,[5 4],30,-1,146,-1,119
1,<environment.Job instance at 0x7f8b8b1d1550>,30,28,[7 5],31,-1,147,-1,119
1,<environment.Job instance at 0x7f8b8b1d15a0>,32,28,[14  2],33,-1,159,-1,131
1,<environment.Job instance at 0x7f8b8b1d1e10>,34,13,[ 5 10],35,-1,144,-1,131
1,<environment.Job instance at 0x7f8b8b1d10f0>,35,22,[ 5 14],36,-1,153,-1,131
1,<environment.Job instance at 0x7f8b8b22aaf0>,36,26,[8 5],37,-1,157,-1,131
1,<environment.Job instance at 0x7f8b8b22afa0>,39,13,[13  5],40,-1,159,-1,146
1,<environment.Job instance at 0x7f8b8b22a820>,40,14,[ 2 13],41,-1,160,-1,146
1,<environment.Job instance at 0x7f8b8b22ac80>,42,12,[ 5 13],43,-1,172,-1,160
1,<environment.Job instance at 0x7f8b8b22acd0>,44,22,[13  3],45,-1,186,-1,164
1,<environment.Job instance at 0x7f8b8b22aeb0>,45,26,[14  2],46,-1,190,-1,164
1,<environment.Job instance at 0x7f8b8b22af50>,46,20,[ 4 12],47,-1,184,-1,164
1,<environment.Job instance at 0x7f8b8b22aa50>,47,13,[ 4 12],48,-1,177,-1,164
1,<environment.Job instance at 0x7f8b8b22a230>,50,16,[ 5 12],51,-1,190,-1,174
1,<environment.Job instance at 0x7f8b8b22a050>,51,22,[13  5],52,-1,196,-1,174
1,<environment.Job instance at 0x7f8b8b22ad70>,52,27,[5 3],53,-1,201,-1,174
1,<environment.Job instance at 0x7f8b8b22a780>,55,24,[5 4],56,-1,216,-1,192
1,<environment.Job instance at 0x7f8b8b22a9b0>,56,18,[12  1],57,-1,210,-1,192
1,<environment.Job instance at 0x7f8b945740a0>,58,13,[ 5 14],59,-1,205,-1,192
1,<environment.Job instance at 0x7f8b94574e60>,59,17,[ 5 13],60,-1,209,-1,192
1,<environment.Job instance at 0x7f8b94574e10>,60,18,[12  5],61,-1,210,-1,192
1,<environment.Job instance at 0x7f8b94574780>,62,27,[5 1],63,-1,233,-1,206
1,<environment.Job instance at 0x7f8b94574500>,65,17,[ 5 12],66,-1,237,-1,220
1,<environment.Job instance at 0x7f8b94574d20>,67,24,[7 4],68,-1,244,-1,220
1,<environment.Job instance at 0x7f8b94574c80>,69,1,[3 6],70,-1,230,-1,229
1,<environment.Job instance at 0x7f8b945740f0>,70,12,[12  3],71,-1,241,-1,229
1,<environment.Job instance at 0x7f8b945744b0>,71,27,[6 5],72,-1,256,-1,229
1,<environment.Job instance at 0x7f8b94574370>,74,17,[14  4],75,-1,264,-1,247
1,<environment.Job instance at 0x7f8b94574820>,77,16,[ 1 13],78,-1,275,-1,259
1,<environment.Job instance at 0x7f8b94574910>,78,25,[4 7],79,-1,284,-1,259
1,<environment.Job instance at 0x7f8b8aa9ec80>,80,12,[13  5],81,-1,289,-1,277
1,<environment.Job instance at 0x7f8b8aa9e320>,81,22,[14  4],82,-1,299,-1,277
1,<environment.Job instance at 0x7f8b8aa9ea00>,82,27,[5 3],83,-1,304,-1,277
1,<environment.Job instance at 0x7f8b8aa9ee10>,86,26,[3 7],87,-1,316,-1,290
1,<environment.Job instance at 0x7f8b8aa9e190>,88,15,[11  4],89,-1,315,-1,300
1,<environment.Job instance at 0x7f8b8aa9e460>,89,18,[ 3 11],90,-1,318,-1,300
1,<environment.Job instance at 0x7f8b8aa9e550>,90,23,[9 1],91,-1,323,-1,300
1,<environment.Job instance at 0x7f8b8aa9e410>,92,23,[11  3],93,-1,334,-1,311
1,<environment.Job instance at 0x7f8b8aa9e8c0>,94,1,[1 5],95,-1,320,-1,319
1,<environment.Job instance at 0x7f8b8aa9eaa0>,96,27,[7 3],97,-1,351,-1,324
1,<environment.Job instance at 0x7f8b8aa9e500>,97,28,[13  1],98,-1,352,-1,324
1,<environment.Job instance at 0x7f8b8aa9e780>,98,25,[3 8],99,-1,349,-1,324
1,<environment.Job instance at 0x7f8b8bc7baf0>,102,24,[7 5],103,-1,375,-1,351
1,<environment.Job instance at 0x7f8b8bc7be10>,103,22,[11  1],104,-1,373,-1,351
1,<environment.Job instance at 0x7f8b8bc7bdc0>,104,14,[ 2 13],105,-1,365,-1,351
1,<environment.Job instance at 0x7f8b8bc7b050>,106,28,[4 9],107,-1,387,-1,359
1,<environment.Job instance at 0x7f8b8bc7b320>,107,28,[ 5 11],108,-1,387,-1,359
1,<environment.Job instance at 0x7f8b8bc7bb90>,110,18,[13  5],111,-1,389,-1,371
1,<environment.Job instance at 0x7f8b8bc7b500>,112,2,[5 9],113,-1,386,-1,384
1,<environment.Job instance at 0x7f8b8bc7b4b0>,114,14,[11  2],115,-1,398,-1,384
1,<environment.Job instance at 0x7f8b8bc7b0f0>,115,15,[12  2],116,-1,399,-1,384
1,<environment.Job instance at 0x7f8b8bc7bb40>,116,2,[4 9],117,-1,386,-1,384
1,<environment.Job instance at 0x7f8b8bc7baa0>,117,19,[14  2],118,-1,403,-1,384
1,<environment.Job instance at 0x7f8b8bc7b190>,118,20,[ 5 12],119,-1,404,-1,384
1,<environment.Job instance at 0x7f8b8b505a50>,121,17,[ 4 11],122,-1,419,-1,402
1,<environment.Job instance at 0x7f8b8b505370>,124,1,[3 6],125,-1,427,-1,426
1,<environment.Job instance at 0x7f8b8ba46370>,131,1,[8 4],132,-1,485,-1,484
1,<environment.Job instance at 0x7f8b8a9445a0>,135,3,[ 4 13],136,-1,520,-1,517
1,<environment.Job instance at 0x7f8b8adf38c0>,138,20,[ 4 11],139,-1,549,-1,529
1,<environment.Job instance at 0x7f8b8a80c0a0>,5,28,[7 3],6,-1,34,-1,6
1,<environment.Job instance at 0x7f8b8a80cbe0>,12,20,[ 4 13],13,-1,47,-1,27
1,<environment.Job instance at 0x7f8b8a80c5a0>,13,17,[11  4],14,-1,44,-1,27
1,<environment.Job instance at 0x7f8b8a80c500>,16,23,[9 2],17,-1,68,-1,45
1,<environment.Job instance at 0x7f8b8a80c820>,17,3,[6 1],18,-1,48,-1,45
1,<environment.Job instance at 0x7f8b8a80c9b0>,20,3,[9 5],21,-1,74,-1,71
1,<environment.Job instance at 0x7f8b8a80c730>,21,3,[8 1],22,-1,74,-1,71
1,<environment.Job instance at 0x7f8b8a6fe7d0>,23,27,[ 1 14],24,-1,98,-1,71
1,<environment.Job instance at 0x7f8b8a6feaf0>,27,22,[12  2],28,-1,114,-1,92
1,<environment.Job instance at 0x7f8b8a6fee60>,28,27,[7 4],29,-1,119,-1,92
1,<environment.Job instance at 0x7f8b8a6fe910>,29,3,[9 5],30,-1,95,-1,92
1,<environment.Job instance at 0x7f8b8a6fe500>,32,26,[14  5],33,-1,134,-1,108
1,<environment.Job instance at 0x7f8b8a6fe5a0>,33,12,[11  4],34,-1,120,-1,108
1,<environment.Job instance at 0x7f8b8a6fe550>,34,26,[8 3],35,-1,134,-1,108
1,<environment.Job instance at 0x7f8b8a6fecd0>,36,2,[6 1],37,-1,126,-1,124
1,<environment.Job instance at 0x7f8b8a6fe1e0>,38,18,[14  4],39,-1,143,-1,125
1,<environment.Job instance at 0x7f8b8a703910>,42,24,[4 7],43,-1,178,-1,154
1,<environment.Job instance at 0x7f8b8a7035a0>,44,3,[6 4],45,-1,162,-1,159
1,<environment.Job instance at 0x7f8b8a703500>,45,2,[12  1],46,-1,161,-1,159
1,<environment.Job instance at 0x7f8b8a703280>,47,23,[ 4 12],48,-1,193,-1,170
1,<environment.Job instance at 0x7f8b8a703550>,48,26,[ 4 14],49,-1,196,-1,170
1,<environment.Job instance at 0x7f8b8a703fa0>,49,15,[ 1 14],50,-1,185,-1,170
1,<environment.Job instance at 0x7f8b8a703a00>,50,14,[11  2],51,-1,184,-1,170
1,<environment.Job instance at 0x7f8b8a7035f0>,51,13,[13  4],52,-1,183,-1,170
1,<environment.Job instance at 0x7f8b8a703a50>,53,27,[ 4 13],54,-1,204,-1,177
1,<environment.Job instance at 0x7f8b8a703be0>,54,23,[ 4 10],55,-1,200,-1,177
1,<environment.Job instance at 0x7f8b8a703aa0>,55,15,[ 4 12],56,-1,192,-1,177
1,<environment.Job instance at 0x7f8b8a703b40>,57,16,[ 5 11],58,-1,208,-1,192
1,<environment.Job instance at 0x7f8b8a703f00>,58,28,[7 3],59,-1,220,-1,192
1,<environment.Job instance at 0x7f8b8a7039b0>,59,27,[3 8],60,-1,219,-1,192
1,<environment.Job instance at 0x7f8b8a703730>,60,23,[5 9],61,-1,215,-1,192
1,<environment.Job instance at 0x7f8b8a703780>,63,20,[ 1 10],64,-1,218,-1,198
1,<environment.Job instance at 0x7f8b8a7a1410>,65,13,[11  4],66,-1,222,-1,209
1,<environment.Job instance at 0x7f8b8a7a1730>,66,12,[11  5],67,-1,221,-1,209
1,<environment.Job instance at 0x7f8b8a7a1140>,69,1,[ 4 12],70,-1,216,-1,215
1,<environment.Job instance at 0x7f8b8a7a1910>,70,3,[ 4 14],71,-1,218,-1,215
1,<environment.Job instance at 0x7f8b8a7a19b0>,71,15,[14  3],72,-1,230,-1,215
1,<environment.Job instance at 0x7f8b8a7a16e0>,75,14,[11  1],76,-1,271,-1,257
1,<environment.Job instance at 0x7f8b8a7a1c80>,76,23,[ 2 11],77,-1,280,-1,257
1,<environment.Job instance at 0x7f8b8a7a1780>,77,21,[ 1 11],78,-1,278,-1,257
1,<environment.Job instance at 0x7f8b8bb92e60>,78,1,[ 2 14],79,-1,258,-1,257
1,<environment.Job instance at 0x7f8b8b0165f0>,81,15,[13  2],82,-1,286,-1,271
1,<environment.Job instance at 0x7f8b8bb92b90>,82,16,[ 5 11],83,-1,287,-1,271
1,<environment.Job instance at 0x7f8b8b1651e0>,83,18,[13  4],84,-1,289,-1,271
1,<environment.Job instance at 0x7f8b8b1650f0>,84,15,[ 3 14],85,-1,286,-1,271
1,<environment.Job instance at 0x7f8b8b165fa0>,85,18,[13  2],86,-1,289,-1,271
1,<environment.Job instance at 0x7f8b8b165370>,86,1,[12  5],87,-1,272,-1,271
1,<environment.Job instance at 0x7f8b8b165280>,91,12,[ 4 14],92,-1,318,-1,306
1,<environment.Job instance at 0x7f8b8b1653c0>,93,18,[14  1],94,-1,329,-1,311
1,<environment.Job instance at 0x7f8b8a80f960>,95,15,[12  1],96,-1,327,-1,312
1,<environment.Job instance at 0x7f8b8a80fc80>,96,13,[ 5 12],97,-1,325,-1,312
1,<environment.Job instance at 0x7f8b8b0540f0>,100,2,[3 9],101,-1,346,-1,344
1,<environment.Job instance at 0x7f8b8aa0f960>,101,28,[9 4],102,-1,372,-1,344
1,<environment.Job instance at 0x7f8b8b8618c0>,103,12,[ 3 13],104,-1,356,-1,344
1,<environment.Job instance at 0x7f8b8ac8b640>,104,23,[6 2],105,-1,367,-1,344
1,<environment.Job instance at 0x7f8b8b5b6dc0>,107,24,[10  4],108,-1,390,-1,366
1,<environment.Job instance at 0x7f8b8b8aec30>,108,24,[3 9],109,-1,390,-1,366
1,<environment.Job instance at 0x7f8b8af24cd0>,109,18,[ 3 12],110,-1,384,-1,366
1,<environment.Job instance at 0x7f8b8a893af0>,110,18,[13  3],111,-1,384,-1,366
1,<environment.Job instance at 0x7f8b8b8ae5a0>,111,2,[1 5],112,-1,368,-1,366
1,<environment.Job instance at 0x7f8b8af54500>,114,24,[7 4],115,-1,413,-1,389
1,<environment.Job instance at 0x7f8b8bca9c30>,115,19,[ 5 13],116,-1,408,-1,389
1,<environment.Job instance at 0x7f8b8baeaa00>,124,24,[5 9],125,-1,472,-1,448
1,<environment.Job instance at 0x7f8b8baea7d0>,127,26,[8 5],128,-1,490,-1,464
1,<environment.Job instance at 0x7f8b8baea9b0>,129,1,[ 1 12],130,-1,473,-1,472
1,<environment.Job instance at 0x7f8b8afecdc0>,131,27,[10  5],132,-1,499,-1,472
1,<environment.Job instance at 0x7f8b8b610b40>,133,2,[5 5],134,-1,492,-1,490
1,<environment.Job instance at 0x7f8b8af74aa0>,134,15,[12  5],135,-1,505,-1,490
1,<environment.Job instance at 0x7f8b8af74fa0>,135,24,[13  2],136,-1,514,-1,490
1,<environment.Job instance at 0x7f8b8b851f50>,4,23,[ 5 10],5,-1,28,-1,5
1,<environment.Job instance at 0x7f8b8b851d20>,9,25,[12  3],10,-1,42,-1,17
1,<environment.Job instance at 0x7f8b8b851230>,10,27,[ 4 11],11,-1,44,-1,17
1,<environment.Job instance at 0x7f8b8b8510f0>,11,15,[13  2],12,-1,32,-1,17
1,<environment.Job instance at 0x7f8b8b425960>,18,16,[ 5 13],19,-1,73,-1,57
1,<environment.Job instance at 0x7f8b8b425a00>,19,23,[5 5],20,-1,80,-1,57
1,<environment.Job instance at 0x7f8b8b425af0>,20,3,[ 4 14],21,-1,60,-1,57
1,<environment.Job instance at 0x7f8b8b425690>,21,15,[14  4],22,-1,72,-1,57
1,<environment.Job instance at 0x7f8b8b4250a0>,23,25,[4 7],24,-1,82,-1,57
1,<environment.Job instance at 0x7f8b8b425dc0>,24,3,[11  5],25,-1,60,-1,57
1,<environment.Job instance at 0x7f8b8b425140>,25,3,[ 4 14],26,-1,60,-1,57
1,<environment.Job instance at 0x7f8b8b4254b0>,26,28,[ 4 11],27,-1,85,-1,57
1,<environment.Job instance at 0x7f8b8b425fa0>,28,18,[11  1],29,-1,89,-1,71
1,<environment.Job instance at 0x7f8b8b425aa0>,30,24,[3 8],31,-1,108,-1,84
1,<environment.Job instance at 0x7f8b8b425780>,31,2,[5 4],32,-1,86,-1,84
1,<environment.Job instance at 0x7f8b8b4259b0>,32,27,[3 6],33,-1,111,-1,84
1,<environment.Job instance at 0x7f8b8bc008c0>,35,15,[ 3 14],36,-1,109,-1,94
1,<environment.Job instance at 0x7f8b8bc00e60>,38,27,[4 5],39,-1,145,-1,118
1,<environment.Job instance at 0x7f8b8bc00140>,36,21,[10  1],37,-1,195,-1,174
1,<environment.Job instance at 0x7f8b8bc007d0>,45,13,[ 3 10],46,-1,187,-1,174
1,<environment.Job instance at 0x7f8b8bc00aa0>,46,14,[ 1 14],47,-1,188,-1,174
1,<environment.Job instance at 0x7f8b8bc00fa0>,48,2,[10  1],49,-1,179,-1,177
1,<environment.Job instance at 0x7f8b8bc006e0>,49,25,[8 3],50,-1,202,-1,177
1,<environment.Job instance at 0x7f8b8bc00780>,50,2,[5 5],51,-1,179,-1,177
1,<environment.Job instance at 0x7f8b8bc00c80>,52,24,[11  1],53,-1,215,-1,191
1,<environment.Job instance at 0x7f8b8bf80e60>,55,25,[5 7],56,-1,221,-1,196
1,<environment.Job instance at 0x7f8b8bf806e0>,56,17,[1 6],57,-1,213,-1,196
1,<environment.Job instance at 0x7f8b8bf80d20>,57,18,[11  2],58,-1,214,-1,196
1,<environment.Job instance at 0x7f8b8bf80190>,59,13,[4 7],60,-1,221,-1,208
1,<environment.Job instance at 0x7f8b8bf80690>,60,14,[12  3],61,-1,222,-1,208
1,<environment.Job instance at 0x7f8b8bf80c30>,63,28,[4 5],64,-1,256,-1,228
1,<environment.Job instance at 0x7f8b8bf80be0>,64,1,[ 3 10],65,-1,229,-1,228
1,<environment.Job instance at 0x7f8b8bf80730>,66,3,[7 4],67,-1,231,-1,228
1,<environment.Job instance at 0x7f8b8bf80eb0>,68,24,[14  3],69,-1,264,-1,240
1,<environment.Job instance at 0x7f8b8bf800a0>,72,27,[2 9],73,-1,288,-1,261
1,<environment.Job instance at 0x7f8b8bea58c0>,75,26,[ 5 11],76,-1,315,-1,289
1,<environment.Job instance at 0x7f8b8bea5320>,77,23,[10  4],78,-1,312,-1,289
1,<environment.Job instance at 0x7f8b8bea56e0>,78,26,[2 7],79,-1,315,-1,289
1,<environment.Job instance at 0x7f8b8bea59b0>,80,3,[2 6],81,-1,293,-1,290
1,<environment.Job instance at 0x7f8b8bea5780>,82,26,[5 4],83,-1,330,-1,304
1,<environment.Job instance at 0x7f8b8bea5f50>,83,26,[ 1 10],84,-1,330,-1,304
1,<environment.Job instance at 0x7f8b8bea50f0>,87,15,[ 3 10],88,-1,349,-1,334
1,<environment.Job instance at 0x7f8b8ab493c0>,88,28,[14  3],89,-1,362,-1,334
1,<environment.Job instance at 0x7f8b8ab49b90>,89,20,[1 9],90,-1,354,-1,334
1,<environment.Job instance at 0x7f8b8ab49730>,90,3,[10  4],91,-1,337,-1,334
1,<environment.Job instance at 0x7f8b8ab490f0>,92,16,[10  1],93,-1,354,-1,338
1,<environment.Job instance at 0x7f8b8ab49be0>,93,17,[ 2 12],94,-1,355,-1,338
1,<environment.Job instance at 0x7f8b8ab49aa0>,94,12,[4 9],95,-1,350,-1,338
1,<environment.Job instance at 0x7f8b8ab49d70>,95,12,[7 2],96,-1,350,-1,338
1,<environment.Job instance at 0x7f8b8ab499b0>,96,13,[ 5 11],97,-1,351,-1,338
1,<environment.Job instance at 0x7f8b8ab49cd0>,97,22,[1 8],98,-1,360,-1,338
1,<environment.Job instance at 0x7f8b8ab49b40>,99,2,[ 4 11],100,-1,348,-1,346
1,<environment.Job instance at 0x7f8b8ab495a0>,100,24,[8 5],101,-1,370,-1,346
1,<environment.Job instance at 0x7f8b8ab49870>,103,17,[13  2],104,-1,378,-1,361
1,<environment.Job instance at 0x7f8b8bf263c0>,104,23,[9 3],105,-1,384,-1,361
1,<environment.Job instance at 0x7f8b8bf266e0>,105,12,[1 9],106,-1,373,-1,361
1,<environment.Job instance at 0x7f8b8bf26640>,107,12,[ 3 10],108,-1,373,-1,361
1,<environment.Job instance at 0x7f8b8bf26730>,109,14,[ 5 14],110,-1,375,-1,361
1,<environment.Job instance at 0x7f8b8bf268c0>,112,25,[10  1],113,-1,405,-1,380
1,<environment.Job instance at 0x7f8b8bf261e0>,113,12,[5 9],114,-1,392,-1,380
1,<environment.Job instance at 0x7f8b8bf26d20>,116,21,[12  2],117,-1,418,-1,397
1,<environment.Job instance at 0x7f8b8bf26550>,118,14,[ 1 14],119,-1,413,-1,399
1,<environment.Job instance at 0x7f8b8bf26870>,120,15,[12  3],121,-1,431,-1,416
1,<environment.Job instance at 0x7f8b8bf26410>,122,14,[ 5 14],123,-1,432,-1,418
1,<environment.Job instance at 0x7f8b8b17fd70>,124,13,[12  5],125,-1,431,-1,418
1,<environment.Job instance at 0x7f8b8b17f4b0>,125,12,[12  3],126,-1,430,-1,418
1,<environment.Job instance at 0x7f8b8b17f6e0>,127,15,[12  3],128,-1,464,-1,449
1,<environment.Job instance at 0x7f8b8b17f820>,132,24,[11  4],133,-1,512,-1,488
1,<environment.Job instance at 0x7f8b8b17f2d0>,135,15,[ 4 12],136,-1,514,-1,499
1,<environment.Job instance at 0x7f8b8ba0cc80>,137,25,[ 1 10],138,-1,531,-1,506
1,<environment.Job instance at 0x7f8b8acbf6e0>,138,1,[8 4],139,-1,507,-1,506
1,<environment.Job instance at 0x7f8b8bc00f50>,2,2,[ 2 13],3,-1,5,-1,3
1,<environment.Job instance at 0x7f8b8bb04f00>,4,14,[10  5],5,-1,20,-1,6
1,<environment.Job instance at 0x7f8b8b4023c0>,3,16,[ 3 10],4,-1,22,-1,6
1,<environment.Job instance at 0x7f8b8b402370>,7,22,[8 5],8,-1,37,-1,15
1,<environment.Job instance at 0x7f8b8b402dc0>,13,12,[9 4],14,-1,35,-1,23
1,<environment.Job instance at 0x7f8b8b86f8c0>,16,23,[8 1],17,-1,66,-1,43
1,<environment.Job instance at 0x7f8b8b86f320>,17,15,[14  5],18,-1,58,-1,43
1,<environment.Job instance at 0x7f8b8b86fe10>,18,19,[12  4],19,-1,62,-1,43
1,<environment.Job instance at 0x7f8b8b86f870>,19,19,[11  1],20,-1,62,-1,43
1,<environment.Job instance at 0x7f8b8b86fd20>,20,13,[7 2],21,-1,56,-1,43
1,<environment.Job instance at 0x7f8b8b86fcd0>,22,2,[ 3 14],23,-1,45,-1,43
1,<environment.Job instance at 0x7f8b8b86f370>,23,22,[4 5],24,-1,65,-1,43
1,<environment.Job instance at 0x7f8b8b86fbe0>,24,23,[3 6],25,-1,66,-1,43
1,<environment.Job instance at 0x7f8b8b86ff00>,25,13,[ 3 13],26,-1,56,-1,43
1,<environment.Job instance at 0x7f8b8b86f4b0>,26,27,[ 1 10],27,-1,70,-1,43
1,<environment.Job instance at 0x7f8b8a9d3fa0>,27,18,[ 2 14],28,-1,61,-1,43
1,<environment.Job instance at 0x7f8b8a9d3500>,28,17,[ 4 10],29,-1,60,-1,43
1,<environment.Job instance at 0x7f8b8a9d3410>,29,12,[1 8],30,-1,55,-1,43
1,<environment.Job instance at 0x7f8b8a9d3a00>,30,13,[7 3],31,-1,60,-1,47
1,<environment.Job instance at 0x7f8b8a9d3640>,31,25,[ 2 14],32,-1,72,-1,47
1,<environment.Job instance at 0x7f8b8b519690>,39,26,[8 3],40,-1,125,-1,99
1,<environment.Job instance at 0x7f8b8b519c80>,40,18,[11  1],41,-1,117,-1,99
1,<environment.Job instance at 0x7f8b8b519370>,41,12,[ 4 12],42,-1,111,-1,99
1,<environment.Job instance at 0x7f8b8b519a00>,42,27,[4 8],43,-1,126,-1,99
1,<environment.Job instance at 0x7f8b8b5193c0>,45,24,[5 6],46,-1,142,-1,118
1,<environment.Job instance at 0x7f8b8bc803c0>,47,2,[3 9],48,-1,133,-1,131
1,<environment.Job instance at 0x7f8b8bc80eb0>,48,17,[ 3 14],49,-1,148,-1,131
1,<environment.Job instance at 0x7f8b8bc80230>,49,23,[8 5],50,-1,154,-1,131
1,<environment.Job instance at 0x7f8b8bc800a0>,51,3,[6 3],52,-1,134,-1,131
1,<environment.Job instance at 0x7f8b8bc80320>,53,2,[5 7],54,-1,145,-1,143
1,<environment.Job instance at 0x7f8b8bc805a0>,54,28,[2 5],55,-1,171,-1,143
1,<environment.Job instance at 0x7f8b8bc80140>,55,28,[ 2 14],56,-1,171,-1,143
1,<environment.Job instance at 0x7f8b8afcbd20>,71,26,[5 8],72,-1,313,-1,287
1,<environment.Job instance at 0x7f8b8afcb6e0>,74,16,[ 3 14],75,-1,316,-1,300
1,<environment.Job instance at 0x7f8b8afcbf50>,77,15,[13  3],78,-1,322,-1,307
1,<environment.Job instance at 0x7f8b8a6450a0>,79,26,[6 2],80,-1,338,-1,312
1,<environment.Job instance at 0x7f8b8a645230>,82,26,[13  4],83,-1,355,-1,329
1,<environment.Job instance at 0x7f8b8a645460>,84,23,[14  1],85,-1,361,-1,338
1,<environment.Job instance at 0x7f8b8a645050>,85,14,[ 1 12],86,-1,352,-1,338
1,<environment.Job instance at 0x7f8b8a645320>,86,17,[14  4],87,-1,355,-1,338
1,<environment.Job instance at 0x7f8b8b8f0140>,89,1,[9 4],90,-1,359,-1,358
1,<environment.Job instance at 0x7f8b8b8f0be0>,90,24,[8 2],91,-1,382,-1,358
1,<environment.Job instance at 0x7f8b8b8f0b90>,91,27,[ 3 13],92,-1,385,-1,358
1,<environment.Job instance at 0x7f8b8b8f0a00>,92,18,[ 2 12],93,-1,376,-1,358
1,<environment.Job instance at 0x7f8b8b8f0a50>,97,15,[14  1],98,-1,398,-1,383
1,<environment.Job instance at 0x7f8b8b8f0eb0>,98,26,[11  3],99,-1,409,-1,383
1,<environment.Job instance at 0x7f8b8b8f0280>,101,26,[ 1 10],102,-1,423,-1,397
1,<environment.Job instance at 0x7f8b8b8f03c0>,103,1,[7 1],104,-1,409,-1,408
1,<environment.Job instance at 0x7f8b8b8f05a0>,104,18,[ 4 11],105,-1,426,-1,408
1,<environment.Job instance at 0x7f8b8afd0c80>,105,1,[10  4],106,-1,409,-1,408
1,<environment.Job instance at 0x7f8b8afd0190>,110,21,[ 2 14],111,-1,467,-1,446
1,<environment.Job instance at 0x7f8b8afd05f0>,111,18,[13  5],112,-1,464,-1,446
1,<environment.Job instance at 0x7f8b8afd0a00>,112,20,[ 4 11],113,-1,466,-1,446
1,<environment.Job instance at 0x7f8b8afd05a0>,118,15,[13  4],119,-1,486,-1,471
1,<environment.Job instance at 0x7f8b8afd0aa0>,119,1,[1 9],120,-1,472,-1,471
1,<environment.Job instance at 0x7f8b8afd0eb0>,121,16,[11  4],122,-1,501,-1,485
1,<environment.Job instance at 0x7f8b8afd0cd0>,122,15,[14  5],123,-1,500,-1,485
1,<environment.Job instance at 0x7f8b8ab6e3c0>,126,25,[ 5 10],127,-1,537,-1,512
1,<environment.Job instance at 0x7f8b8b9e4dc0>,129,17,[ 2 14],130,-1,546,-1,529
1,<environment.Job instance at 0x7f8b8adb1d20>,130,13,[13  4],131,-1,542,-1,529
1,<environment.Job instance at 0x7f8b8b2821e0>,131,18,[12  2],132,-1,547,-1,529
1,<environment.Job instance at 0x7f8b8b282050>,132,3,[8 4],133,-1,532,-1,529
1,<environment.Job instance at 0x7f8b8b2827d0>,134,1,[5 4],135,-1,540,-1,539
1,<environment.Job instance at 0x7f8b8b282b40>,135,1,[ 1 13],136,-1,540,-1,539
1,<environment.Job instance at 0x7f8b8b282c80>,137,12,[12  3],138,-1,551,-1,539
1,<environment.Job instance at 0x7f8b8afcb280>,65,23,[10  4],66,-1,585,-1,562
1,<environment.Job instance at 0x7f8b8ad77140>,6,12,[ 2 12],7,-1,19,-1,7
1,<environment.Job instance at 0x7f8b8bc8e820>,15,14,[ 4 13],16,-1,50,-1,36
1,<environment.Job instance at 0x7f8b8bc8e870>,21,23,[3 9],22,-1,114,-1,91
1,<environment.Job instance at 0x7f8b8a7a85f0>,22,24,[ 4 14],23,-1,115,-1,91
1,<environment.Job instance at 0x7f8b8a7a8780>,23,23,[9 5],24,-1,114,-1,91
1,<environment.Job instance at 0x7f8b8a7a86e0>,24,13,[ 4 13],25,-1,104,-1,91
1,<environment.Job instance at 0x7f8b8a7a80a0>,25,1,[3 6],26,-1,92,-1,91
1,<environment.Job instance at 0x7f8b8a7a8190>,26,14,[ 1 11],27,-1,105,-1,91
1,<environment.Job instance at 0x7f8b8a7a87d0>,27,24,[7 4],28,-1,115,-1,91
1,<environment.Job instance at 0x7f8b8a7a89b0>,31,3,[6 3],32,-1,110,-1,107
1,<environment.Job instance at 0x7f8b8a7a80f0>,32,12,[14  4],33,-1,119,-1,107
1,<environment.Job instance at 0x7f8b8a7a8b40>,37,25,[6 2],38,-1,158,-1,133
1,<environment.Job instance at 0x7f8b8b120460>,38,17,[ 1 13],39,-1,150,-1,133
1,<environment.Job instance at 0x7f8b8b120140>,40,24,[5 6],41,-1,172,-1,148
1,<environment.Job instance at 0x7f8b8a7a7d70>,42,25,[ 2 13],43,-1,191,-1,166
1,<environment.Job instance at 0x7f8b8a7a78c0>,44,15,[ 4 11],45,-1,194,-1,179
1,<environment.Job instance at 0x7f8b8a7a74b0>,45,26,[6 2],46,-1,205,-1,179
1,<environment.Job instance at 0x7f8b8a7a7d20>,48,26,[10  2],49,-1,210,-1,184
1,<environment.Job instance at 0x7f8b8b874320>,52,17,[14  5],53,-1,219,-1,202
1,<environment.Job instance at 0x7f8b8b874d20>,55,28,[4 9],56,-1,251,-1,223
1,<environment.Job instance at 0x7f8b8acf0dc0>,56,16,[12  5],57,-1,239,-1,223
1,<environment.Job instance at 0x7f8b8acf0c80>,57,1,[ 2 14],58,-1,224,-1,223
1,<environment.Job instance at 0x7f8b8acf0190>,59,17,[14  3],60,-1,244,-1,227
1,<environment.Job instance at 0x7f8b8acf08c0>,60,28,[10  3],61,-1,255,-1,227
1,<environment.Job instance at 0x7f8b8acf0230>,62,1,[5 1],63,-1,228,-1,227
1,<environment.Job instance at 0x7f8b8acf06e0>,65,2,[5 7],66,-1,246,-1,244
1,<environment.Job instance at 0x7f8b8acf0050>,69,15,[ 5 11],70,-1,293,-1,278
1,<environment.Job instance at 0x7f8b8acf0b90>,70,28,[ 2 11],71,-1,306,-1,278
1,<environment.Job instance at 0x7f8b8acf0730>,71,23,[5 5],72,-1,301,-1,278
1,<environment.Job instance at 0x7f8b8adc08c0>,72,12,[11  3],73,-1,290,-1,278
1,<environment.Job instance at 0x7f8b8adc0730>,73,26,[ 4 12],74,-1,304,-1,278
1,<environment.Job instance at 0x7f8b8adc0780>,74,12,[ 4 12],75,-1,290,-1,278
1,<environment.Job instance at 0x7f8b8adc0870>,76,18,[14  4],77,-1,296,-1,278
1,<environment.Job instance at 0x7f8b8adc06e0>,78,15,[ 2 12],79,-1,305,-1,290
1,<environment.Job instance at 0x7f8b8adc0460>,80,28,[13  2],81,-1,323,-1,295
1,<environment.Job instance at 0x7f8b8b9b56e0>,83,27,[3 6],84,-1,337,-1,310
1,<environment.Job instance at 0x7f8b8b8843c0>,85,22,[ 4 10],86,-1,350,-1,328
1,<environment.Job instance at 0x7f8b8b884500>,86,28,[6 3],87,-1,356,-1,328
1,<environment.Job instance at 0x7f8b8b884320>,89,13,[13  2],90,-1,353,-1,340
1,<environment.Job instance at 0x7f8b8b884730>,90,24,[1 7],91,-1,369,-1,345
1,<environment.Job instance at 0x7f8b8b8707d0>,91,27,[ 5 12],92,-1,372,-1,345
1,<environment.Job instance at 0x7f8b8b870690>,92,17,[ 1 11],93,-1,362,-1,345
1,<environment.Job instance at 0x7f8b8af759b0>,98,23,[ 4 11],99,-1,389,-1,366
1,<environment.Job instance at 0x7f8b94b08230>,102,17,[11  3],103,-1,411,-1,394
1,<environment.Job instance at 0x7f8b8b793640>,106,25,[3 6],107,-1,438,-1,413
1,<environment.Job instance at 0x7f8b8bd83dc0>,107,1,[ 2 12],108,-1,414,-1,413
1,<environment.Job instance at 0x7f8b8b7efeb0>,108,14,[14  4],109,-1,427,-1,413
1,<environment.Job instance at 0x7f8b8a78afa0>,109,17,[ 3 14],110,-1,430,-1,413
1,<environment.Job instance at 0x7f8ba4265780>,112,1,[ 2 10],113,-1,426,-1,425
1,<environment.Job instance at 0x7f8b8a72a5f0>,117,14,[12  4],118,-1,479,-1,465
1,<environment.Job instance at 0x7f8b8ac75140>,118,25,[ 2 10],119,-1,490,-1,465
1,<environment.Job instance at 0x7f8b8ac75e60>,119,24,[14  1],120,-1,489,-1,465
1,<environment.Job instance at 0x7f8b8b4b1eb0>,120,2,[4 8],121,-1,467,-1,465
1,<environment.Job instance at 0x7f8b8aaa27d0>,5,23,[13  4],6,-1,29,-1,6
1,<environment.Job instance at 0x7f8b8aaa2870>,6,17,[12  2],7,-1,24,-1,7
1,<environment.Job instance at 0x7f8b8aaa25f0>,12,17,[14  5],13,-1,33,-1,16
1,<environment.Job instance at 0x7f8b8aaa2780>,13,12,[11  5],14,-1,28,-1,16
1,<environment.Job instance at 0x7f8b8aa840f0>,18,12,[ 1 13],19,-1,65,-1,53
1,<environment.Job instance at 0x7f8b8aa845a0>,19,14,[11  1],20,-1,67,-1,53
1,<environment.Job instance at 0x7f8b8aa84fa0>,20,14,[14  1],21,-1,67,-1,53
1,<environment.Job instance at 0x7f8b8aa844b0>,21,24,[5 5],22,-1,77,-1,53
1,<environment.Job instance at 0x7f8b8aa848c0>,22,15,[ 4 11],23,-1,68,-1,53
1,<environment.Job instance at 0x7f8b8aa84a00>,24,21,[ 1 14],25,-1,89,-1,68
1,<environment.Job instance at 0x7f8b8aa84870>,27,16,[ 4 14],28,-1,84,-1,68
1,<environment.Job instance at 0x7f8b8aa849b0>,29,16,[ 2 12],30,-1,98,-1,82
1,<environment.Job instance at 0x7f8b8aa84af0>,30,17,[13  4],31,-1,99,-1,82
1,<environment.Job instance at 0x7f8b8aaa4820>,31,1,[ 5 11],32,-1,83,-1,82
1,<environment.Job instance at 0x7f8b8aaa4e60>,36,12,[12  5],37,-1,144,-1,132
1,<environment.Job instance at 0x7f8b8aaa4870>,39,26,[ 2 12],40,-1,161,-1,135
1,<environment.Job instance at 0x7f8b8aaa4d20>,41,1,[ 3 12],42,-1,150,-1,149
1,<environment.Job instance at 0x7f8b8aaa4be0>,42,24,[10  3],43,-1,173,-1,149
1,<environment.Job instance at 0x7f8b8aaa4780>,44,3,[11  1],45,-1,152,-1,149
1,<environment.Job instance at 0x7f8b8ab4ab90>,47,26,[5 5],48,-1,193,-1,167
1,<environment.Job instance at 0x7f8b8ab4ac30>,48,21,[13  1],49,-1,188,-1,167
1,<environment.Job instance at 0x7f8b8ab4aa50>,50,22,[10  5],51,-1,225,-1,203
1,<environment.Job instance at 0x7f8b8ab4af00>,57,26,[ 3 11],58,-1,229,-1,203
1,<environment.Job instance at 0x7f8b8ab4ae60>,59,26,[12  4],60,-1,244,-1,218
1,<environment.Job instance at 0x7f8b8ab4ad70>,60,16,[12  4],61,-1,234,-1,218
1,<environment.Job instance at 0x7f8b8ab4a730>,61,26,[5 2],62,-1,244,-1,218
1,<environment.Job instance at 0x7f8b8ab4a0f0>,62,24,[9 3],63,-1,242,-1,218
1,<environment.Job instance at 0x7f8b8ab4af50>,63,26,[6 3],64,-1,244,-1,218
1,<environment.Job instance at 0x7f8b8ab4a410>,65,20,[14  3],66,-1,238,-1,218
1,<environment.Job instance at 0x7f8b8a836a00>,66,16,[ 1 10],67,-1,237,-1,221
1,<environment.Job instance at 0x7f8b8a836d70>,68,22,[3 8],69,-1,350,-1,328
1,<environment.Job instance at 0x7f8b8ab4c140>,80,22,[7 2],81,-1,350,-1,328
1,<environment.Job instance at 0x7f8b8ab4c4b0>,81,16,[11  1],82,-1,344,-1,328
1,<environment.Job instance at 0x7f8b8ab4c690>,82,19,[11  4],83,-1,347,-1,328
1,<environment.Job instance at 0x7f8b8ab4c7d0>,83,22,[1 7],84,-1,350,-1,328
1,<environment.Job instance at 0x7f8b8ab4c820>,84,19,[13  1],85,-1,347,-1,328
1,<environment.Job instance at 0x7f8b8ab4c9b0>,85,16,[10  1],86,-1,344,-1,328
1,<environment.Job instance at 0x7f8b8ab4cd20>,87,14,[ 4 13],88,-1,355,-1,341
1,<environment.Job instance at 0x7f8b8ab4c870>,88,13,[13  5],89,-1,354,-1,341
1,<environment.Job instance at 0x7f8b8ab4c460>,89,13,[5 2],90,-1,354,-1,341
1,<environment.Job instance at 0x7f8b8ab4c410>,90,16,[ 3 12],91,-1,357,-1,341
1,<environment.Job instance at 0x7f8b8ab4c6e0>,91,13,[8 4],92,-1,357,-1,344
1,<environment.Job instance at 0x7f8b8ab4c550>,92,28,[14  1],93,-1,372,-1,344
1,<environment.Job instance at 0x7f8b8ab4ccd0>,93,25,[10  1],94,-1,369,-1,344
1,<environment.Job instance at 0x7f8b8ab4cb90>,94,14,[ 1 14],95,-1,358,-1,344
1,<environment.Job instance at 0x7f8b8ab4cf00>,95,21,[ 1 14],96,-1,365,-1,344
1,<environment.Job instance at 0x7f8b8ab4cc80>,96,13,[4 6],97,-1,361,-1,348
1,<environment.Job instance at 0x7f8b8b293280>,102,1,[ 3 10],103,-1,381,-1,380
1,<environment.Job instance at 0x7f8b8ba30780>,122,12,[ 4 10],123,-1,602,-1,590
1,<environment.Job instance at 0x7f8b8ba308c0>,123,22,[ 3 12],124,-1,612,-1,590
1,<environment.Job instance at 0x7f8b8ba30280>,124,28,[8 3],125,-1,618,-1,590
1,<environment.Job instance at 0x7f8b8ba30e60>,126,12,[ 5 14],127,-1,603,-1,591
1,<environment.Job instance at 0x7f8b8ba30230>,128,18,[ 1 10],129,-1,635,-1,617
1,<environment.Job instance at 0x7f8b8bfa63c0>,3,2,[3 7],4,-1,7,-1,5
1,<environment.Job instance at 0x7f8b8bfa6af0>,7,16,[12  2],8,-1,24,-1,8
1,<environment.Job instance at 0x7f8b8bfa6f00>,8,13,[ 4 14],9,-1,22,-1,9
1,<environment.Job instance at 0x7f8b8bfa6d20>,16,12,[11  5],17,-1,61,-1,49
1,<environment.Job instance at 0x7f8b8afa97d0>,19,14,[ 5 11],20,-1,83,-1,69
1,<environment.Job instance at 0x7f8b8afa9af0>,20,17,[ 3 14],21,-1,86,-1,69
1,<environment.Job instance at 0x7f8b8afa9320>,21,23,[7 5],22,-1,92,-1,69
1,<environment.Job instance at 0x7f8b8afa9690>,23,23,[1 5],24,-1,93,-1,70
1,<environment.Job instance at 0x7f8b8afa9c80>,25,26,[ 1 11],26,-1,108,-1,82
1,<environment.Job instance at 0x7f8b8afa92d0>,26,12,[13  4],27,-1,94,-1,82
1,<environment.Job instance at 0x7f8b8afa9be0>,27,3,[9 1],28,-1,85,-1,82
1,<environment.Job instance at 0x7f8b8afa90f0>,28,15,[ 1 11],29,-1,97,-1,82
1,<environment.Job instance at 0x7f8b8afa94b0>,30,17,[13  4],31,-1,104,-1,87
1,<environment.Job instance at 0x7f8b8afc1190>,36,27,[12  4],37,-1,157,-1,130
1,<environment.Job instance at 0x7f8b8afc14b0>,37,24,[ 1 10],38,-1,154,-1,130
1,<environment.Job instance at 0x7f8b8afc1730>,42,13,[11  1],43,-1,182,-1,169
1,<environment.Job instance at 0x7f8b8afc1910>,43,17,[14  5],44,-1,186,-1,169
1,<environment.Job instance at 0x7f8b8afc1690>,44,14,[13  2],45,-1,183,-1,169
1,<environment.Job instance at 0x7f8b8afc1550>,45,16,[ 5 13],46,-1,185,-1,169
1,<environment.Job instance at 0x7f8b8afc1140>,46,28,[14  3],47,-1,197,-1,169
1,<environment.Job instance at 0x7f8b8b9bde60>,48,13,[ 3 13],49,-1,198,-1,185
1,<environment.Job instance at 0x7f8b8b0811e0>,51,18,[13  5],52,-1,203,-1,185
1,<environment.Job instance at 0x7f8b8b081280>,53,14,[ 5 14],54,-1,201,-1,187
1,<environment.Job instance at 0x7f8b8b0812d0>,57,12,[ 2 14],58,-1,233,-1,221
1,<environment.Job instance at 0x7f8b8b081320>,60,22,[ 2 14],61,-1,258,-1,236
1,<environment.Job instance at 0x7f8b8b081960>,61,25,[9 2],62,-1,261,-1,236
1,<environment.Job instance at 0x7f8b8b081230>,64,25,[6 3],65,-1,270,-1,245
1,<environment.Job instance at 0x7f8b8b081dc0>,65,17,[14  3],66,-1,262,-1,245
1,<environment.Job instance at 0x7f8b8b081d70>,66,16,[ 1 13],67,-1,261,-1,245
1,<environment.Job instance at 0x7f8b8bea8be0>,67,25,[ 4 12],68,-1,270,-1,245
1,<environment.Job instance at 0x7f8b8bea8d20>,68,23,[ 1 10],69,-1,268,-1,245
1,<environment.Job instance at 0x7f8b8bea81e0>,70,13,[ 2 11],71,-1,259,-1,246
1,<environment.Job instance at 0x7f8b8bea8690>,72,14,[14  1],73,-1,279,-1,265
1,<environment.Job instance at 0x7f8b8bea85a0>,73,19,[ 3 11],74,-1,284,-1,265
1,<environment.Job instance at 0x7f8b8bea8460>,78,15,[11  4],79,-1,328,-1,313
1,<environment.Job instance at 0x7f8b8bea8eb0>,79,28,[3 6],80,-1,341,-1,313
1,<environment.Job instance at 0x7f8b8bea8320>,80,13,[ 5 10],81,-1,328,-1,315
1,<environment.Job instance at 0x7f8b8bea8e10>,82,14,[ 4 10],83,-1,329,-1,315
1,<environment.Job instance at 0x7f8b8bea8f00>,83,22,[ 3 13],84,-1,337,-1,315
1,<environment.Job instance at 0x7f8b8b46e410>,85,2,[ 5 10],86,-1,331,-1,329
1,<environment.Job instance at 0x7f8b8b46e370>,86,12,[ 4 12],87,-1,341,-1,329
1,<environment.Job instance at 0x7f8b8b46e7d0>,87,3,[2 6],88,-1,332,-1,329
1,<environment.Job instance at 0x7f8b8b46ed20>,88,28,[ 4 11],89,-1,357,-1,329
1,<environment.Job instance at 0x7f8b8b46eeb0>,92,12,[14  5],93,-1,361,-1,349
1,<environment.Job instance at 0x7f8b8b46e690>,93,27,[10  1],94,-1,376,-1,349
1,<environment.Job instance at 0x7f8b8b46e280>,95,18,[ 5 12],96,-1,374,-1,356
1,<environment.Job instance at 0x7f8b8b46eaf0>,96,25,[11  3],97,-1,381,-1,356
1,<environment.Job instance at 0x7f8b8b46ebe0>,99,23,[6 5],100,-1,400,-1,377
1,<environment.Job instance at 0x7f8b8b46e9b0>,100,1,[13  4],101,-1,378,-1,377
1,<environment.Job instance at 0x7f8b8b46e780>,101,25,[13  3],102,-1,402,-1,377
1,<environment.Job instance at 0x7f8b8b46e5a0>,102,26,[ 3 13],103,-1,403,-1,377
1,<environment.Job instance at 0x7f8b8b46efa0>,103,23,[2 7],104,-1,400,-1,377
1,<environment.Job instance at 0x7f8b8b970af0>,106,20,[ 4 13],107,-1,421,-1,401
1,<environment.Job instance at 0x7f8b8b9708c0>,107,28,[6 1],108,-1,429,-1,401
1,<environment.Job instance at 0x7f8b8b970e60>,112,3,[ 5 11],113,-1,448,-1,445
1,<environment.Job instance at 0x7f8b8b9701e0>,114,3,[8 3],115,-1,462,-1,459
1,<environment.Job instance at 0x7f8b8b970c30>,117,18,[ 3 12],118,-1,477,-1,459
1,<environment.Job instance at 0x7f8b8b970280>,119,20,[14  4],120,-1,490,-1,470
1,<environment.Job instance at 0x7f8b8b970460>,121,26,[ 3 12],122,-1,507,-1,481
1,<environment.Job instance at 0x7f8b8b9707d0>,122,12,[12  1],123,-1,493,-1,481
1,<environment.Job instance at 0x7f8b8b970a00>,124,20,[12  4],125,-1,501,-1,481
1,<environment.Job instance at 0x7f8b8b9702d0>,125,1,[3 5],126,-1,482,-1,481
1,<environment.Job instance at 0x7f8b8a82beb0>,132,26,[7 5],133,-1,557,-1,531
1,<environment.Job instance at 0x7f8b8a82bf00>,135,2,[ 3 10],136,-1,548,-1,546
1,<environment.Job instance at 0x7f8b8b11cf00>,136,1,[1 8],137,-1,547,-1,546
1,<environment.Job instance at 0x7f8b8b11ccd0>,137,13,[13  5],138,-1,559,-1,546
1,<environment.Job instance at 0x7f8b8b11c140>,138,1,[6 5],139,-1,547,-1,546
1,<environment.Job instance at 0x7f8b8a70e870>,1,25,[9 3],2,-1,27,-1,2
1,<environment.Job instance at 0x7f8b8b43d050>,4,12,[ 4 14],5,-1,17,-1,5
1,<environment.Job instance at 0x7f8b8b43df50>,5,21,[ 4 14],6,-1,27,-1,6
1,<environment.Job instance at 0x7f8b8b43ddc0>,6,14,[ 1 13],7,-1,21,-1,7
1,<environment.Job instance at 0x7f8b8a74c8c0>,7,16,[12  5],8,-1,24,-1,8
1,<environment.Job instance at 0x7f8b8a74c9b0>,8,28,[4 5],9,-1,37,-1,9
1,<environment.Job instance at 0x7f8b8a74cd20>,11,25,[ 2 14],12,-1,37,-1,12
1,<environment.Job instance at 0x7f8b8a74c960>,12,1,[ 1 11],13,-1,14,-1,13
1,<environment.Job instance at 0x7f8b8a74c4b0>,13,28,[1 8],14,-1,42,-1,14
1,<environment.Job instance at 0x7f8b8a70ea00>,18,1,[1 9],19,-1,20,-1,19
1,<environment.Job instance at 0x7f8b8b437870>,19,27,[ 3 10],20,-1,47,-1,20
1,<environment.Job instance at 0x7f8b8acf3140>,78,15,[13  5],79,-1,632,-1,617
1,<environment.Job instance at 0x7f8b8b680910>,80,15,[ 3 12],81,-1,632,-1,617
1,<environment.Job instance at 0x7f8b8b680af0>,81,3,[ 1 11],82,-1,620,-1,617
1,<environment.Job instance at 0x7f8b8b680a00>,82,14,[12  4],83,-1,631,-1,617
1,<environment.Job instance at 0x7f8b8acd0d20>,86,12,[ 3 14],87,-1,669,-1,657
1,<environment.Job instance at 0x7f8b8acd0eb0>,87,24,[9 4],88,-1,681,-1,657
1,<environment.Job instance at 0x7f8b8b672410>,90,13,[12  1],91,-1,676,-1,663
1,<environment.Job instance at 0x7f8b8b672730>,92,26,[9 5],93,-1,693,-1,667
1,<environment.Job instance at 0x7f8b8b672370>,93,18,[13  5],94,-1,685,-1,667
1,<environment.Job instance at 0x7f8b8b6722d0>,95,18,[ 3 10],96,-1,725,-1,707
1,<environment.Job instance at 0x7f8b8b672f50>,98,14,[9 2],99,-1,721,-1,707
1,<environment.Job instance at 0x7f8b8b7d3eb0>,100,24,[8 1],101,-1,748,-1,724
1,<environment.Job instance at 0x7f8b8b6898c0>,102,25,[12  2],103,-1,767,-1,742
1,<environment.Job instance at 0x7f8b8b689960>,104,2,[10  5],105,-1,761,-1,759
1,<environment.Job instance at 0x7f8b8b6895a0>,105,17,[13  1],106,-1,776,-1,759
1,<environment.Job instance at 0x7f8b8b68b230>,108,12,[ 2 12],109,-1,786,-1,774
1,<environment.Job instance at 0x7f8b8b68b9b0>,109,15,[ 3 13],110,-1,789,-1,774
1,<environment.Job instance at 0x7f8b8b68b500>,110,16,[12  4],111,-1,790,-1,774
1,<environment.Job instance at 0x7f8b8b68b6e0>,111,26,[14  3],112,-1,800,-1,774
1,<environment.Job instance at 0x7f8b8b68be60>,112,1,[10  1],113,-1,775,-1,774
1,<environment.Job instance at 0x7f8b8b68b410>,113,1,[5 3],114,-1,775,-1,774
1,<environment.Job instance at 0x7f8b8b68bd20>,114,24,[6 4],115,-1,798,-1,774
1,<environment.Job instance at 0x7f8b8b68bb40>,115,2,[ 2 13],116,-1,776,-1,774
1,<environment.Job instance at 0x7f8b8b68bc30>,118,24,[8 2],119,-1,818,-1,794
1,<environment.Job instance at 0x7f8b8b68b190>,119,1,[ 2 13],120,-1,795,-1,794
1,<environment.Job instance at 0x7f8b8bb60780>,121,23,[5 7],122,-1,828,-1,805
1,<environment.Job instance at 0x7f8b8bb60910>,124,18,[ 2 13],125,-1,832,-1,814
1,<environment.Job instance at 0x7f8b8b65deb0>,127,18,[ 5 13],128,-1,848,-1,830
1,<environment.Job instance at 0x7f8b8b65ddc0>,128,1,[12  2],129,-1,831,-1,830
1,<environment.Job instance at 0x7f8b8b65de10>,129,2,[14  4],130,-1,832,-1,830
1,<environment.Job instance at 0x7f8b8b65df50>,131,15,[ 1 12],132,-1,850,-1,835
1,<environment.Job instance at 0x7f8b8b65d4b0>,132,15,[14  5],133,-1,850,-1,835
1,<environment.Job instance at 0x7f8b8a746190>,59,20,[14  5],60,-1,914,-1,894
1,<environment.Job instance at 0x7f8b8a742230>,61,17,[14  1],62,-1,911,-1,894
1,<environment.Job instance at 0x7f8b8aa42a50>,6,26,[5 5],7,-1,33,-1,7
1,<environment.Job instance at 0x7f8b8aa42500>,7,28,[3 7],8,-1,36,-1,8
1,<environment.Job instance at 0x7f8b8aa42550>,8,1,[10  1],9,-1,11,-1,10
1,<environment.Job instance at 0x7f8b8aa42c30>,10,12,[13  5],11,-1,23,-1,11
1,<environment.Job instance at 0x7f8b8aa427d0>,15,15,[12  2],16,-1,38,-1,23
1,<environment.Job instance at 0x7f8b8aa42af0>,16,24,[ 5 14],17,-1,47,-1,23
1,<environment.Job instance at 0x7f8b8aa426e0>,17,24,[ 1 13],18,-1,47,-1,23
1,<environment.Job instance at 0x7f8b8aa42cd0>,18,14,[ 5 13],19,-1,37,-1,23
1,<environment.Job instance at 0x7f8b8aa42fa0>,24,13,[ 3 12],25,-1,87,-1,74
1,<environment.Job instance at 0x7f8b8b80bdc0>,30,27,[4 7],31,-1,137,-1,110
1,<environment.Job instance at 0x7f8b8b80b1e0>,38,23,[ 4 10],39,-1,216,-1,193
1,<environment.Job instance at 0x7f8b8b80bd20>,44,18,[ 4 12],45,-1,228,-1,210
1,<environment.Job instance at 0x7f8b8ade74b0>,47,25,[5 4],48,-1,235,-1,210
1,<environment.Job instance at 0x7f8b8ade70a0>,51,16,[ 5 13],52,-1,259,-1,243
1,<environment.Job instance at 0x7f8b8ade73c0>,52,17,[ 2 12],53,-1,260,-1,243
1,<environment.Job instance at 0x7f8b8ade7d20>,53,25,[9 2],54,-1,268,-1,243
1,<environment.Job instance at 0x7f8b8ade71e0>,54,25,[ 1 13],55,-1,268,-1,243
1,<environment.Job instance at 0x7f8b8b170640>,62,14,[ 2 12],63,-1,308,-1,294
1,<environment.Job instance at 0x7f8b8b1705a0>,72,3,[ 3 11],73,-1,349,-1,346
1,<environment.Job instance at 0x7f8b8b170140>,74,12,[ 1 13],75,-1,374,-1,362
1,<environment.Job instance at 0x7f8b8b170aa0>,77,28,[1 5],78,-1,422,-1,394
1,<environment.Job instance at 0x7f8b8bf744b0>,81,21,[14  2],82,-1,429,-1,408
1,<environment.Job instance at 0x7f8b8bf74a00>,83,14,[ 2 11],84,-1,427,-1,413
1,<environment.Job instance at 0x7f8b8bf740f0>,90,3,[14  3],91,-1,483,-1,480
1,<environment.Job instance at 0x7f8b8bf74dc0>,91,18,[12  4],92,-1,498,-1,480
1,<environment.Job instance at 0x7f8b8bf74c80>,92,18,[ 4 13],93,-1,498,-1,480
1,<environment.Job instance at 0x7f8b8bf74500>,95,18,[ 4 11],96,-1,513,-1,495
1,<environment.Job instance at 0x7f8b8bf74140>,96,27,[6 5],97,-1,522,-1,495
1,<environment.Job instance at 0x7f8b8bdeb0f0>,97,27,[ 3 13],98,-1,522,-1,495
1,<environment.Job instance at 0x7f8b8bdeb140>,99,25,[9 4],100,-1,523,-1,498
1,<environment.Job instance at 0x7f8b8bdebe60>,103,27,[2 8],104,-1,550,-1,523
1,<environment.Job instance at 0x7f8b8b8397d0>,106,27,[8 1],107,-1,568,-1,541
1,<environment.Job instance at 0x7f8b8b839dc0>,110,12,[14  3],111,-1,571,-1,559
1,<environment.Job instance at 0x7f8b8b839c30>,111,25,[1 9],112,-1,584,-1,559
1,<environment.Job instance at 0x7f8b8b839780>,112,3,[ 4 12],113,-1,562,-1,559
1,<environment.Job instance at 0x7f8b8b839870>,113,27,[9 3],114,-1,586,-1,559
1,<environment.Job instance at 0x7f8b8b839460>,115,28,[6 2],116,-1,602,-1,574
1,<environment.Job instance at 0x7f8b8b839d20>,117,3,[2 7],118,-1,577,-1,574
1,<environment.Job instance at 0x7f8b8b839be0>,119,1,[7 4],120,-1,590,-1,589
1,<environment.Job instance at 0x7f8b8b839050>,121,2,[7 5],122,-1,591,-1,589
1,<environment.Job instance at 0x7f8b8b8398c0>,122,1,[2 7],123,-1,590,-1,589
1,<environment.Job instance at 0x7f8b8b1530f0>,125,1,[13  2],126,-1,603,-1,602
1,<environment.Job instance at 0x7f8b8b1535a0>,127,28,[11  1],128,-1,650,-1,622
1,<environment.Job instance at 0x7f8b8b153dc0>,129,26,[13  2],130,-1,648,-1,622
1,<environment.Job instance at 0x7f8b8aa4ebe0>,130,21,[ 3 11],131,-1,643,-1,622
1,<environment.Job instance at 0x7f8b8aa4eb90>,132,2,[8 3],133,-1,629,-1,627
1,<environment.Job instance at 0x7f8b8aa4e3c0>,133,25,[6 4],134,-1,652,-1,627
1,<environment.Job instance at 0x7f8b8aa4e370>,135,1,[10  2],136,-1,639,-1,638
1,<environment.Job instance at 0x7f8b8b07b230>,136,23,[10  1],137,-1,663,-1,640
1,<environment.Job instance at 0x7f8b8aa4e140>,137,27,[4 7],138,-1,667,-1,640
1,<environment.Job instance at 0x7f8b8b217b40>,3,15,[ 4 11],4,-1,19,-1,4
1,<environment.Job instance at 0x7f8b8bf74640>,5,14,[11  3],6,-1,20,-1,6
1,<environment.Job instance at 0x7f8b8b1ff370>,12,12,[ 4 14],13,-1,32,-1,20
1,<environment.Job instance at 0x7f8b8b1ff910>,20,1,[4 6],21,-1,60,-1,59
1,<environment.Job instance at 0x7f8b8b1ff2d0>,21,16,[ 2 11],22,-1,75,-1,59
1,<environment.Job instance at 0x7f8b8b1ffb90>,24,28,[5 3],25,-1,106,-1,78
1,<environment.Job instance at 0x7f8b8b1ffc80>,25,13,[ 4 11],26,-1,91,-1,78
1,<environment.Job instance at 0x7f8b8b1ffe10>,28,19,[13  3],29,-1,114,-1,95
1,<environment.Job instance at 0x7f8b8b1ff9b0>,31,15,[ 3 13],32,-1,131,-1,116
1,<environment.Job instance at 0x7f8b8b21c5f0>,37,17,[14  4],38,-1,174,-1,157
1,<environment.Job instance at 0x7f8b8b21c640>,38,12,[12  2],39,-1,169,-1,157
1,<environment.Job instance at 0x7f8b8b21c780>,40,23,[14  2],41,-1,192,-1,169
1,<environment.Job instance at 0x7f8b8b21c820>,41,25,[5 3],42,-1,194,-1,169
1,<environment.Job instance at 0x7f8b8b21c960>,43,1,[4 8],44,-1,175,-1,174
1,<environment.Job instance at 0x7f8b8b21ca00>,44,13,[ 4 13],45,-1,187,-1,174
1,<environment.Job instance at 0x7f8b8b21cc80>,48,17,[13  2],49,-1,214,-1,197
1,<environment.Job instance at 0x7f8b8b21cd20>,49,23,[8 3],50,-1,226,-1,203
1,<environment.Job instance at 0x7f8b8b21cf00>,52,28,[8 4],53,-1,245,-1,217
1,<environment.Job instance at 0x7f8b8b21cfa0>,53,16,[13  2],54,-1,233,-1,217
1,<environment.Job instance at 0x7f8b8b21ceb0>,54,2,[6 2],55,-1,219,-1,217
1,<environment.Job instance at 0x7f8b8b21cf50>,55,12,[ 5 14],56,-1,229,-1,217
1,<environment.Job instance at 0x7f8b8b234320>,56,14,[14  2],57,-1,231,-1,217
1,<environment.Job instance at 0x7f8b8b2345a0>,59,23,[6 3],60,-1,258,-1,235
1,<environment.Job instance at 0x7f8b8b2346e0>,61,21,[12  2],62,-1,256,-1,235
1,<environment.Job instance at 0x7f8b8b234780>,62,21,[13  1],63,-1,256,-1,235
1,<environment.Job instance at 0x7f8b8b234960>,65,15,[12  3],66,-1,261,-1,246
1,<environment.Job instance at 0x7f8b8b234a00>,66,16,[14  3],67,-1,262,-1,246
1,<environment.Job instance at 0x7f8b8b234be0>,69,16,[ 4 13],70,-1,276,-1,260
1,<environment.Job instance at 0x7f8b8b234550>,71,17,[ 4 11],72,-1,277,-1,260
1,<environment.Job instance at 0x7f8b8b234f00>,73,24,[2 5],74,-1,301,-1,277
1,<environment.Job instance at 0x7f8b8b234fa0>,74,23,[11  4],75,-1,300,-1,277
1,<environment.Job instance at 0x7f8b8b40c4b0>,75,13,[ 1 11],76,-1,290,-1,277
1,<environment.Job instance at 0x7f8b8b4d6cd0>,76,3,[ 3 11],77,-1,280,-1,277
1,<environment.Job instance at 0x7f8b8b229690>,77,20,[ 1 10],78,-1,297,-1,277
1,<environment.Job instance at 0x7f8b8b2360a0>,79,3,[5 7],80,-1,280,-1,277
1,<environment.Job instance at 0x7f8b8b236960>,80,13,[13  1],81,-1,290,-1,277
1,<environment.Job instance at 0x7f8b8b236d70>,81,16,[ 2 13],82,-1,293,-1,277
1,<environment.Job instance at 0x7f8b8b236230>,85,12,[9 1],86,-1,306,-1,294
1,<environment.Job instance at 0x7f8b8b236640>,86,1,[10  4],87,-1,295,-1,294
1,<environment.Job instance at 0x7f8b8b236a50>,87,21,[9 2],88,-1,332,-1,311
1,<environment.Job instance at 0x7f8b8b2365f0>,89,18,[2 6],90,-1,329,-1,311
1,<environment.Job instance at 0x7f8b8b2364b0>,90,13,[ 4 14],91,-1,324,-1,311
1,<environment.Job instance at 0x7f8b8adb94b0>,91,17,[ 3 11],92,-1,328,-1,311
1,<environment.Job instance at 0x7f8b8adb9140>,92,3,[7 2],93,-1,314,-1,311
1,<environment.Job instance at 0x7f8b8b236f00>,93,17,[ 2 14],94,-1,328,-1,311
1,<environment.Job instance at 0x7f8b8ada3960>,94,26,[12  5],95,-1,337,-1,311
1,<environment.Job instance at 0x7f8b8bd07eb0>,95,21,[5 1],96,-1,332,-1,311
1,<environment.Job instance at 0x7f8b8b3f43c0>,96,16,[ 1 10],97,-1,327,-1,311
1,<environment.Job instance at 0x7f8b8b3eec80>,97,28,[ 5 12],98,-1,339,-1,311
1,<environment.Job instance at 0x7f8b8b058320>,99,14,[ 3 12],100,-1,341,-1,327
1,<environment.Job instance at 0x7f8b8bb4f050>,101,1,[2 7],102,-1,328,-1,327
1,<environment.Job instance at 0x7f8b8b3f71e0>,102,26,[7 1],103,-1,353,-1,327
1,<environment.Job instance at 0x7f8b8b3f7370>,103,13,[14  1],104,-1,340,-1,327
1,<environment.Job instance at 0x7f8b8a674960>,104,24,[7 2],105,-1,351,-1,327
1,<environment.Job instance at 0x7f8b8abb6e10>,105,24,[14  4],106,-1,351,-1,327
1,<environment.Job instance at 0x7f8b8a79f5a0>,106,3,[12  5],107,-1,330,-1,327
1,<environment.Job instance at 0x7f8b8b3f7500>,107,25,[3 6],108,-1,352,-1,327
1,<environment.Job instance at 0x7f8b8af4a3c0>,108,16,[ 3 10],109,-1,343,-1,327
1,<environment.Job instance at 0x7f8b8af580f0>,109,13,[4 8],110,-1,342,-1,329
1,<environment.Job instance at 0x7f8b8af58690>,110,16,[13  1],111,-1,345,-1,329
1,<environment.Job instance at 0x7f8b8b3f2500>,112,3,[1 8],113,-1,342,-1,339
1,<environment.Job instance at 0x7f8b8b3f2140>,113,28,[5 8],114,-1,367,-1,339
1,<environment.Job instance at 0x7f8b8b3f2190>,114,16,[ 4 10],115,-1,356,-1,340
1,<environment.Job instance at 0x7f8b8b3f2230>,115,13,[14  5],116,-1,353,-1,340
1,<environment.Job instance at 0x7f8b8b3f24b0>,116,18,[ 5 10],117,-1,360,-1,342
1,<environment.Job instance at 0x7f8b8ad99280>,117,17,[13  3],118,-1,359,-1,342
1,<environment.Job instance at 0x7f8b8ad99190>,118,1,[3 8],119,-1,343,-1,342
1,<environment.Job instance at 0x7f8b8ad8e280>,119,27,[1 7],120,-1,369,-1,342
1,<environment.Job instance at 0x7f8b8ad8e960>,121,13,[12  4],122,-1,355,-1,342
1,<environment.Job instance at 0x7f8b8b3dd8c0>,123,23,[8 1],124,-1,380,-1,357
1,<environment.Job instance at 0x7f8b8ada8050>,125,16,[ 5 12],126,-1,373,-1,357
1,<environment.Job instance at 0x7f8b8b3fc460>,126,15,[9 1],127,-1,374,-1,359
1,<environment.Job instance at 0x7f8b8b3fc370>,127,2,[ 3 10],128,-1,361,-1,359
1,<environment.Job instance at 0x7f8b8b3e8410>,128,13,[9 1],129,-1,372,-1,359
1,<environment.Job instance at 0x7f8b8b3e8190>,129,21,[3 8],130,-1,383,-1,362
1,<environment.Job instance at 0x7f8b8b3e8690>,130,28,[13  1],131,-1,390,-1,362
1,<environment.Job instance at 0x7f8b8b3e8a50>,132,28,[10  1],133,-1,390,-1,362
1,<environment.Job instance at 0x7f8b8b3e8050>,134,12,[5 1],135,-1,393,-1,381
1,<environment.Job instance at 0x7f8b8b3e8910>,135,18,[11  2],136,-1,399,-1,381
1,<environment.Job instance at 0x7f8b8b3e8320>,2,18,[14  3],3,-1,21,-1,3
1,<environment.Job instance at 0x7f8b8b3a0640>,3,3,[ 3 12],4,-1,7,-1,4
1,<environment.Job instance at 0x7f8b8b3a0550>,4,21,[ 3 11],5,-1,26,-1,5
1,<environment.Job instance at 0x7f8b8b3a03c0>,5,17,[ 3 14],6,-1,23,-1,6
1,<environment.Job instance at 0x7f8b8b3e8550>,9,23,[9 3],10,-1,34,-1,11
1,<environment.Job instance at 0x7f8b8b3a0280>,11,16,[12  1],12,-1,28,-1,12
1,<environment.Job instance at 0x7f8b8be84a50>,13,18,[ 4 11],14,-1,32,-1,14
1,<environment.Job instance at 0x7f8b8be84cd0>,17,18,[12  1],18,-1,40,-1,22
1,<environment.Job instance at 0x7f8b8acb3d70>,26,26,[8 2],27,-1,116,-1,90
1,<environment.Job instance at 0x7f8b8acb33c0>,28,3,[5 8],29,-1,93,-1,90
1,<environment.Job instance at 0x7f8b8acb3c30>,31,13,[8 1],32,-1,130,-1,117
1,<environment.Job instance at 0x7f8b8acb34b0>,32,22,[ 1 13],33,-1,139,-1,117
1,<environment.Job instance at 0x7f8b8bb1b780>,44,18,[ 3 12],45,-1,251,-1,233
1,<environment.Job instance at 0x7f8b8bb1b550>,45,28,[5 4],46,-1,261,-1,233
1,<environment.Job instance at 0x7f8b8bb1be60>,46,12,[ 2 13],47,-1,245,-1,233
1,<environment.Job instance at 0x7f8b8bb1b870>,47,26,[13  3],48,-1,259,-1,233
1,<environment.Job instance at 0x7f8b9452b690>,56,26,[11  4],57,-1,331,-1,305
1,<environment.Job instance at 0x7f8b9452bbe0>,61,24,[11  3],62,-1,350,-1,326
1,<environment.Job instance at 0x7f8b9452b550>,65,22,[ 2 11],66,-1,381,-1,359
1,<environment.Job instance at 0x7f8b9452b730>,68,23,[12  4],69,-1,396,-1,373
1,<environment.Job instance at 0x7f8b8b5ec780>,70,25,[13  1],71,-1,398,-1,373
1,<environment.Job instance at 0x7f8b8b5ec910>,71,3,[10  2],72,-1,376,-1,373
1,<environment.Job instance at 0x7f8b8b5ec1e0>,73,3,[ 2 14],74,-1,389,-1,386
1,<environment.Job instance at 0x7f8b8b5eceb0>,74,24,[ 4 13],75,-1,410,-1,386
1,<environment.Job instance at 0x7f8b8b5ecfa0>,75,14,[12  1],76,-1,400,-1,386
1,<environment.Job instance at 0x7f8b8b5ec230>,77,27,[ 4 11],78,-1,414,-1,387
1,<environment.Job instance at 0x7f8b8b5ec0a0>,78,17,[11  3],79,-1,404,-1,387
1,<environment.Job instance at 0x7f8b8b5ecf00>,86,17,[12  5],87,-1,455,-1,438
1,<environment.Job instance at 0x7f8b8b9bdeb0>,88,16,[ 2 11],89,-1,468,-1,452
1,<environment.Job instance at 0x7f8b8bd10690>,92,28,[4 7],93,-1,499,-1,471
1,<environment.Job instance at 0x7f8b8af52e10>,103,16,[13  5],104,-1,565,-1,549
1,<environment.Job instance at 0x7f8b8af52f50>,104,2,[5 5],105,-1,551,-1,549
1,<environment.Job instance at 0x7f8b8af52cd0>,105,14,[ 5 13],106,-1,563,-1,549
1,<environment.Job instance at 0x7f8b8af52a50>,108,13,[ 5 11],109,-1,582,-1,569
1,<environment.Job instance at 0x7f8b8af52640>,109,1,[3 6],110,-1,570,-1,569
1,<environment.Job instance at 0x7f8b8af529b0>,110,15,[14  4],111,-1,584,-1,569
1,<environment.Job instance at 0x7f8b8af521e0>,111,19,[ 3 11],112,-1,588,-1,569
1,<environment.Job instance at 0x7f8b8af52500>,115,28,[7 5],116,-1,620,-1,592
1,<environment.Job instance at 0x7f8b8a785960>,116,28,[2 9],117,-1,621,-1,593
1,<environment.Job instance at 0x7f8b8a785fa0>,120,25,[2 8],121,-1,641,-1,616
1,<environment.Job instance at 0x7f8b8a785370>,121,2,[11  5],122,-1,618,-1,616
1,<environment.Job instance at 0x7f8b8a785910>,123,16,[ 2 12],124,-1,635,-1,619
1,<environment.Job instance at 0x7f8b8a785640>,125,23,[ 4 13],126,-1,648,-1,625
1,<environment.Job instance at 0x7f8b8b9b5a00>,129,28,[5 5],130,-1,678,-1,650
1,<environment.Job instance at 0x7f8b8b9b5460>,132,13,[ 3 11],133,-1,680,-1,667
1,<environment.Job instance at 0x7f8b8af4d730>,134,21,[ 4 14],135,-1,692,-1,671
1,<environment.Job instance at 0x7f8b8a656870>,136,18,[12  5],137,-1,689,-1,671
1,<environment.Job instance at 0x7f8b8b6814b0>,138,15,[12  5],139,-1,697,-1,682
1,<environment.Job instance at 0x7f8b8b87a640>,10,18,[ 3 11],11,-1,35,-1,17
1,<environment.Job instance at 0x7f8b8b87a550>,11,24,[14  5],12,-1,41,-1,17
1,<environment.Job instance at 0x7f8b8b7b99b0>,12,2,[9 5],13,-1,20,-1,18
1,<environment.Job instance at 0x7f8b8b7b9af0>,16,12,[ 1 11],17,-1,48,-1,36
1,<environment.Job instance at 0x7f8b8b7b90f0>,18,19,[11  1],19,-1,64,-1,45
1,<environment.Job instance at 0x7f8b8b7b9910>,19,24,[5 3],20,-1,70,-1,46
1,<environment.Job instance at 0x7f8b8bea4690>,23,16,[ 1 13],24,-1,79,-1,63
1,<environment.Job instance at 0x7f8b8bea4e10>,26,24,[13  4],27,-1,101,-1,77
1,<environment.Job instance at 0x7f8b8b91f0f0>,27,21,[ 1 12],28,-1,98,-1,77
1,<environment.Job instance at 0x7f8b8b3a8640>,28,25,[4 8],29,-1,102,-1,77
1,<environment.Job instance at 0x7f8b8b096aa0>,29,13,[10  1],30,-1,90,-1,77
1,<environment.Job instance at 0x7f8b8b096a50>,32,25,[5 8],33,-1,121,-1,96
1,<environment.Job instance at 0x7f8b8b096780>,34,14,[12  4],35,-1,125,-1,111
1,<environment.Job instance at 0x7f8b8a5bc8c0>,35,1,[1 7],36,-1,112,-1,111
1,<environment.Job instance at 0x7f8b8a5bc370>,39,3,[ 3 11],40,-1,127,-1,124
1,<environment.Job instance at 0x7f8b8a5bc640>,40,14,[12  4],41,-1,138,-1,124
1,<environment.Job instance at 0x7f8b8a5bc960>,41,23,[5 2],42,-1,151,-1,128
1,<environment.Job instance at 0x7f8b8a5bc230>,42,16,[12  4],43,-1,144,-1,128
1,<environment.Job instance at 0x7f8b8aa312d0>,44,12,[11  2],45,-1,154,-1,142
1,<environment.Job instance at 0x7f8b8aa315a0>,45,1,[8 2],46,-1,143,-1,142
1,<environment.Job instance at 0x7f8b8b0edb40>,51,27,[3 5],52,-1,204,-1,177
1,<environment.Job instance at 0x7f8b8b0ed5f0>,54,24,[12  4],55,-1,217,-1,193
1,<environment.Job instance at 0x7f8b8b066a00>,57,22,[ 1 11],58,-1,216,-1,194
1,<environment.Job instance at 0x7f8b8ad57320>,61,2,[11  1],62,-1,228,-1,226
1,<environment.Job instance at 0x7f8b945288c0>,62,2,[11  3],63,-1,228,-1,226
1,<environment.Job instance at 0x7f8b8b4a8640>,63,19,[11  3],64,-1,245,-1,226
1,<environment.Job instance at 0x7f8b8a85d500>,64,17,[12  2],65,-1,243,-1,226
1,<environment.Job instance at 0x7f8b8ad57be0>,66,19,[ 4 11],67,-1,245,-1,226
1,<environment.Job instance at 0x7f8b8bab6460>,70,3,[ 1 10],71,-1,238,-1,235
1,<environment.Job instance at 0x7f8b8add8b40>,73,13,[13  3],74,-1,267,-1,254
1,<environment.Job instance at 0x7f8b8a986820>,75,3,[10  2],76,-1,257,-1,254
1,<environment.Job instance at 0x7f8b8b9819b0>,77,1,[12  1],78,-1,257,-1,256
1,<environment.Job instance at 0x7f8b8b9818c0>,79,3,[1 9],80,-1,273,-1,270
1,<environment.Job instance at 0x7f8b8b981d70>,81,23,[5 2],82,-1,307,-1,284
1,<environment.Job instance at 0x7f8b8b981410>,82,14,[14  4],83,-1,298,-1,284
1,<environment.Job instance at 0x7f8b8b981dc0>,83,3,[7 1],84,-1,287,-1,284
1,<environment.Job instance at 0x7f8b8a5d88c0>,85,25,[2 6],86,-1,309,-1,284
1,<environment.Job instance at 0x7f8b8a5d8d20>,87,1,[2 6],88,-1,286,-1,285
1,<environment.Job instance at 0x7f8b8a5d8a50>,88,16,[14  3],89,-1,301,-1,285
1,<environment.Job instance at 0x7f8b8a5d8be0>,89,16,[ 5 12],90,-1,301,-1,285
1,<environment.Job instance at 0x7f8b8b9c6190>,91,27,[12  3],92,-1,331,-1,304
1,<environment.Job instance at 0x7f8b8aa07a50>,97,28,[8 5],98,-1,357,-1,329
1,<environment.Job instance at 0x7f8b8a760370>,98,13,[13  5],99,-1,342,-1,329
1,<environment.Job instance at 0x7f8b8a760780>,99,2,[ 3 14],100,-1,331,-1,329
1,<environment.Job instance at 0x7f8b8a760a00>,103,17,[14  2],104,-1,365,-1,348
1,<environment.Job instance at 0x7f8b8a760690>,106,24,[ 5 12],107,-1,392,-1,368
1,<environment.Job instance at 0x7f8b8bea6820>,107,27,[ 5 10],108,-1,395,-1,368
1,<environment.Job instance at 0x7f8b8aa4c870>,110,12,[ 4 13],111,-1,394,-1,382
1,<environment.Job instance at 0x7f8b8bd05d70>,114,25,[1 6],115,-1,438,-1,413
1,<environment.Job instance at 0x7f8b8bd05af0>,115,25,[ 5 10],116,-1,438,-1,413
1,<environment.Job instance at 0x7f8b8bd05e10>,119,23,[11  1],120,-1,453,-1,430
1,<environment.Job instance at 0x7f8b8b41e690>,121,21,[14  2],122,-1,463,-1,442
1,<environment.Job instance at 0x7f8b8b41eb90>,122,27,[9 3],123,-1,469,-1,442
1,<environment.Job instance at 0x7f8b8ad5cfa0>,124,15,[ 1 13],125,-1,474,-1,459
1,<environment.Job instance at 0x7f8b8b78f550>,130,14,[ 1 13],131,-1,520,-1,506
1,<environment.Job instance at 0x7f8b8b78faf0>,134,16,[14  2],135,-1,542,-1,526
1,<environment.Job instance at 0x7f8b8ace7320>,136,24,[14  5],137,-1,556,-1,532
1,<environment.Job instance at 0x7f8b8ace7f50>,137,12,[ 4 14],138,-1,544,-1,532
1,<environment.Job instance at 0x7f8b8ace7690>,138,23,[ 4 10],139,-1,555,-1,532
1,<environment.Job instance at 0x7f8b8b406d70>,6,18,[14  1],7,-1,25,-1,7
1,<environment.Job instance at 0x7f8b8b3d3320>,9,16,[13  3],10,-1,30,-1,14
1,<environment.Job instance at 0x7f8b8b406640>,10,1,[3 7],11,-1,15,-1,14
1,<environment.Job instance at 0x7f8b8b4f2640>,11,14,[ 5 12],12,-1,28,-1,14
1,<environment.Job instance at 0x7f8b8b4f2cd0>,13,13,[ 3 12],14,-1,27,-1,14
1,<environment.Job instance at 0x7f8b8baff690>,15,24,[ 5 11],16,-1,56,-1,32
1,<environment.Job instance at 0x7f8b8bea9be0>,17,27,[7 3],18,-1,59,-1,32
1,<environment.Job instance at 0x7f8b8bea9280>,18,1,[3 9],19,-1,33,-1,32
1,<environment.Job instance at 0x7f8b8b5b0a50>,25,12,[12  5],26,-1,97,-1,85
1,<environment.Job instance at 0x7f8b94559be0>,26,16,[12  5],27,-1,101,-1,85
1,<environment.Job instance at 0x7f8b8b5f4c30>,29,12,[12  4],30,-1,114,-1,102
1,<environment.Job instance at 0x7f8b8be42410>,33,19,[14  4],34,-1,142,-1,123
1,<environment.Job instance at 0x7f8b8bc0c3c0>,34,3,[6 3],35,-1,126,-1,123
1,<environment.Job instance at 0x7f8b8b8d98c0>,38,3,[7 5],39,-1,161,-1,158
1,<environment.Job instance at 0x7f8b8b8eea00>,39,14,[ 5 11],40,-1,172,-1,158
1,<environment.Job instance at 0x7f8b8b5b6e10>,40,23,[11  4],41,-1,181,-1,158
1,<environment.Job instance at 0x7f8b8b8e5640>,46,15,[ 5 11],47,-1,210,-1,195
1,<environment.Job instance at 0x7f8b8a8d36e0>,49,16,[12  1],50,-1,216,-1,200
1,<environment.Job instance at 0x7f8b8a8d3230>,50,12,[11  4],51,-1,212,-1,200
1,<environment.Job instance at 0x7f8b8a8eac80>,52,2,[8 4],53,-1,218,-1,216
1,<environment.Job instance at 0x7f8b8a8eadc0>,54,17,[ 2 11],55,-1,252,-1,235
1,<environment.Job instance at 0x7f8b8a8eae60>,55,17,[ 2 13],56,-1,252,-1,235
1,<environment.Job instance at 0x7f8b8a8ea8c0>,56,13,[13  3],57,-1,248,-1,235
1,<environment.Job instance at 0x7f8b8a8ead20>,58,17,[13  4],59,-1,252,-1,235
1,<environment.Job instance at 0x7f8b8a8eb2d0>,62,13,[ 1 11],63,-1,268,-1,255
1,<environment.Job instance at 0x7f8b8a8eb0f0>,63,16,[14  3],64,-1,271,-1,255
1,<environment.Job instance at 0x7f8b8a8eb780>,64,12,[ 5 13],65,-1,267,-1,255
1,<environment.Job instance at 0x7f8b8a8eb640>,65,14,[ 3 12],66,-1,269,-1,255
1,<environment.Job instance at 0x7f8b8a8eb5a0>,66,2,[10  3],67,-1,257,-1,255
1,<environment.Job instance at 0x7f8b8a8eb820>,69,22,[14  4],70,-1,291,-1,269
1,<environment.Job instance at 0x7f8b8a8ebc80>,72,14,[ 2 12],73,-1,303,-1,289
1,<environment.Job instance at 0x7f8b8a8f8460>,73,17,[11  3],74,-1,306,-1,289
1,<environment.Job instance at 0x7f8b8a8f8730>,77,24,[9 2],78,-1,338,-1,314
1,<environment.Job instance at 0x7f8b8a8f8910>,78,1,[ 5 14],79,-1,315,-1,314
1,<environment.Job instance at 0x7f8b8a8f8c30>,84,12,[14  3],85,-1,354,-1,342
1,<environment.Job instance at 0x7f8b8a8f8e60>,85,12,[10  2],86,-1,360,-1,348
1,<environment.Job instance at 0x7f8b8a8f8d70>,88,26,[2 7],89,-1,381,-1,355
1,<environment.Job instance at 0x7f8b8a8f8e10>,89,24,[14  2],90,-1,379,-1,355
1,<environment.Job instance at 0x7f8b8b7a9190>,90,23,[2 9],91,-1,378,-1,355
1,<environment.Job instance at 0x7f8b8b7a9230>,91,2,[ 1 11],92,-1,357,-1,355
1,<environment.Job instance at 0x7f8b8b7a9320>,94,2,[8 5],95,-1,360,-1,358
1,<environment.Job instance at 0x7f8b8b7a94b0>,95,24,[8 3],96,-1,382,-1,358
1,<environment.Job instance at 0x7f8b8b7a9690>,98,2,[12  3],99,-1,377,-1,375
1,<environment.Job instance at 0x7f8b8b7a97d0>,100,15,[14  1],101,-1,403,-1,388
1,<environment.Job instance at 0x7f8b8b7a9870>,101,14,[ 3 11],102,-1,402,-1,388
1,<environment.Job instance at 0x7f8b8b7a9e60>,108,16,[ 4 12],109,-1,454,-1,438
1,<environment.Job instance at 0x7f8b8b7a9d20>,112,27,[2 5],113,-1,497,-1,470
1,<environment.Job instance at 0x7f8b8b7a9f50>,113,1,[ 2 13],114,-1,471,-1,470
1,<environment.Job instance at 0x7f8b8b7cf190>,114,14,[14  5],115,-1,484,-1,470
1,<environment.Job instance at 0x7f8b8b7cf230>,115,26,[ 3 14],116,-1,496,-1,470
1,<environment.Job instance at 0x7f8b8b7cf2d0>,116,14,[13  5],117,-1,484,-1,470
1,<environment.Job instance at 0x7f8b8b7cf4b0>,119,24,[5 9],120,-1,499,-1,475
1,<environment.Job instance at 0x7f8b8b7cf550>,120,15,[ 3 14],121,-1,490,-1,475
1,<environment.Job instance at 0x7f8b8b7cf5f0>,121,17,[13  4],122,-1,492,-1,475
1,<environment.Job instance at 0x7f8b8b7cf820>,124,12,[ 1 13],125,-1,502,-1,490
1,<environment.Job instance at 0x7f8b8b7cf0a0>,126,15,[13  5],127,-1,518,-1,503
1,<environment.Job instance at 0x7f8b8b7cfa50>,128,17,[13  2],129,-1,520,-1,503
1,<environment.Job instance at 0x7f8b8b7cfcd0>,132,16,[ 5 12],133,-1,551,-1,535
1,<environment.Job instance at 0x7f8b8b7cfd70>,133,17,[ 3 13],134,-1,552,-1,535
1,<environment.Job instance at 0x7f8b8b7cfe10>,134,22,[14  5],135,-1,557,-1,535
1,<environment.Job instance at 0x7f8b8b7cfeb0>,137,1,[11  4],138,-1,543,-1,542
1,<environment.Job instance at 0x7f8b8b7cb050>,138,1,[ 5 14],139,-1,543,-1,542
1,<environment.Job instance at 0x7f97a0adaeb0>,8,15,[ 4 13],9,-1,29,-1,14
1,<environment.Job instance at 0x7f97a0adad70>,10,12,[2 8],11,-1,30,-1,18
1,<environment.Job instance at 0x7f97a0add410>,14,21,[8 1],15,-1,57,-1,36
1,<environment.Job instance at 0x7f97a0add370>,15,15,[12  2],16,-1,51,-1,36
1,<environment.Job instance at 0x7f97a0add320>,16,28,[5 1],17,-1,64,-1,36
1,<environment.Job instance at 0x7f97a0add500>,17,12,[6 4],18,-1,48,-1,36
1,<environment.Job instance at 0x7f97a0add140>,18,18,[13  1],19,-1,54,-1,36
1,<environment.Job instance at 0x7f97a0add640>,19,23,[8 4],20,-1,59,-1,36
1,<environment.Job instance at 0x7f97a0add5f0>,20,17,[ 2 14],21,-1,53,-1,36
1,<environment.Job instance at 0x7f97a0add690>,21,14,[ 4 11],22,-1,50,-1,36
1,<environment.Job instance at 0x7f97a0add820>,22,13,[7 4],23,-1,49,-1,36
1,<environment.Job instance at 0x7f97a0add8c0>,23,16,[12  2],24,-1,52,-1,36
1,<environment.Job instance at 0x7f97a0add960>,24,2,[4 6],25,-1,38,-1,36
1,<environment.Job instance at 0x7f97a0adda00>,25,2,[5 7],26,-1,38,-1,36
1,<environment.Job instance at 0x7f97a0addc30>,26,12,[8 5],27,-1,48,-1,36
1,<environment.Job instance at 0x7f97a0addbe0>,27,17,[4 6],28,-1,53,-1,36
1,<environment.Job instance at 0x7f97a0addd20>,28,17,[ 1 13],29,-1,53,-1,36
1,<environment.Job instance at 0x7f97a0adddc0>,29,24,[4 7],30,-1,60,-1,36
1,<environment.Job instance at 0x7f97a0adde60>,30,26,[9 4],31,-1,62,-1,36
1,<environment.Job instance at 0x7f97a0addf00>,31,15,[9 2],32,-1,51,-1,36
1,<environment.Job instance at 0x7f97a0addfa0>,32,12,[12  3],33,-1,48,-1,36
1,<environment.Job instance at 0x7f97a0addb90>,33,21,[12  3],34,-1,57,-1,36
1,<environment.Job instance at 0x7f97a0addcd0>,34,12,[3 6],35,-1,48,-1,36
1,<environment.Job instance at 0x7f97a0ae0320>,36,25,[12  3],37,-1,69,-1,44
1,<environment.Job instance at 0x7f97a0ae0410>,38,24,[13  2],39,-1,77,-1,53
1,<environment.Job instance at 0x7f97a0ae0550>,40,26,[ 1 14],41,-1,97,-1,71
1,<environment.Job instance at 0x7f97a0ae05f0>,41,12,[8 3],42,-1,83,-1,71
1,<environment.Job instance at 0x7f97a0ae0690>,42,12,[ 5 12],43,-1,83,-1,71
1,<environment.Job instance at 0x7f97a0ae0730>,43,16,[1 8],44,-1,87,-1,71
1,<environment.Job instance at 0x7f97a0ae0910>,44,12,[9 3],45,-1,83,-1,71
1,<environment.Job instance at 0x7f97a0ae0820>,46,14,[6 5],47,-1,85,-1,71
1,<environment.Job instance at 0x7f97a0ae09b0>,47,14,[12  2],48,-1,85,-1,71
1,<environment.Job instance at 0x7f97a0ae0a50>,48,14,[ 1 11],49,-1,85,-1,71
1,<environment.Job instance at 0x7f97a0ae0af0>,49,13,[1 5],50,-1,84,-1,71
1,<environment.Job instance at 0x7f97a0ae0b90>,50,13,[ 4 12],51,-1,84,-1,71
1,<environment.Job instance at 0x7f97a0ae0c30>,51,13,[5 6],52,-1,84,-1,71
1,<environment.Job instance at 0x7f97a0ae0f00>,53,12,[ 3 14],54,-1,97,-1,85
1,<environment.Job instance at 0x7f97a0ae0dc0>,54,3,[ 3 13],55,-1,88,-1,85
1,<environment.Job instance at 0x7f97a0ae0050>,56,2,[4 7],57,-1,88,-1,86
1,<environment.Job instance at 0x7f97a0ae03c0>,57,17,[ 2 14],58,-1,103,-1,86
1,<environment.Job instance at 0x7f97a0ae31e0>,58,28,[10  3],59,-1,114,-1,86
1,<environment.Job instance at 0x7f97a0ae3280>,59,21,[9 1],60,-1,114,-1,93
1,<environment.Job instance at 0x7f97a0ae3320>,60,14,[ 2 10],61,-1,107,-1,93
1,<environment.Job instance at 0x7f97a0ae33c0>,61,2,[ 1 12],62,-1,95,-1,93
1,<environment.Job instance at 0x7f97a0ae3460>,62,2,[5 9],63,-1,95,-1,93
1,<environment.Job instance at 0x7f97a0ae35a0>,64,12,[5 6],65,-1,118,-1,106
1,<environment.Job instance at 0x7f97a0ae3640>,65,15,[5 5],66,-1,121,-1,106
1,<environment.Job instance at 0x7f97a0ae36e0>,66,28,[3 6],67,-1,134,-1,106
1,<environment.Job instance at 0x7f97a0ae3780>,67,16,[1 9],68,-1,122,-1,106
1,<environment.Job instance at 0x7f97a0ae3960>,70,22,[ 3 10],71,-1,136,-1,114
1,<environment.Job instance at 0x7f97a0ae3b40>,72,14,[2 6],73,-1,138,-1,124
1,<environment.Job instance at 0x7f97a0ae3d70>,75,28,[ 2 10],76,-1,163,-1,135
1,<environment.Job instance at 0x7f97a0ae3e10>,76,13,[10  1],77,-1,148,-1,135
1,<environment.Job instance at 0x7f97a0ae3eb0>,77,16,[8 1],78,-1,151,-1,135
1,<environment.Job instance at 0x7f97a0ae3fa0>,78,14,[6 1],79,-1,149,-1,135
1,<environment.Job instance at 0x7f97a0ae3be0>,79,19,[12  3],80,-1,154,-1,135
1,<environment.Job instance at 0x7f97a0ae6230>,82,21,[4 8],83,-1,175,-1,154
1,<environment.Job instance at 0x7f97a0ae62d0>,83,18,[ 3 10],84,-1,173,-1,155
1,<environment.Job instance at 0x7f97a0ae6370>,84,1,[5 5],85,-1,156,-1,155
1,<environment.Job instance at 0x7f97a0ae66e0>,86,3,[6 3],87,-1,159,-1,156
1,<environment.Job instance at 0x7f97a0ae6730>,89,17,[ 5 14],90,-1,189,-1,172
1,<environment.Job instance at 0x7f97a0ae67d0>,90,22,[9 2],91,-1,206,-1,184
1,<environment.Job instance at 0x7f97a0ae6870>,91,15,[9 1],92,-1,199,-1,184
1,<environment.Job instance at 0x7f97a0ae6910>,92,23,[9 1],93,-1,207,-1,184
1,<environment.Job instance at 0x7f97a0ae6a00>,93,25,[ 1 13],94,-1,209,-1,184
1,<environment.Job instance at 0x7f97a0ae6af0>,94,21,[14  5],95,-1,205,-1,184
1,<environment.Job instance at 0x7f97a0ae6e10>,99,2,[13  5],100,-1,208,-1,206
1,<environment.Job instance at 0x7f97a0ae6eb0>,100,28,[5 9],101,-1,234,-1,206
1,<environment.Job instance at 0x7f97a0ae6fa0>,101,15,[ 2 13],102,-1,221,-1,206
1,<environment.Job instance at 0x7f97a0ae6a50>,102,13,[11  4],103,-1,219,-1,206
1,<environment.Job instance at 0x7f97a0ae6f50>,103,16,[1 9],104,-1,227,-1,211
1,<environment.Job instance at 0x7f97a0ae9190>,104,1,[ 1 10],105,-1,212,-1,211
1,<environment.Job instance at 0x7f97a0ae9460>,106,22,[ 4 14],107,-1,238,-1,216
1,<environment.Job instance at 0x7f97a0ae9640>,109,27,[ 3 11],110,-1,257,-1,230
1,<environment.Job instance at 0x7f97a0ae96e0>,110,23,[5 1],111,-1,253,-1,230
1,<environment.Job instance at 0x7f97a0ae9780>,111,17,[12  4],112,-1,247,-1,230
1,<environment.Job instance at 0x7f97a0ae9820>,112,12,[1 6],113,-1,242,-1,230
1,<environment.Job instance at 0x7f97a0ae98c0>,113,17,[5 1],114,-1,247,-1,230
1,<environment.Job instance at 0x7f97a0ae9550>,115,2,[1 6],116,-1,244,-1,242
1,<environment.Job instance at 0x7f97a0ae9af0>,117,22,[10  3],118,-1,277,-1,255
1,<environment.Job instance at 0x7f97a0ae9b90>,118,13,[9 1],119,-1,268,-1,255
1,<environment.Job instance at 0x7f97a0ae9c30>,119,12,[13  1],120,-1,267,-1,255
1,<environment.Job instance at 0x7f97a0ae9cd0>,120,24,[8 1],121,-1,279,-1,255
1,<environment.Job instance at 0x7f97a0ae9d70>,121,2,[ 5 14],122,-1,257,-1,255
1,<environment.Job instance at 0x7f97aa1110f0>,122,25,[1 8],123,-1,280,-1,255
1,<environment.Job instance at 0x7f97aa105dc0>,123,3,[10  3],124,-1,258,-1,255
1,<environment.Job instance at 0x7f97a0ad0640>,124,12,[1 5],125,-1,267,-1,255
1,<environment.Job instance at 0x7f97a0ad09b0>,127,2,[5 5],128,-1,263,-1,261
1,<environment.Job instance at 0x7f97a0ad06e0>,128,19,[1 7],129,-1,280,-1,261
1,<environment.Job instance at 0x7f97a0ad0af0>,129,3,[1 5],130,-1,264,-1,261
1,<environment.Job instance at 0x7f97a0b319b0>,131,13,[ 3 14],132,-1,283,-1,270
1,<environment.Job instance at 0x7f97a0ad0960>,133,13,[ 5 10],134,-1,294,-1,281
1,<environment.Job instance at 0x7f97a0c81a00>,136,1,[9 5],137,-1,295,-1,294
1,<environment.Job instance at 0x7f97a0bb7640>,137,28,[ 2 10],138,-1,322,-1,294
1,<environment.Job instance at 0x7f97a0c62910>,138,24,[6 5],139,-1,318,-1,294
1,<environment.Job instance at 0x7f97a0b72780>,140,1,[ 3 11],141,-1,295,-1,294
1,<environment.Job instance at 0x7f97a0c63fa0>,141,14,[ 3 10],142,-1,308,-1,294
1,<environment.Job instance at 0x7f97a0b7bfa0>,142,15,[ 2 13],143,-1,309,-1,294
1,<environment.Job instance at 0x7f97a0c1d9b0>,143,26,[7 2],144,-1,320,-1,294
1,<environment.Job instance at 0x7f97a0d0af00>,144,20,[13  4],145,-1,314,-1,294
1,<environment.Job instance at 0x7f97a0b82960>,145,3,[9 2],146,-1,297,-1,294
1,<environment.Job instance at 0x7f97a0b820f0>,147,2,[3 8],148,-1,309,-1,307
1,<environment.Job instance at 0x7f97a0bf85a0>,148,3,[4 8],149,-1,310,-1,307
1,<environment.Job instance at 0x7f97a0adac80>,7,26,[9 3],8,-1,426,-1,400
1,<environment.Job instance at 0x7f97a0adae60>,9,23,[13  1],10,-1,423,-1,400
1,<environment.Job instance at 0x7f97a0ae6410>,5,25,[ 3 13],6,-1,31,-1,6
1,<environment.Job instance at 0x7f97a04b04b0>,12,22,[ 2 11],13,-1,35,-1,13
1,<environment.Job instance at 0x7f97a0666af0>,13,2,[13  5],14,-1,16,-1,14
1,<environment.Job instance at 0x7f97a0666cd0>,15,13,[ 5 14],16,-1,37,-1,24
1,<environment.Job instance at 0x7f97a053f6e0>,21,25,[14  5],22,-1,98,-1,73
1,<environment.Job instance at 0x7f97a053f640>,22,24,[3 7],23,-1,97,-1,73
1,<environment.Job instance at 0x7f97a053f690>,25,27,[ 3 13],26,-1,117,-1,90
1,<environment.Job instance at 0x7f97a053fd20>,27,2,[5 7],28,-1,97,-1,95
1,<environment.Job instance at 0x7f97a053feb0>,28,17,[12  2],29,-1,112,-1,95
1,<environment.Job instance at 0x7f97a05442d0>,30,18,[12  2],31,-1,125,-1,107
1,<environment.Job instance at 0x7f97a0544460>,31,27,[8 3],32,-1,134,-1,107
1,<environment.Job instance at 0x7f97a05444b0>,33,19,[12  2],34,-1,126,-1,107
1,<environment.Job instance at 0x7f97a0544d70>,40,3,[9 5],41,-1,166,-1,163
1,<environment.Job instance at 0x7f97a0544f50>,41,15,[ 2 14],42,-1,178,-1,163
1,<environment.Job instance at 0x7f97a0544d20>,43,26,[3 9],44,-1,189,-1,163
1,<environment.Job instance at 0x7f97a0544a00>,44,15,[13  1],45,-1,178,-1,163
1,<environment.Job instance at 0x7f97a0549320>,50,2,[11  3],51,-1,213,-1,211
1,<environment.Job instance at 0x7f97a05ec1e0>,58,12,[14  4],59,-1,288,-1,276
1,<environment.Job instance at 0x7f97a0587410>,61,12,[ 4 14],62,-1,305,-1,293
1,<environment.Job instance at 0x7f97a0587050>,62,16,[ 5 12],63,-1,309,-1,293
1,<environment.Job instance at 0x7f97a017b140>,64,16,[ 1 14],65,-1,326,-1,310
1,<environment.Job instance at 0x7f97a00f7500>,65,18,[ 1 14],66,-1,328,-1,310
1,<environment.Job instance at 0x7f97a047abe0>,68,25,[4 8],69,-1,352,-1,327
1,<environment.Job instance at 0x7f97a035a460>,69,3,[11  3],70,-1,330,-1,327
1,<environment.Job instance at 0x7f97a035a500>,70,15,[14  2],71,-1,342,-1,327
1,<environment.Job instance at 0x7f97a035a4b0>,71,18,[11  1],72,-1,347,-1,329
1,<environment.Job instance at 0x7f97a036bb90>,73,17,[12  1],74,-1,359,-1,342
1,<environment.Job instance at 0x7f97a036bf00>,77,13,[ 4 11],78,-1,375,-1,362
1,<environment.Job instance at 0x7f97a036bbe0>,78,16,[14  3],79,-1,378,-1,362
1,<environment.Job instance at 0x7f97a03ab3c0>,80,22,[ 4 10],81,-1,400,-1,378
1,<environment.Job instance at 0x7f97a00f1910>,84,12,[13  1],85,-1,405,-1,393
1,<environment.Job instance at 0x7f97a0163780>,85,13,[ 1 12],86,-1,406,-1,393
1,<environment.Job instance at 0x7f97a0a1f690>,88,13,[ 5 11],89,-1,421,-1,408
1,<environment.Job instance at 0x7f97a01ad640>,93,27,[6 1],94,-1,458,-1,431
1,<environment.Job instance at 0x7f97a05b00f0>,94,27,[ 4 13],95,-1,458,-1,431
1,<environment.Job instance at 0x7f97a02165f0>,96,27,[11  1],97,-1,462,-1,435
1,<environment.Job instance at 0x7f97a0216dc0>,97,24,[6 2],98,-1,462,-1,438
1,<environment.Job instance at 0x7f97a0070280>,101,27,[5 6],102,-1,501,-1,474
1,<environment.Job instance at 0x7f97a0127320>,103,18,[ 1 11],104,-1,492,-1,474
1,<environment.Job instance at 0x7f97a0129820>,104,26,[ 2 13],105,-1,500,-1,474
1,<environment.Job instance at 0x7f97a0125460>,105,28,[14  4],106,-1,502,-1,474
1,<environment.Job instance at 0x7f97a0125280>,106,1,[3 9],107,-1,475,-1,474
1,<environment.Job instance at 0x7f97a0087aa0>,107,20,[ 4 11],108,-1,494,-1,474
1,<environment.Job instance at 0x7f97a0087af0>,111,26,[5 3],112,-1,511,-1,485
1,<environment.Job instance at 0x7f97a0087960>,114,15,[14  2],115,-1,516,-1,501
1,<environment.Job instance at 0x7f97a008b2d0>,119,28,[ 2 10],120,-1,573,-1,545
1,<environment.Job instance at 0x7f97a008b410>,120,2,[13  1],121,-1,547,-1,545
1,<environment.Job instance at 0x7f97a008b050>,126,20,[11  2],127,-1,600,-1,580
1,<environment.Job instance at 0x7f97a008af50>,127,26,[2 8],128,-1,606,-1,580
1,<environment.Job instance at 0x7f97a008acd0>,133,2,[5 7],134,-1,621,-1,619
1,<environment.Job instance at 0x7f97a008a5f0>,134,2,[8 1],135,-1,621,-1,619
1,<environment.Job instance at 0x7f97a008a4b0>,135,27,[9 5],136,-1,646,-1,619
1,<environment.Job instance at 0x7f97a008ad70>,137,14,[12  2],138,-1,639,-1,625
1,<environment.Job instance at 0x7f97a0084af0>,138,2,[ 4 11],139,-1,627,-1,625
1,<environment.Job instance at 0x7f97a0084910>,140,2,[2 9],141,-1,630,-1,628
1,<environment.Job instance at 0x7f97a0084b90>,143,27,[2 7],144,-1,670,-1,643
1,<environment.Job instance at 0x7f97a0089e10>,147,15,[14  2],148,-1,685,-1,670
1,<environment.Job instance at 0x7f97a0089d70>,148,2,[8 3],149,-1,672,-1,670
1,<environment.Job instance at 0x7f97a036be10>,3,13,[ 5 14],4,-1,17,-1,4
1,<environment.Job instance at 0x7f97a02f5d70>,4,3,[4 5],5,-1,8,-1,5
1,<environment.Job instance at 0x7f97a036b640>,2,17,[13  5],3,-1,22,-1,5
1,<environment.Job instance at 0x7f97a01fc4b0>,14,25,[5 6],15,-1,59,-1,34
1,<environment.Job instance at 0x7f97a01fc230>,19,28,[11  2],20,-1,98,-1,70
1,<environment.Job instance at 0x7f97a01fc550>,24,28,[1 8],25,-1,134,-1,106
1,<environment.Job instance at 0x7f97a02098c0>,25,12,[13  4],26,-1,118,-1,106
1,<environment.Job instance at 0x7f97a0209e60>,26,12,[ 5 12],27,-1,118,-1,106
1,<environment.Job instance at 0x7f97a0209f50>,27,28,[7 4],28,-1,134,-1,106
1,<environment.Job instance at 0x7f97a0209410>,28,27,[4 6],29,-1,133,-1,106
1,<environment.Job instance at 0x7f97a0209af0>,32,27,[12  5],33,-1,178,-1,151
1,<environment.Job instance at 0x7f97a0209280>,34,2,[5 5],35,-1,153,-1,151
1,<environment.Job instance at 0x7f97a0209230>,35,3,[9 3],36,-1,154,-1,151
1,<environment.Job instance at 0x7f97a0209c30>,38,18,[12  2],39,-1,184,-1,166
1,<environment.Job instance at 0x7f97a0209b90>,39,23,[5 8],40,-1,202,-1,179
1,<environment.Job instance at 0x7f97a0204b40>,42,21,[ 4 14],43,-1,204,-1,183
1,<environment.Job instance at 0x7f97a0204fa0>,45,13,[12  1],46,-1,216,-1,203
1,<environment.Job instance at 0x7f97a0204eb0>,46,12,[14  3],47,-1,215,-1,203
1,<environment.Job instance at 0x7f97a02044b0>,47,1,[ 4 11],48,-1,204,-1,203
1,<environment.Job instance at 0x7f97a0204550>,50,1,[ 4 10],51,-1,216,-1,215
1,<environment.Job instance at 0x7f97a0204e60>,51,25,[7 5],52,-1,240,-1,215
1,<environment.Job instance at 0x7f97a02043c0>,54,25,[2 8],55,-1,251,-1,226
1,<environment.Job instance at 0x7f97a0200730>,57,28,[8 2],58,-1,256,-1,228
1,<environment.Job instance at 0x7f97a0200dc0>,58,26,[8 3],59,-1,254,-1,228
1,<environment.Job instance at 0x7f97a0200e10>,60,27,[ 3 11],61,-1,265,-1,238
1,<environment.Job instance at 0x7f97a02001e0>,61,15,[ 3 13],62,-1,253,-1,238
1,<environment.Job instance at 0x7f97a0200500>,63,3,[ 5 10],64,-1,252,-1,249
1,<environment.Job instance at 0x7f97a02006e0>,68,18,[ 5 14],69,-1,284,-1,266
1,<environment.Job instance at 0x7f97a01fac80>,70,19,[ 2 11],71,-1,299,-1,280
1,<environment.Job instance at 0x7f97a01fa0f0>,74,25,[4 9],75,-1,317,-1,292
1,<environment.Job instance at 0x7f97a01fa050>,75,26,[6 1],76,-1,318,-1,292
1,<environment.Job instance at 0x7f97a01fa370>,76,28,[5 9],77,-1,320,-1,292
1,<environment.Job instance at 0x7f97a01faa50>,77,24,[4 8],78,-1,317,-1,293
1,<environment.Job instance at 0x7f97a01faf00>,79,1,[10  5],80,-1,306,-1,305
1,<environment.Job instance at 0x7f97a01fad20>,80,2,[ 2 12],81,-1,307,-1,305
1,<environment.Job instance at 0x7f97a01f5af0>,82,24,[7 4],83,-1,329,-1,305
1,<environment.Job instance at 0x7f97a01f5e10>,88,19,[12  4],89,-1,369,-1,350
1,<environment.Job instance at 0x7f97a01f5690>,89,14,[ 5 12],90,-1,364,-1,350
1,<environment.Job instance at 0x7f97a01f5780>,91,25,[8 3],92,-1,383,-1,358
1,<environment.Job instance at 0x7f97a01f5410>,92,16,[ 2 11],93,-1,374,-1,358
1,<environment.Job instance at 0x7f97a01f5eb0>,93,28,[ 3 11],94,-1,386,-1,358
1,<environment.Job instance at 0x7f97a01f5370>,95,24,[2 7],96,-1,397,-1,373
1,<environment.Job instance at 0x7f97a01f5280>,96,16,[14  5],97,-1,389,-1,373
1,<environment.Job instance at 0x7f97a01f2320>,98,27,[14  3],99,-1,400,-1,373
1,<environment.Job instance at 0x7f97a01f2050>,99,18,[ 1 14],100,-1,391,-1,373
1,<environment.Job instance at 0x7f97a01f2c80>,102,13,[ 1 12],103,-1,401,-1,388
1,<environment.Job instance at 0x7f97a01f2a50>,105,16,[ 4 11],106,-1,417,-1,401
1,<environment.Job instance at 0x7f97a01f26e0>,106,17,[13  3],107,-1,418,-1,401
1,<environment.Job instance at 0x7f97a01f27d0>,107,22,[ 3 11],108,-1,423,-1,401
1,<environment.Job instance at 0x7f97a01f2870>,109,13,[ 5 12],110,-1,434,-1,421
1,<environment.Job instance at 0x7f97a01f2b90>,110,1,[ 5 11],111,-1,422,-1,421
1,<environment.Job instance at 0x7f97a01f2410>,111,1,[12  4],112,-1,422,-1,421
1,<environment.Job instance at 0x7f97a01ecdc0>,113,23,[9 4],114,-1,444,-1,421
1,<environment.Job instance at 0x7f97a01ec8c0>,114,13,[ 3 14],115,-1,434,-1,421
1,<environment.Job instance at 0x7f97a01ec960>,115,24,[ 4 14],116,-1,445,-1,421
1,<environment.Job instance at 0x7f97a01ec780>,117,24,[7 3],118,-1,456,-1,432
1,<environment.Job instance at 0x7f97a01ec5f0>,118,27,[9 5],119,-1,459,-1,432
1,<environment.Job instance at 0x7f97a01ec1e0>,120,14,[ 3 13],121,-1,457,-1,443
1,<environment.Job instance at 0x7f97a01ec4b0>,121,26,[6 2],122,-1,469,-1,443
1,<environment.Job instance at 0x7f97a01ec460>,123,23,[12  5],124,-1,471,-1,448
1,<environment.Job instance at 0x7f97a01ece60>,124,13,[ 4 14],125,-1,461,-1,448
1,<environment.Job instance at 0x7f97a01ecd70>,125,19,[13  2],126,-1,467,-1,448
1,<environment.Job instance at 0x7f97a026a7d0>,131,18,[ 2 13],132,-1,520,-1,502
1,<environment.Job instance at 0x7f97a03c6190>,136,17,[12  4],137,-1,569,-1,552
1,<environment.Job instance at 0x7f97a01adaa0>,137,25,[6 4],138,-1,577,-1,552
1,<environment.Job instance at 0x7f97a01add20>,139,18,[14  5],140,-1,570,-1,552
1,<environment.Job instance at 0x7f97a01ad0f0>,141,24,[5 5],142,-1,581,-1,557
1,<environment.Job instance at 0x7f97a01addc0>,143,14,[ 2 11],144,-1,571,-1,557
1,<environment.Job instance at 0x7f97a01adc30>,144,1,[4 6],145,-1,558,-1,557
1,<environment.Job instance at 0x7f97a085a780>,145,28,[ 5 10],146,-1,585,-1,557
1,<environment.Job instance at 0x7f97a01ada50>,147,13,[ 5 11],148,-1,583,-1,570
1,<environment.Job instance at 0x7f97a00495a0>,13,12,[12  2],14,-1,40,-1,28
1,<environment.Job instance at 0x7f97a00494b0>,14,12,[14  2],15,-1,40,-1,28
1,<environment.Job instance at 0x7f97a0049640>,15,15,[ 4 10],16,-1,50,-1,35
1,<environment.Job instance at 0x7f97a0049780>,17,25,[7 3],18,-1,60,-1,35
1,<environment.Job instance at 0x7f97a0049820>,18,16,[ 1 14],19,-1,51,-1,35
1,<environment.Job instance at 0x7f97a0049a00>,21,22,[7 3],22,-1,71,-1,49
1,<environment.Job instance at 0x7f97a0049d70>,28,18,[11  2],29,-1,134,-1,116
1,<environment.Job instance at 0x7f97a0049fa0>,29,13,[3 6],30,-1,129,-1,116
1,<environment.Job instance at 0x7f97a0049cd0>,30,14,[ 5 13],31,-1,130,-1,116
1,<environment.Job instance at 0x7f97a0049f50>,31,24,[14  5],32,-1,140,-1,116
1,<environment.Job instance at 0x7f97a004c230>,32,12,[ 4 11],33,-1,128,-1,116
1,<environment.Job instance at 0x7f97a004c2d0>,33,22,[3 8],34,-1,138,-1,116
1,<environment.Job instance at 0x7f97a004c370>,34,14,[ 1 13],35,-1,130,-1,116
1,<environment.Job instance at 0x7f97a004c410>,36,25,[5 3],37,-1,157,-1,132
1,<environment.Job instance at 0x7f97a004c6e0>,39,17,[5 4],40,-1,154,-1,137
1,<environment.Job instance at 0x7f97a004c780>,40,14,[13  1],41,-1,151,-1,137
1,<environment.Job instance at 0x7f97a004c820>,41,27,[ 4 14],42,-1,164,-1,137
1,<environment.Job instance at 0x7f97a004c910>,42,16,[4 6],43,-1,153,-1,137
1,<environment.Job instance at 0x7f97a004ca50>,43,16,[1 9],44,-1,153,-1,137
1,<environment.Job instance at 0x7f97a004cb40>,45,28,[13  5],46,-1,175,-1,147
1,<environment.Job instance at 0x7f97a004cbe0>,46,23,[6 4],47,-1,170,-1,147
1,<environment.Job instance at 0x7f97a004cc80>,47,21,[3 8],48,-1,168,-1,147
1,<environment.Job instance at 0x7f97a004cfa0>,51,25,[5 5],52,-1,186,-1,161
1,<environment.Job instance at 0x7f97a004cf50>,52,26,[12  3],53,-1,187,-1,161
1,<environment.Job instance at 0x7f97a004ce10>,53,2,[14  4],54,-1,163,-1,161
1,<environment.Job instance at 0x7f97a004e0f0>,55,24,[ 5 13],56,-1,186,-1,162
1,<environment.Job instance at 0x7f97a004e230>,56,25,[7 5],57,-1,187,-1,162
1,<environment.Job instance at 0x7f97a004e4b0>,60,19,[14  4],61,-1,220,-1,201
1,<environment.Job instance at 0x7f97a004e5f0>,61,14,[14  2],62,-1,215,-1,201
1,<environment.Job instance at 0x7f97a004e9b0>,67,14,[11  1],68,-1,249,-1,235
1,<environment.Job instance at 0x7f97a004ea50>,68,22,[ 3 11],69,-1,257,-1,235
1,<environment.Job instance at 0x7f97a004eaf0>,69,16,[12  3],70,-1,251,-1,235
1,<environment.Job instance at 0x7f97a004ec30>,71,14,[14  1],72,-1,256,-1,242
1,<environment.Job instance at 0x7f97a004ecd0>,72,16,[12  4],73,-1,258,-1,242
1,<environment.Job instance at 0x7f97a01b5fa0>,75,17,[ 4 13],76,-1,280,-1,263
1,<environment.Job instance at 0x7f97a003da00>,78,27,[13  4],79,-1,304,-1,277
1,<environment.Job instance at 0x7f97a003d6e0>,79,17,[13  4],80,-1,294,-1,277
1,<environment.Job instance at 0x7f97a003d9b0>,80,13,[14  2],81,-1,290,-1,277
1,<environment.Job instance at 0x7f97a003d8c0>,82,24,[10  1],83,-1,301,-1,277
1,<environment.Job instance at 0x7f97a003db40>,83,15,[1 6],84,-1,292,-1,277
1,<environment.Job instance at 0x7f97a003dc30>,85,16,[ 2 10],86,-1,308,-1,292
1,<environment.Job instance at 0x7f97a003d550>,87,12,[ 4 10],88,-1,304,-1,292
1,<environment.Job instance at 0x7f97a003d410>,88,1,[11  3],89,-1,293,-1,292
1,<environment.Job instance at 0x7f97a003dd20>,89,25,[2 7],90,-1,317,-1,292
1,<environment.Job instance at 0x7f97a07bd140>,94,12,[ 4 10],95,-1,351,-1,339
1,<environment.Job instance at 0x7f97a11542d0>,103,22,[ 5 13],104,-1,417,-1,395
1,<environment.Job instance at 0x7f97a0458aa0>,105,27,[11  2],106,-1,434,-1,407
1,<environment.Job instance at 0x7f97a0458f00>,107,14,[ 3 10],108,-1,421,-1,407
1,<environment.Job instance at 0x7f97a0458eb0>,109,22,[ 4 12],110,-1,439,-1,417
1,<environment.Job instance at 0x7f97a045cbe0>,112,27,[10  1],113,-1,462,-1,435
1,<environment.Job instance at 0x7f97a045cb40>,114,13,[ 5 11],115,-1,454,-1,441
1,<environment.Job instance at 0x7f97a045ca50>,115,27,[12  2],116,-1,468,-1,441
1,<environment.Job instance at 0x7f97a045caf0>,116,13,[10  1],117,-1,459,-1,446
1,<environment.Job instance at 0x7f97a07c9050>,118,24,[1 9],119,-1,477,-1,453
1,<environment.Job instance at 0x7f97a07be4b0>,121,27,[ 1 14],122,-1,492,-1,465
1,<environment.Job instance at 0x7f97a07d5fa0>,122,12,[12  1],123,-1,477,-1,465
1,<environment.Job instance at 0x7f97a07d5820>,123,2,[3 7],124,-1,467,-1,465
1,<environment.Job instance at 0x7f97a07d5550>,125,23,[3 6],126,-1,495,-1,472
1,<environment.Job instance at 0x7f97a07daf50>,127,27,[7 1],128,-1,499,-1,472
1,<environment.Job instance at 0x7f97a07dac80>,128,26,[ 3 10],129,-1,498,-1,472
1,<environment.Job instance at 0x7f97a07da640>,129,15,[ 3 10],130,-1,487,-1,472
1,<environment.Job instance at 0x7f97a043c910>,130,2,[10  3],131,-1,474,-1,472
1,<environment.Job instance at 0x7f97a043c960>,132,14,[14  2],133,-1,505,-1,491
1,<environment.Job instance at 0x7f97a07b8dc0>,133,26,[7 3],134,-1,517,-1,491
1,<environment.Job instance at 0x7f97a0452640>,134,24,[8 2],135,-1,515,-1,491
1,<environment.Job instance at 0x7f97a043c780>,136,12,[11  1],137,-1,503,-1,491
1,<environment.Job instance at 0x7f97a043f190>,137,17,[11  3],138,-1,508,-1,491
1,<environment.Job instance at 0x7f97a043f0f0>,138,16,[12  1],139,-1,507,-1,491
1,<environment.Job instance at 0x7f97a043f7d0>,139,15,[ 4 13],140,-1,506,-1,491
1,<environment.Job instance at 0x7f97a043f9b0>,140,28,[13  1],141,-1,519,-1,491
1,<environment.Job instance at 0x7f97a043faf0>,141,24,[4 7],142,-1,515,-1,491
1,<environment.Job instance at 0x7f97a043f5f0>,143,26,[7 3],144,-1,529,-1,503
1,<environment.Job instance at 0x7f97a0b01cd0>,8,25,[5 8],9,-1,39,-1,14
1,<environment.Job instance at 0x7f97a0b017d0>,10,16,[ 1 13],11,-1,47,-1,31
1,<environment.Job instance at 0x7f97a084f140>,11,28,[2 7],12,-1,59,-1,31
1,<environment.Job instance at 0x7f97a084f820>,13,25,[3 9],14,-1,58,-1,33
1,<environment.Job instance at 0x7f97a084ff00>,16,23,[2 8],17,-1,73,-1,50
1,<environment.Job instance at 0x7f97a084f7d0>,20,15,[14  1],21,-1,65,-1,50
1,<environment.Job instance at 0x7f97a084fd20>,21,24,[13  2],22,-1,74,-1,50
1,<environment.Job instance at 0x7f97a084f1e0>,28,14,[ 4 13],29,-1,112,-1,98
1,<environment.Job instance at 0x7f97a0de5910>,29,3,[9 5],30,-1,101,-1,98
1,<environment.Job instance at 0x7f97a0de5230>,30,3,[1 8],31,-1,101,-1,98
1,<environment.Job instance at 0x7f97a0de5690>,31,28,[9 2],32,-1,126,-1,98
1,<environment.Job instance at 0x7f97a0de5a50>,32,15,[12  2],33,-1,113,-1,98
1,<environment.Job instance at 0x7f97a0de5b90>,33,2,[10  2],34,-1,100,-1,98
1,<environment.Job instance at 0x7f97a0de5410>,35,13,[12  4],36,-1,125,-1,112
1,<environment.Job instance at 0x7f97a0de5c30>,38,26,[11  5],39,-1,148,-1,122
1,<environment.Job instance at 0x7f97a0de5320>,39,28,[4 9],40,-1,150,-1,122
1,<environment.Job instance at 0x7f97a0de59b0>,41,1,[1 5],42,-1,124,-1,123
1,<environment.Job instance at 0x7f97a07eeb40>,45,14,[11  4],46,-1,158,-1,144
1,<environment.Job instance at 0x7f97a07ee230>,46,14,[14  5],47,-1,158,-1,144
1,<environment.Job instance at 0x7f97a07ee5a0>,48,18,[ 4 11],49,-1,168,-1,150
1,<environment.Job instance at 0x7f97a07eeb90>,49,18,[ 3 12],50,-1,168,-1,150
1,<environment.Job instance at 0x7f97a07ee460>,51,24,[13  4],52,-1,178,-1,154
1,<environment.Job instance at 0x7f97a07ee0a0>,52,19,[ 2 13],53,-1,173,-1,154
1,<environment.Job instance at 0x7f97a0dd1460>,65,26,[9 4],66,-1,276,-1,250
1,<environment.Job instance at 0x7f97a0dd1550>,66,21,[12  2],67,-1,271,-1,250
1,<environment.Job instance at 0x7f97a0dd1be0>,67,25,[6 2],68,-1,298,-1,273
1,<environment.Job instance at 0x7f97a0dd1d70>,77,23,[3 9],78,-1,366,-1,343
1,<environment.Job instance at 0x7f97a08b8500>,79,2,[10  4],80,-1,345,-1,343
1,<environment.Job instance at 0x7f97a08b80f0>,80,13,[ 2 11],81,-1,356,-1,343
1,<environment.Job instance at 0x7f97a08b8fa0>,82,28,[9 2],83,-1,376,-1,348
1,<environment.Job instance at 0x7f97a08b85a0>,88,15,[ 2 12],89,-1,408,-1,393
1,<environment.Job instance at 0x7f97a08b8d70>,89,24,[ 1 11],90,-1,417,-1,393
1,<environment.Job instance at 0x7f97a08b8e60>,92,18,[ 3 14],93,-1,419,-1,401
1,<environment.Job instance at 0x7f97a08b89b0>,93,2,[3 6],94,-1,403,-1,401
1,<environment.Job instance at 0x7f97a08b87d0>,95,28,[10  4],96,-1,429,-1,401
1,<environment.Job instance at 0x7f97a08b5b90>,101,1,[5 9],102,-1,438,-1,437
1,<environment.Job instance at 0x7f97a08b5fa0>,103,1,[ 2 11],104,-1,449,-1,448
1,<environment.Job instance at 0x7f97a08b5640>,104,26,[6 3],105,-1,474,-1,448
1,<environment.Job instance at 0x7f97a08b5280>,109,2,[ 2 13],110,-1,491,-1,489
1,<environment.Job instance at 0x7f97a08b5e10>,110,15,[ 2 12],111,-1,504,-1,489
1,<environment.Job instance at 0x7f97a08b5a50>,111,12,[10  1],112,-1,501,-1,489
1,<environment.Job instance at 0x7f97a08b59b0>,114,18,[ 3 13],115,-1,515,-1,497
1,<environment.Job instance at 0x7f97a0bf2b90>,115,18,[14  1],116,-1,515,-1,497
1,<environment.Job instance at 0x7f97a0bf2140>,116,24,[14  1],117,-1,521,-1,497
1,<environment.Job instance at 0x7f97a0bf2c30>,118,25,[9 2],119,-1,526,-1,501
1,<environment.Job instance at 0x7f97a0bf2fa0>,119,18,[ 1 12],120,-1,519,-1,501
1,<environment.Job instance at 0x7f97a0bf2500>,124,20,[ 3 12],125,-1,563,-1,543
1,<environment.Job instance at 0x7f97a0bf2230>,127,3,[13  1],128,-1,565,-1,562
1,<environment.Job instance at 0x7f97a0be6640>,129,19,[13  1],130,-1,595,-1,576
1,<environment.Job instance at 0x7f97a0be6230>,131,28,[4 5],132,-1,620,-1,592
1,<environment.Job instance at 0x7f97a0bfd780>,133,17,[13  5],134,-1,609,-1,592
1,<environment.Job instance at 0x7f97a0b6bc80>,134,26,[12  1],135,-1,618,-1,592
1,<environment.Job instance at 0x7f97a0d10730>,139,26,[7 1],140,-1,637,-1,611
1,<environment.Job instance at 0x7f97a0c03550>,143,18,[ 2 12],144,-1,661,-1,643
1,<environment.Job instance at 0x7f97aa23ae10>,145,18,[14  5],146,-1,665,-1,647
1,<environment.Job instance at 0x7f97a0c03730>,146,27,[9 5],147,-1,674,-1,647
1,<environment.Job instance at 0x7f97a0c033c0>,147,14,[ 3 12],148,-1,661,-1,647
1,<environment.Job instance at 0x7f97a0fcffa0>,3,1,[6 2],4,-1,6,-1,5
1,<environment.Job instance at 0x7f979fdee690>,10,14,[10  1],11,-1,33,-1,19
1,<environment.Job instance at 0x7f97a0e685f0>,12,25,[10  1],13,-1,60,-1,35
1,<environment.Job instance at 0x7f97a0e68dc0>,13,13,[ 5 11],14,-1,48,-1,35
1,<environment.Job instance at 0x7f97a0e68c80>,14,12,[ 3 14],15,-1,47,-1,35
1,<environment.Job instance at 0x7f97a0e680f0>,16,13,[ 2 13],17,-1,48,-1,35
1,<environment.Job instance at 0x7f97a0e681e0>,17,14,[13  2],18,-1,49,-1,35
1,<environment.Job instance at 0x7f97a1630d70>,18,18,[11  2],19,-1,53,-1,35
1,<environment.Job instance at 0x7f97a1630410>,19,25,[ 1 10],20,-1,60,-1,35
1,<environment.Job instance at 0x7f97a1630f50>,20,13,[ 2 12],21,-1,48,-1,35
1,<environment.Job instance at 0x7f97a1630640>,21,3,[5 7],22,-1,38,-1,35
1,<environment.Job instance at 0x7f97aa23a5a0>,34,26,[ 4 14],35,-1,159,-1,133
1,<environment.Job instance at 0x7f97a0df4aa0>,38,1,[5 6],39,-1,157,-1,156
1,<environment.Job instance at 0x7f97a0df4910>,39,25,[5 4],40,-1,181,-1,156
1,<environment.Job instance at 0x7f97a0d1d460>,41,23,[6 5],42,-1,180,-1,157
1,<environment.Job instance at 0x7f97a0e8b0a0>,43,13,[13  3],44,-1,187,-1,174
1,<environment.Job instance at 0x7f97a0e8b870>,44,25,[ 5 14],45,-1,199,-1,174
1,<environment.Job instance at 0x7f97a0e8be60>,45,27,[5 5],46,-1,201,-1,174
1,<environment.Job instance at 0x7f97a0e8b410>,46,17,[ 5 13],47,-1,191,-1,174
1,<environment.Job instance at 0x7f97a0e8bd20>,48,17,[ 4 11],49,-1,191,-1,174
1,<environment.Job instance at 0x7f97a0e8b780>,49,14,[14  5],50,-1,188,-1,174
1,<environment.Job instance at 0x7f97a0e8b7d0>,50,27,[8 5],51,-1,201,-1,174
1,<environment.Job instance at 0x7f97a0d15910>,51,23,[12  4],52,-1,197,-1,174
1,<environment.Job instance at 0x7f97a15d7d70>,54,3,[ 1 13],55,-1,195,-1,192
1,<environment.Job instance at 0x7f97a15d7be0>,56,14,[ 1 12],57,-1,206,-1,192
1,<environment.Job instance at 0x7f97a15d7e60>,57,15,[ 4 14],58,-1,207,-1,192
1,<environment.Job instance at 0x7f97a15d79b0>,59,28,[ 4 14],60,-1,236,-1,208
1,<environment.Job instance at 0x7f97a15d7d20>,60,21,[ 5 12],61,-1,229,-1,208
1,<environment.Job instance at 0x7f97a0ddaaa0>,64,27,[3 8],65,-1,254,-1,227
1,<environment.Job instance at 0x7f97a118ab40>,65,2,[1 8],66,-1,229,-1,227
1,<environment.Job instance at 0x7f97a1109b40>,72,27,[10  4],73,-1,322,-1,295
1,<environment.Job instance at 0x7f97a15f85a0>,74,27,[ 1 14],75,-1,340,-1,313
1,<environment.Job instance at 0x7f97a1522c30>,76,15,[11  1],77,-1,328,-1,313
1,<environment.Job instance at 0x7f97aa1056e0>,77,14,[ 3 13],78,-1,327,-1,313
1,<environment.Job instance at 0x7f97a14a48c0>,79,21,[ 4 14],80,-1,341,-1,320
1,<environment.Job instance at 0x7f97a00927d0>,83,18,[ 2 11],84,-1,351,-1,333
1,<environment.Job instance at 0x7f97a0092be0>,84,17,[11  4],85,-1,361,-1,344
1,<environment.Job instance at 0x7f97a0092820>,85,14,[ 4 14],86,-1,358,-1,344
1,<environment.Job instance at 0x7f97a0089d20>,86,28,[12  5],87,-1,372,-1,344
1,<environment.Job instance at 0x7f97a1636eb0>,87,13,[12  5],88,-1,357,-1,344
1,<environment.Job instance at 0x7f97a0ce1280>,88,12,[11  5],89,-1,356,-1,344
1,<environment.Job instance at 0x7f97a0ceda00>,90,1,[1 7],91,-1,352,-1,351
1,<environment.Job instance at 0x7f97a0c2f8c0>,91,1,[9 4],92,-1,352,-1,351
1,<environment.Job instance at 0x7f97a0c2f500>,93,14,[ 4 11],94,-1,365,-1,351
1,<environment.Job instance at 0x7f97a158d5f0>,94,18,[ 3 12],95,-1,369,-1,351
1,<environment.Job instance at 0x7f97a158dd70>,96,26,[8 5],97,-1,381,-1,355
1,<environment.Job instance at 0x7f97a056c5a0>,98,18,[13  1],99,-1,386,-1,368
1,<environment.Job instance at 0x7f97a05e47d0>,101,24,[8 5],102,-1,409,-1,385
1,<environment.Job instance at 0x7f97a05e4870>,104,16,[ 2 13],105,-1,411,-1,395
1,<environment.Job instance at 0x7f97a047cfa0>,107,3,[ 4 10],108,-1,426,-1,423
1,<environment.Job instance at 0x7f97a047c8c0>,108,26,[3 6],109,-1,449,-1,423
1,<environment.Job instance at 0x7f97a0897190>,111,17,[ 4 12],112,-1,456,-1,439
1,<environment.Job instance at 0x7f97a0e6cf00>,113,3,[10  2],114,-1,449,-1,446
1,<environment.Job instance at 0x7f97a0e6cbe0>,115,2,[13  1],116,-1,453,-1,451
1,<environment.Job instance at 0x7f97a04aea50>,116,13,[11  1],117,-1,464,-1,451
1,<environment.Job instance at 0x7f97a04ae780>,117,22,[10  1],118,-1,481,-1,459
1,<environment.Job instance at 0x7f97a04aecd0>,121,14,[11  4],122,-1,493,-1,479
1,<environment.Job instance at 0x7f97a04ae050>,123,22,[3 6],124,-1,505,-1,483
1,<environment.Job instance at 0x7f97aa0f0b40>,126,13,[11  5],127,-1,508,-1,495
1,<environment.Job instance at 0x7f97a103baa0>,127,19,[ 3 11],128,-1,514,-1,495
1,<environment.Job instance at 0x7f97a057e5a0>,130,23,[10  4],131,-1,550,-1,527
1,<environment.Job instance at 0x7f97a0856c80>,132,13,[ 3 10],133,-1,540,-1,527
1,<environment.Job instance at 0x7f97a087bd20>,136,26,[3 6],137,-1,570,-1,544
1,<environment.Job instance at 0x7f97a087be10>,139,23,[4 9],140,-1,579,-1,556
1,<environment.Job instance at 0x7f97a087bd70>,140,24,[5 2],141,-1,580,-1,556
1,<environment.Job instance at 0x7f97a087beb0>,142,17,[ 1 14],143,-1,582,-1,565
1,<environment.Job instance at 0x7f97a087b640>,143,25,[2 9],144,-1,590,-1,565
1,<environment.Job instance at 0x7f97a087ba50>,146,22,[4 8],147,-1,605,-1,583
1,<environment.Job instance at 0x7f97a087bf00>,148,2,[6 2],149,-1,589,-1,587
1,<environment.Job instance at 0x7f97a128a5f0>,2,21,[ 3 13],3,-1,24,-1,3
1,<environment.Job instance at 0x7f97a0bd7500>,5,13,[14  2],6,-1,19,-1,6
1,<environment.Job instance at 0x7f97a0a86a00>,6,16,[ 4 14],7,-1,23,-1,7
1,<environment.Job instance at 0x7f97a1146780>,8,14,[13  3],9,-1,23,-1,9
1,<environment.Job instance at 0x7f97a1146be0>,9,2,[3 9],10,-1,13,-1,11
1,<environment.Job instance at 0x7f97a00d11e0>,11,17,[ 3 11],12,-1,29,-1,12
1,<environment.Job instance at 0x7f97a0008910>,16,27,[8 5],17,-1,44,-1,17
1,<environment.Job instance at 0x7f97a0025af0>,17,15,[ 2 10],18,-1,36,-1,21
1,<environment.Job instance at 0x7f97a16531e0>,18,26,[10  5],19,-1,47,-1,21
1,<environment.Job instance at 0x7f97a088ad20>,21,14,[14  4],22,-1,43,-1,29
1,<environment.Job instance at 0x7f97a088af50>,23,13,[5 5],24,-1,46,-1,33
1,<environment.Job instance at 0x7f97a162ec80>,24,20,[ 2 11],25,-1,53,-1,33
1,<environment.Job instance at 0x7f97a16580f0>,25,3,[ 4 11],26,-1,36,-1,33
1,<environment.Job instance at 0x7f97a16583c0>,26,16,[13  3],27,-1,49,-1,33
1,<environment.Job instance at 0x7f97a1658e60>,27,26,[10  5],28,-1,59,-1,33
1,<environment.Job instance at 0x7f97a163a3c0>,29,13,[ 2 12],30,-1,55,-1,42
1,<environment.Job instance at 0x7f97a1658230>,30,13,[1 9],31,-1,55,-1,42
1,<environment.Job instance at 0x7f97a1658d20>,31,17,[11  4],32,-1,59,-1,42
1,<environment.Job instance at 0x7f97a1645550>,32,24,[4 6],33,-1,66,-1,42
1,<environment.Job instance at 0x7f97a16450f0>,33,15,[ 2 13],34,-1,57,-1,42
1,<environment.Job instance at 0x7f97a1645af0>,34,18,[11  2],35,-1,60,-1,42
1,<environment.Job instance at 0x7f97a1645050>,35,14,[10  1],36,-1,58,-1,44
1,<environment.Job instance at 0x7f97a0d0f0f0>,36,12,[9 5],37,-1,58,-1,46
1,<environment.Job instance at 0x7f97a0d0f500>,37,18,[14  1],38,-1,64,-1,46
1,<environment.Job instance at 0x7f97a0d0f820>,38,23,[ 1 11],39,-1,69,-1,46
1,<environment.Job instance at 0x7f97a165fa00>,39,12,[ 3 12],40,-1,58,-1,46
1,<environment.Job instance at 0x7f97a0d05be0>,44,12,[7 2],45,-1,86,-1,74
1,<environment.Job instance at 0x7f97a088de60>,46,15,[11  2],47,-1,94,-1,79
1,<environment.Job instance at 0x7f97a16448c0>,47,12,[7 2],48,-1,91,-1,79
1,<environment.Job instance at 0x7f97a16443c0>,48,25,[7 2],49,-1,104,-1,79
1,<environment.Job instance at 0x7f97a16540a0>,49,18,[ 5 10],50,-1,97,-1,79
1,<environment.Job instance at 0x7f97a1654730>,50,12,[ 3 12],51,-1,91,-1,79
1,<environment.Job instance at 0x7f97a1644460>,51,15,[11  5],52,-1,94,-1,79
1,<environment.Job instance at 0x7f97a0232e10>,53,16,[13  2],54,-1,96,-1,80
1,<environment.Job instance at 0x7f97a0232230>,54,12,[7 1],55,-1,92,-1,80
1,<environment.Job instance at 0x7f97a0232c30>,55,19,[12  5],56,-1,99,-1,80
1,<environment.Job instance at 0x7f97a0232cd0>,56,13,[8 4],57,-1,99,-1,86
1,<environment.Job instance at 0x7f97a0232d70>,59,2,[6 4],60,-1,97,-1,95
1,<environment.Job instance at 0x7f97a02303c0>,60,25,[10  4],61,-1,120,-1,95
1,<environment.Job instance at 0x7f97a0230550>,62,27,[7 5],63,-1,123,-1,96
1,<environment.Job instance at 0x7f97a0230960>,64,25,[8 2],65,-1,133,-1,108
1,<environment.Job instance at 0x7f97a0260730>,72,20,[ 1 13],73,-1,177,-1,157
1,<environment.Job instance at 0x7f97a02609b0>,75,25,[9 5],76,-1,198,-1,173
1,<environment.Job instance at 0x7f97a0260d70>,79,12,[8 1],80,-1,201,-1,189
1,<environment.Job instance at 0x7f97a0260f00>,83,24,[7 4],84,-1,250,-1,226
1,<environment.Job instance at 0x7f97a0259280>,88,17,[ 3 13],89,-1,273,-1,256
1,<environment.Job instance at 0x7f97a0259320>,89,14,[14  2],90,-1,270,-1,256
1,<environment.Job instance at 0x7f97a0259050>,92,2,[ 5 11],93,-1,268,-1,266
1,<environment.Job instance at 0x7f97a0259d20>,102,18,[ 5 14],103,-1,349,-1,331
1,<environment.Job instance at 0x7f97a0259c80>,103,22,[14  2],104,-1,353,-1,331
1,<environment.Job instance at 0x7f97a0259fa0>,107,18,[ 3 10],108,-1,366,-1,348
1,<environment.Job instance at 0x7f97a0264050>,109,27,[5 4],110,-1,387,-1,360
1,<environment.Job instance at 0x7f97a0264320>,110,28,[7 5],111,-1,388,-1,360
1,<environment.Job instance at 0x7f97a02644b0>,112,28,[14  2],113,-1,388,-1,360
1,<environment.Job instance at 0x7f97a0264690>,115,22,[ 5 14],116,-1,398,-1,376
1,<environment.Job instance at 0x7f97a0264730>,116,26,[8 5],117,-1,402,-1,376
1,<environment.Job instance at 0x7f97a02643c0>,119,13,[13  5],120,-1,403,-1,390
1,<environment.Job instance at 0x7f97a0264960>,120,14,[ 2 13],121,-1,404,-1,390
1,<environment.Job instance at 0x7f97a0264be0>,121,15,[ 3 10],122,-1,405,-1,390
1,<environment.Job instance at 0x7f97a0264aa0>,122,12,[ 5 13],123,-1,402,-1,390
1,<environment.Job instance at 0x7f97a0264d70>,124,22,[13  3],125,-1,413,-1,391
1,<environment.Job instance at 0x7f97a0264e10>,125,26,[14  2],126,-1,417,-1,391
1,<environment.Job instance at 0x7f97a0264eb0>,126,20,[ 4 12],127,-1,411,-1,391
1,<environment.Job instance at 0x7f97a0264f50>,127,13,[ 4 12],128,-1,404,-1,391
1,<environment.Job instance at 0x7f97a024d190>,130,16,[ 5 12],131,-1,420,-1,404
1,<environment.Job instance at 0x7f97a024d230>,131,22,[13  5],132,-1,426,-1,404
1,<environment.Job instance at 0x7f97a024d2d0>,132,27,[5 3],133,-1,431,-1,404
1,<environment.Job instance at 0x7f97a024d4b0>,135,24,[5 4],136,-1,446,-1,422
1,<environment.Job instance at 0x7f97a024d550>,136,18,[12  1],137,-1,440,-1,422
1,<environment.Job instance at 0x7f97a024d0a0>,138,13,[ 5 14],139,-1,435,-1,422
1,<environment.Job instance at 0x7f97a024d870>,139,17,[ 5 13],140,-1,439,-1,422
1,<environment.Job instance at 0x7f97a024da00>,140,18,[12  5],141,-1,440,-1,422
1,<environment.Job instance at 0x7f97a024db40>,142,27,[5 1],143,-1,460,-1,433
1,<environment.Job instance at 0x7f97a024dd20>,145,17,[ 5 12],146,-1,464,-1,447
1,<environment.Job instance at 0x7f97a024ddc0>,146,3,[3 6],147,-1,450,-1,447
1,<environment.Job instance at 0x7f97a024de60>,147,24,[7 4],148,-1,471,-1,447
1,<environment.Job instance at 0x7f97a0f7e460>,8,25,[4 7],9,-1,41,-1,16
1,<environment.Job instance at 0x7f97a0f7ee10>,9,18,[2 9],10,-1,34,-1,16
1,<environment.Job instance at 0x7f97a0f7e4b0>,10,12,[13  5],11,-1,28,-1,16
1,<environment.Job instance at 0x7f97a0f7edc0>,11,22,[14  4],12,-1,38,-1,16
1,<environment.Job instance at 0x7f97a0f7e730>,12,27,[5 3],13,-1,43,-1,16
1,<environment.Job instance at 0x7f97a0f7e640>,15,13,[7 1],16,-1,46,-1,33
1,<environment.Job instance at 0x7f97a0f7ee60>,16,26,[3 7],17,-1,59,-1,33
1,<environment.Job instance at 0x7f97aa1059b0>,17,13,[2 9],18,-1,46,-1,33
1,<environment.Job instance at 0x7f97aa105230>,18,15,[11  4],19,-1,48,-1,33
1,<environment.Job instance at 0x7f97aa105c30>,19,18,[ 3 11],20,-1,51,-1,33
1,<environment.Job instance at 0x7f97aa1053c0>,20,23,[9 1],21,-1,56,-1,33
1,<environment.Job instance at 0x7f97aa105c80>,22,23,[11  3],23,-1,64,-1,41
1,<environment.Job instance at 0x7f97a027deb0>,23,19,[ 4 10],24,-1,60,-1,41
1,<environment.Job instance at 0x7f97a027d280>,24,1,[1 5],25,-1,42,-1,41
1,<environment.Job instance at 0x7f97a027d0a0>,25,13,[3 5],26,-1,59,-1,46
1,<environment.Job instance at 0x7f97a027d870>,26,27,[7 3],27,-1,73,-1,46
1,<environment.Job instance at 0x7f97a027d0f0>,27,28,[13  1],28,-1,74,-1,46
1,<environment.Job instance at 0x7f97a027d190>,28,25,[3 8],29,-1,71,-1,46
1,<environment.Job instance at 0x7f97a027d3c0>,29,17,[7 1],30,-1,65,-1,48
1,<environment.Job instance at 0x7f97a10df5f0>,32,24,[7 5],33,-1,80,-1,56
1,<environment.Job instance at 0x7f97a0d2ee60>,33,22,[11  1],34,-1,78,-1,56
1,<environment.Job instance at 0x7f97a10dfaa0>,34,14,[ 2 13],35,-1,70,-1,56
1,<environment.Job instance at 0x7f97a0d2e370>,36,28,[4 9],37,-1,96,-1,68
1,<environment.Job instance at 0x7f97a0d2ec30>,37,28,[ 5 11],38,-1,96,-1,68
1,<environment.Job instance at 0x7f97a0d2e460>,38,12,[10  3],39,-1,80,-1,68
1,<environment.Job instance at 0x7f97a0d2e870>,39,19,[3 6],40,-1,87,-1,68
1,<environment.Job instance at 0x7f97a0d2edc0>,40,18,[13  5],41,-1,86,-1,68
1,<environment.Job instance at 0x7f97a0d2e280>,41,13,[9 3],42,-1,81,-1,68
1,<environment.Job instance at 0x7f97a0d2eaa0>,42,2,[5 9],43,-1,70,-1,68
1,<environment.Job instance at 0x7f97a0d2e640>,43,13,[5 5],44,-1,81,-1,68
1,<environment.Job instance at 0x7f97a0d2e780>,44,14,[11  2],45,-1,82,-1,68
1,<environment.Job instance at 0x7f97a0d2ee10>,45,15,[12  2],46,-1,83,-1,68
1,<environment.Job instance at 0x7f97a0d2e190>,46,2,[4 9],47,-1,70,-1,68
1,<environment.Job instance at 0x7f97a0d2ef50>,47,19,[14  2],48,-1,87,-1,68
1,<environment.Job instance at 0x7f97a0d2e2d0>,48,20,[ 5 12],49,-1,88,-1,68
1,<environment.Job instance at 0x7f97a0d2e690>,49,18,[8 1],50,-1,87,-1,69
1,<environment.Job instance at 0x7f97a0d2ec80>,50,12,[2 5],51,-1,81,-1,69
1,<environment.Job instance at 0x7f97a0d2eaf0>,51,17,[ 4 11],52,-1,86,-1,69
1,<environment.Job instance at 0x7f97a03181e0>,52,12,[8 1],53,-1,81,-1,69
1,<environment.Job instance at 0x7f97a0318f00>,53,12,[10  5],54,-1,81,-1,69
1,<environment.Job instance at 0x7f97a0318c30>,54,1,[3 6],55,-1,70,-1,69
1,<environment.Job instance at 0x7f97a0318d70>,56,21,[4 5],57,-1,107,-1,86
1,<environment.Job instance at 0x7f97a0318fa0>,57,16,[10  1],58,-1,102,-1,86
1,<environment.Job instance at 0x7f97a0318870>,58,18,[8 2],59,-1,109,-1,91
1,<environment.Job instance at 0x7f97a0318e60>,61,1,[8 4],62,-1,98,-1,97
1,<environment.Job instance at 0x7f97a0318370>,63,15,[7 2],64,-1,115,-1,100
1,<environment.Job instance at 0x7f97a0318550>,64,18,[9 1],65,-1,119,-1,101
1,<environment.Job instance at 0x7f97a0318a00>,65,3,[ 4 13],66,-1,104,-1,101
1,<environment.Job instance at 0x7f97a0318410>,66,12,[9 1],67,-1,113,-1,101
1,<environment.Job instance at 0x7f97a0318cd0>,67,19,[1 9],68,-1,120,-1,101
1,<environment.Job instance at 0x7f97a134b9b0>,68,20,[ 4 11],69,-1,121,-1,101
1,<environment.Job instance at 0x7f97a134bcd0>,69,15,[ 5 14],70,-1,116,-1,101
1,<environment.Job instance at 0x7f97a134b640>,70,2,[4 7],71,-1,103,-1,101
1,<environment.Job instance at 0x7f97a134bb40>,71,12,[11  5],72,-1,113,-1,101
1,<environment.Job instance at 0x7f97a134b2d0>,72,28,[8 5],73,-1,129,-1,101
1,<environment.Job instance at 0x7f97a13b4550>,73,21,[4 5],74,-1,122,-1,101
1,<environment.Job instance at 0x7f97a13b40a0>,74,17,[2 6],75,-1,118,-1,101
1,<environment.Job instance at 0x7f97a13b4c30>,75,28,[7 3],76,-1,129,-1,101
1,<environment.Job instance at 0x7f97a13b4aa0>,76,19,[1 7],77,-1,120,-1,101
1,<environment.Job instance at 0x7f97a13b41e0>,77,25,[1 5],78,-1,126,-1,101
1,<environment.Job instance at 0x7f97a163acd0>,78,25,[ 3 10],79,-1,126,-1,101
1,<environment.Job instance at 0x7f97a0628190>,79,18,[ 2 11],80,-1,119,-1,101
1,<environment.Job instance at 0x7f97a0628640>,80,12,[ 1 10],81,-1,113,-1,101
1,<environment.Job instance at 0x7f97a0628410>,81,13,[6 5],82,-1,114,-1,101
1,<environment.Job instance at 0x7f97a075a370>,82,20,[ 4 13],83,-1,121,-1,101
1,<environment.Job instance at 0x7f97a075acd0>,83,17,[11  4],84,-1,118,-1,101
1,<environment.Job instance at 0x7f97a075aaa0>,86,23,[9 2],87,-1,138,-1,115
1,<environment.Job instance at 0x7f97a075a5a0>,87,3,[6 1],88,-1,118,-1,115
1,<environment.Job instance at 0x7f97a075a960>,88,14,[1 9],89,-1,129,-1,115
1,<environment.Job instance at 0x7f97a075ab90>,90,3,[9 5],91,-1,130,-1,127
1,<environment.Job instance at 0x7f97a16d2f50>,91,3,[8 1],92,-1,130,-1,127
1,<environment.Job instance at 0x7f97a16d2280>,93,27,[ 1 14],94,-1,159,-1,132
1,<environment.Job instance at 0x7f97a16d2a00>,94,21,[3 9],95,-1,153,-1,132
1,<environment.Job instance at 0x7f97a16d2690>,95,13,[7 1],96,-1,145,-1,132
1,<environment.Job instance at 0x7f97a16d2f00>,97,22,[12  2],98,-1,164,-1,142
1,<environment.Job instance at 0x7f97a16d2410>,98,27,[7 4],99,-1,169,-1,142
1,<environment.Job instance at 0x7f97a092b550>,99,3,[9 5],100,-1,145,-1,142
1,<environment.Job instance at 0x7f97a103b780>,102,26,[14  5],103,-1,184,-1,158
1,<environment.Job instance at 0x7f97a103bd70>,103,12,[11  4],104,-1,170,-1,158
1,<environment.Job instance at 0x7f979ffce5a0>,104,26,[8 3],105,-1,184,-1,158
1,<environment.Job instance at 0x7f97a1161500>,106,2,[6 1],107,-1,167,-1,165
1,<environment.Job instance at 0x7f97a044bb90>,108,18,[14  4],109,-1,193,-1,175
1,<environment.Job instance at 0x7f97a14280f0>,110,18,[5 5],111,-1,200,-1,182
1,<environment.Job instance at 0x7f97a0430b90>,112,24,[4 7],113,-1,213,-1,189
1,<environment.Job instance at 0x7f97a06c7cd0>,114,3,[6 4],115,-1,200,-1,197
1,<environment.Job instance at 0x7f97a0348dc0>,115,2,[12  1],116,-1,199,-1,197
1,<environment.Job instance at 0x7f97a0416d70>,117,23,[ 4 12],118,-1,228,-1,205
1,<environment.Job instance at 0x7f97a0944870>,118,26,[ 4 14],119,-1,231,-1,205
1,<environment.Job instance at 0x7f97a12c1960>,119,15,[ 1 14],120,-1,220,-1,205
1,<environment.Job instance at 0x7f97a16cca50>,120,14,[11  2],121,-1,219,-1,205
1,<environment.Job instance at 0x7f97a04a0640>,121,13,[13  4],122,-1,218,-1,205
1,<environment.Job instance at 0x7f97a16cc690>,123,27,[ 4 13],124,-1,242,-1,215
1,<environment.Job instance at 0x7f979ff5aeb0>,124,23,[ 4 10],125,-1,238,-1,215
1,<environment.Job instance at 0x7f979ff5a1e0>,125,15,[ 4 12],126,-1,230,-1,215
1,<environment.Job instance at 0x7f97a0f6e550>,126,15,[10  5],127,-1,230,-1,215
1,<environment.Job instance at 0x7f97a0a79230>,127,16,[ 5 11],128,-1,231,-1,215
1,<environment.Job instance at 0x7f97a0a79c80>,128,28,[7 3],129,-1,243,-1,215
1,<environment.Job instance at 0x7f97a12c9c80>,129,27,[3 8],130,-1,242,-1,215
1,<environment.Job instance at 0x7f97a12c9c30>,130,23,[5 9],131,-1,238,-1,215
1,<environment.Job instance at 0x7f97a12c90a0>,131,16,[1 8],132,-1,231,-1,215
1,<environment.Job instance at 0x7f97a12c9050>,132,12,[3 7],133,-1,227,-1,215
1,<environment.Job instance at 0x7f97a12c9280>,133,20,[ 1 10],134,-1,235,-1,215
1,<environment.Job instance at 0x7f97a12c94b0>,134,17,[2 5],135,-1,232,-1,215
1,<environment.Job instance at 0x7f97a12c9230>,135,13,[11  4],136,-1,228,-1,215
1,<environment.Job instance at 0x7f97a12c9550>,136,12,[11  5],137,-1,227,-1,215
1,<environment.Job instance at 0x7f97a12c99b0>,137,17,[3 8],138,-1,232,-1,215
1,<environment.Job instance at 0x7f97a12c95f0>,138,12,[8 2],139,-1,227,-1,215
1,<environment.Job instance at 0x7f97a12c9b40>,139,1,[ 4 12],140,-1,216,-1,215
1,<environment.Job instance at 0x7f97a1183910>,140,3,[ 4 14],141,-1,218,-1,215
1,<environment.Job instance at 0x7f97a05fd0f0>,141,15,[14  3],142,-1,230,-1,215
1,<environment.Job instance at 0x7f97a05fd820>,142,15,[2 7],143,-1,230,-1,215
1,<environment.Job instance at 0x7f97a05fd6e0>,143,17,[4 9],144,-1,232,-1,215
1,<environment.Job instance at 0x7f97a05fd5a0>,144,16,[1 9],145,-1,231,-1,215
1,<environment.Job instance at 0x7f97a05fd780>,145,14,[11  1],146,-1,229,-1,215
1,<environment.Job instance at 0x7f97a05fdb90>,146,23,[ 2 11],147,-1,238,-1,215
1,<environment.Job instance at 0x7f97a05fddc0>,147,21,[ 1 11],148,-1,236,-1,215
1,<environment.Job instance at 0x7f97a05fd870>,148,1,[ 2 14],149,-1,216,-1,215
1,<environment.Job instance at 0x7f97a0f7ef00>,7,16,[ 1 13],8,-1,3874,-1,3858
1,<environment.Job instance at 0x7f979fdde5f0>,2,16,[ 5 11],3,-1,19,-1,3
1,<environment.Job instance at 0x7f979fdde280>,4,15,[ 3 14],5,-1,20,-1,5
1,<environment.Job instance at 0x7f979fdde1e0>,3,18,[13  4],4,-1,23,-1,5
1,<environment.Job instance at 0x7f979fddea50>,5,18,[13  2],6,-1,24,-1,6
1,<environment.Job instance at 0x7f979fdde460>,6,1,[12  5],7,-1,8,-1,7
1,<environment.Job instance at 0x7f979fddedc0>,11,12,[ 4 14],12,-1,24,-1,12
1,<environment.Job instance at 0x7f979fe68410>,16,13,[ 5 12],17,-1,39,-1,26
1,<environment.Job instance at 0x7f979fe685a0>,20,2,[3 9],21,-1,52,-1,50
1,<environment.Job instance at 0x7f979fe680f0>,21,28,[9 4],22,-1,78,-1,50
1,<environment.Job instance at 0x7f979fe686e0>,23,12,[ 3 13],24,-1,64,-1,52
1,<environment.Job instance at 0x7f979fe68320>,24,23,[6 2],25,-1,75,-1,52
1,<environment.Job instance at 0x7f979fe68cd0>,27,24,[10  4],28,-1,107,-1,83
1,<environment.Job instance at 0x7f979fe68e60>,28,24,[3 9],29,-1,107,-1,83
1,<environment.Job instance at 0x7f979fe68f50>,29,18,[ 3 12],30,-1,101,-1,83
1,<environment.Job instance at 0x7f979fe68c30>,30,18,[13  3],31,-1,101,-1,83
1,<environment.Job instance at 0x7f979fe68960>,31,2,[1 5],32,-1,85,-1,83
1,<environment.Job instance at 0x7f97a00a75f0>,35,19,[ 5 13],36,-1,127,-1,108
1,<environment.Job instance at 0x7f97a00a72d0>,39,15,[ 5 10],40,-1,144,-1,129
1,<environment.Job instance at 0x7f97a00a73c0>,44,24,[5 9],45,-1,184,-1,160
1,<environment.Job instance at 0x7f97a00a7eb0>,46,23,[3 9],47,-1,197,-1,174
1,<environment.Job instance at 0x7f97a00a7e10>,47,26,[8 5],48,-1,200,-1,174
1,<environment.Job instance at 0x7f97a00a7140>,49,1,[ 1 12],50,-1,190,-1,189
1,<environment.Job instance at 0x7f979fe1c8c0>,51,27,[10  5],52,-1,216,-1,189
1,<environment.Job instance at 0x7f979fe1cfa0>,53,2,[5 5],54,-1,198,-1,196
1,<environment.Job instance at 0x7f979fe1ce10>,54,15,[12  5],55,-1,211,-1,196
1,<environment.Job instance at 0x7f979fe1c870>,55,24,[13  2],56,-1,220,-1,196
1,<environment.Job instance at 0x7f979fe1e320>,59,24,[14  4],60,-1,251,-1,227
1,<environment.Job instance at 0x7f979fe1eaa0>,60,13,[14  5],61,-1,240,-1,227
1,<environment.Job instance at 0x7f979fe1ed70>,63,23,[6 1],64,-1,266,-1,243
1,<environment.Job instance at 0x7f979fe1ee60>,64,23,[ 5 10],65,-1,266,-1,243
1,<environment.Job instance at 0x7f979fe1e5f0>,66,22,[ 1 14],67,-1,268,-1,246
1,<environment.Job instance at 0x7f979fe1e690>,67,3,[11  2],68,-1,249,-1,246
1,<environment.Job instance at 0x7f979fe1e8c0>,68,25,[ 1 14],69,-1,271,-1,246
1,<environment.Job instance at 0x7f979fe1efa0>,69,25,[12  3],70,-1,271,-1,246
1,<environment.Job instance at 0x7f979fdf45f0>,70,27,[ 4 11],71,-1,273,-1,246
1,<environment.Job instance at 0x7f979fdf4cd0>,71,15,[13  2],72,-1,261,-1,246
1,<environment.Job instance at 0x7f979fdf4a00>,78,16,[ 5 13],79,-1,309,-1,293
1,<environment.Job instance at 0x7f979fdf4910>,80,3,[ 4 14],81,-1,307,-1,304
1,<environment.Job instance at 0x7f979fdf40a0>,81,15,[14  4],82,-1,319,-1,304
1,<environment.Job instance at 0x7f979fdf4960>,83,25,[4 7],84,-1,331,-1,306
1,<environment.Job instance at 0x7f979fdf4b90>,84,3,[11  5],85,-1,309,-1,306
1,<environment.Job instance at 0x7f979fdf4190>,85,3,[ 4 14],86,-1,309,-1,306
1,<environment.Job instance at 0x7f979fdf46e0>,86,28,[ 4 11],87,-1,334,-1,306
1,<environment.Job instance at 0x7f979fe61be0>,88,18,[11  1],89,-1,337,-1,319
1,<environment.Job instance at 0x7f979fe61550>,90,24,[3 8],91,-1,348,-1,324
1,<environment.Job instance at 0x7f979fe617d0>,91,2,[5 4],92,-1,326,-1,324
1,<environment.Job instance at 0x7f979fe61730>,92,27,[3 6],93,-1,351,-1,324
1,<environment.Job instance at 0x7f979fe61820>,95,15,[ 3 14],96,-1,357,-1,342
1,<environment.Job instance at 0x7f979fe613c0>,96,21,[10  1],97,-1,373,-1,352
1,<environment.Job instance at 0x7f979fe61780>,98,27,[4 5],99,-1,379,-1,352
1,<environment.Job instance at 0x7f979fe611e0>,99,16,[11  1],100,-1,368,-1,352
1,<environment.Job instance at 0x7f979fe614b0>,100,16,[ 1 12],101,-1,368,-1,352
1,<environment.Job instance at 0x7f979fe61b90>,101,28,[10  5],102,-1,380,-1,352
1,<environment.Job instance at 0x7f979fe59f00>,102,25,[8 4],103,-1,377,-1,352
1,<environment.Job instance at 0x7f979fe59410>,104,18,[13  1],105,-1,378,-1,360
1,<environment.Job instance at 0x7f979fe59460>,105,13,[ 3 10],106,-1,373,-1,360
1,<environment.Job instance at 0x7f979fe59d20>,106,14,[ 1 14],107,-1,374,-1,360
1,<environment.Job instance at 0x7f979fe59960>,108,2,[10  1],109,-1,363,-1,361
1,<environment.Job instance at 0x7f979fe59aa0>,109,25,[8 3],110,-1,386,-1,361
1,<environment.Job instance at 0x7f979fe59af0>,110,2,[5 5],111,-1,363,-1,361
1,<environment.Job instance at 0x7f979fe59dc0>,112,24,[11  1],113,-1,392,-1,368
1,<environment.Job instance at 0x7f979fe59780>,115,25,[5 7],116,-1,403,-1,378
1,<environment.Job instance at 0x7f979fe592d0>,117,18,[11  2],118,-1,403,-1,385
1,<environment.Job instance at 0x7f97a0c83e60>,120,14,[12  3],121,-1,412,-1,398
1,<environment.Job instance at 0x7f97a0c832d0>,123,28,[4 5],124,-1,447,-1,419
1,<environment.Job instance at 0x7f97a0c839b0>,124,1,[ 3 10],125,-1,420,-1,419
1,<environment.Job instance at 0x7f97a0c83820>,126,3,[7 4],127,-1,422,-1,419
1,<environment.Job instance at 0x7f97a10324b0>,128,24,[14  3],129,-1,455,-1,431
1,<environment.Job instance at 0x7f97a1032460>,132,27,[2 9],133,-1,479,-1,452
1,<environment.Job instance at 0x7f97a9c8a6e0>,135,26,[ 5 11],136,-1,506,-1,480
1,<environment.Job instance at 0x7f97a1351910>,137,23,[10  4],138,-1,504,-1,481
1,<environment.Job instance at 0x7f97a165d460>,138,26,[2 7],139,-1,507,-1,481
1,<environment.Job instance at 0x7f97a07b4b90>,140,3,[2 6],141,-1,484,-1,481
1,<environment.Job instance at 0x7f97a07b4af0>,142,26,[5 4],143,-1,520,-1,494
1,<environment.Job instance at 0x7f97a07b45f0>,143,26,[ 1 10],144,-1,520,-1,494
1,<environment.Job instance at 0x7f97a10b2640>,148,28,[14  3],149,-1,563,-1,535
1,<environment.Job instance at 0x7f979fd61910>,3,17,[ 2 12],4,-1,21,-1,4
1,<environment.Job instance at 0x7f979fd61190>,6,13,[ 5 11],7,-1,20,-1,7
1,<environment.Job instance at 0x7f979fd61a50>,13,17,[13  2],14,-1,31,-1,14
1,<environment.Job instance at 0x7f97a0013b90>,14,23,[9 3],15,-1,39,-1,16
1,<environment.Job instance at 0x7f97a0013370>,20,22,[5 6],21,-1,72,-1,50
1,<environment.Job instance at 0x7f97a00135a0>,22,25,[10  1],23,-1,75,-1,50
1,<environment.Job instance at 0x7f979ff9d4b0>,26,21,[12  2],27,-1,93,-1,72
1,<environment.Job instance at 0x7f979ff9d230>,28,14,[ 1 14],29,-1,102,-1,88
1,<environment.Job instance at 0x7f979ff9d370>,30,15,[12  3],31,-1,107,-1,92
1,<environment.Job instance at 0x7f979ff9d0a0>,32,14,[ 5 14],33,-1,121,-1,107
1,<environment.Job instance at 0x7f979ff9d8c0>,34,13,[12  5],35,-1,121,-1,108
1,<environment.Job instance at 0x7f97a12c6dc0>,35,12,[12  3],36,-1,120,-1,108
1,<environment.Job instance at 0x7f97a12c6320>,37,15,[12  3],38,-1,132,-1,117
1,<environment.Job instance at 0x7f97a12c6140>,38,19,[ 4 10],39,-1,136,-1,117
1,<environment.Job instance at 0x7f97a12c65a0>,39,12,[7 1],40,-1,129,-1,117
1,<environment.Job instance at 0x7f97a12c6960>,41,23,[5 9],42,-1,148,-1,125
1,<environment.Job instance at 0x7f97a12c61e0>,42,24,[11  4],43,-1,149,-1,125
1,<environment.Job instance at 0x7f97a12c6e60>,45,15,[ 4 12],46,-1,155,-1,140
1,<environment.Job instance at 0x7f97a12c6d20>,47,25,[ 1 10],48,-1,168,-1,143
1,<environment.Job instance at 0x7f97a12c63c0>,48,1,[8 4],49,-1,144,-1,143
1,<environment.Job instance at 0x7f97a12c6730>,49,25,[ 4 11],50,-1,168,-1,143
1,<environment.Job instance at 0x7f97a12c6820>,50,20,[3 6],51,-1,169,-1,149
1,<environment.Job instance at 0x7f97a12c68c0>,52,2,[ 2 13],53,-1,151,-1,149
1,<environment.Job instance at 0x7f97a12c6460>,53,16,[ 3 10],54,-1,165,-1,149
1,<environment.Job instance at 0x7f97a12c6910>,54,14,[10  5],55,-1,165,-1,151
1,<environment.Job instance at 0x7f97a9cd2c30>,58,19,[ 5 11],59,-1,214,-1,195
1,<environment.Job instance at 0x7f97a1229640>,60,12,[ 1 12],61,-1,213,-1,201
1,<environment.Job instance at 0x7f97a1229370>,66,23,[8 1],67,-1,268,-1,245
1,<environment.Job instance at 0x7f97a1229780>,67,15,[14  5],68,-1,260,-1,245
1,<environment.Job instance at 0x7f97a12293c0>,68,19,[12  4],69,-1,264,-1,245
1,<environment.Job instance at 0x7f97a1229b90>,69,19,[11  1],70,-1,264,-1,245
1,<environment.Job instance at 0x7f97a1229050>,72,2,[ 3 14],73,-1,257,-1,255
1,<environment.Job instance at 0x7f97a1229730>,73,22,[4 5],74,-1,277,-1,255
1,<environment.Job instance at 0x7f97a12295f0>,74,23,[3 6],75,-1,278,-1,255
1,<environment.Job instance at 0x7f97a1229820>,75,13,[ 3 13],76,-1,268,-1,255
1,<environment.Job instance at 0x7f97a1229dc0>,76,27,[ 1 10],77,-1,282,-1,255
1,<environment.Job instance at 0x7f97a12299b0>,77,18,[ 2 14],78,-1,273,-1,255
1,<environment.Job instance at 0x7f97a1470e60>,78,17,[ 4 10],79,-1,272,-1,255
1,<environment.Job instance at 0x7f97a14709b0>,81,25,[ 2 14],82,-1,283,-1,258
1,<environment.Job instance at 0x7f97a1470c30>,84,3,[7 5],85,-1,276,-1,273
1,<environment.Job instance at 0x7f97a1470320>,85,21,[14  4],86,-1,294,-1,273
1,<environment.Job instance at 0x7f97a1470910>,86,18,[ 4 13],87,-1,291,-1,273
1,<environment.Job instance at 0x7f97a1470a50>,89,26,[8 3],90,-1,312,-1,286
1,<environment.Job instance at 0x7f97a1470af0>,90,18,[11  1],91,-1,304,-1,286
1,<environment.Job instance at 0x7f97a1470fa0>,91,12,[ 4 12],92,-1,298,-1,286
1,<environment.Job instance at 0x7f97a14705a0>,92,27,[4 8],93,-1,313,-1,286
1,<environment.Job instance at 0x7f97a1470280>,95,24,[5 6],96,-1,327,-1,303
1,<environment.Job instance at 0x7f97a15cc870>,99,23,[8 5],100,-1,343,-1,320
1,<environment.Job instance at 0x7f97a15ccd70>,101,3,[6 3],102,-1,333,-1,330
1,<environment.Job instance at 0x7f97a15cc550>,103,2,[5 7],104,-1,336,-1,334
1,<environment.Job instance at 0x7f97a15cc820>,104,28,[2 5],105,-1,362,-1,334
1,<environment.Job instance at 0x7f97a15cce10>,105,28,[ 2 14],106,-1,362,-1,334
1,<environment.Job instance at 0x7f97a15ccb90>,110,27,[5 8],111,-1,390,-1,363
1,<environment.Job instance at 0x7f97a15cc5f0>,112,12,[13  5],113,-1,380,-1,368
1,<environment.Job instance at 0x7f97a15cc9b0>,113,15,[ 5 12],114,-1,383,-1,368
1,<environment.Job instance at 0x7f979ff8b280>,115,23,[10  4],116,-1,406,-1,383
1,<environment.Job instance at 0x7f979ff8b9b0>,117,22,[3 8],118,-1,405,-1,383
1,<environment.Job instance at 0x7f979ff8b0f0>,119,2,[5 5],120,-1,386,-1,384
1,<environment.Job instance at 0x7f979ff8bf00>,120,24,[10  1],121,-1,408,-1,384
1,<environment.Job instance at 0x7f979ff8bd20>,121,26,[5 8],122,-1,410,-1,384
1,<environment.Job instance at 0x7f97a0376b40>,124,16,[ 3 14],125,-1,415,-1,399
1,<environment.Job instance at 0x7f97a15712d0>,127,15,[13  3],128,-1,419,-1,404
1,<environment.Job instance at 0x7f97a0967a00>,129,26,[6 2],130,-1,440,-1,414
1,<environment.Job instance at 0x7f97a9eac320>,132,26,[13  4],133,-1,454,-1,428
1,<environment.Job instance at 0x7f97a12c90a0>,134,23,[14  1],135,-1,462,-1,439
1,<environment.Job instance at 0x7f97a13ac050>,135,14,[ 1 12],136,-1,453,-1,439
1,<environment.Job instance at 0x7f97a0ada0a0>,136,17,[14  4],137,-1,456,-1,439
1,<environment.Job instance at 0x7f97a0ada6e0>,139,1,[9 4],140,-1,459,-1,458
1,<environment.Job instance at 0x7f979ffb5f50>,140,24,[8 2],141,-1,482,-1,458
1,<environment.Job instance at 0x7f97a0adaaa0>,141,27,[ 3 13],142,-1,485,-1,458
1,<environment.Job instance at 0x7f97a10bd280>,142,18,[ 2 12],143,-1,476,-1,458
1,<environment.Job instance at 0x7f97a165b140>,147,15,[14  1],148,-1,498,-1,483
1,<environment.Job instance at 0x7f979ffe99b0>,148,26,[11  3],149,-1,509,-1,483
1,<environment.Job instance at 0x7f97a15bcdc0>,5,1,[10  4],6,-1,8,-1,7
1,<environment.Job instance at 0x7f97a15c4f00>,10,21,[ 2 14],11,-1,32,-1,11
1,<environment.Job instance at 0x7f97a15c47d0>,11,18,[13  5],12,-1,30,-1,12
1,<environment.Job instance at 0x7f97a15c4050>,12,20,[ 4 11],13,-1,33,-1,13
1,<environment.Job instance at 0x7f97a15c40f0>,13,12,[ 4 10],14,-1,26,-1,14
1,<environment.Job instance at 0x7f979fd16230>,18,15,[13  4],19,-1,55,-1,40
1,<environment.Job instance at 0x7f979fd162d0>,19,1,[1 9],20,-1,41,-1,40
1,<environment.Job instance at 0x7f979fd16370>,20,21,[4 8],21,-1,69,-1,48
1,<environment.Job instance at 0x7f979fd16410>,21,16,[11  4],22,-1,64,-1,48
1,<environment.Job instance at 0x7f979fd164b0>,22,15,[14  5],23,-1,63,-1,48
1,<environment.Job instance at 0x7f979fd166e0>,26,25,[ 5 10],27,-1,85,-1,60
1,<environment.Job instance at 0x7f979fd16870>,29,17,[ 2 14],30,-1,94,-1,77
1,<environment.Job instance at 0x7f979fd16910>,30,13,[13  4],31,-1,90,-1,77
1,<environment.Job instance at 0x7f979fd169b0>,31,18,[12  2],32,-1,95,-1,77
1,<environment.Job instance at 0x7f979fd16a50>,32,3,[8 4],33,-1,80,-1,77
1,<environment.Job instance at 0x7f979fd16be0>,34,1,[5 4],35,-1,88,-1,87
1,<environment.Job instance at 0x7f979fd16d20>,35,1,[ 1 13],36,-1,88,-1,87
1,<environment.Job instance at 0x7f979fd16b40>,36,3,[4 8],37,-1,90,-1,87
1,<environment.Job instance at 0x7f979fd16dc0>,37,12,[12  3],38,-1,99,-1,87
1,<environment.Job instance at 0x7f979fd16fa0>,41,2,[5 7],42,-1,98,-1,96
1,<environment.Job instance at 0x7f97a0a7b140>,42,13,[11  2],43,-1,109,-1,96
1,<environment.Job instance at 0x7f97a0a7b2d0>,43,12,[ 3 10],44,-1,108,-1,96
1,<environment.Job instance at 0x7f97a0a7b370>,44,13,[12  4],45,-1,109,-1,96
1,<environment.Job instance at 0x7f97a0a7b460>,45,24,[12  2],46,-1,120,-1,96
1,<environment.Job instance at 0x7f97a0a7b500>,46,12,[ 2 12],47,-1,108,-1,96
1,<environment.Job instance at 0x7f97a0a7b5a0>,47,12,[9 2],48,-1,116,-1,104
1,<environment.Job instance at 0x7f97a0a7b050>,48,3,[5 1],49,-1,107,-1,104
1,<environment.Job instance at 0x7f97a0a7b640>,50,3,[1 7],51,-1,110,-1,107
1,<environment.Job instance at 0x7f97a0a7b870>,52,17,[ 3 10],53,-1,133,-1,116
1,<environment.Job instance at 0x7f97a0a7ba50>,55,14,[ 4 13],56,-1,143,-1,129
1,<environment.Job instance at 0x7f97a0a7bb90>,57,13,[ 4 10],58,-1,163,-1,150
1,<environment.Job instance at 0x7f97a0a7bcd0>,59,22,[3 9],60,-1,173,-1,151
1,<environment.Job instance at 0x7f97a0a7bfa0>,61,23,[3 9],62,-1,179,-1,156
1,<environment.Job instance at 0x7f97a0a7bf50>,62,24,[ 4 14],63,-1,180,-1,156
1,<environment.Job instance at 0x7f97a0a85190>,63,23,[9 5],64,-1,179,-1,156
1,<environment.Job instance at 0x7f97a0a85230>,64,13,[ 4 13],65,-1,169,-1,156
1,<environment.Job instance at 0x7f97a0a852d0>,65,1,[3 6],66,-1,157,-1,156
1,<environment.Job instance at 0x7f97a0a85370>,66,14,[ 1 11],67,-1,170,-1,156
1,<environment.Job instance at 0x7f97a0a85410>,67,24,[7 4],68,-1,180,-1,156
1,<environment.Job instance at 0x7f97a0a85690>,71,3,[6 3],72,-1,183,-1,180
1,<environment.Job instance at 0x7f97a0a85730>,72,12,[14  4],73,-1,192,-1,180
1,<environment.Job instance at 0x7f97a0a857d0>,73,14,[ 2 10],74,-1,194,-1,180
1,<environment.Job instance at 0x7f97a0a85aa0>,77,25,[6 2],78,-1,223,-1,198
1,<environment.Job instance at 0x7f97a0a85140>,78,17,[ 1 13],79,-1,215,-1,198
1,<environment.Job instance at 0x7f97a0a85d70>,80,24,[5 6],81,-1,239,-1,215
1,<environment.Job instance at 0x7f97a0a85e10>,81,18,[ 1 10],82,-1,236,-1,218
1,<environment.Job instance at 0x7f97a0a85eb0>,82,25,[ 2 13],83,-1,243,-1,218
1,<environment.Job instance at 0x7f97a0a85c80>,84,15,[ 4 11],85,-1,233,-1,218
1,<environment.Job instance at 0x7f97a0a85f50>,85,26,[6 2],86,-1,244,-1,218
1,<environment.Job instance at 0x7f97a0a6d0a0>,88,26,[10  2],89,-1,255,-1,229
1,<environment.Job instance at 0x7f97a0a6d690>,92,17,[14  5],93,-1,264,-1,247
1,<environment.Job instance at 0x7f97a0a6d8c0>,95,28,[4 9],96,-1,298,-1,270
1,<environment.Job instance at 0x7f97a0ecacd0>,96,16,[12  5],97,-1,286,-1,270
1,<environment.Job instance at 0x7f97a020e7d0>,97,1,[ 2 14],98,-1,271,-1,270
1,<environment.Job instance at 0x7f979fcfd3c0>,99,17,[14  3],100,-1,292,-1,275
1,<environment.Job instance at 0x7f979fcfd0f0>,100,28,[10  3],101,-1,303,-1,275
1,<environment.Job instance at 0x7f97a05085f0>,101,3,[4 7],102,-1,278,-1,275
1,<environment.Job instance at 0x7f97a049a640>,102,1,[5 1],103,-1,276,-1,275
1,<environment.Job instance at 0x7f979fcfd640>,104,15,[ 1 10],105,-1,301,-1,286
1,<environment.Job instance at 0x7f97a0a6ce60>,105,2,[5 7],106,-1,288,-1,286
1,<environment.Job instance at 0x7f97a1639910>,108,17,[ 3 11],109,-1,328,-1,311
1,<environment.Job instance at 0x7f97a020b690>,109,15,[ 5 11],110,-1,326,-1,311
1,<environment.Job instance at 0x7f97a020b6e0>,110,28,[ 2 11],111,-1,339,-1,311
1,<environment.Job instance at 0x7f97a020b780>,111,23,[5 5],112,-1,334,-1,311
1,<environment.Job instance at 0x7f97a020baf0>,112,12,[11  3],113,-1,323,-1,311
1,<environment.Job instance at 0x7f97a020bdc0>,113,26,[ 4 12],114,-1,337,-1,311
1,<environment.Job instance at 0x7f97a020be10>,114,12,[ 4 12],115,-1,323,-1,311
1,<environment.Job instance at 0x7f97a020b8c0>,116,18,[14  4],117,-1,329,-1,311
1,<environment.Job instance at 0x7f97a020b190>,118,15,[ 2 12],119,-1,330,-1,315
1,<environment.Job instance at 0x7f97a020b3c0>,120,28,[13  2],121,-1,356,-1,328
1,<environment.Job instance at 0x7f97a16b8230>,123,27,[3 6],124,-1,370,-1,343
1,<environment.Job instance at 0x7f97a0fb2280>,125,22,[ 4 10],126,-1,383,-1,361
1,<environment.Job instance at 0x7f97a0f994b0>,126,28,[6 3],127,-1,389,-1,361
1,<environment.Job instance at 0x7f97a0e33cd0>,129,13,[13  2],130,-1,386,-1,373
1,<environment.Job instance at 0x7f97a0f85960>,130,24,[1 7],131,-1,397,-1,373
1,<environment.Job instance at 0x7f97a0f85cd0>,131,27,[ 5 12],132,-1,400,-1,373
1,<environment.Job instance at 0x7f97a0eebaf0>,132,17,[ 1 11],133,-1,390,-1,373
1,<environment.Job instance at 0x7f979fec4f50>,137,13,[ 5 10],138,-1,408,-1,395
1,<environment.Job instance at 0x7f97a0fb1c30>,138,23,[ 4 11],139,-1,418,-1,395
1,<environment.Job instance at 0x7f97a1539e10>,142,17,[11  3],143,-1,437,-1,420
1,<environment.Job instance at 0x7f97a0fab4b0>,146,25,[3 6],147,-1,461,-1,436
1,<environment.Job instance at 0x7f97a0fabe10>,147,1,[ 2 12],148,-1,437,-1,436
1,<environment.Job instance at 0x7f97a0fab7d0>,148,14,[14  4],149,-1,450,-1,436
1,<environment.Job instance at 0x7f97a11d9dc0>,9,16,[9 3],10,-1,530,-1,514
1,<environment.Job instance at 0x7f97a1214a00>,4,18,[ 4 11],5,-1,543,-1,525
1,<environment.Job instance at 0x7f97a1201050>,6,15,[9 5],7,-1,806,-1,791
1,<environment.Job instance at 0x7f97a11d9870>,2,1,[ 2 10],3,-1,7,-1,6
1,<environment.Job instance at 0x7f97a0b0d0f0>,6,23,[13  2],7,-1,30,-1,7
1,<environment.Job instance at 0x7f97a0b0d690>,7,14,[12  4],8,-1,22,-1,8
1,<environment.Job instance at 0x7f97a0b0deb0>,8,25,[ 2 10],9,-1,34,-1,9
1,<environment.Job instance at 0x7f97a0b0d820>,9,24,[14  1],10,-1,34,-1,10
1,<environment.Job instance at 0x7f97a0b0d1e0>,11,25,[14  2],12,-1,37,-1,12
1,<environment.Job instance at 0x7f97a0b0db40>,13,28,[5 9],14,-1,43,-1,15
1,<environment.Job instance at 0x7f979fe83730>,15,28,[6 1],16,-1,44,-1,16
1,<environment.Job instance at 0x7f97a0c01fa0>,20,23,[7 5],21,-1,63,-1,40
1,<environment.Job instance at 0x7f97a144ddc0>,25,18,[ 5 11],26,-1,72,-1,54
1,<environment.Job instance at 0x7f97a03ab5a0>,27,1,[14  4],28,-1,62,-1,61
1,<environment.Job instance at 0x7f97a1234280>,35,23,[13  4],36,-1,151,-1,128
1,<environment.Job instance at 0x7f979ffe9320>,36,17,[12  2],37,-1,145,-1,128
1,<environment.Job instance at 0x7f979ffe9870>,42,17,[14  5],43,-1,174,-1,157
1,<environment.Job instance at 0x7f97a148a8c0>,48,12,[ 1 13],49,-1,202,-1,190
1,<environment.Job instance at 0x7f979ffe41e0>,49,14,[11  1],50,-1,204,-1,190
1,<environment.Job instance at 0x7f979ffe4b40>,50,14,[14  1],51,-1,204,-1,190
1,<environment.Job instance at 0x7f979ffe4960>,51,24,[5 5],52,-1,216,-1,192
1,<environment.Job instance at 0x7f979ffe4550>,52,15,[ 4 11],53,-1,207,-1,192
1,<environment.Job instance at 0x7f97a0b56500>,57,16,[ 4 14],58,-1,234,-1,218
1,<environment.Job instance at 0x7f97a0b565f0>,60,17,[13  4],61,-1,249,-1,232
1,<environment.Job instance at 0x7f97a00892d0>,61,1,[ 5 11],62,-1,233,-1,232
1,<environment.Job instance at 0x7f979fedbaa0>,66,12,[12  5],67,-1,294,-1,282
1,<environment.Job instance at 0x7f979fedbf00>,69,26,[ 2 12],70,-1,311,-1,285
1,<environment.Job instance at 0x7f979fedb3c0>,71,1,[ 3 12],72,-1,300,-1,299
1,<environment.Job instance at 0x7f979fedbbe0>,72,24,[10  3],73,-1,323,-1,299
1,<environment.Job instance at 0x7f979fedb8c0>,74,3,[11  1],75,-1,302,-1,299
1,<environment.Job instance at 0x7f979fec43c0>,77,26,[5 5],78,-1,343,-1,317
1,<environment.Job instance at 0x7f979fec4af0>,78,21,[13  1],79,-1,338,-1,317
1,<environment.Job instance at 0x7f979fe8adc0>,90,16,[12  4],91,-1,429,-1,413
1,<environment.Job instance at 0x7f979fe8a5a0>,91,26,[5 2],92,-1,439,-1,413
1,<environment.Job instance at 0x7f979fe8acd0>,92,24,[9 3],93,-1,437,-1,413
1,<environment.Job instance at 0x7f979fe8ab40>,93,26,[6 3],94,-1,439,-1,413
1,<environment.Job instance at 0x7f979fe8ae10>,89,26,[12  4],90,-1,439,-1,413
1,<environment.Job instance at 0x7f979fe502d0>,96,16,[ 1 10],97,-1,442,-1,426
1,<environment.Job instance at 0x7f979fe500f0>,98,22,[3 8],99,-1,461,-1,439
1,<environment.Job instance at 0x7f979fe50190>,101,26,[2 6],102,-1,481,-1,455
1,<environment.Job instance at 0x7f979fe50dc0>,103,25,[1 6],104,-1,480,-1,455
1,<environment.Job instance at 0x7f979fe50690>,104,15,[ 2 10],105,-1,470,-1,455
1,<environment.Job instance at 0x7f979fe50d70>,105,22,[2 7],106,-1,478,-1,456
1,<environment.Job instance at 0x7f979fe50460>,106,13,[5 1],107,-1,469,-1,456
1,<environment.Job instance at 0x7f979fe50f50>,107,12,[1 9],108,-1,468,-1,456
1,<environment.Job instance at 0x7f979fe50c30>,108,16,[13  3],109,-1,472,-1,456
1,<environment.Job instance at 0x7f979fe50aa0>,111,16,[11  1],112,-1,489,-1,473
1,<environment.Job instance at 0x7f979fe50d20>,112,19,[11  4],113,-1,492,-1,473
1,<environment.Job instance at 0x7f97a143b410>,113,22,[1 7],114,-1,505,-1,483
1,<environment.Job instance at 0x7f97a143b4b0>,114,19,[13  1],115,-1,502,-1,483
1,<environment.Job instance at 0x7f97a143ba00>,117,14,[ 4 13],118,-1,521,-1,507
1,<environment.Job instance at 0x7f97a143b7d0>,118,13,[13  5],119,-1,520,-1,507
1,<environment.Job instance at 0x7f97a0893230>,120,16,[ 3 12],121,-1,523,-1,507
1,<environment.Job instance at 0x7f97a08934b0>,122,28,[14  1],123,-1,548,-1,520
1,<environment.Job instance at 0x7f97a08939b0>,123,25,[10  1],124,-1,545,-1,520
1,<environment.Job instance at 0x7f97a0893640>,124,14,[ 1 14],125,-1,534,-1,520
1,<environment.Job instance at 0x7f97a0893a50>,125,21,[ 1 14],126,-1,541,-1,520
1,<environment.Job instance at 0x7f97a1063e10>,129,3,[3 5],130,-1,560,-1,557
1,<environment.Job instance at 0x7f97a1063a00>,131,25,[9 4],132,-1,582,-1,557
1,<environment.Job instance at 0x7f97a15adf50>,132,1,[ 3 10],133,-1,558,-1,557
1,<environment.Job instance at 0x7f979ff97820>,1,26,[ 3 10],2,-1,28,-1,2
1,<environment.Job instance at 0x7f97a15db870>,3,22,[ 3 12],4,-1,26,-1,4
1,<environment.Job instance at 0x7f97a15dbfa0>,4,28,[8 3],5,-1,33,-1,5
1,<environment.Job instance at 0x7f97a15dbf50>,6,12,[ 5 14],7,-1,19,-1,7
1,<environment.Job instance at 0x7f979fe9d7d0>,9,25,[ 5 14],10,-1,35,-1,10
1,<environment.Job instance at 0x7f97a15db5a0>,10,15,[12  1],11,-1,26,-1,11
1,<environment.Job instance at 0x7f97a15dbd20>,13,2,[ 3 12],14,-1,16,-1,14
1,<environment.Job instance at 0x7f97a029a7d0>,19,25,[4 6],20,-1,58,-1,33
1,<environment.Job instance at 0x7f97a029afa0>,20,21,[ 5 11],21,-1,54,-1,33
1,<environment.Job instance at 0x7f97a029a0a0>,21,1,[1 5],22,-1,34,-1,33
1,<environment.Job instance at 0x7f97a029ae10>,23,2,[3 7],24,-1,44,-1,42
1,<environment.Job instance at 0x7f97a029a370>,24,18,[ 3 14],25,-1,60,-1,42
1,<environment.Job instance at 0x7f97a029ad20>,25,17,[14  4],26,-1,59,-1,42
1,<environment.Job instance at 0x7f97a029a8c0>,27,16,[12  2],28,-1,67,-1,51
1,<environment.Job instance at 0x7f97a029adc0>,28,13,[ 4 14],29,-1,64,-1,51
1,<environment.Job instance at 0x7f97a029a690>,31,13,[14  3],32,-1,78,-1,65
1,<environment.Job instance at 0x7f97a029a910>,33,2,[6 2],34,-1,73,-1,71
1,<environment.Job instance at 0x7f97a0e8e460>,36,12,[11  5],37,-1,100,-1,88
1,<environment.Job instance at 0x7f97a0e8e640>,39,14,[ 5 11],40,-1,124,-1,110
1,<environment.Job instance at 0x7f97a0e8edc0>,40,17,[ 3 14],41,-1,127,-1,110
1,<environment.Job instance at 0x7f97a0e8ed20>,41,23,[7 5],42,-1,133,-1,110
1,<environment.Job instance at 0x7f97a0e8e870>,43,23,[1 5],44,-1,134,-1,111
1,<environment.Job instance at 0x7f97a0e8e960>,45,26,[ 1 11],46,-1,147,-1,121
1,<environment.Job instance at 0x7f97a0e8e820>,46,12,[13  4],47,-1,133,-1,121
1,<environment.Job instance at 0x7f97a0e8e7d0>,47,3,[9 1],48,-1,124,-1,121
1,<environment.Job instance at 0x7f97a0e8ef00>,48,15,[ 1 11],49,-1,136,-1,121
1,<environment.Job instance at 0x7f97a0e8e9b0>,50,17,[13  4],51,-1,145,-1,128
1,<environment.Job instance at 0x7f97aa1185f0>,56,27,[12  4],57,-1,198,-1,171
1,<environment.Job instance at 0x7f97c5adcbe0>,57,24,[ 1 10],58,-1,195,-1,171
1,<environment.Job instance at 0x7f97a0764d70>,62,13,[11  1],63,-1,223,-1,210
1,<environment.Job instance at 0x7f97a0764460>,63,17,[14  5],64,-1,227,-1,210
1,<environment.Job instance at 0x7f97a1065050>,64,14,[13  2],65,-1,224,-1,210
1,<environment.Job instance at 0x7f97a1065140>,65,16,[ 5 13],66,-1,226,-1,210
1,<environment.Job instance at 0x7f97a1065230>,66,28,[14  3],67,-1,238,-1,210
1,<environment.Job instance at 0x7f97a1065460>,68,13,[ 3 13],69,-1,239,-1,226
1,<environment.Job instance at 0x7f97a17078c0>,70,24,[5 5],71,-1,250,-1,226
1,<environment.Job instance at 0x7f97a17077d0>,71,18,[13  5],72,-1,244,-1,226
1,<environment.Job instance at 0x7f97a1707b40>,73,14,[ 5 14],74,-1,242,-1,228
1,<environment.Job instance at 0x7f97a1707c30>,77,12,[ 2 14],78,-1,274,-1,262
1,<environment.Job instance at 0x7f97a1032690>,80,22,[ 2 14],81,-1,299,-1,277
1,<environment.Job instance at 0x7f97a07a1320>,81,25,[9 2],82,-1,302,-1,277
1,<environment.Job instance at 0x7f97a1500960>,84,25,[6 3],85,-1,315,-1,290
1,<environment.Job instance at 0x7f97a0d8a640>,85,17,[14  3],86,-1,307,-1,290
1,<environment.Job instance at 0x7f97a11568c0>,86,16,[ 1 13],87,-1,306,-1,290
1,<environment.Job instance at 0x7f97a0b5c550>,87,25,[ 4 12],88,-1,315,-1,290
1,<environment.Job instance at 0x7f97a05f61e0>,88,23,[ 1 10],89,-1,313,-1,290
1,<environment.Job instance at 0x7f97a0656230>,90,13,[ 2 11],91,-1,304,-1,291
1,<environment.Job instance at 0x7f97a01b5140>,92,14,[14  1],93,-1,324,-1,310
1,<environment.Job instance at 0x7f97a01b5b40>,93,19,[ 3 11],94,-1,329,-1,310
1,<environment.Job instance at 0x7f979fd0b690>,95,15,[14  4],96,-1,342,-1,327
1,<environment.Job instance at 0x7f979fd42230>,96,28,[4 5],97,-1,355,-1,327
1,<environment.Job instance at 0x7f979fd0bd20>,98,15,[11  4],99,-1,342,-1,327
1,<environment.Job instance at 0x7f979fd0be10>,99,28,[3 6],100,-1,355,-1,327
1,<environment.Job instance at 0x7f979fd46050>,101,17,[12  3],102,-1,357,-1,340
1,<environment.Job instance at 0x7f979fd46e10>,102,14,[ 4 10],103,-1,354,-1,340
1,<environment.Job instance at 0x7f97a09ff1e0>,103,22,[ 3 13],104,-1,362,-1,340
1,<environment.Job instance at 0x7f979fdfc9b0>,105,2,[ 5 10],106,-1,342,-1,340
1,<environment.Job instance at 0x7f979fdfcc30>,106,12,[ 4 12],107,-1,352,-1,340
1,<environment.Job instance at 0x7f97a13400a0>,107,3,[2 6],108,-1,343,-1,340
1,<environment.Job instance at 0x7f979fd3faa0>,108,28,[ 4 11],109,-1,368,-1,340
1,<environment.Job instance at 0x7f979fd3fcd0>,111,19,[ 2 11],112,-1,379,-1,360
1,<environment.Job instance at 0x7f979fd3ffa0>,112,12,[14  5],113,-1,372,-1,360
1,<environment.Job instance at 0x7f979fd3f1e0>,113,27,[10  1],114,-1,387,-1,360
1,<environment.Job instance at 0x7f979fd3fa00>,115,18,[ 5 12],116,-1,379,-1,361
1,<environment.Job instance at 0x7f979fd3fbe0>,116,25,[11  3],117,-1,386,-1,361
1,<environment.Job instance at 0x7f979fd3f550>,119,23,[6 5],120,-1,404,-1,381
1,<environment.Job instance at 0x7f979fd3faf0>,120,1,[13  4],121,-1,382,-1,381
1,<environment.Job instance at 0x7f979fd3ff50>,121,25,[13  3],122,-1,406,-1,381
1,<environment.Job instance at 0x7f979fd3f780>,122,26,[ 3 13],123,-1,407,-1,381
1,<environment.Job instance at 0x7f979fd3f730>,123,23,[2 7],124,-1,404,-1,381
1,<environment.Job instance at 0x7f97a1267d70>,126,20,[ 4 13],127,-1,432,-1,412
1,<environment.Job instance at 0x7f97a0ada7d0>,127,28,[6 1],128,-1,440,-1,412
1,<environment.Job instance at 0x7f97a163ad70>,132,3,[ 5 11],133,-1,475,-1,472
1,<environment.Job instance at 0x7f97a11bc820>,137,18,[ 3 12],138,-1,507,-1,489
1,<environment.Job instance at 0x7f97a11bc550>,139,20,[14  4],140,-1,520,-1,500
1,<environment.Job instance at 0x7f97a11bc3c0>,141,26,[ 3 12],142,-1,537,-1,511
1,<environment.Job instance at 0x7f97a11bcd20>,142,12,[12  1],143,-1,523,-1,511
1,<environment.Job instance at 0x7f97a02adaf0>,144,20,[12  4],145,-1,531,-1,511
1,<environment.Job instance at 0x7f97a02ad5a0>,145,1,[3 5],146,-1,512,-1,511
1,<environment.Job instance at 0x7f97a0e8e0f0>,2,26,[7 5],3,-1,29,-1,3
1,<environment.Job instance at 0x7f97a0b2dd20>,5,2,[ 3 10],6,-1,8,-1,6
1,<environment.Job instance at 0x7f97a0b2dcd0>,7,13,[13  5],8,-1,21,-1,8
1,<environment.Job instance at 0x7f97a0b2df00>,9,28,[5 5],10,-1,38,-1,10
1,<environment.Job instance at 0x7f97a029acd0>,11,25,[9 3],12,-1,37,-1,12
1,<environment.Job instance at 0x7f97a0b35550>,14,12,[ 4 14],15,-1,27,-1,15
1,<environment.Job instance at 0x7f97a0b354b0>,15,21,[ 4 14],16,-1,37,-1,16
1,<environment.Job instance at 0x7f97a0b355f0>,16,14,[ 1 13],17,-1,31,-1,17
1,<environment.Job instance at 0x7f97a0b35690>,17,16,[12  5],18,-1,34,-1,18
1,<environment.Job instance at 0x7f97a0b35640>,18,28,[4 5],19,-1,47,-1,19
1,<environment.Job instance at 0x7f97a0b357d0>,19,2,[5 5],20,-1,22,-1,20
1,<environment.Job instance at 0x7f97a0b35460>,22,1,[ 1 11],23,-1,24,-1,23
1,<environment.Job instance at 0x7f97a0b35a00>,23,28,[1 8],24,-1,53,-1,25
1,<environment.Job instance at 0x7f97a0b35cd0>,28,1,[1 9],29,-1,41,-1,40
1,<environment.Job instance at 0x7f97a0b35960>,29,27,[ 3 10],30,-1,67,-1,40
1,<environment.Job instance at 0x7f97a0b35fa0>,31,12,[8 1],32,-1,65,-1,53
1,<environment.Job instance at 0x7f97a0b35d20>,32,22,[4 8],33,-1,76,-1,54
1,<environment.Job instance at 0x7f97a129b140>,33,16,[ 4 11],34,-1,70,-1,54
1,<environment.Job instance at 0x7f97a129b230>,34,28,[ 4 13],35,-1,82,-1,54
1,<environment.Job instance at 0x7f97a129b2d0>,35,15,[ 5 14],36,-1,69,-1,54
1,<environment.Job instance at 0x7f97a129b050>,36,3,[ 2 14],37,-1,57,-1,54
1,<environment.Job instance at 0x7f97a129b410>,37,14,[ 3 11],38,-1,68,-1,54
1,<environment.Job instance at 0x7f97a129b4b0>,38,14,[ 1 10],39,-1,68,-1,54
1,<environment.Job instance at 0x7f97a129b7d0>,41,22,[1 5],42,-1,88,-1,66
1,<environment.Job instance at 0x7f97a129b820>,42,17,[1 6],43,-1,83,-1,66
1,<environment.Job instance at 0x7f97a129b780>,43,14,[ 2 14],44,-1,80,-1,66
1,<environment.Job instance at 0x7f97a129baa0>,46,15,[4 5],47,-1,100,-1,85
1,<environment.Job instance at 0x7f97a129bb40>,47,16,[10  5],48,-1,101,-1,85
1,<environment.Job instance at 0x7f97a129bbe0>,48,13,[5 1],49,-1,98,-1,85
1,<environment.Job instance at 0x7f97a129bc80>,49,13,[6 3],50,-1,98,-1,85
1,<environment.Job instance at 0x7f97a129bd20>,50,15,[10  3],51,-1,100,-1,85
1,<environment.Job instance at 0x7f97a129bdc0>,51,12,[3 9],52,-1,97,-1,85
1,<environment.Job instance at 0x7f97a129be60>,52,17,[ 4 14],53,-1,102,-1,85
1,<environment.Job instance at 0x7f97a129bf00>,53,18,[2 9],54,-1,103,-1,85
1,<environment.Job instance at 0x7f97a129b730>,54,17,[12  4],55,-1,102,-1,85
1,<environment.Job instance at 0x7f97a12961e0>,55,14,[ 3 11],56,-1,99,-1,85
1,<environment.Job instance at 0x7f97a1296280>,56,16,[ 4 13],57,-1,101,-1,85
1,<environment.Job instance at 0x7f97a1296320>,57,24,[ 1 11],58,-1,109,-1,85
1,<environment.Job instance at 0x7f97a12963c0>,58,17,[ 4 11],59,-1,102,-1,85
1,<environment.Job instance at 0x7f97a1296500>,60,15,[ 2 10],61,-1,108,-1,93
1,<environment.Job instance at 0x7f97a12965a0>,61,2,[3 6],62,-1,95,-1,93
1,<environment.Job instance at 0x7f97a1296640>,62,12,[4 5],63,-1,106,-1,94
1,<environment.Job instance at 0x7f97a12966e0>,63,27,[ 3 10],64,-1,121,-1,94
1,<environment.Job instance at 0x7f97a1296780>,64,25,[8 1],65,-1,119,-1,94
1,<environment.Job instance at 0x7f97a1296820>,65,18,[4 9],66,-1,118,-1,100
1,<environment.Job instance at 0x7f97a1296aa0>,67,23,[5 4],68,-1,124,-1,101
1,<environment.Job instance at 0x7f97a1296a50>,68,28,[3 6],69,-1,129,-1,101
1,<environment.Job instance at 0x7f97a1296b40>,69,20,[14  5],70,-1,121,-1,101
1,<environment.Job instance at 0x7f97a1296be0>,70,16,[5 1],71,-1,117,-1,101
1,<environment.Job instance at 0x7f97a1296c80>,71,17,[14  1],72,-1,118,-1,101
1,<environment.Job instance at 0x7f97a1296dc0>,73,28,[4 5],74,-1,143,-1,115
1,<environment.Job instance at 0x7f97a1296e60>,74,26,[1 7],75,-1,141,-1,115
1,<environment.Job instance at 0x7f97a1296fa0>,76,23,[6 2],77,-1,146,-1,123
1,<environment.Job instance at 0x7f97a12a68c0>,79,27,[3 8],80,-1,171,-1,144
1,<environment.Job instance at 0x7f97a12a6640>,80,16,[1 9],81,-1,161,-1,145
1,<environment.Job instance at 0x7f97a12a67d0>,81,2,[ 4 13],82,-1,147,-1,145
1,<environment.Job instance at 0x7f97a12a65a0>,82,27,[10  5],83,-1,172,-1,145
1,<environment.Job instance at 0x7f97a12a6d20>,85,22,[2 8],86,-1,202,-1,180
1,<environment.Job instance at 0x7f97a12a6550>,87,18,[14  1],88,-1,198,-1,180
1,<environment.Job instance at 0x7f97a12a6870>,88,15,[13  5],89,-1,195,-1,180
1,<environment.Job instance at 0x7f97a12a65f0>,90,15,[ 3 12],91,-1,207,-1,192
1,<environment.Job instance at 0x7f97a12a6820>,91,3,[ 1 11],92,-1,195,-1,192
1,<environment.Job instance at 0x7f97a12a69b0>,92,14,[12  4],93,-1,206,-1,192
1,<environment.Job instance at 0x7f97a12a63c0>,96,12,[ 3 14],97,-1,239,-1,227
1,<environment.Job instance at 0x7f97a12a6e60>,97,24,[9 4],98,-1,251,-1,227
1,<environment.Job instance at 0x7f97a12bf0f0>,100,13,[12  1],101,-1,242,-1,229
1,<environment.Job instance at 0x7f97a12bf2d0>,102,26,[9 5],103,-1,267,-1,241
1,<environment.Job instance at 0x7f97a12bf3c0>,103,18,[13  5],104,-1,259,-1,241
1,<environment.Job instance at 0x7f97a12bf5a0>,105,18,[ 3 10],106,-1,265,-1,247
1,<environment.Job instance at 0x7f97a12bf640>,106,23,[5 1],107,-1,270,-1,247
1,<environment.Job instance at 0x7f97a12bf8c0>,110,24,[8 1],111,-1,301,-1,277
1,<environment.Job instance at 0x7f97a12bfa00>,112,25,[12  2],113,-1,320,-1,295
1,<environment.Job instance at 0x7f97a12bfb40>,114,2,[10  5],115,-1,314,-1,312
1,<environment.Job instance at 0x7f97a12bfc30>,115,17,[13  1],116,-1,329,-1,312
1,<environment.Job instance at 0x7f97a12bfe60>,118,12,[ 2 12],119,-1,339,-1,327
1,<environment.Job instance at 0x7f97a12bff00>,119,15,[ 3 13],120,-1,342,-1,327
1,<environment.Job instance at 0x7f97a12bffa0>,120,16,[12  4],121,-1,343,-1,327
1,<environment.Job instance at 0x7f97a12bfdc0>,121,26,[14  3],122,-1,353,-1,327
1,<environment.Job instance at 0x7f97a12bff50>,122,1,[10  1],123,-1,328,-1,327
1,<environment.Job instance at 0x7f97a12b81e0>,123,1,[5 3],124,-1,328,-1,327
1,<environment.Job instance at 0x7f97a12b8230>,124,24,[6 4],125,-1,351,-1,327
1,<environment.Job instance at 0x7f97a12b83c0>,125,2,[ 2 13],126,-1,329,-1,327
1,<environment.Job instance at 0x7f97a12b85a0>,128,24,[8 2],129,-1,371,-1,347
1,<environment.Job instance at 0x7f97a12b8640>,129,1,[ 2 13],130,-1,348,-1,347
1,<environment.Job instance at 0x7f97a12b8780>,131,23,[5 7],132,-1,372,-1,349
1,<environment.Job instance at 0x7f97a00b8a50>,134,18,[ 2 13],135,-1,385,-1,367
1,<environment.Job instance at 0x7f97a1167190>,137,18,[ 5 13],138,-1,401,-1,383
1,<environment.Job instance at 0x7f97a0b0faf0>,138,1,[12  2],139,-1,384,-1,383
1,<environment.Job instance at 0x7f97a0b22280>,139,2,[14  4],140,-1,385,-1,383
1,<environment.Job instance at 0x7f97a0b2fdc0>,141,15,[ 1 12],142,-1,403,-1,388
1,<environment.Job instance at 0x7f97a0b2fd20>,142,15,[14  5],143,-1,403,-1,388
1,<environment.Job instance at 0x7f97a0b2f780>,147,14,[ 1 10],148,-1,429,-1,415
1,<environment.Job instance at 0x7f97a0b35870>,21,25,[ 2 14],22,-1,4091,-1,4066
1,<environment.Job instance at 0x7f979fd9c230>,8,1,[10  1],9,-1,10,-1,9
1,<environment.Job instance at 0x7f97a0b2fe60>,9,23,[ 2 10],10,-1,33,-1,10
1,<environment.Job instance at 0x7f97a0b2fbe0>,10,12,[13  5],11,-1,23,-1,11
1,<environment.Job instance at 0x7f979fd9ccd0>,13,15,[13  5],14,-1,36,-1,21
1,<environment.Job instance at 0x7f97a0b2f370>,15,15,[12  2],16,-1,40,-1,25
1,<environment.Job instance at 0x7f97a0b2f320>,16,24,[ 5 14],17,-1,49,-1,25
1,<environment.Job instance at 0x7f97a0b2f0f0>,17,24,[ 1 13],18,-1,49,-1,25
1,<environment.Job instance at 0x7f97a0b2f230>,18,14,[ 5 13],19,-1,39,-1,25
1,<environment.Job instance at 0x7f97a0afc7d0>,23,22,[3 6],24,-1,119,-1,97
1,<environment.Job instance at 0x7f97a0afc230>,27,23,[5 9],28,-1,121,-1,98
1,<environment.Job instance at 0x7f979fd970a0>,30,27,[4 7],31,-1,144,-1,117
1,<environment.Job instance at 0x7f97a10255f0>,31,13,[6 1],32,-1,130,-1,117
1,<environment.Job instance at 0x7f979fda30f0>,40,14,[ 1 14],41,-1,167,-1,153
1,<environment.Job instance at 0x7f979fda3550>,42,14,[11  4],43,-1,179,-1,165
1,<environment.Job instance at 0x7f97a0d292d0>,44,18,[ 4 12],45,-1,200,-1,182
1,<environment.Job instance at 0x7f979fd90780>,46,3,[10  1],47,-1,185,-1,182
1,<environment.Job instance at 0x7f97a0d298c0>,47,25,[5 4],48,-1,207,-1,182
1,<environment.Job instance at 0x7f97a0aa27d0>,51,16,[ 5 13],52,-1,229,-1,213
1,<environment.Job instance at 0x7f97a0aa2640>,52,17,[ 2 12],53,-1,230,-1,213
1,<environment.Job instance at 0x7f97a0aa2b90>,53,25,[9 2],54,-1,238,-1,213
1,<environment.Job instance at 0x7f97a0aa21e0>,54,25,[ 1 13],55,-1,238,-1,213
1,<environment.Job instance at 0x7f97a111e5a0>,62,14,[ 2 12],63,-1,268,-1,254
1,<environment.Job instance at 0x7f97a05fd2d0>,72,3,[ 3 11],73,-1,308,-1,305
1,<environment.Job instance at 0x7f97a05fd320>,74,12,[ 1 13],75,-1,334,-1,322
1,<environment.Job instance at 0x7f97a05fd5a0>,78,12,[ 4 14],79,-1,360,-1,348
1,<environment.Job instance at 0x7f979fd8e820>,79,28,[8 5],80,-1,376,-1,348
1,<environment.Job instance at 0x7f97a05fd3c0>,81,21,[14  2],82,-1,377,-1,356
1,<environment.Job instance at 0x7f97a9c57500>,83,14,[ 2 11],84,-1,370,-1,356
1,<environment.Job instance at 0x7f97a9c57aa0>,86,28,[6 5],87,-1,406,-1,378
1,<environment.Job instance at 0x7f97a151a960>,89,20,[14  4],90,-1,413,-1,393
1,<environment.Job instance at 0x7f97a151a870>,90,3,[14  3],91,-1,396,-1,393
1,<environment.Job instance at 0x7f97a151a3c0>,91,18,[12  4],92,-1,411,-1,393
1,<environment.Job instance at 0x7f97a0723500>,92,18,[ 4 13],93,-1,411,-1,393
1,<environment.Job instance at 0x7f97a0d11b90>,95,18,[ 4 11],96,-1,443,-1,425
1,<environment.Job instance at 0x7f97a0723690>,96,27,[6 5],97,-1,452,-1,425
1,<environment.Job instance at 0x7f97a076a6e0>,97,27,[ 3 13],98,-1,452,-1,425
1,<environment.Job instance at 0x7f97a0d11730>,99,25,[9 4],100,-1,450,-1,425
1,<environment.Job instance at 0x7f97a05efaf0>,103,27,[2 8],104,-1,470,-1,443
1,<environment.Job instance at 0x7f97a004bd70>,106,27,[8 1],107,-1,494,-1,467
1,<environment.Job instance at 0x7f97a16be460>,110,12,[14  3],111,-1,495,-1,483
1,<environment.Job instance at 0x7f97a012fb90>,111,25,[1 9],112,-1,508,-1,483
1,<environment.Job instance at 0x7f97a00312d0>,112,3,[ 4 12],113,-1,486,-1,483
1,<environment.Job instance at 0x7f97a06e0c30>,113,27,[9 3],114,-1,510,-1,483
1,<environment.Job instance at 0x7f97a0622b90>,115,28,[6 2],116,-1,524,-1,496
1,<environment.Job instance at 0x7f97a03b6280>,117,3,[2 7],118,-1,500,-1,497
1,<environment.Job instance at 0x7f97a03b6820>,119,1,[7 4],120,-1,514,-1,513
1,<environment.Job instance at 0x7f97a06c7820>,121,2,[7 5],122,-1,515,-1,513
1,<environment.Job instance at 0x7f97a06c7730>,122,1,[2 7],123,-1,514,-1,513
1,<environment.Job instance at 0x7f97a099f8c0>,125,1,[13  2],126,-1,526,-1,525
1,<environment.Job instance at 0x7f97a13da4b0>,127,28,[11  1],128,-1,573,-1,545
1,<environment.Job instance at 0x7f97a0f0bc80>,129,26,[13  2],130,-1,571,-1,545
1,<environment.Job instance at 0x7f97a0893be0>,130,21,[ 3 11],131,-1,566,-1,545
1,<environment.Job instance at 0x7f97a0dd87d0>,132,2,[8 3],133,-1,552,-1,550
1,<environment.Job instance at 0x7f97a0dd8460>,133,25,[6 4],134,-1,575,-1,550
1,<environment.Job instance at 0x7f97a0dd8280>,135,1,[10  2],136,-1,560,-1,559
1,<environment.Job instance at 0x7f97a0d22550>,136,23,[10  1],137,-1,582,-1,559
1,<environment.Job instance at 0x7f97a0d22690>,137,27,[4 7],138,-1,586,-1,559
1,<environment.Job instance at 0x7f979fd98af0>,139,3,[13  1],140,-1,570,-1,567
1,<environment.Job instance at 0x7f979fd98aa0>,142,12,[11  4],143,-1,605,-1,593
1,<environment.Job instance at 0x7f979fd982d0>,143,15,[ 4 11],144,-1,608,-1,593
1,<environment.Job instance at 0x7f97a0de1b90>,144,1,[ 4 13],145,-1,594,-1,593
1,<environment.Job instance at 0x7f97a0de1690>,145,14,[11  3],146,-1,607,-1,593
1,<environment.Job instance at 0x7f979fd7c0f0>,148,24,[3 6],149,-1,634,-1,610
1,<environment.Job instance at 0x7f97a0e5c550>,1,15,[12  3],2,-1,17,-1,2
1,<environment.Job instance at 0x7f97a0e5cb40>,2,12,[ 4 14],3,-1,15,-1,3
1,<environment.Job instance at 0x7f97a0e5ca00>,13,19,[3 9],14,-1,66,-1,47
1,<environment.Job instance at 0x7f97a02de5f0>,18,19,[13  3],19,-1,81,-1,62
1,<environment.Job instance at 0x7f97a02def50>,20,21,[10  4],21,-1,106,-1,85
1,<environment.Job instance at 0x7f97a02de870>,23,20,[8 3],24,-1,105,-1,85
1,<environment.Job instance at 0x7f97a0c2ab40>,24,12,[5 7],25,-1,97,-1,85
1,<environment.Job instance at 0x7f97a0c2a370>,25,14,[4 9],26,-1,99,-1,85
1,<environment.Job instance at 0x7f97a0c2afa0>,27,17,[14  4],28,-1,118,-1,101
1,<environment.Job instance at 0x7f97a0c2af00>,28,12,[12  2],29,-1,113,-1,101
1,<environment.Job instance at 0x7f97a0c2a0f0>,30,23,[14  2],31,-1,125,-1,102
1,<environment.Job instance at 0x7f97a0c2a5f0>,31,25,[5 3],32,-1,127,-1,102
1,<environment.Job instance at 0x7f97a0c2a640>,32,17,[1 7],33,-1,119,-1,102
1,<environment.Job instance at 0x7f97a0c2aa00>,33,1,[4 8],34,-1,103,-1,102
1,<environment.Job instance at 0x7f97a0c2a5a0>,34,13,[ 4 13],35,-1,115,-1,102
1,<environment.Job instance at 0x7f97a0c2a230>,35,15,[1 9],36,-1,117,-1,102
1,<environment.Job instance at 0x7f97a13b1fa0>,36,14,[10  5],37,-1,116,-1,102
1,<environment.Job instance at 0x7f97a13b18c0>,37,14,[5 2],38,-1,116,-1,102
1,<environment.Job instance at 0x7f97a13b1730>,38,17,[13  2],39,-1,119,-1,102
1,<environment.Job instance at 0x7f97a13b1d70>,39,23,[8 3],40,-1,125,-1,102
1,<environment.Job instance at 0x7f97a13b1280>,40,16,[12  5],41,-1,118,-1,102
1,<environment.Job instance at 0x7f97a13b1460>,41,14,[3 8],42,-1,116,-1,102
1,<environment.Job instance at 0x7f97a13b1aa0>,42,28,[8 4],43,-1,130,-1,102
1,<environment.Job instance at 0x7f97a0f7a6e0>,43,16,[13  2],44,-1,118,-1,102
1,<environment.Job instance at 0x7f97a0f6f0f0>,44,2,[6 2],45,-1,104,-1,102
1,<environment.Job instance at 0x7f97a0f7a140>,45,12,[ 5 14],46,-1,114,-1,102
1,<environment.Job instance at 0x7f97a0f7a0a0>,46,14,[14  2],47,-1,116,-1,102
1,<environment.Job instance at 0x7f97a0f7a780>,47,14,[ 2 10],48,-1,116,-1,102
1,<environment.Job instance at 0x7f97a1586780>,48,12,[8 1],49,-1,114,-1,102
1,<environment.Job instance at 0x7f97a1697190>,49,23,[6 3],50,-1,125,-1,102
1,<environment.Job instance at 0x7f97a0f7aa50>,50,17,[1 5],51,-1,119,-1,102
1,<environment.Job instance at 0x7f97a1697870>,51,21,[12  2],52,-1,123,-1,102
1,<environment.Job instance at 0x7f97a097fe10>,52,21,[13  1],53,-1,123,-1,102
1,<environment.Job instance at 0x7f97a097f8c0>,53,14,[1 5],54,-1,116,-1,102
1,<environment.Job instance at 0x7f97a097f230>,54,15,[2 6],55,-1,117,-1,102
1,<environment.Job instance at 0x7f97a09a8780>,55,15,[12  3],56,-1,117,-1,102
1,<environment.Job instance at 0x7f97a09a8870>,56,16,[14  3],57,-1,118,-1,102
1,<environment.Job instance at 0x7f97a161e370>,57,12,[9 4],58,-1,114,-1,102
1,<environment.Job instance at 0x7f97a0167280>,58,17,[4 6],59,-1,125,-1,108
1,<environment.Job instance at 0x7f97a1617c80>,59,16,[ 4 13],60,-1,124,-1,108
1,<environment.Job instance at 0x7f97a09a88c0>,60,14,[5 9],61,-1,123,-1,109
1,<environment.Job instance at 0x7f97a15e8a00>,61,17,[ 4 11],62,-1,126,-1,109
1,<environment.Job instance at 0x7f97a15e83c0>,63,24,[2 5],64,-1,142,-1,118
1,<environment.Job instance at 0x7f97a15e8dc0>,64,23,[11  4],65,-1,141,-1,118
1,<environment.Job instance at 0x7f97a15e8140>,65,13,[ 1 11],66,-1,131,-1,118
1,<environment.Job instance at 0x7f97a15e8cd0>,66,3,[ 3 11],67,-1,121,-1,118
1,<environment.Job instance at 0x7f97a15e8d20>,67,20,[ 1 10],68,-1,138,-1,118
1,<environment.Job instance at 0x7f97a10eccd0>,73,16,[ 2 13],74,-1,167,-1,151
1,<environment.Job instance at 0x7f979fdb10a0>,74,15,[ 5 10],75,-1,182,-1,167
1,<environment.Job instance at 0x7f979fd2a230>,78,28,[5 4],79,-1,195,-1,167
1,<environment.Job instance at 0x7f97a0bc23c0>,80,13,[ 4 14],81,-1,183,-1,170
1,<environment.Job instance at 0x7f97aa2ad820>,81,17,[ 3 11],82,-1,187,-1,170
1,<environment.Job instance at 0x7f97aa2ad6e0>,82,3,[7 2],83,-1,173,-1,170
1,<environment.Job instance at 0x7f97a1546190>,83,17,[ 2 14],84,-1,187,-1,170
1,<environment.Job instance at 0x7f97a1546140>,84,26,[12  5],85,-1,196,-1,170
1,<environment.Job instance at 0x7f97a0b0ca50>,85,21,[5 1],86,-1,191,-1,170
1,<environment.Job instance at 0x7f97a0b4e7d0>,86,16,[ 1 10],87,-1,186,-1,170
1,<environment.Job instance at 0x7f97a0b0c230>,87,28,[ 5 12],88,-1,198,-1,170
1,<environment.Job instance at 0x7f97a14141e0>,89,14,[ 3 12],90,-1,199,-1,185
1,<environment.Job instance at 0x7f97a1571d20>,90,13,[3 9],91,-1,199,-1,186
1,<environment.Job instance at 0x7f97a075c870>,91,1,[2 7],92,-1,187,-1,186
1,<environment.Job instance at 0x7f97a075cd20>,92,26,[7 1],93,-1,212,-1,186
1,<environment.Job instance at 0x7f97a075c690>,93,13,[14  1],94,-1,199,-1,186
1,<environment.Job instance at 0x7f97a08b3e10>,94,24,[7 2],95,-1,210,-1,186
1,<environment.Job instance at 0x7f97a15b29b0>,95,24,[14  4],96,-1,210,-1,186
1,<environment.Job instance at 0x7f97a15b2c30>,96,3,[12  5],97,-1,189,-1,186
1,<environment.Job instance at 0x7f97a15b2280>,97,25,[3 6],98,-1,211,-1,186
1,<environment.Job instance at 0x7f97a039e690>,98,16,[ 3 10],99,-1,205,-1,189
1,<environment.Job instance at 0x7f97a15b25f0>,99,13,[4 8],100,-1,203,-1,190
1,<environment.Job instance at 0x7f97a00d1050>,101,16,[8 2],102,-1,206,-1,190
1,<environment.Job instance at 0x7f97a00d1780>,102,3,[1 8],103,-1,193,-1,190
1,<environment.Job instance at 0x7f97a00d10f0>,103,28,[5 8],104,-1,218,-1,190
1,<environment.Job instance at 0x7f97a00d17d0>,104,16,[ 4 10],105,-1,206,-1,190
1,<environment.Job instance at 0x7f97a00d1aa0>,105,13,[14  5],106,-1,203,-1,190
1,<environment.Job instance at 0x7f97a00d16e0>,106,18,[ 5 10],107,-1,208,-1,190
1,<environment.Job instance at 0x7f97a00d1320>,107,17,[13  3],108,-1,207,-1,190
1,<environment.Job instance at 0x7f97a00d1a50>,108,1,[3 8],109,-1,191,-1,190
1,<environment.Job instance at 0x7f97a00d15a0>,109,27,[1 7],110,-1,217,-1,190
1,<environment.Job instance at 0x7f97a00d14b0>,110,13,[6 4],111,-1,203,-1,190
1,<environment.Job instance at 0x7f979fe9a190>,111,13,[12  4],112,-1,203,-1,190
1,<environment.Job instance at 0x7f979fe9a4b0>,112,17,[3 6],113,-1,207,-1,190
1,<environment.Job instance at 0x7f979fe9a780>,113,23,[8 1],114,-1,213,-1,190
1,<environment.Job instance at 0x7f979fe9ab40>,114,12,[5 2],115,-1,202,-1,190
1,<environment.Job instance at 0x7f979fe9acd0>,115,16,[ 5 12],116,-1,206,-1,190
1,<environment.Job instance at 0x7f979fe9a0f0>,116,15,[9 1],117,-1,210,-1,195
1,<environment.Job instance at 0x7f97a16908c0>,117,2,[ 3 10],118,-1,197,-1,195
1,<environment.Job instance at 0x7f97a16905f0>,118,13,[9 1],119,-1,208,-1,195
1,<environment.Job instance at 0x7f97a1690af0>,119,21,[3 8],120,-1,216,-1,195
1,<environment.Job instance at 0x7f97a04fe5f0>,120,28,[13  1],121,-1,223,-1,195
1,<environment.Job instance at 0x7f97a04fe9b0>,122,28,[10  1],123,-1,227,-1,199
1,<environment.Job instance at 0x7f97a04fe640>,123,19,[7 2],124,-1,221,-1,202
1,<environment.Job instance at 0x7f97a04fe960>,124,12,[5 1],125,-1,214,-1,202
1,<environment.Job instance at 0x7f97a05fd640>,125,18,[11  2],126,-1,220,-1,202
1,<environment.Job instance at 0x7f97a05fdc80>,126,21,[1 8],127,-1,223,-1,202
1,<environment.Job instance at 0x7f97a05fd5f0>,127,13,[3 6],128,-1,215,-1,202
1,<environment.Job instance at 0x7f97a07d8370>,128,17,[10  1],129,-1,219,-1,202
1,<environment.Job instance at 0x7f97a07d8730>,129,12,[5 4],130,-1,214,-1,202
1,<environment.Job instance at 0x7f97a07d81e0>,130,17,[10  2],131,-1,219,-1,202
1,<environment.Job instance at 0x7f97a07d8690>,131,22,[7 5],132,-1,224,-1,202
1,<environment.Job instance at 0x7f97a07d8cd0>,132,18,[14  3],133,-1,220,-1,202
1,<environment.Job instance at 0x7f97a07d8dc0>,133,3,[ 3 12],134,-1,205,-1,202
1,<environment.Job instance at 0x7f97a07d86e0>,134,21,[ 3 11],135,-1,223,-1,202
1,<environment.Job instance at 0x7f97a07d8e10>,135,17,[ 3 14],136,-1,219,-1,202
1,<environment.Job instance at 0x7f97a1606320>,137,12,[6 4],138,-1,214,-1,202
1,<environment.Job instance at 0x7f97a1606370>,138,17,[11  2],139,-1,219,-1,202
1,<environment.Job instance at 0x7f97a16065f0>,139,23,[9 3],140,-1,225,-1,202
1,<environment.Job instance at 0x7f97a1606730>,140,17,[5 3],141,-1,219,-1,202
1,<environment.Job instance at 0x7f97a1606af0>,141,16,[12  1],142,-1,218,-1,202
1,<environment.Job instance at 0x7f97a1606910>,142,14,[5 4],143,-1,216,-1,202
1,<environment.Job instance at 0x7f97a16060f0>,143,18,[ 4 11],144,-1,220,-1,202
1,<environment.Job instance at 0x7f97a1278a00>,144,18,[6 2],145,-1,220,-1,202
1,<environment.Job instance at 0x7f97a014ba00>,145,15,[4 5],146,-1,217,-1,202
1,<environment.Job instance at 0x7f97a16066e0>,146,15,[4 8],147,-1,217,-1,202
1,<environment.Job instance at 0x7f97a09ff640>,147,18,[12  1],148,-1,220,-1,202
1,<environment.Job instance at 0x7f97a09fffa0>,148,18,[ 3 10],149,-1,220,-1,202
1,<environment.Job instance at 0x7f97a07b4d20>,77,21,[9 2],78,-1,1579,-1,1558
1,<environment.Job instance at 0x7f97a119aeb0>,4,13,[10  5],5,-1,32,-1,19
1,<environment.Job instance at 0x7f97a0ace370>,10,27,[5 8],11,-1,46,-1,19
1,<environment.Job instance at 0x7f97a1278f50>,12,22,[ 1 13],13,-1,42,-1,20
1,<environment.Job instance at 0x7f97a12789b0>,13,19,[4 9],14,-1,148,-1,129
1,<environment.Job instance at 0x7f97a1531410>,28,18,[5 8],29,-1,148,-1,130
1,<environment.Job instance at 0x7f97a129a1e0>,29,15,[3 7],30,-1,145,-1,130
1,<environment.Job instance at 0x7f979ff0edc0>,30,17,[5 7],31,-1,147,-1,130
1,<environment.Job instance at 0x7f97a0bfb870>,31,14,[ 4 10],32,-1,144,-1,130
1,<environment.Job instance at 0x7f97a0bfbbe0>,32,28,[6 1],33,-1,158,-1,130
1,<environment.Job instance at 0x7f97a0bfb640>,33,16,[3 7],34,-1,146,-1,130
1,<environment.Job instance at 0x7f979fece050>,34,22,[ 3 10],35,-1,152,-1,130
1,<environment.Job instance at 0x7f97a01c4320>,35,12,[7 3],36,-1,142,-1,130
1,<environment.Job instance at 0x7f97a0006640>,36,26,[11  4],37,-1,156,-1,130
1,<environment.Job instance at 0x7f979fd821e0>,37,18,[1 5],38,-1,148,-1,130
1,<environment.Job instance at 0x7f979fd82500>,39,12,[5 5],40,-1,161,-1,149
1,<environment.Job instance at 0x7f979feced20>,40,12,[8 5],41,-1,162,-1,150
1,<environment.Job instance at 0x7f979fdf7960>,41,24,[11  3],42,-1,174,-1,150
1,<environment.Job instance at 0x7f979fdf7a00>,42,14,[ 5 10],43,-1,164,-1,150
1,<environment.Job instance at 0x7f979fd8ec30>,43,15,[10  1],44,-1,169,-1,154
1,<environment.Job instance at 0x7f97a0e6cbe0>,45,22,[ 2 11],46,-1,176,-1,154
1,<environment.Job instance at 0x7f97a0e6c640>,47,15,[3 5],48,-1,177,-1,162
1,<environment.Job instance at 0x7f97a0e6ccd0>,48,23,[12  4],49,-1,185,-1,162
1,<environment.Job instance at 0x7f97a0e6cdc0>,49,12,[5 5],50,-1,180,-1,168
1,<environment.Job instance at 0x7f97a0e6c0f0>,50,25,[13  1],51,-1,193,-1,168
1,<environment.Job instance at 0x7f97a0e6c5a0>,51,3,[10  2],52,-1,171,-1,168
1,<environment.Job instance at 0x7f97a0e6c550>,53,3,[ 2 14],54,-1,175,-1,172
1,<environment.Job instance at 0x7f97a0e6c460>,54,24,[ 4 13],55,-1,196,-1,172
1,<environment.Job instance at 0x7f97a0e6ca50>,55,14,[12  1],56,-1,186,-1,172
1,<environment.Job instance at 0x7f97a0e6c0a0>,57,27,[ 4 11],58,-1,201,-1,174
1,<environment.Job instance at 0x7f97a0e6c6e0>,58,17,[11  3],59,-1,191,-1,174
1,<environment.Job instance at 0x7f979fd90550>,60,17,[2 5],61,-1,206,-1,189
1,<environment.Job instance at 0x7f97a0b8fb90>,61,2,[3 6],62,-1,191,-1,189
1,<environment.Job instance at 0x7f979fd90a50>,62,12,[4 6],63,-1,201,-1,189
1,<environment.Job instance at 0x7f979fd90f50>,63,14,[7 4],64,-1,236,-1,222
1,<environment.Job instance at 0x7f97a9c575a0>,67,14,[1 7],68,-1,236,-1,222
1,<environment.Job instance at 0x7f97a10253c0>,68,16,[ 2 11],69,-1,238,-1,222
1,<environment.Job instance at 0x7f97a1025c80>,69,12,[10  5],70,-1,234,-1,222
1,<environment.Job instance at 0x7f97a029a7d0>,70,19,[5 9],71,-1,241,-1,222
1,<environment.Job instance at 0x7f97a11e47d0>,72,28,[4 7],73,-1,250,-1,222
1,<environment.Job instance at 0x7f979ff17640>,74,16,[4 9],75,-1,245,-1,229
1,<environment.Job instance at 0x7f979ff17aa0>,75,12,[4 5],76,-1,241,-1,229
1,<environment.Job instance at 0x7f979ff17be0>,76,17,[1 8],77,-1,246,-1,229
1,<environment.Job instance at 0x7f97a027b5a0>,77,14,[7 2],78,-1,244,-1,230
1,<environment.Job instance at 0x7f97a027baa0>,78,13,[9 2],79,-1,243,-1,230
1,<environment.Job instance at 0x7f97a027b280>,79,13,[5 9],80,-1,243,-1,230
1,<environment.Job instance at 0x7f97a06b8050>,80,15,[2 9],81,-1,245,-1,230
1,<environment.Job instance at 0x7f97a027bc80>,81,17,[3 8],82,-1,247,-1,230
1,<environment.Job instance at 0x7f97a0c049b0>,82,18,[5 5],83,-1,248,-1,230
1,<environment.Job instance at 0x7f97aa2ad050>,83,16,[13  5],84,-1,246,-1,230
1,<environment.Job instance at 0x7f97aa2ad820>,84,2,[5 5],85,-1,232,-1,230
1,<environment.Job instance at 0x7f97aa2ad140>,85,14,[ 5 13],86,-1,244,-1,230
1,<environment.Job instance at 0x7f97aa2addc0>,86,18,[5 7],87,-1,248,-1,230
1,<environment.Job instance at 0x7f97aa2ad9b0>,87,20,[2 6],88,-1,250,-1,230
1,<environment.Job instance at 0x7f97aa2ad4b0>,88,13,[ 5 11],89,-1,243,-1,230
1,<environment.Job instance at 0x7f97a0993910>,89,1,[3 6],90,-1,231,-1,230
1,<environment.Job instance at 0x7f97aa2ad780>,90,15,[14  4],91,-1,245,-1,230
1,<environment.Job instance at 0x7f97a0993370>,91,19,[ 3 11],92,-1,249,-1,230
1,<environment.Job instance at 0x7f97a0993f00>,92,18,[11  3],93,-1,248,-1,230
1,<environment.Job instance at 0x7f97a0993cd0>,94,15,[1 8],95,-1,253,-1,238
1,<environment.Job instance at 0x7f97a0993af0>,95,28,[7 5],96,-1,266,-1,238
1,<environment.Job instance at 0x7f97a0993050>,96,28,[2 9],97,-1,266,-1,238
1,<environment.Job instance at 0x7f97a0993820>,97,15,[10  2],98,-1,253,-1,238
1,<environment.Job instance at 0x7f97a0993550>,98,12,[5 4],99,-1,250,-1,238
1,<environment.Job instance at 0x7f97a11925a0>,99,17,[2 9],100,-1,255,-1,238
1,<environment.Job instance at 0x7f97a11926e0>,100,25,[2 8],101,-1,263,-1,238
1,<environment.Job instance at 0x7f97a1192910>,101,2,[11  5],102,-1,240,-1,238
1,<environment.Job instance at 0x7f97a1192f50>,102,12,[5 3],103,-1,250,-1,238
1,<environment.Job instance at 0x7f97a11928c0>,103,16,[ 2 12],104,-1,254,-1,238
1,<environment.Job instance at 0x7f97a1192460>,104,18,[6 1],105,-1,417,-1,399
1,<environment.Job instance at 0x7f97a0d29870>,120,13,[4 6],121,-1,412,-1,399
1,<environment.Job instance at 0x7f97a0d29410>,121,14,[1 8],122,-1,413,-1,399
1,<environment.Job instance at 0x7f97a0d29a00>,122,25,[3 6],123,-1,424,-1,399
1,<environment.Job instance at 0x7f97a0d295f0>,123,13,[9 1],124,-1,412,-1,399
1,<environment.Job instance at 0x7f97a0d292d0>,124,20,[7 2],125,-1,422,-1,402
1,<environment.Job instance at 0x7f97a0d29550>,125,13,[2 5],126,-1,415,-1,402
1,<environment.Job instance at 0x7f97a0d29be0>,126,17,[ 4 10],127,-1,419,-1,402
1,<environment.Job instance at 0x7f97a0d29050>,127,20,[ 1 11],128,-1,422,-1,402
1,<environment.Job instance at 0x7f97a0d299b0>,128,19,[8 2],129,-1,427,-1,408
1,<environment.Job instance at 0x7f97a0d29730>,129,16,[ 1 10],130,-1,424,-1,408
1,<environment.Job instance at 0x7f97a0d29b40>,130,18,[ 3 11],131,-1,426,-1,408
1,<environment.Job instance at 0x7f97a0d29b90>,131,24,[14  5],132,-1,432,-1,408
1,<environment.Job instance at 0x7f97a00905f0>,132,2,[9 5],133,-1,410,-1,408
1,<environment.Job instance at 0x7f97a0090a50>,135,13,[5 5],136,-1,427,-1,414
1,<environment.Job instance at 0x7f97a0090c80>,136,12,[ 1 11],137,-1,426,-1,414
1,<environment.Job instance at 0x7f97a0090500>,137,12,[ 5 10],138,-1,426,-1,414
1,<environment.Job instance at 0x7f97a0090050>,138,19,[11  1],139,-1,433,-1,414
1,<environment.Job instance at 0x7f97a0090a00>,139,24,[5 3],140,-1,438,-1,414
1,<environment.Job instance at 0x7f97a0090e10>,140,13,[2 9],141,-1,427,-1,414
1,<environment.Job instance at 0x7f97a0090d70>,141,13,[7 3],142,-1,427,-1,414
1,<environment.Job instance at 0x7f97a0090dc0>,142,14,[5 5],143,-1,428,-1,414
1,<environment.Job instance at 0x7f97a0090960>,143,16,[ 1 13],144,-1,430,-1,414
1,<environment.Job instance at 0x7f97a00901e0>,144,12,[6 2],145,-1,426,-1,414
1,<environment.Job instance at 0x7f97a0090730>,145,14,[6 3],146,-1,428,-1,414
1,<environment.Job instance at 0x7f97a0090140>,146,24,[13  4],147,-1,438,-1,414
1,<environment.Job instance at 0x7f97a0090460>,147,21,[ 1 12],148,-1,435,-1,414
1,<environment.Job instance at 0x7f97a0090410>,148,25,[4 8],149,-1,439,-1,414
1,<environment.Job instance at 0x7f97a1444fa0>,18,27,[8 4],19,-1,465,-1,438
1,<environment.Job instance at 0x7f97b2fd5280>,27,26,[13  3],28,-1,467,-1,441
1,<environment.Job instance at 0x7f97a11fbaa0>,2,25,[5 8],3,-1,28,-1,3
1,<environment.Job instance at 0x7f97a11db3c0>,14,12,[11  2],15,-1,58,-1,46
1,<environment.Job instance at 0x7f97a15048c0>,19,14,[ 3 14],20,-1,77,-1,63
1,<environment.Job instance at 0x7f97a1504e60>,21,27,[3 5],22,-1,109,-1,82
1,<environment.Job instance at 0x7f97a1504be0>,24,24,[12  4],25,-1,117,-1,93
1,<environment.Job instance at 0x7f97a1504cd0>,27,22,[ 1 11],28,-1,128,-1,106
1,<environment.Job instance at 0x7f97a14fba50>,33,19,[11  3],34,-1,267,-1,248
1,<environment.Job instance at 0x7f979fde2820>,52,14,[14  4],53,-1,262,-1,248
1,<environment.Job instance at 0x7f97a12b9140>,53,3,[7 1],54,-1,251,-1,248
1,<environment.Job instance at 0x7f97a100df00>,55,25,[2 6],56,-1,273,-1,248
1,<environment.Job instance at 0x7f97a0570e60>,57,1,[2 6],58,-1,260,-1,259
1,<environment.Job instance at 0x7f979fdbc050>,58,16,[14  3],59,-1,275,-1,259
1,<environment.Job instance at 0x7f97a12bbdc0>,59,16,[ 5 12],60,-1,275,-1,259
1,<environment.Job instance at 0x7f97a11eaf50>,67,28,[8 5],68,-1,337,-1,309
1,<environment.Job instance at 0x7f97a11dbbe0>,68,13,[13  5],69,-1,322,-1,309
1,<environment.Job instance at 0x7f97a0251eb0>,69,2,[ 3 14],70,-1,311,-1,309
1,<environment.Job instance at 0x7f97a14d9500>,72,2,[4 7],73,-1,328,-1,326
1,<environment.Job instance at 0x7f97a14d9730>,73,17,[14  2],74,-1,343,-1,326
1,<environment.Job instance at 0x7f979fde9c30>,76,24,[ 5 12],77,-1,370,-1,346
1,<environment.Job instance at 0x7f979fde9c80>,77,27,[ 5 10],78,-1,373,-1,346
1,<environment.Job instance at 0x7f979fde9230>,79,12,[10  1],80,-1,358,-1,346
1,<environment.Job instance at 0x7f979fde9b90>,80,12,[ 4 13],81,-1,358,-1,346
1,<environment.Job instance at 0x7f979fde9af0>,84,25,[1 6],85,-1,402,-1,377
1,<environment.Job instance at 0x7f979fde92d0>,85,25,[ 5 10],86,-1,402,-1,377
1,<environment.Job instance at 0x7f979fdbb8c0>,89,23,[11  1],90,-1,417,-1,394
1,<environment.Job instance at 0x7f979fdbbc30>,91,21,[14  2],92,-1,427,-1,406
1,<environment.Job instance at 0x7f979fdbba50>,92,27,[9 3],93,-1,433,-1,406
1,<environment.Job instance at 0x7f979fdea410>,94,15,[ 1 13],95,-1,438,-1,423
1,<environment.Job instance at 0x7f979fdea050>,104,16,[14  2],105,-1,513,-1,497
1,<environment.Job instance at 0x7f97a15045f0>,106,24,[14  5],107,-1,521,-1,497
1,<environment.Job instance at 0x7f979fdc8780>,107,12,[ 4 14],108,-1,509,-1,497
1,<environment.Job instance at 0x7f979fdc8820>,108,23,[ 4 10],109,-1,520,-1,497
1,<environment.Job instance at 0x7f979fdc8460>,110,26,[ 2 12],111,-1,535,-1,509
1,<environment.Job instance at 0x7f979fdc8eb0>,111,2,[13  2],112,-1,511,-1,509
1,<environment.Job instance at 0x7f979fdc8050>,115,15,[ 5 12],116,-1,549,-1,534
1,<environment.Job instance at 0x7f979fdc8c30>,116,18,[14  1],117,-1,552,-1,534
1,<environment.Job instance at 0x7f979fdc7870>,119,16,[13  3],120,-1,570,-1,554
1,<environment.Job instance at 0x7f979fdc70a0>,120,1,[3 7],121,-1,555,-1,554
1,<environment.Job instance at 0x7f979fdc7dc0>,121,14,[ 5 12],122,-1,568,-1,554
1,<environment.Job instance at 0x7f979fdcf1e0>,123,13,[ 3 12],124,-1,576,-1,563
1,<environment.Job instance at 0x7f979fdcf7d0>,125,24,[ 5 11],126,-1,596,-1,572
1,<environment.Job instance at 0x7f979fdcfc30>,127,27,[7 3],128,-1,606,-1,579
1,<environment.Job instance at 0x7f979fdcfb40>,128,1,[3 9],129,-1,580,-1,579
1,<environment.Job instance at 0x7f97a05d7410>,135,12,[12  5],136,-1,644,-1,632
1,<environment.Job instance at 0x7f979fdae190>,136,16,[12  5],137,-1,648,-1,632
1,<environment.Job instance at 0x7f97a0573410>,139,12,[12  4],140,-1,661,-1,649
1,<environment.Job instance at 0x7f97a1677460>,143,19,[14  4],144,-1,689,-1,670
1,<environment.Job instance at 0x7f97a05db8c0>,144,3,[6 3],145,-1,673,-1,670
1,<environment.Job instance at 0x7f979fdbc690>,61,27,[12  3],62,-1,733,-1,706
1,<environment.Job instance at 0x7f979fdbc5f0>,9,16,[12  1],10,-1,26,-1,10
1,<environment.Job instance at 0x7f979fdbc3c0>,10,12,[11  4],11,-1,23,-1,11
1,<environment.Job instance at 0x7f979fdbc4b0>,12,2,[8 4],13,-1,25,-1,23
1,<environment.Job instance at 0x7f979fdbc190>,15,17,[ 2 13],16,-1,59,-1,42
1,<environment.Job instance at 0x7f979fde2500>,16,13,[13  3],17,-1,55,-1,42
1,<environment.Job instance at 0x7f979fde2a00>,18,17,[13  4],19,-1,59,-1,42
1,<environment.Job instance at 0x7f979fde25a0>,19,19,[ 5 10],20,-1,68,-1,49
1,<environment.Job instance at 0x7f979fde2960>,22,13,[ 1 11],23,-1,65,-1,52
1,<environment.Job instance at 0x7f979fde2d20>,23,16,[14  3],24,-1,68,-1,52
1,<environment.Job instance at 0x7f979fde2f50>,24,12,[ 5 13],25,-1,64,-1,52
1,<environment.Job instance at 0x7f979fde2dc0>,25,14,[ 3 12],26,-1,66,-1,52
1,<environment.Job instance at 0x7f979fde2c80>,26,2,[10  3],27,-1,54,-1,52
1,<environment.Job instance at 0x7f97a12120f0>,29,22,[14  4],30,-1,88,-1,66
1,<environment.Job instance at 0x7f97a1212280>,32,14,[ 2 12],33,-1,100,-1,86
1,<environment.Job instance at 0x7f97a12120a0>,33,17,[11  3],34,-1,103,-1,86
1,<environment.Job instance at 0x7f97a1212b90>,37,24,[9 2],38,-1,129,-1,105
1,<environment.Job instance at 0x7f97a1212730>,38,1,[ 5 14],39,-1,106,-1,105
1,<environment.Job instance at 0x7f97a12127d0>,41,14,[ 4 10],42,-1,133,-1,119
1,<environment.Job instance at 0x7f97a1212cd0>,43,14,[ 1 10],44,-1,146,-1,132
1,<environment.Job instance at 0x7f97a12123c0>,44,12,[14  3],45,-1,144,-1,132
1,<environment.Job instance at 0x7f97a0570370>,45,12,[10  2],46,-1,144,-1,132
1,<environment.Job instance at 0x7f97a0570aa0>,48,26,[2 7],49,-1,159,-1,133
1,<environment.Job instance at 0x7f97a0570e10>,49,24,[14  2],50,-1,157,-1,133
1,<environment.Job instance at 0x7f97a05706e0>,50,23,[2 9],51,-1,156,-1,133
1,<environment.Job instance at 0x7f97a05705f0>,51,2,[ 1 11],52,-1,135,-1,133
1,<environment.Job instance at 0x7f97a0570820>,54,2,[8 5],55,-1,150,-1,148
1,<environment.Job instance at 0x7f97a0570a50>,55,24,[8 3],56,-1,172,-1,148
1,<environment.Job instance at 0x7f97a0570fa0>,58,2,[12  3],59,-1,167,-1,165
1,<environment.Job instance at 0x7f97a0570640>,60,15,[14  1],61,-1,194,-1,179
1,<environment.Job instance at 0x7f97a0570690>,61,14,[ 3 11],62,-1,193,-1,179
1,<environment.Job instance at 0x7f97a05734b0>,68,16,[ 4 12],69,-1,235,-1,219
1,<environment.Job instance at 0x7f97a05736e0>,73,1,[ 2 13],74,-1,261,-1,260
1,<environment.Job instance at 0x7f97a0573320>,74,14,[14  5],75,-1,274,-1,260
1,<environment.Job instance at 0x7f97a05739b0>,75,26,[ 3 14],76,-1,286,-1,260
1,<environment.Job instance at 0x7f97a05731e0>,76,14,[13  5],77,-1,274,-1,260
1,<environment.Job instance at 0x7f97a05738c0>,79,24,[5 9],80,-1,296,-1,272
1,<environment.Job instance at 0x7f97a0573690>,80,15,[ 3 14],81,-1,287,-1,272
1,<environment.Job instance at 0x7f97a0573eb0>,81,17,[13  4],82,-1,289,-1,272
1,<environment.Job instance at 0x7f97a100dcd0>,84,12,[ 1 13],85,-1,295,-1,283
1,<environment.Job instance at 0x7f97a100d7d0>,86,15,[13  5],87,-1,298,-1,283
1,<environment.Job instance at 0x7f97a100daf0>,88,17,[13  2],89,-1,311,-1,294
1,<environment.Job instance at 0x7f97a100d3c0>,89,16,[5 1],90,-1,322,-1,306
1,<environment.Job instance at 0x7f97a100de10>,93,17,[ 3 13],94,-1,328,-1,311
1,<environment.Job instance at 0x7f97a100de60>,94,22,[14  5],95,-1,333,-1,311
1,<environment.Job instance at 0x7f97a102e4b0>,97,1,[11  4],98,-1,330,-1,329
1,<environment.Job instance at 0x7f97a102e5f0>,98,1,[ 5 14],99,-1,330,-1,329
1,<environment.Job instance at 0x7f97a102e5a0>,100,15,[14  3],101,-1,344,-1,329
1,<environment.Job instance at 0x7f97a102e280>,101,14,[ 1 13],102,-1,343,-1,329
1,<environment.Job instance at 0x7f97a102e190>,102,25,[4 6],103,-1,354,-1,329
1,<environment.Job instance at 0x7f97a102e7d0>,103,25,[1 7],104,-1,354,-1,329
1,<environment.Job instance at 0x7f97a102e1e0>,104,17,[ 2 11],105,-1,346,-1,329
1,<environment.Job instance at 0x7f97a102e8c0>,105,17,[ 5 11],106,-1,346,-1,329
1,<environment.Job instance at 0x7f97a102e410>,106,2,[1 6],107,-1,331,-1,329
1,<environment.Job instance at 0x7f97a102e230>,107,21,[13  5],108,-1,350,-1,329
1,<environment.Job instance at 0x7f97a101c550>,108,1,[11  5],109,-1,330,-1,329
1,<environment.Job instance at 0x7f97a101c690>,110,28,[ 3 10],111,-1,370,-1,342
1,<environment.Job instance at 0x7f97a101c320>,111,20,[11  2],112,-1,362,-1,342
1,<environment.Job instance at 0x7f97a101c7d0>,112,22,[13  4],113,-1,364,-1,342
1,<environment.Job instance at 0x7f97a101c820>,113,17,[12  4],114,-1,359,-1,342
1,<environment.Job instance at 0x7f97a101c9b0>,117,14,[13  3],118,-1,361,-1,347
1,<environment.Job instance at 0x7f97a101ca00>,118,25,[7 3],119,-1,372,-1,347
1,<environment.Job instance at 0x7f97a101c230>,119,1,[3 5],120,-1,348,-1,347
1,<environment.Job instance at 0x7f97a101c640>,120,12,[ 1 13],121,-1,359,-1,347
1,<environment.Job instance at 0x7f97a101c780>,121,14,[ 5 12],122,-1,361,-1,347
1,<environment.Job instance at 0x7f97a103df50>,126,1,[ 4 10],127,-1,397,-1,396
1,<environment.Job instance at 0x7f97a103d410>,127,2,[2 7],128,-1,398,-1,396
1,<environment.Job instance at 0x7f97a103d1e0>,128,23,[6 5],129,-1,419,-1,396
1,<environment.Job instance at 0x7f97a05ea3c0>,135,3,[ 3 11],136,-1,436,-1,433
1,<environment.Job instance at 0x7f97a05c4f00>,136,19,[ 4 10],137,-1,473,-1,454
1,<environment.Job instance at 0x7f97a09f45f0>,139,24,[1 7],140,-1,478,-1,454
1,<environment.Job instance at 0x7f97a05ea050>,140,26,[ 2 12],141,-1,480,-1,454
1,<environment.Job instance at 0x7f97a05ea870>,141,17,[13  2],142,-1,471,-1,454
1,<environment.Job instance at 0x7f97a1677e60>,143,12,[7 1],144,-1,467,-1,455
1,<environment.Job instance at 0x7f97a0b53b40>,148,2,[1 9],149,-1,486,-1,484
1,<environment.Job instance at 0x7f97a1182960>,7,21,[2 6],8,-1,33,-1,12
1,<environment.Job instance at 0x7f97a13e6870>,10,13,[ 1 11],11,-1,25,-1,12
1,<environment.Job instance at 0x7f97a16d1dc0>,13,16,[ 4 12],14,-1,34,-1,18
1,<environment.Job instance at 0x7f97a16d1500>,14,18,[13  1],15,-1,36,-1,18
1,<environment.Job instance at 0x7f97a16d1460>,19,13,[ 2 12],20,-1,69,-1,56
1,<environment.Job instance at 0x7f97a16d18c0>,20,21,[12  5],21,-1,77,-1,56
1,<environment.Job instance at 0x7f97a16d11e0>,22,18,[14  5],23,-1,79,-1,61
1,<environment.Job instance at 0x7f97a16d1050>,23,28,[12  3],24,-1,89,-1,61
1,<environment.Job instance at 0x7f97a16d1fa0>,24,2,[4 6],25,-1,63,-1,61
1,<environment.Job instance at 0x7f97a16d1190>,25,3,[ 2 14],26,-1,64,-1,61
1,<environment.Job instance at 0x7f97a16d1140>,26,14,[11  2],27,-1,75,-1,61
1,<environment.Job instance at 0x7f97a16d15a0>,27,3,[5 7],28,-1,64,-1,61
1,<environment.Job instance at 0x7f97a052a4b0>,32,18,[ 3 12],33,-1,113,-1,95
1,<environment.Job instance at 0x7f97a052af50>,33,12,[ 1 12],34,-1,107,-1,95
1,<environment.Job instance at 0x7f97a052a730>,34,13,[12  5],35,-1,108,-1,95
1,<environment.Job instance at 0x7f97a052a5a0>,35,22,[14  3],36,-1,117,-1,95
1,<environment.Job instance at 0x7f97a052ae60>,37,13,[ 5 11],38,-1,113,-1,100
1,<environment.Job instance at 0x7f97a052a280>,46,16,[11  1],47,-1,195,-1,179
1,<environment.Job instance at 0x7f97a052a3c0>,48,13,[ 5 12],49,-1,210,-1,197
1,<environment.Job instance at 0x7f97a061b730>,58,1,[ 3 13],59,-1,285,-1,284
1,<environment.Job instance at 0x7f97a061b280>,59,12,[ 2 13],60,-1,296,-1,284
1,<environment.Job instance at 0x7f97a061b8c0>,60,19,[1 9],61,-1,311,-1,292
1,<environment.Job instance at 0x7f97a061bcd0>,63,16,[13  5],64,-1,322,-1,306
1,<environment.Job instance at 0x7f97a03805a0>,65,3,[11  5],66,-1,311,-1,308
1,<environment.Job instance at 0x7f97a03804b0>,66,23,[ 2 13],67,-1,331,-1,308
1,<environment.Job instance at 0x7f97a15846e0>,67,18,[ 4 14],68,-1,326,-1,308
1,<environment.Job instance at 0x7f97a15841e0>,68,24,[3 5],69,-1,332,-1,308
1,<environment.Job instance at 0x7f97a1584a50>,69,26,[6 5],70,-1,334,-1,308
1,<environment.Job instance at 0x7f97a1584820>,71,27,[1 5],72,-1,349,-1,322
1,<environment.Job instance at 0x7f97a1584280>,73,17,[12  2],74,-1,339,-1,322
1,<environment.Job instance at 0x7f97a15840f0>,74,23,[6 1],75,-1,345,-1,322
1,<environment.Job instance at 0x7f97a1584500>,76,20,[ 1 14],77,-1,342,-1,322
1,<environment.Job instance at 0x7f97a1584f50>,77,12,[ 1 11],78,-1,334,-1,322
1,<environment.Job instance at 0x7f97a1584c80>,78,3,[ 4 10],79,-1,325,-1,322
1,<environment.Job instance at 0x7f97a1584910>,79,14,[11  5],80,-1,336,-1,322
1,<environment.Job instance at 0x7f979ff93d70>,83,28,[6 4],84,-1,381,-1,353
1,<environment.Job instance at 0x7f979ff93e10>,84,12,[ 5 10],85,-1,365,-1,353
1,<environment.Job instance at 0x7f979ff93cd0>,87,2,[13  3],88,-1,383,-1,381
1,<environment.Job instance at 0x7f979ff93410>,88,28,[4 8],89,-1,409,-1,381
1,<environment.Job instance at 0x7f979ff930f0>,90,12,[14  5],91,-1,393,-1,381
1,<environment.Job instance at 0x7f979ff93b90>,91,12,[ 2 14],92,-1,393,-1,381
1,<environment.Job instance at 0x7f979ff932d0>,93,28,[2 6],94,-1,409,-1,381
1,<environment.Job instance at 0x7f979ff93230>,96,16,[11  4],97,-1,413,-1,397
1,<environment.Job instance at 0x7f979ff935a0>,97,13,[10  5],98,-1,417,-1,404
1,<environment.Job instance at 0x7f97a05c1690>,99,15,[ 4 12],100,-1,419,-1,404
1,<environment.Job instance at 0x7f97a05c1280>,100,12,[ 1 10],101,-1,416,-1,404
1,<environment.Job instance at 0x7f97a05c14b0>,101,28,[9 4],102,-1,432,-1,404
1,<environment.Job instance at 0x7f97a05c1dc0>,102,25,[8 3],103,-1,429,-1,404
1,<environment.Job instance at 0x7f97a05c1eb0>,104,17,[ 1 12],105,-1,429,-1,412
1,<environment.Job instance at 0x7f97a05c1b40>,106,12,[2 7],107,-1,432,-1,420
1,<environment.Job instance at 0x7f97a100dcd0>,108,12,[13  5],109,-1,444,-1,432
1,<environment.Job instance at 0x7f97a100d960>,109,2,[5 8],110,-1,434,-1,432
1,<environment.Job instance at 0x7f97a100d1e0>,110,16,[ 2 11],111,-1,448,-1,432
1,<environment.Job instance at 0x7f97a100deb0>,112,22,[ 2 12],113,-1,454,-1,432
1,<environment.Job instance at 0x7f97a100d140>,113,15,[ 4 13],114,-1,447,-1,432
1,<environment.Job instance at 0x7f97a100dfa0>,114,28,[7 2],115,-1,460,-1,432
1,<environment.Job instance at 0x7f97a100da00>,118,3,[4 8],119,-1,450,-1,447
1,<environment.Job instance at 0x7f97a11db960>,119,2,[9 2],120,-1,449,-1,447
1,<environment.Job instance at 0x7f97a11db6e0>,120,14,[11  4],121,-1,461,-1,447
1,<environment.Job instance at 0x7f97a11dbe60>,122,15,[13  1],123,-1,474,-1,459
1,<environment.Job instance at 0x7f97a11dbfa0>,123,2,[5 3],124,-1,461,-1,459
1,<environment.Job instance at 0x7f97a0238aa0>,127,17,[ 3 10],128,-1,499,-1,482
1,<environment.Job instance at 0x7f97a006d1e0>,128,20,[12  3],129,-1,502,-1,482
1,<environment.Job instance at 0x7f97a006d3c0>,129,13,[ 2 10],130,-1,495,-1,482
1,<environment.Job instance at 0x7f97a1296410>,142,16,[ 4 14],143,-1,650,-1,634
1,<environment.Job instance at 0x7f10c73cdeb0>,8,15,[ 4 13],9,-1,29,-1,14
1,<environment.Job instance at 0x7f10c73cdc30>,10,12,[2 8],11,-1,38,-1,26
1,<environment.Job instance at 0x7f10c73d0410>,14,21,[8 1],15,-1,65,-1,44
1,<environment.Job instance at 0x7f10c73d0370>,15,15,[12  2],16,-1,59,-1,44
1,<environment.Job instance at 0x7f10c73d0320>,16,28,[5 1],17,-1,72,-1,44
1,<environment.Job instance at 0x7f10c73d0500>,17,12,[6 4],18,-1,56,-1,44
1,<environment.Job instance at 0x7f10c73d0140>,18,18,[13  1],19,-1,62,-1,44
1,<environment.Job instance at 0x7f10c73d0640>,19,23,[8 4],20,-1,67,-1,44
1,<environment.Job instance at 0x7f10c73d0730>,20,17,[ 2 14],21,-1,61,-1,44
1,<environment.Job instance at 0x7f10c73d05f0>,21,14,[ 4 11],22,-1,58,-1,44
1,<environment.Job instance at 0x7f10c73d0870>,23,16,[12  2],24,-1,60,-1,44
1,<environment.Job instance at 0x7f10c73d0910>,24,2,[4 6],25,-1,46,-1,44
1,<environment.Job instance at 0x7f10c73d09b0>,25,2,[5 7],26,-1,46,-1,44
1,<environment.Job instance at 0x7f10c73d0b40>,26,12,[8 5],27,-1,56,-1,44
1,<environment.Job instance at 0x7f10c73d0c30>,27,17,[4 6],28,-1,61,-1,44
1,<environment.Job instance at 0x7f10c73d0d20>,28,17,[ 1 13],29,-1,61,-1,44
1,<environment.Job instance at 0x7f10c73d0dc0>,29,24,[4 7],30,-1,68,-1,44
1,<environment.Job instance at 0x7f10c73d0e60>,30,26,[9 4],31,-1,70,-1,44
1,<environment.Job instance at 0x7f10c73d0f00>,31,15,[9 2],32,-1,60,-1,45
1,<environment.Job instance at 0x7f10c73d0fa0>,32,12,[12  3],33,-1,57,-1,45
1,<environment.Job instance at 0x7f10c73d0be0>,33,21,[12  3],34,-1,66,-1,45
1,<environment.Job instance at 0x7f10c73d0cd0>,34,12,[3 6],35,-1,57,-1,45
1,<environment.Job instance at 0x7f10c73d3280>,36,25,[12  3],37,-1,82,-1,57
1,<environment.Job instance at 0x7f10c73d33c0>,38,24,[13  2],39,-1,85,-1,61
1,<environment.Job instance at 0x7f10c73d3500>,40,26,[ 1 14],41,-1,105,-1,79
1,<environment.Job instance at 0x7f10c73d35a0>,41,12,[8 3],42,-1,91,-1,79
1,<environment.Job instance at 0x7f10c73d3640>,42,12,[ 5 12],43,-1,91,-1,79
1,<environment.Job instance at 0x7f10c73d36e0>,43,16,[1 8],44,-1,95,-1,79
1,<environment.Job instance at 0x7f10c73d3190>,44,12,[9 3],45,-1,91,-1,79
1,<environment.Job instance at 0x7f10c73d3910>,45,12,[ 3 14],46,-1,91,-1,79
1,<environment.Job instance at 0x7f10c73d3960>,46,14,[6 5],47,-1,93,-1,79
1,<environment.Job instance at 0x7f10c73d3a00>,47,14,[12  2],48,-1,93,-1,79
1,<environment.Job instance at 0x7f10c73d3aa0>,48,14,[ 1 11],49,-1,93,-1,79
1,<environment.Job instance at 0x7f10c73d3b40>,49,13,[1 5],50,-1,92,-1,79
1,<environment.Job instance at 0x7f10c73d3be0>,50,13,[ 4 12],51,-1,92,-1,79
1,<environment.Job instance at 0x7f10c73d3c80>,51,13,[5 6],52,-1,92,-1,79
1,<environment.Job instance at 0x7f10c73d3d20>,52,21,[6 4],53,-1,118,-1,97
1,<environment.Job instance at 0x7f10c73d3fa0>,56,2,[4 7],57,-1,99,-1,97
1,<environment.Job instance at 0x7f10c73d6190>,57,17,[ 2 14],58,-1,114,-1,97
1,<environment.Job instance at 0x7f10c73d37d0>,58,28,[10  3],59,-1,125,-1,97
1,<environment.Job instance at 0x7f10c73d6230>,59,21,[9 1],60,-1,128,-1,107
1,<environment.Job instance at 0x7f10c73d62d0>,60,14,[ 2 10],61,-1,121,-1,107
1,<environment.Job instance at 0x7f10c73d6500>,61,2,[ 1 12],62,-1,109,-1,107
1,<environment.Job instance at 0x7f10c73d63c0>,62,2,[5 9],63,-1,109,-1,107
1,<environment.Job instance at 0x7f10c73d6640>,64,12,[5 6],65,-1,127,-1,115
1,<environment.Job instance at 0x7f10c73d66e0>,65,15,[5 5],66,-1,130,-1,115
1,<environment.Job instance at 0x7f10c73d6820>,67,16,[1 9],68,-1,131,-1,115
1,<environment.Job instance at 0x7f10c73d68c0>,68,14,[6 4],69,-1,129,-1,115
1,<environment.Job instance at 0x7f10c73d6960>,69,14,[9 4],70,-1,142,-1,128
1,<environment.Job instance at 0x7f10c73d6b40>,72,14,[2 6],73,-1,145,-1,131
1,<environment.Job instance at 0x7f10c73d6be0>,73,16,[5 3],74,-1,147,-1,131
1,<environment.Job instance at 0x7f10c73d6c80>,74,13,[5 5],75,-1,144,-1,131
1,<environment.Job instance at 0x7f10c73d6d20>,75,28,[ 2 10],76,-1,159,-1,131
1,<environment.Job instance at 0x7f10c73d6dc0>,76,13,[10  1],77,-1,144,-1,131
1,<environment.Job instance at 0x7f10c73d6e60>,77,16,[8 1],78,-1,147,-1,131
1,<environment.Job instance at 0x7f10c73d6f00>,78,14,[6 1],79,-1,146,-1,132
1,<environment.Job instance at 0x7f10c73d6460>,79,19,[12  3],80,-1,151,-1,132
1,<environment.Job instance at 0x7f10c73d92d0>,82,21,[4 8],83,-1,166,-1,145
1,<environment.Job instance at 0x7f10c73d9370>,83,18,[ 3 10],84,-1,163,-1,145
1,<environment.Job instance at 0x7f10c73d9410>,84,1,[5 5],85,-1,146,-1,145
1,<environment.Job instance at 0x7f10c73d94b0>,85,15,[1 7],86,-1,160,-1,145
1,<environment.Job instance at 0x7f10c73d9550>,86,3,[6 3],87,-1,148,-1,145
1,<environment.Job instance at 0x7f10c73d95f0>,87,18,[7 1],88,-1,173,-1,155
1,<environment.Job instance at 0x7f10c73d9690>,88,16,[4 9],89,-1,172,-1,156
1,<environment.Job instance at 0x7f10c73d9730>,89,17,[ 5 14],90,-1,173,-1,156
1,<environment.Job instance at 0x7f10c73d97d0>,90,22,[9 2],91,-1,178,-1,156
1,<environment.Job instance at 0x7f10c73d9910>,91,15,[9 1],92,-1,171,-1,156
1,<environment.Job instance at 0x7f10c73d9a50>,92,23,[9 1],93,-1,179,-1,156
1,<environment.Job instance at 0x7f10c73d9af0>,93,25,[ 1 13],94,-1,181,-1,156
1,<environment.Job instance at 0x7f10c73d9960>,94,21,[14  5],95,-1,177,-1,156
1,<environment.Job instance at 0x7f10c73d9cd0>,96,18,[2 6],97,-1,179,-1,161
1,<environment.Job instance at 0x7f10c73d9eb0>,98,16,[2 9],99,-1,177,-1,161
1,<environment.Job instance at 0x7f10c73d9f50>,99,2,[13  5],100,-1,163,-1,161
1,<environment.Job instance at 0x7f10c73d9fa0>,100,28,[5 9],101,-1,189,-1,161
1,<environment.Job instance at 0x7f10c73d9f00>,101,15,[ 2 13],102,-1,176,-1,161
1,<environment.Job instance at 0x7f10c73d9d20>,102,13,[11  4],103,-1,174,-1,161
1,<environment.Job instance at 0x7f10c73db230>,103,16,[1 9],104,-1,177,-1,161
1,<environment.Job instance at 0x7f10c73db2d0>,104,1,[ 1 10],105,-1,162,-1,161
1,<environment.Job instance at 0x7f10c73db410>,106,22,[ 4 14],107,-1,196,-1,174
1,<environment.Job instance at 0x7f10c73db550>,109,27,[ 3 11],110,-1,215,-1,188
1,<environment.Job instance at 0x7f10c73db5f0>,110,23,[5 1],111,-1,211,-1,188
1,<environment.Job instance at 0x7f10c73db690>,111,17,[12  4],112,-1,205,-1,188
1,<environment.Job instance at 0x7f10c73db730>,112,12,[1 6],113,-1,200,-1,188
1,<environment.Job instance at 0x7f10c73db7d0>,113,17,[5 1],114,-1,205,-1,188
1,<environment.Job instance at 0x7f10c73db870>,114,19,[9 2],115,-1,208,-1,189
1,<environment.Job instance at 0x7f10c73dbb40>,115,2,[1 6],116,-1,191,-1,189
1,<environment.Job instance at 0x7f10c73db3c0>,116,12,[8 4],117,-1,201,-1,189
1,<environment.Job instance at 0x7f10c73db320>,117,22,[10  3],118,-1,211,-1,189
1,<environment.Job instance at 0x7f10c73dbb90>,118,13,[9 1],119,-1,202,-1,189
1,<environment.Job instance at 0x7f10c73dbd20>,119,12,[13  1],120,-1,201,-1,189
1,<environment.Job instance at 0x7f10c73dbdc0>,120,24,[8 1],121,-1,213,-1,189
1,<environment.Job instance at 0x7f10c73dbe60>,121,2,[ 5 14],122,-1,191,-1,189
1,<environment.Job instance at 0x7f10d0a044b0>,122,25,[1 8],123,-1,214,-1,189
1,<environment.Job instance at 0x7f10d09e4b90>,123,3,[10  3],124,-1,192,-1,189
1,<environment.Job instance at 0x7f10c73c3cd0>,124,12,[1 5],125,-1,201,-1,189
1,<environment.Job instance at 0x7f10c73c3b90>,125,18,[2 9],126,-1,208,-1,190
1,<environment.Job instance at 0x7f10c73c3c30>,126,13,[2 6],127,-1,203,-1,190
1,<environment.Job instance at 0x7f10c73c38c0>,127,2,[5 5],128,-1,192,-1,190
1,<environment.Job instance at 0x7f10c73c3280>,128,19,[1 7],129,-1,211,-1,192
1,<environment.Job instance at 0x7f10c73c3960>,129,3,[1 5],130,-1,195,-1,192
1,<environment.Job instance at 0x7f10c73c3a50>,130,16,[3 9],131,-1,209,-1,193
1,<environment.Job instance at 0x7f10c7574410>,131,13,[ 3 14],132,-1,206,-1,193
1,<environment.Job instance at 0x7f10c7555d20>,133,13,[ 5 10],134,-1,209,-1,196
1,<environment.Job instance at 0x7f10c73c3640>,134,12,[5 4],135,-1,208,-1,196
1,<environment.Job instance at 0x7f10c7556960>,137,28,[ 2 10],138,-1,239,-1,211
1,<environment.Job instance at 0x7f10c745f140>,138,24,[6 5],139,-1,235,-1,211
1,<environment.Job instance at 0x7f10c73c3550>,139,13,[1 8],140,-1,224,-1,211
1,<environment.Job instance at 0x7f10c7499690>,140,1,[ 3 11],141,-1,212,-1,211
1,<environment.Job instance at 0x7f10c74f90f0>,141,14,[ 3 10],142,-1,225,-1,211
1,<environment.Job instance at 0x7f10c746e780>,142,15,[ 2 13],143,-1,226,-1,211
1,<environment.Job instance at 0x7f10c746ef00>,143,26,[7 2],144,-1,237,-1,211
1,<environment.Job instance at 0x7f10c74d9cd0>,144,20,[13  4],145,-1,231,-1,211
1,<environment.Job instance at 0x7f10c74804b0>,145,3,[9 2],146,-1,214,-1,211
1,<environment.Job instance at 0x7f10c74a2370>,146,13,[10  5],147,-1,228,-1,215
1,<environment.Job instance at 0x7f10c74ec4b0>,150,12,[5 1],151,-1,227,-1,215
1,<environment.Job instance at 0x7f10c75521e0>,151,22,[5 6],152,-1,239,-1,217
1,<environment.Job instance at 0x7f10c73f09b0>,152,26,[6 4],153,-1,243,-1,217
1,<environment.Job instance at 0x7f10c73f01e0>,154,15,[ 2 10],155,-1,247,-1,232
1,<environment.Job instance at 0x7f10c74f0500>,155,25,[ 3 13],156,-1,257,-1,232
1,<environment.Job instance at 0x7f10c73f05f0>,157,25,[ 2 11],158,-1,257,-1,232
1,<environment.Job instance at 0x7f10c74f0c80>,158,1,[14  3],159,-1,233,-1,232
1,<environment.Job instance at 0x7f10c73cdc80>,7,26,[9 3],8,-1,342,-1,316
1,<environment.Job instance at 0x7f10c73cde60>,9,23,[13  1],10,-1,352,-1,329
1,<environment.Job instance at 0x7f10c73d60a0>,2,22,[ 2 11],3,-1,25,-1,3
1,<environment.Job instance at 0x7f10c6b1dc30>,3,2,[13  5],4,-1,6,-1,4
1,<environment.Job instance at 0x7f10c6b1df50>,5,13,[ 5 14],6,-1,19,-1,6
1,<environment.Job instance at 0x7f10c6b17cd0>,15,27,[ 3 13],16,-1,69,-1,42
1,<environment.Job instance at 0x7f10c6c53960>,27,27,[ 3 12],28,-1,179,-1,152
1,<environment.Job instance at 0x7f10c6d469b0>,34,15,[13  1],35,-1,219,-1,204
1,<environment.Job instance at 0x7f10c6981e10>,54,16,[ 1 14],55,-1,398,-1,382
1,<environment.Job instance at 0x7f10c6991870>,55,18,[ 1 14],56,-1,400,-1,382
1,<environment.Job instance at 0x7f10c6991be0>,58,25,[4 8],59,-1,412,-1,387
1,<environment.Job instance at 0x7f10c6989b40>,59,3,[11  3],60,-1,390,-1,387
1,<environment.Job instance at 0x7f10c6ade320>,60,15,[14  2],61,-1,402,-1,387
1,<environment.Job instance at 0x7f10d09e4eb0>,61,18,[11  1],62,-1,405,-1,387
1,<environment.Job instance at 0x7f10c6a1e4b0>,63,17,[12  1],64,-1,419,-1,402
1,<environment.Job instance at 0x7f10c6b17b90>,67,13,[ 4 11],68,-1,439,-1,426
1,<environment.Job instance at 0x7f10c69c9cd0>,68,16,[14  3],69,-1,442,-1,426
1,<environment.Job instance at 0x7f10c69d3d20>,74,12,[13  1],75,-1,493,-1,481
1,<environment.Job instance at 0x7f10c69a8550>,75,13,[ 1 12],76,-1,494,-1,481
1,<environment.Job instance at 0x7f10c69be780>,78,13,[ 5 11],79,-1,509,-1,496
1,<environment.Job instance at 0x7f10c6a05fa0>,83,27,[6 1],84,-1,546,-1,519
1,<environment.Job instance at 0x7f10c6a05050>,84,27,[ 4 13],85,-1,546,-1,519
1,<environment.Job instance at 0x7f10c696cbe0>,86,27,[11  1],87,-1,550,-1,523
1,<environment.Job instance at 0x7f10c696caa0>,87,24,[6 2],88,-1,547,-1,523
1,<environment.Job instance at 0x7f10c696c140>,90,23,[1 8],91,-1,562,-1,539
1,<environment.Job instance at 0x7f10c696c6e0>,91,27,[5 6],92,-1,566,-1,539
1,<environment.Job instance at 0x7f10c696c0a0>,93,18,[ 1 11],94,-1,561,-1,543
1,<environment.Job instance at 0x7f10c696c280>,94,26,[ 2 13],95,-1,569,-1,543
1,<environment.Job instance at 0x7f10c696b8c0>,95,28,[14  4],96,-1,571,-1,543
1,<environment.Job instance at 0x7f10c696baa0>,96,1,[3 9],97,-1,544,-1,543
1,<environment.Job instance at 0x7f10c696ba00>,97,20,[ 4 11],98,-1,563,-1,543
1,<environment.Job instance at 0x7f10c696b640>,100,27,[1 5],101,-1,598,-1,571
1,<environment.Job instance at 0x7f10c696bbe0>,101,26,[5 3],102,-1,597,-1,571
1,<environment.Job instance at 0x7f10c696bfa0>,104,15,[14  2],105,-1,591,-1,576
1,<environment.Job instance at 0x7f10c696b410>,105,22,[3 7],106,-1,598,-1,576
1,<environment.Job instance at 0x7f10c6b1aa50>,109,28,[ 2 10],110,-1,630,-1,602
1,<environment.Job instance at 0x7f10c696a0a0>,110,2,[13  1],111,-1,604,-1,602
1,<environment.Job instance at 0x7f10c696aeb0>,121,2,[7 3],122,-1,717,-1,715
1,<environment.Job instance at 0x7f10c6968640>,123,2,[5 7],124,-1,719,-1,717
1,<environment.Job instance at 0x7f10c6968280>,124,2,[8 1],125,-1,719,-1,717
1,<environment.Job instance at 0x7f10c69688c0>,125,27,[9 5],126,-1,744,-1,717
1,<environment.Job instance at 0x7f10c6968460>,127,14,[12  2],128,-1,736,-1,722
1,<environment.Job instance at 0x7f10c6968820>,128,2,[ 4 11],129,-1,724,-1,722
1,<environment.Job instance at 0x7f10c69689b0>,129,3,[9 4],130,-1,727,-1,724
1,<environment.Job instance at 0x7f10c6968b90>,130,2,[2 9],131,-1,726,-1,724
1,<environment.Job instance at 0x7f10c69cf8c0>,133,27,[2 7],134,-1,768,-1,741
1,<environment.Job instance at 0x7f10c69cf870>,137,15,[14  2],138,-1,774,-1,759
1,<environment.Job instance at 0x7f10c69cff50>,138,2,[8 3],139,-1,761,-1,759
1,<environment.Job instance at 0x7f10c6965960>,142,17,[13  5],143,-1,796,-1,779
1,<environment.Job instance at 0x7f10c6965aa0>,143,13,[ 5 14],144,-1,792,-1,779
1,<environment.Job instance at 0x7f10c6965550>,144,3,[4 5],145,-1,782,-1,779
1,<environment.Job instance at 0x7f10c69914b0>,3,27,[ 4 13],4,-1,31,-1,4
1,<environment.Job instance at 0x7f10c6ab5aa0>,4,28,[1 8],5,-1,34,-1,6
1,<environment.Job instance at 0x7f10c6ab5910>,6,12,[ 5 12],7,-1,19,-1,7
1,<environment.Job instance at 0x7f10d0b27f00>,7,28,[7 4],8,-1,36,-1,8
1,<environment.Job instance at 0x7f10d0b271e0>,8,27,[4 6],9,-1,36,-1,9
1,<environment.Job instance at 0x7f10c6a590a0>,18,18,[12  2],19,-1,54,-1,36
1,<environment.Job instance at 0x7f10c6a59410>,19,23,[5 8],20,-1,59,-1,36
1,<environment.Job instance at 0x7f10c6a59e60>,22,21,[ 4 14],23,-1,74,-1,53
1,<environment.Job instance at 0x7f10c6a59690>,25,13,[12  1],26,-1,86,-1,73
1,<environment.Job instance at 0x7f10c6a59960>,26,12,[14  3],27,-1,85,-1,73
1,<environment.Job instance at 0x7f10c6a59aa0>,27,1,[ 4 11],28,-1,74,-1,73
1,<environment.Job instance at 0x7f10c6a59c30>,30,1,[ 4 10],31,-1,86,-1,85
1,<environment.Job instance at 0x7f10c6989690>,31,25,[7 5],32,-1,110,-1,85
1,<environment.Job instance at 0x7f10c6989190>,34,25,[2 8],35,-1,115,-1,90
1,<environment.Job instance at 0x7f10c6989fa0>,37,28,[8 2],38,-1,126,-1,98
1,<environment.Job instance at 0x7f10c6989550>,38,26,[8 3],39,-1,124,-1,98
1,<environment.Job instance at 0x7f10c6989c30>,40,27,[ 3 11],41,-1,135,-1,108
1,<environment.Job instance at 0x7f10c6989f00>,41,15,[ 3 13],42,-1,123,-1,108
1,<environment.Job instance at 0x7f10c69892d0>,42,21,[ 5 10],43,-1,138,-1,117
1,<environment.Job instance at 0x7f10c69890f0>,46,2,[5 3],47,-1,119,-1,117
1,<environment.Job instance at 0x7f10c6989460>,48,18,[ 5 14],49,-1,146,-1,128
1,<environment.Job instance at 0x7f10c6978410>,54,25,[4 9],55,-1,190,-1,165
1,<environment.Job instance at 0x7f10c6978c80>,55,26,[6 1],56,-1,191,-1,165
1,<environment.Job instance at 0x7f10c6978e10>,56,28,[5 9],57,-1,193,-1,165
1,<environment.Job instance at 0x7f10c6978fa0>,57,24,[4 8],58,-1,189,-1,165
1,<environment.Job instance at 0x7f10c69786e0>,59,1,[10  5],60,-1,176,-1,175
1,<environment.Job instance at 0x7f10c69785a0>,60,2,[ 2 12],61,-1,177,-1,175
1,<environment.Job instance at 0x7f10c6978730>,62,24,[7 4],63,-1,202,-1,178
1,<environment.Job instance at 0x7f10c6978320>,68,19,[12  4],69,-1,242,-1,223
1,<environment.Job instance at 0x7f10c69782d0>,69,14,[ 5 12],70,-1,237,-1,223
1,<environment.Job instance at 0x7f10d0a0e730>,71,25,[8 3],72,-1,253,-1,228
1,<environment.Job instance at 0x7f10d0a0e410>,72,16,[ 2 11],73,-1,244,-1,228
1,<environment.Job instance at 0x7f10c697f6e0>,73,28,[ 3 11],74,-1,256,-1,228
1,<environment.Job instance at 0x7f10c697f1e0>,75,24,[2 7],76,-1,267,-1,243
1,<environment.Job instance at 0x7f10c697f5a0>,76,16,[14  5],77,-1,259,-1,243
1,<environment.Job instance at 0x7f10c697fa00>,78,27,[14  3],79,-1,270,-1,243
1,<environment.Job instance at 0x7f10c697f9b0>,79,18,[ 1 14],80,-1,261,-1,243
1,<environment.Job instance at 0x7f10c697f230>,81,15,[11  2],82,-1,268,-1,253
1,<environment.Job instance at 0x7f10c697fcd0>,82,13,[ 1 12],83,-1,266,-1,253
1,<environment.Job instance at 0x7f10c697faf0>,85,16,[ 4 11],86,-1,282,-1,266
1,<environment.Job instance at 0x7f10c697f500>,86,17,[13  3],87,-1,283,-1,266
1,<environment.Job instance at 0x7f10d0b33730>,87,22,[ 3 11],88,-1,288,-1,266
1,<environment.Job instance at 0x7f10d0b337d0>,88,20,[4 9],89,-1,319,-1,299
1,<environment.Job instance at 0x7f10d0b33280>,94,13,[ 3 14],95,-1,312,-1,299
1,<environment.Job instance at 0x7f10d0b33fa0>,95,24,[ 4 14],96,-1,323,-1,299
1,<environment.Job instance at 0x7f10d0b33690>,97,24,[7 3],98,-1,341,-1,317
1,<environment.Job instance at 0x7f10d0b33a00>,98,27,[9 5],99,-1,344,-1,317
1,<environment.Job instance at 0x7f10d0b33eb0>,100,14,[ 3 13],101,-1,335,-1,321
1,<environment.Job instance at 0x7f10c69cfb40>,101,26,[6 2],102,-1,347,-1,321
1,<environment.Job instance at 0x7f10c69cfc30>,102,16,[ 4 10],103,-1,337,-1,321
1,<environment.Job instance at 0x7f10c69cf7d0>,103,23,[12  5],104,-1,344,-1,321
1,<environment.Job instance at 0x7f10c69cf370>,104,13,[ 4 14],105,-1,334,-1,321
1,<environment.Job instance at 0x7f10c69cfe60>,105,19,[13  2],106,-1,340,-1,321
1,<environment.Job instance at 0x7f10c69cf820>,107,20,[2 7],108,-1,358,-1,338
1,<environment.Job instance at 0x7f10c69d3aa0>,116,17,[12  4],117,-1,448,-1,431
1,<environment.Job instance at 0x7f10c69d3e60>,117,25,[6 4],118,-1,457,-1,432
1,<environment.Job instance at 0x7f10c69d3eb0>,119,18,[14  5],120,-1,450,-1,432
1,<environment.Job instance at 0x7f10c69d35a0>,120,13,[ 4 10],121,-1,447,-1,434
1,<environment.Job instance at 0x7f10c69d3410>,121,24,[5 5],122,-1,458,-1,434
1,<environment.Job instance at 0x7f10c69d3a00>,122,3,[8 5],123,-1,437,-1,434
1,<environment.Job instance at 0x7f10c69d3960>,123,14,[ 2 11],124,-1,448,-1,434
1,<environment.Job instance at 0x7f10c69d38c0>,124,1,[4 6],125,-1,435,-1,434
1,<environment.Job instance at 0x7f10c69d3820>,125,28,[ 5 10],126,-1,462,-1,434
1,<environment.Job instance at 0x7f10c69d36e0>,127,13,[ 5 11],128,-1,459,-1,446
1,<environment.Job instance at 0x7f10c69c96e0>,129,19,[ 4 14],130,-1,482,-1,463
1,<environment.Job instance at 0x7f10c76340f0>,131,26,[ 3 12],132,-1,503,-1,477
1,<environment.Job instance at 0x7f10d0b34500>,132,14,[ 3 14],133,-1,491,-1,477
1,<environment.Job instance at 0x7f10c75e05f0>,134,2,[3 7],135,-1,497,-1,495
1,<environment.Job instance at 0x7f10c7126410>,136,17,[ 5 14],137,-1,512,-1,495
1,<environment.Job instance at 0x7f10c6f67f00>,138,2,[7 2],139,-1,497,-1,495
1,<environment.Job instance at 0x7f10d0b34780>,139,2,[ 4 11],140,-1,497,-1,495
1,<environment.Job instance at 0x7f10d0a39c80>,141,3,[2 8],142,-1,511,-1,508
1,<environment.Job instance at 0x7f10c6fd8b40>,143,12,[12  2],144,-1,520,-1,508
1,<environment.Job instance at 0x7f10c6a09050>,144,12,[14  2],145,-1,520,-1,508
1,<environment.Job instance at 0x7f10c69ef230>,146,13,[14  5],147,-1,536,-1,523
1,<environment.Job instance at 0x7f10c69ef370>,147,25,[7 3],148,-1,548,-1,523
1,<environment.Job instance at 0x7f10c69ef0a0>,148,16,[ 1 14],149,-1,539,-1,523
1,<environment.Job instance at 0x7f10c71cceb0>,150,12,[ 2 13],151,-1,535,-1,523
1,<environment.Job instance at 0x7f10c725e960>,157,24,[10  3],158,-1,623,-1,599
1,<environment.Job instance at 0x7f10c73aa8c0>,2,12,[ 4 11],3,-1,15,-1,3
1,<environment.Job instance at 0x7f10c73aac80>,4,14,[ 1 13],5,-1,19,-1,5
1,<environment.Job instance at 0x7f10c73aaa00>,6,25,[5 3],7,-1,33,-1,8
1,<environment.Job instance at 0x7f10c73c61e0>,8,15,[3 8],9,-1,34,-1,19
1,<environment.Job instance at 0x7f10c73c6140>,11,27,[ 4 14],12,-1,46,-1,19
1,<environment.Job instance at 0x7f10c73c65f0>,12,16,[4 6],13,-1,35,-1,19
1,<environment.Job instance at 0x7f10c73c6780>,13,16,[1 9],14,-1,35,-1,19
1,<environment.Job instance at 0x7f10c73c62d0>,15,28,[13  5],16,-1,47,-1,19
1,<environment.Job instance at 0x7f10c73c60f0>,16,23,[6 4],17,-1,42,-1,19
1,<environment.Job instance at 0x7f10c73c6f00>,17,21,[3 8],18,-1,46,-1,25
1,<environment.Job instance at 0x7f10c73c6e60>,19,12,[5 5],20,-1,38,-1,26
1,<environment.Job instance at 0x7f10c74a2a50>,21,25,[5 5],22,-1,56,-1,31
1,<environment.Job instance at 0x7f10c74a2cd0>,22,26,[12  3],23,-1,57,-1,31
1,<environment.Job instance at 0x7f10c74a25a0>,23,2,[14  4],24,-1,33,-1,31
1,<environment.Job instance at 0x7f10c74a24b0>,24,15,[10  2],25,-1,46,-1,31
1,<environment.Job instance at 0x7f10c74a2550>,25,24,[ 5 13],26,-1,55,-1,31
1,<environment.Job instance at 0x7f10c74a2d70>,26,25,[7 5],27,-1,56,-1,31
1,<environment.Job instance at 0x7f10c74a2730>,28,3,[ 5 13],29,-1,34,-1,31
1,<environment.Job instance at 0x7f10c74a2f50>,29,18,[ 1 14],30,-1,49,-1,31
1,<environment.Job instance at 0x7f10c74a2aa0>,30,19,[14  4],31,-1,50,-1,31
1,<environment.Job instance at 0x7f10c74a2780>,31,14,[14  2],32,-1,46,-1,32
1,<environment.Job instance at 0x7f10c748ed20>,38,22,[ 3 11],39,-1,96,-1,74
1,<environment.Job instance at 0x7f10c748e820>,39,16,[12  3],40,-1,90,-1,74
1,<environment.Job instance at 0x7f10c748ef50>,41,14,[14  1],42,-1,90,-1,76
1,<environment.Job instance at 0x7f10c748e910>,42,16,[12  4],43,-1,92,-1,76
1,<environment.Job instance at 0x7f10c748e870>,44,21,[8 4],45,-1,114,-1,93
1,<environment.Job instance at 0x7f10c748e500>,46,15,[1 7],47,-1,108,-1,93
1,<environment.Job instance at 0x7f10c748e6e0>,47,14,[7 2],48,-1,107,-1,93
1,<environment.Job instance at 0x7f10c748eaf0>,48,27,[13  4],49,-1,120,-1,93
1,<environment.Job instance at 0x7f10c748edc0>,49,17,[13  4],50,-1,110,-1,93
1,<environment.Job instance at 0x7f10c749e3c0>,50,13,[14  2],51,-1,106,-1,93
1,<environment.Job instance at 0x7f10c749ec30>,51,13,[1 6],52,-1,106,-1,93
1,<environment.Job instance at 0x7f10c749e6e0>,52,24,[10  1],53,-1,117,-1,93
1,<environment.Job instance at 0x7f10c749e820>,53,15,[1 6],54,-1,108,-1,93
1,<environment.Job instance at 0x7f10c749e4b0>,54,13,[5 2],55,-1,106,-1,93
1,<environment.Job instance at 0x7f10c749ea00>,55,16,[ 2 10],56,-1,109,-1,93
1,<environment.Job instance at 0x7f10c749e8c0>,56,14,[6 1],57,-1,107,-1,93
1,<environment.Job instance at 0x7f10c749e050>,57,12,[ 4 10],58,-1,105,-1,93
1,<environment.Job instance at 0x7f10c749e7d0>,58,1,[11  3],59,-1,94,-1,93
1,<environment.Job instance at 0x7f10c749ef50>,59,25,[2 7],60,-1,118,-1,93
1,<environment.Job instance at 0x7f10c749e0a0>,60,21,[5 3],61,-1,114,-1,93
1,<environment.Job instance at 0x7f10c749ebe0>,61,14,[10  2],62,-1,107,-1,93
1,<environment.Job instance at 0x7f10c749eeb0>,62,17,[4 9],63,-1,114,-1,97
1,<environment.Job instance at 0x7f10c749efa0>,63,19,[5 7],64,-1,122,-1,103
1,<environment.Job instance at 0x7f10c749e2d0>,64,12,[ 4 10],65,-1,115,-1,103
1,<environment.Job instance at 0x7f10c749ea50>,65,16,[1 7],66,-1,119,-1,103
1,<environment.Job instance at 0x7f10c749eaf0>,66,18,[8 2],67,-1,122,-1,104
1,<environment.Job instance at 0x7f10c749eb40>,67,21,[1 7],68,-1,125,-1,104
1,<environment.Job instance at 0x7f10c749e960>,68,15,[2 7],69,-1,119,-1,104
1,<environment.Job instance at 0x7f10c7514b90>,69,16,[6 1],70,-1,120,-1,104
1,<environment.Job instance at 0x7f10c75140f0>,71,14,[10  3],72,-1,121,-1,107
1,<environment.Job instance at 0x7f10c7514fa0>,73,22,[ 5 13],74,-1,133,-1,111
1,<environment.Job instance at 0x7f10c7514320>,74,12,[3 9],75,-1,123,-1,111
1,<environment.Job instance at 0x7f10c7514eb0>,75,27,[11  2],76,-1,138,-1,111
1,<environment.Job instance at 0x7f10c7514d70>,76,21,[5 6],77,-1,132,-1,111
1,<environment.Job instance at 0x7f10c75149b0>,77,14,[ 3 10],78,-1,125,-1,111
1,<environment.Job instance at 0x7f10c75142d0>,78,13,[4 5],79,-1,124,-1,111
1,<environment.Job instance at 0x7f10c75146e0>,79,22,[ 4 12],80,-1,133,-1,111
1,<environment.Job instance at 0x7f10c7514a00>,80,16,[1 5],81,-1,127,-1,111
1,<environment.Job instance at 0x7f10c7514690>,81,18,[4 9],82,-1,129,-1,111
1,<environment.Job instance at 0x7f10c7514870>,82,27,[10  1],83,-1,138,-1,111
1,<environment.Job instance at 0x7f10c7514190>,84,13,[ 5 11],85,-1,138,-1,125
1,<environment.Job instance at 0x7f10c7514050>,85,27,[12  2],86,-1,152,-1,125
1,<environment.Job instance at 0x7f10c7514370>,86,13,[10  1],87,-1,138,-1,125
1,<environment.Job instance at 0x7f10c7514460>,87,18,[5 1],88,-1,143,-1,125
1,<environment.Job instance at 0x7f10c7514c80>,88,24,[1 9],89,-1,149,-1,125
1,<environment.Job instance at 0x7f10c7514820>,89,14,[6 5],90,-1,145,-1,131
1,<environment.Job instance at 0x7f10d09b8190>,90,12,[9 3],91,-1,143,-1,131
1,<environment.Job instance at 0x7f10d09b8d20>,91,27,[ 1 14],92,-1,158,-1,131
1,<environment.Job instance at 0x7f10d09b8280>,92,12,[12  1],93,-1,143,-1,131
1,<environment.Job instance at 0x7f10d09b83c0>,93,2,[3 7],94,-1,133,-1,131
1,<environment.Job instance at 0x7f10d09b8820>,94,17,[1 6],95,-1,148,-1,131
1,<environment.Job instance at 0x7f10d09b8aa0>,95,23,[3 6],96,-1,154,-1,131
1,<environment.Job instance at 0x7f10d09b8140>,97,27,[7 1],98,-1,158,-1,131
1,<environment.Job instance at 0x7f10d09b8d70>,98,26,[ 3 10],99,-1,157,-1,131
1,<environment.Job instance at 0x7f10d09b8870>,99,15,[ 3 10],100,-1,146,-1,131
1,<environment.Job instance at 0x7f10c751c2d0>,100,2,[10  3],101,-1,133,-1,131
1,<environment.Job instance at 0x7f10c751c140>,101,19,[10  3],102,-1,152,-1,133
1,<environment.Job instance at 0x7f10c751c820>,102,14,[14  2],103,-1,147,-1,133
1,<environment.Job instance at 0x7f10c751c0f0>,103,26,[7 3],104,-1,159,-1,133
1,<environment.Job instance at 0x7f10c751c6e0>,104,24,[8 2],105,-1,157,-1,133
1,<environment.Job instance at 0x7f10c751cb90>,105,16,[2 8],106,-1,150,-1,134
1,<environment.Job instance at 0x7f10c751cfa0>,106,12,[11  1],107,-1,146,-1,134
1,<environment.Job instance at 0x7f10c751c8c0>,107,17,[11  3],108,-1,151,-1,134
1,<environment.Job instance at 0x7f10c751c730>,108,16,[12  1],109,-1,150,-1,134
1,<environment.Job instance at 0x7f10c751c960>,109,15,[ 4 13],110,-1,149,-1,134
1,<environment.Job instance at 0x7f10c751c910>,110,28,[13  1],111,-1,162,-1,134
1,<environment.Job instance at 0x7f10c751c690>,111,24,[4 7],112,-1,158,-1,134
1,<environment.Job instance at 0x7f10c751c0a0>,112,12,[6 4],113,-1,147,-1,135
1,<environment.Job instance at 0x7f10c751c320>,113,26,[7 3],114,-1,161,-1,135
1,<environment.Job instance at 0x7f10c751ca00>,114,18,[9 3],115,-1,154,-1,136
1,<environment.Job instance at 0x7f10c751c3c0>,115,15,[ 3 10],116,-1,151,-1,136
1,<environment.Job instance at 0x7f10c751ca50>,116,17,[10  2],117,-1,153,-1,136
1,<environment.Job instance at 0x7f10c751ccd0>,117,13,[10  2],118,-1,149,-1,136
1,<environment.Job instance at 0x7f10c751c280>,118,14,[5 1],119,-1,150,-1,136
1,<environment.Job instance at 0x7f10c751cb40>,119,24,[2 6],120,-1,160,-1,136
1,<environment.Job instance at 0x7f10c6b93910>,120,13,[ 5 12],121,-1,149,-1,136
1,<environment.Job instance at 0x7f10c6b93960>,121,20,[ 2 11],122,-1,156,-1,136
1,<environment.Job instance at 0x7f10c6b939b0>,123,14,[9 2],124,-1,153,-1,139
1,<environment.Job instance at 0x7f10c6b93af0>,124,14,[ 1 10],125,-1,153,-1,139
1,<environment.Job instance at 0x7f10c7af1b90>,125,25,[3 7],126,-1,164,-1,139
1,<environment.Job instance at 0x7f10c697d910>,127,15,[ 4 10],128,-1,157,-1,142
1,<environment.Job instance at 0x7f10c73a0f50>,128,25,[5 8],129,-1,167,-1,142
1,<environment.Job instance at 0x7f10c73a06e0>,129,17,[1 7],130,-1,159,-1,142
1,<environment.Job instance at 0x7f10c73a0910>,130,16,[ 1 13],131,-1,158,-1,142
1,<environment.Job instance at 0x7f10c73a00f0>,131,28,[2 7],132,-1,170,-1,142
1,<environment.Job instance at 0x7f10c73a0190>,132,19,[3 6],133,-1,161,-1,142
1,<environment.Job instance at 0x7f10c7780d20>,133,25,[3 9],134,-1,167,-1,142
1,<environment.Job instance at 0x7f10c73b7cd0>,134,15,[6 1],135,-1,157,-1,142
1,<environment.Job instance at 0x7f10c768a690>,135,13,[1 5],136,-1,155,-1,142
1,<environment.Job instance at 0x7f10c7b058c0>,136,23,[2 8],137,-1,165,-1,142
1,<environment.Job instance at 0x7f10c73a0a00>,137,3,[1 9],138,-1,145,-1,142
1,<environment.Job instance at 0x7f10c74efeb0>,138,14,[3 6],139,-1,156,-1,142
1,<environment.Job instance at 0x7f10c74ef370>,139,27,[5 7],140,-1,169,-1,142
1,<environment.Job instance at 0x7f10c73a0f00>,140,15,[14  1],141,-1,157,-1,142
1,<environment.Job instance at 0x7f10c7454f50>,141,24,[13  2],142,-1,166,-1,142
1,<environment.Job instance at 0x7f10c74f50a0>,142,16,[9 2],143,-1,163,-1,147
1,<environment.Job instance at 0x7f10c7454280>,143,15,[10  3],144,-1,164,-1,149
1,<environment.Job instance at 0x7f10c74542d0>,144,15,[9 1],145,-1,164,-1,149
1,<environment.Job instance at 0x7f10c7454fa0>,145,15,[11  4],146,-1,164,-1,149
1,<environment.Job instance at 0x7f10c7456fa0>,147,13,[5 4],148,-1,169,-1,156
1,<environment.Job instance at 0x7f10c7aaec30>,148,14,[ 4 13],149,-1,170,-1,156
1,<environment.Job instance at 0x7f10c7678b90>,149,3,[9 5],150,-1,159,-1,156
1,<environment.Job instance at 0x7f10c6ecaa00>,150,3,[1 8],151,-1,159,-1,156
1,<environment.Job instance at 0x7f10c76c4640>,151,28,[9 2],152,-1,184,-1,156
1,<environment.Job instance at 0x7f10c75d0190>,152,15,[12  2],153,-1,171,-1,156
1,<environment.Job instance at 0x7f10c7a0dfa0>,153,2,[10  2],154,-1,158,-1,156
1,<environment.Job instance at 0x7f10c7649be0>,154,15,[ 3 10],155,-1,171,-1,156
1,<environment.Job instance at 0x7f10c7649320>,155,13,[12  4],156,-1,169,-1,156
1,<environment.Job instance at 0x7f10c76e3cd0>,157,12,[3 6],158,-1,170,-1,158
1,<environment.Job instance at 0x7f10c7610c80>,158,26,[11  5],159,-1,185,-1,159
1,<environment.Job instance at 0x7f10c748e280>,45,17,[ 4 13],46,-1,6987,-1,6970
1,<environment.Job instance at 0x7f10c70c3f00>,6,14,[14  5],7,-1,21,-1,7
1,<environment.Job instance at 0x7f10c70c3050>,8,18,[ 4 11],9,-1,28,-1,10
1,<environment.Job instance at 0x7f10c70babe0>,12,19,[ 2 13],13,-1,36,-1,17
1,<environment.Job instance at 0x7f10c70badc0>,15,24,[12  4],16,-1,93,-1,69
1,<environment.Job instance at 0x7f10c6e0cd20>,21,27,[12  2],22,-1,96,-1,69
1,<environment.Job instance at 0x7f10c70bafa0>,20,3,[1 8],21,-1,72,-1,69
1,<environment.Job instance at 0x7f10c6e0c460>,23,17,[12  2],24,-1,86,-1,69
1,<environment.Job instance at 0x7f10c7eff320>,26,21,[12  2],27,-1,94,-1,73
1,<environment.Job instance at 0x7f10c6d38280>,27,25,[6 2],28,-1,98,-1,73
1,<environment.Job instance at 0x7f10c6e0ce60>,25,26,[9 4],26,-1,99,-1,73
1,<environment.Job instance at 0x7f10c70b2500>,28,1,[5 5],29,-1,74,-1,73
1,<environment.Job instance at 0x7f10c6d3d320>,32,14,[ 5 13],33,-1,104,-1,90
1,<environment.Job instance at 0x7f10c7eef9b0>,34,22,[ 4 13],35,-1,126,-1,104
1,<environment.Job instance at 0x7f10c6d1fc30>,39,2,[10  4],40,-1,131,-1,129
1,<environment.Job instance at 0x7f10c7251d20>,40,13,[ 2 11],41,-1,142,-1,129
1,<environment.Job instance at 0x7f10c723e370>,42,28,[9 2],43,-1,167,-1,139
1,<environment.Job instance at 0x7f10c6d3a370>,48,15,[ 2 12],49,-1,191,-1,176
1,<environment.Job instance at 0x7f10c6d3cfa0>,49,24,[ 1 11],50,-1,200,-1,176
1,<environment.Job instance at 0x7f10c70db370>,52,18,[ 3 14],53,-1,205,-1,187
1,<environment.Job instance at 0x7f10c70dbc30>,53,2,[3 6],54,-1,189,-1,187
1,<environment.Job instance at 0x7f10c6d260f0>,55,28,[10  4],56,-1,215,-1,187
1,<environment.Job instance at 0x7f10c6d26af0>,61,1,[5 9],62,-1,236,-1,235
1,<environment.Job instance at 0x7f10c6d264b0>,63,1,[ 2 11],64,-1,241,-1,240
1,<environment.Job instance at 0x7f10c6d26b90>,64,26,[6 3],65,-1,266,-1,240
1,<environment.Job instance at 0x7f10c6d34820>,69,2,[ 2 13],70,-1,289,-1,287
1,<environment.Job instance at 0x7f10c6d266e0>,70,15,[ 2 12],71,-1,302,-1,287
1,<environment.Job instance at 0x7f10c70a8a50>,74,18,[ 3 13],75,-1,322,-1,304
1,<environment.Job instance at 0x7f10c70a8d20>,75,18,[14  1],76,-1,322,-1,304
1,<environment.Job instance at 0x7f10c70a8e60>,76,24,[14  1],77,-1,328,-1,304
1,<environment.Job instance at 0x7f10c70a8fa0>,78,25,[9 2],79,-1,336,-1,311
1,<environment.Job instance at 0x7f10c70a8f50>,79,18,[ 1 12],80,-1,329,-1,311
1,<environment.Job instance at 0x7f10c6e100f0>,84,20,[ 3 12],85,-1,373,-1,353
1,<environment.Job instance at 0x7f10c6e10870>,91,28,[4 5],92,-1,433,-1,405
1,<environment.Job instance at 0x7f10c6e109b0>,93,17,[13  5],94,-1,422,-1,405
1,<environment.Job instance at 0x7f10c6e10aa0>,94,26,[12  1],95,-1,431,-1,405
1,<environment.Job instance at 0x7f10c6e10d70>,99,26,[7 1],100,-1,450,-1,424
1,<environment.Job instance at 0x7f10c6e10730>,103,18,[ 2 12],104,-1,474,-1,456
1,<environment.Job instance at 0x7f10c70c5280>,105,18,[14  5],106,-1,478,-1,460
1,<environment.Job instance at 0x7f10c70c5370>,106,27,[9 5],107,-1,487,-1,460
1,<environment.Job instance at 0x7f10c70c50a0>,107,14,[ 3 12],108,-1,474,-1,460
1,<environment.Job instance at 0x7f10c70c5500>,109,23,[5 9],110,-1,483,-1,460
1,<environment.Job instance at 0x7f10c70c55f0>,110,16,[ 5 13],111,-1,476,-1,460
1,<environment.Job instance at 0x7f10c70c5320>,111,22,[ 2 14],112,-1,482,-1,460
1,<environment.Job instance at 0x7f10c70c5780>,113,1,[6 2],114,-1,474,-1,473
1,<environment.Job instance at 0x7f10c70c5820>,114,24,[12  4],115,-1,497,-1,473
1,<environment.Job instance at 0x7f10c70c5dc0>,122,25,[10  1],123,-1,560,-1,535
1,<environment.Job instance at 0x7f10c70c5e60>,123,13,[ 5 11],124,-1,548,-1,535
1,<environment.Job instance at 0x7f10c70c5fa0>,124,12,[ 3 14],125,-1,547,-1,535
1,<environment.Job instance at 0x7f10c70c6140>,126,13,[ 2 13],127,-1,548,-1,535
1,<environment.Job instance at 0x7f10c70c61e0>,127,14,[13  2],128,-1,549,-1,535
1,<environment.Job instance at 0x7f10c70c6280>,128,18,[11  2],129,-1,553,-1,535
1,<environment.Job instance at 0x7f10c70c63c0>,129,25,[ 1 10],130,-1,560,-1,535
1,<environment.Job instance at 0x7f10c70c6370>,130,13,[ 2 12],131,-1,548,-1,535
1,<environment.Job instance at 0x7f10c70c67d0>,135,23,[2 8],136,-1,583,-1,560
1,<environment.Job instance at 0x7f10c70c6870>,136,16,[ 2 13],137,-1,576,-1,560
1,<environment.Job instance at 0x7f10c70c6e10>,144,26,[ 4 14],145,-1,632,-1,606
1,<environment.Job instance at 0x7f10c70c6f50>,146,3,[ 4 12],147,-1,611,-1,608
1,<environment.Job instance at 0x7f10c70c6410>,148,1,[5 6],149,-1,623,-1,622
1,<environment.Job instance at 0x7f10c70c9280>,149,25,[5 4],150,-1,648,-1,623
1,<environment.Job instance at 0x7f10c70c9500>,153,13,[13  3],154,-1,660,-1,647
1,<environment.Job instance at 0x7f10c70c95a0>,154,25,[ 5 14],155,-1,672,-1,647
1,<environment.Job instance at 0x7f10c70c95f0>,155,27,[5 5],156,-1,674,-1,647
1,<environment.Job instance at 0x7f10c70c9730>,156,17,[ 5 13],157,-1,664,-1,647
1,<environment.Job instance at 0x7f10c70c9780>,158,17,[ 4 11],159,-1,676,-1,659
1,<environment.Job instance at 0x7f10c720c640>,1,23,[12  4],2,-1,25,-1,2
1,<environment.Job instance at 0x7f10c720c910>,4,3,[ 1 13],5,-1,8,-1,5
1,<environment.Job instance at 0x7f10c720ceb0>,6,14,[ 1 12],7,-1,21,-1,7
1,<environment.Job instance at 0x7f10c720c500>,7,15,[ 4 14],8,-1,23,-1,8
1,<environment.Job instance at 0x7f10c6e10410>,9,28,[ 4 14],10,-1,38,-1,10
1,<environment.Job instance at 0x7f10c720c730>,10,21,[ 5 12],11,-1,32,-1,11
1,<environment.Job instance at 0x7f10c7efa5f0>,24,27,[ 1 14],25,-1,117,-1,90
1,<environment.Job instance at 0x7f10c7efa4b0>,27,14,[ 3 13],28,-1,114,-1,100
1,<environment.Job instance at 0x7f10c7efacd0>,29,21,[ 4 14],30,-1,129,-1,108
1,<environment.Job instance at 0x7f10c723e8c0>,33,18,[ 2 11],34,-1,144,-1,126
1,<environment.Job instance at 0x7f10c723e730>,34,17,[11  4],35,-1,143,-1,126
1,<environment.Job instance at 0x7f10c723e910>,35,14,[ 4 14],36,-1,140,-1,126
1,<environment.Job instance at 0x7f10c723e820>,36,28,[12  5],37,-1,154,-1,126
1,<environment.Job instance at 0x7f10c723efa0>,37,13,[12  5],38,-1,139,-1,126
1,<environment.Job instance at 0x7f10c723e0a0>,38,12,[11  5],39,-1,138,-1,126
1,<environment.Job instance at 0x7f10c723e870>,40,1,[1 7],41,-1,131,-1,130
1,<environment.Job instance at 0x7f10c723ee10>,41,1,[9 4],42,-1,131,-1,130
1,<environment.Job instance at 0x7f10c723ec30>,43,14,[ 4 11],44,-1,153,-1,139
1,<environment.Job instance at 0x7f10c723e320>,44,18,[ 3 12],45,-1,157,-1,139
1,<environment.Job instance at 0x7f10c723e140>,46,26,[8 5],47,-1,178,-1,152
1,<environment.Job instance at 0x7f10c723e550>,48,18,[13  1],49,-1,174,-1,156
1,<environment.Job instance at 0x7f10c723eaf0>,51,24,[8 5],52,-1,205,-1,181
1,<environment.Job instance at 0x7f10c7822730>,54,16,[ 2 13],55,-1,212,-1,196
1,<environment.Job instance at 0x7f10c72192d0>,61,17,[ 4 12],62,-1,251,-1,234
1,<environment.Job instance at 0x7f10c7219410>,62,23,[1 6],63,-1,343,-1,320
1,<environment.Job instance at 0x7f10c7219280>,71,14,[11  4],72,-1,334,-1,320
1,<environment.Job instance at 0x7f10c7250370>,76,13,[11  5],77,-1,360,-1,347
1,<environment.Job instance at 0x7f10c7250eb0>,77,19,[ 3 11],78,-1,366,-1,347
1,<environment.Job instance at 0x7f10c72506e0>,89,23,[4 9],90,-1,461,-1,438
1,<environment.Job instance at 0x7f10c7250a50>,90,24,[5 2],91,-1,462,-1,438
1,<environment.Job instance at 0x7f10c720a640>,92,17,[ 1 14],93,-1,458,-1,441
1,<environment.Job instance at 0x7f10c720a320>,93,25,[2 9],94,-1,466,-1,441
1,<environment.Job instance at 0x7f10c7efa640>,22,27,[10  4],23,-1,531,-1,504
1,<environment.Job instance at 0x7f10c720a0a0>,102,21,[ 3 13],103,-1,525,-1,504
1,<environment.Job instance at 0x7f10c720acd0>,2,27,[7 5],3,-1,30,-1,3
1,<environment.Job instance at 0x7f10c73b4af0>,4,25,[8 2],5,-1,30,-1,5
1,<environment.Job instance at 0x7f10c73b4b90>,6,14,[ 2 12],7,-1,21,-1,7
1,<environment.Job instance at 0x7f10c73db8c0>,14,28,[ 3 10],15,-1,44,-1,16
1,<environment.Job instance at 0x7f10c6a602d0>,15,25,[9 5],16,-1,41,-1,16
1,<environment.Job instance at 0x7f10c73bce60>,28,17,[ 3 13],29,-1,132,-1,115
1,<environment.Job instance at 0x7f10c73bcdc0>,29,14,[14  2],30,-1,129,-1,115
1,<environment.Job instance at 0x7f10c7e0e280>,32,2,[ 5 11],33,-1,122,-1,120
1,<environment.Job instance at 0x7f10c73d1960>,54,13,[ 5 10],55,-1,320,-1,307
1,<environment.Job instance at 0x7f10c73d10f0>,55,22,[ 5 14],56,-1,329,-1,307
1,<environment.Job instance at 0x7f10c73d7b90>,56,26,[8 5],57,-1,333,-1,307
1,<environment.Job instance at 0x7f10c73d75f0>,57,15,[2 5],58,-1,322,-1,307
1,<environment.Job instance at 0x7f10c73de550>,58,14,[3 7],59,-1,321,-1,307
1,<environment.Job instance at 0x7f10c73de190>,59,13,[13  5],60,-1,320,-1,307
1,<environment.Job instance at 0x7f10c73de2d0>,60,14,[ 2 13],61,-1,321,-1,307
1,<environment.Job instance at 0x7f10c73de640>,61,15,[ 3 10],62,-1,322,-1,307
1,<environment.Job instance at 0x7f10c73de0f0>,62,12,[ 5 13],63,-1,319,-1,307
1,<environment.Job instance at 0x7f10c73de5f0>,64,22,[13  3],65,-1,331,-1,309
1,<environment.Job instance at 0x7f10c73dea50>,65,26,[14  2],66,-1,335,-1,309
1,<environment.Job instance at 0x7f10c73de8c0>,66,20,[ 4 12],67,-1,329,-1,309
1,<environment.Job instance at 0x7f10c73dec30>,67,13,[ 4 12],68,-1,322,-1,309
1,<environment.Job instance at 0x7f10c73deb40>,68,14,[5 1],69,-1,323,-1,309
1,<environment.Job instance at 0x7f10c73debe0>,69,14,[2 8],70,-1,323,-1,309
1,<environment.Job instance at 0x7f10c73de730>,70,16,[ 5 12],71,-1,325,-1,309
1,<environment.Job instance at 0x7f10c73de7d0>,71,22,[13  5],72,-1,331,-1,309
1,<environment.Job instance at 0x7f10c6bea780>,72,27,[5 3],73,-1,336,-1,309
1,<environment.Job instance at 0x7f10c6bea820>,73,13,[8 5],74,-1,322,-1,309
1,<environment.Job instance at 0x7f10c6bea730>,75,24,[5 4],76,-1,345,-1,321
1,<environment.Job instance at 0x7f10c6bea9b0>,76,18,[12  1],77,-1,339,-1,321
1,<environment.Job instance at 0x7f10c6beaaf0>,78,13,[ 5 14],79,-1,335,-1,322
1,<environment.Job instance at 0x7f10c6beab40>,79,17,[ 5 13],80,-1,339,-1,322
1,<environment.Job instance at 0x7f10c6bead70>,80,18,[12  5],81,-1,340,-1,322
1,<environment.Job instance at 0x7f10c6beae10>,82,27,[5 1],83,-1,362,-1,335
1,<environment.Job instance at 0x7f10c6beae60>,85,17,[ 5 12],86,-1,366,-1,349
1,<environment.Job instance at 0x7f10c6beac80>,86,3,[3 6],87,-1,352,-1,349
1,<environment.Job instance at 0x7f10c6bec1e0>,87,24,[7 4],88,-1,373,-1,349
1,<environment.Job instance at 0x7f10c6bec280>,88,19,[6 3],89,-1,368,-1,349
1,<environment.Job instance at 0x7f10c6bec320>,89,1,[3 6],90,-1,350,-1,349
1,<environment.Job instance at 0x7f10c6bec3c0>,90,12,[12  3],91,-1,361,-1,349
1,<environment.Job instance at 0x7f10c6bec460>,91,27,[6 5],92,-1,376,-1,349
1,<environment.Job instance at 0x7f10c6bec5a0>,93,18,[9 1],94,-1,382,-1,364
1,<environment.Job instance at 0x7f10c6bec640>,94,17,[14  4],95,-1,381,-1,364
1,<environment.Job instance at 0x7f10c6bec050>,96,12,[3 8],97,-1,376,-1,364
1,<environment.Job instance at 0x7f10c6bec820>,97,16,[ 1 13],98,-1,380,-1,364
1,<environment.Job instance at 0x7f10c6bec7d0>,98,25,[4 7],99,-1,389,-1,364
1,<environment.Job instance at 0x7f10c6bec0f0>,99,18,[2 9],100,-1,382,-1,364
1,<environment.Job instance at 0x7f10c6bec9b0>,100,12,[13  5],101,-1,376,-1,364
1,<environment.Job instance at 0x7f10c6beca50>,101,22,[14  4],102,-1,386,-1,364
1,<environment.Job instance at 0x7f10c6becbe0>,102,27,[5 3],103,-1,391,-1,364
1,<environment.Job instance at 0x7f10c6becd20>,105,13,[7 1],106,-1,393,-1,380
1,<environment.Job instance at 0x7f10c6becc80>,106,26,[3 7],107,-1,406,-1,380
1,<environment.Job instance at 0x7f10c6beceb0>,107,13,[2 9],108,-1,393,-1,380
1,<environment.Job instance at 0x7f10c6becfa0>,108,15,[11  4],109,-1,395,-1,380
1,<environment.Job instance at 0x7f10c6bece60>,109,18,[ 3 11],110,-1,398,-1,380
1,<environment.Job instance at 0x7f10c6c08140>,110,23,[9 1],111,-1,403,-1,380
1,<environment.Job instance at 0x7f10c6c08050>,112,23,[11  3],113,-1,417,-1,394
1,<environment.Job instance at 0x7f10c6c082d0>,113,19,[ 4 10],114,-1,413,-1,394
1,<environment.Job instance at 0x7f10c6c083c0>,114,1,[1 5],115,-1,395,-1,394
1,<environment.Job instance at 0x7f10c6c08500>,116,27,[7 3],117,-1,421,-1,394
1,<environment.Job instance at 0x7f10c6c085a0>,117,28,[13  1],118,-1,422,-1,394
1,<environment.Job instance at 0x7f10c6c08780>,118,25,[3 8],119,-1,419,-1,394
1,<environment.Job instance at 0x7f10c6c086e0>,119,17,[7 1],120,-1,411,-1,394
1,<environment.Job instance at 0x7f10c6c08a50>,122,24,[7 5],123,-1,434,-1,410
1,<environment.Job instance at 0x7f10c6c08aa0>,123,22,[11  1],124,-1,432,-1,410
1,<environment.Job instance at 0x7f10c6c08b40>,124,14,[ 2 13],125,-1,424,-1,410
1,<environment.Job instance at 0x7f10c6c08c80>,126,28,[4 9],127,-1,456,-1,428
1,<environment.Job instance at 0x7f10c6c08d20>,127,28,[ 5 11],128,-1,456,-1,428
1,<environment.Job instance at 0x7f10c6c08dc0>,128,12,[10  3],129,-1,440,-1,428
1,<environment.Job instance at 0x7f10c6c08f50>,130,18,[13  5],131,-1,446,-1,428
1,<environment.Job instance at 0x7f10c6c08fa0>,131,13,[9 3],132,-1,441,-1,428
1,<environment.Job instance at 0x7f10c6c0b050>,132,2,[5 9],133,-1,430,-1,428
1,<environment.Job instance at 0x7f10c6c0b1e0>,134,14,[11  2],135,-1,455,-1,441
1,<environment.Job instance at 0x7f10c6c0b280>,135,15,[12  2],136,-1,456,-1,441
1,<environment.Job instance at 0x7f10c6c0b320>,136,2,[4 9],137,-1,443,-1,441
1,<environment.Job instance at 0x7f10c6c0b460>,137,19,[14  2],138,-1,460,-1,441
1,<environment.Job instance at 0x7f10c6c0b410>,138,20,[ 5 12],139,-1,461,-1,441
1,<environment.Job instance at 0x7f10c6c0b870>,141,17,[ 4 11],142,-1,463,-1,446
1,<environment.Job instance at 0x7f10c6c0b960>,142,12,[8 1],143,-1,458,-1,446
1,<environment.Job instance at 0x7f10c6c0ba00>,143,12,[10  5],144,-1,460,-1,448
1,<environment.Job instance at 0x7f10c6c0baa0>,144,1,[3 6],145,-1,449,-1,448
1,<environment.Job instance at 0x7f10c6c0bc30>,147,16,[10  1],148,-1,480,-1,464
1,<environment.Job instance at 0x7f10c6c0beb0>,151,1,[8 4],152,-1,498,-1,497
1,<environment.Job instance at 0x7f10c7364190>,155,3,[ 4 13],156,-1,532,-1,529
1,<environment.Job instance at 0x7f10c6bf9e60>,50,28,[7 5],51,-1,577,-1,549
1,<environment.Job instance at 0x7f10c6bf9500>,52,28,[14  2],53,-1,602,-1,574
1,<environment.Job instance at 0x7f10c7a0ec30>,9,18,[ 2 11],10,-1,33,-1,15
1,<environment.Job instance at 0x7f10c7a0e780>,12,20,[ 4 13],13,-1,47,-1,27
1,<environment.Job instance at 0x7f10c798ddc0>,16,23,[9 2],17,-1,70,-1,47
1,<environment.Job instance at 0x7f10c798d550>,17,3,[6 1],18,-1,50,-1,47
1,<environment.Job instance at 0x7f10c798d4b0>,20,3,[9 5],21,-1,74,-1,71
1,<environment.Job instance at 0x7f10c798dc30>,21,3,[8 1],22,-1,74,-1,71
1,<environment.Job instance at 0x7f10c798d140>,23,27,[ 1 14],24,-1,98,-1,71
1,<environment.Job instance at 0x7f10c79bf500>,27,22,[12  2],28,-1,114,-1,92
1,<environment.Job instance at 0x7f10c79bfeb0>,28,27,[7 4],29,-1,119,-1,92
1,<environment.Job instance at 0x7f10c79bf2d0>,29,3,[9 5],30,-1,95,-1,92
1,<environment.Job instance at 0x7f10c79bf780>,32,26,[14  5],33,-1,134,-1,108
1,<environment.Job instance at 0x7f10c79bf050>,33,12,[11  4],34,-1,120,-1,108
1,<environment.Job instance at 0x7f10c79bf0a0>,34,26,[8 3],35,-1,134,-1,108
1,<environment.Job instance at 0x7f10c6d15aa0>,36,2,[6 1],37,-1,127,-1,125
1,<environment.Job instance at 0x7f10c6d15320>,38,18,[14  4],39,-1,143,-1,125
1,<environment.Job instance at 0x7f10c6a183c0>,42,24,[4 7],43,-1,179,-1,155
1,<environment.Job instance at 0x7f10c6a18140>,44,3,[6 4],45,-1,162,-1,159
1,<environment.Job instance at 0x7f10c6a18fa0>,45,2,[12  1],46,-1,161,-1,159
1,<environment.Job instance at 0x7f10c6a186e0>,47,23,[ 4 12],48,-1,194,-1,171
1,<environment.Job instance at 0x7f10c7a72c30>,48,26,[ 4 14],49,-1,197,-1,171
1,<environment.Job instance at 0x7f10c6a18410>,49,15,[ 1 14],50,-1,186,-1,171
1,<environment.Job instance at 0x7f10c6bb7d20>,50,14,[11  2],51,-1,185,-1,171
1,<environment.Job instance at 0x7f10c714b410>,51,13,[13  4],52,-1,184,-1,171
1,<environment.Job instance at 0x7f10c7a7daa0>,53,27,[ 4 13],54,-1,205,-1,178
1,<environment.Job instance at 0x7f10c714baa0>,54,23,[ 4 10],55,-1,201,-1,178
1,<environment.Job instance at 0x7f10c714beb0>,55,15,[ 4 12],56,-1,193,-1,178
1,<environment.Job instance at 0x7f10c6e77e60>,57,16,[ 5 11],58,-1,208,-1,192
1,<environment.Job instance at 0x7f10c79770f0>,58,28,[7 3],59,-1,220,-1,192
1,<environment.Job instance at 0x7f10c7634780>,59,27,[3 8],60,-1,219,-1,192
1,<environment.Job instance at 0x7f10c7151f50>,60,23,[5 9],61,-1,215,-1,192
1,<environment.Job instance at 0x7f10c73b0eb0>,63,20,[ 1 10],64,-1,220,-1,200
1,<environment.Job instance at 0x7f10c75b2c80>,65,13,[11  4],66,-1,213,-1,200
1,<environment.Job instance at 0x7f10c75b2820>,66,12,[11  5],67,-1,212,-1,200
1,<environment.Job instance at 0x7f10c75b2dc0>,69,1,[ 4 12],70,-1,213,-1,212
1,<environment.Job instance at 0x7f10d0539960>,70,3,[ 4 14],71,-1,215,-1,212
1,<environment.Job instance at 0x7f10d0539c30>,71,15,[14  3],72,-1,227,-1,212
1,<environment.Job instance at 0x7f10d05394b0>,75,14,[11  1],76,-1,271,-1,257
1,<environment.Job instance at 0x7f10d0539050>,76,23,[ 2 11],77,-1,280,-1,257
1,<environment.Job instance at 0x7f10d0539f00>,77,21,[ 1 11],78,-1,278,-1,257
1,<environment.Job instance at 0x7f10d0539460>,78,1,[ 2 14],79,-1,258,-1,257
1,<environment.Job instance at 0x7f10c7631280>,81,15,[13  2],82,-1,286,-1,271
1,<environment.Job instance at 0x7f10c7631820>,82,16,[ 5 11],83,-1,287,-1,271
1,<environment.Job instance at 0x7f10c7631d70>,83,18,[13  4],84,-1,289,-1,271
1,<environment.Job instance at 0x7f10c6dbcf50>,84,15,[ 3 14],85,-1,286,-1,271
1,<environment.Job instance at 0x7f10c6dbcaf0>,85,18,[13  2],86,-1,289,-1,271
1,<environment.Job instance at 0x7f10cbffae10>,86,1,[12  5],87,-1,272,-1,271
1,<environment.Job instance at 0x7f10c6d533c0>,88,22,[2 9],89,-1,295,-1,273
1,<environment.Job instance at 0x7f10c6df42d0>,103,12,[ 3 13],104,-1,429,-1,417
1,<environment.Job instance at 0x7f10c6df4eb0>,104,23,[6 2],105,-1,440,-1,417
1,<environment.Job instance at 0x7f10c6df4d70>,105,22,[1 9],106,-1,443,-1,421
1,<environment.Job instance at 0x7f10c696b820>,107,24,[10  4],108,-1,445,-1,421
1,<environment.Job instance at 0x7f10c696b320>,108,24,[3 9],109,-1,445,-1,421
1,<environment.Job instance at 0x7f10c696b050>,109,18,[ 3 12],110,-1,439,-1,421
1,<environment.Job instance at 0x7f10c696bb40>,110,18,[13  3],111,-1,439,-1,421
1,<environment.Job instance at 0x7f10c696b730>,111,2,[1 5],112,-1,423,-1,421
1,<environment.Job instance at 0x7f10c696b9b0>,114,24,[7 4],115,-1,479,-1,455
1,<environment.Job instance at 0x7f10c696beb0>,115,19,[ 5 13],116,-1,474,-1,455
1,<environment.Job instance at 0x7f10c6e0e9b0>,124,24,[5 9],125,-1,531,-1,507
1,<environment.Job instance at 0x7f10c6dab500>,126,23,[3 9],127,-1,546,-1,523
1,<environment.Job instance at 0x7f10c6dabb40>,127,26,[8 5],128,-1,549,-1,523
1,<environment.Job instance at 0x7f10c7e39910>,129,1,[ 1 12],130,-1,539,-1,538
1,<environment.Job instance at 0x7f10c7e39dc0>,131,27,[10  5],132,-1,565,-1,538
1,<environment.Job instance at 0x7f10d0789190>,133,2,[5 5],134,-1,544,-1,542
1,<environment.Job instance at 0x7f10d0789460>,134,15,[12  5],135,-1,557,-1,542
1,<environment.Job instance at 0x7f10d0789280>,135,24,[13  2],136,-1,566,-1,542
1,<environment.Job instance at 0x7f10c6dc0a00>,138,16,[ 3 14],139,-1,592,-1,576
1,<environment.Job instance at 0x7f10c6dc02d0>,139,24,[14  4],140,-1,600,-1,576
1,<environment.Job instance at 0x7f10c6dc0460>,140,13,[14  5],141,-1,589,-1,576
1,<environment.Job instance at 0x7f10c6dc06e0>,143,23,[6 1],144,-1,599,-1,576
1,<environment.Job instance at 0x7f10c6dc0f50>,144,23,[ 5 10],145,-1,599,-1,576
1,<environment.Job instance at 0x7f10c6dc0910>,146,22,[ 1 14],147,-1,615,-1,593
1,<environment.Job instance at 0x7f10c6dc0e60>,147,3,[11  2],148,-1,596,-1,593
1,<environment.Job instance at 0x7f10c6dc0aa0>,148,25,[ 1 14],149,-1,618,-1,593
1,<environment.Job instance at 0x7f10c6dc0050>,149,25,[12  3],150,-1,618,-1,593
1,<environment.Job instance at 0x7f10c6dc0960>,150,27,[ 4 11],151,-1,620,-1,593
1,<environment.Job instance at 0x7f10c6dc0640>,151,15,[13  2],152,-1,608,-1,593
1,<environment.Job instance at 0x7f10c6dc0af0>,155,13,[10  3],156,-1,628,-1,615
1,<environment.Job instance at 0x7f10c7344e10>,158,16,[ 5 13],159,-1,635,-1,619
1,<environment.Job instance at 0x7f10c67b3be0>,3,25,[4 7],4,-1,29,-1,4
1,<environment.Job instance at 0x7f10c67b3aa0>,4,3,[11  5],5,-1,8,-1,5
1,<environment.Job instance at 0x7f10c67b3460>,5,3,[ 4 14],6,-1,9,-1,6
1,<environment.Job instance at 0x7f10c66b2280>,6,28,[ 4 11],7,-1,35,-1,7
1,<environment.Job instance at 0x7f10c66b2410>,11,2,[5 4],12,-1,20,-1,18
1,<environment.Job instance at 0x7f10c66b20a0>,12,27,[3 6],13,-1,45,-1,18
1,<environment.Job instance at 0x7f10c66b26e0>,15,15,[ 3 14],16,-1,51,-1,36
1,<environment.Job instance at 0x7f10c66b21e0>,16,21,[10  1],17,-1,60,-1,39
1,<environment.Job instance at 0x7f10c66b2cd0>,19,16,[11  1],20,-1,55,-1,39
1,<environment.Job instance at 0x7f10c6725230>,20,16,[ 1 12],21,-1,55,-1,39
1,<environment.Job instance at 0x7f10c6725dc0>,21,28,[10  5],22,-1,67,-1,39
1,<environment.Job instance at 0x7f10c67250f0>,22,25,[8 4],23,-1,64,-1,39
1,<environment.Job instance at 0x7f10c6725500>,24,18,[13  1],25,-1,77,-1,59
1,<environment.Job instance at 0x7f10c6725640>,25,13,[ 3 10],26,-1,72,-1,59
1,<environment.Job instance at 0x7f10c67255a0>,26,14,[ 1 14],27,-1,73,-1,59
1,<environment.Job instance at 0x7f10c6725870>,28,2,[10  1],29,-1,61,-1,59
1,<environment.Job instance at 0x7f10c6725140>,29,25,[8 3],30,-1,84,-1,59
1,<environment.Job instance at 0x7f10c6725190>,30,2,[5 5],31,-1,61,-1,59
1,<environment.Job instance at 0x7f10c6725a50>,32,24,[11  1],33,-1,92,-1,68
1,<environment.Job instance at 0x7f10c6725960>,35,25,[5 7],36,-1,101,-1,76
1,<environment.Job instance at 0x7f10c6725690>,37,18,[11  2],38,-1,103,-1,85
1,<environment.Job instance at 0x7f10c6736050>,39,13,[4 7],40,-1,107,-1,94
1,<environment.Job instance at 0x7f10c67365a0>,42,18,[10  1],43,-1,139,-1,121
1,<environment.Job instance at 0x7f10c6736550>,44,1,[ 3 10],45,-1,122,-1,121
1,<environment.Job instance at 0x7f10c6736370>,46,3,[7 4],47,-1,125,-1,122
1,<environment.Job instance at 0x7f10c6736640>,47,12,[8 2],48,-1,134,-1,122
1,<environment.Job instance at 0x7f10c6736320>,48,24,[14  3],49,-1,146,-1,122
1,<environment.Job instance at 0x7f10c6747f00>,52,27,[2 9],53,-1,173,-1,146
1,<environment.Job instance at 0x7f10c6747690>,57,23,[10  4],58,-1,211,-1,188
1,<environment.Job instance at 0x7f10c6747d20>,58,26,[2 7],59,-1,214,-1,188
1,<environment.Job instance at 0x7f10c67470a0>,60,3,[2 6],61,-1,191,-1,188
1,<environment.Job instance at 0x7f10c6747cd0>,62,26,[5 4],63,-1,223,-1,197
1,<environment.Job instance at 0x7f10c6747780>,63,26,[ 1 10],64,-1,223,-1,197
1,<environment.Job instance at 0x7f10c67477d0>,66,21,[3 7],67,-1,250,-1,229
1,<environment.Job instance at 0x7f10c67478c0>,68,28,[14  3],69,-1,257,-1,229
1,<environment.Job instance at 0x7f10c66baf00>,76,13,[ 5 11],77,-1,294,-1,281
1,<environment.Job instance at 0x7f10c66baf50>,77,22,[1 8],78,-1,398,-1,376
1,<environment.Job instance at 0x7f10c666acd0>,85,12,[1 9],86,-1,394,-1,382
1,<environment.Job instance at 0x7f10c666a870>,87,12,[ 3 10],88,-1,394,-1,382
1,<environment.Job instance at 0x7f10c666a230>,89,14,[ 5 14],90,-1,401,-1,387
1,<environment.Job instance at 0x7f10c666ab90>,90,22,[5 6],91,-1,418,-1,396
1,<environment.Job instance at 0x7f10c666a780>,92,25,[10  1],93,-1,424,-1,399
1,<environment.Job instance at 0x7f10c66dccd0>,96,21,[12  2],97,-1,438,-1,417
1,<environment.Job instance at 0x7f10c66dc190>,98,14,[ 1 14],99,-1,445,-1,431
1,<environment.Job instance at 0x7f10c66dc780>,102,14,[ 5 14],103,-1,470,-1,456
1,<environment.Job instance at 0x7f10c66dcdc0>,103,18,[8 1],104,-1,484,-1,466
1,<environment.Job instance at 0x7f10c66dc1e0>,104,13,[12  5],105,-1,479,-1,466
1,<environment.Job instance at 0x7f10c66dca00>,105,12,[12  3],106,-1,478,-1,466
1,<environment.Job instance at 0x7f10c66a7f00>,107,15,[12  3],108,-1,484,-1,469
1,<environment.Job instance at 0x7f10c66a73c0>,108,19,[ 4 10],109,-1,514,-1,495
1,<environment.Job instance at 0x7f10c66a7410>,112,24,[11  4],113,-1,519,-1,495
1,<environment.Job instance at 0x7f10c66a7640>,115,15,[ 4 12],116,-1,518,-1,503
1,<environment.Job instance at 0x7f10c66a7dc0>,117,25,[ 1 10],118,-1,531,-1,506
1,<environment.Job instance at 0x7f10c66a7280>,118,1,[8 4],119,-1,507,-1,506
1,<environment.Job instance at 0x7f10c66a7af0>,119,25,[ 4 11],120,-1,531,-1,506
1,<environment.Job instance at 0x7f10c66a7500>,121,26,[13  2],122,-1,542,-1,516
1,<environment.Job instance at 0x7f10c66a76e0>,122,2,[ 2 13],123,-1,518,-1,516
1,<environment.Job instance at 0x7f10c668ec80>,123,16,[ 3 10],124,-1,537,-1,521
1,<environment.Job instance at 0x7f10c668e460>,126,12,[11  2],127,-1,540,-1,528
1,<environment.Job instance at 0x7f10c668e550>,127,22,[8 5],128,-1,550,-1,528
1,<environment.Job instance at 0x7f10c668e2d0>,128,19,[ 5 11],129,-1,547,-1,528
1,<environment.Job instance at 0x7f10c668e320>,130,12,[ 1 12],131,-1,546,-1,534
1,<environment.Job instance at 0x7f10c66ad0f0>,136,23,[8 1],137,-1,596,-1,573
1,<environment.Job instance at 0x7f10c66ad5a0>,137,15,[14  5],138,-1,588,-1,573
1,<environment.Job instance at 0x7f10c72bf140>,138,19,[12  4],139,-1,592,-1,573
1,<environment.Job instance at 0x7f10d078d870>,139,19,[11  1],140,-1,592,-1,573
1,<environment.Job instance at 0x7f10d0a5e9b0>,142,2,[ 3 14],143,-1,587,-1,585
1,<environment.Job instance at 0x7f10c672a410>,143,22,[4 5],144,-1,607,-1,585
1,<environment.Job instance at 0x7f10c672a780>,144,23,[3 6],145,-1,608,-1,585
1,<environment.Job instance at 0x7f10c672a2d0>,145,13,[ 3 13],146,-1,598,-1,585
1,<environment.Job instance at 0x7f10c672a230>,146,27,[ 1 10],147,-1,612,-1,585
1,<environment.Job instance at 0x7f10c672a730>,147,18,[ 2 14],148,-1,603,-1,585
1,<environment.Job instance at 0x7f10c6f6fb40>,148,17,[ 4 10],149,-1,602,-1,585
1,<environment.Job instance at 0x7f10c6837c80>,151,25,[ 2 14],152,-1,623,-1,598
1,<environment.Job instance at 0x7f10c6f92b90>,155,21,[14  4],156,-1,627,-1,606
1,<environment.Job instance at 0x7f10c67b2140>,156,18,[ 4 13],157,-1,624,-1,606
1,<environment.Job instance at 0x7f10c7274f50>,1,12,[ 4 12],2,-1,14,-1,2
1,<environment.Job instance at 0x7f10c7274aa0>,2,27,[4 8],3,-1,30,-1,3
1,<environment.Job instance at 0x7f10c6ed6d20>,5,24,[5 6],6,-1,30,-1,6
1,<environment.Job instance at 0x7f10c72744b0>,8,17,[ 3 14],9,-1,26,-1,9
1,<environment.Job instance at 0x7f10c6ed6c30>,9,23,[8 5],10,-1,33,-1,10
1,<environment.Job instance at 0x7f10c6ed60a0>,13,2,[5 7],14,-1,17,-1,15
1,<environment.Job instance at 0x7f10c6ed6dc0>,15,28,[ 2 14],16,-1,44,-1,16
1,<environment.Job instance at 0x7f10c6ed6500>,16,22,[9 4],17,-1,60,-1,38
1,<environment.Job instance at 0x7f10c6ed6b90>,20,27,[5 8],21,-1,66,-1,39
1,<environment.Job instance at 0x7f10c6f9afa0>,23,15,[ 5 12],24,-1,54,-1,39
1,<environment.Job instance at 0x7f10c6f9a640>,25,23,[10  4],26,-1,73,-1,50
1,<environment.Job instance at 0x7f10c6f9a190>,27,22,[3 8],28,-1,72,-1,50
1,<environment.Job instance at 0x7f10c6f9ab90>,29,2,[5 5],30,-1,52,-1,50
1,<environment.Job instance at 0x7f10c6f9a870>,30,24,[10  1],31,-1,74,-1,50
1,<environment.Job instance at 0x7f10c6f9aa50>,31,26,[5 8],32,-1,76,-1,50
1,<environment.Job instance at 0x7f10c6f9a140>,34,16,[ 3 14],35,-1,82,-1,66
1,<environment.Job instance at 0x7f10c6f9a8c0>,37,15,[13  3],38,-1,86,-1,71
1,<environment.Job instance at 0x7f10c6f9a320>,39,26,[6 2],40,-1,105,-1,79
1,<environment.Job instance at 0x7f10c6f9a2d0>,40,22,[7 3],41,-1,104,-1,82
1,<environment.Job instance at 0x7f10c74e8e60>,42,26,[13  4],43,-1,111,-1,85
1,<environment.Job instance at 0x7f10c74e8190>,43,12,[ 4 10],44,-1,97,-1,85
1,<environment.Job instance at 0x7f10c74e85f0>,44,23,[14  1],45,-1,108,-1,85
1,<environment.Job instance at 0x7f10c74e8d70>,45,14,[ 1 12],46,-1,99,-1,85
1,<environment.Job instance at 0x7f10c74e8a50>,46,17,[14  4],47,-1,102,-1,85
1,<environment.Job instance at 0x7f10c74e8370>,51,27,[ 3 13],52,-1,138,-1,111
1,<environment.Job instance at 0x7f10c7783c80>,52,18,[ 2 12],53,-1,129,-1,111
1,<environment.Job instance at 0x7f10c7783320>,57,15,[14  1],58,-1,146,-1,131
1,<environment.Job instance at 0x7f10c77833c0>,58,26,[11  3],59,-1,157,-1,131
1,<environment.Job instance at 0x7f10c7783370>,61,26,[ 1 10],62,-1,173,-1,147
1,<environment.Job instance at 0x7f10c7783820>,63,1,[7 1],64,-1,160,-1,159
1,<environment.Job instance at 0x7f10c7783a00>,64,18,[ 4 11],65,-1,177,-1,159
1,<environment.Job instance at 0x7f10c7783a50>,65,1,[10  4],66,-1,160,-1,159
1,<environment.Job instance at 0x7f10c6f67500>,70,21,[ 2 14],71,-1,217,-1,196
1,<environment.Job instance at 0x7f10c6f67fa0>,71,18,[13  5],72,-1,214,-1,196
1,<environment.Job instance at 0x7f10c6f67820>,72,20,[ 4 11],73,-1,216,-1,196
1,<environment.Job instance at 0x7f10c6f67640>,78,15,[13  4],79,-1,245,-1,230
1,<environment.Job instance at 0x7f10c7784460>,79,1,[1 9],80,-1,231,-1,230
1,<environment.Job instance at 0x7f10c7784e60>,82,15,[14  5],83,-1,261,-1,246
1,<environment.Job instance at 0x7f10c77844b0>,86,25,[ 5 10],87,-1,287,-1,262
1,<environment.Job instance at 0x7f10c77842d0>,89,17,[ 2 14],90,-1,296,-1,279
1,<environment.Job instance at 0x7f10c7784870>,90,13,[13  4],91,-1,292,-1,279
1,<environment.Job instance at 0x7f10c7784eb0>,91,18,[12  2],92,-1,297,-1,279
1,<environment.Job instance at 0x7f10c7784230>,94,1,[5 4],95,-1,293,-1,292
1,<environment.Job instance at 0x7f10c7372a00>,95,1,[ 1 13],96,-1,293,-1,292
1,<environment.Job instance at 0x7f10c73724b0>,96,3,[4 8],97,-1,295,-1,292
1,<environment.Job instance at 0x7f10c7372320>,97,12,[12  3],98,-1,304,-1,292
1,<environment.Job instance at 0x7f10c7372230>,101,2,[5 7],102,-1,303,-1,301
1,<environment.Job instance at 0x7f10c7372460>,102,13,[11  2],103,-1,314,-1,301
1,<environment.Job instance at 0x7f10c7372aa0>,104,13,[12  4],105,-1,320,-1,307
1,<environment.Job instance at 0x7f10c7372cd0>,105,24,[12  2],106,-1,331,-1,307
1,<environment.Job instance at 0x7f10c6f14730>,106,12,[ 2 12],107,-1,319,-1,307
1,<environment.Job instance at 0x7f10c6f14640>,110,3,[1 7],111,-1,333,-1,330
1,<environment.Job instance at 0x7f10c6f144b0>,115,14,[ 4 13],116,-1,376,-1,362
1,<environment.Job instance at 0x7f10c7151640>,121,23,[3 9],122,-1,433,-1,410
1,<environment.Job instance at 0x7f10c74d9d70>,123,23,[9 5],124,-1,433,-1,410
1,<environment.Job instance at 0x7f10c74d9a50>,124,13,[ 4 13],125,-1,423,-1,410
1,<environment.Job instance at 0x7f10c74d94b0>,125,1,[3 6],126,-1,411,-1,410
1,<environment.Job instance at 0x7f10c74d9d20>,126,14,[ 1 11],127,-1,424,-1,410
1,<environment.Job instance at 0x7f10c74d91e0>,127,24,[7 4],128,-1,434,-1,410
1,<environment.Job instance at 0x7f10c7b99050>,128,14,[9 1],129,-1,4922,-1,4908
1,<environment.Job instance at 0x7f10c72b99b0>,10,28,[ 2 11],11,-1,39,-1,11
1,<environment.Job instance at 0x7f10c72b9690>,11,23,[5 5],12,-1,39,-1,16
1,<environment.Job instance at 0x7f10c72b9960>,12,12,[11  3],13,-1,28,-1,16
1,<environment.Job instance at 0x7f10c72b9f50>,13,26,[ 4 12],14,-1,42,-1,16
1,<environment.Job instance at 0x7f10c6847280>,14,12,[ 4 12],15,-1,28,-1,16
1,<environment.Job instance at 0x7f10c6847320>,16,18,[14  4],17,-1,35,-1,17
1,<environment.Job instance at 0x7f10c6847690>,18,15,[ 2 12],19,-1,35,-1,20
1,<environment.Job instance at 0x7f10c6847b40>,20,28,[13  2],21,-1,56,-1,28
1,<environment.Job instance at 0x7f10c6847be0>,23,27,[3 6],24,-1,70,-1,43
1,<environment.Job instance at 0x7f10c6847d20>,25,22,[ 4 10],26,-1,83,-1,61
1,<environment.Job instance at 0x7f10c6847dc0>,26,28,[6 3],27,-1,89,-1,61
1,<environment.Job instance at 0x7f10c68479b0>,29,13,[13  2],30,-1,86,-1,73
1,<environment.Job instance at 0x7f10c6847a00>,30,24,[1 7],31,-1,98,-1,74
1,<environment.Job instance at 0x7f10c72c8050>,31,27,[ 5 12],32,-1,101,-1,74
1,<environment.Job instance at 0x7f10c72c8140>,32,17,[ 1 11],33,-1,91,-1,74
1,<environment.Job instance at 0x7f10c72c8550>,38,23,[ 4 11],39,-1,122,-1,99
1,<environment.Job instance at 0x7f10c72c89b0>,42,17,[11  3],43,-1,144,-1,127
1,<environment.Job instance at 0x7f10c72c8c80>,46,25,[3 6],47,-1,168,-1,143
1,<environment.Job instance at 0x7f10c72c8d20>,47,1,[ 2 12],48,-1,144,-1,143
1,<environment.Job instance at 0x7f10c72c8dc0>,48,14,[14  4],49,-1,157,-1,143
1,<environment.Job instance at 0x7f10c72c8e60>,49,17,[ 3 14],50,-1,160,-1,143
1,<environment.Job instance at 0x7f10c72c8b40>,52,1,[ 2 10],53,-1,159,-1,158
1,<environment.Job instance at 0x7f10c72c5320>,56,23,[13  2],57,-1,218,-1,195
1,<environment.Job instance at 0x7f10c72c53c0>,57,14,[12  4],58,-1,209,-1,195
1,<environment.Job instance at 0x7f10c72c5460>,58,25,[ 2 10],59,-1,220,-1,195
1,<environment.Job instance at 0x7f10c72c5500>,59,24,[14  1],60,-1,219,-1,195
1,<environment.Job instance at 0x7f10c72c55a0>,60,2,[4 8],61,-1,197,-1,195
1,<environment.Job instance at 0x7f10c72c5050>,61,25,[14  2],62,-1,220,-1,195
1,<environment.Job instance at 0x7f10c72c5870>,63,28,[5 9],64,-1,239,-1,211
1,<environment.Job instance at 0x7f10c72c5910>,65,28,[6 1],66,-1,239,-1,211
1,<environment.Job instance at 0x7f10c72c5c30>,70,23,[7 5],71,-1,275,-1,252
1,<environment.Job instance at 0x7f10c72ba1e0>,75,18,[ 5 11],76,-1,298,-1,280
1,<environment.Job instance at 0x7f10c72ba370>,77,1,[14  4],78,-1,286,-1,285
1,<environment.Job instance at 0x7f10c72ba410>,78,18,[11  4],79,-1,303,-1,285
1,<environment.Job instance at 0x7f10c72ba870>,85,23,[13  4],86,-1,361,-1,338
1,<environment.Job instance at 0x7f10c72baa00>,86,17,[12  2],87,-1,355,-1,338
1,<environment.Job instance at 0x7f10c72baaa0>,87,2,[4 8],88,-1,340,-1,338
1,<environment.Job instance at 0x7f10c72bad70>,92,17,[14  5],93,-1,395,-1,378
1,<environment.Job instance at 0x7f10c72bae10>,93,12,[11  5],94,-1,390,-1,378
1,<environment.Job instance at 0x7f10c6839cd0>,98,12,[ 1 13],99,-1,422,-1,410
1,<environment.Job instance at 0x7f10c6839230>,99,14,[11  1],100,-1,424,-1,410
1,<environment.Job instance at 0x7f10c76ff870>,100,14,[14  1],101,-1,424,-1,410
1,<environment.Job instance at 0x7f10c76ffb90>,101,24,[5 5],102,-1,434,-1,410
1,<environment.Job instance at 0x7f10c6f20410>,102,15,[ 4 11],103,-1,425,-1,410
1,<environment.Job instance at 0x7f10c7048870>,104,21,[ 1 14],105,-1,446,-1,425
1,<environment.Job instance at 0x7f10c6f335a0>,107,16,[ 4 14],108,-1,441,-1,425
1,<environment.Job instance at 0x7f10c72c7cd0>,109,16,[ 2 12],110,-1,455,-1,439
1,<environment.Job instance at 0x7f10c72c7410>,110,17,[13  4],111,-1,456,-1,439
1,<environment.Job instance at 0x7f10c72c7140>,111,1,[ 5 11],112,-1,440,-1,439
1,<environment.Job instance at 0x7f10c72c7820>,116,12,[12  5],117,-1,500,-1,488
1,<environment.Job instance at 0x7f10c72c70a0>,119,26,[ 2 12],120,-1,517,-1,491
1,<environment.Job instance at 0x7f10c7f80910>,121,1,[ 3 12],122,-1,504,-1,503
1,<environment.Job instance at 0x7f10c7434460>,122,24,[10  3],123,-1,527,-1,503
1,<environment.Job instance at 0x7f10c7467730>,124,3,[11  1],125,-1,506,-1,503
1,<environment.Job instance at 0x7f10c6e91e10>,127,26,[5 5],128,-1,547,-1,521
1,<environment.Job instance at 0x7f10c6e91320>,128,21,[13  1],129,-1,542,-1,521
1,<environment.Job instance at 0x7f10c6e88190>,140,16,[12  4],141,-1,619,-1,603
1,<environment.Job instance at 0x7f10c6e88230>,141,26,[5 2],142,-1,629,-1,603
1,<environment.Job instance at 0x7f10c6e865f0>,142,24,[9 3],143,-1,627,-1,603
1,<environment.Job instance at 0x7f10c6e86910>,143,26,[6 3],144,-1,629,-1,603
1,<environment.Job instance at 0x7f10c6e869b0>,145,20,[14  3],146,-1,636,-1,616
1,<environment.Job instance at 0x7f10c6e88370>,139,26,[12  4],140,-1,642,-1,616
1,<environment.Job instance at 0x7f10c6e86370>,151,26,[2 6],152,-1,661,-1,635
1,<environment.Job instance at 0x7f10c7f68230>,153,25,[1 6],154,-1,679,-1,654
1,<environment.Job instance at 0x7f10c70b4b90>,4,19,[13  1],5,-1,24,-1,5
1,<environment.Job instance at 0x7f10c70b4d70>,12,28,[14  1],13,-1,77,-1,49
1,<environment.Job instance at 0x7f10c70b4a50>,13,25,[10  1],14,-1,74,-1,49
1,<environment.Job instance at 0x7f10c70b47d0>,14,14,[ 1 14],15,-1,63,-1,49
1,<environment.Job instance at 0x7f10c70b4370>,15,21,[ 1 14],16,-1,70,-1,49
1,<environment.Job instance at 0x7f10c75dac80>,22,1,[ 3 10],23,-1,96,-1,95
1,<environment.Job instance at 0x7f10c75daaf0>,26,28,[ 5 12],27,-1,139,-1,111
1,<environment.Job instance at 0x7f10c6eff460>,30,13,[ 2 10],31,-1,144,-1,131
1,<environment.Job instance at 0x7f10c6effc30>,31,2,[ 5 10],32,-1,133,-1,131
1,<environment.Job instance at 0x7f10c6effb90>,32,23,[10  1],33,-1,154,-1,131
1,<environment.Job instance at 0x7f10c6effbe0>,34,26,[14  1],35,-1,172,-1,146
1,<environment.Job instance at 0x7f10c6b6f6e0>,40,18,[ 1 13],41,-1,208,-1,190
1,<environment.Job instance at 0x7f10c6b6fc30>,41,26,[ 3 10],42,-1,216,-1,190
1,<environment.Job instance at 0x7f10c6b6f500>,42,12,[ 4 10],43,-1,202,-1,190
1,<environment.Job instance at 0x7f10c6e06690>,43,22,[ 3 12],44,-1,212,-1,190
1,<environment.Job instance at 0x7f10c6e06140>,44,28,[8 3],45,-1,218,-1,190
1,<environment.Job instance at 0x7f10c6e063c0>,46,12,[ 5 14],47,-1,202,-1,190
1,<environment.Job instance at 0x7f10c6d676e0>,48,18,[ 1 10],49,-1,225,-1,207
1,<environment.Job instance at 0x7f10c6d677d0>,49,25,[ 5 14],50,-1,232,-1,207
1,<environment.Job instance at 0x7f10c6d670f0>,50,15,[12  1],51,-1,222,-1,207
1,<environment.Job instance at 0x7f10d0a5af50>,53,2,[ 3 12],54,-1,214,-1,212
1,<environment.Job instance at 0x7f10d0a5af00>,59,25,[4 6],60,-1,269,-1,244
1,<environment.Job instance at 0x7f10c75aca00>,60,21,[ 5 11],61,-1,265,-1,244
1,<environment.Job instance at 0x7f10c75ac8c0>,61,1,[1 5],62,-1,245,-1,244
1,<environment.Job instance at 0x7f10c75ac5a0>,63,2,[3 7],64,-1,258,-1,256
1,<environment.Job instance at 0x7f10c75ac2d0>,64,18,[ 3 14],65,-1,274,-1,256
1,<environment.Job instance at 0x7f10c75accd0>,65,17,[14  4],66,-1,273,-1,256
1,<environment.Job instance at 0x7f10c75aceb0>,67,16,[12  2],68,-1,278,-1,262
1,<environment.Job instance at 0x7f10c75acd20>,68,13,[ 4 14],69,-1,275,-1,262
1,<environment.Job instance at 0x7f10c75ac500>,71,13,[14  3],72,-1,289,-1,276
1,<environment.Job instance at 0x7f10c75acb90>,73,2,[6 2],74,-1,287,-1,285
1,<environment.Job instance at 0x7f10c75ac910>,76,12,[11  5],77,-1,312,-1,300
1,<environment.Job instance at 0x7f10c75ac3c0>,77,18,[ 3 10],78,-1,325,-1,307
1,<environment.Job instance at 0x7f10c75ac5f0>,79,14,[ 5 11],80,-1,321,-1,307
1,<environment.Job instance at 0x7f10c75ac4b0>,80,17,[ 3 14],81,-1,324,-1,307
1,<environment.Job instance at 0x7f10c75ac870>,81,23,[7 5],82,-1,330,-1,307
1,<environment.Job instance at 0x7f10c75ac190>,83,23,[1 5],84,-1,343,-1,320
1,<environment.Job instance at 0x7f10c7cd2550>,85,26,[ 1 11],86,-1,346,-1,320
1,<environment.Job instance at 0x7f10c7cd2a50>,86,12,[13  4],87,-1,332,-1,320
1,<environment.Job instance at 0x7f10c7cd2640>,87,3,[9 1],88,-1,323,-1,320
1,<environment.Job instance at 0x7f10c7cd2eb0>,88,15,[ 1 11],89,-1,335,-1,320
1,<environment.Job instance at 0x7f10c7cd2870>,96,27,[12  4],97,-1,407,-1,380
1,<environment.Job instance at 0x7f10c7cd2730>,97,24,[ 1 10],98,-1,404,-1,380
1,<environment.Job instance at 0x7f10d0b279b0>,102,13,[11  1],103,-1,431,-1,418
1,<environment.Job instance at 0x7f10d0b271e0>,103,17,[14  5],104,-1,435,-1,418
1,<environment.Job instance at 0x7f10d0b27910>,104,14,[13  2],105,-1,432,-1,418
1,<environment.Job instance at 0x7f10d0b27640>,105,16,[ 5 13],106,-1,434,-1,418
1,<environment.Job instance at 0x7f10d0b275f0>,106,28,[14  3],107,-1,446,-1,418
1,<environment.Job instance at 0x7f10d0b27280>,108,13,[ 3 13],109,-1,447,-1,434
1,<environment.Job instance at 0x7f10c79fca00>,111,18,[13  5],112,-1,458,-1,440
1,<environment.Job instance at 0x7f10c79fc370>,113,14,[ 5 14],114,-1,461,-1,447
1,<environment.Job instance at 0x7f10c79fc140>,120,22,[ 2 14],121,-1,516,-1,494
1,<environment.Job instance at 0x7f10c79fc910>,121,25,[9 2],122,-1,519,-1,494
1,<environment.Job instance at 0x7f10c79fc550>,124,25,[6 3],125,-1,530,-1,505
1,<environment.Job instance at 0x7f10c79fcc80>,125,17,[14  3],126,-1,522,-1,505
1,<environment.Job instance at 0x7f10c79fc230>,126,16,[ 1 13],127,-1,521,-1,505
1,<environment.Job instance at 0x7f10c776dcd0>,127,25,[ 4 12],128,-1,530,-1,505
1,<environment.Job instance at 0x7f10c6badf00>,128,23,[ 1 10],129,-1,528,-1,505
1,<environment.Job instance at 0x7f10c7026230>,130,13,[ 2 11],131,-1,519,-1,506
1,<environment.Job instance at 0x7f10c7026730>,132,14,[14  1],133,-1,539,-1,525
1,<environment.Job instance at 0x7f10c7026820>,133,19,[ 3 11],134,-1,544,-1,525
1,<environment.Job instance at 0x7f10c7026410>,135,15,[14  4],136,-1,557,-1,542
1,<environment.Job instance at 0x7f10c7026460>,136,28,[4 5],137,-1,570,-1,542
1,<environment.Job instance at 0x7f10c7026640>,138,15,[11  4],139,-1,557,-1,542
1,<environment.Job instance at 0x7f10c68ca870>,139,28,[3 6],140,-1,570,-1,542
1,<environment.Job instance at 0x7f10c6feef50>,140,13,[ 5 10],141,-1,558,-1,545
1,<environment.Job instance at 0x7f10c6fee9b0>,141,17,[12  3],142,-1,562,-1,545
1,<environment.Job instance at 0x7f10c7851af0>,142,14,[ 4 10],143,-1,560,-1,546
1,<environment.Job instance at 0x7f10c69c7d20>,143,22,[ 3 13],144,-1,568,-1,546
1,<environment.Job instance at 0x7f10c6e55730>,145,2,[ 5 10],146,-1,550,-1,548
1,<environment.Job instance at 0x7f10c692aeb0>,146,12,[ 4 12],147,-1,560,-1,548
1,<environment.Job instance at 0x7f10c7246cd0>,147,3,[2 6],148,-1,551,-1,548
1,<environment.Job instance at 0x7f10c7246eb0>,148,28,[ 4 11],149,-1,576,-1,548
1,<environment.Job instance at 0x7f10d04e3cd0>,151,19,[ 2 11],152,-1,587,-1,568
1,<environment.Job instance at 0x7f10d0599550>,152,12,[14  5],153,-1,580,-1,568
1,<environment.Job instance at 0x7f10c6899c80>,153,27,[10  1],154,-1,595,-1,568
1,<environment.Job instance at 0x7f10c67f2b40>,155,18,[ 5 12],156,-1,588,-1,570
1,<environment.Job instance at 0x7f10c67d23c0>,1,25,[13  3],2,-1,27,-1,2
1,<environment.Job instance at 0x7f10c67d2dc0>,6,20,[ 4 13],7,-1,27,-1,7
1,<environment.Job instance at 0x7f10c6fbcd70>,7,28,[6 1],8,-1,36,-1,8
1,<environment.Job instance at 0x7f10c6fbcc80>,12,3,[ 5 11],13,-1,24,-1,21
1,<environment.Job instance at 0x7f10c6fbc550>,14,3,[8 3],15,-1,39,-1,36
1,<environment.Job instance at 0x7f10c6fbc410>,17,18,[ 3 12],18,-1,54,-1,36
1,<environment.Job instance at 0x7f10c6fbc050>,19,20,[14  4],20,-1,67,-1,47
1,<environment.Job instance at 0x7f10c6fbc690>,21,26,[ 3 12],22,-1,83,-1,57
1,<environment.Job instance at 0x7f10c6fbc4b0>,22,12,[12  1],23,-1,69,-1,57
1,<environment.Job instance at 0x7f10c696c140>,24,20,[12  4],25,-1,77,-1,57
1,<environment.Job instance at 0x7f10c696c4b0>,25,1,[3 5],26,-1,58,-1,57
1,<environment.Job instance at 0x7f10c696ce60>,32,26,[7 5],33,-1,132,-1,106
1,<environment.Job instance at 0x7f10c696c0a0>,35,2,[ 3 10],36,-1,124,-1,122
1,<environment.Job instance at 0x7f10c696c460>,36,1,[1 8],37,-1,123,-1,122
1,<environment.Job instance at 0x7f10c696c960>,37,13,[13  5],38,-1,135,-1,122
1,<environment.Job instance at 0x7f10c696cd70>,38,1,[6 5],39,-1,123,-1,122
1,<environment.Job instance at 0x7f10c696ccd0>,39,28,[5 5],40,-1,150,-1,122
1,<environment.Job instance at 0x7f10c7eda820>,40,15,[12  4],41,-1,137,-1,122
1,<environment.Job instance at 0x7f10c7eda370>,41,25,[9 3],42,-1,147,-1,122
1,<environment.Job instance at 0x7f10c7edabe0>,44,12,[ 4 14],45,-1,152,-1,140
1,<environment.Job instance at 0x7f10c7edaeb0>,45,21,[ 4 14],46,-1,161,-1,140
1,<environment.Job instance at 0x7f10c7edaaf0>,46,14,[ 1 13],47,-1,154,-1,140
1,<environment.Job instance at 0x7f10c7edaaa0>,47,16,[12  5],48,-1,156,-1,140
1,<environment.Job instance at 0x7f10c7edae60>,48,28,[4 5],49,-1,168,-1,140
1,<environment.Job instance at 0x7f10c7edaa00>,49,2,[5 5],50,-1,142,-1,140
1,<environment.Job instance at 0x7f10c7eda3c0>,51,25,[ 2 14],52,-1,165,-1,140
1,<environment.Job instance at 0x7f10c7eda870>,52,1,[ 1 11],53,-1,141,-1,140
1,<environment.Job instance at 0x7f10c7eda190>,53,28,[1 8],54,-1,168,-1,140
1,<environment.Job instance at 0x7f10c7d408c0>,58,1,[1 9],59,-1,169,-1,168
1,<environment.Job instance at 0x7f10c7ef4f00>,59,27,[ 3 10],60,-1,195,-1,168
1,<environment.Job instance at 0x7f10c7ef4e10>,63,16,[ 4 11],64,-1,212,-1,196
1,<environment.Job instance at 0x7f10c7ef4c30>,64,28,[ 4 13],65,-1,224,-1,196
1,<environment.Job instance at 0x7f10c7ef42d0>,65,15,[ 5 14],66,-1,211,-1,196
1,<environment.Job instance at 0x7f10c7ef4780>,66,3,[ 2 14],67,-1,199,-1,196
1,<environment.Job instance at 0x7f10c7ef4c80>,67,14,[ 3 11],68,-1,210,-1,196
1,<environment.Job instance at 0x7f10c73450f0>,73,14,[ 2 14],74,-1,247,-1,233
1,<environment.Job instance at 0x7f10c7345c30>,75,23,[14  2],76,-1,258,-1,235
1,<environment.Job instance at 0x7f10c7345f00>,82,17,[ 4 14],83,-1,296,-1,279
1,<environment.Job instance at 0x7f10c7345b90>,84,17,[12  4],85,-1,297,-1,280
1,<environment.Job instance at 0x7f10c7345500>,85,14,[ 3 11],86,-1,294,-1,280
1,<environment.Job instance at 0x7f10c7ea85a0>,86,16,[ 4 13],87,-1,296,-1,280
1,<environment.Job instance at 0x7f10c7e64dc0>,87,24,[ 1 11],88,-1,304,-1,280
1,<environment.Job instance at 0x7f10c6d57c80>,88,17,[ 4 11],89,-1,297,-1,280
1,<environment.Job instance at 0x7f10c7767370>,91,2,[3 6],92,-1,297,-1,295
1,<environment.Job instance at 0x7f10c77670a0>,93,27,[ 3 10],94,-1,333,-1,306
1,<environment.Job instance at 0x7f10c6e56780>,94,25,[8 1],95,-1,331,-1,306
1,<environment.Job instance at 0x7f10c6c40190>,98,28,[3 6],99,-1,364,-1,336
1,<environment.Job instance at 0x7f10c6dd2b40>,99,20,[14  5],100,-1,356,-1,336
1,<environment.Job instance at 0x7f10c75e0a00>,101,17,[14  1],102,-1,353,-1,336
1,<environment.Job instance at 0x7f10c7bb62d0>,103,28,[4 5],104,-1,369,-1,341
1,<environment.Job instance at 0x7f10d0ba21e0>,104,26,[1 7],105,-1,369,-1,343
1,<environment.Job instance at 0x7f10d0a5c230>,109,27,[3 8],110,-1,408,-1,381
1,<environment.Job instance at 0x7f10c6ac31e0>,111,2,[ 4 13],112,-1,387,-1,385
1,<environment.Job instance at 0x7f10c6ac3910>,112,27,[10  5],113,-1,412,-1,385
1,<environment.Job instance at 0x7f10c6ac30a0>,117,18,[14  1],118,-1,461,-1,443
1,<environment.Job instance at 0x7f10c6ac3d70>,118,15,[13  5],119,-1,458,-1,443
1,<environment.Job instance at 0x7f10c6ac3c80>,120,15,[ 3 12],121,-1,458,-1,443
1,<environment.Job instance at 0x7f10c7b0b5a0>,121,3,[ 1 11],122,-1,446,-1,443
1,<environment.Job instance at 0x7f10c6ac3730>,122,14,[12  4],123,-1,457,-1,443
1,<environment.Job instance at 0x7f10c7b3af50>,126,12,[ 3 14],127,-1,490,-1,478
1,<environment.Job instance at 0x7f10c7b3a4b0>,127,24,[9 4],128,-1,502,-1,478
1,<environment.Job instance at 0x7f10c7c330f0>,130,13,[12  1],131,-1,493,-1,480
1,<environment.Job instance at 0x7f10c7c33fa0>,132,26,[9 5],133,-1,518,-1,492
1,<environment.Job instance at 0x7f10c7c331e0>,133,18,[13  5],134,-1,510,-1,492
1,<environment.Job instance at 0x7f10c7c33280>,136,23,[5 1],137,-1,534,-1,511
1,<environment.Job instance at 0x7f10c7c339b0>,140,24,[8 1],141,-1,554,-1,530
1,<environment.Job instance at 0x7f10c7221410>,142,25,[12  2],143,-1,573,-1,548
1,<environment.Job instance at 0x7f10c7221b40>,144,2,[10  5],145,-1,567,-1,565
1,<environment.Job instance at 0x7f10c7221140>,145,17,[13  1],146,-1,582,-1,565
1,<environment.Job instance at 0x7f10c7221370>,148,12,[ 2 12],149,-1,592,-1,580
1,<environment.Job instance at 0x7f10c72217d0>,149,15,[ 3 13],150,-1,595,-1,580
1,<environment.Job instance at 0x7f10c72210f0>,150,16,[12  4],151,-1,596,-1,580
1,<environment.Job instance at 0x7f10c7221af0>,151,26,[14  3],152,-1,606,-1,580
1,<environment.Job instance at 0x7f10c7221d70>,152,1,[10  1],153,-1,581,-1,580
1,<environment.Job instance at 0x7f10c7221a50>,154,24,[6 4],155,-1,616,-1,592
1,<environment.Job instance at 0x7f10c7221c30>,155,2,[ 2 13],156,-1,594,-1,592
1,<environment.Job instance at 0x7f10c7221e10>,158,24,[8 2],159,-1,624,-1,600
1,<environment.Job instance at 0x7f10c6f9abe0>,4,18,[ 2 13],5,-1,23,-1,5
1,<environment.Job instance at 0x7f10c6ef2960>,7,18,[ 5 13],8,-1,26,-1,8
1,<environment.Job instance at 0x7f10c6ef2280>,8,1,[12  2],9,-1,11,-1,10
1,<environment.Job instance at 0x7f10c6ef2be0>,21,20,[ 2 11],22,-1,105,-1,85
1,<environment.Job instance at 0x7f10c6f030f0>,26,26,[5 5],27,-1,141,-1,115
1,<environment.Job instance at 0x7f10c6f032d0>,27,28,[3 7],28,-1,143,-1,115
1,<environment.Job instance at 0x7f10c6f03370>,28,1,[10  1],29,-1,128,-1,127
1,<environment.Job instance at 0x7f10c6f03410>,29,23,[ 2 10],30,-1,152,-1,129
1,<environment.Job instance at 0x7f10c6f034b0>,30,12,[13  5],31,-1,141,-1,129
1,<environment.Job instance at 0x7f10c6f03690>,33,15,[13  5],34,-1,146,-1,131
1,<environment.Job instance at 0x7f10c6f037d0>,35,15,[12  2],36,-1,147,-1,132
1,<environment.Job instance at 0x7f10c6f03870>,36,24,[ 5 14],37,-1,156,-1,132
1,<environment.Job instance at 0x7f10c6f03910>,37,24,[ 1 13],38,-1,156,-1,132
1,<environment.Job instance at 0x7f10c6f039b0>,38,14,[ 5 13],39,-1,146,-1,132
1,<environment.Job instance at 0x7f10c6f03eb0>,44,13,[ 3 12],45,-1,199,-1,186
1,<environment.Job instance at 0x7f10c6f03d70>,47,23,[5 9],48,-1,229,-1,206
1,<environment.Job instance at 0x7f10c6ee9320>,50,27,[4 7],51,-1,247,-1,220
1,<environment.Job instance at 0x7f10c6ee9820>,58,23,[ 4 10],59,-1,278,-1,255
1,<environment.Job instance at 0x7f10c6ee9640>,60,14,[ 1 14],61,-1,269,-1,255
1,<environment.Job instance at 0x7f10c6ee9c80>,64,18,[ 4 12],65,-1,296,-1,278
1,<environment.Job instance at 0x7f10c6ee9910>,66,3,[10  1],67,-1,285,-1,282
1,<environment.Job instance at 0x7f10c6ee0190>,71,16,[ 5 13],72,-1,345,-1,329
1,<environment.Job instance at 0x7f10c6ee00f0>,72,17,[ 2 12],73,-1,346,-1,329
1,<environment.Job instance at 0x7f10c6ee0280>,73,25,[9 2],74,-1,354,-1,329
1,<environment.Job instance at 0x7f10c6ee0320>,74,25,[ 1 13],75,-1,354,-1,329
1,<environment.Job instance at 0x7f10c6ee0820>,82,14,[ 2 12],83,-1,394,-1,380
1,<environment.Job instance at 0x7f10c6ee0be0>,92,3,[ 3 11],93,-1,436,-1,433
1,<environment.Job instance at 0x7f10c6eea230>,94,12,[ 1 13],95,-1,460,-1,448
1,<environment.Job instance at 0x7f10c6eea4b0>,98,12,[ 4 14],99,-1,486,-1,474
1,<environment.Job instance at 0x7f10c6eea550>,99,28,[8 5],100,-1,502,-1,474
1,<environment.Job instance at 0x7f10c6eea690>,101,21,[14  2],102,-1,503,-1,482
1,<environment.Job instance at 0x7f10c6eea960>,103,14,[ 2 11],104,-1,496,-1,482
1,<environment.Job instance at 0x7f10c6eeaaf0>,106,28,[6 5],107,-1,547,-1,519
1,<environment.Job instance at 0x7f10c6eeacd0>,109,20,[14  4],110,-1,550,-1,530
1,<environment.Job instance at 0x7f10c6eead70>,110,3,[14  3],111,-1,533,-1,530
1,<environment.Job instance at 0x7f10c6eeae10>,111,18,[12  4],112,-1,548,-1,530
1,<environment.Job instance at 0x7f10c6eeaeb0>,112,18,[ 4 13],113,-1,548,-1,530
1,<environment.Job instance at 0x7f10c6ef30f0>,115,18,[ 4 11],116,-1,580,-1,562
1,<environment.Job instance at 0x7f10c6ef3320>,116,27,[6 5],117,-1,589,-1,562
1,<environment.Job instance at 0x7f10c6ef33c0>,117,27,[ 3 13],118,-1,589,-1,562
1,<environment.Job instance at 0x7f10c6ef3500>,119,25,[9 4],120,-1,587,-1,562
1,<environment.Job instance at 0x7f10c6ef3780>,123,27,[2 8],124,-1,607,-1,580
1,<environment.Job instance at 0x7f10c6ef38c0>,125,16,[ 1 10],126,-1,607,-1,591
1,<environment.Job instance at 0x7f10c6ef3960>,126,27,[8 1],127,-1,618,-1,591
1,<environment.Job instance at 0x7f10c6ef3dc0>,132,3,[ 4 12],133,-1,630,-1,627
1,<environment.Job instance at 0x7f10c67d2460>,133,27,[9 3],134,-1,654,-1,627
1,<environment.Job instance at 0x7f10c78ae870>,135,28,[6 2],136,-1,659,-1,631
1,<environment.Job instance at 0x7f10c731b230>,136,12,[ 4 10],137,-1,643,-1,631
1,<environment.Job instance at 0x7f10c731b050>,137,3,[2 7],138,-1,634,-1,631
1,<environment.Job instance at 0x7f10c731b0f0>,139,1,[7 4],140,-1,648,-1,647
1,<environment.Job instance at 0x7f10c731b140>,141,2,[7 5],142,-1,649,-1,647
1,<environment.Job instance at 0x7f10c731b1e0>,142,1,[2 7],143,-1,648,-1,647
1,<environment.Job instance at 0x7f10c72fa910>,145,1,[13  2],146,-1,660,-1,659
1,<environment.Job instance at 0x7f10c72fac80>,147,28,[11  1],148,-1,706,-1,678
1,<environment.Job instance at 0x7f10c72fa050>,149,26,[13  2],150,-1,704,-1,678
1,<environment.Job instance at 0x7f10c6c673c0>,150,21,[ 3 11],151,-1,699,-1,678
1,<environment.Job instance at 0x7f10c7319eb0>,152,2,[8 3],153,-1,686,-1,684
1,<environment.Job instance at 0x7f10c6c9a6e0>,153,25,[6 4],154,-1,709,-1,684
1,<environment.Job instance at 0x7f10c6c67e10>,155,1,[10  2],156,-1,693,-1,692
1,<environment.Job instance at 0x7f10c6c710a0>,156,23,[10  1],157,-1,715,-1,692
1,<environment.Job instance at 0x7f10c6c71730>,157,27,[4 7],158,-1,719,-1,692
1,<environment.Job instance at 0x7f10c6c93be0>,3,15,[ 4 11],4,-1,19,-1,4
1,<environment.Job instance at 0x7f10c6ef2640>,8,24,[3 6],9,-1,34,-1,10
1,<environment.Job instance at 0x7f10c6c93eb0>,10,15,[13  5],11,-1,26,-1,11
1,<environment.Job instance at 0x7f10c6c932d0>,11,15,[12  3],12,-1,27,-1,12
1,<environment.Job instance at 0x7f10c6c93410>,12,12,[ 4 14],13,-1,25,-1,13
1,<environment.Job instance at 0x7f10c6c93dc0>,15,13,[ 1 10],16,-1,37,-1,24
1,<environment.Job instance at 0x7f10c774fc30>,24,28,[5 3],25,-1,97,-1,69
1,<environment.Job instance at 0x7f10c6c81460>,25,13,[ 4 11],26,-1,82,-1,69
1,<environment.Job instance at 0x7f10c6e4cf50>,28,19,[13  3],29,-1,105,-1,86
1,<environment.Job instance at 0x7f10c6c91410>,31,15,[ 3 13],32,-1,118,-1,103
1,<environment.Job instance at 0x7f10c6d69370>,37,17,[14  4],38,-1,156,-1,139
1,<environment.Job instance at 0x7f10c6d69500>,38,12,[12  2],39,-1,151,-1,139
1,<environment.Job instance at 0x7f10c7ad8370>,40,23,[14  2],41,-1,172,-1,149
1,<environment.Job instance at 0x7f10c7ad8410>,41,25,[5 3],42,-1,174,-1,149
1,<environment.Job instance at 0x7f10c7896a50>,43,1,[4 8],44,-1,157,-1,156
1,<environment.Job instance at 0x7f10c7896be0>,44,13,[ 4 13],45,-1,169,-1,156
1,<environment.Job instance at 0x7f10c7896780>,48,17,[13  2],49,-1,194,-1,177
1,<environment.Job instance at 0x7f10c66a4730>,49,23,[8 3],50,-1,206,-1,183
1,<environment.Job instance at 0x7f10c66a4140>,52,28,[8 4],53,-1,219,-1,191
1,<environment.Job instance at 0x7f10c66a40f0>,53,16,[13  2],54,-1,207,-1,191
1,<environment.Job instance at 0x7f10c66a4e60>,54,2,[6 2],55,-1,193,-1,191
1,<environment.Job instance at 0x7f10c66a4910>,55,12,[ 5 14],56,-1,203,-1,191
1,<environment.Job instance at 0x7f10c66a4af0>,56,14,[14  2],57,-1,205,-1,191
1,<environment.Job instance at 0x7f10c66a4fa0>,59,23,[6 3],60,-1,229,-1,206
1,<environment.Job instance at 0x7f10c78b1d70>,61,21,[12  2],62,-1,233,-1,212
1,<environment.Job instance at 0x7f10c78b17d0>,62,21,[13  1],63,-1,233,-1,212
1,<environment.Job instance at 0x7f10c78b1c30>,65,15,[12  3],66,-1,242,-1,227
1,<environment.Job instance at 0x7f10c78b1dc0>,66,16,[14  3],67,-1,243,-1,227
1,<environment.Job instance at 0x7f10c78b1280>,69,16,[ 4 13],70,-1,252,-1,236
1,<environment.Job instance at 0x7f10c6a18d70>,71,17,[ 4 11],72,-1,258,-1,241
1,<environment.Job instance at 0x7f10c6a189b0>,73,24,[2 5],74,-1,281,-1,257
1,<environment.Job instance at 0x7f10c6a183c0>,75,13,[ 1 11],76,-1,270,-1,257
1,<environment.Job instance at 0x7f10c6a18c80>,76,3,[ 3 11],77,-1,260,-1,257
1,<environment.Job instance at 0x7f10c6a18aa0>,77,20,[ 1 10],78,-1,277,-1,257
1,<environment.Job instance at 0x7f10c6a18fa0>,78,17,[6 1],79,-1,274,-1,257
1,<environment.Job instance at 0x7f10c6c9ab40>,79,3,[5 7],80,-1,260,-1,257
1,<environment.Job instance at 0x7f10c6c9a500>,80,13,[13  1],81,-1,270,-1,257
1,<environment.Job instance at 0x7f10c6c9abe0>,81,16,[ 2 13],82,-1,273,-1,257
1,<environment.Job instance at 0x7f10c7895960>,83,16,[ 2 13],84,-1,289,-1,273
1,<environment.Job instance at 0x7f10c6c9aaf0>,85,12,[9 1],86,-1,285,-1,273
1,<environment.Job instance at 0x7f10c7e13140>,86,1,[10  4],87,-1,274,-1,273
1,<environment.Job instance at 0x7f10c712be10>,148,17,[11  2],149,-1,962,-1,945
1,<environment.Job instance at 0x7f10c712bcd0>,149,23,[9 3],150,-1,968,-1,945
1,<environment.Job instance at 0x7f10c712b320>,151,16,[12  1],152,-1,973,-1,957
1,<environment.Job instance at 0x7f10c712b5f0>,153,18,[ 4 11],154,-1,975,-1,957
1,<environment.Job instance at 0x7f10c79b1d70>,157,18,[12  1],158,-1,991,-1,973
1,<environment.Job instance at 0x7f10c7702f00>,158,18,[ 3 10],159,-1,995,-1,977
1,<environment.Job instance at 0x7f10c6d64f50>,6,26,[8 2],7,-1,34,-1,8
1,<environment.Job instance at 0x7f10c6d64280>,8,3,[5 8],9,-1,12,-1,9
1,<environment.Job instance at 0x7f10c6d64370>,14,21,[ 5 13],15,-1,59,-1,38
1,<environment.Job instance at 0x7f10c6d64e10>,17,26,[1 8],18,-1,103,-1,77
1,<environment.Job instance at 0x7f10c70b7370>,19,3,[1 5],20,-1,80,-1,77
1,<environment.Job instance at 0x7f10c70b72d0>,21,20,[11  2],22,-1,111,-1,91
1,<environment.Job instance at 0x7f10c70b7960>,24,18,[ 3 12],25,-1,125,-1,107
1,<environment.Job instance at 0x7f10c70b70f0>,25,28,[5 4],26,-1,135,-1,107
1,<environment.Job instance at 0x7f10c70b76e0>,26,12,[ 2 13],27,-1,119,-1,107
1,<environment.Job instance at 0x7f10c70b7230>,27,26,[13  3],28,-1,133,-1,107
1,<environment.Job instance at 0x7f10c70b7a00>,31,14,[ 4 10],32,-1,142,-1,128
1,<environment.Job instance at 0x7f10c70b78c0>,32,28,[6 1],33,-1,156,-1,128
1,<environment.Job instance at 0x7f10c70b7e10>,34,22,[ 3 10],35,-1,163,-1,141
1,<environment.Job instance at 0x7f10c70b7e60>,36,26,[11  4],37,-1,167,-1,141
1,<environment.Job instance at 0x7f10c78dc230>,41,24,[11  3],42,-1,190,-1,166
1,<environment.Job instance at 0x7f10c7d3de10>,48,23,[12  4],49,-1,236,-1,213
1,<environment.Job instance at 0x7f10c6811460>,50,25,[13  1],51,-1,243,-1,218
1,<environment.Job instance at 0x7f10c6dd2e60>,51,3,[10  2],52,-1,221,-1,218
1,<environment.Job instance at 0x7f10c6dd2b40>,53,3,[ 2 14],54,-1,230,-1,227
1,<environment.Job instance at 0x7f10c6730b40>,54,24,[ 4 13],55,-1,251,-1,227
1,<environment.Job instance at 0x7f10c75711e0>,55,14,[12  1],56,-1,241,-1,227
1,<environment.Job instance at 0x7f10c75715a0>,57,27,[ 4 11],58,-1,259,-1,232
1,<environment.Job instance at 0x7f10c7571820>,58,17,[11  3],59,-1,249,-1,232
1,<environment.Job instance at 0x7f10c7f09be0>,61,2,[3 6],62,-1,249,-1,247
1,<environment.Job instance at 0x7f10d08ac0a0>,66,17,[12  5],67,-1,295,-1,278
1,<environment.Job instance at 0x7f10c6b20140>,68,16,[ 2 11],69,-1,307,-1,291
1,<environment.Job instance at 0x7f10c6ae91e0>,72,28,[4 7],73,-1,338,-1,310
1,<environment.Job instance at 0x7f10c71c0eb0>,83,16,[13  5],84,-1,404,-1,388
1,<environment.Job instance at 0x7f10c71d36e0>,84,2,[5 5],85,-1,390,-1,388
1,<environment.Job instance at 0x7f10c66c70f0>,85,14,[ 5 13],86,-1,402,-1,388
1,<environment.Job instance at 0x7f10c71b74b0>,88,13,[ 5 11],89,-1,421,-1,408
1,<environment.Job instance at 0x7f10c71b7140>,89,1,[3 6],90,-1,409,-1,408
1,<environment.Job instance at 0x7f10c71b7370>,90,15,[14  4],91,-1,423,-1,408
1,<environment.Job instance at 0x7f10c733f320>,91,19,[ 3 11],92,-1,427,-1,408
1,<environment.Job instance at 0x7f10c6950fa0>,95,28,[7 5],96,-1,459,-1,431
1,<environment.Job instance at 0x7f10c6a088c0>,96,28,[2 9],97,-1,459,-1,431
1,<environment.Job instance at 0x7f10cbfcaaf0>,100,25,[2 8],101,-1,477,-1,452
1,<environment.Job instance at 0x7f10c79fcdc0>,101,2,[11  5],102,-1,454,-1,452
1,<environment.Job instance at 0x7f10c7a3f960>,103,16,[ 2 12],104,-1,474,-1,458
1,<environment.Job instance at 0x7f10c7a3f9b0>,105,23,[ 4 13],106,-1,487,-1,464
1,<environment.Job instance at 0x7f10c7a3fd70>,109,28,[5 5],110,-1,517,-1,489
1,<environment.Job instance at 0x7f10c73d3370>,112,13,[ 3 11],113,-1,519,-1,506
1,<environment.Job instance at 0x7f10c73d3e10>,114,21,[ 4 14],115,-1,531,-1,510
1,<environment.Job instance at 0x7f10c73d3820>,116,18,[12  5],117,-1,528,-1,510
1,<environment.Job instance at 0x7f10c73d39b0>,118,15,[12  5],119,-1,536,-1,521
1,<environment.Job instance at 0x7f10c73d3fa0>,119,28,[13  5],120,-1,549,-1,521
1,<environment.Job instance at 0x7f10c7efa820>,122,25,[3 6],123,-1,560,-1,535
1,<environment.Job instance at 0x7f10c70dbbe0>,130,18,[ 3 11],131,-1,603,-1,585
1,<environment.Job instance at 0x7f10c70db320>,131,24,[14  5],132,-1,609,-1,585
1,<environment.Job instance at 0x7f10c70db690>,132,2,[9 5],133,-1,587,-1,585
1,<environment.Job instance at 0x7f10c70db140>,136,12,[ 1 11],137,-1,616,-1,604
1,<environment.Job instance at 0x7f10c6aaee60>,138,19,[11  1],139,-1,632,-1,613
1,<environment.Job instance at 0x7f10c6aae870>,143,16,[ 1 13],144,-1,656,-1,640
1,<environment.Job instance at 0x7f10c79a5b40>,146,24,[13  4],147,-1,678,-1,654
1,<environment.Job instance at 0x7f10c79a5dc0>,147,21,[ 1 12],148,-1,675,-1,654
1,<environment.Job instance at 0x7f10c79a55a0>,148,25,[4 8],149,-1,679,-1,654
1,<environment.Job instance at 0x7f10c76c4870>,152,25,[5 8],153,-1,703,-1,678
1,<environment.Job instance at 0x7f10c6cc1320>,154,14,[12  4],155,-1,707,-1,693
1,<environment.Job instance at 0x7f10c6a9c820>,155,1,[1 7],156,-1,694,-1,693
1,<environment.Job instance at 0x7f10c6f20a00>,9,14,[ 3 14],10,-1,28,-1,14
1,<environment.Job instance at 0x7f10c6f20910>,11,27,[3 5],12,-1,52,-1,25
1,<environment.Job instance at 0x7f10c7065550>,13,2,[6 3],14,-1,36,-1,34
1,<environment.Job instance at 0x7f10c6f20550>,14,24,[12  4],15,-1,58,-1,34
1,<environment.Job instance at 0x7f10c6b58870>,17,22,[ 1 11],18,-1,63,-1,41
1,<environment.Job instance at 0x7f10c7acfe60>,21,2,[11  1],22,-1,71,-1,69
1,<environment.Job instance at 0x7f10c6f69b40>,22,2,[11  3],23,-1,71,-1,69
1,<environment.Job instance at 0x7f10c7165410>,23,19,[11  3],24,-1,88,-1,69
1,<environment.Job instance at 0x7f10c6d1a370>,24,17,[12  2],25,-1,86,-1,69
1,<environment.Job instance at 0x7f10c6ceef50>,25,3,[ 2 10],26,-1,72,-1,69
1,<environment.Job instance at 0x7f10c6bc4050>,26,19,[ 4 11],27,-1,88,-1,69
1,<environment.Job instance at 0x7f10c6ac94b0>,28,2,[4 6],29,-1,71,-1,69
1,<environment.Job instance at 0x7f10c7e33a00>,30,3,[ 1 10],31,-1,92,-1,89
1,<environment.Job instance at 0x7f10c6c91a00>,33,13,[13  3],34,-1,116,-1,103
1,<environment.Job instance at 0x7f10d08a8550>,34,2,[4 6],35,-1,105,-1,103
1,<environment.Job instance at 0x7f10c704a500>,35,3,[10  2],36,-1,106,-1,103
1,<environment.Job instance at 0x7f10c704a370>,37,1,[12  1],38,-1,104,-1,103
1,<environment.Job instance at 0x7f10c704acd0>,39,3,[1 9],40,-1,120,-1,117
1,<environment.Job instance at 0x7f10c704aa00>,42,14,[14  4],43,-1,145,-1,131
1,<environment.Job instance at 0x7f10d0a61af0>,43,3,[7 1],44,-1,134,-1,131
1,<environment.Job instance at 0x7f10d0a61780>,45,25,[2 6],46,-1,159,-1,134
1,<environment.Job instance at 0x7f10d0a61dc0>,47,1,[2 6],48,-1,148,-1,147
1,<environment.Job instance at 0x7f10d0a61460>,48,16,[14  3],49,-1,163,-1,147
1,<environment.Job instance at 0x7f10d0a619b0>,49,16,[ 5 12],50,-1,163,-1,147
1,<environment.Job instance at 0x7f10d0a61e10>,50,20,[5 2],51,-1,177,-1,157
1,<environment.Job instance at 0x7f10c7e983c0>,53,14,[1 9],54,-1,181,-1,167
1,<environment.Job instance at 0x7f10c7e98d70>,54,15,[9 1],55,-1,192,-1,177
1,<environment.Job instance at 0x7f10c7e98dc0>,56,14,[ 5 10],57,-1,193,-1,179
1,<environment.Job instance at 0x7f10c7e98d20>,57,28,[8 5],58,-1,207,-1,179
1,<environment.Job instance at 0x7f10c7e98280>,58,13,[13  5],59,-1,192,-1,179
1,<environment.Job instance at 0x7f10c7e98fa0>,59,2,[ 3 14],60,-1,181,-1,179
1,<environment.Job instance at 0x7f10c7e98500>,61,17,[ 4 10],62,-1,196,-1,179
1,<environment.Job instance at 0x7f10c75d04b0>,62,2,[4 7],63,-1,181,-1,179
1,<environment.Job instance at 0x7f10c7456230>,63,17,[14  2],64,-1,196,-1,179
1,<environment.Job instance at 0x7f10c6d122d0>,66,24,[ 5 12],67,-1,222,-1,198
1,<environment.Job instance at 0x7f10c6d12b90>,67,27,[ 5 10],68,-1,225,-1,198
1,<environment.Job instance at 0x7f10c6d12f00>,69,12,[10  1],70,-1,220,-1,208
1,<environment.Job instance at 0x7f10d054a410>,70,12,[ 4 13],71,-1,220,-1,208
1,<environment.Job instance at 0x7f10d054ae10>,72,15,[9 1],73,-1,230,-1,215
1,<environment.Job instance at 0x7f10c6cb5c30>,74,25,[1 6],75,-1,249,-1,224
1,<environment.Job instance at 0x7f10c6cb5280>,75,25,[ 5 10],76,-1,249,-1,224
1,<environment.Job instance at 0x7f10c6cb5320>,77,12,[3 7],78,-1,243,-1,231
1,<environment.Job instance at 0x7f10c6cb5be0>,79,23,[11  1],80,-1,266,-1,243
1,<environment.Job instance at 0x7f10c6cb5460>,80,12,[9 2],81,-1,256,-1,244
1,<environment.Job instance at 0x7f10c6cb5140>,81,21,[14  2],82,-1,265,-1,244
1,<environment.Job instance at 0x7f10c6cb5f50>,82,27,[9 3],83,-1,271,-1,244
1,<environment.Job instance at 0x7f10c6cb52d0>,88,22,[9 5],89,-1,336,-1,314
1,<environment.Job instance at 0x7f10c72e5b90>,92,14,[6 2],93,-1,328,-1,314
1,<environment.Job instance at 0x7f10c72e5af0>,93,20,[8 5],94,-1,399,-1,379
1,<environment.Job instance at 0x7f10c72e5500>,99,13,[4 9],100,-1,392,-1,379
1,<environment.Job instance at 0x7f10c72e54b0>,100,26,[ 2 12],101,-1,405,-1,379
1,<environment.Job instance at 0x7f10c72e5780>,101,2,[13  2],102,-1,381,-1,379
1,<environment.Job instance at 0x7f10c72e5410>,103,19,[7 1],104,-1,422,-1,403
1,<environment.Job instance at 0x7f10c7345780>,105,15,[ 5 12],106,-1,418,-1,403
1,<environment.Job instance at 0x7f10c7345f00>,106,18,[14  1],107,-1,421,-1,403
1,<environment.Job instance at 0x7f10c73458c0>,107,15,[5 2],108,-1,418,-1,403
1,<environment.Job instance at 0x7f10c72faf00>,109,16,[13  3],110,-1,436,-1,420
1,<environment.Job instance at 0x7f10c72fa640>,110,1,[3 7],111,-1,421,-1,420
1,<environment.Job instance at 0x7f10c72faa50>,111,14,[ 5 12],112,-1,434,-1,420
1,<environment.Job instance at 0x7f10c72fa5a0>,113,13,[ 3 12],114,-1,441,-1,428
1,<environment.Job instance at 0x7f10c72faaa0>,115,24,[ 5 11],116,-1,459,-1,435
1,<environment.Job instance at 0x7f10c72fadc0>,117,27,[7 3],118,-1,463,-1,436
1,<environment.Job instance at 0x7f10c72fa870>,118,1,[3 9],119,-1,437,-1,436
1,<environment.Job instance at 0x7f10c72fab40>,121,20,[ 5 10],122,-1,472,-1,452
1,<environment.Job instance at 0x7f10c72fa730>,122,12,[2 8],123,-1,464,-1,452
1,<environment.Job instance at 0x7f10c72fa460>,123,16,[7 1],124,-1,468,-1,452
1,<environment.Job instance at 0x7f10c6ee6d70>,141,17,[9 1],142,-1,695,-1,678
1,<environment.Job instance at 0x7f10c6717e10>,147,13,[1 9],148,-1,691,-1,678
1,<environment.Job instance at 0x7f10c6717690>,148,17,[7 1],149,-1,695,-1,678
1,<environment.Job instance at 0x7f10d09e4910>,149,16,[12  1],150,-1,694,-1,678
1,<environment.Job instance at 0x7f10d09e44b0>,150,12,[11  4],151,-1,690,-1,678
1,<environment.Job instance at 0x7f10c76c4e60>,152,2,[8 4],153,-1,680,-1,678
1,<environment.Job instance at 0x7f10c76c49b0>,153,19,[8 1],154,-1,707,-1,688
1,<environment.Job instance at 0x7f10c76c4460>,155,17,[ 2 13],156,-1,705,-1,688
1,<environment.Job instance at 0x7f10c76c4a50>,156,13,[13  3],157,-1,701,-1,688
1,<environment.Job instance at 0x7f10c76c4c30>,157,12,[5 5],158,-1,700,-1,688
1,<environment.Job instance at 0x7f10c76c45f0>,158,17,[13  4],159,-1,705,-1,688
1,<environment.Job instance at 0x7f10c76c4d70>,154,17,[ 2 11],155,-1,2854,-1,2837
1,<environment.Job instance at 0x7f10c7015d20>,2,13,[ 1 11],3,-1,16,-1,3
1,<environment.Job instance at 0x7f10c6721f50>,3,16,[14  3],4,-1,20,-1,4
1,<environment.Job instance at 0x7f10c6721fa0>,4,12,[ 5 13],5,-1,17,-1,5
1,<environment.Job instance at 0x7f10c67213c0>,5,14,[ 3 12],6,-1,20,-1,6
1,<environment.Job instance at 0x7f10c6748550>,9,22,[14  4],10,-1,32,-1,10
1,<environment.Job instance at 0x7f10c6748050>,17,24,[9 2],18,-1,58,-1,34
1,<environment.Job instance at 0x7f10c6748870>,18,1,[ 5 14],19,-1,35,-1,34
1,<environment.Job instance at 0x7f10c67533c0>,24,12,[14  3],25,-1,75,-1,63
1,<environment.Job instance at 0x7f10c67537d0>,28,26,[2 7],29,-1,116,-1,90
1,<environment.Job instance at 0x7f10c6753820>,30,23,[2 9],31,-1,113,-1,90
1,<environment.Job instance at 0x7f10c6753140>,31,2,[ 1 11],32,-1,92,-1,90
1,<environment.Job instance at 0x7f10c67414b0>,34,2,[8 5],35,-1,106,-1,104
1,<environment.Job instance at 0x7f10c67415f0>,35,24,[8 3],36,-1,128,-1,104
1,<environment.Job instance at 0x7f10c6b70c30>,38,2,[12  3],39,-1,123,-1,121
1,<environment.Job instance at 0x7f10c6c32c80>,40,15,[14  1],41,-1,136,-1,121
1,<environment.Job instance at 0x7f10c6c3d640>,41,14,[ 3 11],42,-1,135,-1,121
1,<environment.Job instance at 0x7f10c76a35f0>,52,27,[2 5],53,-1,259,-1,232
1,<environment.Job instance at 0x7f10c7681cd0>,55,26,[ 3 14],56,-1,258,-1,232
1,<environment.Job instance at 0x7f10c7681e10>,56,14,[13  5],57,-1,246,-1,232
1,<environment.Job instance at 0x7f10c7015230>,59,24,[5 9],60,-1,271,-1,247
1,<environment.Job instance at 0x7f10c767feb0>,60,15,[ 3 14],61,-1,262,-1,247
1,<environment.Job instance at 0x7f10c767f690>,61,17,[13  4],62,-1,264,-1,247
1,<environment.Job instance at 0x7f10c767f8c0>,64,12,[ 1 13],65,-1,277,-1,265
1,<environment.Job instance at 0x7f10c767fd20>,66,15,[13  5],67,-1,292,-1,277
1,<environment.Job instance at 0x7f10c6748820>,68,17,[13  2],69,-1,294,-1,277
1,<environment.Job instance at 0x7f10c768f550>,72,16,[ 5 12],73,-1,325,-1,309
1,<environment.Job instance at 0x7f10c768f2d0>,73,17,[ 3 13],74,-1,326,-1,309
1,<environment.Job instance at 0x7f10c768f730>,74,22,[14  5],75,-1,331,-1,309
1,<environment.Job instance at 0x7f10c76ae410>,77,1,[11  4],78,-1,317,-1,316
1,<environment.Job instance at 0x7f10c76ae690>,78,1,[ 5 14],79,-1,317,-1,316
1,<environment.Job instance at 0x7f10c76aee10>,80,15,[14  3],81,-1,339,-1,324
1,<environment.Job instance at 0x7f10c76ae2d0>,81,14,[ 1 13],82,-1,338,-1,324
1,<environment.Job instance at 0x7f10c76ae870>,82,25,[4 6],83,-1,349,-1,324
1,<environment.Job instance at 0x7f10c76aec30>,85,17,[ 5 11],86,-1,359,-1,342
1,<environment.Job instance at 0x7f10c76ae370>,87,21,[13  5],88,-1,363,-1,342
1,<environment.Job instance at 0x7f10c6753c30>,90,28,[ 3 10],91,-1,381,-1,353
1,<environment.Job instance at 0x7f10c6753050>,91,20,[11  2],92,-1,373,-1,353
1,<environment.Job instance at 0x7f10c769ff00>,92,22,[13  4],93,-1,375,-1,353
1,<environment.Job instance at 0x7f10c769fe60>,93,17,[12  4],94,-1,370,-1,353
1,<environment.Job instance at 0x7f10c769f460>,97,14,[13  3],98,-1,379,-1,365
1,<environment.Job instance at 0x7f10c769f910>,98,25,[7 3],99,-1,393,-1,368
1,<environment.Job instance at 0x7f10c769f6e0>,100,12,[ 1 13],101,-1,380,-1,368
1,<environment.Job instance at 0x7f10c769f690>,101,14,[ 5 12],102,-1,382,-1,368
1,<environment.Job instance at 0x7f10c7694fa0>,106,1,[ 4 10],107,-1,420,-1,419
1,<environment.Job instance at 0x7f10c769c5f0>,115,3,[ 3 11],116,-1,482,-1,479
1,<environment.Job instance at 0x7f10c769c9b0>,117,12,[11  5],118,-1,510,-1,498
1,<environment.Job instance at 0x7f10c769c500>,120,26,[ 2 12],121,-1,548,-1,522
1,<environment.Job instance at 0x7f10c7801320>,121,17,[13  2],122,-1,539,-1,522
1,<environment.Job instance at 0x7f10c7826be0>,135,2,[ 5 10],136,-1,603,-1,601
1,<environment.Job instance at 0x7f10c6f741e0>,140,13,[ 1 11],141,-1,653,-1,640
1,<environment.Job instance at 0x7f10c714db40>,143,16,[ 4 12],144,-1,673,-1,657
1,<environment.Job instance at 0x7f10c714d730>,144,18,[13  1],145,-1,675,-1,657
1,<environment.Job instance at 0x7f10c71bef50>,147,25,[12  2],148,-1,700,-1,675
1,<environment.Job instance at 0x7f10c71be9b0>,148,18,[13  1],149,-1,693,-1,675
1,<environment.Job instance at 0x7f10c71c6b90>,149,13,[ 2 12],150,-1,688,-1,675
1,<environment.Job instance at 0x7f10c6f8c730>,150,21,[12  5],151,-1,696,-1,675
1,<environment.Job instance at 0x7f10c76b5b90>,152,18,[14  5],153,-1,703,-1,685
1,<environment.Job instance at 0x7f10c76b5f00>,153,28,[12  3],154,-1,713,-1,685
1,<environment.Job instance at 0x7f10c684b230>,155,3,[ 2 14],156,-1,688,-1,685
1,<environment.Job instance at 0x7f10c684b6e0>,156,14,[11  2],157,-1,700,-1,686
1,<environment.Job instance at 0x7f10c7127a00>,2,18,[ 3 12],3,-1,21,-1,3
1,<environment.Job instance at 0x7f10c7127c80>,4,13,[12  5],5,-1,18,-1,5
1,<environment.Job instance at 0x7f10c7127960>,3,12,[ 1 12],4,-1,17,-1,5
1,<environment.Job instance at 0x7f10c7127820>,7,13,[ 5 11],8,-1,21,-1,8
1,<environment.Job instance at 0x7f10c7127370>,13,12,[9 2],14,-1,29,-1,17
1,<environment.Job instance at 0x7f10c714bf50>,15,25,[9 3],16,-1,59,-1,34
1,<environment.Job instance at 0x7f10c714bf00>,16,16,[11  1],17,-1,50,-1,34
1,<environment.Job instance at 0x7f10c714b7d0>,17,17,[10  2],18,-1,51,-1,34
1,<environment.Job instance at 0x7f10c714b0f0>,18,13,[ 5 12],19,-1,47,-1,34
1,<environment.Job instance at 0x7f10c714b320>,19,18,[1 6],20,-1,52,-1,34
1,<environment.Job instance at 0x7f10c714b2d0>,20,15,[ 5 10],21,-1,49,-1,34
1,<environment.Job instance at 0x7f10c714ba50>,21,17,[13  3],22,-1,51,-1,34
1,<environment.Job instance at 0x7f10c714b410>,22,12,[6 1],23,-1,46,-1,34
1,<environment.Job instance at 0x7f10c714ba00>,23,13,[ 3 12],24,-1,47,-1,34
1,<environment.Job instance at 0x7f10c714bb90>,24,2,[10  4],25,-1,36,-1,34
1,<environment.Job instance at 0x7f10c714baa0>,25,23,[5 1],26,-1,57,-1,34
1,<environment.Job instance at 0x7f10c714baf0>,27,16,[ 2 14],28,-1,68,-1,52
1,<environment.Job instance at 0x7f10c714b5a0>,28,1,[ 3 13],29,-1,53,-1,52
1,<environment.Job instance at 0x7f10c714b370>,29,12,[ 2 13],30,-1,64,-1,52
1,<environment.Job instance at 0x7f10c714b6e0>,30,19,[1 9],31,-1,71,-1,52
1,<environment.Job instance at 0x7f10c6f78140>,31,21,[10  5],32,-1,89,-1,68
1,<environment.Job instance at 0x7f10c6f785f0>,33,16,[13  5],34,-1,84,-1,68
1,<environment.Job instance at 0x7f10c6f782d0>,35,3,[11  5],36,-1,71,-1,68
1,<environment.Job instance at 0x7f10c6f78910>,36,23,[ 2 13],37,-1,91,-1,68
1,<environment.Job instance at 0x7f10c6f78fa0>,37,18,[ 4 14],38,-1,86,-1,68
1,<environment.Job instance at 0x7f10c6f78e60>,38,24,[3 5],39,-1,92,-1,68
1,<environment.Job instance at 0x7f10c6f78be0>,39,26,[6 5],40,-1,94,-1,68
1,<environment.Job instance at 0x7f10c6f78870>,41,27,[1 5],42,-1,96,-1,69
1,<environment.Job instance at 0x7f10c6f78640>,42,15,[4 5],43,-1,84,-1,69
1,<environment.Job instance at 0x7f10c6f78230>,43,17,[12  2],44,-1,86,-1,69
1,<environment.Job instance at 0x7f10c71debe0>,44,23,[6 1],45,-1,92,-1,69
1,<environment.Job instance at 0x7f10c71deaf0>,45,14,[4 8],46,-1,83,-1,69
1,<environment.Job instance at 0x7f10c71defa0>,46,20,[ 1 14],47,-1,89,-1,69
1,<environment.Job instance at 0x7f10c71deb90>,47,12,[ 1 11],48,-1,81,-1,69
1,<environment.Job instance at 0x7f10c71dec80>,48,3,[ 4 10],49,-1,72,-1,69
1,<environment.Job instance at 0x7f10c71de9b0>,49,14,[11  5],50,-1,83,-1,69
1,<environment.Job instance at 0x7f10c71de0f0>,50,17,[3 7],51,-1,86,-1,69
1,<environment.Job instance at 0x7f10c71dee60>,51,14,[4 9],52,-1,83,-1,69
1,<environment.Job instance at 0x7f10c71de5a0>,52,21,[4 5],53,-1,90,-1,69
1,<environment.Job instance at 0x7f10c71de050>,53,28,[6 4],54,-1,97,-1,69
1,<environment.Job instance at 0x7f10c71de370>,54,12,[ 5 10],55,-1,81,-1,69
1,<environment.Job instance at 0x7f10c71de6e0>,56,12,[1 8],57,-1,96,-1,84
1,<environment.Job instance at 0x7f10c71de500>,57,2,[13  3],58,-1,86,-1,84
1,<environment.Job instance at 0x7f10c71de460>,58,28,[4 8],59,-1,112,-1,84
1,<environment.Job instance at 0x7f10c71de550>,60,12,[14  5],61,-1,96,-1,84
1,<environment.Job instance at 0x7f10c71dea50>,61,12,[ 2 14],62,-1,96,-1,84
1,<environment.Job instance at 0x7f10c71de1e0>,62,14,[10  5],63,-1,98,-1,84
1,<environment.Job instance at 0x7f10c685e690>,63,28,[2 6],64,-1,112,-1,84
1,<environment.Job instance at 0x7f10c685e550>,64,16,[7 1],65,-1,100,-1,84
1,<environment.Job instance at 0x7f10c685eeb0>,65,16,[3 8],66,-1,100,-1,84
1,<environment.Job instance at 0x7f10c685e410>,66,16,[11  4],67,-1,100,-1,84
1,<environment.Job instance at 0x7f10c685ee60>,67,13,[10  5],68,-1,97,-1,84
1,<environment.Job instance at 0x7f10c685e8c0>,68,22,[12  5],69,-1,106,-1,84
1,<environment.Job instance at 0x7f10c685eaa0>,69,15,[ 4 12],70,-1,99,-1,84
1,<environment.Job instance at 0x7f10c685e870>,70,12,[ 1 10],71,-1,96,-1,84
1,<environment.Job instance at 0x7f10c685e370>,71,28,[9 4],72,-1,112,-1,84
1,<environment.Job instance at 0x7f10c685e640>,72,25,[8 3],73,-1,109,-1,84
1,<environment.Job instance at 0x7f10c685ec30>,73,15,[8 5],74,-1,99,-1,84
1,<environment.Job instance at 0x7f10c685e910>,74,17,[ 1 12],75,-1,101,-1,84
1,<environment.Job instance at 0x7f10c685e320>,75,14,[4 5],76,-1,98,-1,84
1,<environment.Job instance at 0x7f10c685e190>,76,12,[2 7],77,-1,96,-1,84
1,<environment.Job instance at 0x7f10c685eb40>,77,20,[2 6],78,-1,104,-1,84
1,<environment.Job instance at 0x7f10c7826640>,78,12,[13  5],79,-1,96,-1,84
1,<environment.Job instance at 0x7f10c7826a50>,79,2,[5 8],80,-1,86,-1,84
1,<environment.Job instance at 0x7f10c7826b90>,80,16,[ 2 11],81,-1,100,-1,84
1,<environment.Job instance at 0x7f10c7826af0>,81,12,[5 6],82,-1,96,-1,84
1,<environment.Job instance at 0x7f10c78269b0>,82,22,[ 2 12],83,-1,106,-1,84
1,<environment.Job instance at 0x7f10c7826780>,83,15,[ 4 13],84,-1,99,-1,84
1,<environment.Job instance at 0x7f10c7826320>,84,28,[7 2],85,-1,113,-1,85
1,<environment.Job instance at 0x7f10c7826230>,88,3,[4 8],89,-1,103,-1,100
1,<environment.Job instance at 0x7f10c7826d20>,89,2,[9 2],90,-1,102,-1,100
1,<environment.Job instance at 0x7f10c7826c30>,90,14,[11  4],91,-1,114,-1,100
1,<environment.Job instance at 0x7f10c7826f00>,91,16,[6 1],92,-1,120,-1,104
1,<environment.Job instance at 0x7f10c7826fa0>,92,15,[13  1],93,-1,119,-1,104
1,<environment.Job instance at 0x7f10c78260f0>,93,2,[5 3],94,-1,106,-1,104
1,<environment.Job instance at 0x7f10c78266e0>,95,15,[6 1],96,-1,129,-1,114
1,<environment.Job instance at 0x7f10c684b870>,96,13,[1 6],97,-1,127,-1,114
1,<environment.Job instance at 0x7f10c684b410>,97,17,[ 3 10],98,-1,131,-1,114
1,<environment.Job instance at 0x7f10c684b280>,98,20,[12  3],99,-1,134,-1,114
1,<environment.Job instance at 0x7f10c684b550>,99,13,[ 2 10],100,-1,127,-1,114
1,<environment.Job instance at 0x7f10c684baa0>,100,22,[5 8],101,-1,136,-1,114
1,<environment.Job instance at 0x7f10c684beb0>,102,16,[11  4],103,-1,130,-1,114
1,<environment.Job instance at 0x7f10c684b5a0>,103,28,[5 1],104,-1,142,-1,114
1,<environment.Job instance at 0x7f10c684b0a0>,104,17,[ 2 14],105,-1,131,-1,114
1,<environment.Job instance at 0x7f10c684b4b0>,105,16,[6 3],106,-1,130,-1,114
1,<environment.Job instance at 0x7f10c684bfa0>,106,15,[5 2],107,-1,129,-1,114
1,<environment.Job instance at 0x7f10c76b5500>,107,26,[3 9],108,-1,140,-1,114
1,<environment.Job instance at 0x7f10c76b58c0>,108,26,[6 1],109,-1,140,-1,114
1,<environment.Job instance at 0x7f10c76b5a50>,109,28,[ 4 14],110,-1,142,-1,114
1,<environment.Job instance at 0x7f10c76b51e0>,110,17,[1 5],111,-1,131,-1,114
1,<environment.Job instance at 0x7f10c76b5dc0>,111,22,[ 1 13],112,-1,136,-1,114
1,<environment.Job instance at 0x7f10c76b5870>,112,16,[ 4 14],113,-1,130,-1,114
1,<environment.Job instance at 0x7f10c76b59b0>,113,15,[5 7],114,-1,129,-1,114
1,<environment.Job instance at 0x7f10c76b5050>,114,12,[5 5],115,-1,127,-1,115
1,<environment.Job instance at 0x7f10c76b5d70>,116,14,[9 3],117,-1,154,-1,140
1,<environment.Job instance at 0x7f10c76b5e60>,117,13,[4 7],118,-1,153,-1,140
1,<environment.Job instance at 0x7f10c76b50a0>,118,24,[6 3],119,-1,164,-1,140
1,<environment.Job instance at 0x7f10c76b57d0>,119,13,[ 1 10],120,-1,153,-1,140
1,<environment.Job instance at 0x7f10c76b5aa0>,121,1,[7 5],122,-1,141,-1,140
1,<environment.Job instance at 0x7f10c76b53c0>,122,13,[ 1 10],123,-1,153,-1,140
1,<environment.Job instance at 0x7f10c76b5230>,123,21,[ 1 14],124,-1,161,-1,140
1,<environment.Job instance at 0x7f10c76b5190>,124,17,[ 1 14],125,-1,157,-1,140
1,<environment.Job instance at 0x7f10c76b5be0>,125,24,[10  2],126,-1,164,-1,140
1,<environment.Job instance at 0x7f10c77fffa0>,128,13,[5 4],129,-1,161,-1,148
1,<environment.Job instance at 0x7f10c77ffe60>,129,12,[8 2],130,-1,160,-1,148
1,<environment.Job instance at 0x7f10c77ff7d0>,131,12,[ 5 14],132,-1,175,-1,163
1,<environment.Job instance at 0x7f10c77ff550>,132,3,[ 3 11],133,-1,166,-1,163
1,<environment.Job instance at 0x7f10c77ffd70>,133,17,[14  5],134,-1,180,-1,163
1,<environment.Job instance at 0x7f10c77ff320>,134,16,[1 9],135,-1,179,-1,163
1,<environment.Job instance at 0x7f10c77ffd20>,135,28,[10  3],136,-1,191,-1,163
1,<environment.Job instance at 0x7f10c77ffdc0>,136,18,[4 8],137,-1,181,-1,163
1,<environment.Job instance at 0x7f10c77a89b0>,137,21,[3 9],138,-1,184,-1,163
1,<environment.Job instance at 0x7f10c7246a00>,138,26,[7 4],139,-1,189,-1,163
1,<environment.Job instance at 0x7f10c682d140>,139,18,[2 5],140,-1,181,-1,163
1,<environment.Job instance at 0x7f10c682dc80>,140,22,[11  5],141,-1,185,-1,163
1,<environment.Job instance at 0x7f10c682d280>,141,18,[13  4],142,-1,181,-1,163
1,<environment.Job instance at 0x7f10c682d5a0>,142,17,[ 2 12],143,-1,180,-1,163
1,<environment.Job instance at 0x7f10c682dd20>,143,23,[ 5 10],144,-1,186,-1,163
1,<environment.Job instance at 0x7f10c682de10>,144,28,[6 4],145,-1,191,-1,163
1,<environment.Job instance at 0x7f10c7edd870>,145,26,[1 5],146,-1,189,-1,163
1,<environment.Job instance at 0x7f10c6fee8c0>,146,14,[3 7],147,-1,177,-1,163
1,<environment.Job instance at 0x7f10c76ae410>,147,24,[ 4 10],148,-1,187,-1,163
1,<environment.Job instance at 0x7f10c6ee6d70>,148,1,[ 3 10],149,-1,164,-1,163
1,<environment.Job instance at 0x7f10c701da50>,149,17,[ 4 13],150,-1,180,-1,163
1,<environment.Job instance at 0x7f10d0a5e870>,150,15,[ 2 14],151,-1,178,-1,163
1,<environment.Job instance at 0x7f10c6d7a5a0>,151,24,[ 4 10],152,-1,187,-1,163
1,<environment.Job instance at 0x7f10c6978b90>,152,14,[11  1],153,-1,177,-1,163
1,<environment.Job instance at 0x7f10c75aceb0>,153,13,[ 4 12],154,-1,176,-1,163
1,<environment.Job instance at 0x7f10c7e0d640>,155,25,[8 3],156,-1,188,-1,163
1,<environment.Job instance at 0x7f10c7c41500>,156,23,[ 1 14],157,-1,186,-1,163
1,<environment.Job instance at 0x7f10c78190a0>,157,3,[1 5],158,-1,166,-1,163
1,<environment.Job instance at 0x7f10c682d7d0>,158,14,[ 3 13],159,-1,177,-1,163
1,<environment.Job instance at 0x7f10c71271e0>,12,21,[10  4],13,-1,1667,-1,1646
1,<environment.Job instance at 0x7f10c7b07410>,6,14,[12  3],7,-1,21,-1,7
1,<environment.Job instance at 0x7f10c7b07cd0>,8,14,[ 4 14],9,-1,25,-1,11
1,<environment.Job instance at 0x7f10c7b07eb0>,9,3,[10  4],10,-1,14,-1,11
1,<environment.Job instance at 0x7f10c7895f50>,13,27,[5 4],14,-1,48,-1,21
1,<environment.Job instance at 0x7f10c7895c30>,16,25,[8 5],17,-1,58,-1,33
1,<environment.Job instance at 0x7f10c78955f0>,19,15,[13  3],20,-1,63,-1,48
1,<environment.Job instance at 0x7f10c7895e60>,21,27,[ 2 13],22,-1,86,-1,59
1,<environment.Job instance at 0x7f10c79a4d70>,26,27,[ 4 11],27,-1,111,-1,84
1,<environment.Job instance at 0x7f10c79a4c80>,27,18,[12  2],28,-1,102,-1,84
1,<environment.Job instance at 0x7f10c79a48c0>,28,24,[ 2 13],29,-1,108,-1,84
1,<environment.Job instance at 0x7f10c79a44b0>,29,13,[ 1 11],30,-1,97,-1,84
1,<environment.Job instance at 0x7f10c79a4f00>,33,13,[7 2],34,-1,118,-1,105
1,<environment.Job instance at 0x7f10c79a4320>,35,23,[ 1 10],36,-1,128,-1,105
1,<environment.Job instance at 0x7f10c79a42d0>,36,16,[ 1 12],37,-1,121,-1,105
1,<environment.Job instance at 0x7f10c79a4500>,37,24,[10  2],38,-1,129,-1,105
1,<environment.Job instance at 0x7f10c79a4d20>,38,2,[ 1 10],39,-1,107,-1,105
1,<environment.Job instance at 0x7f10c79a43c0>,39,21,[3 8],40,-1,126,-1,105
1,<environment.Job instance at 0x7f10c79a4a00>,40,16,[12  1],41,-1,121,-1,105
1,<environment.Job instance at 0x7f10c7adf730>,45,15,[14  1],46,-1,158,-1,143
1,<environment.Job instance at 0x7f10c7adfeb0>,46,14,[10  4],47,-1,159,-1,145
1,<environment.Job instance at 0x7f10c7adf190>,47,24,[14  5],48,-1,169,-1,145
1,<environment.Job instance at 0x7f10c7adfaa0>,48,25,[ 3 14],49,-1,170,-1,145
1,<environment.Job instance at 0x7f10c7adf690>,50,15,[10  3],51,-1,171,-1,156
1,<environment.Job instance at 0x7f10c7adfdc0>,51,21,[10  4],52,-1,182,-1,161
1,<environment.Job instance at 0x7f10c7adf960>,53,18,[4 9],54,-1,181,-1,163
1,<environment.Job instance at 0x7f10c7adfa00>,55,17,[12  3],56,-1,183,-1,166
1,<environment.Job instance at 0x7f10c7adf780>,56,19,[8 2],57,-1,185,-1,166
1,<environment.Job instance at 0x7f10c7adfa50>,57,13,[ 5 14],58,-1,179,-1,166
1,<environment.Job instance at 0x7f10c7adf500>,58,13,[8 5],59,-1,179,-1,166
1,<environment.Job instance at 0x7f10c7eba780>,59,15,[ 4 11],60,-1,181,-1,166
1,<environment.Job instance at 0x7f10c7eba140>,60,13,[5 2],61,-1,179,-1,166
1,<environment.Job instance at 0x7f10c7ebaf00>,61,18,[ 1 10],62,-1,184,-1,166
1,<environment.Job instance at 0x7f10c7ebadc0>,62,22,[4 9],63,-1,188,-1,166
1,<environment.Job instance at 0x7f10c7eba4b0>,63,13,[3 6],64,-1,179,-1,166
1,<environment.Job instance at 0x7f10c7ebac30>,64,14,[5 9],65,-1,180,-1,166
1,<environment.Job instance at 0x7f10c7eba9b0>,65,17,[ 5 13],66,-1,183,-1,166
1,<environment.Job instance at 0x7f10c7ebaa00>,66,18,[ 1 13],67,-1,184,-1,166
1,<environment.Job instance at 0x7f10c7eba6e0>,67,14,[12  3],68,-1,180,-1,166
1,<environment.Job instance at 0x7f10c7eba5a0>,68,28,[ 1 10],69,-1,194,-1,166
1,<environment.Job instance at 0x7f10c7ebae10>,69,24,[ 2 10],70,-1,190,-1,166
1,<environment.Job instance at 0x7f10c7eba230>,70,13,[9 2],71,-1,179,-1,166
1,<environment.Job instance at 0x7f10c7eba320>,71,18,[ 2 10],72,-1,184,-1,166
1,<environment.Job instance at 0x7f10c7eba0f0>,72,25,[14  2],73,-1,191,-1,166
1,<environment.Job instance at 0x7f10c7ebad70>,73,14,[3 5],74,-1,180,-1,166
1,<environment.Job instance at 0x7f10c7ebab40>,74,17,[14  3],75,-1,183,-1,166
1,<environment.Job instance at 0x7f10c7eba460>,75,13,[5 1],76,-1,179,-1,166
1,<environment.Job instance at 0x7f10c7eba640>,76,17,[1 7],77,-1,183,-1,166
1,<environment.Job instance at 0x7f10c7eba5f0>,78,12,[4 7],79,-1,194,-1,182
1,<environment.Job instance at 0x7f10c6965410>,79,2,[ 5 10],80,-1,184,-1,182
1,<environment.Job instance at 0x7f10c72b4820>,80,23,[11  2],81,-1,205,-1,182
1,<environment.Job instance at 0x7f10c72b4a50>,81,28,[5 5],82,-1,210,-1,182
1,<environment.Job instance at 0x7f10c72b47d0>,83,2,[3 9],84,-1,184,-1,182
1,<environment.Job instance at 0x7f10c72b4e60>,84,22,[ 3 14],85,-1,204,-1,182
1,<environment.Job instance at 0x7f10c72b4b40>,85,12,[7 1],86,-1,194,-1,182
1,<environment.Job instance at 0x7f10c72b4640>,86,3,[2 6],87,-1,185,-1,182
1,<environment.Job instance at 0x7f10c72b4140>,93,19,[13  5],94,-1,251,-1,232
1,<environment.Job instance at 0x7f10c72b40f0>,94,12,[2 8],95,-1,244,-1,232
1,<environment.Job instance at 0x7f10c69f2370>,96,13,[ 2 10],97,-1,251,-1,238
1,<environment.Job instance at 0x7f10c69f2500>,98,14,[ 3 14],99,-1,264,-1,250
1,<environment.Job instance at 0x7f10c69f22d0>,100,26,[14  2],101,-1,276,-1,250
1,<environment.Job instance at 0x7f10c69f2eb0>,101,23,[3 9],102,-1,273,-1,250
1,<environment.Job instance at 0x7f10c69f2a00>,102,28,[ 5 14],103,-1,278,-1,250
1,<environment.Job instance at 0x7f10c69f2af0>,103,14,[ 2 14],104,-1,264,-1,250
1,<environment.Job instance at 0x7f10c69f2820>,104,22,[12  4],105,-1,272,-1,250
1,<environment.Job instance at 0x7f10c7819a00>,105,20,[10  3],106,-1,271,-1,251
1,<environment.Job instance at 0x7f10c7819b40>,106,14,[4 5],107,-1,268,-1,254
1,<environment.Job instance at 0x7f10c7819960>,107,3,[10  3],108,-1,257,-1,254
1,<environment.Job instance at 0x7f10c78195a0>,108,12,[ 4 10],109,-1,266,-1,254
1,<environment.Job instance at 0x7f10c7819dc0>,109,16,[ 4 10],110,-1,270,-1,254
1,<environment.Job instance at 0x7f10c7819690>,111,22,[9 2],112,-1,289,-1,267
1,<environment.Job instance at 0x7f10c78190f0>,112,12,[6 2],113,-1,279,-1,267
1,<environment.Job instance at 0x7f10c7819500>,113,12,[ 3 12],114,-1,279,-1,267
1,<environment.Job instance at 0x7f10c7819910>,114,24,[ 5 10],115,-1,291,-1,267
1,<environment.Job instance at 0x7f10c78199b0>,115,12,[4 5],116,-1,279,-1,267
1,<environment.Job instance at 0x7f10c7819730>,116,16,[11  4],117,-1,283,-1,267
1,<environment.Job instance at 0x7f10c7819550>,117,19,[8 2],118,-1,303,-1,284
1,<environment.Job instance at 0x7f10c7819870>,119,22,[11  2],120,-1,306,-1,284
1,<environment.Job instance at 0x7f10c7819140>,120,24,[6 5],121,-1,308,-1,284
1,<environment.Job instance at 0x7f10c7819cd0>,121,3,[4 7],122,-1,287,-1,284
1,<environment.Job instance at 0x7f10c7819aa0>,122,13,[10  2],123,-1,297,-1,284
1,<environment.Job instance at 0x7f10c78192d0>,123,2,[1 9],124,-1,286,-1,284
1,<environment.Job instance at 0x7f10c7819af0>,124,28,[2 8],125,-1,312,-1,284
1,<environment.Job instance at 0x7f10c6fe3050>,128,13,[10  3],129,-1,303,-1,290
1,<environment.Job instance at 0x7f10c6fe3dc0>,129,1,[9 5],130,-1,291,-1,290
1,<environment.Job instance at 0x7f10c6fe3be0>,130,25,[ 1 12],131,-1,315,-1,290
1,<environment.Job instance at 0x7f10c6fe3a50>,131,3,[4 6],132,-1,293,-1,290
1,<environment.Job instance at 0x7f10c6fe30f0>,133,18,[5 1],134,-1,317,-1,299
1,<environment.Job instance at 0x7f10c7480910>,135,13,[ 3 13],136,-1,317,-1,304
1,<environment.Job instance at 0x7f10c7480960>,137,17,[12  2],138,-1,336,-1,319
1,<environment.Job instance at 0x7f10c7954550>,138,13,[6 2],139,-1,332,-1,319
1,<environment.Job instance at 0x7f10c6b060f0>,140,16,[ 1 11],141,-1,335,-1,319
1,<environment.Job instance at 0x7f10c67176e0>,143,18,[ 5 13],144,-1,351,-1,333
1,<environment.Job instance at 0x7f10c668db90>,144,12,[6 1],145,-1,345,-1,333
1,<environment.Job instance at 0x7f10c68a4a50>,147,27,[ 2 12],148,-1,372,-1,345
1,<environment.Job instance at 0x7f10c6952870>,148,23,[1 6],149,-1,368,-1,345
1,<environment.Job instance at 0x7f10c7e6faf0>,150,22,[12  4],151,-1,376,-1,354
1,<environment.Job instance at 0x7f10c7875a00>,151,26,[ 3 10],152,-1,380,-1,354
1,<environment.Job instance at 0x7f10c6ef7f00>,152,22,[5 4],153,-1,376,-1,354
1,<environment.Job instance at 0x7f10c781fcd0>,153,12,[ 4 11],154,-1,366,-1,354
1,<environment.Job instance at 0x7f10c7782460>,154,26,[12  5],155,-1,380,-1,354
1,<environment.Job instance at 0x7f10c7b4c780>,155,18,[ 5 12],156,-1,372,-1,354
1,<environment.Job instance at 0x7f10c7d08050>,156,24,[ 1 11],157,-1,378,-1,354
1,<environment.Job instance at 0x7f10c7ad8b90>,157,18,[14  2],158,-1,372,-1,354
1,<environment.Job instance at 0x7f2fe9cf1eb0>,8,15,[ 4 13],9,-1,29,-1,14
1,<environment.Job instance at 0x7f2fe9cf1c30>,10,12,[2 8],11,-1,38,-1,26
1,<environment.Job instance at 0x7f2fe9cf4190>,12,12,[6 4],13,-1,38,-1,26
1,<environment.Job instance at 0x7f2fe9cf4370>,14,21,[8 1],15,-1,57,-1,36
1,<environment.Job instance at 0x7f2fe9cf4410>,15,15,[12  2],16,-1,51,-1,36
1,<environment.Job instance at 0x7f2fe9cf4500>,16,28,[5 1],17,-1,64,-1,36
1,<environment.Job instance at 0x7f2fe9cf4320>,17,12,[6 4],18,-1,48,-1,36
1,<environment.Job instance at 0x7f2fe9cf4140>,18,18,[13  1],19,-1,54,-1,36
1,<environment.Job instance at 0x7f2fe9cf4640>,19,23,[8 4],20,-1,59,-1,36
1,<environment.Job instance at 0x7f2fe9cf47d0>,20,17,[ 2 14],21,-1,53,-1,36
1,<environment.Job instance at 0x7f2fe9cf45f0>,21,14,[ 4 11],22,-1,50,-1,36
1,<environment.Job instance at 0x7f2fe9cf4780>,22,13,[7 4],23,-1,49,-1,36
1,<environment.Job instance at 0x7f2fe9cf4870>,23,16,[12  2],24,-1,52,-1,36
1,<environment.Job instance at 0x7f2fe9cf4910>,24,2,[4 6],25,-1,38,-1,36
1,<environment.Job instance at 0x7f2fe9cf49b0>,25,2,[5 7],26,-1,38,-1,36
1,<environment.Job instance at 0x7f2fe9cf4be0>,26,12,[8 5],27,-1,48,-1,36
1,<environment.Job instance at 0x7f2fe9cf4b40>,27,17,[4 6],28,-1,53,-1,36
1,<environment.Job instance at 0x7f2fe9cf4cd0>,28,17,[ 1 13],29,-1,53,-1,36
1,<environment.Job instance at 0x7f2fe9cf4d70>,29,24,[4 7],30,-1,60,-1,36
1,<environment.Job instance at 0x7f2fe9cf4e10>,30,26,[9 4],31,-1,62,-1,36
1,<environment.Job instance at 0x7f2fe9cf4fa0>,32,12,[12  3],33,-1,53,-1,41
1,<environment.Job instance at 0x7f2fe9cf4a50>,33,21,[12  3],34,-1,62,-1,41
1,<environment.Job instance at 0x7f2fe9cf4f50>,34,12,[3 6],35,-1,58,-1,46
1,<environment.Job instance at 0x7f2fe9cf82d0>,36,25,[12  3],37,-1,79,-1,54
1,<environment.Job instance at 0x7f2fe9cf83c0>,38,24,[13  2],39,-1,82,-1,58
1,<environment.Job instance at 0x7f2fe9cf8500>,40,26,[ 1 14],41,-1,102,-1,76
1,<environment.Job instance at 0x7f2fe9cf80a0>,41,12,[8 3],42,-1,88,-1,76
1,<environment.Job instance at 0x7f2fe9cf8140>,42,12,[ 5 12],43,-1,88,-1,76
1,<environment.Job instance at 0x7f2fe9cf8690>,43,16,[1 8],44,-1,92,-1,76
1,<environment.Job instance at 0x7f2fe9cf8370>,44,12,[9 3],45,-1,88,-1,76
1,<environment.Job instance at 0x7f2fe9cf8780>,45,12,[ 3 14],46,-1,88,-1,76
1,<environment.Job instance at 0x7f2fe9cf89b0>,47,14,[12  2],48,-1,90,-1,76
1,<environment.Job instance at 0x7f2fe9cf8a50>,48,14,[ 1 11],49,-1,90,-1,76
1,<environment.Job instance at 0x7f2fe9cf8af0>,49,13,[1 5],50,-1,89,-1,76
1,<environment.Job instance at 0x7f2fe9cf8b90>,50,13,[ 4 12],51,-1,89,-1,76
1,<environment.Job instance at 0x7f2fe9cf8c30>,51,13,[5 6],52,-1,89,-1,76
1,<environment.Job instance at 0x7f2fe9cf8d70>,53,12,[ 3 14],54,-1,101,-1,89
1,<environment.Job instance at 0x7f2fe9cf8f50>,54,3,[ 3 13],55,-1,92,-1,89
1,<environment.Job instance at 0x7f2fe9cf8e60>,56,2,[4 7],57,-1,93,-1,91
1,<environment.Job instance at 0x7f2fe9cf88c0>,57,17,[ 2 14],58,-1,108,-1,91
1,<environment.Job instance at 0x7f2fe9cfa1e0>,58,28,[10  3],59,-1,119,-1,91
1,<environment.Job instance at 0x7f2fe9cfa140>,59,21,[9 1],60,-1,126,-1,105
1,<environment.Job instance at 0x7f2fe9cfa460>,62,2,[5 9],63,-1,107,-1,105
1,<environment.Job instance at 0x7f2fe9cfa500>,63,21,[5 5],64,-1,126,-1,105
1,<environment.Job instance at 0x7f2fe9cfa5a0>,64,12,[5 6],65,-1,118,-1,106
1,<environment.Job instance at 0x7f2fe9cfa6e0>,66,28,[3 6],67,-1,141,-1,113
1,<environment.Job instance at 0x7f2fe9cf1c80>,9,23,[13  1],10,-1,136,-1,113
1,<environment.Job instance at 0x7f2fe9cfac80>,75,28,[ 2 10],76,-1,186,-1,158
1,<environment.Job instance at 0x7f2fe9cfae60>,79,19,[12  3],80,-1,204,-1,185
1,<environment.Job instance at 0x7f2fe9cfd2d0>,89,17,[ 5 14],90,-1,272,-1,255
1,<environment.Job instance at 0x7f2fe9cfdaa0>,93,25,[ 1 13],94,-1,304,-1,279
1,<environment.Job instance at 0x7f2fe9cfd870>,90,22,[9 2],91,-1,313,-1,291
1,<environment.Job instance at 0x7f2fe9cfdc80>,96,18,[2 6],97,-1,309,-1,291
1,<environment.Job instance at 0x7f2fe9cfd6e0>,98,16,[2 9],99,-1,307,-1,291
1,<environment.Job instance at 0x7f2fe9cfde10>,99,2,[13  5],100,-1,293,-1,291
1,<environment.Job instance at 0x7f2fe9cfdeb0>,100,28,[5 9],101,-1,319,-1,291
1,<environment.Job instance at 0x7f2fe9cfd960>,101,15,[ 2 13],102,-1,306,-1,291
1,<environment.Job instance at 0x7f2fe9cfde60>,102,13,[11  4],103,-1,304,-1,291
1,<environment.Job instance at 0x7f2fe9cff1e0>,103,16,[1 9],104,-1,307,-1,291
1,<environment.Job instance at 0x7f2fe9cff280>,104,1,[ 1 10],105,-1,292,-1,291
1,<environment.Job instance at 0x7f2fe9cff4b0>,106,22,[ 4 14],107,-1,327,-1,305
1,<environment.Job instance at 0x7f2fe9cff690>,109,27,[ 3 11],110,-1,341,-1,314
1,<environment.Job instance at 0x7f2fe9cff730>,110,23,[5 1],111,-1,337,-1,314
1,<environment.Job instance at 0x7f2fe9cff7d0>,111,17,[12  4],112,-1,331,-1,314
1,<environment.Job instance at 0x7f2fe9cff870>,112,12,[1 6],113,-1,326,-1,314
1,<environment.Job instance at 0x7f2fe9cff9b0>,113,17,[5 1],114,-1,331,-1,314
1,<environment.Job instance at 0x7f2fe9cff780>,114,19,[9 2],115,-1,340,-1,321
1,<environment.Job instance at 0x7f2fe9cffbe0>,115,2,[1 6],116,-1,323,-1,321
1,<environment.Job instance at 0x7f2fe9cffaf0>,116,12,[8 4],117,-1,333,-1,321
1,<environment.Job instance at 0x7f2fe9cffc80>,117,22,[10  3],118,-1,343,-1,321
1,<environment.Job instance at 0x7f2fe9cffd20>,118,13,[9 1],119,-1,334,-1,321
1,<environment.Job instance at 0x7f2fe9cffdc0>,119,12,[13  1],120,-1,333,-1,321
1,<environment.Job instance at 0x7f2fe9cffe60>,120,24,[8 1],121,-1,345,-1,321
1,<environment.Job instance at 0x7f2fe9cfff00>,121,2,[ 5 14],122,-1,323,-1,321
1,<environment.Job instance at 0x7f2fe9cea3c0>,122,25,[1 8],123,-1,346,-1,321
1,<environment.Job instance at 0x7f2ff331c320>,123,3,[10  3],124,-1,324,-1,321
1,<environment.Job instance at 0x7f2ff33284b0>,124,12,[1 5],125,-1,333,-1,321
1,<environment.Job instance at 0x7f2fe9ce7d20>,125,18,[2 9],126,-1,339,-1,321
1,<environment.Job instance at 0x7f2fe9ce79b0>,126,13,[2 6],127,-1,334,-1,321
1,<environment.Job instance at 0x7f2fe9ce76e0>,127,2,[5 5],128,-1,323,-1,321
1,<environment.Job instance at 0x7f2fe9ce7af0>,128,19,[1 7],129,-1,340,-1,321
1,<environment.Job instance at 0x7f2fe9ce7690>,129,3,[1 5],130,-1,324,-1,321
1,<environment.Job instance at 0x7f2fe9ce7a50>,130,16,[3 9],131,-1,338,-1,322
1,<environment.Job instance at 0x7f2fe9dc68c0>,131,13,[ 3 14],132,-1,335,-1,322
1,<environment.Job instance at 0x7f2fe9ce7f00>,133,13,[ 5 10],134,-1,336,-1,323
1,<environment.Job instance at 0x7f2fe9e99b90>,134,12,[5 4],135,-1,335,-1,323
1,<environment.Job instance at 0x7f2fe9e990f0>,136,1,[9 5],137,-1,339,-1,338
1,<environment.Job instance at 0x7f2fe9dbd500>,137,28,[ 2 10],138,-1,366,-1,338
1,<environment.Job instance at 0x7f2fe9dadf50>,138,24,[6 5],139,-1,362,-1,338
1,<environment.Job instance at 0x7f2fe9dfc050>,139,13,[1 8],140,-1,351,-1,338
1,<environment.Job instance at 0x7f2fe9e16190>,140,1,[ 3 11],141,-1,339,-1,338
1,<environment.Job instance at 0x7f2fe9e16500>,141,14,[ 3 10],142,-1,352,-1,338
1,<environment.Job instance at 0x7f2fe9e0fcd0>,142,15,[ 2 13],143,-1,353,-1,338
1,<environment.Job instance at 0x7f2fe9e792d0>,143,26,[7 2],144,-1,364,-1,338
1,<environment.Job instance at 0x7f2fe9e0f910>,144,20,[13  4],145,-1,358,-1,338
1,<environment.Job instance at 0x7f2fe9e7c690>,145,3,[9 2],146,-1,341,-1,338
1,<environment.Job instance at 0x7f2fe9d92820>,146,13,[10  5],147,-1,351,-1,338
1,<environment.Job instance at 0x7f2fe9da4780>,147,2,[3 8],148,-1,340,-1,338
1,<environment.Job instance at 0x7f2fe9dfedc0>,148,3,[4 8],149,-1,341,-1,338
1,<environment.Job instance at 0x7f2fe9dffa00>,150,12,[5 1],151,-1,359,-1,347
1,<environment.Job instance at 0x7f2fe9dffc30>,151,22,[5 6],152,-1,371,-1,349
1,<environment.Job instance at 0x7f2fe9dff4b0>,152,26,[6 4],153,-1,375,-1,349
1,<environment.Job instance at 0x7f2fe9f1db90>,154,15,[ 2 10],155,-1,367,-1,352
1,<environment.Job instance at 0x7f2fe9d145f0>,155,25,[ 3 13],156,-1,377,-1,352
1,<environment.Job instance at 0x7f2fe9e14280>,157,25,[ 2 11],158,-1,380,-1,355
1,<environment.Job instance at 0x7f2fe9e14460>,158,1,[14  3],159,-1,356,-1,355
1,<environment.Job instance at 0x7f2fe9e141e0>,159,2,[ 1 10],160,-1,357,-1,355
1,<environment.Job instance at 0x7f2fe9e14780>,160,12,[1 8],161,-1,367,-1,355
1,<environment.Job instance at 0x7f2fe9d7aeb0>,161,20,[10  5],162,-1,375,-1,355
1,<environment.Job instance at 0x7f2fe9d7acd0>,162,22,[ 2 11],163,-1,377,-1,355
1,<environment.Job instance at 0x7f2fe9d18230>,163,2,[13  5],164,-1,357,-1,355
1,<environment.Job instance at 0x7f2fe9d18190>,164,22,[5 6],165,-1,377,-1,355
1,<environment.Job instance at 0x7f2fe9d18af0>,165,13,[ 5 14],166,-1,368,-1,355
1,<environment.Job instance at 0x7f2fe9d180f0>,166,3,[5 6],167,-1,358,-1,355
1,<environment.Job instance at 0x7f2fe9d18910>,167,20,[8 1],168,-1,375,-1,355
1,<environment.Job instance at 0x7f2fe9d184b0>,168,14,[ 5 10],169,-1,369,-1,355
1,<environment.Job instance at 0x7f2fe9cf1e10>,7,26,[9 3],8,-1,3924,-1,3898
1,<environment.Job instance at 0x7f2fe9cfdb40>,94,21,[14  5],95,-1,4032,-1,4011
1,<environment.Job instance at 0x7f2fe9cfd7d0>,2,24,[3 7],3,-1,27,-1,3
1,<environment.Job instance at 0x7f2fe941ad70>,5,27,[ 3 13],6,-1,33,-1,6
1,<environment.Job instance at 0x7f2fe9438be0>,6,16,[8 4],7,-1,23,-1,7
1,<environment.Job instance at 0x7f2fe94384b0>,7,2,[5 7],8,-1,11,-1,9
1,<environment.Job instance at 0x7f2fe941e730>,14,21,[9 3],15,-1,125,-1,104
1,<environment.Job instance at 0x7f2fe9440be0>,20,3,[9 5],21,-1,107,-1,104
1,<environment.Job instance at 0x7f2fe9440eb0>,21,15,[ 2 14],22,-1,119,-1,104
1,<environment.Job instance at 0x7f2fe9440aa0>,22,12,[1 9],23,-1,116,-1,104
1,<environment.Job instance at 0x7f2fe9440a00>,23,26,[3 9],24,-1,130,-1,104
1,<environment.Job instance at 0x7f2fe9440500>,24,15,[13  1],25,-1,119,-1,104
1,<environment.Job instance at 0x7f2fe9440780>,26,18,[1 7],27,-1,125,-1,107
1,<environment.Job instance at 0x7f2fe9440230>,27,21,[2 7],28,-1,128,-1,107
1,<environment.Job instance at 0x7f2fe9440960>,28,20,[4 9],29,-1,127,-1,107
1,<environment.Job instance at 0x7f2fe94400a0>,29,13,[7 2],30,-1,120,-1,107
1,<environment.Job instance at 0x7f2fe94215a0>,30,2,[11  3],31,-1,109,-1,107
1,<environment.Job instance at 0x7f2fe94214b0>,33,13,[7 1],34,-1,134,-1,121
1,<environment.Job instance at 0x7f2fe93c4730>,41,12,[ 4 14],42,-1,197,-1,185
1,<environment.Job instance at 0x7f2fe93c4870>,42,16,[ 5 12],43,-1,201,-1,185
1,<environment.Job instance at 0x7f2fe93c4550>,44,16,[ 1 14],45,-1,222,-1,206
1,<environment.Job instance at 0x7f2fe93c45f0>,45,18,[ 1 14],46,-1,224,-1,206
1,<environment.Job instance at 0x7f2fe93c7cd0>,48,25,[4 8],49,-1,248,-1,223
1,<environment.Job instance at 0x7f2fe93c7d70>,49,3,[11  3],50,-1,226,-1,223
1,<environment.Job instance at 0x7f2ff335dc80>,50,15,[14  2],51,-1,238,-1,223
1,<environment.Job instance at 0x7f2fe930d7d0>,51,18,[11  1],52,-1,241,-1,223
1,<environment.Job instance at 0x7f2fe930de10>,53,17,[12  1],54,-1,255,-1,238
1,<environment.Job instance at 0x7f2fe9307460>,60,22,[ 4 10],61,-1,314,-1,292
1,<environment.Job instance at 0x7f2fe93d8550>,64,12,[13  1],65,-1,333,-1,321
1,<environment.Job instance at 0x7f2fe9307550>,65,13,[ 1 12],66,-1,334,-1,321
1,<environment.Job instance at 0x7f2fe941f910>,68,13,[ 5 11],69,-1,349,-1,336
1,<environment.Job instance at 0x7f2fe92e8050>,73,27,[6 1],74,-1,386,-1,359
1,<environment.Job instance at 0x7f2fe92e8320>,74,27,[ 4 13],75,-1,386,-1,359
1,<environment.Job instance at 0x7f2fe92843c0>,76,27,[11  1],77,-1,390,-1,363
1,<environment.Job instance at 0x7f2fe92eb960>,77,24,[6 2],78,-1,398,-1,374
1,<environment.Job instance at 0x7f2fe9440550>,80,23,[1 8],81,-1,427,-1,404
1,<environment.Job instance at 0x7f2fe92931e0>,83,18,[ 1 11],84,-1,433,-1,415
1,<environment.Job instance at 0x7f2fe9293140>,84,26,[ 2 13],85,-1,441,-1,415
1,<environment.Job instance at 0x7f2fe92925a0>,85,28,[14  4],86,-1,443,-1,415
1,<environment.Job instance at 0x7f2fe9292320>,86,1,[3 9],87,-1,416,-1,415
1,<environment.Job instance at 0x7f2fe9292280>,87,20,[ 4 11],88,-1,435,-1,415
1,<environment.Job instance at 0x7f2fe928e280>,107,26,[2 8],108,-1,587,-1,561
1,<environment.Job instance at 0x7f2fe9290640>,113,2,[5 7],114,-1,608,-1,606
1,<environment.Job instance at 0x7f2fe9290fa0>,114,2,[8 1],115,-1,608,-1,606
1,<environment.Job instance at 0x7f2fe9290f00>,115,27,[9 5],116,-1,633,-1,606
1,<environment.Job instance at 0x7f2fe9290410>,117,14,[12  2],118,-1,621,-1,607
1,<environment.Job instance at 0x7f2fe9290320>,118,2,[ 4 11],119,-1,609,-1,607
1,<environment.Job instance at 0x7f2fe92900f0>,119,3,[9 4],120,-1,610,-1,607
1,<environment.Job instance at 0x7f2fe9290dc0>,120,2,[2 9],121,-1,609,-1,607
1,<environment.Job instance at 0x7f2fe92a11e0>,132,17,[13  5],133,-1,701,-1,684
1,<environment.Job instance at 0x7f2fe92947d0>,133,13,[ 5 14],134,-1,697,-1,684
1,<environment.Job instance at 0x7f2fe929bc80>,134,3,[4 5],135,-1,687,-1,684
1,<environment.Job instance at 0x7f2fe93070a0>,2,21,[ 4 14],3,-1,24,-1,3
1,<environment.Job instance at 0x7f2fe9307230>,5,13,[12  1],6,-1,19,-1,6
1,<environment.Job instance at 0x7f2fe9307be0>,6,12,[14  3],7,-1,20,-1,8
1,<environment.Job instance at 0x7f2fe9307140>,10,1,[ 4 10],11,-1,16,-1,15
1,<environment.Job instance at 0x7f2fe9307e60>,14,25,[2 8],15,-1,44,-1,19
1,<environment.Job instance at 0x7f2fe932e690>,18,26,[8 3],19,-1,70,-1,44
1,<environment.Job instance at 0x7f2fe932e5f0>,20,27,[ 3 11],21,-1,71,-1,44
1,<environment.Job instance at 0x7f2fe932e410>,21,15,[ 3 13],22,-1,59,-1,44
1,<environment.Job instance at 0x7f2fe9341aa0>,26,2,[5 3],27,-1,69,-1,67
1,<environment.Job instance at 0x7f2fe9341460>,27,12,[3 8],28,-1,86,-1,74
1,<environment.Job instance at 0x7f2fe9341b90>,28,18,[ 5 14],29,-1,92,-1,74
1,<environment.Job instance at 0x7f2fe93415a0>,30,19,[ 2 11],31,-1,93,-1,74
1,<environment.Job instance at 0x7f2fe9329050>,33,20,[7 1],34,-1,122,-1,102
1,<environment.Job instance at 0x7f2fe9329460>,35,26,[6 1],36,-1,128,-1,102
1,<environment.Job instance at 0x7f2fe93293c0>,36,28,[5 9],37,-1,130,-1,102
1,<environment.Job instance at 0x7f2fe9329af0>,37,24,[4 8],38,-1,126,-1,102
1,<environment.Job instance at 0x7f2fe9329aa0>,38,20,[5 5],39,-1,137,-1,117
1,<environment.Job instance at 0x7f2fe932ca00>,49,14,[ 5 12],50,-1,178,-1,164
1,<environment.Job instance at 0x7f2fe932caf0>,51,25,[8 3],52,-1,206,-1,181
1,<environment.Job instance at 0x7f2fe932c190>,52,16,[ 2 11],53,-1,197,-1,181
1,<environment.Job instance at 0x7f2fe932ccd0>,53,28,[ 3 11],54,-1,209,-1,181
1,<environment.Job instance at 0x7f2fe932ca50>,55,24,[2 7],56,-1,220,-1,196
1,<environment.Job instance at 0x7f2fe932c410>,56,16,[14  5],57,-1,212,-1,196
1,<environment.Job instance at 0x7f2fe932c5a0>,58,27,[14  3],59,-1,246,-1,219
1,<environment.Job instance at 0x7f2fe932cc80>,59,18,[ 1 14],60,-1,237,-1,219
1,<environment.Job instance at 0x7f2fe93c4dc0>,61,15,[11  2],62,-1,235,-1,220
1,<environment.Job instance at 0x7f2fe93c4fa0>,62,13,[ 1 12],63,-1,233,-1,220
1,<environment.Job instance at 0x7f2fe93c4320>,65,16,[ 4 11],66,-1,252,-1,236
1,<environment.Job instance at 0x7f2fe92eeb90>,66,17,[13  3],67,-1,253,-1,236
1,<environment.Job instance at 0x7f2fe92eec80>,67,22,[ 3 11],68,-1,258,-1,236
1,<environment.Job instance at 0x7f2fe92ee5f0>,77,24,[7 3],78,-1,342,-1,318
1,<environment.Job instance at 0x7f2fe92ee0a0>,78,27,[9 5],79,-1,345,-1,318
1,<environment.Job instance at 0x7f2fe92eb690>,84,13,[ 4 14],85,-1,380,-1,367
1,<environment.Job instance at 0x7f2fe92ee5a0>,79,22,[7 5],80,-1,389,-1,367
1,<environment.Job instance at 0x7f2fe92e8460>,91,18,[ 2 13],92,-1,442,-1,424
1,<environment.Job instance at 0x7f2fe92e8f00>,96,17,[12  4],97,-1,490,-1,473
1,<environment.Job instance at 0x7f2fe92e8a00>,97,25,[6 4],98,-1,498,-1,473
1,<environment.Job instance at 0x7f2fe92e8b40>,99,18,[14  5],100,-1,492,-1,474
1,<environment.Job instance at 0x7f2fe92e8aa0>,100,13,[ 4 10],101,-1,490,-1,477
1,<environment.Job instance at 0x7f2fe92e8af0>,101,24,[5 5],102,-1,501,-1,477
1,<environment.Job instance at 0x7f2fe92e8e60>,102,3,[8 5],103,-1,480,-1,477
1,<environment.Job instance at 0x7f2fe92e8410>,103,14,[ 2 11],104,-1,491,-1,477
1,<environment.Job instance at 0x7f2fe92e3fa0>,104,1,[4 6],105,-1,478,-1,477
1,<environment.Job instance at 0x7f2fe92e3f00>,105,28,[ 5 10],106,-1,505,-1,477
1,<environment.Job instance at 0x7f2fe92e3500>,107,13,[ 5 11],108,-1,501,-1,488
1,<environment.Job instance at 0x7f2fe92e3780>,109,19,[ 4 14],110,-1,524,-1,505
1,<environment.Job instance at 0x7f2fe92e3730>,111,26,[ 3 12],112,-1,545,-1,519
1,<environment.Job instance at 0x7f2fe92e38c0>,112,14,[ 3 14],113,-1,533,-1,519
1,<environment.Job instance at 0x7f2fe92e33c0>,114,2,[3 7],115,-1,539,-1,537
1,<environment.Job instance at 0x7f2fe92e3960>,116,17,[ 5 14],117,-1,555,-1,538
1,<environment.Job instance at 0x7f2fe92e3190>,118,2,[7 2],119,-1,540,-1,538
1,<environment.Job instance at 0x7f2fe92e05f0>,119,2,[ 4 11],120,-1,540,-1,538
1,<environment.Job instance at 0x7f2fe92e0050>,121,3,[2 8],122,-1,554,-1,551
1,<environment.Job instance at 0x7f2fe92e0a50>,123,12,[12  2],124,-1,567,-1,555
1,<environment.Job instance at 0x7f2fe92e09b0>,124,12,[14  2],125,-1,567,-1,555
1,<environment.Job instance at 0x7f2fe92e0b90>,126,13,[14  5],127,-1,586,-1,573
1,<environment.Job instance at 0x7f2fe92e0c30>,127,25,[7 3],128,-1,598,-1,573
1,<environment.Job instance at 0x7f2fe92e0730>,128,16,[ 1 14],129,-1,589,-1,573
1,<environment.Job instance at 0x7f2fe92e06e0>,130,12,[ 2 13],131,-1,585,-1,573
1,<environment.Job instance at 0x7f2fe92f8320>,133,21,[4 8],134,-1,726,-1,705
1,<environment.Job instance at 0x7f2fe9b3ef00>,142,12,[ 4 11],143,-1,717,-1,705
1,<environment.Job instance at 0x7f2fe9613b90>,143,22,[3 8],144,-1,727,-1,705
1,<environment.Job instance at 0x7f2fea568910>,144,14,[ 1 13],145,-1,719,-1,705
1,<environment.Job instance at 0x7f2fea91ee60>,145,16,[7 5],146,-1,721,-1,705
1,<environment.Job instance at 0x7f2ff3386140>,146,25,[5 3],147,-1,730,-1,705
1,<environment.Job instance at 0x7f2fe9653e10>,147,12,[5 5],148,-1,717,-1,705
1,<environment.Job instance at 0x7f2ff33860f0>,148,15,[3 8],149,-1,720,-1,705
1,<environment.Job instance at 0x7f2ff33866e0>,149,17,[5 4],150,-1,722,-1,705
1,<environment.Job instance at 0x7f3003371190>,150,14,[13  1],151,-1,719,-1,705
1,<environment.Job instance at 0x7f2ff33867d0>,151,27,[ 4 14],152,-1,732,-1,705
1,<environment.Job instance at 0x7f2fe9a292d0>,152,16,[4 6],153,-1,721,-1,705
1,<environment.Job instance at 0x7f2fe9ac8b90>,153,16,[1 9],154,-1,721,-1,705
1,<environment.Job instance at 0x7f2fe998f4b0>,154,16,[7 2],155,-1,721,-1,705
1,<environment.Job instance at 0x7f2fe9a460f0>,155,28,[13  5],156,-1,733,-1,705
1,<environment.Job instance at 0x7f2fe92b5550>,156,23,[6 4],157,-1,728,-1,705
1,<environment.Job instance at 0x7f2fe92b5370>,157,21,[3 8],158,-1,726,-1,705
1,<environment.Job instance at 0x7f2fea1afdc0>,158,15,[3 5],159,-1,720,-1,705
1,<environment.Job instance at 0x7f2fe92a6460>,159,12,[5 5],160,-1,717,-1,705
1,<environment.Job instance at 0x7f2fe97399b0>,160,17,[5 5],161,-1,722,-1,705
1,<environment.Job instance at 0x7f2fe9243370>,161,25,[5 5],162,-1,730,-1,705
1,<environment.Job instance at 0x7f2fe9245eb0>,162,26,[12  3],163,-1,731,-1,705
1,<environment.Job instance at 0x7f2fe92430f0>,163,2,[14  4],164,-1,707,-1,705
1,<environment.Job instance at 0x7f2fe928af50>,164,15,[10  2],165,-1,720,-1,705
1,<environment.Job instance at 0x7f2fe92948c0>,165,24,[ 5 13],166,-1,729,-1,705
1,<environment.Job instance at 0x7f2fe9294d70>,166,25,[7 5],167,-1,730,-1,705
1,<environment.Job instance at 0x7f2fe9293f50>,167,19,[2 7],168,-1,724,-1,705
1,<environment.Job instance at 0x7f2fe92937d0>,168,3,[ 5 13],169,-1,708,-1,705
1,<environment.Job instance at 0x7f2fe92eb640>,83,23,[12  5],84,-1,6417,-1,6394
1,<environment.Job instance at 0x7f2fe92eb4b0>,85,19,[13  2],86,-1,6420,-1,6401
1,<environment.Job instance at 0x7f2fe9dc62d0>,1,14,[14  2],2,-1,16,-1,2
1,<environment.Job instance at 0x7f2fe9dc65a0>,7,14,[11  1],8,-1,23,-1,9
1,<environment.Job instance at 0x7f2fe9db61e0>,9,16,[12  3],10,-1,26,-1,10
1,<environment.Job instance at 0x7f2fe9db6820>,11,14,[14  1],12,-1,26,-1,12
1,<environment.Job instance at 0x7f2fe9db6910>,12,16,[12  4],13,-1,29,-1,13
1,<environment.Job instance at 0x7f2fe9df2050>,15,17,[ 4 13],16,-1,33,-1,16
1,<environment.Job instance at 0x7f2fe9df2a50>,18,27,[13  4],19,-1,53,-1,26
1,<environment.Job instance at 0x7f2fe9df25a0>,20,13,[14  2],21,-1,48,-1,35
1,<environment.Job instance at 0x7f2fe9df21e0>,22,24,[10  1],23,-1,63,-1,39
1,<environment.Job instance at 0x7f2fe9df2dc0>,34,12,[ 4 10],35,-1,138,-1,126
1,<environment.Job instance at 0x7f2fe9dc2f50>,43,22,[ 5 13],44,-1,209,-1,187
1,<environment.Job instance at 0x7f2fe9dc21e0>,45,27,[11  2],46,-1,226,-1,199
1,<environment.Job instance at 0x7f2fe9dc2e60>,49,22,[ 4 12],50,-1,235,-1,213
1,<environment.Job instance at 0x7f2fe97c63c0>,52,27,[10  1],53,-1,258,-1,231
1,<environment.Job instance at 0x7f2fe97c67d0>,54,13,[ 5 11],55,-1,252,-1,239
1,<environment.Job instance at 0x7f2fe97c6320>,55,27,[12  2],56,-1,266,-1,239
1,<environment.Job instance at 0x7f2fea32cc30>,58,24,[1 9],59,-1,281,-1,257
1,<environment.Job instance at 0x7f2fea32cbe0>,61,27,[ 1 14],62,-1,293,-1,266
1,<environment.Job instance at 0x7f2fea32cc80>,62,12,[12  1],63,-1,278,-1,266
1,<environment.Job instance at 0x7f2fea32c7d0>,63,2,[3 7],64,-1,268,-1,266
1,<environment.Job instance at 0x7f2fea32cdc0>,67,27,[7 1],68,-1,325,-1,298
1,<environment.Job instance at 0x7f2fea32c910>,68,26,[ 3 10],69,-1,324,-1,298
1,<environment.Job instance at 0x7f2fea32c460>,70,2,[10  3],71,-1,315,-1,313
1,<environment.Job instance at 0x7f2fea32cd20>,72,14,[14  2],73,-1,327,-1,313
1,<environment.Job instance at 0x7f2fea32c870>,73,26,[7 3],74,-1,339,-1,313
1,<environment.Job instance at 0x7f2fea32c5f0>,74,24,[8 2],75,-1,337,-1,313
1,<environment.Job instance at 0x7f2fe92a5870>,76,12,[11  1],77,-1,341,-1,329
1,<environment.Job instance at 0x7f2fe92a55a0>,78,16,[12  1],79,-1,345,-1,329
1,<environment.Job instance at 0x7f2fe92a5640>,79,15,[ 4 13],80,-1,344,-1,329
1,<environment.Job instance at 0x7f2fe92a5c30>,80,28,[13  1],81,-1,357,-1,329
1,<environment.Job instance at 0x7f2fe92a57d0>,81,24,[4 7],82,-1,353,-1,329
1,<environment.Job instance at 0x7f2fe92a5050>,83,26,[7 3],84,-1,363,-1,337
1,<environment.Job instance at 0x7f2fe92a5cd0>,89,24,[2 6],90,-1,401,-1,377
1,<environment.Job instance at 0x7f2fe92a5690>,90,13,[ 5 12],91,-1,390,-1,377
1,<environment.Job instance at 0x7f2fe92a5820>,91,20,[ 2 11],92,-1,397,-1,377
1,<environment.Job instance at 0x7f2fea209d70>,95,25,[3 7],96,-1,430,-1,405
1,<environment.Job instance at 0x7f2fea2099b0>,98,25,[5 8],99,-1,444,-1,419
1,<environment.Job instance at 0x7f2fea209e10>,100,16,[ 1 13],101,-1,452,-1,436
1,<environment.Job instance at 0x7f2fea209320>,101,28,[2 7],102,-1,464,-1,436
1,<environment.Job instance at 0x7f2fea209cd0>,103,25,[3 9],104,-1,463,-1,438
1,<environment.Job instance at 0x7f2ff32dcf00>,109,27,[5 7],110,-1,491,-1,464
1,<environment.Job instance at 0x7f2ff32dc1e0>,110,15,[14  1],111,-1,479,-1,464
1,<environment.Job instance at 0x7f2ff32dceb0>,111,24,[13  2],112,-1,488,-1,464
1,<environment.Job instance at 0x7f2fea045c30>,115,15,[11  4],116,-1,524,-1,509
1,<environment.Job instance at 0x7f2fea0450f0>,118,14,[ 4 13],119,-1,524,-1,510
1,<environment.Job instance at 0x7f2fea045820>,119,3,[9 5],120,-1,513,-1,510
1,<environment.Job instance at 0x7f2fea0452d0>,120,3,[1 8],121,-1,513,-1,510
1,<environment.Job instance at 0x7f2fea045910>,121,28,[9 2],122,-1,538,-1,510
1,<environment.Job instance at 0x7f2fea0455a0>,122,15,[12  2],123,-1,525,-1,510
1,<environment.Job instance at 0x7f2fea0455f0>,123,2,[10  2],124,-1,512,-1,510
1,<environment.Job instance at 0x7f2fe9fda550>,125,13,[12  4],126,-1,537,-1,524
1,<environment.Job instance at 0x7f2fe9ad0320>,128,26,[11  5],129,-1,562,-1,536
1,<environment.Job instance at 0x7f2fe9ad0410>,129,28,[4 9],130,-1,564,-1,536
1,<environment.Job instance at 0x7f2fe9ad0dc0>,131,1,[1 5],132,-1,537,-1,536
1,<environment.Job instance at 0x7f2fe9ad05f0>,135,14,[11  4],136,-1,577,-1,563
1,<environment.Job instance at 0x7f2fea1160a0>,136,14,[14  5],137,-1,577,-1,563
1,<environment.Job instance at 0x7f2fe9ad0460>,138,18,[ 4 11],139,-1,586,-1,568
1,<environment.Job instance at 0x7f2fea310780>,139,18,[ 3 12],140,-1,586,-1,568
1,<environment.Job instance at 0x7f2fea310cd0>,141,24,[13  4],142,-1,599,-1,575
1,<environment.Job instance at 0x7f2fea7578c0>,142,19,[ 2 13],143,-1,594,-1,575
1,<environment.Job instance at 0x7f2fea53a500>,145,24,[12  4],146,-1,613,-1,589
1,<environment.Job instance at 0x7f2fea3bfc30>,150,3,[1 8],151,-1,619,-1,616
1,<environment.Job instance at 0x7f2fea3d0be0>,151,27,[12  2],152,-1,643,-1,616
1,<environment.Job instance at 0x7f2fe9e098c0>,152,2,[10  5],153,-1,618,-1,616
1,<environment.Job instance at 0x7f2fea1e9640>,153,17,[12  2],154,-1,633,-1,616
1,<environment.Job instance at 0x7f2fe9fa1cd0>,155,26,[9 4],156,-1,655,-1,629
1,<environment.Job instance at 0x7f2fe9ed6140>,156,21,[12  2],157,-1,650,-1,629
1,<environment.Job instance at 0x7f2fe9eef140>,157,25,[6 2],158,-1,654,-1,629
1,<environment.Job instance at 0x7f2fea212960>,158,1,[5 5],159,-1,630,-1,629
1,<environment.Job instance at 0x7f2fe99fd780>,8,15,[ 2 12],9,-1,24,-1,9
1,<environment.Job instance at 0x7f2fe99fd960>,9,24,[ 1 11],10,-1,34,-1,10
1,<environment.Job instance at 0x7f2fe99fdc80>,13,2,[3 6],14,-1,29,-1,27
1,<environment.Job instance at 0x7f2fea155730>,15,28,[10  4],16,-1,60,-1,32
1,<environment.Job instance at 0x7f2fea1553c0>,16,16,[ 4 10],17,-1,48,-1,32
1,<environment.Job instance at 0x7f2fea140e60>,18,18,[ 1 10],19,-1,60,-1,42
1,<environment.Job instance at 0x7f2fea1403c0>,19,14,[2 7],20,-1,57,-1,43
1,<environment.Job instance at 0x7f2fea140a50>,21,1,[5 9],22,-1,49,-1,48
1,<environment.Job instance at 0x7f2fea140e10>,23,1,[ 2 11],24,-1,61,-1,60
1,<environment.Job instance at 0x7f2fea1405a0>,24,26,[6 3],25,-1,86,-1,60
1,<environment.Job instance at 0x7f2fe9c19820>,28,15,[10  2],29,-1,106,-1,91
1,<environment.Job instance at 0x7f2fea1545a0>,29,2,[ 2 13],30,-1,93,-1,91
1,<environment.Job instance at 0x7f2fea822cd0>,30,15,[ 2 12],31,-1,106,-1,91
1,<environment.Job instance at 0x7f2fea822dc0>,31,12,[10  1],32,-1,103,-1,91
1,<environment.Job instance at 0x7f2fea822be0>,32,21,[5 4],33,-1,113,-1,92
1,<environment.Job instance at 0x7f2fe9b625a0>,33,13,[5 9],34,-1,105,-1,92
1,<environment.Job instance at 0x7f2fea8365f0>,35,18,[14  1],36,-1,110,-1,92
1,<environment.Job instance at 0x7f2fe9b679b0>,36,24,[14  1],37,-1,116,-1,92
1,<environment.Job instance at 0x7f2fe9b633c0>,37,12,[6 3],38,-1,104,-1,92
1,<environment.Job instance at 0x7f2fea836cd0>,38,25,[9 2],39,-1,117,-1,92
1,<environment.Job instance at 0x7f2fe9b60870>,39,18,[ 1 12],40,-1,110,-1,92
1,<environment.Job instance at 0x7f2fe9b608c0>,40,19,[4 9],41,-1,111,-1,92
1,<environment.Job instance at 0x7f2fe9b4c690>,41,13,[8 1],42,-1,105,-1,92
1,<environment.Job instance at 0x7f2fe9b76fa0>,42,12,[10  1],43,-1,104,-1,92
1,<environment.Job instance at 0x7f2fe9b769b0>,44,20,[ 3 12],45,-1,122,-1,102
1,<environment.Job instance at 0x7f2fe9b75c80>,45,19,[10  1],46,-1,121,-1,102
1,<environment.Job instance at 0x7f2fe9b77f00>,46,18,[1 6],47,-1,120,-1,102
1,<environment.Job instance at 0x7f2fe9b77d20>,47,3,[13  1],48,-1,105,-1,102
1,<environment.Job instance at 0x7f2fe9b77050>,48,14,[9 2],49,-1,116,-1,102
1,<environment.Job instance at 0x7f2fe9b4bc30>,49,19,[13  1],50,-1,121,-1,102
1,<environment.Job instance at 0x7f2fe9b729b0>,50,16,[9 1],51,-1,118,-1,102
1,<environment.Job instance at 0x7f2fe9b728c0>,51,28,[4 5],52,-1,130,-1,102
1,<environment.Job instance at 0x7f2fe9b72cd0>,53,17,[13  5],54,-1,119,-1,102
1,<environment.Job instance at 0x7f2fe9b72c80>,54,26,[12  1],55,-1,128,-1,102
1,<environment.Job instance at 0x7f2fe9b72460>,59,26,[7 1],60,-1,157,-1,131
1,<environment.Job instance at 0x7f2fe9b72910>,60,22,[8 3],61,-1,153,-1,131
1,<environment.Job instance at 0x7f2fe99ca4b0>,62,17,[8 2],63,-1,148,-1,131
1,<environment.Job instance at 0x7f2fe99ca500>,63,18,[ 2 12],64,-1,149,-1,131
1,<environment.Job instance at 0x7f2fe9b7a0a0>,64,21,[6 2],65,-1,152,-1,131
1,<environment.Job instance at 0x7f2fe99ca960>,65,18,[14  5],66,-1,149,-1,131
1,<environment.Job instance at 0x7f2fe9b7a550>,66,27,[9 5],67,-1,158,-1,131
1,<environment.Job instance at 0x7f2fe9b7a4b0>,67,14,[ 3 12],68,-1,145,-1,131
1,<environment.Job instance at 0x7f2fe9b7a500>,68,18,[1 9],69,-1,149,-1,131
1,<environment.Job instance at 0x7f2fe9b7a780>,69,23,[5 9],70,-1,154,-1,131
1,<environment.Job instance at 0x7f2fe9b7ae60>,70,16,[ 5 13],71,-1,147,-1,131
1,<environment.Job instance at 0x7f2fe9b7a460>,71,22,[ 2 14],72,-1,153,-1,131
1,<environment.Job instance at 0x7f2fe99cd280>,73,1,[6 2],74,-1,147,-1,146
1,<environment.Job instance at 0x7f2fe99cd320>,74,24,[12  4],75,-1,170,-1,146
1,<environment.Job instance at 0x7f2fe99cd410>,75,17,[ 1 10],76,-1,163,-1,146
1,<environment.Job instance at 0x7f2fe99cd500>,77,14,[9 2],78,-1,167,-1,153
1,<environment.Job instance at 0x7f2fe99cd4b0>,78,14,[2 7],79,-1,167,-1,153
1,<environment.Job instance at 0x7f2fe99cd370>,80,14,[10  1],81,-1,174,-1,160
1,<environment.Job instance at 0x7f2fe99cd780>,81,16,[6 2],82,-1,176,-1,160
1,<environment.Job instance at 0x7f2fe99cd820>,82,25,[10  1],83,-1,185,-1,160
1,<environment.Job instance at 0x7f2fe99cd8c0>,83,13,[ 5 11],84,-1,173,-1,160
1,<environment.Job instance at 0x7f2fe99cd730>,84,12,[ 3 14],85,-1,172,-1,160
1,<environment.Job instance at 0x7f2fe99cda00>,85,14,[2 9],86,-1,174,-1,160
1,<environment.Job instance at 0x7f2fe99cdb40>,86,13,[ 2 13],87,-1,173,-1,160
1,<environment.Job instance at 0x7f2fe99cdaf0>,87,14,[13  2],88,-1,174,-1,160
1,<environment.Job instance at 0x7f2fe99cdc30>,88,18,[11  2],89,-1,178,-1,160
1,<environment.Job instance at 0x7f2fe99cdcd0>,89,25,[ 1 10],90,-1,185,-1,160
1,<environment.Job instance at 0x7f2fe99cddc0>,90,13,[ 2 12],91,-1,173,-1,160
1,<environment.Job instance at 0x7f2fe99cd2d0>,91,3,[5 7],92,-1,163,-1,160
1,<environment.Job instance at 0x7f2fe99cdf50>,92,21,[4 8],93,-1,181,-1,160
1,<environment.Job instance at 0x7f2fe99cdfa0>,93,12,[3 7],94,-1,172,-1,160
1,<environment.Job instance at 0x7f2fe99cdf00>,94,12,[3 7],95,-1,172,-1,160
1,<environment.Job instance at 0x7f2fe99cdd70>,95,23,[2 8],96,-1,183,-1,160
1,<environment.Job instance at 0x7f2fea136190>,96,16,[ 2 13],97,-1,176,-1,160
1,<environment.Job instance at 0x7f2fea1362d0>,98,14,[7 2],99,-1,180,-1,166
1,<environment.Job instance at 0x7f2fea136370>,99,18,[1 7],100,-1,185,-1,167
1,<environment.Job instance at 0x7f2fea136410>,100,14,[1 7],101,-1,181,-1,167
1,<environment.Job instance at 0x7f2fea1360a0>,102,12,[6 2],103,-1,186,-1,174
1,<environment.Job instance at 0x7f2fea1366e0>,103,20,[2 7],104,-1,202,-1,182
1,<environment.Job instance at 0x7f2fea1365a0>,104,26,[ 4 14],105,-1,208,-1,182
1,<environment.Job instance at 0x7f2fea1367d0>,106,3,[ 4 12],107,-1,188,-1,185
1,<environment.Job instance at 0x7f2fea136910>,108,1,[5 6],109,-1,191,-1,190
1,<environment.Job instance at 0x7f2fea1369b0>,109,25,[5 4],110,-1,215,-1,190
1,<environment.Job instance at 0x7f2fea136a50>,110,21,[5 5],111,-1,211,-1,190
1,<environment.Job instance at 0x7f2fea136af0>,111,23,[6 5],112,-1,213,-1,190
1,<environment.Job instance at 0x7f2fea136b90>,112,18,[ 2 10],113,-1,208,-1,190
1,<environment.Job instance at 0x7f2fea136c30>,113,13,[13  3],114,-1,203,-1,190
1,<environment.Job instance at 0x7f2fea136cd0>,114,25,[ 5 14],115,-1,215,-1,190
1,<environment.Job instance at 0x7f2fea136d70>,115,27,[5 5],116,-1,217,-1,190
1,<environment.Job instance at 0x7f2fea136eb0>,116,17,[ 5 13],117,-1,207,-1,190
1,<environment.Job instance at 0x7f2fea136fa0>,117,14,[6 2],118,-1,207,-1,193
1,<environment.Job instance at 0x7f2fe99ec1e0>,118,17,[ 4 11],119,-1,210,-1,193
1,<environment.Job instance at 0x7f2fe99ec280>,119,14,[14  5],120,-1,207,-1,193
1,<environment.Job instance at 0x7f2fe99ec320>,120,27,[8 5],121,-1,220,-1,193
1,<environment.Job instance at 0x7f2fe99ec3c0>,121,23,[12  4],122,-1,216,-1,193
1,<environment.Job instance at 0x7f2fe99ec460>,122,16,[4 5],123,-1,213,-1,197
1,<environment.Job instance at 0x7f2fe99ec500>,123,18,[9 1],124,-1,215,-1,197
1,<environment.Job instance at 0x7f2fe99ec5a0>,124,3,[ 1 13],125,-1,200,-1,197
1,<environment.Job instance at 0x7f2fe99ec640>,125,14,[2 8],126,-1,211,-1,197
1,<environment.Job instance at 0x7f2fe99ec6e0>,126,14,[ 1 12],127,-1,211,-1,197
1,<environment.Job instance at 0x7f2fe99ec780>,127,15,[ 4 14],128,-1,212,-1,197
1,<environment.Job instance at 0x7f2fe99ec820>,128,20,[3 9],129,-1,217,-1,197
1,<environment.Job instance at 0x7f2fe99ec8c0>,129,28,[ 4 14],130,-1,225,-1,197
1,<environment.Job instance at 0x7f2fe99ec960>,130,21,[ 5 12],131,-1,218,-1,197
1,<environment.Job instance at 0x7f2fe99ecd20>,134,27,[3 8],135,-1,247,-1,220
1,<environment.Job instance at 0x7f2fe99ecdc0>,135,2,[1 8],136,-1,222,-1,220
1,<environment.Job instance at 0x7f2fe99ece60>,136,14,[7 1],137,-1,234,-1,220
1,<environment.Job instance at 0x7f2fe99ecfa0>,138,22,[7 5],139,-1,251,-1,229
1,<environment.Job instance at 0x7f2fe99ecaa0>,139,18,[ 1 10],140,-1,247,-1,229
1,<environment.Job instance at 0x7f2fe99db140>,140,12,[1 8],141,-1,241,-1,229
1,<environment.Job instance at 0x7f2fe99db280>,142,27,[10  4],143,-1,265,-1,238
1,<environment.Job instance at 0x7f2fe99db3c0>,144,27,[ 1 14],145,-1,283,-1,256
1,<environment.Job instance at 0x7f2fe99db640>,146,15,[11  1],147,-1,271,-1,256
1,<environment.Job instance at 0x7f2fe99db6e0>,147,14,[ 3 13],148,-1,270,-1,256
1,<environment.Job instance at 0x7f2fe99db780>,148,22,[2 5],149,-1,278,-1,256
1,<environment.Job instance at 0x7f2fe99db820>,149,21,[ 4 14],150,-1,277,-1,256
1,<environment.Job instance at 0x7f2fe99db730>,151,19,[3 6],152,-1,275,-1,256
1,<environment.Job instance at 0x7f2fe99dba50>,152,21,[9 2],153,-1,277,-1,256
1,<environment.Job instance at 0x7f2fe99dbaf0>,153,18,[ 2 11],154,-1,274,-1,256
1,<environment.Job instance at 0x7f2fe99dbb90>,154,17,[11  4],155,-1,273,-1,256
1,<environment.Job instance at 0x7f2fe99dbc30>,155,14,[ 4 14],156,-1,270,-1,256
1,<environment.Job instance at 0x7f2fe99dbcd0>,156,28,[12  5],157,-1,284,-1,256
1,<environment.Job instance at 0x7f2fe99dbd70>,157,13,[12  5],158,-1,269,-1,256
1,<environment.Job instance at 0x7f2fe99dbe10>,158,12,[11  5],159,-1,268,-1,256
1,<environment.Job instance at 0x7f2fe99db960>,160,1,[1 7],161,-1,260,-1,259
1,<environment.Job instance at 0x7f2fe99db910>,161,1,[9 4],162,-1,260,-1,259
1,<environment.Job instance at 0x7f2fe9a001e0>,162,13,[3 6],163,-1,272,-1,259
1,<environment.Job instance at 0x7f2fe9a00280>,163,14,[ 4 11],164,-1,273,-1,259
1,<environment.Job instance at 0x7f2fe9a00320>,164,18,[ 3 12],165,-1,277,-1,259
1,<environment.Job instance at 0x7f2fe9a00460>,165,20,[2 9],166,-1,279,-1,259
1,<environment.Job instance at 0x7f2fe9a00230>,166,26,[8 5],167,-1,285,-1,259
1,<environment.Job instance at 0x7f2fe9a005f0>,168,18,[13  1],169,-1,291,-1,273
1,<environment.Job instance at 0x7f2fe99fd460>,12,18,[ 3 14],13,-1,342,-1,324
1,<environment.Job instance at 0x7f2fe9b7f780>,34,18,[ 3 13],35,-1,342,-1,324
1,<environment.Job instance at 0x7f2fea12b730>,4,16,[ 2 13],5,-1,21,-1,5
1,<environment.Job instance at 0x7f2fea12b190>,6,14,[10  1],7,-1,22,-1,8
1,<environment.Job instance at 0x7f2fea12dbe0>,11,17,[ 4 12],12,-1,29,-1,12
1,<environment.Job instance at 0x7f2fea12d370>,18,16,[13  1],19,-1,61,-1,45
1,<environment.Job instance at 0x7f2fea12dc80>,21,14,[11  4],22,-1,73,-1,59
1,<environment.Job instance at 0x7f2fea12e9b0>,26,13,[11  5],27,-1,103,-1,90
1,<environment.Job instance at 0x7f2fea12ee10>,27,19,[ 3 11],28,-1,109,-1,90
1,<environment.Job instance at 0x7f2fea12eaf0>,36,26,[3 6],37,-1,175,-1,149
1,<environment.Job instance at 0x7f2fe971fb40>,39,23,[4 9],40,-1,174,-1,151
1,<environment.Job instance at 0x7f2fe971f960>,40,24,[5 2],41,-1,175,-1,151
1,<environment.Job instance at 0x7f2fe971fd70>,42,17,[ 1 14],43,-1,174,-1,157
1,<environment.Job instance at 0x7f2fe971f2d0>,43,25,[2 9],44,-1,182,-1,157
1,<environment.Job instance at 0x7f2fe9720050>,66,27,[8 5],67,-1,423,-1,396
1,<environment.Job instance at 0x7f2fe97200f0>,68,26,[10  5],69,-1,435,-1,409
1,<environment.Job instance at 0x7f2fe9720c80>,71,14,[14  4],72,-1,437,-1,423
1,<environment.Job instance at 0x7f2fe9731280>,74,20,[ 2 11],75,-1,460,-1,440
1,<environment.Job instance at 0x7f2fe9731550>,75,3,[ 4 11],76,-1,443,-1,440
1,<environment.Job instance at 0x7f2fe97316e0>,76,16,[13  3],77,-1,456,-1,440
1,<environment.Job instance at 0x7f2fe9731230>,77,26,[10  5],78,-1,466,-1,440
1,<environment.Job instance at 0x7f2fe9731730>,79,13,[ 2 12],80,-1,462,-1,449
1,<environment.Job instance at 0x7f2fe97315a0>,81,17,[11  4],82,-1,470,-1,453
1,<environment.Job instance at 0x7f2fe9731e60>,82,24,[4 6],83,-1,477,-1,453
1,<environment.Job instance at 0x7f2fe97310a0>,83,15,[ 2 13],84,-1,468,-1,453
1,<environment.Job instance at 0x7f2fe9731f50>,84,18,[11  2],85,-1,471,-1,453
1,<environment.Job instance at 0x7f2fe97179b0>,87,18,[14  1],88,-1,493,-1,475
1,<environment.Job instance at 0x7f2fe9717a50>,88,23,[ 1 11],89,-1,498,-1,475
1,<environment.Job instance at 0x7f2fe9717f00>,89,12,[ 3 12],90,-1,487,-1,475
1,<environment.Job instance at 0x7f2fe97175a0>,93,13,[ 3 11],94,-1,506,-1,493
1,<environment.Job instance at 0x7f2fe9712c30>,98,25,[7 2],99,-1,543,-1,518
1,<environment.Job instance at 0x7f2fe9b46870>,109,2,[6 4],110,-1,600,-1,598
1,<environment.Job instance at 0x7f2fe9b46780>,110,25,[10  4],111,-1,623,-1,598
1,<environment.Job instance at 0x7f2fe9b46140>,112,27,[7 5],113,-1,628,-1,601
1,<environment.Job instance at 0x7f2fe9b46cd0>,114,25,[8 2],115,-1,634,-1,609
1,<environment.Job instance at 0x7f2fe9b46c30>,116,14,[ 2 12],117,-1,625,-1,611
1,<environment.Job instance at 0x7f2fe9b673c0>,122,20,[ 1 13],123,-1,672,-1,652
1,<environment.Job instance at 0x7f2fe970e7d0>,124,28,[ 3 10],125,-1,694,-1,666
1,<environment.Job instance at 0x7f2fe99dcaa0>,125,25,[9 5],126,-1,691,-1,666
1,<environment.Job instance at 0x7f2fe99f8a00>,133,24,[7 4],134,-1,731,-1,707
1,<environment.Job instance at 0x7f2fea150dc0>,139,14,[14  2],140,-1,764,-1,750
1,<environment.Job instance at 0x7f2fea0a3a00>,146,1,[ 4 10],147,-1,820,-1,819
1,<environment.Job instance at 0x7f2fe9ee7820>,149,1,[12  1],150,-1,830,-1,829
1,<environment.Job instance at 0x7f2fea3a6280>,150,25,[9 1],151,-1,854,-1,829
1,<environment.Job instance at 0x7f2fe9ac60f0>,153,22,[14  2],154,-1,868,-1,846
1,<environment.Job instance at 0x7f2fea3ff6e0>,4,22,[13  3],5,-1,27,-1,5
1,<environment.Job instance at 0x7f2fe99ecaf0>,5,26,[14  2],6,-1,32,-1,6
1,<environment.Job instance at 0x7f2fe9648190>,6,20,[ 4 12],7,-1,27,-1,7
1,<environment.Job instance at 0x7f2fe96482d0>,7,13,[ 4 12],8,-1,21,-1,8
1,<environment.Job instance at 0x7f2fe9654870>,12,27,[5 3],13,-1,42,-1,15
1,<environment.Job instance at 0x7f2fe96541e0>,15,24,[5 4],16,-1,49,-1,25
1,<environment.Job instance at 0x7f2fe9654640>,16,18,[12  1],17,-1,43,-1,25
1,<environment.Job instance at 0x7f2fe9654e60>,18,13,[ 5 14],19,-1,43,-1,30
1,<environment.Job instance at 0x7f2fe9654cd0>,19,17,[ 5 13],20,-1,47,-1,30
1,<environment.Job instance at 0x7f2fe964b8c0>,20,18,[12  5],21,-1,48,-1,30
1,<environment.Job instance at 0x7f2fe964b4b0>,22,27,[5 1],23,-1,66,-1,39
1,<environment.Job instance at 0x7f2fe964bc80>,25,17,[ 5 12],26,-1,70,-1,53
1,<environment.Job instance at 0x7f2fe964be10>,26,3,[3 6],27,-1,56,-1,53
1,<environment.Job instance at 0x7f2fe964be60>,27,24,[7 4],28,-1,77,-1,53
1,<environment.Job instance at 0x7f2fea7f80f0>,29,1,[3 6],30,-1,65,-1,64
1,<environment.Job instance at 0x7f2fe9891aa0>,30,12,[12  3],31,-1,76,-1,64
1,<environment.Job instance at 0x7f2fe959aeb0>,31,27,[6 5],32,-1,91,-1,64
1,<environment.Job instance at 0x7f2fe9651c30>,34,17,[14  4],35,-1,99,-1,82
1,<environment.Job instance at 0x7f2fe9a10410>,37,16,[ 1 13],38,-1,110,-1,94
1,<environment.Job instance at 0x7f2fe95be820>,38,25,[4 7],39,-1,119,-1,94
1,<environment.Job instance at 0x7f2fe95be6e0>,40,12,[13  5],41,-1,124,-1,112
1,<environment.Job instance at 0x7f2fe95be730>,41,22,[14  4],42,-1,134,-1,112
1,<environment.Job instance at 0x7f2fe95bec80>,42,27,[5 3],43,-1,139,-1,112
1,<environment.Job instance at 0x7f2fe965c140>,46,26,[3 7],47,-1,151,-1,125
1,<environment.Job instance at 0x7f2fe9a0abe0>,48,15,[11  4],49,-1,154,-1,139
1,<environment.Job instance at 0x7f2fe964d4b0>,49,18,[ 3 11],50,-1,157,-1,139
1,<environment.Job instance at 0x7f2fe9649910>,50,23,[9 1],51,-1,162,-1,139
1,<environment.Job instance at 0x7f2fe9649aa0>,52,23,[11  3],53,-1,162,-1,139
1,<environment.Job instance at 0x7f2fea418d20>,62,24,[7 5],63,-1,251,-1,227
1,<environment.Job instance at 0x7f2fea418cd0>,63,22,[11  1],64,-1,249,-1,227
1,<environment.Job instance at 0x7f2fea418690>,64,14,[ 2 13],65,-1,241,-1,227
1,<environment.Job instance at 0x7f2fea418500>,66,28,[4 9],67,-1,273,-1,245
1,<environment.Job instance at 0x7f2fea418f00>,67,28,[ 5 11],68,-1,273,-1,245
1,<environment.Job instance at 0x7f2fea42b280>,70,18,[13  5],71,-1,275,-1,257
1,<environment.Job instance at 0x7f2fea42bc30>,72,2,[5 9],73,-1,272,-1,270
1,<environment.Job instance at 0x7f2fea42cf50>,75,15,[12  2],76,-1,299,-1,284
1,<environment.Job instance at 0x7f2fea42ce10>,76,2,[4 9],77,-1,286,-1,284
1,<environment.Job instance at 0x7f2fea42cd70>,77,19,[14  2],78,-1,303,-1,284
1,<environment.Job instance at 0x7f2fea41f190>,78,20,[ 5 12],79,-1,304,-1,284
1,<environment.Job instance at 0x7f2fea41f280>,81,17,[ 4 11],82,-1,319,-1,302
1,<environment.Job instance at 0x7f2fea41f5a0>,84,1,[3 6],85,-1,327,-1,326
1,<environment.Job instance at 0x7f2fea41f960>,91,1,[8 4],92,-1,367,-1,366
1,<environment.Job instance at 0x7f2fea41fc30>,95,3,[ 4 13],96,-1,402,-1,399
1,<environment.Job instance at 0x7f2fea41ff00>,98,20,[ 4 11],99,-1,431,-1,411
1,<environment.Job instance at 0x7f2fea41ffa0>,99,15,[ 5 14],100,-1,426,-1,411
1,<environment.Job instance at 0x7f2fea4161e0>,102,28,[8 5],103,-1,451,-1,423
1,<environment.Job instance at 0x7f2fea4163c0>,105,28,[7 3],106,-1,468,-1,440
1,<environment.Job instance at 0x7f2fea4165a0>,108,25,[ 3 10],109,-1,490,-1,465
1,<environment.Job instance at 0x7f2fea416640>,109,18,[ 2 11],110,-1,483,-1,465
1,<environment.Job instance at 0x7f2fea4169b0>,112,20,[ 4 13],113,-1,488,-1,468
1,<environment.Job instance at 0x7f2fea416af0>,116,23,[9 2],117,-1,642,-1,619
1,<environment.Job instance at 0x7f2fea402280>,133,12,[11  4],134,-1,631,-1,619
1,<environment.Job instance at 0x7f2fea4028c0>,134,26,[8 3],135,-1,645,-1,619
1,<environment.Job instance at 0x7f2fea402640>,132,26,[14  5],133,-1,648,-1,622
1,<environment.Job instance at 0x7f2fea402a00>,136,2,[6 1],137,-1,624,-1,622
1,<environment.Job instance at 0x7f2fea402b40>,138,18,[14  4],139,-1,646,-1,628
1,<environment.Job instance at 0x7f2fea402d20>,142,24,[4 7],143,-1,694,-1,670
1,<environment.Job instance at 0x7f2fea402f00>,145,2,[12  1],146,-1,675,-1,673
1,<environment.Job instance at 0x7f2fe996d1e0>,147,23,[ 4 12],148,-1,709,-1,686
1,<environment.Job instance at 0x7f2fe996d0a0>,148,26,[ 4 14],149,-1,712,-1,686
1,<environment.Job instance at 0x7f2fe996d320>,149,15,[ 1 14],150,-1,701,-1,686
1,<environment.Job instance at 0x7f2fe996d370>,150,14,[11  2],151,-1,700,-1,686
1,<environment.Job instance at 0x7f2fe996d550>,151,13,[13  4],152,-1,699,-1,686
1,<environment.Job instance at 0x7f2fe996d640>,153,27,[ 4 13],154,-1,718,-1,691
1,<environment.Job instance at 0x7f2fe996d6e0>,154,23,[ 4 10],155,-1,714,-1,691
1,<environment.Job instance at 0x7f2fe996d780>,155,15,[ 4 12],156,-1,706,-1,691
1,<environment.Job instance at 0x7f2fe996d820>,157,16,[ 5 11],158,-1,722,-1,706
1,<environment.Job instance at 0x7f2fe996da00>,158,28,[7 3],159,-1,734,-1,706
1,<environment.Job instance at 0x7f2fe996d960>,159,27,[3 8],160,-1,733,-1,706
1,<environment.Job instance at 0x7f2fe996db40>,160,23,[5 9],161,-1,742,-1,719
1,<environment.Job instance at 0x7f2fe996dfa0>,166,12,[11  5],167,-1,754,-1,742
1,<environment.Job instance at 0x7f2fe9730aa0>,6,23,[ 2 11],7,-1,30,-1,7
1,<environment.Job instance at 0x7f2fe97306e0>,7,21,[ 1 11],8,-1,29,-1,8
1,<environment.Job instance at 0x7f2fe98aed70>,8,1,[ 2 14],9,-1,10,-1,9
1,<environment.Job instance at 0x7f2fe98ae050>,11,15,[13  2],12,-1,27,-1,12
1,<environment.Job instance at 0x7f2fea00e500>,12,16,[ 5 11],13,-1,29,-1,13
1,<environment.Job instance at 0x7f2fea00eeb0>,13,18,[13  4],14,-1,32,-1,14
1,<environment.Job instance at 0x7f2fea00e3c0>,14,15,[ 3 14],15,-1,30,-1,15
1,<environment.Job instance at 0x7f2fea00e550>,15,18,[13  2],16,-1,34,-1,16
1,<environment.Job instance at 0x7f2fea00e370>,16,1,[12  5],17,-1,18,-1,17
1,<environment.Job instance at 0x7f2fea00e190>,23,18,[14  1],24,-1,76,-1,58
1,<environment.Job instance at 0x7f2fe9edefa0>,25,15,[12  1],26,-1,73,-1,58
1,<environment.Job instance at 0x7f2fe9ede0f0>,26,13,[ 5 12],27,-1,71,-1,58
1,<environment.Job instance at 0x7f2fe9ede410>,30,2,[3 9],31,-1,92,-1,90
1,<environment.Job instance at 0x7f2fe9ede6e0>,31,28,[9 4],32,-1,118,-1,90
1,<environment.Job instance at 0x7f2fe9edea00>,33,12,[ 3 13],34,-1,104,-1,92
1,<environment.Job instance at 0x7f2fe9ede3c0>,34,23,[6 2],35,-1,115,-1,92
1,<environment.Job instance at 0x7f2fe9bca7d0>,37,24,[10  4],38,-1,136,-1,112
1,<environment.Job instance at 0x7f2fe9bca320>,38,24,[3 9],39,-1,136,-1,112
1,<environment.Job instance at 0x7f2fe9bcab90>,39,18,[ 3 12],40,-1,130,-1,112
1,<environment.Job instance at 0x7f2fe9bcac30>,40,18,[13  3],41,-1,130,-1,112
1,<environment.Job instance at 0x7f2fe9bca870>,41,2,[1 5],42,-1,114,-1,112
1,<environment.Job instance at 0x7f2fe9bca5f0>,44,24,[7 4],45,-1,159,-1,135
1,<environment.Job instance at 0x7f2fe9bca3c0>,45,19,[ 5 13],46,-1,154,-1,135
1,<environment.Job instance at 0x7f2fea2ce230>,51,17,[ 2 10],52,-1,186,-1,169
1,<environment.Job instance at 0x7f2fea2ce4b0>,54,24,[5 9],55,-1,211,-1,187
1,<environment.Job instance at 0x7f2fe968b550>,56,23,[3 9],57,-1,226,-1,203
1,<environment.Job instance at 0x7f2fe99217d0>,57,26,[8 5],58,-1,229,-1,203
1,<environment.Job instance at 0x7f2fe9921aa0>,58,15,[6 1],59,-1,219,-1,204
1,<environment.Job instance at 0x7f2fe9921550>,59,1,[ 1 12],60,-1,205,-1,204
1,<environment.Job instance at 0x7f2fe9495190>,61,27,[10  5],62,-1,231,-1,204
1,<environment.Job instance at 0x7f2fe9ad79b0>,63,2,[5 5],64,-1,210,-1,208
1,<environment.Job instance at 0x7f2fe967b460>,64,15,[12  5],65,-1,223,-1,208
1,<environment.Job instance at 0x7f2fe9495b90>,65,24,[13  2],66,-1,232,-1,208
1,<environment.Job instance at 0x7f2fea2f91e0>,68,16,[ 3 14],69,-1,257,-1,241
1,<environment.Job instance at 0x7f2fe992fc30>,69,24,[14  4],70,-1,265,-1,241
1,<environment.Job instance at 0x7f2fe992f4b0>,70,13,[14  5],71,-1,254,-1,241
1,<environment.Job instance at 0x7f2fea116690>,73,23,[6 1],74,-1,264,-1,241
1,<environment.Job instance at 0x7f2fea116140>,74,23,[ 5 10],75,-1,264,-1,241
1,<environment.Job instance at 0x7f2fe96dc820>,76,22,[ 1 14],77,-1,280,-1,258
1,<environment.Job instance at 0x7f2fe96dcaf0>,77,3,[11  2],78,-1,261,-1,258
1,<environment.Job instance at 0x7f2fe96dce10>,78,25,[ 1 14],79,-1,283,-1,258
1,<environment.Job instance at 0x7f2fe96dc9b0>,79,25,[12  3],80,-1,283,-1,258
1,<environment.Job instance at 0x7f2fe9b11a50>,80,27,[ 4 11],81,-1,285,-1,258
1,<environment.Job instance at 0x7f2fe9b114b0>,81,15,[13  2],82,-1,273,-1,258
1,<environment.Job instance at 0x7f2ff2e48a00>,88,16,[ 5 13],89,-1,314,-1,298
1,<environment.Job instance at 0x7f2ff2e48f00>,89,23,[5 5],90,-1,321,-1,298
1,<environment.Job instance at 0x7f2ff2e48870>,90,3,[ 4 14],91,-1,301,-1,298
1,<environment.Job instance at 0x7f2ff2e485f0>,91,15,[14  4],92,-1,313,-1,298
1,<environment.Job instance at 0x7f2ff2e48b90>,93,25,[4 7],94,-1,323,-1,298
1,<environment.Job instance at 0x7f2fe9ac8b90>,94,3,[11  5],95,-1,301,-1,298
1,<environment.Job instance at 0x7f2fe9ac8640>,95,3,[ 4 14],96,-1,301,-1,298
1,<environment.Job instance at 0x7f2fe9ac8690>,96,28,[ 4 11],97,-1,326,-1,298
1,<environment.Job instance at 0x7f2fea790d70>,98,18,[11  1],99,-1,330,-1,312
1,<environment.Job instance at 0x7f2fea249780>,100,24,[3 8],101,-1,340,-1,316
1,<environment.Job instance at 0x7f2fea790780>,101,2,[5 4],102,-1,318,-1,316
1,<environment.Job instance at 0x7f2fea790370>,102,27,[3 6],103,-1,343,-1,316
1,<environment.Job instance at 0x7f2fe96fc4b0>,105,15,[ 3 14],106,-1,349,-1,334
1,<environment.Job instance at 0x7f2fe96fca00>,106,21,[10  1],107,-1,358,-1,337
1,<environment.Job instance at 0x7f2fe96fcc80>,108,27,[4 5],109,-1,364,-1,337
1,<environment.Job instance at 0x7f2fe96fca50>,109,16,[11  1],110,-1,353,-1,337
1,<environment.Job instance at 0x7f2fe96fc320>,110,16,[ 1 12],111,-1,353,-1,337
1,<environment.Job instance at 0x7f2fe96fcc30>,111,28,[10  5],112,-1,365,-1,337
1,<environment.Job instance at 0x7f2fea3a9730>,112,25,[8 4],113,-1,362,-1,337
1,<environment.Job instance at 0x7f2fea3a9f00>,114,18,[13  1],115,-1,370,-1,352
1,<environment.Job instance at 0x7f2fea3a9a00>,115,13,[ 3 10],116,-1,365,-1,352
1,<environment.Job instance at 0x7f2fea3a9410>,116,14,[ 1 14],117,-1,366,-1,352
1,<environment.Job instance at 0x7f2fea3a9dc0>,118,2,[10  1],119,-1,354,-1,352
1,<environment.Job instance at 0x7f2fea3a9fa0>,119,25,[8 3],120,-1,377,-1,352
1,<environment.Job instance at 0x7f2fea3a96e0>,120,2,[5 5],121,-1,354,-1,352
1,<environment.Job instance at 0x7f2fea3a9820>,122,24,[11  1],123,-1,384,-1,360
1,<environment.Job instance at 0x7f2fea3a9190>,125,25,[5 7],126,-1,395,-1,370
1,<environment.Job instance at 0x7f2fe9ad3af0>,127,18,[11  2],128,-1,395,-1,377
1,<environment.Job instance at 0x7f2fe9ad3690>,129,13,[4 7],130,-1,395,-1,382
1,<environment.Job instance at 0x7f2fe9293410>,130,14,[12  3],131,-1,396,-1,382
1,<environment.Job instance at 0x7f2fea2e3a50>,132,18,[10  1],133,-1,421,-1,403
1,<environment.Job instance at 0x7f2fea2e3050>,133,28,[4 5],134,-1,431,-1,403
1,<environment.Job instance at 0x7f2fea2e3410>,134,1,[ 3 10],135,-1,404,-1,403
1,<environment.Job instance at 0x7f2fea155190>,136,3,[7 4],137,-1,406,-1,403
1,<environment.Job instance at 0x7f2fea155690>,138,24,[14  3],139,-1,428,-1,404
1,<environment.Job instance at 0x7f2fea155140>,142,27,[2 9],143,-1,452,-1,425
1,<environment.Job instance at 0x7f2fea155280>,145,26,[ 5 11],146,-1,479,-1,453
1,<environment.Job instance at 0x7f2fea155460>,147,23,[10  4],148,-1,476,-1,453
1,<environment.Job instance at 0x7f2fea155550>,148,26,[2 7],149,-1,479,-1,453
1,<environment.Job instance at 0x7f2fea1553c0>,150,3,[2 6],151,-1,457,-1,454
1,<environment.Job instance at 0x7f2fe93ca8c0>,152,26,[5 4],153,-1,493,-1,467
1,<environment.Job instance at 0x7f2fe93ca050>,153,26,[ 1 10],154,-1,493,-1,467
1,<environment.Job instance at 0x7f2fe93caaf0>,158,28,[14  3],159,-1,536,-1,508
1,<environment.Job instance at 0x7f2fe93cac80>,160,3,[10  4],161,-1,531,-1,528
1,<environment.Job instance at 0x7f2fe93ca5f0>,163,17,[ 2 12],164,-1,549,-1,532
1,<environment.Job instance at 0x7f2fe93ca870>,165,12,[7 2],166,-1,552,-1,540
1,<environment.Job instance at 0x7f2fe93ca690>,166,13,[ 5 11],167,-1,553,-1,540
1,<environment.Job instance at 0x7f2fe93cab40>,167,22,[1 8],168,-1,564,-1,542
1,<environment.Job instance at 0x7f2fe8f83910>,3,17,[13  2],4,-1,21,-1,4
1,<environment.Job instance at 0x7f2fe8fa4870>,9,14,[ 5 14],10,-1,27,-1,13
1,<environment.Job instance at 0x7f2fe8fa4b90>,10,22,[5 6],11,-1,80,-1,58
1,<environment.Job instance at 0x7f2fe8fa41e0>,18,14,[ 1 14],19,-1,81,-1,67
1,<environment.Job instance at 0x7f2fe8fa49b0>,20,15,[12  3],21,-1,90,-1,75
1,<environment.Job instance at 0x7f2fe8fa40f0>,22,14,[ 5 14],23,-1,100,-1,86
1,<environment.Job instance at 0x7f2fe9031370>,24,13,[12  5],25,-1,99,-1,86
1,<environment.Job instance at 0x7f2fe9031320>,25,12,[12  3],26,-1,98,-1,86
1,<environment.Job instance at 0x7f2fe90311e0>,27,15,[12  3],28,-1,110,-1,95
1,<environment.Job instance at 0x7f2fe9031c30>,28,19,[ 4 10],29,-1,119,-1,100
1,<environment.Job instance at 0x7f2fe9031050>,29,12,[7 1],30,-1,112,-1,100
1,<environment.Job instance at 0x7f2fe9031f50>,31,23,[5 9],32,-1,127,-1,104
1,<environment.Job instance at 0x7f2fe9031140>,32,24,[11  4],33,-1,128,-1,104
1,<environment.Job instance at 0x7f2fe9031e60>,35,15,[ 4 12],36,-1,134,-1,119
1,<environment.Job instance at 0x7f2fe9031230>,37,25,[ 1 10],38,-1,147,-1,122
1,<environment.Job instance at 0x7f2fe9031280>,38,1,[8 4],39,-1,123,-1,122
1,<environment.Job instance at 0x7f2fe9031d20>,39,25,[ 4 11],40,-1,147,-1,122
1,<environment.Job instance at 0x7f2fe9031820>,41,26,[13  2],42,-1,155,-1,129
1,<environment.Job instance at 0x7f2fe9031a00>,42,2,[ 2 13],43,-1,131,-1,129
1,<environment.Job instance at 0x7f2fe8fb37d0>,43,16,[ 3 10],44,-1,146,-1,130
1,<environment.Job instance at 0x7f2fe8fb3500>,45,13,[1 8],46,-1,149,-1,136
1,<environment.Job instance at 0x7f2fe8fb38c0>,46,12,[11  2],47,-1,148,-1,136
1,<environment.Job instance at 0x7f2fe8fb3a50>,47,22,[8 5],48,-1,158,-1,136
1,<environment.Job instance at 0x7f2fe8fb3140>,48,19,[ 5 11],49,-1,155,-1,136
1,<environment.Job instance at 0x7f2fe8f9d870>,49,14,[8 2],50,-1,150,-1,136
1,<environment.Job instance at 0x7f2fe8f9d5f0>,50,12,[ 1 12],51,-1,148,-1,136
1,<environment.Job instance at 0x7f2fe8f9d8c0>,56,23,[8 1],57,-1,203,-1,180
1,<environment.Job instance at 0x7f2fe8f9da50>,57,15,[14  5],58,-1,195,-1,180
1,<environment.Job instance at 0x7f2fe8f9ddc0>,58,19,[12  4],59,-1,199,-1,180
1,<environment.Job instance at 0x7f2fe8f9d780>,59,19,[11  1],60,-1,199,-1,180
1,<environment.Job instance at 0x7f2fe8f9d7d0>,60,13,[7 2],61,-1,193,-1,180
1,<environment.Job instance at 0x7f2fe8f9d370>,62,2,[ 3 14],63,-1,182,-1,180
1,<environment.Job instance at 0x7f2fe8fa93c0>,63,22,[4 5],64,-1,202,-1,180
1,<environment.Job instance at 0x7f2fe8fa9190>,64,23,[3 6],65,-1,203,-1,180
1,<environment.Job instance at 0x7f2fe8fa98c0>,65,13,[ 3 13],66,-1,193,-1,180
1,<environment.Job instance at 0x7f2fe8fa9a50>,66,27,[ 1 10],67,-1,207,-1,180
1,<environment.Job instance at 0x7f2fe8fa96e0>,67,18,[ 2 14],68,-1,198,-1,180
1,<environment.Job instance at 0x7f2fe8fa9870>,71,25,[ 2 14],72,-1,231,-1,206
1,<environment.Job instance at 0x7f2fe90a53c0>,74,3,[7 5],75,-1,227,-1,224
1,<environment.Job instance at 0x7f2fe90a5a00>,75,21,[14  4],76,-1,245,-1,224
1,<environment.Job instance at 0x7f2fe90a59b0>,76,18,[ 4 13],77,-1,242,-1,224
1,<environment.Job instance at 0x7f2fe90a58c0>,79,26,[8 3],80,-1,263,-1,237
1,<environment.Job instance at 0x7f2fe90a51e0>,80,18,[11  1],81,-1,255,-1,237
1,<environment.Job instance at 0x7f2fe90a5050>,81,12,[ 4 12],82,-1,249,-1,237
1,<environment.Job instance at 0x7f2fe90a5870>,82,27,[4 8],83,-1,264,-1,237
1,<environment.Job instance at 0x7f2fe90a5640>,85,24,[5 6],86,-1,278,-1,254
1,<environment.Job instance at 0x7f2fe90a5fa0>,89,23,[8 5],90,-1,294,-1,271
1,<environment.Job instance at 0x7f2fe8faaf00>,91,3,[6 3],92,-1,277,-1,274
1,<environment.Job instance at 0x7f2fe8faa6e0>,93,2,[5 7],94,-1,285,-1,283
1,<environment.Job instance at 0x7f2fe8faa460>,94,28,[2 5],95,-1,311,-1,283
1,<environment.Job instance at 0x7f2fe8fe1500>,95,28,[ 2 14],96,-1,311,-1,283
1,<environment.Job instance at 0x7f2fe8fe1820>,98,24,[10  1],99,-1,323,-1,299
1,<environment.Job instance at 0x7f2fe8fe1230>,100,27,[5 8],101,-1,337,-1,310
1,<environment.Job instance at 0x7f2fe8fe1e10>,102,12,[13  5],103,-1,324,-1,312
1,<environment.Job instance at 0x7f2fe8fe1d20>,103,15,[ 5 12],104,-1,327,-1,312
1,<environment.Job instance at 0x7f2fe8fe1780>,105,23,[10  4],106,-1,351,-1,328
1,<environment.Job instance at 0x7f2fe8fe1aa0>,107,22,[3 8],108,-1,399,-1,377
1,<environment.Job instance at 0x7f2fe8fe1460>,111,26,[5 8],112,-1,403,-1,377
1,<environment.Job instance at 0x7f2fe9b18690>,114,16,[ 3 14],115,-1,393,-1,377
1,<environment.Job instance at 0x7f2fe9b18820>,117,15,[13  3],118,-1,395,-1,380
1,<environment.Job instance at 0x7f2fe9b18370>,119,26,[6 2],120,-1,412,-1,386
1,<environment.Job instance at 0x7f2fe9b18b40>,122,26,[13  4],123,-1,428,-1,402
1,<environment.Job instance at 0x7f2fe9b18280>,123,12,[ 4 10],124,-1,414,-1,402
1,<environment.Job instance at 0x7f2fe9b189b0>,124,23,[14  1],125,-1,425,-1,402
1,<environment.Job instance at 0x7f2fe9b18500>,125,14,[ 1 12],126,-1,416,-1,402
1,<environment.Job instance at 0x7f2fe9b18190>,126,17,[14  4],127,-1,419,-1,402
1,<environment.Job instance at 0x7f2fe9b18410>,129,1,[9 4],130,-1,421,-1,420
1,<environment.Job instance at 0x7f2fe9b18b90>,130,24,[8 2],131,-1,444,-1,420
1,<environment.Job instance at 0x7f2fe9b180a0>,131,27,[ 3 13],132,-1,447,-1,420
1,<environment.Job instance at 0x7f2fe9d834b0>,132,18,[ 2 12],133,-1,438,-1,420
1,<environment.Job instance at 0x7f2fe90b2780>,134,18,[1 9],135,-1,448,-1,430
1,<environment.Job instance at 0x7f2fe91be3c0>,137,15,[14  1],138,-1,462,-1,447
1,<environment.Job instance at 0x7f2fea024190>,138,26,[11  3],139,-1,473,-1,447
1,<environment.Job instance at 0x7f2fe90252d0>,141,26,[ 1 10],142,-1,487,-1,461
1,<environment.Job instance at 0x7f2fe9025aa0>,143,1,[7 1],144,-1,464,-1,463
1,<environment.Job instance at 0x7f2fe9025af0>,144,18,[ 4 11],145,-1,481,-1,463
1,<environment.Job instance at 0x7f2fe91749b0>,145,1,[10  4],146,-1,464,-1,463
1,<environment.Job instance at 0x7f2fe8f850f0>,150,21,[ 2 14],151,-1,531,-1,510
1,<environment.Job instance at 0x7f2fe9189640>,151,18,[13  5],152,-1,528,-1,510
1,<environment.Job instance at 0x7f2fe93a1870>,152,20,[ 4 11],153,-1,530,-1,510
1,<environment.Job instance at 0x7f2fe93f8370>,153,12,[ 4 10],154,-1,522,-1,510
1,<environment.Job instance at 0x7f2fe95b8230>,158,15,[13  4],159,-1,546,-1,531
1,<environment.Job instance at 0x7f2fe99d8af0>,159,1,[1 9],160,-1,532,-1,531
1,<environment.Job instance at 0x7f2fe91d60a0>,161,16,[11  4],162,-1,559,-1,543
1,<environment.Job instance at 0x7f2fe90ac910>,162,15,[14  5],163,-1,558,-1,543
1,<environment.Job instance at 0x7f2fe9c54b90>,166,25,[ 5 10],167,-1,587,-1,562
1,<environment.Job instance at 0x7f2fe8fa4230>,15,19,[9 3],16,-1,1348,-1,1329
1,<environment.Job instance at 0x7f2fe9fabd20>,7,12,[12  3],8,-1,20,-1,8
1,<environment.Job instance at 0x7f2fea310aa0>,14,13,[12  4],15,-1,28,-1,15
1,<environment.Job instance at 0x7f2fea310a50>,15,24,[12  2],16,-1,40,-1,16
1,<environment.Job instance at 0x7f2fea3100f0>,16,12,[ 2 12],17,-1,29,-1,17
1,<environment.Job instance at 0x7f2fea310dc0>,18,3,[5 1],19,-1,24,-1,21
1,<environment.Job instance at 0x7f2fe9e10f50>,25,14,[ 4 13],26,-1,75,-1,61
1,<environment.Job instance at 0x7f2fe9e10190>,32,24,[ 4 14],33,-1,146,-1,122
1,<environment.Job instance at 0x7f2fe9e106e0>,33,23,[9 5],34,-1,145,-1,122
1,<environment.Job instance at 0x7f2fe9e10c30>,34,13,[ 4 13],35,-1,135,-1,122
1,<environment.Job instance at 0x7f2fe9c45640>,35,1,[3 6],36,-1,123,-1,122
1,<environment.Job instance at 0x7f2fe9c45960>,36,14,[ 1 11],37,-1,136,-1,122
1,<environment.Job instance at 0x7f2fe9c459b0>,37,24,[7 4],38,-1,146,-1,122
1,<environment.Job instance at 0x7f2fe9c45af0>,41,3,[6 3],42,-1,141,-1,138
1,<environment.Job instance at 0x7f2fe9c45e60>,42,12,[14  4],43,-1,150,-1,138
1,<environment.Job instance at 0x7f2fe9c45f50>,47,25,[6 2],48,-1,190,-1,165
1,<environment.Job instance at 0x7f2fe9d36d70>,48,17,[ 1 13],49,-1,182,-1,165
1,<environment.Job instance at 0x7f2fe9d36820>,50,24,[5 6],51,-1,207,-1,183
1,<environment.Job instance at 0x7f2fe9d36a50>,52,25,[ 2 13],53,-1,222,-1,197
1,<environment.Job instance at 0x7f2fe9d36dc0>,54,15,[ 4 11],55,-1,225,-1,210
1,<environment.Job instance at 0x7f2fe9d36a00>,58,26,[10  2],59,-1,241,-1,215
1,<environment.Job instance at 0x7f2fe9d36eb0>,62,17,[14  5],63,-1,255,-1,238
1,<environment.Job instance at 0x7f2fe9d367d0>,65,28,[4 9],66,-1,288,-1,260
1,<environment.Job instance at 0x7f2fe9d361e0>,66,16,[12  5],67,-1,276,-1,260
1,<environment.Job instance at 0x7f2fea8e9be0>,67,1,[ 2 14],68,-1,261,-1,260
1,<environment.Job instance at 0x7f2fea8e9050>,69,17,[14  3],70,-1,280,-1,263
1,<environment.Job instance at 0x7f2fea8e9140>,70,28,[10  3],71,-1,291,-1,263
1,<environment.Job instance at 0x7f2fea8e9b40>,75,2,[5 7],76,-1,282,-1,280
1,<environment.Job instance at 0x7f2fea8e90a0>,79,15,[ 5 11],80,-1,329,-1,314
1,<environment.Job instance at 0x7f2fea8e95a0>,80,28,[ 2 11],81,-1,342,-1,314
1,<environment.Job instance at 0x7f2fea8e9730>,82,12,[11  3],83,-1,328,-1,316
1,<environment.Job instance at 0x7f2fea8e9eb0>,83,26,[ 4 12],84,-1,342,-1,316
1,<environment.Job instance at 0x7f2fea8e9640>,84,12,[ 4 12],85,-1,328,-1,316
1,<environment.Job instance at 0x7f2fea8e9c80>,86,18,[14  4],87,-1,349,-1,331
1,<environment.Job instance at 0x7f2fe97ed280>,88,15,[ 2 12],89,-1,346,-1,331
1,<environment.Job instance at 0x7f2fe97ed910>,90,28,[13  2],91,-1,361,-1,333
1,<environment.Job instance at 0x7f2fe97edaa0>,93,27,[3 6],94,-1,378,-1,351
1,<environment.Job instance at 0x7f2fe97ed9b0>,95,22,[ 4 10],96,-1,390,-1,368
1,<environment.Job instance at 0x7f2fe97edaf0>,96,28,[6 3],97,-1,396,-1,368
1,<environment.Job instance at 0x7f2fe97ed3c0>,99,13,[13  2],100,-1,391,-1,378
1,<environment.Job instance at 0x7f2fe97ed8c0>,100,24,[1 7],101,-1,408,-1,384
1,<environment.Job instance at 0x7f2fe97edb40>,101,27,[ 5 12],102,-1,411,-1,384
1,<environment.Job instance at 0x7f2fe97ede60>,102,17,[ 1 11],103,-1,401,-1,384
1,<environment.Job instance at 0x7f2fea2c5a50>,108,23,[ 4 11],109,-1,428,-1,405
1,<environment.Job instance at 0x7f2fea2c57d0>,112,17,[11  3],113,-1,450,-1,433
1,<environment.Job instance at 0x7f2fea2c5410>,116,25,[3 6],117,-1,476,-1,451
1,<environment.Job instance at 0x7f2fea2c5f50>,117,1,[ 2 12],118,-1,452,-1,451
1,<environment.Job instance at 0x7f2fea2c55a0>,118,14,[14  4],119,-1,465,-1,451
1,<environment.Job instance at 0x7f2fea2c5550>,119,17,[ 3 14],120,-1,468,-1,451
1,<environment.Job instance at 0x7f2fe9a9a7d0>,122,1,[ 2 10],123,-1,465,-1,464
1,<environment.Job instance at 0x7f2fea53a960>,126,23,[13  2],127,-1,524,-1,501
1,<environment.Job instance at 0x7f2fe9c2e370>,127,14,[12  4],128,-1,515,-1,501
1,<environment.Job instance at 0x7f2fe9fce870>,128,25,[ 2 10],129,-1,526,-1,501
1,<environment.Job instance at 0x7f2fe9cce140>,129,24,[14  1],130,-1,525,-1,501
1,<environment.Job instance at 0x7f2fe9c670f0>,130,2,[4 8],131,-1,503,-1,501
1,<environment.Job instance at 0x7f2fe9c677d0>,131,25,[14  2],132,-1,526,-1,501
1,<environment.Job instance at 0x7f2fe9779fa0>,133,28,[5 9],134,-1,545,-1,517
1,<environment.Job instance at 0x7f2ff2e472d0>,135,28,[6 1],136,-1,545,-1,517
1,<environment.Job instance at 0x7f2fe9d25a50>,140,23,[7 5],141,-1,581,-1,558
1,<environment.Job instance at 0x7f2fe98e2cd0>,145,18,[ 5 11],146,-1,604,-1,586
1,<environment.Job instance at 0x7f2fe9f5d320>,147,1,[14  4],148,-1,592,-1,591
1,<environment.Job instance at 0x7f2fea62c780>,155,23,[13  4],156,-1,687,-1,664
1,<environment.Job instance at 0x7f2fea3995a0>,156,17,[12  2],157,-1,681,-1,664
1,<environment.Job instance at 0x7f2fe973c4b0>,157,2,[4 8],158,-1,666,-1,664
1,<environment.Job instance at 0x7f2fea37e190>,162,17,[14  5],163,-1,721,-1,704
1,<environment.Job instance at 0x7f2fea37e780>,163,12,[11  5],164,-1,718,-1,706
1,<environment.Job instance at 0x7f2fea37ea50>,168,12,[ 1 13],169,-1,747,-1,735
1,<environment.Job instance at 0x7f2fea74b5a0>,1,24,[5 5],2,-1,26,-1,2
1,<environment.Job instance at 0x7f2fe9fab500>,4,21,[ 1 14],5,-1,26,-1,5
1,<environment.Job instance at 0x7f2fe9546b40>,11,1,[ 5 11],12,-1,46,-1,45
1,<environment.Job instance at 0x7f2fe95460a0>,16,12,[12  5],17,-1,90,-1,78
1,<environment.Job instance at 0x7f2fe9546cd0>,19,26,[ 2 12],20,-1,108,-1,82
1,<environment.Job instance at 0x7f2fe9546f50>,21,1,[ 3 12],22,-1,96,-1,95
1,<environment.Job instance at 0x7f2fe9546fa0>,22,24,[10  3],23,-1,119,-1,95
1,<environment.Job instance at 0x7f2fea39e050>,23,3,[1 9],24,-1,98,-1,95
1,<environment.Job instance at 0x7f2fea39e190>,24,3,[11  1],25,-1,98,-1,95
1,<environment.Job instance at 0x7f2fea39e320>,27,26,[5 5],28,-1,126,-1,100
1,<environment.Job instance at 0x7f2fea39e3c0>,28,21,[13  1],29,-1,121,-1,100
1,<environment.Job instance at 0x7f2fea39e9b0>,37,26,[ 3 11],38,-1,178,-1,152
1,<environment.Job instance at 0x7f2fea39e500>,30,22,[10  5],31,-1,183,-1,161
1,<environment.Job instance at 0x7f2fea39eb90>,40,16,[12  4],41,-1,177,-1,161
1,<environment.Job instance at 0x7f2fea39ec30>,41,26,[5 2],42,-1,187,-1,161
1,<environment.Job instance at 0x7f2fea39ecd0>,42,24,[9 3],43,-1,185,-1,161
1,<environment.Job instance at 0x7f2fea39ed70>,43,26,[6 3],44,-1,187,-1,161
1,<environment.Job instance at 0x7f2fea39ee60>,44,13,[8 2],45,-1,175,-1,162
1,<environment.Job instance at 0x7f2fea39efa0>,45,20,[14  3],46,-1,182,-1,162
1,<environment.Job instance at 0x7f2fea39ee10>,46,16,[ 1 10],47,-1,185,-1,169
1,<environment.Job instance at 0x7f2fe98de4b0>,53,25,[1 6],54,-1,261,-1,236
1,<environment.Job instance at 0x7f2fe98de550>,54,15,[ 2 10],55,-1,255,-1,240
1,<environment.Job instance at 0x7f2fe98de5f0>,55,22,[2 7],56,-1,270,-1,248
1,<environment.Job instance at 0x7f2fe98de910>,60,22,[7 2],61,-1,292,-1,270
1,<environment.Job instance at 0x7f2fe98dea50>,61,16,[11  1],62,-1,286,-1,270
1,<environment.Job instance at 0x7f2fe98deaf0>,62,19,[11  4],63,-1,289,-1,270
1,<environment.Job instance at 0x7f2fe98dea00>,63,22,[1 7],64,-1,293,-1,271
1,<environment.Job instance at 0x7f2fe98dec30>,64,19,[13  1],65,-1,290,-1,271
1,<environment.Job instance at 0x7f2fe98ded20>,65,16,[10  1],66,-1,287,-1,271
1,<environment.Job instance at 0x7f2fe98dee10>,67,14,[ 4 13],68,-1,292,-1,278
1,<environment.Job instance at 0x7f2fe98def00>,68,13,[13  5],69,-1,291,-1,278
1,<environment.Job instance at 0x7f2fe98deeb0>,70,16,[ 3 12],71,-1,305,-1,289
1,<environment.Job instance at 0x7f2fe98d2280>,72,28,[14  1],73,-1,319,-1,291
1,<environment.Job instance at 0x7f2fe98d2320>,73,25,[10  1],74,-1,316,-1,291
1,<environment.Job instance at 0x7f2fe98d23c0>,74,14,[ 1 14],75,-1,305,-1,291
1,<environment.Job instance at 0x7f2fe98d2460>,75,21,[ 1 14],76,-1,312,-1,291
1,<environment.Job instance at 0x7f2fe98d2a50>,82,1,[ 3 10],83,-1,346,-1,345
1,<environment.Job instance at 0x7f2fe98d2b40>,84,21,[4 7],85,-1,454,-1,433
1,<environment.Job instance at 0x7f2fe98e90f0>,95,12,[10  4],96,-1,445,-1,433
1,<environment.Job instance at 0x7f2fe98e92d0>,97,15,[6 1],98,-1,448,-1,433
1,<environment.Job instance at 0x7f2fe9e79190>,99,17,[5 2],100,-1,451,-1,434
1,<environment.Job instance at 0x7f2fe98ce6e0>,100,18,[ 1 13],101,-1,452,-1,434
1,<environment.Job instance at 0x7f2fe98fc370>,101,26,[ 3 10],102,-1,460,-1,434
1,<environment.Job instance at 0x7f2fe9a4a2d0>,102,12,[ 4 10],103,-1,446,-1,434
1,<environment.Job instance at 0x7f2fea220b90>,103,22,[ 3 12],104,-1,456,-1,434
1,<environment.Job instance at 0x7f2fea24f500>,104,28,[8 3],105,-1,462,-1,434
1,<environment.Job instance at 0x7f2fe9cbf230>,105,13,[3 9],106,-1,447,-1,434
1,<environment.Job instance at 0x7f2fe98b5eb0>,106,12,[ 5 14],107,-1,446,-1,434
1,<environment.Job instance at 0x7f2fe98dfb90>,108,18,[ 1 10],109,-1,466,-1,448
1,<environment.Job instance at 0x7f2fe98df640>,109,25,[ 5 14],110,-1,473,-1,448
1,<environment.Job instance at 0x7f2fe98df320>,110,15,[12  1],111,-1,463,-1,448
1,<environment.Job instance at 0x7f2fe98df1e0>,111,12,[2 8],112,-1,460,-1,448
1,<environment.Job instance at 0x7f2fe98dfbe0>,112,13,[ 5 10],113,-1,461,-1,448
1,<environment.Job instance at 0x7f2fe98df280>,113,2,[ 3 12],114,-1,450,-1,448
1,<environment.Job instance at 0x7f2fe98df550>,115,18,[2 9],116,-1,478,-1,460
1,<environment.Job instance at 0x7f2fe98b1140>,119,25,[4 6],120,-1,491,-1,466
1,<environment.Job instance at 0x7f2fe9d2a870>,120,21,[ 5 11],121,-1,487,-1,466
1,<environment.Job instance at 0x7f2fe9d1d7d0>,121,1,[1 5],122,-1,467,-1,466
1,<environment.Job instance at 0x7f2fe9883370>,122,13,[3 8],123,-1,485,-1,472
1,<environment.Job instance at 0x7f2fea2589b0>,123,2,[3 7],124,-1,474,-1,472
1,<environment.Job instance at 0x7f2fea0f4460>,124,18,[ 3 14],125,-1,490,-1,472
1,<environment.Job instance at 0x7f2fea0f4a00>,125,17,[14  4],126,-1,489,-1,472
1,<environment.Job instance at 0x7f2fe9d87eb0>,127,16,[12  2],128,-1,495,-1,479
1,<environment.Job instance at 0x7f2fea0f1280>,128,13,[ 4 14],129,-1,492,-1,479
1,<environment.Job instance at 0x7f2fe9d42690>,130,14,[5 5],131,-1,496,-1,482
1,<environment.Job instance at 0x7f2fe9d429b0>,131,13,[14  3],132,-1,495,-1,482
1,<environment.Job instance at 0x7f2fea2514b0>,132,13,[4 7],133,-1,495,-1,482
1,<environment.Job instance at 0x7f2fea251870>,133,2,[6 2],134,-1,484,-1,482
1,<environment.Job instance at 0x7f2fea10ce60>,136,12,[11  5],137,-1,509,-1,497
1,<environment.Job instance at 0x7f2fea10c370>,137,18,[ 3 10],138,-1,516,-1,498
1,<environment.Job instance at 0x7f2fea104eb0>,139,14,[ 5 11],140,-1,524,-1,510
1,<environment.Job instance at 0x7f2fea104640>,140,17,[ 3 14],141,-1,527,-1,510
1,<environment.Job instance at 0x7f2fea104500>,141,23,[7 5],142,-1,533,-1,510
1,<environment.Job instance at 0x7f2fea104320>,143,23,[1 5],144,-1,541,-1,518
1,<environment.Job instance at 0x7f2fea1041e0>,144,13,[6 3],145,-1,531,-1,518
1,<environment.Job instance at 0x7f2fea104780>,145,26,[ 1 11],146,-1,544,-1,518
1,<environment.Job instance at 0x7f2fea104820>,146,12,[13  4],147,-1,530,-1,518
1,<environment.Job instance at 0x7f2fea104a50>,147,3,[9 1],148,-1,521,-1,518
1,<environment.Job instance at 0x7f2fea104aa0>,148,15,[ 1 11],149,-1,533,-1,518
1,<environment.Job instance at 0x7f2fe98e91e0>,94,26,[14  1],95,-1,544,-1,518
1,<environment.Job instance at 0x7f2fea102320>,156,27,[12  4],157,-1,622,-1,595
1,<environment.Job instance at 0x7f2fea102140>,157,24,[ 1 10],158,-1,619,-1,595
1,<environment.Job instance at 0x7f2fea11aa00>,159,12,[8 2],161,-1,608,-1,596
1,<environment.Job instance at 0x7f2fea11a460>,161,13,[11  1],163,-1,618,-1,605
1,<environment.Job instance at 0x7f2fea11afa0>,162,17,[14  5],164,-1,622,-1,605
1,<environment.Job instance at 0x7f2fea11af00>,163,14,[13  2],165,-1,619,-1,605
1,<environment.Job instance at 0x7f2fea11ab40>,164,16,[ 5 13],166,-1,621,-1,605
1,<environment.Job instance at 0x7f2fea11a8c0>,165,28,[14  3],167,-1,633,-1,605
1,<environment.Job instance at 0x7f2fea39eb40>,3,14,[ 5 14],4,-1,18,-1,4
1,<environment.Job instance at 0x7f2fe9292e10>,5,20,[9 1],6,-1,26,-1,6
1,<environment.Job instance at 0x7f2fe9292c30>,7,12,[ 2 14],8,-1,20,-1,8
1,<environment.Job instance at 0x7f2fe92925f0>,11,25,[9 2],12,-1,37,-1,12
1,<environment.Job instance at 0x7f2fe9292a00>,12,13,[1 9],13,-1,26,-1,13
1,<environment.Job instance at 0x7f2fe92926e0>,14,25,[6 3],15,-1,40,-1,15
1,<environment.Job instance at 0x7f2fe92928c0>,15,17,[14  3],16,-1,33,-1,16
1,<environment.Job instance at 0x7f2ff3386230>,16,16,[ 1 13],17,-1,33,-1,17
1,<environment.Job instance at 0x7f2ff33863c0>,17,25,[ 4 12],18,-1,43,-1,18
1,<environment.Job instance at 0x7f2ff3386500>,18,23,[ 1 10],19,-1,42,-1,19
1,<environment.Job instance at 0x7f2ff3386dc0>,19,14,[1 5],20,-1,37,-1,23
1,<environment.Job instance at 0x7f2ff3386190>,20,13,[ 2 11],21,-1,36,-1,23
1,<environment.Job instance at 0x7f2ff3386370>,21,20,[1 9],22,-1,43,-1,23
1,<environment.Job instance at 0x7f2fe9292320>,22,14,[14  1],23,-1,37,-1,23
1,<environment.Job instance at 0x7f2fea2c5460>,23,19,[ 3 11],24,-1,43,-1,24
1,<environment.Job instance at 0x7f2fea2c5730>,25,15,[14  4],26,-1,42,-1,27
1,<environment.Job instance at 0x7f2fea2c5500>,26,28,[4 5],27,-1,55,-1,27
1,<environment.Job instance at 0x7f2fea2c5550>,28,15,[11  4],29,-1,47,-1,32
1,<environment.Job instance at 0x7f2fea2c50f0>,29,28,[3 6],30,-1,60,-1,32
1,<environment.Job instance at 0x7f2fea2c50a0>,30,13,[ 5 10],31,-1,45,-1,32
1,<environment.Job instance at 0x7f2fea2c51e0>,31,17,[12  3],32,-1,49,-1,32
1,<environment.Job instance at 0x7f2fea2c5a50>,32,14,[ 4 10],33,-1,47,-1,33
1,<environment.Job instance at 0x7f2fea2c5d70>,33,22,[ 3 13],34,-1,56,-1,34
1,<environment.Job instance at 0x7f2fea2c56e0>,35,2,[ 5 10],36,-1,45,-1,43
1,<environment.Job instance at 0x7f2fea2c5960>,36,12,[ 4 12],37,-1,55,-1,43
1,<environment.Job instance at 0x7f2fea2c5dc0>,37,3,[2 6],38,-1,46,-1,43
1,<environment.Job instance at 0x7f2fea2c5e60>,38,28,[ 4 11],39,-1,71,-1,43
1,<environment.Job instance at 0x7f2fea2c5910>,40,20,[5 3],41,-1,69,-1,49
1,<environment.Job instance at 0x7f2fea2c5280>,41,19,[ 2 11],42,-1,68,-1,49
1,<environment.Job instance at 0x7f2fea2c5640>,42,12,[14  5],43,-1,61,-1,49
1,<environment.Job instance at 0x7f2fea7ef960>,43,27,[10  1],44,-1,76,-1,49
1,<environment.Job instance at 0x7f2fea7efd20>,44,12,[1 9],45,-1,61,-1,49
1,<environment.Job instance at 0x7f2fea7ef6e0>,45,18,[ 5 12],46,-1,67,-1,49
1,<environment.Job instance at 0x7f2fea7ef780>,46,25,[11  3],47,-1,74,-1,49
1,<environment.Job instance at 0x7f2fea7efb40>,48,20,[5 9],49,-1,69,-1,49
1,<environment.Job instance at 0x7f2fe9a4bcd0>,49,23,[6 5],50,-1,73,-1,50
1,<environment.Job instance at 0x7f2fe9a4bc80>,50,1,[13  4],51,-1,52,-1,51
1,<environment.Job instance at 0x7f2fe9a4b870>,51,25,[13  3],52,-1,77,-1,52
1,<environment.Job instance at 0x7f2fe9a4b960>,52,26,[ 3 13],53,-1,79,-1,53
1,<environment.Job instance at 0x7f2fe9a4b0f0>,53,23,[2 7],54,-1,77,-1,54
1,<environment.Job instance at 0x7f2fe9a4b550>,57,28,[6 1],58,-1,112,-1,84
1,<environment.Job instance at 0x7f2fe9a4b410>,58,14,[8 3],59,-1,98,-1,84
1,<environment.Job instance at 0x7f2fe9a4b6e0>,59,13,[10  2],60,-1,97,-1,84
1,<environment.Job instance at 0x7f2fe9dfd140>,62,3,[ 5 11],63,-1,120,-1,117
1,<environment.Job instance at 0x7f2fe9dfd5f0>,63,14,[10  3],64,-1,131,-1,117
1,<environment.Job instance at 0x7f2fe9dfd640>,64,3,[8 3],65,-1,120,-1,117
1,<environment.Job instance at 0x7f2fea7d9aa0>,65,12,[1 9],66,-1,129,-1,117
1,<environment.Job instance at 0x7f2fea7d9820>,66,12,[3 5],67,-1,129,-1,117
1,<environment.Job instance at 0x7f2fea7d9cd0>,67,18,[ 3 12],68,-1,135,-1,117
1,<environment.Job instance at 0x7f2fe973dbe0>,69,20,[14  4],70,-1,137,-1,117
1,<environment.Job instance at 0x7f2fe973d190>,70,22,[4 5],71,-1,139,-1,117
1,<environment.Job instance at 0x7f2fe973de60>,71,26,[ 3 12],72,-1,143,-1,117
1,<environment.Job instance at 0x7f2fea2c9410>,72,12,[12  1],73,-1,129,-1,117
1,<environment.Job instance at 0x7f2fea2c92d0>,73,21,[5 1],74,-1,138,-1,117
1,<environment.Job instance at 0x7f2fe95b1d70>,74,20,[12  4],75,-1,137,-1,117
1,<environment.Job instance at 0x7f2fe95b19b0>,75,1,[3 5],76,-1,118,-1,117
1,<environment.Job instance at 0x7f2ff2e2b730>,77,18,[2 8],78,-1,150,-1,132
1,<environment.Job instance at 0x7f2ff2e2b0f0>,78,15,[9 3],79,-1,147,-1,132
1,<environment.Job instance at 0x7f2ff2e2b1e0>,79,12,[5 1],80,-1,144,-1,132
1,<environment.Job instance at 0x7f2ff2e2b190>,81,19,[8 2],82,-1,168,-1,149
1,<environment.Job instance at 0x7f2ff2e2b230>,82,26,[7 5],83,-1,175,-1,149
1,<environment.Job instance at 0x7f2ff2e2b820>,83,14,[ 5 10],84,-1,163,-1,149
1,<environment.Job instance at 0x7f2fea3a95f0>,85,2,[ 3 10],86,-1,151,-1,149
1,<environment.Job instance at 0x7f2fea3a92d0>,86,1,[1 8],87,-1,150,-1,149
1,<environment.Job instance at 0x7f2fea3a9b90>,87,13,[13  5],88,-1,162,-1,149
1,<environment.Job instance at 0x7f2fea3a9140>,88,1,[6 5],89,-1,150,-1,149
1,<environment.Job instance at 0x7f2fe9449fa0>,89,28,[5 5],90,-1,177,-1,149
1,<environment.Job instance at 0x7f2fe9449b90>,90,15,[12  4],91,-1,164,-1,149
1,<environment.Job instance at 0x7f2fe94496e0>,91,25,[9 3],92,-1,174,-1,149
1,<environment.Job instance at 0x7f2fe9449460>,92,14,[3 7],93,-1,163,-1,149
1,<environment.Job instance at 0x7f2fe9449780>,93,18,[1 5],94,-1,167,-1,149
1,<environment.Job instance at 0x7f2fe9449820>,94,12,[ 4 14],95,-1,161,-1,149
1,<environment.Job instance at 0x7f2fe9449640>,95,21,[ 4 14],96,-1,170,-1,149
1,<environment.Job instance at 0x7f2fe9449500>,96,14,[ 1 13],97,-1,163,-1,149
1,<environment.Job instance at 0x7f2fe9449690>,97,16,[12  5],98,-1,165,-1,149
1,<environment.Job instance at 0x7f2fe9449aa0>,98,28,[4 5],99,-1,177,-1,149
1,<environment.Job instance at 0x7f2fe94490a0>,99,2,[5 5],100,-1,151,-1,149
1,<environment.Job instance at 0x7f2fe9449870>,100,17,[7 1],101,-1,166,-1,149
1,<environment.Job instance at 0x7f2fe9449dc0>,101,25,[ 2 14],102,-1,174,-1,149
1,<environment.Job instance at 0x7f2fe9449230>,102,1,[ 1 11],103,-1,150,-1,149
1,<environment.Job instance at 0x7f2fe94497d0>,103,28,[1 8],104,-1,177,-1,149
1,<environment.Job instance at 0x7f2fe94499b0>,104,21,[6 2],105,-1,170,-1,149
1,<environment.Job instance at 0x7f2fea5c3be0>,105,16,[5 3],106,-1,165,-1,149
1,<environment.Job instance at 0x7f2fea5c3aa0>,106,18,[3 6],107,-1,167,-1,149
1,<environment.Job instance at 0x7f2fea5c3d70>,107,13,[10  4],108,-1,162,-1,149
1,<environment.Job instance at 0x7f2fea5c3870>,108,1,[1 9],109,-1,150,-1,149
1,<environment.Job instance at 0x7f2fea5c3140>,109,27,[ 3 10],110,-1,176,-1,149
1,<environment.Job instance at 0x7f2fea5c30a0>,110,16,[10  1],111,-1,165,-1,149
1,<environment.Job instance at 0x7f2fea5c3f00>,111,12,[8 1],112,-1,161,-1,149
1,<environment.Job instance at 0x7f2fea5c3780>,112,22,[4 8],113,-1,171,-1,149
1,<environment.Job instance at 0x7f2fea5c33c0>,113,16,[ 4 11],114,-1,165,-1,149
1,<environment.Job instance at 0x7f2fea5c3f50>,114,28,[ 4 13],115,-1,177,-1,149
1,<environment.Job instance at 0x7f2fea5c3370>,115,15,[ 5 14],116,-1,164,-1,149
1,<environment.Job instance at 0x7f2fea5c3e10>,116,3,[ 2 14],117,-1,152,-1,149
1,<environment.Job instance at 0x7f2fea5c3280>,117,14,[ 3 11],118,-1,163,-1,149
1,<environment.Job instance at 0x7f2fea5c30f0>,118,14,[ 1 10],119,-1,163,-1,149
1,<environment.Job instance at 0x7f2fea5c31e0>,119,14,[4 5],120,-1,163,-1,149
1,<environment.Job instance at 0x7f2fea5c3cd0>,120,13,[5 9],121,-1,162,-1,149
1,<environment.Job instance at 0x7f2fea5c3eb0>,121,22,[1 5],122,-1,171,-1,149
1,<environment.Job instance at 0x7f2fea5c37d0>,122,17,[1 6],123,-1,166,-1,149
1,<environment.Job instance at 0x7f2fea5c3dc0>,123,14,[ 2 14],124,-1,163,-1,149
1,<environment.Job instance at 0x7f2fea5c3af0>,124,19,[5 3],125,-1,168,-1,149
1,<environment.Job instance at 0x7f2fea5c3c80>,125,23,[14  2],126,-1,172,-1,149
1,<environment.Job instance at 0x7f2fea5c3a00>,126,15,[4 5],127,-1,164,-1,149
1,<environment.Job instance at 0x7f2fea0619b0>,127,16,[10  5],128,-1,165,-1,149
1,<environment.Job instance at 0x7f2fea061c30>,128,13,[5 1],129,-1,162,-1,149
1,<environment.Job instance at 0x7f2fe9ff13c0>,129,13,[6 3],130,-1,162,-1,149
1,<environment.Job instance at 0x7f2fea133550>,130,15,[10  3],131,-1,164,-1,149
1,<environment.Job instance at 0x7f2fe9aaf8c0>,131,12,[3 9],132,-1,161,-1,149
1,<environment.Job instance at 0x7f2fe968a960>,132,17,[ 4 14],133,-1,166,-1,149
1,<environment.Job instance at 0x7f2fea0e1c30>,133,18,[2 9],134,-1,167,-1,149
1,<environment.Job instance at 0x7f2fea15f230>,134,17,[12  4],135,-1,166,-1,149
1,<environment.Job instance at 0x7f2fe99ac140>,135,14,[ 3 11],136,-1,163,-1,149
1,<environment.Job instance at 0x7f2fea0e1820>,136,16,[ 4 13],137,-1,165,-1,149
1,<environment.Job instance at 0x7f2fe99acd70>,137,24,[ 1 11],138,-1,173,-1,149
1,<environment.Job instance at 0x7f2fe9648d20>,138,17,[ 4 11],139,-1,166,-1,149
1,<environment.Job instance at 0x7f2fe9648be0>,139,15,[8 4],140,-1,164,-1,149
1,<environment.Job instance at 0x7f2fe9648280>,140,15,[ 2 10],141,-1,164,-1,149
1,<environment.Job instance at 0x7f2fe96485a0>,141,2,[3 6],142,-1,151,-1,149
1,<environment.Job instance at 0x7f2fe9648730>,142,12,[4 5],143,-1,161,-1,149
1,<environment.Job instance at 0x7f2fe9648050>,143,27,[ 3 10],144,-1,176,-1,149
1,<environment.Job instance at 0x7f2fe9648460>,144,25,[8 1],145,-1,174,-1,149
1,<environment.Job instance at 0x7f2fea871910>,147,23,[5 4],148,-1,189,-1,166
1,<environment.Job instance at 0x7f2fe974c820>,148,28,[3 6],149,-1,194,-1,166
1,<environment.Job instance at 0x7f2fe9fea320>,149,20,[14  5],150,-1,186,-1,166
1,<environment.Job instance at 0x7f2fe9d49a50>,150,16,[5 1],151,-1,182,-1,166
1,<environment.Job instance at 0x7f2fe9cbf0f0>,151,17,[14  1],152,-1,183,-1,166
1,<environment.Job instance at 0x7f2fea1392d0>,153,28,[4 5],154,-1,211,-1,183
1,<environment.Job instance at 0x7f2fe97f0e60>,154,26,[1 7],155,-1,209,-1,183
1,<environment.Job instance at 0x7f2fe965f230>,156,23,[6 2],157,-1,210,-1,187
1,<environment.Job instance at 0x7f2fe9836e60>,157,12,[6 5],158,-1,199,-1,187
1,<environment.Job instance at 0x7f2fea02a370>,159,27,[3 8],160,-1,231,-1,204
1,<environment.Job instance at 0x7f2fea3a2280>,160,16,[1 9],161,-1,220,-1,204
1,<environment.Job instance at 0x7f2fe960ae60>,161,2,[ 4 13],162,-1,206,-1,204
1,<environment.Job instance at 0x7f2fe96da4b0>,162,27,[10  5],163,-1,231,-1,204
1,<environment.Job instance at 0x7f2fea712c80>,165,22,[2 8],166,-1,244,-1,222
1,<environment.Job instance at 0x7f2fea712be0>,167,18,[14  1],168,-1,240,-1,222
1,<environment.Job instance at 0x7f2fe9dce9b0>,168,15,[13  5],169,-1,237,-1,222
1,<environment.Job instance at 0x7f2fe9292280>,10,22,[ 2 14],11,-1,8440,-1,8418
1,<environment.Job instance at 0x7f2fe9e79d70>,1,18,[13  5],2,-1,8847,-1,8829
1,<environment.Job instance at 0x7f2fea712640>,9,17,[9 1],10,-1,32,-1,15
1,<environment.Job instance at 0x7f2fe9c31280>,10,13,[12  1],11,-1,28,-1,15
1,<environment.Job instance at 0x7f2fea7125a0>,12,26,[9 5],13,-1,49,-1,23
1,<environment.Job instance at 0x7f2fea712aa0>,13,18,[13  5],14,-1,41,-1,23
1,<environment.Job instance at 0x7f2fea712d70>,15,18,[ 3 10],16,-1,48,-1,30
1,<environment.Job instance at 0x7f2fea712f50>,16,23,[5 1],17,-1,53,-1,30
1,<environment.Job instance at 0x7f2fea712050>,18,14,[9 2],19,-1,57,-1,43
1,<environment.Job instance at 0x7f2fea712320>,20,24,[8 1],21,-1,71,-1,47
1,<environment.Job instance at 0x7f2fea712550>,22,25,[12  2],23,-1,90,-1,65
1,<environment.Job instance at 0x7f2fea712910>,24,2,[10  5],25,-1,84,-1,82
1,<environment.Job instance at 0x7f2ff337ecd0>,25,17,[13  1],26,-1,99,-1,82
1,<environment.Job instance at 0x7f2ff337ed70>,28,12,[ 2 12],29,-1,109,-1,97
1,<environment.Job instance at 0x7f2ff337eaf0>,29,15,[ 3 13],30,-1,112,-1,97
1,<environment.Job instance at 0x7f2ff337ee10>,30,16,[12  4],31,-1,113,-1,97
1,<environment.Job instance at 0x7f2ff337ef00>,31,26,[14  3],32,-1,123,-1,97
1,<environment.Job instance at 0x7f2ff32dd1e0>,32,1,[10  1],33,-1,98,-1,97
1,<environment.Job instance at 0x7f2ff32dd3c0>,33,1,[5 3],34,-1,98,-1,97
1,<environment.Job instance at 0x7f2ff32dd410>,34,24,[6 4],35,-1,121,-1,97
1,<environment.Job instance at 0x7f2fea11f690>,35,2,[ 2 13],36,-1,99,-1,97
1,<environment.Job instance at 0x7f2fea11feb0>,37,20,[5 3],38,-1,133,-1,113
1,<environment.Job instance at 0x7f2fea11f410>,38,24,[8 2],39,-1,137,-1,113
1,<environment.Job instance at 0x7f2fea11fb40>,39,1,[ 2 13],40,-1,114,-1,113
1,<environment.Job instance at 0x7f2fea11f190>,40,17,[2 8],41,-1,131,-1,114
1,<environment.Job instance at 0x7f2fea11fdc0>,41,23,[5 7],42,-1,137,-1,114
1,<environment.Job instance at 0x7f2fea11f0a0>,44,18,[ 2 13],45,-1,138,-1,120
1,<environment.Job instance at 0x7f2fea11f5a0>,45,15,[3 6],46,-1,135,-1,120
1,<environment.Job instance at 0x7f2fea11f140>,47,18,[ 5 13],48,-1,144,-1,126
1,<environment.Job instance at 0x7f2fea11fb90>,48,1,[12  2],49,-1,127,-1,126
1,<environment.Job instance at 0x7f2fea11f0f0>,49,2,[14  4],50,-1,128,-1,126
1,<environment.Job instance at 0x7f2fea11f9b0>,50,21,[2 6],51,-1,147,-1,126
1,<environment.Job instance at 0x7f2fe9651730>,51,15,[ 1 12],52,-1,141,-1,126
1,<environment.Job instance at 0x7f2fe96515a0>,52,15,[14  5],53,-1,141,-1,126
1,<environment.Job instance at 0x7f2fe96512d0>,53,14,[1 7],54,-1,140,-1,126
1,<environment.Job instance at 0x7f2fe9651640>,56,13,[2 7],57,-1,156,-1,143
1,<environment.Job instance at 0x7f2fe971f690>,57,14,[ 1 10],58,-1,157,-1,143
1,<environment.Job instance at 0x7f2fe971f4b0>,59,28,[10  2],60,-1,171,-1,143
1,<environment.Job instance at 0x7f2fe971fe60>,60,19,[ 2 12],61,-1,162,-1,143
1,<environment.Job instance at 0x7f2fe971f9b0>,61,20,[ 2 11],62,-1,163,-1,143
1,<environment.Job instance at 0x7f2fe971fe10>,64,14,[3 7],65,-1,173,-1,159
1,<environment.Job instance at 0x7f2fe9712c80>,65,12,[7 2],66,-1,171,-1,159
1,<environment.Job instance at 0x7f2fe9712730>,66,26,[5 5],67,-1,185,-1,159
1,<environment.Job instance at 0x7f2fe9712f50>,67,28,[3 7],68,-1,187,-1,159
1,<environment.Job instance at 0x7f2fe9712c30>,68,1,[10  1],69,-1,160,-1,159
1,<environment.Job instance at 0x7f2fe9712e10>,69,23,[ 2 10],70,-1,182,-1,159
1,<environment.Job instance at 0x7f2fe97121e0>,70,12,[13  5],71,-1,171,-1,159
1,<environment.Job instance at 0x7f2fe90c9500>,71,12,[5 5],72,-1,175,-1,163
1,<environment.Job instance at 0x7f2fe98f9960>,72,16,[4 6],73,-1,182,-1,166
1,<environment.Job instance at 0x7f2fe8f52190>,73,15,[13  5],74,-1,181,-1,166
1,<environment.Job instance at 0x7f2fea0b26e0>,75,15,[12  2],76,-1,190,-1,175
1,<environment.Job instance at 0x7f2fe9d92be0>,76,24,[ 5 14],77,-1,199,-1,175
1,<environment.Job instance at 0x7f2fe9648af0>,77,24,[ 1 13],78,-1,199,-1,175
1,<environment.Job instance at 0x7f2fea70ba50>,78,14,[ 5 13],79,-1,189,-1,175
1,<environment.Job instance at 0x7f2fe9c09d70>,83,22,[3 6],84,-1,230,-1,208
1,<environment.Job instance at 0x7f2fe9c09910>,84,13,[ 3 12],85,-1,221,-1,208
1,<environment.Job instance at 0x7f2fe9662af0>,87,23,[5 9],88,-1,241,-1,218
1,<environment.Job instance at 0x7f2fe9739b90>,90,27,[4 7],91,-1,260,-1,233
1,<environment.Job instance at 0x7f2fe9b58500>,91,13,[6 1],92,-1,246,-1,233
1,<environment.Job instance at 0x7f2fe9033a50>,93,3,[2 5],94,-1,242,-1,239
1,<environment.Job instance at 0x7f2fe9033730>,94,12,[4 7],95,-1,251,-1,239
1,<environment.Job instance at 0x7f2fe9033f00>,95,3,[6 5],96,-1,242,-1,239
1,<environment.Job instance at 0x7f2fea415a50>,96,13,[4 7],97,-1,252,-1,239
1,<environment.Job instance at 0x7f2fea4ead70>,98,23,[ 4 10],99,-1,274,-1,251
1,<environment.Job instance at 0x7f2fea4eab40>,100,14,[ 1 14],101,-1,265,-1,251
1,<environment.Job instance at 0x7f2fe9a47b90>,102,14,[11  4],103,-1,281,-1,267
1,<environment.Job instance at 0x7f2fe9a47730>,104,18,[ 4 12],105,-1,302,-1,284
1,<environment.Job instance at 0x7f2fe9a47eb0>,106,3,[10  1],107,-1,287,-1,284
1,<environment.Job instance at 0x7f2fe9a47fa0>,107,25,[5 4],108,-1,309,-1,284
1,<environment.Job instance at 0x7f2fe9a47640>,109,18,[10  1],110,-1,302,-1,284
1,<environment.Job instance at 0x7f2fe9a47550>,111,16,[ 5 13],112,-1,313,-1,297
1,<environment.Job instance at 0x7f2fe9a477d0>,112,17,[ 2 12],113,-1,314,-1,297
1,<environment.Job instance at 0x7f2fe9a475a0>,113,25,[9 2],114,-1,322,-1,297
1,<environment.Job instance at 0x7f2fe9a47280>,114,25,[ 1 13],115,-1,322,-1,297
1,<environment.Job instance at 0x7f2fe9a47050>,115,22,[7 2],116,-1,319,-1,297
1,<environment.Job instance at 0x7f2fe9a479b0>,118,13,[3 9],119,-1,326,-1,313
1,<environment.Job instance at 0x7f2fe93a9b40>,120,16,[ 4 10],121,-1,329,-1,313
1,<environment.Job instance at 0x7f2fe93a94b0>,121,12,[3 5],122,-1,325,-1,313
1,<environment.Job instance at 0x7f2ff332f5f0>,122,14,[ 2 12],123,-1,327,-1,313
1,<environment.Job instance at 0x7f2fe9030550>,123,13,[ 1 10],124,-1,326,-1,313
1,<environment.Job instance at 0x7f2fe9030370>,124,17,[1 6],125,-1,330,-1,313
1,<environment.Job instance at 0x7f2fe9e7afa0>,126,3,[5 9],127,-1,332,-1,329
1,<environment.Job instance at 0x7f2ff34c67d0>,129,21,[1 5],130,-1,365,-1,344
1,<environment.Job instance at 0x7f2ff34c62d0>,130,1,[5 2],131,-1,345,-1,344
1,<environment.Job instance at 0x7f2ff34c61e0>,131,14,[ 2 10],132,-1,358,-1,344
1,<environment.Job instance at 0x7f2ff34c6be0>,132,3,[ 3 11],133,-1,347,-1,344
1,<environment.Job instance at 0x7f2ff34c6550>,136,22,[9 3],137,-1,454,-1,432
1,<environment.Job instance at 0x7f2fe9644690>,143,14,[ 2 11],144,-1,446,-1,432
1,<environment.Job instance at 0x7f2fe9644e60>,144,22,[7 5],145,-1,468,-1,446
1,<environment.Job instance at 0x7f2fe9644550>,146,28,[6 5],147,-1,474,-1,446
1,<environment.Job instance at 0x7f2fe9644370>,152,18,[ 4 13],153,-1,506,-1,488
1,<environment.Job instance at 0x7f2fea02acd0>,156,27,[6 5],157,-1,565,-1,538
1,<environment.Job instance at 0x7f2ff31d7870>,157,27,[ 3 13],158,-1,565,-1,538
1,<environment.Job instance at 0x7f2ff2e26550>,159,25,[9 4],160,-1,563,-1,538
1,<environment.Job instance at 0x7f2fe91be820>,163,27,[2 8],164,-1,590,-1,563
1,<environment.Job instance at 0x7f2fea71d280>,165,16,[ 1 10],166,-1,584,-1,568
1,<environment.Job instance at 0x7f2fea71d0f0>,166,27,[8 1],167,-1,595,-1,568
1,<environment.Job instance at 0x7f2fe98136e0>,3,27,[9 3],4,-1,31,-1,4
1,<environment.Job instance at 0x7f2fe9467190>,5,28,[6 2],6,-1,34,-1,6
1,<environment.Job instance at 0x7f2fe9467690>,9,1,[7 4],10,-1,12,-1,11
1,<environment.Job instance at 0x7f2fe9467c80>,11,2,[7 5],12,-1,14,-1,12
1,<environment.Job instance at 0x7f2fe9467a50>,12,1,[2 7],13,-1,14,-1,13
1,<environment.Job instance at 0x7f2fe94571e0>,15,1,[13  2],16,-1,20,-1,19
1,<environment.Job instance at 0x7f2fe9457500>,20,21,[ 3 11],21,-1,77,-1,56
1,<environment.Job instance at 0x7f2fe94572d0>,22,2,[8 3],23,-1,58,-1,56
1,<environment.Job instance at 0x7f2fe9457730>,23,25,[6 4],24,-1,81,-1,56
1,<environment.Job instance at 0x7f2fe9457370>,25,1,[10  2],26,-1,59,-1,58
1,<environment.Job instance at 0x7f2fe9457910>,26,23,[10  1],27,-1,81,-1,58
1,<environment.Job instance at 0x7f2fe94579b0>,27,27,[4 7],28,-1,85,-1,58
1,<environment.Job instance at 0x7f2fe9457a50>,29,3,[13  1],30,-1,72,-1,69
1,<environment.Job instance at 0x7f2fe9457cd0>,32,12,[11  4],33,-1,103,-1,91
1,<environment.Job instance at 0x7f2fe9457dc0>,33,15,[ 4 11],34,-1,106,-1,91
1,<environment.Job instance at 0x7f2fe9457b90>,34,1,[ 4 13],35,-1,92,-1,91
1,<environment.Job instance at 0x7f2fe9457e60>,35,14,[11  3],36,-1,105,-1,91
1,<environment.Job instance at 0x7f2fe945eaf0>,40,15,[13  5],41,-1,140,-1,125
1,<environment.Job instance at 0x7f2fe945e140>,41,15,[12  3],42,-1,140,-1,125
1,<environment.Job instance at 0x7f2fe945ee60>,42,12,[ 4 14],43,-1,137,-1,125
1,<environment.Job instance at 0x7f2fe945ed20>,45,13,[ 1 10],46,-1,143,-1,130
1,<environment.Job instance at 0x7f2fe945e820>,50,1,[4 6],51,-1,164,-1,163
1,<environment.Job instance at 0x7f2fe945e050>,51,16,[ 2 11],52,-1,179,-1,163
1,<environment.Job instance at 0x7f2fe945ef50>,54,28,[5 3],55,-1,210,-1,182
1,<environment.Job instance at 0x7f2fe945e3c0>,55,13,[ 4 11],56,-1,195,-1,182
1,<environment.Job instance at 0x7f2fe945ea00>,58,19,[13  3],59,-1,218,-1,199
1,<environment.Job instance at 0x7f2fe945f230>,61,15,[ 3 13],62,-1,236,-1,221
1,<environment.Job instance at 0x7f2fe945f5f0>,67,17,[14  4],68,-1,287,-1,270
1,<environment.Job instance at 0x7f2fe945f690>,68,12,[12  2],69,-1,282,-1,270
1,<environment.Job instance at 0x7f2fe945f730>,70,23,[14  2],71,-1,296,-1,273
1,<environment.Job instance at 0x7f2fe945f910>,71,25,[5 3],72,-1,298,-1,273
1,<environment.Job instance at 0x7f2fe945fa50>,73,1,[4 8],74,-1,288,-1,287
1,<environment.Job instance at 0x7f2fe945f0a0>,74,13,[ 4 13],75,-1,300,-1,287
1,<environment.Job instance at 0x7f2fe945fd70>,78,17,[13  2],79,-1,319,-1,302
1,<environment.Job instance at 0x7f2fe945fe10>,79,23,[8 3],80,-1,325,-1,302
1,<environment.Job instance at 0x7f2fe945feb0>,80,16,[12  5],81,-1,318,-1,302
1,<environment.Job instance at 0x7f2fe945f7d0>,82,28,[8 4],83,-1,344,-1,316
1,<environment.Job instance at 0x7f2fe945fb40>,83,16,[13  2],84,-1,332,-1,316
1,<environment.Job instance at 0x7f2fe946c190>,84,2,[6 2],85,-1,318,-1,316
1,<environment.Job instance at 0x7f2fe946c230>,85,12,[ 5 14],86,-1,328,-1,316
1,<environment.Job instance at 0x7f2fe946c2d0>,86,14,[14  2],87,-1,330,-1,316
1,<environment.Job instance at 0x7f2fe946c4b0>,89,23,[6 3],90,-1,356,-1,333
1,<environment.Job instance at 0x7f2fe946c780>,91,21,[12  2],92,-1,354,-1,333
1,<environment.Job instance at 0x7f2fe946c820>,92,21,[13  1],93,-1,354,-1,333
1,<environment.Job instance at 0x7f2fe946ca00>,95,15,[12  3],96,-1,360,-1,345
1,<environment.Job instance at 0x7f2fe946caa0>,96,16,[14  3],97,-1,361,-1,345
1,<environment.Job instance at 0x7f2fe946cc80>,99,16,[ 4 13],100,-1,375,-1,359
1,<environment.Job instance at 0x7f2fe946cdc0>,101,17,[ 4 11],102,-1,376,-1,359
1,<environment.Job instance at 0x7f2fe946cfa0>,103,24,[2 5],104,-1,400,-1,376
1,<environment.Job instance at 0x7f2fe946cf00>,104,23,[11  4],105,-1,399,-1,376
1,<environment.Job instance at 0x7f2fe946ccd0>,105,13,[ 1 11],106,-1,389,-1,376
1,<environment.Job instance at 0x7f2fe945c1e0>,106,3,[ 3 11],107,-1,379,-1,376
1,<environment.Job instance at 0x7f2fe945c280>,107,20,[ 1 10],108,-1,396,-1,376
1,<environment.Job instance at 0x7f2fe945c3c0>,109,3,[5 7],110,-1,380,-1,377
1,<environment.Job instance at 0x7f2fe945c460>,110,13,[13  1],111,-1,390,-1,377
1,<environment.Job instance at 0x7f2fe945c500>,111,16,[ 2 13],112,-1,393,-1,377
1,<environment.Job instance at 0x7f2fe945c4b0>,113,16,[ 2 13],114,-1,409,-1,393
1,<environment.Job instance at 0x7f2fe945c910>,116,1,[10  4],117,-1,406,-1,405
1,<environment.Job instance at 0x7f2fe945cb90>,120,13,[ 4 14],121,-1,439,-1,426
1,<environment.Job instance at 0x7f2fe945cc30>,121,17,[ 3 11],122,-1,443,-1,426
1,<environment.Job instance at 0x7f2fe945ccd0>,122,3,[7 2],123,-1,430,-1,427
1,<environment.Job instance at 0x7f2fe945cd70>,123,17,[ 2 14],124,-1,444,-1,427
1,<environment.Job instance at 0x7f2fe945ce10>,124,26,[12  5],125,-1,453,-1,427
1,<environment.Job instance at 0x7f2fe945cfa0>,127,28,[ 5 12],128,-1,470,-1,442
1,<environment.Job instance at 0x7f2fe9443230>,129,14,[ 3 12],130,-1,457,-1,443
1,<environment.Job instance at 0x7f2fe94434b0>,131,1,[2 7],132,-1,451,-1,450
1,<environment.Job instance at 0x7f2fe9443500>,132,26,[7 1],133,-1,476,-1,450
1,<environment.Job instance at 0x7f2fe9b8f960>,133,13,[14  1],134,-1,463,-1,450
1,<environment.Job instance at 0x7f2fe9bba460>,134,24,[7 2],135,-1,474,-1,450
1,<environment.Job instance at 0x7f2fe91ea050>,135,24,[14  4],136,-1,474,-1,450
1,<environment.Job instance at 0x7f2fea7eef00>,136,3,[12  5],137,-1,453,-1,450
1,<environment.Job instance at 0x7f2fe91d5eb0>,137,25,[3 6],138,-1,476,-1,451
1,<environment.Job instance at 0x7f2fe91d5550>,140,16,[13  1],141,-1,495,-1,479
1,<environment.Job instance at 0x7f2fe91d5410>,143,28,[5 8],144,-1,510,-1,482
1,<environment.Job instance at 0x7f2fe91c4fa0>,145,13,[14  5],146,-1,511,-1,498
1,<environment.Job instance at 0x7f2fea020280>,147,17,[13  3],148,-1,533,-1,516
1,<environment.Job instance at 0x7f2fea040af0>,148,1,[3 8],149,-1,517,-1,516
1,<environment.Job instance at 0x7f2fea040550>,149,27,[1 7],150,-1,543,-1,516
1,<environment.Job instance at 0x7f2fe9202960>,151,13,[12  4],152,-1,529,-1,516
1,<environment.Job instance at 0x7f2fe9ba54b0>,153,23,[8 1],154,-1,557,-1,534
1,<environment.Job instance at 0x7f2fe91e84b0>,155,16,[ 5 12],156,-1,550,-1,534
1,<environment.Job instance at 0x7f2fe9443640>,160,28,[13  1],161,-1,585,-1,557
1,<environment.Job instance at 0x7f2fe9443780>,162,28,[10  1],163,-1,585,-1,557
1,<environment.Job instance at 0x7f2fe9443a00>,165,18,[11  2],166,-1,585,-1,567
1,<environment.Job instance at 0x7f2fe945e960>,3,3,[ 3 12],4,-1,7,-1,4
1,<environment.Job instance at 0x7f2fea78f690>,4,21,[ 3 11],5,-1,26,-1,5
1,<environment.Job instance at 0x7f2fe945e190>,2,18,[14  3],3,-1,23,-1,5
1,<environment.Job instance at 0x7f2fea78f730>,5,17,[ 3 14],6,-1,23,-1,6
1,<environment.Job instance at 0x7f2fea313fa0>,9,23,[9 3],10,-1,49,-1,26
1,<environment.Job instance at 0x7f2fea70b410>,13,18,[ 4 11],14,-1,44,-1,26
1,<environment.Job instance at 0x7f2fea259c80>,17,18,[12  1],18,-1,56,-1,38
1,<environment.Job instance at 0x7f2fea2599b0>,18,18,[ 3 10],19,-1,56,-1,38
1,<environment.Job instance at 0x7f2fea2591e0>,19,28,[2 9],20,-1,66,-1,38
1,<environment.Job instance at 0x7f2fea259af0>,20,25,[5 6],21,-1,63,-1,38
1,<environment.Job instance at 0x7f2ff3453190>,28,3,[5 8],29,-1,97,-1,94
1,<environment.Job instance at 0x7f2fe9b93320>,30,27,[5 8],31,-1,136,-1,109
1,<environment.Job instance at 0x7f2fea5ec2d0>,34,21,[ 5 13],35,-1,155,-1,134
1,<environment.Job instance at 0x7f2fea12d280>,35,3,[8 3],36,-1,137,-1,134
1,<environment.Job instance at 0x7f2fe9bbb3c0>,37,26,[1 8],38,-1,161,-1,135
1,<environment.Job instance at 0x7f2fe9753410>,38,27,[8 4],39,-1,162,-1,135
1,<environment.Job instance at 0x7f2fe9bbbe60>,39,3,[1 5],40,-1,139,-1,136
1,<environment.Job instance at 0x7f2ff2e13280>,44,18,[ 3 12],45,-1,182,-1,164
1,<environment.Job instance at 0x7f2fea6b0f50>,41,20,[11  2],42,-1,184,-1,164
1,<environment.Job instance at 0x7f2ff2e13730>,46,12,[ 2 13],47,-1,176,-1,164
1,<environment.Job instance at 0x7f2ff2e13820>,47,26,[13  3],48,-1,190,-1,164
1,<environment.Job instance at 0x7f2ff2e99320>,52,28,[6 1],53,-1,238,-1,210
1,<environment.Job instance at 0x7f2fe9495780>,56,26,[11  4],57,-1,274,-1,248
1,<environment.Job instance at 0x7f2fe9495870>,61,24,[11  3],62,-1,296,-1,272
1,<environment.Job instance at 0x7f2fea1a1460>,65,22,[ 2 11],66,-1,314,-1,292
1,<environment.Job instance at 0x7f2fea1a1960>,68,23,[12  4],69,-1,330,-1,307
1,<environment.Job instance at 0x7f2fe9b918c0>,70,25,[13  1],71,-1,335,-1,310
1,<environment.Job instance at 0x7f2fe9536af0>,73,3,[ 2 14],74,-1,328,-1,325
1,<environment.Job instance at 0x7f2fe9536b40>,74,24,[ 4 13],75,-1,349,-1,325
1,<environment.Job instance at 0x7f2fe9536b90>,75,14,[12  1],76,-1,339,-1,325
1,<environment.Job instance at 0x7f2fea1a5fa0>,77,27,[ 4 11],78,-1,352,-1,325
1,<environment.Job instance at 0x7f2fe9b83460>,86,17,[12  5],87,-1,411,-1,394
1,<environment.Job instance at 0x7f2fe9b83d70>,92,28,[4 7],93,-1,471,-1,443
1,<environment.Job instance at 0x7f2fe9b32190>,103,16,[13  5],104,-1,549,-1,533
1,<environment.Job instance at 0x7f2fe99e7aa0>,108,13,[ 5 11],109,-1,559,-1,546
1,<environment.Job instance at 0x7f2fea249e60>,110,15,[14  4],111,-1,561,-1,546
1,<environment.Job instance at 0x7f2fe98b1dc0>,111,19,[ 3 11],112,-1,565,-1,546
1,<environment.Job instance at 0x7f2fe98a6aa0>,112,18,[11  3],113,-1,631,-1,613
1,<environment.Job instance at 0x7f2fea032410>,120,25,[2 8],121,-1,709,-1,684
1,<environment.Job instance at 0x7f2fe91d1550>,129,28,[5 5],130,-1,729,-1,701
1,<environment.Job instance at 0x7f2fe988eb40>,136,18,[12  5],137,-1,750,-1,732
1,<environment.Job instance at 0x7f2fe988e780>,138,15,[12  5],139,-1,764,-1,749
1,<environment.Job instance at 0x7f2fe988e550>,139,28,[13  5],140,-1,777,-1,749
1,<environment.Job instance at 0x7f2fe939d690>,142,25,[3 6],143,-1,787,-1,762
1,<environment.Job instance at 0x7f2fea0f4b90>,151,24,[14  5],152,-1,864,-1,840
1,<environment.Job instance at 0x7f2fea0f4960>,152,2,[9 5],153,-1,842,-1,840
1,<environment.Job instance at 0x7f2fe9e19cd0>,163,16,[ 1 13],164,-1,934,-1,918
1,<environment.Job instance at 0x7f2fe9932050>,166,24,[13  4],167,-1,956,-1,932
1,<environment.Job instance at 0x7f2fe9932910>,167,21,[ 1 12],168,-1,953,-1,932
1,<environment.Job instance at 0x7f2fe9932f50>,168,25,[4 8],169,-1,970,-1,945
1,<environment.Job instance at 0x7f2fe9c1b4b0>,2,25,[5 8],3,-1,28,-1,3
1,<environment.Job instance at 0x7f2fea0ec280>,14,12,[11  2],15,-1,57,-1,45
1,<environment.Job instance at 0x7f2fea0ec5a0>,18,22,[8 3],19,-1,108,-1,86
1,<environment.Job instance at 0x7f2fe9fed0f0>,31,2,[11  1],32,-1,146,-1,144
1,<environment.Job instance at 0x7f2fe9fedc30>,32,2,[11  3],33,-1,146,-1,144
1,<environment.Job instance at 0x7f2fe9fed1e0>,33,19,[11  3],34,-1,164,-1,145
1,<environment.Job instance at 0x7f2fe9feddc0>,34,17,[12  2],35,-1,162,-1,145
1,<environment.Job instance at 0x7f2fe9fed8c0>,35,3,[ 2 10],36,-1,148,-1,145
1,<environment.Job instance at 0x7f2fe9fed870>,36,19,[ 4 11],37,-1,164,-1,145
1,<environment.Job instance at 0x7f2fe9fedd20>,38,2,[4 6],39,-1,156,-1,154
1,<environment.Job instance at 0x7f2fe9fed730>,40,3,[ 1 10],41,-1,161,-1,158
1,<environment.Job instance at 0x7f2fe9104d70>,43,13,[13  3],44,-1,190,-1,177
1,<environment.Job instance at 0x7f2fe91044b0>,44,2,[4 6],45,-1,179,-1,177
1,<environment.Job instance at 0x7f2fe91041e0>,45,3,[10  2],46,-1,180,-1,177
1,<environment.Job instance at 0x7f2fe91040a0>,47,1,[12  1],48,-1,182,-1,181
1,<environment.Job instance at 0x7f2fe91047d0>,49,3,[1 9],50,-1,196,-1,193
1,<environment.Job instance at 0x7f2fe9104730>,51,23,[5 2],52,-1,230,-1,207
1,<environment.Job instance at 0x7f2fe9104e60>,52,14,[14  4],53,-1,221,-1,207
1,<environment.Job instance at 0x7f2fea249230>,53,3,[7 1],54,-1,210,-1,207
1,<environment.Job instance at 0x7f2fea2491e0>,55,25,[2 6],56,-1,232,-1,207
1,<environment.Job instance at 0x7f2fea249640>,57,1,[2 6],58,-1,211,-1,210
1,<environment.Job instance at 0x7f2fe9e134b0>,58,16,[14  3],59,-1,226,-1,210
1,<environment.Job instance at 0x7f2fe9e137d0>,59,16,[ 5 12],60,-1,226,-1,210
1,<environment.Job instance at 0x7f2fe9e13cd0>,61,27,[12  3],62,-1,254,-1,227
1,<environment.Job instance at 0x7f2fe9394c80>,67,28,[8 5],68,-1,282,-1,254
1,<environment.Job instance at 0x7f2fe9394460>,68,13,[13  5],69,-1,267,-1,254
1,<environment.Job instance at 0x7f2fe93910a0>,69,2,[ 3 14],70,-1,256,-1,254
1,<environment.Job instance at 0x7f2fea332e10>,71,17,[ 4 10],72,-1,276,-1,259
1,<environment.Job instance at 0x7f2fe91bfd20>,72,2,[4 7],73,-1,261,-1,259
1,<environment.Job instance at 0x7f2fe9d1d7d0>,73,17,[14  2],74,-1,276,-1,259
1,<environment.Job instance at 0x7f2fe9a04b90>,76,24,[ 5 12],77,-1,303,-1,279
1,<environment.Job instance at 0x7f2fe94e1280>,77,27,[ 5 10],78,-1,306,-1,279
1,<environment.Job instance at 0x7f2fe98ec0f0>,79,12,[10  1],80,-1,302,-1,290
1,<environment.Job instance at 0x7f2fea312690>,80,12,[ 4 13],81,-1,302,-1,290
1,<environment.Job instance at 0x7f2fe90d4d70>,93,17,[9 1],94,-1,462,-1,445
1,<environment.Job instance at 0x7f2fea31a320>,95,13,[10  5],96,-1,458,-1,445
1,<environment.Job instance at 0x7f2fea31ab90>,96,20,[3 7],97,-1,473,-1,453
1,<environment.Job instance at 0x7f2fea31a460>,97,12,[7 2],98,-1,465,-1,453
1,<environment.Job instance at 0x7f2fea31a640>,98,22,[9 5],99,-1,478,-1,456
1,<environment.Job instance at 0x7f2fea31ac80>,100,14,[ 1 13],101,-1,470,-1,456
1,<environment.Job instance at 0x7f2ff3218f00>,101,12,[5 4],102,-1,468,-1,456
1,<environment.Job instance at 0x7f2fea31a780>,103,20,[8 5],104,-1,476,-1,456
1,<environment.Job instance at 0x7f2ff32dcc30>,104,16,[14  2],105,-1,472,-1,456
1,<environment.Job instance at 0x7f2ff32dccd0>,105,12,[ 4 10],106,-1,468,-1,456
1,<environment.Job instance at 0x7f2ff32dc550>,106,24,[14  5],107,-1,480,-1,456
1,<environment.Job instance at 0x7f2ff32dc140>,107,12,[ 4 14],108,-1,468,-1,456
1,<environment.Job instance at 0x7f2ff32dc0f0>,108,23,[ 4 10],109,-1,479,-1,456
1,<environment.Job instance at 0x7f2fe938d9b0>,109,13,[4 9],110,-1,469,-1,456
1,<environment.Job instance at 0x7f2fe938de60>,110,26,[ 2 12],111,-1,482,-1,456
1,<environment.Job instance at 0x7f2fe938d410>,111,2,[13  2],112,-1,458,-1,456
1,<environment.Job instance at 0x7f2fe9b2caf0>,120,1,[3 7],121,-1,561,-1,560
1,<environment.Job instance at 0x7f2fe9b2cc30>,121,14,[ 5 12],122,-1,574,-1,560
1,<environment.Job instance at 0x7f2fea4c0c30>,123,13,[ 3 12],124,-1,586,-1,573
1,<environment.Job instance at 0x7f2fea4c0b40>,125,24,[ 5 11],126,-1,602,-1,578
1,<environment.Job instance at 0x7f2fea4c0960>,127,27,[7 3],128,-1,605,-1,578
1,<environment.Job instance at 0x7f2fea4c0d20>,128,1,[3 9],129,-1,579,-1,578
1,<environment.Job instance at 0x7f2fea4c0500>,131,20,[ 5 10],132,-1,618,-1,598
1,<environment.Job instance at 0x7f2fea4c0dc0>,132,12,[2 8],133,-1,612,-1,600
1,<environment.Job instance at 0x7f2fe9bec550>,133,16,[7 1],134,-1,617,-1,601
1,<environment.Job instance at 0x7f2fe9bec7d0>,134,20,[10  4],135,-1,627,-1,607
1,<environment.Job instance at 0x7f2fe9becd70>,135,12,[12  5],136,-1,619,-1,607
1,<environment.Job instance at 0x7f2fe9becbe0>,136,16,[12  5],137,-1,623,-1,607
1,<environment.Job instance at 0x7f2fe9bec230>,139,12,[12  4],140,-1,623,-1,611
1,<environment.Job instance at 0x7f2fe9bec9b0>,140,16,[ 3 10],141,-1,627,-1,611
1,<environment.Job instance at 0x7f2fea84d460>,141,21,[7 5],142,-1,632,-1,611
1,<environment.Job instance at 0x7f2fea84daa0>,142,12,[4 7],143,-1,624,-1,612
1,<environment.Job instance at 0x7f2fea84d0f0>,143,19,[14  4],144,-1,631,-1,612
1,<environment.Job instance at 0x7f2fe90b9820>,144,3,[6 3],145,-1,615,-1,612
1,<environment.Job instance at 0x7f2fe90b9d70>,145,20,[2 9],146,-1,637,-1,617
1,<environment.Job instance at 0x7f2fe9a057d0>,147,21,[6 2],148,-1,642,-1,621
1,<environment.Job instance at 0x7f2fe9a05050>,148,3,[7 5],149,-1,624,-1,621
1,<environment.Job instance at 0x7f2fe9a05e60>,149,14,[ 5 11],150,-1,635,-1,621
1,<environment.Job instance at 0x7f2ff332fe10>,150,23,[11  4],151,-1,644,-1,621
1,<environment.Job instance at 0x7f2fea354d70>,151,17,[9 1],152,-1,641,-1,624
1,<environment.Job instance at 0x7f2fea354780>,156,15,[ 5 11],157,-1,658,-1,643
1,<environment.Job instance at 0x7f2fe94fcb40>,157,13,[1 9],158,-1,663,-1,650
1,<environment.Job instance at 0x7f2fe93aef50>,159,16,[12  1],160,-1,671,-1,655
1,<environment.Job instance at 0x7f2fea677370>,160,12,[11  4],161,-1,667,-1,655
1,<environment.Job instance at 0x7f2fe9b2c870>,118,20,[8 5],119,-1,864,-1,844
1,<environment.Job instance at 0x7f2fe9b2cb90>,119,16,[13  3],120,-1,862,-1,846
1,<environment.Job instance at 0x7f2fe9b2ca00>,2,13,[ 1 11],3,-1,16,-1,3
1,<environment.Job instance at 0x7f2fe931f3c0>,3,16,[14  3],4,-1,20,-1,4
1,<environment.Job instance at 0x7f2fe931fc30>,4,12,[ 5 13],5,-1,17,-1,5
1,<environment.Job instance at 0x7f2fe9d27a50>,5,14,[ 3 12],6,-1,20,-1,6
1,<environment.Job instance at 0x7f2fe9484190>,9,22,[14  4],10,-1,32,-1,10
1,<environment.Job instance at 0x7f2fe9009460>,17,24,[9 2],18,-1,58,-1,34
1,<environment.Job instance at 0x7f2fe90093c0>,18,1,[ 5 14],19,-1,35,-1,34
1,<environment.Job instance at 0x7f2fea2ae2d0>,24,12,[14  3],25,-1,74,-1,62
1,<environment.Job instance at 0x7f2fe98b1640>,28,26,[2 7],29,-1,116,-1,90
1,<environment.Job instance at 0x7f2fea78f230>,29,24,[14  2],30,-1,114,-1,90
1,<environment.Job instance at 0x7f2fe9f82c30>,30,23,[2 9],31,-1,140,-1,117
1,<environment.Job instance at 0x7f2fe91d59b0>,38,2,[12  3],39,-1,125,-1,123
1,<environment.Job instance at 0x7f2fe91d5c30>,40,15,[14  1],41,-1,139,-1,124
1,<environment.Job instance at 0x7f2fe9185eb0>,41,14,[ 3 11],42,-1,138,-1,124
1,<environment.Job instance at 0x7f2fe9b83f00>,46,22,[4 9],47,-1,205,-1,183
1,<environment.Job instance at 0x7f2fe9b83230>,52,27,[2 5],53,-1,231,-1,204
1,<environment.Job instance at 0x7f2fe9b83780>,53,1,[ 2 13],54,-1,205,-1,204
1,<environment.Job instance at 0x7f2fe9b83690>,54,14,[14  5],55,-1,218,-1,204
1,<environment.Job instance at 0x7f2fe9b830a0>,55,26,[ 3 14],56,-1,230,-1,204
1,<environment.Job instance at 0x7f2fea1dc5f0>,56,14,[13  5],57,-1,218,-1,204
1,<environment.Job instance at 0x7f2fea1dceb0>,59,24,[5 9],60,-1,241,-1,217
1,<environment.Job instance at 0x7f2fea1dc0f0>,60,15,[ 3 14],61,-1,232,-1,217
1,<environment.Job instance at 0x7f2fe9cf88c0>,61,17,[13  4],62,-1,234,-1,217
1,<environment.Job instance at 0x7f2ff2eaa2d0>,64,12,[ 1 13],65,-1,244,-1,232
1,<environment.Job instance at 0x7f2fe9bbb5a0>,66,15,[13  5],67,-1,252,-1,237
1,<environment.Job instance at 0x7f2fe9e193c0>,68,17,[13  2],69,-1,254,-1,237
1,<environment.Job instance at 0x7f2fe957b640>,72,16,[ 5 12],73,-1,285,-1,269
1,<environment.Job instance at 0x7f2fe996df00>,73,17,[ 3 13],74,-1,286,-1,269
1,<environment.Job instance at 0x7f2fe996d640>,74,22,[14  5],75,-1,291,-1,269
1,<environment.Job instance at 0x7f2fe99b7be0>,77,1,[11  4],78,-1,285,-1,284
1,<environment.Job instance at 0x7f2fea040780>,78,1,[ 5 14],79,-1,285,-1,284
1,<environment.Job instance at 0x7f2fe91d67d0>,80,15,[14  3],81,-1,299,-1,284
1,<environment.Job instance at 0x7f2fea87feb0>,81,14,[ 1 13],82,-1,298,-1,284
1,<environment.Job instance at 0x7f2fea87f690>,82,25,[4 6],83,-1,309,-1,284
1,<environment.Job instance at 0x7f2fea87f320>,83,25,[1 7],84,-1,310,-1,285
1,<environment.Job instance at 0x7f2fea87f5f0>,84,17,[ 2 11],85,-1,302,-1,285
1,<environment.Job instance at 0x7f2fea87f8c0>,85,17,[ 5 11],86,-1,302,-1,285
1,<environment.Job instance at 0x7f2fea87fc80>,86,2,[1 6],87,-1,287,-1,285
1,<environment.Job instance at 0x7f2fea87faf0>,87,21,[13  5],88,-1,306,-1,285
1,<environment.Job instance at 0x7f2fea87f230>,88,1,[11  5],89,-1,286,-1,285
1,<environment.Job instance at 0x7f2fea87f780>,90,28,[ 3 10],91,-1,326,-1,298
1,<environment.Job instance at 0x7f2fea87fe10>,91,20,[11  2],92,-1,318,-1,298
1,<environment.Job instance at 0x7f2fea87f3c0>,92,22,[13  4],93,-1,320,-1,298
1,<environment.Job instance at 0x7f2ff2e131e0>,93,17,[12  4],94,-1,315,-1,298
1,<environment.Job instance at 0x7f2ff2e13820>,97,14,[13  3],98,-1,313,-1,299
1,<environment.Job instance at 0x7f2ff2e13280>,98,25,[7 3],99,-1,324,-1,299
1,<environment.Job instance at 0x7f2ff2e13dc0>,99,1,[3 5],100,-1,300,-1,299
1,<environment.Job instance at 0x7f2ff2e13190>,100,12,[ 1 13],101,-1,311,-1,299
1,<environment.Job instance at 0x7f2ff2e13730>,101,14,[ 5 12],102,-1,313,-1,299
1,<environment.Job instance at 0x7f2fe98a6050>,106,1,[ 4 10],107,-1,348,-1,347
1,<environment.Job instance at 0x7f2fe98a6a00>,108,23,[6 5],109,-1,378,-1,355
1,<environment.Job instance at 0x7f2fe98a6a50>,115,3,[ 3 11],116,-1,390,-1,387
1,<environment.Job instance at 0x7f2fe98a65f0>,116,19,[ 4 10],117,-1,406,-1,387
1,<environment.Job instance at 0x7f2fe98a6410>,117,12,[11  5],118,-1,399,-1,387
1,<environment.Job instance at 0x7f2fe98a6c30>,119,24,[1 7],120,-1,421,-1,397
1,<environment.Job instance at 0x7f2fe98a6870>,120,26,[ 2 12],121,-1,423,-1,397
1,<environment.Job instance at 0x7f2fe9d1d320>,121,17,[13  2],122,-1,414,-1,397
1,<environment.Job instance at 0x7f2fe9d1d410>,138,24,[5 3],139,-1,533,-1,509
1,<environment.Job instance at 0x7f2fe9d1d690>,139,27,[5 2],140,-1,536,-1,509
1,<environment.Job instance at 0x7f2fe9d1db40>,140,13,[ 1 11],141,-1,522,-1,509
1,<environment.Job instance at 0x7f2fe939de10>,143,16,[ 4 12],144,-1,533,-1,517
1,<environment.Job instance at 0x7f2fe939d8c0>,144,18,[13  1],145,-1,535,-1,517
1,<environment.Job instance at 0x7f2fe939da00>,147,25,[12  2],148,-1,560,-1,535
1,<environment.Job instance at 0x7f2fe939d320>,148,18,[13  1],149,-1,553,-1,535
1,<environment.Job instance at 0x7f2fe939df50>,149,13,[ 2 12],150,-1,548,-1,535
1,<environment.Job instance at 0x7f2fe939d6e0>,150,21,[12  5],151,-1,556,-1,535
1,<environment.Job instance at 0x7f2fe939d820>,152,18,[14  5],153,-1,564,-1,546
1,<environment.Job instance at 0x7f2fe939dd70>,153,28,[12  3],154,-1,574,-1,546
1,<environment.Job instance at 0x7f2fe939d5f0>,154,2,[4 6],155,-1,548,-1,546
1,<environment.Job instance at 0x7f2fe939d190>,155,3,[ 2 14],156,-1,549,-1,546
1,<environment.Job instance at 0x7f2fe939d640>,156,14,[11  2],157,-1,561,-1,547
1,<environment.Job instance at 0x7f2fe9cc0fa0>,161,23,[ 4 13],162,-1,591,-1,568
1,<environment.Job instance at 0x7f2fe9cc0460>,162,18,[ 3 12],163,-1,586,-1,568
1,<environment.Job instance at 0x7f2fe9cc05f0>,163,12,[ 1 12],164,-1,580,-1,568
1,<environment.Job instance at 0x7f2fe9cc0e10>,164,13,[12  5],165,-1,581,-1,568
1,<environment.Job instance at 0x7f2fe9cc0aa0>,165,22,[14  3],166,-1,590,-1,568
1,<environment.Job instance at 0x7f2fe925fdc0>,1,13,[ 3 13],2,-1,15,-1,2
1,<environment.Job instance at 0x7f2fe933c960>,12,12,[6 1],13,-1,76,-1,64
1,<environment.Job instance at 0x7f2fe933c140>,14,2,[10  4],15,-1,66,-1,64
1,<environment.Job instance at 0x7f2fe930e870>,15,23,[5 1],16,-1,87,-1,64
1,<environment.Job instance at 0x7f2fe930e0f0>,17,16,[ 2 14],18,-1,94,-1,78
1,<environment.Job instance at 0x7f2fe930e5f0>,18,1,[ 3 13],19,-1,79,-1,78
1,<environment.Job instance at 0x7f2fe930eb40>,23,16,[13  5],24,-1,122,-1,106
1,<environment.Job instance at 0x7f2fe91a9a50>,25,3,[11  5],26,-1,120,-1,117
1,<environment.Job instance at 0x7f2fe91a9410>,26,23,[ 2 13],27,-1,140,-1,117
1,<environment.Job instance at 0x7f2fe91a9c30>,27,18,[ 4 14],28,-1,135,-1,117
1,<environment.Job instance at 0x7f2fe91a9dc0>,28,24,[3 5],29,-1,141,-1,117
1,<environment.Job instance at 0x7f2fe91a9140>,29,26,[6 5],30,-1,143,-1,117
1,<environment.Job instance at 0x7f2fe91a9320>,31,27,[1 5],32,-1,149,-1,122
1,<environment.Job instance at 0x7f2fe91a9460>,33,17,[12  2],34,-1,140,-1,123
1,<environment.Job instance at 0x7f2fe91a9b90>,34,23,[6 1],35,-1,155,-1,132
1,<environment.Job instance at 0x7f2fe91b0640>,36,20,[ 1 14],37,-1,155,-1,135
1,<environment.Job instance at 0x7f2fe91b04b0>,37,12,[ 1 11],38,-1,147,-1,135
1,<environment.Job instance at 0x7f2fe91b0370>,38,3,[ 4 10],39,-1,138,-1,135
1,<environment.Job instance at 0x7f2fe91b0230>,39,14,[11  5],40,-1,149,-1,135
1,<environment.Job instance at 0x7f2fea806b40>,43,28,[6 4],44,-1,184,-1,156
1,<environment.Job instance at 0x7f2fea806730>,50,12,[14  5],51,-1,213,-1,201
1,<environment.Job instance at 0x7f2fe90c13c0>,51,12,[ 2 14],52,-1,213,-1,201
1,<environment.Job instance at 0x7f2fe9110370>,53,28,[2 6],54,-1,242,-1,214
1,<environment.Job instance at 0x7f2fe98420a0>,58,22,[12  5],59,-1,274,-1,252
1,<environment.Job instance at 0x7f2fe91a94b0>,59,15,[ 4 12],60,-1,267,-1,252
1,<environment.Job instance at 0x7f2fe91191e0>,60,12,[ 1 10],61,-1,274,-1,262
1,<environment.Job instance at 0x7f2fea4da910>,62,25,[8 3],63,-1,287,-1,262
1,<environment.Job instance at 0x7f2fe9434dc0>,64,17,[ 1 12],65,-1,284,-1,267
1,<environment.Job instance at 0x7f2fe910f640>,68,12,[13  5],69,-1,301,-1,289
1,<environment.Job instance at 0x7f2fe8f511e0>,69,2,[5 8],70,-1,291,-1,289
1,<environment.Job instance at 0x7f2fe8f51af0>,70,16,[ 2 11],71,-1,305,-1,289
1,<environment.Job instance at 0x7f2fea8a2230>,72,22,[ 2 12],73,-1,313,-1,291
1,<environment.Job instance at 0x7f2fea8a2e10>,73,15,[ 4 13],74,-1,306,-1,291
1,<environment.Job instance at 0x7f2fea8a2d70>,74,28,[7 2],75,-1,319,-1,291
1,<environment.Job instance at 0x7f2fea8a2b90>,78,3,[4 8],79,-1,309,-1,306
1,<environment.Job instance at 0x7f2fea8a2410>,79,2,[9 2],80,-1,308,-1,306
1,<environment.Job instance at 0x7f2fea8a2960>,80,14,[11  4],81,-1,325,-1,311
1,<environment.Job instance at 0x7f2fe930e910>,82,15,[13  1],83,-1,330,-1,315
1,<environment.Job instance at 0x7f2fea8a2eb0>,83,2,[5 3],84,-1,317,-1,315
1,<environment.Job instance at 0x7f2fe9436cd0>,88,20,[12  3],89,-1,367,-1,347
1,<environment.Job instance at 0x7f2fe9412f00>,93,28,[5 1],94,-1,414,-1,386
1,<environment.Job instance at 0x7f2fe94128c0>,94,17,[ 2 14],95,-1,403,-1,386
1,<environment.Job instance at 0x7f2fea8b1640>,97,26,[3 9],98,-1,428,-1,402
1,<environment.Job instance at 0x7f2fea8b1460>,98,26,[6 1],99,-1,428,-1,402
1,<environment.Job instance at 0x7f2fea8b15a0>,99,28,[ 4 14],100,-1,430,-1,402
1,<environment.Job instance at 0x7f2fea8b1cd0>,101,22,[ 1 13],102,-1,424,-1,402
1,<environment.Job instance at 0x7f2fea8b1e10>,102,16,[ 4 14],103,-1,418,-1,402
1,<environment.Job instance at 0x7f2fea8a7f50>,111,1,[7 5],112,-1,472,-1,471
1,<environment.Job instance at 0x7f2fea8a79b0>,114,17,[ 1 14],115,-1,488,-1,471
1,<environment.Job instance at 0x7f2fea8a7cd0>,115,24,[10  2],116,-1,495,-1,471
1,<environment.Job instance at 0x7f2fe9437690>,121,12,[ 5 14],122,-1,527,-1,515
1,<environment.Job instance at 0x7f2fea888e60>,122,3,[ 3 11],123,-1,518,-1,515
1,<environment.Job instance at 0x7f2fe943edc0>,123,17,[14  5],124,-1,532,-1,515
1,<environment.Job instance at 0x7f2fe943e050>,125,28,[10  3],126,-1,543,-1,515
1,<environment.Job instance at 0x7f2fe943e780>,130,22,[11  5],131,-1,577,-1,555
1,<environment.Job instance at 0x7f2fe943ec30>,131,18,[13  4],132,-1,573,-1,555
1,<environment.Job instance at 0x7f2fe943eaf0>,132,17,[ 2 12],133,-1,572,-1,555
1,<environment.Job instance at 0x7f2fe943eeb0>,133,23,[ 5 10],134,-1,578,-1,555
1,<environment.Job instance at 0x7f2fe943e370>,134,28,[6 4],135,-1,583,-1,555
1,<environment.Job instance at 0x7f2fe943ea50>,135,26,[1 5],136,-1,581,-1,555
1,<environment.Job instance at 0x7f2fea87cc30>,137,24,[ 4 10],138,-1,591,-1,567
1,<environment.Job instance at 0x7f2fea834280>,138,1,[ 3 10],139,-1,568,-1,567
1,<environment.Job instance at 0x7f2fea834370>,139,17,[ 4 13],140,-1,584,-1,567
1,<environment.Job instance at 0x7f2fe910a320>,140,15,[ 2 14],141,-1,582,-1,567
1,<environment.Job instance at 0x7f2fe9112230>,141,24,[ 4 10],142,-1,591,-1,567
1,<environment.Job instance at 0x7f2fea87e690>,142,14,[11  1],143,-1,581,-1,567
1,<environment.Job instance at 0x7f2fea890320>,143,13,[ 4 12],144,-1,580,-1,567
1,<environment.Job instance at 0x7f2fea890550>,145,25,[8 3],146,-1,592,-1,567
1,<environment.Job instance at 0x7f2fea890be0>,146,23,[ 1 14],147,-1,590,-1,567
1,<environment.Job instance at 0x7f2fea890f00>,148,14,[ 3 13],149,-1,582,-1,568
1,<environment.Job instance at 0x7f2fea6a8410>,149,13,[12  3],150,-1,581,-1,568
1,<environment.Job instance at 0x7f2fea89b050>,150,26,[ 3 10],151,-1,594,-1,568
1,<environment.Job instance at 0x7f2fe9820e10>,156,14,[12  3],157,-1,631,-1,617
1,<environment.Job instance at 0x7f2fe9820870>,158,14,[ 4 14],159,-1,631,-1,617
1,<environment.Job instance at 0x7f2fe9814190>,159,3,[10  4],160,-1,620,-1,617
1,<environment.Job instance at 0x7f2fea87da50>,163,27,[5 4],164,-1,667,-1,640
1,<environment.Job instance at 0x7f2fe9820140>,6,27,[ 4 11],7,-1,34,-1,7
1,<environment.Job instance at 0x7f2fe9820d70>,7,18,[12  2],8,-1,26,-1,8
1,<environment.Job instance at 0x7f2fea87c550>,8,24,[ 2 13],9,-1,33,-1,9
1,<environment.Job instance at 0x7f2fea87c410>,9,13,[ 1 11],10,-1,23,-1,10
1,<environment.Job instance at 0x7f2fea87c050>,15,23,[ 1 10],16,-1,49,-1,26
1,<environment.Job instance at 0x7f2fea87cb40>,16,16,[ 1 12],17,-1,42,-1,26
1,<environment.Job instance at 0x7f2fea87c460>,17,24,[10  2],18,-1,50,-1,26
1,<environment.Job instance at 0x7f2fea87cf50>,18,2,[ 1 10],19,-1,28,-1,26
1,<environment.Job instance at 0x7f2fea87ce60>,25,15,[14  1],26,-1,84,-1,69
1,<environment.Job instance at 0x7f2fea87cf00>,27,24,[14  5],28,-1,97,-1,73
1,<environment.Job instance at 0x7f2fea87cfa0>,28,25,[ 3 14],29,-1,98,-1,73
1,<environment.Job instance at 0x7f2fea806870>,35,17,[12  3],36,-1,176,-1,159
1,<environment.Job instance at 0x7f2fea8062d0>,37,13,[ 5 14],38,-1,191,-1,178
1,<environment.Job instance at 0x7f2fea806d20>,39,15,[ 4 11],40,-1,206,-1,191
1,<environment.Job instance at 0x7f2fea806aa0>,42,22,[4 9],43,-1,216,-1,194
1,<environment.Job instance at 0x7f2fea806640>,45,17,[ 5 13],46,-1,222,-1,205
1,<environment.Job instance at 0x7f2fe9437960>,46,18,[ 1 13],47,-1,223,-1,205
1,<environment.Job instance at 0x7f2fea806460>,47,14,[12  3],48,-1,219,-1,205
1,<environment.Job instance at 0x7f2fe9437e60>,48,28,[ 1 10],49,-1,233,-1,205
1,<environment.Job instance at 0x7f2fe9437d70>,49,24,[ 2 10],50,-1,229,-1,205
1,<environment.Job instance at 0x7f2fe9437f00>,52,25,[14  2],53,-1,248,-1,223
1,<environment.Job instance at 0x7f2fe9437e10>,54,17,[14  3],55,-1,240,-1,223
1,<environment.Job instance at 0x7f2fe9437870>,55,13,[5 1],56,-1,236,-1,223
1,<environment.Job instance at 0x7f2fe9412b90>,59,2,[ 5 10],60,-1,250,-1,248
1,<environment.Job instance at 0x7f2fe9412aa0>,60,23,[11  2],61,-1,271,-1,248
1,<environment.Job instance at 0x7f2fe9412a00>,61,28,[5 5],62,-1,276,-1,248
1,<environment.Job instance at 0x7f2fe9412e10>,63,2,[3 9],64,-1,256,-1,254
1,<environment.Job instance at 0x7f2fe94121e0>,64,22,[ 3 14],65,-1,276,-1,254
1,<environment.Job instance at 0x7f2fe9412050>,65,12,[7 1],66,-1,266,-1,254
1,<environment.Job instance at 0x7f2fe9412780>,66,3,[2 6],67,-1,257,-1,254
1,<environment.Job instance at 0x7f2fe9430050>,70,18,[ 4 11],71,-1,286,-1,268
1,<environment.Job instance at 0x7f2fe9430320>,73,19,[13  5],74,-1,305,-1,286
1,<environment.Job instance at 0x7f2fe9430b40>,78,14,[ 3 14],79,-1,329,-1,315
1,<environment.Job instance at 0x7f2fe9430a00>,80,26,[14  2],81,-1,341,-1,315
1,<environment.Job instance at 0x7f2fe9430960>,81,23,[3 9],82,-1,338,-1,315
1,<environment.Job instance at 0x7f2fe94308c0>,82,28,[ 5 14],83,-1,343,-1,315
1,<environment.Job instance at 0x7f2fe94305f0>,83,14,[ 2 14],84,-1,329,-1,315
1,<environment.Job instance at 0x7f2fe9430c80>,84,22,[12  4],85,-1,337,-1,315
1,<environment.Job instance at 0x7f2fea87f8c0>,87,3,[10  3],88,-1,337,-1,334
1,<environment.Job instance at 0x7f2fea87f3c0>,93,12,[ 3 12],94,-1,384,-1,372
1,<environment.Job instance at 0x7f2fea87f4b0>,94,24,[ 5 10],95,-1,396,-1,372
1,<environment.Job instance at 0x7f2fea87fe60>,96,16,[11  4],97,-1,397,-1,381
1,<environment.Job instance at 0x7f2fea87fa00>,98,27,[12  1],99,-1,418,-1,391
1,<environment.Job instance at 0x7f2fe9818d20>,99,22,[11  2],100,-1,413,-1,391
1,<environment.Job instance at 0x7f2fe9818b90>,100,24,[6 5],101,-1,415,-1,391
1,<environment.Job instance at 0x7f2fe9818eb0>,101,3,[4 7],102,-1,394,-1,391
1,<environment.Job instance at 0x7f2fe98180f0>,103,2,[1 9],104,-1,406,-1,404
1,<environment.Job instance at 0x7f2fe9818f00>,104,28,[2 8],105,-1,432,-1,404
1,<environment.Job instance at 0x7f2fe9818b40>,107,22,[1 8],108,-1,438,-1,416
1,<environment.Job instance at 0x7f2fe9818230>,109,1,[9 5],110,-1,418,-1,417
1,<environment.Job instance at 0x7f2fe9818820>,110,25,[ 1 12],111,-1,442,-1,417
1,<environment.Job instance at 0x7f2fe9818fa0>,111,3,[4 6],112,-1,420,-1,417
1,<environment.Job instance at 0x7f2fe94325f0>,115,13,[ 3 13],116,-1,455,-1,442
1,<environment.Job instance at 0x7f2fe9432dc0>,117,17,[12  2],118,-1,474,-1,457
1,<environment.Job instance at 0x7f2fe9432550>,120,16,[ 1 11],121,-1,479,-1,463
1,<environment.Job instance at 0x7f2fe9432b40>,123,18,[ 5 13],124,-1,495,-1,477
1,<environment.Job instance at 0x7f2fe9432230>,127,27,[ 2 12],128,-1,512,-1,485
1,<environment.Job instance at 0x7f2fe9423690>,130,22,[12  4],131,-1,524,-1,502
1,<environment.Job instance at 0x7f2fe94234b0>,131,26,[ 3 10],132,-1,528,-1,502
1,<environment.Job instance at 0x7f2fe9423190>,132,22,[5 4],133,-1,525,-1,503
1,<environment.Job instance at 0x7f2fe94232d0>,133,12,[ 4 11],134,-1,515,-1,503
1,<environment.Job instance at 0x7f2fe9423140>,134,26,[12  5],135,-1,529,-1,503
1,<environment.Job instance at 0x7f2fe9423c30>,135,18,[ 5 12],136,-1,521,-1,503
1,<environment.Job instance at 0x7f2fe94230a0>,136,24,[ 1 11],137,-1,527,-1,503
1,<environment.Job instance at 0x7f2fe94233c0>,137,18,[14  2],138,-1,521,-1,503
1,<environment.Job instance at 0x7f2fe93127d0>,139,3,[ 3 12],140,-1,519,-1,516
1,<environment.Job instance at 0x7f2fea87d910>,145,25,[5 7],146,-1,586,-1,561
1,<environment.Job instance at 0x7f2fe9427370>,146,28,[9 2],147,-1,589,-1,561
1,<environment.Job instance at 0x7f2fe9023960>,148,15,[ 5 14],149,-1,585,-1,570
1,<environment.Job instance at 0x7f2fe9d2d190>,150,18,[14  1],151,-1,593,-1,575
1,<environment.Job instance at 0x7f2fe9455640>,152,1,[2 8],153,-1,587,-1,586
1,<environment.Job instance at 0x7f2fe918f5a0>,153,22,[ 2 11],154,-1,608,-1,586
1,<environment.Job instance at 0x7f2fea8eebe0>,154,13,[ 1 11],155,-1,599,-1,586
1,<environment.Job instance at 0x7f2fe92da370>,156,19,[12  5],161,-1,608,-1,589
1,<environment.Job instance at 0x7f2fe90936e0>,3,16,[ 5 11],4,-1,20,-1,4
1,<environment.Job instance at 0x7f2fe90933c0>,10,17,[ 3 14],11,-1,28,-1,11
1,<environment.Job instance at 0x7f2ff30b16e0>,11,15,[1 7],12,-1,29,-1,14
1,<environment.Job instance at 0x7f2fe9093640>,13,13,[7 2],14,-1,27,-1,14
1,<environment.Job instance at 0x7f2ff30b1b90>,14,19,[8 1],15,-1,34,-1,15
1,<environment.Job instance at 0x7f2ff30b1910>,15,23,[ 3 11],16,-1,39,-1,16
1,<environment.Job instance at 0x7f2ff30b1730>,16,12,[13  1],17,-1,29,-1,17
1,<environment.Job instance at 0x7f2ff30b13c0>,17,14,[12  5],18,-1,32,-1,18
1,<environment.Job instance at 0x7f2ff30b1f00>,18,21,[14  4],19,-1,40,-1,19
1,<environment.Job instance at 0x7f2ff30b1640>,20,1,[1 5],21,-1,23,-1,22
1,<environment.Job instance at 0x7f2fe9c195f0>,23,12,[4 7],24,-1,40,-1,28
1,<environment.Job instance at 0x7f2fe9c19af0>,24,28,[ 5 13],25,-1,56,-1,28
1,<environment.Job instance at 0x7f2fe9c19b90>,25,16,[ 2 10],26,-1,44,-1,28
1,<environment.Job instance at 0x7f2fe9c19780>,26,13,[ 3 11],27,-1,41,-1,28
1,<environment.Job instance at 0x7f2fe9c19190>,28,13,[ 4 10],29,-1,51,-1,38
1,<environment.Job instance at 0x7f2fe9c19c30>,29,23,[ 1 11],30,-1,61,-1,38
1,<environment.Job instance at 0x7f2fe9c19230>,30,18,[ 2 10],31,-1,56,-1,38
1,<environment.Job instance at 0x7f2fe9c190f0>,31,18,[ 1 11],32,-1,56,-1,38
1,<environment.Job instance at 0x7f2fe9c19280>,32,22,[ 4 13],33,-1,60,-1,38
1,<environment.Job instance at 0x7f2fe9c19cd0>,34,14,[8 3],35,-1,56,-1,42
1,<environment.Job instance at 0x7f2fe9c19410>,35,20,[ 5 10],36,-1,62,-1,42
1,<environment.Job instance at 0x7f2fe9c19b40>,36,21,[2 6],37,-1,63,-1,42
1,<environment.Job instance at 0x7f2fe8f7ab40>,37,16,[1 6],38,-1,58,-1,42
1,<environment.Job instance at 0x7f2fe8f7a0a0>,39,12,[9 3],40,-1,54,-1,42
1,<environment.Job instance at 0x7f2fe8f7a1e0>,40,14,[5 2],41,-1,56,-1,42
1,<environment.Job instance at 0x7f2fe8f7ad20>,41,14,[14  2],42,-1,56,-1,42
1,<environment.Job instance at 0x7f2fe8f7adc0>,42,18,[1 5],43,-1,64,-1,46
1,<environment.Job instance at 0x7f2fe8f7a730>,43,24,[5 8],44,-1,70,-1,46
1,<environment.Job instance at 0x7f2fe8f7a460>,44,15,[7 3],45,-1,61,-1,46
1,<environment.Job instance at 0x7f2fe8f7a280>,45,21,[ 4 10],46,-1,67,-1,46
1,<environment.Job instance at 0x7f2fe8f7a690>,46,22,[ 2 14],47,-1,69,-1,47
1,<environment.Job instance at 0x7f2fe8f7a5a0>,47,16,[ 4 13],48,-1,64,-1,48
1,<environment.Job instance at 0x7f2fe8f7a500>,48,12,[12  1],49,-1,61,-1,49
1,<environment.Job instance at 0x7f2fe8f7a870>,49,2,[2 7],50,-1,52,-1,50
1,<environment.Job instance at 0x7f2fe913ee60>,52,24,[7 1],53,-1,85,-1,61
1,<environment.Job instance at 0x7f2fe913e1e0>,53,24,[ 5 12],54,-1,85,-1,61
1,<environment.Job instance at 0x7f2fe913e370>,54,21,[11  2],55,-1,82,-1,61
1,<environment.Job instance at 0x7f2fe913e0a0>,55,25,[7 4],56,-1,86,-1,61
1,<environment.Job instance at 0x7f2fe913ec30>,56,18,[ 5 13],57,-1,79,-1,61
1,<environment.Job instance at 0x7f2fe913e280>,57,28,[7 3],58,-1,89,-1,61
1,<environment.Job instance at 0x7f2fe913ef50>,58,13,[ 3 12],59,-1,74,-1,61
1,<environment.Job instance at 0x7f2fe913eaf0>,59,23,[4 5],60,-1,84,-1,61
1,<environment.Job instance at 0x7f2fe92f8fa0>,61,12,[13  3],62,-1,74,-1,62
1,<environment.Job instance at 0x7f2fe92f8820>,62,26,[7 5],63,-1,89,-1,63
1,<environment.Job instance at 0x7f2fe92f8190>,63,24,[5 8],64,-1,88,-1,64
1,<environment.Job instance at 0x7f2fe92f8870>,65,21,[ 5 12],66,-1,94,-1,73
1,<environment.Job instance at 0x7f2fe92f82d0>,68,15,[ 5 12],69,-1,101,-1,86
1,<environment.Job instance at 0x7f2fe92f8e10>,70,22,[ 3 10],71,-1,110,-1,88
1,<environment.Job instance at 0x7f2fe92f8cd0>,72,17,[ 4 12],73,-1,115,-1,98
1,<environment.Job instance at 0x7f2fe92f8a50>,73,18,[ 5 14],74,-1,116,-1,98
1,<environment.Job instance at 0x7f2fe92f8910>,75,14,[5 1],76,-1,120,-1,106
1,<environment.Job instance at 0x7f2ff344c730>,77,24,[5 4],78,-1,140,-1,116
1,<environment.Job instance at 0x7f2fe94325a0>,80,28,[ 1 11],81,-1,154,-1,126
1,<environment.Job instance at 0x7f2fe9432c80>,81,23,[ 5 12],82,-1,149,-1,126
1,<environment.Job instance at 0x7f2fe9432aa0>,82,25,[14  4],83,-1,151,-1,126
1,<environment.Job instance at 0x7f2fe9432550>,87,15,[13  3],88,-1,205,-1,190
1,<environment.Job instance at 0x7f2fe919da00>,88,24,[ 4 14],89,-1,214,-1,190
1,<environment.Job instance at 0x7f2fe919dfa0>,90,15,[ 3 14],91,-1,209,-1,194
1,<environment.Job instance at 0x7f2fe919d410>,91,13,[11  2],92,-1,207,-1,194
1,<environment.Job instance at 0x7f2fe919dc80>,94,24,[ 4 11],95,-1,234,-1,210
1,<environment.Job instance at 0x7f2fe919df50>,95,28,[ 1 13],96,-1,238,-1,210
1,<environment.Job instance at 0x7f2fe919dcd0>,96,18,[11  5],97,-1,228,-1,210
1,<environment.Job instance at 0x7f2fe919d320>,99,17,[14  3],100,-1,244,-1,227
1,<environment.Job instance at 0x7f2fea7cc370>,101,1,[ 5 10],102,-1,230,-1,229
1,<environment.Job instance at 0x7f2fea7cc9b0>,102,1,[2 7],103,-1,230,-1,229
1,<environment.Job instance at 0x7f2fea89bf00>,104,27,[ 2 12],105,-1,276,-1,249
1,<environment.Job instance at 0x7f2fea89b1e0>,110,15,[ 5 11],111,-1,310,-1,295
1,<environment.Job instance at 0x7f2fea89b230>,112,12,[ 2 10],113,-1,309,-1,297
1,<environment.Job instance at 0x7f2fea89b320>,114,25,[9 5],115,-1,322,-1,297
1,<environment.Job instance at 0x7f2fea89bdc0>,115,28,[11  2],116,-1,325,-1,297
1,<environment.Job instance at 0x7f2fe9312460>,118,27,[4 6],119,-1,339,-1,312
1,<environment.Job instance at 0x7f2fe93122d0>,121,16,[ 1 13],122,-1,341,-1,325
1,<environment.Job instance at 0x7f2fe9bb3e60>,123,28,[5 2],124,-1,367,-1,339
1,<environment.Job instance at 0x7f2fe9897be0>,124,3,[5 8],125,-1,342,-1,339
1,<environment.Job instance at 0x7f2fe9897eb0>,126,14,[13  1],127,-1,355,-1,341
1,<environment.Job instance at 0x7f2fe9897960>,127,13,[ 2 10],128,-1,359,-1,346
1,<environment.Job instance at 0x7f2fe9897dc0>,129,24,[5 9],130,-1,376,-1,352
1,<environment.Job instance at 0x7f2fe98972d0>,130,13,[12  4],131,-1,365,-1,352
1,<environment.Job instance at 0x7f2fe98970a0>,131,25,[8 5],132,-1,377,-1,352
1,<environment.Job instance at 0x7f2fe98975a0>,132,27,[ 3 14],133,-1,379,-1,352
1,<environment.Job instance at 0x7f2fe9897370>,133,18,[ 4 11],134,-1,370,-1,352
1,<environment.Job instance at 0x7f2fea416140>,135,3,[13  2],136,-1,360,-1,357
1,<environment.Job instance at 0x7f2fea54cd20>,137,14,[10  1],138,-1,371,-1,357
1,<environment.Job instance at 0x7f2fe9da5910>,139,26,[5 3],140,-1,398,-1,372
1,<environment.Job instance at 0x7f2fe9116230>,140,12,[12  5],141,-1,384,-1,372
1,<environment.Job instance at 0x7f2fe9eeb0a0>,141,24,[12  2],142,-1,396,-1,372
1,<environment.Job instance at 0x7f2fe9476b90>,143,1,[9 3],144,-1,373,-1,372
1,<environment.Job instance at 0x7f2fea7a4c30>,144,2,[ 1 14],145,-1,374,-1,372
1,<environment.Job instance at 0x7f2fe9fa1410>,151,25,[5 9],152,-1,437,-1,412
1,<environment.Job instance at 0x7f2fe9fa1190>,152,16,[12  1],153,-1,428,-1,412
1,<environment.Job instance at 0x7f2fe9f64960>,154,15,[14  1],155,-1,435,-1,420
1,<environment.Job instance at 0x7f2fe9951280>,155,20,[14  4],156,-1,440,-1,420
1,<environment.Job instance at 0x7f2fe9bf2820>,159,2,[ 4 10],160,-1,445,-1,443
1,<environment.Job instance at 0x7f2fe9bf2410>,161,2,[ 5 13],162,-1,445,-1,443
1,<environment.Job instance at 0x7f2fe98ac0a0>,162,26,[3 9],163,-1,469,-1,443
1,<environment.Job instance at 0x7f2fe957b500>,163,2,[5 1],164,-1,445,-1,443
1,<environment.Job instance at 0x7f2fea8b6410>,166,14,[11  5],167,-1,476,-1,462
1,<environment.Job instance at 0x7f2fea8b6eb0>,168,28,[6 2],169,-1,497,-1,469
1,<environment.Job instance at 0x7f8b5123beb0>,8,15,[ 4 13],9,-1,29,-1,14
1,<environment.Job instance at 0x7f8b5123bc30>,10,12,[2 8],11,-1,32,-1,20
1,<environment.Job instance at 0x7f8b5123e190>,12,12,[6 4],13,-1,38,-1,26
1,<environment.Job instance at 0x7f8b5123be10>,7,26,[9 3],8,-1,62,-1,36
1,<environment.Job instance at 0x7f8b5123e410>,14,21,[8 1],15,-1,68,-1,47
1,<environment.Job instance at 0x7f8b5123e320>,16,28,[5 1],17,-1,75,-1,47
1,<environment.Job instance at 0x7f8b5123e140>,18,18,[13  1],19,-1,65,-1,47
1,<environment.Job instance at 0x7f8b5123e640>,19,23,[8 4],20,-1,70,-1,47
1,<environment.Job instance at 0x7f8b5123e5f0>,20,17,[ 2 14],21,-1,64,-1,47
1,<environment.Job instance at 0x7f8b5123e730>,21,14,[ 4 11],22,-1,61,-1,47
1,<environment.Job instance at 0x7f8b5123e870>,23,16,[12  2],24,-1,65,-1,49
1,<environment.Job instance at 0x7f8b5123e910>,24,2,[4 6],25,-1,51,-1,49
1,<environment.Job instance at 0x7f8b5123e9b0>,25,2,[5 7],26,-1,51,-1,49
1,<environment.Job instance at 0x7f8b5123ed20>,28,17,[ 1 13],29,-1,83,-1,66
1,<environment.Job instance at 0x7f8b5123ed70>,29,24,[4 7],30,-1,90,-1,66
1,<environment.Job instance at 0x7f8b5123ee10>,30,26,[9 4],31,-1,92,-1,66
1,<environment.Job instance at 0x7f8b5123ef50>,32,12,[12  3],33,-1,78,-1,66
1,<environment.Job instance at 0x7f8b5123ecd0>,33,21,[12  3],34,-1,87,-1,66
1,<environment.Job instance at 0x7f8b512422d0>,36,25,[12  3],37,-1,109,-1,84
1,<environment.Job instance at 0x7f8b512423c0>,38,24,[13  2],39,-1,108,-1,84
1,<environment.Job instance at 0x7f8b51242500>,40,26,[ 1 14],41,-1,126,-1,100
1,<environment.Job instance at 0x7f8b51242640>,42,12,[ 5 12],43,-1,124,-1,112
1,<environment.Job instance at 0x7f8b51242820>,45,12,[ 3 14],46,-1,136,-1,124
1,<environment.Job instance at 0x7f8b51242aa0>,47,14,[12  2],48,-1,138,-1,124
1,<environment.Job instance at 0x7f8b51242a50>,48,14,[ 1 11],49,-1,138,-1,124
1,<environment.Job instance at 0x7f8b51242c80>,50,13,[ 4 12],51,-1,140,-1,127
1,<environment.Job instance at 0x7f8b51242e10>,53,12,[ 3 14],54,-1,157,-1,145
1,<environment.Job instance at 0x7f8b51242eb0>,54,3,[ 3 13],55,-1,148,-1,145
1,<environment.Job instance at 0x7f8b51242b40>,56,2,[4 7],57,-1,147,-1,145
1,<environment.Job instance at 0x7f8b51242d20>,57,17,[ 2 14],58,-1,162,-1,145
1,<environment.Job instance at 0x7f8b51244190>,58,28,[10  3],59,-1,173,-1,145
1,<environment.Job instance at 0x7f8b51244230>,59,21,[9 1],60,-1,183,-1,162
1,<environment.Job instance at 0x7f8b51244140>,66,28,[3 6],67,-1,216,-1,188
1,<environment.Job instance at 0x7f8b512449b0>,70,22,[ 3 10],71,-1,234,-1,212
1,<environment.Job instance at 0x7f8b51244cd0>,75,28,[ 2 10],76,-1,259,-1,231
1,<environment.Job instance at 0x7f8b51244d70>,76,13,[10  1],77,-1,244,-1,231
1,<environment.Job instance at 0x7f8b51244f50>,79,19,[12  3],80,-1,265,-1,246
1,<environment.Job instance at 0x7f8b51247640>,84,1,[5 5],85,-1,290,-1,289
1,<environment.Job instance at 0x7f8b512476e0>,86,3,[6 3],87,-1,307,-1,304
1,<environment.Job instance at 0x7f8b512478c0>,89,17,[ 5 14],90,-1,325,-1,308
1,<environment.Job instance at 0x7f8b51247aa0>,92,23,[9 1],93,-1,352,-1,329
1,<environment.Job instance at 0x7f8b51247b40>,93,25,[ 1 13],94,-1,354,-1,329
1,<environment.Job instance at 0x7f8b51247be0>,94,21,[14  5],95,-1,350,-1,329
1,<environment.Job instance at 0x7f8b51247f00>,99,2,[13  5],100,-1,363,-1,361
1,<environment.Job instance at 0x7f8b51247190>,100,28,[5 9],101,-1,389,-1,361
1,<environment.Job instance at 0x7f8b512474b0>,101,15,[ 2 13],102,-1,376,-1,361
1,<environment.Job instance at 0x7f8b51249050>,102,13,[11  4],103,-1,374,-1,361
1,<environment.Job instance at 0x7f8b51249230>,104,1,[ 1 10],105,-1,378,-1,377
1,<environment.Job instance at 0x7f8b51249370>,106,22,[ 4 14],107,-1,399,-1,377
1,<environment.Job instance at 0x7f8b51249550>,109,27,[ 3 11],110,-1,418,-1,391
1,<environment.Job instance at 0x7f8b512495f0>,110,23,[5 1],111,-1,414,-1,391
1,<environment.Job instance at 0x7f8b51249690>,111,17,[12  4],112,-1,408,-1,391
1,<environment.Job instance at 0x7f8b51249a50>,115,2,[1 6],116,-1,409,-1,407
1,<environment.Job instance at 0x7f8b5123bc80>,9,23,[13  1],10,-1,464,-1,441
1,<environment.Job instance at 0x7f8b51249c30>,118,13,[9 1],119,-1,454,-1,441
1,<environment.Job instance at 0x7f8b51249d70>,120,24,[8 1],121,-1,465,-1,441
1,<environment.Job instance at 0x7f8b51249e10>,121,2,[ 5 14],122,-1,443,-1,441
1,<environment.Job instance at 0x7f8b51280870>,122,25,[1 8],123,-1,466,-1,441
1,<environment.Job instance at 0x7f8b5a8720f0>,123,3,[10  3],124,-1,444,-1,441
1,<environment.Job instance at 0x7f8b51231c30>,124,12,[1 5],125,-1,454,-1,442
1,<environment.Job instance at 0x7f8b51231af0>,127,2,[5 5],128,-1,447,-1,445
1,<environment.Job instance at 0x7f8b51293820>,131,13,[ 3 14],132,-1,479,-1,466
1,<environment.Job instance at 0x7f8b512e3730>,155,25,[ 3 13],156,-1,668,-1,643
1,<environment.Job instance at 0x7f8b5125ee60>,157,25,[ 2 11],158,-1,668,-1,643
1,<environment.Job instance at 0x7f8b513e30f0>,158,1,[14  3],159,-1,644,-1,643
1,<environment.Job instance at 0x7f8b5125ee10>,159,2,[ 1 10],160,-1,645,-1,643
1,<environment.Job instance at 0x7f8b51356c80>,177,2,[5 7],178,-1,824,-1,822
1,<environment.Job instance at 0x7f8b51356eb0>,178,17,[12  2],179,-1,839,-1,822
1,<environment.Job instance at 0x7f8b511cf230>,1,27,[8 3],2,-1,29,-1,2
1,<environment.Job instance at 0x7f8b50caa190>,3,19,[12  2],4,-1,23,-1,4
1,<environment.Job instance at 0x7f8b50caa910>,13,26,[3 9],14,-1,56,-1,30
1,<environment.Job instance at 0x7f8b50caab90>,14,15,[13  1],15,-1,45,-1,30
1,<environment.Job instance at 0x7f8b50d1be10>,35,18,[ 1 14],36,-1,240,-1,222
1,<environment.Job instance at 0x7f8b50dad5f0>,36,23,[1 9],37,-1,288,-1,265
1,<environment.Job instance at 0x7f8b50e47b40>,39,3,[11  3],40,-1,268,-1,265
1,<environment.Job instance at 0x7f8b50e476e0>,40,15,[14  2],41,-1,280,-1,265
1,<environment.Job instance at 0x7f8b50cf9c80>,41,18,[11  1],42,-1,283,-1,265
1,<environment.Job instance at 0x7f8b50cf9e60>,43,17,[12  1],44,-1,297,-1,280
1,<environment.Job instance at 0x7f8b50cf9410>,50,22,[ 4 10],51,-1,372,-1,350
1,<environment.Job instance at 0x7f8b50cf9280>,54,12,[13  1],55,-1,378,-1,366
1,<environment.Job instance at 0x7f8b50cf9050>,55,13,[ 1 12],56,-1,379,-1,366
1,<environment.Job instance at 0x7f8b50cf6370>,58,13,[ 5 11],59,-1,391,-1,378
1,<environment.Job instance at 0x7f8b50cf6690>,63,27,[6 1],64,-1,430,-1,403
1,<environment.Job instance at 0x7f8b50cf6780>,64,27,[ 4 13],65,-1,430,-1,403
1,<environment.Job instance at 0x7f8b50c1c140>,66,27,[11  1],67,-1,433,-1,406
1,<environment.Job instance at 0x7f8b509219b0>,67,24,[6 2],68,-1,430,-1,406
1,<environment.Job instance at 0x7f8b50be1e60>,70,23,[1 8],71,-1,451,-1,428
1,<environment.Job instance at 0x7f8b50c1ae10>,71,27,[5 6],72,-1,455,-1,428
1,<environment.Job instance at 0x7f8b50be1aa0>,73,18,[ 1 11],74,-1,446,-1,428
1,<environment.Job instance at 0x7f8b50be33c0>,74,26,[ 2 13],75,-1,454,-1,428
1,<environment.Job instance at 0x7f8b50be3780>,75,28,[14  4],76,-1,456,-1,428
1,<environment.Job instance at 0x7f8b50be3c80>,76,1,[3 9],77,-1,429,-1,428
1,<environment.Job instance at 0x7f8b50be3fa0>,77,20,[ 4 11],78,-1,448,-1,428
1,<environment.Job instance at 0x7f8b50be3c30>,80,27,[1 5],81,-1,481,-1,454
1,<environment.Job instance at 0x7f8b50bdeeb0>,81,26,[5 3],82,-1,480,-1,454
1,<environment.Job instance at 0x7f8b50867640>,84,15,[14  2],85,-1,474,-1,459
1,<environment.Job instance at 0x7f8b50912230>,89,28,[ 2 10],90,-1,529,-1,501
1,<environment.Job instance at 0x7f8b5a87c500>,90,2,[13  1],91,-1,503,-1,501
1,<environment.Job instance at 0x7f8b5088a960>,96,20,[11  2],97,-1,556,-1,536
1,<environment.Job instance at 0x7f8b5088a370>,97,26,[2 8],98,-1,562,-1,536
1,<environment.Job instance at 0x7f8b507d8190>,101,2,[7 3],102,-1,570,-1,568
1,<environment.Job instance at 0x7f8b509facd0>,103,2,[5 7],104,-1,572,-1,570
1,<environment.Job instance at 0x7f8b509fae60>,104,2,[8 1],105,-1,572,-1,570
1,<environment.Job instance at 0x7f8b507f09b0>,105,27,[9 5],106,-1,597,-1,570
1,<environment.Job instance at 0x7f8b507f0910>,107,14,[12  2],108,-1,595,-1,581
1,<environment.Job instance at 0x7f8b507f0230>,108,2,[ 4 11],109,-1,583,-1,581
1,<environment.Job instance at 0x7f8b507f02d0>,109,3,[9 4],110,-1,584,-1,581
1,<environment.Job instance at 0x7f8b507f0730>,110,2,[2 9],111,-1,583,-1,581
1,<environment.Job instance at 0x7f8b507f0b90>,113,27,[2 7],114,-1,620,-1,593
1,<environment.Job instance at 0x7f8b507eb910>,115,27,[1 5],116,-1,633,-1,606
1,<environment.Job instance at 0x7f8b507ebf50>,117,15,[14  2],118,-1,621,-1,606
1,<environment.Job instance at 0x7f8b507ebaf0>,118,2,[8 3],119,-1,608,-1,606
1,<environment.Job instance at 0x7f8b507eba50>,122,17,[13  5],123,-1,644,-1,627
1,<environment.Job instance at 0x7f8b507ebeb0>,123,13,[ 5 14],124,-1,640,-1,627
1,<environment.Job instance at 0x7f8b507ebe10>,124,3,[4 5],125,-1,630,-1,627
1,<environment.Job instance at 0x7f8b507eca00>,131,18,[ 1 11],132,-1,689,-1,671
1,<environment.Job instance at 0x7f8b507ec460>,134,25,[5 6],135,-1,712,-1,687
1,<environment.Job instance at 0x7f8b507ecc80>,139,28,[11  2],140,-1,751,-1,723
1,<environment.Job instance at 0x7f8b507ee640>,143,27,[ 4 13],144,-1,786,-1,759
1,<environment.Job instance at 0x7f8b507ee460>,144,28,[1 8],145,-1,787,-1,759
1,<environment.Job instance at 0x7f8b507ee3c0>,145,12,[13  4],146,-1,771,-1,759
1,<environment.Job instance at 0x7f8b507ee140>,146,12,[ 5 12],147,-1,771,-1,759
1,<environment.Job instance at 0x7f8b507eea50>,147,28,[7 4],148,-1,787,-1,759
1,<environment.Job instance at 0x7f8b507ee730>,148,27,[4 6],149,-1,786,-1,759
1,<environment.Job instance at 0x7f8b507d1d70>,149,3,[10  2],157,-1,762,-1,759
1,<environment.Job instance at 0x7f8b507d1910>,151,25,[2 8],175,-1,784,-1,759
1,<environment.Job instance at 0x7f8b50a86140>,1,15,[ 3 13],2,-1,17,-1,2
1,<environment.Job instance at 0x7f8b50a86460>,6,2,[5 3],7,-1,10,-1,8
1,<environment.Job instance at 0x7f8b509fbfa0>,8,18,[ 5 14],9,-1,27,-1,9
1,<environment.Job instance at 0x7f8b509fbf50>,13,20,[7 1],14,-1,41,-1,21
1,<environment.Job instance at 0x7f8b50971f50>,14,25,[4 9],15,-1,46,-1,21
1,<environment.Job instance at 0x7f8b509711e0>,15,26,[6 1],16,-1,47,-1,21
1,<environment.Job instance at 0x7f8b50971e60>,16,28,[5 9],17,-1,49,-1,21
1,<environment.Job instance at 0x7f8b50971b40>,17,24,[4 8],18,-1,45,-1,21
1,<environment.Job instance at 0x7f8b50971d20>,19,1,[10  5],20,-1,33,-1,32
1,<environment.Job instance at 0x7f8b50971d70>,20,2,[ 2 12],21,-1,34,-1,32
1,<environment.Job instance at 0x7f8b50971c30>,21,13,[ 5 10],22,-1,45,-1,32
1,<environment.Job instance at 0x7f8b509716e0>,22,24,[7 4],23,-1,56,-1,32
1,<environment.Job instance at 0x7f8b50971050>,28,19,[12  4],29,-1,95,-1,76
1,<environment.Job instance at 0x7f8b509710f0>,29,14,[ 5 12],30,-1,90,-1,76
1,<environment.Job instance at 0x7f8b5095ef00>,31,25,[8 3],32,-1,101,-1,76
1,<environment.Job instance at 0x7f8b5095ee60>,32,16,[ 2 11],33,-1,92,-1,76
1,<environment.Job instance at 0x7f8b5095e4b0>,33,28,[ 3 11],34,-1,104,-1,76
1,<environment.Job instance at 0x7f8b5095e320>,35,24,[2 7],36,-1,113,-1,89
1,<environment.Job instance at 0x7f8b5095e370>,36,16,[14  5],37,-1,105,-1,89
1,<environment.Job instance at 0x7f8b5095e3c0>,38,27,[14  3],39,-1,119,-1,92
1,<environment.Job instance at 0x7f8b5095e870>,39,18,[ 1 14],40,-1,110,-1,92
1,<environment.Job instance at 0x7f8b5095e730>,41,15,[11  2],42,-1,118,-1,103
1,<environment.Job instance at 0x7f8b5095e230>,42,13,[ 1 12],43,-1,116,-1,103
1,<environment.Job instance at 0x7f8b5096e730>,46,17,[13  3],47,-1,133,-1,116
1,<environment.Job instance at 0x7f8b5096ed70>,47,22,[ 3 11],48,-1,138,-1,116
1,<environment.Job instance at 0x7f8b5096ee10>,48,20,[4 9],49,-1,140,-1,120
1,<environment.Job instance at 0x7f8b5096e5f0>,50,1,[ 5 11],51,-1,121,-1,120
1,<environment.Job instance at 0x7f8b5096e550>,51,1,[12  4],52,-1,121,-1,120
1,<environment.Job instance at 0x7f8b5096e5a0>,52,13,[10  4],53,-1,133,-1,120
1,<environment.Job instance at 0x7f8b5096eaa0>,53,23,[9 4],54,-1,143,-1,120
1,<environment.Job instance at 0x7f8b5096ed20>,54,13,[ 3 14],55,-1,133,-1,120
1,<environment.Job instance at 0x7f8b5096e1e0>,55,24,[ 4 14],56,-1,144,-1,120
1,<environment.Job instance at 0x7f8b5096eb40>,57,24,[7 3],58,-1,158,-1,134
1,<environment.Job instance at 0x7f8b5096ebe0>,58,27,[9 5],59,-1,161,-1,134
1,<environment.Job instance at 0x7f8b50969320>,59,22,[7 5],60,-1,156,-1,134
1,<environment.Job instance at 0x7f8b50969eb0>,60,14,[ 3 13],61,-1,148,-1,134
1,<environment.Job instance at 0x7f8b50969280>,61,26,[6 2],62,-1,160,-1,134
1,<environment.Job instance at 0x7f8b50969b90>,62,16,[ 4 10],63,-1,150,-1,134
1,<environment.Job instance at 0x7f8b50969640>,63,23,[12  5],64,-1,157,-1,134
1,<environment.Job instance at 0x7f8b50969500>,64,13,[ 4 14],65,-1,147,-1,134
1,<environment.Job instance at 0x7f8b509698c0>,65,19,[13  2],66,-1,153,-1,134
1,<environment.Job instance at 0x7f8b50969820>,66,21,[6 5],67,-1,156,-1,135
1,<environment.Job instance at 0x7f8b509694b0>,67,20,[2 7],68,-1,155,-1,135
1,<environment.Job instance at 0x7f8b50969550>,70,20,[10  2],71,-1,174,-1,154
1,<environment.Job instance at 0x7f8b509696e0>,72,15,[2 6],73,-1,174,-1,159
1,<environment.Job instance at 0x7f8b509690f0>,73,17,[10  4],74,-1,176,-1,159
1,<environment.Job instance at 0x7f8b50969460>,75,14,[10  2],76,-1,184,-1,170
1,<environment.Job instance at 0x7f8b50964a50>,76,17,[12  4],77,-1,187,-1,170
1,<environment.Job instance at 0x7f8b50964140>,77,25,[6 4],78,-1,195,-1,170
1,<environment.Job instance at 0x7f8b509640f0>,79,18,[14  5],80,-1,188,-1,170
1,<environment.Job instance at 0x7f8b50964190>,80,13,[ 4 10],81,-1,183,-1,170
1,<environment.Job instance at 0x7f8b50964460>,81,24,[5 5],82,-1,194,-1,170
1,<environment.Job instance at 0x7f8b50964230>,82,3,[8 5],83,-1,173,-1,170
1,<environment.Job instance at 0x7f8b50964be0>,83,14,[ 2 11],84,-1,184,-1,170
1,<environment.Job instance at 0x7f8b50964c30>,84,1,[4 6],85,-1,171,-1,170
1,<environment.Job instance at 0x7f8b50964c80>,85,28,[ 5 10],86,-1,198,-1,170
1,<environment.Job instance at 0x7f8b50964910>,87,13,[ 5 11],88,-1,198,-1,185
1,<environment.Job instance at 0x7f8b509614b0>,89,19,[ 4 14],90,-1,221,-1,202
1,<environment.Job instance at 0x7f8b509611e0>,90,14,[10  3],91,-1,219,-1,205
1,<environment.Job instance at 0x7f8b50961410>,91,26,[ 3 12],92,-1,231,-1,205
1,<environment.Job instance at 0x7f8b50961e10>,92,14,[ 3 14],93,-1,219,-1,205
1,<environment.Job instance at 0x7f8b50961fa0>,94,2,[3 7],95,-1,222,-1,220
1,<environment.Job instance at 0x7f8b50961eb0>,96,17,[ 5 14],97,-1,237,-1,220
1,<environment.Job instance at 0x7f8b50961690>,98,2,[7 2],99,-1,222,-1,220
1,<environment.Job instance at 0x7f8b50961050>,99,2,[ 4 11],100,-1,222,-1,220
1,<environment.Job instance at 0x7f8b509618c0>,101,3,[2 8],102,-1,236,-1,233
1,<environment.Job instance at 0x7f8b509615a0>,103,12,[12  2],104,-1,245,-1,233
1,<environment.Job instance at 0x7f8b50961460>,104,12,[14  2],105,-1,245,-1,233
1,<environment.Job instance at 0x7f8b5095ae10>,105,15,[ 4 10],106,-1,248,-1,233
1,<environment.Job instance at 0x7f8b5095a0f0>,106,13,[14  5],107,-1,246,-1,233
1,<environment.Job instance at 0x7f8b5095ad70>,107,25,[7 3],108,-1,258,-1,233
1,<environment.Job instance at 0x7f8b5095af00>,108,16,[ 1 14],109,-1,249,-1,233
1,<environment.Job instance at 0x7f8b5095a2d0>,110,12,[ 2 13],111,-1,259,-1,247
1,<environment.Job instance at 0x7f8b5095a9b0>,111,22,[7 3],112,-1,269,-1,247
1,<environment.Job instance at 0x7f8b5095a1e0>,113,21,[4 8],114,-1,274,-1,253
1,<environment.Job instance at 0x7f8b5095a820>,115,20,[8 5],116,-1,288,-1,268
1,<environment.Job instance at 0x7f8b5095a7d0>,117,24,[10  3],118,-1,295,-1,271
1,<environment.Job instance at 0x7f8b50956190>,118,18,[11  2],119,-1,289,-1,271
1,<environment.Job instance at 0x7f8b50956640>,119,13,[3 6],120,-1,288,-1,275
1,<environment.Job instance at 0x7f8b50956fa0>,120,14,[ 5 13],121,-1,289,-1,275
1,<environment.Job instance at 0x7f8b50956370>,121,24,[14  5],122,-1,299,-1,275
1,<environment.Job instance at 0x7f8b50956d70>,122,12,[ 4 11],123,-1,287,-1,275
1,<environment.Job instance at 0x7f8b50956960>,123,22,[3 8],124,-1,297,-1,275
1,<environment.Job instance at 0x7f8b50956870>,124,14,[ 1 13],125,-1,289,-1,275
1,<environment.Job instance at 0x7f8b50956af0>,126,25,[5 3],127,-1,312,-1,287
1,<environment.Job instance at 0x7f8b50956b90>,128,15,[3 8],129,-1,303,-1,288
1,<environment.Job instance at 0x7f8b50887e60>,130,14,[13  1],131,-1,307,-1,293
1,<environment.Job instance at 0x7f8b5081d280>,131,27,[ 4 14],132,-1,320,-1,293
1,<environment.Job instance at 0x7f8b50b2b820>,133,16,[1 9],134,-1,319,-1,303
1,<environment.Job instance at 0x7f8b5082cbe0>,135,28,[13  5],136,-1,337,-1,309
1,<environment.Job instance at 0x7f8b50b2bd20>,136,23,[6 4],137,-1,332,-1,309
1,<environment.Job instance at 0x7f8b50b2bf50>,137,21,[3 8],138,-1,330,-1,309
1,<environment.Job instance at 0x7f8b50a1a6e0>,139,12,[5 5],140,-1,321,-1,309
1,<environment.Job instance at 0x7f8b5082b460>,141,25,[5 5],142,-1,345,-1,320
1,<environment.Job instance at 0x7f8b508262d0>,142,26,[12  3],143,-1,346,-1,320
1,<environment.Job instance at 0x7f8b517e1b90>,143,2,[14  4],144,-1,322,-1,320
1,<environment.Job instance at 0x7f8b50a1a0f0>,144,15,[10  2],145,-1,336,-1,321
1,<environment.Job instance at 0x7f8b5148a050>,145,24,[ 5 13],146,-1,345,-1,321
1,<environment.Job instance at 0x7f8b5091cfa0>,146,25,[7 5],147,-1,346,-1,321
1,<environment.Job instance at 0x7f8b5105b8c0>,148,3,[ 5 13],149,-1,324,-1,321
1,<environment.Job instance at 0x7f8b5a99d050>,149,18,[ 1 14],150,-1,339,-1,321
1,<environment.Job instance at 0x7f8b507d5280>,150,19,[14  4],151,-1,340,-1,321
1,<environment.Job instance at 0x7f8b50fb6cd0>,151,14,[14  2],152,-1,335,-1,321
1,<environment.Job instance at 0x7f8b5143ef50>,152,13,[5 5],153,-1,334,-1,321
1,<environment.Job instance at 0x7f8b516d2a50>,157,14,[11  1],158,-1,359,-1,345
1,<environment.Job instance at 0x7f8b50abcfa0>,158,22,[ 3 11],159,-1,367,-1,345
1,<environment.Job instance at 0x7f8b50abca50>,159,16,[12  3],160,-1,361,-1,345
1,<environment.Job instance at 0x7f8b5a9a1500>,161,14,[14  1],162,-1,373,-1,359
1,<environment.Job instance at 0x7f8b5a9a18c0>,162,16,[12  4],163,-1,375,-1,359
1,<environment.Job instance at 0x7f8b50941af0>,164,21,[8 4],165,-1,385,-1,364
1,<environment.Job instance at 0x7f8b514270f0>,165,17,[ 4 13],166,-1,381,-1,364
1,<environment.Job instance at 0x7f8b5085faa0>,167,14,[7 2],168,-1,388,-1,374
1,<environment.Job instance at 0x7f8b5085f780>,168,27,[13  4],169,-1,401,-1,374
1,<environment.Job instance at 0x7f8b5085f5a0>,169,17,[13  4],170,-1,391,-1,374
1,<environment.Job instance at 0x7f8b51761820>,170,13,[14  2],171,-1,387,-1,374
1,<environment.Job instance at 0x7f8b517610a0>,171,13,[1 6],172,-1,387,-1,374
1,<environment.Job instance at 0x7f8b5108aaa0>,172,24,[10  1],173,-1,398,-1,374
1,<environment.Job instance at 0x7f8b50fb7d70>,175,16,[ 2 10],176,-1,395,-1,379
1,<environment.Job instance at 0x7f8b50fb7870>,176,14,[6 1],177,-1,393,-1,379
1,<environment.Job instance at 0x7f8b516d4f00>,177,12,[ 4 10],178,-1,391,-1,379
1,<environment.Job instance at 0x7f8b516d4820>,178,1,[11  3],179,-1,380,-1,379
1,<environment.Job instance at 0x7f8b509fb960>,10,19,[ 2 11],11,-1,406,-1,387
1,<environment.Job instance at 0x7f8b50969aa0>,71,18,[ 2 13],72,-1,405,-1,387
1,<environment.Job instance at 0x7f8b507ae5f0>,13,22,[ 5 13],14,-1,69,-1,47
1,<environment.Job instance at 0x7f8b507ae690>,14,12,[3 9],15,-1,60,-1,48
1,<environment.Job instance at 0x7f8b507ae910>,15,27,[11  2],16,-1,75,-1,48
1,<environment.Job instance at 0x7f8b507aeb40>,19,22,[ 4 12],20,-1,90,-1,68
1,<environment.Job instance at 0x7f8b507aefa0>,26,13,[10  1],27,-1,153,-1,140
1,<environment.Job instance at 0x7f8b507b1140>,28,24,[1 9],29,-1,171,-1,147
1,<environment.Job instance at 0x7f8b507b1460>,31,27,[ 1 14],32,-1,174,-1,147
1,<environment.Job instance at 0x7f8b507b1370>,32,12,[12  1],33,-1,159,-1,147
1,<environment.Job instance at 0x7f8b507b1550>,33,2,[3 7],34,-1,149,-1,147
1,<environment.Job instance at 0x7f8b507b1690>,35,23,[3 6],36,-1,174,-1,151
1,<environment.Job instance at 0x7f8b507b17d0>,37,27,[7 1],38,-1,183,-1,156
1,<environment.Job instance at 0x7f8b507b1870>,38,26,[ 3 10],39,-1,182,-1,156
1,<environment.Job instance at 0x7f8b507b1af0>,42,14,[14  2],43,-1,197,-1,183
1,<environment.Job instance at 0x7f8b507b1b90>,43,26,[7 3],44,-1,209,-1,183
1,<environment.Job instance at 0x7f8b507b1c30>,44,24,[8 2],45,-1,207,-1,183
1,<environment.Job instance at 0x7f8b507b1d70>,46,12,[11  1],47,-1,197,-1,185
1,<environment.Job instance at 0x7f8b507b14b0>,47,17,[11  3],48,-1,207,-1,190
1,<environment.Job instance at 0x7f8b507b1eb0>,48,16,[12  1],49,-1,206,-1,190
1,<environment.Job instance at 0x7f8b507b1fa0>,49,15,[ 4 13],50,-1,205,-1,190
1,<environment.Job instance at 0x7f8b507b1410>,50,28,[13  1],51,-1,218,-1,190
1,<environment.Job instance at 0x7f8b507b3230>,51,24,[4 7],52,-1,215,-1,191
1,<environment.Job instance at 0x7f8b507b3280>,53,26,[7 3],54,-1,218,-1,192
1,<environment.Job instance at 0x7f8b507b3690>,59,24,[2 6],60,-1,257,-1,233
1,<environment.Job instance at 0x7f8b507b3730>,60,13,[ 5 12],61,-1,246,-1,233
1,<environment.Job instance at 0x7f8b507b37d0>,61,20,[ 2 11],62,-1,253,-1,233
1,<environment.Job instance at 0x7f8b507b3a50>,65,25,[3 7],66,-1,295,-1,270
1,<environment.Job instance at 0x7f8b507b3e60>,70,16,[ 1 13],71,-1,317,-1,301
1,<environment.Job instance at 0x7f8b507b3eb0>,71,28,[2 7],72,-1,329,-1,301
1,<environment.Job instance at 0x7f8b507b3fa0>,73,25,[3 9],74,-1,328,-1,303
1,<environment.Job instance at 0x7f8b50fbef00>,76,23,[2 8],77,-1,354,-1,331
1,<environment.Job instance at 0x7f8b507a3230>,79,27,[5 7],80,-1,358,-1,331
1,<environment.Job instance at 0x7f8b507a38c0>,80,15,[14  1],81,-1,346,-1,331
1,<environment.Job instance at 0x7f8b507a29b0>,81,24,[13  2],82,-1,355,-1,331
1,<environment.Job instance at 0x7f8b507a2960>,85,15,[11  4],86,-1,363,-1,348
1,<environment.Job instance at 0x7f8b507a25f0>,88,14,[ 4 13],89,-1,375,-1,361
1,<environment.Job instance at 0x7f8b507a2780>,89,3,[9 5],90,-1,364,-1,361
1,<environment.Job instance at 0x7f8b507a2370>,90,3,[1 8],91,-1,364,-1,361
1,<environment.Job instance at 0x7f8b507a22d0>,91,28,[9 2],92,-1,389,-1,361
1,<environment.Job instance at 0x7f8b507a2aa0>,92,15,[12  2],93,-1,376,-1,361
1,<environment.Job instance at 0x7f8b507a2410>,93,2,[10  2],94,-1,363,-1,361
1,<environment.Job instance at 0x7f8b507a2280>,94,15,[ 3 10],95,-1,384,-1,369
1,<environment.Job instance at 0x7f8b50bb75f0>,98,26,[11  5],99,-1,399,-1,373
1,<environment.Job instance at 0x7f8b518eb960>,99,28,[4 9],100,-1,401,-1,373
1,<environment.Job instance at 0x7f8b50b9e500>,101,1,[1 5],102,-1,374,-1,373
1,<environment.Job instance at 0x7f8b50b91a50>,106,14,[14  5],107,-1,421,-1,407
1,<environment.Job instance at 0x7f8b51d61280>,108,18,[ 4 11],109,-1,425,-1,407
1,<environment.Job instance at 0x7f8b518c3820>,109,18,[ 3 12],110,-1,425,-1,407
1,<environment.Job instance at 0x7f8b50bb9550>,111,24,[13  4],112,-1,443,-1,419
1,<environment.Job instance at 0x7f8b50bc6320>,112,19,[ 2 13],113,-1,438,-1,419
1,<environment.Job instance at 0x7f8b50bc6d70>,115,24,[12  4],116,-1,457,-1,433
1,<environment.Job instance at 0x7f8b50bc6eb0>,116,13,[10  2],117,-1,459,-1,446
1,<environment.Job instance at 0x7f8b50f37460>,120,3,[1 8],121,-1,458,-1,455
1,<environment.Job instance at 0x7f8b50f37af0>,121,27,[12  2],122,-1,482,-1,455
1,<environment.Job instance at 0x7f8b50f37910>,122,2,[10  5],123,-1,457,-1,455
1,<environment.Job instance at 0x7f8b50f3c4b0>,123,17,[12  2],124,-1,472,-1,455
1,<environment.Job instance at 0x7f8b50f2b690>,125,26,[9 4],126,-1,486,-1,460
1,<environment.Job instance at 0x7f8b50f33870>,126,21,[12  2],127,-1,481,-1,460
1,<environment.Job instance at 0x7f8b50f33a00>,127,25,[6 2],128,-1,485,-1,460
1,<environment.Job instance at 0x7f8b50f33910>,128,1,[5 5],129,-1,461,-1,460
1,<environment.Job instance at 0x7f8b5078db90>,132,14,[ 5 13],133,-1,505,-1,491
1,<environment.Job instance at 0x7f8b50f487d0>,134,22,[ 4 13],135,-1,513,-1,491
1,<environment.Job instance at 0x7f8b5078dfa0>,137,23,[3 9],138,-1,535,-1,512
1,<environment.Job instance at 0x7f8b50ba20a0>,139,2,[10  4],140,-1,517,-1,515
1,<environment.Job instance at 0x7f8b50bc8320>,140,13,[ 2 11],141,-1,528,-1,515
1,<environment.Job instance at 0x7f8b50bc8640>,142,28,[9 2],143,-1,554,-1,526
1,<environment.Job instance at 0x7f8b50bc83c0>,148,15,[ 2 12],149,-1,576,-1,561
1,<environment.Job instance at 0x7f8b50bc85f0>,149,24,[ 1 11],150,-1,585,-1,561
1,<environment.Job instance at 0x7f8b50bc8c30>,151,12,[ 3 10],152,-1,585,-1,573
1,<environment.Job instance at 0x7f8b50bc8c80>,152,18,[ 3 14],153,-1,591,-1,573
1,<environment.Job instance at 0x7f8b50bc8460>,153,2,[3 6],154,-1,575,-1,573
1,<environment.Job instance at 0x7f8b50f15fa0>,155,28,[10  4],156,-1,601,-1,573
1,<environment.Job instance at 0x7f8b51382460>,4,20,[ 3 12],5,-1,25,-1,5
1,<environment.Job instance at 0x7f8b51382820>,9,19,[13  1],10,-1,29,-1,10
1,<environment.Job instance at 0x7f8b51382870>,14,26,[12  1],15,-1,58,-1,32
1,<environment.Job instance at 0x7f8b50f57730>,19,26,[7 1],20,-1,77,-1,51
1,<environment.Job instance at 0x7f8b50f575f0>,20,22,[8 3],21,-1,141,-1,119
1,<environment.Job instance at 0x7f8b50f57c30>,27,14,[ 3 12],28,-1,133,-1,119
1,<environment.Job instance at 0x7f8b50f57b90>,28,18,[1 9],29,-1,145,-1,127
1,<environment.Job instance at 0x7f8b50f572d0>,29,23,[5 9],30,-1,150,-1,127
1,<environment.Job instance at 0x7f8b50f57690>,30,16,[ 5 13],31,-1,143,-1,127
1,<environment.Job instance at 0x7f8b50f57280>,31,22,[ 2 14],32,-1,149,-1,127
1,<environment.Job instance at 0x7f8b50f575a0>,33,1,[6 2],34,-1,136,-1,135
1,<environment.Job instance at 0x7f8b50f57c80>,34,24,[12  4],35,-1,159,-1,135
1,<environment.Job instance at 0x7f8b50f573c0>,35,17,[ 1 10],36,-1,152,-1,135
1,<environment.Job instance at 0x7f8b50fba190>,36,19,[6 2],37,-1,154,-1,135
1,<environment.Job instance at 0x7f8b50fbac30>,37,14,[9 2],38,-1,149,-1,135
1,<environment.Job instance at 0x7f8b50fba2d0>,38,14,[2 7],39,-1,149,-1,135
1,<environment.Job instance at 0x7f8b50fba640>,39,14,[5 7],40,-1,149,-1,135
1,<environment.Job instance at 0x7f8b50fba3c0>,40,14,[10  1],41,-1,149,-1,135
1,<environment.Job instance at 0x7f8b50fbabe0>,41,16,[6 2],42,-1,151,-1,135
1,<environment.Job instance at 0x7f8b50fba5f0>,42,25,[10  1],43,-1,160,-1,135
1,<environment.Job instance at 0x7f8b50fba9b0>,43,13,[ 5 11],44,-1,148,-1,135
1,<environment.Job instance at 0x7f8b50fba870>,44,12,[ 3 14],45,-1,147,-1,135
1,<environment.Job instance at 0x7f8b50fba0a0>,45,14,[2 9],46,-1,149,-1,135
1,<environment.Job instance at 0x7f8b50fba5a0>,46,13,[ 2 13],47,-1,148,-1,135
1,<environment.Job instance at 0x7f8b50fba820>,47,14,[13  2],48,-1,149,-1,135
1,<environment.Job instance at 0x7f8b50fbae60>,48,18,[11  2],49,-1,153,-1,135
1,<environment.Job instance at 0x7f8b50fba050>,49,25,[ 1 10],50,-1,160,-1,135
1,<environment.Job instance at 0x7f8b50fbadc0>,50,13,[ 2 12],51,-1,148,-1,135
1,<environment.Job instance at 0x7f8b50fba8c0>,51,3,[5 7],52,-1,138,-1,135
1,<environment.Job instance at 0x7f8b50fba550>,52,21,[4 8],53,-1,156,-1,135
1,<environment.Job instance at 0x7f8b50fba1e0>,53,12,[3 7],54,-1,147,-1,135
1,<environment.Job instance at 0x7f8b50fbaa00>,54,12,[3 7],55,-1,147,-1,135
1,<environment.Job instance at 0x7f8b50fbad70>,55,23,[2 8],56,-1,158,-1,135
1,<environment.Job instance at 0x7f8b50fbab90>,56,16,[ 2 13],57,-1,151,-1,135
1,<environment.Job instance at 0x7f8b5156ea00>,57,15,[6 2],58,-1,150,-1,135
1,<environment.Job instance at 0x7f8b5156eeb0>,58,14,[7 2],59,-1,149,-1,135
1,<environment.Job instance at 0x7f8b5156ec30>,59,18,[1 7],60,-1,163,-1,145
1,<environment.Job instance at 0x7f8b50f57550>,23,18,[ 2 12],24,-1,163,-1,145
1,<environment.Job instance at 0x7f8b5156e0f0>,64,26,[ 4 14],65,-1,175,-1,149
1,<environment.Job instance at 0x7f8b514b5af0>,102,27,[10  4],103,-1,578,-1,551
1,<environment.Job instance at 0x7f8b514b55f0>,104,27,[ 1 14],105,-1,596,-1,569
1,<environment.Job instance at 0x7f8b514b59b0>,106,15,[11  1],107,-1,584,-1,569
1,<environment.Job instance at 0x7f8b514b5b90>,107,14,[ 3 13],108,-1,583,-1,569
1,<environment.Job instance at 0x7f8b514b5230>,109,21,[ 4 14],110,-1,597,-1,576
1,<environment.Job instance at 0x7f8b50b74690>,2,21,[ 3 13],3,-1,24,-1,3
1,<environment.Job instance at 0x7f8b50473910>,5,13,[14  2],6,-1,19,-1,6
1,<environment.Job instance at 0x7f8b50e78af0>,6,16,[ 4 14],7,-1,23,-1,7
1,<environment.Job instance at 0x7f8b518b92d0>,8,14,[13  3],9,-1,23,-1,9
1,<environment.Job instance at 0x7f8b5050b4b0>,9,2,[3 9],10,-1,13,-1,11
1,<environment.Job instance at 0x7f8b5050b500>,11,17,[ 3 11],12,-1,29,-1,12
1,<environment.Job instance at 0x7f8b512b0f00>,16,27,[8 5],17,-1,44,-1,17
1,<environment.Job instance at 0x7f8b512b0140>,18,26,[10  5],19,-1,46,-1,20
1,<environment.Job instance at 0x7f8b513380a0>,21,14,[14  4],22,-1,45,-1,31
1,<environment.Job instance at 0x7f8b51338410>,24,20,[ 2 11],25,-1,68,-1,48
1,<environment.Job instance at 0x7f8b51338140>,25,3,[ 4 11],26,-1,51,-1,48
1,<environment.Job instance at 0x7f8b51338280>,26,16,[13  3],27,-1,64,-1,48
1,<environment.Job instance at 0x7f8b5045f960>,27,26,[10  5],28,-1,74,-1,48
1,<environment.Job instance at 0x7f8b5045f370>,29,13,[ 2 12],30,-1,70,-1,57
1,<environment.Job instance at 0x7f8b5045faf0>,30,13,[1 9],31,-1,70,-1,57
1,<environment.Job instance at 0x7f8b50c500f0>,31,17,[11  4],32,-1,74,-1,57
1,<environment.Job instance at 0x7f8b50c503c0>,32,24,[4 6],33,-1,81,-1,57
1,<environment.Job instance at 0x7f8b50c50500>,33,15,[ 2 13],34,-1,72,-1,57
1,<environment.Job instance at 0x7f8b50c50c80>,34,18,[11  2],35,-1,75,-1,57
1,<environment.Job instance at 0x7f8b50c50730>,35,14,[10  1],36,-1,73,-1,59
1,<environment.Job instance at 0x7f8b516a4870>,36,12,[9 5],37,-1,75,-1,63
1,<environment.Job instance at 0x7f8b516a48c0>,37,18,[14  1],38,-1,81,-1,63
1,<environment.Job instance at 0x7f8b516a4f00>,38,23,[ 1 11],39,-1,86,-1,63
1,<environment.Job instance at 0x7f8b5160df00>,39,12,[ 3 12],40,-1,75,-1,63
1,<environment.Job instance at 0x7f8b5160de60>,43,13,[ 3 11],44,-1,89,-1,76
1,<environment.Job instance at 0x7f8b5160d550>,44,12,[7 2],45,-1,90,-1,78
1,<environment.Job instance at 0x7f8b5085f960>,46,15,[11  2],47,-1,108,-1,93
1,<environment.Job instance at 0x7f8b5085fc30>,47,12,[7 2],48,-1,105,-1,93
1,<environment.Job instance at 0x7f8b5085f3c0>,48,25,[7 2],49,-1,118,-1,93
1,<environment.Job instance at 0x7f8b50e575a0>,49,18,[ 5 10],50,-1,121,-1,103
1,<environment.Job instance at 0x7f8b51492460>,52,19,[2 5],53,-1,133,-1,114
1,<environment.Job instance at 0x7f8b514833c0>,53,16,[13  2],54,-1,130,-1,114
1,<environment.Job instance at 0x7f8b514831e0>,54,12,[7 1],55,-1,126,-1,114
1,<environment.Job instance at 0x7f8b51bf7050>,55,19,[12  5],56,-1,133,-1,114
1,<environment.Job instance at 0x7f8b518bcb90>,59,2,[6 4],60,-1,128,-1,126
1,<environment.Job instance at 0x7f8b5141ac80>,60,25,[10  4],61,-1,151,-1,126
1,<environment.Job instance at 0x7f8b518bc910>,62,27,[7 5],63,-1,161,-1,134
1,<environment.Job instance at 0x7f8b518baa00>,64,25,[8 2],65,-1,159,-1,134
1,<environment.Job instance at 0x7f8b51cae7d0>,66,14,[ 2 12],67,-1,153,-1,139
1,<environment.Job instance at 0x7f8b51dbbaa0>,72,20,[ 1 13],73,-1,197,-1,177
1,<environment.Job instance at 0x7f8b5a487820>,73,14,[9 1],74,-1,193,-1,179
1,<environment.Job instance at 0x7f8b5a487460>,74,28,[ 3 10],75,-1,207,-1,179
1,<environment.Job instance at 0x7f8b51d955f0>,75,25,[9 5],76,-1,204,-1,179
1,<environment.Job instance at 0x7f8b5104f2d0>,79,12,[8 1],80,-1,207,-1,195
1,<environment.Job instance at 0x7f8b50504aa0>,82,21,[1 9],83,-1,237,-1,216
1,<environment.Job instance at 0x7f8b505048c0>,83,24,[7 4],84,-1,240,-1,216
1,<environment.Job instance at 0x7f8b50e34fa0>,88,17,[ 3 13],89,-1,264,-1,247
1,<environment.Job instance at 0x7f8b50e34230>,89,14,[14  2],90,-1,261,-1,247
1,<environment.Job instance at 0x7f8b50e34500>,92,2,[ 5 11],93,-1,267,-1,265
1,<environment.Job instance at 0x7f8b50e349b0>,95,22,[10  3],96,-1,319,-1,297
1,<environment.Job instance at 0x7f8b5187ba00>,97,13,[2 7],98,-1,310,-1,297
1,<environment.Job instance at 0x7f8b5187b370>,98,15,[4 7],99,-1,314,-1,299
1,<environment.Job instance at 0x7f8b5187b5f0>,99,1,[12  1],100,-1,300,-1,299
1,<environment.Job instance at 0x7f8b5187beb0>,100,25,[9 1],101,-1,324,-1,299
1,<environment.Job instance at 0x7f8b5187baf0>,103,22,[14  2],104,-1,335,-1,313
1,<environment.Job instance at 0x7f8b5187b690>,107,18,[ 3 10],108,-1,349,-1,331
1,<environment.Job instance at 0x7f8b50dde960>,109,27,[5 4],110,-1,358,-1,331
1,<environment.Job instance at 0x7f8b50dde730>,110,28,[7 5],111,-1,359,-1,331
1,<environment.Job instance at 0x7f8b50c12af0>,112,28,[14  2],113,-1,369,-1,341
1,<environment.Job instance at 0x7f8b50c129b0>,114,13,[ 5 10],115,-1,360,-1,347
1,<environment.Job instance at 0x7f8b50cf6e60>,115,22,[ 5 14],116,-1,369,-1,347
1,<environment.Job instance at 0x7f8b50cf6d20>,116,26,[8 5],117,-1,373,-1,347
1,<environment.Job instance at 0x7f8b50cf6870>,119,13,[13  5],120,-1,374,-1,361
1,<environment.Job instance at 0x7f8b50cf67d0>,120,14,[ 2 13],121,-1,375,-1,361
1,<environment.Job instance at 0x7f8b50cf64b0>,121,15,[ 3 10],122,-1,385,-1,370
1,<environment.Job instance at 0x7f8b50cf6280>,122,12,[ 5 13],123,-1,382,-1,370
1,<environment.Job instance at 0x7f8b519e5e60>,124,22,[13  3],125,-1,392,-1,370
1,<environment.Job instance at 0x7f8b519e5370>,125,26,[14  2],126,-1,396,-1,370
1,<environment.Job instance at 0x7f8b518bb140>,126,20,[ 4 12],127,-1,390,-1,370
1,<environment.Job instance at 0x7f8b518bbbe0>,127,13,[ 4 12],128,-1,383,-1,370
1,<environment.Job instance at 0x7f8b5095a5a0>,130,16,[ 5 12],131,-1,391,-1,375
1,<environment.Job instance at 0x7f8b5095a3c0>,131,22,[13  5],132,-1,397,-1,375
1,<environment.Job instance at 0x7f8b5095a7d0>,132,27,[5 3],133,-1,402,-1,375
1,<environment.Job instance at 0x7f8b50d33e10>,135,24,[5 4],136,-1,416,-1,392
1,<environment.Job instance at 0x7f8b50d330a0>,136,18,[12  1],137,-1,410,-1,392
1,<environment.Job instance at 0x7f8b5095ec80>,138,13,[ 5 14],139,-1,405,-1,392
1,<environment.Job instance at 0x7f8b5095e5a0>,139,17,[ 5 13],140,-1,409,-1,392
1,<environment.Job instance at 0x7f8b5095eeb0>,140,18,[12  5],141,-1,410,-1,392
1,<environment.Job instance at 0x7f8b5095e050>,142,27,[5 1],143,-1,431,-1,404
1,<environment.Job instance at 0x7f8b5095ee10>,145,17,[ 5 12],146,-1,435,-1,418
1,<environment.Job instance at 0x7f8b5095e9b0>,146,3,[3 6],147,-1,421,-1,418
1,<environment.Job instance at 0x7f8b5095eaa0>,147,24,[7 4],148,-1,442,-1,418
1,<environment.Job instance at 0x7f8b5095e7d0>,149,1,[3 6],150,-1,425,-1,424
1,<environment.Job instance at 0x7f8b5095e280>,150,12,[12  3],151,-1,436,-1,424
1,<environment.Job instance at 0x7f8b5095e870>,151,27,[6 5],152,-1,451,-1,424
1,<environment.Job instance at 0x7f8b5a9930a0>,154,17,[14  4],155,-1,460,-1,443
1,<environment.Job instance at 0x7f8b50e31140>,157,16,[ 1 13],158,-1,470,-1,454
1,<environment.Job instance at 0x7f8b50e31870>,158,25,[4 7],159,-1,479,-1,454
1,<environment.Job instance at 0x7f8b50e31c30>,160,12,[13  5],161,-1,484,-1,472
1,<environment.Job instance at 0x7f8b50caf050>,161,22,[14  4],162,-1,494,-1,472
1,<environment.Job instance at 0x7f8b50cafa00>,162,27,[5 3],163,-1,499,-1,472
1,<environment.Job instance at 0x7f8b50caf3c0>,166,26,[3 7],167,-1,511,-1,485
1,<environment.Job instance at 0x7f8b50e49910>,168,15,[11  4],169,-1,513,-1,498
1,<environment.Job instance at 0x7f8b50ce3f00>,169,18,[ 3 11],170,-1,516,-1,498
1,<environment.Job instance at 0x7f8b50ce3640>,170,23,[9 1],171,-1,521,-1,498
1,<environment.Job instance at 0x7f8b50ce34b0>,172,23,[11  3],173,-1,529,-1,506
1,<environment.Job instance at 0x7f8b50ce3820>,173,19,[ 4 10],174,-1,536,-1,517
1,<environment.Job instance at 0x7f8b50ce3410>,174,1,[1 5],175,-1,518,-1,517
1,<environment.Job instance at 0x7f8b50ce36e0>,176,27,[7 3],177,-1,544,-1,517
1,<environment.Job instance at 0x7f8b5094e190>,177,28,[13  1],178,-1,545,-1,517
1,<environment.Job instance at 0x7f8b50ce3c30>,178,25,[3 8],179,-1,542,-1,517
1,<environment.Job instance at 0x7f8b512b0a50>,2,24,[7 5],3,-1,27,-1,3
1,<environment.Job instance at 0x7f8b512b0d70>,4,14,[ 2 13],5,-1,19,-1,5
1,<environment.Job instance at 0x7f8b51da1370>,3,22,[11  1],4,-1,27,-1,5
1,<environment.Job instance at 0x7f8b5190c820>,6,28,[4 9],7,-1,35,-1,7
1,<environment.Job instance at 0x7f8b51806410>,7,28,[ 5 11],8,-1,36,-1,8
1,<environment.Job instance at 0x7f8b51806e10>,10,18,[13  5],11,-1,29,-1,11
1,<environment.Job instance at 0x7f8b51819780>,12,2,[5 9],13,-1,16,-1,14
1,<environment.Job instance at 0x7f8b51806c30>,14,14,[11  2],15,-1,29,-1,15
1,<environment.Job instance at 0x7f8b51806d20>,15,15,[12  2],16,-1,31,-1,16
1,<environment.Job instance at 0x7f8b515493c0>,16,2,[4 9],17,-1,19,-1,17
1,<environment.Job instance at 0x7f8b515490f0>,17,19,[14  2],18,-1,37,-1,18
1,<environment.Job instance at 0x7f8b51549370>,18,20,[ 5 12],19,-1,39,-1,19
1,<environment.Job instance at 0x7f8b515221e0>,31,1,[8 4],32,-1,79,-1,78
1,<environment.Job instance at 0x7f8b50f4ed70>,35,3,[ 4 13],36,-1,114,-1,111
1,<environment.Job instance at 0x7f8b50f507d0>,38,20,[ 4 11],39,-1,143,-1,123
1,<environment.Job instance at 0x7f8b5150b370>,39,15,[ 5 14],40,-1,138,-1,123
1,<environment.Job instance at 0x7f8b514e99b0>,41,12,[11  5],42,-1,135,-1,123
1,<environment.Job instance at 0x7f8b5150b780>,42,28,[8 5],43,-1,151,-1,123
1,<environment.Job instance at 0x7f8b5155afa0>,45,28,[7 3],46,-1,164,-1,136
1,<environment.Job instance at 0x7f8b51527f50>,48,25,[ 3 10],49,-1,186,-1,161
1,<environment.Job instance at 0x7f8b51527eb0>,49,18,[ 2 11],50,-1,179,-1,161
1,<environment.Job instance at 0x7f8b515534b0>,52,20,[ 4 13],53,-1,194,-1,174
1,<environment.Job instance at 0x7f8b51553e10>,53,17,[11  4],54,-1,193,-1,176
1,<environment.Job instance at 0x7f8b51553c80>,56,23,[9 2],57,-1,216,-1,193
1,<environment.Job instance at 0x7f8b5152a870>,60,3,[9 5],61,-1,221,-1,218
1,<environment.Job instance at 0x7f8b5152a9b0>,63,27,[ 1 14],64,-1,245,-1,218
1,<environment.Job instance at 0x7f8b5152a910>,67,22,[12  2],68,-1,261,-1,239
1,<environment.Job instance at 0x7f8b5152aaf0>,68,27,[7 4],69,-1,266,-1,239
1,<environment.Job instance at 0x7f8b5155ea50>,72,26,[14  5],73,-1,283,-1,257
1,<environment.Job instance at 0x7f8b5155eaf0>,73,12,[11  4],74,-1,269,-1,257
1,<environment.Job instance at 0x7f8b5155eb90>,74,26,[8 3],75,-1,283,-1,257
1,<environment.Job instance at 0x7f8b5155ea00>,78,18,[14  4],79,-1,292,-1,274
1,<environment.Job instance at 0x7f8b518a9190>,82,24,[4 7],83,-1,326,-1,302
1,<environment.Job instance at 0x7f8b518a9370>,85,2,[12  1],86,-1,310,-1,308
1,<environment.Job instance at 0x7f8b518a94b0>,87,23,[ 4 12],88,-1,344,-1,321
1,<environment.Job instance at 0x7f8b518a9550>,88,26,[ 4 14],89,-1,347,-1,321
1,<environment.Job instance at 0x7f8b518a95f0>,89,15,[ 1 14],90,-1,336,-1,321
1,<environment.Job instance at 0x7f8b518a97d0>,90,14,[11  2],91,-1,335,-1,321
1,<environment.Job instance at 0x7f8b518a96e0>,91,13,[13  4],92,-1,334,-1,321
1,<environment.Job instance at 0x7f8b518a9960>,93,27,[ 4 13],94,-1,353,-1,326
1,<environment.Job instance at 0x7f8b518a9140>,94,23,[ 4 10],95,-1,349,-1,326
1,<environment.Job instance at 0x7f8b518a9a50>,95,15,[ 4 12],96,-1,341,-1,326
1,<environment.Job instance at 0x7f8b518a9b90>,97,16,[ 5 11],98,-1,357,-1,341
1,<environment.Job instance at 0x7f8b518a9c30>,98,28,[7 3],99,-1,369,-1,341
1,<environment.Job instance at 0x7f8b518a9cd0>,99,27,[3 8],100,-1,368,-1,341
1,<environment.Job instance at 0x7f8b518a9d70>,100,23,[5 9],101,-1,364,-1,341
1,<environment.Job instance at 0x7f8b518a9f50>,103,20,[ 1 10],104,-1,417,-1,397
1,<environment.Job instance at 0x7f8b5189d690>,115,14,[11  1],116,-1,443,-1,429
1,<environment.Job instance at 0x7f8b5189d730>,116,23,[ 2 11],117,-1,452,-1,429
1,<environment.Job instance at 0x7f8b5189d7d0>,117,21,[ 1 11],118,-1,450,-1,429
1,<environment.Job instance at 0x7f8b5189d870>,118,1,[ 2 14],119,-1,430,-1,429
1,<environment.Job instance at 0x7f8b5189da50>,121,15,[13  2],122,-1,458,-1,443
1,<environment.Job instance at 0x7f8b5189daf0>,122,16,[ 5 11],123,-1,459,-1,443
1,<environment.Job instance at 0x7f8b5189dd70>,123,18,[13  4],124,-1,461,-1,443
1,<environment.Job instance at 0x7f8b5189deb0>,124,15,[ 3 14],125,-1,458,-1,443
1,<environment.Job instance at 0x7f8b5189dfa0>,125,18,[13  2],126,-1,461,-1,443
1,<environment.Job instance at 0x7f8b5189ddc0>,126,1,[12  5],127,-1,444,-1,443
1,<environment.Job instance at 0x7f8b51873370>,131,12,[ 4 14],132,-1,492,-1,480
1,<environment.Job instance at 0x7f8b518734b0>,133,18,[14  1],134,-1,508,-1,490
1,<environment.Job instance at 0x7f8b518735f0>,135,15,[12  1],136,-1,508,-1,493
1,<environment.Job instance at 0x7f8b51873870>,136,13,[ 5 12],137,-1,506,-1,493
1,<environment.Job instance at 0x7f8b51873af0>,140,2,[3 9],141,-1,525,-1,523
1,<environment.Job instance at 0x7f8b51873b90>,141,28,[9 4],142,-1,551,-1,523
1,<environment.Job instance at 0x7f8b51873cd0>,143,12,[ 3 13],144,-1,538,-1,526
1,<environment.Job instance at 0x7f8b51873d70>,144,23,[6 2],145,-1,563,-1,540
1,<environment.Job instance at 0x7f8b51873f50>,147,24,[10  4],148,-1,564,-1,540
1,<environment.Job instance at 0x7f8b51873e60>,148,24,[3 9],149,-1,564,-1,540
1,<environment.Job instance at 0x7f8b51873fa0>,149,18,[ 3 12],150,-1,558,-1,540
1,<environment.Job instance at 0x7f8b518710f0>,150,18,[13  3],151,-1,558,-1,540
1,<environment.Job instance at 0x7f8b51871230>,151,2,[1 5],152,-1,542,-1,540
1,<environment.Job instance at 0x7f8b518714b0>,155,19,[ 5 13],156,-1,583,-1,564
1,<environment.Job instance at 0x7f8b51871b90>,164,24,[5 9],165,-1,653,-1,629
1,<environment.Job instance at 0x7f8b51871cd0>,166,23,[3 9],167,-1,670,-1,647
1,<environment.Job instance at 0x7f8b51871eb0>,169,1,[ 1 12],170,-1,659,-1,658
1,<environment.Job instance at 0x7f8b518719b0>,171,27,[10  5],172,-1,688,-1,661
1,<environment.Job instance at 0x7f8b51872280>,172,15,[12  5],175,-1,676,-1,661
1,<environment.Job instance at 0x7f8b51872190>,173,24,[13  2],176,-1,685,-1,661
1,<environment.Job instance at 0x7f8b5133c0f0>,4,23,[ 5 10],5,-1,28,-1,5
1,<environment.Job instance at 0x7f8b507ed2d0>,6,22,[ 1 14],7,-1,29,-1,7
1,<environment.Job instance at 0x7f8b507ed6e0>,7,3,[11  2],8,-1,12,-1,9
1,<environment.Job instance at 0x7f8b507ede10>,9,25,[12  3],10,-1,35,-1,10
1,<environment.Job instance at 0x7f8b507ed190>,10,27,[ 4 11],11,-1,38,-1,11
1,<environment.Job instance at 0x7f8b507edbe0>,11,15,[13  2],12,-1,27,-1,12
1,<environment.Job instance at 0x7f8b507edb40>,18,16,[ 5 13],19,-1,45,-1,29
1,<environment.Job instance at 0x7f8b51d8b820>,19,23,[5 5],20,-1,96,-1,73
1,<environment.Job instance at 0x7f8b51d8ba00>,24,3,[11  5],25,-1,76,-1,73
1,<environment.Job instance at 0x7f8b51d8b370>,25,3,[ 4 14],26,-1,76,-1,73
1,<environment.Job instance at 0x7f8b51d8bc80>,26,28,[ 4 11],27,-1,101,-1,73
1,<environment.Job instance at 0x7f8b51d8be10>,28,18,[11  1],29,-1,94,-1,76
1,<environment.Job instance at 0x7f8b5104e1e0>,42,25,[8 4],43,-1,232,-1,207
1,<environment.Job instance at 0x7f8b5104e730>,44,18,[13  1],45,-1,236,-1,218
1,<environment.Job instance at 0x7f8b5104e050>,45,13,[ 3 10],46,-1,245,-1,232
1,<environment.Job instance at 0x7f8b5104e690>,46,14,[ 1 14],47,-1,246,-1,232
1,<environment.Job instance at 0x7f8b5104e2d0>,48,2,[10  1],49,-1,241,-1,239
1,<environment.Job instance at 0x7f8b5104e0f0>,49,25,[8 3],50,-1,264,-1,239
1,<environment.Job instance at 0x7f8b5104e0a0>,50,2,[5 5],51,-1,243,-1,241
1,<environment.Job instance at 0x7f8b50beb870>,55,25,[5 7],56,-1,285,-1,260
1,<environment.Job instance at 0x7f8b50beba50>,57,18,[11  2],58,-1,278,-1,260
1,<environment.Job instance at 0x7f8b50beb050>,60,14,[12  3],61,-1,290,-1,276
1,<environment.Job instance at 0x7f8b51049230>,63,28,[4 5],64,-1,326,-1,298
1,<environment.Job instance at 0x7f8b51049af0>,64,1,[ 3 10],65,-1,299,-1,298
1,<environment.Job instance at 0x7f8b51049190>,66,3,[7 4],67,-1,301,-1,298
1,<environment.Job instance at 0x7f8b51049780>,68,24,[14  3],69,-1,334,-1,310
1,<environment.Job instance at 0x7f8b510290f0>,72,27,[2 9],73,-1,358,-1,331
1,<environment.Job instance at 0x7f8b510294b0>,75,26,[ 5 11],76,-1,385,-1,359
1,<environment.Job instance at 0x7f8b50d1f0a0>,82,26,[5 4],83,-1,426,-1,400
1,<environment.Job instance at 0x7f8b50c5d0f0>,83,26,[ 1 10],84,-1,426,-1,400
1,<environment.Job instance at 0x7f8b512ccb90>,88,28,[14  3],89,-1,471,-1,443
1,<environment.Job instance at 0x7f8b50d78a50>,90,3,[10  4],91,-1,468,-1,465
1,<environment.Job instance at 0x7f8b516ced20>,93,17,[ 2 12],94,-1,493,-1,476
1,<environment.Job instance at 0x7f8b50b4fa50>,96,13,[ 5 11],97,-1,501,-1,488
1,<environment.Job instance at 0x7f8b513658c0>,99,2,[ 4 11],100,-1,499,-1,497
1,<environment.Job instance at 0x7f8b5187a0a0>,100,24,[8 5],101,-1,521,-1,497
1,<environment.Job instance at 0x7f8b51bcba50>,103,17,[13  2],104,-1,529,-1,512
1,<environment.Job instance at 0x7f8b51b762d0>,104,23,[9 3],105,-1,535,-1,512
1,<environment.Job instance at 0x7f8b50c972d0>,105,12,[1 9],106,-1,524,-1,512
1,<environment.Job instance at 0x7f8b51db9410>,109,14,[ 5 14],110,-1,553,-1,539
1,<environment.Job instance at 0x7f8b51db9460>,112,25,[10  1],113,-1,571,-1,546
1,<environment.Job instance at 0x7f8b50b24820>,116,21,[12  2],117,-1,591,-1,570
1,<environment.Job instance at 0x7f8b50b29780>,118,14,[ 1 14],119,-1,599,-1,585
1,<environment.Job instance at 0x7f8b50b05c80>,120,15,[12  3],121,-1,605,-1,590
1,<environment.Job instance at 0x7f8b5a8d05a0>,122,14,[ 5 14],123,-1,618,-1,604
1,<environment.Job instance at 0x7f8b5139aaa0>,124,13,[12  5],125,-1,619,-1,606
1,<environment.Job instance at 0x7f8b5139a500>,125,12,[12  3],126,-1,618,-1,606
1,<environment.Job instance at 0x7f8b5139aaf0>,127,15,[12  3],128,-1,630,-1,615
1,<environment.Job instance at 0x7f8b5139a960>,131,23,[5 9],132,-1,664,-1,641
1,<environment.Job instance at 0x7f8b5139a1e0>,132,24,[11  4],133,-1,665,-1,641
1,<environment.Job instance at 0x7f8b51977d20>,135,15,[ 4 12],136,-1,671,-1,656
1,<environment.Job instance at 0x7f8b51977a00>,137,25,[ 1 10],138,-1,684,-1,659
1,<environment.Job instance at 0x7f8b51977dc0>,138,1,[8 4],139,-1,660,-1,659
1,<environment.Job instance at 0x7f8b519779b0>,139,25,[ 4 11],140,-1,684,-1,659
1,<environment.Job instance at 0x7f8b517ed230>,141,26,[13  2],142,-1,687,-1,661
1,<environment.Job instance at 0x7f8b517ed640>,142,2,[ 2 13],143,-1,663,-1,661
1,<environment.Job instance at 0x7f8b5104c550>,143,16,[ 3 10],144,-1,693,-1,677
1,<environment.Job instance at 0x7f8b55e71f50>,146,12,[11  2],147,-1,689,-1,677
1,<environment.Job instance at 0x7f8b50c060f0>,148,19,[ 5 11],149,-1,714,-1,695
1,<environment.Job instance at 0x7f8b50c06500>,150,12,[ 1 12],151,-1,721,-1,709
1,<environment.Job instance at 0x7f8b5161b910>,156,23,[8 1],157,-1,771,-1,748
1,<environment.Job instance at 0x7f8b5161b500>,157,15,[14  5],158,-1,763,-1,748
1,<environment.Job instance at 0x7f8b51a213c0>,158,13,[ 3 13],166,-1,761,-1,748
1,<environment.Job instance at 0x7f8b51242960>,1,12,[ 4 12],2,-1,14,-1,2
1,<environment.Job instance at 0x7f8b51388e10>,2,27,[4 8],3,-1,30,-1,3
1,<environment.Job instance at 0x7f8b513884b0>,5,24,[5 6],6,-1,30,-1,6
1,<environment.Job instance at 0x7f8b513889b0>,7,2,[3 9],8,-1,10,-1,8
1,<environment.Job instance at 0x7f8b51388280>,8,17,[ 3 14],9,-1,26,-1,9
1,<environment.Job instance at 0x7f8b513885f0>,9,23,[8 5],10,-1,33,-1,10
1,<environment.Job instance at 0x7f8b51242a00>,13,2,[5 7],14,-1,17,-1,15
1,<environment.Job instance at 0x7f8b51388a50>,15,28,[ 2 14],16,-1,44,-1,16
1,<environment.Job instance at 0x7f8b51388aa0>,20,27,[5 8],21,-1,54,-1,27
1,<environment.Job instance at 0x7f8b51388c80>,16,22,[9 4],17,-1,70,-1,48
1,<environment.Job instance at 0x7f8b50481a00>,23,15,[ 5 12],24,-1,63,-1,48
1,<environment.Job instance at 0x7f8b504817d0>,29,2,[5 5],30,-1,84,-1,82
1,<environment.Job instance at 0x7f8b50481640>,30,24,[10  1],31,-1,106,-1,82
1,<environment.Job instance at 0x7f8b50481dc0>,31,26,[5 8],32,-1,108,-1,82
1,<environment.Job instance at 0x7f8b50481be0>,34,16,[ 3 14],35,-1,104,-1,88
1,<environment.Job instance at 0x7f8b50481690>,37,15,[13  3],38,-1,118,-1,103
1,<environment.Job instance at 0x7f8b50481870>,39,26,[6 2],40,-1,134,-1,108
1,<environment.Job instance at 0x7f8b50481280>,42,26,[13  4],43,-1,151,-1,125
1,<environment.Job instance at 0x7f8b50481d20>,43,12,[ 4 10],44,-1,145,-1,133
1,<environment.Job instance at 0x7f8b50481050>,44,23,[14  1],45,-1,156,-1,133
1,<environment.Job instance at 0x7f8b50481230>,45,14,[ 1 12],46,-1,147,-1,133
1,<environment.Job instance at 0x7f8b50803d70>,46,17,[14  4],47,-1,150,-1,133
1,<environment.Job instance at 0x7f8b50803550>,49,1,[9 4],50,-1,143,-1,142
1,<environment.Job instance at 0x7f8b50803aa0>,50,24,[8 2],51,-1,166,-1,142
1,<environment.Job instance at 0x7f8b50803050>,51,27,[ 3 13],52,-1,169,-1,142
1,<environment.Job instance at 0x7f8b50803690>,52,18,[ 2 12],53,-1,160,-1,142
1,<environment.Job instance at 0x7f8b508030a0>,57,15,[14  1],58,-1,186,-1,171
1,<environment.Job instance at 0x7f8b50803230>,58,26,[11  3],59,-1,197,-1,171
1,<environment.Job instance at 0x7f8b50803280>,61,26,[ 1 10],62,-1,210,-1,184
1,<environment.Job instance at 0x7f8b508035f0>,63,1,[7 1],64,-1,193,-1,192
1,<environment.Job instance at 0x7f8b50803b40>,64,18,[ 4 11],65,-1,210,-1,192
1,<environment.Job instance at 0x7f8b508030f0>,65,1,[10  4],66,-1,193,-1,192
1,<environment.Job instance at 0x7f8b50800690>,70,21,[ 2 14],71,-1,254,-1,233
1,<environment.Job instance at 0x7f8b508006e0>,71,18,[13  5],72,-1,251,-1,233
1,<environment.Job instance at 0x7f8b508002d0>,72,20,[ 4 11],73,-1,253,-1,233
1,<environment.Job instance at 0x7f8b50800370>,73,12,[ 4 10],74,-1,245,-1,233
1,<environment.Job instance at 0x7f8b50800780>,78,15,[13  4],79,-1,266,-1,251
1,<environment.Job instance at 0x7f8b50453fa0>,79,1,[1 9],80,-1,252,-1,251
1,<environment.Job instance at 0x7f8b50453500>,89,17,[ 2 14],90,-1,351,-1,334
1,<environment.Job instance at 0x7f8b504532d0>,90,13,[13  4],91,-1,347,-1,334
1,<environment.Job instance at 0x7f8b504530a0>,91,18,[12  2],92,-1,352,-1,334
1,<environment.Job instance at 0x7f8b50453eb0>,92,3,[8 4],93,-1,337,-1,334
1,<environment.Job instance at 0x7f8b504537d0>,94,1,[5 4],95,-1,346,-1,345
1,<environment.Job instance at 0x7f8b50453140>,95,1,[ 1 13],96,-1,346,-1,345
1,<environment.Job instance at 0x7f8b50453050>,96,3,[4 8],97,-1,348,-1,345
1,<environment.Job instance at 0x7f8b50453dc0>,97,12,[12  3],98,-1,357,-1,345
1,<environment.Job instance at 0x7f8b5055ca00>,101,2,[5 7],102,-1,356,-1,354
1,<environment.Job instance at 0x7f8b5055c370>,102,13,[11  2],103,-1,367,-1,354
1,<environment.Job instance at 0x7f8b5055c8c0>,103,12,[ 3 10],104,-1,369,-1,357
1,<environment.Job instance at 0x7f8b5055ceb0>,104,13,[12  4],105,-1,370,-1,357
1,<environment.Job instance at 0x7f8b5055c190>,105,24,[12  2],106,-1,381,-1,357
1,<environment.Job instance at 0x7f8b5055c5f0>,106,12,[ 2 12],107,-1,369,-1,357
1,<environment.Job instance at 0x7f8b5055c690>,108,3,[5 1],109,-1,369,-1,366
1,<environment.Job instance at 0x7f8b5055c730>,110,3,[1 7],111,-1,369,-1,366
1,<environment.Job instance at 0x7f8b5055c0a0>,112,17,[ 3 10],113,-1,430,-1,413
1,<environment.Job instance at 0x7f8b50802960>,117,13,[ 4 10],118,-1,426,-1,413
1,<environment.Job instance at 0x7f8b50802370>,122,24,[ 4 14],123,-1,487,-1,463
1,<environment.Job instance at 0x7f8b50802a00>,123,23,[9 5],124,-1,486,-1,463
1,<environment.Job instance at 0x7f8b508020a0>,124,13,[ 4 13],125,-1,476,-1,463
1,<environment.Job instance at 0x7f8b50802d20>,125,1,[3 6],126,-1,464,-1,463
1,<environment.Job instance at 0x7f8b508021e0>,126,14,[ 1 11],127,-1,477,-1,463
1,<environment.Job instance at 0x7f8b50802910>,127,24,[7 4],128,-1,487,-1,463
1,<environment.Job instance at 0x7f8b50802f00>,131,3,[6 3],132,-1,481,-1,478
1,<environment.Job instance at 0x7f8b50802460>,132,12,[14  4],133,-1,490,-1,478
1,<environment.Job instance at 0x7f8b510cda50>,133,14,[ 2 10],134,-1,498,-1,484
1,<environment.Job instance at 0x7f8b50f40370>,137,25,[6 2],138,-1,518,-1,493
1,<environment.Job instance at 0x7f8b51bf7820>,138,17,[ 1 13],139,-1,510,-1,493
1,<environment.Job instance at 0x7f8b50f40dc0>,140,24,[5 6],141,-1,532,-1,508
1,<environment.Job instance at 0x7f8b51b40960>,145,26,[6 2],146,-1,570,-1,544
1,<environment.Job instance at 0x7f8b5168a730>,148,26,[10  2],149,-1,588,-1,562
1,<environment.Job instance at 0x7f8b51d7dfa0>,155,28,[4 9],156,-1,644,-1,616
1,<environment.Job instance at 0x7f8b50a1a1e0>,156,16,[12  5],157,-1,632,-1,616
1,<environment.Job instance at 0x7f8b5121d320>,157,1,[ 2 14],158,-1,617,-1,616
1,<environment.Job instance at 0x7f8b517b8e10>,159,17,[14  3],160,-1,633,-1,616
1,<environment.Job instance at 0x7f8b51bb3eb0>,160,28,[10  3],161,-1,644,-1,616
1,<environment.Job instance at 0x7f8b5a3f47d0>,161,3,[4 7],162,-1,619,-1,616
1,<environment.Job instance at 0x7f8b5063b550>,162,1,[5 1],163,-1,617,-1,616
1,<environment.Job instance at 0x7f8b519631e0>,164,15,[ 1 10],165,-1,644,-1,629
1,<environment.Job instance at 0x7f8b51963cd0>,165,2,[5 7],166,-1,631,-1,629
1,<environment.Job instance at 0x7f8b515df7d0>,168,17,[ 3 11],169,-1,669,-1,652
1,<environment.Job instance at 0x7f8b515dfa00>,169,15,[ 5 11],170,-1,667,-1,652
1,<environment.Job instance at 0x7f8b519ace10>,170,28,[ 2 11],171,-1,680,-1,652
1,<environment.Job instance at 0x7f8b519ac0a0>,171,23,[5 5],172,-1,675,-1,652
1,<environment.Job instance at 0x7f8b515dfdc0>,172,12,[11  3],173,-1,664,-1,652
1,<environment.Job instance at 0x7f8b519ac050>,173,26,[ 4 12],174,-1,678,-1,652
1,<environment.Job instance at 0x7f8b519acc30>,174,12,[ 4 12],175,-1,664,-1,652
1,<environment.Job instance at 0x7f8b51721cd0>,176,18,[14  4],177,-1,670,-1,652
1,<environment.Job instance at 0x7f8b507aa3c0>,178,15,[ 2 12],179,-1,673,-1,658
1,<environment.Job instance at 0x7f8b51d86f50>,152,17,[14  5],153,-1,711,-1,694
1,<environment.Job instance at 0x7f8b519f98c0>,3,27,[3 6],4,-1,31,-1,4
1,<environment.Job instance at 0x7f8b50605eb0>,5,22,[ 4 10],6,-1,29,-1,7
1,<environment.Job instance at 0x7f8b514836e0>,17,13,[ 5 10],18,-1,88,-1,75
1,<environment.Job instance at 0x7f8b51483230>,18,23,[ 4 11],19,-1,98,-1,75
1,<environment.Job instance at 0x7f8b51483fa0>,22,17,[11  3],23,-1,116,-1,99
1,<environment.Job instance at 0x7f8b514835a0>,26,25,[3 6],27,-1,140,-1,115
1,<environment.Job instance at 0x7f8b5a754f00>,27,1,[ 2 12],28,-1,116,-1,115
1,<environment.Job instance at 0x7f8b5a754190>,28,14,[14  4],29,-1,129,-1,115
1,<environment.Job instance at 0x7f8b5a754140>,29,17,[ 3 14],30,-1,132,-1,115
1,<environment.Job instance at 0x7f8b50d73af0>,32,1,[ 2 10],33,-1,131,-1,130
1,<environment.Job instance at 0x7f8b510e5960>,36,23,[13  2],37,-1,178,-1,155
1,<environment.Job instance at 0x7f8b510e55a0>,37,14,[12  4],38,-1,169,-1,155
1,<environment.Job instance at 0x7f8b510e53c0>,38,25,[ 2 10],39,-1,180,-1,155
1,<environment.Job instance at 0x7f8b510e5370>,39,24,[14  1],40,-1,179,-1,155
1,<environment.Job instance at 0x7f8b510e5b40>,40,2,[4 8],41,-1,157,-1,155
1,<environment.Job instance at 0x7f8b510e52d0>,41,25,[14  2],42,-1,180,-1,155
1,<environment.Job instance at 0x7f8b510e5550>,43,28,[5 9],44,-1,191,-1,163
1,<environment.Job instance at 0x7f8b510e58c0>,44,14,[7 1],45,-1,179,-1,165
1,<environment.Job instance at 0x7f8b505ea1e0>,45,28,[6 1],46,-1,193,-1,165
1,<environment.Job instance at 0x7f8b505ea3c0>,46,22,[2 6],47,-1,187,-1,165
1,<environment.Job instance at 0x7f8b505eaf50>,49,20,[1 5],50,-1,199,-1,179
1,<environment.Job instance at 0x7f8b505ea230>,50,23,[7 5],51,-1,202,-1,179
1,<environment.Job instance at 0x7f8b505ea550>,55,18,[ 5 11],56,-1,228,-1,210
1,<environment.Job instance at 0x7f8b505ea870>,57,1,[14  4],58,-1,219,-1,218
1,<environment.Job instance at 0x7f8b505ea5a0>,58,18,[11  4],59,-1,236,-1,218
1,<environment.Job instance at 0x7f8b509cbeb0>,65,23,[13  4],66,-1,292,-1,269
1,<environment.Job instance at 0x7f8b509cb320>,66,17,[12  2],67,-1,286,-1,269
1,<environment.Job instance at 0x7f8b509cb0f0>,67,2,[4 8],68,-1,271,-1,269
1,<environment.Job instance at 0x7f8b509cb780>,72,17,[14  5],73,-1,321,-1,304
1,<environment.Job instance at 0x7f8b509cb4b0>,73,12,[11  5],74,-1,316,-1,304
1,<environment.Job instance at 0x7f8b509cbe10>,75,12,[9 1],76,-1,316,-1,304
1,<environment.Job instance at 0x7f8b509cb280>,78,12,[ 1 13],79,-1,340,-1,328
1,<environment.Job instance at 0x7f8b509cbf00>,79,14,[11  1],80,-1,342,-1,328
1,<environment.Job instance at 0x7f8b509af9b0>,80,14,[14  1],81,-1,342,-1,328
1,<environment.Job instance at 0x7f8b509afd70>,81,24,[5 5],82,-1,352,-1,328
1,<environment.Job instance at 0x7f8b509aff50>,82,15,[ 4 11],83,-1,343,-1,328
1,<environment.Job instance at 0x7f8b509af410>,84,21,[ 1 14],85,-1,364,-1,343
1,<environment.Job instance at 0x7f8b509af730>,87,16,[ 4 14],88,-1,359,-1,343
1,<environment.Job instance at 0x7f8b509af320>,88,14,[ 4 10],89,-1,357,-1,343
1,<environment.Job instance at 0x7f8b509af280>,89,16,[ 2 12],90,-1,359,-1,343
1,<environment.Job instance at 0x7f8b509af2d0>,90,17,[13  4],91,-1,360,-1,343
1,<environment.Job instance at 0x7f8b509af0f0>,91,1,[ 5 11],92,-1,344,-1,343
1,<environment.Job instance at 0x7f8b509afe60>,96,12,[12  5],97,-1,391,-1,379
1,<environment.Job instance at 0x7f8b51346780>,97,3,[4 7],98,-1,382,-1,379
1,<environment.Job instance at 0x7f8b51346820>,99,26,[ 2 12],100,-1,417,-1,391
1,<environment.Job instance at 0x7f8b51346af0>,101,1,[ 3 12],102,-1,397,-1,396
1,<environment.Job instance at 0x7f8b513465a0>,102,24,[10  3],103,-1,420,-1,396
1,<environment.Job instance at 0x7f8b51346dc0>,103,3,[1 9],104,-1,399,-1,396
1,<environment.Job instance at 0x7f8b51346960>,104,3,[11  1],105,-1,399,-1,396
1,<environment.Job instance at 0x7f8b51346870>,107,26,[5 5],108,-1,439,-1,413
1,<environment.Job instance at 0x7f8b50fc0140>,108,21,[13  1],109,-1,434,-1,413
1,<environment.Job instance at 0x7f8b50fc0910>,113,1,[10  4],114,-1,446,-1,445
1,<environment.Job instance at 0x7f8b50fc0190>,114,2,[6 2],115,-1,447,-1,445
1,<environment.Job instance at 0x7f8b50470aa0>,116,25,[9 4],117,-1,470,-1,445
1,<environment.Job instance at 0x7f8b504700f0>,117,26,[ 3 11],118,-1,471,-1,445
1,<environment.Job instance at 0x7f8b50470c30>,119,26,[12  4],120,-1,488,-1,462
1,<environment.Job instance at 0x7f8b50470c80>,120,16,[12  4],121,-1,478,-1,462
1,<environment.Job instance at 0x7f8b50470550>,121,26,[5 2],122,-1,488,-1,462
1,<environment.Job instance at 0x7f8b504705a0>,122,24,[9 3],123,-1,486,-1,462
1,<environment.Job instance at 0x7f8b50470870>,123,26,[6 3],124,-1,488,-1,462
1,<environment.Job instance at 0x7f8b50470960>,125,20,[14  3],126,-1,482,-1,462
1,<environment.Job instance at 0x7f8b51706690>,128,22,[3 8],129,-1,531,-1,509
1,<environment.Job instance at 0x7f8b519ac960>,131,26,[2 6],132,-1,535,-1,509
1,<environment.Job instance at 0x7f8b519ac6e0>,133,25,[1 6],134,-1,542,-1,517
1,<environment.Job instance at 0x7f8b51420280>,138,16,[13  3],139,-1,573,-1,557
1,<environment.Job instance at 0x7f8b51457e10>,141,16,[11  1],142,-1,584,-1,568
1,<environment.Job instance at 0x7f8b5063b820>,142,19,[11  4],143,-1,587,-1,568
1,<environment.Job instance at 0x7f8b518155f0>,152,28,[14  1],153,-1,681,-1,653
1,<environment.Job instance at 0x7f8b509bf0a0>,153,25,[10  1],154,-1,678,-1,653
1,<environment.Job instance at 0x7f8b50b2a2d0>,154,14,[ 1 14],155,-1,667,-1,653
1,<environment.Job instance at 0x7f8b5100f140>,155,21,[ 1 14],156,-1,674,-1,653
1,<environment.Job instance at 0x7f8b55e3e910>,161,25,[9 4],162,-1,715,-1,690
1,<environment.Job instance at 0x7f8b5a3510a0>,162,1,[ 3 10],163,-1,691,-1,690
1,<environment.Job instance at 0x7f8b50b0b140>,166,28,[ 5 12],167,-1,739,-1,711
1,<environment.Job instance at 0x7f8b51a99050>,168,23,[10  1],173,-1,734,-1,711
1,<environment.Job instance at 0x7f8b50c013c0>,1,26,[ 3 10],2,-1,28,-1,2
1,<environment.Job instance at 0x7f8b50a23780>,3,22,[ 3 12],4,-1,26,-1,4
1,<environment.Job instance at 0x7f8b50a37780>,6,12,[ 5 14],7,-1,19,-1,7
1,<environment.Job instance at 0x7f8b51ca65f0>,20,21,[ 5 11],21,-1,97,-1,76
1,<environment.Job instance at 0x7f8b51ca6690>,21,1,[1 5],22,-1,77,-1,76
1,<environment.Job instance at 0x7f8b51ca67d0>,23,2,[3 7],24,-1,91,-1,89
1,<environment.Job instance at 0x7f8b51ca6960>,24,18,[ 3 14],25,-1,107,-1,89
1,<environment.Job instance at 0x7f8b51ca6a00>,25,17,[14  4],26,-1,106,-1,89
1,<environment.Job instance at 0x7f8b51ca6910>,27,16,[12  2],28,-1,105,-1,89
1,<environment.Job instance at 0x7f8b51ca6b90>,28,13,[ 4 14],29,-1,102,-1,89
1,<environment.Job instance at 0x7f8b51ca6cd0>,31,13,[14  3],32,-1,116,-1,103
1,<environment.Job instance at 0x7f8b51ca6f50>,33,2,[6 2],34,-1,109,-1,107
1,<environment.Job instance at 0x7f8b51ca6fa0>,36,12,[11  5],37,-1,134,-1,122
1,<environment.Job instance at 0x7f8b50b03050>,37,18,[ 3 10],38,-1,168,-1,150
1,<environment.Job instance at 0x7f8b50b03460>,39,14,[ 5 11],40,-1,164,-1,150
1,<environment.Job instance at 0x7f8b50b03280>,40,17,[ 3 14],41,-1,167,-1,150
1,<environment.Job instance at 0x7f8b50b034b0>,41,23,[7 5],42,-1,173,-1,150
1,<environment.Job instance at 0x7f8b50b035f0>,43,23,[1 5],44,-1,190,-1,167
1,<environment.Job instance at 0x7f8b50b037d0>,45,26,[ 1 11],46,-1,193,-1,167
1,<environment.Job instance at 0x7f8b50b03730>,46,12,[13  4],47,-1,179,-1,167
1,<environment.Job instance at 0x7f8b50b038c0>,47,3,[9 1],48,-1,170,-1,167
1,<environment.Job instance at 0x7f8b50b03960>,48,15,[ 1 11],49,-1,182,-1,167
1,<environment.Job instance at 0x7f8b50b03e60>,56,27,[12  4],57,-1,253,-1,226
1,<environment.Job instance at 0x7f8b50b03f00>,57,24,[ 1 10],58,-1,250,-1,226
1,<environment.Job instance at 0x7f8b505323c0>,62,13,[11  1],63,-1,278,-1,265
1,<environment.Job instance at 0x7f8b50532460>,63,17,[14  5],64,-1,282,-1,265
1,<environment.Job instance at 0x7f8b50532500>,64,14,[13  2],65,-1,279,-1,265
1,<environment.Job instance at 0x7f8b505325a0>,65,16,[ 5 13],66,-1,281,-1,265
1,<environment.Job instance at 0x7f8b505326e0>,66,28,[14  3],67,-1,293,-1,265
1,<environment.Job instance at 0x7f8b50532910>,70,24,[5 5],71,-1,305,-1,281
1,<environment.Job instance at 0x7f8b505329b0>,71,18,[13  5],72,-1,299,-1,281
1,<environment.Job instance at 0x7f8b50532050>,77,12,[ 2 14],78,-1,342,-1,330
1,<environment.Job instance at 0x7f8b50532fa0>,81,25,[9 2],82,-1,375,-1,350
1,<environment.Job instance at 0x7f8b505262d0>,84,25,[6 3],85,-1,386,-1,361
1,<environment.Job instance at 0x7f8b50526370>,85,17,[14  3],86,-1,378,-1,361
1,<environment.Job instance at 0x7f8b50526410>,86,16,[ 1 13],87,-1,377,-1,361
1,<environment.Job instance at 0x7f8b505264b0>,87,25,[ 4 12],88,-1,386,-1,361
1,<environment.Job instance at 0x7f8b50526550>,88,23,[ 1 10],89,-1,384,-1,361
1,<environment.Job instance at 0x7f8b50526820>,90,13,[ 2 11],91,-1,382,-1,369
1,<environment.Job instance at 0x7f8b50526870>,92,14,[14  1],93,-1,396,-1,382
1,<environment.Job instance at 0x7f8b50526960>,93,19,[ 3 11],94,-1,401,-1,382
1,<environment.Job instance at 0x7f8b50526af0>,95,15,[14  4],96,-1,413,-1,398
1,<environment.Job instance at 0x7f8b510f68c0>,96,28,[4 5],97,-1,426,-1,398
1,<environment.Job instance at 0x7f8b5134d8c0>,99,28,[3 6],100,-1,441,-1,413
1,<environment.Job instance at 0x7f8b51c74b90>,101,17,[12  3],102,-1,443,-1,426
1,<environment.Job instance at 0x7f8b50f5a8c0>,103,22,[ 3 13],104,-1,449,-1,427
1,<environment.Job instance at 0x7f8b51118320>,105,2,[ 5 10],106,-1,431,-1,429
1,<environment.Job instance at 0x7f8b51118910>,106,12,[ 4 12],107,-1,441,-1,429
1,<environment.Job instance at 0x7f8b50d3b280>,108,28,[ 4 11],109,-1,457,-1,429
1,<environment.Job instance at 0x7f8b50afaa00>,111,19,[ 2 11],112,-1,470,-1,451
1,<environment.Job instance at 0x7f8b50afa910>,112,12,[14  5],113,-1,463,-1,451
1,<environment.Job instance at 0x7f8b50afa230>,113,27,[10  1],114,-1,478,-1,451
1,<environment.Job instance at 0x7f8b50afa960>,115,18,[ 5 12],116,-1,475,-1,457
1,<environment.Job instance at 0x7f8b50afa5f0>,116,25,[11  3],117,-1,482,-1,457
1,<environment.Job instance at 0x7f8b50afa410>,119,23,[6 5],120,-1,497,-1,474
1,<environment.Job instance at 0x7f8b50afa140>,120,1,[13  4],121,-1,475,-1,474
1,<environment.Job instance at 0x7f8b51347230>,121,25,[13  3],122,-1,499,-1,474
1,<environment.Job instance at 0x7f8b50afa5a0>,122,26,[ 3 13],123,-1,500,-1,474
1,<environment.Job instance at 0x7f8b50afab40>,123,23,[2 7],124,-1,520,-1,497
1,<environment.Job instance at 0x7f8b51357b90>,126,20,[ 4 13],127,-1,533,-1,513
1,<environment.Job instance at 0x7f8b51357af0>,127,28,[6 1],128,-1,541,-1,513
1,<environment.Job instance at 0x7f8b516ae5f0>,132,3,[ 5 11],133,-1,576,-1,573
1,<environment.Job instance at 0x7f8b50d2cbe0>,134,3,[8 3],135,-1,590,-1,587
1,<environment.Job instance at 0x7f8b516d0fa0>,137,18,[ 3 12],138,-1,606,-1,588
1,<environment.Job instance at 0x7f8b516d0cd0>,139,20,[14  4],140,-1,619,-1,599
1,<environment.Job instance at 0x7f8b5132d140>,141,26,[ 3 12],142,-1,635,-1,609
1,<environment.Job instance at 0x7f8b5132d3c0>,142,12,[12  1],143,-1,621,-1,609
1,<environment.Job instance at 0x7f8b5132d0a0>,144,20,[12  4],145,-1,629,-1,609
1,<environment.Job instance at 0x7f8b5108e050>,145,1,[3 5],146,-1,610,-1,609
1,<environment.Job instance at 0x7f8b510bd690>,152,26,[7 5],153,-1,684,-1,658
1,<environment.Job instance at 0x7f8b510bdaa0>,155,2,[ 3 10],156,-1,676,-1,674
1,<environment.Job instance at 0x7f8b510bd910>,156,1,[1 8],157,-1,675,-1,674
1,<environment.Job instance at 0x7f8b510bd2d0>,157,13,[13  5],158,-1,687,-1,674
1,<environment.Job instance at 0x7f8b510bb780>,158,1,[6 5],159,-1,675,-1,674
1,<environment.Job instance at 0x7f8b510bb640>,159,28,[5 5],160,-1,702,-1,674
1,<environment.Job instance at 0x7f8b510bb410>,160,15,[12  4],161,-1,689,-1,674
1,<environment.Job instance at 0x7f8b510bb280>,161,25,[9 3],162,-1,699,-1,674
1,<environment.Job instance at 0x7f8b510bbaf0>,163,16,[12  5],168,-1,698,-1,682
1,<environment.Job instance at 0x7f8b510bb870>,164,28,[4 5],169,-1,710,-1,682
1,<environment.Job instance at 0x7f8b510bbc30>,165,2,[5 5],170,-1,684,-1,682
1,<environment.Job instance at 0x7f8b510c7230>,167,25,[ 2 14],172,-1,716,-1,691
1,<environment.Job instance at 0x7f8b510c7690>,168,1,[ 1 11],173,-1,692,-1,691
1,<environment.Job instance at 0x7f8b50c78960>,3,16,[ 4 11],4,-1,20,-1,4
1,<environment.Job instance at 0x7f8b51d17050>,4,28,[ 4 13],5,-1,33,-1,5
1,<environment.Job instance at 0x7f8b51d17b90>,5,15,[ 5 14],6,-1,21,-1,6
1,<environment.Job instance at 0x7f8b51d177d0>,6,3,[ 2 14],7,-1,10,-1,7
1,<environment.Job instance at 0x7f8b51d17820>,7,14,[ 3 11],8,-1,22,-1,8
1,<environment.Job instance at 0x7f8b51937870>,15,23,[14  2],16,-1,52,-1,29
1,<environment.Job instance at 0x7f8b519377d0>,22,17,[ 4 14],23,-1,86,-1,69
1,<environment.Job instance at 0x7f8b519370f0>,24,17,[12  4],25,-1,87,-1,70
1,<environment.Job instance at 0x7f8b5115ef00>,25,14,[ 3 11],26,-1,84,-1,70
1,<environment.Job instance at 0x7f8b5115e5a0>,26,16,[ 4 13],27,-1,86,-1,70
1,<environment.Job instance at 0x7f8b50769730>,27,24,[ 1 11],28,-1,94,-1,70
1,<environment.Job instance at 0x7f8b50769aa0>,28,17,[ 4 11],29,-1,87,-1,70
1,<environment.Job instance at 0x7f8b50769d20>,31,2,[3 6],32,-1,87,-1,85
1,<environment.Job instance at 0x7f8b50769b40>,33,27,[ 3 10],34,-1,123,-1,96
1,<environment.Job instance at 0x7f8b50769c30>,34,25,[8 1],35,-1,121,-1,96
1,<environment.Job instance at 0x7f8b507695a0>,37,23,[5 4],38,-1,135,-1,112
1,<environment.Job instance at 0x7f8b50f4d870>,38,28,[3 6],39,-1,140,-1,112
1,<environment.Job instance at 0x7f8b50f4da50>,39,20,[14  5],40,-1,132,-1,112
1,<environment.Job instance at 0x7f8b514e94b0>,41,17,[14  1],42,-1,129,-1,112
1,<environment.Job instance at 0x7f8b514e9280>,43,28,[4 5],44,-1,150,-1,122
1,<environment.Job instance at 0x7f8b5a9a2960>,44,26,[1 7],45,-1,148,-1,122
1,<environment.Job instance at 0x7f8b51c44190>,46,23,[6 2],47,-1,156,-1,133
1,<environment.Job instance at 0x7f8b51c44af0>,49,27,[3 8],50,-1,177,-1,150
1,<environment.Job instance at 0x7f8b51c44e60>,51,2,[ 4 13],52,-1,152,-1,150
1,<environment.Job instance at 0x7f8b51c44be0>,52,27,[10  5],53,-1,177,-1,150
1,<environment.Job instance at 0x7f8b51c443c0>,55,22,[2 8],56,-1,190,-1,168
1,<environment.Job instance at 0x7f8b51c44460>,57,18,[14  1],58,-1,204,-1,186
1,<environment.Job instance at 0x7f8b51c44c30>,58,15,[13  5],59,-1,201,-1,186
1,<environment.Job instance at 0x7f8b51c44320>,60,15,[ 3 12],61,-1,201,-1,186
1,<environment.Job instance at 0x7f8b51c44910>,61,3,[ 1 11],62,-1,189,-1,186
1,<environment.Job instance at 0x7f8b51c44dc0>,62,14,[12  4],63,-1,200,-1,186
1,<environment.Job instance at 0x7f8b51c44820>,66,12,[ 3 14],67,-1,233,-1,221
1,<environment.Job instance at 0x7f8b51c442d0>,67,24,[9 4],68,-1,245,-1,221
1,<environment.Job instance at 0x7f8b504e10a0>,70,13,[12  1],71,-1,237,-1,224
1,<environment.Job instance at 0x7f8b504e1a00>,72,26,[9 5],73,-1,261,-1,235
1,<environment.Job instance at 0x7f8b504e1af0>,73,18,[13  5],74,-1,253,-1,235
1,<environment.Job instance at 0x7f8b504e1640>,76,23,[5 1],77,-1,276,-1,253
1,<environment.Job instance at 0x7f8b505acb90>,80,24,[8 1],81,-1,309,-1,285
1,<environment.Job instance at 0x7f8b505acf00>,82,25,[12  2],83,-1,324,-1,299
1,<environment.Job instance at 0x7f8b5053ac80>,84,2,[10  5],85,-1,318,-1,316
1,<environment.Job instance at 0x7f8b5053a320>,85,17,[13  1],86,-1,333,-1,316
1,<environment.Job instance at 0x7f8b504e1eb0>,79,17,[8 4],80,-1,394,-1,377
1,<environment.Job instance at 0x7f8b5053a0a0>,91,26,[14  3],92,-1,403,-1,377
1,<environment.Job instance at 0x7f8b50482410>,92,1,[10  1],93,-1,378,-1,377
1,<environment.Job instance at 0x7f8b51871f50>,95,2,[ 2 13],96,-1,379,-1,377
1,<environment.Job instance at 0x7f8b51871870>,99,1,[ 2 13],100,-1,396,-1,395
1,<environment.Job instance at 0x7f8b518717d0>,101,23,[5 7],102,-1,418,-1,395
1,<environment.Job instance at 0x7f8b51871960>,104,18,[ 2 13],105,-1,426,-1,408
1,<environment.Job instance at 0x7f8b51871410>,107,18,[ 5 13],108,-1,442,-1,424
1,<environment.Job instance at 0x7f8b518719b0>,108,1,[12  2],109,-1,425,-1,424
1,<environment.Job instance at 0x7f8b51871690>,109,2,[14  4],110,-1,426,-1,424
1,<environment.Job instance at 0x7f8b51871eb0>,111,15,[ 1 12],112,-1,444,-1,429
1,<environment.Job instance at 0x7f8b51871730>,112,15,[14  5],113,-1,444,-1,429
1,<environment.Job instance at 0x7f8b51b96550>,117,14,[ 1 10],118,-1,477,-1,463
1,<environment.Job instance at 0x7f8b51b96e60>,119,28,[10  2],120,-1,498,-1,470
1,<environment.Job instance at 0x7f8b51b96280>,120,19,[ 2 12],121,-1,489,-1,470
1,<environment.Job instance at 0x7f8b51b96d20>,121,20,[ 2 11],122,-1,490,-1,470
1,<environment.Job instance at 0x7f8b50adf3c0>,127,28,[3 7],128,-1,528,-1,500
1,<environment.Job instance at 0x7f8b506f8d20>,128,1,[10  1],129,-1,501,-1,500
1,<environment.Job instance at 0x7f8b50729be0>,129,23,[ 2 10],130,-1,523,-1,500
1,<environment.Job instance at 0x7f8b5146ca00>,130,12,[13  5],131,-1,512,-1,500
1,<environment.Job instance at 0x7f8b50729c30>,133,15,[13  5],134,-1,531,-1,516
1,<environment.Job instance at 0x7f8b505c3730>,160,14,[ 1 14],161,-1,804,-1,790
1,<environment.Job instance at 0x7f8b516715f0>,166,3,[10  1],167,-1,845,-1,842
1,<environment.Job instance at 0x7f8b50fdb190>,167,25,[5 4],168,-1,867,-1,842
1,<environment.Job instance at 0x7f8b51cd69b0>,12,3,[ 3 11],13,-1,24,-1,21
1,<environment.Job instance at 0x7f8b51cd6550>,14,12,[ 1 13],15,-1,49,-1,37
1,<environment.Job instance at 0x7f8b514487d0>,30,3,[14  3],31,-1,176,-1,173
1,<environment.Job instance at 0x7f8b51448be0>,31,18,[12  4],32,-1,191,-1,173
1,<environment.Job instance at 0x7f8b51448d20>,32,18,[ 4 13],33,-1,191,-1,173
1,<environment.Job instance at 0x7f8b51448320>,35,18,[ 4 11],36,-1,204,-1,186
1,<environment.Job instance at 0x7f8b514488c0>,36,27,[6 5],37,-1,213,-1,186
1,<environment.Job instance at 0x7f8b51448e60>,37,27,[ 3 13],38,-1,213,-1,186
1,<environment.Job instance at 0x7f8b514485f0>,39,25,[9 4],40,-1,216,-1,191
1,<environment.Job instance at 0x7f8b51448370>,43,27,[2 8],44,-1,243,-1,216
1,<environment.Job instance at 0x7f8b51448d70>,45,16,[ 1 10],46,-1,232,-1,216
1,<environment.Job instance at 0x7f8b51a9ef00>,46,27,[8 1],47,-1,243,-1,216
1,<environment.Job instance at 0x7f8b51a9eeb0>,50,12,[14  3],51,-1,254,-1,242
1,<environment.Job instance at 0x7f8b51a9ec30>,51,25,[1 9],52,-1,267,-1,242
1,<environment.Job instance at 0x7f8b51a9e050>,52,3,[ 4 12],53,-1,245,-1,242
1,<environment.Job instance at 0x7f8b51a9e0a0>,53,27,[9 3],54,-1,269,-1,242
1,<environment.Job instance at 0x7f8b50d4a280>,55,28,[6 2],56,-1,275,-1,247
1,<environment.Job instance at 0x7f8b50d4a3c0>,56,12,[ 4 10],57,-1,260,-1,248
1,<environment.Job instance at 0x7f8b504b51e0>,57,3,[2 7],58,-1,251,-1,248
1,<environment.Job instance at 0x7f8b504b5460>,59,1,[7 4],60,-1,261,-1,260
1,<environment.Job instance at 0x7f8b504b55a0>,61,2,[7 5],62,-1,262,-1,260
1,<environment.Job instance at 0x7f8b504b50a0>,62,1,[2 7],63,-1,261,-1,260
1,<environment.Job instance at 0x7f8b51446fa0>,65,1,[13  2],66,-1,276,-1,275
1,<environment.Job instance at 0x7f8b51446e60>,67,28,[11  1],68,-1,321,-1,293
1,<environment.Job instance at 0x7f8b51446b90>,69,26,[13  2],70,-1,319,-1,293
1,<environment.Job instance at 0x7f8b514464b0>,70,21,[ 3 11],71,-1,314,-1,293
1,<environment.Job instance at 0x7f8b51446280>,72,2,[8 3],73,-1,302,-1,300
1,<environment.Job instance at 0x7f8b514460a0>,73,25,[6 4],74,-1,325,-1,300
1,<environment.Job instance at 0x7f8b51446550>,75,1,[10  2],76,-1,308,-1,307
1,<environment.Job instance at 0x7f8b50b7c8c0>,76,23,[10  1],77,-1,330,-1,307
1,<environment.Job instance at 0x7f8b51446c30>,77,27,[4 7],78,-1,334,-1,307
1,<environment.Job instance at 0x7f8b5077fa00>,79,3,[13  1],80,-1,320,-1,317
1,<environment.Job instance at 0x7f8b51513aa0>,82,12,[11  4],83,-1,353,-1,341
1,<environment.Job instance at 0x7f8b51513f50>,83,15,[ 4 11],84,-1,356,-1,341
1,<environment.Job instance at 0x7f8b51b205f0>,84,1,[ 4 13],85,-1,342,-1,341
1,<environment.Job instance at 0x7f8b51915870>,85,14,[11  3],86,-1,355,-1,341
1,<environment.Job instance at 0x7f8b51a89a00>,86,15,[ 4 10],87,-1,356,-1,341
1,<environment.Job instance at 0x7f8b50f4dd20>,90,15,[13  5],91,-1,366,-1,351
1,<environment.Job instance at 0x7f8b519090a0>,91,15,[12  3],92,-1,366,-1,351
1,<environment.Job instance at 0x7f8b5105bb90>,92,12,[ 4 14],93,-1,363,-1,351
1,<environment.Job instance at 0x7f8b504ba4b0>,95,13,[ 1 10],96,-1,370,-1,357
1,<environment.Job instance at 0x7f8b519770a0>,100,1,[4 6],101,-1,391,-1,390
1,<environment.Job instance at 0x7f8b51d8e8c0>,101,16,[ 2 11],102,-1,406,-1,390
1,<environment.Job instance at 0x7f8b5a351730>,108,19,[13  3],109,-1,454,-1,435
1,<environment.Job instance at 0x7f8b5a3517d0>,109,13,[2 9],110,-1,448,-1,435
1,<environment.Job instance at 0x7f8b5a351500>,110,21,[10  4],111,-1,457,-1,436
1,<environment.Job instance at 0x7f8b5a3514b0>,111,15,[ 3 13],112,-1,451,-1,436
1,<environment.Job instance at 0x7f8b5a3510a0>,117,17,[14  4],118,-1,502,-1,485
1,<environment.Job instance at 0x7f8b5a351460>,118,12,[12  2],119,-1,497,-1,485
1,<environment.Job instance at 0x7f8b505015a0>,120,23,[14  2],121,-1,511,-1,488
1,<environment.Job instance at 0x7f8b50501a00>,121,25,[5 3],122,-1,513,-1,488
1,<environment.Job instance at 0x7f8b51a27500>,122,17,[1 7],123,-1,505,-1,488
1,<environment.Job instance at 0x7f8b50501370>,123,1,[4 8],124,-1,489,-1,488
1,<environment.Job instance at 0x7f8b5a72d050>,124,13,[ 4 13],125,-1,501,-1,488
1,<environment.Job instance at 0x7f8b5084f280>,125,15,[1 9],126,-1,503,-1,488
1,<environment.Job instance at 0x7f8b517c60a0>,128,17,[13  2],129,-1,519,-1,502
1,<environment.Job instance at 0x7f8b50f77280>,129,23,[8 3],130,-1,525,-1,502
1,<environment.Job instance at 0x7f8b51cee320>,130,16,[12  5],131,-1,518,-1,502
1,<environment.Job instance at 0x7f8b51ceefa0>,132,28,[8 4],133,-1,541,-1,513
1,<environment.Job instance at 0x7f8b51cee870>,133,16,[13  2],134,-1,529,-1,513
1,<environment.Job instance at 0x7f8b51507f50>,134,2,[6 2],135,-1,515,-1,513
1,<environment.Job instance at 0x7f8b51507e60>,135,12,[ 5 14],136,-1,525,-1,513
1,<environment.Job instance at 0x7f8b515075a0>,136,14,[14  2],137,-1,527,-1,513
1,<environment.Job instance at 0x7f8b51507af0>,137,14,[ 2 10],138,-1,527,-1,513
1,<environment.Job instance at 0x7f8b51598550>,139,23,[6 3],140,-1,537,-1,514
1,<environment.Job instance at 0x7f8b51598eb0>,141,21,[12  2],142,-1,537,-1,516
1,<environment.Job instance at 0x7f8b51598d70>,142,21,[13  1],143,-1,537,-1,516
1,<environment.Job instance at 0x7f8b51598230>,145,15,[12  3],146,-1,546,-1,531
1,<environment.Job instance at 0x7f8b51598c30>,146,16,[14  3],147,-1,547,-1,531
1,<environment.Job instance at 0x7f8b515986e0>,148,23,[11  4],155,-1,554,-1,531
1,<environment.Job instance at 0x7f8b51598640>,149,13,[ 1 11],156,-1,544,-1,531
1,<environment.Job instance at 0x7f8b51598f00>,150,17,[ 2 14],174,-1,548,-1,531
1,<environment.Job instance at 0x7f8b51598fa0>,151,26,[12  5],175,-1,557,-1,531
1,<environment.Job instance at 0x7f8b515989b0>,152,21,[5 1],176,-1,556,-1,535
1,<environment.Job instance at 0x7f8b515984b0>,153,16,[ 1 10],177,-1,552,-1,536
1,<environment.Job instance at 0x7f8b50ca9280>,154,28,[ 5 12],178,-1,564,-1,536
1,<environment.Job instance at 0x7f8b51cd6a50>,19,28,[8 5],20,-1,3098,-1,3070
1,<environment.Job instance at 0x7f8b516819b0>,3,13,[14  1],4,-1,17,-1,4
1,<environment.Job instance at 0x7f8b51cd6a50>,2,26,[7 1],3,-1,30,-1,4
1,<environment.Job instance at 0x7f8b513d6f50>,6,3,[12  5],7,-1,10,-1,7
1,<environment.Job instance at 0x7f8b513ad0f0>,7,25,[3 6],8,-1,33,-1,8
1,<environment.Job instance at 0x7f8b513ad320>,10,16,[13  1],11,-1,27,-1,11
1,<environment.Job instance at 0x7f8b513ad410>,17,17,[13  3],18,-1,51,-1,34
1,<environment.Job instance at 0x7f8b513ad780>,18,1,[3 8],19,-1,35,-1,34
1,<environment.Job instance at 0x7f8b513ad870>,19,27,[1 7],20,-1,61,-1,34
1,<environment.Job instance at 0x7f8b513adaa0>,21,13,[12  4],22,-1,47,-1,34
1,<environment.Job instance at 0x7f8b513adb40>,22,17,[3 6],23,-1,54,-1,37
1,<environment.Job instance at 0x7f8b513adbe0>,23,23,[8 1],24,-1,60,-1,37
1,<environment.Job instance at 0x7f8b513adc80>,24,12,[5 2],25,-1,49,-1,37
1,<environment.Job instance at 0x7f8b513add20>,25,16,[ 5 12],26,-1,53,-1,37
1,<environment.Job instance at 0x7f8b513addc0>,26,15,[9 1],27,-1,52,-1,37
1,<environment.Job instance at 0x7f8b513ade60>,27,2,[ 3 10],28,-1,39,-1,37
1,<environment.Job instance at 0x7f8b513adf50>,28,13,[9 1],29,-1,50,-1,37
1,<environment.Job instance at 0x7f8b513adfa0>,29,21,[3 8],30,-1,60,-1,39
1,<environment.Job instance at 0x7f8b513de050>,30,28,[13  1],31,-1,67,-1,39
1,<environment.Job instance at 0x7f8b513de190>,32,28,[10  1],33,-1,77,-1,49
1,<environment.Job instance at 0x7f8b513de410>,33,19,[7 2],34,-1,69,-1,50
1,<environment.Job instance at 0x7f8b513de5f0>,34,12,[5 1],35,-1,62,-1,50
1,<environment.Job instance at 0x7f8b513de640>,35,18,[11  2],36,-1,68,-1,50
1,<environment.Job instance at 0x7f8b513de230>,36,21,[1 8],37,-1,71,-1,50
1,<environment.Job instance at 0x7f8b513de7d0>,38,17,[10  1],39,-1,69,-1,52
1,<environment.Job instance at 0x7f8b513de8c0>,39,12,[5 4],40,-1,64,-1,52
1,<environment.Job instance at 0x7f8b513de960>,40,17,[10  2],41,-1,74,-1,57
1,<environment.Job instance at 0x7f8b513dea00>,41,22,[7 5],42,-1,79,-1,57
1,<environment.Job instance at 0x7f8b513deaa0>,42,18,[14  3],43,-1,75,-1,57
1,<environment.Job instance at 0x7f8b513deb40>,43,3,[ 3 12],44,-1,60,-1,57
1,<environment.Job instance at 0x7f8b513debe0>,44,21,[ 3 11],45,-1,78,-1,57
1,<environment.Job instance at 0x7f8b513dec80>,45,17,[ 3 14],46,-1,74,-1,57
1,<environment.Job instance at 0x7f8b513ded20>,46,14,[5 7],47,-1,75,-1,61
1,<environment.Job instance at 0x7f8b513dedc0>,47,12,[6 4],48,-1,73,-1,61
1,<environment.Job instance at 0x7f8b513dee60>,48,17,[11  2],49,-1,78,-1,61
1,<environment.Job instance at 0x7f8b513def50>,49,23,[9 3],50,-1,84,-1,61
1,<environment.Job instance at 0x7f8b513ded70>,51,16,[12  1],52,-1,77,-1,61
1,<environment.Job instance at 0x7f8b51c13280>,53,18,[ 4 11],54,-1,81,-1,63
1,<environment.Job instance at 0x7f8b51c13460>,57,18,[12  1],58,-1,96,-1,78
1,<environment.Job instance at 0x7f8b51c135f0>,58,18,[ 3 10],59,-1,96,-1,78
1,<environment.Job instance at 0x7f8b51c135a0>,59,28,[2 9],60,-1,106,-1,78
1,<environment.Job instance at 0x7f8b51c13730>,60,25,[5 6],61,-1,103,-1,78
1,<environment.Job instance at 0x7f8b51c13910>,61,18,[2 7],62,-1,100,-1,82
1,<environment.Job instance at 0x7f8b51c13690>,63,17,[5 2],64,-1,105,-1,88
1,<environment.Job instance at 0x7f8b51c13a00>,64,13,[10  5],65,-1,101,-1,88
1,<environment.Job instance at 0x7f8b51c13aa0>,65,17,[6 1],66,-1,106,-1,89
1,<environment.Job instance at 0x7f8b51c13af0>,66,26,[8 2],67,-1,115,-1,89
1,<environment.Job instance at 0x7f8b51c13dc0>,67,13,[5 6],68,-1,103,-1,90
1,<environment.Job instance at 0x7f8b51c13d70>,68,3,[5 8],69,-1,93,-1,90
1,<environment.Job instance at 0x7f8b51c13f50>,69,18,[10  1],70,-1,108,-1,90
1,<environment.Job instance at 0x7f8b51c13d20>,70,27,[5 8],71,-1,117,-1,90
1,<environment.Job instance at 0x7f8b51c13fa0>,71,13,[8 1],72,-1,103,-1,90
1,<environment.Job instance at 0x7f8b51c0c050>,72,22,[ 1 13],73,-1,112,-1,90
1,<environment.Job instance at 0x7f8b51c0c230>,73,19,[4 9],74,-1,112,-1,93
1,<environment.Job instance at 0x7f8b51c0c1e0>,74,21,[ 5 13],75,-1,114,-1,93
1,<environment.Job instance at 0x7f8b51c0c190>,75,3,[8 3],76,-1,96,-1,93
1,<environment.Job instance at 0x7f8b51c0c3c0>,77,26,[1 8],78,-1,120,-1,94
1,<environment.Job instance at 0x7f8b51c0c640>,78,27,[8 4],79,-1,121,-1,94
1,<environment.Job instance at 0x7f8b51c0c690>,79,3,[1 5],80,-1,97,-1,94
1,<environment.Job instance at 0x7f8b51c0c730>,80,14,[1 9],81,-1,108,-1,94
1,<environment.Job instance at 0x7f8b51c0c7d0>,81,20,[11  2],82,-1,114,-1,94
1,<environment.Job instance at 0x7f8b51c0c960>,85,28,[5 4],86,-1,149,-1,121
1,<environment.Job instance at 0x7f8b51c0ca00>,86,12,[ 2 13],87,-1,133,-1,121
1,<environment.Job instance at 0x7f8b51c0caa0>,87,26,[13  3],88,-1,147,-1,121
1,<environment.Job instance at 0x7f8b51c162d0>,96,26,[11  4],97,-1,224,-1,198
1,<environment.Job instance at 0x7f8b51c16690>,101,24,[11  3],102,-1,239,-1,215
1,<environment.Job instance at 0x7f8b51c16730>,103,15,[10  1],104,-1,240,-1,225
1,<environment.Job instance at 0x7f8b51c16820>,105,22,[ 2 11],106,-1,260,-1,238
1,<environment.Job instance at 0x7f8b51c16aa0>,108,23,[12  4],109,-1,270,-1,247
1,<environment.Job instance at 0x7f8b51c16be0>,110,25,[13  1],111,-1,274,-1,249
1,<environment.Job instance at 0x7f8b51c16cd0>,111,3,[10  2],112,-1,252,-1,249
1,<environment.Job instance at 0x7f8b51c16b90>,113,3,[ 2 14],114,-1,265,-1,262
1,<environment.Job instance at 0x7f8b51c16dc0>,114,24,[ 4 13],115,-1,286,-1,262
1,<environment.Job instance at 0x7f8b51c16f00>,115,14,[12  1],116,-1,276,-1,262
1,<environment.Job instance at 0x7f8b51c14190>,117,27,[ 4 11],118,-1,290,-1,263
1,<environment.Job instance at 0x7f8b51c14230>,118,17,[11  3],119,-1,280,-1,263
1,<environment.Job instance at 0x7f8b51c146e0>,126,17,[12  5],127,-1,338,-1,321
1,<environment.Job instance at 0x7f8b51c14820>,128,16,[ 2 11],129,-1,339,-1,323
1,<environment.Job instance at 0x7f8b51c148c0>,129,12,[10  5],130,-1,337,-1,325
1,<environment.Job instance at 0x7f8b51c14960>,130,19,[5 9],131,-1,442,-1,423
1,<environment.Job instance at 0x7f8b513df960>,143,16,[13  5],144,-1,439,-1,423
1,<environment.Job instance at 0x7f8b513df2d0>,144,2,[5 5],145,-1,425,-1,423
1,<environment.Job instance at 0x7f8b513dfbe0>,145,14,[ 5 13],146,-1,437,-1,423
1,<environment.Job instance at 0x7f8b513df910>,147,20,[2 6],148,-1,461,-1,441
1,<environment.Job instance at 0x7f8b513cffa0>,149,1,[3 6],150,-1,442,-1,441
1,<environment.Job instance at 0x7f8b513ae8c0>,150,15,[14  4],151,-1,456,-1,441
1,<environment.Job instance at 0x7f8b513dfa50>,151,19,[ 3 11],152,-1,460,-1,441
1,<environment.Job instance at 0x7f8b513cf820>,152,18,[11  3],153,-1,459,-1,441
1,<environment.Job instance at 0x7f8b513e3eb0>,157,15,[10  2],158,-1,495,-1,480
1,<environment.Job instance at 0x7f8b513e35a0>,158,12,[5 4],159,-1,492,-1,480
1,<environment.Job instance at 0x7f8b51c14c80>,160,25,[2 8],161,-1,532,-1,507
1,<environment.Job instance at 0x7f8b51c14d20>,161,2,[11  5],162,-1,509,-1,507
1,<environment.Job instance at 0x7f8b51c14be0>,163,16,[ 2 12],164,-1,525,-1,509
1,<environment.Job instance at 0x7f8b51c14f50>,165,23,[ 4 13],166,-1,532,-1,509
1,<environment.Job instance at 0x7f8b51c1c050>,167,12,[6 1],168,-1,526,-1,514
1,<environment.Job instance at 0x7f8b51c1c230>,169,28,[5 5],170,-1,547,-1,519
1,<environment.Job instance at 0x7f8b51c1c410>,172,13,[ 3 11],173,-1,553,-1,540
1,<environment.Job instance at 0x7f8b51c1c690>,174,21,[ 4 14],175,-1,568,-1,547
1,<environment.Job instance at 0x7f8b51c1c730>,176,18,[12  5],177,-1,566,-1,548
1,<environment.Job instance at 0x7f8b513b69b0>,10,18,[ 3 11],11,-1,35,-1,17
1,<environment.Job instance at 0x7f8b50a9d0f0>,11,24,[14  5],12,-1,41,-1,17
1,<environment.Job instance at 0x7f8b50a9d190>,12,2,[9 5],13,-1,19,-1,17
1,<environment.Job instance at 0x7f8b50a9daf0>,16,12,[ 1 11],17,-1,48,-1,36
1,<environment.Job instance at 0x7f8b50a9deb0>,18,19,[11  1],19,-1,64,-1,45
1,<environment.Job instance at 0x7f8b50a9dd20>,19,24,[5 3],20,-1,69,-1,45
1,<environment.Job instance at 0x7f8b512ef870>,23,16,[ 1 13],24,-1,79,-1,63
1,<environment.Job instance at 0x7f8b50a9de10>,26,24,[13  4],27,-1,101,-1,77
1,<environment.Job instance at 0x7f8b51db7b90>,27,21,[ 1 12],28,-1,98,-1,77
1,<environment.Job instance at 0x7f8b513b82d0>,28,25,[4 8],29,-1,102,-1,77
1,<environment.Job instance at 0x7f8b51454b40>,32,25,[5 8],33,-1,133,-1,108
1,<environment.Job instance at 0x7f8b51454280>,34,14,[12  4],35,-1,137,-1,123
1,<environment.Job instance at 0x7f8b5143e050>,35,1,[1 7],36,-1,124,-1,123
1,<environment.Job instance at 0x7f8b512d9e10>,39,3,[ 3 11],40,-1,139,-1,136
1,<environment.Job instance at 0x7f8b512d9780>,40,14,[12  4],41,-1,150,-1,136
1,<environment.Job instance at 0x7f8b512d93c0>,41,23,[5 2],42,-1,169,-1,146
1,<environment.Job instance at 0x7f8b50deba50>,42,16,[12  4],43,-1,162,-1,146
1,<environment.Job instance at 0x7f8b50e3ac80>,44,12,[11  2],45,-1,166,-1,154
1,<environment.Job instance at 0x7f8b50980190>,45,1,[8 2],46,-1,155,-1,154
1,<environment.Job instance at 0x7f8b51b92230>,51,27,[3 5],52,-1,216,-1,189
1,<environment.Job instance at 0x7f8b51b92730>,53,2,[6 3],54,-1,207,-1,205
1,<environment.Job instance at 0x7f8b51b92dc0>,54,24,[12  4],55,-1,229,-1,205
1,<environment.Job instance at 0x7f8b51a89c30>,57,22,[ 1 11],58,-1,227,-1,205
1,<environment.Job instance at 0x7f8b507cd500>,61,2,[11  1],62,-1,239,-1,237
1,<environment.Job instance at 0x7f8b507cdf50>,62,2,[11  3],63,-1,239,-1,237
1,<environment.Job instance at 0x7f8b507cd0f0>,63,19,[11  3],64,-1,256,-1,237
1,<environment.Job instance at 0x7f8b5a7d0230>,64,17,[12  2],65,-1,254,-1,237
1,<environment.Job instance at 0x7f8b50f6e5f0>,65,3,[ 2 10],66,-1,240,-1,237
1,<environment.Job instance at 0x7f8b50f6e690>,66,19,[ 4 11],67,-1,256,-1,237
1,<environment.Job instance at 0x7f8b50f6eb90>,68,2,[4 6],69,-1,239,-1,237
1,<environment.Job instance at 0x7f8b50f6e780>,70,3,[ 1 10],71,-1,244,-1,241
1,<environment.Job instance at 0x7f8b506d0190>,73,13,[13  3],74,-1,273,-1,260
1,<environment.Job instance at 0x7f8b506d0f50>,74,2,[4 6],75,-1,262,-1,260
1,<environment.Job instance at 0x7f8b50627050>,75,3,[10  2],76,-1,263,-1,260
1,<environment.Job instance at 0x7f8b506d0050>,77,1,[12  1],78,-1,265,-1,264
1,<environment.Job instance at 0x7f8b505bc190>,79,3,[1 9],80,-1,279,-1,276
1,<environment.Job instance at 0x7f8b505bca00>,81,23,[5 2],82,-1,313,-1,290
1,<environment.Job instance at 0x7f8b505bcdc0>,82,14,[14  4],83,-1,304,-1,290
1,<environment.Job instance at 0x7f8b505bc410>,83,3,[7 1],84,-1,293,-1,290
1,<environment.Job instance at 0x7f8b519406e0>,85,25,[2 6],86,-1,315,-1,290
1,<environment.Job instance at 0x7f8b508f15f0>,87,1,[2 6],88,-1,294,-1,293
1,<environment.Job instance at 0x7f8b508f1c80>,88,16,[14  3],89,-1,309,-1,293
1,<environment.Job instance at 0x7f8b508f1af0>,89,16,[ 5 12],90,-1,309,-1,293
1,<environment.Job instance at 0x7f8b508f1c30>,91,27,[12  3],92,-1,337,-1,310
1,<environment.Job instance at 0x7f8b519fdbe0>,97,28,[8 5],98,-1,365,-1,337
1,<environment.Job instance at 0x7f8b519fd5a0>,98,13,[13  5],99,-1,350,-1,337
1,<environment.Job instance at 0x7f8b519fd140>,99,2,[ 3 14],100,-1,339,-1,337
1,<environment.Job instance at 0x7f8b519fd370>,102,2,[4 7],103,-1,356,-1,354
1,<environment.Job instance at 0x7f8b50e4be10>,103,17,[14  2],104,-1,371,-1,354
1,<environment.Job instance at 0x7f8b51004b90>,106,24,[ 5 12],107,-1,398,-1,374
1,<environment.Job instance at 0x7f8b517f45f0>,107,27,[ 5 10],108,-1,401,-1,374
1,<environment.Job instance at 0x7f8b512eedc0>,110,12,[ 4 13],111,-1,400,-1,388
1,<environment.Job instance at 0x7f8b514ea3c0>,114,25,[1 6],115,-1,444,-1,419
1,<environment.Job instance at 0x7f8b513554b0>,115,25,[ 5 10],116,-1,444,-1,419
1,<environment.Job instance at 0x7f8b516f2460>,119,23,[11  1],120,-1,459,-1,436
1,<environment.Job instance at 0x7f8b50a9c5a0>,121,21,[14  2],122,-1,469,-1,448
1,<environment.Job instance at 0x7f8b51262550>,122,27,[9 3],123,-1,475,-1,448
1,<environment.Job instance at 0x7f8b519e6eb0>,130,14,[ 1 13],131,-1,513,-1,499
1,<environment.Job instance at 0x7f8b509cc870>,134,16,[14  2],135,-1,535,-1,519
1,<environment.Job instance at 0x7f8b509cc320>,136,24,[14  5],137,-1,543,-1,519
1,<environment.Job instance at 0x7f8b509cc9b0>,137,12,[ 4 14],138,-1,531,-1,519
1,<environment.Job instance at 0x7f8b51357870>,138,23,[ 4 10],139,-1,542,-1,519
1,<environment.Job instance at 0x7f8b513d29b0>,140,26,[ 2 12],141,-1,558,-1,532
1,<environment.Job instance at 0x7f8b513d2320>,145,15,[ 5 12],146,-1,586,-1,571
1,<environment.Job instance at 0x7f8b513d2460>,146,18,[14  1],147,-1,589,-1,571
1,<environment.Job instance at 0x7f8b513d2b40>,149,16,[13  3],150,-1,607,-1,591
1,<environment.Job instance at 0x7f8b513d2780>,150,1,[3 7],151,-1,592,-1,591
1,<environment.Job instance at 0x7f8b50e52cd0>,151,14,[ 5 12],152,-1,605,-1,591
1,<environment.Job instance at 0x7f8b50a4a5a0>,153,13,[ 3 12],154,-1,609,-1,596
1,<environment.Job instance at 0x7f8b50a4a230>,155,24,[ 5 11],156,-1,633,-1,609
1,<environment.Job instance at 0x7f8b50aadcd0>,157,27,[7 3],158,-1,639,-1,612
1,<environment.Job instance at 0x7f8b51225a50>,165,12,[12  5],166,-1,677,-1,665
1,<environment.Job instance at 0x7f8b51225370>,166,16,[12  5],167,-1,681,-1,665
1,<environment.Job instance at 0x7f8b512a66e0>,169,12,[12  4],170,-1,694,-1,682
1,<environment.Job instance at 0x7f8b51b950f0>,9,16,[12  1],10,-1,26,-1,10
1,<environment.Job instance at 0x7f8b51b95690>,10,12,[11  4],11,-1,24,-1,12
1,<environment.Job instance at 0x7f8b51b95960>,12,2,[8 4],13,-1,15,-1,13
1,<environment.Job instance at 0x7f8b510d6eb0>,22,13,[ 1 11],23,-1,101,-1,88
1,<environment.Job instance at 0x7f8b510d6d70>,23,16,[14  3],24,-1,104,-1,88
1,<environment.Job instance at 0x7f8b510d6730>,24,12,[ 5 13],25,-1,100,-1,88
1,<environment.Job instance at 0x7f8b510d6aa0>,25,14,[ 3 12],26,-1,102,-1,88
1,<environment.Job instance at 0x7f8b510d6820>,26,2,[10  3],27,-1,90,-1,88
1,<environment.Job instance at 0x7f8b510d66e0>,29,22,[14  4],30,-1,121,-1,99
1,<environment.Job instance at 0x7f8b510d6690>,32,14,[ 2 12],33,-1,133,-1,119
1,<environment.Job instance at 0x7f8b510d6a50>,33,17,[11  3],34,-1,141,-1,124
1,<environment.Job instance at 0x7f8b50a41190>,37,24,[9 2],38,-1,158,-1,134
1,<environment.Job instance at 0x7f8b50a41050>,38,1,[ 5 14],39,-1,135,-1,134
1,<environment.Job instance at 0x7f8b51305f50>,44,12,[14  3],45,-1,174,-1,162
1,<environment.Job instance at 0x7f8b518395f0>,48,26,[2 7],49,-1,216,-1,190
1,<environment.Job instance at 0x7f8b51839780>,49,24,[14  2],50,-1,214,-1,190
1,<environment.Job instance at 0x7f8b518390f0>,50,23,[2 9],51,-1,217,-1,194
1,<environment.Job instance at 0x7f8b518f3280>,54,2,[8 5],55,-1,196,-1,194
1,<environment.Job instance at 0x7f8b50f760f0>,55,24,[8 3],56,-1,218,-1,194
1,<environment.Job instance at 0x7f8b5a360780>,58,2,[12  3],59,-1,213,-1,211
1,<environment.Job instance at 0x7f8b5a360a50>,60,15,[14  1],61,-1,235,-1,220
1,<environment.Job instance at 0x7f8b5a3609b0>,61,14,[ 3 11],62,-1,234,-1,220
1,<environment.Job instance at 0x7f8b509bd1e0>,66,22,[4 9],67,-1,432,-1,410
1,<environment.Job instance at 0x7f8b505d1280>,81,17,[13  4],82,-1,427,-1,410
1,<environment.Job instance at 0x7f8b51987dc0>,84,12,[ 1 13],85,-1,448,-1,436
1,<environment.Job instance at 0x7f8b504ba410>,86,15,[13  5],87,-1,451,-1,436
1,<environment.Job instance at 0x7f8b504bafa0>,88,17,[13  2],89,-1,456,-1,439
1,<environment.Job instance at 0x7f8b51814b40>,94,22,[14  5],95,-1,500,-1,478
1,<environment.Job instance at 0x7f8b51143190>,97,1,[11  4],98,-1,486,-1,485
1,<environment.Job instance at 0x7f8b51143640>,98,1,[ 5 14],99,-1,486,-1,485
1,<environment.Job instance at 0x7f8b51143e60>,100,15,[14  3],101,-1,515,-1,500
1,<environment.Job instance at 0x7f8b51706eb0>,101,14,[ 1 13],102,-1,514,-1,500
1,<environment.Job instance at 0x7f8b51143c30>,102,25,[4 6],103,-1,525,-1,500
1,<environment.Job instance at 0x7f8b51706550>,103,25,[1 7],104,-1,525,-1,500
1,<environment.Job instance at 0x7f8b51b122d0>,104,17,[ 2 11],105,-1,517,-1,500
1,<environment.Job instance at 0x7f8b51b12cd0>,105,17,[ 5 11],106,-1,517,-1,500
1,<environment.Job instance at 0x7f8b51b12d70>,106,2,[1 6],107,-1,502,-1,500
1,<environment.Job instance at 0x7f8b51b12550>,107,21,[13  5],108,-1,521,-1,500
1,<environment.Job instance at 0x7f8b51b12af0>,108,1,[11  5],109,-1,501,-1,500
1,<environment.Job instance at 0x7f8b50645c30>,110,28,[ 3 10],111,-1,528,-1,500
1,<environment.Job instance at 0x7f8b50645460>,111,20,[11  2],112,-1,520,-1,500
1,<environment.Job instance at 0x7f8b50645eb0>,112,22,[13  4],113,-1,522,-1,500
1,<environment.Job instance at 0x7f8b50645aa0>,113,17,[12  4],114,-1,517,-1,500
1,<environment.Job instance at 0x7f8b507d8dc0>,117,14,[13  3],118,-1,535,-1,521
1,<environment.Job instance at 0x7f8b507d83c0>,118,25,[7 3],119,-1,546,-1,521
1,<environment.Job instance at 0x7f8b507d8aa0>,119,1,[3 5],120,-1,522,-1,521
1,<environment.Job instance at 0x7f8b516a5c30>,120,12,[ 1 13],121,-1,533,-1,521
1,<environment.Job instance at 0x7f8b516a5e60>,121,14,[ 5 12],122,-1,535,-1,521
1,<environment.Job instance at 0x7f8b5133c370>,126,1,[ 4 10],127,-1,561,-1,560
1,<environment.Job instance at 0x7f8b5133ca00>,127,2,[2 7],128,-1,562,-1,560
1,<environment.Job instance at 0x7f8b5133c410>,128,23,[6 5],129,-1,583,-1,560
1,<environment.Job instance at 0x7f8b5133c870>,129,18,[5 1],130,-1,579,-1,561
1,<environment.Job instance at 0x7f8b5049f780>,135,3,[ 3 11],136,-1,601,-1,598
1,<environment.Job instance at 0x7f8b50980500>,158,24,[5 3],159,-1,821,-1,797
1,<environment.Job instance at 0x7f8b514bddc0>,159,27,[5 2],160,-1,824,-1,797
1,<environment.Job instance at 0x7f8b514bd9b0>,160,13,[ 1 11],161,-1,810,-1,797
1,<environment.Job instance at 0x7f8b515225a0>,163,16,[ 4 12],164,-1,814,-1,798
1,<environment.Job instance at 0x7f8b50a13640>,164,18,[13  1],165,-1,816,-1,798
1,<environment.Job instance at 0x7f8b51d36b90>,166,28,[12  3],174,-1,844,-1,816
1,<environment.Job instance at 0x7f8b50e34eb0>,167,3,[ 2 14],176,-1,819,-1,816
1,<environment.Job instance at 0x7f8b510d7190>,2,18,[ 3 12],3,-1,21,-1,3
1,<environment.Job instance at 0x7f8b50a99cd0>,3,12,[ 1 12],4,-1,16,-1,4
1,<environment.Job instance at 0x7f8b50a432d0>,5,22,[14  3],6,-1,28,-1,6
1,<environment.Job instance at 0x7f8b505d13c0>,7,13,[ 5 11],8,-1,21,-1,8
1,<environment.Job instance at 0x7f8b507ca820>,11,13,[ 3 13],12,-1,25,-1,12
1,<environment.Job instance at 0x7f8b507cad20>,12,21,[10  4],13,-1,34,-1,13
1,<environment.Job instance at 0x7f8b507cae60>,13,12,[9 2],14,-1,26,-1,14
1,<environment.Job instance at 0x7f8b50d73a50>,18,13,[ 5 12],19,-1,62,-1,49
1,<environment.Job instance at 0x7f8b50d73c30>,20,15,[ 5 10],21,-1,68,-1,53
1,<environment.Job instance at 0x7f8b50d73050>,21,17,[13  3],22,-1,70,-1,53
1,<environment.Job instance at 0x7f8b505b9aa0>,22,12,[6 1],23,-1,65,-1,53
1,<environment.Job instance at 0x7f8b505b9c30>,23,13,[ 3 12],24,-1,66,-1,53
1,<environment.Job instance at 0x7f8b508d3b90>,24,2,[10  4],25,-1,55,-1,53
1,<environment.Job instance at 0x7f8b508d3500>,25,23,[5 1],26,-1,76,-1,53
1,<environment.Job instance at 0x7f8b514e4c30>,27,16,[ 2 14],28,-1,83,-1,67
1,<environment.Job instance at 0x7f8b506edeb0>,28,1,[ 3 13],29,-1,68,-1,67
1,<environment.Job instance at 0x7f8b50a23690>,29,12,[ 2 13],30,-1,79,-1,67
1,<environment.Job instance at 0x7f8b5060fdc0>,30,19,[1 9],31,-1,99,-1,80
1,<environment.Job instance at 0x7f8b51a00140>,31,21,[10  5],32,-1,118,-1,97
1,<environment.Job instance at 0x7f8b51d13f50>,35,3,[11  5],36,-1,102,-1,99
1,<environment.Job instance at 0x7f8b51812460>,36,23,[ 2 13],37,-1,122,-1,99
1,<environment.Job instance at 0x7f8b50d78410>,37,18,[ 4 14],38,-1,117,-1,99
1,<environment.Job instance at 0x7f8b509b8460>,38,24,[3 5],39,-1,123,-1,99
1,<environment.Job instance at 0x7f8b50c78410>,39,26,[6 5],40,-1,125,-1,99
1,<environment.Job instance at 0x7f8b51b71fa0>,41,27,[1 5],42,-1,140,-1,113
1,<environment.Job instance at 0x7f8b5066d0f0>,42,15,[4 5],43,-1,128,-1,113
1,<environment.Job instance at 0x7f8b5066dc30>,43,17,[12  2],44,-1,130,-1,113
1,<environment.Job instance at 0x7f8b51d8b050>,44,23,[6 1],45,-1,136,-1,113
1,<environment.Job instance at 0x7f8b51d8bb40>,45,14,[4 8],46,-1,128,-1,114
1,<environment.Job instance at 0x7f8b51b9bb90>,46,20,[ 1 14],47,-1,134,-1,114
1,<environment.Job instance at 0x7f8b50841e10>,47,12,[ 1 11],48,-1,126,-1,114
1,<environment.Job instance at 0x7f8b50841820>,48,3,[ 4 10],49,-1,117,-1,114
1,<environment.Job instance at 0x7f8b50a2ea00>,49,14,[11  5],50,-1,128,-1,114
1,<environment.Job instance at 0x7f8b50b7e5f0>,52,21,[4 5],53,-1,151,-1,130
1,<environment.Job instance at 0x7f8b50b7e370>,53,28,[6 4],54,-1,158,-1,130
1,<environment.Job instance at 0x7f8b50b7e640>,54,12,[ 5 10],55,-1,142,-1,130
1,<environment.Job instance at 0x7f8b50b7e910>,55,16,[4 8],56,-1,146,-1,130
1,<environment.Job instance at 0x7f8b50b7efa0>,56,12,[1 8],57,-1,142,-1,130
1,<environment.Job instance at 0x7f8b50b7e780>,57,2,[13  3],58,-1,132,-1,130
1,<environment.Job instance at 0x7f8b507d8280>,58,28,[4 8],59,-1,158,-1,130
1,<environment.Job instance at 0x7f8b507d8460>,60,12,[14  5],61,-1,142,-1,130
1,<environment.Job instance at 0x7f8b507d8230>,61,12,[ 2 14],62,-1,142,-1,130
1,<environment.Job instance at 0x7f8b507d8140>,62,14,[10  5],63,-1,144,-1,130
1,<environment.Job instance at 0x7f8b507d8eb0>,63,28,[2 6],64,-1,158,-1,130
1,<environment.Job instance at 0x7f8b507d8870>,64,16,[7 1],65,-1,146,-1,130
1,<environment.Job instance at 0x7f8b507d8d20>,65,16,[3 8],66,-1,147,-1,131
1,<environment.Job instance at 0x7f8b507d89b0>,66,16,[11  4],67,-1,147,-1,131
1,<environment.Job instance at 0x7f8b507d8910>,67,13,[10  5],68,-1,144,-1,131
1,<environment.Job instance at 0x7f8b508d2910>,68,22,[12  5],69,-1,153,-1,131
1,<environment.Job instance at 0x7f8b508d2280>,69,15,[ 4 12],70,-1,146,-1,131
1,<environment.Job instance at 0x7f8b508d2140>,70,12,[ 1 10],71,-1,143,-1,131
1,<environment.Job instance at 0x7f8b508d2640>,71,28,[9 4],72,-1,159,-1,131
1,<environment.Job instance at 0x7f8b51b3b500>,72,25,[8 3],73,-1,156,-1,131
1,<environment.Job instance at 0x7f8b50b31c30>,74,17,[ 1 12],75,-1,161,-1,144
1,<environment.Job instance at 0x7f8b509780a0>,75,14,[4 5],76,-1,158,-1,144
1,<environment.Job instance at 0x7f8b50978b40>,76,12,[2 7],77,-1,156,-1,144
1,<environment.Job instance at 0x7f8b51466dc0>,77,20,[2 6],78,-1,164,-1,144
1,<environment.Job instance at 0x7f8b5129df50>,78,12,[13  5],79,-1,156,-1,144
1,<environment.Job instance at 0x7f8b51466af0>,79,2,[5 8],80,-1,146,-1,144
1,<environment.Job instance at 0x7f8b513aa7d0>,80,16,[ 2 11],81,-1,160,-1,144
1,<environment.Job instance at 0x7f8b513aa2d0>,81,12,[5 6],82,-1,156,-1,144
1,<environment.Job instance at 0x7f8b513aabe0>,82,22,[ 2 12],83,-1,166,-1,144
1,<environment.Job instance at 0x7f8b513aa410>,83,15,[ 4 13],84,-1,159,-1,144
1,<environment.Job instance at 0x7f8b513aa8c0>,84,28,[7 2],85,-1,172,-1,144
1,<environment.Job instance at 0x7f8b513aa5a0>,86,15,[6 2],87,-1,162,-1,147
1,<environment.Job instance at 0x7f8b513aaaa0>,87,15,[8 2],88,-1,162,-1,147
1,<environment.Job instance at 0x7f8b513aa550>,88,3,[4 8],89,-1,150,-1,147
1,<environment.Job instance at 0x7f8b513aae60>,89,2,[9 2],90,-1,149,-1,147
1,<environment.Job instance at 0x7f8b513aa460>,90,14,[11  4],91,-1,161,-1,147
1,<environment.Job instance at 0x7f8b513aab40>,91,16,[6 1],92,-1,163,-1,147
1,<environment.Job instance at 0x7f8b513aa1e0>,92,15,[13  1],93,-1,162,-1,147
1,<environment.Job instance at 0x7f8b513aad20>,93,2,[5 3],94,-1,149,-1,147
1,<environment.Job instance at 0x7f8b50905eb0>,94,15,[6 2],95,-1,172,-1,157
1,<environment.Job instance at 0x7f8b50905730>,95,15,[6 1],96,-1,172,-1,157
1,<environment.Job instance at 0x7f8b50905140>,96,13,[1 6],97,-1,170,-1,157
1,<environment.Job instance at 0x7f8b509058c0>,97,17,[ 3 10],98,-1,174,-1,157
1,<environment.Job instance at 0x7f8b50905370>,98,20,[12  3],99,-1,177,-1,157
1,<environment.Job instance at 0x7f8b509053c0>,99,13,[ 2 10],100,-1,170,-1,157
1,<environment.Job instance at 0x7f8b509055f0>,100,22,[5 8],101,-1,179,-1,157
1,<environment.Job instance at 0x7f8b50905780>,101,17,[10  3],102,-1,178,-1,161
1,<environment.Job instance at 0x7f8b509050f0>,102,16,[11  4],103,-1,177,-1,161
1,<environment.Job instance at 0x7f8b50905410>,103,28,[5 1],104,-1,189,-1,161
1,<environment.Job instance at 0x7f8b50905e60>,104,17,[ 2 14],105,-1,178,-1,161
1,<environment.Job instance at 0x7f8b50905cd0>,106,15,[5 2],107,-1,176,-1,161
1,<environment.Job instance at 0x7f8b50905280>,107,26,[3 9],108,-1,187,-1,161
1,<environment.Job instance at 0x7f8b50905b90>,108,26,[6 1],109,-1,187,-1,161
1,<environment.Job instance at 0x7f8b50905910>,109,28,[ 4 14],110,-1,189,-1,161
1,<environment.Job instance at 0x7f8b509051e0>,110,17,[1 5],111,-1,178,-1,161
1,<environment.Job instance at 0x7f8b50781370>,111,22,[ 1 13],112,-1,183,-1,161
1,<environment.Job instance at 0x7f8b50781cd0>,112,16,[ 4 14],113,-1,177,-1,161
1,<environment.Job instance at 0x7f8b50781af0>,114,12,[5 5],115,-1,174,-1,162
1,<environment.Job instance at 0x7f8b507810a0>,115,17,[9 3],116,-1,179,-1,162
1,<environment.Job instance at 0x7f8b50781dc0>,116,14,[9 3],117,-1,176,-1,162
1,<environment.Job instance at 0x7f8b507815f0>,117,13,[4 7],118,-1,175,-1,162
1,<environment.Job instance at 0x7f8b514358c0>,118,24,[6 3],119,-1,186,-1,162
1,<environment.Job instance at 0x7f8b514356e0>,119,13,[ 1 10],120,-1,175,-1,162
1,<environment.Job instance at 0x7f8b51435370>,120,18,[5 3],121,-1,185,-1,167
1,<environment.Job instance at 0x7f8b51435780>,121,1,[7 5],122,-1,168,-1,167
1,<environment.Job instance at 0x7f8b51435230>,122,13,[ 1 10],123,-1,180,-1,167
1,<environment.Job instance at 0x7f8b514350f0>,123,21,[ 1 14],124,-1,188,-1,167
1,<environment.Job instance at 0x7f8b5107ccd0>,124,17,[ 1 14],125,-1,184,-1,167
1,<environment.Job instance at 0x7f8b5107ce60>,125,24,[10  2],126,-1,191,-1,167
1,<environment.Job instance at 0x7f8b5107ce10>,126,17,[6 2],127,-1,184,-1,167
1,<environment.Job instance at 0x7f8b5107cf50>,127,13,[5 7],128,-1,181,-1,168
1,<environment.Job instance at 0x7f8b5107cd20>,128,13,[5 4],129,-1,181,-1,168
1,<environment.Job instance at 0x7f8b5107c640>,129,12,[8 2],130,-1,180,-1,168
1,<environment.Job instance at 0x7f8b5107cb40>,131,12,[ 5 14],132,-1,190,-1,178
1,<environment.Job instance at 0x7f8b5147a370>,132,3,[ 3 11],133,-1,181,-1,178
1,<environment.Job instance at 0x7f8b5147a1e0>,133,17,[14  5],134,-1,195,-1,178
1,<environment.Job instance at 0x7f8b5147aaf0>,134,16,[1 9],135,-1,194,-1,178
1,<environment.Job instance at 0x7f8b5147a8c0>,135,28,[10  3],136,-1,206,-1,178
1,<environment.Job instance at 0x7f8b5147a820>,136,18,[4 8],137,-1,196,-1,178
1,<environment.Job instance at 0x7f8b5147aeb0>,138,26,[7 4],139,-1,204,-1,178
1,<environment.Job instance at 0x7f8b5147a3c0>,139,18,[2 5],140,-1,196,-1,178
1,<environment.Job instance at 0x7f8b5147a050>,140,22,[11  5],141,-1,200,-1,178
1,<environment.Job instance at 0x7f8b5147a5a0>,141,18,[13  4],142,-1,196,-1,178
1,<environment.Job instance at 0x7f8b5147a140>,142,17,[ 2 12],143,-1,195,-1,178
1,<environment.Job instance at 0x7f8b5147a7d0>,143,23,[ 5 10],144,-1,201,-1,178
1,<environment.Job instance at 0x7f8b5147a280>,144,28,[6 4],145,-1,206,-1,178
1,<environment.Job instance at 0x7f8b5147a5f0>,145,26,[1 5],146,-1,204,-1,178
1,<environment.Job instance at 0x7f8b5147a190>,146,14,[3 7],147,-1,192,-1,178
1,<environment.Job instance at 0x7f8b5a721c80>,147,24,[ 4 10],148,-1,202,-1,178
1,<environment.Job instance at 0x7f8b5a721410>,148,1,[ 3 10],149,-1,179,-1,178
1,<environment.Job instance at 0x7f8b5a721960>,149,17,[ 4 13],150,-1,195,-1,178
1,<environment.Job instance at 0x7f8b5a7213c0>,150,15,[ 2 14],151,-1,193,-1,178
1,<environment.Job instance at 0x7f8b5a721d70>,151,24,[ 4 10],152,-1,202,-1,178
1,<environment.Job instance at 0x7f8b5a721140>,152,14,[11  1],153,-1,192,-1,178
1,<environment.Job instance at 0x7f8b5a721d20>,153,13,[ 4 12],154,-1,191,-1,178
1,<environment.Job instance at 0x7f8b5a721b40>,154,13,[8 4],155,-1,191,-1,178
1,<environment.Job instance at 0x7f8b5a7217d0>,155,25,[8 3],156,-1,203,-1,178
1,<environment.Job instance at 0x7f8b5a721690>,156,23,[ 1 14],157,-1,201,-1,178
1,<environment.Job instance at 0x7f8b5a721eb0>,157,3,[1 5],158,-1,181,-1,178
1,<environment.Job instance at 0x7f8b5a721a50>,158,14,[ 3 13],159,-1,192,-1,178
1,<environment.Job instance at 0x7f8b5a7212d0>,159,13,[12  3],160,-1,191,-1,178
1,<environment.Job instance at 0x7f8b5a721820>,160,26,[ 3 10],161,-1,204,-1,178
1,<environment.Job instance at 0x7f8b505bbd70>,161,18,[ 1 10],162,-1,196,-1,178
1,<environment.Job instance at 0x7f8b505bbcd0>,162,15,[1 7],163,-1,193,-1,178
1,<environment.Job instance at 0x7f8b505bb3c0>,166,14,[12  3],167,-1,223,-1,209
1,<environment.Job instance at 0x7f8b50db0190>,168,14,[ 4 14],169,-1,223,-1,209
1,<environment.Job instance at 0x7f8b505bbd20>,169,3,[10  4],170,-1,212,-1,209
1,<environment.Job instance at 0x7f8b50db0820>,173,27,[5 4],174,-1,258,-1,231
1,<environment.Job instance at 0x7f8b50db03c0>,176,25,[8 5],177,-1,273,-1,248
1,<environment.Job instance at 0x7f8b518c8e60>,6,27,[ 4 11],7,-1,34,-1,7
1,<environment.Job instance at 0x7f8b518c8730>,7,18,[12  2],8,-1,26,-1,8
1,<environment.Job instance at 0x7f8b518c84b0>,8,24,[ 2 13],9,-1,33,-1,9
1,<environment.Job instance at 0x7f8b518c8780>,9,13,[ 1 11],10,-1,23,-1,10
1,<environment.Job instance at 0x7f8b51bc1960>,15,23,[ 1 10],16,-1,49,-1,26
1,<environment.Job instance at 0x7f8b51bc10a0>,16,16,[ 1 12],17,-1,42,-1,26
1,<environment.Job instance at 0x7f8b51bc1280>,17,24,[10  2],18,-1,50,-1,26
1,<environment.Job instance at 0x7f8b51bc1500>,18,2,[ 1 10],19,-1,28,-1,26
1,<environment.Job instance at 0x7f8b51bc9870>,25,15,[14  1],26,-1,83,-1,68
1,<environment.Job instance at 0x7f8b51bc9500>,27,24,[14  5],28,-1,96,-1,72
1,<environment.Job instance at 0x7f8b51bc98c0>,28,25,[ 3 14],29,-1,97,-1,72
1,<environment.Job instance at 0x7f8b51bc9050>,35,17,[12  3],36,-1,175,-1,158
1,<environment.Job instance at 0x7f8b51bd6e10>,37,13,[ 5 14],38,-1,190,-1,177
1,<environment.Job instance at 0x7f8b51da2910>,39,15,[ 4 11],40,-1,205,-1,190
1,<environment.Job instance at 0x7f8b51bc9550>,45,17,[ 5 13],46,-1,240,-1,223
1,<environment.Job instance at 0x7f8b51bc99b0>,46,18,[ 1 13],47,-1,241,-1,223
1,<environment.Job instance at 0x7f8b518c8f00>,47,14,[12  3],48,-1,237,-1,223
1,<environment.Job instance at 0x7f8b518c8be0>,48,28,[ 1 10],49,-1,251,-1,223
1,<environment.Job instance at 0x7f8b518c85a0>,49,24,[ 2 10],50,-1,247,-1,223
1,<environment.Job instance at 0x7f8b50c65500>,52,25,[14  2],53,-1,266,-1,241
1,<environment.Job instance at 0x7f8b50c59320>,54,17,[14  3],55,-1,258,-1,241
1,<environment.Job instance at 0x7f8b50e7a190>,59,2,[ 5 10],60,-1,266,-1,264
1,<environment.Job instance at 0x7f8b50e7a0f0>,60,23,[11  2],61,-1,287,-1,264
1,<environment.Job instance at 0x7f8b50e775f0>,61,28,[5 5],62,-1,292,-1,264
1,<environment.Job instance at 0x7f8b50e77910>,63,2,[3 9],64,-1,274,-1,272
1,<environment.Job instance at 0x7f8b50e77050>,64,22,[ 3 14],65,-1,294,-1,272
1,<environment.Job instance at 0x7f8b50e77230>,70,18,[ 4 11],71,-1,320,-1,302
1,<environment.Job instance at 0x7f8b51bbdbe0>,73,19,[13  5],74,-1,339,-1,320
1,<environment.Job instance at 0x7f8b50c72e60>,78,14,[ 3 14],79,-1,359,-1,345
1,<environment.Job instance at 0x7f8b50c72be0>,80,26,[14  2],81,-1,371,-1,345
1,<environment.Job instance at 0x7f8b50c72230>,81,23,[3 9],82,-1,369,-1,346
1,<environment.Job instance at 0x7f8b50c708c0>,82,28,[ 5 14],83,-1,374,-1,346
1,<environment.Job instance at 0x7f8b50c70280>,83,14,[ 2 14],84,-1,360,-1,346
1,<environment.Job instance at 0x7f8b50c70140>,84,22,[12  4],85,-1,368,-1,346
1,<environment.Job instance at 0x7f8b50c70640>,87,3,[10  3],88,-1,367,-1,364
1,<environment.Job instance at 0x7f8b50c70dc0>,88,12,[ 4 10],89,-1,383,-1,371
1,<environment.Job instance at 0x7f8b50c868c0>,93,12,[ 3 12],94,-1,409,-1,397
1,<environment.Job instance at 0x7f8b50c860a0>,94,24,[ 5 10],95,-1,421,-1,397
1,<environment.Job instance at 0x7f8b50c67af0>,98,27,[12  1],99,-1,459,-1,432
1,<environment.Job instance at 0x7f8b50c67550>,99,22,[11  2],100,-1,454,-1,432
1,<environment.Job instance at 0x7f8b50c67eb0>,100,24,[6 5],101,-1,456,-1,432
1,<environment.Job instance at 0x7f8b50c67910>,109,1,[9 5],110,-1,476,-1,475
1,<environment.Job instance at 0x7f8b50c670f0>,110,25,[ 1 12],111,-1,500,-1,475
1,<environment.Job instance at 0x7f8b50c81cd0>,111,3,[4 6],112,-1,478,-1,475
1,<environment.Job instance at 0x7f8b50c81280>,115,13,[ 3 13],116,-1,517,-1,504
1,<environment.Job instance at 0x7f8b50c77870>,117,17,[12  2],118,-1,536,-1,519
1,<environment.Job instance at 0x7f8b50c77aa0>,120,16,[ 1 11],121,-1,535,-1,519
1,<environment.Job instance at 0x7f8b50c77500>,123,18,[ 5 13],124,-1,551,-1,533
1,<environment.Job instance at 0x7f8b50c77f50>,127,27,[ 2 12],128,-1,570,-1,543
1,<environment.Job instance at 0x7f8b50c77f00>,130,22,[12  4],131,-1,582,-1,560
1,<environment.Job instance at 0x7f8b50e58f50>,131,26,[ 3 10],132,-1,586,-1,560
1,<environment.Job instance at 0x7f8b504c89b0>,133,12,[ 4 11],134,-1,590,-1,578
1,<environment.Job instance at 0x7f8b5049d640>,134,26,[12  5],135,-1,604,-1,578
1,<environment.Job instance at 0x7f8b504bf5f0>,135,18,[ 5 12],136,-1,596,-1,578
1,<environment.Job instance at 0x7f8b504bf190>,136,24,[ 1 11],137,-1,602,-1,578
1,<environment.Job instance at 0x7f8b512c8550>,137,18,[14  2],138,-1,596,-1,578
1,<environment.Job instance at 0x7f8b50e82be0>,139,3,[ 3 12],140,-1,581,-1,578
1,<environment.Job instance at 0x7f8b51154c80>,145,25,[5 7],146,-1,644,-1,619
1,<environment.Job instance at 0x7f8b51154280>,146,28,[9 2],147,-1,647,-1,619
1,<environment.Job instance at 0x7f8b504b09b0>,148,15,[ 5 14],149,-1,651,-1,636
1,<environment.Job instance at 0x7f8b504b0550>,150,18,[14  1],151,-1,654,-1,636
1,<environment.Job instance at 0x7f8b504b0780>,152,1,[2 8],153,-1,653,-1,652
1,<environment.Job instance at 0x7f8b504b0050>,153,22,[ 2 11],154,-1,674,-1,652
1,<environment.Job instance at 0x7f8b504aa7d0>,154,13,[ 1 11],155,-1,665,-1,652
1,<environment.Job instance at 0x7f8b50640550>,16,13,[ 3 11],17,-1,86,-1,73
1,<environment.Job instance at 0x7f8b50640410>,18,13,[ 4 10],19,-1,90,-1,77
1,<environment.Job instance at 0x7f8b50640370>,19,23,[ 1 11],20,-1,100,-1,77
1,<environment.Job instance at 0x7f8b506405f0>,21,18,[ 1 11],22,-1,109,-1,91
1,<environment.Job instance at 0x7f8b50640b40>,22,22,[ 4 13],23,-1,113,-1,91
1,<environment.Job instance at 0x7f8b50d21c30>,25,20,[ 5 10],26,-1,159,-1,139
1,<environment.Job instance at 0x7f8b50d213c0>,31,14,[14  2],32,-1,153,-1,139
1,<environment.Job instance at 0x7f8b50d21690>,35,21,[ 4 10],36,-1,177,-1,156
1,<environment.Job instance at 0x7f8b50d21eb0>,36,22,[ 2 14],37,-1,178,-1,156
1,<environment.Job instance at 0x7f8b50d215a0>,37,16,[ 4 13],38,-1,172,-1,156
1,<environment.Job instance at 0x7f8b50d21870>,38,12,[12  1],39,-1,168,-1,156
1,<environment.Job instance at 0x7f8b50d21050>,39,2,[2 7],40,-1,158,-1,156
1,<environment.Job instance at 0x7f8b50d21320>,41,15,[11  5],42,-1,186,-1,171
1,<environment.Job instance at 0x7f8b50d219b0>,42,24,[7 1],43,-1,195,-1,171
1,<environment.Job instance at 0x7f8b50d215f0>,43,24,[ 5 12],44,-1,195,-1,171
1,<environment.Job instance at 0x7f8b50d21aa0>,44,21,[11  2],45,-1,192,-1,171
1,<environment.Job instance at 0x7f8b50d216e0>,45,25,[7 4],46,-1,196,-1,171
1,<environment.Job instance at 0x7f8b51572cd0>,46,18,[ 5 13],47,-1,189,-1,171
1,<environment.Job instance at 0x7f8b51572140>,47,28,[7 3],48,-1,199,-1,171
1,<environment.Job instance at 0x7f8b51572be0>,48,13,[ 3 12],49,-1,184,-1,171
1,<environment.Job instance at 0x7f8b51572320>,49,23,[4 5],50,-1,194,-1,171
1,<environment.Job instance at 0x7f8b51572280>,51,12,[13  3],52,-1,183,-1,171
1,<environment.Job instance at 0x7f8b515726e0>,52,26,[7 5],53,-1,197,-1,171
1,<environment.Job instance at 0x7f8b515723c0>,53,24,[5 8],54,-1,195,-1,171
1,<environment.Job instance at 0x7f8b51572fa0>,54,12,[8 2],55,-1,183,-1,171
1,<environment.Job instance at 0x7f8b51572820>,55,21,[ 5 12],56,-1,192,-1,171
1,<environment.Job instance at 0x7f8b515724b0>,58,15,[ 5 12],59,-1,199,-1,184
1,<environment.Job instance at 0x7f8b512a9230>,60,22,[ 3 10],61,-1,215,-1,193
1,<environment.Job instance at 0x7f8b512a9f00>,62,17,[ 4 12],63,-1,215,-1,198
1,<environment.Job instance at 0x7f8b512a9960>,63,18,[ 5 14],64,-1,216,-1,198
1,<environment.Job instance at 0x7f8b512a9af0>,67,24,[5 4],68,-1,252,-1,228
1,<environment.Job instance at 0x7f8b512a98c0>,70,28,[ 1 11],71,-1,264,-1,236
1,<environment.Job instance at 0x7f8b512a9eb0>,71,23,[ 5 12],72,-1,259,-1,236
1,<environment.Job instance at 0x7f8b512a9370>,72,25,[14  4],73,-1,261,-1,236
1,<environment.Job instance at 0x7f8b51c4c230>,77,15,[13  3],78,-1,292,-1,277
1,<environment.Job instance at 0x7f8b51c4cfa0>,78,24,[ 4 14],79,-1,301,-1,277
1,<environment.Job instance at 0x7f8b51c4c730>,80,15,[ 3 14],81,-1,296,-1,281
1,<environment.Job instance at 0x7f8b51c4c960>,81,13,[11  2],82,-1,294,-1,281
1,<environment.Job instance at 0x7f8b51c4c140>,84,24,[ 4 11],85,-1,328,-1,304
1,<environment.Job instance at 0x7f8b51c4c5f0>,85,28,[ 1 13],86,-1,332,-1,304
1,<environment.Job instance at 0x7f8b51c4c1e0>,86,18,[11  5],87,-1,322,-1,304
1,<environment.Job instance at 0x7f8b51c4c500>,89,17,[14  3],90,-1,331,-1,314
1,<environment.Job instance at 0x7f8b51c4c5a0>,91,1,[ 5 10],92,-1,324,-1,323
1,<environment.Job instance at 0x7f8b51c4ce10>,92,1,[2 7],93,-1,324,-1,323
1,<environment.Job instance at 0x7f8b51c3cd20>,94,27,[ 2 12],95,-1,370,-1,343
1,<environment.Job instance at 0x7f8b51c3ccd0>,97,14,[8 1],98,-1,359,-1,345
1,<environment.Job instance at 0x7f8b51c3c0f0>,100,15,[ 5 11],101,-1,390,-1,375
1,<environment.Job instance at 0x7f8b51c3c730>,102,12,[ 2 10],103,-1,390,-1,378
1,<environment.Job instance at 0x7f8b51c3ceb0>,104,25,[9 5],105,-1,403,-1,378
1,<environment.Job instance at 0x7f8b51c3caa0>,105,28,[11  2],106,-1,406,-1,378
1,<environment.Job instance at 0x7f8b51c3cf50>,106,13,[ 5 10],107,-1,398,-1,385
1,<environment.Job instance at 0x7f8b51c3c4b0>,108,27,[4 6],109,-1,419,-1,392
1,<environment.Job instance at 0x7f8b51c3cfa0>,111,16,[ 1 13],112,-1,420,-1,404
1,<environment.Job instance at 0x7f8b51c3caf0>,113,28,[5 2],114,-1,447,-1,419
1,<environment.Job instance at 0x7f8b51c3cb40>,114,3,[5 8],115,-1,422,-1,419
1,<environment.Job instance at 0x7f8b51c2f820>,116,14,[13  1],117,-1,440,-1,426
1,<environment.Job instance at 0x7f8b51c2f2d0>,117,13,[ 2 10],118,-1,439,-1,426
1,<environment.Job instance at 0x7f8b51c2fdc0>,119,24,[5 9],120,-1,450,-1,426
1,<environment.Job instance at 0x7f8b51c2f280>,120,13,[12  4],121,-1,439,-1,426
1,<environment.Job instance at 0x7f8b51c2fe10>,121,25,[8 5],122,-1,451,-1,426
1,<environment.Job instance at 0x7f8b51c2f190>,122,27,[ 3 14],123,-1,453,-1,426
1,<environment.Job instance at 0x7f8b51c2f1e0>,123,18,[ 4 11],124,-1,444,-1,426
1,<environment.Job instance at 0x7f8b51c2faf0>,125,3,[13  2],126,-1,440,-1,437
1,<environment.Job instance at 0x7f8b51c2feb0>,127,14,[10  1],128,-1,457,-1,443
1,<environment.Job instance at 0x7f8b51c2fa00>,129,26,[5 3],130,-1,470,-1,444
1,<environment.Job instance at 0x7f8b51c2f8c0>,130,12,[12  5],131,-1,456,-1,444
1,<environment.Job instance at 0x7f8b51c2fb40>,131,24,[12  2],132,-1,468,-1,444
1,<environment.Job instance at 0x7f8b51c2f500>,133,1,[9 3],134,-1,446,-1,445
1,<environment.Job instance at 0x7f8b51c2f5f0>,134,2,[ 1 14],135,-1,447,-1,445
1,<environment.Job instance at 0x7f8b50d18f00>,135,13,[10  1],136,-1,458,-1,445
1,<environment.Job instance at 0x7f8b50d184b0>,137,15,[5 1],138,-1,468,-1,453
1,<environment.Job instance at 0x7f8b51504c80>,139,12,[10  5],140,-1,471,-1,459
1,<environment.Job instance at 0x7f8b50d32730>,141,25,[5 9],142,-1,492,-1,467
1,<environment.Job instance at 0x7f8b50d32370>,142,16,[12  1],143,-1,483,-1,467
1,<environment.Job instance at 0x7f8b509e6230>,144,15,[14  1],145,-1,486,-1,471
1,<environment.Job instance at 0x7f8b51382cd0>,145,20,[14  4],146,-1,491,-1,471
1,<environment.Job instance at 0x7f8b507e4460>,153,2,[5 1],154,-1,510,-1,508
1,<environment.Job instance at 0x7f8b5141a0f0>,155,14,[11  5],157,-1,540,-1,526
1,<environment.Job instance at 0x7f8b50e586e0>,157,28,[6 2],159,-1,554,-1,526
1,<environment.Job instance at 0x7f8b50c67780>,158,16,[ 1 11],160,-1,542,-1,526
1,<environment.Job instance at 0x7f8b50ac41e0>,159,15,[12  5],161,-1,541,-1,526
1,<environment.Job instance at 0x7f8b5049d690>,160,25,[2 6],162,-1,551,-1,526
1,<environment.Job instance at 0x7f8b50b860f0>,162,15,[12  3],173,-1,556,-1,541
1,<environment.Job instance at 0x7f8b504c80a0>,163,27,[8 5],174,-1,568,-1,541
1,<environment.Job instance at 0x7f8b51bbd550>,2,18,[ 2 12],3,-1,21,-1,3
1,<environment.Job instance at 0x7f8b51bbdd20>,7,13,[12  1],8,-1,21,-1,8
1,<environment.Job instance at 0x7f8b50640a50>,8,23,[5 6],9,-1,34,-1,11
1,<environment.Job instance at 0x7f8b5a99d370>,11,14,[11  4],12,-1,26,-1,12
1,<environment.Job instance at 0x7f8b7600f910>,12,2,[ 4 13],13,-1,15,-1,13
1,<environment.Job instance at 0x7f8b51d4a5a0>,16,13,[ 2 12],17,-1,61,-1,48
1,<environment.Job instance at 0x7f8b51d4a640>,17,3,[ 5 10],18,-1,51,-1,48
1,<environment.Job instance at 0x7f8b51076f00>,20,25,[5 5],21,-1,108,-1,83
1,<environment.Job instance at 0x7f8b510762d0>,21,13,[14  2],22,-1,96,-1,83
1,<environment.Job instance at 0x7f8b51076d20>,23,3,[ 3 12],24,-1,86,-1,83
1,<environment.Job instance at 0x7f8b51076050>,24,26,[2 7],25,-1,109,-1,83
1,<environment.Job instance at 0x7f8b51076500>,28,17,[14  1],29,-1,117,-1,100
1,<environment.Job instance at 0x7f8b51076dc0>,30,1,[ 2 11],31,-1,105,-1,104
1,<environment.Job instance at 0x7f8b51076640>,36,2,[6 5],37,-1,144,-1,142
1,<environment.Job instance at 0x7f8b51076aa0>,38,26,[ 3 11],39,-1,168,-1,142
1,<environment.Job instance at 0x7f8b519143c0>,40,24,[4 9],41,-1,180,-1,156
1,<environment.Job instance at 0x7f8b519142d0>,41,12,[11  5],42,-1,168,-1,156
1,<environment.Job instance at 0x7f8b51914d20>,42,3,[ 4 10],43,-1,159,-1,156
1,<environment.Job instance at 0x7f8b51914eb0>,44,26,[9 5],45,-1,186,-1,160
1,<environment.Job instance at 0x7f8b51914be0>,45,2,[6 5],46,-1,162,-1,160
1,<environment.Job instance at 0x7f8b51914370>,48,26,[4 7],49,-1,202,-1,176
1,<environment.Job instance at 0x7f8b51914f50>,50,23,[9 4],51,-1,209,-1,186
1,<environment.Job instance at 0x7f8b513a8af0>,67,14,[ 1 13],68,-1,326,-1,312
1,<environment.Job instance at 0x7f8b516aef00>,80,16,[ 5 11],81,-1,411,-1,395
1,<environment.Job instance at 0x7f8b5108a7d0>,83,3,[ 2 14],84,-1,416,-1,413
1,<environment.Job instance at 0x7f8b5108aaa0>,84,16,[ 4 13],85,-1,429,-1,413
1,<environment.Job instance at 0x7f8b5108aeb0>,86,1,[1 9],87,-1,428,-1,427
1,<environment.Job instance at 0x7f8b5108a1e0>,88,27,[4 6],89,-1,459,-1,432
1,<environment.Job instance at 0x7f8b5108afa0>,94,12,[ 5 13],95,-1,487,-1,475
1,<environment.Job instance at 0x7f8b50e64a50>,95,12,[13  3],96,-1,487,-1,475
1,<environment.Job instance at 0x7f8b50e64f50>,96,2,[2 6],97,-1,477,-1,475
1,<environment.Job instance at 0x7f8b50e646e0>,97,25,[ 2 12],98,-1,500,-1,475
1,<environment.Job instance at 0x7f8b50e64190>,98,19,[ 5 11],99,-1,494,-1,475
1,<environment.Job instance at 0x7f8b50e64f00>,99,28,[3 6],100,-1,503,-1,475
1,<environment.Job instance at 0x7f8b50e64cd0>,100,27,[ 5 11],101,-1,502,-1,475
1,<environment.Job instance at 0x7f8b50e64fa0>,102,19,[14  1],103,-1,494,-1,475
1,<environment.Job instance at 0x7f8b50e64640>,105,27,[10  4],106,-1,518,-1,491
1,<environment.Job instance at 0x7f8b50e64dc0>,106,2,[14  1],107,-1,493,-1,491
1,<environment.Job instance at 0x7f8b50e64910>,107,13,[ 5 14],108,-1,504,-1,491
1,<environment.Job instance at 0x7f8b51bc1140>,108,26,[ 3 12],109,-1,517,-1,491
1,<environment.Job instance at 0x7f8b51bc10a0>,110,3,[11  2],111,-1,508,-1,505
1,<environment.Job instance at 0x7f8b51bc11e0>,114,26,[2 8],115,-1,546,-1,520
1,<environment.Job instance at 0x7f8b51bc1410>,115,3,[14  3],116,-1,523,-1,520
1,<environment.Job instance at 0x7f8b51bc1a00>,117,2,[ 2 14],118,-1,526,-1,524
1,<environment.Job instance at 0x7f8b51bc1500>,119,28,[ 1 14],120,-1,566,-1,538
1,<environment.Job instance at 0x7f8b50be4fa0>,131,2,[7 3],132,-1,618,-1,616
1,<environment.Job instance at 0x7f8b50be4be0>,132,1,[ 2 11],133,-1,617,-1,616
1,<environment.Job instance at 0x7f8b50be40a0>,135,2,[5 7],136,-1,622,-1,620
1,<environment.Job instance at 0x7f8b507b31e0>,140,1,[ 1 10],141,-1,649,-1,648
1,<environment.Job instance at 0x7f8b51596550>,143,22,[ 5 13],144,-1,683,-1,661
1,<environment.Job instance at 0x7f8b504fce10>,147,24,[5 6],148,-1,712,-1,688
1,<environment.Job instance at 0x7f8b509f2780>,148,14,[11  5],149,-1,703,-1,689
1,<environment.Job instance at 0x7f8b513cf870>,151,27,[ 1 11],152,-1,718,-1,691
1,<environment.Job instance at 0x7f8b505ea730>,153,15,[12  2],154,-1,706,-1,691
1,<environment.Job instance at 0x7f8b517b8c30>,154,13,[11  2],155,-1,704,-1,691
1,<environment.Job instance at 0x7f8b5070c280>,155,3,[ 3 12],156,-1,694,-1,691
1,<environment.Job instance at 0x7f8b515efa00>,158,16,[14  1],159,-1,723,-1,707
1,<environment.Job instance at 0x7f8b51360320>,159,23,[5 6],160,-1,737,-1,714
1,<environment.Job instance at 0x7f8b506eda50>,160,25,[ 2 10],161,-1,739,-1,714
1,<environment.Job instance at 0x7f8b5099b500>,162,19,[ 1 14],163,-1,741,-1,722
1,<environment.Job instance at 0x7f8b5099b640>,163,15,[14  2],164,-1,737,-1,722
1,<environment.Job instance at 0x7f8b514fb960>,167,2,[8 1],170,-1,744,-1,742
1,<environment.Job instance at 0x7f1901810eb0>,8,15,[ 4 13],9,-1,29,-1,14
1,<environment.Job instance at 0x7f1901810dc0>,10,12,[2 8],11,-1,30,-1,18
1,<environment.Job instance at 0x7f1901813410>,14,21,[8 1],15,-1,57,-1,36
1,<environment.Job instance at 0x7f1901813370>,15,15,[12  2],16,-1,51,-1,36
1,<environment.Job instance at 0x7f1901813320>,16,28,[5 1],17,-1,64,-1,36
1,<environment.Job instance at 0x7f1901813140>,18,18,[13  1],19,-1,56,-1,38
1,<environment.Job instance at 0x7f1901813640>,19,23,[8 4],20,-1,61,-1,38
1,<environment.Job instance at 0x7f19018135f0>,20,17,[ 2 14],21,-1,55,-1,38
1,<environment.Job instance at 0x7f1901813690>,21,14,[ 4 11],22,-1,52,-1,38
1,<environment.Job instance at 0x7f19018138c0>,23,16,[12  2],24,-1,65,-1,49
1,<environment.Job instance at 0x7f1901813960>,24,2,[4 6],25,-1,51,-1,49
1,<environment.Job instance at 0x7f1901813a00>,25,2,[5 7],26,-1,51,-1,49
1,<environment.Job instance at 0x7f1901813c80>,26,12,[8 5],27,-1,61,-1,49
1,<environment.Job instance at 0x7f1901813d70>,28,17,[ 1 13],29,-1,72,-1,55
1,<environment.Job instance at 0x7f1901813dc0>,29,24,[4 7],30,-1,79,-1,55
1,<environment.Job instance at 0x7f1901813e60>,30,26,[9 4],31,-1,81,-1,55
1,<environment.Job instance at 0x7f1901813f00>,31,15,[9 2],32,-1,70,-1,55
1,<environment.Job instance at 0x7f1901813b90>,32,12,[12  3],33,-1,67,-1,55
1,<environment.Job instance at 0x7f1901813d20>,33,21,[12  3],34,-1,76,-1,55
1,<environment.Job instance at 0x7f1901813cd0>,34,12,[3 6],35,-1,67,-1,55
1,<environment.Job instance at 0x7f1901816050>,36,25,[12  3],37,-1,92,-1,67
1,<environment.Job instance at 0x7f1901816550>,38,24,[13  2],39,-1,96,-1,72
1,<environment.Job instance at 0x7f19018165f0>,41,12,[8 3],42,-1,102,-1,90
1,<environment.Job instance at 0x7f1901816690>,42,12,[ 5 12],43,-1,102,-1,90
1,<environment.Job instance at 0x7f19018167d0>,44,12,[9 3],45,-1,107,-1,95
1,<environment.Job instance at 0x7f1901816870>,45,12,[ 3 14],46,-1,107,-1,95
1,<environment.Job instance at 0x7f19018169b0>,47,14,[12  2],48,-1,118,-1,104
1,<environment.Job instance at 0x7f1901816a50>,48,14,[ 1 11],49,-1,118,-1,104
1,<environment.Job instance at 0x7f1901816be0>,49,13,[1 5],50,-1,117,-1,104
1,<environment.Job instance at 0x7f1901816c80>,50,13,[ 4 12],51,-1,117,-1,104
1,<environment.Job instance at 0x7f1901816cd0>,51,13,[5 6],52,-1,117,-1,104
1,<environment.Job instance at 0x7f1901816e10>,53,12,[ 3 14],54,-1,126,-1,114
1,<environment.Job instance at 0x7f1901816eb0>,54,3,[ 3 13],55,-1,117,-1,114
1,<environment.Job instance at 0x7f1901816c30>,56,2,[4 7],57,-1,121,-1,119
1,<environment.Job instance at 0x7f19018191e0>,57,17,[ 2 14],58,-1,136,-1,119
1,<environment.Job instance at 0x7f1901819280>,58,28,[10  3],59,-1,147,-1,119
1,<environment.Job instance at 0x7f1901819320>,59,21,[9 1],60,-1,140,-1,119
1,<environment.Job instance at 0x7f19018193c0>,60,14,[ 2 10],61,-1,133,-1,119
1,<environment.Job instance at 0x7f1901819460>,61,2,[ 1 12],62,-1,121,-1,119
1,<environment.Job instance at 0x7f1901819500>,62,2,[5 9],63,-1,121,-1,119
1,<environment.Job instance at 0x7f19018195a0>,63,21,[5 5],64,-1,140,-1,119
1,<environment.Job instance at 0x7f1901819640>,64,12,[5 6],65,-1,131,-1,119
1,<environment.Job instance at 0x7f1901819780>,66,28,[3 6],67,-1,157,-1,129
1,<environment.Job instance at 0x7f19018198c0>,67,16,[1 9],68,-1,145,-1,129
1,<environment.Job instance at 0x7f1901819aa0>,70,22,[ 3 10],71,-1,165,-1,143
1,<environment.Job instance at 0x7f1901819e60>,75,28,[ 2 10],76,-1,190,-1,162
1,<environment.Job instance at 0x7f1901819f00>,76,13,[10  1],77,-1,175,-1,162
1,<environment.Job instance at 0x7f1901819a50>,77,16,[8 1],78,-1,178,-1,162
1,<environment.Job instance at 0x7f1901819fa0>,78,14,[6 1],79,-1,176,-1,162
1,<environment.Job instance at 0x7f190181c1e0>,79,19,[12  3],80,-1,181,-1,162
1,<environment.Job instance at 0x7f190181c3c0>,82,21,[4 8],83,-1,197,-1,176
1,<environment.Job instance at 0x7f190181c460>,83,18,[ 3 10],84,-1,194,-1,176
1,<environment.Job instance at 0x7f190181c500>,84,1,[5 5],85,-1,177,-1,176
1,<environment.Job instance at 0x7f190181c5a0>,85,15,[1 7],86,-1,191,-1,176
1,<environment.Job instance at 0x7f190181c640>,86,3,[6 3],87,-1,179,-1,176
1,<environment.Job instance at 0x7f190181c6e0>,87,18,[7 1],88,-1,194,-1,176
1,<environment.Job instance at 0x7f190181c780>,88,16,[4 9],89,-1,194,-1,178
1,<environment.Job instance at 0x7f190181c820>,89,17,[ 5 14],90,-1,195,-1,178
1,<environment.Job instance at 0x7f190181c0f0>,90,22,[9 2],91,-1,200,-1,178
1,<environment.Job instance at 0x7f190181ca50>,91,15,[9 1],92,-1,193,-1,178
1,<environment.Job instance at 0x7f190181caf0>,92,23,[9 1],93,-1,201,-1,178
1,<environment.Job instance at 0x7f190181cb90>,93,25,[ 1 13],94,-1,203,-1,178
1,<environment.Job instance at 0x7f190181cc30>,94,21,[14  5],95,-1,199,-1,178
1,<environment.Job instance at 0x7f190181cbe0>,99,2,[13  5],100,-1,212,-1,210
1,<environment.Job instance at 0x7f190181cd20>,100,28,[5 9],101,-1,238,-1,210
1,<environment.Job instance at 0x7f190181cd70>,101,15,[ 2 13],102,-1,225,-1,210
1,<environment.Job instance at 0x7f190181e1e0>,102,13,[11  4],103,-1,223,-1,210
1,<environment.Job instance at 0x7f190181e280>,103,16,[1 9],104,-1,226,-1,210
1,<environment.Job instance at 0x7f190181e3c0>,104,1,[ 1 10],105,-1,211,-1,210
1,<environment.Job instance at 0x7f190181e4b0>,106,22,[ 4 14],107,-1,247,-1,225
1,<environment.Job instance at 0x7f190181e690>,109,27,[ 3 11],110,-1,266,-1,239
1,<environment.Job instance at 0x7f190181e730>,110,23,[5 1],111,-1,262,-1,239
1,<environment.Job instance at 0x7f190181e7d0>,111,17,[12  4],112,-1,256,-1,239
1,<environment.Job instance at 0x7f190181e870>,112,12,[1 6],113,-1,251,-1,239
1,<environment.Job instance at 0x7f190181e910>,113,17,[5 1],114,-1,256,-1,239
1,<environment.Job instance at 0x7f190181eb90>,115,2,[1 6],116,-1,248,-1,246
1,<environment.Job instance at 0x7f190181ecd0>,117,22,[10  3],118,-1,280,-1,258
1,<environment.Job instance at 0x7f190181ed70>,118,13,[9 1],119,-1,271,-1,258
1,<environment.Job instance at 0x7f190181edc0>,119,12,[13  1],120,-1,270,-1,258
1,<environment.Job instance at 0x7f190181ef50>,120,24,[8 1],121,-1,282,-1,258
1,<environment.Job instance at 0x7f1901868230>,121,2,[ 5 14],122,-1,260,-1,258
1,<environment.Job instance at 0x7f190ae470f0>,122,25,[1 8],123,-1,283,-1,258
1,<environment.Job instance at 0x7f190ae3bdc0>,123,3,[10  3],124,-1,261,-1,258
1,<environment.Job instance at 0x7f1901806d20>,124,12,[1 5],125,-1,270,-1,258
1,<environment.Job instance at 0x7f19018066e0>,126,13,[2 6],127,-1,271,-1,258
1,<environment.Job instance at 0x7f1901806af0>,127,2,[5 5],128,-1,260,-1,258
1,<environment.Job instance at 0x7f1901806910>,128,19,[1 7],129,-1,277,-1,258
1,<environment.Job instance at 0x7f1901806a50>,129,3,[1 5],130,-1,261,-1,258
1,<environment.Job instance at 0x7f1901806550>,131,13,[ 3 14],132,-1,286,-1,273
1,<environment.Job instance at 0x7f19019b9e10>,133,13,[ 5 10],134,-1,289,-1,276
1,<environment.Job instance at 0x7f19018f8a00>,134,12,[5 4],135,-1,288,-1,276
1,<environment.Job instance at 0x7f190191cbe0>,136,1,[9 5],137,-1,292,-1,291
1,<environment.Job instance at 0x7f190191c1e0>,137,28,[ 2 10],138,-1,319,-1,291
1,<environment.Job instance at 0x7f19018b1870>,138,24,[6 5],139,-1,315,-1,291
1,<environment.Job instance at 0x7f19018cc140>,140,1,[ 3 11],141,-1,292,-1,291
1,<environment.Job instance at 0x7f19018b1410>,141,14,[ 3 10],142,-1,305,-1,291
1,<environment.Job instance at 0x7f1901a425a0>,142,15,[ 2 13],143,-1,306,-1,291
1,<environment.Job instance at 0x7f19018c3be0>,143,26,[7 2],144,-1,317,-1,291
1,<environment.Job instance at 0x7f1901938b40>,144,20,[13  4],145,-1,311,-1,291
1,<environment.Job instance at 0x7f19018c3c30>,145,3,[9 2],146,-1,294,-1,291
1,<environment.Job instance at 0x7f190192b190>,146,13,[10  5],147,-1,304,-1,291
1,<environment.Job instance at 0x7f19019386e0>,147,2,[3 8],148,-1,293,-1,291
1,<environment.Job instance at 0x7f190192bc80>,148,3,[4 8],149,-1,294,-1,291
1,<environment.Job instance at 0x7f1901999fa0>,150,12,[5 1],151,-1,315,-1,303
1,<environment.Job instance at 0x7f190192feb0>,151,22,[5 6],152,-1,325,-1,303
1,<environment.Job instance at 0x7f19018dc320>,152,26,[6 4],153,-1,329,-1,303
1,<environment.Job instance at 0x7f190192e2d0>,154,15,[ 2 10],155,-1,323,-1,308
1,<environment.Job instance at 0x7f190192e1e0>,155,25,[ 3 13],156,-1,333,-1,308
1,<environment.Job instance at 0x7f190192e820>,157,25,[ 2 11],158,-1,345,-1,320
1,<environment.Job instance at 0x7f190192ef50>,158,1,[14  3],159,-1,321,-1,320
1,<environment.Job instance at 0x7f19019b8140>,159,2,[ 1 10],160,-1,322,-1,320
1,<environment.Job instance at 0x7f190187f550>,160,12,[1 8],161,-1,332,-1,320
1,<environment.Job instance at 0x7f1901833e10>,161,20,[10  5],162,-1,353,-1,333
1,<environment.Job instance at 0x7f190199b460>,162,22,[ 2 11],163,-1,355,-1,333
1,<environment.Job instance at 0x7f190199b7d0>,163,2,[13  5],164,-1,335,-1,333
1,<environment.Job instance at 0x7f19018339b0>,164,22,[5 6],165,-1,355,-1,333
1,<environment.Job instance at 0x7f1901837550>,165,13,[ 5 14],166,-1,346,-1,333
1,<environment.Job instance at 0x7f1901837410>,166,3,[5 6],167,-1,336,-1,333
1,<environment.Job instance at 0x7f1901837230>,167,20,[8 1],168,-1,353,-1,333
1,<environment.Job instance at 0x7f1901837910>,168,14,[ 5 10],169,-1,347,-1,333
1,<environment.Job instance at 0x7f1901837af0>,171,25,[14  5],172,-1,358,-1,333
1,<environment.Job instance at 0x7f1901837730>,172,24,[3 7],173,-1,357,-1,333
1,<environment.Job instance at 0x7f1901837050>,173,19,[3 8],174,-1,352,-1,333
1,<environment.Job instance at 0x7f1901837960>,174,17,[5 1],175,-1,350,-1,333
1,<environment.Job instance at 0x7f1901837eb0>,175,27,[ 3 13],176,-1,360,-1,333
1,<environment.Job instance at 0x7f1901933d70>,177,2,[5 7],178,-1,343,-1,341
1,<environment.Job instance at 0x7f1901933b90>,178,17,[12  2],179,-1,358,-1,341
1,<environment.Job instance at 0x7f19019337d0>,180,18,[12  2],181,-1,368,-1,350
1,<environment.Job instance at 0x7f19018a10f0>,181,27,[8 3],182,-1,377,-1,350
1,<environment.Job instance at 0x7f19018a1870>,182,21,[2 5],183,-1,371,-1,350
1,<environment.Job instance at 0x7f190191d320>,183,19,[12  2],184,-1,369,-1,350
1,<environment.Job instance at 0x7f190191de10>,185,17,[9 1],186,-1,389,-1,372
1,<environment.Job instance at 0x7f190191d230>,187,27,[ 3 12],188,-1,402,-1,375
1,<environment.Job instance at 0x7f1901810c80>,7,26,[9 3],8,-1,5389,-1,5363
1,<environment.Job instance at 0x7f190127d820>,10,2,[11  3],11,-1,16,-1,14
1,<environment.Job instance at 0x7f1901283500>,21,12,[ 4 14],22,-1,118,-1,106
1,<environment.Job instance at 0x7f1901283690>,22,16,[ 5 12],23,-1,122,-1,106
1,<environment.Job instance at 0x7f19012839b0>,24,16,[ 1 14],25,-1,143,-1,127
1,<environment.Job instance at 0x7f1901283780>,25,18,[ 1 14],26,-1,145,-1,127
1,<environment.Job instance at 0x7f1901283910>,26,23,[1 9],27,-1,152,-1,129
1,<environment.Job instance at 0x7f1901283aa0>,28,25,[4 8],29,-1,154,-1,129
1,<environment.Job instance at 0x7f19012837d0>,29,3,[11  3],30,-1,132,-1,129
1,<environment.Job instance at 0x7f1901283e10>,30,15,[14  2],31,-1,144,-1,129
1,<environment.Job instance at 0x7f1901283be0>,31,18,[11  1],32,-1,147,-1,129
1,<environment.Job instance at 0x7f1901283d20>,33,17,[12  1],34,-1,155,-1,138
1,<environment.Job instance at 0x7f1901308dc0>,37,13,[ 4 11],38,-1,178,-1,165
1,<environment.Job instance at 0x7f19012ebc30>,38,16,[14  3],39,-1,181,-1,165
1,<environment.Job instance at 0x7f1901308d70>,40,22,[ 4 10],41,-1,195,-1,173
1,<environment.Job instance at 0x7f19013d8640>,44,12,[13  1],45,-1,210,-1,198
1,<environment.Job instance at 0x7f1901406500>,45,13,[ 1 12],46,-1,211,-1,198
1,<environment.Job instance at 0x7f19012b23c0>,48,13,[ 5 11],49,-1,226,-1,213
1,<environment.Job instance at 0x7f19012b2550>,53,27,[6 1],54,-1,263,-1,236
1,<environment.Job instance at 0x7f19012b26e0>,54,27,[ 4 13],55,-1,263,-1,236
1,<environment.Job instance at 0x7f19012b2b40>,56,27,[11  1],57,-1,267,-1,240
1,<environment.Job instance at 0x7f19012b2af0>,57,24,[6 2],58,-1,264,-1,240
1,<environment.Job instance at 0x7f19012b2c80>,60,23,[1 8],61,-1,279,-1,256
1,<environment.Job instance at 0x7f19012b2280>,61,27,[5 6],62,-1,283,-1,256
1,<environment.Job instance at 0x7f19012b2780>,63,18,[ 1 11],64,-1,279,-1,261
1,<environment.Job instance at 0x7f19012b22d0>,64,26,[ 2 13],65,-1,287,-1,261
1,<environment.Job instance at 0x7f19014271e0>,65,28,[14  4],66,-1,289,-1,261
1,<environment.Job instance at 0x7f190ae84780>,66,1,[3 9],67,-1,262,-1,261
1,<environment.Job instance at 0x7f19011ab550>,67,20,[ 4 11],68,-1,281,-1,261
1,<environment.Job instance at 0x7f19011ebbe0>,68,15,[8 1],69,-1,286,-1,271
1,<environment.Job instance at 0x7f19011ba500>,70,27,[1 5],71,-1,300,-1,273
1,<environment.Job instance at 0x7f19011ba640>,71,26,[5 3],72,-1,299,-1,273
1,<environment.Job instance at 0x7f19011b9140>,73,18,[ 1 10],74,-1,304,-1,286
1,<environment.Job instance at 0x7f19011b9dc0>,74,15,[14  2],75,-1,301,-1,286
1,<environment.Job instance at 0x7f19011b9640>,75,22,[3 7],76,-1,346,-1,324
1,<environment.Job instance at 0x7f1900eb7870>,91,2,[7 3],92,-1,427,-1,425
1,<environment.Job instance at 0x7f1900e02be0>,93,2,[5 7],94,-1,429,-1,427
1,<environment.Job instance at 0x7f1900e1efa0>,94,2,[8 1],95,-1,429,-1,427
1,<environment.Job instance at 0x7f1900f52730>,95,27,[9 5],96,-1,454,-1,427
1,<environment.Job instance at 0x7f1901228eb0>,97,14,[12  2],98,-1,452,-1,438
1,<environment.Job instance at 0x7f1900f52410>,98,2,[ 4 11],99,-1,440,-1,438
1,<environment.Job instance at 0x7f1900dbaf00>,99,3,[9 4],100,-1,441,-1,438
1,<environment.Job instance at 0x7f1900def4b0>,100,2,[2 9],101,-1,440,-1,438
1,<environment.Job instance at 0x7f1900dac5a0>,103,27,[2 7],104,-1,477,-1,450
1,<environment.Job instance at 0x7f1900fd0c80>,105,27,[1 5],106,-1,490,-1,463
1,<environment.Job instance at 0x7f1900dacfa0>,107,15,[14  2],108,-1,478,-1,463
1,<environment.Job instance at 0x7f1900dc50f0>,108,2,[8 3],109,-1,465,-1,463
1,<environment.Job instance at 0x7f1900dc5eb0>,112,17,[13  5],113,-1,501,-1,484
1,<environment.Job instance at 0x7f1900dc5af0>,113,13,[ 5 14],114,-1,497,-1,484
1,<environment.Job instance at 0x7f1900dc5230>,114,3,[4 5],115,-1,487,-1,484
1,<environment.Job instance at 0x7f1900da6dc0>,121,18,[ 1 11],122,-1,549,-1,531
1,<environment.Job instance at 0x7f1900dc1550>,124,25,[5 6],125,-1,565,-1,540
1,<environment.Job instance at 0x7f1900dc12d0>,129,28,[11  2],130,-1,607,-1,579
1,<environment.Job instance at 0x7f1900dc26e0>,133,27,[ 4 13],134,-1,642,-1,615
1,<environment.Job instance at 0x7f1900dc2960>,134,28,[1 8],135,-1,643,-1,615
1,<environment.Job instance at 0x7f1900dc2f50>,135,12,[13  4],136,-1,627,-1,615
1,<environment.Job instance at 0x7f1900dc2e60>,136,12,[ 5 12],137,-1,627,-1,615
1,<environment.Job instance at 0x7f1900dc2c80>,137,28,[7 4],138,-1,643,-1,615
1,<environment.Job instance at 0x7f1900dc28c0>,138,27,[4 6],139,-1,642,-1,615
1,<environment.Job instance at 0x7f1900dc20a0>,142,27,[12  5],143,-1,687,-1,660
1,<environment.Job instance at 0x7f1900dc2b40>,144,2,[5 5],145,-1,662,-1,660
1,<environment.Job instance at 0x7f1900e5fc30>,145,3,[9 3],146,-1,663,-1,660
1,<environment.Job instance at 0x7f1900dc2af0>,146,3,[10  2],147,-1,663,-1,660
1,<environment.Job instance at 0x7f1900dc0870>,148,18,[12  2],149,-1,693,-1,675
1,<environment.Job instance at 0x7f1900dc0820>,149,23,[5 8],150,-1,699,-1,676
1,<environment.Job instance at 0x7f1900dc03c0>,152,21,[ 4 14],153,-1,714,-1,693
1,<environment.Job instance at 0x7f1900dc05a0>,155,13,[12  1],156,-1,725,-1,712
1,<environment.Job instance at 0x7f1900ed8b90>,156,12,[14  3],157,-1,724,-1,712
1,<environment.Job instance at 0x7f1900e9a0a0>,159,28,[8 2],168,-1,740,-1,712
1,<environment.Job instance at 0x7f1900e3cb90>,160,3,[ 5 10],174,-1,715,-1,712
1,<environment.Job instance at 0x7f1900f26550>,8,19,[12  4],9,-1,28,-1,9
1,<environment.Job instance at 0x7f1900f26320>,9,14,[ 5 12],10,-1,24,-1,10
1,<environment.Job instance at 0x7f1900f26d70>,12,16,[ 2 11],13,-1,38,-1,22
1,<environment.Job instance at 0x7f1900f26370>,13,28,[ 3 11],14,-1,50,-1,22
1,<environment.Job instance at 0x7f1900fa07d0>,16,16,[14  5],17,-1,53,-1,37
1,<environment.Job instance at 0x7f1900fa0820>,18,27,[14  3],19,-1,64,-1,37
1,<environment.Job instance at 0x7f1900fa0550>,19,18,[ 1 14],20,-1,55,-1,37
1,<environment.Job instance at 0x7f1900fa0690>,21,15,[11  2],22,-1,65,-1,50
1,<environment.Job instance at 0x7f1900fa0730>,22,13,[ 1 12],23,-1,63,-1,50
1,<environment.Job instance at 0x7f1900fa0eb0>,25,16,[ 4 11],26,-1,79,-1,63
1,<environment.Job instance at 0x7f1900fa04b0>,26,17,[13  3],27,-1,80,-1,63
1,<environment.Job instance at 0x7f1900fa0370>,27,22,[ 3 11],28,-1,85,-1,63
1,<environment.Job instance at 0x7f1900f984b0>,57,25,[6 4],58,-1,469,-1,444
1,<environment.Job instance at 0x7f1900f98370>,59,18,[14  5],60,-1,472,-1,454
1,<environment.Job instance at 0x7f1900f988c0>,63,14,[ 2 11],64,-1,484,-1,470
1,<environment.Job instance at 0x7f1900f986e0>,64,1,[4 6],65,-1,471,-1,470
1,<environment.Job instance at 0x7f1900f987d0>,65,28,[ 5 10],66,-1,498,-1,470
1,<environment.Job instance at 0x7f1900f98870>,67,13,[ 5 11],68,-1,488,-1,475
1,<environment.Job instance at 0x7f1900f98500>,69,19,[ 4 14],70,-1,511,-1,492
1,<environment.Job instance at 0x7f1900f95960>,72,14,[ 3 14],73,-1,520,-1,506
1,<environment.Job instance at 0x7f1900f950a0>,76,17,[ 5 14],77,-1,556,-1,539
1,<environment.Job instance at 0x7f1900f95be0>,79,2,[ 4 11],80,-1,541,-1,539
1,<environment.Job instance at 0x7f1900f90870>,81,3,[2 8],82,-1,546,-1,543
1,<environment.Job instance at 0x7f1900f90500>,83,12,[12  2],84,-1,561,-1,549
1,<environment.Job instance at 0x7f1900f903c0>,84,12,[14  2],85,-1,561,-1,549
1,<environment.Job instance at 0x7f1900f90190>,86,13,[14  5],87,-1,574,-1,561
1,<environment.Job instance at 0x7f1900f90d70>,87,25,[7 3],88,-1,586,-1,561
1,<environment.Job instance at 0x7f1900f90fa0>,88,16,[ 1 14],89,-1,577,-1,561
1,<environment.Job instance at 0x7f1900f90f50>,90,12,[ 2 13],91,-1,575,-1,563
1,<environment.Job instance at 0x7f1900f8d2d0>,98,18,[11  2],99,-1,661,-1,643
1,<environment.Job instance at 0x7f1900f8da50>,100,14,[ 5 13],101,-1,658,-1,644
1,<environment.Job instance at 0x7f1900f8daa0>,101,24,[14  5],102,-1,668,-1,644
1,<environment.Job instance at 0x7f1900f8daf0>,102,12,[ 4 11],103,-1,656,-1,644
1,<environment.Job instance at 0x7f1900f8d230>,103,22,[3 8],104,-1,961,-1,939
1,<environment.Job instance at 0x7f1900f89780>,128,3,[ 5 13],129,-1,961,-1,958
1,<environment.Job instance at 0x7f1900f806e0>,129,18,[ 1 14],130,-1,976,-1,958
1,<environment.Job instance at 0x7f1900f80cd0>,130,19,[14  4],131,-1,977,-1,958
1,<environment.Job instance at 0x7f1900f80e10>,131,14,[14  2],132,-1,972,-1,958
1,<environment.Job instance at 0x7f1900f3beb0>,137,14,[11  1],138,-1,1006,-1,992
1,<environment.Job instance at 0x7f1900f3b690>,138,22,[ 3 11],139,-1,1014,-1,992
1,<environment.Job instance at 0x7f1900f3be60>,139,16,[12  3],140,-1,1008,-1,992
1,<environment.Job instance at 0x7f1900f3b3c0>,141,14,[14  1],142,-1,1013,-1,999
1,<environment.Job instance at 0x7f1900f3b7d0>,142,16,[12  4],143,-1,1015,-1,999
1,<environment.Job instance at 0x7f1901635320>,145,17,[ 4 13],146,-1,1037,-1,1020
1,<environment.Job instance at 0x7f1901566820>,148,27,[13  4],149,-1,1061,-1,1034
1,<environment.Job instance at 0x7f1901a47320>,149,17,[13  4],150,-1,1051,-1,1034
1,<environment.Job instance at 0x7f1900ee7050>,150,13,[14  2],151,-1,1047,-1,1034
1,<environment.Job instance at 0x7f1900f42eb0>,152,24,[10  1],153,-1,1058,-1,1034
1,<environment.Job instance at 0x7f1901d53aa0>,157,12,[ 4 10],158,-1,1074,-1,1062
1,<environment.Job instance at 0x7f19010793c0>,3,2,[3 7],4,-1,6,-1,4
1,<environment.Job instance at 0x7f1900d77a00>,12,14,[14  2],13,-1,42,-1,28
1,<environment.Job instance at 0x7f1900d77c30>,13,26,[7 3],14,-1,54,-1,28
1,<environment.Job instance at 0x7f1900d77af0>,14,24,[8 2],15,-1,52,-1,28
1,<environment.Job instance at 0x7f1900d77d70>,16,12,[11  1],17,-1,56,-1,44
1,<environment.Job instance at 0x7f1900d77e10>,17,17,[11  3],18,-1,61,-1,44
1,<environment.Job instance at 0x7f1900d77eb0>,18,16,[12  1],19,-1,60,-1,44
1,<environment.Job instance at 0x7f1900d77f50>,19,15,[ 4 13],20,-1,59,-1,44
1,<environment.Job instance at 0x7f1900d77fa0>,20,28,[13  1],21,-1,72,-1,44
1,<environment.Job instance at 0x7f1900d77f00>,21,24,[4 7],22,-1,68,-1,44
1,<environment.Job instance at 0x7f1900d79280>,23,26,[7 3],24,-1,70,-1,44
1,<environment.Job instance at 0x7f1900d794b0>,25,15,[ 3 10],26,-1,70,-1,55
1,<environment.Job instance at 0x7f1900d79550>,27,13,[10  2],28,-1,97,-1,84
1,<environment.Job instance at 0x7f1900d79500>,29,24,[2 6],30,-1,108,-1,84
1,<environment.Job instance at 0x7f1900d79690>,30,13,[ 5 12],31,-1,97,-1,84
1,<environment.Job instance at 0x7f1900d79460>,31,20,[ 2 11],32,-1,104,-1,84
1,<environment.Job instance at 0x7f1900d79960>,35,25,[3 7],36,-1,126,-1,101
1,<environment.Job instance at 0x7f1900d79b40>,38,25,[5 8],39,-1,140,-1,115
1,<environment.Job instance at 0x7f1900d79c80>,40,16,[ 1 13],41,-1,148,-1,132
1,<environment.Job instance at 0x7f1900d79d20>,41,28,[2 7],42,-1,160,-1,132
1,<environment.Job instance at 0x7f1900d79e60>,43,25,[3 9],44,-1,159,-1,134
1,<environment.Job instance at 0x7f1900d7c230>,46,23,[2 8],47,-1,171,-1,148
1,<environment.Job instance at 0x7f1900d7c2d0>,47,3,[1 9],48,-1,151,-1,148
1,<environment.Job instance at 0x7f1900d7c410>,49,27,[5 7],50,-1,175,-1,148
1,<environment.Job instance at 0x7f1900d7c4b0>,50,15,[14  1],51,-1,163,-1,148
1,<environment.Job instance at 0x7f1900d7c550>,51,24,[13  2],52,-1,172,-1,148
1,<environment.Job instance at 0x7f1900d7c870>,55,15,[11  4],56,-1,182,-1,167
1,<environment.Job instance at 0x7f1900d7ca00>,58,14,[ 4 13],59,-1,192,-1,178
1,<environment.Job instance at 0x7f1900d7caa0>,59,3,[9 5],60,-1,181,-1,178
1,<environment.Job instance at 0x7f1900d7cb40>,60,3,[1 8],61,-1,181,-1,178
1,<environment.Job instance at 0x7f1900d7cbe0>,61,28,[9 2],62,-1,206,-1,178
1,<environment.Job instance at 0x7f1900d7cc80>,62,15,[12  2],63,-1,193,-1,178
1,<environment.Job instance at 0x7f1900d7cd70>,63,2,[10  2],64,-1,180,-1,178
1,<environment.Job instance at 0x7f1900d7ce60>,65,13,[12  4],66,-1,195,-1,182
1,<environment.Job instance at 0x7f1900d7c0f0>,68,26,[11  5],69,-1,219,-1,193
1,<environment.Job instance at 0x7f1900d7e140>,69,28,[4 9],70,-1,221,-1,193
1,<environment.Job instance at 0x7f1900d7e280>,71,1,[1 5],72,-1,194,-1,193
1,<environment.Job instance at 0x7f1900d7e5a0>,75,14,[11  4],76,-1,235,-1,221
1,<environment.Job instance at 0x7f1900d7e640>,76,14,[14  5],77,-1,235,-1,221
1,<environment.Job instance at 0x7f1900f2a230>,78,18,[ 4 11],79,-1,241,-1,223
1,<environment.Job instance at 0x7f1900f2af50>,79,18,[ 3 12],80,-1,241,-1,223
1,<environment.Job instance at 0x7f1900d6c640>,81,24,[13  4],82,-1,257,-1,233
1,<environment.Job instance at 0x7f1900d6c0a0>,82,19,[ 2 13],83,-1,252,-1,233
1,<environment.Job instance at 0x7f1900d6c3c0>,85,24,[12  4],86,-1,271,-1,247
1,<environment.Job instance at 0x7f190166d230>,86,13,[10  2],87,-1,263,-1,250
1,<environment.Job instance at 0x7f1900d6c280>,90,3,[1 8],91,-1,274,-1,271
1,<environment.Job instance at 0x7f1901185cd0>,91,27,[12  2],92,-1,298,-1,271
1,<environment.Job instance at 0x7f190119daf0>,92,2,[10  5],93,-1,273,-1,271
1,<environment.Job instance at 0x7f190119df50>,93,17,[12  2],94,-1,288,-1,271
1,<environment.Job instance at 0x7f1901662370>,95,26,[9 4],96,-1,300,-1,274
1,<environment.Job instance at 0x7f1901675050>,96,21,[12  2],97,-1,295,-1,274
1,<environment.Job instance at 0x7f190af70eb0>,97,25,[6 2],98,-1,299,-1,274
1,<environment.Job instance at 0x7f190124f4b0>,98,1,[5 5],99,-1,275,-1,274
1,<environment.Job instance at 0x7f1902341e10>,102,14,[ 5 13],103,-1,318,-1,304
1,<environment.Job instance at 0x7f1901196690>,104,22,[ 4 13],105,-1,332,-1,310
1,<environment.Job instance at 0x7f19015108c0>,109,2,[10  4],110,-1,341,-1,339
1,<environment.Job instance at 0x7f19015105f0>,110,13,[ 2 11],111,-1,352,-1,339
1,<environment.Job instance at 0x7f19015103c0>,112,28,[9 2],113,-1,379,-1,351
1,<environment.Job instance at 0x7f190233d0f0>,118,15,[ 2 12],119,-1,400,-1,385
1,<environment.Job instance at 0x7f1901089410>,119,24,[ 1 11],120,-1,409,-1,385
1,<environment.Job instance at 0x7f19014f1f50>,122,18,[ 3 14],123,-1,415,-1,397
1,<environment.Job instance at 0x7f19014f1820>,123,2,[3 6],124,-1,399,-1,397
1,<environment.Job instance at 0x7f190150da00>,125,28,[10  4],126,-1,425,-1,397
1,<environment.Job instance at 0x7f19014f05a0>,131,1,[5 9],132,-1,446,-1,445
1,<environment.Job instance at 0x7f19014f0af0>,133,1,[ 2 11],134,-1,451,-1,450
1,<environment.Job instance at 0x7f1901191320>,134,26,[6 3],135,-1,476,-1,450
1,<environment.Job instance at 0x7f1901515fa0>,139,2,[ 2 13],140,-1,499,-1,497
1,<environment.Job instance at 0x7f1901515eb0>,140,15,[ 2 12],141,-1,512,-1,497
1,<environment.Job instance at 0x7f1901515c80>,141,12,[10  1],142,-1,511,-1,499
1,<environment.Job instance at 0x7f190119f780>,144,18,[ 3 13],145,-1,522,-1,504
1,<environment.Job instance at 0x7f190119fdc0>,145,18,[14  1],146,-1,522,-1,504
1,<environment.Job instance at 0x7f190119f320>,146,24,[14  1],147,-1,528,-1,504
1,<environment.Job instance at 0x7f190119f910>,148,25,[9 2],149,-1,534,-1,509
1,<environment.Job instance at 0x7f190119f9b0>,149,18,[ 1 12],150,-1,527,-1,509
1,<environment.Job instance at 0x7f190119ff00>,152,12,[10  1],153,-1,535,-1,523
1,<environment.Job instance at 0x7f190119feb0>,154,20,[ 3 12],155,-1,559,-1,539
1,<environment.Job instance at 0x7f190119fc80>,157,3,[13  1],158,-1,561,-1,558
1,<environment.Job instance at 0x7f190119fbe0>,159,19,[13  1],160,-1,591,-1,572
1,<environment.Job instance at 0x7f190119fc30>,161,28,[4 5],162,-1,616,-1,588
1,<environment.Job instance at 0x7f1901513a50>,163,17,[13  5],164,-1,605,-1,588
1,<environment.Job instance at 0x7f1901513b40>,164,26,[12  1],165,-1,614,-1,588
1,<environment.Job instance at 0x7f1900d6aaf0>,169,26,[7 1],170,-1,633,-1,607
1,<environment.Job instance at 0x7f1900d6a780>,173,18,[ 2 12],174,-1,657,-1,639
1,<environment.Job instance at 0x7f1900d6a5a0>,175,18,[14  5],176,-1,661,-1,643
1,<environment.Job instance at 0x7f1900d6a640>,176,27,[9 5],177,-1,670,-1,643
1,<environment.Job instance at 0x7f1900d6a4b0>,177,14,[ 3 12],178,-1,657,-1,643
1,<environment.Job instance at 0x7f1900d6a2d0>,179,23,[5 9],180,-1,667,-1,644
1,<environment.Job instance at 0x7f1900d6a1e0>,180,16,[ 5 13],181,-1,660,-1,644
1,<environment.Job instance at 0x7f1900d6a0f0>,181,22,[ 2 14],182,-1,666,-1,644
1,<environment.Job instance at 0x7f1901508050>,184,24,[12  4],185,-1,680,-1,656
1,<environment.Job instance at 0x7f1901550a00>,3,13,[ 5 11],4,-1,17,-1,4
1,<environment.Job instance at 0x7f19018e5b40>,4,12,[ 3 14],5,-1,17,-1,5
1,<environment.Job instance at 0x7f19018e5e10>,6,13,[ 2 13],7,-1,20,-1,7
1,<environment.Job instance at 0x7f19018e5dc0>,7,14,[13  2],8,-1,22,-1,8
1,<environment.Job instance at 0x7f1900f70640>,9,25,[ 1 10],10,-1,35,-1,10
1,<environment.Job instance at 0x7f19018e58c0>,10,13,[ 2 12],11,-1,24,-1,11
1,<environment.Job instance at 0x7f19018e57d0>,15,23,[2 8],16,-1,44,-1,21
1,<environment.Job instance at 0x7f19018e5550>,24,26,[ 4 14],25,-1,91,-1,65
1,<environment.Job instance at 0x7f19018e12d0>,26,3,[ 4 12],27,-1,70,-1,67
1,<environment.Job instance at 0x7f19018e1b40>,28,1,[5 6],29,-1,82,-1,81
1,<environment.Job instance at 0x7f19018e16e0>,29,25,[5 4],30,-1,106,-1,81
1,<environment.Job instance at 0x7f19018e11e0>,31,23,[6 5],32,-1,111,-1,88
1,<environment.Job instance at 0x7f19018e1a50>,32,18,[ 2 10],33,-1,106,-1,88
1,<environment.Job instance at 0x7f19018e1280>,33,13,[13  3],34,-1,101,-1,88
1,<environment.Job instance at 0x7f19018e15a0>,34,25,[ 5 14],35,-1,113,-1,88
1,<environment.Job instance at 0x7f19018e1320>,35,27,[5 5],36,-1,115,-1,88
1,<environment.Job instance at 0x7f19018e1c30>,36,17,[ 5 13],37,-1,105,-1,88
1,<environment.Job instance at 0x7f19018e1be0>,38,17,[ 4 11],39,-1,112,-1,95
1,<environment.Job instance at 0x7f19018d5370>,39,14,[14  5],40,-1,109,-1,95
1,<environment.Job instance at 0x7f19018d5af0>,40,27,[8 5],41,-1,122,-1,95
1,<environment.Job instance at 0x7f19018d5cd0>,41,23,[12  4],42,-1,118,-1,95
1,<environment.Job instance at 0x7f19018d5780>,44,3,[ 1 13],45,-1,116,-1,113
1,<environment.Job instance at 0x7f19018d5fa0>,46,14,[ 1 12],47,-1,127,-1,113
1,<environment.Job instance at 0x7f19018d5b90>,47,15,[ 4 14],48,-1,128,-1,113
1,<environment.Job instance at 0x7f19018ccb90>,97,3,[ 4 10],98,-1,699,-1,696
1,<environment.Job instance at 0x7f19018ccf00>,98,26,[3 6],99,-1,722,-1,696
1,<environment.Job instance at 0x7f1901ee0190>,102,23,[1 6],103,-1,755,-1,732
1,<environment.Job instance at 0x7f1901ee0640>,105,2,[13  1],106,-1,734,-1,732
1,<environment.Job instance at 0x7f1901ee0500>,106,13,[11  1],107,-1,745,-1,732
1,<environment.Job instance at 0x7f1901ee0b40>,107,22,[10  1],108,-1,860,-1,838
1,<environment.Job instance at 0x7f1901c93b90>,120,23,[10  4],121,-1,861,-1,838
1,<environment.Job instance at 0x7f1901c93690>,121,13,[2 6],122,-1,854,-1,841
1,<environment.Job instance at 0x7f1901c93fa0>,122,13,[ 3 10],123,-1,855,-1,842
1,<environment.Job instance at 0x7f1901c93550>,129,23,[4 9],130,-1,911,-1,888
1,<environment.Job instance at 0x7f1901c936e0>,130,24,[5 2],131,-1,912,-1,888
1,<environment.Job instance at 0x7f19011ef870>,132,17,[ 1 14],133,-1,906,-1,889
1,<environment.Job instance at 0x7f19018f8640>,133,25,[2 9],134,-1,914,-1,889
1,<environment.Job instance at 0x7f1901b30320>,136,22,[4 8],137,-1,1121,-1,1099
1,<environment.Job instance at 0x7f190191c690>,153,2,[7 1],154,-1,1101,-1,1099
1,<environment.Job instance at 0x7f1901aa1640>,154,3,[2 6],155,-1,1102,-1,1099
1,<environment.Job instance at 0x7f190191cdc0>,155,27,[1 6],156,-1,1126,-1,1099
1,<environment.Job instance at 0x7f19019189b0>,156,27,[8 5],157,-1,1126,-1,1099
1,<environment.Job instance at 0x7f1901b074b0>,157,15,[ 2 10],158,-1,1114,-1,1099
1,<environment.Job instance at 0x7f1901b07f00>,158,26,[10  5],159,-1,1125,-1,1099
1,<environment.Job instance at 0x7f1901c93870>,161,14,[14  4],162,-1,1128,-1,1114
1,<environment.Job instance at 0x7f1901b6d730>,164,20,[ 2 11],165,-1,1151,-1,1131
1,<environment.Job instance at 0x7f1901b6dd70>,165,3,[ 4 11],166,-1,1134,-1,1131
1,<environment.Job instance at 0x7f1901b6daf0>,166,16,[13  3],167,-1,1147,-1,1131
1,<environment.Job instance at 0x7f1901b6d5f0>,167,26,[10  5],168,-1,1157,-1,1131
1,<environment.Job instance at 0x7f1901b6de60>,169,13,[ 2 12],170,-1,1152,-1,1139
1,<environment.Job instance at 0x7f1901b6dcd0>,171,17,[11  4],172,-1,1160,-1,1143
1,<environment.Job instance at 0x7f1901b6d690>,172,24,[4 6],173,-1,1167,-1,1143
1,<environment.Job instance at 0x7f1901869b90>,174,15,[11  2],187,-1,1163,-1,1148
1,<environment.Job instance at 0x7f1900bceb40>,4,12,[7 1],5,-1,17,-1,5
1,<environment.Job instance at 0x7f1900bcea00>,3,16,[13  2],4,-1,21,-1,5
1,<environment.Job instance at 0x7f1900a42cd0>,5,19,[12  5],6,-1,25,-1,6
1,<environment.Job instance at 0x7f1902454910>,14,25,[8 2],15,-1,53,-1,28
1,<environment.Job instance at 0x7f1900c42370>,16,14,[ 2 12],17,-1,42,-1,28
1,<environment.Job instance at 0x7f1901872aa0>,22,20,[ 1 13],23,-1,79,-1,59
1,<environment.Job instance at 0x7f1901872eb0>,21,19,[9 2],22,-1,101,-1,82
1,<environment.Job instance at 0x7f19018dc3c0>,28,12,[2 7],29,-1,122,-1,110
1,<environment.Job instance at 0x7f1901b1b640>,33,24,[7 4],34,-1,148,-1,124
1,<environment.Job instance at 0x7f1900a2de10>,10,25,[10  4],11,-1,183,-1,158
1,<environment.Job instance at 0x7f1901ad4870>,38,17,[ 3 13],39,-1,175,-1,158
1,<environment.Job instance at 0x7f19017faa50>,46,1,[ 4 10],47,-1,218,-1,217
1,<environment.Job instance at 0x7f1900a2f960>,49,1,[12  1],50,-1,218,-1,217
1,<environment.Job instance at 0x7f1900a2f9b0>,50,25,[9 1],51,-1,242,-1,217
1,<environment.Job instance at 0x7f1900a2f500>,52,18,[ 5 14],53,-1,251,-1,233
1,<environment.Job instance at 0x7f1900a2f190>,53,22,[14  2],54,-1,255,-1,233
1,<environment.Job instance at 0x7f1900a2f780>,57,18,[ 3 10],58,-1,269,-1,251
1,<environment.Job instance at 0x7f1902276a00>,59,27,[5 4],60,-1,278,-1,251
1,<environment.Job instance at 0x7f1901b4cbe0>,60,28,[7 5],61,-1,279,-1,251
1,<environment.Job instance at 0x7f1902231a00>,62,28,[14  2],63,-1,290,-1,262
1,<environment.Job instance at 0x7f19022fe500>,64,13,[ 5 10],65,-1,280,-1,267
1,<environment.Job instance at 0x7f1901dff370>,65,22,[ 5 14],66,-1,289,-1,267
1,<environment.Job instance at 0x7f1901dff6e0>,66,26,[8 5],67,-1,293,-1,267
1,<environment.Job instance at 0x7f190a998be0>,69,13,[13  5],70,-1,294,-1,281
1,<environment.Job instance at 0x7f1901ffee60>,70,14,[ 2 13],71,-1,295,-1,281
1,<environment.Job instance at 0x7f190a9980a0>,72,12,[ 5 13],73,-1,309,-1,297
1,<environment.Job instance at 0x7f19022459b0>,74,22,[13  3],75,-1,319,-1,297
1,<environment.Job instance at 0x7f190a998a50>,75,26,[14  2],76,-1,323,-1,297
1,<environment.Job instance at 0x7f1901dd77d0>,76,20,[ 4 12],77,-1,317,-1,297
1,<environment.Job instance at 0x7f1901dd7a00>,77,13,[ 4 12],78,-1,310,-1,297
1,<environment.Job instance at 0x7f19013363c0>,80,16,[ 5 12],81,-1,326,-1,310
1,<environment.Job instance at 0x7f19013366e0>,81,22,[13  5],82,-1,332,-1,310
1,<environment.Job instance at 0x7f1902220c80>,82,27,[5 3],83,-1,337,-1,310
1,<environment.Job instance at 0x7f19022200a0>,85,24,[5 4],86,-1,346,-1,322
1,<environment.Job instance at 0x7f1900a79b90>,86,18,[12  1],87,-1,340,-1,322
1,<environment.Job instance at 0x7f1900a715a0>,88,13,[ 5 14],89,-1,338,-1,325
1,<environment.Job instance at 0x7f1900a71140>,89,17,[ 5 13],90,-1,342,-1,325
1,<environment.Job instance at 0x7f1901dea0f0>,90,18,[12  5],91,-1,343,-1,325
1,<environment.Job instance at 0x7f1901337f00>,92,27,[5 1],93,-1,363,-1,336
1,<environment.Job instance at 0x7f1901279960>,95,17,[ 5 12],96,-1,367,-1,350
1,<environment.Job instance at 0x7f19012798c0>,96,3,[3 6],97,-1,353,-1,350
1,<environment.Job instance at 0x7f19012791e0>,97,24,[7 4],98,-1,374,-1,350
1,<environment.Job instance at 0x7f1901279460>,99,1,[3 6],100,-1,360,-1,359
1,<environment.Job instance at 0x7f1901279b90>,100,12,[12  3],101,-1,371,-1,359
1,<environment.Job instance at 0x7f1901279f50>,101,27,[6 5],102,-1,386,-1,359
1,<environment.Job instance at 0x7f19021d2140>,104,17,[14  4],105,-1,394,-1,377
1,<environment.Job instance at 0x7f19021d2500>,107,16,[ 1 13],108,-1,405,-1,389
1,<environment.Job instance at 0x7f190aea5b40>,108,25,[4 7],109,-1,414,-1,389
1,<environment.Job instance at 0x7f190aea5460>,110,12,[13  5],111,-1,420,-1,408
1,<environment.Job instance at 0x7f190aea5640>,111,22,[14  4],112,-1,430,-1,408
1,<environment.Job instance at 0x7f190aea5280>,112,27,[5 3],113,-1,435,-1,408
1,<environment.Job instance at 0x7f190aea5820>,115,13,[7 1],116,-1,440,-1,427
1,<environment.Job instance at 0x7f190aea56e0>,116,26,[3 7],117,-1,453,-1,427
1,<environment.Job instance at 0x7f1901338910>,118,15,[11  4],119,-1,442,-1,427
1,<environment.Job instance at 0x7f1901e91870>,119,18,[ 3 11],120,-1,445,-1,427
1,<environment.Job instance at 0x7f1901e91f00>,120,23,[9 1],121,-1,450,-1,427
1,<environment.Job instance at 0x7f1901e91730>,122,23,[11  3],123,-1,461,-1,438
1,<environment.Job instance at 0x7f1901eb8140>,128,25,[3 8],129,-1,523,-1,498
1,<environment.Job instance at 0x7f1900fd1b40>,132,24,[7 5],133,-1,543,-1,519
1,<environment.Job instance at 0x7f1900fd1f00>,133,22,[11  1],134,-1,541,-1,519
1,<environment.Job instance at 0x7f1900fd11e0>,134,14,[ 2 13],135,-1,533,-1,519
1,<environment.Job instance at 0x7f1900fd1870>,136,28,[4 9],137,-1,553,-1,525
1,<environment.Job instance at 0x7f1900fd1be0>,137,28,[ 5 11],138,-1,553,-1,525
1,<environment.Job instance at 0x7f190149f960>,140,18,[13  5],141,-1,569,-1,551
1,<environment.Job instance at 0x7f190149f4b0>,142,2,[5 9],143,-1,553,-1,551
1,<environment.Job instance at 0x7f190149faa0>,144,14,[11  2],145,-1,573,-1,559
1,<environment.Job instance at 0x7f190149fbe0>,145,15,[12  2],146,-1,574,-1,559
1,<environment.Job instance at 0x7f190149fe60>,146,2,[4 9],147,-1,561,-1,559
1,<environment.Job instance at 0x7f190149f550>,147,19,[14  2],148,-1,578,-1,559
1,<environment.Job instance at 0x7f190149f320>,148,20,[ 5 12],149,-1,579,-1,559
1,<environment.Job instance at 0x7f190130a410>,151,17,[ 4 11],152,-1,585,-1,568
1,<environment.Job instance at 0x7f1901cab820>,154,1,[3 6],155,-1,606,-1,605
1,<environment.Job instance at 0x7f1901cabc80>,161,20,[ 4 11],169,-1,680,-1,660
1,<environment.Job instance at 0x7f1901cab2d0>,163,20,[ 4 13],183,-1,684,-1,664
1,<environment.Job instance at 0x7f1901ee9f00>,7,22,[12  2],8,-1,30,-1,8
1,<environment.Job instance at 0x7f1901405730>,8,27,[7 4],9,-1,36,-1,9
1,<environment.Job instance at 0x7f1901405b40>,9,3,[9 5],10,-1,14,-1,11
1,<environment.Job instance at 0x7f1901405140>,11,16,[4 6],12,-1,28,-1,12
1,<environment.Job instance at 0x7f19014058c0>,12,26,[14  5],13,-1,39,-1,13
1,<environment.Job instance at 0x7f19012e6af0>,13,12,[11  4],14,-1,26,-1,14
1,<environment.Job instance at 0x7f19012e6050>,14,26,[8 3],15,-1,41,-1,15
1,<environment.Job instance at 0x7f19012e6280>,16,2,[6 1],17,-1,19,-1,17
1,<environment.Job instance at 0x7f19012e6230>,18,18,[14  4],19,-1,37,-1,19
1,<environment.Job instance at 0x7f1901420b40>,24,3,[6 4],25,-1,50,-1,47
1,<environment.Job instance at 0x7f1901e110a0>,25,2,[12  1],26,-1,49,-1,47
1,<environment.Job instance at 0x7f1901420550>,27,23,[ 4 12],28,-1,79,-1,56
1,<environment.Job instance at 0x7f1901f4d6e0>,28,26,[ 4 14],29,-1,82,-1,56
1,<environment.Job instance at 0x7f1901f4da00>,29,15,[ 1 14],30,-1,71,-1,56
1,<environment.Job instance at 0x7f1901f64640>,30,14,[11  2],31,-1,70,-1,56
1,<environment.Job instance at 0x7f1901f641e0>,31,13,[13  4],32,-1,69,-1,56
1,<environment.Job instance at 0x7f1901f64a50>,33,27,[ 4 13],34,-1,91,-1,64
1,<environment.Job instance at 0x7f1901e3bc80>,34,23,[ 4 10],35,-1,87,-1,64
1,<environment.Job instance at 0x7f19013ef500>,35,15,[ 4 12],36,-1,79,-1,64
1,<environment.Job instance at 0x7f19013efdc0>,37,16,[ 5 11],38,-1,95,-1,79
1,<environment.Job instance at 0x7f1901f5be60>,38,28,[7 3],39,-1,107,-1,79
1,<environment.Job instance at 0x7f1901411460>,39,27,[3 8],40,-1,106,-1,79
1,<environment.Job instance at 0x7f1901e55b40>,40,23,[5 9],41,-1,102,-1,79
1,<environment.Job instance at 0x7f1901e59370>,45,13,[11  4],46,-1,121,-1,108
1,<environment.Job instance at 0x7f19013e4a00>,46,12,[11  5],47,-1,120,-1,108
1,<environment.Job instance at 0x7f19013e48c0>,48,12,[8 2],49,-1,125,-1,113
1,<environment.Job instance at 0x7f1901e527d0>,49,1,[ 4 12],50,-1,114,-1,113
1,<environment.Job instance at 0x7f1901e52730>,50,3,[ 4 14],51,-1,116,-1,113
1,<environment.Job instance at 0x7f1901e52190>,51,15,[14  3],52,-1,128,-1,113
1,<environment.Job instance at 0x7f1901e490a0>,55,14,[11  1],56,-1,170,-1,156
1,<environment.Job instance at 0x7f1901e496e0>,56,23,[ 2 11],57,-1,179,-1,156
1,<environment.Job instance at 0x7f1901e494b0>,57,21,[ 1 11],58,-1,177,-1,156
1,<environment.Job instance at 0x7f1901e49870>,58,1,[ 2 14],59,-1,157,-1,156
1,<environment.Job instance at 0x7f1901e49d70>,61,15,[13  2],62,-1,185,-1,170
1,<environment.Job instance at 0x7f1901e49d20>,62,16,[ 5 11],63,-1,186,-1,170
1,<environment.Job instance at 0x7f1901e49af0>,63,18,[13  4],64,-1,188,-1,170
1,<environment.Job instance at 0x7f1901e49690>,64,15,[ 3 14],65,-1,185,-1,170
1,<environment.Job instance at 0x7f1901e49230>,65,18,[13  2],66,-1,188,-1,170
1,<environment.Job instance at 0x7f1901e49370>,66,1,[12  5],67,-1,171,-1,170
1,<environment.Job instance at 0x7f1901e7f050>,68,22,[2 9],69,-1,193,-1,171
1,<environment.Job instance at 0x7f1900d56780>,88,24,[3 9],89,-1,378,-1,354
1,<environment.Job instance at 0x7f1900d56820>,89,18,[ 3 12],90,-1,372,-1,354
1,<environment.Job instance at 0x7f1900d568c0>,90,18,[13  3],91,-1,372,-1,354
1,<environment.Job instance at 0x7f1900d56a00>,91,2,[1 5],92,-1,356,-1,354
1,<environment.Job instance at 0x7f1900d569b0>,94,24,[7 4],95,-1,416,-1,392
1,<environment.Job instance at 0x7f1900d56c30>,95,19,[ 5 13],96,-1,411,-1,392
1,<environment.Job instance at 0x7f1900d4f320>,104,24,[5 9],105,-1,487,-1,463
1,<environment.Job instance at 0x7f1900d4f460>,106,23,[3 9],107,-1,505,-1,482
1,<environment.Job instance at 0x7f1900d4f730>,109,1,[ 1 12],110,-1,495,-1,494
1,<environment.Job instance at 0x7f1900d4f7d0>,111,27,[10  5],112,-1,521,-1,494
1,<environment.Job instance at 0x7f1900d4fa50>,113,2,[5 5],114,-1,500,-1,498
1,<environment.Job instance at 0x7f1900d4faf0>,114,15,[12  5],115,-1,513,-1,498
1,<environment.Job instance at 0x7f1900d4fb90>,115,24,[13  2],116,-1,522,-1,498
1,<environment.Job instance at 0x7f1900d4fe10>,119,24,[14  4],120,-1,561,-1,537
1,<environment.Job instance at 0x7f1900d4fd20>,120,13,[14  5],121,-1,550,-1,537
1,<environment.Job instance at 0x7f1900d4fe60>,123,23,[6 1],124,-1,571,-1,548
1,<environment.Job instance at 0x7f1900d600f0>,124,23,[ 5 10],125,-1,571,-1,548
1,<environment.Job instance at 0x7f1900d602d0>,126,22,[ 1 14],127,-1,576,-1,554
1,<environment.Job instance at 0x7f1900d60370>,127,3,[11  2],128,-1,557,-1,554
1,<environment.Job instance at 0x7f1900d60410>,128,25,[ 1 14],129,-1,579,-1,554
1,<environment.Job instance at 0x7f1900d604b0>,129,25,[12  3],130,-1,579,-1,554
1,<environment.Job instance at 0x7f1900d60550>,130,27,[ 4 11],131,-1,581,-1,554
1,<environment.Job instance at 0x7f1900d605f0>,131,15,[13  2],132,-1,569,-1,554
1,<environment.Job instance at 0x7f1900d60a50>,138,16,[ 5 13],139,-1,616,-1,600
1,<environment.Job instance at 0x7f1900d60af0>,139,23,[5 5],140,-1,627,-1,604
1,<environment.Job instance at 0x7f1900d60140>,140,3,[ 4 14],141,-1,607,-1,604
1,<environment.Job instance at 0x7f1900d60190>,141,15,[14  4],142,-1,619,-1,604
1,<environment.Job instance at 0x7f1900d60d70>,143,25,[4 7],144,-1,629,-1,604
1,<environment.Job instance at 0x7f1900d60e10>,144,3,[11  5],145,-1,607,-1,604
1,<environment.Job instance at 0x7f1900d60f00>,145,3,[ 4 14],146,-1,607,-1,604
1,<environment.Job instance at 0x7f1900d60f50>,146,28,[ 4 11],147,-1,632,-1,604
1,<environment.Job instance at 0x7f1900d57050>,148,18,[11  1],149,-1,632,-1,614
1,<environment.Job instance at 0x7f1900d57230>,150,24,[3 8],151,-1,642,-1,618
1,<environment.Job instance at 0x7f1900d572d0>,151,2,[5 4],152,-1,620,-1,618
1,<environment.Job instance at 0x7f1900d57370>,152,27,[3 6],153,-1,645,-1,618
1,<environment.Job instance at 0x7f1900d57550>,155,15,[ 3 14],156,-1,651,-1,636
1,<environment.Job instance at 0x7f1900d57960>,158,27,[4 5],159,-1,684,-1,657
1,<environment.Job instance at 0x7f1900d57a00>,159,16,[11  1],160,-1,673,-1,657
1,<environment.Job instance at 0x7f1900d57aa0>,160,16,[ 1 12],161,-1,673,-1,657
1,<environment.Job instance at 0x7f1900d57b40>,161,28,[10  5],162,-1,685,-1,657
1,<environment.Job instance at 0x7f1900d57be0>,162,25,[8 4],163,-1,682,-1,657
1,<environment.Job instance at 0x7f1900d57d20>,164,18,[13  1],165,-1,693,-1,675
1,<environment.Job instance at 0x7f1900d57640>,168,2,[10  1],169,-1,683,-1,681
1,<environment.Job instance at 0x7f1900d57870>,169,25,[8 3],170,-1,706,-1,681
1,<environment.Job instance at 0x7f1900d61050>,170,2,[5 5],171,-1,683,-1,681
1,<environment.Job instance at 0x7f1900d614b0>,172,24,[11  1],173,-1,721,-1,697
1,<environment.Job instance at 0x7f1900d61690>,175,25,[5 7],176,-1,723,-1,698
1,<environment.Job instance at 0x7f1900d617d0>,177,18,[11  2],178,-1,732,-1,714
1,<environment.Job instance at 0x7f1900d61820>,180,14,[12  3],181,-1,741,-1,727
1,<environment.Job instance at 0x7f1900d61b90>,183,28,[4 5],184,-1,776,-1,748
1,<environment.Job instance at 0x7f1900d61c30>,184,1,[ 3 10],185,-1,749,-1,748
1,<environment.Job instance at 0x7f1900d61d70>,186,3,[7 4],187,-1,753,-1,750
1,<environment.Job instance at 0x7f1900d61eb0>,188,24,[14  3],189,-1,784,-1,760
1,<environment.Job instance at 0x7f1900d563c0>,2,27,[2 9],3,-1,30,-1,3
1,<environment.Job instance at 0x7f1901c99870>,5,26,[ 5 11],6,-1,32,-1,6
1,<environment.Job instance at 0x7f1900d560f0>,7,23,[10  4],8,-1,46,-1,23
1,<environment.Job instance at 0x7f1901c99c80>,13,26,[ 1 10],14,-1,49,-1,23
1,<environment.Job instance at 0x7f1901c99320>,20,3,[10  4],21,-1,68,-1,65
1,<environment.Job instance at 0x7f190aea35a0>,23,17,[ 2 12],24,-1,98,-1,81
1,<environment.Job instance at 0x7f190aea3140>,26,13,[ 5 11],27,-1,106,-1,93
1,<environment.Job instance at 0x7f190aea37d0>,29,2,[ 4 11],30,-1,104,-1,102
1,<environment.Job instance at 0x7f1902076f00>,30,24,[8 5],31,-1,126,-1,102
1,<environment.Job instance at 0x7f19020763c0>,33,17,[13  2],34,-1,134,-1,117
1,<environment.Job instance at 0x7f1902076e10>,34,23,[9 3],35,-1,140,-1,117
1,<environment.Job instance at 0x7f19020762d0>,35,12,[1 9],36,-1,129,-1,117
1,<environment.Job instance at 0x7f19012a5a50>,39,14,[ 5 14],40,-1,158,-1,144
1,<environment.Job instance at 0x7f19012a57d0>,42,25,[10  1],43,-1,176,-1,151
1,<environment.Job instance at 0x7f19012a5730>,46,21,[12  2],47,-1,196,-1,175
1,<environment.Job instance at 0x7f19013378c0>,48,14,[ 1 14],49,-1,204,-1,190
1,<environment.Job instance at 0x7f1901337be0>,50,15,[12  3],51,-1,210,-1,195
1,<environment.Job instance at 0x7f19013377d0>,52,14,[ 5 14],53,-1,223,-1,209
1,<environment.Job instance at 0x7f1901337c80>,54,13,[12  5],55,-1,222,-1,209
1,<environment.Job instance at 0x7f1901337dc0>,55,12,[12  3],56,-1,221,-1,209
1,<environment.Job instance at 0x7f1901337460>,57,15,[12  3],58,-1,233,-1,218
1,<environment.Job instance at 0x7f1901337e10>,59,12,[7 1],60,-1,240,-1,228
1,<environment.Job instance at 0x7f1901337d20>,61,23,[5 9],62,-1,270,-1,247
1,<environment.Job instance at 0x7f1901337410>,62,24,[11  4],63,-1,271,-1,247
1,<environment.Job instance at 0x7f1901287140>,65,15,[ 4 12],66,-1,272,-1,257
1,<environment.Job instance at 0x7f1901287870>,67,25,[ 1 10],68,-1,289,-1,264
1,<environment.Job instance at 0x7f19012872d0>,68,1,[8 4],69,-1,265,-1,264
1,<environment.Job instance at 0x7f19012875f0>,69,25,[ 4 11],70,-1,289,-1,264
1,<environment.Job instance at 0x7f19012875a0>,71,26,[13  2],72,-1,292,-1,266
1,<environment.Job instance at 0x7f1901287cd0>,72,2,[ 2 13],73,-1,268,-1,266
1,<environment.Job instance at 0x7f1901287b40>,73,16,[ 3 10],74,-1,283,-1,267
1,<environment.Job instance at 0x7f1901b32410>,76,12,[11  2],77,-1,291,-1,279
1,<environment.Job instance at 0x7f19013f0230>,77,22,[8 5],78,-1,302,-1,280
1,<environment.Job instance at 0x7f19013640a0>,78,19,[ 5 11],79,-1,299,-1,280
1,<environment.Job instance at 0x7f1901364b90>,80,12,[ 1 12],81,-1,304,-1,292
1,<environment.Job instance at 0x7f1901364dc0>,86,23,[8 1],87,-1,354,-1,331
1,<environment.Job instance at 0x7f1901364640>,87,15,[14  5],88,-1,346,-1,331
1,<environment.Job instance at 0x7f19013640f0>,88,19,[12  4],89,-1,350,-1,331
1,<environment.Job instance at 0x7f19013646e0>,89,19,[11  1],90,-1,350,-1,331
1,<environment.Job instance at 0x7f1902055190>,92,2,[ 3 14],93,-1,345,-1,343
1,<environment.Job instance at 0x7f1901364910>,94,23,[3 6],95,-1,379,-1,356
1,<environment.Job instance at 0x7f1901be0320>,95,13,[ 3 13],96,-1,369,-1,356
1,<environment.Job instance at 0x7f1901ac00a0>,96,27,[ 1 10],97,-1,383,-1,356
1,<environment.Job instance at 0x7f1901b465f0>,97,18,[ 2 14],98,-1,374,-1,356
1,<environment.Job instance at 0x7f190222ce10>,101,25,[ 2 14],102,-1,397,-1,372
1,<environment.Job instance at 0x7f190a940be0>,104,3,[7 5],105,-1,393,-1,390
1,<environment.Job instance at 0x7f190a940370>,105,21,[14  4],106,-1,411,-1,390
1,<environment.Job instance at 0x7f1901ffe9b0>,106,18,[ 4 13],107,-1,408,-1,390
1,<environment.Job instance at 0x7f190118fcd0>,109,26,[8 3],110,-1,427,-1,401
1,<environment.Job instance at 0x7f19021fcfa0>,110,18,[11  1],111,-1,419,-1,401
1,<environment.Job instance at 0x7f1900f3b820>,111,12,[ 4 12],112,-1,413,-1,401
1,<environment.Job instance at 0x7f1901b711e0>,112,27,[4 8],113,-1,428,-1,401
1,<environment.Job instance at 0x7f1901980640>,115,24,[5 6],116,-1,442,-1,418
1,<environment.Job instance at 0x7f190176ce60>,117,2,[3 9],118,-1,435,-1,433
1,<environment.Job instance at 0x7f1901566af0>,118,17,[ 3 14],119,-1,450,-1,433
1,<environment.Job instance at 0x7f1900d1aeb0>,119,23,[8 5],120,-1,456,-1,433
1,<environment.Job instance at 0x7f190117ba00>,121,3,[6 3],122,-1,436,-1,433
1,<environment.Job instance at 0x7f190aa18690>,123,2,[5 7],124,-1,447,-1,445
1,<environment.Job instance at 0x7f190137b640>,124,28,[2 5],125,-1,473,-1,445
1,<environment.Job instance at 0x7f190137b780>,125,28,[ 2 14],126,-1,473,-1,445
1,<environment.Job instance at 0x7f1901424730>,128,24,[10  1],129,-1,485,-1,461
1,<environment.Job instance at 0x7f1901554320>,130,27,[5 8],131,-1,490,-1,463
1,<environment.Job instance at 0x7f1901ef08c0>,132,12,[13  5],133,-1,486,-1,474
1,<environment.Job instance at 0x7f1901ef0fa0>,133,15,[ 5 12],134,-1,489,-1,474
1,<environment.Job instance at 0x7f1901ef0050>,135,23,[10  4],136,-1,513,-1,490
1,<environment.Job instance at 0x7f1901ef0550>,139,2,[5 5],140,-1,514,-1,512
1,<environment.Job instance at 0x7f1901ef01e0>,140,24,[10  1],141,-1,536,-1,512
1,<environment.Job instance at 0x7f1901ef05f0>,141,26,[5 8],142,-1,538,-1,512
1,<environment.Job instance at 0x7f1901ef0640>,144,16,[ 3 14],145,-1,534,-1,518
1,<environment.Job instance at 0x7f19024410f0>,147,15,[13  3],148,-1,548,-1,533
1,<environment.Job instance at 0x7f1901de46e0>,149,26,[6 2],150,-1,564,-1,538
1,<environment.Job instance at 0x7f1901f6a460>,152,26,[13  4],153,-1,581,-1,555
1,<environment.Job instance at 0x7f19013f19b0>,153,12,[ 4 10],154,-1,572,-1,560
1,<environment.Job instance at 0x7f1901f12e60>,154,23,[14  1],155,-1,583,-1,560
1,<environment.Job instance at 0x7f19013f16e0>,155,14,[ 1 12],156,-1,574,-1,560
1,<environment.Job instance at 0x7f190114a0a0>,156,17,[14  4],157,-1,577,-1,560
1,<environment.Job instance at 0x7f1901427690>,159,1,[9 4],160,-1,573,-1,572
1,<environment.Job instance at 0x7f1901427190>,160,24,[8 2],161,-1,596,-1,572
1,<environment.Job instance at 0x7f1901427d20>,161,27,[ 3 13],162,-1,599,-1,572
1,<environment.Job instance at 0x7f1901e91cd0>,162,18,[ 2 12],163,-1,590,-1,572
1,<environment.Job instance at 0x7f19013415f0>,165,1,[10  4],176,-1,591,-1,590
1,<environment.Job instance at 0x7f1901c99af0>,19,20,[1 9],20,-1,5793,-1,5773
1,<environment.Job instance at 0x7f1901c99230>,12,26,[5 4],13,-1,5873,-1,5847
1,<environment.Job instance at 0x7f1900aef280>,9,17,[ 2 14],10,-1,31,-1,14
1,<environment.Job instance at 0x7f1901cb1870>,10,13,[13  4],11,-1,27,-1,14
1,<environment.Job instance at 0x7f1901cb1b40>,11,18,[12  2],12,-1,32,-1,14
1,<environment.Job instance at 0x7f1901cb1af0>,12,3,[8 4],13,-1,17,-1,14
1,<environment.Job instance at 0x7f1901cb1fa0>,14,1,[5 4],15,-1,28,-1,27
1,<environment.Job instance at 0x7f1901cb19b0>,15,1,[ 1 13],16,-1,28,-1,27
1,<environment.Job instance at 0x7f1901cb1410>,16,3,[4 8],17,-1,30,-1,27
1,<environment.Job instance at 0x7f1901cb1c80>,17,12,[12  3],18,-1,39,-1,27
1,<environment.Job instance at 0x7f1901cb15a0>,21,2,[5 7],22,-1,62,-1,60
1,<environment.Job instance at 0x7f1901cb17d0>,22,13,[11  2],23,-1,73,-1,60
1,<environment.Job instance at 0x7f1901cb1d20>,23,12,[ 3 10],24,-1,72,-1,60
1,<environment.Job instance at 0x7f1901cb1aa0>,24,13,[12  4],25,-1,73,-1,60
1,<environment.Job instance at 0x7f1901cb1640>,25,24,[12  2],26,-1,84,-1,60
1,<environment.Job instance at 0x7f1901cb1730>,26,12,[ 2 12],27,-1,72,-1,60
1,<environment.Job instance at 0x7f1901cb1960>,28,3,[5 1],29,-1,64,-1,61
1,<environment.Job instance at 0x7f1900b56280>,30,3,[1 7],31,-1,73,-1,70
1,<environment.Job instance at 0x7f1900b56a00>,37,13,[ 4 10],38,-1,128,-1,115
1,<environment.Job instance at 0x7f1900b56fa0>,41,23,[3 9],42,-1,157,-1,134
1,<environment.Job instance at 0x7f1900b56d20>,42,24,[ 4 14],43,-1,158,-1,134
1,<environment.Job instance at 0x7f1900b56f50>,43,23,[9 5],44,-1,157,-1,134
1,<environment.Job instance at 0x7f1900b56c80>,44,13,[ 4 13],45,-1,147,-1,134
1,<environment.Job instance at 0x7f1900b567d0>,45,1,[3 6],46,-1,135,-1,134
1,<environment.Job instance at 0x7f1900b56d70>,46,14,[ 1 11],47,-1,148,-1,134
1,<environment.Job instance at 0x7f1900b56140>,47,24,[7 4],48,-1,158,-1,134
1,<environment.Job instance at 0x7f1900b560a0>,48,14,[9 1],49,-1,153,-1,139
1,<environment.Job instance at 0x7f1900b56410>,51,3,[6 3],52,-1,154,-1,151
1,<environment.Job instance at 0x7f1900b56f00>,52,12,[14  4],53,-1,163,-1,151
1,<environment.Job instance at 0x7f1900b96f00>,53,14,[ 2 10],54,-1,165,-1,151
1,<environment.Job instance at 0x7f1900b960f0>,60,24,[5 6],61,-1,237,-1,213
1,<environment.Job instance at 0x7f1900b96550>,61,18,[ 1 10],62,-1,232,-1,214
1,<environment.Job instance at 0x7f1900b96a50>,62,25,[ 2 13],63,-1,239,-1,214
1,<environment.Job instance at 0x7f1900b96690>,64,15,[ 4 11],65,-1,229,-1,214
1,<environment.Job instance at 0x7f1900b96af0>,65,26,[6 2],66,-1,240,-1,214
1,<environment.Job instance at 0x7f1900b24370>,68,26,[10  2],69,-1,242,-1,216
1,<environment.Job instance at 0x7f1900b24d70>,72,17,[14  5],73,-1,261,-1,244
1,<environment.Job instance at 0x7f1900b24870>,75,28,[4 9],76,-1,294,-1,266
1,<environment.Job instance at 0x7f1900b24a00>,76,16,[12  5],77,-1,282,-1,266
1,<environment.Job instance at 0x7f1900b24140>,77,1,[ 2 14],78,-1,267,-1,266
1,<environment.Job instance at 0x7f1900b24be0>,79,17,[14  3],80,-1,283,-1,266
1,<environment.Job instance at 0x7f1900b24550>,80,28,[10  3],81,-1,294,-1,266
1,<environment.Job instance at 0x7f1900b241e0>,81,3,[4 7],82,-1,269,-1,266
1,<environment.Job instance at 0x7f1900b24690>,82,1,[5 1],83,-1,267,-1,266
1,<environment.Job instance at 0x7f1900b24d20>,84,15,[ 1 10],85,-1,297,-1,282
1,<environment.Job instance at 0x7f1900b3c9b0>,85,2,[5 7],86,-1,284,-1,282
1,<environment.Job instance at 0x7f1900b3c320>,102,15,[ 4 10],103,-1,518,-1,503
1,<environment.Job instance at 0x7f1900b51190>,105,22,[ 4 10],106,-1,535,-1,513
1,<environment.Job instance at 0x7f1900b51e10>,106,28,[6 3],107,-1,541,-1,513
1,<environment.Job instance at 0x7f1900b51820>,112,17,[ 1 11],113,-1,560,-1,543
1,<environment.Job instance at 0x7f1900b51870>,118,23,[ 4 11],119,-1,602,-1,579
1,<environment.Job instance at 0x7f1901c62b40>,137,14,[12  4],138,-1,760,-1,746
1,<environment.Job instance at 0x7f1901c62500>,138,25,[ 2 10],139,-1,771,-1,746
1,<environment.Job instance at 0x7f1901e2fc80>,139,24,[14  1],140,-1,770,-1,746
1,<environment.Job instance at 0x7f1901c62b90>,140,2,[4 8],141,-1,748,-1,746
1,<environment.Job instance at 0x7f1901a1d500>,141,25,[14  2],142,-1,771,-1,746
1,<environment.Job instance at 0x7f1900b2eeb0>,143,28,[5 9],144,-1,774,-1,746
1,<environment.Job instance at 0x7f1901ffcaf0>,144,14,[7 1],145,-1,767,-1,753
1,<environment.Job instance at 0x7f19019fc2d0>,145,28,[6 1],146,-1,781,-1,753
1,<environment.Job instance at 0x7f1901025960>,146,22,[2 6],147,-1,778,-1,756
1,<environment.Job instance at 0x7f19010b2780>,149,20,[1 5],150,-1,807,-1,787
1,<environment.Job instance at 0x7f1901cfd320>,151,17,[9 1],152,-1,804,-1,787
1,<environment.Job instance at 0x7f1901833aa0>,155,18,[ 5 11],156,-1,827,-1,809
1,<environment.Job instance at 0x7f1900ab2140>,157,1,[14  4],158,-1,812,-1,811
1,<environment.Job instance at 0x7f190239e320>,158,18,[11  4],159,-1,829,-1,811
1,<environment.Job instance at 0x7f1900ab2320>,160,12,[9 4],161,-1,842,-1,830
1,<environment.Job instance at 0x7f1901ee65a0>,165,23,[13  4],166,-1,887,-1,864
1,<environment.Job instance at 0x7f1901b2aaa0>,166,17,[12  2],167,-1,881,-1,864
1,<environment.Job instance at 0x7f1901a8a730>,167,2,[4 8],168,-1,866,-1,864
1,<environment.Job instance at 0x7f190244b820>,168,22,[3 7],169,-1,913,-1,891
1,<environment.Job instance at 0x7f1901f5f500>,173,12,[11  5],174,-1,903,-1,891
1,<environment.Job instance at 0x7f1901a425f0>,175,12,[9 1],176,-1,909,-1,897
1,<environment.Job instance at 0x7f1901a5fe10>,11,1,[ 3 12],12,-1,25,-1,24
1,<environment.Job instance at 0x7f1901a5f410>,12,24,[10  3],13,-1,48,-1,24
1,<environment.Job instance at 0x7f1901a5f3c0>,13,3,[1 9],14,-1,27,-1,24
1,<environment.Job instance at 0x7f190af6d9b0>,14,3,[11  1],15,-1,27,-1,24
1,<environment.Job instance at 0x7f190af6df00>,17,26,[5 5],18,-1,68,-1,42
1,<environment.Job instance at 0x7f190af6dc80>,18,21,[13  1],19,-1,63,-1,42
1,<environment.Job instance at 0x7f190af6d370>,20,22,[10  5],21,-1,120,-1,98
1,<environment.Job instance at 0x7f19010bb230>,27,26,[ 3 11],28,-1,124,-1,98
1,<environment.Job instance at 0x7f19010bb0a0>,29,26,[12  4],30,-1,131,-1,105
1,<environment.Job instance at 0x7f19010bb5a0>,30,16,[12  4],31,-1,121,-1,105
1,<environment.Job instance at 0x7f19010bb820>,31,26,[5 2],32,-1,131,-1,105
1,<environment.Job instance at 0x7f19010bbe60>,32,24,[9 3],33,-1,129,-1,105
1,<environment.Job instance at 0x7f19010bbc80>,33,26,[6 3],34,-1,131,-1,105
1,<environment.Job instance at 0x7f19010bbfa0>,34,13,[8 2],35,-1,118,-1,105
1,<environment.Job instance at 0x7f19010bb320>,35,20,[14  3],36,-1,125,-1,105
1,<environment.Job instance at 0x7f19010bbf00>,36,16,[ 1 10],37,-1,121,-1,105
1,<environment.Job instance at 0x7f19010aeaf0>,41,26,[2 6],42,-1,162,-1,136
1,<environment.Job instance at 0x7f19010aec80>,43,25,[1 6],44,-1,170,-1,145
1,<environment.Job instance at 0x7f19010aedc0>,44,15,[ 2 10],45,-1,160,-1,145
1,<environment.Job instance at 0x7f19010aeb90>,45,22,[2 7],46,-1,180,-1,158
1,<environment.Job instance at 0x7f19010ae5f0>,48,16,[13  3],49,-1,174,-1,158
1,<environment.Job instance at 0x7f19010ae8c0>,50,22,[7 2],51,-1,185,-1,163
1,<environment.Job instance at 0x7f19010ae320>,52,19,[11  4],53,-1,182,-1,163
1,<environment.Job instance at 0x7f19016c6050>,53,22,[1 7],54,-1,185,-1,163
1,<environment.Job instance at 0x7f19016c61e0>,54,19,[13  1],55,-1,182,-1,163
1,<environment.Job instance at 0x7f19016c6c80>,55,16,[10  1],56,-1,179,-1,163
1,<environment.Job instance at 0x7f19016c6460>,57,14,[ 4 13],58,-1,194,-1,180
1,<environment.Job instance at 0x7f19016c68c0>,58,13,[13  5],59,-1,193,-1,180
1,<environment.Job instance at 0x7f19016c6c30>,60,16,[ 3 12],61,-1,196,-1,180
1,<environment.Job instance at 0x7f19016c6370>,62,28,[14  1],63,-1,221,-1,193
1,<environment.Job instance at 0x7f19016c6230>,63,25,[10  1],64,-1,218,-1,193
1,<environment.Job instance at 0x7f19016c6190>,64,14,[ 1 14],65,-1,207,-1,193
1,<environment.Job instance at 0x7f19016c6410>,65,21,[ 1 14],66,-1,214,-1,193
1,<environment.Job instance at 0x7f19016c62d0>,69,3,[3 5],70,-1,233,-1,230
1,<environment.Job instance at 0x7f190aea3dc0>,71,25,[9 4],72,-1,255,-1,230
1,<environment.Job instance at 0x7f190aea3aa0>,72,1,[ 3 10],73,-1,231,-1,230
1,<environment.Job instance at 0x7f190aea3a50>,76,28,[ 5 12],77,-1,279,-1,251
1,<environment.Job instance at 0x7f190aea3320>,80,13,[ 2 10],81,-1,279,-1,266
1,<environment.Job instance at 0x7f190aea3190>,81,2,[ 5 10],82,-1,268,-1,266
1,<environment.Job instance at 0x7f190aea3d70>,82,23,[10  1],83,-1,289,-1,266
1,<environment.Job instance at 0x7f190aea30a0>,84,26,[14  1],85,-1,306,-1,280
1,<environment.Job instance at 0x7f1900bc4a50>,91,26,[ 3 10],92,-1,345,-1,319
1,<environment.Job instance at 0x7f1900bc4370>,93,22,[ 3 12],94,-1,353,-1,331
1,<environment.Job instance at 0x7f1900bc4690>,94,28,[8 3],95,-1,359,-1,331
1,<environment.Job instance at 0x7f1900bc4aa0>,96,12,[ 5 14],97,-1,356,-1,344
1,<environment.Job instance at 0x7f19010fde10>,99,25,[ 5 14],100,-1,374,-1,349
1,<environment.Job instance at 0x7f19010fd910>,109,25,[4 6],110,-1,437,-1,412
1,<environment.Job instance at 0x7f19010fdaf0>,110,21,[ 5 11],111,-1,433,-1,412
1,<environment.Job instance at 0x7f19010fd5f0>,111,1,[1 5],112,-1,413,-1,412
1,<environment.Job instance at 0x7f1900a4d690>,113,2,[3 7],114,-1,427,-1,425
1,<environment.Job instance at 0x7f1900a4dcd0>,114,18,[ 3 14],115,-1,443,-1,425
1,<environment.Job instance at 0x7f1900a4d190>,115,17,[14  4],116,-1,442,-1,425
1,<environment.Job instance at 0x7f1900a4d730>,117,16,[12  2],118,-1,441,-1,425
1,<environment.Job instance at 0x7f1900a4d960>,118,13,[ 4 14],119,-1,438,-1,425
1,<environment.Job instance at 0x7f1900a4db40>,121,13,[14  3],122,-1,452,-1,439
1,<environment.Job instance at 0x7f1900a4d140>,123,2,[6 2],124,-1,451,-1,449
1,<environment.Job instance at 0x7f1900d038c0>,126,12,[11  5],127,-1,476,-1,464
1,<environment.Job instance at 0x7f1900bb95a0>,129,14,[ 5 11],130,-1,502,-1,488
1,<environment.Job instance at 0x7f1900bb96e0>,130,17,[ 3 14],131,-1,505,-1,488
1,<environment.Job instance at 0x7f1900bb9aa0>,131,23,[7 5],132,-1,511,-1,488
1,<environment.Job instance at 0x7f19019efa00>,133,23,[1 5],134,-1,511,-1,488
1,<environment.Job instance at 0x7f1900d8ea00>,135,26,[ 1 11],136,-1,523,-1,497
1,<environment.Job instance at 0x7f19019ef140>,136,12,[13  4],137,-1,509,-1,497
1,<environment.Job instance at 0x7f1900bb9500>,137,3,[9 1],138,-1,500,-1,497
1,<environment.Job instance at 0x7f190a935870>,138,15,[ 1 11],139,-1,512,-1,497
1,<environment.Job instance at 0x7f1900cef280>,140,17,[13  4],141,-1,523,-1,506
1,<environment.Job instance at 0x7f1900f70690>,146,27,[12  4],147,-1,567,-1,540
1,<environment.Job instance at 0x7f1900f70550>,147,24,[ 1 10],148,-1,564,-1,540
1,<environment.Job instance at 0x7f1901b2ad70>,152,13,[11  1],153,-1,592,-1,579
1,<environment.Job instance at 0x7f1901407820>,153,17,[14  5],154,-1,596,-1,579
1,<environment.Job instance at 0x7f1900f75550>,154,14,[13  2],155,-1,593,-1,579
1,<environment.Job instance at 0x7f190a9c8820>,155,16,[ 5 13],156,-1,595,-1,579
1,<environment.Job instance at 0x7f190238e280>,156,28,[14  3],157,-1,607,-1,579
1,<environment.Job instance at 0x7f190238e3c0>,158,13,[ 3 13],159,-1,600,-1,587
1,<environment.Job instance at 0x7f1902067050>,161,18,[13  5],162,-1,613,-1,595
1,<environment.Job instance at 0x7f19021a67d0>,163,14,[ 5 14],164,-1,615,-1,601
1,<environment.Job instance at 0x7f1901cc0640>,167,12,[ 2 14],168,-1,640,-1,628
1,<environment.Job instance at 0x7f19016b9910>,170,22,[ 2 14],171,-1,660,-1,638
1,<environment.Job instance at 0x7f1901867910>,174,25,[6 3],175,-1,688,-1,663
1,<environment.Job instance at 0x7f1901fd43c0>,175,17,[14  3],176,-1,680,-1,663
1,<environment.Job instance at 0x7f1901867640>,176,16,[ 1 13],177,-1,679,-1,663
1,<environment.Job instance at 0x7f190aa17640>,177,13,[ 2 11],181,-1,676,-1,663
1,<environment.Job instance at 0x7f1901fb0820>,179,14,[14  1],183,-1,692,-1,678
1,<environment.Job instance at 0x7f1900d4b550>,180,19,[ 3 11],184,-1,697,-1,678
1,<environment.Job instance at 0x7f1901576820>,3,22,[ 3 13],4,-1,26,-1,4
1,<environment.Job instance at 0x7f1901576f50>,6,12,[ 4 12],7,-1,19,-1,7
1,<environment.Job instance at 0x7f1901576e10>,8,28,[ 4 11],9,-1,37,-1,9
1,<environment.Job instance at 0x7f1901576690>,11,19,[ 2 11],12,-1,31,-1,12
1,<environment.Job instance at 0x7f1900fdd910>,12,12,[14  5],13,-1,25,-1,13
1,<environment.Job instance at 0x7f1900fdd5a0>,13,27,[10  1],14,-1,41,-1,14
1,<environment.Job instance at 0x7f1900fdd230>,16,25,[11  3],17,-1,42,-1,17
1,<environment.Job instance at 0x7f1900fdd0a0>,19,23,[6 5],20,-1,47,-1,24
1,<environment.Job instance at 0x7f1900fddbe0>,20,1,[13  4],21,-1,25,-1,24
1,<environment.Job instance at 0x7f1900fddcd0>,21,25,[13  3],22,-1,49,-1,24
1,<environment.Job instance at 0x7f1900fddd70>,22,26,[ 3 13],23,-1,50,-1,24
1,<environment.Job instance at 0x7f1900fdde10>,23,23,[2 7],24,-1,48,-1,25
1,<environment.Job instance at 0x7f19013a6280>,27,28,[6 1],28,-1,80,-1,52
1,<environment.Job instance at 0x7f19013a65a0>,32,3,[ 5 11],33,-1,115,-1,112
1,<environment.Job instance at 0x7f19013a6550>,34,3,[8 3],35,-1,129,-1,126
1,<environment.Job instance at 0x7f19013a6870>,37,18,[ 3 12],38,-1,144,-1,126
1,<environment.Job instance at 0x7f19013a69b0>,39,20,[14  4],40,-1,157,-1,137
1,<environment.Job instance at 0x7f19013a6af0>,41,26,[ 3 12],42,-1,174,-1,148
1,<environment.Job instance at 0x7f19013a6b90>,42,12,[12  1],43,-1,160,-1,148
1,<environment.Job instance at 0x7f19013a6cd0>,44,20,[12  4],45,-1,168,-1,148
1,<environment.Job instance at 0x7f19013a6d70>,45,1,[3 5],46,-1,149,-1,148
1,<environment.Job instance at 0x7f19013d3460>,52,26,[7 5],53,-1,223,-1,197
1,<environment.Job instance at 0x7f19013d35a0>,55,2,[ 3 10],56,-1,215,-1,213
1,<environment.Job instance at 0x7f19013d3640>,56,1,[1 8],57,-1,214,-1,213
1,<environment.Job instance at 0x7f19013d36e0>,57,13,[13  5],58,-1,226,-1,213
1,<environment.Job instance at 0x7f19013d3780>,58,1,[6 5],59,-1,214,-1,213
1,<environment.Job instance at 0x7f19013d3820>,59,28,[5 5],60,-1,241,-1,213
1,<environment.Job instance at 0x7f19013d38c0>,60,15,[12  4],61,-1,228,-1,213
1,<environment.Job instance at 0x7f19013d3960>,61,25,[9 3],62,-1,238,-1,213
1,<environment.Job instance at 0x7f19013d3b40>,64,12,[ 4 14],65,-1,243,-1,231
1,<environment.Job instance at 0x7f19013d3be0>,65,21,[ 4 14],66,-1,252,-1,231
1,<environment.Job instance at 0x7f19013d3d20>,66,14,[ 1 13],67,-1,245,-1,231
1,<environment.Job instance at 0x7f19013d3d70>,67,16,[12  5],68,-1,247,-1,231
1,<environment.Job instance at 0x7f19013d3e10>,68,28,[4 5],69,-1,259,-1,231
1,<environment.Job instance at 0x7f19013d3eb0>,69,2,[5 5],70,-1,233,-1,231
1,<environment.Job instance at 0x7f19013d33c0>,71,25,[ 2 14],72,-1,256,-1,231
1,<environment.Job instance at 0x7f19013d3fa0>,72,1,[ 1 11],73,-1,232,-1,231
1,<environment.Job instance at 0x7f19013cf190>,73,28,[1 8],74,-1,259,-1,231
1,<environment.Job instance at 0x7f19013cf4b0>,78,1,[1 9],79,-1,260,-1,259
1,<environment.Job instance at 0x7f19013cf640>,79,27,[ 3 10],80,-1,286,-1,259
1,<environment.Job instance at 0x7f19013cf870>,83,16,[ 4 11],84,-1,303,-1,287
1,<environment.Job instance at 0x7f19013cf910>,84,28,[ 4 13],85,-1,315,-1,287
1,<environment.Job instance at 0x7f19013cf9b0>,85,15,[ 5 14],86,-1,302,-1,287
1,<environment.Job instance at 0x7f19013cfa50>,86,3,[ 2 14],87,-1,290,-1,287
1,<environment.Job instance at 0x7f19013cfaf0>,87,14,[ 3 11],88,-1,301,-1,287
1,<environment.Job instance at 0x7f19013cfeb0>,93,14,[ 2 14],94,-1,338,-1,324
1,<environment.Job instance at 0x7f19013cf140>,95,23,[14  2],96,-1,349,-1,326
1,<environment.Job instance at 0x7f19013d0230>,102,17,[ 4 14],103,-1,387,-1,370
1,<environment.Job instance at 0x7f19013d0550>,104,17,[12  4],105,-1,388,-1,371
1,<environment.Job instance at 0x7f1901f3cfa0>,105,14,[ 3 11],106,-1,385,-1,371
1,<environment.Job instance at 0x7f1900cf6dc0>,106,16,[ 4 13],107,-1,387,-1,371
1,<environment.Job instance at 0x7f1901e28370>,107,24,[ 1 11],108,-1,395,-1,371
1,<environment.Job instance at 0x7f1901549aa0>,108,17,[ 4 11],109,-1,388,-1,371
1,<environment.Job instance at 0x7f19015784b0>,111,2,[3 6],112,-1,388,-1,386
1,<environment.Job instance at 0x7f19015788c0>,113,27,[ 3 10],114,-1,424,-1,397
1,<environment.Job instance at 0x7f19015782d0>,114,25,[8 1],115,-1,422,-1,397
1,<environment.Job instance at 0x7f1901578280>,117,23,[5 4],118,-1,445,-1,422
1,<environment.Job instance at 0x7f1901578f50>,118,28,[3 6],119,-1,450,-1,422
1,<environment.Job instance at 0x7f1901578870>,119,20,[14  5],120,-1,442,-1,422
1,<environment.Job instance at 0x7f1901578550>,121,17,[14  1],122,-1,439,-1,422
1,<environment.Job instance at 0x7f1901b45460>,123,28,[4 5],124,-1,451,-1,423
1,<environment.Job instance at 0x7f1900c89c80>,124,26,[1 7],125,-1,449,-1,423
1,<environment.Job instance at 0x7f19013a38c0>,126,23,[6 2],127,-1,457,-1,434
1,<environment.Job instance at 0x7f19014ec820>,129,27,[3 8],130,-1,478,-1,451
1,<environment.Job instance at 0x7f1900c7c3c0>,131,2,[ 4 13],132,-1,453,-1,451
1,<environment.Job instance at 0x7f19015415a0>,132,27,[10  5],133,-1,478,-1,451
1,<environment.Job instance at 0x7f1901b63fa0>,137,18,[14  1],138,-1,527,-1,509
1,<environment.Job instance at 0x7f1901b63280>,138,15,[13  5],139,-1,524,-1,509
1,<environment.Job instance at 0x7f19013064b0>,140,15,[ 3 12],141,-1,524,-1,509
1,<environment.Job instance at 0x7f1901306140>,141,3,[ 1 11],142,-1,512,-1,509
1,<environment.Job instance at 0x7f1901306230>,142,14,[12  4],143,-1,523,-1,509
1,<environment.Job instance at 0x7f19012e30f0>,146,12,[ 3 14],147,-1,556,-1,544
1,<environment.Job instance at 0x7f19012e32d0>,147,24,[9 4],148,-1,568,-1,544
1,<environment.Job instance at 0x7f19012e3370>,150,13,[12  1],151,-1,559,-1,546
1,<environment.Job instance at 0x7f19012e3410>,152,26,[9 5],153,-1,584,-1,558
1,<environment.Job instance at 0x7f19012e35f0>,153,18,[13  5],154,-1,576,-1,558
1,<environment.Job instance at 0x7f1901b6f550>,156,23,[5 1],157,-1,599,-1,576
1,<environment.Job instance at 0x7f19012fd780>,160,24,[8 1],161,-1,620,-1,596
1,<environment.Job instance at 0x7f19012fd500>,162,25,[12  2],163,-1,639,-1,614
1,<environment.Job instance at 0x7f19012fd190>,164,2,[10  5],165,-1,633,-1,631
1,<environment.Job instance at 0x7f19012fdaa0>,165,17,[13  1],166,-1,648,-1,631
1,<environment.Job instance at 0x7f19012fdfa0>,168,12,[ 2 12],169,-1,658,-1,646
1,<environment.Job instance at 0x7f190131c140>,170,24,[8 2],179,-1,679,-1,655
1,<environment.Job instance at 0x7f19022200f0>,1,15,[ 1 12],2,-1,17,-1,2
1,<environment.Job instance at 0x7f1900d79aa0>,7,14,[ 1 10],8,-1,23,-1,9
1,<environment.Job instance at 0x7f190230f460>,9,28,[10  2],10,-1,38,-1,10
1,<environment.Job instance at 0x7f190230f9b0>,10,19,[ 2 12],11,-1,30,-1,11
1,<environment.Job instance at 0x7f190230fa50>,11,20,[ 2 11],12,-1,32,-1,12
1,<environment.Job instance at 0x7f19021f5cd0>,20,12,[13  5],21,-1,57,-1,45
1,<environment.Job instance at 0x7f19021f5a00>,21,12,[5 5],22,-1,60,-1,48
1,<environment.Job instance at 0x7f190238eaf0>,23,15,[13  5],24,-1,65,-1,50
1,<environment.Job instance at 0x7f190238eaa0>,24,18,[3 8],25,-1,93,-1,75
1,<environment.Job instance at 0x7f190238edc0>,27,24,[ 1 13],28,-1,99,-1,75
1,<environment.Job instance at 0x7f1900d4b370>,28,14,[ 5 13],29,-1,89,-1,75
1,<environment.Job instance at 0x7f190238e0f0>,29,19,[3 5],30,-1,94,-1,75
1,<environment.Job instance at 0x7f1900d4c280>,31,14,[7 5],32,-1,96,-1,82
1,<environment.Job instance at 0x7f1900d4c3c0>,32,17,[1 6],33,-1,99,-1,82
1,<environment.Job instance at 0x7f1900d4c230>,33,22,[3 6],34,-1,104,-1,82
1,<environment.Job instance at 0x7f1900d4c6e0>,34,13,[ 3 12],35,-1,95,-1,82
1,<environment.Job instance at 0x7f1900d4ce60>,35,15,[6 1],36,-1,97,-1,82
1,<environment.Job instance at 0x7f1900d4c320>,36,12,[9 5],37,-1,94,-1,82
1,<environment.Job instance at 0x7f1900d4cb40>,37,23,[5 9],38,-1,105,-1,82
1,<environment.Job instance at 0x7f1900d4c0a0>,38,15,[4 8],39,-1,97,-1,82
1,<environment.Job instance at 0x7f1900b39f50>,40,27,[4 7],41,-1,114,-1,87
1,<environment.Job instance at 0x7f1900b393c0>,41,13,[6 1],42,-1,100,-1,87
1,<environment.Job instance at 0x7f1900b390a0>,42,16,[1 9],43,-1,103,-1,87
1,<environment.Job instance at 0x7f1900b39550>,43,3,[2 5],44,-1,90,-1,87
1,<environment.Job instance at 0x7f1900b39230>,44,12,[4 7],45,-1,99,-1,87
1,<environment.Job instance at 0x7f1900b39e10>,45,3,[6 5],46,-1,90,-1,87
1,<environment.Job instance at 0x7f1900b39140>,46,13,[4 7],47,-1,100,-1,87
1,<environment.Job instance at 0x7f1900b395f0>,47,18,[4 6],48,-1,108,-1,90
1,<environment.Job instance at 0x7f1900b397d0>,48,23,[ 4 10],49,-1,113,-1,90
1,<environment.Job instance at 0x7f1900b39870>,49,12,[5 5],50,-1,102,-1,90
1,<environment.Job instance at 0x7f1900b39050>,50,14,[ 1 14],51,-1,104,-1,90
1,<environment.Job instance at 0x7f1900b39dc0>,51,16,[4 9],52,-1,106,-1,90
1,<environment.Job instance at 0x7f1900b39780>,52,14,[11  4],53,-1,104,-1,90
1,<environment.Job instance at 0x7f1900b399b0>,53,17,[1 8],54,-1,107,-1,90
1,<environment.Job instance at 0x7f1900b39320>,54,18,[ 4 12],55,-1,108,-1,90
1,<environment.Job instance at 0x7f19021df690>,55,13,[8 2],56,-1,103,-1,90
1,<environment.Job instance at 0x7f19021df4b0>,56,3,[10  1],57,-1,93,-1,90
1,<environment.Job instance at 0x7f19021df8c0>,57,25,[5 4],58,-1,115,-1,90
1,<environment.Job instance at 0x7f19021df780>,58,14,[5 6],59,-1,104,-1,90
1,<environment.Job instance at 0x7f1900d07a00>,59,18,[10  1],60,-1,109,-1,91
1,<environment.Job instance at 0x7f1900d07f50>,60,15,[9 3],61,-1,106,-1,91
1,<environment.Job instance at 0x7f1900d07050>,61,16,[ 5 13],62,-1,107,-1,91
1,<environment.Job instance at 0x7f1900d07be0>,62,17,[ 2 12],63,-1,108,-1,91
1,<environment.Job instance at 0x7f1901bde6e0>,63,25,[9 2],64,-1,116,-1,91
1,<environment.Job instance at 0x7f1901bde280>,64,25,[ 1 13],65,-1,116,-1,91
1,<environment.Job instance at 0x7f1901bde780>,65,22,[7 2],66,-1,113,-1,91
1,<environment.Job instance at 0x7f1901bdeaa0>,66,13,[6 5],67,-1,104,-1,91
1,<environment.Job instance at 0x7f1901911dc0>,68,13,[3 9],69,-1,111,-1,98
1,<environment.Job instance at 0x7f1901911eb0>,69,14,[5 3],70,-1,112,-1,98
1,<environment.Job instance at 0x7f1901911500>,70,16,[ 4 10],71,-1,114,-1,98
1,<environment.Job instance at 0x7f19019117d0>,71,12,[3 5],72,-1,111,-1,99
1,<environment.Job instance at 0x7f19019112d0>,72,14,[ 2 12],73,-1,113,-1,99
1,<environment.Job instance at 0x7f1901911820>,73,13,[ 1 10],74,-1,112,-1,99
1,<environment.Job instance at 0x7f1901980640>,74,17,[1 6],75,-1,120,-1,103
1,<environment.Job instance at 0x7f1901980910>,76,3,[5 9],77,-1,117,-1,114
1,<environment.Job instance at 0x7f1901980820>,79,21,[1 5],80,-1,151,-1,130
1,<environment.Job instance at 0x7f1901980af0>,80,1,[5 2],81,-1,131,-1,130
1,<environment.Job instance at 0x7f1901980320>,81,14,[ 2 10],82,-1,144,-1,130
1,<environment.Job instance at 0x7f1901980a00>,82,3,[ 3 11],83,-1,133,-1,130
1,<environment.Job instance at 0x7f1901980d20>,83,18,[2 7],84,-1,153,-1,135
1,<environment.Job instance at 0x7f19019808c0>,84,12,[ 1 13],85,-1,147,-1,135
1,<environment.Job instance at 0x7f19019806e0>,86,22,[9 3],87,-1,167,-1,145
1,<environment.Job instance at 0x7f1901980190>,87,28,[1 5],88,-1,173,-1,145
1,<environment.Job instance at 0x7f1901980870>,88,12,[ 4 14],89,-1,157,-1,145
1,<environment.Job instance at 0x7f1901980370>,89,28,[8 5],90,-1,173,-1,145
1,<environment.Job instance at 0x7f190a9678c0>,90,14,[9 5],91,-1,172,-1,158
1,<environment.Job instance at 0x7f190a9674b0>,91,21,[14  2],92,-1,179,-1,158
1,<environment.Job instance at 0x7f190a967be0>,93,14,[ 2 11],94,-1,172,-1,158
1,<environment.Job instance at 0x7f190a9672d0>,94,22,[7 5],95,-1,180,-1,158
1,<environment.Job instance at 0x7f190a967280>,95,21,[9 1],96,-1,181,-1,160
1,<environment.Job instance at 0x7f190a967910>,96,28,[6 5],97,-1,188,-1,160
1,<environment.Job instance at 0x7f190a967550>,97,18,[4 7],98,-1,178,-1,160
1,<environment.Job instance at 0x7f190a9675a0>,98,15,[3 8],99,-1,175,-1,160
1,<environment.Job instance at 0x7f190a967a00>,99,20,[14  4],100,-1,180,-1,160
1,<environment.Job instance at 0x7f190a967050>,100,3,[14  3],101,-1,163,-1,160
1,<environment.Job instance at 0x7f190a967460>,101,18,[12  4],102,-1,178,-1,160
1,<environment.Job instance at 0x7f190a967640>,102,18,[ 4 13],103,-1,178,-1,160
1,<environment.Job instance at 0x7f190a967870>,103,14,[5 9],104,-1,174,-1,160
1,<environment.Job instance at 0x7f190a967410>,105,18,[ 4 11],106,-1,180,-1,162
1,<environment.Job instance at 0x7f190a967b40>,106,27,[6 5],107,-1,189,-1,162
1,<environment.Job instance at 0x7f190a967730>,107,27,[ 3 13],108,-1,189,-1,162
1,<environment.Job instance at 0x7f190a9677d0>,108,18,[10  1],109,-1,182,-1,164
1,<environment.Job instance at 0x7f190a967500>,109,25,[9 4],110,-1,189,-1,164
1,<environment.Job instance at 0x7f190a9679b0>,110,18,[3 9],111,-1,183,-1,165
1,<environment.Job instance at 0x7f190a967e60>,111,12,[9 4],112,-1,178,-1,166
1,<environment.Job instance at 0x7f190a967b90>,112,13,[9 4],113,-1,180,-1,167
1,<environment.Job instance at 0x7f19020768c0>,113,27,[2 8],114,-1,194,-1,167
1,<environment.Job instance at 0x7f1902076410>,114,12,[1 6],115,-1,179,-1,167
1,<environment.Job instance at 0x7f19020760f0>,115,16,[ 1 10],116,-1,183,-1,167
1,<environment.Job instance at 0x7f19020767d0>,116,27,[8 1],117,-1,194,-1,167
1,<environment.Job instance at 0x7f1902076d70>,118,22,[5 4],119,-1,189,-1,167
1,<environment.Job instance at 0x7f1902076dc0>,119,16,[1 9],120,-1,183,-1,167
1,<environment.Job instance at 0x7f1902076fa0>,120,12,[14  3],121,-1,179,-1,167
1,<environment.Job instance at 0x7f1902076f00>,121,25,[1 9],122,-1,192,-1,167
1,<environment.Job instance at 0x7f1902076230>,122,3,[ 4 12],123,-1,170,-1,167
1,<environment.Job instance at 0x7f1902076320>,123,27,[9 3],124,-1,194,-1,167
1,<environment.Job instance at 0x7f19020763c0>,125,28,[6 2],126,-1,207,-1,179
1,<environment.Job instance at 0x7f1902076af0>,126,12,[ 4 10],127,-1,191,-1,179
1,<environment.Job instance at 0x7f1901f53e60>,127,3,[2 7],128,-1,182,-1,179
1,<environment.Job instance at 0x7f1901df3320>,131,2,[7 5],132,-1,199,-1,197
1,<environment.Job instance at 0x7f1900cf45f0>,132,1,[2 7],133,-1,198,-1,197
1,<environment.Job instance at 0x7f1900cf41e0>,134,12,[4 9],135,-1,209,-1,197
1,<environment.Job instance at 0x7f1900cf4870>,135,1,[13  2],136,-1,198,-1,197
1,<environment.Job instance at 0x7f1900b72fa0>,136,21,[6 3],137,-1,218,-1,197
1,<environment.Job instance at 0x7f1900cf4190>,137,28,[11  1],138,-1,225,-1,197
1,<environment.Job instance at 0x7f1900dacf00>,138,12,[8 5],139,-1,209,-1,197
1,<environment.Job instance at 0x7f1901420dc0>,139,26,[13  2],140,-1,223,-1,197
1,<environment.Job instance at 0x7f1901b4cc30>,140,21,[ 3 11],141,-1,218,-1,197
1,<environment.Job instance at 0x7f190ae5b910>,141,13,[7 4],142,-1,210,-1,197
1,<environment.Job instance at 0x7f19017443c0>,142,2,[8 3],143,-1,199,-1,197
1,<environment.Job instance at 0x7f190190dbe0>,143,25,[6 4],144,-1,222,-1,197
1,<environment.Job instance at 0x7f1901944910>,144,14,[8 5],145,-1,212,-1,198
1,<environment.Job instance at 0x7f1901013280>,145,1,[10  2],146,-1,199,-1,198
1,<environment.Job instance at 0x7f1901cc8e60>,146,23,[10  1],147,-1,221,-1,198
1,<environment.Job instance at 0x7f19017a46e0>,147,27,[4 7],148,-1,225,-1,198
1,<environment.Job instance at 0x7f19021a9140>,152,12,[11  4],153,-1,240,-1,228
1,<environment.Job instance at 0x7f190abd2230>,153,15,[ 4 11],154,-1,243,-1,228
1,<environment.Job instance at 0x7f1901983370>,154,1,[ 4 13],155,-1,229,-1,228
1,<environment.Job instance at 0x7f190a9c9dc0>,155,14,[11  3],156,-1,242,-1,228
1,<environment.Job instance at 0x7f19013f0320>,156,15,[ 4 10],157,-1,243,-1,228
1,<environment.Job instance at 0x7f19022e3af0>,157,16,[8 1],158,-1,244,-1,228
1,<environment.Job instance at 0x7f190abe2550>,158,24,[3 6],159,-1,252,-1,228
1,<environment.Job instance at 0x7f19022f94b0>,160,15,[13  5],161,-1,244,-1,229
1,<environment.Job instance at 0x7f19013f4320>,161,15,[12  3],162,-1,244,-1,229
1,<environment.Job instance at 0x7f19012e2500>,162,12,[ 4 14],163,-1,241,-1,229
1,<environment.Job instance at 0x7f1901a68910>,165,13,[ 1 10],166,-1,257,-1,244
1,<environment.Job instance at 0x7f19016c2dc0>,170,1,[4 6],171,-1,271,-1,270
1,<environment.Job instance at 0x7f1902321280>,171,16,[ 2 11],172,-1,286,-1,270
1,<environment.Job instance at 0x7f1900c2bf00>,173,19,[3 9],174,-1,299,-1,280
1,<environment.Job instance at 0x7f1900c2bd20>,174,28,[5 3],175,-1,308,-1,280
1,<environment.Job instance at 0x7f1900c2bbe0>,175,13,[ 4 11],176,-1,293,-1,280
1,<environment.Job instance at 0x7f1901a3ce10>,178,19,[13  3],179,-1,312,-1,293
1,<environment.Job instance at 0x7f19014924b0>,179,13,[2 9],180,-1,306,-1,293
1,<environment.Job instance at 0x7f1902164aa0>,187,17,[14  4],188,-1,381,-1,364
1,<environment.Job instance at 0x7f1902164460>,188,12,[12  2],189,-1,376,-1,364
1,<environment.Job instance at 0x7f190157a320>,181,15,[ 3 13],182,-1,1427,-1,1412
1,<environment.Job instance at 0x7f190230fe10>,17,28,[3 7],18,-1,3408,-1,3380
1,<environment.Job instance at 0x7f1900f86eb0>,1,25,[5 3],2,-1,27,-1,2
1,<environment.Job instance at 0x7f1901b67c30>,4,13,[ 4 13],5,-1,18,-1,5
1,<environment.Job instance at 0x7f1901fb6dc0>,8,17,[13  2],9,-1,26,-1,9
1,<environment.Job instance at 0x7f1901b67550>,10,16,[12  5],11,-1,27,-1,11
1,<environment.Job instance at 0x7f1901cb7d20>,21,21,[12  2],22,-1,98,-1,77
1,<environment.Job instance at 0x7f1901cb7a00>,22,21,[13  1],23,-1,98,-1,77
1,<environment.Job instance at 0x7f1901cb77d0>,23,14,[1 5],24,-1,91,-1,77
1,<environment.Job instance at 0x7f1901cb75a0>,24,15,[2 6],25,-1,92,-1,77
1,<environment.Job instance at 0x7f1901cb71e0>,25,15,[12  3],26,-1,92,-1,77
1,<environment.Job instance at 0x7f1901cb7c30>,26,16,[14  3],27,-1,93,-1,77
1,<environment.Job instance at 0x7f1901cb79b0>,27,12,[9 4],28,-1,89,-1,77
1,<environment.Job instance at 0x7f1901cb7820>,31,17,[ 4 11],32,-1,124,-1,107
1,<environment.Job instance at 0x7f1901cb7f50>,33,24,[2 5],34,-1,140,-1,116
1,<environment.Job instance at 0x7f1901cb7af0>,34,23,[11  4],35,-1,139,-1,116
1,<environment.Job instance at 0x7f1901cb78c0>,35,13,[ 1 11],36,-1,129,-1,116
1,<environment.Job instance at 0x7f1901cb7280>,36,3,[ 3 11],37,-1,119,-1,116
1,<environment.Job instance at 0x7f1901e90640>,37,20,[ 1 10],38,-1,136,-1,116
1,<environment.Job instance at 0x7f1901e90910>,39,3,[5 7],40,-1,127,-1,124
1,<environment.Job instance at 0x7f1901e90dc0>,40,13,[13  1],41,-1,137,-1,124
1,<environment.Job instance at 0x7f1901e90870>,41,16,[ 2 13],42,-1,140,-1,124
1,<environment.Job instance at 0x7f1901e90eb0>,51,17,[ 3 11],52,-1,220,-1,203
1,<environment.Job instance at 0x7f1901e90af0>,52,3,[7 2],53,-1,206,-1,203
1,<environment.Job instance at 0x7f1901e90f50>,53,17,[ 2 14],54,-1,220,-1,203
1,<environment.Job instance at 0x7f1901e909b0>,54,26,[12  5],55,-1,229,-1,203
1,<environment.Job instance at 0x7f1901e90280>,55,21,[5 1],56,-1,225,-1,204
1,<environment.Job instance at 0x7f1901047190>,57,28,[ 5 12],58,-1,232,-1,204
1,<environment.Job instance at 0x7f190211ceb0>,61,1,[2 7],62,-1,234,-1,233
1,<environment.Job instance at 0x7f1901e26fa0>,62,26,[7 1],63,-1,259,-1,233
1,<environment.Job instance at 0x7f1901e26a00>,63,13,[14  1],64,-1,246,-1,233
1,<environment.Job instance at 0x7f1901e26780>,64,24,[7 2],65,-1,257,-1,233
1,<environment.Job instance at 0x7f1901e26d20>,65,24,[14  4],66,-1,257,-1,233
1,<environment.Job instance at 0x7f1901e26e10>,66,3,[12  5],67,-1,236,-1,233
1,<environment.Job instance at 0x7f1901e266e0>,67,25,[3 6],68,-1,258,-1,233
1,<environment.Job instance at 0x7f1901e26cd0>,72,3,[1 8],73,-1,292,-1,289
1,<environment.Job instance at 0x7f19012e2f00>,73,28,[5 8],74,-1,317,-1,289
1,<environment.Job instance at 0x7f19012e2230>,75,13,[14  5],76,-1,305,-1,292
1,<environment.Job instance at 0x7f19012e22d0>,76,18,[ 5 10],77,-1,400,-1,382
1,<environment.Job instance at 0x7f1900e40690>,103,3,[ 3 12],104,-1,556,-1,553
1,<environment.Job instance at 0x7f1900e40550>,104,21,[ 3 11],105,-1,574,-1,553
1,<environment.Job instance at 0x7f1900d07e10>,105,17,[ 3 14],106,-1,570,-1,553
1,<environment.Job instance at 0x7f1900f8d550>,108,17,[11  2],109,-1,582,-1,565
1,<environment.Job instance at 0x7f1900f8d050>,109,23,[9 3],110,-1,592,-1,569
1,<environment.Job instance at 0x7f1902118320>,111,16,[12  1],112,-1,591,-1,575
1,<environment.Job instance at 0x7f1902118780>,113,18,[ 4 11],114,-1,593,-1,575
1,<environment.Job instance at 0x7f19021185a0>,117,18,[12  1],118,-1,615,-1,597
1,<environment.Job instance at 0x7f19021181e0>,120,25,[5 6],121,-1,643,-1,618
1,<environment.Job instance at 0x7f1902118e10>,126,26,[8 2],127,-1,690,-1,664
1,<environment.Job instance at 0x7f190a940e60>,130,27,[5 8],131,-1,709,-1,682
1,<environment.Job instance at 0x7f1900d56730>,132,22,[ 1 13],133,-1,717,-1,695
1,<environment.Job instance at 0x7f190109d8c0>,134,21,[ 5 13],135,-1,716,-1,695
1,<environment.Job instance at 0x7f190109d230>,138,27,[8 4],139,-1,738,-1,711
1,<environment.Job instance at 0x7f190109dbe0>,141,20,[11  2],142,-1,745,-1,725
1,<environment.Job instance at 0x7f190109deb0>,144,18,[ 3 12],145,-1,759,-1,741
1,<environment.Job instance at 0x7f190109d2d0>,146,12,[ 2 13],147,-1,753,-1,741
1,<environment.Job instance at 0x7f190109daa0>,147,26,[13  3],148,-1,767,-1,741
1,<environment.Job instance at 0x7f19019baaf0>,152,28,[6 1],153,-1,814,-1,786
1,<environment.Job instance at 0x7f19019ba8c0>,156,26,[11  4],157,-1,850,-1,824
1,<environment.Job instance at 0x7f19019ba640>,161,24,[11  3],162,-1,872,-1,848
1,<environment.Job instance at 0x7f1901e15c80>,165,22,[ 2 11],166,-1,903,-1,881
1,<environment.Job instance at 0x7f1901e15500>,168,25,[13  1],171,-1,920,-1,895
1,<environment.Job instance at 0x7f1900b158c0>,8,13,[9 2],9,-1,29,-1,16
1,<environment.Job instance at 0x7f1900b15c30>,13,16,[13  5],14,-1,52,-1,36
1,<environment.Job instance at 0x7f1900b15cd0>,14,2,[5 5],15,-1,38,-1,36
1,<environment.Job instance at 0x7f1900b15d70>,15,14,[ 5 13],16,-1,50,-1,36
1,<environment.Job instance at 0x7f1900b159b0>,18,13,[ 5 11],19,-1,67,-1,54
1,<environment.Job instance at 0x7f1900b15a00>,19,1,[3 6],20,-1,55,-1,54
1,<environment.Job instance at 0x7f1900b15fa0>,20,15,[14  4],21,-1,69,-1,54
1,<environment.Job instance at 0x7f1900b1c0a0>,21,19,[ 3 11],22,-1,73,-1,54
1,<environment.Job instance at 0x7f1900b1c1e0>,22,18,[11  3],23,-1,72,-1,54
1,<environment.Job instance at 0x7f1900b1c500>,25,28,[7 5],26,-1,100,-1,72
1,<environment.Job instance at 0x7f1900b1c5a0>,26,28,[2 9],27,-1,100,-1,72
1,<environment.Job instance at 0x7f1900b1c820>,30,25,[2 8],31,-1,123,-1,98
1,<environment.Job instance at 0x7f1900b1c960>,31,2,[11  5],32,-1,100,-1,98
1,<environment.Job instance at 0x7f1900b1ca50>,33,16,[ 2 12],34,-1,115,-1,99
1,<environment.Job instance at 0x7f1900b1cb90>,35,23,[ 4 13],36,-1,128,-1,105
1,<environment.Job instance at 0x7f1900b1ce60>,39,28,[5 5],40,-1,158,-1,130
1,<environment.Job instance at 0x7f1900b1cc80>,42,13,[ 3 11],43,-1,160,-1,147
1,<environment.Job instance at 0x7f1900b001e0>,44,21,[ 4 14],45,-1,172,-1,151
1,<environment.Job instance at 0x7f1900b00320>,46,18,[12  5],47,-1,169,-1,151
1,<environment.Job instance at 0x7f1900b00460>,48,15,[12  5],49,-1,177,-1,162
1,<environment.Job instance at 0x7f1900b00500>,49,28,[13  5],50,-1,190,-1,162
1,<environment.Job instance at 0x7f1900b006e0>,52,25,[3 6],53,-1,201,-1,176
1,<environment.Job instance at 0x7f1900b00af0>,57,20,[ 1 11],58,-1,216,-1,196
1,<environment.Job instance at 0x7f1900b00cd0>,60,18,[ 3 11],61,-1,232,-1,214
1,<environment.Job instance at 0x7f1900b00d70>,61,24,[14  5],62,-1,238,-1,214
1,<environment.Job instance at 0x7f1900b00e10>,62,2,[9 5],63,-1,216,-1,214
1,<environment.Job instance at 0x7f1900b008c0>,66,12,[ 1 11],67,-1,255,-1,243
1,<environment.Job instance at 0x7f1900b0b190>,67,12,[ 5 10],68,-1,255,-1,243
1,<environment.Job instance at 0x7f1900b0b230>,68,19,[11  1],69,-1,262,-1,243
1,<environment.Job instance at 0x7f1900b0b2d0>,69,24,[5 3],70,-1,267,-1,243
1,<environment.Job instance at 0x7f1900b0b6e0>,73,16,[ 1 13],74,-1,273,-1,257
1,<environment.Job instance at 0x7f1900b0b8c0>,76,24,[13  4],77,-1,295,-1,271
1,<environment.Job instance at 0x7f1900b0b960>,77,21,[ 1 12],78,-1,292,-1,271
1,<environment.Job instance at 0x7f1900b0ba00>,78,25,[4 8],79,-1,296,-1,271
1,<environment.Job instance at 0x7f1900b0baa0>,79,13,[10  1],80,-1,284,-1,271
1,<environment.Job instance at 0x7f1900b0bbe0>,81,19,[ 1 10],82,-1,306,-1,287
1,<environment.Job instance at 0x7f1900b0bc80>,82,25,[5 8],83,-1,312,-1,287
1,<environment.Job instance at 0x7f1900b0bdc0>,84,14,[12  4],85,-1,301,-1,287
1,<environment.Job instance at 0x7f1900b0be60>,85,1,[1 7],86,-1,288,-1,287
1,<environment.Job instance at 0x7f1900af61e0>,89,3,[ 3 11],90,-1,319,-1,316
1,<environment.Job instance at 0x7f1900af6280>,90,14,[12  4],91,-1,330,-1,316
1,<environment.Job instance at 0x7f1900af6320>,91,23,[5 2],92,-1,344,-1,321
1,<environment.Job instance at 0x7f1900af63c0>,92,16,[12  4],93,-1,337,-1,321
1,<environment.Job instance at 0x7f1900af6500>,94,12,[11  2],95,-1,346,-1,334
1,<environment.Job instance at 0x7f1900af65a0>,95,1,[8 2],96,-1,335,-1,334
1,<environment.Job instance at 0x7f1900af6140>,98,22,[8 3],99,-1,367,-1,345
1,<environment.Job instance at 0x7f1900af6af0>,101,27,[3 5],102,-1,374,-1,347
1,<environment.Job instance at 0x7f1900af6c30>,103,2,[6 3],104,-1,365,-1,363
1,<environment.Job instance at 0x7f1900af6cd0>,104,24,[12  4],105,-1,387,-1,363
1,<environment.Job instance at 0x7f1900af6f00>,107,22,[ 1 11],108,-1,390,-1,368
1,<environment.Job instance at 0x7f1900afe1e0>,111,2,[11  1],112,-1,398,-1,396
1,<environment.Job instance at 0x7f1900afe280>,112,2,[11  3],113,-1,398,-1,396
1,<environment.Job instance at 0x7f1900afe320>,113,19,[11  3],114,-1,415,-1,396
1,<environment.Job instance at 0x7f1900afe3c0>,114,17,[12  2],115,-1,413,-1,396
1,<environment.Job instance at 0x7f1900afe460>,115,3,[ 2 10],116,-1,399,-1,396
1,<environment.Job instance at 0x7f1900afe0f0>,116,19,[ 4 11],117,-1,415,-1,396
1,<environment.Job instance at 0x7f1900afe690>,118,2,[4 6],119,-1,402,-1,400
1,<environment.Job instance at 0x7f1900afe910>,120,3,[ 1 10],121,-1,407,-1,404
1,<environment.Job instance at 0x7f1900afeaf0>,123,13,[13  3],124,-1,436,-1,423
1,<environment.Job instance at 0x7f1900afeb90>,124,2,[4 6],125,-1,425,-1,423
1,<environment.Job instance at 0x7f1900afec30>,125,3,[10  2],126,-1,426,-1,423
1,<environment.Job instance at 0x7f1900afed70>,127,1,[12  1],128,-1,428,-1,427
1,<environment.Job instance at 0x7f1900afeeb0>,129,3,[1 9],130,-1,442,-1,439
1,<environment.Job instance at 0x7f1900afe730>,131,23,[5 2],132,-1,476,-1,453
1,<environment.Job instance at 0x7f1900af0190>,132,14,[14  4],133,-1,467,-1,453
1,<environment.Job instance at 0x7f1900af0230>,133,3,[7 1],134,-1,456,-1,453
1,<environment.Job instance at 0x7f190223dd70>,135,25,[2 6],136,-1,478,-1,453
1,<environment.Job instance at 0x7f1900aed780>,137,1,[2 6],138,-1,457,-1,456
1,<environment.Job instance at 0x7f1900aed6e0>,138,16,[14  3],139,-1,472,-1,456
1,<environment.Job instance at 0x7f1900aed230>,139,16,[ 5 12],140,-1,472,-1,456
1,<environment.Job instance at 0x7f1900aed460>,141,27,[12  3],142,-1,500,-1,473
1,<environment.Job instance at 0x7f19023594b0>,147,28,[8 5],148,-1,528,-1,500
1,<environment.Job instance at 0x7f1902330c80>,148,13,[13  5],149,-1,513,-1,500
1,<environment.Job instance at 0x7f1902330b40>,149,2,[ 3 14],150,-1,502,-1,500
1,<environment.Job instance at 0x7f1900a64d70>,151,17,[ 4 10],152,-1,522,-1,505
1,<environment.Job instance at 0x7f1900a64e60>,152,2,[4 7],153,-1,507,-1,505
1,<environment.Job instance at 0x7f1900af94b0>,153,17,[14  2],154,-1,522,-1,505
1,<environment.Job instance at 0x7f1900a6ff00>,156,24,[ 5 12],157,-1,549,-1,525
1,<environment.Job instance at 0x7f1900a6f460>,157,27,[ 5 10],158,-1,552,-1,525
1,<environment.Job instance at 0x7f1900a6f2d0>,159,12,[10  1],160,-1,550,-1,538
1,<environment.Job instance at 0x7f1900af0370>,160,12,[ 4 13],161,-1,550,-1,538
1,<environment.Job instance at 0x7f1900af03c0>,164,25,[1 6],165,-1,590,-1,565
1,<environment.Job instance at 0x7f1900af0640>,165,25,[ 5 10],166,-1,590,-1,565
1,<environment.Job instance at 0x7f1900af0a00>,169,23,[11  1],170,-1,605,-1,582
1,<environment.Job instance at 0x7f1900af0b40>,171,21,[14  2],172,-1,615,-1,594
1,<environment.Job instance at 0x7f190134ec80>,4,21,[4 9],5,-1,47,-1,26
1,<environment.Job instance at 0x7f1900f3ba00>,10,1,[3 7],11,-1,27,-1,26
1,<environment.Job instance at 0x7f1900f7ac30>,11,14,[ 5 12],12,-1,40,-1,26
1,<environment.Job instance at 0x7f1900f7ab90>,13,13,[ 3 12],14,-1,57,-1,44
1,<environment.Job instance at 0x7f1900f7aa00>,15,24,[ 5 11],16,-1,68,-1,44
1,<environment.Job instance at 0x7f1900f7a5f0>,17,27,[7 3],18,-1,87,-1,60
1,<environment.Job instance at 0x7f1900f7a460>,18,1,[3 9],19,-1,61,-1,60
1,<environment.Job instance at 0x7f1900f7a640>,25,12,[12  5],26,-1,134,-1,122
1,<environment.Job instance at 0x7f1901f28a50>,26,16,[12  5],27,-1,138,-1,122
1,<environment.Job instance at 0x7f1901e3f8c0>,29,12,[12  4],30,-1,142,-1,130
1,<environment.Job instance at 0x7f1900c84e60>,30,16,[ 3 10],31,-1,147,-1,131
1,<environment.Job instance at 0x7f1901c67190>,33,19,[14  4],34,-1,170,-1,151
1,<environment.Job instance at 0x7f1901a00690>,34,3,[6 3],35,-1,154,-1,151
1,<environment.Job instance at 0x7f1900d43500>,38,3,[7 5],39,-1,175,-1,172
1,<environment.Job instance at 0x7f1900d437d0>,39,14,[ 5 11],40,-1,186,-1,172
1,<environment.Job instance at 0x7f1900d43be0>,40,23,[11  4],41,-1,195,-1,172
1,<environment.Job instance at 0x7f1901a4b5f0>,46,15,[ 5 11],47,-1,221,-1,206
1,<environment.Job instance at 0x7f1901a4ba00>,49,16,[12  1],50,-1,238,-1,222
1,<environment.Job instance at 0x7f1901a4b640>,50,12,[11  4],51,-1,234,-1,222
1,<environment.Job instance at 0x7f1901f9d5a0>,52,2,[8 4],53,-1,240,-1,238
1,<environment.Job instance at 0x7f1900ac8cd0>,54,17,[ 2 11],55,-1,274,-1,257
1,<environment.Job instance at 0x7f19014b93c0>,55,17,[ 2 13],56,-1,274,-1,257
1,<environment.Job instance at 0x7f1901f9d0f0>,56,13,[13  3],57,-1,270,-1,257
1,<environment.Job instance at 0x7f1902311550>,58,17,[13  4],59,-1,274,-1,257
1,<environment.Job instance at 0x7f1901b6a0f0>,62,13,[ 1 11],63,-1,290,-1,277
1,<environment.Job instance at 0x7f1901b6acd0>,63,16,[14  3],64,-1,293,-1,277
1,<environment.Job instance at 0x7f1901b6ab40>,64,12,[ 5 13],65,-1,289,-1,277
1,<environment.Job instance at 0x7f1901b6ac30>,65,14,[ 3 12],66,-1,291,-1,277
1,<environment.Job instance at 0x7f1901b6a910>,66,2,[10  3],67,-1,279,-1,277
1,<environment.Job instance at 0x7f1901968820>,69,22,[14  4],70,-1,313,-1,291
1,<environment.Job instance at 0x7f1900dbbe60>,72,14,[ 2 12],73,-1,325,-1,311
1,<environment.Job instance at 0x7f1900dbb820>,73,17,[11  3],74,-1,328,-1,311
1,<environment.Job instance at 0x7f190af68870>,77,24,[9 2],78,-1,360,-1,336
1,<environment.Job instance at 0x7f190af686e0>,78,1,[ 5 14],79,-1,337,-1,336
1,<environment.Job instance at 0x7f19017aa6e0>,81,14,[ 4 10],82,-1,364,-1,350
1,<environment.Job instance at 0x7f19017aab90>,83,14,[ 1 10],84,-1,371,-1,357
1,<environment.Job instance at 0x7f19017aa910>,84,12,[14  3],85,-1,369,-1,357
1,<environment.Job instance at 0x7f1900f128c0>,85,12,[10  2],86,-1,369,-1,357
1,<environment.Job instance at 0x7f1900f12af0>,88,26,[2 7],89,-1,393,-1,367
1,<environment.Job instance at 0x7f1900f12410>,89,24,[14  2],90,-1,391,-1,367
1,<environment.Job instance at 0x7f1900f12e10>,90,23,[2 9],91,-1,391,-1,368
1,<environment.Job instance at 0x7f1900f121e0>,91,2,[ 1 11],92,-1,370,-1,368
1,<environment.Job instance at 0x7f1901a215a0>,94,2,[8 5],95,-1,384,-1,382
1,<environment.Job instance at 0x7f19010616e0>,95,24,[8 3],96,-1,406,-1,382
1,<environment.Job instance at 0x7f1901061c30>,98,2,[12  3],99,-1,401,-1,399
1,<environment.Job instance at 0x7f1901061dc0>,100,15,[14  1],101,-1,419,-1,404
1,<environment.Job instance at 0x7f1901061730>,101,14,[ 3 11],102,-1,418,-1,404
1,<environment.Job instance at 0x7f19015d0320>,106,22,[4 9],107,-1,474,-1,452
1,<environment.Job instance at 0x7f190172e910>,112,27,[2 5],113,-1,510,-1,483
1,<environment.Job instance at 0x7f190172ec80>,113,1,[ 2 13],114,-1,484,-1,483
1,<environment.Job instance at 0x7f1901b5c0a0>,114,14,[14  5],115,-1,497,-1,483
1,<environment.Job instance at 0x7f19018f9be0>,115,26,[ 3 14],116,-1,509,-1,483
1,<environment.Job instance at 0x7f1900a62550>,116,14,[13  5],117,-1,497,-1,483
1,<environment.Job instance at 0x7f1902359c30>,119,24,[5 9],120,-1,513,-1,489
1,<environment.Job instance at 0x7f190195f230>,120,15,[ 3 14],121,-1,504,-1,489
1,<environment.Job instance at 0x7f1902323e60>,121,17,[13  4],122,-1,506,-1,489
1,<environment.Job instance at 0x7f1902323f50>,124,12,[ 1 13],125,-1,517,-1,505
1,<environment.Job instance at 0x7f1900ac16e0>,126,15,[13  5],127,-1,531,-1,516
1,<environment.Job instance at 0x7f19020e7d20>,128,17,[13  2],129,-1,533,-1,516
1,<environment.Job instance at 0x7f1900a7bc30>,133,17,[ 3 13],134,-1,565,-1,548
1,<environment.Job instance at 0x7f1900a7b7d0>,134,22,[14  5],135,-1,570,-1,548
1,<environment.Job instance at 0x7f1900ac94b0>,140,15,[14  3],141,-1,597,-1,582
1,<environment.Job instance at 0x7f1901ba3fa0>,141,14,[ 1 13],142,-1,596,-1,582
1,<environment.Job instance at 0x7f1901ba3230>,142,25,[4 6],143,-1,607,-1,582
1,<environment.Job instance at 0x7f1901ba3960>,143,25,[1 7],144,-1,607,-1,582
1,<environment.Job instance at 0x7f1901ba3640>,144,17,[ 2 11],145,-1,599,-1,582
1,<environment.Job instance at 0x7f1901ba36e0>,145,17,[ 5 11],146,-1,599,-1,582
1,<environment.Job instance at 0x7f1901ba38c0>,146,2,[1 6],147,-1,584,-1,582
1,<environment.Job instance at 0x7f1901ba3c30>,147,21,[13  5],148,-1,603,-1,582
1,<environment.Job instance at 0x7f1901ba3870>,148,1,[11  5],149,-1,583,-1,582
1,<environment.Job instance at 0x7f19023520f0>,150,28,[ 3 10],151,-1,610,-1,582
1,<environment.Job instance at 0x7f1901bb50f0>,151,20,[11  2],152,-1,602,-1,582
1,<environment.Job instance at 0x7f1901bb54b0>,152,22,[13  4],153,-1,604,-1,582
1,<environment.Job instance at 0x7f1901bb52d0>,153,17,[12  4],154,-1,599,-1,582
1,<environment.Job instance at 0x7f1900ad1460>,158,18,[ 3 10],174,-1,631,-1,613
1,<environment.Job instance at 0x7f1901919f00>,160,3,[ 3 11],176,-1,616,-1,613
1,<environment.Job instance at 0x7f190225ebe0>,13,16,[ 4 12],14,-1,48,-1,32
1,<environment.Job instance at 0x7f190225e2d0>,14,18,[13  1],15,-1,50,-1,32
1,<environment.Job instance at 0x7f190225e500>,17,25,[12  2],18,-1,76,-1,51
1,<environment.Job instance at 0x7f190225e8c0>,18,18,[13  1],19,-1,69,-1,51
1,<environment.Job instance at 0x7f190225e140>,19,13,[ 2 12],20,-1,64,-1,51
1,<environment.Job instance at 0x7f190225e280>,20,21,[12  5],21,-1,72,-1,51
1,<environment.Job instance at 0x7f19017b0c30>,22,18,[14  5],23,-1,81,-1,63
1,<environment.Job instance at 0x7f19017b0640>,23,28,[12  3],24,-1,91,-1,63
1,<environment.Job instance at 0x7f19017b0b40>,24,2,[4 6],25,-1,65,-1,63
1,<environment.Job instance at 0x7f19017b0dc0>,25,3,[ 2 14],26,-1,66,-1,63
1,<environment.Job instance at 0x7f19017b0550>,26,14,[11  2],27,-1,77,-1,63
1,<environment.Job instance at 0x7f19017b0d20>,27,3,[5 7],28,-1,66,-1,63
1,<environment.Job instance at 0x7f19017b0500>,31,23,[ 4 13],32,-1,106,-1,83
1,<environment.Job instance at 0x7f19017b04b0>,32,18,[ 3 12],33,-1,101,-1,83
1,<environment.Job instance at 0x7f19017b0eb0>,33,12,[ 1 12],34,-1,95,-1,83
1,<environment.Job instance at 0x7f19017b0410>,34,13,[12  5],35,-1,96,-1,83
1,<environment.Job instance at 0x7f19017b0fa0>,35,22,[14  3],36,-1,105,-1,83
1,<environment.Job instance at 0x7f19017b0c80>,37,13,[ 5 11],38,-1,103,-1,90
1,<environment.Job instance at 0x7f19017b0f00>,39,12,[4 5],40,-1,106,-1,94
1,<environment.Job instance at 0x7f1900c14050>,48,13,[ 5 12],49,-1,185,-1,172
1,<environment.Job instance at 0x7f1900c14cd0>,51,17,[13  3],52,-1,195,-1,178
1,<environment.Job instance at 0x7f19021e9460>,52,12,[6 1],53,-1,193,-1,181
1,<environment.Job instance at 0x7f19014b9b90>,53,13,[ 3 12],54,-1,194,-1,181
1,<environment.Job instance at 0x7f19014b95f0>,54,2,[10  4],55,-1,183,-1,181
1,<environment.Job instance at 0x7f19014b90f0>,55,23,[5 1],56,-1,204,-1,181
1,<environment.Job instance at 0x7f19014b9820>,57,16,[ 2 14],58,-1,206,-1,190
1,<environment.Job instance at 0x7f19014b9460>,58,1,[ 3 13],59,-1,191,-1,190
1,<environment.Job instance at 0x7f19014b9870>,59,12,[ 2 13],60,-1,202,-1,190
1,<environment.Job instance at 0x7f1902454a00>,65,3,[11  5],66,-1,246,-1,243
1,<environment.Job instance at 0x7f19022f9cd0>,66,23,[ 2 13],67,-1,266,-1,243
1,<environment.Job instance at 0x7f1901c75780>,67,18,[ 4 14],68,-1,261,-1,243
1,<environment.Job instance at 0x7f1901872460>,73,17,[12  2],74,-1,300,-1,283
1,<environment.Job instance at 0x7f1901c42960>,76,20,[ 1 14],77,-1,314,-1,294
1,<environment.Job instance at 0x7f1901a23e10>,77,12,[ 1 11],78,-1,306,-1,294
1,<environment.Job instance at 0x7f1900d43230>,87,2,[13  3],88,-1,369,-1,367
1,<environment.Job instance at 0x7f1900b60780>,88,28,[4 8],89,-1,407,-1,379
1,<environment.Job instance at 0x7f19017168c0>,90,12,[14  5],91,-1,391,-1,379
1,<environment.Job instance at 0x7f19017163c0>,91,12,[ 2 14],92,-1,391,-1,379
1,<environment.Job instance at 0x7f190ab5d140>,93,28,[2 6],94,-1,417,-1,389
1,<environment.Job instance at 0x7f190148cd20>,98,22,[12  5],99,-1,435,-1,413
1,<environment.Job instance at 0x7f190148c370>,99,15,[ 4 12],100,-1,428,-1,413
1,<environment.Job instance at 0x7f190113e6e0>,101,28,[9 4],102,-1,452,-1,424
1,<environment.Job instance at 0x7f190113edc0>,102,25,[8 3],103,-1,449,-1,424
1,<environment.Job instance at 0x7f190113eb90>,104,17,[ 1 12],105,-1,445,-1,428
1,<environment.Job instance at 0x7f1901946b90>,112,22,[ 2 12],113,-1,487,-1,465
1,<environment.Job instance at 0x7f1901946d20>,113,15,[ 4 13],114,-1,480,-1,465
1,<environment.Job instance at 0x7f1901946910>,114,28,[7 2],115,-1,493,-1,465
1,<environment.Job instance at 0x7f1900cf6b90>,119,2,[9 2],120,-1,487,-1,485
1,<environment.Job instance at 0x7f1900cf66e0>,122,15,[13  1],123,-1,530,-1,515
1,<environment.Job instance at 0x7f1900cf6730>,123,2,[5 3],124,-1,517,-1,515
1,<environment.Job instance at 0x7f1900b5b550>,133,28,[5 1],134,-1,610,-1,582
1,<environment.Job instance at 0x7f1900b5beb0>,134,17,[ 2 14],135,-1,599,-1,582
1,<environment.Job instance at 0x7f1901cb7f00>,137,26,[3 9],138,-1,624,-1,598
1,<environment.Job instance at 0x7f1901cb7e60>,138,26,[6 1],139,-1,624,-1,598
1,<environment.Job instance at 0x7f1901cb7910>,139,28,[ 4 14],140,-1,626,-1,598
1,<environment.Job instance at 0x7f1901cb7780>,141,22,[ 1 13],142,-1,620,-1,598
1,<environment.Job instance at 0x7f1901cb7730>,142,16,[ 4 14],143,-1,614,-1,598
1,<environment.Job instance at 0x7f190af49640>,148,24,[6 3],149,-1,672,-1,648
1,<environment.Job instance at 0x7f1901b5d280>,154,17,[ 1 14],155,-1,691,-1,674
1,<environment.Job instance at 0x7f1900dbb5a0>,155,24,[10  2],156,-1,700,-1,676
1,<environment.Job instance at 0x7f190186b2d0>,162,3,[ 3 11],163,-1,721,-1,718
1,<environment.Job instance at 0x7f190186bf50>,163,17,[14  5],164,-1,735,-1,718
1,<environment.Job instance at 0x7f190102c140>,165,28,[10  3],166,-1,749,-1,721
1,<environment.Job instance at 0x7f19019641e0>,168,17,[ 2 12],173,-1,770,-1,753
1,<environment.Job instance at 0x7f1901964190>,169,23,[ 5 10],174,-1,776,-1,753
1,<environment.Job instance at 0x7f19012beb90>,170,28,[6 4],175,-1,781,-1,753
1,<environment.Job instance at 0x7f1901c4b230>,171,1,[ 3 10],179,-1,754,-1,753
1,<environment.Job instance at 0x7f19012e1370>,172,17,[ 4 13],180,-1,770,-1,753
1,<environment.Job instance at 0x7f19012e1d70>,173,24,[ 4 10],182,-1,777,-1,753
1,<environment.Job instance at 0x7f1900acd3c0>,174,14,[11  1],183,-1,767,-1,753
1,<environment.Job instance at 0x7f190122b8c0>,175,13,[ 4 12],184,-1,766,-1,753
1,<environment.Job instance at 0x7f1901138fa0>,7,13,[8 2],8,-1,22,-1,9
1,<environment.Job instance at 0x7f1902231460>,5,17,[5 4],6,-1,26,-1,9
1,<environment.Job instance at 0x7f1902231500>,9,3,[10  4],10,-1,14,-1,11
1,<environment.Job instance at 0x7f1900dd45a0>,11,12,[3 8],12,-1,27,-1,15
1,<environment.Job instance at 0x7f1900dd43c0>,12,13,[5 5],13,-1,30,-1,17
1,<environment.Job instance at 0x7f1900dd4b90>,13,27,[5 4],14,-1,44,-1,17
1,<environment.Job instance at 0x7f1900ff7550>,14,14,[4 7],15,-1,34,-1,20
1,<environment.Job instance at 0x7f1901f3ce60>,21,27,[ 2 13],22,-1,82,-1,55
1,<environment.Job instance at 0x7f190233da00>,26,27,[ 4 11],27,-1,109,-1,82
1,<environment.Job instance at 0x7f190233d1e0>,27,18,[12  2],28,-1,100,-1,82
1,<environment.Job instance at 0x7f190233d190>,28,24,[ 2 13],29,-1,106,-1,82
1,<environment.Job instance at 0x7f190233dc30>,29,13,[ 1 11],30,-1,95,-1,82
1,<environment.Job instance at 0x7f1901f8c960>,34,15,[13  2],35,-1,125,-1,110
1,<environment.Job instance at 0x7f1901a4b8c0>,35,23,[ 1 10],36,-1,133,-1,110
1,<environment.Job instance at 0x7f190af6d370>,36,16,[ 1 12],37,-1,126,-1,110
1,<environment.Job instance at 0x7f19016654b0>,37,24,[10  2],38,-1,134,-1,110
1,<environment.Job instance at 0x7f190134e410>,38,2,[ 1 10],39,-1,112,-1,110
1,<environment.Job instance at 0x7f1902330fa0>,40,16,[12  1],41,-1,131,-1,115
1,<environment.Job instance at 0x7f1900ac8dc0>,45,15,[14  1],46,-1,167,-1,152
1,<environment.Job instance at 0x7f190172e640>,47,24,[14  5],48,-1,179,-1,155
1,<environment.Job instance at 0x7f190172e370>,48,25,[ 3 14],49,-1,180,-1,155
1,<environment.Job instance at 0x7f1901ed4eb0>,55,17,[12  3],56,-1,243,-1,226
1,<environment.Job instance at 0x7f1901a00320>,57,13,[ 5 14],58,-1,258,-1,245
1,<environment.Job instance at 0x7f1901a00460>,59,15,[ 4 11],60,-1,273,-1,258
1,<environment.Job instance at 0x7f1901a00640>,62,22,[4 9],63,-1,318,-1,296
1,<environment.Job instance at 0x7f190af680f0>,67,14,[12  3],68,-1,310,-1,296
1,<environment.Job instance at 0x7f1901e3f7d0>,68,28,[ 1 10],69,-1,324,-1,296
1,<environment.Job instance at 0x7f1901e3f870>,69,24,[ 2 10],70,-1,320,-1,296
1,<environment.Job instance at 0x7f19023599b0>,70,13,[9 2],71,-1,312,-1,299
1,<environment.Job instance at 0x7f1902359d70>,71,18,[ 2 10],72,-1,317,-1,299
1,<environment.Job instance at 0x7f19013a3fa0>,72,25,[14  2],73,-1,324,-1,299
1,<environment.Job instance at 0x7f19013a3d20>,74,17,[14  3],75,-1,322,-1,305
1,<environment.Job instance at 0x7f19013a3280>,75,13,[5 1],76,-1,318,-1,305
1,<environment.Job instance at 0x7f1901ed0be0>,76,17,[1 7],77,-1,322,-1,305
1,<environment.Job instance at 0x7f1901ed0fa0>,78,12,[4 7],79,-1,319,-1,307
1,<environment.Job instance at 0x7f1901ed0960>,79,2,[ 5 10],80,-1,309,-1,307
1,<environment.Job instance at 0x7f1901ed0a00>,80,23,[11  2],81,-1,330,-1,307
1,<environment.Job instance at 0x7f1901ed0870>,81,28,[5 5],82,-1,335,-1,307
1,<environment.Job instance at 0x7f1901ed0c80>,83,2,[3 9],84,-1,321,-1,319
1,<environment.Job instance at 0x7f1901ed05a0>,84,22,[ 3 14],85,-1,341,-1,319
1,<environment.Job instance at 0x7f1901ed08c0>,85,12,[7 1],86,-1,331,-1,319
1,<environment.Job instance at 0x7f1901ed0730>,86,3,[2 6],87,-1,322,-1,319
1,<environment.Job instance at 0x7f190120b320>,90,18,[ 4 11],91,-1,351,-1,333
1,<environment.Job instance at 0x7f190120bbe0>,93,19,[13  5],94,-1,370,-1,351
1,<environment.Job instance at 0x7f190120b910>,94,12,[2 8],95,-1,364,-1,352
1,<environment.Job instance at 0x7f190120b050>,96,13,[ 2 10],97,-1,374,-1,361
1,<environment.Job instance at 0x7f190120baa0>,98,14,[ 3 14],99,-1,383,-1,369
1,<environment.Job instance at 0x7f190120b370>,100,26,[14  2],101,-1,395,-1,369
1,<environment.Job instance at 0x7f190120b4b0>,101,23,[3 9],102,-1,392,-1,369
1,<environment.Job instance at 0x7f190120b870>,102,28,[ 5 14],103,-1,397,-1,369
1,<environment.Job instance at 0x7f190120bdc0>,103,14,[ 2 14],104,-1,383,-1,369
1,<environment.Job instance at 0x7f190120b2d0>,104,22,[12  4],105,-1,391,-1,369
1,<environment.Job instance at 0x7f190120b550>,105,20,[10  3],106,-1,390,-1,370
1,<environment.Job instance at 0x7f190120b5a0>,107,3,[10  3],108,-1,385,-1,382
1,<environment.Job instance at 0x7f190231c870>,108,12,[ 4 10],109,-1,394,-1,382
1,<environment.Job instance at 0x7f190231c280>,109,16,[ 4 10],110,-1,398,-1,382
1,<environment.Job instance at 0x7f190231c0a0>,111,22,[9 2],112,-1,409,-1,387
1,<environment.Job instance at 0x7f190231c640>,112,12,[6 2],113,-1,399,-1,387
1,<environment.Job instance at 0x7f190231cb90>,113,12,[ 3 12],114,-1,399,-1,387
1,<environment.Job instance at 0x7f190231c7d0>,114,24,[ 5 10],115,-1,411,-1,387
1,<environment.Job instance at 0x7f190231ce10>,116,16,[11  4],117,-1,403,-1,387
1,<environment.Job instance at 0x7f190231c8c0>,118,27,[12  1],119,-1,428,-1,401
1,<environment.Job instance at 0x7f190231cd70>,119,22,[11  2],120,-1,423,-1,401
1,<environment.Job instance at 0x7f190231c730>,120,24,[6 5],121,-1,425,-1,401
1,<environment.Job instance at 0x7f190231c140>,121,3,[4 7],122,-1,404,-1,401
1,<environment.Job instance at 0x7f190231c500>,122,13,[10  2],123,-1,414,-1,401
1,<environment.Job instance at 0x7f1901c616e0>,123,2,[1 9],124,-1,403,-1,401
1,<environment.Job instance at 0x7f1901c61050>,124,28,[2 8],125,-1,429,-1,401
1,<environment.Job instance at 0x7f19010616e0>,126,17,[5 1],127,-1,432,-1,415
1,<environment.Job instance at 0x7f1901061550>,127,22,[1 8],128,-1,437,-1,415
1,<environment.Job instance at 0x7f19010612d0>,129,1,[9 5],130,-1,416,-1,415
1,<environment.Job instance at 0x7f1901061140>,130,25,[ 1 12],131,-1,440,-1,415
1,<environment.Job instance at 0x7f1901061eb0>,131,3,[4 6],132,-1,418,-1,415
1,<environment.Job instance at 0x7f1901061c30>,133,18,[5 1],134,-1,447,-1,429
1,<environment.Job instance at 0x7f1901061190>,135,13,[ 3 13],136,-1,442,-1,429
1,<environment.Job instance at 0x7f1901061050>,136,15,[5 9],137,-1,444,-1,429
1,<environment.Job instance at 0x7f1901061b40>,137,17,[12  2],138,-1,446,-1,429
1,<environment.Job instance at 0x7f19010610a0>,138,13,[6 2],139,-1,442,-1,429
1,<environment.Job instance at 0x7f19010615f0>,140,16,[ 1 11],141,-1,461,-1,445
1,<environment.Job instance at 0x7f1901061960>,143,18,[ 5 13],144,-1,477,-1,459
1,<environment.Job instance at 0x7f1901061dc0>,144,12,[6 1],145,-1,471,-1,459
1,<environment.Job instance at 0x7f1901f56820>,147,27,[ 2 12],148,-1,486,-1,459
1,<environment.Job instance at 0x7f1901f56e60>,148,23,[1 6],149,-1,482,-1,459
1,<environment.Job instance at 0x7f1901f56960>,150,22,[12  4],151,-1,498,-1,476
1,<environment.Job instance at 0x7f1901f56fa0>,151,26,[ 3 10],152,-1,502,-1,476
1,<environment.Job instance at 0x7f1901f56320>,153,12,[ 4 11],154,-1,493,-1,481
1,<environment.Job instance at 0x7f1901f56c30>,154,26,[12  5],155,-1,507,-1,481
1,<environment.Job instance at 0x7f1901f569b0>,155,18,[ 5 12],156,-1,499,-1,481
1,<environment.Job instance at 0x7f1901f56d20>,156,24,[ 1 11],157,-1,505,-1,481
1,<environment.Job instance at 0x7f1901f56370>,157,18,[14  2],158,-1,499,-1,481
1,<environment.Job instance at 0x7f1901f56af0>,159,3,[ 3 12],160,-1,493,-1,490
1,<environment.Job instance at 0x7f1901f56a00>,160,17,[ 3 10],161,-1,514,-1,497
1,<environment.Job instance at 0x7f19012ca8c0>,165,25,[5 7],166,-1,545,-1,520
1,<environment.Job instance at 0x7f19012ca280>,166,28,[9 2],167,-1,548,-1,520
1,<environment.Job instance at 0x7f19012cacd0>,168,15,[ 5 14],169,-1,552,-1,537
1,<environment.Job instance at 0x7f19012cae10>,170,22,[ 2 11],174,-1,559,-1,537
1,<environment.Job instance at 0x7f1901a00910>,66,18,[ 1 13],67,-1,611,-1,593
1,<environment.Job instance at 0x7f1901a1b230>,16,25,[8 5],17,-1,619,-1,594
1,<environment.Job instance at 0x7f1901c34eb0>,9,24,[5 2],10,-1,37,-1,13
1,<environment.Job instance at 0x7f1901c34780>,10,17,[ 3 14],11,-1,30,-1,13
1,<environment.Job instance at 0x7f1902282af0>,15,23,[ 3 11],16,-1,66,-1,43
1,<environment.Job instance at 0x7f1902282910>,16,12,[13  1],17,-1,55,-1,43
1,<environment.Job instance at 0x7f1901c341e0>,17,14,[12  5],18,-1,57,-1,43
1,<environment.Job instance at 0x7f1901c0cc80>,18,21,[14  4],19,-1,64,-1,43
1,<environment.Job instance at 0x7f1901c0c140>,20,1,[1 5],21,-1,44,-1,43
1,<environment.Job instance at 0x7f1901c0caa0>,24,28,[ 5 13],25,-1,90,-1,62
1,<environment.Job instance at 0x7f1901c0c5a0>,25,16,[ 2 10],26,-1,93,-1,77
1,<environment.Job instance at 0x7f1901c0c500>,27,14,[3 5],28,-1,99,-1,85
1,<environment.Job instance at 0x7f1901c06140>,29,23,[ 1 11],30,-1,108,-1,85
1,<environment.Job instance at 0x7f1901c06dc0>,30,18,[ 2 10],31,-1,103,-1,85
1,<environment.Job instance at 0x7f1901c06230>,31,18,[ 1 11],32,-1,103,-1,85
1,<environment.Job instance at 0x7f1901c065f0>,32,22,[ 4 13],33,-1,107,-1,85
1,<environment.Job instance at 0x7f1900fb3dc0>,36,21,[2 6],37,-1,115,-1,94
1,<environment.Job instance at 0x7f1900fb3370>,37,16,[1 6],38,-1,117,-1,101
1,<environment.Job instance at 0x7f1901c323c0>,39,12,[9 3],40,-1,118,-1,106
1,<environment.Job instance at 0x7f19012cab90>,40,14,[5 2],41,-1,120,-1,106
1,<environment.Job instance at 0x7f1901bbb050>,41,14,[14  2],42,-1,120,-1,106
1,<environment.Job instance at 0x7f1900dfe690>,45,21,[ 4 10],46,-1,145,-1,124
1,<environment.Job instance at 0x7f190a9ac9b0>,46,22,[ 2 14],47,-1,146,-1,124
1,<environment.Job instance at 0x7f1900df8820>,47,16,[ 4 13],48,-1,140,-1,124
1,<environment.Job instance at 0x7f1900e18a50>,48,12,[12  1],49,-1,136,-1,124
1,<environment.Job instance at 0x7f1902282cd0>,49,2,[2 7],50,-1,126,-1,124
1,<environment.Job instance at 0x7f190175faa0>,51,15,[11  5],52,-1,155,-1,140
1,<environment.Job instance at 0x7f190175f280>,52,24,[7 1],53,-1,164,-1,140
1,<environment.Job instance at 0x7f1901740f00>,53,24,[ 5 12],54,-1,164,-1,140
1,<environment.Job instance at 0x7f1901740550>,54,21,[11  2],55,-1,161,-1,140
1,<environment.Job instance at 0x7f19017409b0>,55,25,[7 4],56,-1,165,-1,140
1,<environment.Job instance at 0x7f19017405a0>,56,18,[ 5 13],57,-1,158,-1,140
1,<environment.Job instance at 0x7f190225fa50>,57,28,[7 3],58,-1,168,-1,140
1,<environment.Job instance at 0x7f1901028870>,58,13,[ 3 12],59,-1,153,-1,140
1,<environment.Job instance at 0x7f1901c34c80>,59,23,[4 5],60,-1,163,-1,140
1,<environment.Job instance at 0x7f1901c342d0>,61,12,[13  3],62,-1,152,-1,140
1,<environment.Job instance at 0x7f1901c34320>,62,26,[7 5],63,-1,166,-1,140
1,<environment.Job instance at 0x7f190172d050>,63,24,[5 8],64,-1,164,-1,140
1,<environment.Job instance at 0x7f190172d550>,64,12,[8 2],65,-1,154,-1,142
1,<environment.Job instance at 0x7f190172d5f0>,65,21,[ 5 12],66,-1,163,-1,142
1,<environment.Job instance at 0x7f190172d870>,68,15,[ 5 12],69,-1,168,-1,153
1,<environment.Job instance at 0x7f190173e690>,69,12,[6 3],70,-1,165,-1,153
1,<environment.Job instance at 0x7f190173ecd0>,70,22,[ 3 10],71,-1,175,-1,153
1,<environment.Job instance at 0x7f190173eeb0>,71,12,[5 9],72,-1,166,-1,154
1,<environment.Job instance at 0x7f190173ec30>,72,17,[ 4 12],73,-1,171,-1,154
1,<environment.Job instance at 0x7f190173e2d0>,73,18,[ 5 14],74,-1,172,-1,154
1,<environment.Job instance at 0x7f190173ea50>,75,14,[5 1],76,-1,183,-1,169
1,<environment.Job instance at 0x7f190173e7d0>,77,24,[5 4],78,-1,195,-1,171
1,<environment.Job instance at 0x7f190173e5f0>,80,28,[ 1 11],81,-1,218,-1,190
1,<environment.Job instance at 0x7f1901c08d20>,81,23,[ 5 12],82,-1,213,-1,190
1,<environment.Job instance at 0x7f1901730a00>,82,25,[14  4],83,-1,215,-1,190
1,<environment.Job instance at 0x7f19017306e0>,90,15,[ 3 14],91,-1,306,-1,291
1,<environment.Job instance at 0x7f1901730690>,91,13,[11  2],92,-1,304,-1,291
1,<environment.Job instance at 0x7f1901743d20>,94,24,[ 4 11],95,-1,331,-1,307
1,<environment.Job instance at 0x7f19017432d0>,95,28,[ 1 13],96,-1,335,-1,307
1,<environment.Job instance at 0x7f1901743fa0>,96,18,[11  5],97,-1,325,-1,307
1,<environment.Job instance at 0x7f1901743af0>,99,17,[14  3],100,-1,341,-1,324
1,<environment.Job instance at 0x7f1901c0c4b0>,101,1,[ 5 10],102,-1,327,-1,326
1,<environment.Job instance at 0x7f1901743a00>,102,1,[2 7],103,-1,327,-1,326
1,<environment.Job instance at 0x7f1901c0c5f0>,104,27,[ 2 12],105,-1,373,-1,346
1,<environment.Job instance at 0x7f1901747690>,107,14,[8 1],108,-1,364,-1,350
1,<environment.Job instance at 0x7f1901747230>,110,15,[ 5 11],111,-1,393,-1,378
1,<environment.Job instance at 0x7f19017471e0>,112,12,[ 2 10],113,-1,392,-1,380
1,<environment.Job instance at 0x7f1901747910>,114,25,[9 5],115,-1,406,-1,381
1,<environment.Job instance at 0x7f1901735640>,115,28,[11  2],116,-1,409,-1,381
1,<environment.Job instance at 0x7f1901735b40>,116,13,[ 5 10],117,-1,398,-1,385
1,<environment.Job instance at 0x7f1901735af0>,118,27,[4 6],119,-1,422,-1,395
1,<environment.Job instance at 0x7f1901735410>,120,12,[9 4],121,-1,414,-1,402
1,<environment.Job instance at 0x7f19017350a0>,121,16,[ 1 13],122,-1,418,-1,402
1,<environment.Job instance at 0x7f190172ad70>,123,28,[5 2],124,-1,438,-1,410
1,<environment.Job instance at 0x7f1901c249b0>,124,3,[5 8],125,-1,413,-1,410
1,<environment.Job instance at 0x7f1901026aa0>,126,14,[13  1],127,-1,425,-1,411
1,<environment.Job instance at 0x7f1901c244b0>,127,13,[ 2 10],128,-1,424,-1,411
1,<environment.Job instance at 0x7f1900f4f910>,129,24,[5 9],130,-1,447,-1,423
1,<environment.Job instance at 0x7f1900f5aaa0>,130,13,[12  4],131,-1,436,-1,423
1,<environment.Job instance at 0x7f1900f5ad20>,131,25,[8 5],132,-1,448,-1,423
1,<environment.Job instance at 0x7f1900f5ab90>,132,27,[ 3 14],133,-1,450,-1,423
1,<environment.Job instance at 0x7f1900f5adc0>,133,18,[ 4 11],134,-1,441,-1,423
1,<environment.Job instance at 0x7f1900faf230>,135,3,[13  2],136,-1,431,-1,428
1,<environment.Job instance at 0x7f1900fb7550>,137,14,[10  1],138,-1,442,-1,428
1,<environment.Job instance at 0x7f1900fb7aa0>,138,15,[5 1],139,-1,448,-1,433
1,<environment.Job instance at 0x7f1900fb7410>,139,26,[5 3],140,-1,459,-1,433
1,<environment.Job instance at 0x7f1901bd4f00>,140,12,[12  5],141,-1,445,-1,433
1,<environment.Job instance at 0x7f1901bd4050>,141,24,[12  2],142,-1,457,-1,433
1,<environment.Job instance at 0x7f1901bd4af0>,143,1,[9 3],144,-1,440,-1,439
1,<environment.Job instance at 0x7f1900f4d6e0>,144,2,[ 1 14],145,-1,441,-1,439
1,<environment.Job instance at 0x7f1900f4df50>,145,13,[10  1],146,-1,452,-1,439
1,<environment.Job instance at 0x7f19010338c0>,147,15,[5 1],148,-1,457,-1,442
1,<environment.Job instance at 0x7f1900a4cb40>,148,17,[4 9],149,-1,459,-1,442
1,<environment.Job instance at 0x7f1900a4ca00>,149,12,[10  5],150,-1,454,-1,442
1,<environment.Job instance at 0x7f1900a4ce10>,150,14,[1 6],151,-1,456,-1,442
1,<environment.Job instance at 0x7f1900a4cc30>,151,25,[5 9],152,-1,467,-1,442
1,<environment.Job instance at 0x7f1900a4cb90>,152,16,[12  1],153,-1,458,-1,442
1,<environment.Job instance at 0x7f1900a4ceb0>,153,12,[8 3],154,-1,454,-1,442
1,<environment.Job instance at 0x7f1900fcd190>,154,15,[14  1],155,-1,457,-1,442
1,<environment.Job instance at 0x7f1900a4c230>,155,20,[14  4],156,-1,462,-1,442
1,<environment.Job instance at 0x7f1900f48b40>,159,2,[ 4 10],160,-1,472,-1,470
1,<environment.Job instance at 0x7f1900f48a50>,161,2,[ 5 13],162,-1,472,-1,470
1,<environment.Job instance at 0x7f1900f48d20>,162,26,[3 9],163,-1,496,-1,470
1,<environment.Job instance at 0x7f1900f49640>,163,2,[5 1],164,-1,472,-1,470
1,<environment.Job instance at 0x7f1900fc8870>,165,28,[12  3],166,-1,516,-1,488
1,<environment.Job instance at 0x7f1900fc8780>,166,14,[11  5],167,-1,502,-1,488
1,<environment.Job instance at 0x7f1900a5d780>,168,28,[6 2],169,-1,516,-1,488
1,<environment.Job instance at 0x7f1900a5dd20>,169,16,[ 1 11],170,-1,504,-1,488
1,<environment.Job instance at 0x7f1900a5ddc0>,170,15,[12  5],171,-1,503,-1,488
1,<environment.Job instance at 0x7f1900a5d960>,171,25,[2 6],172,-1,513,-1,488
1,<environment.Job instance at 0x7f1900a5d7d0>,172,14,[12  5],173,-1,502,-1,488
1,<environment.Job instance at 0x7f1900a5de60>,173,21,[12  1],174,-1,509,-1,488
1,<environment.Job instance at 0x7f1900a515a0>,176,15,[11  3],177,-1,517,-1,502
1,<environment.Job instance at 0x7f1900a51be0>,177,16,[ 3 14],178,-1,518,-1,502
1,<environment.Job instance at 0x7f1900a51b40>,179,13,[10  3],180,-1,517,-1,504
1,<environment.Job instance at 0x7f1900a51a50>,180,24,[1 7],181,-1,528,-1,504
1,<environment.Job instance at 0x7f1900a51190>,182,15,[12  3],183,-1,533,-1,518
1,<environment.Job instance at 0x7f1900a51f00>,183,27,[8 5],184,-1,545,-1,518
1,<environment.Job instance at 0x7f1901730780>,88,24,[ 4 14],89,-1,655,-1,631
1,<environment.Job instance at 0x7f1900a4c550>,2,18,[ 2 12],3,-1,21,-1,3
1,<environment.Job instance at 0x7f1900a4c3c0>,7,13,[12  1],8,-1,21,-1,8
1,<environment.Job instance at 0x7f1901033aa0>,8,23,[5 6],9,-1,34,-1,11
1,<environment.Job instance at 0x7f1901033a50>,11,14,[11  4],12,-1,26,-1,12
1,<environment.Job instance at 0x7f19010334b0>,12,2,[ 4 13],13,-1,15,-1,13
1,<environment.Job instance at 0x7f19010336e0>,15,15,[ 2 11],16,-1,41,-1,26
1,<environment.Job instance at 0x7f1901735280>,16,13,[ 2 12],17,-1,39,-1,26
1,<environment.Job instance at 0x7f1901735b90>,17,3,[ 5 10],18,-1,29,-1,26
1,<environment.Job instance at 0x7f1901735320>,20,25,[5 5],21,-1,94,-1,69
1,<environment.Job instance at 0x7f19017358c0>,21,13,[14  2],22,-1,82,-1,69
1,<environment.Job instance at 0x7f19017351e0>,23,3,[ 3 12],24,-1,72,-1,69
1,<environment.Job instance at 0x7f1901735820>,24,26,[2 7],25,-1,95,-1,69
1,<environment.Job instance at 0x7f1901735550>,28,17,[14  1],29,-1,103,-1,86
1,<environment.Job instance at 0x7f190174c780>,30,1,[ 2 11],31,-1,99,-1,98
1,<environment.Job instance at 0x7f190174c0a0>,36,2,[6 5],37,-1,132,-1,130
1,<environment.Job instance at 0x7f190174caf0>,38,26,[ 3 11],39,-1,156,-1,130
1,<environment.Job instance at 0x7f190174ce10>,40,24,[4 9],41,-1,166,-1,142
1,<environment.Job instance at 0x7f190174cc80>,41,12,[11  5],42,-1,154,-1,142
1,<environment.Job instance at 0x7f190174c5f0>,44,26,[9 5],45,-1,177,-1,151
1,<environment.Job instance at 0x7f190174c550>,45,2,[6 5],46,-1,153,-1,151
1,<environment.Job instance at 0x7f190174c730>,48,26,[4 7],49,-1,193,-1,167
1,<environment.Job instance at 0x7f190174c500>,50,23,[9 4],51,-1,195,-1,172
1,<environment.Job instance at 0x7f1901028c30>,67,14,[ 1 13],68,-1,317,-1,303
1,<environment.Job instance at 0x7f1901060910>,76,2,[7 1],77,-1,376,-1,374
1,<environment.Job instance at 0x7f19010606e0>,80,16,[ 5 11],81,-1,402,-1,386
1,<environment.Job instance at 0x7f1901739f00>,83,3,[ 2 14],84,-1,407,-1,404
1,<environment.Job instance at 0x7f1901739d70>,84,16,[ 4 13],85,-1,420,-1,404
1,<environment.Job instance at 0x7f1901739a00>,86,1,[1 9],87,-1,419,-1,418
1,<environment.Job instance at 0x7f1901739c30>,88,27,[4 6],89,-1,450,-1,423
1,<environment.Job instance at 0x7f1900debdc0>,94,12,[ 5 13],95,-1,478,-1,466
1,<environment.Job instance at 0x7f1900deb8c0>,95,12,[13  3],96,-1,478,-1,466
1,<environment.Job instance at 0x7f1900debaf0>,96,2,[2 6],97,-1,468,-1,466
1,<environment.Job instance at 0x7f1900debb40>,97,25,[ 2 12],98,-1,491,-1,466
1,<environment.Job instance at 0x7f1900deb050>,98,19,[ 5 11],99,-1,485,-1,466
1,<environment.Job instance at 0x7f1900debfa0>,99,28,[3 6],100,-1,494,-1,466
1,<environment.Job instance at 0x7f1900deb780>,100,27,[ 5 11],101,-1,493,-1,466
1,<environment.Job instance at 0x7f1900deb3c0>,101,3,[5 1],102,-1,469,-1,466
1,<environment.Job instance at 0x7f1900deb7d0>,102,19,[14  1],103,-1,485,-1,466
1,<environment.Job instance at 0x7f1900debcd0>,105,27,[10  4],106,-1,506,-1,479
1,<environment.Job instance at 0x7f1900deba50>,106,2,[14  1],107,-1,481,-1,479
1,<environment.Job instance at 0x7f1900deb870>,107,13,[ 5 14],108,-1,492,-1,479
1,<environment.Job instance at 0x7f1900df8e60>,108,26,[ 3 12],109,-1,505,-1,479
1,<environment.Job instance at 0x7f1900df8f00>,110,3,[11  2],111,-1,499,-1,496
1,<environment.Job instance at 0x7f1900df8e10>,114,26,[2 8],115,-1,537,-1,511
1,<environment.Job instance at 0x7f1900df8f50>,115,3,[14  3],116,-1,514,-1,511
1,<environment.Job instance at 0x7f1900df8fa0>,117,2,[ 2 14],118,-1,514,-1,512
1,<environment.Job instance at 0x7f1900df8410>,119,28,[ 1 14],120,-1,557,-1,529
1,<environment.Job instance at 0x7f1900e192d0>,131,2,[7 3],132,-1,609,-1,607
1,<environment.Job instance at 0x7f1900e19140>,132,1,[ 2 11],133,-1,608,-1,607
1,<environment.Job instance at 0x7f1900de9b40>,135,2,[5 7],136,-1,611,-1,609
1,<environment.Job instance at 0x7f1900fcddc0>,140,1,[ 1 10],141,-1,638,-1,637
1,<environment.Job instance at 0x7f1900fcdbe0>,143,22,[ 5 13],144,-1,672,-1,650
1,<environment.Job instance at 0x7f1901918b90>,147,24,[5 6],148,-1,703,-1,679
1,<environment.Job instance at 0x7f1900a4c910>,148,14,[11  5],149,-1,693,-1,679
1,<environment.Job instance at 0x7f1902381e60>,150,3,[7 3],151,-1,684,-1,681
1,<environment.Job instance at 0x7f19014546e0>,151,27,[ 1 11],152,-1,708,-1,681
1,<environment.Job instance at 0x7f1901b8c7d0>,153,15,[12  2],154,-1,696,-1,681
1,<environment.Job instance at 0x7f19022822d0>,154,13,[11  2],155,-1,694,-1,681
1,<environment.Job instance at 0x7f1901b8c3c0>,155,3,[ 3 12],156,-1,684,-1,681
1,<environment.Job instance at 0x7f1900f5a370>,158,16,[14  1],159,-1,711,-1,695
1,<environment.Job instance at 0x7f1901f352d0>,159,23,[5 6],160,-1,725,-1,702
1,<environment.Job instance at 0x7f1900f5a6e0>,160,25,[ 2 10],161,-1,727,-1,702
1,<environment.Job instance at 0x7f1901770a50>,162,19,[ 1 14],163,-1,730,-1,711
1,<environment.Job instance at 0x7f1901743c80>,163,15,[14  2],164,-1,726,-1,711
1,<environment.Job instance at 0x7f1901bd80a0>,165,23,[5 1],166,-1,737,-1,714
1,<environment.Job instance at 0x7f19015a4730>,169,2,[8 1],170,-1,736,-1,734
1,<environment.Job instance at 0x7f1901936cd0>,9,17,[ 5 14],10,-1,27,-1,10
1,<environment.Job instance at 0x7f1901936140>,10,15,[ 4 13],11,-1,26,-1,11
1,<environment.Job instance at 0x7f19019360a0>,12,25,[1 7],13,-1,38,-1,13
1,<environment.Job instance at 0x7f1901b58820>,13,20,[13  1],14,-1,34,-1,14
1,<environment.Job instance at 0x7f1901b58dc0>,14,25,[14  4],15,-1,40,-1,15
1,<environment.Job instance at 0x7f1901b581e0>,15,1,[10  3],16,-1,17,-1,16
1,<environment.Job instance at 0x7f1901b58370>,21,23,[6 1],22,-1,66,-1,43
1,<environment.Job instance at 0x7f1901b58a00>,22,14,[12  1],23,-1,57,-1,43
1,<environment.Job instance at 0x7f1901b58d20>,23,26,[ 5 14],24,-1,69,-1,43
1,<environment.Job instance at 0x7f1901b58320>,24,24,[12  2],25,-1,67,-1,43
1,<environment.Job instance at 0x7f1901b58d70>,25,28,[8 4],26,-1,71,-1,43
1,<environment.Job instance at 0x7f1901b58b90>,26,2,[14  3],27,-1,45,-1,43
1,<environment.Job instance at 0x7f1901b589b0>,27,14,[13  2],28,-1,57,-1,43
1,<environment.Job instance at 0x7f1901b58f00>,28,25,[ 1 14],29,-1,68,-1,43
1,<environment.Job instance at 0x7f1901b58a50>,30,1,[5 1],31,-1,55,-1,54
1,<environment.Job instance at 0x7f1900b31fa0>,37,25,[ 5 11],38,-1,133,-1,108
1,<environment.Job instance at 0x7f1900b31f00>,38,23,[5 9],39,-1,131,-1,108
1,<environment.Job instance at 0x7f1900b31230>,39,18,[11  3],40,-1,126,-1,108
1,<environment.Job instance at 0x7f1900b31550>,42,16,[12  3],43,-1,137,-1,121
1,<environment.Job instance at 0x7f1900b31b40>,44,1,[6 4],45,-1,124,-1,123
1,<environment.Job instance at 0x7f190af6b320>,53,26,[ 1 10],54,-1,246,-1,220
1,<environment.Job instance at 0x7f190af6bcd0>,55,26,[14  4],56,-1,250,-1,224
1,<environment.Job instance at 0x7f190af6b230>,58,13,[ 2 13],59,-1,252,-1,239
1,<environment.Job instance at 0x7f190af6b870>,59,22,[ 3 10],60,-1,262,-1,240
1,<environment.Job instance at 0x7f1901c06140>,60,16,[ 3 11],61,-1,256,-1,240
1,<environment.Job instance at 0x7f1901c069b0>,62,17,[11  1],63,-1,275,-1,258
1,<environment.Job instance at 0x7f1901c06500>,63,1,[2 7],64,-1,259,-1,258
1,<environment.Job instance at 0x7f1901c06230>,64,27,[ 5 13],65,-1,285,-1,258
1,<environment.Job instance at 0x7f1901c06a00>,68,2,[2 7],69,-1,268,-1,266
1,<environment.Job instance at 0x7f1901c06f50>,69,2,[8 1],70,-1,268,-1,266
1,<environment.Job instance at 0x7f190174c410>,72,1,[ 1 11],73,-1,282,-1,281
1,<environment.Job instance at 0x7f190174c640>,73,18,[ 1 12],74,-1,299,-1,281
1,<environment.Job instance at 0x7f190174c230>,74,16,[12  1],75,-1,297,-1,281
1,<environment.Job instance at 0x7f19010205a0>,83,3,[9 1],84,-1,366,-1,363
1,<environment.Job instance at 0x7f1901020640>,84,12,[13  1],85,-1,375,-1,363
1,<environment.Job instance at 0x7f1901020500>,85,22,[ 4 14],86,-1,385,-1,363
1,<environment.Job instance at 0x7f19010205f0>,87,1,[2 9],88,-1,364,-1,363
1,<environment.Job instance at 0x7f1901020d20>,88,14,[14  3],89,-1,377,-1,363
1,<environment.Job instance at 0x7f1901020230>,90,24,[6 2],91,-1,387,-1,363
1,<environment.Job instance at 0x7f190244b870>,91,27,[1 8],92,-1,390,-1,363
1,<environment.Job instance at 0x7f190144ec80>,95,2,[10  5],96,-1,401,-1,399
1,<environment.Job instance at 0x7f19012178c0>,96,25,[6 5],97,-1,428,-1,403
1,<environment.Job instance at 0x7f19012171e0>,98,24,[14  5],99,-1,427,-1,403
1,<environment.Job instance at 0x7f19012172d0>,99,16,[ 1 11],100,-1,419,-1,403
1,<environment.Job instance at 0x7f1901217a50>,100,27,[4 6],101,-1,430,-1,403
1,<environment.Job instance at 0x7f1900fb3af0>,101,26,[1 8],102,-1,429,-1,403
1,<environment.Job instance at 0x7f1900fb3780>,102,14,[ 1 13],103,-1,417,-1,403
1,<environment.Job instance at 0x7f1900fb36e0>,103,26,[5 9],104,-1,429,-1,403
1,<environment.Job instance at 0x7f1900fb30a0>,105,16,[14  2],106,-1,426,-1,410
1,<environment.Job instance at 0x7f1900fb38c0>,110,14,[12  1],111,-1,487,-1,473
1,<environment.Job instance at 0x7f1900fb3be0>,112,25,[5 2],113,-1,511,-1,486
1,<environment.Job instance at 0x7f190a9ac640>,115,28,[10  4],116,-1,521,-1,493
1,<environment.Job instance at 0x7f190a9accd0>,116,17,[ 5 11],117,-1,510,-1,493
1,<environment.Job instance at 0x7f1901104f00>,118,23,[12  4],119,-1,529,-1,506
1,<environment.Job instance at 0x7f1901487fa0>,128,23,[10  3],129,-1,613,-1,590
1,<environment.Job instance at 0x7f19013e4be0>,133,12,[13  2],134,-1,621,-1,609
1,<environment.Job instance at 0x7f19013e4780>,137,28,[14  5],138,-1,655,-1,627
1,<environment.Job instance at 0x7f19013e44b0>,139,23,[ 4 12],140,-1,664,-1,641
1,<environment.Job instance at 0x7f1901213050>,142,28,[ 4 12],143,-1,680,-1,652
1,<environment.Job instance at 0x7f1902441e60>,144,18,[12  4],145,-1,676,-1,658
1,<environment.Job instance at 0x7f1901b8bd70>,145,23,[14  4],146,-1,681,-1,658
1,<environment.Job instance at 0x7f190236b3c0>,148,2,[10  4],149,-1,666,-1,664
1,<environment.Job instance at 0x7f1901eb0b90>,149,12,[14  1],150,-1,676,-1,664
1,<environment.Job instance at 0x7f1901e915f0>,154,3,[8 5],155,-1,699,-1,696
1,<environment.Job instance at 0x7f1901cc8410>,156,17,[13  2],157,-1,724,-1,707
1,<environment.Job instance at 0x7f1900cee460>,158,27,[1 8],159,-1,735,-1,708
1,<environment.Job instance at 0x7f190ae26cd0>,159,1,[2 7],160,-1,709,-1,708
1,<environment.Job instance at 0x7f1900d55550>,163,24,[2 5],164,-1,758,-1,734
1,<environment.Job instance at 0x7f190af6dcd0>,168,25,[12  1],169,-1,783,-1,758
1,<environment.Job instance at 0x7f190af6df00>,170,28,[11  4],179,-1,797,-1,769
1,<environment.Job instance at 0x7f278ef44230>,4,24,[ 3 11],5,-1,29,-1,5
1,<environment.Job instance at 0x7f278ef443c0>,8,24,[ 2 10],9,-1,34,-1,10
1,<environment.Job instance at 0x7f278ef44aa0>,14,21,[ 3 11],15,-1,43,-1,22
1,<environment.Job instance at 0x7f278ef44e60>,20,21,[13  5],21,-1,100,-1,79
1,<environment.Job instance at 0x7f278ef482d0>,27,25,[14  4],28,-1,132,-1,107
1,<environment.Job instance at 0x7f278ef48370>,28,2,[5 8],29,-1,109,-1,107
1,<environment.Job instance at 0x7f278ef48410>,29,24,[5 1],30,-1,131,-1,107
1,<environment.Job instance at 0x7f278ef48a50>,39,23,[4 6],40,-1,199,-1,176
1,<environment.Job instance at 0x7f278ef48be0>,41,3,[6 3],42,-1,179,-1,176
1,<environment.Job instance at 0x7f278ef48e60>,42,13,[12  1],43,-1,189,-1,176
1,<environment.Job instance at 0x7f278ef48f00>,43,21,[ 2 12],44,-1,197,-1,176
1,<environment.Job instance at 0x7f278ef48d70>,44,26,[8 4],45,-1,202,-1,176
1,<environment.Job instance at 0x7f278ef48fa0>,45,13,[11  3],46,-1,189,-1,176
1,<environment.Job instance at 0x7f278ef48d20>,46,2,[ 1 10],47,-1,178,-1,176
1,<environment.Job instance at 0x7f278ef4b140>,47,13,[ 3 12],48,-1,189,-1,176
1,<environment.Job instance at 0x7f278e681d20>,15,15,[ 1 11],16,-1,69,-1,54
1,<environment.Job instance at 0x7f278e681aa0>,18,25,[ 2 12],19,-1,82,-1,57
1,<environment.Job instance at 0x7f278e681b40>,19,26,[5 4],20,-1,83,-1,57
1,<environment.Job instance at 0x7f278e681640>,23,27,[8 2],24,-1,112,-1,85
1,<environment.Job instance at 0x7f278e7645a0>,32,2,[10  3],33,-1,149,-1,147
1,<environment.Job instance at 0x7f278e764410>,33,17,[ 4 14],34,-1,164,-1,147
1,<environment.Job instance at 0x7f278e764b40>,34,21,[ 1 10],35,-1,169,-1,148
1,<environment.Job instance at 0x7f278e80c280>,35,18,[ 5 12],36,-1,166,-1,148
1,<environment.Job instance at 0x7f278e764230>,36,12,[ 3 14],37,-1,160,-1,148
1,<environment.Job instance at 0x7f278e90f0f0>,39,18,[ 4 11],40,-1,173,-1,155
1,<environment.Job instance at 0x7f278e7b19b0>,41,14,[12  2],42,-1,176,-1,162
1,<environment.Job instance at 0x7f278e7cf640>,43,27,[12  1],44,-1,189,-1,162
1,<environment.Job instance at 0x7f278e5069b0>,45,24,[2 5],46,-1,204,-1,180
1,<environment.Job instance at 0x7f279857c140>,46,12,[ 4 14],47,-1,192,-1,180
1,<environment.Job instance at 0x7f278e506410>,48,2,[10  4],49,-1,194,-1,192
1,<environment.Job instance at 0x7f278e5555a0>,2,13,[ 5 12],3,-1,16,-1,3
1,<environment.Job instance at 0x7f278e555190>,3,17,[ 2 10],4,-1,37,-1,20
1,<environment.Job instance at 0x7f278e555960>,9,27,[5 8],10,-1,47,-1,20
1,<environment.Job instance at 0x7f278e555f50>,11,13,[12  3],12,-1,34,-1,21
1,<environment.Job instance at 0x7f278e54ad70>,14,28,[7 4],15,-1,59,-1,31
1,<environment.Job instance at 0x7f278e54ae10>,21,21,[2 7],22,-1,88,-1,67
1,<environment.Job instance at 0x7f278e54afa0>,23,24,[5 6],24,-1,106,-1,82
1,<environment.Job instance at 0x7f278e54a5f0>,24,18,[11  5],25,-1,100,-1,82
1,<environment.Job instance at 0x7f278e54a780>,25,14,[14  1],26,-1,96,-1,82
1,<environment.Job instance at 0x7f278e54a0a0>,26,22,[10  1],27,-1,104,-1,82
1,<environment.Job instance at 0x7f278e54a190>,27,12,[1 9],28,-1,100,-1,88
1,<environment.Job instance at 0x7f278e54a1e0>,29,3,[14  4],30,-1,91,-1,88
1,<environment.Job instance at 0x7f27985294b0>,33,14,[1 7],34,-1,129,-1,115
1,<environment.Job instance at 0x7f27985290f0>,35,23,[7 3],36,-1,151,-1,128
1,<environment.Job instance at 0x7f27985296e0>,37,26,[ 1 11],38,-1,154,-1,128
1,<environment.Job instance at 0x7f278e4e92d0>,40,17,[ 2 11],41,-1,153,-1,136
1,<environment.Job instance at 0x7f278e4e9a50>,44,17,[ 3 14],45,-1,181,-1,164
1,<environment.Job instance at 0x7f278e4e9280>,46,25,[5 4],47,-1,190,-1,165
1,<environment.Job instance at 0x7f278e4e9eb0>,47,2,[7 2],48,-1,167,-1,165
1,<environment.Job instance at 0x7f278e4e9f00>,48,28,[7 1],49,-1,193,-1,165
1,<environment.Job instance at 0x7f278e5553c0>,6,16,[7 3],7,-1,187,-1,171
1,<environment.Job instance at 0x7f278e54a5a0>,20,18,[ 3 12],21,-1,189,-1,171
1,<environment.Job instance at 0x7f278e54a5a0>,2,26,[ 3 11],3,-1,29,-1,3
1,<environment.Job instance at 0x7f278ea87b40>,5,16,[ 1 11],6,-1,22,-1,6
1,<environment.Job instance at 0x7f278eef6aa0>,8,24,[8 5],9,-1,33,-1,9
1,<environment.Job instance at 0x7f278ea34b90>,14,14,[ 4 10],15,-1,40,-1,26
1,<environment.Job instance at 0x7f278ea34320>,15,13,[ 1 14],16,-1,39,-1,26
1,<environment.Job instance at 0x7f278ea343c0>,16,16,[12  1],17,-1,42,-1,26
1,<environment.Job instance at 0x7f278ea34d20>,17,15,[ 4 14],18,-1,41,-1,26
1,<environment.Job instance at 0x7f278ea34cd0>,19,18,[ 5 11],20,-1,56,-1,38
1,<environment.Job instance at 0x7f278ea34e60>,20,22,[11  3],21,-1,60,-1,38
1,<environment.Job instance at 0x7f278ea34410>,21,18,[11  2],22,-1,56,-1,38
1,<environment.Job instance at 0x7f278ea34aa0>,24,21,[9 1],25,-1,64,-1,43
1,<environment.Job instance at 0x7f278ea34730>,26,19,[ 5 14],27,-1,71,-1,52
1,<environment.Job instance at 0x7f278e94c370>,27,18,[10  1],28,-1,70,-1,52
1,<environment.Job instance at 0x7f278e94ccd0>,28,27,[9 4],29,-1,79,-1,52
1,<environment.Job instance at 0x7f278e94cb90>,29,25,[3 9],30,-1,77,-1,52
1,<environment.Job instance at 0x7f278e94ce10>,31,13,[ 4 10],32,-1,67,-1,54
1,<environment.Job instance at 0x7f278e94cf50>,33,23,[ 2 14],34,-1,89,-1,66
1,<environment.Job instance at 0x7f278e94c320>,34,12,[ 2 11],35,-1,78,-1,66
1,<environment.Job instance at 0x7f278e94ceb0>,38,28,[4 7],39,-1,113,-1,85
1,<environment.Job instance at 0x7f278e94c190>,39,26,[3 6],40,-1,111,-1,85
1,<environment.Job instance at 0x7f278e9dc050>,40,12,[11  1],41,-1,97,-1,85
1,<environment.Job instance at 0x7f278e9dc1e0>,41,12,[ 5 11],42,-1,97,-1,85
1,<environment.Job instance at 0x7f278e9dc190>,43,2,[ 1 10],44,-1,95,-1,93
1,<environment.Job instance at 0x7f278e9dccd0>,44,2,[ 1 11],45,-1,95,-1,93
1,<environment.Job instance at 0x7f278e9dc8c0>,47,3,[5 4],48,-1,118,-1,115
1,<environment.Job instance at 0x7f2798473a50>,1,21,[ 4 11],2,-1,23,-1,2
1,<environment.Job instance at 0x7f278ea87870>,2,13,[ 3 12],3,-1,16,-1,3
1,<environment.Job instance at 0x7f278f3a14b0>,4,28,[3 8],5,-1,33,-1,5
1,<environment.Job instance at 0x7f278e54a550>,6,14,[11  2],7,-1,22,-1,8
1,<environment.Job instance at 0x7f278f3a18c0>,8,17,[10  2],9,-1,26,-1,9
1,<environment.Job instance at 0x7f278f3a19b0>,9,17,[ 5 11],10,-1,27,-1,10
1,<environment.Job instance at 0x7f278f3a1a50>,10,13,[5 1],11,-1,24,-1,11
1,<environment.Job instance at 0x7f278f3a3820>,11,27,[6 5],12,-1,39,-1,12
1,<environment.Job instance at 0x7f278f3a3140>,12,18,[ 2 14],13,-1,31,-1,13
1,<environment.Job instance at 0x7f278f3a31e0>,13,2,[11  2],14,-1,16,-1,14
1,<environment.Job instance at 0x7f278f3a3320>,14,18,[12  2],15,-1,33,-1,15
1,<environment.Job instance at 0x7f278f3a3690>,16,17,[11  1],17,-1,34,-1,17
1,<environment.Job instance at 0x7f278f3a3eb0>,17,13,[ 4 12],18,-1,31,-1,18
1,<environment.Job instance at 0x7f278f3a3cd0>,18,17,[11  4],19,-1,36,-1,19
1,<environment.Job instance at 0x7f278e913af0>,19,13,[10  1],20,-1,33,-1,20
1,<environment.Job instance at 0x7f278e913cd0>,20,16,[7 2],21,-1,37,-1,21
1,<environment.Job instance at 0x7f278f3a8f50>,21,18,[ 1 10],22,-1,40,-1,22
1,<environment.Job instance at 0x7f278f3a5370>,22,28,[7 4],23,-1,51,-1,23
1,<environment.Job instance at 0x7f278f3ab910>,31,28,[13  2],32,-1,112,-1,84
1,<environment.Job instance at 0x7f278f3abb40>,32,13,[2 9],33,-1,155,-1,142
1,<environment.Job instance at 0x7f278ed9ebe0>,41,22,[5 8],42,-1,7958,-1,7936
1,<environment.Job instance at 0x7f278f38ec30>,3,15,[ 1 11],4,-1,19,-1,4
1,<environment.Job instance at 0x7f278f38e2d0>,11,2,[5 1],12,-1,20,-1,18
1,<environment.Job instance at 0x7f278f38afa0>,13,12,[12  2],14,-1,43,-1,31
1,<environment.Job instance at 0x7f278f38a0f0>,15,2,[14  3],16,-1,33,-1,31
1,<environment.Job instance at 0x7f278f38a140>,16,19,[ 3 14],17,-1,50,-1,31
1,<environment.Job instance at 0x7f278f38a3c0>,17,2,[14  5],18,-1,33,-1,31
1,<environment.Job instance at 0x7f278f38a1e0>,20,12,[12  4],21,-1,64,-1,52
1,<environment.Job instance at 0x7f278f38a6e0>,28,27,[ 3 13],29,-1,142,-1,115
1,<environment.Job instance at 0x7f278f38a8c0>,29,20,[14  3],30,-1,135,-1,115
1,<environment.Job instance at 0x7f278f38a820>,31,14,[ 4 13],32,-1,129,-1,115
1,<environment.Job instance at 0x7f278f38a050>,32,1,[ 5 14],33,-1,116,-1,115
1,<environment.Job instance at 0x7f278edcd190>,36,28,[14  3],37,-1,156,-1,128
1,<environment.Job instance at 0x7f278edcd640>,37,24,[ 4 11],38,-1,152,-1,128
1,<environment.Job instance at 0x7f278edcd5f0>,38,3,[11  1],39,-1,131,-1,128
1,<environment.Job instance at 0x7f278fa6b910>,47,26,[7 1],48,-1,224,-1,198
1,<environment.Job instance at 0x7f278fa6bfa0>,48,18,[12  1],49,-1,216,-1,198
1,<environment.Job instance at 0x7f278ebe7780>,4,16,[ 2 11],5,-1,22,-1,6
1,<environment.Job instance at 0x7f278ebe77d0>,5,24,[8 2],6,-1,30,-1,6
1,<environment.Job instance at 0x7f278ebe7aa0>,9,16,[ 4 13],10,-1,26,-1,10
1,<environment.Job instance at 0x7f278ebe7c30>,10,26,[4 7],11,-1,37,-1,11
1,<environment.Job instance at 0x7f278ebe7cd0>,11,25,[10  5],12,-1,37,-1,12
1,<environment.Job instance at 0x7f278ebe7d70>,12,15,[12  4],13,-1,28,-1,13
1,<environment.Job instance at 0x7f278ebe7f00>,14,1,[10  3],15,-1,23,-1,22
1,<environment.Job instance at 0x7f278ebf7410>,21,25,[5 1],22,-1,54,-1,29
1,<environment.Job instance at 0x7f278ebf75f0>,24,18,[ 4 13],25,-1,61,-1,43
1,<environment.Job instance at 0x7f278ebf7730>,26,15,[13  4],27,-1,75,-1,60
1,<environment.Job instance at 0x7f278ebf7190>,28,24,[ 2 13],29,-1,98,-1,74
1,<environment.Job instance at 0x7f278ebf7aa0>,29,3,[ 2 14],30,-1,77,-1,74
1,<environment.Job instance at 0x7f278ebf7af0>,30,16,[ 5 13],31,-1,90,-1,74
1,<environment.Job instance at 0x7f278ebf7a00>,38,19,[ 5 13],39,-1,143,-1,124
1,<environment.Job instance at 0x7f278ebf7fa0>,39,28,[3 5],40,-1,157,-1,129
1,<environment.Job instance at 0x7f278ec020a0>,42,26,[5 3],43,-1,171,-1,145
1,<environment.Job instance at 0x7f278ec02550>,44,15,[ 3 11],45,-1,160,-1,145
1,<environment.Job instance at 0x7f278ec02690>,46,27,[2 8],47,-1,188,-1,161
1,<environment.Job instance at 0x7f278ebe7b40>,2,27,[4 6],3,-1,30,-1,3
1,<environment.Job instance at 0x7f278e9465a0>,9,15,[12  5],10,-1,33,-1,18
1,<environment.Job instance at 0x7f278e9469b0>,10,16,[ 3 12],11,-1,34,-1,18
1,<environment.Job instance at 0x7f278e9460a0>,11,16,[ 3 12],12,-1,34,-1,18
1,<environment.Job instance at 0x7f278e946820>,12,22,[1 6],13,-1,41,-1,19
1,<environment.Job instance at 0x7f278e946be0>,13,27,[5 1],14,-1,46,-1,19
1,<environment.Job instance at 0x7f278e946c30>,14,25,[10  4],15,-1,44,-1,19
1,<environment.Job instance at 0x7f278e946730>,15,26,[5 4],16,-1,45,-1,19
1,<environment.Job instance at 0x7f278e6f3410>,16,3,[5 9],17,-1,22,-1,19
1,<environment.Job instance at 0x7f278e6f3dc0>,17,15,[1 9],18,-1,37,-1,22
1,<environment.Job instance at 0x7f278e6f3230>,18,12,[ 2 11],19,-1,34,-1,22
1,<environment.Job instance at 0x7f278e6f32d0>,20,26,[ 2 11],21,-1,49,-1,23
1,<environment.Job instance at 0x7f278e6f38c0>,21,12,[12  1],22,-1,35,-1,23
1,<environment.Job instance at 0x7f278e6f3d70>,22,1,[ 2 10],23,-1,24,-1,23
1,<environment.Job instance at 0x7f278e6f3730>,26,24,[3 6],27,-1,57,-1,33
1,<environment.Job instance at 0x7f278e6f3f00>,27,20,[8 5],28,-1,83,-1,63
1,<environment.Job instance at 0x7f278e6f3140>,31,14,[3 6],32,-1,77,-1,63
1,<environment.Job instance at 0x7f278e7cc230>,32,3,[9 2],33,-1,66,-1,63
1,<environment.Job instance at 0x7f278e7ccaf0>,33,18,[4 8],34,-1,81,-1,63
1,<environment.Job instance at 0x7f278e7cc190>,34,3,[10  4],35,-1,66,-1,63
1,<environment.Job instance at 0x7f278e7ccf00>,35,20,[6 4],36,-1,83,-1,63
1,<environment.Job instance at 0x7f278e7cc410>,36,28,[ 3 14],37,-1,91,-1,63
1,<environment.Job instance at 0x7f278e7cc140>,37,20,[1 9],38,-1,83,-1,63
1,<environment.Job instance at 0x7f278e7cc5a0>,38,18,[ 3 10],39,-1,81,-1,63
1,<environment.Job instance at 0x7f278e7ccb90>,39,21,[6 1],40,-1,84,-1,63
1,<environment.Job instance at 0x7f278e7cc820>,40,13,[4 9],41,-1,76,-1,63
1,<environment.Job instance at 0x7f278e7cc910>,41,12,[8 2],42,-1,75,-1,63
1,<environment.Job instance at 0x7f278e7cc9b0>,42,19,[11  4],43,-1,82,-1,63
1,<environment.Job instance at 0x7f278e7cc6e0>,43,27,[9 1],44,-1,90,-1,63
1,<environment.Job instance at 0x7f278e7cc2d0>,44,21,[3 9],45,-1,84,-1,63
1,<environment.Job instance at 0x7f278ebab320>,45,22,[7 4],46,-1,85,-1,63
1,<environment.Job instance at 0x7f278ebabaa0>,46,15,[ 1 14],47,-1,78,-1,63
1,<environment.Job instance at 0x7f278ebab500>,47,12,[5 4],48,-1,75,-1,63
1,<environment.Job instance at 0x7f278ebab690>,48,28,[3 6],49,-1,91,-1,63
1,<environment.Job instance at 0x7f278e7cc0a0>,30,27,[9 5],31,-1,160,-1,133
1,<environment.Job instance at 0x7f278fab7730>,3,26,[12  3],4,-1,30,-1,4
1,<environment.Job instance at 0x7f278fab7640>,5,17,[ 4 13],6,-1,23,-1,6
1,<environment.Job instance at 0x7f278fab78c0>,8,26,[7 3],9,-1,40,-1,14
1,<environment.Job instance at 0x7f278fab7a50>,13,18,[14  3],14,-1,46,-1,28
1,<environment.Job instance at 0x7f278f3ea050>,18,25,[9 1],19,-1,77,-1,52
1,<environment.Job instance at 0x7f278f3eae60>,23,16,[11  1],24,-1,100,-1,84
1,<environment.Job instance at 0x7f278f3eafa0>,26,13,[ 1 11],27,-1,99,-1,86
1,<environment.Job instance at 0x7f278eb91410>,28,25,[6 1],29,-1,125,-1,100
1,<environment.Job instance at 0x7f278eb91dc0>,29,15,[ 3 12],30,-1,115,-1,100
1,<environment.Job instance at 0x7f278eb91d20>,30,18,[13  2],31,-1,118,-1,100
1,<environment.Job instance at 0x7f278eb91cd0>,31,1,[5 7],32,-1,101,-1,100
1,<environment.Job instance at 0x7f278efa15f0>,33,28,[11  3],34,-1,128,-1,100
1,<environment.Job instance at 0x7f278efa1a50>,35,28,[ 4 10],36,-1,137,-1,109
1,<environment.Job instance at 0x7f278efa1280>,36,2,[5 3],37,-1,111,-1,109
1,<environment.Job instance at 0x7f278efa1e10>,41,16,[ 5 13],42,-1,155,-1,139
1,<environment.Job instance at 0x7f278efa1500>,43,24,[5 6],44,-1,164,-1,140
1,<environment.Job instance at 0x7f278efa1230>,44,2,[3 5],45,-1,142,-1,140
1,<environment.Job instance at 0x7f278efa1b40>,46,14,[ 3 14],47,-1,170,-1,156
1,<environment.Job instance at 0x7f278efa1c30>,47,24,[3 9],48,-1,185,-1,161
1,<environment.Job instance at 0x7f278f208b40>,3,27,[ 3 14],4,-1,31,-1,4
1,<environment.Job instance at 0x7f278edd88c0>,14,12,[ 1 10],15,-1,53,-1,41
1,<environment.Job instance at 0x7f278edd8640>,18,2,[7 2],19,-1,65,-1,63
1,<environment.Job instance at 0x7f278f44cc30>,23,27,[ 5 13],24,-1,126,-1,99
1,<environment.Job instance at 0x7f278f44ccd0>,24,13,[14  5],25,-1,112,-1,99
1,<environment.Job instance at 0x7f278f44caf0>,25,12,[ 4 13],26,-1,111,-1,99
1,<environment.Job instance at 0x7f278f44c640>,27,14,[ 3 12],28,-1,125,-1,111
1,<environment.Job instance at 0x7f278f44c8c0>,28,23,[7 3],29,-1,134,-1,111
1,<environment.Job instance at 0x7f278e5bcd20>,35,26,[14  5],36,-1,182,-1,156
1,<environment.Job instance at 0x7f278e5bc690>,36,1,[8 1],37,-1,157,-1,156
1,<environment.Job instance at 0x7f278e5bce60>,38,2,[7 2],39,-1,168,-1,166
1,<environment.Job instance at 0x7f278e8c1b90>,39,1,[1 5],40,-1,167,-1,166
1,<environment.Job instance at 0x7f278e8c1730>,40,1,[1 6],41,-1,167,-1,166
1,<environment.Job instance at 0x7f278e8c1cd0>,42,28,[12  4],43,-1,200,-1,172
1,<environment.Job instance at 0x7f278e8c1460>,43,1,[11  1],44,-1,173,-1,172
1,<environment.Job instance at 0x7f278e8c1910>,46,2,[4 9],47,-1,188,-1,186
1,<environment.Job instance at 0x7f278e8c1f50>,47,28,[7 5],48,-1,214,-1,186
1,<environment.Job instance at 0x7f278f2aad20>,3,24,[1 9],4,-1,28,-1,4
1,<environment.Job instance at 0x7f27986a1a00>,4,25,[ 3 10],5,-1,30,-1,5
1,<environment.Job instance at 0x7f278f2aaaf0>,7,17,[13  5],8,-1,25,-1,8
1,<environment.Job instance at 0x7f278f3ed1e0>,12,25,[5 7],13,-1,48,-1,23
1,<environment.Job instance at 0x7f278e3ce0f0>,15,21,[ 5 13],16,-1,58,-1,37
1,<environment.Job instance at 0x7f278e3ced20>,18,17,[13  2],19,-1,68,-1,51
1,<environment.Job instance at 0x7f278e3cec30>,19,22,[12  5],20,-1,73,-1,51
1,<environment.Job instance at 0x7f278e3ce870>,20,23,[7 1],21,-1,74,-1,51
1,<environment.Job instance at 0x7f278eb3e5f0>,24,12,[ 2 13],25,-1,95,-1,83
1,<environment.Job instance at 0x7f278efa1cd0>,25,1,[4 9],26,-1,84,-1,83
1,<environment.Job instance at 0x7f278f95e370>,27,24,[10  2],28,-1,107,-1,83
1,<environment.Job instance at 0x7f278e5b8af0>,28,14,[ 5 14],29,-1,97,-1,83
1,<environment.Job instance at 0x7f278ea82370>,32,25,[11  2],33,-1,150,-1,125
1,<environment.Job instance at 0x7f278f18b230>,33,15,[ 3 12],34,-1,140,-1,125
1,<environment.Job instance at 0x7f278e84b6e0>,38,23,[8 1],39,-1,183,-1,160
1,<environment.Job instance at 0x7f278eeae0f0>,40,15,[ 5 14],41,-1,175,-1,160
1,<environment.Job instance at 0x7f278ec3a6e0>,42,12,[ 5 13],43,-1,172,-1,160
1,<environment.Job instance at 0x7f278f175140>,47,12,[14  4],48,-1,204,-1,192
1,<environment.Job instance at 0x7f278f175a50>,48,12,[ 1 13],49,-1,204,-1,192
1,<environment.Job instance at 0x7f278f65c190>,2,26,[9 3],3,-1,29,-1,3
1,<environment.Job instance at 0x7f278efb6190>,5,22,[ 1 13],6,-1,28,-1,6
1,<environment.Job instance at 0x7f278f02e640>,16,18,[ 1 12],17,-1,95,-1,77
1,<environment.Job instance at 0x7f278f65c730>,7,14,[10  3],8,-1,134,-1,120
1,<environment.Job instance at 0x7f278f44a320>,26,19,[ 1 12],27,-1,139,-1,120
1,<environment.Job instance at 0x7f278f44a6e0>,27,24,[10  2],28,-1,144,-1,120
1,<environment.Job instance at 0x7f278f271c80>,28,2,[ 4 13],29,-1,122,-1,120
1,<environment.Job instance at 0x7f278ef66320>,29,19,[ 5 10],30,-1,139,-1,120
1,<environment.Job instance at 0x7f278ef96320>,30,12,[8 2],31,-1,134,-1,122
1,<environment.Job instance at 0x7f278f2a8dc0>,31,28,[ 1 12],32,-1,150,-1,122
1,<environment.Job instance at 0x7f278f2a8f50>,32,15,[13  1],33,-1,137,-1,122
1,<environment.Job instance at 0x7f278e9e90a0>,33,13,[ 5 12],34,-1,135,-1,122
1,<environment.Job instance at 0x7f278f460d20>,35,12,[ 4 13],36,-1,148,-1,136
1,<environment.Job instance at 0x7f278e33c140>,36,24,[5 3],37,-1,160,-1,136
1,<environment.Job instance at 0x7f278e5a6370>,38,18,[1 5],39,-1,154,-1,136
1,<environment.Job instance at 0x7f278e350870>,39,18,[12  3],40,-1,154,-1,136
1,<environment.Job instance at 0x7f278e350410>,40,3,[5 3],41,-1,139,-1,136
1,<environment.Job instance at 0x7f278f27e460>,41,12,[13  4],42,-1,148,-1,136
1,<environment.Job instance at 0x7f278f15a0a0>,46,15,[13  4],47,-1,181,-1,166
1,<environment.Job instance at 0x7f278e2535f0>,3,18,[14  1],4,-1,22,-1,4
1,<environment.Job instance at 0x7f278e253550>,6,15,[ 5 11],7,-1,23,-1,8
1,<environment.Job instance at 0x7f278e212fa0>,11,28,[ 3 12],12,-1,47,-1,19
1,<environment.Job instance at 0x7f278e212aa0>,12,24,[ 4 10],13,-1,43,-1,19
1,<environment.Job instance at 0x7f278e212870>,13,25,[11  2],14,-1,44,-1,19
1,<environment.Job instance at 0x7f278e212e60>,14,16,[ 1 14],15,-1,35,-1,19
1,<environment.Job instance at 0x7f278e212780>,20,14,[ 2 11],21,-1,71,-1,57
1,<environment.Job instance at 0x7f278e9900f0>,23,2,[6 4],24,-1,63,-1,61
1,<environment.Job instance at 0x7f278e990320>,28,2,[2 9],29,-1,79,-1,77
1,<environment.Job instance at 0x7f278e9710f0>,39,2,[8 4],40,-1,175,-1,173
1,<environment.Job instance at 0x7f278e971140>,42,2,[7 2],43,-1,186,-1,184
1,<environment.Job instance at 0x7f278e971a50>,43,16,[12  2],44,-1,200,-1,184
1,<environment.Job instance at 0x7f278f5bf280>,44,15,[ 5 12],45,-1,199,-1,184
1,<environment.Job instance at 0x7f278e6d7500>,45,2,[2 9],46,-1,186,-1,184
1,<environment.Job instance at 0x7f278f72df50>,46,2,[13  3],47,-1,186,-1,184
1,<environment.Job instance at 0x7f278e59a050>,47,1,[8 1],48,-1,185,-1,184
1,<environment.Job instance at 0x7f278f72d640>,48,15,[13  3],49,-1,199,-1,184
1,<environment.Job instance at 0x7f278efad320>,5,2,[ 5 13],6,-1,8,-1,6
1,<environment.Job instance at 0x7f278efad460>,6,27,[4 6],7,-1,34,-1,7
1,<environment.Job instance at 0x7f278fa134b0>,7,1,[4 9],8,-1,9,-1,8
1,<environment.Job instance at 0x7f278eddaaf0>,22,16,[11  3],23,-1,125,-1,109
1,<environment.Job instance at 0x7f278f324370>,24,2,[2 6],25,-1,123,-1,121
1,<environment.Job instance at 0x7f278f895780>,25,24,[1 6],26,-1,145,-1,121
1,<environment.Job instance at 0x7f278f895690>,26,16,[14  5],27,-1,137,-1,121
1,<environment.Job instance at 0x7f278f94a960>,32,2,[9 1],33,-1,171,-1,169
1,<environment.Job instance at 0x7f278f45ec80>,35,14,[ 1 14],36,-1,197,-1,183
1,<environment.Job instance at 0x7f278e1de190>,37,22,[12  2],38,-1,205,-1,183
1,<environment.Job instance at 0x7f278e222af0>,38,26,[ 2 10],39,-1,209,-1,183
1,<environment.Job instance at 0x7f278e222550>,39,14,[12  5],40,-1,197,-1,183
1,<environment.Job instance at 0x7f278e2225f0>,42,3,[1 9],43,-1,200,-1,197
1,<environment.Job instance at 0x7f278e1f8550>,43,24,[9 3],44,-1,221,-1,197
1,<environment.Job instance at 0x7f278e1f8910>,44,23,[13  5],45,-1,220,-1,197
1,<environment.Job instance at 0x7f278e1f8eb0>,45,22,[ 4 10],46,-1,219,-1,197
1,<environment.Job instance at 0x7f278e1f8820>,47,2,[12  3],48,-1,205,-1,203
1,<environment.Job instance at 0x7f278e1f81e0>,48,25,[3 6],49,-1,228,-1,203
1,<environment.Job instance at 0x7f278f2cf960>,3,18,[ 5 12],4,-1,22,-1,4
1,<environment.Job instance at 0x7f278f2cfa00>,4,2,[ 2 13],5,-1,7,-1,5
1,<environment.Job instance at 0x7f278f2cf8c0>,5,26,[ 3 14],6,-1,32,-1,6
1,<environment.Job instance at 0x7f278f2cffa0>,12,18,[ 4 12],13,-1,36,-1,18
1,<environment.Job instance at 0x7f278f2b2370>,17,15,[ 1 10],18,-1,122,-1,107
1,<environment.Job instance at 0x7f278f2b2dc0>,33,27,[10  3],34,-1,191,-1,164
1,<environment.Job instance at 0x7f278f2b2cd0>,35,28,[1 7],36,-1,192,-1,164
1,<environment.Job instance at 0x7f278f2b2f50>,36,25,[6 4],37,-1,189,-1,164
1,<environment.Job instance at 0x7f278f2b2fa0>,37,17,[ 2 10],38,-1,181,-1,164
1,<environment.Job instance at 0x7f278f2d12d0>,39,12,[9 1],40,-1,179,-1,167
1,<environment.Job instance at 0x7f278f2d1370>,40,26,[3 6],41,-1,193,-1,167
1,<environment.Job instance at 0x7f278f2d14b0>,42,21,[ 1 12],43,-1,197,-1,176
1,<environment.Job instance at 0x7f278f2d1730>,44,13,[13  4],45,-1,200,-1,187
1,<environment.Job instance at 0x7f278f2d1640>,45,24,[10  4],46,-1,211,-1,187
1,<environment.Job instance at 0x7f278f2d1870>,47,17,[ 2 11],48,-1,216,-1,199
1,<environment.Job instance at 0x7f278f2cfbe0>,9,25,[8 4],10,-1,528,-1,503
1,<environment.Job instance at 0x7f278f2b2c30>,32,26,[10  5],33,-1,529,-1,503
1,<environment.Job instance at 0x7f278f2b2c80>,2,13,[ 2 13],3,-1,16,-1,3
1,<environment.Job instance at 0x7f278f2c2870>,3,14,[ 1 13],4,-1,18,-1,4
1,<environment.Job instance at 0x7f278f2b2c30>,5,28,[8 5],6,-1,34,-1,6
1,<environment.Job instance at 0x7f278ec35f00>,13,20,[9 4],14,-1,118,-1,98
1,<environment.Job instance at 0x7f278ec357d0>,24,16,[ 3 10],25,-1,153,-1,137
1,<environment.Job instance at 0x7f278f2b0910>,30,12,[5 1],31,-1,160,-1,148
1,<environment.Job instance at 0x7f278f2b0320>,31,27,[ 2 11],32,-1,175,-1,148
1,<environment.Job instance at 0x7f278f2b05f0>,32,3,[2 6],33,-1,151,-1,148
1,<environment.Job instance at 0x7f278f2b00f0>,35,16,[12  1],36,-1,186,-1,170
1,<environment.Job instance at 0x7f278f2b0aa0>,36,26,[9 2],37,-1,196,-1,170
1,<environment.Job instance at 0x7f278f2b0d70>,37,12,[ 5 10],38,-1,184,-1,172
1,<environment.Job instance at 0x7f278f2b0050>,38,20,[ 1 13],39,-1,192,-1,172
1,<environment.Job instance at 0x7f278f2b4b40>,42,23,[ 3 10],43,-1,204,-1,181
1,<environment.Job instance at 0x7f278f2b4c80>,46,24,[1 9],47,-1,244,-1,220
1,<environment.Job instance at 0x7f278f1bc0f0>,4,19,[ 5 13],5,-1,24,-1,5
1,<environment.Job instance at 0x7f278f1bcbe0>,6,25,[3 9],7,-1,32,-1,7
1,<environment.Job instance at 0x7f278f1bc190>,12,13,[ 3 10],13,-1,29,-1,16
1,<environment.Job instance at 0x7f278ee51b90>,28,1,[10  1],29,-1,134,-1,133
1,<environment.Job instance at 0x7f278ee51c80>,29,17,[11  2],30,-1,150,-1,133
1,<environment.Job instance at 0x7f27980e9c80>,31,2,[5 9],32,-1,142,-1,140
1,<environment.Job instance at 0x7f27980e9f00>,32,28,[10  3],33,-1,168,-1,140
1,<environment.Job instance at 0x7f27980e90a0>,33,28,[10  4],34,-1,168,-1,140
1,<environment.Job instance at 0x7f27980e9640>,35,25,[5 7],36,-1,172,-1,147
1,<environment.Job instance at 0x7f27980e9910>,36,16,[13  3],37,-1,163,-1,147
1,<environment.Job instance at 0x7f27980e9870>,39,14,[9 1],40,-1,209,-1,195
1,<environment.Job instance at 0x7f27980e9a50>,43,18,[ 1 14],44,-1,213,-1,195
1,<environment.Job instance at 0x7f27980e9230>,46,16,[12  2],47,-1,218,-1,202
1,<environment.Job instance at 0x7f27980e95a0>,47,12,[11  2],48,-1,214,-1,202
1,<environment.Job instance at 0x7f278f1bcf50>,2,24,[8 3],3,-1,27,-1,3
1,<environment.Job instance at 0x7f278f073190>,4,23,[ 5 10],5,-1,28,-1,5
1,<environment.Job instance at 0x7f278f0731e0>,5,25,[ 2 14],6,-1,31,-1,6
1,<environment.Job instance at 0x7f278f073eb0>,6,12,[ 3 13],7,-1,19,-1,7
1,<environment.Job instance at 0x7f278f082b90>,16,13,[11  2],17,-1,40,-1,27
1,<environment.Job instance at 0x7f278f082e10>,17,13,[12  3],18,-1,40,-1,27
1,<environment.Job instance at 0x7f278f0821e0>,21,24,[14  3],22,-1,77,-1,53
1,<environment.Job instance at 0x7f278f069d20>,22,25,[ 5 10],23,-1,78,-1,53
1,<environment.Job instance at 0x7f278e3b88c0>,23,16,[ 3 12],24,-1,69,-1,53
1,<environment.Job instance at 0x7f278f082f50>,26,14,[10  1],27,-1,85,-1,71
1,<environment.Job instance at 0x7f278e3b27d0>,30,18,[ 5 12],31,-1,106,-1,88
1,<environment.Job instance at 0x7f278e28cb40>,34,12,[ 4 10],35,-1,110,-1,98
1,<environment.Job instance at 0x7f278ec67f50>,37,26,[5 5],38,-1,151,-1,125
1,<environment.Job instance at 0x7f278e7c5d70>,39,23,[7 1],40,-1,149,-1,126
1,<environment.Job instance at 0x7f278e7c5230>,40,14,[12  4],41,-1,140,-1,126
1,<environment.Job instance at 0x7f278f2b2d70>,1,2,[ 2 12],2,-1,4,-1,2
1,<environment.Job instance at 0x7f278f09ae60>,2,28,[7 1],3,-1,31,-1,3
1,<environment.Job instance at 0x7f278ec8df50>,3,18,[ 3 14],4,-1,22,-1,4
1,<environment.Job instance at 0x7f278ec8d5a0>,5,16,[ 1 14],6,-1,22,-1,6
1,<environment.Job instance at 0x7f278ec8d230>,6,26,[3 8],7,-1,33,-1,7
1,<environment.Job instance at 0x7f278ec8d3c0>,7,26,[10  5],8,-1,34,-1,8
1,<environment.Job instance at 0x7f278ec8d4b0>,9,16,[12  4],10,-1,26,-1,10
1,<environment.Job instance at 0x7f278ec67500>,10,24,[1 6],11,-1,35,-1,11
1,<environment.Job instance at 0x7f278ec67eb0>,12,24,[5 8],13,-1,37,-1,13
1,<environment.Job instance at 0x7f278f09aeb0>,14,22,[7 2],15,-1,55,-1,33
1,<environment.Job instance at 0x7f278ec678c0>,19,21,[ 4 11],20,-1,54,-1,33
1,<environment.Job instance at 0x7f278ec67780>,21,23,[8 4],22,-1,59,-1,36
1,<environment.Job instance at 0x7f278ec67c30>,27,24,[6 2],28,-1,103,-1,79
1,<environment.Job instance at 0x7f278ec67af0>,28,12,[6 1],29,-1,91,-1,79
1,<environment.Job instance at 0x7f278ec67b40>,29,25,[8 3],30,-1,104,-1,79
1,<environment.Job instance at 0x7f278ec67d20>,30,15,[11  1],31,-1,94,-1,79
1,<environment.Job instance at 0x7f278ec67c80>,32,1,[7 4],33,-1,80,-1,79
1,<environment.Job instance at 0x7f278ec5ef00>,37,20,[ 5 13],38,-1,128,-1,108
1,<environment.Job instance at 0x7f278ec5e870>,41,27,[6 4],42,-1,159,-1,132
1,<environment.Job instance at 0x7f278ec5ee60>,42,25,[6 1],43,-1,157,-1,132
1,<environment.Job instance at 0x7f278ec5e460>,43,23,[5 5],44,-1,155,-1,132
1,<environment.Job instance at 0x7f278ec5ea50>,44,28,[8 5],45,-1,160,-1,132
1,<environment.Job instance at 0x7f278ec5e190>,45,12,[13  5],46,-1,144,-1,132
1,<environment.Job instance at 0x7f278ec5edc0>,47,23,[10  2],48,-1,155,-1,132
1,<environment.Job instance at 0x7f278f5dec30>,7,2,[5 7],8,-1,15,-1,13
1,<environment.Job instance at 0x7f278f5dee10>,10,27,[ 2 10],11,-1,54,-1,27
1,<environment.Job instance at 0x7f278f5deeb0>,11,16,[ 1 12],12,-1,43,-1,27
1,<environment.Job instance at 0x7f278f5def50>,12,15,[13  4],13,-1,42,-1,27
1,<environment.Job instance at 0x7f278f5deb40>,13,2,[ 1 13],14,-1,29,-1,27
1,<environment.Job instance at 0x7f278f0041e0>,15,28,[ 2 14],16,-1,72,-1,44
1,<environment.Job instance at 0x7f278f004280>,16,28,[5 1],17,-1,72,-1,44
1,<environment.Job instance at 0x7f278f004500>,19,21,[ 1 11],20,-1,71,-1,50
1,<environment.Job instance at 0x7f278f004870>,25,26,[2 9],26,-1,119,-1,93
1,<environment.Job instance at 0x7f278f004140>,27,12,[ 2 13],28,-1,105,-1,93
1,<environment.Job instance at 0x7f278f004af0>,28,17,[11  4],29,-1,110,-1,93
1,<environment.Job instance at 0x7f278f004a00>,29,27,[ 4 13],30,-1,120,-1,93
1,<environment.Job instance at 0x7f278f004b90>,30,15,[14  1],31,-1,108,-1,93
1,<environment.Job instance at 0x7f278f004e10>,34,26,[ 4 10],35,-1,155,-1,129
1,<environment.Job instance at 0x7f278f0044b0>,38,25,[5 5],39,-1,170,-1,145
1,<environment.Job instance at 0x7f278eff8190>,39,26,[2 9],40,-1,171,-1,145
1,<environment.Job instance at 0x7f278eff82d0>,41,15,[12  4],42,-1,160,-1,145
1,<environment.Job instance at 0x7f278eff8370>,42,27,[10  3],43,-1,172,-1,145
1,<environment.Job instance at 0x7f278eff8410>,43,1,[ 1 11],44,-1,146,-1,145
1,<environment.Job instance at 0x7f278eff8500>,44,18,[ 2 12],45,-1,163,-1,145
1,<environment.Job instance at 0x7f278eff80a0>,45,22,[ 2 11],46,-1,167,-1,145
1,<environment.Job instance at 0x7f278eff85a0>,46,23,[8 4],47,-1,168,-1,145
1,<environment.Job instance at 0x7f278eff8730>,47,1,[2 5],48,-1,146,-1,145
1,<environment.Job instance at 0x7f278eff87d0>,48,28,[ 4 10],49,-1,173,-1,145
1,<environment.Job instance at 0x7f9ee4cb1370>,4,24,[ 3 11],5,-1,29,-1,5
1,<environment.Job instance at 0x7f9ee4cb16e0>,8,24,[ 2 10],9,-1,33,-1,9
1,<environment.Job instance at 0x7f9ee4cb1a50>,14,21,[ 3 11],15,-1,43,-1,22
1,<environment.Job instance at 0x7f9ee4cb1c30>,17,18,[ 5 13],18,-1,58,-1,40
1,<environment.Job instance at 0x7f9ee4cb1f50>,20,21,[13  5],21,-1,82,-1,61
1,<environment.Job instance at 0x7f9ee4cb4370>,28,2,[5 8],29,-1,116,-1,114
1,<environment.Job instance at 0x7f9ee4cb4410>,29,24,[5 1],30,-1,138,-1,114
1,<environment.Job instance at 0x7f9ee4cb47d0>,35,3,[9 5],36,-1,164,-1,161
1,<environment.Job instance at 0x7f9ee4cb4a50>,39,23,[4 6],40,-1,198,-1,175
1,<environment.Job instance at 0x7f9ee4cb4e10>,42,13,[12  1],43,-1,195,-1,182
1,<environment.Job instance at 0x7f9ee4cb4eb0>,43,21,[ 2 12],44,-1,203,-1,182
1,<environment.Job instance at 0x7f9ee4cb4fa0>,44,26,[8 4],45,-1,208,-1,182
1,<environment.Job instance at 0x7f9ee4cb4dc0>,45,13,[11  3],46,-1,195,-1,182
1,<environment.Job instance at 0x7f9ee4cb4f50>,46,2,[ 1 10],47,-1,184,-1,182
1,<environment.Job instance at 0x7f9ee4cb8190>,47,13,[ 3 12],48,-1,195,-1,182
1,<environment.Job instance at 0x7f9ee4cb8410>,51,13,[ 3 12],52,-1,217,-1,204
1,<environment.Job instance at 0x7f9ee4cb84b0>,52,3,[13  2],53,-1,207,-1,204
1,<environment.Job instance at 0x7f9ee4cb8730>,56,28,[10  1],57,-1,244,-1,216
1,<environment.Job instance at 0x7f9ee4cb4320>,2,24,[ 3 10],3,-1,27,-1,3
1,<environment.Job instance at 0x7f9ee4cb4190>,5,15,[ 1 11],6,-1,22,-1,7
1,<environment.Job instance at 0x7f9ee43ef230>,8,25,[ 2 12],9,-1,34,-1,9
1,<environment.Job instance at 0x7f9ee43efb40>,9,26,[5 4],10,-1,36,-1,10
1,<environment.Job instance at 0x7f9ee43f3f50>,22,2,[10  3],23,-1,77,-1,75
1,<environment.Job instance at 0x7f9ee43f3c30>,23,17,[ 4 14],24,-1,92,-1,75
1,<environment.Job instance at 0x7f9ee43f30f0>,24,21,[ 1 10],25,-1,96,-1,75
1,<environment.Job instance at 0x7f9ee43f3d70>,25,18,[ 5 12],26,-1,93,-1,75
1,<environment.Job instance at 0x7f9ee43f3190>,26,12,[ 3 14],27,-1,87,-1,75
1,<environment.Job instance at 0x7f9ee43f3050>,28,3,[9 5],29,-1,94,-1,91
1,<environment.Job instance at 0x7f9ee43f3730>,29,18,[ 4 11],30,-1,109,-1,91
1,<environment.Job instance at 0x7f9ee43d0b40>,31,14,[12  2],32,-1,105,-1,91
1,<environment.Job instance at 0x7f9ee43d08c0>,32,3,[2 8],33,-1,94,-1,91
1,<environment.Job instance at 0x7f9ee43e9a00>,33,27,[12  1],34,-1,118,-1,91
1,<environment.Job instance at 0x7f9ee43eeaf0>,41,18,[12  3],42,-1,179,-1,161
1,<environment.Job instance at 0x7f9ee43eef50>,42,13,[ 5 12],43,-1,174,-1,161
1,<environment.Job instance at 0x7f9ee425fd20>,49,27,[5 8],50,-1,236,-1,209
1,<environment.Job instance at 0x7f9ee4340870>,51,13,[12  3],52,-1,222,-1,209
1,<environment.Job instance at 0x7f9ee4340820>,54,28,[7 4],55,-1,248,-1,220
1,<environment.Job instance at 0x7f9ee4330e60>,3,24,[5 6],4,-1,29,-1,5
1,<environment.Job instance at 0x7f9ee4330e10>,5,14,[14  1],6,-1,20,-1,6
1,<environment.Job instance at 0x7f9ee4330140>,6,22,[10  1],7,-1,39,-1,17
1,<environment.Job instance at 0x7f9eee485230>,9,3,[14  4],10,-1,20,-1,17
1,<environment.Job instance at 0x7f9ee42bf9b0>,12,23,[ 1 14],13,-1,44,-1,21
1,<environment.Job instance at 0x7f9eee407460>,24,17,[ 3 14],25,-1,111,-1,94
1,<environment.Job instance at 0x7f9eee407050>,26,25,[5 4],27,-1,129,-1,104
1,<environment.Job instance at 0x7f9ee42c6960>,27,2,[7 2],28,-1,106,-1,104
1,<environment.Job instance at 0x7f9ee42c6050>,28,28,[7 1],29,-1,132,-1,104
1,<environment.Job instance at 0x7f9ee42c6fa0>,31,24,[12  2],32,-1,133,-1,109
1,<environment.Job instance at 0x7f9ee42c6aa0>,32,26,[ 3 11],33,-1,135,-1,109
1,<environment.Job instance at 0x7f9ee42c6dc0>,35,16,[ 1 11],36,-1,134,-1,118
1,<environment.Job instance at 0x7f9ee42c6d70>,37,1,[ 5 12],38,-1,126,-1,125
1,<environment.Job instance at 0x7f9ee42c6640>,38,24,[8 5],39,-1,149,-1,125
1,<environment.Job instance at 0x7f9ee42c6af0>,40,13,[14  2],41,-1,144,-1,131
1,<environment.Job instance at 0x7f9ee42c6f50>,43,20,[14  2],44,-1,184,-1,164
1,<environment.Job instance at 0x7f9ee4247b40>,45,13,[ 1 14],46,-1,191,-1,178
1,<environment.Job instance at 0x7f9ee4247aa0>,46,16,[12  1],47,-1,194,-1,178
1,<environment.Job instance at 0x7f9ee4247af0>,47,15,[ 4 14],48,-1,193,-1,178
1,<environment.Job instance at 0x7f9ee4247e10>,49,18,[ 5 11],50,-1,209,-1,191
1,<environment.Job instance at 0x7f9ee42470a0>,50,22,[11  3],51,-1,213,-1,191
1,<environment.Job instance at 0x7f9ee42474b0>,56,19,[ 5 14],57,-1,240,-1,221
1,<environment.Job instance at 0x7f9ee4247c80>,58,27,[9 4],59,-1,264,-1,237
1,<environment.Job instance at 0x7f9ee47ac140>,3,23,[ 2 14],4,-1,27,-1,4
1,<environment.Job instance at 0x7f9ee43f1e10>,5,19,[5 1],6,-1,27,-1,8
1,<environment.Job instance at 0x7f9ee47ac190>,4,12,[ 2 11],5,-1,20,-1,8
1,<environment.Job instance at 0x7f9ee47ac500>,8,28,[4 7],9,-1,37,-1,9
1,<environment.Job instance at 0x7f9ee47acaf0>,9,26,[3 6],10,-1,36,-1,10
1,<environment.Job instance at 0x7f9ee47ac460>,11,12,[ 5 11],12,-1,24,-1,12
1,<environment.Job instance at 0x7f9ee47acbe0>,19,16,[ 3 10],20,-1,66,-1,50
1,<environment.Job instance at 0x7f9ee43e8190>,21,21,[ 4 11],22,-1,71,-1,50
1,<environment.Job instance at 0x7f9ee43e8c30>,22,13,[ 3 12],23,-1,63,-1,50
1,<environment.Job instance at 0x7f9ee43e80a0>,24,28,[3 8],25,-1,87,-1,59
1,<environment.Job instance at 0x7f9ee43e86e0>,25,24,[12  1],26,-1,83,-1,59
1,<environment.Job instance at 0x7f9ee43e85f0>,26,14,[11  2],27,-1,73,-1,59
1,<environment.Job instance at 0x7f9ee43e8a00>,27,27,[5 3],28,-1,86,-1,59
1,<environment.Job instance at 0x7f9ee42a8050>,32,18,[ 2 14],33,-1,112,-1,94
1,<environment.Job instance at 0x7f9ee42a8550>,33,2,[11  2],34,-1,96,-1,94
1,<environment.Job instance at 0x7f9ee42a8c30>,34,18,[12  2],35,-1,112,-1,94
1,<environment.Job instance at 0x7f9ee42a8aa0>,36,17,[11  1],37,-1,111,-1,94
1,<environment.Job instance at 0x7f9ee42a8e60>,37,13,[ 4 12],38,-1,107,-1,94
1,<environment.Job instance at 0x7f9ee42a8960>,38,17,[11  4],39,-1,111,-1,94
1,<environment.Job instance at 0x7f9ee42a8f00>,39,13,[10  1],40,-1,107,-1,94
1,<environment.Job instance at 0x7f9ee42a89b0>,41,18,[ 1 10],42,-1,211,-1,193
1,<environment.Job instance at 0x7f9ee4445e60>,51,28,[13  2],52,-1,240,-1,212
1,<environment.Job instance at 0x7f9ee4445d20>,53,24,[9 1],54,-1,248,-1,224
1,<environment.Job instance at 0x7f9ee4445690>,54,15,[14  3],55,-1,239,-1,224
1,<environment.Job instance at 0x7f9ee44458c0>,56,13,[ 5 13],57,-1,237,-1,224
1,<environment.Job instance at 0x7f9eee2c6910>,1,22,[5 8],2,-1,24,-1,2
1,<environment.Job instance at 0x7f9ee47acdc0>,4,28,[13  3],5,-1,33,-1,5
1,<environment.Job instance at 0x7f9ee4ab8be0>,7,18,[ 1 13],8,-1,26,-1,8
1,<environment.Job instance at 0x7f9ee4ab8190>,8,24,[ 5 11],9,-1,33,-1,9
1,<environment.Job instance at 0x7f9ee4aaf550>,11,16,[ 2 13],12,-1,28,-1,12
1,<environment.Job instance at 0x7f9ee4aa30a0>,13,15,[ 1 11],14,-1,29,-1,14
1,<environment.Job instance at 0x7f9ee4ab89b0>,15,13,[11  1],16,-1,42,-1,29
1,<environment.Job instance at 0x7f9ee4aa3b40>,17,3,[8 3],18,-1,32,-1,29
1,<environment.Job instance at 0x7f9ee4aa3500>,21,2,[5 1],22,-1,54,-1,52
1,<environment.Job instance at 0x7f9ee4aa3f00>,22,23,[1 7],23,-1,76,-1,53
1,<environment.Job instance at 0x7f9ee4aa3960>,23,12,[12  2],24,-1,65,-1,53
1,<environment.Job instance at 0x7f9ee4abf460>,25,2,[14  3],26,-1,58,-1,56
1,<environment.Job instance at 0x7f9ee4abfdc0>,26,19,[ 3 14],27,-1,75,-1,56
1,<environment.Job instance at 0x7f9ee4ab4fa0>,27,2,[14  5],28,-1,58,-1,56
1,<environment.Job instance at 0x7f9ee4b166e0>,30,12,[12  4],31,-1,89,-1,77
1,<environment.Job instance at 0x7f9ee4b20a00>,38,27,[ 3 13],39,-1,172,-1,145
1,<environment.Job instance at 0x7f9ee49b41e0>,39,20,[14  3],40,-1,165,-1,145
1,<environment.Job instance at 0x7f9ee4b20d20>,41,14,[ 4 13],42,-1,159,-1,145
1,<environment.Job instance at 0x7f9ee498cf00>,42,1,[ 5 14],43,-1,146,-1,145
1,<environment.Job instance at 0x7f9ee5820190>,44,2,[10  1],45,-1,147,-1,145
1,<environment.Job instance at 0x7f9ee4995820>,46,28,[14  3],47,-1,182,-1,154
1,<environment.Job instance at 0x7f9ee5821a50>,47,24,[ 4 11],48,-1,178,-1,154
1,<environment.Job instance at 0x7f9ee4995230>,48,3,[11  1],49,-1,157,-1,154
1,<environment.Job instance at 0x7f9ee50df3c0>,53,24,[2 7],54,-1,215,-1,191
1,<environment.Job instance at 0x7f9ee50df140>,54,25,[5 5],55,-1,216,-1,191
1,<environment.Job instance at 0x7f9ee58032d0>,57,26,[7 1],58,-1,218,-1,192
1,<environment.Job instance at 0x7f9ee58031e0>,58,18,[12  1],59,-1,210,-1,192
1,<environment.Job instance at 0x7f9ee534ae10>,4,16,[ 2 11],5,-1,22,-1,6
1,<environment.Job instance at 0x7f9ee534afa0>,5,24,[8 2],6,-1,30,-1,6
1,<environment.Job instance at 0x7f9ee534af50>,9,16,[ 4 13],10,-1,26,-1,10
1,<environment.Job instance at 0x7f9ee534a320>,10,26,[4 7],11,-1,37,-1,11
1,<environment.Job instance at 0x7f9ee535f5f0>,11,25,[10  5],12,-1,37,-1,12
1,<environment.Job instance at 0x7f9ee535f370>,12,15,[12  4],13,-1,28,-1,13
1,<environment.Job instance at 0x7f9ee534a2d0>,14,1,[10  3],15,-1,16,-1,15
1,<environment.Job instance at 0x7f9ee535fc80>,16,20,[ 3 11],17,-1,38,-1,18
1,<environment.Job instance at 0x7f9ee535f6e0>,25,24,[9 3],26,-1,68,-1,44
1,<environment.Job instance at 0x7f9ee535f280>,26,15,[13  4],27,-1,59,-1,44
1,<environment.Job instance at 0x7f9ee535fdc0>,28,24,[ 2 13],29,-1,82,-1,58
1,<environment.Job instance at 0x7f9ee535f050>,29,3,[ 2 14],30,-1,61,-1,58
1,<environment.Job instance at 0x7f9ee535ffa0>,30,16,[ 5 13],31,-1,74,-1,58
1,<environment.Job instance at 0x7f9ee535feb0>,32,22,[4 8],33,-1,80,-1,58
1,<environment.Job instance at 0x7f9ee4b3b780>,33,13,[ 4 10],34,-1,71,-1,58
1,<environment.Job instance at 0x7f9ee4b3bf50>,35,24,[6 1],36,-1,98,-1,74
1,<environment.Job instance at 0x7f9ee4b3ba50>,37,18,[13  2],38,-1,92,-1,74
1,<environment.Job instance at 0x7f9ee4b3bbe0>,38,19,[ 5 13],39,-1,93,-1,74
1,<environment.Job instance at 0x7f9ee4b3b6e0>,39,28,[3 5],40,-1,102,-1,74
1,<environment.Job instance at 0x7f9ee4b3b370>,42,26,[5 3],43,-1,119,-1,93
1,<environment.Job instance at 0x7f9ee4b3b4b0>,43,18,[11  4],44,-1,111,-1,93
1,<environment.Job instance at 0x7f9ee4b3b0a0>,44,15,[ 3 11],45,-1,108,-1,93
1,<environment.Job instance at 0x7f9ee4b3bdc0>,46,27,[2 8],47,-1,129,-1,102
1,<environment.Job instance at 0x7f9ee4b3b2d0>,47,12,[ 3 11],48,-1,114,-1,102
1,<environment.Job instance at 0x7f9ee43b9050>,50,24,[ 5 11],51,-1,143,-1,119
1,<environment.Job instance at 0x7f9ee46ea780>,52,27,[4 6],53,-1,146,-1,119
1,<environment.Job instance at 0x7f9ee46ea050>,53,16,[ 2 11],54,-1,135,-1,119
1,<environment.Job instance at 0x7f9ee46ea140>,55,15,[13  3],56,-1,139,-1,124
1,<environment.Job instance at 0x7f9ee46ea730>,56,12,[14  2],57,-1,136,-1,124
1,<environment.Job instance at 0x7f9ee46eab40>,57,12,[ 2 11],58,-1,136,-1,124
1,<environment.Job instance at 0x7f9ee474ddc0>,3,27,[5 1],4,-1,31,-1,4
1,<environment.Job instance at 0x7f9ee535fc30>,2,22,[1 6],3,-1,26,-1,4
1,<environment.Job instance at 0x7f9ee48b2cd0>,5,26,[5 4],6,-1,32,-1,6
1,<environment.Job instance at 0x7f9ee48b2e10>,8,12,[ 2 11],9,-1,22,-1,10
1,<environment.Job instance at 0x7f9ee48bc280>,10,26,[ 2 11],11,-1,37,-1,11
1,<environment.Job instance at 0x7f9ee48bc320>,11,12,[12  1],12,-1,24,-1,12
1,<environment.Job instance at 0x7f9ee48bc3c0>,12,1,[ 2 10],13,-1,14,-1,13
1,<environment.Job instance at 0x7f9ee48bc9b0>,22,3,[9 2],23,-1,72,-1,69
1,<environment.Job instance at 0x7f9ee48bcaf0>,24,3,[10  4],25,-1,76,-1,73
1,<environment.Job instance at 0x7f9ee48bc050>,26,28,[ 3 14],27,-1,117,-1,89
1,<environment.Job instance at 0x7f9ee48bcd70>,28,18,[ 3 10],29,-1,114,-1,96
1,<environment.Job instance at 0x7f9ee48bcf00>,32,19,[11  4],33,-1,125,-1,106
1,<environment.Job instance at 0x7f9ee48b9050>,33,27,[9 1],34,-1,133,-1,106
1,<environment.Job instance at 0x7f9ee48b90f0>,34,21,[3 9],35,-1,128,-1,107
1,<environment.Job instance at 0x7f9ee48b9230>,35,22,[7 4],36,-1,139,-1,117
1,<environment.Job instance at 0x7f9ee48b92d0>,36,15,[ 1 14],37,-1,132,-1,117
1,<environment.Job instance at 0x7f9ee48b9410>,38,28,[3 6],39,-1,146,-1,118
1,<environment.Job instance at 0x7f9ee48b9550>,40,13,[14  4],41,-1,137,-1,124
1,<environment.Job instance at 0x7f9ee48b9690>,42,16,[ 1 11],43,-1,151,-1,135
1,<environment.Job instance at 0x7f9ee48b9730>,43,26,[12  3],44,-1,161,-1,135
1,<environment.Job instance at 0x7f9ee48b97d0>,44,12,[ 1 10],45,-1,147,-1,135
1,<environment.Job instance at 0x7f9ee48b9870>,45,17,[ 4 13],46,-1,152,-1,135
1,<environment.Job instance at 0x7f9ee48b9aa0>,47,28,[1 9],48,-1,166,-1,138
1,<environment.Job instance at 0x7f9ee48b9be0>,48,26,[7 3],49,-1,164,-1,138
1,<environment.Job instance at 0x7f9ee48b9e10>,51,15,[5 1],52,-1,168,-1,153
1,<environment.Job instance at 0x7f9ee48b9f50>,53,18,[14  3],54,-1,186,-1,168
1,<environment.Job instance at 0x7f9ee48aa280>,58,25,[9 1],59,-1,218,-1,193
1,<environment.Job instance at 0x7f9ee5434730>,6,13,[ 1 11],7,-1,21,-1,8
1,<environment.Job instance at 0x7f9ee4c0be60>,8,25,[6 1],9,-1,34,-1,9
1,<environment.Job instance at 0x7f9ee4c0bd20>,9,15,[ 3 12],10,-1,25,-1,10
1,<environment.Job instance at 0x7f9ee4c0ba50>,10,18,[13  2],11,-1,29,-1,11
1,<environment.Job instance at 0x7f9ee4c0b280>,11,1,[5 7],12,-1,13,-1,12
1,<environment.Job instance at 0x7f9ee4c0bc30>,12,12,[10  3],13,-1,25,-1,13
1,<environment.Job instance at 0x7f9ee4c0b140>,13,28,[11  3],14,-1,42,-1,14
1,<environment.Job instance at 0x7f9ee4c0be10>,16,2,[5 3],17,-1,21,-1,19
1,<environment.Job instance at 0x7f9ee4c0b050>,20,14,[ 2 10],21,-1,48,-1,34
1,<environment.Job instance at 0x7f9ee4c0b640>,22,14,[9 1],23,-1,60,-1,46
1,<environment.Job instance at 0x7f9ee4f610a0>,23,24,[5 6],24,-1,70,-1,46
1,<environment.Job instance at 0x7f9ee4f61eb0>,24,2,[3 5],25,-1,48,-1,46
1,<environment.Job instance at 0x7f9ee4f61c30>,30,12,[ 2 12],31,-1,99,-1,87
1,<environment.Job instance at 0x7f9ee4f612d0>,32,12,[ 2 11],33,-1,109,-1,97
1,<environment.Job instance at 0x7f9ee4f61190>,33,27,[ 3 14],34,-1,124,-1,97
1,<environment.Job instance at 0x7f9ee4f61820>,36,28,[5 2],37,-1,139,-1,111
1,<environment.Job instance at 0x7f9ee4f61550>,37,28,[13  5],38,-1,139,-1,111
1,<environment.Job instance at 0x7f9ee4f61d20>,40,22,[5 6],41,-1,202,-1,180
1,<environment.Job instance at 0x7f9ee5330af0>,48,2,[7 2],49,-1,182,-1,180
1,<environment.Job instance at 0x7f9ee5330410>,53,27,[ 5 13],54,-1,237,-1,210
1,<environment.Job instance at 0x7f9ee5330640>,54,13,[14  5],55,-1,223,-1,210
1,<environment.Job instance at 0x7f9ee5330e10>,55,12,[ 4 13],56,-1,222,-1,210
1,<environment.Job instance at 0x7f9ee5330780>,57,14,[ 3 12],58,-1,243,-1,229
1,<environment.Job instance at 0x7f9ee4cd3870>,58,23,[7 3],59,-1,252,-1,229
1,<environment.Job instance at 0x7f9ee48b2e60>,4,24,[4 8],5,-1,30,-1,6
1,<environment.Job instance at 0x7f9ee4ce17d0>,6,1,[8 1],7,-1,8,-1,7
1,<environment.Job instance at 0x7f9ee4ce1aa0>,7,16,[4 5],8,-1,36,-1,20
1,<environment.Job instance at 0x7f9ee4ce1f00>,15,14,[8 2],16,-1,37,-1,23
1,<environment.Job instance at 0x7f9ee4a73500>,18,18,[8 2],19,-1,49,-1,31
1,<environment.Job instance at 0x7f9ee4a73640>,30,28,[7 2],31,-1,177,-1,149
1,<environment.Job instance at 0x7f9ee4a73820>,31,20,[8 3],32,-1,171,-1,151
1,<environment.Job instance at 0x7f9ee4a73c30>,32,25,[5 7],33,-1,176,-1,151
1,<environment.Job instance at 0x7f9ee4a731e0>,35,21,[ 5 13],36,-1,191,-1,170
1,<environment.Job instance at 0x7f9ee4b290a0>,38,17,[13  2],39,-1,199,-1,182
1,<environment.Job instance at 0x7f9ee4b29910>,39,22,[12  5],40,-1,204,-1,182
1,<environment.Job instance at 0x7f9ee4b297d0>,40,23,[7 1],41,-1,205,-1,182
1,<environment.Job instance at 0x7f9ee4b29460>,42,2,[2 5],43,-1,201,-1,199
1,<environment.Job instance at 0x7f9ee4b29960>,44,12,[ 2 13],45,-1,227,-1,215
1,<environment.Job instance at 0x7f9ee4b292d0>,45,1,[4 9],46,-1,216,-1,215
1,<environment.Job instance at 0x7f9ee4b29d20>,52,25,[11  2],53,-1,293,-1,268
1,<environment.Job instance at 0x7f9ee4b29dc0>,53,15,[ 3 12],54,-1,283,-1,268
1,<environment.Job instance at 0x7f9ee4ce90a0>,57,23,[9 5],58,-1,317,-1,294
1,<environment.Job instance at 0x7f9ee4ce9140>,58,23,[8 1],59,-1,317,-1,294
1,<environment.Job instance at 0x7f9ee4ce15a0>,2,12,[ 5 13],3,-1,15,-1,3
1,<environment.Job instance at 0x7f9eede1fc30>,10,28,[9 5],11,-1,45,-1,17
1,<environment.Job instance at 0x7f9eede1f550>,11,12,[ 5 10],12,-1,29,-1,17
1,<environment.Job instance at 0x7f9eede1f280>,12,26,[9 3],13,-1,43,-1,17
1,<environment.Job instance at 0x7f9ee548b550>,14,14,[1 8],15,-1,34,-1,20
1,<environment.Job instance at 0x7f9ee548bf50>,15,22,[ 1 13],16,-1,42,-1,20
1,<environment.Job instance at 0x7f9ee548b140>,16,17,[ 4 10],17,-1,37,-1,20
1,<environment.Job instance at 0x7f9ee548ba50>,17,14,[10  3],18,-1,35,-1,21
1,<environment.Job instance at 0x7f9ee548b910>,18,12,[ 3 13],19,-1,33,-1,21
1,<environment.Job instance at 0x7f9ee548b8c0>,22,27,[14  3],23,-1,73,-1,46
1,<environment.Job instance at 0x7f9ee548b0a0>,23,18,[ 5 11],24,-1,64,-1,46
1,<environment.Job instance at 0x7f9ee548b9b0>,24,3,[1 6],25,-1,49,-1,46
1,<environment.Job instance at 0x7f9ee548b690>,25,25,[4 9],26,-1,71,-1,46
1,<environment.Job instance at 0x7f9ee548b870>,26,18,[ 1 12],27,-1,64,-1,46
1,<environment.Job instance at 0x7f9ee4392820>,28,12,[6 1],29,-1,61,-1,49
1,<environment.Job instance at 0x7f9ee4392320>,29,13,[ 3 10],30,-1,62,-1,49
1,<environment.Job instance at 0x7f9ee4392be0>,30,3,[5 1],31,-1,52,-1,49
1,<environment.Job instance at 0x7f9ee43925a0>,31,13,[11  4],32,-1,62,-1,49
1,<environment.Job instance at 0x7f9ee43927d0>,34,17,[14  3],35,-1,80,-1,63
1,<environment.Job instance at 0x7f9ee43921e0>,35,28,[5 5],36,-1,91,-1,63
1,<environment.Job instance at 0x7f9ee4392c30>,36,19,[ 1 12],37,-1,82,-1,63
1,<environment.Job instance at 0x7f9ee43922d0>,37,24,[10  2],38,-1,87,-1,63
1,<environment.Job instance at 0x7f9ee43920f0>,38,2,[ 4 13],39,-1,65,-1,63
1,<environment.Job instance at 0x7f9ee4392870>,39,19,[ 5 10],40,-1,83,-1,64
1,<environment.Job instance at 0x7f9ee4392eb0>,40,12,[8 2],41,-1,77,-1,65
1,<environment.Job instance at 0x7f9ee4392280>,41,28,[ 1 12],42,-1,93,-1,65
1,<environment.Job instance at 0x7f9ee4392640>,42,15,[13  1],43,-1,80,-1,65
1,<environment.Job instance at 0x7f9ee4667d70>,43,13,[ 5 12],44,-1,78,-1,65
1,<environment.Job instance at 0x7f9ee4667e10>,45,12,[ 4 13],46,-1,90,-1,78
1,<environment.Job instance at 0x7f9ee4667b40>,46,24,[5 3],47,-1,102,-1,78
1,<environment.Job instance at 0x7f9ee4667af0>,49,18,[12  3],50,-1,111,-1,93
1,<environment.Job instance at 0x7f9ee46675f0>,50,3,[5 3],51,-1,96,-1,93
1,<environment.Job instance at 0x7f9ee4667e60>,51,12,[13  4],52,-1,105,-1,93
1,<environment.Job instance at 0x7f9ee4667a50>,54,12,[8 2],55,-1,108,-1,96
1,<environment.Job instance at 0x7f9ee5068fa0>,56,15,[13  4],57,-1,125,-1,110
1,<environment.Job instance at 0x7f9ee44bf140>,3,18,[14  1],4,-1,22,-1,4
1,<environment.Job instance at 0x7f9ee44bfbe0>,6,15,[ 5 11],7,-1,23,-1,8
1,<environment.Job instance at 0x7f9ee479d8c0>,12,24,[ 4 10],13,-1,61,-1,37
1,<environment.Job instance at 0x7f9ee479d820>,13,25,[11  2],14,-1,62,-1,37
1,<environment.Job instance at 0x7f9ee4ea5230>,14,16,[ 1 14],15,-1,53,-1,37
1,<environment.Job instance at 0x7f9ee479df00>,16,12,[ 3 10],17,-1,58,-1,46
1,<environment.Job instance at 0x7f9ee5838500>,20,14,[ 2 11],21,-1,85,-1,71
1,<environment.Job instance at 0x7f9ee4d4fd20>,22,3,[5 9],23,-1,74,-1,71
1,<environment.Job instance at 0x7f9ee4b3b1e0>,23,2,[6 4],24,-1,73,-1,71
1,<environment.Job instance at 0x7f9ee4d4f5a0>,24,2,[3 5],25,-1,73,-1,71
1,<environment.Job instance at 0x7f9ee4ee9f00>,28,2,[2 9],29,-1,98,-1,96
1,<environment.Job instance at 0x7f9ee4de5c80>,34,13,[12  5],35,-1,150,-1,137
1,<environment.Job instance at 0x7f9ee45e59b0>,39,2,[8 4],40,-1,156,-1,154
1,<environment.Job instance at 0x7f9ee5085e10>,42,2,[7 2],43,-1,171,-1,169
1,<environment.Job instance at 0x7f9ee50855f0>,43,16,[12  2],44,-1,185,-1,169
1,<environment.Job instance at 0x7f9ee5085190>,44,15,[ 5 12],45,-1,184,-1,169
1,<environment.Job instance at 0x7f9ee5085280>,45,2,[2 9],46,-1,171,-1,169
1,<environment.Job instance at 0x7f9ee5085d20>,46,2,[13  3],47,-1,171,-1,169
1,<environment.Job instance at 0x7f9ee5085dc0>,47,1,[8 1],48,-1,170,-1,169
1,<environment.Job instance at 0x7f9ee5085b40>,48,15,[13  3],49,-1,184,-1,169
1,<environment.Job instance at 0x7f9ee463b640>,49,12,[10  3],50,-1,185,-1,173
1,<environment.Job instance at 0x7f9ee43f3370>,51,15,[10  1],52,-1,189,-1,174
1,<environment.Job instance at 0x7f9ee463bb90>,53,23,[6 5],54,-1,211,-1,188
1,<environment.Job instance at 0x7f9ee51ff500>,55,2,[ 5 13],56,-1,190,-1,188
1,<environment.Job instance at 0x7f9ee51ff5a0>,56,27,[4 6],57,-1,215,-1,188
1,<environment.Job instance at 0x7f9ee51ffaf0>,57,1,[4 9],58,-1,189,-1,188
1,<environment.Job instance at 0x7f9ee4a2be10>,3,17,[ 2 12],4,-1,21,-1,4
1,<environment.Job instance at 0x7f9ee4a2b9b0>,10,13,[ 2 10],11,-1,36,-1,23
1,<environment.Job instance at 0x7f9ee3f7b050>,22,2,[9 1],23,-1,122,-1,120
1,<environment.Job instance at 0x7f9ee3f5b050>,23,14,[1 8],24,-1,134,-1,120
1,<environment.Job instance at 0x7f9ee4ce0280>,25,14,[ 1 14],26,-1,145,-1,131
1,<environment.Job instance at 0x7f9ee47c4dc0>,27,22,[12  2],28,-1,154,-1,132
1,<environment.Job instance at 0x7f9ee4b4e960>,28,26,[ 2 10],29,-1,158,-1,132
1,<environment.Job instance at 0x7f9ee44db410>,29,14,[12  5],30,-1,146,-1,132
1,<environment.Job instance at 0x7f9ee44db8c0>,32,3,[1 9],33,-1,148,-1,145
1,<environment.Job instance at 0x7f9ee57fc140>,33,24,[9 3],34,-1,169,-1,145
1,<environment.Job instance at 0x7f9ee41c1910>,34,23,[13  5],35,-1,168,-1,145
1,<environment.Job instance at 0x7f9ee4d0e500>,35,22,[ 4 10],36,-1,167,-1,145
1,<environment.Job instance at 0x7f9ee4d0eb40>,36,20,[ 2 10],37,-1,193,-1,173
1,<environment.Job instance at 0x7f9ee78e2730>,40,13,[12  4],41,-1,186,-1,173
1,<environment.Job instance at 0x7f9ee78e2960>,41,27,[9 3],42,-1,200,-1,173
1,<environment.Job instance at 0x7f9ee78e2050>,43,18,[ 5 12],44,-1,191,-1,173
1,<environment.Job instance at 0x7f9eee417320>,44,2,[ 2 13],45,-1,175,-1,173
1,<environment.Job instance at 0x7f9eee407aa0>,45,26,[ 3 14],46,-1,199,-1,173
1,<environment.Job instance at 0x7f9ee78e2f00>,46,15,[11  5],47,-1,190,-1,175
1,<environment.Job instance at 0x7f9ee512fe60>,49,25,[8 4],50,-1,212,-1,187
1,<environment.Job instance at 0x7f9ee56884b0>,51,16,[5 1],52,-1,203,-1,187
1,<environment.Job instance at 0x7f9ee557ef50>,52,18,[ 4 12],53,-1,205,-1,187
1,<environment.Job instance at 0x7f9eee40b870>,58,1,[8 1],59,-1,220,-1,219
1,<environment.Job instance at 0x7f9ee4a2b780>,8,22,[8 4],9,-1,347,-1,325
1,<environment.Job instance at 0x7f9ee4bd4960>,2,26,[1 6],3,-1,29,-1,3
1,<environment.Job instance at 0x7f9ee430cc80>,3,23,[5 5],4,-1,27,-1,4
1,<environment.Job instance at 0x7f9ee4331e60>,12,26,[10  5],13,-1,51,-1,25
1,<environment.Job instance at 0x7f9ee4331e10>,13,27,[10  3],14,-1,52,-1,25
1,<environment.Job instance at 0x7f9ee4331d20>,15,28,[1 7],16,-1,56,-1,28
1,<environment.Job instance at 0x7f9ee4331190>,16,25,[6 4],17,-1,53,-1,28
1,<environment.Job instance at 0x7f9ee4331d70>,17,17,[ 2 10],18,-1,51,-1,34
1,<environment.Job instance at 0x7f9ee43315f0>,19,12,[9 1],20,-1,52,-1,40
1,<environment.Job instance at 0x7f9ee4331280>,20,26,[3 6],21,-1,66,-1,40
1,<environment.Job instance at 0x7f9ee431f1e0>,29,1,[ 2 11],30,-1,123,-1,122
1,<environment.Job instance at 0x7f9ee431f410>,30,25,[7 5],31,-1,147,-1,122
1,<environment.Job instance at 0x7f9ee431fcd0>,32,13,[ 2 13],33,-1,144,-1,131
1,<environment.Job instance at 0x7f9ee431fd20>,33,14,[ 1 13],34,-1,145,-1,131
1,<environment.Job instance at 0x7f9ee431f280>,34,23,[9 4],35,-1,154,-1,131
1,<environment.Job instance at 0x7f9ee431f0f0>,35,28,[8 5],36,-1,159,-1,131
1,<environment.Job instance at 0x7f9ee431feb0>,37,23,[8 4],38,-1,157,-1,134
1,<environment.Job instance at 0x7f9ee433b730>,38,14,[3 8],39,-1,148,-1,134
1,<environment.Job instance at 0x7f9ee433bc80>,39,12,[10  1],40,-1,146,-1,134
1,<environment.Job instance at 0x7f9ee433bdc0>,40,12,[2 7],41,-1,146,-1,134
1,<environment.Job instance at 0x7f9ee433bcd0>,41,14,[ 4 10],42,-1,148,-1,134
1,<environment.Job instance at 0x7f9ee4ae2320>,5,16,[12  1],6,-1,22,-1,6
1,<environment.Job instance at 0x7f9ee4325960>,6,26,[9 2],7,-1,33,-1,7
1,<environment.Job instance at 0x7f9ee4f85d70>,14,25,[1 6],15,-1,51,-1,26
1,<environment.Job instance at 0x7f9ee47ec230>,16,24,[1 9],17,-1,69,-1,45
1,<environment.Job instance at 0x7f9ee47eca50>,18,12,[7 4],19,-1,58,-1,46
1,<environment.Job instance at 0x7f9ee5591690>,19,14,[ 3 10],20,-1,60,-1,46
1,<environment.Job instance at 0x7f9ee5591230>,20,1,[7 3],21,-1,47,-1,46
1,<environment.Job instance at 0x7f9ee5591320>,21,26,[13  1],22,-1,72,-1,46
1,<environment.Job instance at 0x7f9ee44cdcd0>,25,14,[ 2 10],26,-1,104,-1,90
1,<environment.Job instance at 0x7f9ee43e8550>,51,2,[5 9],52,-1,302,-1,300
1,<environment.Job instance at 0x7f9ee43e8280>,52,28,[10  3],53,-1,328,-1,300
1,<environment.Job instance at 0x7f9ee43e8370>,53,28,[10  4],54,-1,328,-1,300
1,<environment.Job instance at 0x7f9ee43e8d20>,55,25,[5 7],56,-1,327,-1,302
1,<environment.Job instance at 0x7f9ee43e8be0>,56,16,[13  3],57,-1,318,-1,302
1,<environment.Job instance at 0x7f9ee4f97b90>,2,28,[3 8],3,-1,31,-1,3
1,<environment.Job instance at 0x7f9ee542df00>,3,18,[ 1 14],4,-1,22,-1,4
1,<environment.Job instance at 0x7f9ee543c1e0>,6,16,[12  2],7,-1,23,-1,7
1,<environment.Job instance at 0x7f9ee543c460>,11,1,[ 5 10],12,-1,13,-1,12
1,<environment.Job instance at 0x7f9ee543c640>,12,24,[8 3],13,-1,37,-1,13
1,<environment.Job instance at 0x7f9ee543c6e0>,14,23,[ 5 10],15,-1,38,-1,15
1,<environment.Job instance at 0x7f9ee543c820>,15,25,[ 2 14],16,-1,41,-1,16
1,<environment.Job instance at 0x7f9ee543c8c0>,16,12,[ 3 13],17,-1,29,-1,17
1,<environment.Job instance at 0x7f9ee543cf50>,26,13,[11  2],27,-1,99,-1,86
1,<environment.Job instance at 0x7f9ee543c690>,27,13,[12  3],28,-1,99,-1,86
1,<environment.Job instance at 0x7f9ee545baa0>,31,24,[14  3],32,-1,123,-1,99
1,<environment.Job instance at 0x7f9ee545b3c0>,32,25,[ 5 10],33,-1,124,-1,99
1,<environment.Job instance at 0x7f9ee545b4b0>,33,16,[ 3 12],34,-1,115,-1,99
1,<environment.Job instance at 0x7f9ee545bfa0>,40,18,[ 5 12],41,-1,176,-1,158
1,<environment.Job instance at 0x7f9ee545b8c0>,47,26,[5 5],48,-1,222,-1,196
1,<environment.Job instance at 0x7f9ee545b0a0>,49,23,[7 1],50,-1,233,-1,210
1,<environment.Job instance at 0x7f9ee544c1e0>,52,25,[6 3],53,-1,253,-1,228
1,<environment.Job instance at 0x7f9ee544c280>,53,23,[7 4],54,-1,251,-1,228
1,<environment.Job instance at 0x7f9ee544c3c0>,55,12,[13  4],56,-1,240,-1,228
1,<environment.Job instance at 0x7f9ee5388eb0>,56,28,[5 4],57,-1,256,-1,228
1,<environment.Job instance at 0x7f9ee4756280>,57,2,[3 8],58,-1,230,-1,228
1,<environment.Job instance at 0x7f9ee4d8fa00>,58,27,[6 3],59,-1,255,-1,228
1,<environment.Job instance at 0x7f9ee476ea50>,1,2,[ 2 12],2,-1,4,-1,2
1,<environment.Job instance at 0x7f9ee476e1e0>,2,28,[7 1],3,-1,31,-1,3
1,<environment.Job instance at 0x7f9ee476e910>,3,18,[ 3 14],4,-1,22,-1,4
1,<environment.Job instance at 0x7f9ee476eb40>,5,16,[ 1 14],6,-1,22,-1,6
1,<environment.Job instance at 0x7f9ee4384b90>,6,26,[3 8],7,-1,33,-1,7
1,<environment.Job instance at 0x7f9ee4384dc0>,7,26,[10  5],8,-1,34,-1,8
1,<environment.Job instance at 0x7f9ee4384280>,9,16,[12  4],10,-1,26,-1,10
1,<environment.Job instance at 0x7f9ee4384780>,10,24,[1 6],11,-1,35,-1,11
1,<environment.Job instance at 0x7f9ee4384550>,12,24,[5 8],13,-1,37,-1,13
1,<environment.Job instance at 0x7f9ee4384eb0>,27,24,[6 2],28,-1,136,-1,112
1,<environment.Job instance at 0x7f9ee43ad870>,29,25,[8 3],30,-1,146,-1,121
1,<environment.Job instance at 0x7f9ee43add70>,30,15,[11  1],31,-1,136,-1,121
1,<environment.Job instance at 0x7f9ee43ad280>,32,1,[7 4],33,-1,138,-1,137
1,<environment.Job instance at 0x7f9ee43ad050>,37,20,[ 5 13],38,-1,175,-1,155
1,<environment.Job instance at 0x7f9ee43adf50>,42,25,[6 1],43,-1,207,-1,182
1,<environment.Job instance at 0x7f9ee43ad730>,43,23,[5 5],44,-1,205,-1,182
1,<environment.Job instance at 0x7f9ee43ad320>,44,28,[8 5],45,-1,210,-1,182
1,<environment.Job instance at 0x7f9ee43ad140>,45,12,[13  5],46,-1,194,-1,182
1,<environment.Job instance at 0x7f9ee43866e0>,47,23,[10  2],48,-1,211,-1,188
1,<environment.Job instance at 0x7f9ee4386140>,55,25,[5 3],56,-1,300,-1,275
1,<environment.Job instance at 0x7f9ee78e2f00>,1,16,[ 1 12],2,-1,18,-1,2
1,<environment.Job instance at 0x7f9ee4463410>,5,28,[ 2 14],6,-1,34,-1,6
1,<environment.Job instance at 0x7f9ee4463050>,6,28,[5 1],7,-1,36,-1,8
1,<environment.Job instance at 0x7f9eee1cb0f0>,15,26,[2 9],16,-1,72,-1,46
1,<environment.Job instance at 0x7f9eee1cb870>,17,12,[ 2 13],18,-1,58,-1,46
1,<environment.Job instance at 0x7f9eee1cbd70>,18,17,[11  4],19,-1,63,-1,46
1,<environment.Job instance at 0x7f9ee57ade60>,19,27,[ 4 13],20,-1,73,-1,46
1,<environment.Job instance at 0x7f9ee57add20>,20,15,[14  1],21,-1,61,-1,46
1,<environment.Job instance at 0x7f9ee57ade10>,24,26,[ 4 10],25,-1,106,-1,80
1,<environment.Job instance at 0x7f9ee57adbe0>,28,25,[5 5],29,-1,121,-1,96
1,<environment.Job instance at 0x7f9ee57ad500>,29,26,[2 9],30,-1,122,-1,96
1,<environment.Job instance at 0x7f9ee57ad280>,31,15,[12  4],32,-1,111,-1,96
1,<environment.Job instance at 0x7f9ee57add70>,32,27,[10  3],33,-1,123,-1,96
1,<environment.Job instance at 0x7f9ee57ad0a0>,33,1,[ 1 11],34,-1,97,-1,96
1,<environment.Job instance at 0x7f9ee4f8f410>,34,18,[ 2 12],35,-1,114,-1,96
1,<environment.Job instance at 0x7f9ee4f8f7d0>,35,22,[ 2 11],36,-1,118,-1,96
1,<environment.Job instance at 0x7f9ee4f8fd20>,36,23,[8 4],37,-1,119,-1,96
1,<environment.Job instance at 0x7f9ee4f8fa50>,37,1,[2 5],38,-1,97,-1,96
1,<environment.Job instance at 0x7f9ee4f8f8c0>,38,28,[ 4 10],39,-1,124,-1,96
1,<environment.Job instance at 0x7f9ee4f8f820>,40,3,[5 6],41,-1,110,-1,107
1,<environment.Job instance at 0x7f9ee4f8fe60>,41,24,[2 6],42,-1,131,-1,107
1,<environment.Job instance at 0x7f9ee4b29910>,45,27,[ 2 10],46,-1,156,-1,129
1,<environment.Job instance at 0x7f9ee4b29be0>,47,1,[11  5],48,-1,138,-1,137
1,<environment.Job instance at 0x7f9ee4b291e0>,48,14,[ 5 14],49,-1,151,-1,137
1,<environment.Job instance at 0x7f9ee4b29370>,50,25,[9 2],51,-1,169,-1,144
1,<environment.Job instance at 0x7f9ee4b29410>,52,2,[ 5 13],53,-1,148,-1,146
1,<environment.Job instance at 0x7f9ee4b29190>,55,13,[ 5 13],56,-1,174,-1,161
1,<environment.Job instance at 0x7f9ee4b299b0>,58,24,[5 1],59,-1,202,-1,178
1,<environment.Job instance at 0x7f9ee5287b90>,5,21,[ 3 14],6,-1,27,-1,6
1,<environment.Job instance at 0x7f9ee52877d0>,6,21,[ 2 10],7,-1,29,-1,8
1,<environment.Job instance at 0x7f9ee52810f0>,9,21,[13  5],10,-1,31,-1,10
1,<environment.Job instance at 0x7f9ee5281be0>,15,28,[ 1 13],16,-1,48,-1,20
1,<environment.Job instance at 0x7f9ee5281fa0>,16,19,[ 5 14],17,-1,39,-1,20
1,<environment.Job instance at 0x7f9ee47a83c0>,19,2,[ 4 14],20,-1,39,-1,37
1,<environment.Job instance at 0x7f9ee47a8370>,20,18,[14  4],21,-1,55,-1,37
1,<environment.Job instance at 0x7f9ee47a89b0>,21,18,[ 3 11],22,-1,55,-1,37
1,<environment.Job instance at 0x7f9ee52716e0>,23,26,[ 2 11],24,-1,75,-1,49
1,<environment.Job instance at 0x7f9ee5271910>,24,13,[13  4],25,-1,62,-1,49
1,<environment.Job instance at 0x7f9ee5289500>,28,17,[ 5 13],29,-1,83,-1,66
1,<environment.Job instance at 0x7f9ee3fcf9b0>,29,16,[ 5 14],30,-1,82,-1,66
1,<environment.Job instance at 0x7f9ee3fcf8c0>,30,25,[5 8],31,-1,91,-1,66
1,<environment.Job instance at 0x7f9ee5395500>,32,17,[ 2 14],33,-1,83,-1,66
1,<environment.Job instance at 0x7f9ee453c190>,33,18,[11  3],34,-1,107,-1,89
1,<environment.Job instance at 0x7f9ee441e190>,38,24,[11  3],39,-1,113,-1,89
1,<environment.Job instance at 0x7f9ee4531d70>,39,15,[ 5 12],40,-1,104,-1,89
1,<environment.Job instance at 0x7f9ee442cc30>,40,26,[ 1 12],41,-1,115,-1,89
1,<environment.Job instance at 0x7f9ee539ea50>,42,25,[1 8],43,-1,132,-1,107
1,<environment.Job instance at 0x7f9ee442c500>,43,27,[ 3 12],44,-1,134,-1,107
1,<environment.Job instance at 0x7f9ee539e370>,45,13,[12  4],46,-1,120,-1,107
1,<environment.Job instance at 0x7f9ee442baf0>,48,26,[5 7],49,-1,154,-1,128
1,<environment.Job instance at 0x7f9ee5286dc0>,49,2,[5 1],50,-1,130,-1,128
1,<environment.Job instance at 0x7f9ee4418e10>,50,16,[11  2],51,-1,145,-1,129
1,<environment.Job instance at 0x7f9ee45d5780>,5,15,[12  2],6,-1,21,-1,6
1,<environment.Job instance at 0x7f9ee440baa0>,7,1,[4 5],8,-1,10,-1,9
1,<environment.Job instance at 0x7f9ee45d50f0>,9,15,[ 3 13],10,-1,25,-1,10
1,<environment.Job instance at 0x7f9ee45d55f0>,10,21,[9 1],11,-1,143,-1,122
1,<environment.Job instance at 0x7f9ee4531230>,31,25,[1 6],32,-1,179,-1,154
1,<environment.Job instance at 0x7f9ee4531b90>,32,26,[5 5],33,-1,180,-1,154
1,<environment.Job instance at 0x7f9ee4531f50>,33,15,[12  2],34,-1,169,-1,154
1,<environment.Job instance at 0x7f9ee4a33910>,37,14,[14  4],38,-1,183,-1,169
1,<environment.Job instance at 0x7f9ee4a333c0>,38,3,[4 8],39,-1,172,-1,169
1,<environment.Job instance at 0x7f9ee4a025a0>,41,23,[3 6],42,-1,207,-1,184
1,<environment.Job instance at 0x7f9ee4a02a00>,44,23,[2 6],45,-1,224,-1,201
1,<environment.Job instance at 0x7f9ee4a02870>,45,15,[ 3 13],46,-1,216,-1,201
1,<environment.Job instance at 0x7f9ee4a021e0>,48,24,[9 2],49,-1,243,-1,219
1,<environment.Job instance at 0x7f9ee4a02cd0>,49,13,[11  4],50,-1,232,-1,219
1,<environment.Job instance at 0x7f9ee4a023c0>,50,17,[ 3 12],51,-1,236,-1,219
1,<environment.Job instance at 0x7f9ee4a02af0>,51,2,[7 4],52,-1,221,-1,219
1,<environment.Job instance at 0x7f9ee4a02aa0>,52,2,[4 6],53,-1,221,-1,219
1,<environment.Job instance at 0x7f9ee4a02f50>,53,2,[12  2],54,-1,221,-1,219
1,<environment.Job instance at 0x7f9ee4a02230>,54,17,[13  5],55,-1,236,-1,219
1,<environment.Job instance at 0x7f9ee4a37870>,57,15,[ 5 12],58,-1,244,-1,229
1,<environment.Job instance at 0x7f9ee45311e0>,2,25,[10  5],3,-1,28,-1,3
1,<environment.Job instance at 0x7f9ee45318c0>,6,28,[4 6],7,-1,37,-1,9
1,<environment.Job instance at 0x7f9ee5145a00>,9,15,[14  4],10,-1,25,-1,10
1,<environment.Job instance at 0x7f9ee5145aa0>,10,13,[13  5],11,-1,24,-1,11
1,<environment.Job instance at 0x7f9ee5145cd0>,15,1,[ 1 13],16,-1,20,-1,19
1,<environment.Job instance at 0x7f9ee5145e60>,16,26,[8 2],17,-1,45,-1,19
1,<environment.Job instance at 0x7f9ee5145f00>,17,26,[5 7],18,-1,45,-1,19
1,<environment.Job instance at 0x7f9ee51458c0>,19,26,[11  1],20,-1,57,-1,31
1,<environment.Job instance at 0x7f9ee514c320>,22,13,[10  1],23,-1,61,-1,48
1,<environment.Job instance at 0x7f9ee514c500>,25,18,[ 1 12],26,-1,80,-1,62
1,<environment.Job instance at 0x7f9ee514c5a0>,26,15,[ 3 11],27,-1,77,-1,62
1,<environment.Job instance at 0x7f9ee514c640>,27,24,[1 5],28,-1,86,-1,62
1,<environment.Job instance at 0x7f9ee514c6e0>,28,23,[6 3],29,-1,85,-1,62
1,<environment.Job instance at 0x7f9ee514c780>,29,16,[ 2 13],30,-1,78,-1,62
1,<environment.Job instance at 0x7f9ee514c820>,30,21,[ 4 13],31,-1,83,-1,62
1,<environment.Job instance at 0x7f9ee514ca00>,32,14,[ 2 10],33,-1,94,-1,80
1,<environment.Job instance at 0x7f9ee514cb40>,33,27,[13  3],34,-1,107,-1,80
1,<environment.Job instance at 0x7f9ee514cbe0>,34,24,[3 9],35,-1,104,-1,80
1,<environment.Job instance at 0x7f9ee514cc80>,35,2,[5 7],36,-1,82,-1,80
1,<environment.Job instance at 0x7f9ee514cd20>,36,23,[14  1],37,-1,103,-1,80
1,<environment.Job instance at 0x7f9ee514cdc0>,37,27,[11  2],38,-1,107,-1,80
1,<environment.Job instance at 0x7f9ee514ce60>,38,14,[9 1],39,-1,106,-1,92
1,<environment.Job instance at 0x7f9ee514ceb0>,41,15,[13  2],42,-1,107,-1,92
1,<environment.Job instance at 0x7f9ee514cf50>,42,16,[11  3],43,-1,108,-1,92
1,<environment.Job instance at 0x7f9ee51241e0>,43,15,[ 1 10],44,-1,107,-1,92
1,<environment.Job instance at 0x7f9ee5124460>,46,16,[13  2],47,-1,124,-1,108
1,<environment.Job instance at 0x7f9ee51247d0>,52,28,[13  5],53,-1,174,-1,146
1,<environment.Job instance at 0x7f9ee51248c0>,53,27,[6 1],54,-1,173,-1,146
1,<environment.Job instance at 0x7f9ee5124820>,55,17,[ 5 11],56,-1,164,-1,147
1,<environment.Job instance at 0x7f9ee5124aa0>,57,19,[ 5 10],58,-1,169,-1,150
1,<environment.Job instance at 0x7f9ee51244b0>,49,18,[9 2],50,-1,6231,-1,6213
1,<environment.Job instance at 0x7f7ba434f9b0>,4,24,[ 3 11],5,-1,29,-1,5
1,<environment.Job instance at 0x7f7ba434ff50>,8,24,[ 2 10],9,-1,33,-1,9
1,<environment.Job instance at 0x7f7ba4352410>,14,21,[ 3 11],15,-1,43,-1,22
1,<environment.Job instance at 0x7f7ba43525f0>,17,18,[ 5 13],18,-1,58,-1,40
1,<environment.Job instance at 0x7f7ba4352910>,20,21,[13  5],21,-1,82,-1,61
1,<environment.Job instance at 0x7f7ba4352af0>,27,25,[14  4],28,-1,123,-1,98
1,<environment.Job instance at 0x7f7ba4352cd0>,28,2,[5 8],29,-1,100,-1,98
1,<environment.Job instance at 0x7f7ba4352d70>,29,24,[5 1],30,-1,122,-1,98
1,<environment.Job instance at 0x7f7ba4355410>,39,23,[4 6],40,-1,192,-1,169
1,<environment.Job instance at 0x7f7ba43555f0>,41,3,[6 3],42,-1,172,-1,169
1,<environment.Job instance at 0x7f7ba43557d0>,42,13,[12  1],43,-1,182,-1,169
1,<environment.Job instance at 0x7f7ba4355870>,43,21,[ 2 12],44,-1,190,-1,169
1,<environment.Job instance at 0x7f7ba4355910>,44,26,[8 4],45,-1,195,-1,169
1,<environment.Job instance at 0x7f7ba43559b0>,45,13,[11  3],46,-1,182,-1,169
1,<environment.Job instance at 0x7f7ba4355a50>,46,2,[ 1 10],47,-1,171,-1,169
1,<environment.Job instance at 0x7f7ba4355af0>,47,13,[ 3 12],48,-1,182,-1,169
1,<environment.Job instance at 0x7f7ba4355d70>,51,13,[ 3 12],52,-1,201,-1,188
1,<environment.Job instance at 0x7f7ba4355e10>,52,3,[13  2],53,-1,191,-1,188
1,<environment.Job instance at 0x7f7ba4355fa0>,54,3,[1 7],55,-1,203,-1,200
1,<environment.Job instance at 0x7f7ba4355f50>,56,28,[10  1],57,-1,228,-1,200
1,<environment.Job instance at 0x7f7ba43585a0>,62,24,[ 3 10],63,-1,260,-1,236
1,<environment.Job instance at 0x7f7ba4358140>,65,15,[ 1 11],66,-1,286,-1,271
1,<environment.Job instance at 0x7f7ba4358500>,68,25,[ 2 12],69,-1,296,-1,271
1,<environment.Job instance at 0x7f7ba43520f0>,3,27,[8 2],4,-1,31,-1,4
1,<environment.Job instance at 0x7f7ba3a93eb0>,12,2,[10  3],13,-1,31,-1,29
1,<environment.Job instance at 0x7f7ba3a934b0>,13,17,[ 4 14],14,-1,46,-1,29
1,<environment.Job instance at 0x7f7ba3a93550>,14,21,[ 1 10],15,-1,59,-1,38
1,<environment.Job instance at 0x7f7ba3a93b90>,16,12,[ 3 14],17,-1,50,-1,38
1,<environment.Job instance at 0x7f7ba3a93cd0>,18,3,[9 5],19,-1,49,-1,46
1,<environment.Job instance at 0x7f7ba3a930a0>,19,18,[ 4 11],20,-1,64,-1,46
1,<environment.Job instance at 0x7f7ba3a93e10>,21,14,[12  2],22,-1,67,-1,53
1,<environment.Job instance at 0x7f7ba3a93140>,22,3,[2 8],23,-1,56,-1,53
1,<environment.Job instance at 0x7f7ba3a88410>,23,27,[12  1],24,-1,80,-1,53
1,<environment.Job instance at 0x7f7ba3a88e60>,28,2,[10  4],29,-1,97,-1,95
1,<environment.Job instance at 0x7f7ba3a88aa0>,31,18,[12  3],32,-1,135,-1,117
1,<environment.Job instance at 0x7f7ba3a929b0>,32,13,[ 5 12],33,-1,130,-1,117
1,<environment.Job instance at 0x7f7ba3a922d0>,39,27,[5 8],40,-1,192,-1,165
1,<environment.Job instance at 0x7f7ba3a92af0>,41,13,[12  3],42,-1,178,-1,165
1,<environment.Job instance at 0x7f7ba3a8ea00>,44,28,[7 4],45,-1,204,-1,176
1,<environment.Job instance at 0x7f7bad9868c0>,46,3,[1 6],47,-1,185,-1,182
1,<environment.Job instance at 0x7f7ba39ccf00>,50,18,[ 3 12],51,-1,229,-1,211
1,<environment.Job instance at 0x7f7ba39673c0>,53,24,[5 6],54,-1,249,-1,225
1,<environment.Job instance at 0x7f7bad9903c0>,59,3,[14  4],60,-1,261,-1,258
1,<environment.Job instance at 0x7f7ba3a37050>,62,23,[ 1 14],63,-1,310,-1,287
1,<environment.Job instance at 0x7f7ba3a92820>,67,26,[ 1 11],68,-1,333,-1,307
1,<environment.Job instance at 0x7f7ba396c1e0>,4,17,[ 3 14],5,-1,22,-1,5
1,<environment.Job instance at 0x7f7ba396c780>,6,25,[5 4],7,-1,35,-1,10
1,<environment.Job instance at 0x7f7ba396c460>,11,24,[12  2],12,-1,36,-1,12
1,<environment.Job instance at 0x7f7ba3996690>,12,26,[ 3 11],13,-1,39,-1,13
1,<environment.Job instance at 0x7f7ba39964b0>,15,16,[ 1 11],16,-1,32,-1,16
1,<environment.Job instance at 0x7f7ba3996be0>,20,13,[14  2],21,-1,43,-1,30
1,<environment.Job instance at 0x7f7ba39962d0>,25,13,[ 1 14],26,-1,97,-1,84
1,<environment.Job instance at 0x7f7ba3996280>,26,16,[12  1],27,-1,100,-1,84
1,<environment.Job instance at 0x7f7ba3a88960>,27,15,[ 4 14],28,-1,99,-1,84
1,<environment.Job instance at 0x7f7ba3a88f00>,29,18,[ 5 11],30,-1,102,-1,84
1,<environment.Job instance at 0x7f7ba3a88910>,30,22,[11  3],31,-1,106,-1,84
1,<environment.Job instance at 0x7f7ba3a88e10>,31,18,[11  2],32,-1,102,-1,84
1,<environment.Job instance at 0x7f7ba3a888c0>,34,21,[9 1],35,-1,196,-1,175
1,<environment.Job instance at 0x7f7ba3a96370>,43,23,[ 2 14],44,-1,198,-1,175
1,<environment.Job instance at 0x7f7ba3a96c80>,44,12,[ 2 11],45,-1,187,-1,175
1,<environment.Job instance at 0x7f7ba3a96b40>,45,19,[5 1],46,-1,194,-1,175
1,<environment.Job instance at 0x7f7ba3a96140>,59,16,[ 3 10],60,-1,276,-1,260
1,<environment.Job instance at 0x7f7ba399b320>,60,23,[5 8],61,-1,283,-1,260
1,<environment.Job instance at 0x7f7ba399b140>,61,21,[ 4 11],62,-1,281,-1,260
1,<environment.Job instance at 0x7f7ba399b230>,62,13,[ 3 12],63,-1,273,-1,260
1,<environment.Job instance at 0x7f7ba399bfa0>,65,24,[12  1],66,-1,303,-1,279
1,<environment.Job instance at 0x7f7ba399b410>,66,14,[11  2],67,-1,293,-1,279
1,<environment.Job instance at 0x7f7ba399b5a0>,67,27,[5 3],68,-1,306,-1,279
1,<environment.Job instance at 0x7f7ba3a969b0>,58,17,[10  5],59,-1,728,-1,711
1,<environment.Job instance at 0x7f7ba3a96be0>,49,26,[3 6],50,-1,2821,-1,2795
1,<environment.Job instance at 0x7f7ba3a96500>,2,18,[ 2 14],3,-1,21,-1,3
1,<environment.Job instance at 0x7f7ba49d0b40>,4,18,[12  2],5,-1,23,-1,5
1,<environment.Job instance at 0x7f7ba49d07d0>,7,13,[ 4 12],8,-1,21,-1,8
1,<environment.Job instance at 0x7f7ba49d0320>,9,13,[10  1],10,-1,25,-1,12
1,<environment.Job instance at 0x7f7ba49d0d20>,12,28,[7 4],13,-1,41,-1,13
1,<environment.Job instance at 0x7f7ba4766820>,20,21,[ 1 10],21,-1,92,-1,71
1,<environment.Job instance at 0x7f7ba47669b0>,22,13,[2 9],23,-1,98,-1,85
1,<environment.Job instance at 0x7f7ba47663c0>,23,24,[9 1],24,-1,109,-1,85
1,<environment.Job instance at 0x7f7ba4766690>,24,15,[14  3],25,-1,100,-1,85
1,<environment.Job instance at 0x7f7ba4766af0>,26,13,[ 5 13],27,-1,101,-1,88
1,<environment.Job instance at 0x7f7ba4766f00>,34,28,[13  3],35,-1,233,-1,205
1,<environment.Job instance at 0x7f7ba47664b0>,37,18,[ 1 13],38,-1,235,-1,217
1,<environment.Job instance at 0x7f7ba4766c80>,38,24,[ 5 11],39,-1,241,-1,217
1,<environment.Job instance at 0x7f7ba4793870>,41,16,[ 2 13],42,-1,249,-1,233
1,<environment.Job instance at 0x7f7ba4793a50>,43,15,[ 1 11],44,-1,260,-1,245
1,<environment.Job instance at 0x7f7ba47936e0>,45,13,[11  1],46,-1,276,-1,263
1,<environment.Job instance at 0x7f7ba4793be0>,47,3,[8 3],48,-1,268,-1,265
1,<environment.Job instance at 0x7f7ba4793640>,51,2,[5 1],52,-1,280,-1,278
1,<environment.Job instance at 0x7f7ba47935f0>,52,23,[1 7],53,-1,316,-1,293
1,<environment.Job instance at 0x7f7ba47930f0>,53,12,[12  2],54,-1,305,-1,293
1,<environment.Job instance at 0x7f7ba4793190>,55,2,[14  3],56,-1,295,-1,293
1,<environment.Job instance at 0x7f7ba4793280>,56,19,[ 3 14],57,-1,312,-1,293
1,<environment.Job instance at 0x7f7ba4793230>,57,2,[14  5],58,-1,295,-1,293
1,<environment.Job instance at 0x7f7ba4793e10>,60,12,[12  4],61,-1,329,-1,317
1,<environment.Job instance at 0x7f7ba47aefa0>,6,28,[14  3],7,-1,35,-1,7
1,<environment.Job instance at 0x7f7ba47aee60>,7,24,[ 4 11],8,-1,32,-1,8
1,<environment.Job instance at 0x7f7ba47a17d0>,19,15,[ 1 13],20,-1,76,-1,61
1,<environment.Job instance at 0x7f7ba47a1af0>,20,1,[11  3],21,-1,62,-1,61
1,<environment.Job instance at 0x7f7ba4e90b90>,25,24,[8 2],26,-1,97,-1,73
1,<environment.Job instance at 0x7f7ba4e93c80>,31,25,[10  5],32,-1,148,-1,123
1,<environment.Job instance at 0x7f7ba4e93910>,32,15,[12  4],33,-1,138,-1,123
1,<environment.Job instance at 0x7f7ba41b6d20>,34,1,[10  3],35,-1,137,-1,136
1,<environment.Job instance at 0x7f7ba41b6be0>,35,13,[7 1],36,-1,161,-1,148
1,<environment.Job instance at 0x7f7ba4e75500>,41,25,[5 1],42,-1,191,-1,166
1,<environment.Job instance at 0x7f7ba3dc01e0>,44,18,[ 4 13],45,-1,211,-1,193
1,<environment.Job instance at 0x7f7ba3dc0eb0>,45,24,[9 3],46,-1,217,-1,193
1,<environment.Job instance at 0x7f7ba3db00a0>,46,15,[13  4],47,-1,208,-1,193
1,<environment.Job instance at 0x7f7ba4e5e5a0>,48,24,[ 2 13],49,-1,231,-1,207
1,<environment.Job instance at 0x7f7ba4e973c0>,49,3,[ 2 14],50,-1,210,-1,207
1,<environment.Job instance at 0x7f7ba4e975f0>,50,16,[ 5 13],51,-1,223,-1,207
1,<environment.Job instance at 0x7f7ba4e97dc0>,52,22,[4 8],53,-1,247,-1,225
1,<environment.Job instance at 0x7f7ba4e97690>,55,24,[6 1],56,-1,249,-1,225
1,<environment.Job instance at 0x7f7ba4e97b90>,57,18,[13  2],58,-1,254,-1,236
1,<environment.Job instance at 0x7f7ba4e97eb0>,58,19,[ 5 13],59,-1,255,-1,236
1,<environment.Job instance at 0x7f7ba4e97460>,59,28,[3 5],60,-1,264,-1,236
1,<environment.Job instance at 0x7f7ba4135460>,62,26,[5 3],63,-1,274,-1,248
1,<environment.Job instance at 0x7f7ba4135410>,63,18,[11  4],64,-1,266,-1,248
1,<environment.Job instance at 0x7f7ba4e67550>,64,15,[ 3 11],65,-1,263,-1,248
1,<environment.Job instance at 0x7f7ba4e67500>,66,27,[2 8],67,-1,289,-1,262
1,<environment.Job instance at 0x7f7ba4e67780>,67,12,[ 3 11],68,-1,274,-1,262
1,<environment.Job instance at 0x7f7ba41b6690>,2,27,[4 6],3,-1,30,-1,3
1,<environment.Job instance at 0x7f7ba4e87cd0>,7,12,[ 2 11],8,-1,22,-1,10
1,<environment.Job instance at 0x7f7ba4e8f1e0>,9,15,[12  5],10,-1,27,-1,12
1,<environment.Job instance at 0x7f7ba4e8f320>,10,16,[ 3 12],11,-1,28,-1,12
1,<environment.Job instance at 0x7f7ba4e8f0a0>,11,16,[ 3 12],12,-1,28,-1,12
1,<environment.Job instance at 0x7f7ba4e8f5f0>,14,25,[10  4],15,-1,75,-1,50
1,<environment.Job instance at 0x7f7ba4e8fbe0>,16,3,[5 9],17,-1,53,-1,50
1,<environment.Job instance at 0x7f7ba4e8f280>,17,15,[1 9],18,-1,65,-1,50
1,<environment.Job instance at 0x7f7ba4e8f820>,18,12,[ 2 11],19,-1,62,-1,50
1,<environment.Job instance at 0x7f7ba4e8f9b0>,20,26,[ 2 11],21,-1,81,-1,55
1,<environment.Job instance at 0x7f7ba4e8f870>,21,12,[12  1],22,-1,67,-1,55
1,<environment.Job instance at 0x7f7ba4e8f410>,22,1,[ 2 10],23,-1,56,-1,55
1,<environment.Job instance at 0x7f7ba47886e0>,26,24,[3 6],27,-1,94,-1,70
1,<environment.Job instance at 0x7f7ba3a38960>,6,13,[ 1 11],7,-1,20,-1,7
1,<environment.Job instance at 0x7f7ba49febe0>,15,28,[ 4 10],16,-1,101,-1,73
1,<environment.Job instance at 0x7f7ba49fe9b0>,16,2,[5 3],17,-1,75,-1,73
1,<environment.Job instance at 0x7f7ba49fea50>,21,16,[ 5 13],22,-1,115,-1,99
1,<environment.Job instance at 0x7f7ba49fecd0>,22,14,[9 1],23,-1,117,-1,103
1,<environment.Job instance at 0x7f7ba49fefa0>,23,24,[5 6],24,-1,127,-1,103
1,<environment.Job instance at 0x7f7ba49e21e0>,24,2,[3 5],25,-1,105,-1,103
1,<environment.Job instance at 0x7f7ba49e27d0>,33,27,[ 3 14],34,-1,207,-1,180
1,<environment.Job instance at 0x7f7ba49fb230>,48,2,[7 2],49,-1,319,-1,317
1,<environment.Job instance at 0x7f7ba49fb410>,51,25,[7 3],52,-1,355,-1,330
1,<environment.Job instance at 0x7f7ba49fb550>,53,27,[ 5 13],54,-1,365,-1,338
1,<environment.Job instance at 0x7f7ba49fb5f0>,54,13,[14  5],55,-1,351,-1,338
1,<environment.Job instance at 0x7f7ba49fb690>,55,12,[ 4 13],56,-1,350,-1,338
1,<environment.Job instance at 0x7f7ba49fb0a0>,57,14,[ 3 12],58,-1,365,-1,351
1,<environment.Job instance at 0x7f7ba49fb870>,58,23,[7 3],59,-1,374,-1,351
1,<environment.Job instance at 0x7f7ba49fba00>,59,27,[5 8],60,-1,378,-1,351
1,<environment.Job instance at 0x7f7ba49fbc30>,63,23,[10  3],64,-1,398,-1,375
1,<environment.Job instance at 0x7f7ba49fbcd0>,64,24,[4 8],65,-1,399,-1,375
1,<environment.Job instance at 0x7f7ba49fbd70>,65,26,[14  5],66,-1,401,-1,375
1,<environment.Job instance at 0x7f7ba49fbe10>,66,1,[8 1],67,-1,376,-1,375
1,<environment.Job instance at 0x7f7ba49fbf50>,68,2,[7 2],69,-1,377,-1,375
1,<environment.Job instance at 0x7f7ba41daa50>,2,28,[12  4],3,-1,31,-1,3
1,<environment.Job instance at 0x7f7ba4a20280>,7,28,[7 5],8,-1,36,-1,8
1,<environment.Job instance at 0x7f7ba4a206e0>,14,25,[ 3 10],15,-1,55,-1,30
1,<environment.Job instance at 0x7f7ba3eef9b0>,17,17,[13  5],18,-1,63,-1,46
1,<environment.Job instance at 0x7f7ba3eefe60>,20,28,[7 2],21,-1,80,-1,52
1,<environment.Job instance at 0x7f7ba3eefbe0>,22,25,[5 7],23,-1,97,-1,72
1,<environment.Job instance at 0x7f7ba3eef960>,25,21,[ 5 13],26,-1,103,-1,82
1,<environment.Job instance at 0x7f7ba3b590f0>,28,17,[13  2],29,-1,112,-1,95
1,<environment.Job instance at 0x7f7ba3b59c80>,29,22,[12  5],30,-1,117,-1,95
1,<environment.Job instance at 0x7f7ba3b596e0>,34,12,[ 2 13],35,-1,140,-1,128
1,<environment.Job instance at 0x7f7ba3b59c30>,35,1,[4 9],36,-1,129,-1,128
1,<environment.Job instance at 0x7f7ba3b598c0>,37,24,[10  2],38,-1,152,-1,128
1,<environment.Job instance at 0x7f7ba3b59050>,38,14,[ 5 14],39,-1,142,-1,128
1,<environment.Job instance at 0x7f7ba3b59140>,40,12,[8 1],41,-1,162,-1,150
1,<environment.Job instance at 0x7f7ba3b592d0>,42,25,[11  2],43,-1,175,-1,150
1,<environment.Job instance at 0x7f7ba3b59780>,43,15,[ 3 12],44,-1,165,-1,150
1,<environment.Job instance at 0x7f7ba3e4a050>,47,23,[9 5],48,-1,195,-1,172
1,<environment.Job instance at 0x7f7ba3e4a190>,48,23,[8 1],49,-1,195,-1,172
1,<environment.Job instance at 0x7f7ba3e4a9b0>,50,15,[ 5 14],51,-1,189,-1,174
1,<environment.Job instance at 0x7f7ba3be9320>,52,12,[ 5 13],53,-1,198,-1,186
1,<environment.Job instance at 0x7f7ba3be9c80>,68,12,[ 3 13],69,-1,340,-1,328
1,<environment.Job instance at 0x7f7ba47bbcd0>,3,18,[ 5 11],4,-1,22,-1,4
1,<environment.Job instance at 0x7f7ba47bbfa0>,5,25,[4 9],6,-1,31,-1,6
1,<environment.Job instance at 0x7f7ba47bb1e0>,6,18,[ 1 12],7,-1,25,-1,7
1,<environment.Job instance at 0x7f7ba4a31460>,16,19,[ 1 12],17,-1,50,-1,31
1,<environment.Job instance at 0x7f7ba4a318c0>,17,24,[10  2],18,-1,55,-1,31
1,<environment.Job instance at 0x7f7ba4a31690>,18,2,[ 4 13],19,-1,33,-1,31
1,<environment.Job instance at 0x7f7ba4a314b0>,21,28,[ 1 12],22,-1,73,-1,45
1,<environment.Job instance at 0x7f7ba4396820>,4,13,[12  5],5,-1,18,-1,5
1,<environment.Job instance at 0x7f7ba47e8870>,15,2,[2 9],16,-1,34,-1,32
1,<environment.Job instance at 0x7f7ba47e8b90>,16,2,[13  3],17,-1,34,-1,32
1,<environment.Job instance at 0x7f7ba47e8230>,17,1,[8 1],18,-1,33,-1,32
1,<environment.Job instance at 0x7f7ba47e8370>,18,15,[13  3],19,-1,47,-1,32
1,<environment.Job instance at 0x7f7ba47e8500>,19,12,[10  3],20,-1,44,-1,32
1,<environment.Job instance at 0x7f7ba47e80a0>,21,15,[10  1],22,-1,47,-1,32
1,<environment.Job instance at 0x7f7ba47e84b0>,22,20,[4 5],23,-1,52,-1,32
1,<environment.Job instance at 0x7f7ba47e8780>,23,23,[6 5],24,-1,55,-1,32
1,<environment.Job instance at 0x7f7ba3a36910>,24,17,[2 6],25,-1,49,-1,32
1,<environment.Job instance at 0x7f7ba3a362d0>,25,2,[ 5 13],26,-1,34,-1,32
1,<environment.Job instance at 0x7f7ba3a36500>,26,27,[4 6],27,-1,59,-1,32
1,<environment.Job instance at 0x7f7ba3a36190>,27,1,[4 9],28,-1,33,-1,32
1,<environment.Job instance at 0x7f7ba3a36320>,28,12,[3 5],29,-1,44,-1,32
1,<environment.Job instance at 0x7f7ba3a36e10>,30,22,[ 3 12],31,-1,74,-1,52
1,<environment.Job instance at 0x7f7ba3f96550>,32,22,[9 1],33,-1,78,-1,56
1,<environment.Job instance at 0x7f7ba44aa050>,42,16,[11  3],43,-1,145,-1,129
1,<environment.Job instance at 0x7f7ba44aadc0>,44,2,[2 6],45,-1,145,-1,143
1,<environment.Job instance at 0x7f7ba44aa7d0>,45,24,[1 6],46,-1,173,-1,149
1,<environment.Job instance at 0x7f7ba44aa4b0>,46,16,[14  5],47,-1,165,-1,149
1,<environment.Job instance at 0x7f7ba47ce6e0>,52,2,[9 1],53,-1,193,-1,191
1,<environment.Job instance at 0x7f7ba47ce230>,55,14,[ 1 14],56,-1,219,-1,205
1,<environment.Job instance at 0x7f7ba47cea50>,57,22,[12  2],58,-1,227,-1,205
1,<environment.Job instance at 0x7f7ba47cefa0>,58,26,[ 2 10],59,-1,231,-1,205
1,<environment.Job instance at 0x7f7ba47ce4b0>,59,14,[12  5],60,-1,219,-1,205
1,<environment.Job instance at 0x7f7ba47ce460>,62,3,[1 9],63,-1,222,-1,219
1,<environment.Job instance at 0x7f7ba3f83320>,63,24,[9 3],64,-1,243,-1,219
1,<environment.Job instance at 0x7f7ba3f832d0>,64,23,[13  5],65,-1,242,-1,219
1,<environment.Job instance at 0x7f7ba3f83730>,65,22,[ 4 10],66,-1,241,-1,219
1,<environment.Job instance at 0x7f7ba3f83dc0>,67,2,[12  3],68,-1,227,-1,225
1,<environment.Job instance at 0x7f7ba3f83f50>,68,25,[3 6],69,-1,250,-1,225
1,<environment.Job instance at 0x7f7ba4abd6e0>,3,18,[ 5 12],4,-1,22,-1,4
1,<environment.Job instance at 0x7f7ba4abd640>,4,2,[ 2 13],5,-1,7,-1,5
1,<environment.Job instance at 0x7f7ba4abdb90>,5,26,[ 3 14],6,-1,32,-1,6
1,<environment.Job instance at 0x7f7ba49786e0>,15,3,[14  5],16,-1,38,-1,35
1,<environment.Job instance at 0x7f7ba3d67140>,23,23,[5 5],24,-1,100,-1,77
1,<environment.Job instance at 0x7f7ba3d67e10>,24,12,[12  2],25,-1,89,-1,77
1,<environment.Job instance at 0x7f7ba3d67eb0>,25,15,[14  2],26,-1,92,-1,77
1,<environment.Job instance at 0x7f7ba48756e0>,32,26,[10  5],33,-1,142,-1,116
1,<environment.Job instance at 0x7f7ba48753c0>,33,27,[10  3],34,-1,143,-1,116
1,<environment.Job instance at 0x7f7ba3d510a0>,35,28,[1 7],36,-1,149,-1,121
1,<environment.Job instance at 0x7f7ba3c94780>,36,25,[6 4],37,-1,146,-1,121
1,<environment.Job instance at 0x7f7ba40e14b0>,39,12,[9 1],40,-1,153,-1,141
1,<environment.Job instance at 0x7f7ba40e1a00>,40,26,[3 6],41,-1,167,-1,141
1,<environment.Job instance at 0x7f7ba498f7d0>,42,21,[ 1 12],43,-1,165,-1,144
1,<environment.Job instance at 0x7f7ba47bbd20>,44,13,[13  4],45,-1,171,-1,158
1,<environment.Job instance at 0x7f7ba47bb2d0>,45,24,[10  4],46,-1,182,-1,158
1,<environment.Job instance at 0x7f7ba47bb5f0>,52,13,[ 2 13],53,-1,227,-1,214
1,<environment.Job instance at 0x7f7ba47bb8c0>,53,14,[ 1 13],54,-1,228,-1,214
1,<environment.Job instance at 0x7f7ba3f6d1e0>,54,23,[9 4],55,-1,237,-1,214
1,<environment.Job instance at 0x7f7ba47bbf00>,55,28,[8 5],56,-1,242,-1,214
1,<environment.Job instance at 0x7f7ba38e1140>,57,23,[8 4],58,-1,246,-1,223
1,<environment.Job instance at 0x7f7ba480de60>,65,12,[11  5],66,-1,294,-1,282
1,<environment.Job instance at 0x7f7ba480d280>,68,25,[12  1],69,-1,327,-1,302
1,<environment.Job instance at 0x7f7ba41c96e0>,11,27,[ 2 11],12,-1,48,-1,21
1,<environment.Job instance at 0x7f7ba4de6230>,12,3,[2 6],13,-1,24,-1,21
1,<environment.Job instance at 0x7f7ba4de6820>,14,17,[ 5 11],15,-1,46,-1,29
1,<environment.Job instance at 0x7f7ba4de6960>,15,16,[12  1],16,-1,45,-1,29
1,<environment.Job instance at 0x7f7ba4de6af0>,16,26,[9 2],17,-1,55,-1,29
1,<environment.Job instance at 0x7f7ba4de6870>,17,12,[ 5 10],18,-1,46,-1,34
1,<environment.Job instance at 0x7f7ba4de6f00>,18,20,[ 1 13],19,-1,54,-1,34
1,<environment.Job instance at 0x7f7ba4de6e10>,24,25,[1 6],25,-1,81,-1,56
1,<environment.Job instance at 0x7f7ba43b36e0>,30,1,[7 3],31,-1,97,-1,96
1,<environment.Job instance at 0x7f7ba3f8e190>,31,26,[13  1],32,-1,122,-1,96
1,<environment.Job instance at 0x7f7ba39de460>,34,19,[ 5 13],35,-1,129,-1,110
1,<environment.Job instance at 0x7f7ba4873b90>,36,25,[3 9],37,-1,149,-1,124
1,<environment.Job instance at 0x7f7ba43d3c80>,47,13,[11  4],48,-1,217,-1,204
1,<environment.Job instance at 0x7f7ba44c3e10>,49,16,[ 2 13],50,-1,230,-1,214
1,<environment.Job instance at 0x7f7ba44c33c0>,50,1,[5 8],51,-1,215,-1,214
1,<environment.Job instance at 0x7f7ba45626e0>,52,2,[9 3],53,-1,219,-1,217
1,<environment.Job instance at 0x7f7badab60a0>,55,23,[9 4],56,-1,267,-1,244
1,<environment.Job instance at 0x7f7ba465a500>,58,1,[10  1],59,-1,245,-1,244
1,<environment.Job instance at 0x7f7ba465a280>,59,17,[11  2],60,-1,261,-1,244
1,<environment.Job instance at 0x7f7ba4c4abe0>,61,2,[5 9],62,-1,261,-1,259
1,<environment.Job instance at 0x7f7ba4c4a640>,62,28,[10  3],63,-1,287,-1,259
1,<environment.Job instance at 0x7f7ba4c4aa00>,63,28,[10  4],64,-1,287,-1,259
1,<environment.Job instance at 0x7f7ba4c4acd0>,65,25,[5 7],66,-1,284,-1,259
1,<environment.Job instance at 0x7f7ba4c4a7d0>,66,16,[13  3],67,-1,275,-1,259
1,<environment.Job instance at 0x7f7ba41c9640>,2,28,[3 8],3,-1,31,-1,3
1,<environment.Job instance at 0x7f7ba43da0a0>,3,18,[ 1 14],4,-1,22,-1,4
1,<environment.Job instance at 0x7f7ba43da140>,6,16,[12  2],7,-1,23,-1,7
1,<environment.Job instance at 0x7f7ba43dac80>,10,21,[11  1],11,-1,32,-1,11
1,<environment.Job instance at 0x7f7ba43da2d0>,11,1,[ 5 10],12,-1,13,-1,12
1,<environment.Job instance at 0x7f7ba43dad20>,12,24,[8 3],13,-1,37,-1,13
1,<environment.Job instance at 0x7f7ba43daa50>,13,14,[11  2],14,-1,28,-1,14
1,<environment.Job instance at 0x7f7ba43da550>,14,23,[ 5 10],15,-1,38,-1,15
1,<environment.Job instance at 0x7f7ba43da820>,15,25,[ 2 14],16,-1,41,-1,16
1,<environment.Job instance at 0x7f7ba3da9b90>,16,12,[ 3 13],17,-1,29,-1,17
1,<environment.Job instance at 0x7f7ba3da95f0>,26,13,[11  2],27,-1,88,-1,75
1,<environment.Job instance at 0x7f7ba3da9e60>,27,13,[12  3],28,-1,88,-1,75
1,<environment.Job instance at 0x7f7ba3da92d0>,31,24,[14  3],32,-1,111,-1,87
1,<environment.Job instance at 0x7f7ba3da9640>,32,25,[ 5 10],33,-1,112,-1,87
1,<environment.Job instance at 0x7f7ba3da9910>,33,16,[ 3 12],34,-1,103,-1,87
1,<environment.Job instance at 0x7f7ba3dab140>,40,18,[ 5 12],41,-1,157,-1,139
1,<environment.Job instance at 0x7f7ba483ceb0>,47,26,[5 5],48,-1,195,-1,169
1,<environment.Job instance at 0x7f7badaae320>,50,14,[12  4],51,-1,197,-1,183
1,<environment.Job instance at 0x7f7badaae730>,52,25,[6 3],53,-1,229,-1,204
1,<environment.Job instance at 0x7f7badab5f50>,55,12,[13  4],56,-1,226,-1,214
1,<environment.Job instance at 0x7f7badab5f00>,56,28,[5 4],57,-1,242,-1,214
1,<environment.Job instance at 0x7f7badab55f0>,57,2,[3 8],58,-1,216,-1,214
1,<environment.Job instance at 0x7f7badab5320>,58,27,[6 3],59,-1,241,-1,214
1,<environment.Job instance at 0x7f7ba3523640>,59,2,[14  3],60,-1,216,-1,214
1,<environment.Job instance at 0x7f7ba41e3dc0>,60,25,[14  5],61,-1,239,-1,214
1,<environment.Job instance at 0x7f7ba352a870>,61,2,[ 2 12],62,-1,216,-1,214
1,<environment.Job instance at 0x7f7ba352a190>,62,28,[7 1],63,-1,242,-1,214
1,<environment.Job instance at 0x7f7ba352ae60>,63,18,[ 3 14],64,-1,232,-1,214
1,<environment.Job instance at 0x7f7ba383f1e0>,65,16,[ 1 14],66,-1,238,-1,222
1,<environment.Job instance at 0x7f7ba352a370>,66,26,[3 8],67,-1,248,-1,222
1,<environment.Job instance at 0x7f7ba3fab050>,67,26,[10  5],68,-1,248,-1,222
1,<environment.Job instance at 0x7f7ba41d9410>,2,24,[5 8],3,-1,27,-1,3
1,<environment.Job instance at 0x7f7ba41d90a0>,9,21,[ 4 11],10,-1,35,-1,14
1,<environment.Job instance at 0x7f7ba36aaeb0>,11,23,[8 4],12,-1,37,-1,14
1,<environment.Job instance at 0x7f7baf8e9dc0>,17,24,[6 2],18,-1,84,-1,60
1,<environment.Job instance at 0x7f7ba43d9a00>,18,12,[6 1],19,-1,72,-1,60
1,<environment.Job instance at 0x7f7ba4b1baa0>,19,25,[8 3],20,-1,85,-1,60
1,<environment.Job instance at 0x7f7ba4605190>,20,15,[11  1],21,-1,75,-1,60
1,<environment.Job instance at 0x7f7bad83c9b0>,22,1,[7 4],23,-1,76,-1,75
1,<environment.Job instance at 0x7f7ba3e46910>,27,20,[ 5 13],28,-1,124,-1,104
1,<environment.Job instance at 0x7f7ba45fa4b0>,31,27,[6 4],32,-1,150,-1,123
1,<environment.Job instance at 0x7f7ba365e8c0>,32,25,[6 1],33,-1,148,-1,123
1,<environment.Job instance at 0x7f7ba4cc2910>,33,23,[5 5],34,-1,146,-1,123
1,<environment.Job instance at 0x7f7ba4870aa0>,34,28,[8 5],35,-1,151,-1,123
1,<environment.Job instance at 0x7f7ba4cb60f0>,35,12,[13  5],36,-1,135,-1,123
1,<environment.Job instance at 0x7f7ba41d2410>,37,23,[10  2],38,-1,146,-1,123
1,<environment.Job instance at 0x7f7ba3991730>,39,17,[14  1],40,-1,161,-1,144
1,<environment.Job instance at 0x7f7ba3658870>,40,15,[ 1 12],41,-1,159,-1,144
1,<environment.Job instance at 0x7f7ba363cd20>,43,20,[ 1 10],44,-1,176,-1,156
1,<environment.Job instance at 0x7f7ba3f82d70>,45,25,[5 3],46,-1,181,-1,156
1,<environment.Job instance at 0x7f7ba3f82e60>,47,2,[5 7],48,-1,174,-1,172
1,<environment.Job instance at 0x7f7ba3641fa0>,50,27,[ 2 10],51,-1,228,-1,201
1,<environment.Job instance at 0x7f7ba36414b0>,51,16,[ 1 12],52,-1,217,-1,201
1,<environment.Job instance at 0x7f7ba3641e60>,52,15,[13  4],53,-1,216,-1,201
1,<environment.Job instance at 0x7f7ba3aa73c0>,53,2,[ 1 13],54,-1,203,-1,201
1,<environment.Job instance at 0x7f7ba3aa7870>,55,28,[ 2 14],56,-1,246,-1,218
1,<environment.Job instance at 0x7f7ba3aa7f50>,56,28,[5 1],57,-1,246,-1,218
1,<environment.Job instance at 0x7f7ba3da9820>,59,21,[ 1 11],60,-1,245,-1,224
1,<environment.Job instance at 0x7f7ba3da96e0>,65,26,[2 9],66,-1,292,-1,266
1,<environment.Job instance at 0x7f7ba4853f00>,67,12,[ 2 13],68,-1,278,-1,266
1,<environment.Job instance at 0x7f7ba4853a00>,68,17,[11  4],69,-1,293,-1,276
1,<environment.Job instance at 0x7f7ba41d9500>,4,26,[ 4 10],5,-1,31,-1,5
1,<environment.Job instance at 0x7f7ba4e5a550>,9,26,[2 9],10,-1,36,-1,10
1,<environment.Job instance at 0x7f7ba4e5ab90>,11,15,[12  4],12,-1,29,-1,14
1,<environment.Job instance at 0x7f7ba4e5aaf0>,12,27,[10  3],13,-1,41,-1,14
1,<environment.Job instance at 0x7f7ba4e5acd0>,13,1,[ 1 11],14,-1,15,-1,14
1,<environment.Job instance at 0x7f7ba4e5ac80>,14,18,[ 2 12],15,-1,33,-1,15
1,<environment.Job instance at 0x7f7ba4e5ae10>,15,22,[ 2 11],16,-1,38,-1,16
1,<environment.Job instance at 0x7f7ba4e5adc0>,16,23,[8 4],17,-1,41,-1,18
1,<environment.Job instance at 0x7f7ba4e5afa0>,17,1,[2 5],18,-1,19,-1,18
1,<environment.Job instance at 0x7f7ba4e5af50>,18,28,[ 4 10],19,-1,47,-1,19
1,<environment.Job instance at 0x7f7ba4e8a230>,21,24,[2 6],22,-1,54,-1,30
1,<environment.Job instance at 0x7f7ba4e8a2d0>,28,14,[ 5 14],29,-1,84,-1,70
1,<environment.Job instance at 0x7f7ba4e8a870>,30,25,[9 2],31,-1,103,-1,78
1,<environment.Job instance at 0x7f7ba4e8a9b0>,32,2,[ 5 13],33,-1,82,-1,80
1,<environment.Job instance at 0x7f7ba4e962d0>,45,21,[ 3 14],46,-1,209,-1,188
1,<environment.Job instance at 0x7f7ba4e96140>,46,21,[ 2 10],47,-1,232,-1,211
1,<environment.Job instance at 0x7f7ba4e965f0>,49,21,[13  5],50,-1,232,-1,211
1,<environment.Job instance at 0x7f7ba4e967d0>,51,3,[9 4],52,-1,235,-1,232
1,<environment.Job instance at 0x7f7ba4e96730>,52,2,[7 5],53,-1,234,-1,232
1,<environment.Job instance at 0x7f7ba4e96870>,53,14,[11  4],54,-1,247,-1,233
1,<environment.Job instance at 0x7f7ba4e96960>,54,12,[10  1],55,-1,245,-1,233
1,<environment.Job instance at 0x7f7ba4e964b0>,55,28,[ 1 13],56,-1,261,-1,233
1,<environment.Job instance at 0x7f7ba36cdbe0>,56,19,[ 5 14],57,-1,252,-1,233
1,<environment.Job instance at 0x7f7ba3f86e60>,57,12,[10  1],58,-1,246,-1,234
1,<environment.Job instance at 0x7f7ba4e63320>,59,2,[ 4 14],60,-1,249,-1,247
1,<environment.Job instance at 0x7f7ba4e631e0>,60,18,[14  4],61,-1,265,-1,247
1,<environment.Job instance at 0x7f7ba4e63870>,61,18,[ 3 11],62,-1,265,-1,247
1,<environment.Job instance at 0x7f7ba4e63500>,62,12,[ 1 10],63,-1,260,-1,248
1,<environment.Job instance at 0x7f7ba4e63dc0>,63,26,[ 2 11],64,-1,274,-1,248
1,<environment.Job instance at 0x7f7ba4e639b0>,64,13,[13  4],65,-1,261,-1,248
1,<environment.Job instance at 0x7f7ba4e630f0>,67,13,[12  4],68,-1,269,-1,256
1,<environment.Job instance at 0x7f7ba4e8f460>,68,17,[ 5 13],69,-1,273,-1,256
1,<environment.Job instance at 0x7f7ba4e8abe0>,2,17,[ 2 14],3,-1,20,-1,3
1,<environment.Job instance at 0x7f7ba36ce870>,9,15,[ 5 12],10,-1,25,-1,10
1,<environment.Job instance at 0x7f7ba36ce780>,10,26,[ 1 12],11,-1,37,-1,11
1,<environment.Job instance at 0x7f7ba36ce820>,13,27,[ 3 12],14,-1,55,-1,28
1,<environment.Job instance at 0x7f7ba36ced20>,15,13,[12  4],16,-1,41,-1,28
1,<environment.Job instance at 0x7f7ba36b1a00>,18,26,[5 7],19,-1,77,-1,51
1,<environment.Job instance at 0x7f7ba36b1140>,19,2,[5 1],20,-1,53,-1,51
1,<environment.Job instance at 0x7f7ba36b1b90>,20,16,[11  2],21,-1,67,-1,51
1,<environment.Job instance at 0x7f7ba36b15f0>,22,13,[13  2],23,-1,77,-1,64
1,<environment.Job instance at 0x7f7ba36b1fa0>,24,15,[ 5 12],25,-1,99,-1,84
1,<environment.Job instance at 0x7f7ba36b1500>,26,17,[10  1],27,-1,120,-1,103
1,<environment.Job instance at 0x7f7ba4e8d8c0>,35,15,[12  2],36,-1,164,-1,149
1,<environment.Job instance at 0x7f7ba4e8dc80>,37,1,[4 5],38,-1,159,-1,158
1,<environment.Job instance at 0x7f7ba4e8daa0>,38,21,[8 1],39,-1,181,-1,160
1,<environment.Job instance at 0x7f7ba4e8d9b0>,39,15,[ 3 13],40,-1,175,-1,160
1,<environment.Job instance at 0x7f7ba4e8deb0>,42,28,[9 4],43,-1,225,-1,197
1,<environment.Job instance at 0x7f7ba4e8db90>,43,13,[ 5 11],44,-1,210,-1,197
1,<environment.Job instance at 0x7f7ba4e8dcd0>,45,24,[8 4],46,-1,221,-1,197
1,<environment.Job instance at 0x7f7ba4e8d6e0>,46,12,[8 1],47,-1,209,-1,197
1,<environment.Job instance at 0x7f7ba4e8d190>,49,3,[7 5],50,-1,214,-1,211
1,<environment.Job instance at 0x7f7ba4e8dd20>,51,26,[6 1],52,-1,249,-1,223
1,<environment.Job instance at 0x7f7ba4e8d5f0>,52,3,[ 5 14],53,-1,226,-1,223
1,<environment.Job instance at 0x7f7ba4e8d780>,53,18,[14  4],54,-1,241,-1,223
1,<environment.Job instance at 0x7f7ba36ceaa0>,17,28,[11  4],18,-1,284,-1,256
1,<environment.Job instance at 0x7f7ba4772a00>,58,12,[ 1 10],59,-1,296,-1,284
1,<environment.Job instance at 0x7f7ba388b820>,5,15,[ 3 13],6,-1,21,-1,6
1,<environment.Job instance at 0x7f7ba388b410>,9,13,[11  4],10,-1,23,-1,10
1,<environment.Job instance at 0x7f7ba388beb0>,10,17,[ 3 12],11,-1,28,-1,11
1,<environment.Job instance at 0x7f7ba388b6e0>,11,2,[7 4],12,-1,14,-1,12
1,<environment.Job instance at 0x7f7ba388bd70>,12,2,[4 6],13,-1,15,-1,13
1,<environment.Job instance at 0x7f7ba388baf0>,13,2,[12  2],14,-1,16,-1,14
1,<environment.Job instance at 0x7f7ba4912eb0>,14,17,[13  5],15,-1,32,-1,15
1,<environment.Job instance at 0x7f7ba388ba00>,17,15,[ 5 12],18,-1,34,-1,19
1,<environment.Job instance at 0x7f7ba4912be0>,18,19,[ 4 10],19,-1,38,-1,19
1,<environment.Job instance at 0x7f7ba4912d70>,19,3,[3 6],20,-1,23,-1,20
1,<environment.Job instance at 0x7f7ba4912460>,22,25,[10  5],23,-1,75,-1,50
1,<environment.Job instance at 0x7f7ba4912f50>,24,12,[8 4],25,-1,62,-1,50
1,<environment.Job instance at 0x7f7ba4788e60>,26,28,[4 6],27,-1,81,-1,53
1,<environment.Job instance at 0x7f7ba47887d0>,27,26,[2 6],28,-1,79,-1,53
1,<environment.Job instance at 0x7f7ba47885f0>,28,20,[9 3],29,-1,73,-1,53
1,<environment.Job instance at 0x7f7ba4788eb0>,29,15,[14  4],30,-1,68,-1,53
1,<environment.Job instance at 0x7f7ba4788640>,30,13,[13  5],31,-1,66,-1,53
1,<environment.Job instance at 0x7f7ba47883c0>,31,12,[6 2],32,-1,65,-1,53
1,<environment.Job instance at 0x7f7ba4788500>,34,12,[2 7],35,-1,82,-1,70
1,<environment.Job instance at 0x7f7ba4788140>,35,1,[ 1 13],36,-1,71,-1,70
1,<environment.Job instance at 0x7f7ba47880f0>,36,26,[8 2],37,-1,96,-1,70
1,<environment.Job instance at 0x7f7ba4788c30>,37,26,[5 7],38,-1,96,-1,70
1,<environment.Job instance at 0x7f7ba3d675f0>,42,13,[10  1],43,-1,108,-1,95
1,<environment.Job instance at 0x7f7ba3d67be0>,43,18,[1 7],44,-1,130,-1,112
1,<environment.Job instance at 0x7f7ba3d67960>,46,15,[ 3 11],47,-1,127,-1,112
1,<environment.Job instance at 0x7f7ba4bb58c0>,47,24,[1 5],48,-1,136,-1,112
1,<environment.Job instance at 0x7f7ba4bb5dc0>,48,23,[6 3],49,-1,135,-1,112
1,<environment.Job instance at 0x7f7ba4bb5eb0>,49,16,[ 2 13],50,-1,128,-1,112
1,<environment.Job instance at 0x7f7ba4bb5b40>,50,21,[ 4 13],51,-1,133,-1,112
1,<environment.Job instance at 0x7f7ba4bb5820>,52,14,[ 2 10],53,-1,138,-1,124
1,<environment.Job instance at 0x7f7ba4bb5be0>,53,27,[13  3],54,-1,151,-1,124
1,<environment.Job instance at 0x7f7ba4bb55a0>,54,24,[3 9],55,-1,148,-1,124
1,<environment.Job instance at 0x7f7ba4bb5050>,55,2,[5 7],56,-1,126,-1,124
1,<environment.Job instance at 0x7f7ba4bb5550>,56,23,[14  1],57,-1,147,-1,124
1,<environment.Job instance at 0x7f7ba4bb52d0>,57,27,[11  2],58,-1,151,-1,124
1,<environment.Job instance at 0x7f7ba4bb5870>,58,14,[9 1],59,-1,138,-1,124
1,<environment.Job instance at 0x7f7ba4bb5a00>,59,12,[10  4],60,-1,137,-1,125
1,<environment.Job instance at 0x7f7ba4bb5500>,60,22,[ 3 14],61,-1,147,-1,125
1,<environment.Job instance at 0x7f7ba4bb55f0>,61,15,[13  2],62,-1,140,-1,125
1,<environment.Job instance at 0x7f7ba4bb5e10>,62,16,[11  3],63,-1,141,-1,125
1,<environment.Job instance at 0x7f7ba4bb5c30>,63,15,[ 1 10],64,-1,140,-1,125
1,<environment.Job instance at 0x7f7ba4bb51e0>,64,17,[5 1],65,-1,142,-1,125
1,<environment.Job instance at 0x7f7ba4928b90>,66,16,[13  2],67,-1,156,-1,140
1,<environment.Job instance at 0x7f7ba3d67780>,45,18,[ 1 12],46,-1,183,-1,165
1,<environment.Job instance at 0x7f7ba3d671e0>,2,28,[13  5],3,-1,31,-1,3
1,<environment.Job instance at 0x7f7ba43e3be0>,3,27,[6 1],4,-1,31,-1,4
1,<environment.Job instance at 0x7f7ba43e3fa0>,5,17,[ 5 11],6,-1,23,-1,6
1,<environment.Job instance at 0x7f7ba43e3b40>,7,19,[ 5 10],8,-1,27,-1,8
1,<environment.Job instance at 0x7f7ba43e3af0>,9,24,[14  3],10,-1,34,-1,10
1,<environment.Job instance at 0x7f7ba43b6820>,10,16,[ 1 14],11,-1,27,-1,11
1,<environment.Job instance at 0x7f7ba43b64b0>,11,24,[10  2],12,-1,36,-1,12
1,<environment.Job instance at 0x7f7ba43b6780>,13,3,[ 2 14],14,-1,17,-1,14
1,<environment.Job instance at 0x7f7ba43e3910>,15,19,[11  3],16,-1,35,-1,16
1,<environment.Job instance at 0x7f7ba43b6e60>,16,18,[ 5 11],17,-1,36,-1,18
1,<environment.Job instance at 0x7f7ba43b65a0>,18,18,[12  4],19,-1,38,-1,20
1,<environment.Job instance at 0x7f7ba3bf5190>,20,3,[10  4],21,-1,28,-1,25
1,<environment.Job instance at 0x7f7ba3bf5b90>,22,26,[13  5],23,-1,51,-1,25
1,<environment.Job instance at 0x7f7ba44a0910>,23,25,[13  3],24,-1,50,-1,25
1,<environment.Job instance at 0x7f7ba41cb190>,24,22,[ 5 10],25,-1,50,-1,28
1,<environment.Job instance at 0x7f7ba3bf58c0>,25,13,[ 3 12],26,-1,41,-1,28
1,<environment.Job instance at 0x7f7ba43dc050>,28,16,[ 5 12],29,-1,54,-1,38
1,<environment.Job instance at 0x7f7ba3fa3500>,29,24,[13  4],30,-1,62,-1,38
1,<environment.Job instance at 0x7f7ba3fd9e60>,30,27,[8 2],31,-1,65,-1,38
1,<environment.Job instance at 0x7f7ba43dcb40>,32,27,[4 5],33,-1,69,-1,42
1,<environment.Job instance at 0x7f7ba3fb7b40>,33,16,[12  2],34,-1,58,-1,42
1,<environment.Job instance at 0x7f7ba3c10730>,38,26,[ 3 12],39,-1,88,-1,62
1,<environment.Job instance at 0x7f7ba43d4a50>,39,26,[9 2],40,-1,88,-1,62
1,<environment.Job instance at 0x7f7ba3c10780>,41,16,[13  4],42,-1,90,-1,74
1,<environment.Job instance at 0x7f7ba3fc14b0>,42,28,[2 7],43,-1,102,-1,74
1,<environment.Job instance at 0x7f7ba35f07d0>,45,17,[ 3 13],46,-1,106,-1,89
1,<environment.Job instance at 0x7f7ba3fb6460>,46,28,[3 7],47,-1,117,-1,89
1,<environment.Job instance at 0x7f7ba3601c80>,47,20,[11  2],48,-1,109,-1,89
1,<environment.Job instance at 0x7f7ba3fd4910>,50,14,[ 4 10],51,-1,114,-1,100
1,<environment.Job instance at 0x7f7ba3fd47d0>,51,1,[5 5],52,-1,101,-1,100
1,<environment.Job instance at 0x7f7ba3fd4d20>,52,14,[ 5 13],53,-1,114,-1,100
1,<environment.Job instance at 0x7f7ba3fcf0f0>,58,27,[6 1],59,-1,170,-1,143
1,<environment.Job instance at 0x7f7ba3fcf870>,66,1,[10  5],67,-1,209,-1,208
1,<environment.Job instance at 0x7f7ba3fcfcd0>,68,21,[ 1 10],69,-1,247,-1,226
1,<environment.Job instance at 0x7f7ba4928820>,2,25,[8 5],3,-1,28,-1,3
1,<environment.Job instance at 0x7f7ba43407d0>,3,2,[14  3],4,-1,6,-1,4
1,<environment.Job instance at 0x7f7ba43402d0>,4,24,[13  5],5,-1,29,-1,5
1,<environment.Job instance at 0x7f7ba4340fa0>,6,14,[ 1 10],7,-1,37,-1,23
1,<environment.Job instance at 0x7f7ba4340c30>,17,15,[ 4 13],18,-1,89,-1,74
1,<environment.Job instance at 0x7f7ba4340500>,19,13,[11  4],20,-1,91,-1,78
1,<environment.Job instance at 0x7f7ba3614960>,33,28,[4 7],34,-1,212,-1,184
1,<environment.Job instance at 0x7f7ba3614fa0>,36,16,[11  4],37,-1,212,-1,196
1,<environment.Job instance at 0x7f7ba39675a0>,37,24,[1 7],38,-1,224,-1,200
1,<environment.Job instance at 0x7f7ba39677d0>,39,17,[13  2],40,-1,217,-1,200
1,<environment.Job instance at 0x7f7ba3967230>,40,1,[3 9],41,-1,201,-1,200
1,<environment.Job instance at 0x7f7ba3967af0>,41,23,[13  4],42,-1,223,-1,200
1,<environment.Job instance at 0x7f7ba3967eb0>,43,26,[1 9],44,-1,228,-1,202
1,<environment.Job instance at 0x7f7ba3967be0>,44,25,[5 4],45,-1,227,-1,202
1,<environment.Job instance at 0x7f7ba3967a50>,45,22,[ 2 10],46,-1,224,-1,202
1,<environment.Job instance at 0x7f7ba3967f50>,46,14,[13  4],47,-1,216,-1,202
1,<environment.Job instance at 0x7f7ba39675f0>,48,12,[13  4],49,-1,226,-1,214
1,<environment.Job instance at 0x7f7ba39678c0>,50,19,[12  3],51,-1,249,-1,230
1,<environment.Job instance at 0x7f7ba3967910>,51,17,[ 5 11],52,-1,247,-1,230
1,<environment.Job instance at 0x7f7ba3967d70>,52,2,[ 1 10],53,-1,232,-1,230
1,<environment.Job instance at 0x7f7ba3967370>,55,18,[14  2],56,-1,265,-1,247
1,<environment.Job instance at 0x7f7ba3967820>,56,15,[14  3],57,-1,262,-1,247
1,<environment.Job instance at 0x7f7ba3967a00>,58,17,[12  2],59,-1,264,-1,247
1,<environment.Job instance at 0x7f7ba3967500>,59,20,[ 5 12],60,-1,267,-1,247
1,<environment.Job instance at 0x7f7ba3967550>,60,28,[ 5 11],61,-1,275,-1,247
1,<environment.Job instance at 0x7f7ba463fc30>,62,23,[5 9],63,-1,286,-1,263
1,<environment.Job instance at 0x7f7ba463f0f0>,64,28,[14  5],65,-1,308,-1,280
1,<environment.Job instance at 0x7f7ba463f410>,66,13,[12  1],67,-1,310,-1,297
1,<environment.Job instance at 0x7f7ba463faa0>,67,28,[ 5 11],68,-1,325,-1,297
1,<environment.Job instance at 0x7f7ba463fd20>,68,2,[5 3],69,-1,299,-1,297
1,<environment.Job instance at 0x7f7ba3f87820>,5,13,[ 4 14],6,-1,19,-1,6
1,<environment.Job instance at 0x7f7ba391f460>,12,16,[13  1],13,-1,38,-1,22
1,<environment.Job instance at 0x7f7ba391f280>,15,14,[13  2],16,-1,52,-1,38
1,<environment.Job instance at 0x7f7ba391ff00>,16,28,[ 1 14],17,-1,66,-1,38
1,<environment.Job instance at 0x7f7ba391f410>,17,18,[ 2 14],18,-1,56,-1,38
1,<environment.Job instance at 0x7f7ba391ffa0>,18,25,[ 4 10],19,-1,63,-1,38
1,<environment.Job instance at 0x7f7ba3ae3050>,19,24,[11  5],20,-1,62,-1,38
1,<environment.Job instance at 0x7f7ba3ae3370>,26,13,[ 2 14],27,-1,102,-1,89
1,<environment.Job instance at 0x7f7ba3ae37d0>,27,23,[10  1],28,-1,127,-1,104
1,<environment.Job instance at 0x7f7ba3ae3870>,30,13,[ 5 14],31,-1,117,-1,104
1,<environment.Job instance at 0x7f7ba3ae3910>,31,27,[3 9],32,-1,131,-1,104
1,<environment.Job instance at 0x7f7ba3ae39b0>,32,28,[3 8],33,-1,132,-1,104
1,<environment.Job instance at 0x7f7ba3ae3a50>,33,23,[ 5 10],34,-1,127,-1,104
1,<environment.Job instance at 0x7f7ba3ae3af0>,34,17,[ 1 11],35,-1,121,-1,104
1,<environment.Job instance at 0x7f7ba3ae3c30>,36,1,[ 4 13],37,-1,108,-1,107
1,<environment.Job instance at 0x7f7ba3ae3cd0>,37,14,[ 5 13],38,-1,121,-1,107
1,<environment.Job instance at 0x7f7ba3ae3e10>,39,1,[ 1 14],40,-1,118,-1,117
1,<environment.Job instance at 0x7f7ba3b04320>,44,16,[13  2],45,-1,157,-1,141
1,<environment.Job instance at 0x7f7ba3b04410>,45,14,[ 2 13],46,-1,155,-1,141
1,<environment.Job instance at 0x7f7ba3b042d0>,46,18,[13  1],47,-1,159,-1,141
1,<environment.Job instance at 0x7f7ba3b04460>,47,21,[ 2 12],48,-1,162,-1,141
1,<environment.Job instance at 0x7f7ba3b045a0>,49,26,[13  3],50,-1,180,-1,154
1,<environment.Job instance at 0x7f7ba3b04780>,50,24,[12  5],51,-1,178,-1,154
1,<environment.Job instance at 0x7f7ba3b048c0>,52,27,[7 3],53,-1,184,-1,157
1,<environment.Job instance at 0x7f7ba3b04be0>,56,21,[11  1],57,-1,205,-1,184
1,<environment.Job instance at 0x7f7ba3b04a50>,58,18,[11  1],59,-1,222,-1,204
1,<environment.Job instance at 0x7f7ba3b04fa0>,62,13,[ 1 12],63,-1,230,-1,217
1,<environment.Job instance at 0x7f1382b611e0>,4,24,[ 3 11],5,-1,29,-1,5
1,<environment.Job instance at 0x7f1379578050>,11,1,[8 4],12,-1,20,-1,19
1,<environment.Job instance at 0x7f13795780a0>,12,13,[ 2 12],13,-1,32,-1,19
1,<environment.Job instance at 0x7f1379578280>,14,21,[ 3 11],15,-1,42,-1,21
1,<environment.Job instance at 0x7f13795785f0>,17,18,[ 5 13],18,-1,58,-1,40
1,<environment.Job instance at 0x7f13795787d0>,22,3,[4 6],23,-1,76,-1,73
1,<environment.Job instance at 0x7f1379578780>,24,2,[ 3 12],25,-1,79,-1,77
1,<environment.Job instance at 0x7f1379578b90>,27,25,[14  4],28,-1,122,-1,97
1,<environment.Job instance at 0x7f1379578c30>,28,2,[5 8],29,-1,99,-1,97
1,<environment.Job instance at 0x7f1379578cd0>,29,24,[5 1],30,-1,121,-1,97
1,<environment.Job instance at 0x7f137957b5a0>,39,23,[4 6],40,-1,181,-1,158
1,<environment.Job instance at 0x7f137957b5f0>,41,3,[6 3],42,-1,166,-1,163
1,<environment.Job instance at 0x7f137957b690>,42,13,[12  1],43,-1,176,-1,163
1,<environment.Job instance at 0x7f137957b870>,43,21,[ 2 12],44,-1,184,-1,163
1,<environment.Job instance at 0x7f137957b910>,44,26,[8 4],45,-1,189,-1,163
1,<environment.Job instance at 0x7f137957b820>,45,13,[11  3],46,-1,176,-1,163
1,<environment.Job instance at 0x7f137957ba50>,46,2,[ 1 10],47,-1,165,-1,163
1,<environment.Job instance at 0x7f137957baf0>,47,13,[ 3 12],48,-1,176,-1,163
1,<environment.Job instance at 0x7f137957be10>,51,13,[ 3 12],52,-1,192,-1,179
1,<environment.Job instance at 0x7f137957bbe0>,52,3,[13  2],53,-1,182,-1,179
1,<environment.Job instance at 0x7f137957beb0>,54,3,[1 7],55,-1,197,-1,194
1,<environment.Job instance at 0x7f137957bfa0>,56,28,[10  1],57,-1,222,-1,194
1,<environment.Job instance at 0x7f137957e4b0>,62,24,[ 3 10],63,-1,252,-1,228
1,<environment.Job instance at 0x7f137957e370>,64,20,[9 1],65,-1,275,-1,255
1,<environment.Job instance at 0x7f137957e7d0>,66,12,[6 1],67,-1,267,-1,255
1,<environment.Job instance at 0x7f137957e960>,68,25,[ 2 12],69,-1,280,-1,255
1,<environment.Job instance at 0x7f137957e460>,69,26,[5 4],70,-1,281,-1,255
1,<environment.Job instance at 0x7f137957e910>,73,27,[8 2],74,-1,309,-1,282
1,<environment.Job instance at 0x7f1378cbb5f0>,3,17,[ 4 14],4,-1,21,-1,4
1,<environment.Job instance at 0x7f1378cbb690>,5,18,[ 5 12],6,-1,25,-1,7
1,<environment.Job instance at 0x7f1378cbb190>,11,14,[12  2],12,-1,26,-1,12
1,<environment.Job instance at 0x7f1378cb1320>,12,3,[2 8],13,-1,16,-1,13
1,<environment.Job instance at 0x7f1378cb1a50>,13,27,[12  1],14,-1,41,-1,14
1,<environment.Job instance at 0x7f1378cb1d70>,16,12,[ 4 14],17,-1,51,-1,39
1,<environment.Job instance at 0x7f1378cb1370>,18,2,[10  4],19,-1,53,-1,51
1,<environment.Job instance at 0x7f1378cb1050>,20,22,[2 8],21,-1,76,-1,54
1,<environment.Job instance at 0x7f1378df2870>,22,13,[ 5 12],23,-1,67,-1,54
1,<environment.Job instance at 0x7f1378dccf00>,23,17,[ 2 10],24,-1,71,-1,54
1,<environment.Job instance at 0x7f1378d9b410>,29,27,[5 8],30,-1,121,-1,94
1,<environment.Job instance at 0x7f1378d9be10>,31,13,[12  3],32,-1,107,-1,94
1,<environment.Job instance at 0x7f1378e2eb40>,34,28,[7 4],35,-1,134,-1,106
1,<environment.Job instance at 0x7f1378e01910>,36,3,[1 6],37,-1,116,-1,113
1,<environment.Job instance at 0x7f1378e01b40>,37,12,[6 1],38,-1,125,-1,113
1,<environment.Job instance at 0x7f1378e01410>,38,14,[9 1],39,-1,127,-1,113
1,<environment.Job instance at 0x7f1378e01320>,40,18,[ 3 12],41,-1,139,-1,121
1,<environment.Job instance at 0x7f1378e015f0>,43,24,[5 6],44,-1,161,-1,137
1,<environment.Job instance at 0x7f1378e01aa0>,44,18,[11  5],45,-1,155,-1,137
1,<environment.Job instance at 0x7f1378e01cd0>,45,14,[14  1],46,-1,151,-1,137
1,<environment.Job instance at 0x7f1378b395f0>,46,22,[10  1],47,-1,159,-1,137
1,<environment.Job instance at 0x7f1378b3cb40>,52,23,[ 1 14],53,-1,197,-1,174
1,<environment.Job instance at 0x7f1378b31280>,55,23,[7 3],56,-1,212,-1,189
1,<environment.Job instance at 0x7f1378bf5820>,57,26,[ 1 11],58,-1,216,-1,190
1,<environment.Job instance at 0x7f137946c730>,64,17,[ 3 14],65,-1,259,-1,242
1,<environment.Job instance at 0x7f1378b29e60>,66,25,[5 4],67,-1,268,-1,243
1,<environment.Job instance at 0x7f1378c96690>,67,2,[7 2],68,-1,245,-1,243
1,<environment.Job instance at 0x7f1378bc1230>,68,28,[7 1],69,-1,271,-1,243
1,<environment.Job instance at 0x7f1378c965a0>,71,24,[12  2],72,-1,278,-1,254
1,<environment.Job instance at 0x7f1378d007d0>,72,26,[ 3 11],73,-1,280,-1,254
1,<environment.Job instance at 0x7f1378b70b90>,75,16,[ 1 11],76,-1,276,-1,260
1,<environment.Job instance at 0x7f1378b71af0>,77,1,[ 5 12],78,-1,271,-1,270
1,<environment.Job instance at 0x7f1378b71a00>,78,24,[8 5],79,-1,294,-1,270
1,<environment.Job instance at 0x7f1378c01d70>,4,14,[ 4 10],5,-1,30,-1,16
1,<environment.Job instance at 0x7f1378b178c0>,8,13,[1 9],9,-1,29,-1,16
1,<environment.Job instance at 0x7f1378b17cd0>,9,18,[ 5 11],10,-1,34,-1,16
1,<environment.Job instance at 0x7f1378b17a50>,10,22,[11  3],11,-1,38,-1,16
1,<environment.Job instance at 0x7f1378b17b90>,11,18,[11  2],12,-1,34,-1,16
1,<environment.Job instance at 0x7f1378b17aa0>,18,27,[9 4],19,-1,114,-1,87
1,<environment.Job instance at 0x7f1378b17190>,19,25,[3 9],20,-1,112,-1,87
1,<environment.Job instance at 0x7f1378b17910>,23,23,[ 2 14],24,-1,126,-1,103
1,<environment.Job instance at 0x7f1378b17f50>,24,12,[ 2 11],25,-1,115,-1,103
1,<environment.Job instance at 0x7f1382d48b90>,28,28,[4 7],29,-1,151,-1,123
1,<environment.Job instance at 0x7f1382d48e60>,29,26,[3 6],30,-1,149,-1,123
1,<environment.Job instance at 0x7f1382d48140>,30,12,[11  1],31,-1,135,-1,123
1,<environment.Job instance at 0x7f1382d48d70>,31,12,[ 5 11],32,-1,135,-1,123
1,<environment.Job instance at 0x7f1382d48a00>,33,2,[ 1 10],34,-1,140,-1,138
1,<environment.Job instance at 0x7f1382d48c80>,34,2,[ 1 11],35,-1,140,-1,138
1,<environment.Job instance at 0x7f1378b3b140>,37,3,[5 4],38,-1,155,-1,152
1,<environment.Job instance at 0x7f1378b3b3c0>,40,23,[5 8],41,-1,192,-1,169
1,<environment.Job instance at 0x7f1378b3b1e0>,41,21,[ 4 11],42,-1,190,-1,169
1,<environment.Job instance at 0x7f1378b3b190>,42,13,[ 3 12],43,-1,182,-1,169
1,<environment.Job instance at 0x7f1378b3b280>,44,28,[3 8],45,-1,213,-1,185
1,<environment.Job instance at 0x7f1378b3bc80>,45,24,[12  1],46,-1,209,-1,185
1,<environment.Job instance at 0x7f1378b3bd20>,46,14,[11  2],47,-1,199,-1,185
1,<environment.Job instance at 0x7f1378b3b2d0>,47,27,[5 3],48,-1,212,-1,185
1,<environment.Job instance at 0x7f1378b6d320>,49,17,[ 5 11],50,-1,219,-1,202
1,<environment.Job instance at 0x7f1378b6d910>,51,27,[6 5],52,-1,229,-1,202
1,<environment.Job instance at 0x7f1378b6df00>,52,18,[ 2 14],53,-1,220,-1,202
1,<environment.Job instance at 0x7f1378b6d190>,53,2,[11  2],54,-1,204,-1,202
1,<environment.Job instance at 0x7f1378b6d5a0>,54,18,[12  2],55,-1,220,-1,202
1,<environment.Job instance at 0x7f1378b6d730>,56,17,[11  1],57,-1,219,-1,202
1,<environment.Job instance at 0x7f1378b6daa0>,57,13,[ 4 12],58,-1,215,-1,202
1,<environment.Job instance at 0x7f1378b6da00>,58,17,[11  4],59,-1,223,-1,206
1,<environment.Job instance at 0x7f1378b719b0>,62,28,[7 4],63,-1,259,-1,231
1,<environment.Job instance at 0x7f1378b71910>,64,28,[4 5],65,-1,278,-1,250
1,<environment.Job instance at 0x7f1378b71aa0>,65,23,[8 3],66,-1,275,-1,252
1,<environment.Job instance at 0x7f1378b71be0>,67,22,[ 5 10],68,-1,291,-1,269
1,<environment.Job instance at 0x7f1378b718c0>,71,28,[13  2],72,-1,303,-1,275
1,<environment.Job instance at 0x7f1378b71fa0>,73,24,[9 1],74,-1,312,-1,288
1,<environment.Job instance at 0x7f1378b71a50>,74,15,[14  3],75,-1,303,-1,288
1,<environment.Job instance at 0x7f1378b71f50>,76,13,[ 5 13],77,-1,301,-1,288
1,<environment.Job instance at 0x7f13791e5eb0>,1,22,[5 8],2,-1,24,-1,2
1,<environment.Job instance at 0x7f1378b71780>,4,28,[13  3],5,-1,33,-1,5
1,<environment.Job instance at 0x7f13790ba820>,7,18,[ 1 13],8,-1,26,-1,8
1,<environment.Job instance at 0x7f13790ba3c0>,8,24,[ 5 11],9,-1,33,-1,9
1,<environment.Job instance at 0x7f13790ba370>,11,16,[ 2 13],12,-1,28,-1,12
1,<environment.Job instance at 0x7f1378b29730>,13,15,[ 1 11],14,-1,29,-1,14
1,<environment.Job instance at 0x7f13790ba500>,15,13,[11  1],16,-1,42,-1,29
1,<environment.Job instance at 0x7f1378b29be0>,17,3,[8 3],18,-1,33,-1,30
1,<environment.Job instance at 0x7f1378b29190>,21,2,[5 1],22,-1,55,-1,53
1,<environment.Job instance at 0x7f1378b29370>,22,23,[1 7],23,-1,83,-1,60
1,<environment.Job instance at 0x7f1378b29230>,23,12,[12  2],24,-1,72,-1,60
1,<environment.Job instance at 0x7f1378b29eb0>,25,2,[14  3],26,-1,62,-1,60
1,<environment.Job instance at 0x7f1378b29820>,26,19,[ 3 14],27,-1,79,-1,60
1,<environment.Job instance at 0x7f1378b299b0>,27,2,[14  5],28,-1,62,-1,60
1,<environment.Job instance at 0x7f1378b297d0>,30,12,[12  4],31,-1,89,-1,77
1,<environment.Job instance at 0x7f1378f68b90>,38,27,[ 3 13],39,-1,172,-1,145
1,<environment.Job instance at 0x7f1378f68af0>,39,20,[14  3],40,-1,165,-1,145
1,<environment.Job instance at 0x7f1378f68280>,41,14,[ 4 13],42,-1,159,-1,145
1,<environment.Job instance at 0x7f1378f68640>,42,1,[ 5 14],43,-1,146,-1,145
1,<environment.Job instance at 0x7f1378f68c30>,44,2,[10  1],45,-1,147,-1,145
1,<environment.Job instance at 0x7f1378f688c0>,46,28,[14  3],47,-1,182,-1,154
1,<environment.Job instance at 0x7f1378f686e0>,47,24,[ 4 11],48,-1,178,-1,154
1,<environment.Job instance at 0x7f1378f68cd0>,48,3,[11  1],49,-1,157,-1,154
1,<environment.Job instance at 0x7f1379097960>,51,22,[ 1 10],52,-1,219,-1,197
1,<environment.Job instance at 0x7f1379097e10>,59,15,[ 1 13],60,-1,253,-1,238
1,<environment.Job instance at 0x7f1379097a00>,60,1,[11  3],61,-1,239,-1,238
1,<environment.Job instance at 0x7f137904d6e0>,62,2,[8 1],63,-1,250,-1,248
1,<environment.Job instance at 0x7f137904dd20>,63,1,[10  2],64,-1,249,-1,248
1,<environment.Job instance at 0x7f137904d4b0>,64,16,[ 2 11],65,-1,264,-1,248
1,<environment.Job instance at 0x7f137904d140>,65,24,[8 2],66,-1,273,-1,249
1,<environment.Job instance at 0x7f1378edb370>,4,18,[ 4 13],5,-1,23,-1,5
1,<environment.Job instance at 0x7f1378edbf50>,6,15,[13  4],7,-1,22,-1,7
1,<environment.Job instance at 0x7f1378eddbe0>,17,18,[13  2],18,-1,95,-1,77
1,<environment.Job instance at 0x7f1378edd500>,18,19,[ 5 13],19,-1,96,-1,77
1,<environment.Job instance at 0x7f1378eddd20>,19,28,[3 5],20,-1,105,-1,77
1,<environment.Job instance at 0x7f1378ee1500>,22,26,[5 3],23,-1,116,-1,90
1,<environment.Job instance at 0x7f1378ee12d0>,24,15,[ 3 11],25,-1,117,-1,102
1,<environment.Job instance at 0x7f1378ee2c80>,27,12,[ 3 11],28,-1,134,-1,122
1,<environment.Job instance at 0x7f1378ee2dc0>,30,24,[ 5 11],31,-1,163,-1,139
1,<environment.Job instance at 0x7f1379384820>,32,27,[4 6],33,-1,167,-1,140
1,<environment.Job instance at 0x7f137927c5a0>,33,16,[ 2 11],34,-1,156,-1,140
1,<environment.Job instance at 0x7f13793514b0>,35,15,[13  3],36,-1,157,-1,142
1,<environment.Job instance at 0x7f1379248c80>,36,12,[14  2],37,-1,154,-1,142
1,<environment.Job instance at 0x7f13793542d0>,37,12,[ 2 11],38,-1,154,-1,142
1,<environment.Job instance at 0x7f137927cd70>,39,15,[12  5],40,-1,159,-1,144
1,<environment.Job instance at 0x7f13799c0910>,40,16,[ 3 12],41,-1,160,-1,144
1,<environment.Job instance at 0x7f13799ab370>,41,16,[ 3 12],42,-1,160,-1,144
1,<environment.Job instance at 0x7f137a09b280>,43,27,[5 1],44,-1,191,-1,164
1,<environment.Job instance at 0x7f13799be5f0>,44,25,[10  4],45,-1,189,-1,164
1,<environment.Job instance at 0x7f137a09bf50>,45,26,[5 4],46,-1,190,-1,164
1,<environment.Job instance at 0x7f137a09b0a0>,46,3,[5 9],47,-1,168,-1,165
1,<environment.Job instance at 0x7f137934b5f0>,48,12,[ 2 11],49,-1,177,-1,165
1,<environment.Job instance at 0x7f13799c9a00>,50,26,[ 2 11],51,-1,200,-1,174
1,<environment.Job instance at 0x7f137937a190>,51,12,[12  1],52,-1,186,-1,174
1,<environment.Job instance at 0x7f137937a230>,52,1,[ 2 10],53,-1,179,-1,178
1,<environment.Job instance at 0x7f1379385f00>,56,24,[3 6],57,-1,220,-1,196
1,<environment.Job instance at 0x7f13799c55f0>,60,27,[9 5],61,-1,251,-1,224
1,<environment.Job instance at 0x7f137935f910>,62,3,[9 2],63,-1,234,-1,231
1,<environment.Job instance at 0x7f137935f550>,68,18,[ 3 10],69,-1,318,-1,300
1,<environment.Job instance at 0x7f137935f370>,71,12,[8 2],72,-1,312,-1,300
1,<environment.Job instance at 0x7f137935f050>,72,19,[11  4],73,-1,319,-1,300
1,<environment.Job instance at 0x7f137935f320>,73,27,[9 1],74,-1,327,-1,300
1,<environment.Job instance at 0x7f137a08b820>,74,21,[3 9],75,-1,332,-1,311
1,<environment.Job instance at 0x7f137a08b8c0>,75,22,[7 4],76,-1,430,-1,408
1,<environment.Job instance at 0x7f137a08b8c0>,2,16,[ 1 11],3,-1,19,-1,3
1,<environment.Job instance at 0x7f1378fb28c0>,5,17,[ 4 13],6,-1,23,-1,6
1,<environment.Job instance at 0x7f1378f8d640>,13,18,[14  3],14,-1,48,-1,30
1,<environment.Job instance at 0x7f1379251960>,23,16,[11  1],24,-1,117,-1,101
1,<environment.Job instance at 0x7f1379251f50>,24,2,[2 8],25,-1,103,-1,101
1,<environment.Job instance at 0x7f13792517d0>,25,14,[11  5],26,-1,115,-1,101
1,<environment.Job instance at 0x7f1379251f00>,26,13,[ 1 11],27,-1,114,-1,101
1,<environment.Job instance at 0x7f1379251be0>,28,25,[6 1],29,-1,126,-1,101
1,<environment.Job instance at 0x7f1379251eb0>,29,15,[ 3 12],30,-1,116,-1,101
1,<environment.Job instance at 0x7f13792510f0>,30,18,[13  2],31,-1,119,-1,101
1,<environment.Job instance at 0x7f1379251550>,31,1,[5 7],32,-1,102,-1,101
1,<environment.Job instance at 0x7f13792516e0>,32,12,[10  3],33,-1,119,-1,107
1,<environment.Job instance at 0x7f1379251050>,33,28,[11  3],34,-1,135,-1,107
1,<environment.Job instance at 0x7f13792515f0>,35,28,[ 4 10],36,-1,140,-1,112
1,<environment.Job instance at 0x7f1378f93aa0>,36,2,[5 3],37,-1,114,-1,112
1,<environment.Job instance at 0x7f1378f936e0>,40,14,[ 2 10],41,-1,143,-1,129
1,<environment.Job instance at 0x7f1378f934b0>,41,16,[ 5 13],42,-1,145,-1,129
1,<environment.Job instance at 0x7f1378f93230>,43,24,[5 6],44,-1,163,-1,139
1,<environment.Job instance at 0x7f1378f93c30>,44,2,[3 5],45,-1,141,-1,139
1,<environment.Job instance at 0x7f1378f93c80>,46,14,[ 3 14],47,-1,153,-1,139
1,<environment.Job instance at 0x7f1378f93a00>,47,24,[3 9],48,-1,163,-1,139
1,<environment.Job instance at 0x7f1378f93eb0>,50,12,[ 2 12],51,-1,186,-1,174
1,<environment.Job instance at 0x7f1378f93050>,52,12,[ 2 11],53,-1,186,-1,174
1,<environment.Job instance at 0x7f1378f93320>,53,27,[ 3 14],54,-1,201,-1,174
1,<environment.Job instance at 0x7f1379277b90>,56,28,[5 2],57,-1,215,-1,187
1,<environment.Job instance at 0x7f13792773c0>,57,28,[13  5],58,-1,215,-1,187
1,<environment.Job instance at 0x7f1379277640>,64,12,[ 1 10],65,-1,240,-1,228
1,<environment.Job instance at 0x7f13799caf00>,68,2,[7 2],69,-1,261,-1,259
1,<environment.Job instance at 0x7f13799ca2d0>,71,25,[7 3],72,-1,294,-1,269
1,<environment.Job instance at 0x7f13799cab40>,73,27,[ 5 13],74,-1,306,-1,279
1,<environment.Job instance at 0x7f13799cabe0>,74,13,[14  5],75,-1,292,-1,279
1,<environment.Job instance at 0x7f13799ca1e0>,75,12,[ 4 13],76,-1,291,-1,279
1,<environment.Job instance at 0x7f13799caa00>,77,14,[ 3 12],78,-1,304,-1,290
1,<environment.Job instance at 0x7f13799ca230>,78,23,[7 3],79,-1,314,-1,291
1,<environment.Job instance at 0x7f1378b34870>,4,24,[4 8],5,-1,30,-1,6
1,<environment.Job instance at 0x7f1378b34a50>,6,1,[8 1],7,-1,8,-1,7
1,<environment.Job instance at 0x7f1378b34be0>,8,2,[7 2],9,-1,11,-1,9
1,<environment.Job instance at 0x7f1378b34af0>,9,1,[1 5],10,-1,11,-1,10
1,<environment.Job instance at 0x7f1378b34f00>,10,1,[1 6],11,-1,13,-1,12
1,<environment.Job instance at 0x7f1378b34f50>,12,28,[12  4],13,-1,41,-1,13
1,<environment.Job instance at 0x7f1378b45050>,13,1,[11  1],14,-1,15,-1,14
1,<environment.Job instance at 0x7f1378b455f0>,20,21,[9 1],21,-1,74,-1,53
1,<environment.Job instance at 0x7f1378b45870>,24,25,[ 3 10],25,-1,91,-1,66
1,<environment.Job instance at 0x7f1378b45a50>,27,17,[13  5],28,-1,95,-1,78
1,<environment.Job instance at 0x7f1378b45c80>,29,18,[11  5],30,-1,96,-1,78
1,<environment.Job instance at 0x7f1378b45cd0>,30,28,[7 2],31,-1,106,-1,78
1,<environment.Job instance at 0x7f1378b45dc0>,32,25,[5 7],33,-1,114,-1,89
1,<environment.Job instance at 0x7f1378b45fa0>,35,21,[ 5 13],36,-1,117,-1,96
1,<environment.Job instance at 0x7f1378b18230>,38,17,[13  2],39,-1,128,-1,111
1,<environment.Job instance at 0x7f1378b182d0>,39,22,[12  5],40,-1,133,-1,111
1,<environment.Job instance at 0x7f1378b18370>,40,23,[7 1],41,-1,134,-1,111
1,<environment.Job instance at 0x7f1378b184b0>,42,2,[2 5],43,-1,123,-1,121
1,<environment.Job instance at 0x7f1378b185f0>,44,12,[ 2 13],45,-1,149,-1,137
1,<environment.Job instance at 0x7f1378b18690>,45,1,[4 9],46,-1,138,-1,137
1,<environment.Job instance at 0x7f1378b18af0>,52,25,[11  2],53,-1,215,-1,190
1,<environment.Job instance at 0x7f1378b18cd0>,53,15,[ 3 12],54,-1,205,-1,190
1,<environment.Job instance at 0x7f1378b18dc0>,54,17,[ 3 10],55,-1,207,-1,190
1,<environment.Job instance at 0x7f1378b18d70>,55,22,[8 5],56,-1,212,-1,190
1,<environment.Job instance at 0x7f1378b18e10>,56,13,[10  5],57,-1,211,-1,198
1,<environment.Job instance at 0x7f1378b18eb0>,57,23,[9 5],58,-1,221,-1,198
1,<environment.Job instance at 0x7f1378b18f50>,58,23,[8 1],59,-1,221,-1,198
1,<environment.Job instance at 0x7f1378b22230>,60,15,[ 5 14],61,-1,216,-1,201
1,<environment.Job instance at 0x7f1378b224b0>,64,13,[ 5 10],65,-1,252,-1,239
1,<environment.Job instance at 0x7f1378b22780>,67,12,[14  4],68,-1,251,-1,239
1,<environment.Job instance at 0x7f1378b22640>,68,12,[ 1 13],69,-1,251,-1,239
1,<environment.Job instance at 0x7f1378b22870>,70,28,[9 5],71,-1,278,-1,250
1,<environment.Job instance at 0x7f1378b22910>,71,12,[ 5 10],72,-1,262,-1,250
1,<environment.Job instance at 0x7f1378b229b0>,72,26,[9 3],73,-1,276,-1,250
1,<environment.Job instance at 0x7f1378b3b9b0>,75,22,[ 1 13],76,-1,286,-1,264
1,<environment.Job instance at 0x7f1378b34aa0>,3,18,[ 5 11],4,-1,22,-1,4
1,<environment.Job instance at 0x7f1379b7dd20>,5,25,[4 9],6,-1,31,-1,6
1,<environment.Job instance at 0x7f1379b7d370>,6,18,[ 1 12],7,-1,25,-1,7
1,<environment.Job instance at 0x7f13796be460>,16,19,[ 1 12],17,-1,50,-1,31
1,<environment.Job instance at 0x7f13796be140>,17,24,[10  2],18,-1,55,-1,31
1,<environment.Job instance at 0x7f13796bef00>,18,2,[ 4 13],19,-1,33,-1,31
1,<environment.Job instance at 0x7f13796be500>,21,28,[ 1 12],22,-1,73,-1,45
1,<environment.Job instance at 0x7f13796beb40>,19,19,[ 5 10],20,-1,78,-1,59
1,<environment.Job instance at 0x7f13796bec80>,25,12,[ 4 13],26,-1,71,-1,59
1,<environment.Job instance at 0x7f13796beaf0>,26,24,[5 3],27,-1,83,-1,59
1,<environment.Job instance at 0x7f13796be7d0>,29,18,[12  3],30,-1,94,-1,76
1,<environment.Job instance at 0x7f13796be550>,30,3,[5 3],31,-1,79,-1,76
1,<environment.Job instance at 0x7f13796be050>,31,12,[13  4],32,-1,88,-1,76
1,<environment.Job instance at 0x7f13796a03c0>,36,15,[13  4],37,-1,113,-1,98
1,<environment.Job instance at 0x7f13796a0140>,40,26,[14  4],41,-1,151,-1,125
1,<environment.Job instance at 0x7f13796a0a00>,43,18,[14  1],44,-1,159,-1,141
1,<environment.Job instance at 0x7f13796a0b90>,44,24,[9 2],45,-1,165,-1,141
1,<environment.Job instance at 0x7f13796a0050>,46,15,[ 5 11],47,-1,168,-1,153
1,<environment.Job instance at 0x7f1379969aa0>,47,27,[2 7],48,-1,180,-1,153
1,<environment.Job instance at 0x7f13799699b0>,49,18,[14  1],50,-1,171,-1,153
1,<environment.Job instance at 0x7f1382d281e0>,3,16,[12  2],4,-1,21,-1,5
1,<environment.Job instance at 0x7f13793ea870>,11,15,[10  1],12,-1,42,-1,27
1,<environment.Job instance at 0x7f13795a7b40>,17,1,[4 9],18,-1,28,-1,27
1,<environment.Job instance at 0x7f138293f960>,32,16,[11  3],33,-1,188,-1,172
1,<environment.Job instance at 0x7f138293fd70>,34,2,[2 6],35,-1,186,-1,184
1,<environment.Job instance at 0x7f138293f730>,35,24,[1 6],36,-1,208,-1,184
1,<environment.Job instance at 0x7f138293fbe0>,36,16,[14  5],37,-1,200,-1,184
1,<environment.Job instance at 0x7f137939bc80>,40,13,[ 4 10],41,-1,216,-1,203
1,<environment.Job instance at 0x7f137939b460>,42,2,[9 1],43,-1,221,-1,219
1,<environment.Job instance at 0x7f137939bf50>,45,14,[ 1 14],46,-1,247,-1,233
1,<environment.Job instance at 0x7f1379f91c80>,47,22,[12  2],48,-1,255,-1,233
1,<environment.Job instance at 0x7f1379f91e10>,48,26,[ 2 10],49,-1,259,-1,233
1,<environment.Job instance at 0x7f1379f91410>,49,14,[12  5],50,-1,247,-1,233
1,<environment.Job instance at 0x7f1379f91d70>,52,3,[1 9],53,-1,250,-1,247
1,<environment.Job instance at 0x7f1379f915a0>,53,24,[9 3],54,-1,271,-1,247
1,<environment.Job instance at 0x7f1379f914b0>,54,23,[13  5],55,-1,270,-1,247
1,<environment.Job instance at 0x7f1379f91eb0>,55,22,[ 4 10],56,-1,269,-1,247
1,<environment.Job instance at 0x7f1379f91f50>,57,2,[12  3],58,-1,256,-1,254
1,<environment.Job instance at 0x7f1379f91460>,58,25,[3 6],59,-1,279,-1,254
1,<environment.Job instance at 0x7f1379f91a50>,59,1,[8 4],60,-1,255,-1,254
1,<environment.Job instance at 0x7f1379f91500>,60,13,[12  4],61,-1,267,-1,254
1,<environment.Job instance at 0x7f1379f916e0>,61,27,[9 3],62,-1,281,-1,254
1,<environment.Job instance at 0x7f1379f91a00>,63,18,[ 5 12],64,-1,283,-1,265
1,<environment.Job instance at 0x7f1378aaca50>,64,2,[ 2 13],65,-1,267,-1,265
1,<environment.Job instance at 0x7f1378aacb90>,65,26,[ 3 14],66,-1,291,-1,265
1,<environment.Job instance at 0x7f1378aace10>,66,15,[11  5],67,-1,280,-1,265
1,<environment.Job instance at 0x7f1378aac690>,69,25,[8 4],70,-1,305,-1,280
1,<environment.Job instance at 0x7f1378aac050>,72,18,[ 4 12],73,-1,311,-1,293
1,<environment.Job instance at 0x7f13799ace10>,75,3,[14  5],76,-1,301,-1,298
1,<environment.Job instance at 0x7f13829473c0>,78,1,[8 1],79,-1,321,-1,320
1,<environment.Job instance at 0x7f1378b39dc0>,2,26,[1 6],3,-1,29,-1,3
1,<environment.Job instance at 0x7f13792e4eb0>,3,23,[5 5],4,-1,27,-1,4
1,<environment.Job instance at 0x7f1378f7c280>,19,12,[9 1],20,-1,117,-1,105
1,<environment.Job instance at 0x7f1379812690>,20,26,[3 6],21,-1,131,-1,105
1,<environment.Job instance at 0x7f1379812a00>,21,13,[4 7],22,-1,123,-1,110
1,<environment.Job instance at 0x7f1379812780>,22,21,[ 1 12],23,-1,132,-1,111
1,<environment.Job instance at 0x7f1379812140>,23,20,[3 8],24,-1,248,-1,228
1,<environment.Job instance at 0x7f1379812af0>,35,28,[8 5],36,-1,256,-1,228
1,<environment.Job instance at 0x7f13798126e0>,36,12,[5 8],37,-1,240,-1,228
1,<environment.Job instance at 0x7f1379812870>,37,23,[8 4],38,-1,251,-1,228
1,<environment.Job instance at 0x7f1379812a50>,38,14,[3 8],39,-1,242,-1,228
1,<environment.Job instance at 0x7f1379812eb0>,39,12,[10  1],40,-1,240,-1,228
1,<environment.Job instance at 0x7f1379812d70>,40,12,[2 7],41,-1,240,-1,228
1,<environment.Job instance at 0x7f1379812910>,41,14,[ 4 10],42,-1,242,-1,228
1,<environment.Job instance at 0x7f13798125a0>,42,18,[4 6],43,-1,246,-1,228
1,<environment.Job instance at 0x7f13798120f0>,43,20,[9 4],44,-1,248,-1,228
1,<environment.Job instance at 0x7f13826d7e10>,44,20,[5 1],45,-1,248,-1,228
1,<environment.Job instance at 0x7f13826d7730>,45,12,[11  5],46,-1,240,-1,228
1,<environment.Job instance at 0x7f13826d7cd0>,46,16,[3 8],47,-1,244,-1,228
1,<environment.Job instance at 0x7f13826d7f50>,47,13,[7 4],48,-1,241,-1,228
1,<environment.Job instance at 0x7f13826d7820>,48,25,[12  1],49,-1,253,-1,228
1,<environment.Job instance at 0x7f13826d78c0>,49,17,[1 8],50,-1,245,-1,228
1,<environment.Job instance at 0x7f13826d7320>,50,16,[6 2],51,-1,244,-1,228
1,<environment.Job instance at 0x7f13826d75f0>,51,19,[ 4 11],52,-1,247,-1,228
1,<environment.Job instance at 0x7f13826d7190>,52,24,[9 5],53,-1,252,-1,228
1,<environment.Job instance at 0x7f13826d7b40>,53,16,[7 2],54,-1,244,-1,228
1,<environment.Job instance at 0x7f13826d7690>,54,16,[ 3 10],55,-1,244,-1,228
1,<environment.Job instance at 0x7f13826e1640>,64,17,[ 5 11],65,-1,311,-1,294
1,<environment.Job instance at 0x7f13826e1500>,65,16,[12  1],66,-1,310,-1,294
1,<environment.Job instance at 0x7f13826e1730>,66,26,[9 2],67,-1,320,-1,294
1,<environment.Job instance at 0x7f13826e1190>,68,20,[ 1 13],69,-1,326,-1,306
1,<environment.Job instance at 0x7f137a007d20>,72,23,[ 3 10],73,-1,345,-1,322
1,<environment.Job instance at 0x7f137a0075f0>,74,25,[1 6],75,-1,362,-1,337
1,<environment.Job instance at 0x7f137a007230>,76,24,[1 9],77,-1,387,-1,363
1,<environment.Job instance at 0x7f1378f7c410>,12,26,[10  5],13,-1,389,-1,363
1,<environment.Job instance at 0x7f13826e1960>,63,19,[2 8],64,-1,382,-1,363
1,<environment.Job instance at 0x7f13790f7d20>,4,19,[ 5 13],5,-1,24,-1,5
1,<environment.Job instance at 0x7f13790f7eb0>,6,25,[3 9],7,-1,32,-1,7
1,<environment.Job instance at 0x7f1379f49410>,12,13,[ 3 10],13,-1,29,-1,16
1,<environment.Job instance at 0x7f13795a7320>,27,21,[ 5 13],28,-1,141,-1,120
1,<environment.Job instance at 0x7f1379e4f0f0>,26,21,[8 2],27,-1,152,-1,131
1,<environment.Job instance at 0x7f1379d1b1e0>,31,2,[5 9],32,-1,133,-1,131
1,<environment.Job instance at 0x7f1379cf1820>,32,28,[10  3],33,-1,159,-1,131
1,<environment.Job instance at 0x7f1378f38dc0>,33,28,[10  4],34,-1,159,-1,131
1,<environment.Job instance at 0x7f1379788640>,35,25,[5 7],36,-1,161,-1,136
1,<environment.Job instance at 0x7f1379e4caf0>,36,16,[13  3],37,-1,152,-1,136
1,<environment.Job instance at 0x7f1379118730>,42,28,[3 8],43,-1,205,-1,177
1,<environment.Job instance at 0x7f13792a3d70>,43,18,[ 1 14],44,-1,195,-1,177
1,<environment.Job instance at 0x7f13796b8eb0>,46,16,[12  2],47,-1,201,-1,185
1,<environment.Job instance at 0x7f13796b81e0>,47,12,[11  2],48,-1,197,-1,185
1,<environment.Job instance at 0x7f1378723f50>,53,14,[11  2],54,-1,249,-1,235
1,<environment.Job instance at 0x7f1378723fa0>,54,23,[ 5 10],55,-1,258,-1,235
1,<environment.Job instance at 0x7f1378723af0>,55,25,[ 2 14],56,-1,260,-1,235
1,<environment.Job instance at 0x7f1378723460>,56,12,[ 3 13],57,-1,247,-1,235
1,<environment.Job instance at 0x7f1378723dc0>,66,13,[11  2],67,-1,315,-1,302
1,<environment.Job instance at 0x7f137a1a66e0>,67,13,[12  3],68,-1,315,-1,302
1,<environment.Job instance at 0x7f13793b1b40>,71,24,[14  3],72,-1,346,-1,322
1,<environment.Job instance at 0x7f1378c56820>,72,25,[ 5 10],73,-1,347,-1,322
1,<environment.Job instance at 0x7f13793b1dc0>,73,16,[ 3 12],74,-1,338,-1,322
1,<environment.Job instance at 0x7f1379c2a640>,6,16,[ 2 10],7,-1,37,-1,21
1,<environment.Job instance at 0x7f1378cf5870>,10,14,[12  4],11,-1,35,-1,21
1,<environment.Job instance at 0x7f1378cf59b0>,11,18,[ 5 10],12,-1,43,-1,25
1,<environment.Job instance at 0x7f1378cf5370>,12,25,[6 3],13,-1,50,-1,25
1,<environment.Job instance at 0x7f1378cf5fa0>,13,23,[7 4],14,-1,48,-1,25
1,<environment.Job instance at 0x7f1378cf5780>,15,12,[13  4],16,-1,37,-1,25
1,<environment.Job instance at 0x7f1378cf58c0>,16,28,[5 4],17,-1,53,-1,25
1,<environment.Job instance at 0x7f1378cf5550>,17,2,[3 8],18,-1,27,-1,25
1,<environment.Job instance at 0x7f1378cf53c0>,18,27,[6 3],19,-1,52,-1,25
1,<environment.Job instance at 0x7f1378cf5460>,19,2,[14  3],20,-1,27,-1,25
1,<environment.Job instance at 0x7f1378cf5b40>,20,25,[14  5],21,-1,50,-1,25
1,<environment.Job instance at 0x7f1378cf56e0>,21,2,[ 2 12],22,-1,27,-1,25
1,<environment.Job instance at 0x7f1379390230>,22,28,[7 1],23,-1,53,-1,25
1,<environment.Job instance at 0x7f1379b8b460>,23,18,[ 3 14],24,-1,43,-1,25
1,<environment.Job instance at 0x7f1379fc1460>,25,16,[ 1 14],26,-1,48,-1,32
1,<environment.Job instance at 0x7f1378fe9280>,26,26,[3 8],27,-1,58,-1,32
1,<environment.Job instance at 0x7f137901c820>,27,26,[10  5],28,-1,58,-1,32
1,<environment.Job instance at 0x7f1379147c30>,29,16,[12  4],30,-1,49,-1,33
1,<environment.Job instance at 0x7f1378fed5a0>,30,24,[1 6],31,-1,57,-1,33
1,<environment.Job instance at 0x7f1378fed690>,31,14,[10  2],32,-1,47,-1,33
1,<environment.Job instance at 0x7f1379c8a4b0>,33,20,[1 8],34,-1,54,-1,34
1,<environment.Job instance at 0x7f1379034c30>,34,22,[7 2],35,-1,57,-1,35
1,<environment.Job instance at 0x7f1379bfa1e0>,36,14,[10  2],37,-1,66,-1,52
1,<environment.Job instance at 0x7f1379bfa690>,37,21,[4 9],38,-1,73,-1,52
1,<environment.Job instance at 0x7f13799cdaa0>,38,21,[ 5 14],39,-1,73,-1,52
1,<environment.Job instance at 0x7f13799cde60>,39,21,[ 4 11],40,-1,73,-1,52
1,<environment.Job instance at 0x7f13799d00a0>,41,23,[8 4],42,-1,79,-1,56
1,<environment.Job instance at 0x7f137904ae10>,42,12,[3 9],43,-1,68,-1,56
1,<environment.Job instance at 0x7f137906d730>,52,1,[7 4],53,-1,135,-1,134
1,<environment.Job instance at 0x7f1379159eb0>,57,20,[ 5 13],58,-1,179,-1,159
1,<environment.Job instance at 0x7f13799a1dc0>,64,28,[8 5],65,-1,237,-1,209
1,<environment.Job instance at 0x7f13799a1fa0>,65,12,[13  5],66,-1,221,-1,209
1,<environment.Job instance at 0x7f13799a1460>,66,13,[1 8],67,-1,265,-1,252
1,<environment.Job instance at 0x7f13799c5140>,70,15,[ 1 12],71,-1,267,-1,252
1,<environment.Job instance at 0x7f13791533c0>,77,2,[5 7],78,-1,311,-1,309
1,<environment.Job instance at 0x7f13791530f0>,78,14,[ 4 10],79,-1,323,-1,309
1,<environment.Job instance at 0x7f13799a1cd0>,61,27,[6 4],62,-1,1013,-1,986
1,<environment.Job instance at 0x7f13799c5320>,69,17,[14  1],70,-1,1007,-1,990
1,<environment.Job instance at 0x7f1379039550>,1,16,[ 1 12],2,-1,18,-1,2
1,<environment.Job instance at 0x7f1379039820>,5,28,[ 2 14],6,-1,34,-1,6
1,<environment.Job instance at 0x7f1379144f00>,15,26,[2 9],16,-1,82,-1,56
1,<environment.Job instance at 0x7f1379144be0>,17,12,[ 2 13],18,-1,68,-1,56
1,<environment.Job instance at 0x7f1379144320>,18,17,[11  4],19,-1,73,-1,56
1,<environment.Job instance at 0x7f13791441e0>,19,27,[ 4 13],20,-1,83,-1,56
1,<environment.Job instance at 0x7f13791447d0>,20,15,[14  1],21,-1,71,-1,56
1,<environment.Job instance at 0x7f1379144c80>,24,26,[ 4 10],25,-1,118,-1,92
1,<environment.Job instance at 0x7f1379144870>,28,25,[5 5],29,-1,133,-1,108
1,<environment.Job instance at 0x7f1379144370>,29,26,[2 9],30,-1,134,-1,108
1,<environment.Job instance at 0x7f1379144e10>,31,15,[12  4],32,-1,123,-1,108
1,<environment.Job instance at 0x7f1379126f50>,32,27,[10  3],33,-1,135,-1,108
1,<environment.Job instance at 0x7f1379126d20>,33,1,[ 1 11],34,-1,109,-1,108
1,<environment.Job instance at 0x7f13791265f0>,34,18,[ 2 12],35,-1,126,-1,108
1,<environment.Job instance at 0x7f13791264b0>,35,22,[ 2 11],36,-1,130,-1,108
1,<environment.Job instance at 0x7f1379126960>,36,23,[8 4],37,-1,131,-1,108
1,<environment.Job instance at 0x7f13791268c0>,37,1,[2 5],38,-1,109,-1,108
1,<environment.Job instance at 0x7f1379126f00>,38,28,[ 4 10],39,-1,136,-1,108
1,<environment.Job instance at 0x7f13791260f0>,40,3,[5 6],41,-1,122,-1,119
1,<environment.Job instance at 0x7f1378762a50>,45,27,[ 2 10],46,-1,176,-1,149
1,<environment.Job instance at 0x7f1379dc9640>,47,1,[11  5],48,-1,151,-1,150
1,<environment.Job instance at 0x7f1379dc9140>,48,14,[ 5 14],49,-1,164,-1,150
1,<environment.Job instance at 0x7f13796e2320>,50,25,[9 2],51,-1,189,-1,164
1,<environment.Job instance at 0x7f137a155780>,52,2,[ 5 13],53,-1,168,-1,166
1,<environment.Job instance at 0x7f137a155370>,55,13,[ 5 13],56,-1,194,-1,181
1,<environment.Job instance at 0x7f1382b8bd70>,58,24,[5 1],59,-1,222,-1,198
1,<environment.Job instance at 0x7f137946e9b0>,59,13,[ 5 12],60,-1,211,-1,198
1,<environment.Job instance at 0x7f13790cfd70>,62,28,[ 2 10],63,-1,249,-1,221
1,<environment.Job instance at 0x7f137975afa0>,65,21,[ 3 14],66,-1,258,-1,237
1,<environment.Job instance at 0x7f137975a500>,69,21,[13  5],70,-1,297,-1,276
1,<environment.Job instance at 0x7f1379dd8af0>,71,3,[9 4],72,-1,298,-1,295
1,<environment.Job instance at 0x7f1378fed5f0>,72,2,[7 5],73,-1,297,-1,295
1,<environment.Job instance at 0x7f1378fd5cd0>,75,28,[ 1 13],76,-1,330,-1,302
1,<environment.Job instance at 0x7f137975a190>,76,19,[ 5 14],77,-1,321,-1,302
1,<environment.Job instance at 0x7f13799e3be0>,1,18,[ 3 11],2,-1,20,-1,2
1,<environment.Job instance at 0x7f13799e3730>,3,26,[ 2 11],4,-1,30,-1,4
1,<environment.Job instance at 0x7f13799e3dc0>,4,13,[13  4],5,-1,18,-1,5
1,<environment.Job instance at 0x7f1379c28140>,8,17,[ 5 13],9,-1,26,-1,9
1,<environment.Job instance at 0x7f1379c28a50>,9,16,[ 5 14],10,-1,26,-1,10
1,<environment.Job instance at 0x7f1379c28190>,10,25,[5 8],11,-1,36,-1,11
1,<environment.Job instance at 0x7f13799e3550>,12,17,[ 2 14],13,-1,30,-1,13
1,<environment.Job instance at 0x7f1378e13960>,13,18,[11  3],14,-1,46,-1,28
1,<environment.Job instance at 0x7f1379829230>,18,24,[11  3],19,-1,52,-1,28
1,<environment.Job instance at 0x7f13789fa6e0>,19,15,[ 5 12],20,-1,43,-1,28
1,<environment.Job instance at 0x7f13797b6e10>,20,26,[ 1 12],21,-1,54,-1,28
1,<environment.Job instance at 0x7f1379370a50>,27,28,[11  4],28,-1,95,-1,67
1,<environment.Job instance at 0x7f1379f34640>,28,26,[5 7],29,-1,93,-1,67
1,<environment.Job instance at 0x7f13793707d0>,29,2,[5 1],30,-1,69,-1,67
1,<environment.Job instance at 0x7f1379370780>,30,16,[11  2],31,-1,83,-1,67
1,<environment.Job instance at 0x7f1379f3ca50>,36,17,[10  1],37,-1,160,-1,143
1,<environment.Job instance at 0x7f1378a119b0>,45,15,[12  2],46,-1,213,-1,198
1,<environment.Job instance at 0x7f13793f7f50>,47,1,[4 5],48,-1,210,-1,209
1,<environment.Job instance at 0x7f13793f75a0>,52,28,[9 4],53,-1,270,-1,242
1,<environment.Job instance at 0x7f13793f7550>,53,13,[ 5 11],54,-1,255,-1,242
1,<environment.Job instance at 0x7f1378761370>,55,24,[8 4],56,-1,273,-1,249
1,<environment.Job instance at 0x7f1379c0e190>,68,12,[ 1 10],69,-1,346,-1,334
1,<environment.Job instance at 0x7f1379130550>,69,2,[13  2],70,-1,336,-1,334
1,<environment.Job instance at 0x7f137962e0f0>,71,25,[1 6],72,-1,374,-1,349
1,<environment.Job instance at 0x7f137962e640>,72,26,[5 5],73,-1,375,-1,349
1,<environment.Job instance at 0x7f137870b230>,73,15,[12  2],74,-1,364,-1,349
1,<environment.Job instance at 0x7f1378a17410>,74,14,[ 1 10],75,-1,363,-1,349
1,<environment.Job instance at 0x7f137921c1e0>,77,14,[14  4],78,-1,376,-1,362
1,<environment.Job instance at 0x7f137921c0f0>,78,3,[4 8],79,-1,365,-1,362
1,<environment.Job instance at 0x7f137947bc30>,5,15,[ 3 13],6,-1,21,-1,6
1,<environment.Job instance at 0x7f137947bf00>,9,13,[11  4],10,-1,24,-1,11
1,<environment.Job instance at 0x7f137947bfa0>,10,17,[ 3 12],11,-1,28,-1,11
1,<environment.Job instance at 0x7f1378d6e140>,11,2,[7 4],12,-1,14,-1,12
1,<environment.Job instance at 0x7f1378d6e280>,12,2,[4 6],13,-1,15,-1,13
1,<environment.Job instance at 0x7f1378d6e190>,13,2,[12  2],14,-1,16,-1,14
1,<environment.Job instance at 0x7f1378d6e370>,14,17,[13  5],15,-1,32,-1,15
1,<environment.Job instance at 0x7f1378d6e1e0>,17,15,[ 5 12],18,-1,41,-1,26
1,<environment.Job instance at 0x7f1378d6e5f0>,18,19,[ 4 10],19,-1,59,-1,40
1,<environment.Job instance at 0x7f1378d6e9b0>,22,25,[10  5],23,-1,65,-1,40
1,<environment.Job instance at 0x7f1378d6ecd0>,26,28,[4 6],27,-1,86,-1,58
1,<environment.Job instance at 0x7f1378d6ebe0>,27,26,[2 6],28,-1,84,-1,58
1,<environment.Job instance at 0x7f1378d6ef00>,29,15,[14  4],30,-1,87,-1,72
1,<environment.Job instance at 0x7f1378d6ef50>,30,13,[13  5],31,-1,85,-1,72
1,<environment.Job instance at 0x7f1378d85320>,35,1,[ 1 13],36,-1,85,-1,84
1,<environment.Job instance at 0x7f1378d853c0>,36,26,[8 2],37,-1,110,-1,84
1,<environment.Job instance at 0x7f1378d85460>,37,26,[5 7],38,-1,110,-1,84
1,<environment.Job instance at 0x7f1378d855a0>,39,26,[11  1],40,-1,121,-1,95
1,<environment.Job instance at 0x7f1378d855f0>,42,13,[10  1],43,-1,134,-1,121
1,<environment.Job instance at 0x7f1378d85910>,45,18,[ 1 12],46,-1,139,-1,121
1,<environment.Job instance at 0x7f1378d859b0>,46,15,[ 3 11],47,-1,136,-1,121
1,<environment.Job instance at 0x7f1378d85af0>,47,24,[1 5],48,-1,146,-1,122
1,<environment.Job instance at 0x7f1378d85c80>,48,23,[6 3],49,-1,145,-1,122
1,<environment.Job instance at 0x7f1378d85d20>,49,16,[ 2 13],50,-1,138,-1,122
1,<environment.Job instance at 0x7f1378d85cd0>,50,21,[ 4 13],51,-1,143,-1,122
1,<environment.Job instance at 0x7f1378d85eb0>,53,27,[13  3],54,-1,157,-1,130
1,<environment.Job instance at 0x7f1378d85f50>,54,24,[3 9],55,-1,154,-1,130
1,<environment.Job instance at 0x7f1378d85fa0>,55,2,[5 7],56,-1,132,-1,130
1,<environment.Job instance at 0x7f1379f60780>,56,23,[14  1],57,-1,153,-1,130
1,<environment.Job instance at 0x7f1379473500>,57,27,[11  2],58,-1,157,-1,130
1,<environment.Job instance at 0x7f1379458aa0>,60,22,[ 3 14],61,-1,178,-1,156
1,<environment.Job instance at 0x7f1379458320>,61,15,[13  2],62,-1,171,-1,156
1,<environment.Job instance at 0x7f1379458870>,62,16,[11  3],63,-1,172,-1,156
1,<environment.Job instance at 0x7f1379458820>,63,15,[ 1 10],64,-1,171,-1,156
1,<environment.Job instance at 0x7f137947a050>,5,19,[11  3],6,-1,26,-1,7
1,<environment.Job instance at 0x7f137947a280>,7,21,[12  1],8,-1,29,-1,8
1,<environment.Job instance at 0x7f137947a820>,8,18,[12  4],9,-1,27,-1,9
1,<environment.Job instance at 0x7f137947a780>,9,26,[1 9],10,-1,36,-1,10
1,<environment.Job instance at 0x7f137947afa0>,10,3,[10  4],11,-1,14,-1,11
1,<environment.Job instance at 0x7f137944a780>,13,25,[13  3],14,-1,39,-1,14
1,<environment.Job instance at 0x7f137944ad70>,14,22,[ 5 10],15,-1,48,-1,26
1,<environment.Job instance at 0x7f137944af00>,16,15,[ 1 10],17,-1,45,-1,30
1,<environment.Job instance at 0x7f137944a4b0>,17,26,[3 8],18,-1,56,-1,30
1,<environment.Job instance at 0x7f137944acd0>,18,16,[ 5 12],19,-1,46,-1,30
1,<environment.Job instance at 0x7f137944ac80>,19,24,[13  4],20,-1,54,-1,30
1,<environment.Job instance at 0x7f137944a0a0>,20,27,[8 2],21,-1,57,-1,30
1,<environment.Job instance at 0x7f137944a230>,22,27,[4 5],23,-1,57,-1,30
1,<environment.Job instance at 0x7f137944a5f0>,23,16,[12  2],24,-1,46,-1,30
1,<environment.Job instance at 0x7f137944a1e0>,28,26,[ 3 12],29,-1,75,-1,49
1,<environment.Job instance at 0x7f137944a140>,29,26,[9 2],30,-1,75,-1,49
1,<environment.Job instance at 0x7f1379596b90>,31,16,[13  4],32,-1,77,-1,61
1,<environment.Job instance at 0x7f1379596c30>,32,28,[2 7],33,-1,89,-1,61
1,<environment.Job instance at 0x7f1379596af0>,35,17,[ 3 13],36,-1,93,-1,76
1,<environment.Job instance at 0x7f1379596640>,36,28,[3 7],37,-1,104,-1,76
1,<environment.Job instance at 0x7f1379596eb0>,37,20,[11  2],38,-1,96,-1,76
1,<environment.Job instance at 0x7f1379596f50>,41,1,[5 5],42,-1,100,-1,99
1,<environment.Job instance at 0x7f13795960a0>,42,14,[ 5 13],43,-1,113,-1,99
1,<environment.Job instance at 0x7f1379596690>,47,20,[11  4],48,-1,160,-1,140
1,<environment.Job instance at 0x7f1379480dc0>,56,1,[10  5],57,-1,197,-1,196
1,<environment.Job instance at 0x7f1379dba280>,13,28,[4 7],14,-1,85,-1,57
1,<environment.Job instance at 0x7f1379dba370>,16,16,[11  4],17,-1,80,-1,64
1,<environment.Job instance at 0x7f1379dbaa50>,17,24,[1 7],18,-1,88,-1,64
1,<environment.Job instance at 0x7f1379dba2d0>,19,17,[13  2],20,-1,81,-1,64
1,<environment.Job instance at 0x7f1379e81dc0>,20,1,[3 9],21,-1,65,-1,64
1,<environment.Job instance at 0x7f1379e81050>,21,23,[13  4],22,-1,87,-1,64
1,<environment.Job instance at 0x7f1379e81c30>,23,26,[1 9],24,-1,91,-1,65
1,<environment.Job instance at 0x7f1379e81af0>,24,25,[5 4],25,-1,90,-1,65
1,<environment.Job instance at 0x7f1379e81640>,25,22,[ 2 10],26,-1,87,-1,65
1,<environment.Job instance at 0x7f1379e81be0>,26,14,[13  4],27,-1,79,-1,65
1,<environment.Job instance at 0x7f137a0100a0>,31,17,[ 5 11],32,-1,116,-1,99
1,<environment.Job instance at 0x7f137a010dc0>,32,2,[ 1 10],33,-1,101,-1,99
1,<environment.Job instance at 0x7f137a010a00>,35,18,[14  2],36,-1,134,-1,116
1,<environment.Job instance at 0x7f137a010370>,36,15,[14  3],37,-1,131,-1,116
1,<environment.Job instance at 0x7f137a010870>,38,17,[12  2],39,-1,144,-1,127
1,<environment.Job instance at 0x7f137a010fa0>,39,20,[ 5 12],40,-1,147,-1,127
1,<environment.Job instance at 0x7f137a010a50>,40,28,[ 5 11],41,-1,155,-1,127
1,<environment.Job instance at 0x7f1378f7a9b0>,42,23,[5 9],43,-1,168,-1,145
1,<environment.Job instance at 0x7f1378f7abe0>,44,28,[14  5],45,-1,188,-1,160
1,<environment.Job instance at 0x7f1378f7adc0>,46,13,[12  1],47,-1,190,-1,177
1,<environment.Job instance at 0x7f1378f7a4b0>,47,28,[ 5 11],48,-1,205,-1,177
1,<environment.Job instance at 0x7f1378f7aaf0>,48,2,[5 3],49,-1,179,-1,177
1,<environment.Job instance at 0x7f13787b2550>,55,13,[ 4 14],56,-1,226,-1,213
1,<environment.Job instance at 0x7f13787b2d70>,59,3,[2 7],60,-1,235,-1,232
1,<environment.Job instance at 0x7f13787b2370>,60,15,[12  4],61,-1,247,-1,232
1,<environment.Job instance at 0x7f13787b2eb0>,62,16,[13  1],63,-1,268,-1,252
1,<environment.Job instance at 0x7f13787b2140>,65,14,[13  2],66,-1,280,-1,266
1,<environment.Job instance at 0x7f13787b2be0>,66,28,[ 1 14],67,-1,294,-1,266
1,<environment.Job instance at 0x7f13787b2b90>,67,18,[ 2 14],68,-1,284,-1,266
1,<environment.Job instance at 0x7f13787b25a0>,68,25,[ 4 10],69,-1,291,-1,266
1,<environment.Job instance at 0x7f13799b9d70>,69,24,[11  5],70,-1,290,-1,266
1,<environment.Job instance at 0x7f13799b96e0>,72,27,[2 9],73,-1,307,-1,280
1,<environment.Job instance at 0x7f13799b9190>,76,13,[ 2 14],77,-1,329,-1,316
1,<environment.Job instance at 0x7f13799b9910>,77,23,[10  1],78,-1,340,-1,317
1,<environment.Job instance at 0x7f13799b9af0>,2,28,[3 8],3,-1,31,-1,3
1,<environment.Job instance at 0x7f137a0fcaf0>,3,23,[ 5 10],4,-1,27,-1,4
1,<environment.Job instance at 0x7f13795af730>,6,1,[ 4 13],7,-1,9,-1,8
1,<environment.Job instance at 0x7f137983cc30>,14,16,[13  2],15,-1,46,-1,30
1,<environment.Job instance at 0x7f137a0e1280>,15,14,[ 2 13],16,-1,44,-1,30
1,<environment.Job instance at 0x7f137983c9b0>,16,18,[13  1],17,-1,48,-1,30
1,<environment.Job instance at 0x7f137a0e14b0>,17,21,[ 2 12],18,-1,51,-1,30
1,<environment.Job instance at 0x7f137a0e1960>,22,27,[7 3],23,-1,93,-1,66
1,<environment.Job instance at 0x7f137a0e1820>,23,15,[ 4 10],24,-1,117,-1,102
1,<environment.Job instance at 0x7f137a0c1c80>,26,21,[11  1],27,-1,123,-1,102
1,<environment.Job instance at 0x7f1378f14b40>,39,24,[ 2 12],40,-1,220,-1,196
1,<environment.Job instance at 0x7f137a0e2aa0>,45,25,[3 6],46,-1,251,-1,226
1,<environment.Job instance at 0x7f1379575dc0>,47,16,[ 5 12],48,-1,255,-1,239
1,<environment.Job instance at 0x7f1379567320>,60,18,[ 4 12],61,-1,363,-1,345
1,<environment.Job instance at 0x7f1379567870>,61,24,[ 3 11],62,-1,369,-1,345
1,<environment.Job instance at 0x7f1379567c30>,65,12,[13  3],66,-1,370,-1,358
1,<environment.Job instance at 0x7f1379567e60>,68,27,[12  3],69,-1,404,-1,377
1,<environment.Job instance at 0x7f1378da7eb0>,73,24,[ 5 12],74,-1,432,-1,408
1,<environment.Job instance at 0x7f1378da7f50>,74,2,[1 7],75,-1,410,-1,408
1,<environment.Job instance at 0x7f137a0c2050>,75,3,[ 3 12],76,-1,411,-1,408
1,<environment.Job instance at 0x7f137a0c2230>,77,14,[14  5],78,-1,425,-1,411
1,<environment.Job instance at 0x7f137a0c22d0>,78,14,[ 3 12],79,-1,425,-1,411
1,<environment.Job instance at 0x7f137989d960>,9,13,[ 1 11],10,-1,28,-1,15
1,<environment.Job instance at 0x7f137989d9b0>,10,14,[11  4],11,-1,29,-1,15
1,<environment.Job instance at 0x7f137989d690>,11,24,[ 4 11],12,-1,39,-1,15
1,<environment.Job instance at 0x7f137989d910>,12,24,[4 8],13,-1,39,-1,15
1,<environment.Job instance at 0x7f13790d2f00>,28,12,[11  4],29,-1,145,-1,133
1,<environment.Job instance at 0x7f13790d2190>,29,3,[ 1 12],30,-1,136,-1,133
1,<environment.Job instance at 0x7f13790d2b40>,30,14,[12  1],31,-1,147,-1,133
1,<environment.Job instance at 0x7f13790d2a50>,35,17,[ 1 11],36,-1,176,-1,159
1,<environment.Job instance at 0x7f13788ac0a0>,37,18,[12  5],38,-1,186,-1,168
1,<environment.Job instance at 0x7f13788ac780>,38,20,[13  1],39,-1,188,-1,168
1,<environment.Job instance at 0x7f13788ac230>,39,17,[ 5 13],40,-1,185,-1,168
1,<environment.Job instance at 0x7f13788ac320>,41,23,[4 8],42,-1,196,-1,173
1,<environment.Job instance at 0x7f13788ac460>,44,26,[2 8],45,-1,212,-1,186
1,<environment.Job instance at 0x7f13788ac280>,46,13,[12  5],47,-1,217,-1,204
1,<environment.Job instance at 0x7f13788ac6e0>,52,26,[6 5],53,-1,265,-1,239
1,<environment.Job instance at 0x7f137888daa0>,54,22,[13  2],55,-1,267,-1,245
1,<environment.Job instance at 0x7f137888d460>,55,3,[4 9],56,-1,248,-1,245
1,<environment.Job instance at 0x7f137888d780>,59,28,[ 3 11],60,-1,297,-1,269
1,<environment.Job instance at 0x7f137888dfa0>,69,20,[11  5],70,-1,363,-1,343
1,<environment.Job instance at 0x7f137888db90>,71,3,[5 7],72,-1,346,-1,343
1,<environment.Job instance at 0x7f13788b74b0>,73,27,[ 1 10],74,-1,370,-1,343
1,<environment.Job instance at 0x7f13788b7f00>,74,14,[ 1 11],75,-1,357,-1,343
1,<environment.Job instance at 0x7f13788b7c80>,75,25,[ 5 11],76,-1,368,-1,343
1,<environment.Job instance at 0x7f13788b7640>,77,1,[1 7],78,-1,358,-1,357
1,<environment.Job instance at 0x7f1379719550>,8,28,[11  4],9,-1,47,-1,19
1,<environment.Job instance at 0x7f1379719410>,9,1,[4 9],10,-1,22,-1,21
1,<environment.Job instance at 0x7f13797198c0>,10,12,[ 4 14],11,-1,33,-1,21
1,<environment.Job instance at 0x7f1379b3ac80>,15,28,[1 7],16,-1,74,-1,46
1,<environment.Job instance at 0x7f1379b3a8c0>,17,18,[13  2],18,-1,82,-1,64
1,<environment.Job instance at 0x7f1379b3a550>,22,27,[8 5],23,-1,125,-1,98
1,<environment.Job instance at 0x7f1379b6abe0>,24,25,[ 1 12],25,-1,123,-1,98
1,<environment.Job instance at 0x7f1379b3b230>,27,20,[14  5],28,-1,133,-1,113
1,<environment.Job instance at 0x7f1379b3be60>,28,25,[ 3 12],29,-1,138,-1,113
1,<environment.Job instance at 0x7f1379b3b050>,29,14,[13  1],30,-1,127,-1,113
1,<environment.Job instance at 0x7f137952e640>,31,13,[ 2 12],32,-1,126,-1,113
1,<environment.Job instance at 0x7f1378f385f0>,35,16,[12  2],36,-1,155,-1,139
1,<environment.Job instance at 0x7f1378eb4a00>,36,16,[14  1],37,-1,155,-1,139
1,<environment.Job instance at 0x7f1379f72b40>,37,3,[ 2 13],38,-1,142,-1,139
1,<environment.Job instance at 0x7f1378f38d20>,41,26,[13  3],42,-1,179,-1,153
1,<environment.Job instance at 0x7f1378c740f0>,42,15,[ 2 11],43,-1,168,-1,153
1,<environment.Job instance at 0x7f1378c7b870>,44,17,[14  1],45,-1,190,-1,173
1,<environment.Job instance at 0x7f1379b692d0>,48,15,[ 3 11],49,-1,216,-1,201
1,<environment.Job instance at 0x7f1379b69b90>,49,20,[ 4 12],50,-1,221,-1,201
1,<environment.Job instance at 0x7f1379b695a0>,50,28,[5 8],51,-1,229,-1,201
1,<environment.Job instance at 0x7f13792fb690>,51,17,[ 3 14],52,-1,218,-1,201
1,<environment.Job instance at 0x7f13792fb1e0>,52,27,[ 3 10],53,-1,228,-1,201
1,<environment.Job instance at 0x7f1378e8d0a0>,55,22,[ 1 10],56,-1,245,-1,223
1,<environment.Job instance at 0x7f1378e8d230>,57,27,[6 4],58,-1,250,-1,223
1,<environment.Job instance at 0x7f1378ea43c0>,58,22,[ 2 10],59,-1,245,-1,223
1,<environment.Job instance at 0x7f1378ea4410>,59,25,[2 8],60,-1,248,-1,223
1,<environment.Job instance at 0x7f1378ea46e0>,63,2,[ 5 11],64,-1,257,-1,255
1,<environment.Job instance at 0x7f1378ea42d0>,64,1,[8 2],65,-1,256,-1,255
1,<environment.Job instance at 0x7f1378ea4cd0>,70,24,[14  3],71,-1,323,-1,299
1,<environment.Job instance at 0x7f1378ea4dc0>,73,2,[13  4],74,-1,316,-1,314
1,<environment.Job instance at 0x7f1378fd9d20>,74,22,[12  2],75,-1,336,-1,314
1,<environment.Job instance at 0x7f1378fd9e60>,76,17,[14  5],77,-1,334,-1,317
1,<environment.Job instance at 0x7f1378fd9f00>,77,28,[ 3 11],78,-1,345,-1,317
1,<environment.Job instance at 0x7f1378fd9fa0>,78,12,[ 2 14],79,-1,329,-1,317
1,<environment.Job instance at 0x7fc44a5b2be0>,4,24,[ 3 11],5,-1,29,-1,5
1,<environment.Job instance at 0x7fc44a5b2f50>,8,24,[ 2 10],9,-1,33,-1,9
1,<environment.Job instance at 0x7fc44a5b5410>,14,21,[ 3 11],15,-1,43,-1,22
1,<environment.Job instance at 0x7fc44a5b5be0>,27,25,[14  4],28,-1,149,-1,124
1,<environment.Job instance at 0x7fc44a5b5c80>,28,2,[5 8],29,-1,126,-1,124
1,<environment.Job instance at 0x7fc44a5b5d20>,29,24,[5 1],30,-1,157,-1,133
1,<environment.Job instance at 0x7fc44a5b83c0>,39,23,[4 6],40,-1,232,-1,209
1,<environment.Job instance at 0x7fc44a5b8870>,42,13,[12  1],43,-1,222,-1,209
1,<environment.Job instance at 0x7fc44a5b8910>,43,21,[ 2 12],44,-1,230,-1,209
1,<environment.Job instance at 0x7fc44a5b89b0>,44,26,[8 4],45,-1,235,-1,209
1,<environment.Job instance at 0x7fc44a5b8a50>,45,13,[11  3],46,-1,222,-1,209
1,<environment.Job instance at 0x7fc44a5b86e0>,46,2,[ 1 10],47,-1,211,-1,209
1,<environment.Job instance at 0x7fc44a5b8b90>,47,13,[ 3 12],48,-1,222,-1,209
1,<environment.Job instance at 0x7fc44a5b8e10>,51,13,[ 3 12],52,-1,230,-1,217
1,<environment.Job instance at 0x7fc44a5b8eb0>,52,3,[13  2],53,-1,220,-1,217
1,<environment.Job instance at 0x7fc44a5bb190>,56,28,[10  1],57,-1,257,-1,229
1,<environment.Job instance at 0x7fc44a5bb0a0>,62,24,[ 3 10],63,-1,288,-1,264
1,<environment.Job instance at 0x7fc44a5be320>,83,17,[ 4 14],84,-1,442,-1,425
1,<environment.Job instance at 0x7fc449e197d0>,6,12,[ 4 14],7,-1,19,-1,7
1,<environment.Job instance at 0x7fc449dd9a50>,19,27,[5 8],20,-1,104,-1,77
1,<environment.Job instance at 0x7fc449dd9aa0>,21,13,[12  3],22,-1,99,-1,86
1,<environment.Job instance at 0x7fc449e14cd0>,24,28,[7 4],25,-1,126,-1,98
1,<environment.Job instance at 0x7fc449dc4b40>,26,3,[1 6],27,-1,111,-1,108
1,<environment.Job instance at 0x7fc449dc4190>,30,18,[ 3 12],31,-1,145,-1,127
1,<environment.Job instance at 0x7fc449dc4640>,33,24,[5 6],34,-1,167,-1,143
1,<environment.Job instance at 0x7fc449e78910>,34,18,[11  5],35,-1,164,-1,146
1,<environment.Job instance at 0x7fc449dc4690>,35,14,[14  1],36,-1,160,-1,146
1,<environment.Job instance at 0x7fc449e09f50>,36,22,[10  1],37,-1,169,-1,147
1,<environment.Job instance at 0x7fc449e7efa0>,39,3,[14  4],40,-1,177,-1,174
1,<environment.Job instance at 0x7fc449e3a910>,42,23,[ 1 14],43,-1,199,-1,176
1,<environment.Job instance at 0x7fc449ec8730>,45,23,[7 3],46,-1,218,-1,195
1,<environment.Job instance at 0x7fc449cd2a50>,47,26,[ 1 11],48,-1,221,-1,195
1,<environment.Job instance at 0x7fc449b7a4b0>,50,17,[ 2 11],51,-1,228,-1,211
1,<environment.Job instance at 0x7fc449b7b410>,54,17,[ 3 14],55,-1,256,-1,239
1,<environment.Job instance at 0x7fc449b7baf0>,56,25,[5 4],57,-1,265,-1,240
1,<environment.Job instance at 0x7fc449b76230>,57,2,[7 2],58,-1,242,-1,240
1,<environment.Job instance at 0x7fc449b76d70>,58,28,[7 1],59,-1,268,-1,240
1,<environment.Job instance at 0x7fc449b767d0>,61,24,[12  2],62,-1,275,-1,251
1,<environment.Job instance at 0x7fc44a4ad640>,62,26,[ 3 11],63,-1,277,-1,251
1,<environment.Job instance at 0x7fc449b64e60>,65,16,[ 1 11],66,-1,273,-1,257
1,<environment.Job instance at 0x7fc449cf9d20>,67,1,[ 5 12],68,-1,268,-1,267
1,<environment.Job instance at 0x7fc449cfa780>,68,24,[8 5],69,-1,291,-1,267
1,<environment.Job instance at 0x7fc449c00230>,70,13,[14  2],71,-1,280,-1,267
1,<environment.Job instance at 0x7fc449bae910>,73,20,[14  2],74,-1,320,-1,300
1,<environment.Job instance at 0x7fc449bae3c0>,75,13,[ 1 14],76,-1,327,-1,314
1,<environment.Job instance at 0x7fc449bae9b0>,76,16,[12  1],77,-1,330,-1,314
1,<environment.Job instance at 0x7fc449be5820>,77,15,[ 4 14],78,-1,329,-1,314
1,<environment.Job instance at 0x7fc449cfb460>,79,18,[ 5 11],80,-1,345,-1,327
1,<environment.Job instance at 0x7fc449cfb500>,80,22,[11  3],81,-1,349,-1,327
1,<environment.Job instance at 0x7fc449bbc0a0>,81,18,[11  2],82,-1,345,-1,327
1,<environment.Job instance at 0x7fc449bbce60>,84,21,[9 1],85,-1,372,-1,351
1,<environment.Job instance at 0x7fc449db1fa0>,86,19,[ 5 14],87,-1,370,-1,351
1,<environment.Job instance at 0x7fc449cf8f50>,88,27,[9 4],89,-1,386,-1,359
1,<environment.Job instance at 0x7fc449c263c0>,3,23,[ 2 14],4,-1,27,-1,4
1,<environment.Job instance at 0x7fc449c260a0>,9,26,[3 6],10,-1,47,-1,21
1,<environment.Job instance at 0x7fc449c262d0>,10,12,[11  1],11,-1,33,-1,21
1,<environment.Job instance at 0x7fc449c26b90>,11,12,[ 5 11],12,-1,33,-1,21
1,<environment.Job instance at 0x7fc453d0aaf0>,19,16,[ 3 10],20,-1,82,-1,66
1,<environment.Job instance at 0x7fc449b5c0a0>,22,13,[ 3 12],23,-1,79,-1,66
1,<environment.Job instance at 0x7fc449b5c280>,23,16,[10  3],24,-1,98,-1,82
1,<environment.Job instance at 0x7fc449b5c050>,26,14,[11  2],27,-1,96,-1,82
1,<environment.Job instance at 0x7fc449b5c320>,27,27,[5 3],28,-1,109,-1,82
1,<environment.Job instance at 0x7fc449b5c410>,28,17,[10  2],29,-1,99,-1,82
1,<environment.Job instance at 0x7fc449b5cfa0>,29,17,[ 5 11],30,-1,99,-1,82
1,<environment.Job instance at 0x7fc449b5ce10>,30,13,[5 1],31,-1,95,-1,82
1,<environment.Job instance at 0x7fc449b5c9b0>,31,27,[6 5],32,-1,109,-1,82
1,<environment.Job instance at 0x7fc449b5cd70>,32,18,[ 2 14],33,-1,100,-1,82
1,<environment.Job instance at 0x7fc449b5c230>,33,2,[11  2],34,-1,84,-1,82
1,<environment.Job instance at 0x7fc449b5c0f0>,34,18,[12  2],35,-1,100,-1,82
1,<environment.Job instance at 0x7fc449b5c190>,35,15,[3 5],36,-1,97,-1,82
1,<environment.Job instance at 0x7fc449b5c4b0>,36,17,[11  1],37,-1,99,-1,82
1,<environment.Job instance at 0x7fc449b5cb90>,37,13,[ 4 12],38,-1,95,-1,82
1,<environment.Job instance at 0x7fc449b5cdc0>,38,17,[11  4],39,-1,99,-1,82
1,<environment.Job instance at 0x7fc449b4a5a0>,39,13,[10  1],40,-1,95,-1,82
1,<environment.Job instance at 0x7fc449b4adc0>,40,16,[7 2],41,-1,98,-1,82
1,<environment.Job instance at 0x7fc449b4a960>,41,18,[ 1 10],42,-1,100,-1,82
1,<environment.Job instance at 0x7fc449b4a7d0>,42,28,[7 4],43,-1,110,-1,82
1,<environment.Job instance at 0x7fc449b4a780>,43,19,[9 2],44,-1,101,-1,82
1,<environment.Job instance at 0x7fc449b4ac30>,44,28,[4 5],45,-1,110,-1,82
1,<environment.Job instance at 0x7fc449b4a460>,45,23,[8 3],46,-1,105,-1,82
1,<environment.Job instance at 0x7fc449b4a4b0>,46,15,[6 3],47,-1,97,-1,82
1,<environment.Job instance at 0x7fc449b4a5f0>,47,22,[ 5 10],48,-1,104,-1,82
1,<environment.Job instance at 0x7fc449b4a690>,48,13,[6 4],49,-1,95,-1,82
1,<environment.Job instance at 0x7fc449b4a230>,49,18,[5 7],50,-1,100,-1,82
1,<environment.Job instance at 0x7fc449b4acd0>,50,21,[ 1 10],51,-1,103,-1,82
1,<environment.Job instance at 0x7fc449b4a140>,51,28,[13  2],52,-1,110,-1,82
1,<environment.Job instance at 0x7fc449b4a2d0>,52,13,[2 9],53,-1,95,-1,82
1,<environment.Job instance at 0x7fc449b4a370>,53,24,[9 1],54,-1,106,-1,82
1,<environment.Job instance at 0x7fc449b4a410>,54,15,[14  3],55,-1,97,-1,82
1,<environment.Job instance at 0x7fc449b4ae60>,55,13,[6 4],56,-1,95,-1,82
1,<environment.Job instance at 0x7fc449b4a9b0>,56,13,[ 5 13],57,-1,95,-1,82
1,<environment.Job instance at 0x7fc449b4a3c0>,57,20,[5 2],58,-1,102,-1,82
1,<environment.Job instance at 0x7fc449b4aa00>,58,20,[7 4],59,-1,102,-1,82
1,<environment.Job instance at 0x7fc449b4ab40>,59,20,[6 2],60,-1,102,-1,82
1,<environment.Job instance at 0x7fc449b4afa0>,60,24,[11  3],61,-1,106,-1,82
1,<environment.Job instance at 0x7fc453d0c9b0>,61,22,[5 8],62,-1,104,-1,82
1,<environment.Job instance at 0x7fc453d0ce10>,62,16,[7 4],63,-1,98,-1,82
1,<environment.Job instance at 0x7fc453d0c0a0>,63,16,[9 4],64,-1,98,-1,82
1,<environment.Job instance at 0x7fc453d0ca50>,64,28,[13  3],65,-1,110,-1,82
1,<environment.Job instance at 0x7fc453d0c3c0>,65,16,[7 4],66,-1,99,-1,83
1,<environment.Job instance at 0x7fc453d0c5f0>,66,18,[3 9],67,-1,101,-1,83
1,<environment.Job instance at 0x7fc453d0c960>,67,18,[ 1 13],68,-1,101,-1,83
1,<environment.Job instance at 0x7fc453d857d0>,68,24,[ 5 11],69,-1,107,-1,83
1,<environment.Job instance at 0x7fc453d85a00>,69,21,[6 4],70,-1,104,-1,83
1,<environment.Job instance at 0x7fc453d85780>,70,17,[2 6],71,-1,100,-1,83
1,<environment.Job instance at 0x7fc453d854b0>,71,16,[ 2 13],72,-1,99,-1,83
1,<environment.Job instance at 0x7fc453d85be0>,72,17,[8 5],73,-1,100,-1,83
1,<environment.Job instance at 0x7fc453d85c80>,73,15,[ 1 11],74,-1,98,-1,83
1,<environment.Job instance at 0x7fc453d85140>,74,18,[10  4],75,-1,112,-1,94
1,<environment.Job instance at 0x7fc449b765f0>,75,13,[11  1],76,-1,107,-1,94
1,<environment.Job instance at 0x7fc449b76690>,76,12,[ 3 10],77,-1,106,-1,94
1,<environment.Job instance at 0x7fc449b761e0>,77,3,[8 3],78,-1,97,-1,94
1,<environment.Job instance at 0x7fc449b76280>,78,17,[1 7],79,-1,111,-1,94
1,<environment.Job instance at 0x7fc449b76870>,80,12,[6 2],81,-1,108,-1,96
1,<environment.Job instance at 0x7fc449b76500>,81,2,[5 1],82,-1,98,-1,96
1,<environment.Job instance at 0x7fc449b760a0>,82,23,[1 7],83,-1,119,-1,96
1,<environment.Job instance at 0x7fc449b76640>,83,12,[12  2],84,-1,108,-1,96
1,<environment.Job instance at 0x7fc449b76780>,84,12,[1 8],85,-1,108,-1,96
1,<environment.Job instance at 0x7fc449b76b90>,85,2,[14  3],86,-1,98,-1,96
1,<environment.Job instance at 0x7fc449b76a00>,86,19,[ 3 14],87,-1,115,-1,96
1,<environment.Job instance at 0x7fc449b76a50>,87,2,[14  5],88,-1,98,-1,96
1,<environment.Job instance at 0x7fc449b768c0>,88,21,[9 5],89,-1,118,-1,97
1,<environment.Job instance at 0x7fc449c26f00>,8,28,[4 7],9,-1,1568,-1,1540
1,<environment.Job instance at 0x7fc449b5ce60>,21,21,[ 4 11],22,-1,1567,-1,1546
1,<environment.Job instance at 0x7fc44a053230>,8,27,[ 3 13],9,-1,36,-1,9
1,<environment.Job instance at 0x7fc44a053f50>,9,20,[14  3],10,-1,30,-1,10
1,<environment.Job instance at 0x7fc44a053a00>,10,3,[5 4],11,-1,14,-1,11
1,<environment.Job instance at 0x7fc44a0a4f00>,11,14,[ 4 13],12,-1,26,-1,12
1,<environment.Job instance at 0x7fc44a0a40f0>,12,1,[ 5 14],13,-1,14,-1,13
1,<environment.Job instance at 0x7fc44a0a4320>,14,2,[10  1],15,-1,17,-1,15
1,<environment.Job instance at 0x7fc44a0538c0>,16,28,[14  3],17,-1,52,-1,24
1,<environment.Job instance at 0x7fc44a0a42d0>,17,24,[ 4 11],18,-1,48,-1,24
1,<environment.Job instance at 0x7fc44a0a4640>,18,3,[11  1],19,-1,27,-1,24
1,<environment.Job instance at 0x7fc44a0a4af0>,21,22,[ 1 10],22,-1,64,-1,42
1,<environment.Job instance at 0x7fc44a0a45a0>,23,24,[2 7],24,-1,66,-1,42
1,<environment.Job instance at 0x7fc44a0a4500>,24,25,[5 5],25,-1,67,-1,42
1,<environment.Job instance at 0x7fc44a0a46e0>,27,26,[7 1],28,-1,86,-1,60
1,<environment.Job instance at 0x7fc44a0a4870>,28,18,[12  1],29,-1,78,-1,60
1,<environment.Job instance at 0x7fc449fbd960>,29,15,[ 1 13],30,-1,75,-1,60
1,<environment.Job instance at 0x7fc44a0a4c30>,30,1,[11  3],31,-1,61,-1,60
1,<environment.Job instance at 0x7fc449fbdf50>,32,2,[8 1],33,-1,62,-1,60
1,<environment.Job instance at 0x7fc449fbd0a0>,33,1,[10  2],34,-1,61,-1,60
1,<environment.Job instance at 0x7fc449fbd550>,34,16,[ 2 11],35,-1,76,-1,60
1,<environment.Job instance at 0x7fc449fbdb40>,35,24,[8 2],36,-1,84,-1,60
1,<environment.Job instance at 0x7fc449fbd7d0>,39,16,[ 4 13],40,-1,112,-1,96
1,<environment.Job instance at 0x7fc449fbd320>,40,26,[4 7],41,-1,122,-1,96
1,<environment.Job instance at 0x7fc449fbda50>,41,25,[10  5],42,-1,121,-1,96
1,<environment.Job instance at 0x7fc449fecf00>,42,15,[12  4],43,-1,111,-1,96
1,<environment.Job instance at 0x7fc449fecc30>,44,1,[10  3],45,-1,110,-1,109
1,<environment.Job instance at 0x7fc449fec410>,46,20,[ 3 11],47,-1,142,-1,122
1,<environment.Job instance at 0x7fc449fec960>,51,25,[5 1],52,-1,176,-1,151
1,<environment.Job instance at 0x7fc449fec730>,54,18,[ 4 13],55,-1,200,-1,182
1,<environment.Job instance at 0x7fc449fec370>,55,24,[9 3],56,-1,206,-1,182
1,<environment.Job instance at 0x7fc449fec8c0>,56,15,[13  4],57,-1,197,-1,182
1,<environment.Job instance at 0x7fc449fec5f0>,58,24,[ 2 13],59,-1,220,-1,196
1,<environment.Job instance at 0x7fc449feca00>,59,3,[ 2 14],60,-1,199,-1,196
1,<environment.Job instance at 0x7fc449fec0f0>,60,16,[ 5 13],61,-1,212,-1,196
1,<environment.Job instance at 0x7fc44a225730>,62,22,[4 8],63,-1,218,-1,196
1,<environment.Job instance at 0x7fc44a225820>,63,13,[ 4 10],64,-1,209,-1,196
1,<environment.Job instance at 0x7fc44a2256e0>,65,24,[6 1],66,-1,236,-1,212
1,<environment.Job instance at 0x7fc44a225320>,67,18,[13  2],68,-1,230,-1,212
1,<environment.Job instance at 0x7fc44a2252d0>,68,19,[ 5 13],69,-1,231,-1,212
1,<environment.Job instance at 0x7fc44a225640>,69,28,[3 5],70,-1,240,-1,212
1,<environment.Job instance at 0x7fc44a2259b0>,72,26,[5 3],73,-1,257,-1,231
1,<environment.Job instance at 0x7fc44a225dc0>,73,18,[11  4],74,-1,249,-1,231
1,<environment.Job instance at 0x7fc44a225190>,74,15,[ 3 11],75,-1,246,-1,231
1,<environment.Job instance at 0x7fc44a2258c0>,76,27,[2 8],77,-1,267,-1,240
1,<environment.Job instance at 0x7fc44a225be0>,77,12,[ 3 11],78,-1,252,-1,240
1,<environment.Job instance at 0x7fc44a225870>,80,24,[ 5 11],81,-1,281,-1,257
1,<environment.Job instance at 0x7fc449c9f280>,82,27,[4 6],83,-1,284,-1,257
1,<environment.Job instance at 0x7fc449cd61e0>,83,16,[ 2 11],84,-1,273,-1,257
1,<environment.Job instance at 0x7fc449cd6cd0>,85,15,[13  3],86,-1,277,-1,262
1,<environment.Job instance at 0x7fc449cd6af0>,86,12,[14  2],87,-1,274,-1,262
1,<environment.Job instance at 0x7fc449cd6dc0>,87,12,[ 2 11],88,-1,274,-1,262
1,<environment.Job instance at 0x7fc449b452d0>,3,27,[5 1],4,-1,32,-1,5
1,<environment.Job instance at 0x7fc449f0daa0>,5,26,[5 4],6,-1,32,-1,6
1,<environment.Job instance at 0x7fc449f0d2d0>,6,3,[5 9],7,-1,10,-1,7
1,<environment.Job instance at 0x7fc449f0d730>,10,26,[ 2 11],11,-1,37,-1,11
1,<environment.Job instance at 0x7fc449f0d820>,11,12,[12  1],12,-1,24,-1,12
1,<environment.Job instance at 0x7fc449f2ce60>,12,1,[ 2 10],13,-1,14,-1,13
1,<environment.Job instance at 0x7fc449f2c370>,16,24,[3 6],17,-1,45,-1,21
1,<environment.Job instance at 0x7fc449f0fb90>,22,3,[9 2],23,-1,72,-1,69
1,<environment.Job instance at 0x7fc449f0fe60>,24,3,[10  4],25,-1,86,-1,83
1,<environment.Job instance at 0x7fc449f251e0>,26,28,[ 3 14],27,-1,117,-1,89
1,<environment.Job instance at 0x7fc44a28f280>,27,20,[1 9],28,-1,109,-1,89
1,<environment.Job instance at 0x7fc449f7bd70>,28,18,[ 3 10],29,-1,107,-1,89
1,<environment.Job instance at 0x7fc44a02fcd0>,29,21,[6 1],30,-1,110,-1,89
1,<environment.Job instance at 0x7fc449fcb690>,30,13,[4 9],31,-1,103,-1,90
1,<environment.Job instance at 0x7fc44a290d70>,32,19,[11  4],33,-1,114,-1,95
1,<environment.Job instance at 0x7fc449fd65f0>,33,27,[9 1],34,-1,122,-1,95
1,<environment.Job instance at 0x7fc449fe38c0>,36,15,[ 1 14],37,-1,134,-1,119
1,<environment.Job instance at 0x7fc44a2a0d20>,38,28,[3 6],39,-1,150,-1,122
1,<environment.Job instance at 0x7fc44a2a0460>,40,13,[14  4],41,-1,141,-1,128
1,<environment.Job instance at 0x7fc44a2a0a50>,42,16,[ 1 11],43,-1,155,-1,139
1,<environment.Job instance at 0x7fc44a9f58c0>,43,26,[12  3],44,-1,165,-1,139
1,<environment.Job instance at 0x7fc44a010be0>,44,12,[ 1 10],45,-1,151,-1,139
1,<environment.Job instance at 0x7fc449fcc230>,45,17,[ 4 13],46,-1,156,-1,139
1,<environment.Job instance at 0x7fc449ff5500>,47,28,[1 9],48,-1,170,-1,142
1,<environment.Job instance at 0x7fc449fcc910>,48,26,[7 3],49,-1,168,-1,142
1,<environment.Job instance at 0x7fc44a002b40>,53,18,[14  3],54,-1,190,-1,172
1,<environment.Job instance at 0x7fc449fd15a0>,57,12,[3 9],58,-1,205,-1,193
1,<environment.Job instance at 0x7fc449fd1b40>,58,25,[9 1],59,-1,218,-1,193
1,<environment.Job instance at 0x7fc449fd19b0>,59,3,[3 5],60,-1,196,-1,193
1,<environment.Job instance at 0x7fc449fd1870>,62,23,[2 8],63,-1,233,-1,210
1,<environment.Job instance at 0x7fc449fd1960>,63,16,[11  1],64,-1,226,-1,210
1,<environment.Job instance at 0x7fc449fd1d70>,64,2,[2 8],65,-1,212,-1,210
1,<environment.Job instance at 0x7fc449fd1d20>,65,14,[11  5],66,-1,224,-1,210
1,<environment.Job instance at 0x7fc449fd1e60>,66,13,[ 1 11],67,-1,223,-1,210
1,<environment.Job instance at 0x7fc449fce230>,68,25,[6 1],69,-1,240,-1,215
1,<environment.Job instance at 0x7fc449fce460>,69,15,[ 3 12],70,-1,230,-1,215
1,<environment.Job instance at 0x7fc449fce2d0>,70,18,[13  2],71,-1,233,-1,215
1,<environment.Job instance at 0x7fc449fce1e0>,71,1,[5 7],72,-1,216,-1,215
1,<environment.Job instance at 0x7fc449fce0a0>,72,12,[10  3],73,-1,227,-1,215
1,<environment.Job instance at 0x7fc44a9ede60>,73,28,[11  3],74,-1,243,-1,215
1,<environment.Job instance at 0x7fc44a9edfa0>,75,28,[ 4 10],76,-1,253,-1,225
1,<environment.Job instance at 0x7fc44a9edf00>,76,2,[5 3],77,-1,227,-1,225
1,<environment.Job instance at 0x7fc449f2f320>,80,14,[ 2 10],81,-1,255,-1,241
1,<environment.Job instance at 0x7fc449f2f3c0>,81,16,[ 5 13],82,-1,257,-1,241
1,<environment.Job instance at 0x7fc449f2f460>,82,14,[9 1],83,-1,266,-1,252
1,<environment.Job instance at 0x7fc449f2f190>,83,24,[5 6],84,-1,276,-1,252
1,<environment.Job instance at 0x7fc449f2f050>,84,2,[3 5],85,-1,254,-1,252
1,<environment.Job instance at 0x7fc449f2f550>,86,14,[ 3 14],87,-1,266,-1,252
1,<environment.Job instance at 0x7fc449f2f6e0>,87,24,[3 9],88,-1,276,-1,252
1,<environment.Job instance at 0x7fc449f2c7d0>,18,26,[7 4],19,-1,359,-1,333
1,<environment.Job instance at 0x7fc449f2c8c0>,20,27,[9 5],21,-1,364,-1,337
1,<environment.Job instance at 0x7fc44a02f500>,3,27,[ 3 14],4,-1,31,-1,4
1,<environment.Job instance at 0x7fc44a02fd70>,14,12,[ 1 10],15,-1,52,-1,40
1,<environment.Job instance at 0x7fc44a02f4b0>,18,2,[7 2],19,-1,76,-1,74
1,<environment.Job instance at 0x7fc44a008910>,23,27,[ 5 13],24,-1,126,-1,99
1,<environment.Job instance at 0x7fc44a008050>,24,13,[14  5],25,-1,112,-1,99
1,<environment.Job instance at 0x7fc44a008aa0>,25,12,[ 4 13],26,-1,111,-1,99
1,<environment.Job instance at 0x7fc44a008960>,27,14,[ 3 12],28,-1,126,-1,112
1,<environment.Job instance at 0x7fc44a0083c0>,28,23,[7 3],29,-1,138,-1,115
1,<environment.Job instance at 0x7fc44a0085f0>,35,26,[14  5],36,-1,193,-1,167
1,<environment.Job instance at 0x7fc44a008460>,36,1,[8 1],37,-1,168,-1,167
1,<environment.Job instance at 0x7fc44a008b90>,38,2,[7 2],39,-1,169,-1,167
1,<environment.Job instance at 0x7fc44a008870>,39,1,[1 5],40,-1,168,-1,167
1,<environment.Job instance at 0x7fc44a008f50>,40,1,[1 6],41,-1,168,-1,167
1,<environment.Job instance at 0x7fc44a010870>,50,21,[9 1],51,-1,335,-1,314
1,<environment.Job instance at 0x7fc44a010140>,59,18,[11  5],60,-1,347,-1,329
1,<environment.Job instance at 0x7fc44a03ad70>,60,28,[7 2],61,-1,357,-1,329
1,<environment.Job instance at 0x7fc44a03ac30>,62,25,[5 7],63,-1,359,-1,334
1,<environment.Job instance at 0x7fc44a03a370>,64,12,[3 8],65,-1,359,-1,347
1,<environment.Job instance at 0x7fc44a03aaa0>,65,21,[ 5 13],66,-1,368,-1,347
1,<environment.Job instance at 0x7fc44a010a50>,42,28,[12  4],43,-1,375,-1,347
1,<environment.Job instance at 0x7fc44a03acd0>,70,23,[7 1],71,-1,410,-1,387
1,<environment.Job instance at 0x7fc44a03a2d0>,72,2,[2 5],73,-1,401,-1,399
1,<environment.Job instance at 0x7fc44a028050>,74,12,[ 2 13],75,-1,420,-1,408
1,<environment.Job instance at 0x7fc44a028a00>,75,1,[4 9],76,-1,409,-1,408
1,<environment.Job instance at 0x7fc44a028c30>,77,24,[10  2],78,-1,432,-1,408
1,<environment.Job instance at 0x7fc44a028af0>,78,14,[ 5 14],79,-1,422,-1,408
1,<environment.Job instance at 0x7fc44a0283c0>,79,12,[10  1],80,-1,420,-1,408
1,<environment.Job instance at 0x7fc44a028820>,87,23,[9 5],88,-1,527,-1,504
1,<environment.Job instance at 0x7fc44a028190>,88,23,[8 1],89,-1,527,-1,504
1,<environment.Job instance at 0x7fc44a010dc0>,2,12,[ 5 13],3,-1,15,-1,3
1,<environment.Job instance at 0x7fc44a2df3c0>,10,28,[9 5],11,-1,45,-1,17
1,<environment.Job instance at 0x7fc44a2df5a0>,11,12,[ 5 10],12,-1,29,-1,17
1,<environment.Job instance at 0x7fc44a2f8b40>,12,26,[9 3],13,-1,43,-1,17
1,<environment.Job instance at 0x7fc44a2f8820>,14,14,[1 8],15,-1,31,-1,17
1,<environment.Job instance at 0x7fc449e88370>,15,22,[ 1 13],16,-1,39,-1,17
1,<environment.Job instance at 0x7fc44a2f8a50>,16,17,[ 4 10],17,-1,34,-1,17
1,<environment.Job instance at 0x7fc44a2e2550>,17,14,[10  3],18,-1,33,-1,19
1,<environment.Job instance at 0x7fc44a2e2910>,18,12,[ 3 13],19,-1,31,-1,19
1,<environment.Job instance at 0x7fc44a2d2730>,22,27,[14  3],23,-1,73,-1,46
1,<environment.Job instance at 0x7fc44a2d2820>,23,18,[ 5 11],24,-1,64,-1,46
1,<environment.Job instance at 0x7fc44a2d24b0>,24,3,[1 6],25,-1,49,-1,46
1,<environment.Job instance at 0x7fc44a2d2dc0>,25,25,[4 9],26,-1,71,-1,46
1,<environment.Job instance at 0x7fc44a2d2aa0>,26,18,[ 1 12],27,-1,64,-1,46
1,<environment.Job instance at 0x7fc44a2d23c0>,28,12,[6 1],29,-1,61,-1,49
1,<environment.Job instance at 0x7fc44a2d2140>,29,13,[ 3 10],30,-1,62,-1,49
1,<environment.Job instance at 0x7fc44a47be10>,30,3,[5 1],31,-1,52,-1,49
1,<environment.Job instance at 0x7fc44a2d22d0>,31,13,[11  4],32,-1,62,-1,49
1,<environment.Job instance at 0x7fc44a40af00>,34,17,[14  3],35,-1,80,-1,63
1,<environment.Job instance at 0x7fc44a43d910>,35,28,[5 5],36,-1,91,-1,63
1,<environment.Job instance at 0x7fc449ebd280>,36,19,[ 1 12],37,-1,82,-1,63
1,<environment.Job instance at 0x7fc44a45da50>,37,24,[10  2],38,-1,87,-1,63
1,<environment.Job instance at 0x7fc44a2aafa0>,38,2,[ 4 13],39,-1,65,-1,63
1,<environment.Job instance at 0x7fc44a45d640>,39,19,[ 5 10],40,-1,84,-1,65
1,<environment.Job instance at 0x7fc44a020c30>,40,12,[8 2],41,-1,77,-1,65
1,<environment.Job instance at 0x7fc44a0203c0>,41,28,[ 1 12],42,-1,93,-1,65
1,<environment.Job instance at 0x7fc44a2b6d70>,42,15,[13  1],43,-1,80,-1,65
1,<environment.Job instance at 0x7fc44a2b6b90>,43,13,[ 5 12],44,-1,78,-1,65
1,<environment.Job instance at 0x7fc449e9e7d0>,45,12,[ 4 13],46,-1,90,-1,78
1,<environment.Job instance at 0x7fc44a0113c0>,46,24,[5 3],47,-1,102,-1,78
1,<environment.Job instance at 0x7fc449ea0140>,48,18,[1 5],49,-1,96,-1,78
1,<environment.Job instance at 0x7fc44a0119b0>,49,18,[12  3],50,-1,96,-1,78
1,<environment.Job instance at 0x7fc44a00bfa0>,50,3,[5 3],51,-1,81,-1,78
1,<environment.Job instance at 0x7fc44a00bf50>,51,12,[13  4],52,-1,90,-1,78
1,<environment.Job instance at 0x7fc44a00c910>,52,20,[5 3],53,-1,98,-1,78
1,<environment.Job instance at 0x7fc44a00c0a0>,53,12,[4 8],54,-1,91,-1,79
1,<environment.Job instance at 0x7fc44a00be60>,54,12,[8 2],55,-1,91,-1,79
1,<environment.Job instance at 0x7fc44a0252d0>,56,15,[13  4],57,-1,107,-1,92
1,<environment.Job instance at 0x7fc44a025d20>,60,26,[14  4],61,-1,139,-1,113
1,<environment.Job instance at 0x7fc44a025320>,62,14,[4 9],63,-1,141,-1,127
1,<environment.Job instance at 0x7fc44a0257d0>,63,18,[14  1],64,-1,145,-1,127
1,<environment.Job instance at 0x7fc44a025230>,64,24,[9 2],65,-1,151,-1,127
1,<environment.Job instance at 0x7fc44a025280>,66,15,[ 5 11],67,-1,142,-1,127
1,<environment.Job instance at 0x7fc44a025e60>,67,27,[2 7],68,-1,154,-1,127
1,<environment.Job instance at 0x7fc44a0259b0>,69,18,[14  1],70,-1,154,-1,136
1,<environment.Job instance at 0x7fc44a006320>,70,22,[1 8],71,-1,158,-1,136
1,<environment.Job instance at 0x7fc44a0060f0>,71,28,[ 3 12],72,-1,164,-1,136
1,<environment.Job instance at 0x7fc44a006960>,72,24,[ 4 10],73,-1,160,-1,136
1,<environment.Job instance at 0x7fc44a0061e0>,73,25,[11  2],74,-1,161,-1,136
1,<environment.Job instance at 0x7fc449ebaa00>,74,16,[ 1 14],75,-1,152,-1,136
1,<environment.Job instance at 0x7fc449ebabe0>,76,12,[ 3 10],77,-1,152,-1,140
1,<environment.Job instance at 0x7fc449ebaf50>,79,13,[3 9],80,-1,166,-1,153
1,<environment.Job instance at 0x7fc449ebadc0>,80,14,[ 2 11],81,-1,167,-1,153
1,<environment.Job instance at 0x7fc449e89050>,82,3,[5 9],83,-1,160,-1,157
1,<environment.Job instance at 0x7fc449e890a0>,83,2,[6 4],84,-1,159,-1,157
1,<environment.Job instance at 0x7fc449e891e0>,84,2,[3 5],85,-1,159,-1,157
1,<environment.Job instance at 0x7fc449e89500>,88,2,[2 9],89,-1,175,-1,173
1,<environment.Job instance at 0x7fc44a2f6640>,4,13,[12  5],5,-1,18,-1,5
1,<environment.Job instance at 0x7fc44a3a9460>,14,15,[ 5 12],15,-1,48,-1,33
1,<environment.Job instance at 0x7fc44a90f0f0>,23,23,[6 5],24,-1,95,-1,72
1,<environment.Job instance at 0x7fc44a90faf0>,25,2,[ 5 13],26,-1,86,-1,84
1,<environment.Job instance at 0x7fc44a90fd20>,26,27,[4 6],27,-1,111,-1,84
1,<environment.Job instance at 0x7fc44a90f500>,27,1,[4 9],28,-1,85,-1,84
1,<environment.Job instance at 0x7fc44a90ff00>,32,22,[9 1],33,-1,138,-1,116
1,<environment.Job instance at 0x7fc44a90f230>,35,15,[10  1],36,-1,155,-1,140
1,<environment.Job instance at 0x7fc44a865d20>,38,22,[8 4],39,-1,173,-1,151
1,<environment.Job instance at 0x7fc44a865960>,40,13,[ 2 10],41,-1,164,-1,151
1,<environment.Job instance at 0x7fc44a865a00>,42,16,[11  3],43,-1,180,-1,164
1,<environment.Job instance at 0x7fc44a8657d0>,44,2,[2 6],45,-1,166,-1,164
1,<environment.Job instance at 0x7fc44a8654b0>,45,24,[1 6],46,-1,188,-1,164
1,<environment.Job instance at 0x7fc44a8651e0>,46,16,[14  5],47,-1,180,-1,164
1,<environment.Job instance at 0x7fc44a865140>,50,13,[ 4 10],51,-1,208,-1,195
1,<environment.Job instance at 0x7fc44a865410>,52,2,[9 1],53,-1,199,-1,197
1,<environment.Job instance at 0x7fc44aa3b780>,55,14,[ 1 14],56,-1,225,-1,211
1,<environment.Job instance at 0x7fc44aa3b1e0>,57,22,[12  2],58,-1,233,-1,211
1,<environment.Job instance at 0x7fc44aa3b230>,58,26,[ 2 10],59,-1,237,-1,211
1,<environment.Job instance at 0x7fc44aa3b370>,59,14,[12  5],60,-1,225,-1,211
1,<environment.Job instance at 0x7fc44aa3b5f0>,62,3,[1 9],63,-1,231,-1,228
1,<environment.Job instance at 0x7fc44aa3b0f0>,63,24,[9 3],64,-1,252,-1,228
1,<environment.Job instance at 0x7fc44aa3b7d0>,64,23,[13  5],65,-1,251,-1,228
1,<environment.Job instance at 0x7fc44aa3bb40>,65,22,[ 4 10],66,-1,250,-1,228
1,<environment.Job instance at 0x7fc44aa3b820>,66,20,[ 2 10],67,-1,248,-1,228
1,<environment.Job instance at 0x7fc44aa3b5a0>,67,2,[12  3],68,-1,230,-1,228
1,<environment.Job instance at 0x7fc44aa3bfa0>,68,25,[3 6],69,-1,253,-1,228
1,<environment.Job instance at 0x7fc44aa3bf00>,69,1,[8 4],70,-1,229,-1,228
1,<environment.Job instance at 0x7fc44aa3b050>,70,13,[12  4],71,-1,241,-1,228
1,<environment.Job instance at 0x7fc44aa3b280>,71,27,[9 3],72,-1,255,-1,228
1,<environment.Job instance at 0x7fc44aa3b550>,73,18,[ 5 12],74,-1,257,-1,239
1,<environment.Job instance at 0x7fc44aa3bbe0>,74,2,[ 2 13],75,-1,241,-1,239
1,<environment.Job instance at 0x7fc44aa3b2d0>,75,26,[ 3 14],76,-1,265,-1,239
1,<environment.Job instance at 0x7fc44aa22500>,76,15,[11  5],77,-1,254,-1,239
1,<environment.Job instance at 0x7fc44aa22640>,79,25,[8 4],80,-1,279,-1,254
1,<environment.Job instance at 0x7fc44aa22140>,82,18,[ 4 12],83,-1,286,-1,268
1,<environment.Job instance at 0x7fc44aa22d70>,85,3,[14  5],86,-1,275,-1,272
1,<environment.Job instance at 0x7fc44aa22320>,87,15,[ 1 10],88,-1,296,-1,281
1,<environment.Job instance at 0x7fc44aa22be0>,88,1,[8 1],89,-1,282,-1,281
1,<environment.Job instance at 0x7fc44a90f3c0>,30,22,[ 3 12],31,-1,433,-1,411
1,<environment.Job instance at 0x7fc44a90fe60>,33,17,[ 2 12],34,-1,428,-1,411
1,<environment.Job instance at 0x7fc44a3a9690>,2,26,[1 6],3,-1,29,-1,3
1,<environment.Job instance at 0x7fc449eff6e0>,5,15,[14  2],6,-1,21,-1,6
1,<environment.Job instance at 0x7fc449eff370>,4,12,[12  2],5,-1,18,-1,6
1,<environment.Job instance at 0x7fc449effc30>,9,12,[12  5],10,-1,22,-1,10
1,<environment.Job instance at 0x7fc449f4c5a0>,13,27,[10  3],14,-1,43,-1,16
1,<environment.Job instance at 0x7fc449f4cdc0>,15,28,[1 7],16,-1,44,-1,16
1,<environment.Job instance at 0x7fc449f4c3c0>,16,25,[6 4],17,-1,42,-1,17
1,<environment.Job instance at 0x7fc449f4c410>,19,12,[9 1],20,-1,45,-1,33
1,<environment.Job instance at 0x7fc449f4cd20>,20,26,[3 6],21,-1,59,-1,33
1,<environment.Job instance at 0x7fc449f4c050>,22,21,[ 1 12],23,-1,66,-1,45
1,<environment.Job instance at 0x7fc449a0baf0>,64,17,[ 5 11],65,-1,482,-1,465
1,<environment.Job instance at 0x7fc449a0bc30>,65,16,[12  1],66,-1,481,-1,465
1,<environment.Job instance at 0x7fc449a0b730>,66,26,[9 2],67,-1,494,-1,468
1,<environment.Job instance at 0x7fc449a0bdc0>,68,20,[ 1 13],69,-1,488,-1,468
1,<environment.Job instance at 0x7fc4499c1870>,72,23,[ 3 10],73,-1,504,-1,481
1,<environment.Job instance at 0x7fc4499c1f50>,75,17,[8 1],76,-1,551,-1,534
1,<environment.Job instance at 0x7fc44a0c0050>,84,19,[ 5 13],85,-1,558,-1,539
1,<environment.Job instance at 0x7fc449f4c320>,12,26,[10  5],13,-1,565,-1,539
1,<environment.Job instance at 0x7fc44a73e870>,87,16,[ 3 10],88,-1,565,-1,549
1,<environment.Job instance at 0x7fc449bac910>,86,25,[3 9],87,-1,2387,-1,2362
1,<environment.Job instance at 0x7fc449c3fb90>,81,26,[13  1],82,-1,2388,-1,2362
1,<environment.Job instance at 0x7fc44ac32190>,7,13,[11  4],8,-1,21,-1,8
1,<environment.Job instance at 0x7fc44ac32c80>,9,16,[ 2 13],10,-1,26,-1,10
1,<environment.Job instance at 0x7fc44ac32500>,10,1,[5 8],11,-1,12,-1,11
1,<environment.Job instance at 0x7fc44ac323c0>,12,2,[9 3],13,-1,17,-1,15
1,<environment.Job instance at 0x7fc44b04f9b0>,15,23,[9 4],16,-1,68,-1,45
1,<environment.Job instance at 0x7fc44b04ff00>,18,1,[10  1],19,-1,46,-1,45
1,<environment.Job instance at 0x7fc44b04faf0>,19,17,[11  2],20,-1,64,-1,47
1,<environment.Job instance at 0x7fc44b04fa50>,21,2,[5 9],22,-1,51,-1,49
1,<environment.Job instance at 0x7fc44abacaf0>,22,28,[10  3],23,-1,77,-1,49
1,<environment.Job instance at 0x7fc44abacfa0>,23,28,[10  4],24,-1,77,-1,49
1,<environment.Job instance at 0x7fc44abaca50>,25,25,[5 7],26,-1,74,-1,49
1,<environment.Job instance at 0x7fc44abac730>,26,16,[13  3],27,-1,65,-1,49
1,<environment.Job instance at 0x7fc44abac910>,32,28,[3 8],33,-1,127,-1,99
1,<environment.Job instance at 0x7fc44abac8c0>,33,18,[ 1 14],34,-1,117,-1,99
1,<environment.Job instance at 0x7fc44abac6e0>,36,16,[12  2],37,-1,118,-1,102
1,<environment.Job instance at 0x7fc44abac500>,37,12,[11  2],38,-1,114,-1,102
1,<environment.Job instance at 0x7fc44abac550>,40,21,[11  1],41,-1,139,-1,118
1,<environment.Job instance at 0x7fc44abacf00>,41,1,[ 5 10],42,-1,119,-1,118
1,<environment.Job instance at 0x7fc44abacd20>,42,24,[8 3],43,-1,142,-1,118
1,<environment.Job instance at 0x7fc44abac820>,43,14,[11  2],44,-1,132,-1,118
1,<environment.Job instance at 0x7fc44abac4b0>,44,23,[ 5 10],45,-1,141,-1,118
1,<environment.Job instance at 0x7fc449d3f410>,45,25,[ 2 14],46,-1,143,-1,118
1,<environment.Job instance at 0x7fc449d3f500>,46,12,[ 3 13],47,-1,130,-1,118
1,<environment.Job instance at 0x7fc449d3f870>,56,13,[11  2],57,-1,212,-1,199
1,<environment.Job instance at 0x7fc449d3f0a0>,57,13,[12  3],58,-1,212,-1,199
1,<environment.Job instance at 0x7fc449d3f1e0>,61,24,[14  3],62,-1,235,-1,211
1,<environment.Job instance at 0x7fc449d3f9b0>,62,25,[ 5 10],63,-1,236,-1,211
1,<environment.Job instance at 0x7fc449d3f460>,63,16,[ 3 12],64,-1,227,-1,211
1,<environment.Job instance at 0x7fc44a12c1e0>,70,18,[ 5 12],71,-1,289,-1,271
1,<environment.Job instance at 0x7fc44a12ceb0>,77,26,[5 5],78,-1,335,-1,309
1,<environment.Job instance at 0x7fc44a12c640>,79,23,[7 1],80,-1,346,-1,323
1,<environment.Job instance at 0x7fc44a12c6e0>,80,14,[12  4],81,-1,337,-1,323
1,<environment.Job instance at 0x7fc44acce050>,85,12,[13  4],86,-1,365,-1,353
1,<environment.Job instance at 0x7fc44accec80>,86,28,[5 4],87,-1,381,-1,353
1,<environment.Job instance at 0x7fc44acce8c0>,87,2,[3 8],88,-1,355,-1,353
1,<environment.Job instance at 0x7fc44acce5f0>,88,27,[6 3],89,-1,380,-1,353
1,<environment.Job instance at 0x7fc44b04f190>,17,21,[ 5 13],18,-1,417,-1,396
1,<environment.Job instance at 0x7fc44a12c5f0>,82,25,[6 3],83,-1,1368,-1,1343
1,<environment.Job instance at 0x7fc44aeb26e0>,1,2,[ 2 12],2,-1,4,-1,2
1,<environment.Job instance at 0x7fc4498135a0>,2,28,[7 1],3,-1,31,-1,3
1,<environment.Job instance at 0x7fc449813550>,3,18,[ 3 14],4,-1,22,-1,4
1,<environment.Job instance at 0x7fc449813d20>,5,16,[ 1 14],6,-1,22,-1,6
1,<environment.Job instance at 0x7fc449813fa0>,6,26,[3 8],7,-1,33,-1,7
1,<environment.Job instance at 0x7fc449813500>,7,26,[10  5],8,-1,34,-1,8
1,<environment.Job instance at 0x7fc4498130f0>,9,16,[12  4],10,-1,26,-1,10
1,<environment.Job instance at 0x7fc44a2f8460>,12,24,[5 8],13,-1,37,-1,13
1,<environment.Job instance at 0x7fc44a23e5a0>,14,22,[7 2],15,-1,58,-1,36
1,<environment.Job instance at 0x7fc44a2f8870>,19,21,[ 4 11],20,-1,57,-1,36
1,<environment.Job instance at 0x7fc44a2f84b0>,22,12,[3 9],23,-1,61,-1,49
1,<environment.Job instance at 0x7fc44a2f8e60>,23,20,[5 7],24,-1,292,-1,272
1,<environment.Job instance at 0x7fc453734b90>,48,21,[10  3],49,-1,293,-1,272
1,<environment.Job instance at 0x7fc4537348c0>,49,17,[14  1],50,-1,289,-1,272
1,<environment.Job instance at 0x7fc453734730>,50,15,[ 1 12],51,-1,287,-1,272
1,<environment.Job instance at 0x7fc4537349b0>,53,20,[ 1 10],54,-1,292,-1,272
1,<environment.Job instance at 0x7fc453734dc0>,55,25,[5 3],56,-1,305,-1,280
1,<environment.Job instance at 0x7fc453734780>,56,18,[3 8],57,-1,305,-1,287
1,<environment.Job instance at 0x7fc4537340a0>,57,2,[5 7],58,-1,289,-1,287
1,<environment.Job instance at 0x7fc453734af0>,58,14,[ 4 10],59,-1,301,-1,287
1,<environment.Job instance at 0x7fc44d1dfaa0>,60,27,[ 2 10],61,-1,315,-1,288
1,<environment.Job instance at 0x7fc44d1df780>,61,16,[ 1 12],62,-1,304,-1,288
1,<environment.Job instance at 0x7fc44d1dfe60>,62,15,[13  4],63,-1,303,-1,288
1,<environment.Job instance at 0x7fc44d1dfc80>,63,2,[ 1 13],64,-1,290,-1,288
1,<environment.Job instance at 0x7fc44d1dff00>,64,17,[ 1 10],65,-1,305,-1,288
1,<environment.Job instance at 0x7fc44d1df8c0>,65,28,[ 2 14],66,-1,316,-1,288
1,<environment.Job instance at 0x7fc44d1df870>,66,28,[5 1],67,-1,316,-1,288
1,<environment.Job instance at 0x7fc44d1df9b0>,67,22,[8 3],68,-1,310,-1,288
1,<environment.Job instance at 0x7fc44d1dfbe0>,68,13,[8 2],69,-1,301,-1,288
1,<environment.Job instance at 0x7fc44d1dfe10>,69,21,[ 1 11],70,-1,309,-1,288
1,<environment.Job instance at 0x7fc44d1df7d0>,70,21,[9 1],71,-1,309,-1,288
1,<environment.Job instance at 0x7fc44d1df690>,71,21,[8 2],72,-1,309,-1,288
1,<environment.Job instance at 0x7fc44a2b84b0>,72,16,[1 7],73,-1,304,-1,288
1,<environment.Job instance at 0x7fc44a2b83c0>,73,21,[8 3],74,-1,309,-1,288
1,<environment.Job instance at 0x7fc44a2b8370>,74,18,[1 6],75,-1,306,-1,288
1,<environment.Job instance at 0x7fc44a2b8050>,75,26,[2 9],76,-1,314,-1,288
1,<environment.Job instance at 0x7fc44a2b8f00>,77,12,[ 2 13],78,-1,306,-1,294
1,<environment.Job instance at 0x7fc44a2b86e0>,78,17,[11  4],79,-1,311,-1,294
1,<environment.Job instance at 0x7fc44a2b8f50>,79,27,[ 4 13],80,-1,321,-1,294
1,<environment.Job instance at 0x7fc44a2b81e0>,80,15,[14  1],81,-1,309,-1,294
1,<environment.Job instance at 0x7fc44a2b8460>,81,15,[2 5],82,-1,309,-1,294
1,<environment.Job instance at 0x7fc44a2b8910>,84,26,[ 4 10],85,-1,349,-1,323
1,<environment.Job instance at 0x7fc44a2b8230>,88,25,[5 5],89,-1,362,-1,337
1,<environment.Job instance at 0x7fc449f54910>,2,27,[10  3],3,-1,30,-1,3
1,<environment.Job instance at 0x7fc449f54f50>,3,1,[ 1 11],4,-1,5,-1,4
1,<environment.Job instance at 0x7fc449f54f00>,4,18,[ 2 12],5,-1,23,-1,5
1,<environment.Job instance at 0x7fc449f54cd0>,5,22,[ 2 11],6,-1,28,-1,6
1,<environment.Job instance at 0x7fc449f54500>,6,23,[8 4],7,-1,30,-1,7
1,<environment.Job instance at 0x7fc449f54c80>,7,1,[2 5],8,-1,9,-1,8
1,<environment.Job instance at 0x7fc44ac61b40>,8,28,[ 4 10],9,-1,37,-1,9
1,<environment.Job instance at 0x7fc44ac61dc0>,11,24,[2 6],12,-1,36,-1,12
1,<environment.Job instance at 0x7fc44ac61870>,20,25,[9 2],21,-1,56,-1,31
1,<environment.Job instance at 0x7fc44ac61e60>,22,2,[ 5 13],23,-1,35,-1,33
1,<environment.Job instance at 0x7fc449a5b0a0>,25,13,[ 5 13],26,-1,61,-1,48
1,<environment.Job instance at 0x7fc449a5b9b0>,26,19,[ 3 10],27,-1,67,-1,48
1,<environment.Job instance at 0x7fc449a5b0f0>,28,24,[5 1],29,-1,85,-1,61
1,<environment.Job instance at 0x7fc449a5beb0>,29,13,[ 5 12],30,-1,74,-1,61
1,<environment.Job instance at 0x7fc449a5b820>,31,23,[1 8],32,-1,86,-1,63
1,<environment.Job instance at 0x7fc449a5bbe0>,32,28,[ 2 10],33,-1,91,-1,63
1,<environment.Job instance at 0x7fc449a5b870>,35,21,[ 3 14],36,-1,100,-1,79
1,<environment.Job instance at 0x7fc449a5b190>,36,21,[ 2 10],37,-1,102,-1,81
1,<environment.Job instance at 0x7fc449a5b3c0>,39,21,[13  5],40,-1,118,-1,97
1,<environment.Job instance at 0x7fc449a5b7d0>,41,3,[9 4],42,-1,119,-1,116
1,<environment.Job instance at 0x7fc44a7edfa0>,42,2,[7 5],43,-1,118,-1,116
1,<environment.Job instance at 0x7fc44a7ed190>,43,14,[11  4],44,-1,130,-1,116
1,<environment.Job instance at 0x7fc44a7edf50>,45,28,[ 1 13],46,-1,144,-1,116
1,<environment.Job instance at 0x7fc44a7ed320>,46,19,[ 5 14],47,-1,135,-1,116
1,<environment.Job instance at 0x7fc44a7edcd0>,47,12,[10  1],48,-1,129,-1,117
1,<environment.Job instance at 0x7fc44a7eda50>,49,2,[ 4 14],50,-1,135,-1,133
1,<environment.Job instance at 0x7fc44a7edeb0>,50,18,[14  4],51,-1,151,-1,133
1,<environment.Job instance at 0x7fc44a7ed780>,51,18,[ 3 11],52,-1,151,-1,133
1,<environment.Job instance at 0x7fc44a7ed8c0>,53,26,[ 2 11],54,-1,171,-1,145
1,<environment.Job instance at 0x7fc44a7edb90>,54,13,[13  4],55,-1,158,-1,145
1,<environment.Job instance at 0x7fc44a7ed2d0>,57,13,[12  4],58,-1,175,-1,162
1,<environment.Job instance at 0x7fc4499fcb40>,58,17,[ 5 13],59,-1,179,-1,162
1,<environment.Job instance at 0x7fc4499fcf50>,59,16,[ 5 14],60,-1,178,-1,162
1,<environment.Job instance at 0x7fc4499fc8c0>,60,25,[5 8],61,-1,187,-1,162
1,<environment.Job instance at 0x7fc4499fc0f0>,62,17,[ 2 14],63,-1,179,-1,162
1,<environment.Job instance at 0x7fc4499fc1e0>,63,18,[11  3],64,-1,181,-1,163
1,<environment.Job instance at 0x7fc4499fcbe0>,68,24,[11  3],69,-1,214,-1,190
1,<environment.Job instance at 0x7fc4499fcc30>,69,15,[ 5 12],70,-1,205,-1,190
1,<environment.Job instance at 0x7fc4499fcc80>,70,26,[ 1 12],71,-1,216,-1,190
1,<environment.Job instance at 0x7fc44abd1f00>,72,25,[1 8],73,-1,218,-1,193
1,<environment.Job instance at 0x7fc44abd1050>,73,27,[ 3 12],74,-1,220,-1,193
1,<environment.Job instance at 0x7fc44abd1500>,75,13,[12  4],76,-1,216,-1,203
1,<environment.Job instance at 0x7fc44abd1a50>,77,28,[11  4],78,-1,243,-1,215
1,<environment.Job instance at 0x7fc44abd1280>,78,26,[5 7],79,-1,241,-1,215
1,<environment.Job instance at 0x7fc44abd1140>,79,2,[5 1],80,-1,217,-1,215
1,<environment.Job instance at 0x7fc44accc1e0>,80,16,[11  2],81,-1,231,-1,215
1,<environment.Job instance at 0x7fc449fa4aa0>,84,15,[ 5 12],85,-1,274,-1,259
1,<environment.Job instance at 0x7fc449a3b960>,9,15,[ 3 13],10,-1,30,-1,15
1,<environment.Job instance at 0x7fc449a3b780>,10,21,[9 1],11,-1,216,-1,195
1,<environment.Job instance at 0x7fc453bfdaa0>,33,15,[12  2],34,-1,210,-1,195
1,<environment.Job instance at 0x7fc453bfd4b0>,34,14,[ 1 10],35,-1,209,-1,195
1,<environment.Job instance at 0x7fc453bfd910>,35,22,[5 8],36,-1,218,-1,196
1,<environment.Job instance at 0x7fc449d7c870>,37,14,[14  4],38,-1,210,-1,196
1,<environment.Job instance at 0x7fc449d7c6e0>,38,3,[4 8],39,-1,199,-1,196
1,<environment.Job instance at 0x7fc449d7c9b0>,41,23,[3 6],42,-1,235,-1,212
1,<environment.Job instance at 0x7fc449d7c370>,42,14,[1 7],43,-1,226,-1,212
1,<environment.Job instance at 0x7fc449d7c460>,44,23,[2 6],45,-1,235,-1,212
1,<environment.Job instance at 0x7fc449d7cb90>,45,15,[ 3 13],46,-1,227,-1,212
1,<environment.Job instance at 0x7fc449d7c230>,47,22,[6 5],48,-1,266,-1,244
1,<environment.Job instance at 0x7fc449d7c730>,49,13,[11  4],50,-1,257,-1,244
1,<environment.Job instance at 0x7fc449d7c3c0>,50,17,[ 3 12],51,-1,261,-1,244
1,<environment.Job instance at 0x7fc449d7cfa0>,51,2,[7 4],52,-1,246,-1,244
1,<environment.Job instance at 0x7fc449d7c550>,52,2,[4 6],53,-1,246,-1,244
1,<environment.Job instance at 0x7fc449d7c780>,53,2,[12  2],54,-1,246,-1,244
1,<environment.Job instance at 0x7fc449d7ca00>,54,17,[13  5],55,-1,261,-1,244
1,<environment.Job instance at 0x7fc449d7c500>,57,15,[ 5 12],58,-1,260,-1,245
1,<environment.Job instance at 0x7fc449d7ceb0>,58,19,[ 4 10],59,-1,266,-1,247
1,<environment.Job instance at 0x7fc449d6f5a0>,59,3,[3 6],60,-1,250,-1,247
1,<environment.Job instance at 0x7fc449d6f190>,62,25,[10  5],63,-1,290,-1,265
1,<environment.Job instance at 0x7fc449d6f050>,69,15,[14  4],70,-1,332,-1,317
1,<environment.Job instance at 0x7fc449d6fbe0>,70,13,[13  5],71,-1,330,-1,317
1,<environment.Job instance at 0x7fc449d6fe60>,75,1,[ 1 13],76,-1,336,-1,335
1,<environment.Job instance at 0x7fc449d6f910>,76,26,[8 2],77,-1,361,-1,335
1,<environment.Job instance at 0x7fc449d80f00>,77,26,[5 7],78,-1,361,-1,335
1,<environment.Job instance at 0x7fc449d80550>,79,26,[11  1],80,-1,372,-1,346
1,<environment.Job instance at 0x7fc449d809b0>,85,18,[ 1 12],86,-1,395,-1,377
1,<environment.Job instance at 0x7fc449d803c0>,86,15,[ 3 11],87,-1,392,-1,377
1,<environment.Job instance at 0x7fc449d80be0>,88,23,[6 3],89,-1,421,-1,398
1,<environment.Job instance at 0x7fc44a0ae960>,3,27,[13  3],4,-1,31,-1,4
1,<environment.Job instance at 0x7fc44a0aed70>,4,24,[3 9],5,-1,35,-1,11
1,<environment.Job instance at 0x7fc44a0aeb40>,10,22,[ 3 14],11,-1,33,-1,11
1,<environment.Job instance at 0x7fc44a0ae9b0>,11,15,[13  2],12,-1,27,-1,12
1,<environment.Job instance at 0x7fc44a0ae320>,12,16,[11  3],13,-1,36,-1,20
1,<environment.Job instance at 0x7fc44b0d0820>,22,28,[13  5],23,-1,133,-1,105
1,<environment.Job instance at 0x7fc44b0d0d20>,23,27,[6 1],24,-1,132,-1,105
1,<environment.Job instance at 0x7fc44b0d0aa0>,25,17,[ 5 11],26,-1,130,-1,113
1,<environment.Job instance at 0x7fc44a965c80>,32,2,[3 6],33,-1,206,-1,204
1,<environment.Job instance at 0x7fc44a965af0>,33,3,[ 2 14],34,-1,207,-1,204
1,<environment.Job instance at 0x7fc44a965050>,36,18,[ 5 11],37,-1,239,-1,221
1,<environment.Job instance at 0x7fc44a965140>,37,21,[12  1],38,-1,242,-1,221
1,<environment.Job instance at 0x7fc44a965370>,38,18,[12  4],39,-1,239,-1,221
1,<environment.Job instance at 0x7fc44a965e10>,39,26,[1 9],40,-1,247,-1,221
1,<environment.Job instance at 0x7fc44a965c30>,40,3,[10  4],41,-1,231,-1,228
1,<environment.Job instance at 0x7fc44a965b40>,42,26,[13  5],43,-1,260,-1,234
1,<environment.Job instance at 0x7fc44a965f00>,43,25,[13  3],44,-1,259,-1,234
1,<environment.Job instance at 0x7fc44a9652d0>,44,22,[ 5 10],45,-1,284,-1,262
1,<environment.Job instance at 0x7fc44a965550>,48,16,[ 5 12],49,-1,278,-1,262
1,<environment.Job instance at 0x7fc44a965be0>,49,24,[13  4],50,-1,286,-1,262
1,<environment.Job instance at 0x7fc44a9659b0>,50,27,[8 2],51,-1,289,-1,262
1,<environment.Job instance at 0x7fc44a9650a0>,52,27,[4 5],53,-1,297,-1,270
1,<environment.Job instance at 0x7fc449a29820>,53,16,[12  2],54,-1,286,-1,270
1,<environment.Job instance at 0x7fc449a297d0>,58,26,[ 3 12],59,-1,326,-1,300
1,<environment.Job instance at 0x7fc449a29050>,59,26,[9 2],60,-1,326,-1,300
1,<environment.Job instance at 0x7fc449a29be0>,61,16,[13  4],62,-1,328,-1,312
1,<environment.Job instance at 0x7fc449a293c0>,62,28,[2 7],63,-1,340,-1,312
1,<environment.Job instance at 0x7fc449a294b0>,65,17,[ 3 13],66,-1,329,-1,312
1,<environment.Job instance at 0x7fc449a29550>,66,28,[3 7],67,-1,340,-1,312
1,<environment.Job instance at 0x7fc449a29690>,67,20,[11  2],68,-1,332,-1,312
1,<environment.Job instance at 0x7fc449f4baa0>,71,1,[5 5],72,-1,347,-1,346
1,<environment.Job instance at 0x7fc449f4bb90>,72,14,[ 5 13],73,-1,360,-1,346
1,<environment.Job instance at 0x7fc449f4bd70>,77,20,[11  4],78,-1,392,-1,372
1,<environment.Job instance at 0x7fc449f4beb0>,78,27,[6 1],79,-1,399,-1,372
1,<environment.Job instance at 0x7fc449f4ba50>,86,1,[10  5],87,-1,433,-1,432
1,<environment.Job instance at 0x7fc44a9655a0>,3,2,[14  3],4,-1,6,-1,4
1,<environment.Job instance at 0x7fc44aa38730>,4,24,[13  5],5,-1,29,-1,5
1,<environment.Job instance at 0x7fc449f6d730>,8,27,[ 3 10],9,-1,36,-1,9
1,<environment.Job instance at 0x7fc44aa38f00>,6,14,[ 1 10],7,-1,26,-1,12
1,<environment.Job instance at 0x7fc449f6d960>,12,13,[11  4],13,-1,26,-1,13
1,<environment.Job instance at 0x7fc44a646280>,17,15,[ 4 13],18,-1,58,-1,43
1,<environment.Job instance at 0x7fc44b0b3550>,19,13,[11  4],20,-1,70,-1,57
1,<environment.Job instance at 0x7fc44a45ec30>,24,15,[10  1],25,-1,97,-1,82
1,<environment.Job instance at 0x7fc449f72640>,29,2,[5 7],30,-1,127,-1,125
1,<environment.Job instance at 0x7fc449f72820>,31,14,[11  2],32,-1,139,-1,125
1,<environment.Job instance at 0x7fc449f720f0>,32,23,[12  3],33,-1,148,-1,125
1,<environment.Job instance at 0x7fc449f72550>,33,28,[4 7],34,-1,153,-1,125
1,<environment.Job instance at 0x7fc449f721e0>,36,16,[11  4],37,-1,155,-1,139
1,<environment.Job instance at 0x7fc449f72320>,37,24,[1 7],38,-1,163,-1,139
1,<environment.Job instance at 0x7fc449f72fa0>,39,17,[13  2],40,-1,156,-1,139
1,<environment.Job instance at 0x7fc44b110370>,40,1,[3 9],41,-1,140,-1,139
1,<environment.Job instance at 0x7fc44a44bb40>,41,23,[13  4],42,-1,162,-1,139
1,<environment.Job instance at 0x7fc44b110e60>,43,26,[1 9],44,-1,169,-1,143
1,<environment.Job instance at 0x7fc44a44c5f0>,44,25,[5 4],45,-1,168,-1,143
1,<environment.Job instance at 0x7fc44a44c190>,45,22,[ 2 10],46,-1,165,-1,143
1,<environment.Job instance at 0x7fc44a451910>,46,14,[13  4],47,-1,157,-1,143
1,<environment.Job instance at 0x7fc44a451d70>,48,12,[13  4],49,-1,169,-1,157
1,<environment.Job instance at 0x7fc44a451690>,50,19,[12  3],51,-1,192,-1,173
1,<environment.Job instance at 0x7fc44a451870>,51,17,[ 5 11],52,-1,190,-1,173
1,<environment.Job instance at 0x7fc44a451f00>,52,2,[ 1 10],53,-1,175,-1,173
1,<environment.Job instance at 0x7fc44a4514b0>,55,18,[14  2],56,-1,208,-1,190
1,<environment.Job instance at 0x7fc44a451230>,56,15,[14  3],57,-1,205,-1,190
1,<environment.Job instance at 0x7fc44a4517d0>,58,17,[12  2],59,-1,207,-1,190
1,<environment.Job instance at 0x7fc44a4518c0>,59,20,[ 5 12],60,-1,210,-1,190
1,<environment.Job instance at 0x7fc44a451640>,60,28,[ 5 11],61,-1,218,-1,190
1,<environment.Job instance at 0x7fc44a451460>,62,23,[5 9],63,-1,229,-1,206
1,<environment.Job instance at 0x7fc44a46a820>,64,28,[14  5],65,-1,251,-1,223
1,<environment.Job instance at 0x7fc449d99be0>,66,13,[12  1],67,-1,253,-1,240
1,<environment.Job instance at 0x7fc44a7c2af0>,67,28,[ 5 11],68,-1,268,-1,240
1,<environment.Job instance at 0x7fc44aa2b370>,68,2,[5 3],69,-1,242,-1,240
1,<environment.Job instance at 0x7fc44aa2b910>,75,13,[ 4 14],76,-1,289,-1,276
1,<environment.Job instance at 0x7fc44aa3b9b0>,79,3,[2 7],80,-1,298,-1,295
1,<environment.Job instance at 0x7fc44aa3b1e0>,80,15,[12  4],81,-1,310,-1,295
1,<environment.Job instance at 0x7fc44d1aa960>,82,16,[13  1],83,-1,330,-1,314
1,<environment.Job instance at 0x7fc44a633230>,85,14,[13  2],86,-1,343,-1,329
1,<environment.Job instance at 0x7fc449ceee10>,86,28,[ 1 14],87,-1,357,-1,329
1,<environment.Job instance at 0x7fc44abbeeb0>,87,18,[ 2 14],88,-1,347,-1,329
1,<environment.Job instance at 0x7fc45377d320>,88,25,[ 4 10],89,-1,354,-1,329
1,<environment.Job instance at 0x7fc44b0920f0>,16,1,[ 4 13],17,-1,132,-1,131
1,<environment.Job instance at 0x7fc44b0927d0>,17,14,[ 5 13],18,-1,145,-1,131
1,<environment.Job instance at 0x7fc44b092550>,19,1,[ 1 14],20,-1,132,-1,131
1,<environment.Job instance at 0x7fc44b092140>,20,16,[11  4],21,-1,147,-1,131
1,<environment.Job instance at 0x7fc44b092820>,22,3,[8 2],23,-1,148,-1,145
1,<environment.Job instance at 0x7fc44b092960>,24,16,[13  2],25,-1,179,-1,163
1,<environment.Job instance at 0x7fc44b092460>,25,14,[ 2 13],26,-1,177,-1,163
1,<environment.Job instance at 0x7fc44b092870>,26,18,[13  1],27,-1,181,-1,163
1,<environment.Job instance at 0x7fc44b092500>,27,21,[ 2 12],28,-1,184,-1,163
1,<environment.Job instance at 0x7fc449cfaa50>,29,26,[13  3],30,-1,192,-1,166
1,<environment.Job instance at 0x7fc449cfae10>,30,24,[12  5],31,-1,190,-1,166
1,<environment.Job instance at 0x7fc449cfab90>,32,27,[7 3],33,-1,200,-1,173
1,<environment.Job instance at 0x7fc449cfaf50>,33,15,[ 4 10],34,-1,188,-1,173
1,<environment.Job instance at 0x7fc449cfad20>,34,12,[ 1 10],35,-1,185,-1,173
1,<environment.Job instance at 0x7fc449cfaaf0>,35,22,[7 1],36,-1,195,-1,173
1,<environment.Job instance at 0x7fc449cfadc0>,36,21,[11  1],37,-1,194,-1,173
1,<environment.Job instance at 0x7fc449cfa550>,38,18,[11  1],39,-1,201,-1,183
1,<environment.Job instance at 0x7fc449cfa9b0>,41,3,[6 4],42,-1,214,-1,211
1,<environment.Job instance at 0x7fc449cfad70>,42,13,[ 1 12],43,-1,224,-1,211
1,<environment.Job instance at 0x7fc449cfa5a0>,47,22,[6 1],48,-1,261,-1,239
1,<environment.Job instance at 0x7fc449cd78c0>,49,24,[ 2 12],50,-1,271,-1,247
1,<environment.Job instance at 0x7fc449cd7a50>,55,25,[3 6],56,-1,306,-1,281
1,<environment.Job instance at 0x7fc449cd71e0>,57,16,[ 5 12],58,-1,310,-1,294
1,<environment.Job instance at 0x7fc449cd7280>,59,12,[9 1],60,-1,307,-1,295
1,<environment.Job instance at 0x7fc449cd7d70>,60,12,[11  4],61,-1,307,-1,295
1,<environment.Job instance at 0x7fc449cd7460>,62,2,[12  3],63,-1,314,-1,312
1,<environment.Job instance at 0x7fc449cd7690>,63,14,[14  2],64,-1,326,-1,312
1,<environment.Job instance at 0x7fc449cd7d20>,64,13,[12  4],65,-1,325,-1,312
1,<environment.Job instance at 0x7fc44a21ab90>,66,23,[2 5],67,-1,335,-1,312
1,<environment.Job instance at 0x7fc44a21a550>,69,14,[11  5],70,-1,346,-1,332
1,<environment.Job instance at 0x7fc44a21adc0>,70,18,[ 4 12],71,-1,350,-1,332
1,<environment.Job instance at 0x7fc44a21a640>,71,24,[ 3 11],72,-1,356,-1,332
1,<environment.Job instance at 0x7fc44a21a050>,72,15,[ 3 10],73,-1,347,-1,332
1,<environment.Job instance at 0x7fc44a21afa0>,75,12,[13  3],76,-1,354,-1,342
1,<environment.Job instance at 0x7fc44a21a7d0>,82,23,[1 6],83,-1,432,-1,409
1,<environment.Job instance at 0x7fc44a21a410>,83,24,[ 5 12],84,-1,433,-1,409
1,<environment.Job instance at 0x7fc44a21a6e0>,84,2,[1 7],85,-1,411,-1,409
1,<environment.Job instance at 0x7fc44a21a690>,85,3,[ 3 12],86,-1,412,-1,409
1,<environment.Job instance at 0x7fc44a21a230>,87,14,[14  5],88,-1,426,-1,412
1,<environment.Job instance at 0x7fc44a220c80>,88,14,[ 3 12],89,-1,426,-1,412
1,<environment.Job instance at 0x7fc44ad7f9b0>,9,13,[ 1 11],10,-1,28,-1,15
1,<environment.Job instance at 0x7fc44adad230>,10,14,[11  4],11,-1,29,-1,15
1,<environment.Job instance at 0x7fc44adad2d0>,11,24,[ 4 11],12,-1,39,-1,15
1,<environment.Job instance at 0x7fc44adad370>,12,24,[4 8],13,-1,39,-1,15
1,<environment.Job instance at 0x7fc44ad9d5a0>,37,18,[12  5],38,-1,197,-1,179
1,<environment.Job instance at 0x7fc44ad9d500>,38,20,[13  1],39,-1,199,-1,179
1,<environment.Job instance at 0x7fc44ad9d550>,39,17,[ 5 13],40,-1,196,-1,179
1,<environment.Job instance at 0x7fc44ad9d7d0>,41,23,[4 8],42,-1,205,-1,182
1,<environment.Job instance at 0x7fc44ad9d960>,44,26,[2 8],45,-1,223,-1,197
1,<environment.Job instance at 0x7fc44ad9d780>,45,21,[5 4],46,-1,231,-1,210
1,<environment.Job instance at 0x7fc44ad9daf0>,46,13,[12  5],47,-1,223,-1,210
1,<environment.Job instance at 0x7fc44ad9daa0>,48,14,[ 2 11],49,-1,224,-1,210
1,<environment.Job instance at 0x7fc44ad9dd20>,52,26,[6 5],53,-1,257,-1,231
1,<environment.Job instance at 0x7fc44ad81190>,54,22,[13  2],55,-1,254,-1,232
1,<environment.Job instance at 0x7fc44ad810a0>,55,3,[4 9],56,-1,235,-1,232
1,<environment.Job instance at 0x7fc44ad81140>,58,24,[4 5],59,-1,270,-1,246
1,<environment.Job instance at 0x7fc44ad813c0>,59,28,[ 3 11],60,-1,274,-1,246
1,<environment.Job instance at 0x7fc44ad815a0>,60,12,[9 1],61,-1,258,-1,246
1,<environment.Job instance at 0x7fc44ad81500>,62,19,[ 2 12],63,-1,265,-1,246
1,<environment.Job instance at 0x7fc44ad81820>,65,22,[3 6],66,-1,279,-1,257
1,<environment.Job instance at 0x7fc44ad81960>,67,17,[ 4 12],68,-1,276,-1,259
1,<environment.Job instance at 0x7fc44ad81aa0>,69,20,[11  5],70,-1,294,-1,274
1,<environment.Job instance at 0x7fc44ad81be0>,70,16,[12  3],71,-1,290,-1,274
1,<environment.Job instance at 0x7fc44ad81c80>,71,3,[5 7],72,-1,277,-1,274
1,<environment.Job instance at 0x7fc44ad81e10>,73,27,[ 1 10],74,-1,305,-1,278
1,<environment.Job instance at 0x7fc44a131550>,74,14,[ 1 11],75,-1,292,-1,278
1,<environment.Job instance at 0x7fc44a343960>,75,25,[ 5 11],76,-1,303,-1,278
1,<environment.Job instance at 0x7fc44a126dc0>,77,1,[1 7],78,-1,292,-1,291
1,<environment.Job instance at 0x7fc44a126cd0>,78,20,[5 1],79,-1,312,-1,292
1,<environment.Job instance at 0x7fc44a126be0>,82,19,[ 3 12],83,-1,323,-1,304
1,<environment.Job instance at 0x7fc44a1269b0>,83,23,[4 5],84,-1,327,-1,304
1,<environment.Job instance at 0x7fc44a126370>,87,17,[12  5],88,-1,354,-1,337
1,<environment.Job instance at 0x7fc44a126460>,88,28,[11  4],89,-1,365,-1,337
1,<environment.Job instance at 0x7fc44a126550>,86,22,[ 2 12],87,-1,927,-1,905
1,<environment.Job instance at 0x7fc44adad9b0>,22,18,[12  1],23,-1,950,-1,932
1,<environment.Job instance at 0x7fc449f29820>,5,28,[1 7],6,-1,34,-1,6
1,<environment.Job instance at 0x7fc44a37e9b0>,6,18,[ 2 10],7,-1,31,-1,13
1,<environment.Job instance at 0x7fc449a1b7d0>,12,27,[8 5],13,-1,45,-1,18
1,<environment.Job instance at 0x7fc44a363640>,14,25,[ 1 12],15,-1,52,-1,27
1,<environment.Job instance at 0x7fc44a363c80>,16,15,[ 5 10],17,-1,57,-1,42
1,<environment.Job instance at 0x7fc44a363a50>,17,20,[14  5],18,-1,62,-1,42
1,<environment.Job instance at 0x7fc44a363690>,18,25,[ 3 12],19,-1,67,-1,42
1,<environment.Job instance at 0x7fc44a3635a0>,19,14,[13  1],20,-1,56,-1,42
1,<environment.Job instance at 0x7fc44a363f50>,20,15,[10  1],21,-1,57,-1,42
1,<environment.Job instance at 0x7fc44a3639b0>,21,13,[ 2 12],22,-1,55,-1,42
1,<environment.Job instance at 0x7fc44a3631e0>,25,16,[12  2],26,-1,70,-1,54
1,<environment.Job instance at 0x7fc44a201190>,26,16,[14  1],27,-1,70,-1,54
1,<environment.Job instance at 0x7fc44a201b90>,27,3,[ 2 13],28,-1,57,-1,54
1,<environment.Job instance at 0x7fc44a2013c0>,28,15,[ 1 10],29,-1,69,-1,54
1,<environment.Job instance at 0x7fc44a201b40>,29,1,[7 5],30,-1,55,-1,54
1,<environment.Job instance at 0x7fc44a201410>,30,13,[6 1],31,-1,67,-1,54
1,<environment.Job instance at 0x7fc44a201910>,31,26,[13  3],32,-1,80,-1,54
1,<environment.Job instance at 0x7fc44aa278c0>,32,15,[ 2 11],33,-1,69,-1,54
1,<environment.Job instance at 0x7fc44aa273c0>,33,20,[11  4],34,-1,74,-1,54
1,<environment.Job instance at 0x7fc44aa27d70>,34,17,[14  1],35,-1,71,-1,54
1,<environment.Job instance at 0x7fc44aa279b0>,38,15,[ 3 11],39,-1,97,-1,82
1,<environment.Job instance at 0x7fc44aa27d20>,39,20,[ 4 12],40,-1,102,-1,82
1,<environment.Job instance at 0x7fc44aa27fa0>,40,28,[5 8],41,-1,110,-1,82
1,<environment.Job instance at 0x7fc44aa27f00>,41,17,[ 3 14],42,-1,99,-1,82
1,<environment.Job instance at 0x7fc44aa27410>,42,27,[ 3 10],43,-1,109,-1,82
1,<environment.Job instance at 0x7fc449bafb90>,45,22,[ 1 10],46,-1,113,-1,91
1,<environment.Job instance at 0x7fc449baf9b0>,47,27,[6 4],48,-1,133,-1,106
1,<environment.Job instance at 0x7fc449baf500>,48,22,[ 2 10],49,-1,128,-1,106
1,<environment.Job instance at 0x7fc449bafa00>,49,25,[2 8],50,-1,131,-1,106
1,<environment.Job instance at 0x7fc449baf370>,53,2,[ 5 11],54,-1,122,-1,120
1,<environment.Job instance at 0x7fc449baffa0>,54,1,[8 2],55,-1,121,-1,120
1,<environment.Job instance at 0x7fc449a31460>,58,13,[ 3 10],59,-1,151,-1,138
1,<environment.Job instance at 0x7fc449a31550>,60,24,[14  3],61,-1,174,-1,150
1,<environment.Job instance at 0x7fc449a316e0>,63,2,[13  4],64,-1,167,-1,165
1,<environment.Job instance at 0x7fc449a313c0>,64,22,[12  2],65,-1,187,-1,165
1,<environment.Job instance at 0x7fc449a31370>,66,17,[14  5],67,-1,185,-1,168
1,<environment.Job instance at 0x7fc449a310a0>,67,28,[ 3 11],68,-1,196,-1,168
1,<environment.Job instance at 0x7fc449a31870>,68,12,[ 2 14],69,-1,180,-1,168
1,<environment.Job instance at 0x7fc449a31b90>,69,18,[14  4],70,-1,186,-1,168
1,<environment.Job instance at 0x7fc449a31e60>,70,14,[12  5],71,-1,182,-1,168
1,<environment.Job instance at 0x7fc449a31c80>,71,28,[9 4],72,-1,196,-1,168
1,<environment.Job instance at 0x7fc449a317d0>,72,28,[13  4],73,-1,196,-1,168
1,<environment.Job instance at 0x7fc449a31320>,73,16,[ 3 13],74,-1,184,-1,168
1,<environment.Job instance at 0x7fc449a31af0>,74,3,[6 5],75,-1,171,-1,168
1,<environment.Job instance at 0x7fc449a31d70>,75,16,[ 2 13],76,-1,184,-1,168
1,<environment.Job instance at 0x7fc449a31aa0>,77,20,[ 5 10],78,-1,200,-1,180
1,<environment.Job instance at 0x7fc44991d640>,78,3,[5 2],79,-1,183,-1,180
1,<environment.Job instance at 0x7fc44991d190>,79,18,[ 4 12],80,-1,198,-1,180
1,<environment.Job instance at 0x7fc4497d4dc0>,1,14,[14  1],2,-1,16,-1,2
1,<environment.Job instance at 0x7fc44ab8bc30>,2,24,[8 5],3,-1,27,-1,3
1,<environment.Job instance at 0x7fc44ab8baa0>,3,3,[14  5],4,-1,7,-1,4
1,<environment.Job instance at 0x7fc449a5d050>,7,17,[ 5 13],8,-1,25,-1,8
1,<environment.Job instance at 0x7fc449a5d960>,8,26,[ 3 14],9,-1,35,-1,9
1,<environment.Job instance at 0x7fc44a8f3a50>,21,15,[ 2 12],22,-1,81,-1,66
1,<environment.Job instance at 0x7fc44a8f33c0>,22,2,[10  2],23,-1,68,-1,66
1,<environment.Job instance at 0x7fc44a30a7d0>,56,22,[ 1 14],57,-1,382,-1,360
1,<environment.Job instance at 0x7fc449ca07d0>,57,2,[14  4],58,-1,362,-1,360
1,<environment.Job instance at 0x7fc44a1daa50>,59,27,[4 9],60,-1,387,-1,360
1,<environment.Job instance at 0x7fc44a1f9e10>,60,16,[ 4 13],61,-1,376,-1,360
1,<environment.Job instance at 0x7fc44a1f9640>,62,16,[14  2],63,-1,393,-1,377
1,<environment.Job instance at 0x7fc44a1f9140>,63,12,[14  2],64,-1,389,-1,377
1,<environment.Job instance at 0x7fc449d675f0>,64,1,[14  4],65,-1,378,-1,377
1,<environment.Job instance at 0x7fc453a8db90>,65,2,[14  4],66,-1,379,-1,377
1,<environment.Job instance at 0x7fc44a793320>,66,24,[2 9],67,-1,437,-1,413
1,<environment.Job instance at 0x7fc4498b0230>,69,20,[ 3 11],70,-1,433,-1,413
1,<environment.Job instance at 0x7fc4499054b0>,71,16,[14  4],72,-1,441,-1,425
1,<environment.Job instance at 0x7fc44a4c7af0>,74,2,[ 3 14],75,-1,427,-1,425
1,<environment.Job instance at 0x7fc44ac81c30>,76,27,[7 4],77,-1,467,-1,440
1,<environment.Job instance at 0x7fc44a973b90>,79,2,[2 6],80,-1,459,-1,457
1,<environment.Job instance at 0x7fc44a9739b0>,81,24,[6 3],82,-1,496,-1,472
1,<environment.Job instance at 0x7fc44a973be0>,82,28,[2 8],83,-1,511,-1,483
1,<environment.Job instance at 0x7fc449d94730>,86,23,[ 3 11],87,-1,517,-1,494
1,<environment.Job instance at 0x7fc449d94410>,87,14,[ 4 13],88,-1,508,-1,494
1,<environment.Job instance at 0x7fc4499e68c0>,88,26,[9 3],89,-1,520,-1,494
1,<environment.Job instance at 0x7fc449f2feb0>,4,25,[ 5 12],5,-1,30,-1,5
1,<environment.Job instance at 0x7fc449d735f0>,6,15,[ 3 14],7,-1,22,-1,7
1,<environment.Job instance at 0x7fc449d6fa50>,9,1,[10  1],10,-1,12,-1,11
1,<environment.Job instance at 0x7fc44ac5f7d0>,11,20,[ 2 10],12,-1,33,-1,13
1,<environment.Job instance at 0x7fc44ae235a0>,15,28,[1 5],16,-1,48,-1,20
1,<environment.Job instance at 0x7fc44ae23820>,17,25,[8 1],18,-1,56,-1,31
1,<environment.Job instance at 0x7fc449d768c0>,18,18,[ 1 10],19,-1,49,-1,31
1,<environment.Job instance at 0x7fc44ae23730>,19,12,[12  3],20,-1,43,-1,31
1,<environment.Job instance at 0x7fc453c43690>,22,25,[4 5],23,-1,77,-1,52
1,<environment.Job instance at 0x7fc453adac30>,23,25,[10  3],24,-1,77,-1,52
1,<environment.Job instance at 0x7fc44a9c93c0>,25,28,[13  4],26,-1,96,-1,68
1,<environment.Job instance at 0x7fc44acea370>,26,20,[13  2],27,-1,88,-1,68
1,<environment.Job instance at 0x7fc44a7fd140>,27,14,[12  3],28,-1,82,-1,68
1,<environment.Job instance at 0x7fc44aca0410>,28,17,[ 5 13],29,-1,85,-1,68
1,<environment.Job instance at 0x7fc44aca07d0>,30,18,[13  4],31,-1,99,-1,81
1,<environment.Job instance at 0x7fc44a89a0a0>,32,12,[ 3 10],33,-1,113,-1,101
1,<environment.Job instance at 0x7fc44b052910>,33,16,[ 2 11],34,-1,117,-1,101
1,<environment.Job instance at 0x7fc44a80a5a0>,34,1,[8 4],35,-1,102,-1,101
1,<environment.Job instance at 0x7fc44af08690>,35,25,[2 5],36,-1,126,-1,101
1,<environment.Job instance at 0x7fc449bacd20>,42,23,[ 3 14],43,-1,157,-1,134
1,<environment.Job instance at 0x7fc44ac77050>,43,21,[ 5 13],44,-1,155,-1,134
1,<environment.Job instance at 0x7fc44ac77aa0>,44,16,[ 3 14],45,-1,150,-1,134
1,<environment.Job instance at 0x7fc44ac87af0>,46,14,[11  3],47,-1,165,-1,151
1,<environment.Job instance at 0x7fc44aca4b90>,48,13,[14  1],49,-1,182,-1,169
1,<environment.Job instance at 0x7fc44a87ea00>,55,24,[5 2],56,-1,232,-1,208
1,<environment.Job instance at 0x7fc44a87e500>,56,14,[11  2],57,-1,222,-1,208
1,<environment.Job instance at 0x7fc44a87e7d0>,57,22,[ 4 10],58,-1,230,-1,208
1,<environment.Job instance at 0x7fc44a87e370>,58,15,[ 2 13],59,-1,223,-1,208
1,<environment.Job instance at 0x7fc44a87ebe0>,60,13,[ 3 12],61,-1,221,-1,208
1,<environment.Job instance at 0x7fc44a87e0a0>,61,14,[ 2 11],62,-1,222,-1,208
1,<environment.Job instance at 0x7fc44a87e410>,62,16,[ 5 14],63,-1,224,-1,208
1,<environment.Job instance at 0x7fc44a86b5f0>,64,26,[10  4],65,-1,237,-1,211
1,<environment.Job instance at 0x7fc44a86b730>,66,24,[4 7],67,-1,249,-1,225
1,<environment.Job instance at 0x7fc44a8715f0>,75,2,[5 9],76,-1,263,-1,261
1,<environment.Job instance at 0x7fc44a8717d0>,78,28,[7 2],79,-1,304,-1,276
1,<environment.Job instance at 0x7fc44a871870>,79,3,[4 5],80,-1,279,-1,276
1,<environment.Job instance at 0x7fc44a871910>,80,27,[ 3 12],81,-1,303,-1,276
1,<environment.Job instance at 0x7fc44a8713c0>,83,26,[11  1],84,-1,318,-1,292
1,<environment.Job instance at 0x7fc44a871a00>,84,28,[9 2],85,-1,320,-1,292
1,<environment.Job instance at 0x7fc44a871be0>,85,21,[12  5],86,-1,313,-1,292
1,<environment.Job instance at 0x7fc44a871d20>,87,18,[ 2 14],88,-1,327,-1,309
1,<environment.Job instance at 0x7fc44ac5f280>,12,18,[ 5 13],13,-1,8377,-1,8359
1,<environment.Job instance at 0x7fc23c400b40>,4,24,[ 3 11],5,-1,29,-1,5
1,<environment.Job instance at 0x7fc23c400c80>,8,24,[ 2 10],9,-1,33,-1,9
1,<environment.Job instance at 0x7fc23c403410>,14,21,[ 3 11],15,-1,43,-1,22
1,<environment.Job instance at 0x7fc23c403820>,21,22,[8 2],22,-1,112,-1,90
1,<environment.Job instance at 0x7fc23c403a50>,24,2,[ 3 12],25,-1,92,-1,90
1,<environment.Job instance at 0x7fc23c403be0>,27,25,[14  4],28,-1,135,-1,110
1,<environment.Job instance at 0x7fc23c403c80>,28,2,[5 8],29,-1,112,-1,110
1,<environment.Job instance at 0x7fc23c403d20>,29,24,[5 1],30,-1,134,-1,110
1,<environment.Job instance at 0x7fc23c4060a0>,35,3,[9 5],36,-1,142,-1,139
1,<environment.Job instance at 0x7fc23c4063c0>,39,23,[4 6],40,-1,178,-1,155
1,<environment.Job instance at 0x7fc23c406550>,41,3,[6 3],42,-1,165,-1,162
1,<environment.Job instance at 0x7fc23c4064b0>,42,13,[12  1],43,-1,175,-1,162
1,<environment.Job instance at 0x7fc23c4068c0>,43,21,[ 2 12],44,-1,183,-1,162
1,<environment.Job instance at 0x7fc23c406960>,44,26,[8 4],45,-1,188,-1,162
1,<environment.Job instance at 0x7fc23c406a00>,45,13,[11  3],46,-1,175,-1,162
1,<environment.Job instance at 0x7fc23c406aa0>,46,2,[ 1 10],47,-1,164,-1,162
1,<environment.Job instance at 0x7fc23c406b40>,47,13,[ 3 12],48,-1,175,-1,162
1,<environment.Job instance at 0x7fc23c406c80>,49,15,[ 2 10],50,-1,184,-1,169
1,<environment.Job instance at 0x7fc23c406d20>,50,12,[6 1],51,-1,181,-1,169
1,<environment.Job instance at 0x7fc23c406640>,51,13,[ 3 12],52,-1,182,-1,169
1,<environment.Job instance at 0x7fc23c406e60>,52,3,[13  2],53,-1,172,-1,169
1,<environment.Job instance at 0x7fc23c406fa0>,54,3,[1 7],55,-1,182,-1,179
1,<environment.Job instance at 0x7fc23c4067d0>,56,28,[10  1],57,-1,209,-1,181
1,<environment.Job instance at 0x7fc23c4096e0>,62,24,[ 3 10],63,-1,239,-1,215
1,<environment.Job instance at 0x7fc23c4098c0>,66,12,[6 1],67,-1,264,-1,252
1,<environment.Job instance at 0x7fc23c409a00>,68,25,[ 2 12],69,-1,277,-1,252
1,<environment.Job instance at 0x7fc23c409aa0>,69,26,[5 4],70,-1,278,-1,252
1,<environment.Job instance at 0x7fc23c409be0>,71,13,[7 2],72,-1,281,-1,268
1,<environment.Job instance at 0x7fc23c409cd0>,73,27,[8 2],74,-1,297,-1,270
1,<environment.Job instance at 0x7fc23c409e60>,74,14,[9 1],75,-1,284,-1,270
1,<environment.Job instance at 0x7fc23c409fa0>,76,18,[ 2 10],77,-1,305,-1,287
1,<environment.Job instance at 0x7fc23c409d20>,77,19,[8 1],78,-1,318,-1,299
1,<environment.Job instance at 0x7fc23c40c3c0>,82,2,[10  3],83,-1,319,-1,317
1,<environment.Job instance at 0x7fc23c40c460>,83,17,[ 4 14],84,-1,334,-1,317
1,<environment.Job instance at 0x7fc23c40c500>,84,21,[ 1 10],85,-1,338,-1,317
1,<environment.Job instance at 0x7fc23c40c5a0>,85,18,[ 5 12],86,-1,335,-1,317
1,<environment.Job instance at 0x7fc23c40c640>,86,12,[ 3 14],87,-1,329,-1,317
1,<environment.Job instance at 0x7fc23c40c780>,88,3,[9 5],89,-1,326,-1,323
1,<environment.Job instance at 0x7fc23c40c820>,89,18,[ 4 11],90,-1,341,-1,323
1,<environment.Job instance at 0x7fc23c40caf0>,91,14,[12  2],92,-1,346,-1,332
1,<environment.Job instance at 0x7fc23c40cb40>,92,3,[2 8],93,-1,335,-1,332
1,<environment.Job instance at 0x7fc23c40cb90>,93,27,[12  1],94,-1,359,-1,332
1,<environment.Job instance at 0x7fc23c40cc30>,94,22,[5 8],95,-1,381,-1,359
1,<environment.Job instance at 0x7fc23c40cf00>,98,2,[10  4],99,-1,361,-1,359
1,<environment.Job instance at 0x7fc23c403730>,19,21,[8 5],20,-1,966,-1,945
1,<environment.Job instance at 0x7fc23bb45d20>,2,13,[ 5 12],3,-1,16,-1,3
1,<environment.Job instance at 0x7fc23bb3b8c0>,9,27,[5 8],10,-1,37,-1,10
1,<environment.Job instance at 0x7fc23bb3b5f0>,11,13,[12  3],12,-1,25,-1,12
1,<environment.Job instance at 0x7fc23bb24a00>,14,28,[7 4],15,-1,49,-1,21
1,<environment.Job instance at 0x7fc23bb24c80>,16,3,[1 6],17,-1,39,-1,36
1,<environment.Job instance at 0x7fc23bb24af0>,18,14,[9 1],19,-1,53,-1,39
1,<environment.Job instance at 0x7fc23bb488c0>,21,21,[2 7],22,-1,86,-1,65
1,<environment.Job instance at 0x7fc23bb48910>,23,24,[5 6],24,-1,89,-1,65
1,<environment.Job instance at 0x7fc23bb487d0>,24,18,[11  5],25,-1,83,-1,65
1,<environment.Job instance at 0x7fc23bb484b0>,25,14,[14  1],26,-1,79,-1,65
1,<environment.Job instance at 0x7fc23bb48550>,26,22,[10  1],27,-1,87,-1,65
1,<environment.Job instance at 0x7fc23bb48af0>,27,12,[1 9],28,-1,77,-1,65
1,<environment.Job instance at 0x7fc23bb480f0>,29,3,[14  4],30,-1,73,-1,70
1,<environment.Job instance at 0x7fc23bb463c0>,31,15,[8 1],32,-1,94,-1,79
1,<environment.Job instance at 0x7fc23bb460f0>,32,23,[ 1 14],33,-1,102,-1,79
1,<environment.Job instance at 0x7fc23bb465a0>,33,14,[1 7],34,-1,94,-1,80
1,<environment.Job instance at 0x7fc23bb466e0>,34,19,[9 1],35,-1,105,-1,86
1,<environment.Job instance at 0x7fc23bb467d0>,35,23,[7 3],36,-1,109,-1,86
1,<environment.Job instance at 0x7fc23bb46aa0>,37,26,[ 1 11],38,-1,112,-1,86
1,<environment.Job instance at 0x7fc23bb46f00>,38,13,[3 6],39,-1,99,-1,86
1,<environment.Job instance at 0x7fc23bb43910>,39,21,[3 6],40,-1,107,-1,86
1,<environment.Job instance at 0x7fc23bb46320>,40,17,[ 2 11],41,-1,103,-1,86
1,<environment.Job instance at 0x7fc23bb43c30>,42,14,[5 1],43,-1,110,-1,96
1,<environment.Job instance at 0x7fc23bb43730>,43,18,[1 7],44,-1,118,-1,100
1,<environment.Job instance at 0x7fc23bb43b90>,44,17,[ 3 14],45,-1,117,-1,100
1,<environment.Job instance at 0x7fc245c86d20>,45,19,[1 5],46,-1,119,-1,100
1,<environment.Job instance at 0x7fc245a374b0>,46,25,[5 4],47,-1,125,-1,100
1,<environment.Job instance at 0x7fc245a6c870>,47,2,[7 2],48,-1,102,-1,100
1,<environment.Job instance at 0x7fc23ba16460>,48,28,[7 1],49,-1,128,-1,100
1,<environment.Job instance at 0x7fc23ba7f9b0>,49,15,[6 2],50,-1,125,-1,110
1,<environment.Job instance at 0x7fc23ba16550>,51,24,[12  2],52,-1,135,-1,111
1,<environment.Job instance at 0x7fc23ba1b500>,52,26,[ 3 11],53,-1,137,-1,111
1,<environment.Job instance at 0x7fc23ba91fa0>,54,13,[2 6],55,-1,124,-1,111
1,<environment.Job instance at 0x7fc23ba91410>,55,16,[ 1 11],56,-1,127,-1,111
1,<environment.Job instance at 0x7fc23ba915a0>,57,1,[ 5 12],58,-1,121,-1,120
1,<environment.Job instance at 0x7fc23ba91910>,58,24,[8 5],59,-1,144,-1,120
1,<environment.Job instance at 0x7fc23baea5a0>,59,14,[3 8],60,-1,134,-1,120
1,<environment.Job instance at 0x7fc23baea3c0>,60,13,[14  2],61,-1,133,-1,120
1,<environment.Job instance at 0x7fc23baea9b0>,61,17,[3 8],62,-1,137,-1,120
1,<environment.Job instance at 0x7fc23ba8b500>,62,16,[3 9],63,-1,136,-1,120
1,<environment.Job instance at 0x7fc23ba8b690>,63,20,[14  2],64,-1,140,-1,120
1,<environment.Job instance at 0x7fc23ba8b280>,64,14,[ 4 10],65,-1,134,-1,120
1,<environment.Job instance at 0x7fc23ba8b2d0>,65,13,[ 1 14],66,-1,133,-1,120
1,<environment.Job instance at 0x7fc23ba8b1e0>,66,16,[12  1],67,-1,136,-1,120
1,<environment.Job instance at 0x7fc23bb076e0>,67,15,[ 4 14],68,-1,135,-1,120
1,<environment.Job instance at 0x7fc23ba44a50>,68,13,[1 9],69,-1,133,-1,120
1,<environment.Job instance at 0x7fc245b58730>,69,18,[ 5 11],70,-1,138,-1,120
1,<environment.Job instance at 0x7fc23bb160a0>,70,22,[11  3],71,-1,142,-1,120
1,<environment.Job instance at 0x7fc23bc40640>,71,18,[11  2],72,-1,138,-1,120
1,<environment.Job instance at 0x7fc23bb26460>,74,21,[9 1],75,-1,160,-1,139
1,<environment.Job instance at 0x7fc23ba076e0>,77,18,[10  1],78,-1,168,-1,150
1,<environment.Job instance at 0x7fc23b9fd050>,78,27,[9 4],79,-1,177,-1,150
1,<environment.Job instance at 0x7fc23b9fdc30>,79,25,[3 9],80,-1,175,-1,150
1,<environment.Job instance at 0x7fc23b9fd9b0>,81,13,[ 4 10],82,-1,163,-1,150
1,<environment.Job instance at 0x7fc23ba32c30>,82,14,[4 7],83,-1,164,-1,150
1,<environment.Job instance at 0x7fc23b995af0>,83,23,[ 2 14],84,-1,173,-1,150
1,<environment.Job instance at 0x7fc23b995cd0>,84,12,[ 2 11],85,-1,162,-1,150
1,<environment.Job instance at 0x7fc23b995280>,85,19,[5 1],86,-1,169,-1,150
1,<environment.Job instance at 0x7fc23b995460>,87,22,[1 7],88,-1,175,-1,153
1,<environment.Job instance at 0x7fc23b9951e0>,88,28,[4 7],89,-1,181,-1,153
1,<environment.Job instance at 0x7fc23b995140>,89,26,[3 6],90,-1,179,-1,153
1,<environment.Job instance at 0x7fc23b9953c0>,90,12,[11  1],91,-1,165,-1,153
1,<environment.Job instance at 0x7fc23b995500>,91,12,[ 5 11],92,-1,165,-1,153
1,<environment.Job instance at 0x7fc23b9950a0>,93,2,[ 1 10],94,-1,167,-1,165
1,<environment.Job instance at 0x7fc23bb45050>,94,2,[ 1 11],95,-1,167,-1,165
1,<environment.Job instance at 0x7fc23bb45690>,97,3,[5 4],98,-1,188,-1,185
1,<environment.Job instance at 0x7fc245a94870>,1,21,[ 4 11],2,-1,23,-1,2
1,<environment.Job instance at 0x7fc23b9980f0>,2,13,[ 3 12],3,-1,16,-1,3
1,<environment.Job instance at 0x7fc245a94780>,4,28,[3 8],5,-1,33,-1,5
1,<environment.Job instance at 0x7fc245a94c30>,6,14,[11  2],7,-1,22,-1,8
1,<environment.Job instance at 0x7fc245b585a0>,8,17,[10  2],9,-1,26,-1,9
1,<environment.Job instance at 0x7fc245b588c0>,9,17,[ 5 11],10,-1,27,-1,10
1,<environment.Job instance at 0x7fc245b584b0>,10,13,[5 1],11,-1,24,-1,11
1,<environment.Job instance at 0x7fc245b587d0>,11,27,[6 5],12,-1,39,-1,12
1,<environment.Job instance at 0x7fc245b58be0>,12,18,[ 2 14],13,-1,31,-1,13
1,<environment.Job instance at 0x7fc245a3e5f0>,13,2,[11  2],14,-1,16,-1,14
1,<environment.Job instance at 0x7fc245a3e370>,14,18,[12  2],15,-1,33,-1,15
1,<environment.Job instance at 0x7fc23ba1be10>,17,13,[ 4 12],18,-1,31,-1,18
1,<environment.Job instance at 0x7fc23ba1bb90>,18,17,[11  4],19,-1,36,-1,19
1,<environment.Job instance at 0x7fc23ba1b3c0>,21,18,[ 1 10],22,-1,50,-1,32
1,<environment.Job instance at 0x7fc23ba1bcd0>,22,28,[7 4],23,-1,60,-1,32
1,<environment.Job instance at 0x7fc23ba1bd70>,32,13,[2 9],33,-1,129,-1,116
1,<environment.Job instance at 0x7fc23ba1b370>,33,24,[9 1],34,-1,140,-1,116
1,<environment.Job instance at 0x7fc23ba1b6e0>,34,15,[14  3],35,-1,131,-1,116
1,<environment.Job instance at 0x7fc245bd2dc0>,36,13,[ 5 13],37,-1,130,-1,117
1,<environment.Job instance at 0x7fc23ba83050>,40,24,[11  3],41,-1,175,-1,151
1,<environment.Job instance at 0x7fc23ba83640>,44,28,[13  3],45,-1,211,-1,183
1,<environment.Job instance at 0x7fc23ba835a0>,47,18,[ 1 13],48,-1,218,-1,200
1,<environment.Job instance at 0x7fc23ba83370>,48,24,[ 5 11],49,-1,224,-1,200
1,<environment.Job instance at 0x7fc23ba83910>,51,16,[ 2 13],52,-1,226,-1,210
1,<environment.Job instance at 0x7fc23ba83cd0>,53,15,[ 1 11],54,-1,238,-1,223
1,<environment.Job instance at 0x7fc23ba83550>,55,13,[11  1],56,-1,254,-1,241
1,<environment.Job instance at 0x7fc23ba83c30>,56,12,[ 3 10],57,-1,253,-1,241
1,<environment.Job instance at 0x7fc23ba83280>,57,3,[8 3],58,-1,244,-1,241
1,<environment.Job instance at 0x7fc245b5a960>,61,2,[5 1],62,-1,260,-1,258
1,<environment.Job instance at 0x7fc245b5aaa0>,62,23,[1 7],63,-1,281,-1,258
1,<environment.Job instance at 0x7fc245b5aa50>,63,12,[12  2],64,-1,270,-1,258
1,<environment.Job instance at 0x7fc245b5a5f0>,65,2,[14  3],66,-1,267,-1,265
1,<environment.Job instance at 0x7fc245b5a4b0>,66,19,[ 3 14],67,-1,284,-1,265
1,<environment.Job instance at 0x7fc245b5a140>,67,2,[14  5],68,-1,267,-1,265
1,<environment.Job instance at 0x7fc245b5a280>,70,12,[12  4],71,-1,309,-1,297
1,<environment.Job instance at 0x7fc245b668c0>,71,22,[6 1],72,-1,319,-1,297
1,<environment.Job instance at 0x7fc245b66a00>,73,21,[5 1],74,-1,319,-1,298
1,<environment.Job instance at 0x7fc245b66460>,78,27,[ 3 13],79,-1,369,-1,342
1,<environment.Job instance at 0x7fc245b66fa0>,79,20,[14  3],80,-1,362,-1,342
1,<environment.Job instance at 0x7fc245b66320>,80,3,[5 4],81,-1,345,-1,342
1,<environment.Job instance at 0x7fc245b66780>,81,14,[ 4 13],82,-1,356,-1,342
1,<environment.Job instance at 0x7fc245b66280>,82,1,[ 5 14],83,-1,343,-1,342
1,<environment.Job instance at 0x7fc245bd5aa0>,84,2,[10  1],85,-1,344,-1,342
1,<environment.Job instance at 0x7fc245bd55a0>,86,28,[14  3],87,-1,379,-1,351
1,<environment.Job instance at 0x7fc245bd5550>,87,24,[ 4 11],88,-1,375,-1,351
1,<environment.Job instance at 0x7fc245bd5050>,88,3,[11  1],89,-1,354,-1,351
1,<environment.Job instance at 0x7fc245bd57d0>,90,13,[9 1],91,-1,371,-1,358
1,<environment.Job instance at 0x7fc245bd52d0>,91,22,[ 1 10],92,-1,380,-1,358
1,<environment.Job instance at 0x7fc245b5d5f0>,93,24,[2 7],94,-1,382,-1,358
1,<environment.Job instance at 0x7fc245b5d960>,94,25,[5 5],95,-1,383,-1,358
1,<environment.Job instance at 0x7fc245b5daf0>,97,26,[7 1],98,-1,402,-1,376
1,<environment.Job instance at 0x7fc245b5d140>,98,18,[12  1],99,-1,394,-1,376
1,<environment.Job instance at 0x7fc23ba1b640>,27,22,[ 5 10],28,-1,828,-1,806
1,<environment.Job instance at 0x7fc23b9981e0>,5,24,[12  1],6,-1,1183,-1,1159
1,<environment.Job instance at 0x7fc23ba83aa0>,59,15,[5 7],60,-1,1253,-1,1238
1,<environment.Job instance at 0x7fc245b5aeb0>,3,1,[10  2],4,-1,6,-1,5
1,<environment.Job instance at 0x7fc245a95fa0>,8,22,[9 3],9,-1,60,-1,38
1,<environment.Job instance at 0x7fc245a95550>,14,1,[10  3],15,-1,44,-1,43
1,<environment.Job instance at 0x7fc245a951e0>,15,13,[7 1],16,-1,56,-1,43
1,<environment.Job instance at 0x7fc245a950a0>,16,20,[ 3 11],17,-1,63,-1,43
1,<environment.Job instance at 0x7fc245a954b0>,21,25,[5 1],22,-1,100,-1,75
1,<environment.Job instance at 0x7fc23c8a75f0>,24,18,[ 4 13],25,-1,94,-1,76
1,<environment.Job instance at 0x7fc23c8a7690>,26,15,[13  4],27,-1,108,-1,93
1,<environment.Job instance at 0x7fc23c8a7960>,28,24,[ 2 13],29,-1,131,-1,107
1,<environment.Job instance at 0x7fc23c8a7fa0>,29,3,[ 2 14],30,-1,110,-1,107
1,<environment.Job instance at 0x7fc23c8a78c0>,30,16,[ 5 13],31,-1,123,-1,107
1,<environment.Job instance at 0x7fc23c4ebcd0>,47,12,[ 3 11],48,-1,274,-1,262
1,<environment.Job instance at 0x7fc23c4ebc30>,50,24,[ 5 11],51,-1,305,-1,281
1,<environment.Job instance at 0x7fc23c4ebaa0>,53,16,[ 2 11],54,-1,313,-1,297
1,<environment.Job instance at 0x7fc23c4eba50>,55,15,[13  3],56,-1,313,-1,298
1,<environment.Job instance at 0x7fc23c4eb7d0>,56,12,[14  2],57,-1,310,-1,298
1,<environment.Job instance at 0x7fc23c4eb2d0>,57,12,[ 2 11],58,-1,310,-1,298
1,<environment.Job instance at 0x7fc23c074960>,59,15,[12  5],60,-1,326,-1,311
1,<environment.Job instance at 0x7fc23c074e60>,60,16,[ 3 12],61,-1,327,-1,311
1,<environment.Job instance at 0x7fc23c074230>,61,16,[ 3 12],62,-1,327,-1,311
1,<environment.Job instance at 0x7fc23c074d20>,65,26,[5 4],66,-1,359,-1,333
1,<environment.Job instance at 0x7fc23c074dc0>,66,3,[5 9],67,-1,336,-1,333
1,<environment.Job instance at 0x7fc23c0744b0>,68,12,[ 2 11],69,-1,347,-1,335
1,<environment.Job instance at 0x7fc23c074460>,70,26,[ 2 11],71,-1,372,-1,346
1,<environment.Job instance at 0x7fc23c074f50>,71,12,[12  1],72,-1,358,-1,346
1,<environment.Job instance at 0x7fc23c074190>,72,1,[ 2 10],73,-1,347,-1,346
1,<environment.Job instance at 0x7fc23c8a5b40>,76,24,[3 6],77,-1,391,-1,367
1,<environment.Job instance at 0x7fc23c8a52d0>,78,26,[7 4],79,-1,407,-1,381
1,<environment.Job instance at 0x7fc23c8a5a50>,80,27,[9 5],81,-1,408,-1,381
1,<environment.Job instance at 0x7fc23c8a5d70>,82,3,[9 2],83,-1,405,-1,402
1,<environment.Job instance at 0x7fc23c8a5eb0>,84,3,[10  4],85,-1,407,-1,404
1,<environment.Job instance at 0x7fc23c8a5370>,86,28,[ 3 14],87,-1,441,-1,413
1,<environment.Job instance at 0x7fc23c54f870>,93,27,[9 1],94,-1,492,-1,465
1,<environment.Job instance at 0x7fc23c54f910>,98,28,[3 6],99,-1,530,-1,502
1,<environment.Job instance at 0x7fc23c8a5640>,3,26,[12  3],4,-1,30,-1,4
1,<environment.Job instance at 0x7fc23c0e64b0>,5,17,[ 4 13],6,-1,23,-1,6
1,<environment.Job instance at 0x7fc23c0e4aa0>,13,18,[14  3],14,-1,49,-1,31
1,<environment.Job instance at 0x7fc23c0e48c0>,19,3,[3 5],20,-1,87,-1,84
1,<environment.Job instance at 0x7fc23c0e4f50>,22,23,[2 8],23,-1,179,-1,156
1,<environment.Job instance at 0x7fc23c1ecaa0>,31,1,[5 7],32,-1,157,-1,156
1,<environment.Job instance at 0x7fc23be6b730>,32,12,[10  3],33,-1,168,-1,156
1,<environment.Job instance at 0x7fc23be4f870>,33,28,[11  3],34,-1,184,-1,156
1,<environment.Job instance at 0x7fc23cf35fa0>,35,28,[ 4 10],36,-1,199,-1,171
1,<environment.Job instance at 0x7fc23c1e0910>,36,2,[5 3],37,-1,173,-1,171
1,<environment.Job instance at 0x7fc23c0f3960>,41,16,[ 5 13],42,-1,217,-1,201
1,<environment.Job instance at 0x7fc23c83b8c0>,43,24,[5 6],44,-1,225,-1,201
1,<environment.Job instance at 0x7fc23c83bb90>,44,2,[3 5],45,-1,203,-1,201
1,<environment.Job instance at 0x7fc23c83b320>,46,14,[ 3 14],47,-1,232,-1,218
1,<environment.Job instance at 0x7fc23cf0bc80>,47,24,[3 9],48,-1,242,-1,218
1,<environment.Job instance at 0x7fc23be37f00>,50,12,[ 2 12],51,-1,245,-1,233
1,<environment.Job instance at 0x7fc23cf11a50>,52,12,[ 2 11],53,-1,246,-1,234
1,<environment.Job instance at 0x7fc23cf11a00>,53,27,[ 3 14],54,-1,261,-1,234
1,<environment.Job instance at 0x7fc23cf11870>,56,28,[5 2],57,-1,276,-1,248
1,<environment.Job instance at 0x7fc23cf11c80>,57,28,[13  5],58,-1,276,-1,248
1,<environment.Job instance at 0x7fc23cf20140>,64,12,[ 1 10],65,-1,308,-1,296
1,<environment.Job instance at 0x7fc23cf20870>,68,2,[7 2],69,-1,332,-1,330
1,<environment.Job instance at 0x7fc23cf207d0>,71,25,[7 3],72,-1,362,-1,337
1,<environment.Job instance at 0x7fc23c83a500>,73,27,[ 5 13],74,-1,377,-1,350
1,<environment.Job instance at 0x7fc23c83a5a0>,74,13,[14  5],75,-1,363,-1,350
1,<environment.Job instance at 0x7fc23c83a640>,75,12,[ 4 13],76,-1,362,-1,350
1,<environment.Job instance at 0x7fc23c83a410>,77,14,[ 3 12],78,-1,372,-1,358
1,<environment.Job instance at 0x7fc23c83a870>,78,23,[7 3],79,-1,382,-1,359
1,<environment.Job instance at 0x7fc23c83a7d0>,79,27,[5 8],80,-1,386,-1,359
1,<environment.Job instance at 0x7fc23c83aaf0>,83,23,[10  3],84,-1,406,-1,383
1,<environment.Job instance at 0x7fc23c83ac30>,84,24,[4 8],85,-1,407,-1,383
1,<environment.Job instance at 0x7fc23c83ab90>,85,26,[14  5],86,-1,409,-1,383
1,<environment.Job instance at 0x7fc23c83acd0>,86,1,[8 1],87,-1,384,-1,383
1,<environment.Job instance at 0x7fc23c83ae10>,88,2,[7 2],89,-1,388,-1,386
1,<environment.Job instance at 0x7fc23c83af00>,89,1,[1 5],90,-1,387,-1,386
1,<environment.Job instance at 0x7fc23c83af50>,90,1,[1 6],91,-1,387,-1,386
1,<environment.Job instance at 0x7fc23c0eb050>,92,28,[12  4],93,-1,433,-1,405
1,<environment.Job instance at 0x7fc23c0eb0f0>,93,1,[11  1],94,-1,406,-1,405
1,<environment.Job instance at 0x7fc23c0eb370>,96,2,[4 9],97,-1,416,-1,414
1,<environment.Job instance at 0x7fc23c0eb460>,97,28,[7 5],98,-1,442,-1,414
1,<environment.Job instance at 0x7fc23be185f0>,3,24,[1 9],4,-1,28,-1,4
1,<environment.Job instance at 0x7fc23be18cd0>,4,25,[ 3 10],5,-1,30,-1,5
1,<environment.Job instance at 0x7fc23be18b40>,7,17,[13  5],8,-1,26,-1,9
1,<environment.Job instance at 0x7fc23be17500>,9,18,[11  5],10,-1,45,-1,27
1,<environment.Job instance at 0x7fc23be177d0>,15,21,[ 5 13],16,-1,52,-1,31
1,<environment.Job instance at 0x7fc23be17960>,18,17,[13  2],19,-1,61,-1,44
1,<environment.Job instance at 0x7fc23be17d20>,19,22,[12  5],20,-1,66,-1,44
1,<environment.Job instance at 0x7fc23be17e10>,20,23,[7 1],21,-1,67,-1,44
1,<environment.Job instance at 0x7fc23be17870>,22,2,[2 5],23,-1,61,-1,59
1,<environment.Job instance at 0x7fc23be17fa0>,24,12,[ 2 13],25,-1,87,-1,75
1,<environment.Job instance at 0x7fc23be17820>,25,1,[4 9],26,-1,76,-1,75
1,<environment.Job instance at 0x7fc23be683c0>,27,24,[10  2],28,-1,99,-1,75
1,<environment.Job instance at 0x7fc23be17c80>,28,14,[ 5 14],29,-1,89,-1,75
1,<environment.Job instance at 0x7fc23be68a00>,29,12,[10  1],30,-1,106,-1,94
1,<environment.Job instance at 0x7fc23be68820>,32,25,[11  2],33,-1,119,-1,94
1,<environment.Job instance at 0x7fc23be68f50>,33,15,[ 3 12],34,-1,109,-1,94
1,<environment.Job instance at 0x7fc23be825f0>,47,12,[14  4],48,-1,254,-1,242
1,<environment.Job instance at 0x7fc23be82be0>,48,12,[ 1 13],49,-1,254,-1,242
1,<environment.Job instance at 0x7fc23be824b0>,50,28,[9 5],51,-1,284,-1,256
1,<environment.Job instance at 0x7fc23be82500>,64,3,[1 6],65,-1,427,-1,424
1,<environment.Job instance at 0x7fc23be827d0>,65,25,[4 9],66,-1,449,-1,424
1,<environment.Job instance at 0x7fc23caaeaf0>,66,18,[ 1 12],67,-1,442,-1,424
1,<environment.Job instance at 0x7fc23caae6e0>,68,12,[6 1],69,-1,443,-1,431
1,<environment.Job instance at 0x7fc23caae3c0>,69,13,[ 3 10],70,-1,444,-1,431
1,<environment.Job instance at 0x7fc23caaec80>,70,3,[5 1],71,-1,434,-1,431
1,<environment.Job instance at 0x7fc23caae730>,71,13,[11  4],72,-1,444,-1,431
1,<environment.Job instance at 0x7fc23caae4b0>,74,17,[14  3],75,-1,457,-1,440
1,<environment.Job instance at 0x7fc23caaef50>,75,28,[5 5],76,-1,468,-1,440
1,<environment.Job instance at 0x7fc23caae690>,76,19,[ 1 12],77,-1,459,-1,440
1,<environment.Job instance at 0x7fc23caae320>,77,24,[10  2],78,-1,464,-1,440
1,<environment.Job instance at 0x7fc23caae550>,78,2,[ 4 13],79,-1,442,-1,440
1,<environment.Job instance at 0x7fc23be181e0>,3,18,[14  1],4,-1,22,-1,4
1,<environment.Job instance at 0x7fc23bfcdbe0>,6,15,[ 5 11],7,-1,23,-1,8
1,<environment.Job instance at 0x7fc23bb1f140>,11,28,[ 3 12],12,-1,45,-1,17
1,<environment.Job instance at 0x7fc23bb1f870>,14,16,[ 1 14],15,-1,65,-1,49
1,<environment.Job instance at 0x7fc23bb1f320>,10,22,[1 8],11,-1,111,-1,89
1,<environment.Job instance at 0x7fc23be16d20>,34,13,[12  5],35,-1,158,-1,145
1,<environment.Job instance at 0x7fc23bfda5a0>,35,13,[ 5 10],36,-1,158,-1,145
1,<environment.Job instance at 0x7fc23c8891e0>,38,15,[ 5 10],39,-1,172,-1,157
1,<environment.Job instance at 0x7fc23bb3e280>,39,2,[8 4],40,-1,159,-1,157
1,<environment.Job instance at 0x7fc23bb4e550>,44,15,[ 5 12],45,-1,190,-1,175
1,<environment.Job instance at 0x7fc23bb4e370>,45,2,[2 9],46,-1,177,-1,175
1,<environment.Job instance at 0x7fc23bb4e5f0>,46,2,[13  3],47,-1,177,-1,175
1,<environment.Job instance at 0x7fc23bb14af0>,47,1,[8 1],48,-1,176,-1,175
1,<environment.Job instance at 0x7fc23bb4ed70>,48,15,[13  3],49,-1,190,-1,175
1,<environment.Job instance at 0x7fc23bb49410>,53,23,[6 5],54,-1,229,-1,206
1,<environment.Job instance at 0x7fc23bb49b40>,55,2,[ 5 13],56,-1,209,-1,207
1,<environment.Job instance at 0x7fc23bb49eb0>,56,27,[4 6],57,-1,234,-1,207
1,<environment.Job instance at 0x7fc23bb49dc0>,57,1,[4 9],58,-1,208,-1,207
1,<environment.Job instance at 0x7fc23bb49d70>,60,22,[ 3 12],61,-1,240,-1,218
1,<environment.Job instance at 0x7fc23bb49f50>,62,22,[9 1],63,-1,260,-1,238
1,<environment.Job instance at 0x7fc23bfeb0a0>,63,17,[ 2 12],64,-1,255,-1,238
1,<environment.Job instance at 0x7fc23bfebf50>,65,15,[10  1],66,-1,256,-1,241
1,<environment.Job instance at 0x7fc23bb23640>,70,13,[ 2 10],71,-1,276,-1,263
1,<environment.Job instance at 0x7fc23bb234b0>,72,16,[11  3],73,-1,299,-1,283
1,<environment.Job instance at 0x7fc23bb23500>,76,16,[14  5],77,-1,324,-1,308
1,<environment.Job instance at 0x7fc23c879500>,80,13,[ 4 10],81,-1,348,-1,335
1,<environment.Job instance at 0x7fc23c879690>,82,2,[9 1],83,-1,345,-1,343
1,<environment.Job instance at 0x7fc23c8798c0>,85,14,[ 1 14],86,-1,371,-1,357
1,<environment.Job instance at 0x7fc23c8799b0>,87,22,[12  2],88,-1,379,-1,357
1,<environment.Job instance at 0x7fc23c879a50>,88,26,[ 2 10],89,-1,383,-1,357
1,<environment.Job instance at 0x7fc23c879c30>,89,14,[12  5],90,-1,371,-1,357
1,<environment.Job instance at 0x7fc23c879d20>,92,3,[1 9],93,-1,374,-1,371
1,<environment.Job instance at 0x7fc23c879dc0>,93,24,[9 3],94,-1,395,-1,371
1,<environment.Job instance at 0x7fc23c879e60>,94,23,[13  5],95,-1,394,-1,371
1,<environment.Job instance at 0x7fc23c879f00>,95,22,[ 4 10],96,-1,393,-1,371
1,<environment.Job instance at 0x7fc23c879af0>,97,2,[12  3],98,-1,383,-1,381
1,<environment.Job instance at 0x7fc23c87b140>,98,25,[3 6],99,-1,406,-1,381
1,<environment.Job instance at 0x7fc23c42d690>,3,18,[ 5 12],4,-1,22,-1,4
1,<environment.Job instance at 0x7fc23c42daa0>,4,2,[ 2 13],5,-1,7,-1,5
1,<environment.Job instance at 0x7fc23c42d370>,5,26,[ 3 14],6,-1,32,-1,6
1,<environment.Job instance at 0x7fc23c42de10>,12,18,[ 4 12],13,-1,49,-1,31
1,<environment.Job instance at 0x7fc23bc6eb40>,17,15,[ 1 10],18,-1,100,-1,85
1,<environment.Job instance at 0x7fc23bc6e410>,25,15,[14  2],26,-1,100,-1,85
1,<environment.Job instance at 0x7fc23bc6e780>,33,27,[10  3],34,-1,164,-1,137
1,<environment.Job instance at 0x7fc23bc6eeb0>,35,28,[1 7],36,-1,165,-1,137
1,<environment.Job instance at 0x7fc23bc56d70>,36,25,[6 4],37,-1,162,-1,137
1,<environment.Job instance at 0x7fc23bc567d0>,37,17,[ 2 10],38,-1,154,-1,137
1,<environment.Job instance at 0x7fc23bc56370>,39,12,[9 1],40,-1,153,-1,141
1,<environment.Job instance at 0x7fc23bc56460>,40,26,[3 6],41,-1,167,-1,141
1,<environment.Job instance at 0x7fc23bc569b0>,41,13,[4 7],42,-1,155,-1,142
1,<environment.Job instance at 0x7fc23bc56190>,42,21,[ 1 12],43,-1,163,-1,142
1,<environment.Job instance at 0x7fc23bc568c0>,47,17,[ 2 11],48,-1,217,-1,200
1,<environment.Job instance at 0x7fc23bc56960>,51,21,[7 5],52,-1,251,-1,230
1,<environment.Job instance at 0x7fc23c544190>,53,14,[ 1 13],54,-1,244,-1,230
1,<environment.Job instance at 0x7fc23c544eb0>,54,23,[9 4],55,-1,253,-1,230
1,<environment.Job instance at 0x7fc23c544c80>,55,28,[8 5],56,-1,258,-1,230
1,<environment.Job instance at 0x7fc23c26bdc0>,82,3,[2 6],83,-1,436,-1,433
1,<environment.Job instance at 0x7fc23c26beb0>,86,26,[9 2],87,-1,495,-1,469
1,<environment.Job instance at 0x7fc23c26b8c0>,87,12,[ 5 10],88,-1,482,-1,470
1,<environment.Job instance at 0x7fc23c26b690>,88,20,[ 1 13],89,-1,490,-1,470
1,<environment.Job instance at 0x7fc23c26bb90>,92,23,[ 3 10],93,-1,509,-1,486
1,<environment.Job instance at 0x7fc23c26b5f0>,94,25,[1 6],95,-1,525,-1,500
1,<environment.Job instance at 0x7fc23cc4e6e0>,96,24,[1 9],97,-1,535,-1,511
1,<environment.Job instance at 0x7fc23b819410>,4,19,[ 5 13],5,-1,24,-1,5
1,<environment.Job instance at 0x7fc23b819780>,6,25,[3 9],7,-1,32,-1,7
1,<environment.Job instance at 0x7fc23b819370>,12,13,[ 3 10],13,-1,28,-1,15
1,<environment.Job instance at 0x7fc23b819190>,13,18,[1 5],14,-1,39,-1,21
1,<environment.Job instance at 0x7fc23b819c30>,20,1,[5 8],21,-1,67,-1,66
1,<environment.Job instance at 0x7fc23b819d70>,22,2,[9 3],23,-1,68,-1,66
1,<environment.Job instance at 0x7fc23b7d7eb0>,25,23,[9 4],26,-1,105,-1,82
1,<environment.Job instance at 0x7fc23b7d77d0>,26,21,[8 2],27,-1,118,-1,97
1,<environment.Job instance at 0x7fc23b7d73c0>,27,21,[ 5 13],28,-1,118,-1,97
1,<environment.Job instance at 0x7fc23b7d7af0>,28,1,[10  1],29,-1,98,-1,97
1,<environment.Job instance at 0x7fc23b7d7b40>,29,17,[11  2],30,-1,114,-1,97
1,<environment.Job instance at 0x7fc23b7d7b90>,31,2,[5 9],32,-1,100,-1,98
1,<environment.Job instance at 0x7fc23b7d7320>,32,28,[10  3],33,-1,126,-1,98
1,<environment.Job instance at 0x7fc23b7d7dc0>,33,28,[10  4],34,-1,126,-1,98
1,<environment.Job instance at 0x7fc23b7d7500>,34,14,[5 1],35,-1,112,-1,98
1,<environment.Job instance at 0x7fc23b7d7190>,35,25,[5 7],36,-1,123,-1,98
1,<environment.Job instance at 0x7fc23b7d7460>,36,16,[13  3],37,-1,114,-1,98
1,<environment.Job instance at 0x7fc23b7d7820>,39,14,[9 1],40,-1,149,-1,135
1,<environment.Job instance at 0x7fc23b7d7280>,43,18,[ 1 14],44,-1,153,-1,135
1,<environment.Job instance at 0x7fc23b87ab40>,46,16,[12  2],47,-1,165,-1,149
1,<environment.Job instance at 0x7fc23b87af50>,47,12,[11  2],48,-1,161,-1,149
1,<environment.Job instance at 0x7fc23b87a9b0>,50,21,[11  1],51,-1,186,-1,165
1,<environment.Job instance at 0x7fc23b87ac80>,51,1,[ 5 10],52,-1,166,-1,165
1,<environment.Job instance at 0x7fc23b87ad70>,52,24,[8 3],53,-1,189,-1,165
1,<environment.Job instance at 0x7fc23b87a140>,53,14,[11  2],54,-1,179,-1,165
1,<environment.Job instance at 0x7fc23b87a690>,54,23,[ 5 10],55,-1,188,-1,165
1,<environment.Job instance at 0x7fc23b87acd0>,55,25,[ 2 14],56,-1,190,-1,165
1,<environment.Job instance at 0x7fc23b87a780>,56,12,[ 3 13],57,-1,177,-1,165
1,<environment.Job instance at 0x7fc23b87a8c0>,60,12,[2 8],61,-1,211,-1,199
1,<environment.Job instance at 0x7fc23b87aa00>,61,14,[ 1 10],62,-1,213,-1,199
1,<environment.Job instance at 0x7fc23c0940f0>,67,13,[12  3],68,-1,233,-1,220
1,<environment.Job instance at 0x7fc23c0946e0>,71,24,[14  3],72,-1,271,-1,247
1,<environment.Job instance at 0x7fc23c094a00>,72,25,[ 5 10],73,-1,272,-1,247
1,<environment.Job instance at 0x7fc23c094640>,73,16,[ 3 12],74,-1,263,-1,247
1,<environment.Job instance at 0x7fc23c094c30>,76,14,[10  1],77,-1,279,-1,265
1,<environment.Job instance at 0x7fc23c9d7f50>,80,18,[ 5 12],81,-1,297,-1,279
1,<environment.Job instance at 0x7fc23bc5a5f0>,84,12,[ 4 10],85,-1,304,-1,292
1,<environment.Job instance at 0x7fc23bc5a410>,85,21,[10  5],86,-1,326,-1,305
1,<environment.Job instance at 0x7fc23bc5a3c0>,88,14,[5 9],89,-1,319,-1,305
1,<environment.Job instance at 0x7fc23bc5a7d0>,89,23,[7 1],90,-1,328,-1,305
1,<environment.Job instance at 0x7fc23ce9bb40>,90,14,[12  4],91,-1,319,-1,305
1,<environment.Job instance at 0x7fc23cbec0f0>,91,18,[ 5 10],92,-1,323,-1,305
1,<environment.Job instance at 0x7fc23b85ad20>,92,25,[6 3],93,-1,330,-1,305
1,<environment.Job instance at 0x7fc23b85a910>,93,23,[7 4],94,-1,328,-1,305
1,<environment.Job instance at 0x7fc23b85acd0>,94,13,[8 2],95,-1,318,-1,305
1,<environment.Job instance at 0x7fc23b834fa0>,95,12,[13  4],96,-1,317,-1,305
1,<environment.Job instance at 0x7fc23b834690>,96,28,[5 4],97,-1,333,-1,305
1,<environment.Job instance at 0x7fc245a95f00>,97,2,[3 8],98,-1,307,-1,305
1,<environment.Job instance at 0x7fc23c053f00>,98,27,[6 3],99,-1,332,-1,305
1,<environment.Job instance at 0x7fc23bc5ab40>,87,26,[5 5],88,-1,341,-1,315
1,<environment.Job instance at 0x7fc23b7d79b0>,42,28,[3 8],43,-1,343,-1,315
1,<environment.Job instance at 0x7fc23bd1a140>,1,2,[ 2 12],2,-1,4,-1,2
1,<environment.Job instance at 0x7fc23b8196e0>,2,28,[7 1],3,-1,31,-1,3
1,<environment.Job instance at 0x7fc23bd1abe0>,3,18,[ 3 14],4,-1,22,-1,4
1,<environment.Job instance at 0x7fc23c89faa0>,5,16,[ 1 14],6,-1,22,-1,6
1,<environment.Job instance at 0x7fc23c89f4b0>,6,26,[3 8],7,-1,33,-1,7
1,<environment.Job instance at 0x7fc23c89f140>,7,26,[10  5],8,-1,34,-1,8
1,<environment.Job instance at 0x7fc23c89f9b0>,10,24,[1 6],11,-1,35,-1,11
1,<environment.Job instance at 0x7fc23b819af0>,12,24,[5 8],13,-1,39,-1,15
1,<environment.Job instance at 0x7fc23c89fa00>,18,21,[ 5 14],19,-1,68,-1,47
1,<environment.Job instance at 0x7fc23c89f690>,19,21,[ 4 11],20,-1,68,-1,47
1,<environment.Job instance at 0x7fc23cf1fbe0>,27,24,[6 2],28,-1,128,-1,104
1,<environment.Job instance at 0x7fc23cf1f410>,29,25,[8 3],30,-1,129,-1,104
1,<environment.Job instance at 0x7fc23cf1f780>,30,15,[11  1],31,-1,119,-1,104
1,<environment.Job instance at 0x7fc23cf1f230>,32,1,[7 4],33,-1,118,-1,117
1,<environment.Job instance at 0x7fc23cf1fc80>,37,20,[ 5 13],38,-1,166,-1,146
1,<environment.Job instance at 0x7fc2455b9d70>,41,27,[6 4],42,-1,194,-1,167
1,<environment.Job instance at 0x7fc2455b9730>,42,25,[6 1],43,-1,192,-1,167
1,<environment.Job instance at 0x7fc2455b9a50>,43,23,[5 5],44,-1,190,-1,167
1,<environment.Job instance at 0x7fc2455b9640>,44,28,[8 5],45,-1,195,-1,167
1,<environment.Job instance at 0x7fc2455b9230>,45,12,[13  5],46,-1,179,-1,167
1,<environment.Job instance at 0x7fc2455b9050>,47,23,[10  2],48,-1,190,-1,167
1,<environment.Job instance at 0x7fc2455b9820>,55,25,[5 3],56,-1,269,-1,244
1,<environment.Job instance at 0x7fc2455b95a0>,57,2,[5 7],58,-1,260,-1,258
1,<environment.Job instance at 0x7fc2455b9320>,60,27,[ 2 10],61,-1,314,-1,287
1,<environment.Job instance at 0x7fc2455b99b0>,61,16,[ 1 12],62,-1,303,-1,287
1,<environment.Job instance at 0x7fc2455b9a00>,62,15,[13  4],63,-1,302,-1,287
1,<environment.Job instance at 0x7fc23cc779b0>,63,2,[ 1 13],64,-1,289,-1,287
1,<environment.Job instance at 0x7fc23cc774b0>,65,28,[ 2 14],66,-1,332,-1,304
1,<environment.Job instance at 0x7fc23cc772d0>,66,28,[5 1],67,-1,332,-1,304
1,<environment.Job instance at 0x7fc23cc778c0>,69,21,[ 1 11],70,-1,331,-1,310
1,<environment.Job instance at 0x7fc23cc775a0>,79,27,[ 4 13],80,-1,420,-1,393
1,<environment.Job instance at 0x7fc245639fa0>,80,15,[14  1],81,-1,408,-1,393
1,<environment.Job instance at 0x7fc2455b01e0>,84,26,[ 4 10],85,-1,454,-1,428
1,<environment.Job instance at 0x7fc2455b0140>,88,25,[5 5],89,-1,470,-1,445
1,<environment.Job instance at 0x7fc2455b0aa0>,89,26,[2 9],90,-1,471,-1,445
1,<environment.Job instance at 0x7fc2455b0820>,92,27,[10  3],93,-1,482,-1,455
1,<environment.Job instance at 0x7fc2455b00a0>,94,18,[ 2 12],95,-1,473,-1,455
1,<environment.Job instance at 0x7fc2455b0c30>,95,22,[ 2 11],96,-1,477,-1,455
1,<environment.Job instance at 0x7fc2455b0b40>,96,23,[8 4],97,-1,501,-1,478
1,<environment.Job instance at 0x7fc23bd19370>,5,27,[ 2 10],6,-1,33,-1,6
1,<environment.Job instance at 0x7fc23bd19820>,7,1,[11  5],8,-1,10,-1,9
1,<environment.Job instance at 0x7fc23bd19410>,12,2,[ 5 13],13,-1,15,-1,13
1,<environment.Job instance at 0x7fc23bd19230>,15,13,[ 5 13],16,-1,52,-1,39
1,<environment.Job instance at 0x7fc23bd19190>,22,28,[ 2 10],23,-1,104,-1,76
1,<environment.Job instance at 0x7fc23c30ef00>,23,15,[5 5],24,-1,96,-1,81
1,<environment.Job instance at 0x7fc23c30ea00>,24,16,[ 2 10],25,-1,97,-1,81
1,<environment.Job instance at 0x7fc23c30eaf0>,25,21,[ 3 14],26,-1,102,-1,81
1,<environment.Job instance at 0x7fc23c30e2d0>,26,21,[ 2 10],27,-1,102,-1,81
1,<environment.Job instance at 0x7fc23c30e870>,29,21,[13  5],30,-1,126,-1,105
1,<environment.Job instance at 0x7fc23c30ec80>,31,3,[9 4],32,-1,127,-1,124
1,<environment.Job instance at 0x7fc23c30e550>,32,2,[7 5],33,-1,126,-1,124
1,<environment.Job instance at 0x7fc23c30efa0>,33,14,[11  4],34,-1,138,-1,124
1,<environment.Job instance at 0x7fc23c30e9b0>,34,12,[10  1],35,-1,136,-1,124
1,<environment.Job instance at 0x7fc23c30e460>,36,19,[ 5 14],37,-1,143,-1,124
1,<environment.Job instance at 0x7fc23c30e410>,37,12,[10  1],38,-1,136,-1,124
1,<environment.Job instance at 0x7fc23c30e0a0>,39,2,[ 4 14],40,-1,143,-1,141
1,<environment.Job instance at 0x7fc23c30ea50>,40,18,[14  4],41,-1,159,-1,141
1,<environment.Job instance at 0x7fc23c30e6e0>,41,18,[ 3 11],42,-1,159,-1,141
1,<environment.Job instance at 0x7fc23c30ed20>,42,12,[ 1 10],43,-1,153,-1,141
1,<environment.Job instance at 0x7fc23c30eaa0>,43,26,[ 2 11],44,-1,167,-1,141
1,<environment.Job instance at 0x7fc23c30ebe0>,44,13,[13  4],45,-1,154,-1,141
1,<environment.Job instance at 0x7fc23c57fb40>,47,13,[12  4],48,-1,166,-1,153
1,<environment.Job instance at 0x7fc23c57f230>,48,17,[ 5 13],49,-1,170,-1,153
1,<environment.Job instance at 0x7fc23c57faf0>,49,16,[ 5 14],50,-1,169,-1,153
1,<environment.Job instance at 0x7fc23c57f4b0>,50,25,[5 8],51,-1,178,-1,153
1,<environment.Job instance at 0x7fc23c57f050>,52,17,[ 2 14],53,-1,170,-1,153
1,<environment.Job instance at 0x7fc23c57ff50>,53,18,[11  3],54,-1,171,-1,153
1,<environment.Job instance at 0x7fc23c7b10f0>,58,24,[11  3],59,-1,205,-1,181
1,<environment.Job instance at 0x7fc23c7b1be0>,59,15,[ 5 12],60,-1,196,-1,181
1,<environment.Job instance at 0x7fc23c7b18c0>,60,26,[ 1 12],61,-1,207,-1,181
1,<environment.Job instance at 0x7fc23c7b1b90>,62,25,[1 8],63,-1,209,-1,184
1,<environment.Job instance at 0x7fc23c7b1e60>,63,27,[ 3 12],64,-1,211,-1,184
1,<environment.Job instance at 0x7fc23c7b1a50>,65,13,[12  4],66,-1,207,-1,194
1,<environment.Job instance at 0x7fc23c7b1640>,67,28,[11  4],68,-1,233,-1,205
1,<environment.Job instance at 0x7fc23c7b1370>,68,26,[5 7],69,-1,231,-1,205
1,<environment.Job instance at 0x7fc23c7b1eb0>,69,2,[5 1],70,-1,207,-1,205
1,<environment.Job instance at 0x7fc23bbc2690>,70,16,[11  2],71,-1,221,-1,205
1,<environment.Job instance at 0x7fc23bbc2c80>,72,13,[13  2],73,-1,236,-1,223
1,<environment.Job instance at 0x7fc23bbc23c0>,74,15,[ 5 12],75,-1,258,-1,243
1,<environment.Job instance at 0x7fc245597b90>,85,15,[12  2],86,-1,352,-1,337
1,<environment.Job instance at 0x7fc2455979b0>,87,1,[4 5],88,-1,338,-1,337
1,<environment.Job instance at 0x7fc245597af0>,89,15,[ 3 13],90,-1,373,-1,358
1,<environment.Job instance at 0x7fc245597190>,90,21,[9 1],91,-1,387,-1,366
1,<environment.Job instance at 0x7fc245597960>,93,13,[ 5 11],94,-1,379,-1,366
1,<environment.Job instance at 0x7fc245597230>,95,24,[8 4],96,-1,397,-1,373
1,<environment.Job instance at 0x7fc245597fa0>,96,12,[8 1],97,-1,385,-1,373
1,<environment.Job instance at 0x7fc23c87b6e0>,97,14,[10  2],98,-1,389,-1,375
1,<environment.Job instance at 0x7fc23c87b5a0>,98,22,[5 5],99,-1,397,-1,375
1,<environment.Job instance at 0x7fc23c9865a0>,2,3,[ 5 14],3,-1,6,-1,3
1,<environment.Job instance at 0x7fc23c986960>,15,22,[5 8],16,-1,98,-1,76
1,<environment.Job instance at 0x7fc23c9862d0>,17,14,[14  4],18,-1,90,-1,76
1,<environment.Job instance at 0x7fc245bd3be0>,18,3,[4 8],19,-1,79,-1,76
1,<environment.Job instance at 0x7fc245bd34b0>,19,17,[7 1],20,-1,96,-1,79
1,<environment.Job instance at 0x7fc23b8af640>,23,13,[4 5],24,-1,109,-1,96
1,<environment.Job instance at 0x7fc23b8afa00>,24,23,[2 6],25,-1,119,-1,96
1,<environment.Job instance at 0x7fc23b8af5f0>,25,15,[ 3 13],26,-1,111,-1,96
1,<environment.Job instance at 0x7fc23b8af320>,29,13,[11  4],30,-1,140,-1,127
1,<environment.Job instance at 0x7fc23b8af960>,30,17,[ 3 12],31,-1,144,-1,127
1,<environment.Job instance at 0x7fc23b8afdc0>,31,2,[7 4],32,-1,129,-1,127
1,<environment.Job instance at 0x7fc23b8af8c0>,32,2,[4 6],33,-1,129,-1,127
1,<environment.Job instance at 0x7fc23b8af410>,33,2,[12  2],34,-1,129,-1,127
1,<environment.Job instance at 0x7fc23b8aff50>,34,17,[13  5],35,-1,144,-1,127
1,<environment.Job instance at 0x7fc23b8afe10>,37,15,[ 5 12],38,-1,158,-1,143
1,<environment.Job instance at 0x7fc23b8af140>,38,19,[ 4 10],39,-1,255,-1,236
1,<environment.Job instance at 0x7fc23c9e7780>,50,13,[13  5],51,-1,249,-1,236
1,<environment.Job instance at 0x7fc23c9e7910>,54,12,[2 7],55,-1,264,-1,252
1,<environment.Job instance at 0x7fc23c9e7690>,55,1,[ 1 13],56,-1,253,-1,252
1,<environment.Job instance at 0x7fc23c9e7a50>,56,26,[8 2],57,-1,278,-1,252
1,<environment.Job instance at 0x7fc23c9e7050>,57,26,[5 7],58,-1,278,-1,252
1,<environment.Job instance at 0x7fc23cade870>,59,26,[11  1],60,-1,281,-1,255
1,<environment.Job instance at 0x7fc23cadecd0>,60,12,[1 7],61,-1,270,-1,258
1,<environment.Job instance at 0x7fc23cade3c0>,62,13,[10  1],63,-1,275,-1,262
1,<environment.Job instance at 0x7fc23cade6e0>,65,18,[ 1 12],66,-1,296,-1,278
1,<environment.Job instance at 0x7fc23cade5a0>,66,15,[ 3 11],67,-1,293,-1,278
1,<environment.Job instance at 0x7fc23cadeb40>,67,24,[1 5],68,-1,302,-1,278
1,<environment.Job instance at 0x7fc23cade410>,68,23,[6 3],69,-1,301,-1,278
1,<environment.Job instance at 0x7fc23cade7d0>,69,16,[ 2 13],70,-1,294,-1,278
1,<environment.Job instance at 0x7fc23cade780>,70,21,[ 4 13],71,-1,299,-1,278
1,<environment.Job instance at 0x7fc23cadeaf0>,72,14,[ 2 10],73,-1,310,-1,296
1,<environment.Job instance at 0x7fc23cade280>,73,27,[13  3],74,-1,323,-1,296
1,<environment.Job instance at 0x7fc23cade0a0>,74,24,[3 9],75,-1,320,-1,296
1,<environment.Job instance at 0x7fc23cade190>,75,2,[5 7],76,-1,298,-1,296
1,<environment.Job instance at 0x7fc23cade1e0>,76,23,[14  1],77,-1,319,-1,296
1,<environment.Job instance at 0x7fc23cadedc0>,77,27,[11  2],78,-1,323,-1,296
1,<environment.Job instance at 0x7fc23cade4b0>,78,14,[9 1],79,-1,321,-1,307
1,<environment.Job instance at 0x7fc23cade460>,79,12,[10  4],80,-1,319,-1,307
1,<environment.Job instance at 0x7fc23b7d83c0>,80,22,[ 3 14],81,-1,329,-1,307
1,<environment.Job instance at 0x7fc23b7d85a0>,81,15,[13  2],82,-1,322,-1,307
1,<environment.Job instance at 0x7fc23b7d8eb0>,82,16,[11  3],83,-1,323,-1,307
1,<environment.Job instance at 0x7fc23bd4e500>,83,15,[ 1 10],84,-1,322,-1,307
1,<environment.Job instance at 0x7fc23cf2b640>,86,16,[13  2],87,-1,328,-1,312
1,<environment.Job instance at 0x7fc23cf2b5a0>,88,21,[9 4],89,-1,396,-1,375
1,<environment.Job instance at 0x7fc23c05a7d0>,93,27,[6 1],94,-1,402,-1,375
1,<environment.Job instance at 0x7fc23bad55a0>,94,14,[4 8],95,-1,389,-1,375
1,<environment.Job instance at 0x7fc23c8c25a0>,95,17,[ 5 11],96,-1,392,-1,375
1,<environment.Job instance at 0x7fc23c9e7a00>,48,20,[9 3],49,-1,395,-1,375
1,<environment.Job instance at 0x7fc23bd4b6e0>,96,12,[1 6],97,-1,4356,-1,4344
1,<environment.Job instance at 0x7fc23ca906e0>,97,19,[ 5 10],98,-1,7229,-1,7210
1,<environment.Job instance at 0x7fc23c05a690>,92,28,[13  5],93,-1,7242,-1,7214
1,<environment.Job instance at 0x7fc23c92f500>,3,3,[ 2 14],4,-1,7,-1,4
1,<environment.Job instance at 0x7fc23c92faf0>,5,19,[11  3],6,-1,26,-1,7
1,<environment.Job instance at 0x7fc23c92f1e0>,7,21,[12  1],8,-1,29,-1,8
1,<environment.Job instance at 0x7fc23c92f230>,8,18,[12  4],9,-1,27,-1,9
1,<environment.Job instance at 0x7fc23c92f7d0>,9,26,[1 9],10,-1,36,-1,10
1,<environment.Job instance at 0x7fc23c92fbe0>,10,3,[10  4],11,-1,14,-1,11
1,<environment.Job instance at 0x7fc23c92f370>,12,26,[13  5],13,-1,39,-1,13
1,<environment.Job instance at 0x7fc23c7f3320>,13,25,[13  3],14,-1,39,-1,14
1,<environment.Job instance at 0x7fc23c7f3dc0>,14,22,[ 5 10],15,-1,37,-1,15
1,<environment.Job instance at 0x7fc23c7f30f0>,15,13,[ 3 12],16,-1,29,-1,16
1,<environment.Job instance at 0x7fc23c7f37d0>,17,26,[3 8],18,-1,44,-1,18
1,<environment.Job instance at 0x7fc23c7f3b90>,18,16,[ 5 12],19,-1,35,-1,19
1,<environment.Job instance at 0x7fc23c7f3a50>,19,24,[13  4],20,-1,44,-1,20
1,<environment.Job instance at 0x7fc23c7f3870>,20,27,[8 2],21,-1,48,-1,21
1,<environment.Job instance at 0x7fc23c7f3280>,22,27,[4 5],23,-1,50,-1,23
1,<environment.Job instance at 0x7fc23c7f39b0>,23,16,[12  2],24,-1,40,-1,24
1,<environment.Job instance at 0x7fc23c7f3730>,28,26,[ 3 12],29,-1,66,-1,40
1,<environment.Job instance at 0x7fc23c7f3fa0>,29,26,[9 2],30,-1,66,-1,40
1,<environment.Job instance at 0x7fc23c7f3960>,30,12,[ 2 10],31,-1,58,-1,46
1,<environment.Job instance at 0x7fc23c7f3f50>,31,16,[13  4],32,-1,62,-1,46
1,<environment.Job instance at 0x7fc23c7f3d70>,32,28,[2 7],33,-1,74,-1,46
1,<environment.Job instance at 0x7fc23ca2e780>,35,17,[ 3 13],36,-1,73,-1,56
1,<environment.Job instance at 0x7fc23ca2e5a0>,36,28,[3 7],37,-1,84,-1,56
1,<environment.Job instance at 0x7fc23ca2ea00>,37,20,[11  2],38,-1,76,-1,56
1,<environment.Job instance at 0x7fc23ca2e4b0>,40,14,[ 4 10],41,-1,76,-1,62
1,<environment.Job instance at 0x7fc23ca2e550>,41,1,[5 5],42,-1,63,-1,62
1,<environment.Job instance at 0x7fc23ca2e5f0>,42,14,[ 5 13],43,-1,76,-1,62
1,<environment.Job instance at 0x7fc23ca2e320>,47,20,[11  4],48,-1,115,-1,95
1,<environment.Job instance at 0x7fc23ca29870>,48,27,[6 1],49,-1,122,-1,95
1,<environment.Job instance at 0x7fc23ca29e10>,54,27,[10  1],55,-1,169,-1,142
1,<environment.Job instance at 0x7fc23ca29780>,56,1,[10  5],57,-1,143,-1,142
1,<environment.Job instance at 0x7fc23ca28410>,62,25,[8 5],63,-1,215,-1,190
1,<environment.Job instance at 0x7fc23ca28870>,63,2,[14  3],64,-1,192,-1,190
1,<environment.Job instance at 0x7fc23ca28cd0>,64,24,[13  5],65,-1,214,-1,190
1,<environment.Job instance at 0x7fc23ca28f00>,66,14,[ 1 10],67,-1,207,-1,193
1,<environment.Job instance at 0x7fc23ca28280>,68,27,[ 3 10],69,-1,236,-1,209
1,<environment.Job instance at 0x7fc23ca281e0>,70,12,[14  1],71,-1,221,-1,209
1,<environment.Job instance at 0x7fc23ca28190>,72,13,[11  4],73,-1,236,-1,223
1,<environment.Job instance at 0x7fc23c9f67d0>,77,15,[ 4 13],78,-1,273,-1,258
1,<environment.Job instance at 0x7fc23c9f6190>,79,13,[11  4],80,-1,285,-1,272
1,<environment.Job instance at 0x7fc23c9f65f0>,89,2,[5 7],90,-1,357,-1,355
1,<environment.Job instance at 0x7fc23c9fc230>,91,14,[11  2],92,-1,369,-1,355
1,<environment.Job instance at 0x7fc23c9fc3c0>,92,23,[12  3],93,-1,378,-1,355
1,<environment.Job instance at 0x7fc23c9fc6e0>,93,28,[4 7],94,-1,383,-1,355
1,<environment.Job instance at 0x7fc23c9fc7d0>,96,16,[11  4],97,-1,385,-1,369
1,<environment.Job instance at 0x7fc23c9fce10>,97,24,[1 7],98,-1,394,-1,370
1,<environment.Job instance at 0x7fc24559ff00>,3,26,[1 9],4,-1,30,-1,4
1,<environment.Job instance at 0x7fc24559f410>,4,25,[5 4],5,-1,30,-1,5
1,<environment.Job instance at 0x7fc24559f4b0>,5,22,[ 2 10],6,-1,28,-1,6
1,<environment.Job instance at 0x7fc23bc40370>,15,18,[14  2],16,-1,46,-1,28
1,<environment.Job instance at 0x7fc23bc40dc0>,16,15,[14  3],17,-1,43,-1,28
1,<environment.Job instance at 0x7fc23bc40a50>,18,17,[12  2],19,-1,54,-1,37
1,<environment.Job instance at 0x7fc23bcd1870>,19,20,[ 5 12],20,-1,57,-1,37
1,<environment.Job instance at 0x7fc23bcd1960>,20,28,[ 5 11],21,-1,65,-1,37
1,<environment.Job instance at 0x7fc23c4643c0>,22,23,[5 9],23,-1,76,-1,53
1,<environment.Job instance at 0x7fc23c4641e0>,24,28,[14  5],25,-1,98,-1,70
1,<environment.Job instance at 0x7fc23bbfce10>,26,13,[12  1],27,-1,100,-1,87
1,<environment.Job instance at 0x7fc23bbfcfa0>,27,28,[ 5 11],28,-1,115,-1,87
1,<environment.Job instance at 0x7fc23bbfcc80>,28,2,[5 3],29,-1,89,-1,87
1,<environment.Job instance at 0x7fc245a4b140>,35,13,[ 4 14],36,-1,136,-1,123
1,<environment.Job instance at 0x7fc245a4b1e0>,39,3,[2 7],40,-1,145,-1,142
1,<environment.Job instance at 0x7fc23cf0c6e0>,40,15,[12  4],41,-1,157,-1,142
1,<environment.Job instance at 0x7fc23cf0c230>,41,21,[10  5],42,-1,174,-1,153
1,<environment.Job instance at 0x7fc23cf0c9b0>,42,16,[13  1],43,-1,169,-1,153
1,<environment.Job instance at 0x7fc23cf0c3c0>,44,16,[ 5 10],45,-1,172,-1,156
1,<environment.Job instance at 0x7fc23cf0caa0>,45,14,[13  2],46,-1,170,-1,156
1,<environment.Job instance at 0x7fc23cf0c780>,46,28,[ 1 14],47,-1,184,-1,156
1,<environment.Job instance at 0x7fc23cf0c410>,47,18,[ 2 14],48,-1,174,-1,156
1,<environment.Job instance at 0x7fc23cf0c8c0>,48,25,[ 4 10],49,-1,181,-1,156
1,<environment.Job instance at 0x7fc23cf0c0a0>,49,24,[11  5],50,-1,180,-1,156
1,<environment.Job instance at 0x7fc23cf0c550>,50,20,[4 8],51,-1,179,-1,159
1,<environment.Job instance at 0x7fc23cf0c460>,52,27,[2 9],53,-1,186,-1,159
1,<environment.Job instance at 0x7fc23cf0c280>,53,15,[2 6],54,-1,174,-1,159
1,<environment.Job instance at 0x7fc23cf0c500>,54,18,[ 5 10],55,-1,177,-1,159
1,<environment.Job instance at 0x7fc23cf0cd20>,55,18,[10  2],56,-1,177,-1,159
1,<environment.Job instance at 0x7fc23cf0c370>,56,13,[ 2 14],57,-1,172,-1,159
1,<environment.Job instance at 0x7fc23cf0cfa0>,57,23,[10  1],58,-1,182,-1,159
1,<environment.Job instance at 0x7fc23cf0c820>,58,22,[8 1],59,-1,181,-1,159
1,<environment.Job instance at 0x7fc23c0ff640>,59,14,[14  4],60,-1,173,-1,159
1,<environment.Job instance at 0x7fc23c0ff960>,60,13,[ 5 14],61,-1,172,-1,159
1,<environment.Job instance at 0x7fc23c0ffeb0>,61,27,[3 9],62,-1,186,-1,159
1,<environment.Job instance at 0x7fc23c0ff320>,62,28,[3 8],63,-1,187,-1,159
1,<environment.Job instance at 0x7fc23c0ff690>,63,23,[ 5 10],64,-1,182,-1,159
1,<environment.Job instance at 0x7fc23c0ff5f0>,64,17,[ 1 11],65,-1,176,-1,159
1,<environment.Job instance at 0x7fc23c0fff50>,65,12,[2 9],66,-1,171,-1,159
1,<environment.Job instance at 0x7fc23c0ff4b0>,66,1,[ 4 13],67,-1,160,-1,159
1,<environment.Job instance at 0x7fc23c0ffc30>,67,14,[ 5 13],68,-1,173,-1,159
1,<environment.Job instance at 0x7fc23c0ff050>,68,13,[10  3],69,-1,172,-1,159
1,<environment.Job instance at 0x7fc23c0ffa00>,69,1,[ 1 14],70,-1,160,-1,159
1,<environment.Job instance at 0x7fc23c0ffb40>,70,16,[11  4],71,-1,175,-1,159
1,<environment.Job instance at 0x7fc23c0ff780>,71,14,[1 7],72,-1,173,-1,159
1,<environment.Job instance at 0x7fc23c0ffcd0>,72,3,[8 2],73,-1,162,-1,159
1,<environment.Job instance at 0x7fc23c0fff00>,73,18,[1 9],74,-1,177,-1,159
1,<environment.Job instance at 0x7fc23c0ff3c0>,74,16,[13  2],75,-1,175,-1,159
1,<environment.Job instance at 0x7fc23c0ff730>,75,14,[ 2 13],76,-1,173,-1,159
1,<environment.Job instance at 0x7fc23c0ff0f0>,76,18,[13  1],77,-1,177,-1,159
1,<environment.Job instance at 0x7fc23c0ffe10>,77,21,[ 2 12],78,-1,180,-1,159
1,<environment.Job instance at 0x7fc23c0ff410>,79,26,[13  3],80,-1,203,-1,177
1,<environment.Job instance at 0x7fc23c0ff230>,80,24,[12  5],81,-1,201,-1,177
1,<environment.Job instance at 0x7fc23c0d45f0>,82,27,[7 3],83,-1,204,-1,177
1,<environment.Job instance at 0x7fc23c0d43c0>,83,15,[ 4 10],84,-1,200,-1,185
1,<environment.Job instance at 0x7fc23c0d4410>,84,12,[ 1 10],85,-1,197,-1,185
1,<environment.Job instance at 0x7fc23c0d4e60>,85,22,[7 1],86,-1,207,-1,185
1,<environment.Job instance at 0x7fc23c0d4a50>,86,21,[11  1],87,-1,206,-1,185
1,<environment.Job instance at 0x7fc23c0d4730>,91,3,[6 4],92,-1,228,-1,225
1,<environment.Job instance at 0x7fc23c0d47d0>,92,13,[ 1 12],93,-1,238,-1,225
1,<environment.Job instance at 0x7fc23cee5870>,5,25,[3 6],6,-1,32,-1,7
1,<environment.Job instance at 0x7fc23cee59b0>,7,16,[ 5 12],8,-1,24,-1,8
1,<environment.Job instance at 0x7fc23cee5410>,8,22,[8 3],9,-1,40,-1,18
1,<environment.Job instance at 0x7fc23cee2690>,14,13,[12  4],15,-1,31,-1,18
1,<environment.Job instance at 0x7fc23cee2b40>,16,23,[2 5],17,-1,52,-1,29
1,<environment.Job instance at 0x7fc23ceec550>,17,12,[7 2],18,-1,41,-1,29
1,<environment.Job instance at 0x7fc23ceeca50>,18,20,[6 1],19,-1,51,-1,31
1,<environment.Job instance at 0x7fc23ceec8c0>,19,14,[11  5],20,-1,45,-1,31
1,<environment.Job instance at 0x7fc23ceecbe0>,20,18,[ 4 12],21,-1,49,-1,31
1,<environment.Job instance at 0x7fc23ceecb40>,21,24,[ 3 11],22,-1,55,-1,31
1,<environment.Job instance at 0x7fc23ceec500>,22,15,[ 3 10],23,-1,46,-1,31
1,<environment.Job instance at 0x7fc23ceeceb0>,28,27,[12  3],29,-1,89,-1,62
1,<environment.Job instance at 0x7fc23ceece60>,29,19,[8 1],30,-1,81,-1,62
1,<environment.Job instance at 0x7fc23ceecfa0>,30,26,[ 4 11],31,-1,88,-1,62
1,<environment.Job instance at 0x7fc23ceec730>,31,13,[6 5],32,-1,75,-1,62
1,<environment.Job instance at 0x7fc23ceec960>,32,23,[1 6],33,-1,85,-1,62
1,<environment.Job instance at 0x7fc23cf04370>,33,24,[ 5 12],34,-1,86,-1,62
1,<environment.Job instance at 0x7fc23cf045a0>,34,2,[1 7],35,-1,64,-1,62
1,<environment.Job instance at 0x7fc23cf04e60>,35,3,[ 3 12],36,-1,65,-1,62
1,<environment.Job instance at 0x7fc23cf04190>,37,14,[14  5],38,-1,93,-1,79
1,<environment.Job instance at 0x7fc23cf04280>,38,14,[ 3 12],39,-1,93,-1,79
1,<environment.Job instance at 0x7fc23cf044b0>,40,19,[ 4 11],41,-1,98,-1,79
1,<environment.Job instance at 0x7fc240ffd4b0>,42,17,[11  4],43,-1,109,-1,92
1,<environment.Job instance at 0x7fc23b793500>,43,12,[10  3],44,-1,104,-1,92
1,<environment.Job instance at 0x7fc245b5fc80>,45,20,[ 4 10],46,-1,112,-1,92
1,<environment.Job instance at 0x7fc23cee89b0>,48,14,[ 4 10],49,-1,122,-1,108
1,<environment.Job instance at 0x7fc23cee8d70>,49,13,[ 1 11],50,-1,121,-1,108
1,<environment.Job instance at 0x7fc23cee8dc0>,50,14,[11  4],51,-1,122,-1,108
1,<environment.Job instance at 0x7fc23cee81e0>,51,24,[ 4 11],52,-1,132,-1,108
1,<environment.Job instance at 0x7fc23cee8a00>,52,24,[4 8],53,-1,132,-1,108
1,<environment.Job instance at 0x7fc23cbac780>,54,25,[5 4],55,-1,153,-1,128
1,<environment.Job instance at 0x7fc23cbacaf0>,55,2,[3 5],56,-1,130,-1,128
1,<environment.Job instance at 0x7fc23cba1a50>,58,1,[3 7],59,-1,134,-1,133
1,<environment.Job instance at 0x7fc23cba1be0>,59,26,[8 5],60,-1,159,-1,133
1,<environment.Job instance at 0x7fc23cba1e60>,62,18,[12  1],63,-1,167,-1,149
1,<environment.Job instance at 0x7fc23b7b0460>,63,14,[5 4],64,-1,163,-1,149
1,<environment.Job instance at 0x7fc23cb1d0a0>,64,15,[6 4],65,-1,164,-1,149
1,<environment.Job instance at 0x7fc23c8b43c0>,65,2,[7 5],66,-1,151,-1,149
1,<environment.Job instance at 0x7fc23c8b45a0>,66,17,[ 2 10],67,-1,166,-1,149
1,<environment.Job instance at 0x7fc23c602730>,67,23,[6 2],68,-1,172,-1,149
1,<environment.Job instance at 0x7fc23c602e60>,68,12,[11  4],69,-1,161,-1,149
1,<environment.Job instance at 0x7fc23c602370>,69,3,[ 1 12],70,-1,152,-1,149
1,<environment.Job instance at 0x7fc23bed0140>,70,14,[12  1],71,-1,163,-1,149
1,<environment.Job instance at 0x7fc23c1e94b0>,71,17,[1 6],72,-1,166,-1,149
1,<environment.Job instance at 0x7fc23c2bd2d0>,72,13,[9 4],73,-1,162,-1,149
1,<environment.Job instance at 0x7fc23caf3910>,73,13,[4 8],74,-1,162,-1,149
1,<environment.Job instance at 0x7fc23cd88c80>,74,14,[4 5],75,-1,163,-1,149
1,<environment.Job instance at 0x7fc23b7b9c30>,75,17,[ 1 11],76,-1,166,-1,149
1,<environment.Job instance at 0x7fc23c0f9050>,76,12,[3 6],77,-1,161,-1,149
1,<environment.Job instance at 0x7fc23c8615f0>,77,18,[12  5],78,-1,167,-1,149
1,<environment.Job instance at 0x7fc23b8c3e60>,78,20,[13  1],79,-1,169,-1,149
1,<environment.Job instance at 0x7fc23ba29870>,79,17,[ 5 13],80,-1,166,-1,149
1,<environment.Job instance at 0x7fc23c2a5dc0>,80,12,[5 8],81,-1,161,-1,149
1,<environment.Job instance at 0x7fc23b86e9b0>,81,23,[4 8],82,-1,172,-1,149
1,<environment.Job instance at 0x7fc23bbee500>,82,15,[4 8],83,-1,164,-1,149
1,<environment.Job instance at 0x7fc23ba2e7d0>,83,15,[1 6],84,-1,164,-1,149
1,<environment.Job instance at 0x7fc23b869230>,84,26,[2 8],85,-1,175,-1,149
1,<environment.Job instance at 0x7fc23b8692d0>,85,21,[5 4],86,-1,170,-1,149
1,<environment.Job instance at 0x7fc23b8778c0>,86,13,[12  5],87,-1,162,-1,149
1,<environment.Job instance at 0x7fc23b877780>,87,13,[3 5],88,-1,162,-1,149
1,<environment.Job instance at 0x7fc23b877d20>,88,14,[ 2 11],89,-1,163,-1,149
1,<environment.Job instance at 0x7fc23b886c80>,89,17,[1 6],90,-1,166,-1,149
1,<environment.Job instance at 0x7fc23b886c30>,90,14,[3 8],91,-1,163,-1,149
1,<environment.Job instance at 0x7fc23c8439b0>,91,17,[4 6],92,-1,167,-1,150
1,<environment.Job instance at 0x7fc23b8860a0>,92,26,[6 5],93,-1,176,-1,150
1,<environment.Job instance at 0x7fc23b886f00>,93,14,[10  1],94,-1,164,-1,150
1,<environment.Job instance at 0x7fc23c2a9f00>,94,22,[13  2],95,-1,172,-1,150
1,<environment.Job instance at 0x7fc23c2a9aa0>,95,3,[4 9],96,-1,153,-1,150
1,<environment.Job instance at 0x7fc23c2965a0>,98,24,[4 5],99,-1,188,-1,164
1,<environment.Job instance at 0x7fc23cee5780>,11,18,[ 4 10],12,-1,542,-1,524
1,<environment.Job instance at 0x7fc23bf25e10>,9,20,[11  5],10,-1,31,-1,11
1,<environment.Job instance at 0x7fc23bf25140>,13,27,[ 1 10],14,-1,56,-1,29
1,<environment.Job instance at 0x7fc23bf250f0>,14,14,[ 1 11],15,-1,43,-1,29
1,<environment.Job instance at 0x7fc23bf256e0>,15,25,[ 5 11],16,-1,54,-1,29
1,<environment.Job instance at 0x7fc23bf25820>,17,1,[1 7],18,-1,43,-1,42
1,<environment.Job instance at 0x7fc23bf255f0>,19,28,[6 3],20,-1,70,-1,42
1,<environment.Job instance at 0x7fc23bf25190>,22,19,[ 3 12],23,-1,65,-1,46
1,<environment.Job instance at 0x7fc23c830500>,23,23,[4 5],24,-1,69,-1,46
1,<environment.Job instance at 0x7fc23c8302d0>,26,22,[ 2 12],27,-1,98,-1,76
1,<environment.Job instance at 0x7fc23c830dc0>,27,17,[12  5],28,-1,93,-1,76
1,<environment.Job instance at 0x7fc23c8305a0>,28,28,[11  4],29,-1,104,-1,76
1,<environment.Job instance at 0x7fc23c830370>,29,1,[4 9],30,-1,77,-1,76
1,<environment.Job instance at 0x7fc23c8304b0>,30,12,[ 4 14],31,-1,88,-1,76
1,<environment.Job instance at 0x7fc23c906d20>,33,15,[ 4 10],34,-1,104,-1,89
1,<environment.Job instance at 0x7fc23c906a50>,35,28,[1 7],36,-1,117,-1,89
1,<environment.Job instance at 0x7fc23c906370>,36,18,[ 2 10],37,-1,107,-1,89
1,<environment.Job instance at 0x7fc23c9067d0>,37,18,[13  2],38,-1,107,-1,89
1,<environment.Job instance at 0x7fc23c906aa0>,38,3,[6 5],39,-1,92,-1,89
1,<environment.Job instance at 0x7fc23c906460>,39,19,[ 5 10],40,-1,110,-1,91
1,<environment.Job instance at 0x7fc23c906190>,42,27,[8 5],43,-1,134,-1,107
1,<environment.Job instance at 0x7fc23c9064b0>,44,25,[ 1 12],45,-1,139,-1,114
1,<environment.Job instance at 0x7fc23c9062d0>,47,20,[14  5],48,-1,149,-1,129
1,<environment.Job instance at 0x7fc23c906050>,48,25,[ 3 12],49,-1,154,-1,129
1,<environment.Job instance at 0x7fc23c906d70>,49,14,[13  1],50,-1,143,-1,129
1,<environment.Job instance at 0x7fc23c906af0>,51,13,[ 2 12],52,-1,148,-1,135
1,<environment.Job instance at 0x7fc23c8914b0>,55,16,[12  2],56,-1,178,-1,162
1,<environment.Job instance at 0x7fc23c891d70>,56,16,[14  1],57,-1,178,-1,162
1,<environment.Job instance at 0x7fc23c891460>,57,3,[ 2 13],58,-1,165,-1,162
1,<environment.Job instance at 0x7fc23c891be0>,59,1,[7 5],60,-1,166,-1,165
1,<environment.Job instance at 0x7fc23c891280>,61,26,[13  3],62,-1,201,-1,175
1,<environment.Job instance at 0x7fc23c891730>,62,15,[ 2 11],63,-1,190,-1,175
1,<environment.Job instance at 0x7fc23c891870>,63,20,[11  4],64,-1,195,-1,175
1,<environment.Job instance at 0x7fc23c891e60>,64,17,[14  1],65,-1,192,-1,175
1,<environment.Job instance at 0x7fc23c20a140>,68,15,[ 3 11],69,-1,218,-1,203
1,<environment.Job instance at 0x7fc23c20a4b0>,69,20,[ 4 12],70,-1,223,-1,203
1,<environment.Job instance at 0x7fc23c20a730>,70,28,[5 8],71,-1,231,-1,203
1,<environment.Job instance at 0x7fc23c20afa0>,71,17,[ 3 14],72,-1,220,-1,203
1,<environment.Job instance at 0x7fc23c20ac30>,72,27,[ 3 10],73,-1,230,-1,203
1,<environment.Job instance at 0x7fc23c20a5a0>,75,22,[ 1 10],76,-1,232,-1,210
1,<environment.Job instance at 0x7fc23c20a050>,77,27,[6 4],78,-1,252,-1,225
1,<environment.Job instance at 0x7fc23c20ae60>,78,22,[ 2 10],79,-1,247,-1,225
1,<environment.Job instance at 0x7fc23c20aaf0>,79,25,[2 8],80,-1,250,-1,225
1,<environment.Job instance at 0x7fc23c536be0>,83,2,[ 5 11],84,-1,243,-1,241
1,<environment.Job instance at 0x7fc23c536f50>,84,1,[8 2],85,-1,242,-1,241
1,<environment.Job instance at 0x7fc23c536af0>,90,24,[14  3],91,-1,319,-1,295
1,<environment.Job instance at 0x7fc23c536730>,93,2,[13  4],94,-1,312,-1,310
1,<environment.Job instance at 0x7fc23c536c80>,94,22,[12  2],95,-1,332,-1,310
1,<environment.Job instance at 0x7fc23c536f00>,96,17,[14  5],97,-1,330,-1,313
1,<environment.Job instance at 0x7fc23c5360f0>,97,28,[ 3 11],98,-1,341,-1,313
1,<environment.Job instance at 0x7fc23c536230>,98,12,[ 2 14],99,-1,325,-1,313
1,<environment.Job instance at 0x7fc23bf25c30>,2,28,[13  4],3,-1,31,-1,3
1,<environment.Job instance at 0x7fc23cbf6500>,3,16,[ 3 13],4,-1,20,-1,4
1,<environment.Job instance at 0x7fc23cbf65a0>,5,16,[ 2 13],6,-1,22,-1,6
1,<environment.Job instance at 0x7fc23cbf6690>,7,20,[ 5 10],8,-1,28,-1,8
1,<environment.Job instance at 0x7fc23cbf67d0>,9,18,[ 4 12],10,-1,28,-1,10
1,<environment.Job instance at 0x7fc23cbf6f00>,16,3,[9 5],17,-1,21,-1,18
1,<environment.Job instance at 0x7fc23cbbc320>,21,14,[14  1],22,-1,64,-1,50
1,<environment.Job instance at 0x7fc23cbbc370>,22,24,[8 5],23,-1,74,-1,50
1,<environment.Job instance at 0x7fc23cbbc460>,23,3,[14  5],24,-1,53,-1,50
1,<environment.Job instance at 0x7fc23cbbc690>,27,17,[ 5 13],28,-1,83,-1,66
1,<environment.Job instance at 0x7fc23cbbc730>,28,26,[ 3 14],29,-1,92,-1,66
1,<environment.Job instance at 0x7fc23cbcd870>,60,28,[9 3],61,-1,356,-1,328
1,<environment.Job instance at 0x7fc23cbcde10>,62,28,[5 3],63,-1,356,-1,328
1,<environment.Job instance at 0x7fc23cbe7050>,65,1,[ 3 13],66,-1,364,-1,363
1,<environment.Job instance at 0x7fc23cbe73c0>,66,22,[ 2 11],67,-1,385,-1,363
1,<environment.Job instance at 0x7fc23cbe7410>,67,24,[ 2 13],68,-1,387,-1,363
1,<environment.Job instance at 0x7fc23c208f00>,75,20,[14  4],76,-1,435,-1,415
1,<environment.Job instance at 0x7fc23cdfd690>,76,22,[ 1 14],77,-1,437,-1,415
1,<environment.Job instance at 0x7fc23cdfd230>,77,2,[14  4],78,-1,417,-1,415
1,<environment.Job instance at 0x7fc23cdfd320>,79,27,[4 9],80,-1,444,-1,417
1,<environment.Job instance at 0x7fc23cdfd460>,80,16,[ 4 13],81,-1,433,-1,417
1,<environment.Job instance at 0x7fc23cdfd1e0>,82,16,[14  2],83,-1,442,-1,426
1,<environment.Job instance at 0x7fc23cdfd0a0>,83,12,[14  2],84,-1,438,-1,426
1,<environment.Job instance at 0x7fc23cdfd0f0>,84,1,[14  4],85,-1,427,-1,426
1,<environment.Job instance at 0x7fc23ce2a050>,85,2,[14  4],86,-1,428,-1,426
1,<environment.Job instance at 0x7fc23ce2ae10>,86,24,[2 9],87,-1,451,-1,427
1,<environment.Job instance at 0x7fc23ce1a280>,87,12,[ 2 12],88,-1,439,-1,427
1,<environment.Job instance at 0x7fc23b8382d0>,88,14,[13  4],89,-1,441,-1,427
1,<environment.Job instance at 0x7fc23c664a50>,89,20,[ 3 11],90,-1,447,-1,427
1,<environment.Job instance at 0x7fc23b8419b0>,91,16,[14  4],92,-1,451,-1,435
1,<environment.Job instance at 0x7fc23b841960>,94,2,[ 3 14],95,-1,437,-1,435
1,<environment.Job instance at 0x7fc23bf00320>,96,27,[7 4],97,-1,471,-1,444
1,<environment.Job instance at 0x7fc23bf25be0>,2,28,[2 8],3,-1,31,-1,3
1,<environment.Job instance at 0x7fc23c26baf0>,3,13,[12  3],4,-1,19,-1,6
1,<environment.Job instance at 0x7fc23c26b780>,6,23,[ 3 11],7,-1,30,-1,7
1,<environment.Job instance at 0x7fc23c26b050>,7,14,[ 4 13],8,-1,22,-1,8
1,<environment.Job instance at 0x7fc23c26bfa0>,8,26,[9 3],9,-1,35,-1,9
1,<environment.Job instance at 0x7fc23c26beb0>,9,16,[ 5 10],10,-1,26,-1,10
1,<environment.Job instance at 0x7fc23c26baa0>,11,20,[ 4 14],12,-1,32,-1,12
1,<environment.Job instance at 0x7fc23c26ba50>,13,14,[12  5],14,-1,28,-1,14
1,<environment.Job instance at 0x7fc23c26b2d0>,14,25,[ 5 12],15,-1,40,-1,15
1,<environment.Job instance at 0x7fc23c255b90>,16,15,[ 3 14],17,-1,32,-1,17
1,<environment.Job instance at 0x7fc23c255280>,22,18,[ 5 13],23,-1,64,-1,46
1,<environment.Job instance at 0x7fc23c2553c0>,32,25,[4 5],33,-1,137,-1,112
1,<environment.Job instance at 0x7fc23c255500>,33,25,[10  3],34,-1,137,-1,112
1,<environment.Job instance at 0x7fc23c0cd410>,35,28,[13  4],36,-1,154,-1,126
1,<environment.Job instance at 0x7fc23c0cd6e0>,36,20,[13  2],37,-1,146,-1,126
1,<environment.Job instance at 0x7fc23c0cd780>,37,14,[12  3],38,-1,140,-1,126
1,<environment.Job instance at 0x7fc23c0cda50>,38,17,[ 5 13],39,-1,143,-1,126
1,<environment.Job instance at 0x7fc23c0cd280>,40,18,[13  4],41,-1,157,-1,139
1,<environment.Job instance at 0x7fc23c0cdf00>,43,16,[ 2 11],44,-1,176,-1,160
1,<environment.Job instance at 0x7fc23c0cd140>,44,1,[8 4],45,-1,161,-1,160
1,<environment.Job instance at 0x7fc23c0cde10>,45,25,[2 5],46,-1,185,-1,160
1,<environment.Job instance at 0x7fc23c0cd370>,52,23,[ 3 14],53,-1,215,-1,192
1,<environment.Job instance at 0x7fc23c9d8a00>,53,21,[ 5 13],54,-1,213,-1,192
1,<environment.Job instance at 0x7fc23c9d81e0>,54,16,[ 3 14],55,-1,208,-1,192
1,<environment.Job instance at 0x7fc23c9d87d0>,56,14,[11  3],57,-1,223,-1,209
1,<environment.Job instance at 0x7fc23c9d82d0>,58,13,[14  1],59,-1,240,-1,227
1,<environment.Job instance at 0x7fc23c9d8230>,65,24,[5 2],66,-1,290,-1,266
1,<environment.Job instance at 0x7fc23c9d8320>,66,14,[11  2],67,-1,280,-1,266
1,<environment.Job instance at 0x7fc23c9d85f0>,67,22,[ 4 10],68,-1,288,-1,266
1,<environment.Job instance at 0x7fc23cf833c0>,68,15,[ 2 13],69,-1,281,-1,266
1,<environment.Job instance at 0x7fc23cf83a50>,70,13,[ 3 12],71,-1,289,-1,276
1,<environment.Job instance at 0x7fc23cf83500>,71,14,[ 2 11],72,-1,290,-1,276
1,<environment.Job instance at 0x7fc23cf837d0>,72,16,[ 5 14],73,-1,292,-1,276
1,<environment.Job instance at 0x7fc23cf83050>,74,26,[10  4],75,-1,307,-1,281
1,<environment.Job instance at 0x7fc23cf83690>,76,24,[4 7],77,-1,306,-1,282
1,<environment.Job instance at 0x7fc23c1c8730>,85,2,[5 9],86,-1,332,-1,330
1,<environment.Job instance at 0x7fc23c1c8eb0>,88,28,[7 2],89,-1,374,-1,346
1,<environment.Job instance at 0x7fc23c1c8d20>,90,27,[ 3 12],91,-1,373,-1,346
1,<environment.Job instance at 0x7fc23c1c88c0>,93,26,[11  1],94,-1,388,-1,362
1,<environment.Job instance at 0x7fc23c1c85a0>,94,28,[9 2],95,-1,390,-1,362
1,<environment.Job instance at 0x7fc23c1c86e0>,95,21,[12  5],96,-1,383,-1,362
1,<environment.Job instance at 0x7fc23c1c8870>,97,18,[ 2 14],98,-1,397,-1,379
1,<environment.Job instance at 0x7fc245582550>,3,12,[ 3 11],4,-1,16,-1,4
1,<environment.Job instance at 0x7fc23b6276e0>,4,25,[ 1 14],5,-1,30,-1,5
1,<environment.Job instance at 0x7fc23cbf3640>,6,26,[14  4],7,-1,33,-1,7
1,<environment.Job instance at 0x7fc23c3865f0>,8,23,[ 1 11],9,-1,32,-1,9
1,<environment.Job instance at 0x7fc245a8f410>,19,1,[3 9],20,-1,53,-1,52
1,<environment.Job instance at 0x7fc23cf7dfa0>,23,15,[12  3],24,-1,85,-1,70
1,<environment.Job instance at 0x7fc23c95e5f0>,28,3,[14  3],29,-1,105,-1,102
1,<environment.Job instance at 0x7fc23c95e870>,29,28,[1 7],30,-1,130,-1,102
1,<environment.Job instance at 0x7fc23c95e0f0>,31,14,[ 1 13],32,-1,123,-1,109
1,<environment.Job instance at 0x7fc23c95e230>,32,1,[3 9],33,-1,110,-1,109
1,<environment.Job instance at 0x7fc23c95ed20>,33,13,[13  5],34,-1,122,-1,109
1,<environment.Job instance at 0x7fc23c95e690>,34,14,[12  1],35,-1,123,-1,109
1,<environment.Job instance at 0x7fc23cb3a690>,36,24,[ 2 12],37,-1,133,-1,109
1,<environment.Job instance at 0x7fc23c124e10>,38,17,[ 5 14],39,-1,142,-1,125
1,<environment.Job instance at 0x7fc23c124b90>,39,3,[8 2],40,-1,128,-1,125
1,<environment.Job instance at 0x7fc23c1246e0>,41,28,[ 3 13],42,-1,153,-1,125
1,<environment.Job instance at 0x7fc23c124870>,43,2,[14  1],44,-1,140,-1,138
1,<environment.Job instance at 0x7fc23c1244b0>,45,12,[ 4 12],46,-1,155,-1,143
1,<environment.Job instance at 0x7fc23b75d5f0>,46,12,[12  5],47,-1,155,-1,143
1,<environment.Job instance at 0x7fc23b75d4b0>,48,14,[12  2],49,-1,165,-1,151
1,<environment.Job instance at 0x7fc23b75d8c0>,49,3,[6 4],50,-1,154,-1,151
1,<environment.Job instance at 0x7fc23c50ee10>,50,15,[ 1 12],51,-1,166,-1,151
1,<environment.Job instance at 0x7fc23b6360a0>,53,23,[5 9],54,-1,201,-1,178
1,<environment.Job instance at 0x7fc23b636cd0>,58,25,[9 4],59,-1,237,-1,212
1,<environment.Job instance at 0x7fc23c558be0>,59,24,[5 1],60,-1,236,-1,212
1,<environment.Job instance at 0x7fc23c558c30>,61,27,[1 7],62,-1,270,-1,243
1,<environment.Job instance at 0x7fc23b6a9320>,65,26,[10  5],66,-1,291,-1,265
1,<environment.Job instance at 0x7fc23baee5f0>,67,1,[14  3],68,-1,279,-1,278
1,<environment.Job instance at 0x7fc23c710050>,70,1,[2 7],71,-1,291,-1,290
1,<environment.Job instance at 0x7fc23cf0d280>,73,18,[ 1 12],74,-1,322,-1,304
1,<environment.Job instance at 0x7fc23cf0dc30>,74,16,[13  4],75,-1,320,-1,304
1,<environment.Job instance at 0x7fc23c36bbe0>,75,19,[11  2],76,-1,328,-1,309
1,<environment.Job instance at 0x7fc23cf0dd70>,76,17,[ 4 14],77,-1,326,-1,309
1,<environment.Job instance at 0x7fc23b8ad370>,78,15,[13  5],79,-1,334,-1,319
1,<environment.Job instance at 0x7fc23bf27d70>,84,27,[ 5 14],85,-1,379,-1,352
1,<environment.Job instance at 0x7fc23bf27e60>,85,22,[12  4],86,-1,374,-1,352
1,<environment.Job instance at 0x7fc23bf27050>,86,17,[13  2],87,-1,369,-1,352
1,<environment.Job instance at 0x7fc23cdaac80>,92,3,[6 1],93,-1,401,-1,398
1,<environment.Job instance at 0x7fc23b832d20>,1,3,[ 5 13],2,-1,5,-1,2
1,<environment.Job instance at 0x7fc23c986f00>,3,25,[6 2],4,-1,29,-1,4
1,<environment.Job instance at 0x7fc23c9866e0>,4,24,[5 2],5,-1,29,-1,5
1,<environment.Job instance at 0x7fc23c986320>,6,16,[ 4 12],7,-1,23,-1,7
1,<environment.Job instance at 0x7fc23c8ab5a0>,11,3,[7 1],12,-1,16,-1,13
1,<environment.Job instance at 0x7fc23cc49500>,13,23,[6 3],14,-1,48,-1,25
1,<environment.Job instance at 0x7fc23cadf2d0>,17,25,[5 8],18,-1,50,-1,25
1,<environment.Job instance at 0x7fc2459729b0>,18,26,[5 8],19,-1,51,-1,25
1,<environment.Job instance at 0x7fc23cadf5a0>,19,14,[11  4],20,-1,39,-1,25
1,<environment.Job instance at 0x7fc2455b9320>,20,16,[14  4],21,-1,41,-1,25
1,<environment.Job instance at 0x7fc23cb5adc0>,22,12,[13  4],23,-1,48,-1,36
1,<environment.Job instance at 0x7fc23c6c3c80>,24,23,[5 5],25,-1,59,-1,36
1,<environment.Job instance at 0x7fc23c522780>,25,1,[7 4],26,-1,37,-1,36
1,<environment.Job instance at 0x7fc23c2fb730>,36,2,[ 2 14],37,-1,136,-1,134
1,<environment.Job instance at 0x7fc23c361dc0>,37,12,[10  1],38,-1,147,-1,135
1,<environment.Job instance at 0x7fc23c2fb140>,38,25,[ 1 11],39,-1,160,-1,135
1,<environment.Job instance at 0x7fc23c2fb500>,39,28,[6 3],40,-1,163,-1,135
1,<environment.Job instance at 0x7fc23c3710f0>,42,3,[ 5 13],43,-1,160,-1,157
1,<environment.Job instance at 0x7fc23c371910>,43,27,[6 2],44,-1,184,-1,157
1,<environment.Job instance at 0x7fc23c371be0>,44,3,[5 2],45,-1,163,-1,160
1,<environment.Job instance at 0x7fc23be1b870>,46,18,[ 5 13],47,-1,191,-1,173
1,<environment.Job instance at 0x7fc23be1ba00>,48,23,[3 8],49,-1,199,-1,176
1,<environment.Job instance at 0x7fc23c8c1960>,49,16,[ 2 13],50,-1,192,-1,176
1,<environment.Job instance at 0x7fc23c8c1050>,50,24,[7 1],51,-1,200,-1,176
1,<environment.Job instance at 0x7fc23c8c8c30>,55,27,[ 4 13],56,-1,226,-1,199
1,<environment.Job instance at 0x7fc23c8c8c80>,57,18,[ 2 13],58,-1,227,-1,209
1,<environment.Job instance at 0x7fc23c8c83c0>,59,17,[11  1],60,-1,232,-1,215
1,<environment.Job instance at 0x7fc23c8c8b90>,60,13,[12  1],61,-1,228,-1,215
1,<environment.Job instance at 0x7fc23c8c8dc0>,63,1,[9 3],64,-1,224,-1,223
1,<environment.Job instance at 0x7fc23c8c8050>,64,22,[8 2],65,-1,245,-1,223
1,<environment.Job instance at 0x7fc23c8e3eb0>,65,27,[4 9],66,-1,250,-1,223
1,<environment.Job instance at 0x7fc23c8e3e60>,67,19,[ 1 11],68,-1,250,-1,231
1,<environment.Job instance at 0x7fc23c8c91e0>,69,15,[13  4],70,-1,253,-1,238
1,<environment.Job instance at 0x7fc23c8c9e60>,70,28,[5 4],71,-1,266,-1,238
1,<environment.Job instance at 0x7fc23c8d6be0>,74,16,[ 2 12],75,-1,273,-1,257
1,<environment.Job instance at 0x7fc23c8d6d20>,76,3,[12  1],77,-1,275,-1,272
1,<environment.Job instance at 0x7fc23c8d6fa0>,80,14,[ 3 12],81,-1,306,-1,292
1,<environment.Job instance at 0x7fc23c86a8c0>,82,2,[11  5],83,-1,294,-1,292
1,<environment.Job instance at 0x7fc23c86a5a0>,83,1,[8 3],84,-1,293,-1,292
1,<environment.Job instance at 0x7fc23c86a230>,84,28,[13  3],85,-1,320,-1,292
1,<environment.Job instance at 0x7fc23c86a730>,87,2,[14  3],88,-1,309,-1,307
1,<environment.Job instance at 0x7fc23c86a910>,89,1,[ 2 12],90,-1,326,-1,325
1,<environment.Job instance at 0x7fc23c86ac80>,91,23,[9 5],92,-1,368,-1,345
1,<environment.Job instance at 0x7fc23c86af00>,92,22,[9 1],93,-1,385,-1,363
1,<environment.Job instance at 0x7fc23c86aeb0>,93,2,[9 2],94,-1,365,-1,363
1,<environment.Job instance at 0x7fc23c86a3c0>,94,16,[ 1 13],95,-1,379,-1,363
1,<environment.Job instance at 0x7fc23c86aa00>,95,18,[ 3 13],96,-1,381,-1,363
1,<environment.Job instance at 0x7fc23c86a820>,96,28,[7 1],97,-1,391,-1,363
1,<environment.Job instance at 0x7fc23c86a690>,97,27,[2 7],98,-1,390,-1,363
1,<environment.Job instance at 0x7f9d4fedab40>,4,24,[ 3 11],5,-1,29,-1,5
1,<environment.Job instance at 0x7f9d4fedaf50>,8,24,[ 2 10],9,-1,33,-1,9
1,<environment.Job instance at 0x7f9d4fedd410>,14,21,[ 3 11],15,-1,43,-1,22
1,<environment.Job instance at 0x7f9d4fedd5f0>,17,18,[ 5 13],18,-1,58,-1,40
1,<environment.Job instance at 0x7f9d4fedd910>,20,21,[13  5],21,-1,82,-1,61
1,<environment.Job instance at 0x7f9d4fedd820>,21,22,[8 2],22,-1,100,-1,78
1,<environment.Job instance at 0x7f9d4feddaf0>,27,25,[14  4],28,-1,103,-1,78
1,<environment.Job instance at 0x7f9d4feddcd0>,28,2,[5 8],29,-1,80,-1,78
1,<environment.Job instance at 0x7f9d4feddd70>,29,24,[5 1],30,-1,102,-1,78
1,<environment.Job instance at 0x7f9d4fee00f0>,35,3,[9 5],36,-1,126,-1,123
1,<environment.Job instance at 0x7f9d4fee0410>,39,23,[4 6],40,-1,164,-1,141
1,<environment.Job instance at 0x7f9d4fee05f0>,41,3,[6 3],42,-1,149,-1,146
1,<environment.Job instance at 0x7f9d4fee07d0>,42,13,[12  1],43,-1,159,-1,146
1,<environment.Job instance at 0x7f9d4fee0870>,43,21,[ 2 12],44,-1,167,-1,146
1,<environment.Job instance at 0x7f9d4fee0910>,44,26,[8 4],45,-1,172,-1,146
1,<environment.Job instance at 0x7f9d4fee09b0>,45,13,[11  3],46,-1,159,-1,146
1,<environment.Job instance at 0x7f9d4fee0a50>,46,2,[ 1 10],47,-1,148,-1,146
1,<environment.Job instance at 0x7f9d4fee0af0>,47,13,[ 3 12],48,-1,159,-1,146
1,<environment.Job instance at 0x7f9d4fee0d70>,51,13,[ 3 12],52,-1,178,-1,165
1,<environment.Job instance at 0x7f9d4fee0e10>,52,3,[13  2],53,-1,168,-1,165
1,<environment.Job instance at 0x7f9d4fee0fa0>,54,3,[1 7],55,-1,181,-1,178
1,<environment.Job instance at 0x7f9d4fee0f50>,56,28,[10  1],57,-1,206,-1,178
1,<environment.Job instance at 0x7f9d4fee3140>,62,24,[ 3 10],63,-1,237,-1,213
1,<environment.Job instance at 0x7f9d4fee3a50>,68,25,[ 2 12],69,-1,279,-1,254
1,<environment.Job instance at 0x7f9d4fee3af0>,69,26,[5 4],70,-1,280,-1,254
1,<environment.Job instance at 0x7f9d4fee3d70>,73,27,[8 2],74,-1,307,-1,280
1,<environment.Job instance at 0x7f9d4fee65f0>,82,2,[10  3],83,-1,344,-1,342
1,<environment.Job instance at 0x7f9d4fee6690>,83,17,[ 4 14],84,-1,359,-1,342
1,<environment.Job instance at 0x7f9d4fee67d0>,85,18,[ 5 12],86,-1,369,-1,351
1,<environment.Job instance at 0x7f9d4fee6870>,86,12,[ 3 14],87,-1,363,-1,351
1,<environment.Job instance at 0x7f9d4fee69b0>,88,3,[9 5],89,-1,362,-1,359
1,<environment.Job instance at 0x7f9d4fee6a50>,89,18,[ 4 11],90,-1,377,-1,359
1,<environment.Job instance at 0x7f9d4fee6b90>,91,14,[12  2],92,-1,380,-1,366
1,<environment.Job instance at 0x7f9d4fee6c80>,93,27,[12  1],94,-1,393,-1,366
1,<environment.Job instance at 0x7f9d4fee6f00>,95,24,[2 5],96,-1,408,-1,384
1,<environment.Job instance at 0x7f9d4fee6b40>,96,12,[ 4 14],97,-1,396,-1,384
1,<environment.Job instance at 0x7f9d4fee6dc0>,98,2,[10  4],99,-1,398,-1,396
1,<environment.Job instance at 0x7f9d4fee8320>,101,18,[12  3],102,-1,436,-1,418
1,<environment.Job instance at 0x7f9d4fee83c0>,102,13,[ 5 12],103,-1,431,-1,418
1,<environment.Job instance at 0x7f9d4f6246e0>,6,3,[1 6],7,-1,11,-1,8
1,<environment.Job instance at 0x7f9d4f624f00>,13,24,[5 6],14,-1,51,-1,27
1,<environment.Job instance at 0x7f9d4f6242d0>,14,18,[11  5],15,-1,45,-1,27
1,<environment.Job instance at 0x7f9d4f624230>,15,14,[14  1],16,-1,41,-1,27
1,<environment.Job instance at 0x7f9d4f624cd0>,16,22,[10  1],17,-1,54,-1,32
1,<environment.Job instance at 0x7f9d4f619eb0>,19,3,[14  4],20,-1,49,-1,46
1,<environment.Job instance at 0x7f9d4f619a00>,22,23,[ 1 14],23,-1,81,-1,58
1,<environment.Job instance at 0x7f9d4f619fa0>,25,23,[7 3],26,-1,100,-1,77
1,<environment.Job instance at 0x7f9d4f61eaf0>,27,26,[ 1 11],28,-1,103,-1,77
1,<environment.Job instance at 0x7f9d4f709190>,30,17,[ 2 11],31,-1,102,-1,85
1,<environment.Job instance at 0x7f9d4f73a140>,34,17,[ 3 14],35,-1,130,-1,113
1,<environment.Job instance at 0x7f9d4f760eb0>,36,25,[5 4],37,-1,139,-1,114
1,<environment.Job instance at 0x7f9d4f760f50>,37,2,[7 2],38,-1,116,-1,114
1,<environment.Job instance at 0x7f9d4f8d4cd0>,38,28,[7 1],39,-1,142,-1,114
1,<environment.Job instance at 0x7f9d4f704af0>,41,24,[12  2],42,-1,149,-1,125
1,<environment.Job instance at 0x7f9d4f704a00>,42,26,[ 3 11],43,-1,151,-1,125
1,<environment.Job instance at 0x7f9d4f4a1910>,45,16,[ 1 11],46,-1,147,-1,131
1,<environment.Job instance at 0x7f9d59565b90>,47,1,[ 5 12],48,-1,142,-1,141
1,<environment.Job instance at 0x7f9d4f4888c0>,48,24,[8 5],49,-1,165,-1,141
1,<environment.Job instance at 0x7f9d4f498460>,50,13,[14  2],51,-1,154,-1,141
1,<environment.Job instance at 0x7f9d4f4f93c0>,53,20,[14  2],54,-1,194,-1,174
1,<environment.Job instance at 0x7f9d4f560640>,55,13,[ 1 14],56,-1,201,-1,188
1,<environment.Job instance at 0x7f9d4f4f17d0>,56,16,[12  1],57,-1,204,-1,188
1,<environment.Job instance at 0x7f9d4f4f1730>,57,15,[ 4 14],58,-1,203,-1,188
1,<environment.Job instance at 0x7f9d4f5c2190>,59,18,[ 5 11],60,-1,219,-1,201
1,<environment.Job instance at 0x7f9d4f4f1870>,60,22,[11  3],61,-1,223,-1,201
1,<environment.Job instance at 0x7f9d4f4f1050>,61,18,[11  2],62,-1,219,-1,201
1,<environment.Job instance at 0x7f9d4fdccfa0>,66,19,[ 5 14],67,-1,250,-1,231
1,<environment.Job instance at 0x7f9d4f6241e0>,68,27,[9 4],69,-1,272,-1,245
1,<environment.Job instance at 0x7f9d4f5f10f0>,69,25,[3 9],70,-1,270,-1,245
1,<environment.Job instance at 0x7f9d4f4dae10>,73,23,[ 2 14],74,-1,284,-1,261
1,<environment.Job instance at 0x7f9d4f4dad20>,74,12,[ 2 11],75,-1,273,-1,261
1,<environment.Job instance at 0x7f9d4f964aa0>,78,28,[4 7],79,-1,309,-1,281
1,<environment.Job instance at 0x7f9d4f6229b0>,79,26,[3 6],80,-1,307,-1,281
1,<environment.Job instance at 0x7f9d4f622910>,80,12,[11  1],81,-1,293,-1,281
1,<environment.Job instance at 0x7f9d4f6220f0>,81,12,[ 5 11],82,-1,293,-1,281
1,<environment.Job instance at 0x7f9d4f50c230>,83,2,[ 1 10],84,-1,298,-1,296
1,<environment.Job instance at 0x7f9d4f50c960>,84,2,[ 1 11],85,-1,298,-1,296
1,<environment.Job instance at 0x7f9d4f473140>,90,23,[5 8],91,-1,350,-1,327
1,<environment.Job instance at 0x7f9d4f4736e0>,91,21,[ 4 11],92,-1,348,-1,327
1,<environment.Job instance at 0x7f9d4f473280>,92,13,[ 3 12],93,-1,340,-1,327
1,<environment.Job instance at 0x7f9d4f5f96e0>,94,28,[3 8],95,-1,371,-1,343
1,<environment.Job instance at 0x7f9d4f473460>,95,24,[12  1],96,-1,367,-1,343
1,<environment.Job instance at 0x7f9d4f473960>,96,14,[11  2],97,-1,357,-1,343
1,<environment.Job instance at 0x7f9d4f471370>,97,27,[5 3],98,-1,370,-1,343
1,<environment.Job instance at 0x7f9d4f4719b0>,99,17,[ 5 11],100,-1,377,-1,360
1,<environment.Job instance at 0x7f9d4f471870>,101,27,[6 5],102,-1,387,-1,360
1,<environment.Job instance at 0x7f9d4f471b90>,102,18,[ 2 14],103,-1,378,-1,360
1,<environment.Job instance at 0x7f9d4f471c80>,103,2,[11  2],104,-1,362,-1,360
1,<environment.Job instance at 0x7f9d4f471cd0>,104,18,[12  2],105,-1,378,-1,360
1,<environment.Job instance at 0x7f9d4f4710a0>,106,17,[11  1],107,-1,377,-1,360
1,<environment.Job instance at 0x7f9d4f4d7960>,107,13,[ 4 12],108,-1,373,-1,360
1,<environment.Job instance at 0x7f9d4f560be0>,4,28,[4 5],5,-1,33,-1,5
1,<environment.Job instance at 0x7f9d4f560280>,5,23,[8 3],6,-1,30,-1,7
1,<environment.Job instance at 0x7f9d4f560960>,7,22,[ 5 10],8,-1,30,-1,8
1,<environment.Job instance at 0x7f9d4f4f12d0>,10,21,[ 1 10],11,-1,38,-1,17
1,<environment.Job instance at 0x7f9d4f4f1d70>,14,15,[14  3],15,-1,62,-1,47
1,<environment.Job instance at 0x7f9d4f4f1690>,16,13,[ 5 13],17,-1,60,-1,47
1,<environment.Job instance at 0x7f9d4f4f1230>,21,22,[5 8],22,-1,133,-1,111
1,<environment.Job instance at 0x7f9d4f4f1550>,24,28,[13  3],25,-1,140,-1,112
1,<environment.Job instance at 0x7f9d596417d0>,28,24,[ 5 11],29,-1,170,-1,146
1,<environment.Job instance at 0x7f9d59641e10>,31,16,[ 2 13],32,-1,179,-1,163
1,<environment.Job instance at 0x7f9d59641a00>,33,15,[ 1 11],34,-1,181,-1,166
1,<environment.Job instance at 0x7f9d59641780>,35,13,[11  1],36,-1,197,-1,184
1,<environment.Job instance at 0x7f9d59641460>,37,3,[8 3],38,-1,187,-1,184
1,<environment.Job instance at 0x7f9d59641410>,41,2,[5 1],42,-1,206,-1,204
1,<environment.Job instance at 0x7f9d596adc80>,43,12,[12  2],44,-1,234,-1,222
1,<environment.Job instance at 0x7f9d596ad4b0>,45,2,[14  3],46,-1,224,-1,222
1,<environment.Job instance at 0x7f9d596adbe0>,46,19,[ 3 14],47,-1,241,-1,222
1,<environment.Job instance at 0x7f9d596adb90>,47,2,[14  5],48,-1,224,-1,222
1,<environment.Job instance at 0x7f9d596ad5a0>,50,12,[12  4],51,-1,267,-1,255
1,<environment.Job instance at 0x7f9d4f4d7cd0>,58,27,[ 3 13],59,-1,348,-1,321
1,<environment.Job instance at 0x7f9d4f4da280>,61,14,[ 4 13],62,-1,344,-1,330
1,<environment.Job instance at 0x7f9d4f4da640>,62,1,[ 5 14],63,-1,331,-1,330
1,<environment.Job instance at 0x7f9d4f4dac80>,64,2,[10  1],65,-1,339,-1,337
1,<environment.Job instance at 0x7f9d4f4dab40>,66,28,[14  3],67,-1,374,-1,346
1,<environment.Job instance at 0x7f9d4f4daaf0>,67,24,[ 4 11],68,-1,370,-1,346
1,<environment.Job instance at 0x7f9d4f4daaa0>,68,3,[11  1],69,-1,349,-1,346
1,<environment.Job instance at 0x7f9d4f4dafa0>,71,22,[ 1 10],72,-1,388,-1,366
1,<environment.Job instance at 0x7f9d4f4da9b0>,73,24,[2 7],74,-1,392,-1,368
1,<environment.Job instance at 0x7f9d4f4da6e0>,77,26,[7 1],78,-1,411,-1,385
1,<environment.Job instance at 0x7f9d4f4da780>,78,18,[12  1],79,-1,403,-1,385
1,<environment.Job instance at 0x7f9d4f4d1af0>,79,15,[ 1 13],80,-1,400,-1,385
1,<environment.Job instance at 0x7f9d4f4d1550>,80,1,[11  3],81,-1,386,-1,385
1,<environment.Job instance at 0x7f9d4f4d1820>,82,2,[8 1],83,-1,401,-1,399
1,<environment.Job instance at 0x7f9d4f4d1870>,83,1,[10  2],84,-1,400,-1,399
1,<environment.Job instance at 0x7f9d4f4d1910>,84,16,[ 2 11],85,-1,415,-1,399
1,<environment.Job instance at 0x7f9d4f4d19b0>,85,24,[8 2],86,-1,423,-1,399
1,<environment.Job instance at 0x7f9d4f4d1410>,88,22,[9 3],89,-1,449,-1,427
1,<environment.Job instance at 0x7f9d4f4d10a0>,90,26,[4 7],91,-1,453,-1,427
1,<environment.Job instance at 0x7f9d4f4d1140>,91,25,[10  5],92,-1,452,-1,427
1,<environment.Job instance at 0x7f9d4f520f00>,92,15,[12  4],93,-1,442,-1,427
1,<environment.Job instance at 0x7f9d4f520d70>,94,1,[10  3],95,-1,433,-1,432
1,<environment.Job instance at 0x7f9d4f509eb0>,95,13,[7 1],96,-1,445,-1,432
1,<environment.Job instance at 0x7f9d4f5095a0>,96,20,[ 3 11],97,-1,452,-1,432
1,<environment.Job instance at 0x7f9d4f509910>,100,14,[7 1],101,-1,462,-1,448
1,<environment.Job instance at 0x7f9d4f509500>,101,25,[5 1],102,-1,473,-1,448
1,<environment.Job instance at 0x7f9d4f509dc0>,103,14,[ 3 10],104,-1,479,-1,465
1,<environment.Job instance at 0x7f9d4f509e10>,104,18,[ 4 13],105,-1,483,-1,465
1,<environment.Job instance at 0x7f9d4f509780>,105,24,[9 3],106,-1,489,-1,465
1,<environment.Job instance at 0x7f9d4f509c80>,106,15,[13  4],107,-1,480,-1,465
1,<environment.Job instance at 0x7f9d4f509f00>,108,24,[ 2 13],109,-1,503,-1,479
1,<environment.Job instance at 0x7f9d4f4d10f0>,89,16,[ 4 13],90,-1,647,-1,631
1,<environment.Job instance at 0x7f9d4f4d7c80>,59,20,[14  3],60,-1,1749,-1,1729
1,<environment.Job instance at 0x7f9d4ffc8550>,8,19,[ 5 13],9,-1,34,-1,15
1,<environment.Job instance at 0x7f9d503623c0>,16,27,[2 8],17,-1,88,-1,61
1,<environment.Job instance at 0x7f9d50362780>,17,12,[ 3 11],18,-1,73,-1,61
1,<environment.Job instance at 0x7f9d50362af0>,32,22,[1 6],33,-1,207,-1,185
1,<environment.Job instance at 0x7f9d50362500>,33,27,[5 1],34,-1,212,-1,185
1,<environment.Job instance at 0x7f9d50362140>,34,25,[10  4],35,-1,210,-1,185
1,<environment.Job instance at 0x7f9d50362910>,35,26,[5 4],36,-1,211,-1,185
1,<environment.Job instance at 0x7f9d4ff56960>,36,3,[5 9],37,-1,188,-1,185
1,<environment.Job instance at 0x7f9d4ff56140>,37,15,[1 9],38,-1,200,-1,185
1,<environment.Job instance at 0x7f9d4ff56cd0>,38,12,[ 2 11],39,-1,197,-1,185
1,<environment.Job instance at 0x7f9d4ff564b0>,40,26,[ 2 11],41,-1,223,-1,197
1,<environment.Job instance at 0x7f9d4ff56500>,41,12,[12  1],42,-1,209,-1,197
1,<environment.Job instance at 0x7f9d4ff56dc0>,42,1,[ 2 10],43,-1,198,-1,197
1,<environment.Job instance at 0x7f9d4ffc2050>,68,28,[3 6],69,-1,471,-1,443
1,<environment.Job instance at 0x7f9d4ffc2460>,70,13,[14  4],71,-1,463,-1,450
1,<environment.Job instance at 0x7f9d5018a4b0>,72,16,[ 1 11],73,-1,478,-1,462
1,<environment.Job instance at 0x7f9d5018a910>,73,26,[12  3],74,-1,488,-1,462
1,<environment.Job instance at 0x7f9d5018a190>,74,12,[ 1 10],75,-1,481,-1,469
1,<environment.Job instance at 0x7f9d5018ac30>,75,17,[ 4 13],76,-1,486,-1,469
1,<environment.Job instance at 0x7f9d5018aaf0>,77,28,[1 9],78,-1,497,-1,469
1,<environment.Job instance at 0x7f9d5018a7d0>,78,26,[7 3],79,-1,495,-1,469
1,<environment.Job instance at 0x7f9d4f86c140>,3,24,[5 6],4,-1,28,-1,4
1,<environment.Job instance at 0x7f9d509ea870>,6,14,[ 3 14],7,-1,21,-1,7
1,<environment.Job instance at 0x7f9d50a075f0>,7,24,[3 9],8,-1,32,-1,8
1,<environment.Job instance at 0x7f9d509ea9b0>,10,12,[ 2 12],11,-1,23,-1,11
1,<environment.Job instance at 0x7f9d50a07d20>,11,16,[1 8],12,-1,50,-1,34
1,<environment.Job instance at 0x7f9d50a076e0>,18,18,[10  3],19,-1,60,-1,42
1,<environment.Job instance at 0x7f9d50a05140>,20,22,[5 6],21,-1,71,-1,49
1,<environment.Job instance at 0x7f9d4f8f7aa0>,21,14,[3 5],22,-1,63,-1,49
1,<environment.Job instance at 0x7f9d50a05f00>,23,14,[8 1],24,-1,73,-1,59
1,<environment.Job instance at 0x7f9d50a05690>,24,12,[ 1 10],25,-1,71,-1,59
1,<environment.Job instance at 0x7f9d509fb370>,25,17,[9 1],26,-1,76,-1,59
1,<environment.Job instance at 0x7f9d509fb500>,26,14,[ 2 10],27,-1,73,-1,59
1,<environment.Job instance at 0x7f9d509fb050>,28,2,[7 2],29,-1,67,-1,65
1,<environment.Job instance at 0x7f9d4f866820>,29,15,[ 5 10],30,-1,90,-1,75
1,<environment.Job instance at 0x7f9d4f96a410>,31,25,[7 3],32,-1,100,-1,75
1,<environment.Job instance at 0x7f9d4f919410>,32,20,[2 8],33,-1,95,-1,75
1,<environment.Job instance at 0x7f9d4f919a50>,33,27,[ 5 13],34,-1,102,-1,75
1,<environment.Job instance at 0x7f9d4f9548c0>,34,13,[14  5],35,-1,88,-1,75
1,<environment.Job instance at 0x7f9d4f954370>,35,12,[ 4 13],36,-1,87,-1,75
1,<environment.Job instance at 0x7f9d4f85b9b0>,36,21,[5 4],37,-1,96,-1,75
1,<environment.Job instance at 0x7f9d4f966730>,37,14,[ 3 12],38,-1,89,-1,75
1,<environment.Job instance at 0x7f9d4f930c80>,38,23,[7 3],39,-1,98,-1,75
1,<environment.Job instance at 0x7f9d4f8f5dc0>,39,27,[5 8],40,-1,102,-1,75
1,<environment.Job instance at 0x7f9d4f9564b0>,40,21,[5 6],41,-1,96,-1,75
1,<environment.Job instance at 0x7f9d4f85baf0>,41,12,[5 6],42,-1,87,-1,75
1,<environment.Job instance at 0x7f9d4f92b460>,42,12,[ 4 10],43,-1,87,-1,75
1,<environment.Job instance at 0x7f9d4f92b4b0>,43,23,[10  3],44,-1,98,-1,75
1,<environment.Job instance at 0x7f9d4f8ef6e0>,44,24,[4 8],45,-1,99,-1,75
1,<environment.Job instance at 0x7f9d509f68c0>,45,26,[14  5],46,-1,101,-1,75
1,<environment.Job instance at 0x7f9d509f6be0>,46,1,[8 1],47,-1,76,-1,75
1,<environment.Job instance at 0x7f9d4f925e10>,47,16,[4 5],48,-1,94,-1,78
1,<environment.Job instance at 0x7f9d4f9251e0>,48,2,[7 2],49,-1,80,-1,78
1,<environment.Job instance at 0x7f9d4f94be10>,49,1,[1 5],50,-1,79,-1,78
1,<environment.Job instance at 0x7f9d4f94bf00>,50,1,[1 6],51,-1,79,-1,78
1,<environment.Job instance at 0x7f9d4f95b780>,51,22,[6 4],52,-1,100,-1,78
1,<environment.Job instance at 0x7f9d4fbd75a0>,52,28,[12  4],53,-1,106,-1,78
1,<environment.Job instance at 0x7f9d4fbd7320>,53,1,[11  1],54,-1,79,-1,78
1,<environment.Job instance at 0x7f9d4f94e0f0>,55,14,[8 2],56,-1,92,-1,78
1,<environment.Job instance at 0x7f9d4f94e0a0>,56,2,[4 9],57,-1,80,-1,78
1,<environment.Job instance at 0x7f9d4f94e370>,57,28,[7 5],58,-1,106,-1,78
1,<environment.Job instance at 0x7f9d4f94e230>,58,18,[8 2],59,-1,96,-1,78
1,<environment.Job instance at 0x7f9d4f94ec30>,60,21,[9 1],61,-1,113,-1,92
1,<environment.Job instance at 0x7f9d4f94eaf0>,62,19,[2 7],63,-1,115,-1,96
1,<environment.Job instance at 0x7f9d4f94e8c0>,63,24,[1 9],64,-1,120,-1,96
1,<environment.Job instance at 0x7f9d4f94ea50>,64,25,[ 3 10],65,-1,121,-1,96
1,<environment.Job instance at 0x7f9d4f94efa0>,67,17,[13  5],68,-1,116,-1,99
1,<environment.Job instance at 0x7f9d4f93f820>,69,18,[11  5],70,-1,118,-1,100
1,<environment.Job instance at 0x7f9d4f94ef50>,70,28,[7 2],71,-1,128,-1,100
1,<environment.Job instance at 0x7f9d4f94ee60>,71,20,[8 3],72,-1,120,-1,100
1,<environment.Job instance at 0x7f9d4fbeb9b0>,72,25,[5 7],73,-1,125,-1,100
1,<environment.Job instance at 0x7f9d4fbebb40>,74,12,[3 8],75,-1,125,-1,113
1,<environment.Job instance at 0x7f9d4fbebbe0>,75,21,[ 5 13],76,-1,134,-1,113
1,<environment.Job instance at 0x7f9d4fbebc30>,76,13,[1 9],77,-1,126,-1,113
1,<environment.Job instance at 0x7f9d4fbebf50>,78,17,[13  2],79,-1,133,-1,116
1,<environment.Job instance at 0x7f9d4fbebfa0>,79,22,[12  5],80,-1,138,-1,116
1,<environment.Job instance at 0x7f9d50a1f050>,80,23,[7 1],81,-1,139,-1,116
1,<environment.Job instance at 0x7f9d4fbebeb0>,81,17,[10  4],82,-1,133,-1,116
1,<environment.Job instance at 0x7f9d50a1f190>,82,2,[2 5],83,-1,118,-1,116
1,<environment.Job instance at 0x7f9d50a1f1e0>,83,16,[8 4],84,-1,134,-1,118
1,<environment.Job instance at 0x7f9d50a1f2d0>,84,12,[ 2 13],85,-1,130,-1,118
1,<environment.Job instance at 0x7f9d50a1f370>,85,1,[4 9],86,-1,119,-1,118
1,<environment.Job instance at 0x7f9d50a1f4b0>,87,24,[10  2],88,-1,154,-1,130
1,<environment.Job instance at 0x7f9d50a1f550>,88,14,[ 5 14],89,-1,144,-1,130
1,<environment.Job instance at 0x7f9d50a1f5f0>,89,12,[10  1],90,-1,142,-1,130
1,<environment.Job instance at 0x7f9d50a1f690>,90,12,[8 1],91,-1,142,-1,130
1,<environment.Job instance at 0x7f9d50a1f910>,92,25,[11  2],93,-1,160,-1,135
1,<environment.Job instance at 0x7f9d50a1f8c0>,93,15,[ 3 12],94,-1,150,-1,135
1,<environment.Job instance at 0x7f9d50a1f9b0>,94,17,[ 3 10],95,-1,152,-1,135
1,<environment.Job instance at 0x7f9d50a1fa50>,95,22,[8 5],96,-1,157,-1,135
1,<environment.Job instance at 0x7f9d50a1f820>,96,13,[10  5],97,-1,150,-1,137
1,<environment.Job instance at 0x7f9d50a1fb90>,97,23,[9 5],98,-1,160,-1,137
1,<environment.Job instance at 0x7f9d50a1fc80>,98,23,[8 1],99,-1,160,-1,137
1,<environment.Job instance at 0x7f9d50a1feb0>,99,12,[5 5],100,-1,150,-1,138
1,<environment.Job instance at 0x7f9d50a1fdc0>,100,15,[ 5 14],101,-1,153,-1,138
1,<environment.Job instance at 0x7f9d50a1ff50>,101,15,[4 9],102,-1,192,-1,177
1,<environment.Job instance at 0x7f9d4fbb6280>,104,13,[ 5 10],105,-1,190,-1,177
1,<environment.Job instance at 0x7f9d4fbb6460>,107,12,[14  4],108,-1,198,-1,186
1,<environment.Job instance at 0x7f9d4fbb6370>,108,12,[ 1 13],109,-1,198,-1,186
1,<environment.Job instance at 0x7f9d50a07f00>,2,26,[9 3],3,-1,29,-1,3
1,<environment.Job instance at 0x7f9d4fd550f0>,5,22,[ 1 13],6,-1,28,-1,6
1,<environment.Job instance at 0x7f9d4fd55a00>,10,18,[3 6],11,-1,142,-1,124
1,<environment.Job instance at 0x7f9d4f8f5960>,25,28,[5 5],26,-1,176,-1,148
1,<environment.Job instance at 0x7f9d4f8f5c30>,26,19,[ 1 12],27,-1,167,-1,148
1,<environment.Job instance at 0x7f9d4f8f5410>,27,24,[10  2],28,-1,172,-1,148
1,<environment.Job instance at 0x7f9d4f8f52d0>,28,2,[ 4 13],29,-1,150,-1,148
1,<environment.Job instance at 0x7f9d4f8f56e0>,29,19,[ 5 10],30,-1,205,-1,186
1,<environment.Job instance at 0x7f9d4f860e60>,39,18,[12  3],40,-1,241,-1,223
1,<environment.Job instance at 0x7f9d4f860c30>,40,3,[5 3],41,-1,226,-1,223
1,<environment.Job instance at 0x7f9d4f860aa0>,41,12,[13  4],42,-1,235,-1,223
1,<environment.Job instance at 0x7f9d4f8604b0>,46,15,[13  4],47,-1,263,-1,248
1,<environment.Job instance at 0x7f9d4f8608c0>,50,26,[14  4],51,-1,299,-1,273
1,<environment.Job instance at 0x7f9d5032e730>,59,18,[14  1],60,-1,356,-1,338
1,<environment.Job instance at 0x7f9d5032ef50>,61,28,[ 3 12],62,-1,391,-1,363
1,<environment.Job instance at 0x7f9d4f82efa0>,70,14,[ 2 11],71,-1,443,-1,429
1,<environment.Job instance at 0x7f9d4f82e050>,72,3,[5 9],73,-1,454,-1,451
1,<environment.Job instance at 0x7f9d4f82edc0>,73,2,[6 4],74,-1,454,-1,452
1,<environment.Job instance at 0x7f9d4fd55d70>,12,27,[14  3],13,-1,501,-1,474
1,<environment.Job instance at 0x7f9d4f82e410>,74,2,[3 5],75,-1,476,-1,474
1,<environment.Job instance at 0x7f9d4f82e960>,79,15,[9 1],80,-1,489,-1,474
1,<environment.Job instance at 0x7f9d4fd637d0>,89,2,[8 4],90,-1,556,-1,554
1,<environment.Job instance at 0x7f9d4fd635f0>,94,15,[ 5 12],95,-1,569,-1,554
1,<environment.Job instance at 0x7f9d4fd63a50>,96,2,[13  3],97,-1,558,-1,556
1,<environment.Job instance at 0x7f9d4fd63280>,97,1,[8 1],98,-1,562,-1,561
1,<environment.Job instance at 0x7f9d4fd636e0>,98,15,[13  3],99,-1,576,-1,561
1,<environment.Job instance at 0x7f9d4f910730>,105,2,[ 5 13],106,-1,608,-1,606
1,<environment.Job instance at 0x7f9d509ea190>,3,17,[ 2 12],4,-1,21,-1,4
1,<environment.Job instance at 0x7f9d4fb5e280>,10,13,[ 2 10],11,-1,36,-1,23
1,<environment.Job instance at 0x7f9d4fb4ec80>,22,2,[9 1],23,-1,126,-1,124
1,<environment.Job instance at 0x7f9d4fb398c0>,25,14,[ 1 14],26,-1,152,-1,138
1,<environment.Job instance at 0x7f9d4fb39410>,26,12,[5 1],27,-1,150,-1,138
1,<environment.Job instance at 0x7f9d4fb39af0>,27,22,[12  2],28,-1,160,-1,138
1,<environment.Job instance at 0x7f9d4fb39c30>,28,26,[ 2 10],29,-1,164,-1,138
1,<environment.Job instance at 0x7f9d4fb5b230>,29,14,[12  5],30,-1,152,-1,138
1,<environment.Job instance at 0x7f9d4f839aa0>,32,3,[1 9],33,-1,158,-1,155
1,<environment.Job instance at 0x7f9d4fed7e10>,33,24,[9 3],34,-1,179,-1,155
1,<environment.Job instance at 0x7f9d4f5ac280>,34,23,[13  5],35,-1,178,-1,155
1,<environment.Job instance at 0x7f9d4f5ea0f0>,35,22,[ 4 10],36,-1,177,-1,155
1,<environment.Job instance at 0x7f9d4f5ea280>,36,20,[ 2 10],37,-1,187,-1,167
1,<environment.Job instance at 0x7f9d4ff2ba50>,39,1,[8 4],40,-1,168,-1,167
1,<environment.Job instance at 0x7f9d4ff2b960>,40,13,[12  4],41,-1,180,-1,167
1,<environment.Job instance at 0x7f9d5907d5f0>,41,27,[9 3],42,-1,194,-1,167
1,<environment.Job instance at 0x7f9d4f864c30>,43,18,[ 5 12],44,-1,193,-1,175
1,<environment.Job instance at 0x7f9d5909c690>,44,2,[ 2 13],45,-1,177,-1,175
1,<environment.Job instance at 0x7f9d5909c2d0>,45,26,[ 3 14],46,-1,201,-1,175
1,<environment.Job instance at 0x7f9d5909c550>,46,15,[11  5],47,-1,193,-1,178
1,<environment.Job instance at 0x7f9d4f852c30>,49,25,[8 4],50,-1,215,-1,190
1,<environment.Job instance at 0x7f9d59089b40>,52,18,[ 4 12],53,-1,210,-1,192
1,<environment.Job instance at 0x7f9d59089b90>,55,3,[14  5],56,-1,212,-1,209
1,<environment.Job instance at 0x7f9d59087460>,58,1,[8 1],59,-1,221,-1,220
1,<environment.Job instance at 0x7f9d590878c0>,61,2,[10  4],62,-1,235,-1,233
1,<environment.Job instance at 0x7f9d59087820>,62,26,[1 6],63,-1,259,-1,233
1,<environment.Job instance at 0x7f9d590875f0>,63,23,[5 5],64,-1,256,-1,233
1,<environment.Job instance at 0x7f9d590879b0>,64,12,[12  2],65,-1,245,-1,233
1,<environment.Job instance at 0x7f9d59087280>,65,15,[14  2],66,-1,248,-1,233
1,<environment.Job instance at 0x7f9d590873c0>,71,22,[5 4],72,-1,298,-1,276
1,<environment.Job instance at 0x7f9d590780a0>,72,26,[10  5],73,-1,302,-1,276
1,<environment.Job instance at 0x7f9d59078b40>,73,27,[10  3],74,-1,303,-1,276
1,<environment.Job instance at 0x7f9d4ff105f0>,75,28,[1 7],76,-1,307,-1,279
1,<environment.Job instance at 0x7f9d4ff10190>,76,25,[6 4],77,-1,304,-1,279
1,<environment.Job instance at 0x7f9d4ff10230>,77,17,[ 2 10],78,-1,296,-1,279
1,<environment.Job instance at 0x7f9d4ff10960>,79,12,[9 1],80,-1,296,-1,284
1,<environment.Job instance at 0x7f9d4ff108c0>,80,26,[3 6],81,-1,310,-1,284
1,<environment.Job instance at 0x7f9d4ff10140>,84,13,[13  4],85,-1,318,-1,305
1,<environment.Job instance at 0x7f9d4ff100a0>,85,24,[10  4],86,-1,329,-1,305
1,<environment.Job instance at 0x7f9d4ff10b40>,87,17,[ 2 11],88,-1,332,-1,315
1,<environment.Job instance at 0x7f9d4ff211e0>,89,1,[ 2 11],90,-1,329,-1,328
1,<environment.Job instance at 0x7f9d4ff21280>,90,25,[7 5],91,-1,354,-1,329
1,<environment.Job instance at 0x7f9d4ff21460>,92,13,[ 2 13],93,-1,342,-1,329
1,<environment.Job instance at 0x7f9d4ff21500>,93,14,[ 1 13],94,-1,343,-1,329
1,<environment.Job instance at 0x7f9d4ff21550>,94,23,[9 4],95,-1,381,-1,358
1,<environment.Job instance at 0x7f9d4ff21c30>,105,12,[11  5],106,-1,427,-1,415
1,<environment.Job instance at 0x7f9d4ff21050>,108,25,[12  1],109,-1,442,-1,417
1,<environment.Job instance at 0x7f9d506c7aa0>,11,27,[ 2 11],12,-1,51,-1,24
1,<environment.Job instance at 0x7f9d506c7500>,16,26,[9 2],17,-1,69,-1,43
1,<environment.Job instance at 0x7f9d506c77d0>,18,20,[ 1 13],19,-1,75,-1,55
1,<environment.Job instance at 0x7f9d593fcdc0>,22,23,[ 3 10],23,-1,93,-1,70
1,<environment.Job instance at 0x7f9d4f70e6e0>,26,24,[1 9],27,-1,121,-1,97
1,<environment.Job instance at 0x7f9d4f70e230>,30,1,[7 3],31,-1,112,-1,111
1,<environment.Job instance at 0x7f9d4f70ea00>,31,26,[13  1],32,-1,137,-1,111
1,<environment.Job instance at 0x7f9d4f70ed70>,34,19,[ 5 13],35,-1,144,-1,125
1,<environment.Job instance at 0x7f9d4f70e140>,36,25,[3 9],37,-1,164,-1,139
1,<environment.Job instance at 0x7f9d4fac2190>,47,13,[11  4],48,-1,234,-1,221
1,<environment.Job instance at 0x7f9d4fac25f0>,49,16,[ 2 13],50,-1,240,-1,224
1,<environment.Job instance at 0x7f9d4fac2b90>,50,1,[5 8],51,-1,225,-1,224
1,<environment.Job instance at 0x7f9d4fac2a50>,52,2,[9 3],53,-1,236,-1,234
1,<environment.Job instance at 0x7f9d4fac2870>,55,23,[9 4],56,-1,273,-1,250
1,<environment.Job instance at 0x7f9d4fac2dc0>,58,1,[10  1],59,-1,273,-1,272
1,<environment.Job instance at 0x7f9d4fac2280>,59,17,[11  2],60,-1,289,-1,272
1,<environment.Job instance at 0x7f9d4fac23c0>,61,2,[5 9],62,-1,276,-1,274
1,<environment.Job instance at 0x7f9d4f975550>,62,28,[10  3],63,-1,302,-1,274
1,<environment.Job instance at 0x7f9d4f9755f0>,63,28,[10  4],64,-1,302,-1,274
1,<environment.Job instance at 0x7f9d4f975d20>,65,25,[5 7],66,-1,310,-1,285
1,<environment.Job instance at 0x7f9d4f975730>,66,16,[13  3],67,-1,301,-1,285
1,<environment.Job instance at 0x7f9d4f975820>,72,28,[3 8],73,-1,363,-1,335
1,<environment.Job instance at 0x7f9d4f975e60>,73,18,[ 1 14],74,-1,353,-1,335
1,<environment.Job instance at 0x7f9d4f975050>,76,16,[12  2],77,-1,354,-1,338
1,<environment.Job instance at 0x7f9d4f8696e0>,77,12,[11  2],78,-1,350,-1,338
1,<environment.Job instance at 0x7f9d4f8690a0>,80,21,[11  1],81,-1,375,-1,354
1,<environment.Job instance at 0x7f9d4f869730>,81,1,[ 5 10],82,-1,355,-1,354
1,<environment.Job instance at 0x7f9d4f869e60>,82,24,[8 3],83,-1,378,-1,354
1,<environment.Job instance at 0x7f9d4f869aa0>,83,14,[11  2],84,-1,368,-1,354
1,<environment.Job instance at 0x7f9d4f869fa0>,84,23,[ 5 10],85,-1,377,-1,354
1,<environment.Job instance at 0x7f9d4f869b90>,85,25,[ 2 14],86,-1,379,-1,354
1,<environment.Job instance at 0x7f9d4f869280>,86,12,[ 3 13],87,-1,366,-1,354
1,<environment.Job instance at 0x7f9d50602190>,96,13,[11  2],97,-1,448,-1,435
1,<environment.Job instance at 0x7f9d506027d0>,97,13,[12  3],98,-1,448,-1,435
1,<environment.Job instance at 0x7f9d50602b90>,101,24,[14  3],102,-1,472,-1,448
1,<environment.Job instance at 0x7f9d506026e0>,102,25,[ 5 10],103,-1,473,-1,448
1,<environment.Job instance at 0x7f9d50602640>,103,16,[ 3 12],104,-1,464,-1,448
1,<environment.Job instance at 0x7f9d4f3112d0>,9,23,[7 1],10,-1,41,-1,18
1,<environment.Job instance at 0x7f9d4f311dc0>,10,14,[12  4],11,-1,32,-1,18
1,<environment.Job instance at 0x7f9d4f311050>,11,18,[ 5 10],12,-1,52,-1,34
1,<environment.Job instance at 0x7f9d4f311be0>,14,13,[8 2],15,-1,47,-1,34
1,<environment.Job instance at 0x7f9d4f311230>,15,12,[13  4],16,-1,46,-1,34
1,<environment.Job instance at 0x7f9d4f311460>,16,28,[5 4],17,-1,62,-1,34
1,<environment.Job instance at 0x7f9d4f311e10>,17,2,[3 8],18,-1,36,-1,34
1,<environment.Job instance at 0x7f9d4f311f50>,18,27,[6 3],19,-1,61,-1,34
1,<environment.Job instance at 0x7f9d4f311f00>,19,2,[14  3],20,-1,36,-1,34
1,<environment.Job instance at 0x7f9d4f311410>,20,25,[14  5],21,-1,59,-1,34
1,<environment.Job instance at 0x7f9d4f311d20>,21,2,[ 2 12],22,-1,36,-1,34
1,<environment.Job instance at 0x7f9d4f311320>,22,28,[7 1],23,-1,62,-1,34
1,<environment.Job instance at 0x7f9d4f3115f0>,23,18,[ 3 14],24,-1,52,-1,34
1,<environment.Job instance at 0x7f9d4f311b90>,25,16,[ 1 14],26,-1,63,-1,47
1,<environment.Job instance at 0x7f9d4f311780>,26,26,[3 8],27,-1,73,-1,47
1,<environment.Job instance at 0x7f9d4f311960>,27,26,[10  5],28,-1,73,-1,47
1,<environment.Job instance at 0x7f9d4f355cd0>,29,16,[12  4],30,-1,67,-1,51
1,<environment.Job instance at 0x7f9d4f3553c0>,30,24,[1 6],31,-1,75,-1,51
1,<environment.Job instance at 0x7f9d4f355d20>,31,14,[10  2],32,-1,65,-1,51
1,<environment.Job instance at 0x7f9d4f355a50>,32,24,[5 8],33,-1,75,-1,51
1,<environment.Job instance at 0x7f9d4f355b40>,42,12,[3 9],43,-1,161,-1,149
1,<environment.Job instance at 0x7f9d4f355af0>,47,24,[6 2],48,-1,204,-1,180
1,<environment.Job instance at 0x7f9d4f3556e0>,49,25,[8 3],50,-1,205,-1,180
1,<environment.Job instance at 0x7f9d4f355eb0>,50,15,[11  1],51,-1,195,-1,180
1,<environment.Job instance at 0x7f9d4f56ceb0>,52,1,[7 4],53,-1,197,-1,196
1,<environment.Job instance at 0x7f9d4f56cd20>,57,20,[ 5 13],58,-1,244,-1,224
1,<environment.Job instance at 0x7f9d4f56c2d0>,61,27,[6 4],62,-1,270,-1,243
1,<environment.Job instance at 0x7f9d4f56cd70>,62,25,[6 1],63,-1,268,-1,243
1,<environment.Job instance at 0x7f9d4f56c460>,63,23,[5 5],64,-1,266,-1,243
1,<environment.Job instance at 0x7f9d4fa95460>,65,12,[13  5],66,-1,255,-1,243
1,<environment.Job instance at 0x7f9d4fa95aa0>,67,23,[10  2],68,-1,278,-1,255
1,<environment.Job instance at 0x7f9d4fa950a0>,75,25,[5 3],76,-1,342,-1,317
1,<environment.Job instance at 0x7f9d4fa95230>,77,2,[5 7],78,-1,324,-1,322
1,<environment.Job instance at 0x7f9d5911a0a0>,78,14,[ 4 10],79,-1,336,-1,322
1,<environment.Job instance at 0x7f9d5911a2d0>,80,27,[ 2 10],81,-1,363,-1,336
1,<environment.Job instance at 0x7f9d503d7a00>,81,16,[ 1 12],82,-1,352,-1,336
1,<environment.Job instance at 0x7f9d503d71e0>,82,15,[13  4],83,-1,351,-1,336
1,<environment.Job instance at 0x7f9d4f310870>,83,2,[ 1 13],84,-1,338,-1,336
1,<environment.Job instance at 0x7f9d4f4d96e0>,84,17,[ 1 10],85,-1,353,-1,336
1,<environment.Job instance at 0x7f9d509b2410>,85,28,[ 2 14],86,-1,364,-1,336
1,<environment.Job instance at 0x7f9d4f2aa780>,86,28,[5 1],87,-1,364,-1,336
1,<environment.Job instance at 0x7f9d503d7820>,87,22,[8 3],88,-1,359,-1,337
1,<environment.Job instance at 0x7f9d4f310c80>,89,21,[ 1 11],90,-1,358,-1,337
1,<environment.Job instance at 0x7f9d4ff3f910>,90,21,[9 1],91,-1,361,-1,340
1,<environment.Job instance at 0x7f9d596326e0>,93,21,[8 3],94,-1,377,-1,356
1,<environment.Job instance at 0x7f9d4f9eb5f0>,95,26,[2 9],96,-1,385,-1,359
1,<environment.Job instance at 0x7f9d4fafaaf0>,97,12,[ 2 13],98,-1,378,-1,366
1,<environment.Job instance at 0x7f9d509c9e10>,98,17,[11  4],99,-1,383,-1,366
1,<environment.Job instance at 0x7f9d509c92d0>,99,27,[ 4 13],100,-1,393,-1,366
1,<environment.Job instance at 0x7f9d4fee6320>,100,15,[14  1],101,-1,381,-1,366
1,<environment.Job instance at 0x7f9d50694320>,105,12,[3 6],106,-1,427,-1,415
1,<environment.Job instance at 0x7f9d50194500>,108,25,[5 5],109,-1,447,-1,422
1,<environment.Job instance at 0x7f9d50694aa0>,104,26,[ 4 10],105,-1,8867,-1,8841
1,<environment.Job instance at 0x7f9d5042e780>,2,27,[10  3],3,-1,30,-1,3
1,<environment.Job instance at 0x7f9d4f9b7640>,3,1,[ 1 11],4,-1,5,-1,4
1,<environment.Job instance at 0x7f9d4f9b7e10>,4,18,[ 2 12],5,-1,23,-1,5
1,<environment.Job instance at 0x7f9d4f9b7910>,5,22,[ 2 11],6,-1,28,-1,6
1,<environment.Job instance at 0x7f9d4f9b7190>,8,28,[ 4 10],9,-1,37,-1,9
1,<environment.Job instance at 0x7f9d4f9b79b0>,11,24,[2 6],12,-1,37,-1,13
1,<environment.Job instance at 0x7f9d4f9b7960>,15,27,[ 2 10],16,-1,43,-1,16
1,<environment.Job instance at 0x7f9d4f9b7280>,17,1,[11  5],18,-1,19,-1,18
1,<environment.Job instance at 0x7f9d4f9b7690>,18,14,[ 5 14],19,-1,33,-1,19
1,<environment.Job instance at 0x7f9d4f9b7500>,20,25,[9 2],21,-1,54,-1,29
1,<environment.Job instance at 0x7f9d507da460>,22,2,[ 5 13],23,-1,34,-1,32
1,<environment.Job instance at 0x7f9d507da320>,25,13,[ 5 13],26,-1,60,-1,47
1,<environment.Job instance at 0x7f9d507da500>,26,19,[ 3 10],27,-1,66,-1,47
1,<environment.Job instance at 0x7f9d507dae10>,28,24,[5 1],29,-1,83,-1,59
1,<environment.Job instance at 0x7f9d507da820>,29,13,[ 5 12],30,-1,72,-1,59
1,<environment.Job instance at 0x7f9d507daeb0>,31,23,[1 8],32,-1,85,-1,62
1,<environment.Job instance at 0x7f9d507da410>,32,28,[ 2 10],33,-1,90,-1,62
1,<environment.Job instance at 0x7f9d4f8e8370>,34,16,[ 2 10],35,-1,94,-1,78
1,<environment.Job instance at 0x7f9d4f8e8aa0>,35,21,[ 3 14],36,-1,99,-1,78
1,<environment.Job instance at 0x7f9d4f8e8820>,36,21,[ 2 10],37,-1,99,-1,78
1,<environment.Job instance at 0x7f9d4f8e84b0>,39,21,[13  5],40,-1,116,-1,95
1,<environment.Job instance at 0x7f9d4f8e80f0>,44,12,[10  1],45,-1,126,-1,114
1,<environment.Job instance at 0x7f9d4f8e8be0>,45,28,[ 1 13],46,-1,142,-1,114
1,<environment.Job instance at 0x7f9d4f8e8cd0>,46,19,[ 5 14],47,-1,133,-1,114
1,<environment.Job instance at 0x7f9d4f8e8190>,47,12,[10  1],48,-1,126,-1,114
1,<environment.Job instance at 0x7f9d4f8e8460>,51,18,[ 3 11],52,-1,151,-1,133
1,<environment.Job instance at 0x7f9d4f8e8640>,52,12,[ 1 10],53,-1,145,-1,133
1,<environment.Job instance at 0x7f9d594027d0>,53,26,[ 2 11],54,-1,159,-1,133
1,<environment.Job instance at 0x7f9d59402870>,54,13,[13  4],55,-1,146,-1,133
1,<environment.Job instance at 0x7f9d59402820>,57,13,[12  4],58,-1,163,-1,150
1,<environment.Job instance at 0x7f9d59402190>,58,17,[ 5 13],59,-1,167,-1,150
1,<environment.Job instance at 0x7f9d59402500>,59,16,[ 5 14],60,-1,166,-1,150
1,<environment.Job instance at 0x7f9d594023c0>,60,25,[5 8],61,-1,175,-1,150
1,<environment.Job instance at 0x7f9d59402690>,62,17,[ 2 14],63,-1,167,-1,150
1,<environment.Job instance at 0x7f9d59402a50>,63,18,[11  3],64,-1,168,-1,150
1,<environment.Job instance at 0x7f9d504ee7d0>,66,13,[10  4],67,-1,171,-1,158
1,<environment.Job instance at 0x7f9d504ee190>,68,24,[11  3],69,-1,189,-1,165
1,<environment.Job instance at 0x7f9d504ee500>,69,15,[ 5 12],70,-1,180,-1,165
1,<environment.Job instance at 0x7f9d504eef50>,70,26,[ 1 12],71,-1,191,-1,165
1,<environment.Job instance at 0x7f9d504eecd0>,72,25,[1 8],73,-1,201,-1,176
1,<environment.Job instance at 0x7f9d504ee550>,73,27,[ 3 12],74,-1,203,-1,176
1,<environment.Job instance at 0x7f9d504eee60>,74,13,[3 9],75,-1,189,-1,176
1,<environment.Job instance at 0x7f9d504ee5a0>,75,13,[12  4],76,-1,189,-1,176
1,<environment.Job instance at 0x7f9d504ee690>,82,13,[13  2],83,-1,267,-1,254
1,<environment.Job instance at 0x7f9d5037d910>,95,15,[12  2],96,-1,379,-1,364
1,<environment.Job instance at 0x7f9d5037df50>,97,1,[4 5],98,-1,365,-1,364
1,<environment.Job instance at 0x7f9d5037dc80>,99,15,[ 3 13],100,-1,400,-1,385
1,<environment.Job instance at 0x7f9d5037d550>,2,3,[ 5 14],3,-1,6,-1,3
1,<environment.Job instance at 0x7f9d50003690>,3,18,[14  4],4,-1,23,-1,5
1,<environment.Job instance at 0x7f9d4f191910>,16,13,[5 5],17,-1,64,-1,51
1,<environment.Job instance at 0x7f9d4f191190>,17,14,[14  4],18,-1,65,-1,51
1,<environment.Job instance at 0x7f9d509d3dc0>,18,3,[4 8],19,-1,54,-1,51
1,<environment.Job instance at 0x7f9d4f1911e0>,19,17,[7 1],20,-1,68,-1,51
1,<environment.Job instance at 0x7f9d509d32d0>,20,16,[2 8],21,-1,67,-1,51
1,<environment.Job instance at 0x7f9d509d35f0>,21,23,[3 6],22,-1,74,-1,51
1,<environment.Job instance at 0x7f9d509d3e10>,22,14,[1 7],23,-1,65,-1,51
1,<environment.Job instance at 0x7f9d509d33c0>,23,13,[4 5],24,-1,64,-1,51
1,<environment.Job instance at 0x7f9d509d3aa0>,24,23,[2 6],25,-1,74,-1,51
1,<environment.Job instance at 0x7f9d509d3410>,25,15,[ 3 13],26,-1,66,-1,51
1,<environment.Job instance at 0x7f9d509d3d20>,26,15,[5 5],27,-1,66,-1,51
1,<environment.Job instance at 0x7f9d509d3d70>,27,22,[6 5],28,-1,73,-1,51
1,<environment.Job instance at 0x7f9d509d3050>,28,24,[9 2],29,-1,75,-1,51
1,<environment.Job instance at 0x7f9d509d3a00>,29,13,[11  4],30,-1,64,-1,51
1,<environment.Job instance at 0x7f9d509d3f50>,30,17,[ 3 12],31,-1,68,-1,51
1,<environment.Job instance at 0x7f9d4f6756e0>,31,2,[7 4],32,-1,53,-1,51
1,<environment.Job instance at 0x7f9d4f675410>,32,2,[4 6],33,-1,53,-1,51
1,<environment.Job instance at 0x7f9d4f675230>,33,2,[12  2],34,-1,53,-1,51
1,<environment.Job instance at 0x7f9d4f675910>,34,17,[13  5],35,-1,68,-1,51
1,<environment.Job instance at 0x7f9d4f583f50>,35,15,[1 6],36,-1,66,-1,51
1,<environment.Job instance at 0x7f9d4f5836e0>,36,16,[4 6],37,-1,71,-1,55
1,<environment.Job instance at 0x7f9d4f583dc0>,37,15,[ 5 12],38,-1,70,-1,55
1,<environment.Job instance at 0x7f9d4f583c80>,38,19,[ 4 10],39,-1,74,-1,55
1,<environment.Job instance at 0x7f9d4f5838c0>,39,3,[3 6],40,-1,58,-1,55
1,<environment.Job instance at 0x7f9d4f5831e0>,40,18,[2 9],41,-1,73,-1,55
1,<environment.Job instance at 0x7f9d4f583f00>,41,16,[2 7],42,-1,78,-1,62
1,<environment.Job instance at 0x7f9d4f583fa0>,42,25,[10  5],43,-1,87,-1,62
1,<environment.Job instance at 0x7f9d4f583320>,44,12,[8 4],45,-1,77,-1,65
1,<environment.Job instance at 0x7f9d4f583640>,45,16,[1 8],46,-1,81,-1,65
1,<environment.Job instance at 0x7f9d4f583280>,46,28,[4 6],47,-1,93,-1,65
1,<environment.Job instance at 0x7f9d4fe15320>,47,26,[2 6],48,-1,91,-1,65
1,<environment.Job instance at 0x7f9d4fe15b90>,48,20,[9 3],49,-1,109,-1,89
1,<environment.Job instance at 0x7f9d4fe15c80>,50,13,[13  5],51,-1,102,-1,89
1,<environment.Job instance at 0x7f9d4fe15dc0>,51,12,[6 2],52,-1,101,-1,89
1,<environment.Job instance at 0x7f9d4fe155f0>,55,1,[ 1 13],56,-1,90,-1,89
1,<environment.Job instance at 0x7f9d4fe15410>,56,26,[8 2],57,-1,115,-1,89
1,<environment.Job instance at 0x7f9d4fe15050>,57,26,[5 7],58,-1,115,-1,89
1,<environment.Job instance at 0x7f9d4fe15aa0>,59,26,[11  1],60,-1,119,-1,93
1,<environment.Job instance at 0x7f9d4fe153c0>,60,12,[1 7],61,-1,105,-1,93
1,<environment.Job instance at 0x7f9d4fe15be0>,62,13,[10  1],63,-1,117,-1,104
1,<environment.Job instance at 0x7f9d4fe15af0>,63,18,[1 7],64,-1,123,-1,105
1,<environment.Job instance at 0x7f9d4fe152d0>,65,18,[ 1 12],66,-1,126,-1,108
1,<environment.Job instance at 0x7f9d5963efa0>,66,15,[ 3 11],67,-1,123,-1,108
1,<environment.Job instance at 0x7f9d4fe15280>,67,24,[1 5],68,-1,132,-1,108
1,<environment.Job instance at 0x7f9d4fe156e0>,68,23,[6 3],69,-1,131,-1,108
1,<environment.Job instance at 0x7f9d4fdff320>,69,16,[ 2 13],70,-1,124,-1,108
1,<environment.Job instance at 0x7f9d4fdff050>,70,21,[ 4 13],71,-1,129,-1,108
1,<environment.Job instance at 0x7f9d4fdff640>,73,27,[13  3],74,-1,157,-1,130
1,<environment.Job instance at 0x7f9d4fdff910>,74,24,[3 9],75,-1,154,-1,130
1,<environment.Job instance at 0x7f9d4fdff1e0>,75,2,[5 7],76,-1,132,-1,130
1,<environment.Job instance at 0x7f9d4fdffbe0>,76,23,[14  1],77,-1,153,-1,130
1,<environment.Job instance at 0x7f9d4fdffdc0>,77,27,[11  2],78,-1,157,-1,130
1,<environment.Job instance at 0x7f9d4fdffeb0>,79,12,[10  4],80,-1,156,-1,144
1,<environment.Job instance at 0x7f9d4fdff500>,81,15,[13  2],82,-1,159,-1,144
1,<environment.Job instance at 0x7f9d4fdff190>,82,16,[11  3],83,-1,160,-1,144
1,<environment.Job instance at 0x7f9d4fdff140>,83,15,[ 1 10],84,-1,159,-1,144
1,<environment.Job instance at 0x7f9d4fdff870>,84,17,[5 1],85,-1,161,-1,144
1,<environment.Job instance at 0x7f9d4fdffaf0>,86,16,[13  2],87,-1,169,-1,153
1,<environment.Job instance at 0x7f9d4f793be0>,93,27,[6 1],94,-1,265,-1,238
1,<environment.Job instance at 0x7f9d4f793050>,97,19,[ 5 10],98,-1,264,-1,245
1,<environment.Job instance at 0x7f9d4f793f00>,99,24,[14  3],100,-1,281,-1,257
1,<environment.Job instance at 0x7f9d4f793e10>,100,16,[ 1 14],101,-1,273,-1,257
1,<environment.Job instance at 0x7f9d4f793aa0>,101,24,[10  2],102,-1,281,-1,257
1,<environment.Job instance at 0x7f9d4f793500>,102,2,[3 6],103,-1,259,-1,257
1,<environment.Job instance at 0x7f9d4f793d70>,103,3,[ 2 14],104,-1,260,-1,257
1,<environment.Job instance at 0x7f9d4f793b40>,105,19,[11  3],106,-1,291,-1,272
1,<environment.Job instance at 0x7f9d4f7935a0>,106,18,[ 5 11],107,-1,290,-1,272
1,<environment.Job instance at 0x7f9d4f83e500>,107,21,[12  1],108,-1,293,-1,272
1,<environment.Job instance at 0x7f9d4f83e370>,108,18,[12  4],109,-1,290,-1,272
1,<environment.Job instance at 0x7f9d4f793a00>,92,28,[13  5],93,-1,1008,-1,980
1,<environment.Job instance at 0x7f9d509e0c30>,3,25,[13  3],4,-1,29,-1,4
1,<environment.Job instance at 0x7f9d59121c30>,4,22,[ 5 10],5,-1,27,-1,5
1,<environment.Job instance at 0x7f9d59121a50>,5,13,[ 3 12],6,-1,19,-1,6
1,<environment.Job instance at 0x7f9d5904b7d0>,7,26,[3 8],8,-1,34,-1,8
1,<environment.Job instance at 0x7f9d5904b3c0>,8,16,[ 5 12],9,-1,25,-1,9
1,<environment.Job instance at 0x7f9d5904b4b0>,9,24,[13  4],10,-1,34,-1,10
1,<environment.Job instance at 0x7f9d5904bbe0>,10,27,[8 2],11,-1,38,-1,11
1,<environment.Job instance at 0x7f9d5904bb40>,12,27,[4 5],13,-1,40,-1,13
1,<environment.Job instance at 0x7f9d5904ba50>,19,26,[9 2],20,-1,46,-1,20
1,<environment.Job instance at 0x7f9d5904baa0>,21,16,[13  4],22,-1,39,-1,23
1,<environment.Job instance at 0x7f9d5904bf00>,22,28,[2 7],23,-1,51,-1,23
1,<environment.Job instance at 0x7f9d50a07aa0>,25,17,[ 3 13],26,-1,55,-1,38
1,<environment.Job instance at 0x7f9d50a07500>,26,28,[3 7],27,-1,66,-1,38
1,<environment.Job instance at 0x7f9d50a079b0>,27,20,[11  2],28,-1,58,-1,38
1,<environment.Job instance at 0x7f9d50a07b90>,30,14,[ 4 10],31,-1,70,-1,56
1,<environment.Job instance at 0x7f9d50a07320>,31,1,[5 5],32,-1,57,-1,56
1,<environment.Job instance at 0x7f9d50a07820>,32,14,[ 5 13],33,-1,70,-1,56
1,<environment.Job instance at 0x7f9d5963a3c0>,37,20,[11  4],38,-1,112,-1,92
1,<environment.Job instance at 0x7f9d5963aaf0>,38,27,[6 1],39,-1,119,-1,92
1,<environment.Job instance at 0x7f9d5963aaa0>,40,22,[1 7],41,-1,121,-1,99
1,<environment.Job instance at 0x7f9d509d7c30>,43,20,[8 1],44,-1,128,-1,108
1,<environment.Job instance at 0x7f9d509d7f50>,44,27,[10  1],45,-1,135,-1,108
1,<environment.Job instance at 0x7f9d509d7730>,46,1,[10  5],47,-1,112,-1,111
1,<environment.Job instance at 0x7f9d509d7af0>,48,21,[ 1 10],49,-1,152,-1,131
1,<environment.Job instance at 0x7f9d509d7230>,53,2,[14  3],54,-1,172,-1,170
1,<environment.Job instance at 0x7f9d509d72d0>,54,24,[13  5],55,-1,194,-1,170
1,<environment.Job instance at 0x7f9d4f78f5a0>,58,27,[ 3 10],59,-1,222,-1,195
1,<environment.Job instance at 0x7f9d4f78fe10>,60,12,[14  1],61,-1,207,-1,195
1,<environment.Job instance at 0x7f9d4f78f6e0>,62,13,[11  4],63,-1,218,-1,205
1,<environment.Job instance at 0x7f9d4f78fc80>,67,15,[ 4 13],68,-1,255,-1,240
1,<environment.Job instance at 0x7f9d4f78f5f0>,69,13,[11  4],70,-1,267,-1,254
1,<environment.Job instance at 0x7f9d4f78fb90>,74,15,[10  1],75,-1,285,-1,270
1,<environment.Job instance at 0x7f9d4f1ad640>,76,14,[10  2],77,-1,304,-1,290
1,<environment.Job instance at 0x7f9d4f1ad0a0>,79,2,[5 7],80,-1,301,-1,299
1,<environment.Job instance at 0x7f9d4f7bf2d0>,80,17,[ 4 10],81,-1,330,-1,313
1,<environment.Job instance at 0x7f9d505c2230>,83,28,[4 7],84,-1,341,-1,313
1,<environment.Job instance at 0x7f9d5002f910>,84,14,[6 5],85,-1,327,-1,313
1,<environment.Job instance at 0x7f9d5002fa00>,85,14,[7 2],86,-1,327,-1,313
1,<environment.Job instance at 0x7f9d4f7db320>,86,16,[11  4],87,-1,329,-1,313
1,<environment.Job instance at 0x7f9d4f7db050>,87,24,[1 7],88,-1,337,-1,313
1,<environment.Job instance at 0x7f9d4f7dbeb0>,88,12,[2 6],89,-1,325,-1,313
1,<environment.Job instance at 0x7f9d4f7dba00>,89,17,[13  2],90,-1,330,-1,313
1,<environment.Job instance at 0x7f9d4f7db370>,90,1,[3 9],91,-1,314,-1,313
1,<environment.Job instance at 0x7f9d4f55d2d0>,91,23,[13  4],92,-1,336,-1,313
1,<environment.Job instance at 0x7f9d4f55d550>,93,26,[1 9],94,-1,343,-1,317
1,<environment.Job instance at 0x7f9d4f55d230>,94,25,[5 4],95,-1,342,-1,317
1,<environment.Job instance at 0x7f9d4f55d0f0>,95,22,[ 2 10],96,-1,339,-1,317
1,<environment.Job instance at 0x7f9d4f8b5500>,96,14,[13  4],97,-1,331,-1,317
1,<environment.Job instance at 0x7f9d590e2190>,97,18,[3 9],98,-1,338,-1,320
1,<environment.Job instance at 0x7f9d4f81e6e0>,98,12,[13  4],99,-1,332,-1,320
1,<environment.Job instance at 0x7f9d4fb2d690>,99,16,[1 7],100,-1,341,-1,325
1,<environment.Job instance at 0x7f9d590e2be0>,100,19,[12  3],101,-1,344,-1,325
1,<environment.Job instance at 0x7f9d5063a280>,101,17,[ 5 11],102,-1,342,-1,325
1,<environment.Job instance at 0x7f9d505b6aa0>,102,2,[ 1 10],103,-1,327,-1,325
1,<environment.Job instance at 0x7f9d4f1ef280>,106,15,[14  3],107,-1,375,-1,360
1,<environment.Job instance at 0x7f9d50693960>,108,17,[12  2],109,-1,380,-1,363
1,<environment.Job instance at 0x7f9d5002e3c0>,4,28,[14  5],5,-1,33,-1,5
1,<environment.Job instance at 0x7f9d50693550>,34,18,[ 5 10],35,-1,616,-1,598
1,<environment.Job instance at 0x7f9d4f234320>,3,24,[ 5 12],4,-1,28,-1,4
1,<environment.Job instance at 0x7f9d4f234a50>,4,2,[1 7],5,-1,15,-1,13
1,<environment.Job instance at 0x7f9d4f234b90>,8,14,[ 3 12],9,-1,27,-1,13
1,<environment.Job instance at 0x7f9d4f234870>,10,19,[ 4 11],11,-1,32,-1,13
1,<environment.Job instance at 0x7f9d4f234370>,12,17,[11  4],13,-1,62,-1,45
1,<environment.Job instance at 0x7f9d4f43d780>,18,14,[ 4 10],19,-1,69,-1,55
1,<environment.Job instance at 0x7f9d4f43dd70>,19,13,[ 1 11],20,-1,68,-1,55
1,<environment.Job instance at 0x7f9d4f43d230>,20,14,[11  4],21,-1,69,-1,55
1,<environment.Job instance at 0x7f9d4f43d2d0>,21,24,[ 4 11],22,-1,79,-1,55
1,<environment.Job instance at 0x7f9d4f43d0a0>,22,24,[4 8],23,-1,79,-1,55
1,<environment.Job instance at 0x7f9d4fa3fdc0>,37,23,[6 2],38,-1,174,-1,151
1,<environment.Job instance at 0x7f9d4fa3faa0>,38,12,[11  4],39,-1,163,-1,151
1,<environment.Job instance at 0x7f9d4fa3fe60>,39,3,[ 1 12],40,-1,154,-1,151
1,<environment.Job instance at 0x7f9d4fa3f500>,40,14,[12  1],41,-1,165,-1,151
1,<environment.Job instance at 0x7f9d4fa3f280>,45,17,[ 1 11],46,-1,195,-1,178
1,<environment.Job instance at 0x7f9d4fa3f0f0>,47,18,[12  5],48,-1,196,-1,178
1,<environment.Job instance at 0x7f9d4fa3ff00>,48,20,[13  1],49,-1,198,-1,178
1,<environment.Job instance at 0x7f9d4fe06910>,49,17,[ 5 13],50,-1,195,-1,178
1,<environment.Job instance at 0x7f9d4fe065a0>,51,23,[4 8],52,-1,213,-1,190
1,<environment.Job instance at 0x7f9d4fe06410>,54,26,[2 8],55,-1,231,-1,205
1,<environment.Job instance at 0x7f9d4fe068c0>,56,13,[12  5],57,-1,227,-1,214
1,<environment.Job instance at 0x7f9d4fe06050>,58,14,[ 2 11],59,-1,232,-1,218
1,<environment.Job instance at 0x7f9d4fe06280>,62,26,[6 5],63,-1,265,-1,239
1,<environment.Job instance at 0x7f9d4fe06aa0>,63,14,[10  1],64,-1,253,-1,239
1,<environment.Job instance at 0x7f9d4fe06be0>,64,22,[13  2],65,-1,261,-1,239
1,<environment.Job instance at 0x7f9d4fe06fa0>,65,3,[4 9],66,-1,242,-1,239
1,<environment.Job instance at 0x7f9d4fe06640>,68,24,[4 5],69,-1,276,-1,252
1,<environment.Job instance at 0x7f9d5055be10>,69,28,[ 3 11],70,-1,280,-1,252
1,<environment.Job instance at 0x7f9d5055b4b0>,70,12,[9 1],71,-1,265,-1,253
1,<environment.Job instance at 0x7f9d5055b960>,72,19,[ 2 12],73,-1,280,-1,261
1,<environment.Job instance at 0x7f9d5055b6e0>,75,22,[3 6],76,-1,287,-1,265
1,<environment.Job instance at 0x7f9d5055bc80>,77,17,[ 4 12],78,-1,282,-1,265
1,<environment.Job instance at 0x7f9d5055b320>,79,20,[11  5],80,-1,300,-1,280
1,<environment.Job instance at 0x7f9d5055b9b0>,80,16,[12  3],81,-1,296,-1,280
1,<environment.Job instance at 0x7f9d5055b640>,81,3,[5 7],82,-1,283,-1,280
1,<environment.Job instance at 0x7f9d5055bfa0>,83,27,[ 1 10],84,-1,311,-1,284
1,<environment.Job instance at 0x7f9d5055b500>,84,14,[ 1 11],85,-1,298,-1,284
1,<environment.Job instance at 0x7f9d5055b280>,85,25,[ 5 11],86,-1,309,-1,284
1,<environment.Job instance at 0x7f9d5055b910>,87,1,[1 7],88,-1,298,-1,297
1,<environment.Job instance at 0x7f9d509b6c80>,88,20,[5 1],89,-1,320,-1,300
1,<environment.Job instance at 0x7f9d509b6eb0>,90,13,[4 8],91,-1,320,-1,307
1,<environment.Job instance at 0x7f9d509b6320>,92,19,[ 3 12],93,-1,328,-1,309
1,<environment.Job instance at 0x7f9d509b6cd0>,93,23,[4 5],94,-1,332,-1,309
1,<environment.Job instance at 0x7f9d4f1cf320>,96,22,[ 2 12],97,-1,353,-1,331
1,<environment.Job instance at 0x7f9d4f1cf500>,97,17,[12  5],98,-1,348,-1,331
1,<environment.Job instance at 0x7f9d4f1cf550>,98,28,[11  4],99,-1,359,-1,331
1,<environment.Job instance at 0x7f9d4f1cf460>,99,1,[4 9],100,-1,332,-1,331
1,<environment.Job instance at 0x7f9d4f1cffa0>,100,12,[ 4 14],101,-1,343,-1,331
1,<environment.Job instance at 0x7f9d4f1cfbe0>,101,22,[2 7],102,-1,353,-1,331
1,<environment.Job instance at 0x7f9d4f1cf7d0>,102,13,[9 5],103,-1,345,-1,332
1,<environment.Job instance at 0x7f9d4f1cf2d0>,103,15,[ 4 10],104,-1,374,-1,359
1,<environment.Job instance at 0x7f9d4f1cff50>,107,18,[13  2],108,-1,384,-1,366
1,<environment.Job instance at 0x7f9d4f1cf3c0>,108,3,[6 5],109,-1,369,-1,366
1,<environment.Job instance at 0x7f9d50135cd0>,2,27,[8 5],3,-1,30,-1,3
1,<environment.Job instance at 0x7f9d501356e0>,4,25,[ 1 12],5,-1,30,-1,5
1,<environment.Job instance at 0x7f9d501359b0>,7,20,[14  5],8,-1,28,-1,8
1,<environment.Job instance at 0x7f9d5012e190>,8,25,[ 3 12],9,-1,34,-1,9
1,<environment.Job instance at 0x7f9d5012e140>,9,14,[13  1],10,-1,24,-1,10
1,<environment.Job instance at 0x7f9d590ee370>,11,13,[ 2 12],12,-1,25,-1,12
1,<environment.Job instance at 0x7f9d5012e320>,16,16,[14  1],17,-1,40,-1,24
1,<environment.Job instance at 0x7f9d4f1dfaa0>,17,3,[ 2 13],18,-1,27,-1,24
1,<environment.Job instance at 0x7f9d4f1dfb90>,21,26,[13  3],22,-1,66,-1,40
1,<environment.Job instance at 0x7f9d4fdfa780>,24,17,[14  1],25,-1,75,-1,58
1,<environment.Job instance at 0x7f9d4f1e4a00>,28,15,[ 3 11],29,-1,89,-1,74
1,<environment.Job instance at 0x7f9d4f1ea5f0>,29,20,[ 4 12],30,-1,94,-1,74
1,<environment.Job instance at 0x7f9d5904a690>,30,28,[5 8],31,-1,102,-1,74
1,<environment.Job instance at 0x7f9d5904a870>,31,17,[ 3 14],32,-1,91,-1,74
1,<environment.Job instance at 0x7f9d505ab140>,32,27,[ 3 10],33,-1,101,-1,74
1,<environment.Job instance at 0x7f9d505ab5a0>,35,22,[ 1 10],36,-1,126,-1,104
1,<environment.Job instance at 0x7f9d501432d0>,43,2,[ 5 11],44,-1,167,-1,165
1,<environment.Job instance at 0x7f9d50143780>,44,1,[8 2],45,-1,166,-1,165
1,<environment.Job instance at 0x7f9d50143b40>,50,24,[14  3],51,-1,238,-1,214
1,<environment.Job instance at 0x7f9d50143820>,53,2,[13  4],54,-1,231,-1,229
1,<environment.Job instance at 0x7f9d50143af0>,54,22,[12  2],55,-1,251,-1,229
1,<environment.Job instance at 0x7f9d50143e10>,56,17,[14  5],57,-1,249,-1,232
1,<environment.Job instance at 0x7f9d4f1ddc30>,57,28,[ 3 11],58,-1,260,-1,232
1,<environment.Job instance at 0x7f9d4f1dd3c0>,58,12,[ 2 14],59,-1,244,-1,232
1,<environment.Job instance at 0x7f9d4f1ddfa0>,59,18,[14  4],60,-1,250,-1,232
1,<environment.Job instance at 0x7f9d4f1dd9b0>,60,14,[12  5],61,-1,246,-1,232
1,<environment.Job instance at 0x7f9d4f1dd0a0>,61,28,[9 4],62,-1,260,-1,232
1,<environment.Job instance at 0x7f9d4f1dd500>,62,28,[13  4],63,-1,260,-1,232
1,<environment.Job instance at 0x7f9d4f1ddf00>,63,16,[ 3 13],64,-1,248,-1,232
1,<environment.Job instance at 0x7f9d5951b3c0>,65,16,[ 2 13],66,-1,248,-1,232
1,<environment.Job instance at 0x7f9d502b0320>,68,3,[5 2],69,-1,269,-1,266
1,<environment.Job instance at 0x7f9d50a39be0>,69,18,[ 4 12],70,-1,284,-1,266
1,<environment.Job instance at 0x7f9d4f1b1e60>,75,23,[ 4 10],76,-1,323,-1,300
1,<environment.Job instance at 0x7f9d4f8eb780>,81,14,[14  1],82,-1,363,-1,349
1,<environment.Job instance at 0x7f9d4fedd460>,82,24,[8 5],83,-1,378,-1,354
1,<environment.Job instance at 0x7f9d4fd4fb40>,87,17,[ 5 13],88,-1,385,-1,368
1,<environment.Job instance at 0x7f9d4f454c80>,88,26,[ 3 14],89,-1,394,-1,368
1,<environment.Job instance at 0x7f9d4f461e10>,101,15,[ 2 12],102,-1,490,-1,475
1,<environment.Job instance at 0x7f9d4f461550>,102,2,[10  2],103,-1,478,-1,476
1,<environment.Job instance at 0x7f9d4f461af0>,106,2,[6 5],107,-1,499,-1,497
1,<environment.Job instance at 0x7f9d4f69afa0>,8,3,[ 2 11],9,-1,16,-1,13
1,<environment.Job instance at 0x7f9d4f69a280>,9,26,[1 9],10,-1,39,-1,13
1,<environment.Job instance at 0x7f9d4f69a320>,10,28,[9 3],11,-1,41,-1,13
1,<environment.Job instance at 0x7f9d4f69a9b0>,12,28,[5 3],13,-1,44,-1,16
1,<environment.Job instance at 0x7f9d4f69a460>,15,1,[ 3 13],16,-1,34,-1,33
1,<environment.Job instance at 0x7f9d4f69a910>,16,22,[ 2 11],17,-1,55,-1,33
1,<environment.Job instance at 0x7f9d4f69ac80>,17,24,[ 2 13],18,-1,57,-1,33
1,<environment.Job instance at 0x7f9d4f6a9550>,25,20,[14  4],26,-1,109,-1,89
1,<environment.Job instance at 0x7f9d4f6a9eb0>,26,22,[ 1 14],27,-1,111,-1,89
1,<environment.Job instance at 0x7f9d4f6a9fa0>,27,2,[14  4],28,-1,91,-1,89
1,<environment.Job instance at 0x7f9d4f6a90a0>,29,27,[4 9],30,-1,118,-1,91
1,<environment.Job instance at 0x7f9d4f6a9500>,30,16,[ 4 13],31,-1,107,-1,91
1,<environment.Job instance at 0x7f9d4f6a9320>,32,16,[14  2],33,-1,112,-1,96
1,<environment.Job instance at 0x7f9d4f6a9cd0>,33,12,[14  2],34,-1,108,-1,96
1,<environment.Job instance at 0x7f9d4f6a9c80>,34,1,[14  4],35,-1,97,-1,96
1,<environment.Job instance at 0x7f9d4f8551e0>,35,2,[14  4],36,-1,98,-1,96
1,<environment.Job instance at 0x7f9d4f855eb0>,36,24,[2 9],37,-1,120,-1,96
1,<environment.Job instance at 0x7f9d4f8556e0>,37,12,[ 2 12],38,-1,108,-1,96
1,<environment.Job instance at 0x7f9d4f855640>,38,14,[13  4],39,-1,110,-1,96
1,<environment.Job instance at 0x7f9d4f855190>,39,20,[ 3 11],40,-1,116,-1,96
1,<environment.Job instance at 0x7f9d4f855fa0>,41,16,[14  4],42,-1,124,-1,108
1,<environment.Job instance at 0x7f9d4f855af0>,44,2,[ 3 14],45,-1,110,-1,108
1,<environment.Job instance at 0x7f9d4f8557d0>,46,27,[7 4],47,-1,145,-1,118
1,<environment.Job instance at 0x7f9d4f855f00>,51,24,[6 3],52,-1,174,-1,150
1,<environment.Job instance at 0x7f9d4f855be0>,52,28,[2 8],53,-1,178,-1,150
1,<environment.Job instance at 0x7f9d4f855f50>,53,13,[12  3],54,-1,163,-1,150
1,<environment.Job instance at 0x7f9d4f8550a0>,56,23,[ 3 11],57,-1,181,-1,158
1,<environment.Job instance at 0x7f9d4f855d20>,57,14,[ 4 13],58,-1,172,-1,158
1,<environment.Job instance at 0x7f9d508d9e10>,58,26,[9 3],59,-1,184,-1,158
1,<environment.Job instance at 0x7f9d508d9c80>,61,20,[ 4 14],62,-1,193,-1,173
1,<environment.Job instance at 0x7f9d508d9190>,63,14,[12  5],64,-1,194,-1,180
1,<environment.Job instance at 0x7f9d508d9320>,64,25,[ 5 12],65,-1,205,-1,180
1,<environment.Job instance at 0x7f9d4f8c4c30>,66,15,[ 3 14],67,-1,195,-1,180
1,<environment.Job instance at 0x7f9d4f8c4730>,69,1,[10  1],70,-1,195,-1,194
1,<environment.Job instance at 0x7f9d4f8c43c0>,70,24,[7 1],71,-1,218,-1,194
1,<environment.Job instance at 0x7f9d4f8c4640>,71,20,[ 2 10],72,-1,214,-1,194
1,<environment.Job instance at 0x7f9d4f8c4690>,72,18,[ 5 13],73,-1,212,-1,194
1,<environment.Job instance at 0x7f9d4f8c4550>,75,28,[1 5],76,-1,235,-1,207
1,<environment.Job instance at 0x7f9d4f8c4fa0>,77,25,[8 1],78,-1,243,-1,218
1,<environment.Job instance at 0x7f9d5036ce60>,79,12,[12  3],80,-1,237,-1,225
1,<environment.Job instance at 0x7f9d5036c780>,82,25,[4 5],83,-1,270,-1,245
1,<environment.Job instance at 0x7f9d5036cc80>,83,25,[10  3],84,-1,270,-1,245
1,<environment.Job instance at 0x7f9d5036cdc0>,85,28,[13  4],86,-1,283,-1,255
1,<environment.Job instance at 0x7f9d5036c190>,86,20,[13  2],87,-1,275,-1,255
1,<environment.Job instance at 0x7f9d5036c9b0>,87,14,[12  3],88,-1,269,-1,255
1,<environment.Job instance at 0x7f9d5036c410>,88,17,[ 5 13],89,-1,272,-1,255
1,<environment.Job instance at 0x7f9d5036cbe0>,90,18,[13  4],91,-1,286,-1,268
1,<environment.Job instance at 0x7f9d5036c500>,93,16,[ 2 11],94,-1,304,-1,288
1,<environment.Job instance at 0x7f9d5036c370>,94,1,[8 4],95,-1,289,-1,288
1,<environment.Job instance at 0x7f9d5036c280>,95,25,[2 5],96,-1,313,-1,288
1,<environment.Job instance at 0x7f9d4f8f6640>,102,23,[ 3 14],103,-1,344,-1,321
1,<environment.Job instance at 0x7f9d4f8f64b0>,103,21,[ 5 13],104,-1,342,-1,321
1,<environment.Job instance at 0x7f9d4f8f68c0>,104,16,[ 3 14],105,-1,337,-1,321
1,<environment.Job instance at 0x7f9d4f8f6730>,106,14,[11  3],107,-1,352,-1,338
1,<environment.Job instance at 0x7f9d4f8f6500>,108,13,[14  1],109,-1,369,-1,356
1,<environment.Job instance at 0x7f9d505f7b40>,5,24,[5 2],6,-1,32,-1,8
1,<environment.Job instance at 0x7f9d505f78c0>,8,15,[ 2 13],9,-1,24,-1,9
1,<environment.Job instance at 0x7f9d505f7f00>,11,14,[ 2 11],12,-1,32,-1,18
1,<environment.Job instance at 0x7f9d505f7dc0>,12,16,[ 5 14],13,-1,34,-1,18
1,<environment.Job instance at 0x7f9d505f7d20>,14,26,[10  4],15,-1,44,-1,18
1,<environment.Job instance at 0x7f9d4f327280>,16,24,[4 7],17,-1,45,-1,21
1,<environment.Job instance at 0x7f9d4f327050>,21,12,[10  4],22,-1,68,-1,56
1,<environment.Job instance at 0x7f9d4f327820>,25,2,[5 9],26,-1,64,-1,62
1,<environment.Job instance at 0x7f9d4f327aa0>,29,3,[4 5],30,-1,99,-1,96
1,<environment.Job instance at 0x7f9d4f327d20>,30,27,[ 3 12],31,-1,123,-1,96
1,<environment.Job instance at 0x7f9d4f327fa0>,33,26,[11  1],34,-1,130,-1,104
1,<environment.Job instance at 0x7f9d4f327f50>,34,28,[9 2],35,-1,132,-1,104
1,<environment.Job instance at 0x7f9d4f327c30>,35,21,[12  5],36,-1,125,-1,104
1,<environment.Job instance at 0x7f9d4f30f140>,37,18,[ 2 14],38,-1,139,-1,121
1,<environment.Job instance at 0x7f9d4f30f870>,48,23,[ 1 11],49,-1,209,-1,186
1,<environment.Job instance at 0x7f9d4f30fb40>,52,2,[4 7],53,-1,216,-1,214
1,<environment.Job instance at 0x7f9d4f30ff50>,59,1,[3 9],60,-1,285,-1,284
1,<environment.Job instance at 0x7f9d4f2fc4b0>,63,15,[12  3],64,-1,322,-1,307
1,<environment.Job instance at 0x7f9d4f2fc820>,68,3,[14  3],69,-1,342,-1,339
1,<environment.Job instance at 0x7f9d4f2fc8c0>,69,28,[1 7],70,-1,367,-1,339
1,<environment.Job instance at 0x7f9d4f2fc550>,71,14,[ 1 13],72,-1,360,-1,346
1,<environment.Job instance at 0x7f9d4f2fcaa0>,72,1,[3 9],73,-1,347,-1,346
1,<environment.Job instance at 0x7f9d4f2fcb40>,73,13,[13  5],74,-1,359,-1,346
1,<environment.Job instance at 0x7f9d4f2fcbe0>,74,14,[12  1],75,-1,360,-1,346
1,<environment.Job instance at 0x7f9d4fde2870>,76,24,[ 2 12],77,-1,370,-1,346
1,<environment.Job instance at 0x7f9d505d77d0>,78,17,[ 5 14],79,-1,379,-1,362
1,<environment.Job instance at 0x7f9d505d7820>,79,3,[8 2],80,-1,365,-1,362
1,<environment.Job instance at 0x7f9d505d7550>,81,28,[ 3 13],82,-1,390,-1,362
1,<environment.Job instance at 0x7f9d505d7e10>,83,2,[14  1],84,-1,377,-1,375
1,<environment.Job instance at 0x7f9d505d71e0>,85,12,[ 4 12],86,-1,392,-1,380
1,<environment.Job instance at 0x7f9d505d7140>,86,12,[12  5],87,-1,392,-1,380
1,<environment.Job instance at 0x7f9d505d7230>,87,13,[ 2 10],88,-1,401,-1,388
1,<environment.Job instance at 0x7f9d505d7410>,88,14,[12  2],89,-1,402,-1,388
1,<environment.Job instance at 0x7f9d50166690>,89,3,[6 4],90,-1,391,-1,388
1,<environment.Job instance at 0x7f9d501668c0>,90,15,[ 1 12],91,-1,403,-1,388
1,<environment.Job instance at 0x7f9d504c9410>,93,23,[5 9],94,-1,438,-1,415
1,<environment.Job instance at 0x7f9d50891cd0>,95,23,[4 7],96,-1,453,-1,430
1,<environment.Job instance at 0x7f9d50891d20>,96,3,[5 5],97,-1,433,-1,430
1,<environment.Job instance at 0x7f9d503b4f00>,97,20,[ 2 12],98,-1,450,-1,430
1,<environment.Job instance at 0x7f9d508cd8c0>,98,25,[9 4],99,-1,455,-1,430
1,<environment.Job instance at 0x7f9d508cd140>,99,24,[5 1],100,-1,454,-1,430
1,<environment.Job instance at 0x7f9d503c6e10>,101,27,[1 7],102,-1,457,-1,430
1,<environment.Job instance at 0x7f9d50145870>,104,24,[ 1 10],105,-1,476,-1,452
1,<environment.Job instance at 0x7f9d501450f0>,105,26,[10  5],106,-1,478,-1,452
1,<environment.Job instance at 0x7f9d505fb8c0>,107,1,[14  3],108,-1,453,-1,452
1,<environment.Job instance at 0x7f9d4fecaf50>,3,18,[ 1 12],4,-1,22,-1,4
1,<environment.Job instance at 0x7f9d4fecab40>,5,19,[11  2],6,-1,25,-1,6
1,<environment.Job instance at 0x7f9d4fecaf00>,6,17,[ 4 14],7,-1,24,-1,7
1,<environment.Job instance at 0x7f9d4fecacd0>,8,15,[13  5],9,-1,24,-1,9
1,<environment.Job instance at 0x7f9d4feca7d0>,14,27,[ 5 14],15,-1,46,-1,19
1,<environment.Job instance at 0x7f9d4f1cc550>,15,22,[12  4],16,-1,41,-1,19
1,<environment.Job instance at 0x7f9d4f1cc500>,16,17,[13  2],17,-1,36,-1,19
1,<environment.Job instance at 0x7f9d4f1cca00>,18,1,[7 1],19,-1,24,-1,23
1,<environment.Job instance at 0x7f9d503f5a50>,30,22,[10  5],31,-1,129,-1,107
1,<environment.Job instance at 0x7f9d503f5af0>,33,25,[6 2],34,-1,132,-1,107
1,<environment.Job instance at 0x7f9d503f5cd0>,34,24,[5 2],35,-1,131,-1,107
1,<environment.Job instance at 0x7f9d4f1a0140>,35,22,[1 5],36,-1,129,-1,107
1,<environment.Job instance at 0x7f9d4f1a09b0>,36,16,[ 4 12],37,-1,123,-1,107
1,<environment.Job instance at 0x7f9d4f1a0500>,39,3,[8 4],40,-1,125,-1,122
1,<environment.Job instance at 0x7f9d4f1a0e60>,43,23,[6 3],44,-1,167,-1,144
1,<environment.Job instance at 0x7f9d4f1a0cd0>,47,25,[5 8],48,-1,199,-1,174
1,<environment.Job instance at 0x7f9d505a6f00>,48,26,[5 8],49,-1,200,-1,174
1,<environment.Job instance at 0x7f9d505a6730>,49,14,[11  4],50,-1,188,-1,174
1,<environment.Job instance at 0x7f9d505a6190>,50,16,[14  4],51,-1,190,-1,174
1,<environment.Job instance at 0x7f9d505a66e0>,52,12,[13  4],53,-1,189,-1,177
1,<environment.Job instance at 0x7f9d505a65f0>,54,23,[5 5],55,-1,202,-1,179
1,<environment.Job instance at 0x7f9d505a6320>,55,1,[7 4],56,-1,180,-1,179
1,<environment.Job instance at 0x7f9d505a6b40>,60,16,[11  2],61,-1,234,-1,218
1,<environment.Job instance at 0x7f9d505a60f0>,61,16,[ 4 12],62,-1,234,-1,218
1,<environment.Job instance at 0x7f9d505a67d0>,63,12,[14  3],64,-1,233,-1,221
1,<environment.Job instance at 0x7f9d4fa610f0>,66,2,[ 2 14],67,-1,239,-1,237
1,<environment.Job instance at 0x7f9d4fa61a50>,67,12,[10  1],68,-1,249,-1,237
1,<environment.Job instance at 0x7f9d4fa618c0>,68,25,[ 1 11],69,-1,262,-1,237
1,<environment.Job instance at 0x7f9d4fa615f0>,69,28,[6 3],70,-1,265,-1,237
1,<environment.Job instance at 0x7f9d4fa61d20>,72,3,[ 5 13],73,-1,257,-1,254
1,<environment.Job instance at 0x7f9d4fd3ae10>,73,27,[6 2],74,-1,281,-1,254
1,<environment.Job instance at 0x7f9d4fd3a0f0>,74,3,[5 2],75,-1,257,-1,254
1,<environment.Job instance at 0x7f9d4fd3ab90>,80,24,[7 1],81,-1,321,-1,297
1,<environment.Job instance at 0x7f9d50018e10>,85,27,[ 4 13],86,-1,354,-1,327
1,<environment.Job instance at 0x7f9d50018410>,87,18,[ 2 13],88,-1,357,-1,339
1,<environment.Job instance at 0x7f9d500182d0>,89,17,[11  1],90,-1,356,-1,339
1,<environment.Job instance at 0x7f9d50018dc0>,90,13,[12  1],91,-1,352,-1,339
1,<environment.Job instance at 0x7f9d50018a00>,93,1,[9 3],94,-1,353,-1,352
1,<environment.Job instance at 0x7f9d500183c0>,95,27,[4 9],96,-1,393,-1,366
1,<environment.Job instance at 0x7f9d50018820>,97,19,[ 1 11],98,-1,387,-1,368
1,<environment.Job instance at 0x7f9d50018690>,99,15,[13  4],100,-1,393,-1,378
1,<environment.Job instance at 0x7f9d50a34f00>,100,28,[5 4],101,-1,406,-1,378
1,<environment.Job instance at 0x7f9d50a34d20>,104,16,[ 2 12],105,-1,410,-1,394
1,<environment.Job instance at 0x7f9d50a34910>,106,3,[12  1],107,-1,412,-1,409
1,<environment.Job instance at 0x7f9d4fd3a8c0>,78,23,[3 8],79,-1,496,-1,473
1,<environment.Job instance at 0x7f9d5904b0f0>,4,28,[13  3],5,-1,33,-1,5
1,<environment.Job instance at 0x7f9d502840f0>,7,2,[14  3],8,-1,10,-1,8
1,<environment.Job instance at 0x7f9d4fb7f7d0>,9,1,[ 2 12],10,-1,12,-1,11
1,<environment.Job instance at 0x7f9d4f40abe0>,11,23,[9 5],12,-1,39,-1,16
1,<environment.Job instance at 0x7f9d4f40aaa0>,13,2,[9 2],14,-1,18,-1,16
1,<environment.Job instance at 0x7f9d4f40a0f0>,14,16,[ 1 13],15,-1,32,-1,16
1,<environment.Job instance at 0x7f9d4f40a190>,15,18,[ 3 13],16,-1,34,-1,16
1,<environment.Job instance at 0x7f9d4f40a550>,16,28,[7 1],17,-1,45,-1,17
1,<environment.Job instance at 0x7f9d4f40ae60>,17,27,[2 7],18,-1,45,-1,18
1,<environment.Job instance at 0x7f9d4f40a1e0>,21,24,[12  2],22,-1,54,-1,30
1,<environment.Job instance at 0x7f9d50250e60>,26,15,[12  2],27,-1,88,-1,73
1,<environment.Job instance at 0x7f9d50250690>,27,28,[10  2],28,-1,101,-1,73
1,<environment.Job instance at 0x7f9d4f102c30>,34,15,[ 5 13],35,-1,138,-1,123
1,<environment.Job instance at 0x7f9d4f102460>,35,17,[14  2],36,-1,140,-1,123
1,<environment.Job instance at 0x7f9d5024c5f0>,37,1,[4 5],38,-1,144,-1,143
1,<environment.Job instance at 0x7f9d5024c820>,42,27,[5 4],43,-1,188,-1,161
1,<environment.Job instance at 0x7f9d4f3ed960>,47,20,[ 3 13],48,-1,209,-1,189
1,<environment.Job instance at 0x7f9d4f3edc80>,51,2,[13  4],52,-1,203,-1,201
1,<environment.Job instance at 0x7f9d4f3eda00>,53,25,[6 1],54,-1,234,-1,209
1,<environment.Job instance at 0x7f9d4f346f50>,57,27,[11  5],58,-1,264,-1,237
1,<environment.Job instance at 0x7f9d5905ce60>,60,12,[14  5],61,-1,265,-1,253
1,<environment.Job instance at 0x7f9d5905c3c0>,61,23,[4 8],62,-1,294,-1,271
1,<environment.Job instance at 0x7f9d5036c550>,65,15,[ 1 10],66,-1,287,-1,272
1,<environment.Job instance at 0x7f9d5036caf0>,66,28,[2 5],67,-1,300,-1,272
1,<environment.Job instance at 0x7f9d5036c2d0>,67,18,[14  2],68,-1,290,-1,272
1,<environment.Job instance at 0x7f9d50751af0>,71,2,[12  2],72,-1,303,-1,301
1,<environment.Job instance at 0x7f9d4fa6c550>,72,26,[2 8],73,-1,327,-1,301
1,<environment.Job instance at 0x7f9d50a82280>,75,16,[14  4],76,-1,320,-1,304
1,<environment.Job instance at 0x7f9d4fec42d0>,76,14,[ 4 10],77,-1,322,-1,308
1,<environment.Job instance at 0x7f9d4fec44b0>,78,2,[14  1],79,-1,316,-1,314
1,<environment.Job instance at 0x7f9d4fec4370>,79,18,[ 1 11],80,-1,332,-1,314
1,<environment.Job instance at 0x7f9d4fec4d20>,80,13,[14  5],81,-1,327,-1,314
1,<environment.Job instance at 0x7f9d4f572be0>,84,2,[ 2 12],85,-1,343,-1,341
1,<environment.Job instance at 0x7f9d4f9c79b0>,87,2,[3 6],88,-1,359,-1,357
1,<environment.Job instance at 0x7f9d4f9c7d20>,90,13,[ 3 14],91,-1,388,-1,375
1,<environment.Job instance at 0x7f9d4f9c7960>,91,17,[ 1 11],92,-1,392,-1,375
1,<environment.Job instance at 0x7f9d50016c80>,94,15,[14  2],95,-1,390,-1,375
1,<environment.Job instance at 0x7f9d5027c8c0>,97,25,[ 5 10],98,-1,413,-1,388
1,<environment.Job instance at 0x7f9d5027c370>,99,14,[14  4],100,-1,420,-1,406
1,<environment.Job instance at 0x7f9d5027cb40>,100,25,[5 8],101,-1,431,-1,406
1,<environment.Job instance at 0x7f9d5027caf0>,101,28,[3 6],102,-1,434,-1,406
1,<environment.Job instance at 0x7f9d4f410fa0>,106,28,[5 3],107,-1,454,-1,426
1,<environment.Job instance at 0x7f9d4f410a50>,107,23,[10  1],108,-1,449,-1,426
1,<environment.Job instance at 0x7f9d59558050>,5,24,[7 2],6,-1,33,-1,9
1,<environment.Job instance at 0x7f9d4fd4ffa0>,22,28,[13  5],23,-1,178,-1,150
1,<environment.Job instance at 0x7f9d593bd500>,23,23,[9 3],24,-1,178,-1,155
1,<environment.Job instance at 0x7f9d5072e230>,27,15,[ 4 14],28,-1,174,-1,159
1,<environment.Job instance at 0x7f9d5072e550>,28,19,[13  3],29,-1,178,-1,159
1,<environment.Job instance at 0x7f9d5072e370>,29,25,[ 3 13],30,-1,184,-1,159
1,<environment.Job instance at 0x7f9d4fd134b0>,35,14,[11  2],36,-1,226,-1,212
1,<environment.Job instance at 0x7f9d592a8e10>,37,23,[10  2],38,-1,243,-1,220
1,<environment.Job instance at 0x7f9d5900f410>,38,27,[ 1 11],39,-1,247,-1,220
1,<environment.Job instance at 0x7f9d4ff9ba00>,40,2,[ 1 10],41,-1,232,-1,230
1,<environment.Job instance at 0x7f9d508a9410>,41,1,[4 7],42,-1,231,-1,230
1,<environment.Job instance at 0x7f9d50a2f460>,42,3,[13  3],43,-1,233,-1,230
1,<environment.Job instance at 0x7f9d4f2fe5a0>,49,1,[10  1],50,-1,268,-1,267
1,<environment.Job instance at 0x7f9d4fd027d0>,53,17,[14  1],54,-1,311,-1,294
1,<environment.Job instance at 0x7f9d4f2ec820>,56,19,[ 4 13],57,-1,326,-1,307
1,<environment.Job instance at 0x7f9d4f2eca00>,58,13,[10  1],59,-1,335,-1,322
1,<environment.Job instance at 0x7f9d4f2eccd0>,59,26,[5 5],60,-1,348,-1,322
1,<environment.Job instance at 0x7f9d4f2ece10>,60,22,[ 4 10],61,-1,344,-1,322
1,<environment.Job instance at 0x7f9d4f2ec3c0>,63,2,[10  4],64,-1,335,-1,333
1,<environment.Job instance at 0x7f9d4f2ec690>,64,2,[7 3],65,-1,335,-1,333
1,<environment.Job instance at 0x7f9d4f2ecfa0>,65,14,[12  3],66,-1,347,-1,333
1,<environment.Job instance at 0x7f9d4f3010a0>,66,23,[10  4],67,-1,356,-1,333
1,<environment.Job instance at 0x7f9d4f301640>,68,1,[12  4],69,-1,351,-1,350
1,<environment.Job instance at 0x7f9d4f3014b0>,69,12,[ 5 14],70,-1,362,-1,350
1,<environment.Job instance at 0x7f9d4f3015f0>,70,28,[ 4 10],71,-1,378,-1,350
1,<environment.Job instance at 0x7f9d4f313fa0>,73,21,[12  5],74,-1,371,-1,350
1,<environment.Job instance at 0x7f9d50221140>,74,22,[ 1 11],75,-1,372,-1,350
1,<environment.Job instance at 0x7f9d50221280>,76,26,[5 3],77,-1,386,-1,360
1,<environment.Job instance at 0x7f9d50221780>,81,24,[ 4 14],82,-1,406,-1,382
1,<environment.Job instance at 0x7f9d502215f0>,83,1,[2 6],84,-1,400,-1,399
1,<environment.Job instance at 0x7f9d502219b0>,86,17,[ 5 11],87,-1,428,-1,411
1,<environment.Job instance at 0x7f9d50221a50>,87,13,[ 2 13],88,-1,424,-1,411
1,<environment.Job instance at 0x7f9d502216e0>,95,15,[11  3],96,-1,475,-1,460
1,<environment.Job instance at 0x7f9d50224190>,97,28,[7 2],98,-1,488,-1,460
1,<environment.Job instance at 0x7f9d502244b0>,103,1,[ 4 10],104,-1,518,-1,517
1,<environment.Job instance at 0x7f9d50224690>,106,28,[6 5],107,-1,545,-1,517
1,<environment.Job instance at 0x7f9d50224640>,107,17,[14  3],108,-1,534,-1,517
1,<environment.Job instance at 0x7f9d502248c0>,108,19,[ 5 12],109,-1,536,-1,517
1,<environment.Job instance at 0x7f3eb7852b40>,4,24,[ 3 11],5,-1,29,-1,5
1,<environment.Job instance at 0x7f3eb7852f50>,8,24,[ 2 10],9,-1,33,-1,9
1,<environment.Job instance at 0x7f3eb7855410>,14,21,[ 3 11],15,-1,43,-1,22
1,<environment.Job instance at 0x7f3eb78555f0>,17,18,[ 5 13],18,-1,58,-1,40
1,<environment.Job instance at 0x7f3eb7855910>,20,21,[13  5],21,-1,82,-1,61
1,<environment.Job instance at 0x7f3eb7855b90>,27,25,[14  4],28,-1,123,-1,98
1,<environment.Job instance at 0x7f3eb7855c30>,28,2,[5 8],29,-1,100,-1,98
1,<environment.Job instance at 0x7f3eb7855b40>,29,24,[5 1],30,-1,122,-1,98
1,<environment.Job instance at 0x7f3eb7858410>,39,23,[4 6],40,-1,190,-1,167
1,<environment.Job instance at 0x7f3eb78587d0>,42,13,[12  1],43,-1,180,-1,167
1,<environment.Job instance at 0x7f3eb7858870>,43,21,[ 2 12],44,-1,188,-1,167
1,<environment.Job instance at 0x7f3eb7858910>,44,26,[8 4],45,-1,193,-1,167
1,<environment.Job instance at 0x7f3eb78589b0>,45,13,[11  3],46,-1,180,-1,167
1,<environment.Job instance at 0x7f3eb7858a50>,46,2,[ 1 10],47,-1,169,-1,167
1,<environment.Job instance at 0x7f3eb7858af0>,47,13,[ 3 12],48,-1,180,-1,167
1,<environment.Job instance at 0x7f3eb7858d70>,51,13,[ 3 12],52,-1,204,-1,191
1,<environment.Job instance at 0x7f3eb7858e10>,52,3,[13  2],53,-1,194,-1,191
1,<environment.Job instance at 0x7f3eb7858f50>,56,28,[10  1],57,-1,231,-1,203
1,<environment.Job instance at 0x7f3eb785b460>,62,24,[ 3 10],63,-1,261,-1,237
1,<environment.Job instance at 0x7f3eb785bb40>,69,26,[5 4],70,-1,314,-1,288
1,<environment.Job instance at 0x7f3eb785e550>,82,2,[10  3],83,-1,400,-1,398
1,<environment.Job instance at 0x7f3eb785e5a0>,83,17,[ 4 14],84,-1,415,-1,398
1,<environment.Job instance at 0x7f3eb785e6e0>,84,21,[ 1 10],85,-1,425,-1,404
1,<environment.Job instance at 0x7f3eb785e820>,86,12,[ 3 14],87,-1,416,-1,404
1,<environment.Job instance at 0x7f3eb785e960>,88,3,[9 5],89,-1,419,-1,416
1,<environment.Job instance at 0x7f3eb785e5f0>,89,18,[ 4 11],90,-1,434,-1,416
1,<environment.Job instance at 0x7f3eb785eb40>,91,14,[12  2],92,-1,433,-1,419
1,<environment.Job instance at 0x7f3eb785ebe0>,92,3,[2 8],93,-1,422,-1,419
1,<environment.Job instance at 0x7f3eb785ec80>,93,27,[12  1],94,-1,446,-1,419
1,<environment.Job instance at 0x7f3eb785edc0>,95,24,[2 5],96,-1,462,-1,438
1,<environment.Job instance at 0x7f3eb785ee60>,96,12,[ 4 14],97,-1,450,-1,438
1,<environment.Job instance at 0x7f3eb785efa0>,98,2,[10  4],99,-1,451,-1,449
1,<environment.Job instance at 0x7f3eb78607d0>,109,27,[5 8],110,-1,572,-1,545
1,<environment.Job instance at 0x7f3eb7860910>,111,13,[12  3],112,-1,567,-1,554
1,<environment.Job instance at 0x7f3eb7860af0>,114,28,[7 4],115,-1,594,-1,566
1,<environment.Job instance at 0x7f3eb6f97960>,3,24,[5 6],4,-1,29,-1,5
1,<environment.Job instance at 0x7f3eb706d190>,5,14,[14  1],6,-1,20,-1,6
1,<environment.Job instance at 0x7f3eb707f7d0>,6,22,[10  1],7,-1,36,-1,14
1,<environment.Job instance at 0x7f3eb70c52d0>,9,3,[14  4],10,-1,17,-1,14
1,<environment.Job instance at 0x7f3eb70af690>,12,23,[ 1 14],13,-1,44,-1,21
1,<environment.Job instance at 0x7f3eb707cc80>,17,26,[ 1 11],18,-1,68,-1,42
1,<environment.Job instance at 0x7f3eb707c870>,20,17,[ 2 11],21,-1,74,-1,57
1,<environment.Job instance at 0x7f3eb70abd20>,24,17,[ 3 14],25,-1,99,-1,82
1,<environment.Job instance at 0x7f3eb70b7320>,26,25,[5 4],27,-1,118,-1,93
1,<environment.Job instance at 0x7f3eb70dc640>,27,2,[7 2],28,-1,95,-1,93
1,<environment.Job instance at 0x7f3eb7146370>,28,28,[7 1],29,-1,121,-1,93
1,<environment.Job instance at 0x7f3eb7073a00>,31,24,[12  2],32,-1,121,-1,97
1,<environment.Job instance at 0x7f3eb70737d0>,32,26,[ 3 11],33,-1,123,-1,97
1,<environment.Job instance at 0x7f3eb7073780>,35,16,[ 1 11],36,-1,123,-1,107
1,<environment.Job instance at 0x7f3eb7073500>,37,1,[ 5 12],38,-1,114,-1,113
1,<environment.Job instance at 0x7f3eb7073a50>,38,24,[8 5],39,-1,137,-1,113
1,<environment.Job instance at 0x7f3eb7073050>,40,13,[14  2],41,-1,133,-1,120
1,<environment.Job instance at 0x7f3eb70bc5f0>,43,20,[14  2],44,-1,157,-1,137
1,<environment.Job instance at 0x7f3eb70bceb0>,45,13,[ 1 14],46,-1,164,-1,151
1,<environment.Job instance at 0x7f3edcb632d0>,46,16,[12  1],47,-1,167,-1,151
1,<environment.Job instance at 0x7f3eb6e1e370>,47,15,[ 4 14],48,-1,166,-1,151
1,<environment.Job instance at 0x7f3eb6e1f3c0>,50,22,[11  3],51,-1,186,-1,164
1,<environment.Job instance at 0x7f3eb6e1ef00>,51,18,[11  2],52,-1,182,-1,164
1,<environment.Job instance at 0x7f3eb6e1d320>,58,27,[9 4],59,-1,251,-1,224
1,<environment.Job instance at 0x7f3eb6e1dfa0>,59,25,[3 9],60,-1,249,-1,224
1,<environment.Job instance at 0x7f3eb6e185f0>,63,23,[ 2 14],64,-1,263,-1,240
1,<environment.Job instance at 0x7f3eb6f9fc30>,64,12,[ 2 11],65,-1,252,-1,240
1,<environment.Job instance at 0x7f3eb6e49960>,68,28,[4 7],69,-1,291,-1,263
1,<environment.Job instance at 0x7f3eb6e28460>,69,26,[3 6],70,-1,289,-1,263
1,<environment.Job instance at 0x7f3eb6ff05f0>,70,12,[11  1],71,-1,275,-1,263
1,<environment.Job instance at 0x7f3eb6e3eeb0>,71,12,[ 5 11],72,-1,275,-1,263
1,<environment.Job instance at 0x7f3eb6f7cd20>,73,2,[ 1 10],74,-1,277,-1,275
1,<environment.Job instance at 0x7f3eb6f9b6e0>,74,2,[ 1 11],75,-1,277,-1,275
1,<environment.Job instance at 0x7f3eb6ff3730>,77,3,[5 4],78,-1,292,-1,289
1,<environment.Job instance at 0x7f3eb6e53910>,80,23,[5 8],81,-1,329,-1,306
1,<environment.Job instance at 0x7f3eb6e42050>,81,21,[ 4 11],82,-1,327,-1,306
1,<environment.Job instance at 0x7f3eb6e799b0>,82,13,[ 3 12],83,-1,319,-1,306
1,<environment.Job instance at 0x7f3eb6e46aa0>,84,28,[3 8],85,-1,350,-1,322
1,<environment.Job instance at 0x7f3eb6e5efa0>,85,24,[12  1],86,-1,346,-1,322
1,<environment.Job instance at 0x7f3eb6e25f50>,86,14,[11  2],87,-1,336,-1,322
1,<environment.Job instance at 0x7f3eb6ded320>,87,27,[5 3],88,-1,349,-1,322
1,<environment.Job instance at 0x7f3eb6dec320>,91,27,[6 5],92,-1,366,-1,339
1,<environment.Job instance at 0x7f3eb6dec280>,92,18,[ 2 14],93,-1,357,-1,339
1,<environment.Job instance at 0x7f3eb6dec8c0>,93,2,[11  2],94,-1,341,-1,339
1,<environment.Job instance at 0x7f3eb6decd20>,94,18,[12  2],95,-1,357,-1,339
1,<environment.Job instance at 0x7f3eb6dec460>,96,17,[11  1],97,-1,360,-1,343
1,<environment.Job instance at 0x7f3eb6decd70>,97,13,[ 4 12],98,-1,356,-1,343
1,<environment.Job instance at 0x7f3eb6dec140>,98,17,[11  4],99,-1,360,-1,343
1,<environment.Job instance at 0x7f3eb6dec820>,99,13,[10  1],100,-1,356,-1,343
1,<environment.Job instance at 0x7f3eb6f9e1e0>,101,18,[ 1 10],102,-1,377,-1,359
1,<environment.Job instance at 0x7f3eb6f9e820>,102,28,[7 4],103,-1,387,-1,359
1,<environment.Job instance at 0x7f3eb6dea910>,104,28,[4 5],105,-1,402,-1,374
1,<environment.Job instance at 0x7f3eb6dea6e0>,105,23,[8 3],106,-1,397,-1,374
1,<environment.Job instance at 0x7f3eb6deae60>,107,22,[ 5 10],108,-1,396,-1,374
1,<environment.Job instance at 0x7f3eb6dea410>,110,21,[ 1 10],111,-1,412,-1,391
1,<environment.Job instance at 0x7f3eb6dead70>,111,28,[13  2],112,-1,419,-1,391
1,<environment.Job instance at 0x7f3eb6dea320>,112,13,[2 9],113,-1,415,-1,402
1,<environment.Job instance at 0x7f3eb6deab40>,113,24,[9 1],114,-1,426,-1,402
1,<environment.Job instance at 0x7f3eb6deadc0>,114,15,[14  3],115,-1,417,-1,402
1,<environment.Job instance at 0x7f3eb6de8690>,116,13,[ 5 13],117,-1,415,-1,402
1,<environment.Job instance at 0x7f3eb71c7640>,15,23,[7 3],16,-1,443,-1,420
1,<environment.Job instance at 0x7f3eb6ded1e0>,89,17,[ 5 11],90,-1,452,-1,435
1,<environment.Job instance at 0x7f3eb6e1d140>,1,22,[5 8],2,-1,24,-1,2
1,<environment.Job instance at 0x7f3eb6e1f730>,4,28,[13  3],5,-1,33,-1,5
1,<environment.Job instance at 0x7f3eb6e1dbe0>,11,16,[ 2 13],12,-1,45,-1,29
1,<environment.Job instance at 0x7f3eb6e67fa0>,13,15,[ 1 11],14,-1,60,-1,45
1,<environment.Job instance at 0x7f3eb6e67280>,21,2,[5 1],22,-1,108,-1,106
1,<environment.Job instance at 0x7f3eb6e67d20>,23,12,[12  2],24,-1,118,-1,106
1,<environment.Job instance at 0x7f3eb6e67820>,25,2,[14  3],26,-1,109,-1,107
1,<environment.Job instance at 0x7f3eb6e67320>,26,19,[ 3 14],27,-1,126,-1,107
1,<environment.Job instance at 0x7f3eb6e67410>,27,2,[14  5],28,-1,109,-1,107
1,<environment.Job instance at 0x7f3eb6e67d70>,30,12,[12  4],31,-1,147,-1,135
1,<environment.Job instance at 0x7f3ec0fb9fa0>,38,27,[ 3 13],39,-1,206,-1,179
1,<environment.Job instance at 0x7f3ec0fb92d0>,39,20,[14  3],40,-1,199,-1,179
1,<environment.Job instance at 0x7f3ec0fb9230>,40,3,[5 4],41,-1,182,-1,179
1,<environment.Job instance at 0x7f3ec0fb9550>,41,14,[ 4 13],42,-1,193,-1,179
1,<environment.Job instance at 0x7f3ec0fb9870>,42,1,[ 5 14],43,-1,180,-1,179
1,<environment.Job instance at 0x7f3ec0fb9eb0>,44,2,[10  1],45,-1,186,-1,184
1,<environment.Job instance at 0x7f3eb6e5e3c0>,46,28,[14  3],47,-1,218,-1,190
1,<environment.Job instance at 0x7f3eb6e5ec30>,47,24,[ 4 11],48,-1,214,-1,190
1,<environment.Job instance at 0x7f3eb6e5ec80>,48,3,[11  1],49,-1,194,-1,191
1,<environment.Job instance at 0x7f3eb6e5e4b0>,51,22,[ 1 10],52,-1,236,-1,214
1,<environment.Job instance at 0x7f3eb6e5e1e0>,54,25,[5 5],55,-1,239,-1,214
1,<environment.Job instance at 0x7f3eb6e5ed20>,57,26,[7 1],58,-1,257,-1,231
1,<environment.Job instance at 0x7f3eb6e5ed70>,58,18,[12  1],59,-1,249,-1,231
1,<environment.Job instance at 0x7f3eb6e5ea00>,59,15,[ 1 13],60,-1,246,-1,231
1,<environment.Job instance at 0x7f3eb6e5e640>,60,1,[11  3],61,-1,232,-1,231
1,<environment.Job instance at 0x7f3eb6e5e550>,62,2,[8 1],63,-1,247,-1,245
1,<environment.Job instance at 0x7f3eb6e5e5f0>,63,1,[10  2],64,-1,246,-1,245
1,<environment.Job instance at 0x7f3eb6e5e140>,64,16,[ 2 11],65,-1,261,-1,245
1,<environment.Job instance at 0x7f3eb6e5ee60>,65,24,[8 2],66,-1,269,-1,245
1,<environment.Job instance at 0x7f3eb6e51410>,85,24,[9 3],86,-1,456,-1,432
1,<environment.Job instance at 0x7f3eb6e517d0>,86,15,[13  4],87,-1,447,-1,432
1,<environment.Job instance at 0x7f3eb6e51f50>,88,24,[ 2 13],89,-1,469,-1,445
1,<environment.Job instance at 0x7f3eb6e51190>,89,3,[ 2 14],90,-1,448,-1,445
1,<environment.Job instance at 0x7f3eb6e515f0>,90,16,[ 5 13],91,-1,461,-1,445
1,<environment.Job instance at 0x7f3eb6e531e0>,92,22,[4 8],93,-1,467,-1,445
1,<environment.Job instance at 0x7f3eb6e53370>,93,13,[ 4 10],94,-1,458,-1,445
1,<environment.Job instance at 0x7f3eb6e53500>,95,24,[6 1],96,-1,485,-1,461
1,<environment.Job instance at 0x7f3eb6e53e60>,97,18,[13  2],98,-1,479,-1,461
1,<environment.Job instance at 0x7f3eb6e53dc0>,98,19,[ 5 13],99,-1,480,-1,461
1,<environment.Job instance at 0x7f3eb6e53d20>,99,28,[3 5],100,-1,489,-1,461
1,<environment.Job instance at 0x7f3eb6e53e10>,102,26,[5 3],103,-1,506,-1,480
1,<environment.Job instance at 0x7f3eb6ed5960>,104,15,[ 3 11],105,-1,502,-1,487
1,<environment.Job instance at 0x7f3eb6ed5cd0>,106,27,[2 8],107,-1,534,-1,507
1,<environment.Job instance at 0x7f3eb6ed5c80>,107,12,[ 3 11],108,-1,519,-1,507
1,<environment.Job instance at 0x7f3eb6ed5190>,110,24,[ 5 11],111,-1,548,-1,524
1,<environment.Job instance at 0x7f3eb6ed5460>,112,27,[4 6],113,-1,551,-1,524
1,<environment.Job instance at 0x7f3eb6ed5230>,113,16,[ 2 11],114,-1,540,-1,524
1,<environment.Job instance at 0x7f3eb6ed57d0>,115,15,[13  3],116,-1,541,-1,526
1,<environment.Job instance at 0x7f3eb6ed5fa0>,116,12,[14  2],117,-1,538,-1,526
1,<environment.Job instance at 0x7f3eb6ed55a0>,117,12,[ 2 11],118,-1,538,-1,526
1,<environment.Job instance at 0x7f3eb6e4f050>,71,25,[10  5],72,-1,661,-1,636
1,<environment.Job instance at 0x7f3eb6e4f960>,76,20,[ 3 11],77,-1,1167,-1,1147
1,<environment.Job instance at 0x7f3eb7f76640>,3,27,[5 1],4,-1,31,-1,4
1,<environment.Job instance at 0x7f3eb7f76550>,5,26,[5 4],6,-1,39,-1,13
1,<environment.Job instance at 0x7f3eb7f76320>,8,12,[ 2 11],9,-1,25,-1,13
1,<environment.Job instance at 0x7f3ec0f8b280>,10,26,[ 2 11],11,-1,39,-1,13
1,<environment.Job instance at 0x7f3ec0f8be10>,11,12,[12  1],12,-1,25,-1,13
1,<environment.Job instance at 0x7f3ec0f8b690>,12,1,[ 2 10],13,-1,14,-1,13
1,<environment.Job instance at 0x7f3ec0f8beb0>,16,24,[3 6],17,-1,45,-1,21
1,<environment.Job instance at 0x7f3ec0fb1e10>,20,27,[9 5],21,-1,67,-1,40
1,<environment.Job instance at 0x7f3ec0fb12d0>,22,3,[9 2],23,-1,54,-1,51
1,<environment.Job instance at 0x7f3ec0fb1870>,24,3,[10  4],25,-1,61,-1,58
1,<environment.Job instance at 0x7f3ec0fb1aa0>,26,28,[ 3 14],27,-1,99,-1,71
1,<environment.Job instance at 0x7f3eb79b1190>,32,19,[11  4],33,-1,128,-1,109
1,<environment.Job instance at 0x7f3eb79b19b0>,33,27,[9 1],34,-1,136,-1,109
1,<environment.Job instance at 0x7f3eb74c71e0>,63,16,[11  1],64,-1,433,-1,417
1,<environment.Job instance at 0x7f3eb74c74b0>,64,2,[2 8],65,-1,423,-1,421
1,<environment.Job instance at 0x7f3eb74c7aa0>,65,14,[11  5],66,-1,436,-1,422
1,<environment.Job instance at 0x7f3eb74c7af0>,66,13,[ 1 11],67,-1,435,-1,422
1,<environment.Job instance at 0x7f3eb74c7d70>,68,25,[6 1],69,-1,454,-1,429
1,<environment.Job instance at 0x7f3eb74c79b0>,69,15,[ 3 12],70,-1,444,-1,429
1,<environment.Job instance at 0x7f3eb74c7320>,70,18,[13  2],71,-1,447,-1,429
1,<environment.Job instance at 0x7f3eb74c7460>,71,1,[5 7],72,-1,430,-1,429
1,<environment.Job instance at 0x7f3eb74c70f0>,73,28,[11  3],74,-1,457,-1,429
1,<environment.Job instance at 0x7f3eb74c7690>,75,28,[ 4 10],76,-1,457,-1,429
1,<environment.Job instance at 0x7f3eb7cdaf50>,81,16,[ 5 13],82,-1,475,-1,459
1,<environment.Job instance at 0x7f3eb7cdad70>,83,24,[5 6],84,-1,483,-1,459
1,<environment.Job instance at 0x7f3eb7cdae10>,86,14,[ 3 14],87,-1,490,-1,476
1,<environment.Job instance at 0x7f3eb7cda910>,87,24,[3 9],88,-1,511,-1,487
1,<environment.Job instance at 0x7f3eb7cda5f0>,90,12,[ 2 12],91,-1,506,-1,494
1,<environment.Job instance at 0x7f3eb7cda4b0>,92,12,[ 2 11],93,-1,506,-1,494
1,<environment.Job instance at 0x7f3eb7cda9b0>,93,27,[ 3 14],94,-1,521,-1,494
1,<environment.Job instance at 0x7f3eb7cdac30>,96,28,[5 2],97,-1,536,-1,508
1,<environment.Job instance at 0x7f3eb7cdaaa0>,97,28,[13  5],98,-1,536,-1,508
1,<environment.Job instance at 0x7f3eb7efb6e0>,113,27,[ 5 13],114,-1,648,-1,621
1,<environment.Job instance at 0x7f3eb7efb5f0>,115,12,[ 4 13],116,-1,644,-1,632
1,<environment.Job instance at 0x7f3eb7efb460>,117,14,[ 3 12],118,-1,646,-1,632
1,<environment.Job instance at 0x7f3eb7efbb40>,118,23,[7 3],119,-1,655,-1,632
1,<environment.Job instance at 0x7f3ec0f8ba50>,18,26,[7 4],19,-1,698,-1,672
1,<environment.Job instance at 0x7f3eb7efbe10>,114,13,[14  5],115,-1,685,-1,672
1,<environment.Job instance at 0x7f3eb71dd0a0>,4,24,[4 8],5,-1,30,-1,6
1,<environment.Job instance at 0x7f3eb71ddaf0>,6,1,[8 1],7,-1,8,-1,7
1,<environment.Job instance at 0x7f3eb71ddf00>,8,2,[7 2],9,-1,11,-1,9
1,<environment.Job instance at 0x7f3eb71dddc0>,9,1,[1 5],10,-1,11,-1,10
1,<environment.Job instance at 0x7f3eb71dd910>,10,1,[1 6],11,-1,12,-1,11
1,<environment.Job instance at 0x7f3eb71ddbe0>,13,1,[11  1],14,-1,16,-1,15
1,<environment.Job instance at 0x7f3eb71e3820>,18,18,[8 2],19,-1,56,-1,38
1,<environment.Job instance at 0x7f3eb71e19b0>,20,21,[9 1],21,-1,83,-1,62
1,<environment.Job instance at 0x7f3eb71e15f0>,23,24,[1 9],24,-1,86,-1,62
1,<environment.Job instance at 0x7f3eb71e1dc0>,24,25,[ 3 10],25,-1,87,-1,62
1,<environment.Job instance at 0x7f3eb71e1a50>,27,17,[13  5],28,-1,91,-1,74
1,<environment.Job instance at 0x7f3eb72dadc0>,29,18,[11  5],30,-1,93,-1,75
1,<environment.Job instance at 0x7f3eb71f11e0>,30,28,[7 2],31,-1,103,-1,75
1,<environment.Job instance at 0x7f3eb72d7140>,32,25,[5 7],33,-1,121,-1,96
1,<environment.Job instance at 0x7f3eb83836e0>,35,21,[ 5 13],36,-1,127,-1,106
1,<environment.Job instance at 0x7f3eb8383820>,36,13,[1 9],37,-1,121,-1,108
1,<environment.Job instance at 0x7f3eb720a140>,38,17,[13  2],39,-1,127,-1,110
1,<environment.Job instance at 0x7f3eb71f8230>,39,22,[12  5],40,-1,132,-1,110
1,<environment.Job instance at 0x7f3eb72b25a0>,40,23,[7 1],41,-1,133,-1,110
1,<environment.Job instance at 0x7f3eb8383eb0>,42,2,[2 5],43,-1,125,-1,123
1,<environment.Job instance at 0x7f3eb72a80a0>,44,12,[ 2 13],45,-1,151,-1,139
1,<environment.Job instance at 0x7f3eb8383f50>,45,1,[4 9],46,-1,140,-1,139
1,<environment.Job instance at 0x7f3eb7219c80>,47,24,[10  2],48,-1,163,-1,139
1,<environment.Job instance at 0x7f3eb7219eb0>,48,14,[ 5 14],49,-1,153,-1,139
1,<environment.Job instance at 0x7f3eb75534b0>,49,12,[10  1],50,-1,151,-1,139
1,<environment.Job instance at 0x7f3eb7553be0>,50,12,[8 1],51,-1,151,-1,139
1,<environment.Job instance at 0x7f3eb71ed4b0>,52,25,[11  2],53,-1,182,-1,157
1,<environment.Job instance at 0x7f3eb71ed5f0>,53,15,[ 3 12],54,-1,172,-1,157
1,<environment.Job instance at 0x7f3eb71ede60>,54,17,[ 3 10],55,-1,188,-1,171
1,<environment.Job instance at 0x7f3eb71edcd0>,55,22,[8 5],56,-1,194,-1,172
1,<environment.Job instance at 0x7f3eb71edf00>,58,23,[8 1],59,-1,195,-1,172
1,<environment.Job instance at 0x7f3eb71ed460>,60,15,[ 5 14],61,-1,188,-1,173
1,<environment.Job instance at 0x7f3eb71edeb0>,62,12,[ 5 13],63,-1,209,-1,197
1,<environment.Job instance at 0x7f3eb75269b0>,86,18,[ 1 12],87,-1,483,-1,465
1,<environment.Job instance at 0x7f3eb7526c80>,90,3,[5 1],91,-1,478,-1,475
1,<environment.Job instance at 0x7f3eb7526d20>,91,13,[11  4],92,-1,488,-1,475
1,<environment.Job instance at 0x7f3eb7526f00>,94,17,[14  3],95,-1,508,-1,491
1,<environment.Job instance at 0x7f3eb7526fa0>,95,28,[5 5],96,-1,519,-1,491
1,<environment.Job instance at 0x7f3eb71d7230>,96,19,[ 1 12],97,-1,510,-1,491
1,<environment.Job instance at 0x7f3eb71d7280>,97,24,[10  2],98,-1,515,-1,491
1,<environment.Job instance at 0x7f3eb71d7320>,98,2,[ 4 13],99,-1,493,-1,491
1,<environment.Job instance at 0x7f3eb71d7500>,101,28,[ 1 12],102,-1,531,-1,503
1,<environment.Job instance at 0x7f3eb71d75a0>,102,15,[13  1],103,-1,518,-1,503
1,<environment.Job instance at 0x7f3eb71d7640>,103,13,[ 5 12],104,-1,516,-1,503
1,<environment.Job instance at 0x7f3eb71d7820>,105,12,[ 4 13],106,-1,528,-1,516
1,<environment.Job instance at 0x7f3eb71d79b0>,106,24,[5 3],107,-1,540,-1,516
1,<environment.Job instance at 0x7f3eb71d77d0>,109,18,[12  3],110,-1,551,-1,533
1,<environment.Job instance at 0x7f3eb71d7c30>,110,3,[5 3],111,-1,536,-1,533
1,<environment.Job instance at 0x7f3eb71d7b40>,111,12,[13  4],112,-1,545,-1,533
1,<environment.Job instance at 0x7f3eb71d7f00>,116,15,[13  4],117,-1,565,-1,550
1,<environment.Job instance at 0x7f3eb71ddfa0>,12,28,[12  4],13,-1,620,-1,592
1,<environment.Job instance at 0x7f3eb7efbe10>,3,18,[14  1],4,-1,22,-1,4
1,<environment.Job instance at 0x7f3eb72a8870>,6,15,[ 5 11],7,-1,23,-1,8
1,<environment.Job instance at 0x7f3eb72aa730>,11,28,[ 3 12],12,-1,44,-1,16
1,<environment.Job instance at 0x7f3eb72aa820>,12,24,[ 4 10],13,-1,40,-1,16
1,<environment.Job instance at 0x7f3eb72aac80>,13,25,[11  2],14,-1,41,-1,16
1,<environment.Job instance at 0x7f3eb72aa640>,14,16,[ 1 14],15,-1,32,-1,16
1,<environment.Job instance at 0x7f3eb72aa780>,16,12,[ 3 10],17,-1,43,-1,31
1,<environment.Job instance at 0x7f3eb72aa870>,20,14,[ 2 11],21,-1,60,-1,46
1,<environment.Job instance at 0x7f3eb72aa280>,22,3,[5 9],23,-1,63,-1,60
1,<environment.Job instance at 0x7f3eb72aa5f0>,23,2,[6 4],24,-1,62,-1,60
1,<environment.Job instance at 0x7f3eb72aa2d0>,24,2,[3 5],25,-1,62,-1,60
1,<environment.Job instance at 0x7f3eb72caaa0>,28,2,[2 9],29,-1,78,-1,76
1,<environment.Job instance at 0x7f3eb72cad70>,42,2,[7 2],43,-1,169,-1,167
1,<environment.Job instance at 0x7f3eb72ca640>,43,16,[12  2],44,-1,183,-1,167
1,<environment.Job instance at 0x7f3eb72caeb0>,44,15,[ 5 12],45,-1,182,-1,167
1,<environment.Job instance at 0x7f3eb72cae60>,45,2,[2 9],46,-1,169,-1,167
1,<environment.Job instance at 0x7f3eb72ca7d0>,46,2,[13  3],47,-1,169,-1,167
1,<environment.Job instance at 0x7f3eb72cac30>,47,1,[8 1],48,-1,168,-1,167
1,<environment.Job instance at 0x7f3eb7272050>,48,15,[13  3],49,-1,182,-1,167
1,<environment.Job instance at 0x7f3eb7272eb0>,53,23,[6 5],54,-1,223,-1,200
1,<environment.Job instance at 0x7f3eb72728c0>,55,2,[ 5 13],56,-1,202,-1,200
1,<environment.Job instance at 0x7f3eb7272af0>,56,27,[4 6],57,-1,227,-1,200
1,<environment.Job instance at 0x7f3eb7272550>,57,1,[4 9],58,-1,201,-1,200
1,<environment.Job instance at 0x7f3eb72ca8c0>,33,21,[10  4],34,-1,236,-1,215
1,<environment.Job instance at 0x7f3eb7272b90>,59,21,[9 2],60,-1,236,-1,215
1,<environment.Job instance at 0x7f3eb7272c80>,62,22,[9 1],63,-1,237,-1,215
1,<environment.Job instance at 0x7f3eb7272f00>,63,17,[ 2 12],64,-1,232,-1,215
1,<environment.Job instance at 0x7f3eb7272230>,65,15,[10  1],66,-1,233,-1,218
1,<environment.Job instance at 0x7f3eb7272be0>,66,13,[7 5],67,-1,231,-1,218
1,<environment.Job instance at 0x7f3eb7272fa0>,67,13,[1 8],68,-1,231,-1,218
1,<environment.Job instance at 0x7f3eb71eae60>,68,22,[8 4],69,-1,240,-1,218
1,<environment.Job instance at 0x7f3eb71eaf00>,69,14,[1 7],70,-1,232,-1,218
1,<environment.Job instance at 0x7f3eb71eaa00>,70,13,[ 2 10],71,-1,231,-1,218
1,<environment.Job instance at 0x7f3eb71eaaf0>,71,22,[7 5],72,-1,240,-1,218
1,<environment.Job instance at 0x7f3eb71ea1e0>,72,16,[11  3],73,-1,234,-1,218
1,<environment.Job instance at 0x7f3eb71ea190>,73,18,[ 5 10],74,-1,236,-1,218
1,<environment.Job instance at 0x7f3eb71ea050>,74,2,[2 6],75,-1,220,-1,218
1,<environment.Job instance at 0x7f3eb71ea910>,75,24,[1 6],76,-1,242,-1,218
1,<environment.Job instance at 0x7f3eb71ea370>,76,16,[14  5],77,-1,234,-1,218
1,<environment.Job instance at 0x7f3eb71ea410>,77,16,[9 4],78,-1,237,-1,221
1,<environment.Job instance at 0x7f3eb71ea820>,78,18,[1 9],79,-1,239,-1,221
1,<environment.Job instance at 0x7f3eb71ea870>,79,15,[10  4],80,-1,236,-1,221
1,<environment.Job instance at 0x7f3eb71ea500>,80,13,[ 4 10],81,-1,234,-1,221
1,<environment.Job instance at 0x7f3eb71ea230>,81,17,[3 9],82,-1,238,-1,221
1,<environment.Job instance at 0x7f3eb71ea0a0>,82,2,[9 1],83,-1,223,-1,221
1,<environment.Job instance at 0x7f3eb71ea5f0>,83,14,[1 8],84,-1,235,-1,221
1,<environment.Job instance at 0x7f3eb71ea4b0>,84,12,[5 6],85,-1,235,-1,223
1,<environment.Job instance at 0x7f3eb71eafa0>,85,14,[ 1 14],86,-1,237,-1,223
1,<environment.Job instance at 0x7f3eb71ea960>,86,12,[5 1],87,-1,235,-1,223
1,<environment.Job instance at 0x7f3eb72c8230>,87,22,[12  2],88,-1,245,-1,223
1,<environment.Job instance at 0x7f3eb72c8aa0>,88,26,[ 2 10],89,-1,249,-1,223
1,<environment.Job instance at 0x7f3eb72c8be0>,89,14,[12  5],90,-1,237,-1,223
1,<environment.Job instance at 0x7f3eb72c8e10>,90,14,[6 3],91,-1,237,-1,223
1,<environment.Job instance at 0x7f3eb72c87d0>,92,3,[1 9],93,-1,231,-1,228
1,<environment.Job instance at 0x7f3eb72c8050>,93,24,[9 3],94,-1,252,-1,228
1,<environment.Job instance at 0x7f3eb72c8a50>,94,23,[13  5],95,-1,251,-1,228
1,<environment.Job instance at 0x7f3eb72c80f0>,95,22,[ 4 10],96,-1,250,-1,228
1,<environment.Job instance at 0x7f3eb72c8370>,96,20,[ 2 10],97,-1,248,-1,228
1,<environment.Job instance at 0x7f3eb72c80a0>,97,2,[12  3],98,-1,230,-1,228
1,<environment.Job instance at 0x7f3eb72c8870>,98,25,[3 6],99,-1,253,-1,228
1,<environment.Job instance at 0x7f3eb7272870>,61,17,[4 7],62,-1,245,-1,228
1,<environment.Job instance at 0x7f3eb72c89b0>,100,13,[12  4],101,-1,241,-1,228
1,<environment.Job instance at 0x7f3eb72c8d20>,99,1,[8 4],100,-1,229,-1,228
1,<environment.Job instance at 0x7f3eb72c8b90>,101,27,[9 3],102,-1,255,-1,228
1,<environment.Job instance at 0x7f3eb72c85f0>,104,2,[ 2 13],105,-1,238,-1,236
1,<environment.Job instance at 0x7f3eb72c8dc0>,105,26,[ 3 14],106,-1,262,-1,236
1,<environment.Job instance at 0x7f3eb72c8d70>,106,15,[11  5],107,-1,251,-1,236
1,<environment.Job instance at 0x7f3eb72c8730>,107,12,[1 7],108,-1,248,-1,236
1,<environment.Job instance at 0x7f3eb7eec5a0>,108,15,[3 7],109,-1,251,-1,236
1,<environment.Job instance at 0x7f3eb7eec3c0>,109,25,[8 4],110,-1,261,-1,236
1,<environment.Job instance at 0x7f3eb7eec640>,110,12,[1 8],111,-1,248,-1,236
1,<environment.Job instance at 0x7f3eb7eec730>,111,16,[5 1],112,-1,252,-1,236
1,<environment.Job instance at 0x7f3eb7eec0a0>,112,18,[ 4 12],113,-1,254,-1,236
1,<environment.Job instance at 0x7f3eb7eec960>,113,14,[4 5],114,-1,250,-1,236
1,<environment.Job instance at 0x7f3eb7eeca00>,115,3,[14  5],116,-1,239,-1,236
1,<environment.Job instance at 0x7f3eb7eec870>,116,14,[1 7],117,-1,250,-1,236
1,<environment.Job instance at 0x7f3eb7eeceb0>,117,15,[ 1 10],118,-1,251,-1,236
1,<environment.Job instance at 0x7f3eb7eecf00>,118,1,[8 1],119,-1,237,-1,236
1,<environment.Job instance at 0x7f3eb72c84b0>,103,18,[ 5 12],104,-1,254,-1,236
1,<environment.Job instance at 0x7f3eb72723c0>,60,22,[ 3 12],61,-1,258,-1,236
1,<environment.Job instance at 0x7f3eb711b870>,5,15,[14  2],6,-1,21,-1,6
1,<environment.Job instance at 0x7f3eb70ee7d0>,12,26,[10  5],13,-1,52,-1,26
1,<environment.Job instance at 0x7f3eb70ee8c0>,13,27,[10  3],14,-1,53,-1,26
1,<environment.Job instance at 0x7f3eb70ee500>,15,28,[1 7],16,-1,59,-1,31
1,<environment.Job instance at 0x7f3eb70eec80>,16,25,[6 4],17,-1,56,-1,31
1,<environment.Job instance at 0x7f3eb70ee410>,17,17,[ 2 10],18,-1,50,-1,33
1,<environment.Job instance at 0x7f3eb70ee370>,19,12,[9 1],20,-1,48,-1,36
1,<environment.Job instance at 0x7f3eb70eee10>,20,26,[3 6],21,-1,62,-1,36
1,<environment.Job instance at 0x7f3eb82dce60>,22,21,[ 1 12],23,-1,60,-1,39
1,<environment.Job instance at 0x7f3eb7104550>,27,17,[ 2 11],28,-1,100,-1,83
1,<environment.Job instance at 0x7f3eb7104460>,29,1,[ 2 11],30,-1,99,-1,98
1,<environment.Job instance at 0x7f3eb7104aa0>,30,25,[7 5],31,-1,123,-1,98
1,<environment.Job instance at 0x7f3eb71040a0>,32,13,[ 2 13],33,-1,112,-1,99
1,<environment.Job instance at 0x7f3eb8249370>,33,14,[ 1 13],34,-1,113,-1,99
1,<environment.Job instance at 0x7f3eb8249730>,34,23,[9 4],35,-1,122,-1,99
1,<environment.Job instance at 0x7f3eb82493c0>,35,28,[8 5],36,-1,127,-1,99
1,<environment.Job instance at 0x7f3eb710e6e0>,37,23,[8 4],38,-1,133,-1,110
1,<environment.Job instance at 0x7f3eb8299c80>,45,12,[11  5],46,-1,168,-1,156
1,<environment.Job instance at 0x7f3eb7109f00>,48,25,[12  1],49,-1,193,-1,168
1,<environment.Job instance at 0x7f3eb83726e0>,51,19,[ 4 11],52,-1,192,-1,173
1,<environment.Job instance at 0x7f3eb7109550>,52,24,[9 5],53,-1,197,-1,173
1,<environment.Job instance at 0x7f3eb8372320>,56,3,[4 8],57,-1,208,-1,205
1,<environment.Job instance at 0x7f3eb83729b0>,58,2,[1 6],59,-1,207,-1,205
1,<environment.Job instance at 0x7f3eb8372960>,59,14,[ 4 12],60,-1,219,-1,205
1,<environment.Job instance at 0x7f3eb8372e60>,61,27,[ 2 11],62,-1,232,-1,205
1,<environment.Job instance at 0x7f3eb8372e10>,62,3,[2 6],63,-1,208,-1,205
1,<environment.Job instance at 0x7f3eb8372af0>,64,17,[ 5 11],65,-1,237,-1,220
1,<environment.Job instance at 0x7f3eb838de60>,65,16,[12  1],66,-1,236,-1,220
1,<environment.Job instance at 0x7f3eb838d2d0>,66,26,[9 2],67,-1,246,-1,220
1,<environment.Job instance at 0x7f3eb838d280>,68,20,[ 1 13],69,-1,252,-1,232
1,<environment.Job instance at 0x7f3eb838d0f0>,72,23,[ 3 10],73,-1,258,-1,235
1,<environment.Job instance at 0x7f3eb8397f50>,76,24,[1 9],77,-1,296,-1,272
1,<environment.Job instance at 0x7f3eb8373230>,80,1,[7 3],81,-1,281,-1,280
1,<environment.Job instance at 0x7f3eb83732d0>,81,26,[13  1],82,-1,306,-1,280
1,<environment.Job instance at 0x7f3eb8373460>,84,19,[ 5 13],85,-1,313,-1,294
1,<environment.Job instance at 0x7f3eb8373780>,86,25,[3 9],87,-1,333,-1,308
1,<environment.Job instance at 0x7f3eb8373b40>,92,13,[ 3 10],93,-1,367,-1,354
1,<environment.Job instance at 0x7f3eb8373e60>,97,13,[11  4],98,-1,388,-1,375
1,<environment.Job instance at 0x7f3eb8373eb0>,99,16,[ 2 13],100,-1,401,-1,385
1,<environment.Job instance at 0x7f3eb8373d70>,100,1,[5 8],101,-1,386,-1,385
1,<environment.Job instance at 0x7f3eb835e0a0>,102,2,[9 3],103,-1,390,-1,388
1,<environment.Job instance at 0x7f3eb835e320>,105,23,[9 4],106,-1,427,-1,404
1,<environment.Job instance at 0x7f3eb835e500>,108,1,[10  1],109,-1,426,-1,425
1,<environment.Job instance at 0x7f3eb835e5a0>,109,17,[11  2],110,-1,442,-1,425
1,<environment.Job instance at 0x7f3eb835e730>,111,2,[5 9],112,-1,427,-1,425
1,<environment.Job instance at 0x7f3eb835e8c0>,112,28,[10  3],113,-1,453,-1,425
1,<environment.Job instance at 0x7f3eb835e960>,113,28,[10  4],114,-1,453,-1,425
1,<environment.Job instance at 0x7f3eb835ea00>,114,14,[5 1],115,-1,447,-1,433
1,<environment.Job instance at 0x7f3eb835eaa0>,115,25,[5 7],116,-1,458,-1,433
1,<environment.Job instance at 0x7f3eb835eb40>,116,16,[13  3],117,-1,449,-1,433
1,<environment.Job instance at 0x7f3eb83738c0>,2,28,[3 8],3,-1,31,-1,3
1,<environment.Job instance at 0x7f3eb7682b40>,3,18,[ 1 14],4,-1,22,-1,4
1,<environment.Job instance at 0x7f3eb7682730>,6,16,[12  2],7,-1,23,-1,7
1,<environment.Job instance at 0x7f3eb7682870>,10,21,[11  1],11,-1,32,-1,11
1,<environment.Job instance at 0x7f3eb7682190>,11,1,[ 5 10],12,-1,13,-1,12
1,<environment.Job instance at 0x7f3eb7682050>,12,24,[8 3],13,-1,37,-1,13
1,<environment.Job instance at 0x7f3eb7682aa0>,14,23,[ 5 10],15,-1,38,-1,15
1,<environment.Job instance at 0x7f3ec0c12f00>,15,25,[ 2 14],16,-1,41,-1,16
1,<environment.Job instance at 0x7f3ec0c125f0>,16,12,[ 3 13],17,-1,29,-1,17
1,<environment.Job instance at 0x7f3ec0c12b90>,21,14,[ 1 10],22,-1,45,-1,31
1,<environment.Job instance at 0x7f3ec0d6b550>,26,13,[11  2],27,-1,81,-1,68
1,<environment.Job instance at 0x7f3ec0d6be60>,27,13,[12  3],28,-1,81,-1,68
1,<environment.Job instance at 0x7f3ec0a5a3c0>,31,24,[14  3],32,-1,113,-1,89
1,<environment.Job instance at 0x7f3ec0a5a0f0>,32,25,[ 5 10],33,-1,114,-1,89
1,<environment.Job instance at 0x7f3ec0a5aaf0>,33,16,[ 3 12],34,-1,105,-1,89
1,<environment.Job instance at 0x7f3ec0a5a0a0>,47,26,[5 5],48,-1,211,-1,185
1,<environment.Job instance at 0x7f3ec0a5ab40>,49,23,[7 1],50,-1,220,-1,197
1,<environment.Job instance at 0x7f3ec0a5a140>,50,14,[12  4],51,-1,211,-1,197
1,<environment.Job instance at 0x7f3eb745b7d0>,53,23,[7 4],54,-1,250,-1,227
1,<environment.Job instance at 0x7f3eb745bf50>,55,12,[13  4],56,-1,239,-1,227
1,<environment.Job instance at 0x7f3eb745bc30>,56,28,[5 4],57,-1,255,-1,227
1,<environment.Job instance at 0x7f3eb745be10>,57,2,[3 8],58,-1,229,-1,227
1,<environment.Job instance at 0x7f3eb745bc80>,58,27,[6 3],59,-1,254,-1,227
1,<environment.Job instance at 0x7f3eb745b820>,59,2,[14  3],60,-1,229,-1,227
1,<environment.Job instance at 0x7f3eb745beb0>,60,25,[14  5],61,-1,252,-1,227
1,<environment.Job instance at 0x7f3eb745bf00>,61,2,[ 2 12],62,-1,229,-1,227
1,<environment.Job instance at 0x7f3eb745b8c0>,62,28,[7 1],63,-1,255,-1,227
1,<environment.Job instance at 0x7f3eb745ba50>,63,18,[ 3 14],64,-1,245,-1,227
1,<environment.Job instance at 0x7f3eb745b410>,66,26,[3 8],67,-1,266,-1,240
1,<environment.Job instance at 0x7f3eb745bd70>,67,26,[10  5],68,-1,266,-1,240
1,<environment.Job instance at 0x7f3eb745b3c0>,69,16,[12  4],70,-1,264,-1,248
1,<environment.Job instance at 0x7f3eb745b190>,70,24,[1 6],71,-1,272,-1,248
1,<environment.Job instance at 0x7f3eb7937500>,72,24,[5 8],73,-1,278,-1,254
1,<environment.Job instance at 0x7f3eb7937370>,79,21,[ 4 11],80,-1,341,-1,320
1,<environment.Job instance at 0x7f3eb79374b0>,81,23,[8 4],82,-1,346,-1,323
1,<environment.Job instance at 0x7f3eb7937dc0>,87,24,[6 2],88,-1,391,-1,367
1,<environment.Job instance at 0x7f3eb7937e60>,89,25,[8 3],90,-1,392,-1,367
1,<environment.Job instance at 0x7f3eb7937410>,90,15,[11  1],91,-1,382,-1,367
1,<environment.Job instance at 0x7f3eb7937cd0>,92,1,[7 4],93,-1,384,-1,383
1,<environment.Job instance at 0x7f3eb7db85f0>,97,20,[ 5 13],98,-1,433,-1,413
1,<environment.Job instance at 0x7f3eb7db8050>,101,27,[6 4],102,-1,457,-1,430
1,<environment.Job instance at 0x7f3eb7db8730>,102,25,[6 1],103,-1,455,-1,430
1,<environment.Job instance at 0x7f3eb7db87d0>,103,23,[5 5],104,-1,453,-1,430
1,<environment.Job instance at 0x7f3eb7db8f50>,104,28,[8 5],105,-1,458,-1,430
1,<environment.Job instance at 0x7f3eb7db8230>,105,12,[13  5],106,-1,442,-1,430
1,<environment.Job instance at 0x7f3eb7db83c0>,107,23,[10  2],108,-1,453,-1,430
1,<environment.Job instance at 0x7f3eb6f96d20>,1,16,[ 1 12],2,-1,18,-1,2
1,<environment.Job instance at 0x7f3eb7617370>,5,28,[ 2 14],6,-1,34,-1,6
1,<environment.Job instance at 0x7f3eb6f96910>,6,28,[5 1],7,-1,36,-1,8
1,<environment.Job instance at 0x7f3eb6f969b0>,10,21,[9 1],11,-1,93,-1,72
1,<environment.Job instance at 0x7f3eb72925a0>,18,17,[11  4],19,-1,89,-1,72
1,<environment.Job instance at 0x7f3eb7292f00>,19,27,[ 4 13],20,-1,99,-1,72
1,<environment.Job instance at 0x7f3eb7292cd0>,20,15,[14  1],21,-1,87,-1,72
1,<environment.Job instance at 0x7f3eb7292e60>,21,15,[2 5],22,-1,87,-1,72
1,<environment.Job instance at 0x7f3eb729e5f0>,31,15,[12  4],32,-1,177,-1,162
1,<environment.Job instance at 0x7f3eb729ea00>,32,27,[10  3],33,-1,189,-1,162
1,<environment.Job instance at 0x7f3eb729ef50>,33,1,[ 1 11],34,-1,163,-1,162
1,<environment.Job instance at 0x7f3eb729e550>,34,18,[ 2 12],35,-1,180,-1,162
1,<environment.Job instance at 0x7f3eb729e500>,35,22,[ 2 11],36,-1,184,-1,162
1,<environment.Job instance at 0x7f3eb729e230>,36,23,[8 4],37,-1,185,-1,162
1,<environment.Job instance at 0x7f3eb729e6e0>,37,1,[2 5],38,-1,163,-1,162
1,<environment.Job instance at 0x7f3eb729e370>,38,28,[ 4 10],39,-1,190,-1,162
1,<environment.Job instance at 0x7f3eb6d02230>,46,13,[1 5],47,-1,238,-1,225
1,<environment.Job instance at 0x7f3eb6d02b40>,47,1,[11  5],48,-1,226,-1,225
1,<environment.Job instance at 0x7f3eb6d02fa0>,48,14,[ 5 14],49,-1,239,-1,225
1,<environment.Job instance at 0x7f3eb6d02780>,50,25,[9 2],51,-1,253,-1,228
1,<environment.Job instance at 0x7f3eb6d02370>,52,2,[ 5 13],53,-1,239,-1,237
1,<environment.Job instance at 0x7f3eb6d02280>,55,13,[ 5 13],56,-1,263,-1,250
1,<environment.Job instance at 0x7f3eb6d023c0>,56,19,[ 3 10],57,-1,269,-1,250
1,<environment.Job instance at 0x7f3eb6d026e0>,58,24,[5 1],59,-1,274,-1,250
1,<environment.Job instance at 0x7f3eb6d025f0>,59,13,[ 5 12],60,-1,263,-1,250
1,<environment.Job instance at 0x7f3eb6d024b0>,60,15,[8 1],61,-1,265,-1,250
1,<environment.Job instance at 0x7f3eb6d02190>,61,23,[1 8],62,-1,273,-1,250
1,<environment.Job instance at 0x7f3eb6d027d0>,62,28,[ 2 10],63,-1,278,-1,250
1,<environment.Job instance at 0x7f3eb6d020f0>,63,15,[5 5],64,-1,265,-1,250
1,<environment.Job instance at 0x7f3eb6c48b90>,64,16,[ 2 10],65,-1,266,-1,250
1,<environment.Job instance at 0x7f3eb6c48dc0>,65,21,[ 3 14],66,-1,271,-1,250
1,<environment.Job instance at 0x7f3eb6c48fa0>,66,21,[ 2 10],67,-1,271,-1,250
1,<environment.Job instance at 0x7f3eb6c48cd0>,69,21,[13  5],70,-1,290,-1,269
1,<environment.Job instance at 0x7f3eb6c48500>,70,19,[1 9],71,-1,288,-1,269
1,<environment.Job instance at 0x7f3eb6c48e10>,71,3,[9 4],72,-1,272,-1,269
1,<environment.Job instance at 0x7f3eb6c488c0>,72,2,[7 5],73,-1,271,-1,269
1,<environment.Job instance at 0x7f3eb6c48960>,73,14,[11  4],74,-1,283,-1,269
1,<environment.Job instance at 0x7f3eb6c485f0>,74,12,[10  1],75,-1,281,-1,269
1,<environment.Job instance at 0x7f3eb6c481e0>,75,28,[ 1 13],76,-1,297,-1,269
1,<environment.Job instance at 0x7f3eb6c48910>,76,19,[ 5 14],77,-1,288,-1,269
1,<environment.Job instance at 0x7f3eb6c480a0>,77,12,[10  1],78,-1,281,-1,269
1,<environment.Job instance at 0x7f3eb6c48690>,79,2,[ 4 14],80,-1,287,-1,285
1,<environment.Job instance at 0x7f3eb73a0b90>,80,18,[14  4],81,-1,303,-1,285
1,<environment.Job instance at 0x7f3eb73a0190>,81,18,[ 3 11],82,-1,303,-1,285
1,<environment.Job instance at 0x7f3eb73a0640>,82,12,[ 1 10],83,-1,297,-1,285
1,<environment.Job instance at 0x7f3eb7e3d0a0>,83,26,[ 2 11],84,-1,311,-1,285
1,<environment.Job instance at 0x7f3eb7e3da50>,84,13,[13  4],85,-1,298,-1,285
1,<environment.Job instance at 0x7f3eb7e3dbe0>,87,13,[12  4],88,-1,304,-1,291
1,<environment.Job instance at 0x7f3eb7e3d6e0>,88,17,[ 5 13],89,-1,308,-1,291
1,<environment.Job instance at 0x7f3eb7e3dc30>,89,16,[ 5 14],90,-1,307,-1,291
1,<environment.Job instance at 0x7f3eb7ee47d0>,90,25,[5 8],91,-1,316,-1,291
1,<environment.Job instance at 0x7f3eb7ee4af0>,91,12,[6 3],92,-1,303,-1,291
1,<environment.Job instance at 0x7f3eb7ee48c0>,92,17,[ 2 14],93,-1,308,-1,291
1,<environment.Job instance at 0x7f3eb7ee4cd0>,93,18,[11  3],94,-1,309,-1,291
1,<environment.Job instance at 0x7f3eb6c8aa00>,94,12,[4 6],95,-1,303,-1,291
1,<environment.Job instance at 0x7f3eb7ee4b90>,95,13,[2 6],96,-1,305,-1,292
1,<environment.Job instance at 0x7f3eb6c8ad20>,96,13,[10  4],97,-1,308,-1,295
1,<environment.Job instance at 0x7f3eb7ee4960>,98,24,[11  3],99,-1,324,-1,300
1,<environment.Job instance at 0x7f3eb6b79960>,99,15,[ 5 12],100,-1,315,-1,300
1,<environment.Job instance at 0x7f3eb6ba9a50>,100,26,[ 1 12],101,-1,326,-1,300
1,<environment.Job instance at 0x7f3eb83af190>,102,25,[1 8],103,-1,335,-1,310
1,<environment.Job instance at 0x7f3eb6ed9cd0>,103,27,[ 3 12],104,-1,337,-1,310
1,<environment.Job instance at 0x7f3eb7d53190>,105,13,[12  4],106,-1,326,-1,313
1,<environment.Job instance at 0x7f3eb7066050>,106,21,[8 3],107,-1,337,-1,316
1,<environment.Job instance at 0x7f3eb6c97fa0>,107,28,[11  4],108,-1,344,-1,316
1,<environment.Job instance at 0x7f3eb74a9460>,108,26,[5 7],109,-1,342,-1,316
1,<environment.Job instance at 0x7f3eb7858140>,109,2,[5 1],110,-1,318,-1,316
1,<environment.Job instance at 0x7f3eb7d8da50>,110,16,[11  2],111,-1,332,-1,316
1,<environment.Job instance at 0x7f3ec7f9fe60>,112,13,[13  2],113,-1,340,-1,327
1,<environment.Job instance at 0x7f3eb729e0f0>,29,26,[2 9],30,-1,477,-1,451
1,<environment.Job instance at 0x7f3eb77b6460>,9,15,[ 3 13],10,-1,30,-1,15
1,<environment.Job instance at 0x7f3eb77b6640>,10,21,[9 1],11,-1,76,-1,55
1,<environment.Job instance at 0x7f3eb77b65f0>,15,24,[8 4],16,-1,79,-1,55
1,<environment.Job instance at 0x7f3eb77b6910>,16,12,[8 1],17,-1,69,-1,57
1,<environment.Job instance at 0x7f3eb77b6500>,17,14,[10  2],18,-1,74,-1,60
1,<environment.Job instance at 0x7f3eb77b65a0>,18,22,[5 5],19,-1,83,-1,61
1,<environment.Job instance at 0x7f3eb77b6fa0>,19,3,[7 5],20,-1,64,-1,61
1,<environment.Job instance at 0x7f3eb77b6d20>,20,14,[4 9],21,-1,76,-1,62
1,<environment.Job instance at 0x7f3eb81ad280>,22,3,[ 5 14],23,-1,65,-1,62
1,<environment.Job instance at 0x7f3eb81adc30>,23,18,[14  4],24,-1,80,-1,62
1,<environment.Job instance at 0x7f3eb81ad640>,24,20,[3 6],25,-1,84,-1,64
1,<environment.Job instance at 0x7f3eb81f6780>,47,22,[6 5],48,-1,261,-1,239
1,<environment.Job instance at 0x7f3eb81f62d0>,48,24,[9 2],49,-1,263,-1,239
1,<environment.Job instance at 0x7f3eb81f6050>,49,13,[11  4],50,-1,252,-1,239
1,<environment.Job instance at 0x7f3eb81f60f0>,50,17,[ 3 12],51,-1,256,-1,239
1,<environment.Job instance at 0x7f3eb81f64b0>,51,2,[7 4],52,-1,241,-1,239
1,<environment.Job instance at 0x7f3eb81f6b40>,52,2,[4 6],53,-1,241,-1,239
1,<environment.Job instance at 0x7f3eb81f6910>,53,2,[12  2],54,-1,241,-1,239
1,<environment.Job instance at 0x7f3eb81f6870>,54,17,[13  5],55,-1,256,-1,239
1,<environment.Job instance at 0x7f3eb81f6aa0>,55,15,[1 6],56,-1,254,-1,239
1,<environment.Job instance at 0x7f3eb81f69b0>,57,15,[ 5 12],58,-1,257,-1,242
1,<environment.Job instance at 0x7f3eb81f6960>,58,19,[ 4 10],59,-1,261,-1,242
1,<environment.Job instance at 0x7f3eb81f6c30>,59,3,[3 6],60,-1,245,-1,242
1,<environment.Job instance at 0x7f3eb81f6cd0>,60,18,[2 9],61,-1,260,-1,242
1,<environment.Job instance at 0x7f3eb81f68c0>,61,16,[2 7],62,-1,258,-1,242
1,<environment.Job instance at 0x7f3eb81a9c30>,62,25,[10  5],63,-1,267,-1,242
1,<environment.Job instance at 0x7f3eb81a9be0>,64,12,[8 4],65,-1,267,-1,255
1,<environment.Job instance at 0x7f3eb81a9460>,65,16,[1 8],66,-1,271,-1,255
1,<environment.Job instance at 0x7f3eb81a97d0>,66,28,[4 6],67,-1,283,-1,255
1,<environment.Job instance at 0x7f3eb81a9f00>,67,26,[2 6],68,-1,281,-1,255
1,<environment.Job instance at 0x7f3eb81a9730>,68,20,[9 3],69,-1,463,-1,443
1,<environment.Job instance at 0x7f3eb7ab6780>,92,14,[ 2 10],93,-1,462,-1,448
1,<environment.Job instance at 0x7f3eb7ab6960>,93,27,[13  3],94,-1,475,-1,448
1,<environment.Job instance at 0x7f3eb7ab6d20>,94,24,[3 9],95,-1,472,-1,448
1,<environment.Job instance at 0x7f3eb7ab6f50>,95,2,[5 7],96,-1,450,-1,448
1,<environment.Job instance at 0x7f3eb7ab6e10>,96,23,[14  1],97,-1,471,-1,448
1,<environment.Job instance at 0x7f3eb7ab6280>,97,27,[11  2],98,-1,475,-1,448
1,<environment.Job instance at 0x7f3eb7ab6640>,98,14,[9 1],99,-1,462,-1,448
1,<environment.Job instance at 0x7f3eb7ab67d0>,99,12,[10  4],100,-1,460,-1,448
1,<environment.Job instance at 0x7f3eb7ab6a00>,100,22,[ 3 14],101,-1,470,-1,448
1,<environment.Job instance at 0x7f3eb7ab6730>,101,15,[13  2],102,-1,463,-1,448
1,<environment.Job instance at 0x7f3eb7ab6af0>,102,16,[11  3],103,-1,464,-1,448
1,<environment.Job instance at 0x7f3eb79bf0a0>,103,15,[ 1 10],104,-1,463,-1,448
1,<environment.Job instance at 0x7f3eb79bf050>,104,17,[5 1],105,-1,465,-1,448
1,<environment.Job instance at 0x7f3eb79bf230>,106,16,[13  2],107,-1,480,-1,464
1,<environment.Job instance at 0x7f3eb79bfc80>,110,12,[4 7],111,-1,515,-1,503
1,<environment.Job instance at 0x7f3eb79bffa0>,112,28,[13  5],113,-1,548,-1,520
1,<environment.Job instance at 0x7f3eb79bf140>,113,27,[6 1],114,-1,547,-1,520
1,<environment.Job instance at 0x7f3eb79bf4b0>,115,17,[ 5 11],116,-1,537,-1,520
1,<environment.Job instance at 0x7f3eb79bfdc0>,116,12,[1 6],117,-1,532,-1,520
1,<environment.Job instance at 0x7f3eb79bf410>,117,19,[ 5 10],118,-1,539,-1,520
1,<environment.Job instance at 0x7f3eb7ab66e0>,89,16,[ 2 13],90,-1,2791,-1,2775
1,<environment.Job instance at 0x7f3eb7ab6f00>,5,19,[11  3],6,-1,30,-1,11
1,<environment.Job instance at 0x7f3eb79b1af0>,8,18,[12  4],9,-1,29,-1,11
1,<environment.Job instance at 0x7f3eb79b1460>,9,26,[1 9],10,-1,37,-1,11
1,<environment.Job instance at 0x7f3eb79b1190>,10,3,[10  4],11,-1,14,-1,11
1,<environment.Job instance at 0x7f3eb79b1cd0>,12,26,[13  5],13,-1,40,-1,14
1,<environment.Job instance at 0x7f3eb79b1410>,13,25,[13  3],14,-1,39,-1,14
1,<environment.Job instance at 0x7f3eb79b1820>,14,22,[ 5 10],15,-1,37,-1,15
1,<environment.Job instance at 0x7f3eb79b1730>,15,13,[ 3 12],16,-1,29,-1,16
1,<environment.Job instance at 0x7f3eb79b14b0>,17,26,[3 8],18,-1,44,-1,18
1,<environment.Job instance at 0x7f3eb78d9190>,18,16,[ 5 12],19,-1,35,-1,19
1,<environment.Job instance at 0x7f3eb78d9960>,19,24,[13  4],20,-1,44,-1,20
1,<environment.Job instance at 0x7f3eb78d9a00>,20,27,[8 2],21,-1,48,-1,21
1,<environment.Job instance at 0x7f3eb79b1f00>,22,27,[4 5],23,-1,58,-1,31
1,<environment.Job instance at 0x7f3eb76d1550>,23,16,[12  2],24,-1,47,-1,31
1,<environment.Job instance at 0x7f3eb76d1370>,28,26,[ 3 12],29,-1,77,-1,51
1,<environment.Job instance at 0x7f3eb76d15f0>,29,26,[9 2],30,-1,77,-1,51
1,<environment.Job instance at 0x7f3eb76d1870>,31,16,[13  4],32,-1,79,-1,63
1,<environment.Job instance at 0x7f3eb76d11e0>,32,28,[2 7],33,-1,91,-1,63
1,<environment.Job instance at 0x7f3eb76d1190>,35,17,[ 3 13],36,-1,95,-1,78
1,<environment.Job instance at 0x7f3eb6e1e8c0>,36,28,[3 7],37,-1,106,-1,78
1,<environment.Job instance at 0x7f3eb6e1eeb0>,37,20,[11  2],38,-1,98,-1,78
1,<environment.Job instance at 0x7f3eb6e1e230>,40,14,[ 4 10],41,-1,103,-1,89
1,<environment.Job instance at 0x7f3eb6e1e910>,41,1,[5 5],42,-1,90,-1,89
1,<environment.Job instance at 0x7f3eb6e1e410>,42,14,[ 5 13],43,-1,103,-1,89
1,<environment.Job instance at 0x7f3eb79daf00>,47,20,[11  4],48,-1,150,-1,130
1,<environment.Job instance at 0x7f3eb79daaa0>,48,27,[6 1],49,-1,157,-1,130
1,<environment.Job instance at 0x7f3eb7171c80>,54,27,[10  1],55,-1,198,-1,171
1,<environment.Job instance at 0x7f3eb71712d0>,56,1,[10  5],57,-1,172,-1,171
1,<environment.Job instance at 0x7f3eb7171280>,62,25,[8 5],63,-1,247,-1,222
1,<environment.Job instance at 0x7f3eb7171fa0>,63,2,[14  3],64,-1,224,-1,222
1,<environment.Job instance at 0x7f3eb7171500>,64,24,[13  5],65,-1,246,-1,222
1,<environment.Job instance at 0x7f3eb7171690>,68,27,[ 3 10],69,-1,282,-1,255
1,<environment.Job instance at 0x7f3eb71716e0>,70,12,[14  1],71,-1,267,-1,255
1,<environment.Job instance at 0x7f3eb704a730>,72,13,[11  4],73,-1,272,-1,259
1,<environment.Job instance at 0x7f3eb704a140>,77,15,[ 4 13],78,-1,309,-1,294
1,<environment.Job instance at 0x7f3eb704a0a0>,79,13,[11  4],80,-1,321,-1,308
1,<environment.Job instance at 0x7f3eb74c90a0>,91,14,[11  2],92,-1,405,-1,391
1,<environment.Job instance at 0x7f3eb74c96e0>,92,23,[12  3],93,-1,414,-1,391
1,<environment.Job instance at 0x7f3eb74c92d0>,93,28,[4 7],94,-1,419,-1,391
1,<environment.Job instance at 0x7f3eb74c9f50>,99,17,[13  2],100,-1,445,-1,428
1,<environment.Job instance at 0x7f3eb76907d0>,100,1,[3 9],101,-1,429,-1,428
1,<environment.Job instance at 0x7f3eb7690d20>,101,23,[13  4],102,-1,451,-1,428
1,<environment.Job instance at 0x7f3eb76905f0>,103,26,[1 9],104,-1,460,-1,434
1,<environment.Job instance at 0x7f3eb7690eb0>,104,25,[5 4],105,-1,460,-1,435
1,<environment.Job instance at 0x7f3eb7690730>,106,14,[13  4],107,-1,464,-1,450
1,<environment.Job instance at 0x7f3eb76900f0>,108,12,[13  4],109,-1,480,-1,468
1,<environment.Job instance at 0x7f3eb7690c30>,110,19,[12  3],111,-1,503,-1,484
1,<environment.Job instance at 0x7f3eb76908c0>,111,17,[ 5 11],112,-1,501,-1,484
1,<environment.Job instance at 0x7f3eb7690cd0>,112,2,[ 1 10],113,-1,486,-1,484
1,<environment.Job instance at 0x7f3eb7690320>,115,18,[14  2],116,-1,519,-1,501
1,<environment.Job instance at 0x7f3eb76903c0>,116,15,[14  3],117,-1,516,-1,501
1,<environment.Job instance at 0x7f3eb7690050>,118,17,[12  2],119,-1,518,-1,501
1,<environment.Job instance at 0x7f3eb700fa50>,2,23,[5 9],3,-1,26,-1,3
1,<environment.Job instance at 0x7f3eb700fc30>,4,28,[14  5],5,-1,33,-1,5
1,<environment.Job instance at 0x7f3eb700f280>,6,13,[12  1],7,-1,20,-1,7
1,<environment.Job instance at 0x7f3ec098c050>,7,28,[ 5 11],8,-1,36,-1,8
1,<environment.Job instance at 0x7f3eb83cf140>,15,13,[ 4 14],16,-1,35,-1,22
1,<environment.Job instance at 0x7f3eb83cfb90>,19,3,[2 7],20,-1,52,-1,49
1,<environment.Job instance at 0x7f3eb83cf550>,20,15,[12  4],21,-1,64,-1,49
1,<environment.Job instance at 0x7f3eb739cfa0>,36,13,[ 2 14],37,-1,229,-1,216
1,<environment.Job instance at 0x7f3eb739c7d0>,37,23,[10  1],38,-1,242,-1,219
1,<environment.Job instance at 0x7f3eb739c0f0>,46,1,[ 4 13],47,-1,321,-1,320
1,<environment.Job instance at 0x7f3eb739c4b0>,47,14,[ 5 13],48,-1,334,-1,320
1,<environment.Job instance at 0x7f3eb739c0a0>,49,1,[ 1 14],50,-1,324,-1,323
1,<environment.Job instance at 0x7f3eb739c2d0>,50,16,[11  4],51,-1,347,-1,331
1,<environment.Job instance at 0x7f3eb6c47b90>,52,3,[8 2],53,-1,337,-1,334
1,<environment.Job instance at 0x7f3eb6c477d0>,54,16,[13  2],55,-1,368,-1,352
1,<environment.Job instance at 0x7f3eb6c47280>,55,14,[ 2 13],56,-1,366,-1,352
1,<environment.Job instance at 0x7f3eb6c47640>,56,18,[13  1],57,-1,370,-1,352
1,<environment.Job instance at 0x7f3eb6c479b0>,57,21,[ 2 12],58,-1,373,-1,352
1,<environment.Job instance at 0x7f3eb6c47d20>,59,26,[13  3],60,-1,378,-1,352
1,<environment.Job instance at 0x7f3eb6c47370>,60,24,[12  5],61,-1,376,-1,352
1,<environment.Job instance at 0x7f3eb6c47730>,62,27,[7 3],63,-1,386,-1,359
1,<environment.Job instance at 0x7f3eb6c47690>,64,12,[ 1 10],65,-1,386,-1,374
1,<environment.Job instance at 0x7f3eb6c47410>,66,21,[11  1],67,-1,410,-1,389
1,<environment.Job instance at 0x7f3eb829a6e0>,68,18,[11  1],69,-1,412,-1,394
1,<environment.Job instance at 0x7f3eb829a050>,72,13,[ 1 12],73,-1,436,-1,423
1,<environment.Job instance at 0x7f3eb829a910>,79,24,[ 2 12],80,-1,489,-1,465
1,<environment.Job instance at 0x7f3eb821b0f0>,85,25,[3 6],86,-1,521,-1,496
1,<environment.Job instance at 0x7f3eb821bbe0>,87,16,[ 5 12],88,-1,525,-1,509
1,<environment.Job instance at 0x7f3eb6ff8c30>,90,12,[11  4],91,-1,538,-1,526
1,<environment.Job instance at 0x7f3eb6ff8fa0>,92,2,[12  3],93,-1,529,-1,527
1,<environment.Job instance at 0x7f3eb7006f00>,93,14,[14  2],94,-1,541,-1,527
1,<environment.Job instance at 0x7f3eb7006d70>,94,13,[12  4],95,-1,540,-1,527
1,<environment.Job instance at 0x7f3ec09f7d70>,99,14,[11  5],100,-1,574,-1,560
1,<environment.Job instance at 0x7f3eb6c285f0>,100,18,[ 4 12],101,-1,578,-1,560
1,<environment.Job instance at 0x7f3eb7d297d0>,101,24,[ 3 11],102,-1,584,-1,560
1,<environment.Job instance at 0x7f3eb72aa9b0>,102,15,[ 3 10],103,-1,576,-1,561
1,<environment.Job instance at 0x7f3eb77380a0>,105,12,[13  3],106,-1,576,-1,564
1,<environment.Job instance at 0x7f3eb8007870>,108,27,[12  3],109,-1,610,-1,583
1,<environment.Job instance at 0x7f3eb7fedf00>,110,26,[ 4 11],111,-1,623,-1,597
1,<environment.Job instance at 0x7f3eb83aa4b0>,113,24,[ 5 12],114,-1,624,-1,600
1,<environment.Job instance at 0x7f3eb83aa7d0>,114,2,[1 7],115,-1,602,-1,600
1,<environment.Job instance at 0x7f3eb83aab90>,115,3,[ 3 12],116,-1,603,-1,600
1,<environment.Job instance at 0x7f3eb7bc9820>,117,14,[14  5],118,-1,627,-1,613
1,<environment.Job instance at 0x7f3ec0ee5b90>,118,14,[ 3 12],119,-1,627,-1,613
1,<environment.Job instance at 0x7f3eb76e8500>,9,13,[ 1 11],10,-1,28,-1,15
1,<environment.Job instance at 0x7f3eb76e83c0>,10,14,[11  4],11,-1,29,-1,15
1,<environment.Job instance at 0x7f3eb76e8870>,11,24,[ 4 11],12,-1,39,-1,15
1,<environment.Job instance at 0x7f3eb76e85f0>,12,24,[4 8],13,-1,39,-1,15
1,<environment.Job instance at 0x7f3eb79e2820>,22,18,[12  1],23,-1,88,-1,70
1,<environment.Job instance at 0x7f3eb79e2fa0>,25,2,[7 5],26,-1,85,-1,83
1,<environment.Job instance at 0x7f3eb79e2e60>,27,23,[6 2],28,-1,110,-1,87
1,<environment.Job instance at 0x7f3eb79e25a0>,28,12,[11  4],29,-1,99,-1,87
1,<environment.Job instance at 0x7f3eb79e2370>,29,3,[ 1 12],30,-1,90,-1,87
1,<environment.Job instance at 0x7f3eb79e2320>,30,14,[12  1],31,-1,101,-1,87
1,<environment.Job instance at 0x7f3eb79e2280>,35,17,[ 1 11],36,-1,135,-1,118
1,<environment.Job instance at 0x7f3eb79e21e0>,37,18,[12  5],38,-1,139,-1,121
1,<environment.Job instance at 0x7f3eb79e25f0>,38,20,[13  1],39,-1,141,-1,121
1,<environment.Job instance at 0x7f3eb7b7f0a0>,39,17,[ 5 13],40,-1,138,-1,121
1,<environment.Job instance at 0x7f3eb7b7ff50>,41,23,[4 8],42,-1,215,-1,192
1,<environment.Job instance at 0x7f3eb7b7feb0>,52,26,[6 5],53,-1,259,-1,233
1,<environment.Job instance at 0x7f3eb7b7f0f0>,54,22,[13  2],55,-1,268,-1,246
1,<environment.Job instance at 0x7f3eb7b7f050>,55,3,[4 9],56,-1,249,-1,246
1,<environment.Job instance at 0x7f3eb79f2c80>,59,28,[ 3 11],60,-1,303,-1,275
1,<environment.Job instance at 0x7f3eb79f2730>,62,19,[ 2 12],63,-1,294,-1,275
1,<environment.Job instance at 0x7f3eb79f2a50>,65,22,[3 6],66,-1,338,-1,316
1,<environment.Job instance at 0x7f3eb79f2690>,70,16,[12  3],71,-1,332,-1,316
1,<environment.Job instance at 0x7f3eb79f2be0>,71,3,[5 7],72,-1,319,-1,316
1,<environment.Job instance at 0x7f3eb79f25a0>,73,27,[ 1 10],74,-1,363,-1,336
1,<environment.Job instance at 0x7f3eb79f2190>,74,14,[ 1 11],75,-1,350,-1,336
1,<environment.Job instance at 0x7f3eb79f2b40>,75,25,[ 5 11],76,-1,361,-1,336
1,<environment.Job instance at 0x7f3eb79f26e0>,77,1,[1 7],78,-1,349,-1,348
1,<environment.Job instance at 0x7f3eb79f2960>,79,28,[6 3],80,-1,385,-1,357
1,<environment.Job instance at 0x7f3eb6cdbd20>,82,19,[ 3 12],83,-1,380,-1,361
1,<environment.Job instance at 0x7f3eb6cdb5a0>,83,23,[4 5],84,-1,384,-1,361
1,<environment.Job instance at 0x7f3eb6cdb640>,86,22,[ 2 12],87,-1,416,-1,394
1,<environment.Job instance at 0x7f3eb6cdb050>,87,17,[12  5],88,-1,411,-1,394
1,<environment.Job instance at 0x7f3eb6cdb190>,88,28,[11  4],89,-1,422,-1,394
1,<environment.Job instance at 0x7f3eb6cdb690>,89,1,[4 9],90,-1,395,-1,394
1,<environment.Job instance at 0x7f3eb6cdb550>,90,12,[ 4 14],91,-1,406,-1,394
1,<environment.Job instance at 0x7f3eb6cd8320>,107,20,[14  5],108,-1,555,-1,535
1,<environment.Job instance at 0x7f3eb6cd8410>,108,25,[ 3 12],109,-1,560,-1,535
1,<environment.Job instance at 0x7f3eb6cd8a50>,109,14,[13  1],110,-1,549,-1,535
1,<environment.Job instance at 0x7f3eb6cd8820>,111,13,[ 2 12],112,-1,554,-1,541
1,<environment.Job instance at 0x7f3eb6cd85f0>,115,16,[12  2],116,-1,581,-1,565
1,<environment.Job instance at 0x7f3eb6cd8050>,116,16,[14  1],117,-1,581,-1,565
1,<environment.Job instance at 0x7f3eb6cd87d0>,117,3,[ 2 13],118,-1,568,-1,565
1,<environment.Job instance at 0x7f3eb82e4e60>,2,15,[ 2 11],3,-1,18,-1,3
1,<environment.Job instance at 0x7f3eb82e4f50>,4,17,[14  1],5,-1,22,-1,5
1,<environment.Job instance at 0x7f3eb82e4fa0>,10,28,[5 8],11,-1,47,-1,19
1,<environment.Job instance at 0x7f3eb82e4c30>,11,17,[ 3 14],12,-1,36,-1,19
1,<environment.Job instance at 0x7f3eb82e42d0>,12,27,[ 3 10],13,-1,46,-1,19
1,<environment.Job instance at 0x7f3eb82e4280>,15,22,[ 1 10],16,-1,44,-1,22
1,<environment.Job instance at 0x7f3eb82e48c0>,17,27,[6 4],18,-1,64,-1,37
1,<environment.Job instance at 0x7f3eb82e4910>,18,22,[ 2 10],19,-1,59,-1,37
1,<environment.Job instance at 0x7f3eb82e4500>,19,25,[2 8],20,-1,62,-1,37
1,<environment.Job instance at 0x7f3eb6bd5af0>,23,2,[ 5 11],24,-1,57,-1,55
1,<environment.Job instance at 0x7f3eb6bd5f50>,24,1,[8 2],25,-1,56,-1,55
1,<environment.Job instance at 0x7f3eb6bd5e10>,29,12,[5 9],30,-1,101,-1,89
1,<environment.Job instance at 0x7f3eb6bd5f00>,30,24,[14  3],31,-1,113,-1,89
1,<environment.Job instance at 0x7f3eb6bd5780>,33,2,[13  4],34,-1,104,-1,102
1,<environment.Job instance at 0x7f3eb6bd5050>,34,22,[12  2],35,-1,124,-1,102
1,<environment.Job instance at 0x7f3eb6bd5870>,37,28,[ 3 11],38,-1,145,-1,117
1,<environment.Job instance at 0x7f3eb77bb6e0>,38,12,[ 2 14],39,-1,129,-1,117
1,<environment.Job instance at 0x7f3eb77bb640>,39,18,[14  4],40,-1,135,-1,117
1,<environment.Job instance at 0x7f3eb77bb320>,40,14,[12  5],41,-1,131,-1,117
1,<environment.Job instance at 0x7f3eb77bb7d0>,41,28,[9 4],42,-1,145,-1,117
1,<environment.Job instance at 0x7f3eb77bb5a0>,42,28,[13  4],43,-1,145,-1,117
1,<environment.Job instance at 0x7f3eb77bba50>,43,16,[ 3 13],44,-1,133,-1,117
1,<environment.Job instance at 0x7f3eb77bb190>,44,3,[6 5],45,-1,120,-1,117
1,<environment.Job instance at 0x7f3eb77bbb90>,45,16,[ 2 13],46,-1,133,-1,117
1,<environment.Job instance at 0x7f3eb77bb050>,47,20,[ 5 10],48,-1,137,-1,117
1,<environment.Job instance at 0x7f3eb77bbd70>,48,3,[5 2],49,-1,120,-1,117
1,<environment.Job instance at 0x7f3eb77bbf50>,49,18,[ 4 12],50,-1,135,-1,117
1,<environment.Job instance at 0x7f3eb77bbf00>,55,23,[ 4 10],56,-1,176,-1,153
1,<environment.Job instance at 0x7f3eb77bb550>,56,3,[9 5],57,-1,156,-1,153
1,<environment.Job instance at 0x7f3eb7ca6050>,67,17,[ 5 13],68,-1,278,-1,261
1,<environment.Job instance at 0x7f3eb7ca6fa0>,68,26,[ 3 14],69,-1,287,-1,261
1,<environment.Job instance at 0x7f3ec0b97f50>,85,22,[5 8],86,-1,488,-1,466
1,<environment.Job instance at 0x7f3eb6bd0c80>,96,18,[1 7],97,-1,484,-1,466
1,<environment.Job instance at 0x7f3eb6bd0eb0>,100,28,[9 3],101,-1,513,-1,485
1,<environment.Job instance at 0x7f3eb6bd08c0>,102,28,[5 3],103,-1,513,-1,485
1,<environment.Job instance at 0x7f3eb7b780f0>,105,1,[ 3 13],106,-1,511,-1,510
1,<environment.Job instance at 0x7f3eb7b78eb0>,106,22,[ 2 11],107,-1,532,-1,510
1,<environment.Job instance at 0x7f3eb7b78e10>,107,24,[ 2 13],108,-1,534,-1,510
1,<environment.Job instance at 0x7f3eb7b78be0>,112,15,[ 3 10],113,-1,559,-1,544
1,<environment.Job instance at 0x7f3eb7b782d0>,115,20,[14  4],116,-1,578,-1,558
1,<environment.Job instance at 0x7f3eb7b78230>,116,22,[ 1 14],117,-1,580,-1,558
1,<environment.Job instance at 0x7f3eb7b78460>,117,2,[14  4],118,-1,560,-1,558
1,<environment.Job instance at 0x7f3eb6af36e0>,3,12,[14  2],4,-1,16,-1,4
1,<environment.Job instance at 0x7f3eb6af3410>,4,1,[14  4],5,-1,6,-1,5
1,<environment.Job instance at 0x7f3eb82e4960>,2,16,[14  2],3,-1,21,-1,5
1,<environment.Job instance at 0x7f3eb6af3460>,7,12,[ 2 12],8,-1,20,-1,8
1,<environment.Job instance at 0x7f3eb6aeb5f0>,8,14,[13  4],9,-1,23,-1,9
1,<environment.Job instance at 0x7f3eb6aebf00>,9,20,[ 3 11],10,-1,30,-1,10
1,<environment.Job instance at 0x7f3eba440eb0>,14,2,[ 3 14],15,-1,17,-1,15
1,<environment.Job instance at 0x7f3eba440780>,19,2,[2 6],20,-1,36,-1,34
1,<environment.Job instance at 0x7f3eb6b0a1e0>,21,24,[6 3],22,-1,62,-1,38
1,<environment.Job instance at 0x7f3eb6b0a910>,22,28,[2 8],23,-1,66,-1,38
1,<environment.Job instance at 0x7f3eb6b0a690>,23,13,[12  3],24,-1,51,-1,38
1,<environment.Job instance at 0x7f3eb6b0abe0>,25,20,[8 1],26,-1,79,-1,59
1,<environment.Job instance at 0x7f3eb6b0a4b0>,28,26,[9 3],29,-1,85,-1,59
1,<environment.Job instance at 0x7f3eb6b0ac80>,31,20,[ 4 14],32,-1,93,-1,73
1,<environment.Job instance at 0x7f3eb6b0a2d0>,33,14,[12  5],34,-1,102,-1,88
1,<environment.Job instance at 0x7f3eb6b0a320>,34,25,[ 5 12],35,-1,113,-1,88
1,<environment.Job instance at 0x7f3eb6b0aeb0>,36,15,[ 3 14],37,-1,103,-1,88
1,<environment.Job instance at 0x7f3eb6d0e5a0>,39,1,[10  1],40,-1,103,-1,102
1,<environment.Job instance at 0x7f3eb6d0e550>,40,24,[7 1],41,-1,126,-1,102
1,<environment.Job instance at 0x7f3eb6d0e1e0>,41,20,[ 2 10],42,-1,122,-1,102
1,<environment.Job instance at 0x7f3eb6cfc1e0>,42,18,[ 5 13],43,-1,120,-1,102
1,<environment.Job instance at 0x7f3eb6cfca50>,45,28,[1 5],46,-1,143,-1,115
1,<environment.Job instance at 0x7f3eb6cfce60>,47,25,[8 1],48,-1,144,-1,119
1,<environment.Job instance at 0x7f3eb6b5ee60>,48,18,[ 1 10],49,-1,137,-1,119
1,<environment.Job instance at 0x7f3eb6b5e410>,49,12,[12  3],50,-1,131,-1,119
1,<environment.Job instance at 0x7f3ec0c24280>,52,25,[4 5],53,-1,168,-1,143
1,<environment.Job instance at 0x7f3ec0c24a50>,53,25,[10  3],54,-1,168,-1,143
1,<environment.Job instance at 0x7f3eb834ff00>,55,28,[13  4],56,-1,184,-1,156
1,<environment.Job instance at 0x7f3eb834f960>,56,20,[13  2],57,-1,176,-1,156
1,<environment.Job instance at 0x7f3eb82a8d20>,57,14,[12  3],58,-1,170,-1,156
1,<environment.Job instance at 0x7f3eb7a6e2d0>,58,17,[ 5 13],59,-1,173,-1,156
1,<environment.Job instance at 0x7f3eb801e050>,60,18,[13  4],61,-1,187,-1,169
1,<environment.Job instance at 0x7f3eb6b344b0>,62,12,[ 3 10],63,-1,201,-1,189
1,<environment.Job instance at 0x7f3eb80a0190>,63,16,[ 2 11],64,-1,205,-1,189
1,<environment.Job instance at 0x7f3eb8212640>,64,1,[8 4],65,-1,190,-1,189
1,<environment.Job instance at 0x7f3eb8212be0>,65,25,[2 5],66,-1,214,-1,189
1,<environment.Job instance at 0x7f3eb6ce5370>,72,23,[ 3 14],73,-1,245,-1,222
1,<environment.Job instance at 0x7f3eb6ce5730>,73,21,[ 5 13],74,-1,243,-1,222
1,<environment.Job instance at 0x7f3eb6ce58c0>,74,16,[ 3 14],75,-1,238,-1,222
1,<environment.Job instance at 0x7f3eb823a410>,78,13,[14  1],79,-1,278,-1,265
1,<environment.Job instance at 0x7f3eb839f8c0>,79,18,[1 5],80,-1,283,-1,265
1,<environment.Job instance at 0x7f3eb75ad500>,80,22,[1 6],81,-1,287,-1,265
1,<environment.Job instance at 0x7f3eb83de0f0>,81,16,[ 2 10],82,-1,281,-1,265
1,<environment.Job instance at 0x7f3eb7071e10>,96,24,[4 7],97,-1,417,-1,393
1,<environment.Job instance at 0x7f3eb6bc1dc0>,101,12,[10  4],102,-1,419,-1,407
1,<environment.Job instance at 0x7f3eb7262f50>,105,2,[5 9],106,-1,425,-1,423
1,<environment.Job instance at 0x7f3eb7262550>,106,21,[2 8],107,-1,445,-1,424
1,<environment.Job instance at 0x7f3eb7262dc0>,107,14,[9 2],108,-1,438,-1,424
1,<environment.Job instance at 0x7f3eb7262320>,108,28,[7 2],109,-1,452,-1,424
1,<environment.Job instance at 0x7f3eb7262960>,109,3,[4 5],110,-1,427,-1,424
1,<environment.Job instance at 0x7f3eb7262e60>,110,27,[ 3 12],111,-1,451,-1,424
1,<environment.Job instance at 0x7f3eb725e500>,113,26,[11  1],114,-1,463,-1,437
1,<environment.Job instance at 0x7f3eb725ebe0>,114,28,[9 2],115,-1,465,-1,437
1,<environment.Job instance at 0x7f3eb725e460>,115,21,[12  5],116,-1,458,-1,437
1,<environment.Job instance at 0x7f3eb725edc0>,117,18,[ 2 14],118,-1,472,-1,454
1,<environment.Job instance at 0x7f3eb725ef00>,118,20,[10  2],119,-1,1200,-1,1180
1,<environment.Job instance at 0x7f3eb7ce2280>,3,12,[ 3 11],4,-1,16,-1,4
1,<environment.Job instance at 0x7f3eb7ce23c0>,4,25,[ 1 14],5,-1,30,-1,5
1,<environment.Job instance at 0x7f3eb7c45460>,6,26,[14  4],7,-1,33,-1,7
1,<environment.Job instance at 0x7f3eb7c45820>,8,23,[ 1 11],9,-1,32,-1,9
1,<environment.Job instance at 0x7f3eb7c452d0>,19,1,[3 9],20,-1,53,-1,52
1,<environment.Job instance at 0x7f3eb7c455f0>,23,15,[12  3],24,-1,85,-1,70
1,<environment.Job instance at 0x7f3eb761ed70>,28,3,[14  3],29,-1,105,-1,102
1,<environment.Job instance at 0x7f3eb761e780>,29,28,[1 7],30,-1,130,-1,102
1,<environment.Job instance at 0x7f3eb761ee60>,31,14,[ 1 13],32,-1,123,-1,109
1,<environment.Job instance at 0x7f3eb761eb90>,32,1,[3 9],33,-1,110,-1,109
1,<environment.Job instance at 0x7f3eb761e0f0>,33,13,[13  5],34,-1,122,-1,109
1,<environment.Job instance at 0x7f3eb761e500>,34,14,[12  1],35,-1,123,-1,109
1,<environment.Job instance at 0x7f3eb761e9b0>,36,24,[ 2 12],37,-1,133,-1,109
1,<environment.Job instance at 0x7f3eb761ed20>,38,17,[ 5 14],39,-1,142,-1,125
1,<environment.Job instance at 0x7f3eb761e190>,41,28,[ 3 13],42,-1,156,-1,128
1,<environment.Job instance at 0x7f3eb7b94cd0>,43,2,[14  1],44,-1,140,-1,138
1,<environment.Job instance at 0x7f3eb7b94820>,45,12,[ 4 12],46,-1,155,-1,143
1,<environment.Job instance at 0x7f3eb7b94140>,46,12,[12  5],47,-1,155,-1,143
1,<environment.Job instance at 0x7f3eb7b945f0>,48,14,[12  2],49,-1,165,-1,151
1,<environment.Job instance at 0x7f3eb7b943c0>,49,3,[6 4],50,-1,154,-1,151
1,<environment.Job instance at 0x7f3eb7b94fa0>,50,15,[ 1 12],51,-1,166,-1,151
1,<environment.Job instance at 0x7f3eb7b94640>,53,23,[5 9],54,-1,206,-1,183
1,<environment.Job instance at 0x7f3eb7b94730>,55,23,[4 7],56,-1,206,-1,183
1,<environment.Job instance at 0x7f3eb7b94a00>,56,3,[5 5],57,-1,186,-1,183
1,<environment.Job instance at 0x7f3eb7b94c30>,57,20,[ 2 12],58,-1,203,-1,183
1,<environment.Job instance at 0x7f3eb7b94aa0>,58,25,[9 4],59,-1,208,-1,183
1,<environment.Job instance at 0x7f3eb7c510f0>,59,24,[5 1],60,-1,207,-1,183
1,<environment.Job instance at 0x7f3eb7c51410>,65,26,[10  5],66,-1,251,-1,225
1,<environment.Job instance at 0x7f3eb7c51320>,67,1,[14  3],68,-1,226,-1,225
1,<environment.Job instance at 0x7f3eb7c51cd0>,70,1,[2 7],71,-1,253,-1,252
1,<environment.Job instance at 0x7f3eb7c51640>,73,18,[ 1 12],74,-1,270,-1,252
1,<environment.Job instance at 0x7f3eb7c51780>,74,16,[13  4],75,-1,268,-1,252
1,<environment.Job instance at 0x7f3eb7c51c80>,75,19,[11  2],76,-1,278,-1,259
1,<environment.Job instance at 0x7f3eb7c517d0>,76,17,[ 4 14],77,-1,276,-1,259
1,<environment.Job instance at 0x7f3eb6ea4190>,78,15,[13  5],79,-1,280,-1,265
1,<environment.Job instance at 0x7f3eb6ea4c30>,82,3,[4 6],83,-1,289,-1,286
1,<environment.Job instance at 0x7f3eb6ea4d70>,84,27,[ 5 14],85,-1,325,-1,298
1,<environment.Job instance at 0x7f3eb6ea4e10>,85,22,[12  4],86,-1,320,-1,298
1,<environment.Job instance at 0x7f3eb6ea47d0>,86,17,[13  2],87,-1,315,-1,298
1,<environment.Job instance at 0x7f3eb6ea45a0>,93,12,[ 4 14],94,-1,343,-1,331
1,<environment.Job instance at 0x7f3eb823a0a0>,94,25,[7 1],95,-1,356,-1,331
1,<environment.Job instance at 0x7f3eb823aeb0>,97,3,[ 1 12],98,-1,341,-1,338
1,<environment.Job instance at 0x7f3eb823ab40>,98,28,[5 4],99,-1,366,-1,338
1,<environment.Job instance at 0x7f3eb6bbe690>,2,12,[13  4],3,-1,15,-1,3
1,<environment.Job instance at 0x7f3eb6fb9910>,4,23,[5 5],5,-1,28,-1,5
1,<environment.Job instance at 0x7f3eb6fb94b0>,5,1,[7 4],6,-1,7,-1,6
1,<environment.Job instance at 0x7f3eb6fb9c30>,19,28,[6 3],20,-1,100,-1,72
1,<environment.Job instance at 0x7f3eb6fb9e10>,23,27,[6 2],24,-1,139,-1,112
1,<environment.Job instance at 0x7f3eb6fc4050>,26,18,[ 5 13],27,-1,130,-1,112
1,<environment.Job instance at 0x7f3eb6fc4230>,28,23,[3 8],29,-1,150,-1,127
1,<environment.Job instance at 0x7f3eb6fc4370>,30,24,[7 1],31,-1,151,-1,127
1,<environment.Job instance at 0x7f3eb6fc48c0>,39,17,[11  1],40,-1,234,-1,217
1,<environment.Job instance at 0x7f3eb6fc4a50>,40,13,[12  1],41,-1,230,-1,217
1,<environment.Job instance at 0x7f3eb6fc4cd0>,43,1,[9 3],44,-1,229,-1,228
1,<environment.Job instance at 0x7f3eb840d2d0>,102,27,[5 4],103,-1,823,-1,796
1,<environment.Job instance at 0x7f3eb83e7820>,104,3,[1 5],105,-1,805,-1,802
1,<environment.Job instance at 0x7f3eb83fbe10>,107,20,[ 3 13],108,-1,839,-1,819
1,<environment.Job instance at 0x7f3eb702f5a0>,111,2,[13  4],112,-1,837,-1,835
1,<environment.Job instance at 0x7f3eb704a1e0>,113,25,[6 1],114,-1,878,-1,853
1,<environment.Job instance at 0x7f3eb83e9320>,117,27,[11  5],118,-1,898,-1,871
1,<environment.Job instance at 0x7f3eb820ba50>,4,23,[12  5],5,-1,28,-1,5
1,<environment.Job instance at 0x7f3eb6e3d910>,13,12,[8 4],14,-1,46,-1,34
1,<environment.Job instance at 0x7f3eb7e70870>,18,2,[14  1],19,-1,66,-1,64
1,<environment.Job instance at 0x7f3eb7e708c0>,19,18,[ 1 11],20,-1,82,-1,64
1,<environment.Job instance at 0x7f3eb7e70690>,20,13,[14  5],21,-1,77,-1,64
1,<environment.Job instance at 0x7f3eb7e70b90>,24,2,[ 2 12],25,-1,88,-1,86
1,<environment.Job instance at 0x7f3eb7e70410>,26,2,[3 5],27,-1,104,-1,102
1,<environment.Job instance at 0x7f3eb7e70cd0>,27,2,[3 6],28,-1,104,-1,102
1,<environment.Job instance at 0x7f3eb7e70370>,30,13,[ 3 14],31,-1,131,-1,118
1,<environment.Job instance at 0x7f3eb6ecfe60>,31,17,[ 1 11],32,-1,135,-1,118
1,<environment.Job instance at 0x7f3eb6ecf280>,34,15,[14  2],35,-1,133,-1,118
1,<environment.Job instance at 0x7f3eb6ecf5f0>,37,25,[ 5 10],38,-1,157,-1,132
1,<environment.Job instance at 0x7f3eb6ecffa0>,39,14,[14  4],40,-1,163,-1,149
1,<environment.Job instance at 0x7f3eb6ecf2d0>,40,25,[5 8],41,-1,174,-1,149
1,<environment.Job instance at 0x7f3eb6ecfb90>,41,28,[3 6],42,-1,177,-1,149
1,<environment.Job instance at 0x7f3eb78c1320>,46,28,[5 3],47,-1,215,-1,187
1,<environment.Job instance at 0x7f3eb78c19b0>,47,23,[10  1],48,-1,211,-1,188
1,<environment.Job instance at 0x7f3eb78c17d0>,50,24,[11  2],51,-1,212,-1,188
1,<environment.Job instance at 0x7f3eb78c1eb0>,55,24,[7 2],56,-1,254,-1,230
1,<environment.Job instance at 0x7f3eb70ee6e0>,79,25,[ 3 13],80,-1,507,-1,482
1,<environment.Job instance at 0x7f3eb70eee10>,85,14,[11  2],86,-1,559,-1,545
1,<environment.Job instance at 0x7f3eb70eedc0>,87,23,[10  2],88,-1,569,-1,546
1,<environment.Job instance at 0x7f3eb70ee3c0>,88,27,[ 1 11],89,-1,573,-1,546
1,<environment.Job instance at 0x7f3eb7cf6140>,99,1,[10  1],100,-1,599,-1,598
1,<environment.Job instance at 0x7f3eb7cf6d70>,103,17,[14  1],104,-1,641,-1,624
1,<environment.Job instance at 0x7f3eb7cf6190>,106,19,[ 4 13],107,-1,656,-1,637
1,<environment.Job instance at 0x7f3eb7cf6410>,109,26,[5 5],110,-1,683,-1,657
1,<environment.Job instance at 0x7f3eb7cf6be0>,110,22,[ 4 10],111,-1,689,-1,667
1,<environment.Job instance at 0x7f3eb7d6a190>,118,1,[12  4],119,-1,712,-1,711
1,<environment.Job instance at 0x7f3eb7319aa0>,4,22,[ 1 11],5,-1,27,-1,5
1,<environment.Job instance at 0x7f3eb7337870>,6,26,[5 3],7,-1,34,-1,8
1,<environment.Job instance at 0x7f3eb6eced70>,11,24,[ 4 14],12,-1,40,-1,16
1,<environment.Job instance at 0x7f3eb6abf910>,16,17,[ 5 11],17,-1,57,-1,40
1,<environment.Job instance at 0x7f3eb6abf7d0>,17,13,[ 2 13],18,-1,53,-1,40
1,<environment.Job instance at 0x7f3eb6abf870>,18,14,[2 5],19,-1,54,-1,40
1,<environment.Job instance at 0x7f3eb6a829b0>,24,3,[8 2],25,-1,83,-1,80
1,<environment.Job instance at 0x7f3eb7baf6e0>,25,15,[11  3],26,-1,95,-1,80
1,<environment.Job instance at 0x7f3eb7baf0a0>,27,28,[7 2],28,-1,115,-1,87
1,<environment.Job instance at 0x7f3eb6ffff00>,31,22,[1 9],32,-1,128,-1,106
1,<environment.Job instance at 0x7f3eb6fff550>,32,16,[1 7],33,-1,124,-1,108
1,<environment.Job instance at 0x7f3eb6fff280>,33,1,[ 4 10],34,-1,109,-1,108
1,<environment.Job instance at 0x7f3eb7e2ba00>,34,12,[10  5],35,-1,120,-1,108
1,<environment.Job instance at 0x7f3eb7e2bbe0>,35,16,[10  1],36,-1,132,-1,116
1,<environment.Job instance at 0x7f3eb7e2b7d0>,36,28,[6 5],37,-1,144,-1,116
1,<environment.Job instance at 0x7f3eb7e2b190>,37,17,[14  3],38,-1,133,-1,116
1,<environment.Job instance at 0x7f3eb7e2bf50>,38,19,[ 5 12],39,-1,135,-1,116
1,<environment.Job instance at 0x7f3eb7e2ba50>,39,27,[2 8],40,-1,143,-1,116
1,<environment.Job instance at 0x7f3eb7ed16e0>,40,2,[ 3 13],41,-1,118,-1,116
1,<environment.Job instance at 0x7f3eb7ed10f0>,44,12,[9 4],45,-1,160,-1,148
1,<environment.Job instance at 0x7f3eb6ccb640>,48,27,[4 6],49,-1,175,-1,148
1,<environment.Job instance at 0x7f3eb6ccb3c0>,50,15,[ 1 12],51,-1,173,-1,158
1,<environment.Job instance at 0x7f3eb6ccb280>,51,1,[ 3 12],52,-1,159,-1,158
1,<environment.Job instance at 0x7f3eb6ccbd70>,52,24,[8 1],53,-1,182,-1,158
1,<environment.Job instance at 0x7f3eb6ccb190>,53,23,[12  1],54,-1,181,-1,158
1,<environment.Job instance at 0x7f3eb7797aa0>,54,26,[4 5],55,-1,184,-1,158
1,<environment.Job instance at 0x7f3eb7797f00>,55,28,[8 2],56,-1,186,-1,158
1,<environment.Job instance at 0x7f3eb7797eb0>,56,21,[11  3],57,-1,179,-1,158
1,<environment.Job instance at 0x7f3eb7d2e5a0>,57,19,[14  3],58,-1,177,-1,158
1,<environment.Job instance at 0x7f3eb83c76e0>,59,2,[5 1],60,-1,162,-1,160
1,<environment.Job instance at 0x7f3eb749ecd0>,60,23,[ 2 10],61,-1,183,-1,160
1,<environment.Job instance at 0x7f3eb7f41320>,61,3,[ 2 10],62,-1,163,-1,160
1,<environment.Job instance at 0x7f3eb7193be0>,62,3,[10  5],63,-1,163,-1,160
1,<environment.Job instance at 0x7f3eb6b53870>,63,15,[ 4 11],64,-1,175,-1,160
1,<environment.Job instance at 0x7f3eb71930f0>,64,15,[ 1 11],65,-1,175,-1,160
1,<environment.Job instance at 0x7f3eb83c7a50>,65,24,[11  4],66,-1,184,-1,160
1,<environment.Job instance at 0x7f3eb83af4b0>,66,21,[14  5],67,-1,181,-1,160
1,<environment.Job instance at 0x7f3ec0e69410>,67,2,[7 1],68,-1,162,-1,160
1,<environment.Job instance at 0x7f3eb800b0f0>,69,13,[9 1],70,-1,202,-1,189
1,<environment.Job instance at 0x7f3eb819e5f0>,73,14,[ 2 12],74,-1,207,-1,193
1,<environment.Job instance at 0x7f3eb803cc80>,74,20,[ 3 14],75,-1,213,-1,193
1,<environment.Job instance at 0x7f3eb819ec30>,75,18,[ 1 11],76,-1,211,-1,193
1,<environment.Job instance at 0x7f3eb6f71aa0>,76,3,[ 5 12],77,-1,196,-1,193
1,<environment.Job instance at 0x7f3eb6f71d20>,77,14,[12  5],78,-1,207,-1,193
1,<environment.Job instance at 0x7f3eb7ee36e0>,83,21,[5 1],84,-1,264,-1,243
1,<environment.Job instance at 0x7f3eb7ee3eb0>,86,12,[ 2 14],87,-1,260,-1,248
1,<environment.Job instance at 0x7f3eb74dcc80>,87,12,[12  2],88,-1,260,-1,248
1,<environment.Job instance at 0x7f3eb6fdfd70>,91,13,[13  1],92,-1,286,-1,273
1,<environment.Job instance at 0x7f3eb6fcecd0>,92,25,[10  2],93,-1,298,-1,273
1,<environment.Job instance at 0x7f3eb76f67d0>,93,13,[ 2 14],94,-1,286,-1,273
1,<environment.Job instance at 0x7f3eb754fc80>,94,1,[7 3],95,-1,274,-1,273
1,<environment.Job instance at 0x7f3eb76f6870>,95,12,[13  1],96,-1,285,-1,273
1,<environment.Job instance at 0x7f3eb71a21e0>,97,14,[13  4],98,-1,289,-1,275
1,<environment.Job instance at 0x7f3eb71a22d0>,98,23,[1 9],99,-1,298,-1,275
1,<environment.Job instance at 0x7f3eb6f33140>,99,18,[ 2 10],100,-1,293,-1,275
1,<environment.Job instance at 0x7f3eb6f33960>,100,22,[5 8],101,-1,297,-1,275
1,<environment.Job instance at 0x7f3eb6f33460>,102,18,[2 5],103,-1,293,-1,275
1,<environment.Job instance at 0x7f3eb6f332d0>,103,20,[3 9],104,-1,295,-1,275
1,<environment.Job instance at 0x7f3eb6f33d70>,104,16,[ 4 14],105,-1,291,-1,275
1,<environment.Job instance at 0x7f3eb6f39640>,105,18,[2 5],106,-1,293,-1,275
1,<environment.Job instance at 0x7f3eb6f39410>,106,13,[10  2],107,-1,288,-1,275
1,<environment.Job instance at 0x7f3eb6bb36e0>,108,18,[ 4 13],109,-1,308,-1,290
1,<environment.Job instance at 0x7f3eb6bb35a0>,110,13,[12  2],111,-1,309,-1,296
1,<environment.Job instance at 0x7f3eb6bb3e10>,111,23,[6 1],112,-1,319,-1,296
1,<environment.Job instance at 0x7f3eb6bb3550>,114,24,[4 5],115,-1,332,-1,308
1,<environment.Job instance at 0x7f3eb6bb3fa0>,115,13,[5 1],116,-1,321,-1,308
1,<environment.Job instance at 0x7f3eb6bb3280>,116,15,[10  2],117,-1,323,-1,308
1,<environment.Job instance at 0x7f3eb6bb34b0>,117,13,[11  5],118,-1,321,-1,308
1,<environment.Job instance at 0x7f3eb8221230>,118,12,[8 3],119,-1,320,-1,308
1,<environment.Job instance at 0x7f3eb6ad8eb0>,5,17,[14  2],6,-1,23,-1,6
1,<environment.Job instance at 0x7f3ec0c24960>,6,23,[3 7],7,-1,31,-1,8
1,<environment.Job instance at 0x7f3ec0c24280>,8,15,[13  1],9,-1,24,-1,9
1,<environment.Job instance at 0x7f3ec0c24730>,9,19,[11  4],10,-1,36,-1,17
1,<environment.Job instance at 0x7f3eb814db90>,15,16,[ 1 12],16,-1,36,-1,20
1,<environment.Job instance at 0x7f3eb7cbf3c0>,17,27,[7 4],18,-1,47,-1,20
1,<environment.Job instance at 0x7f3eb80a9f00>,29,25,[6 5],30,-1,147,-1,122
1,<environment.Job instance at 0x7f3eb80a9b40>,30,25,[4 7],31,-1,147,-1,122
1,<environment.Job instance at 0x7f3eb80a93c0>,31,17,[ 5 11],32,-1,139,-1,122
1,<environment.Job instance at 0x7f3eb80a9c30>,32,16,[ 4 12],33,-1,138,-1,122
1,<environment.Job instance at 0x7f3eb6e0fcd0>,33,15,[12  5],34,-1,137,-1,122
1,<environment.Job instance at 0x7f3eb6e0faf0>,34,22,[14  5],35,-1,144,-1,122
1,<environment.Job instance at 0x7f3eb8033230>,36,26,[9 2],37,-1,153,-1,127
1,<environment.Job instance at 0x7f3eb80330f0>,38,12,[13  2],39,-1,152,-1,140
1,<environment.Job instance at 0x7f3eb79bf410>,39,18,[ 4 10],40,-1,172,-1,154
1,<environment.Job instance at 0x7f3eb7aaa410>,43,15,[12  4],44,-1,169,-1,154
1,<environment.Job instance at 0x7f3eb6de9c30>,45,18,[ 1 13],46,-1,178,-1,160
1,<environment.Job instance at 0x7f3eb7e23870>,65,13,[ 3 12],66,-1,345,-1,332
1,<environment.Job instance at 0x7f3eb7e23c80>,66,3,[5 1],67,-1,335,-1,332
1,<environment.Job instance at 0x7f3eb7e23be0>,68,25,[6 1],69,-1,369,-1,344
1,<environment.Job instance at 0x7f3eb7e23780>,70,3,[7 2],71,-1,355,-1,352
1,<environment.Job instance at 0x7f3eb7e23eb0>,71,26,[13  1],72,-1,378,-1,352
1,<environment.Job instance at 0x7f3eb7e40780>,72,23,[13  2],73,-1,375,-1,352
1,<environment.Job instance at 0x7f3eb7e40c80>,79,18,[ 1 10],80,-1,456,-1,438
1,<environment.Job instance at 0x7f3eb7e40f50>,85,18,[ 3 13],86,-1,456,-1,438
1,<environment.Job instance at 0x7f3eb7e33230>,87,2,[2 8],88,-1,448,-1,446
1,<environment.Job instance at 0x7f3eb7e33870>,97,26,[11  3],98,-1,554,-1,528
1,<environment.Job instance at 0x7f3eb7e33910>,98,28,[2 6],99,-1,556,-1,528
1,<environment.Job instance at 0x7f3eb7e33c30>,105,18,[13  1],106,-1,597,-1,579
1,<environment.Job instance at 0x7f3eb7e33e10>,106,13,[1 6],107,-1,594,-1,581
1,<environment.Job instance at 0x7f3eb7e33f50>,108,25,[2 8],109,-1,607,-1,582
1,<environment.Job instance at 0x7f3eb7e33fa0>,109,2,[ 4 10],110,-1,584,-1,582
1,<environment.Job instance at 0x7f3eb7e36050>,110,15,[ 3 14],111,-1,597,-1,582
1,<environment.Job instance at 0x7f3eb7e36230>,112,13,[ 5 13],113,-1,599,-1,586
1,<environment.Job instance at 0x7f3eb7e362d0>,113,17,[ 5 12],114,-1,603,-1,586
1,<environment.Job instance at 0x7f3eb7e364b0>,118,12,[14  1],119,-1,636,-1,624
1,<environment.Job instance at 0x7fc211492b40>,4,24,[ 3 11],5,-1,29,-1,5
1,<environment.Job instance at 0x7fc211492c80>,8,24,[ 2 10],9,-1,33,-1,9
1,<environment.Job instance at 0x7fc211495410>,14,21,[ 3 11],15,-1,43,-1,22
1,<environment.Job instance at 0x7fc2114955f0>,17,18,[ 5 13],18,-1,58,-1,40
1,<environment.Job instance at 0x7fc211495910>,20,21,[13  5],21,-1,82,-1,61
1,<environment.Job instance at 0x7fc211495820>,21,22,[8 2],22,-1,83,-1,61
1,<environment.Job instance at 0x7fc211495960>,22,3,[4 6],23,-1,64,-1,61
1,<environment.Job instance at 0x7fc211495a50>,24,2,[ 3 12],25,-1,63,-1,61
1,<environment.Job instance at 0x7fc211495be0>,27,25,[14  4],28,-1,106,-1,81
1,<environment.Job instance at 0x7fc211495c80>,28,2,[5 8],29,-1,83,-1,81
1,<environment.Job instance at 0x7fc211495d20>,29,24,[5 1],30,-1,105,-1,81
1,<environment.Job instance at 0x7fc2114980a0>,35,3,[9 5],36,-1,117,-1,114
1,<environment.Job instance at 0x7fc211498280>,39,23,[4 6],40,-1,153,-1,130
1,<environment.Job instance at 0x7fc2114987d0>,42,13,[12  1],43,-1,157,-1,144
1,<environment.Job instance at 0x7fc211498870>,43,21,[ 2 12],44,-1,165,-1,144
1,<environment.Job instance at 0x7fc211498910>,44,26,[8 4],45,-1,170,-1,144
1,<environment.Job instance at 0x7fc2114989b0>,45,13,[11  3],46,-1,157,-1,144
1,<environment.Job instance at 0x7fc211498a50>,46,2,[ 1 10],47,-1,146,-1,144
1,<environment.Job instance at 0x7fc211498af0>,47,13,[ 3 12],48,-1,157,-1,144
1,<environment.Job instance at 0x7fc211498d70>,51,13,[ 3 12],52,-1,172,-1,159
1,<environment.Job instance at 0x7fc211498e10>,52,3,[13  2],53,-1,162,-1,159
1,<environment.Job instance at 0x7fc211498f50>,56,28,[10  1],57,-1,204,-1,176
1,<environment.Job instance at 0x7fc21149b140>,62,24,[ 3 10],63,-1,233,-1,209
1,<environment.Job instance at 0x7fc21149b870>,68,25,[ 2 12],69,-1,275,-1,250
1,<environment.Job instance at 0x7fc21149ba50>,69,26,[5 4],70,-1,276,-1,250
1,<environment.Job instance at 0x7fc21149bcd0>,73,27,[8 2],74,-1,304,-1,277
1,<environment.Job instance at 0x7fc21149e460>,82,2,[10  3],83,-1,341,-1,339
1,<environment.Job instance at 0x7fc21149e550>,83,17,[ 4 14],84,-1,356,-1,339
1,<environment.Job instance at 0x7fc21149e690>,85,18,[ 5 12],86,-1,366,-1,348
1,<environment.Job instance at 0x7fc21149e730>,86,12,[ 3 14],87,-1,360,-1,348
1,<environment.Job instance at 0x7fc21149e870>,88,3,[9 5],89,-1,360,-1,357
1,<environment.Job instance at 0x7fc21149e910>,89,18,[ 4 11],90,-1,375,-1,357
1,<environment.Job instance at 0x7fc21149ea50>,91,14,[12  2],92,-1,377,-1,363
1,<environment.Job instance at 0x7fc21149eaf0>,92,3,[2 8],93,-1,366,-1,363
1,<environment.Job instance at 0x7fc21149eb90>,93,27,[12  1],94,-1,390,-1,363
1,<environment.Job instance at 0x7fc21149ed20>,95,24,[2 5],96,-1,408,-1,384
1,<environment.Job instance at 0x7fc21149ed70>,96,12,[ 4 14],97,-1,396,-1,384
1,<environment.Job instance at 0x7fc2114a00f0>,101,18,[12  3],102,-1,430,-1,412
1,<environment.Job instance at 0x7fc2114a0230>,102,13,[ 5 12],103,-1,425,-1,412
1,<environment.Job instance at 0x7fc2114a0690>,109,27,[5 8],110,-1,487,-1,460
1,<environment.Job instance at 0x7fc2114a0870>,111,13,[12  3],112,-1,473,-1,460
1,<environment.Job instance at 0x7fc2114a0b90>,114,28,[7 4],115,-1,499,-1,471
1,<environment.Job instance at 0x7fc21148b3c0>,120,18,[ 3 12],121,-1,524,-1,506
1,<environment.Job instance at 0x7fc211488640>,123,24,[5 6],124,-1,544,-1,520
1,<environment.Job instance at 0x7fc2114889b0>,125,14,[14  1],126,-1,538,-1,524
1,<environment.Job instance at 0x7fc2114886e0>,126,22,[10  1],127,-1,555,-1,533
1,<environment.Job instance at 0x7fc211495140>,2,23,[ 1 14],3,-1,26,-1,3
1,<environment.Job instance at 0x7fc210bdf190>,5,23,[7 3],6,-1,33,-1,10
1,<environment.Job instance at 0x7fc210bde5f0>,10,17,[ 2 11],11,-1,28,-1,11
1,<environment.Job instance at 0x7fc210bdec30>,14,17,[ 3 14],15,-1,47,-1,30
1,<environment.Job instance at 0x7fc210bde370>,16,25,[5 4],17,-1,56,-1,31
1,<environment.Job instance at 0x7fc210bde910>,17,2,[7 2],18,-1,33,-1,31
1,<environment.Job instance at 0x7fc210bde9b0>,18,28,[7 1],19,-1,59,-1,31
1,<environment.Job instance at 0x7fc210bdc8c0>,21,24,[12  2],22,-1,66,-1,42
1,<environment.Job instance at 0x7fc210bdcf50>,22,26,[ 3 11],23,-1,68,-1,42
1,<environment.Job instance at 0x7fc210bdcaf0>,25,16,[ 1 11],26,-1,64,-1,48
1,<environment.Job instance at 0x7fc210bdc960>,27,1,[ 5 12],28,-1,59,-1,58
1,<environment.Job instance at 0x7fc210bdcf00>,28,24,[8 5],29,-1,82,-1,58
1,<environment.Job instance at 0x7fc210bdc280>,30,13,[14  2],31,-1,71,-1,58
1,<environment.Job instance at 0x7fc210bd9280>,33,20,[14  2],34,-1,95,-1,75
1,<environment.Job instance at 0x7fc210bd9690>,35,13,[ 1 14],36,-1,102,-1,89
1,<environment.Job instance at 0x7fc210bd95a0>,36,16,[12  1],37,-1,105,-1,89
1,<environment.Job instance at 0x7fc210bd9500>,37,15,[ 4 14],38,-1,104,-1,89
1,<environment.Job instance at 0x7fc210bd97d0>,39,18,[ 5 11],40,-1,120,-1,102
1,<environment.Job instance at 0x7fc210bd9910>,40,22,[11  3],41,-1,124,-1,102
1,<environment.Job instance at 0x7fc210e91280>,46,19,[ 5 14],47,-1,151,-1,132
1,<environment.Job instance at 0x7fc210ab0410>,48,27,[9 4],49,-1,175,-1,148
1,<environment.Job instance at 0x7fc210a4db40>,49,25,[3 9],50,-1,173,-1,148
1,<environment.Job instance at 0x7fc210aac960>,53,23,[ 2 14],54,-1,187,-1,164
1,<environment.Job instance at 0x7fc210aacd70>,54,12,[ 2 11],55,-1,176,-1,164
1,<environment.Job instance at 0x7fc210b18870>,58,28,[4 7],59,-1,212,-1,184
1,<environment.Job instance at 0x7fc210aa5460>,59,26,[3 6],60,-1,210,-1,184
1,<environment.Job instance at 0x7fc210aa5500>,60,12,[11  1],61,-1,196,-1,184
1,<environment.Job instance at 0x7fc210b1b910>,61,12,[ 5 11],62,-1,196,-1,184
1,<environment.Job instance at 0x7fc211398960>,63,2,[ 1 10],64,-1,201,-1,199
1,<environment.Job instance at 0x7fc210b78c80>,64,2,[ 1 11],65,-1,201,-1,199
1,<environment.Job instance at 0x7fc210acbd70>,70,23,[5 8],71,-1,254,-1,231
1,<environment.Job instance at 0x7fc210bb1050>,71,21,[ 4 11],72,-1,252,-1,231
1,<environment.Job instance at 0x7fc21abe9a00>,72,13,[ 3 12],73,-1,244,-1,231
1,<environment.Job instance at 0x7fc210a81730>,74,28,[3 8],75,-1,274,-1,246
1,<environment.Job instance at 0x7fc210a93dc0>,75,24,[12  1],76,-1,270,-1,246
1,<environment.Job instance at 0x7fc210a95a00>,76,14,[11  2],77,-1,260,-1,246
1,<environment.Job instance at 0x7fc210a95910>,77,27,[5 3],78,-1,273,-1,246
1,<environment.Job instance at 0x7fc210bd2140>,79,17,[ 5 11],80,-1,280,-1,263
1,<environment.Job instance at 0x7fc210bd2b40>,81,27,[6 5],82,-1,290,-1,263
1,<environment.Job instance at 0x7fc210a2e820>,82,18,[ 2 14],83,-1,281,-1,263
1,<environment.Job instance at 0x7fc210a2e6e0>,83,2,[11  2],84,-1,265,-1,263
1,<environment.Job instance at 0x7fc210a2e500>,84,18,[12  2],85,-1,281,-1,263
1,<environment.Job instance at 0x7fc210a2e280>,86,17,[11  1],87,-1,280,-1,263
1,<environment.Job instance at 0x7fc210a2e640>,87,13,[ 4 12],88,-1,276,-1,263
1,<environment.Job instance at 0x7fc210a2d500>,92,28,[7 4],93,-1,337,-1,309
1,<environment.Job instance at 0x7fc210a2d320>,94,28,[4 5],95,-1,356,-1,328
1,<environment.Job instance at 0x7fc210a2dfa0>,95,23,[8 3],96,-1,352,-1,329
1,<environment.Job instance at 0x7fc210a2daa0>,97,22,[ 5 10],98,-1,352,-1,330
1,<environment.Job instance at 0x7fc210a2db40>,100,21,[ 1 10],101,-1,389,-1,368
1,<environment.Job instance at 0x7fc210bda4b0>,103,24,[9 1],104,-1,400,-1,376
1,<environment.Job instance at 0x7fc210bda910>,104,15,[14  3],105,-1,391,-1,376
1,<environment.Job instance at 0x7fc210a2c410>,106,13,[ 5 13],107,-1,389,-1,376
1,<environment.Job instance at 0x7fc210a2cb90>,110,24,[11  3],111,-1,411,-1,387
1,<environment.Job instance at 0x7fc210a2c9b0>,114,28,[13  3],115,-1,448,-1,420
1,<environment.Job instance at 0x7fc210a91500>,117,18,[ 1 13],118,-1,458,-1,440
1,<environment.Job instance at 0x7fc210a33280>,118,24,[ 5 11],119,-1,464,-1,440
1,<environment.Job instance at 0x7fc210a91640>,121,16,[ 2 13],122,-1,468,-1,452
1,<environment.Job instance at 0x7fc210a28a50>,123,15,[ 1 11],124,-1,478,-1,463
1,<environment.Job instance at 0x7fc210ac3550>,6,19,[ 3 14],7,-1,26,-1,7
1,<environment.Job instance at 0x7fc210ac3be0>,13,21,[5 1],14,-1,44,-1,23
1,<environment.Job instance at 0x7fc210ac3050>,18,27,[ 3 13],19,-1,91,-1,64
1,<environment.Job instance at 0x7fc210ac3d20>,19,20,[14  3],20,-1,84,-1,64
1,<environment.Job instance at 0x7fc210ac3820>,21,14,[ 4 13],22,-1,78,-1,64
1,<environment.Job instance at 0x7fc210ac34b0>,22,1,[ 5 14],23,-1,65,-1,64
1,<environment.Job instance at 0x7fc210b0f050>,24,2,[10  1],25,-1,79,-1,77
1,<environment.Job instance at 0x7fc210b0f3c0>,26,28,[14  3],27,-1,105,-1,77
1,<environment.Job instance at 0x7fc210b0f320>,27,24,[ 4 11],28,-1,101,-1,77
1,<environment.Job instance at 0x7fc210b0f460>,28,3,[11  1],29,-1,80,-1,77
1,<environment.Job instance at 0x7fc210b0fd20>,31,22,[ 1 10],32,-1,115,-1,93
1,<environment.Job instance at 0x7fc210b0ff00>,33,24,[2 7],34,-1,117,-1,93
1,<environment.Job instance at 0x7fc210b0f640>,34,25,[5 5],35,-1,118,-1,93
1,<environment.Job instance at 0x7fc210b0f730>,37,26,[7 1],38,-1,137,-1,111
1,<environment.Job instance at 0x7fc210b0f7d0>,38,18,[12  1],39,-1,129,-1,111
1,<environment.Job instance at 0x7fc210b0f870>,39,15,[ 1 13],40,-1,126,-1,111
1,<environment.Job instance at 0x7fc210b0f4b0>,40,1,[11  3],41,-1,112,-1,111
1,<environment.Job instance at 0x7fc210b0f8c0>,42,2,[8 1],43,-1,124,-1,122
1,<environment.Job instance at 0x7fc210b0fdc0>,43,1,[10  2],44,-1,123,-1,122
1,<environment.Job instance at 0x7fc210b0fcd0>,44,16,[ 2 11],45,-1,138,-1,122
1,<environment.Job instance at 0x7fc210b0f550>,45,24,[8 2],46,-1,146,-1,122
1,<environment.Job instance at 0x7fc210ac8e10>,50,26,[4 7],51,-1,184,-1,158
1,<environment.Job instance at 0x7fc210ac89b0>,51,25,[10  5],52,-1,183,-1,158
1,<environment.Job instance at 0x7fc210ac8a00>,52,15,[12  4],53,-1,173,-1,158
1,<environment.Job instance at 0x7fc210ac8c30>,54,1,[10  3],55,-1,172,-1,171
1,<environment.Job instance at 0x7fc210ac81e0>,56,20,[ 3 11],57,-1,204,-1,184
1,<environment.Job instance at 0x7fc210b14500>,61,25,[5 1],62,-1,238,-1,213
1,<environment.Job instance at 0x7fc210b14550>,64,18,[ 4 13],65,-1,262,-1,244
1,<environment.Job instance at 0x7fc210b141e0>,65,24,[9 3],66,-1,268,-1,244
1,<environment.Job instance at 0x7fc210b14140>,66,15,[13  4],67,-1,259,-1,244
1,<environment.Job instance at 0x7fc210b14780>,68,24,[ 2 13],69,-1,282,-1,258
1,<environment.Job instance at 0x7fc210b14870>,69,3,[ 2 14],70,-1,261,-1,258
1,<environment.Job instance at 0x7fc210b14aa0>,70,16,[ 5 13],71,-1,274,-1,258
1,<environment.Job instance at 0x7fc210a89af0>,77,18,[13  2],78,-1,327,-1,309
1,<environment.Job instance at 0x7fc210a89960>,78,19,[ 5 13],79,-1,328,-1,309
1,<environment.Job instance at 0x7fc210a89aa0>,79,28,[3 5],80,-1,337,-1,309
1,<environment.Job instance at 0x7fc210a89b90>,82,26,[5 3],83,-1,356,-1,330
1,<environment.Job instance at 0x7fc210a89cd0>,84,15,[ 3 11],85,-1,351,-1,336
1,<environment.Job instance at 0x7fc210aca870>,86,27,[2 8],87,-1,383,-1,356
1,<environment.Job instance at 0x7fc210acafa0>,87,12,[ 3 11],88,-1,368,-1,356
1,<environment.Job instance at 0x7fc210acaa50>,90,24,[ 5 11],91,-1,397,-1,373
1,<environment.Job instance at 0x7fc210a84230>,92,27,[4 6],93,-1,400,-1,373
1,<environment.Job instance at 0x7fc210a845a0>,93,16,[ 2 11],94,-1,389,-1,373
1,<environment.Job instance at 0x7fc210a84cd0>,95,15,[13  3],96,-1,390,-1,375
1,<environment.Job instance at 0x7fc210a840f0>,96,12,[14  2],97,-1,387,-1,375
1,<environment.Job instance at 0x7fc210a84140>,97,12,[ 2 11],98,-1,387,-1,375
1,<environment.Job instance at 0x7fc210a84870>,99,15,[12  5],100,-1,392,-1,377
1,<environment.Job instance at 0x7fc210a848c0>,100,16,[ 3 12],101,-1,393,-1,377
1,<environment.Job instance at 0x7fc210a84910>,101,16,[ 3 12],102,-1,393,-1,377
1,<environment.Job instance at 0x7fc210a84320>,103,27,[5 1],104,-1,424,-1,397
1,<environment.Job instance at 0x7fc210a84b40>,104,25,[10  4],105,-1,422,-1,397
1,<environment.Job instance at 0x7fc210a84780>,105,26,[5 4],106,-1,423,-1,397
1,<environment.Job instance at 0x7fc210a81aa0>,108,12,[ 2 11],109,-1,409,-1,397
1,<environment.Job instance at 0x7fc210a81a00>,110,26,[ 2 11],111,-1,436,-1,410
1,<environment.Job instance at 0x7fc210a81dc0>,111,12,[12  1],112,-1,422,-1,410
1,<environment.Job instance at 0x7fc210a81780>,112,1,[ 2 10],113,-1,411,-1,410
1,<environment.Job instance at 0x7fc210a81d70>,118,26,[7 4],119,-1,475,-1,449
1,<environment.Job instance at 0x7fc210a7e230>,120,27,[9 5],121,-1,490,-1,463
1,<environment.Job instance at 0x7fc210a7ed20>,122,3,[9 2],123,-1,466,-1,463
1,<environment.Job instance at 0x7fc210a7e0a0>,126,28,[ 3 14],127,-1,514,-1,486
1,<environment.Job instance at 0x7fc210f34640>,3,27,[9 1],4,-1,31,-1,4
1,<environment.Job instance at 0x7fc2118d6be0>,10,13,[14  4],11,-1,26,-1,13
1,<environment.Job instance at 0x7fc2118d6690>,12,16,[ 1 11],13,-1,36,-1,20
1,<environment.Job instance at 0x7fc2118d6d20>,13,26,[12  3],14,-1,46,-1,20
1,<environment.Job instance at 0x7fc2118d65a0>,14,12,[ 1 10],15,-1,32,-1,20
1,<environment.Job instance at 0x7fc21177bb90>,15,17,[ 4 13],16,-1,37,-1,20
1,<environment.Job instance at 0x7fc21177bfa0>,17,28,[1 9],18,-1,49,-1,21
1,<environment.Job instance at 0x7fc21177b3c0>,18,26,[7 3],19,-1,47,-1,21
1,<environment.Job instance at 0x7fc21177b140>,23,18,[14  3],24,-1,71,-1,53
1,<environment.Job instance at 0x7fc21177bcd0>,27,12,[3 9],28,-1,86,-1,74
1,<environment.Job instance at 0x7fc21177ba00>,28,25,[9 1],29,-1,99,-1,74
1,<environment.Job instance at 0x7fc2115be230>,29,3,[3 5],30,-1,77,-1,74
1,<environment.Job instance at 0x7fc2115be5f0>,32,23,[2 8],33,-1,113,-1,90
1,<environment.Job instance at 0x7fc2115bed20>,33,16,[11  1],34,-1,106,-1,90
1,<environment.Job instance at 0x7fc2115bec80>,34,2,[2 8],35,-1,92,-1,90
1,<environment.Job instance at 0x7fc2115bea50>,35,14,[11  5],36,-1,104,-1,90
1,<environment.Job instance at 0x7fc2115beaa0>,36,13,[ 1 11],37,-1,103,-1,90
1,<environment.Job instance at 0x7fc2115bef00>,38,25,[6 1],39,-1,120,-1,95
1,<environment.Job instance at 0x7fc2115bef50>,39,15,[ 3 12],40,-1,110,-1,95
1,<environment.Job instance at 0x7fc2115be7d0>,40,18,[13  2],41,-1,113,-1,95
1,<environment.Job instance at 0x7fc2115be2d0>,41,1,[5 7],42,-1,96,-1,95
1,<environment.Job instance at 0x7fc2115be3c0>,42,12,[10  3],43,-1,107,-1,95
1,<environment.Job instance at 0x7fc2118a95a0>,43,28,[11  3],44,-1,123,-1,95
1,<environment.Job instance at 0x7fc2118a9be0>,45,28,[ 4 10],46,-1,133,-1,105
1,<environment.Job instance at 0x7fc2118a9550>,46,2,[5 3],47,-1,107,-1,105
1,<environment.Job instance at 0x7fc2118a9c80>,48,13,[7 1],49,-1,125,-1,112
1,<environment.Job instance at 0x7fc2118a9fa0>,50,14,[ 2 10],51,-1,135,-1,121
1,<environment.Job instance at 0x7fc2118a9b90>,51,16,[ 5 13],52,-1,137,-1,121
1,<environment.Job instance at 0x7fc2118a9280>,52,14,[9 1],53,-1,138,-1,124
1,<environment.Job instance at 0x7fc2118a92d0>,53,24,[5 6],54,-1,148,-1,124
1,<environment.Job instance at 0x7fc2118a96e0>,54,2,[3 5],55,-1,126,-1,124
1,<environment.Job instance at 0x7fc2118a90f0>,56,14,[ 3 14],57,-1,141,-1,127
1,<environment.Job instance at 0x7fc2118a99b0>,57,24,[3 9],58,-1,151,-1,127
1,<environment.Job instance at 0x7fc2118a9140>,62,12,[ 2 11],63,-1,175,-1,163
1,<environment.Job instance at 0x7fc2118a97d0>,63,27,[ 3 14],64,-1,190,-1,163
1,<environment.Job instance at 0x7fc2115e1fa0>,74,12,[ 1 10],75,-1,263,-1,251
1,<environment.Job instance at 0x7fc2115e1a00>,78,2,[7 2],79,-1,272,-1,270
1,<environment.Job instance at 0x7fc2115e1d70>,81,25,[7 3],82,-1,308,-1,283
1,<environment.Job instance at 0x7fc2115e1f00>,83,27,[ 5 13],84,-1,327,-1,300
1,<environment.Job instance at 0x7fc2115e1410>,84,13,[14  5],85,-1,313,-1,300
1,<environment.Job instance at 0x7fc2115e1820>,85,12,[ 4 13],86,-1,312,-1,300
1,<environment.Job instance at 0x7fc2115e1190>,87,14,[ 3 12],88,-1,318,-1,304
1,<environment.Job instance at 0x7fc2115e1d20>,89,27,[5 8],90,-1,333,-1,306
1,<environment.Job instance at 0x7fc21ab27b90>,93,23,[10  3],94,-1,360,-1,337
1,<environment.Job instance at 0x7fc21ab27410>,94,24,[4 8],95,-1,361,-1,337
1,<environment.Job instance at 0x7fc21ab27aa0>,95,26,[14  5],96,-1,363,-1,337
1,<environment.Job instance at 0x7fc21ab275f0>,96,1,[8 1],97,-1,338,-1,337
1,<environment.Job instance at 0x7fc21ab27be0>,98,2,[7 2],99,-1,339,-1,337
1,<environment.Job instance at 0x7fc21ab27a50>,99,1,[1 5],100,-1,338,-1,337
1,<environment.Job instance at 0x7fc21ab27c80>,100,1,[1 6],101,-1,338,-1,337
1,<environment.Job instance at 0x7fc21ab27640>,102,28,[12  4],103,-1,384,-1,356
1,<environment.Job instance at 0x7fc21ab27fa0>,103,1,[11  1],104,-1,357,-1,356
1,<environment.Job instance at 0x7fc21ab27e60>,106,2,[4 9],107,-1,370,-1,368
1,<environment.Job instance at 0x7fc21ab27910>,107,28,[7 5],108,-1,396,-1,368
1,<environment.Job instance at 0x7fc21abf2af0>,113,24,[1 9],114,-1,438,-1,414
1,<environment.Job instance at 0x7fc21abf2140>,114,25,[ 3 10],115,-1,439,-1,414
1,<environment.Job instance at 0x7fc21abf24b0>,117,17,[13  5],118,-1,445,-1,428
1,<environment.Job instance at 0x7fc221e67f50>,119,18,[11  5],120,-1,446,-1,428
1,<environment.Job instance at 0x7fc210f50820>,120,28,[7 2],121,-1,456,-1,428
1,<environment.Job instance at 0x7fc210f50e10>,122,25,[5 7],123,-1,469,-1,444
1,<environment.Job instance at 0x7fc211553460>,125,21,[ 5 13],126,-1,473,-1,452
1,<environment.Job instance at 0x7fc21147cbe0>,128,17,[13  2],129,-1,482,-1,465
1,<environment.Job instance at 0x7fc2118fbd20>,8,14,[ 5 14],9,-1,23,-1,9
1,<environment.Job instance at 0x7fc2118eb280>,9,12,[10  1],10,-1,22,-1,10
1,<environment.Job instance at 0x7fc2118ebf00>,10,12,[8 1],11,-1,28,-1,16
1,<environment.Job instance at 0x7fc2118ebaa0>,12,25,[11  2],13,-1,41,-1,16
1,<environment.Job instance at 0x7fc2118ebc80>,13,15,[ 3 12],14,-1,31,-1,16
1,<environment.Job instance at 0x7fc2118eb5a0>,14,17,[ 3 10],15,-1,37,-1,20
1,<environment.Job instance at 0x7fc2118ebe60>,18,23,[8 1],19,-1,56,-1,33
1,<environment.Job instance at 0x7fc210e14780>,20,15,[ 5 14],21,-1,48,-1,33
1,<environment.Job instance at 0x7fc2118eb4b0>,22,12,[ 5 13],23,-1,57,-1,45
1,<environment.Job instance at 0x7fc2118e9af0>,23,21,[4 9],24,-1,85,-1,64
1,<environment.Job instance at 0x7fc210eae0a0>,26,12,[7 4],27,-1,76,-1,64
1,<environment.Job instance at 0x7fc210f05870>,27,12,[14  4],28,-1,76,-1,64
1,<environment.Job instance at 0x7fc2118e9f00>,28,12,[ 1 13],29,-1,76,-1,64
1,<environment.Job instance at 0x7fc210ebc190>,30,28,[9 5],31,-1,101,-1,73
1,<environment.Job instance at 0x7fc210ebc7d0>,31,12,[ 5 10],32,-1,85,-1,73
1,<environment.Job instance at 0x7fc210ea7b90>,32,26,[9 3],33,-1,99,-1,73
1,<environment.Job instance at 0x7fc210ec4e60>,35,22,[ 1 13],36,-1,107,-1,85
1,<environment.Job instance at 0x7fc210eda5a0>,38,12,[ 3 13],39,-1,113,-1,101
1,<environment.Job instance at 0x7fc210ef1c80>,42,27,[14  3],43,-1,153,-1,126
1,<environment.Job instance at 0x7fc210df3320>,43,18,[ 5 11],44,-1,144,-1,126
1,<environment.Job instance at 0x7fc210df3640>,44,3,[1 6],45,-1,129,-1,126
1,<environment.Job instance at 0x7fc210f1dfa0>,45,25,[4 9],46,-1,151,-1,126
1,<environment.Job instance at 0x7fc210ec3500>,46,18,[ 1 12],47,-1,144,-1,126
1,<environment.Job instance at 0x7fc210df3140>,48,12,[6 1],49,-1,139,-1,127
1,<environment.Job instance at 0x7fc210ec2eb0>,49,13,[ 3 10],50,-1,140,-1,127
1,<environment.Job instance at 0x7fc210eadd20>,50,3,[5 1],51,-1,130,-1,127
1,<environment.Job instance at 0x7fc210eadf50>,51,13,[11  4],52,-1,140,-1,127
1,<environment.Job instance at 0x7fc210ead2d0>,54,17,[14  3],55,-1,168,-1,151
1,<environment.Job instance at 0x7fc210eadaa0>,55,28,[5 5],56,-1,179,-1,151
1,<environment.Job instance at 0x7fc2111930a0>,56,19,[ 1 12],57,-1,170,-1,151
1,<environment.Job instance at 0x7fc210ead5f0>,57,24,[10  2],58,-1,175,-1,151
1,<environment.Job instance at 0x7fc210eac050>,58,2,[ 4 13],59,-1,153,-1,151
1,<environment.Job instance at 0x7fc210eacc30>,70,3,[5 3],71,-1,264,-1,261
1,<environment.Job instance at 0x7fc210eac820>,71,12,[13  4],72,-1,273,-1,261
1,<environment.Job instance at 0x7fc21117f960>,76,15,[13  4],77,-1,303,-1,288
1,<environment.Job instance at 0x7fc21117fc80>,80,26,[14  4],81,-1,338,-1,312
1,<environment.Job instance at 0x7fc21117fe60>,83,18,[14  1],84,-1,349,-1,331
1,<environment.Job instance at 0x7fc21117ff50>,84,24,[9 2],85,-1,355,-1,331
1,<environment.Job instance at 0x7fc2118f6050>,86,15,[ 5 11],87,-1,358,-1,343
1,<environment.Job instance at 0x7fc2118f6230>,87,27,[2 7],88,-1,370,-1,343
1,<environment.Job instance at 0x7fc2118f6370>,89,18,[14  1],90,-1,361,-1,343
1,<environment.Job instance at 0x7fc2118f64b0>,91,28,[ 3 12],92,-1,396,-1,368
1,<environment.Job instance at 0x7fc2118f6320>,92,24,[ 4 10],93,-1,392,-1,368
1,<environment.Job instance at 0x7fc2118f65a0>,93,25,[11  2],94,-1,393,-1,368
1,<environment.Job instance at 0x7fc2118f6640>,94,16,[ 1 14],95,-1,384,-1,368
1,<environment.Job instance at 0x7fc2118f6a00>,100,14,[ 2 11],101,-1,404,-1,390
1,<environment.Job instance at 0x7fc2118f6b40>,102,3,[5 9],103,-1,404,-1,401
1,<environment.Job instance at 0x7fc2118f6cd0>,103,2,[6 4],104,-1,403,-1,401
1,<environment.Job instance at 0x7fc2118f6be0>,104,2,[3 5],105,-1,403,-1,401
1,<environment.Job instance at 0x7fc2118f6f50>,108,2,[2 9],109,-1,419,-1,417
1,<environment.Job instance at 0x7fc21119b4b0>,114,13,[12  5],115,-1,474,-1,461
1,<environment.Job instance at 0x7fc21119b870>,119,2,[8 4],120,-1,490,-1,488
1,<environment.Job instance at 0x7fc21119ba50>,122,2,[7 2],123,-1,507,-1,505
1,<environment.Job instance at 0x7fc21119baf0>,123,16,[12  2],124,-1,521,-1,505
1,<environment.Job instance at 0x7fc21119bb90>,124,15,[ 5 12],125,-1,520,-1,505
1,<environment.Job instance at 0x7fc21119bc30>,125,2,[2 9],126,-1,507,-1,505
1,<environment.Job instance at 0x7fc21119beb0>,126,2,[13  3],127,-1,507,-1,505
1,<environment.Job instance at 0x7fc21119bdc0>,127,1,[8 1],128,-1,507,-1,506
1,<environment.Job instance at 0x7fc21119bf50>,128,15,[13  3],129,-1,521,-1,506
1,<environment.Job instance at 0x7fc211fa1280>,5,2,[ 5 13],6,-1,8,-1,6
1,<environment.Job instance at 0x7fc211fa14b0>,6,27,[4 6],7,-1,35,-1,8
1,<environment.Job instance at 0x7fc2118c3410>,12,22,[9 1],13,-1,50,-1,28
1,<environment.Job instance at 0x7fc2118c3dc0>,15,15,[10  1],16,-1,60,-1,45
1,<environment.Job instance at 0x7fc2118c3370>,18,22,[8 4],19,-1,79,-1,57
1,<environment.Job instance at 0x7fc2118c3550>,20,13,[ 2 10],21,-1,70,-1,57
1,<environment.Job instance at 0x7fc2118c3cd0>,22,16,[11  3],23,-1,93,-1,77
1,<environment.Job instance at 0x7fc2118c3d20>,24,2,[2 6],25,-1,79,-1,77
1,<environment.Job instance at 0x7fc2118c3e10>,25,24,[1 6],26,-1,101,-1,77
1,<environment.Job instance at 0x7fc2118c3c80>,26,16,[14  5],27,-1,93,-1,77
1,<environment.Job instance at 0x7fc211fda640>,30,13,[ 4 10],31,-1,121,-1,108
1,<environment.Job instance at 0x7fc211fda8c0>,32,2,[9 1],33,-1,112,-1,110
1,<environment.Job instance at 0x7fc211fda5f0>,35,14,[ 1 14],36,-1,138,-1,124
1,<environment.Job instance at 0x7fc211fdad70>,37,22,[12  2],38,-1,146,-1,124
1,<environment.Job instance at 0x7fc211fdaf50>,38,26,[ 2 10],39,-1,150,-1,124
1,<environment.Job instance at 0x7fc211fda230>,39,14,[12  5],40,-1,138,-1,124
1,<environment.Job instance at 0x7fc2118fcb90>,42,3,[1 9],43,-1,144,-1,141
1,<environment.Job instance at 0x7fc2118fc780>,43,24,[9 3],44,-1,165,-1,141
1,<environment.Job instance at 0x7fc2118fc4b0>,44,23,[13  5],45,-1,164,-1,141
1,<environment.Job instance at 0x7fc2118fc410>,45,22,[ 4 10],46,-1,163,-1,141
1,<environment.Job instance at 0x7fc2118fc370>,46,20,[ 2 10],47,-1,161,-1,141
1,<environment.Job instance at 0x7fc2118fceb0>,47,2,[12  3],48,-1,143,-1,141
1,<environment.Job instance at 0x7fc2118fcfa0>,48,25,[3 6],49,-1,166,-1,141
1,<environment.Job instance at 0x7fc2118fc690>,49,1,[8 4],50,-1,142,-1,141
1,<environment.Job instance at 0x7fc2118fce10>,50,13,[12  4],51,-1,154,-1,141
1,<environment.Job instance at 0x7fc2118fc280>,51,27,[9 3],52,-1,168,-1,141
1,<environment.Job instance at 0x7fc2118fc5a0>,53,18,[ 5 12],54,-1,170,-1,152
1,<environment.Job instance at 0x7fc2118fc3c0>,54,2,[ 2 13],55,-1,154,-1,152
1,<environment.Job instance at 0x7fc2118fc230>,55,26,[ 3 14],56,-1,178,-1,152
1,<environment.Job instance at 0x7fc2118fc1e0>,56,15,[11  5],57,-1,167,-1,152
1,<environment.Job instance at 0x7fc2118bfb40>,59,25,[8 4],60,-1,192,-1,167
1,<environment.Job instance at 0x7fc2118bf7d0>,62,18,[ 4 12],63,-1,199,-1,181
1,<environment.Job instance at 0x7fc2118bf640>,65,3,[14  5],66,-1,188,-1,185
1,<environment.Job instance at 0x7fc2118bfe10>,68,1,[8 1],69,-1,209,-1,208
1,<environment.Job instance at 0x7fc211fd60a0>,71,2,[10  4],72,-1,224,-1,222
1,<environment.Job instance at 0x7fc211fd6140>,72,26,[1 6],73,-1,248,-1,222
1,<environment.Job instance at 0x7fc211fd6410>,73,23,[5 5],74,-1,245,-1,222
1,<environment.Job instance at 0x7fc211fd6050>,74,12,[12  2],75,-1,234,-1,222
1,<environment.Job instance at 0x7fc211fd6d70>,75,15,[14  2],76,-1,237,-1,222
1,<environment.Job instance at 0x7fc211fdba00>,79,12,[12  5],80,-1,251,-1,239
1,<environment.Job instance at 0x7fc211fdbb90>,82,26,[10  5],83,-1,287,-1,261
1,<environment.Job instance at 0x7fc211fdb960>,83,27,[10  3],84,-1,288,-1,261
1,<environment.Job instance at 0x7fc211fdb280>,85,28,[1 7],86,-1,292,-1,264
1,<environment.Job instance at 0x7fc211fdb7d0>,86,25,[6 4],87,-1,289,-1,264
1,<environment.Job instance at 0x7fc211fdb230>,90,26,[3 6],91,-1,316,-1,290
1,<environment.Job instance at 0x7fc211fdbcd0>,92,21,[ 1 12],93,-1,313,-1,292
1,<environment.Job instance at 0x7fc211fdbe10>,94,13,[13  4],95,-1,323,-1,310
1,<environment.Job instance at 0x7fc211fdbf50>,95,24,[10  4],96,-1,334,-1,310
1,<environment.Job instance at 0x7fc210eda870>,97,17,[ 2 11],98,-1,330,-1,313
1,<environment.Job instance at 0x7fc210edae10>,99,1,[ 2 11],100,-1,329,-1,328
1,<environment.Job instance at 0x7fc210eda2d0>,100,25,[7 5],101,-1,353,-1,328
1,<environment.Job instance at 0x7fc210eda820>,102,13,[ 2 13],103,-1,344,-1,331
1,<environment.Job instance at 0x7fc210eda0a0>,103,14,[ 1 13],104,-1,345,-1,331
1,<environment.Job instance at 0x7fc210eda6e0>,104,23,[9 4],105,-1,354,-1,331
1,<environment.Job instance at 0x7fc210eda050>,105,28,[8 5],106,-1,359,-1,331
1,<environment.Job instance at 0x7fc210edad20>,107,23,[8 4],108,-1,363,-1,340
1,<environment.Job instance at 0x7fc210edad70>,111,14,[ 4 10],112,-1,369,-1,355
1,<environment.Job instance at 0x7fc210efa5f0>,115,12,[11  5],116,-1,404,-1,392
1,<environment.Job instance at 0x7fc210efa0f0>,118,25,[12  1],119,-1,417,-1,392
1,<environment.Job instance at 0x7fc210efa320>,121,19,[ 4 11],122,-1,427,-1,408
1,<environment.Job instance at 0x7fc210efac30>,122,24,[9 5],123,-1,432,-1,408
1,<environment.Job instance at 0x7fc2118c7aa0>,126,3,[4 8],127,-1,443,-1,440
1,<environment.Job instance at 0x7fc2112e2e10>,128,2,[1 6],129,-1,442,-1,440
1,<environment.Job instance at 0x7fc21112fd20>,5,16,[12  1],6,-1,23,-1,7
1,<environment.Job instance at 0x7fc211154c30>,7,12,[ 5 10],8,-1,20,-1,8
1,<environment.Job instance at 0x7fc211154730>,8,20,[ 1 13],9,-1,29,-1,9
1,<environment.Job instance at 0x7fc211154500>,9,14,[5 1],10,-1,25,-1,11
1,<environment.Job instance at 0x7fc21113a140>,15,17,[8 1],16,-1,45,-1,28
1,<environment.Job instance at 0x7fc21113a320>,16,24,[1 9],17,-1,52,-1,28
1,<environment.Job instance at 0x7fc21113a280>,17,12,[6 4],18,-1,40,-1,28
1,<environment.Job instance at 0x7fc21113a690>,18,12,[7 4],19,-1,40,-1,28
1,<environment.Job instance at 0x7fc21113aeb0>,19,14,[ 3 10],20,-1,42,-1,28
1,<environment.Job instance at 0x7fc21113a7d0>,20,1,[7 3],21,-1,29,-1,28
1,<environment.Job instance at 0x7fc21113a6e0>,21,26,[13  1],22,-1,54,-1,28
1,<environment.Job instance at 0x7fc21113aaf0>,22,14,[4 7],23,-1,42,-1,28
1,<environment.Job instance at 0x7fc2111636e0>,25,14,[ 2 10],26,-1,57,-1,43
1,<environment.Job instance at 0x7fc211163820>,26,25,[3 9],27,-1,68,-1,43
1,<environment.Job instance at 0x7fc211163fa0>,27,16,[ 3 10],28,-1,59,-1,43
1,<environment.Job instance at 0x7fc2111559b0>,30,17,[ 3 10],31,-1,76,-1,59
1,<environment.Job instance at 0x7fc211155280>,31,13,[3 9],32,-1,72,-1,59
1,<environment.Job instance at 0x7fc210d57a00>,32,13,[ 3 10],33,-1,72,-1,59
1,<environment.Job instance at 0x7fc211b2eaa0>,33,18,[1 5],34,-1,77,-1,59
1,<environment.Job instance at 0x7fc210d5aaa0>,35,19,[4 5],36,-1,89,-1,70
1,<environment.Job instance at 0x7fc210d73370>,36,14,[1 9],37,-1,84,-1,70
1,<environment.Job instance at 0x7fc210d400a0>,37,13,[11  4],38,-1,83,-1,70
1,<environment.Job instance at 0x7fc210d40230>,38,12,[2 6],39,-1,82,-1,70
1,<environment.Job instance at 0x7fc210d40280>,39,16,[ 2 13],40,-1,86,-1,70
1,<environment.Job instance at 0x7fc210d40a50>,40,1,[5 8],41,-1,71,-1,70
1,<environment.Job instance at 0x7fc211efda50>,41,13,[5 5],42,-1,84,-1,71
1,<environment.Job instance at 0x7fc210d6f730>,42,2,[9 3],43,-1,73,-1,71
1,<environment.Job instance at 0x7fc211eed780>,45,23,[9 4],46,-1,102,-1,79
1,<environment.Job instance at 0x7fc210dca370>,46,21,[8 2],47,-1,100,-1,79
1,<environment.Job instance at 0x7fc211eed960>,47,21,[ 5 13],48,-1,100,-1,79
1,<environment.Job instance at 0x7fc211ef5aa0>,48,1,[10  1],49,-1,80,-1,79
1,<environment.Job instance at 0x7fc211ef5960>,49,17,[11  2],50,-1,96,-1,79
1,<environment.Job instance at 0x7fc211b4d690>,51,2,[5 9],52,-1,95,-1,93
1,<environment.Job instance at 0x7fc210d7faf0>,52,28,[10  3],53,-1,121,-1,93
1,<environment.Job instance at 0x7fc210d8dcd0>,53,28,[10  4],54,-1,121,-1,93
1,<environment.Job instance at 0x7fc210d8d780>,54,14,[5 1],55,-1,107,-1,93
1,<environment.Job instance at 0x7fc210d8dd70>,55,25,[5 7],56,-1,118,-1,93
1,<environment.Job instance at 0x7fc210d8dd20>,56,16,[13  3],57,-1,109,-1,93
1,<environment.Job instance at 0x7fc210d8ddc0>,57,18,[4 7],58,-1,111,-1,93
1,<environment.Job instance at 0x7fc210d8d960>,58,18,[7 1],59,-1,111,-1,93
1,<environment.Job instance at 0x7fc210d8de10>,59,14,[9 1],60,-1,107,-1,93
1,<environment.Job instance at 0x7fc210d8db40>,60,12,[7 1],61,-1,105,-1,93
1,<environment.Job instance at 0x7fc210d646e0>,61,18,[8 3],62,-1,114,-1,96
1,<environment.Job instance at 0x7fc210d64320>,62,28,[3 8],63,-1,124,-1,96
1,<environment.Job instance at 0x7fc210d64500>,63,18,[ 1 14],64,-1,114,-1,96
1,<environment.Job instance at 0x7fc210d640a0>,66,16,[12  2],67,-1,126,-1,110
1,<environment.Job instance at 0x7fc210d649b0>,67,12,[11  2],68,-1,122,-1,110
1,<environment.Job instance at 0x7fc210d648c0>,68,17,[3 5],69,-1,127,-1,110
1,<environment.Job instance at 0x7fc210d64870>,69,16,[3 9],70,-1,126,-1,110
1,<environment.Job instance at 0x7fc210d7c5f0>,70,21,[11  1],71,-1,131,-1,110
1,<environment.Job instance at 0x7fc210d7c050>,71,1,[ 5 10],72,-1,111,-1,110
1,<environment.Job instance at 0x7fc210d64960>,72,24,[8 3],73,-1,134,-1,110
1,<environment.Job instance at 0x7fc210d64190>,73,14,[11  2],74,-1,124,-1,110
1,<environment.Job instance at 0x7fc210dd83c0>,74,23,[ 5 10],75,-1,133,-1,110
1,<environment.Job instance at 0x7fc210dd8460>,75,25,[ 2 14],76,-1,135,-1,110
1,<environment.Job instance at 0x7fc210dd85a0>,76,12,[ 3 13],77,-1,122,-1,110
1,<environment.Job instance at 0x7fc210dd8640>,77,18,[1 8],78,-1,128,-1,110
1,<environment.Job instance at 0x7fc210dd86e0>,78,18,[2 7],79,-1,128,-1,110
1,<environment.Job instance at 0x7fc210dd8a00>,80,12,[2 8],81,-1,122,-1,110
1,<environment.Job instance at 0x7fc210dd8a50>,81,14,[ 1 10],82,-1,124,-1,110
1,<environment.Job instance at 0x7fc210dd8b90>,83,19,[1 5],84,-1,147,-1,128
1,<environment.Job instance at 0x7fc210dd8c30>,84,14,[1 7],85,-1,142,-1,128
1,<environment.Job instance at 0x7fc210dd8d70>,86,13,[11  2],87,-1,141,-1,128
1,<environment.Job instance at 0x7fc210dd8e10>,87,13,[12  3],88,-1,141,-1,128
1,<environment.Job instance at 0x7fc210dd8eb0>,88,14,[3 9],89,-1,142,-1,128
1,<environment.Job instance at 0x7fc210dd8f50>,89,12,[10  5],90,-1,140,-1,128
1,<environment.Job instance at 0x7fc210dd87d0>,90,14,[5 3],91,-1,142,-1,128
1,<environment.Job instance at 0x7fc210dd8910>,91,24,[14  3],92,-1,152,-1,128
1,<environment.Job instance at 0x7fc210dc8190>,92,25,[ 5 10],93,-1,153,-1,128
1,<environment.Job instance at 0x7fc210dc82d0>,93,16,[ 3 12],94,-1,144,-1,128
1,<environment.Job instance at 0x7fc210dc85a0>,96,14,[10  1],97,-1,174,-1,160
1,<environment.Job instance at 0x7fc210dc8640>,98,14,[7 1],99,-1,174,-1,160
1,<environment.Job instance at 0x7fc210dc8460>,99,22,[5 2],100,-1,182,-1,160
1,<environment.Job instance at 0x7fc210dc86e0>,100,18,[ 5 12],101,-1,178,-1,160
1,<environment.Job instance at 0x7fc210dc8820>,102,13,[8 2],103,-1,179,-1,166
1,<environment.Job instance at 0x7fc210dc88c0>,103,13,[4 5],104,-1,179,-1,166
1,<environment.Job instance at 0x7fc210dc8960>,104,12,[ 4 10],105,-1,178,-1,166
1,<environment.Job instance at 0x7fc210dc8a00>,105,21,[10  5],106,-1,187,-1,166
1,<environment.Job instance at 0x7fc210dc8aa0>,106,16,[ 2 10],107,-1,182,-1,166
1,<environment.Job instance at 0x7fc210dc8b40>,107,26,[5 5],108,-1,192,-1,166
1,<environment.Job instance at 0x7fc210dc8c80>,109,23,[7 1],110,-1,197,-1,174
1,<environment.Job instance at 0x7fc210dc8e60>,110,14,[12  4],111,-1,188,-1,174
1,<environment.Job instance at 0x7fc210dc8f00>,111,18,[ 5 10],112,-1,192,-1,174
1,<environment.Job instance at 0x7fc210dc8f50>,112,25,[6 3],113,-1,199,-1,174
1,<environment.Job instance at 0x7fc210dc8050>,113,23,[7 4],114,-1,197,-1,174
1,<environment.Job instance at 0x7fc210dc8e10>,114,13,[8 2],115,-1,188,-1,175
1,<environment.Job instance at 0x7fc210dcf190>,115,12,[13  4],116,-1,187,-1,175
1,<environment.Job instance at 0x7fc210dcf230>,116,28,[5 4],117,-1,203,-1,175
1,<environment.Job instance at 0x7fc210dcf2d0>,117,2,[3 8],118,-1,177,-1,175
1,<environment.Job instance at 0x7fc210dcf370>,118,27,[6 3],119,-1,202,-1,175
1,<environment.Job instance at 0x7fc210dcf410>,119,2,[14  3],120,-1,177,-1,175
1,<environment.Job instance at 0x7fc210dcf4b0>,120,25,[14  5],121,-1,200,-1,175
1,<environment.Job instance at 0x7fc210dcf550>,121,2,[ 2 12],122,-1,177,-1,175
1,<environment.Job instance at 0x7fc210dcf5f0>,122,28,[7 1],123,-1,203,-1,175
1,<environment.Job instance at 0x7fc210dcf690>,123,18,[ 3 14],124,-1,193,-1,175
1,<environment.Job instance at 0x7fc210dcf7d0>,125,16,[ 1 14],126,-1,198,-1,182
1,<environment.Job instance at 0x7fc210dcf870>,126,26,[3 8],127,-1,208,-1,182
1,<environment.Job instance at 0x7fc210dcf910>,127,26,[10  5],128,-1,208,-1,182
1,<environment.Job instance at 0x7fc210dcfaf0>,2,24,[5 8],3,-1,27,-1,3
1,<environment.Job instance at 0x7fc210ecf140>,9,21,[ 4 11],10,-1,35,-1,14
1,<environment.Job instance at 0x7fc210ecfc80>,11,23,[8 4],12,-1,37,-1,14
1,<environment.Job instance at 0x7fc2114388c0>,17,24,[6 2],18,-1,84,-1,60
1,<environment.Job instance at 0x7fc211438be0>,19,25,[8 3],20,-1,85,-1,60
1,<environment.Job instance at 0x7fc2114385f0>,20,15,[11  1],21,-1,75,-1,60
1,<environment.Job instance at 0x7fc211438410>,22,1,[7 4],23,-1,76,-1,75
1,<environment.Job instance at 0x7fc211438730>,27,20,[ 5 13],28,-1,124,-1,104
1,<environment.Job instance at 0x7fc211438500>,31,27,[6 4],32,-1,150,-1,123
1,<environment.Job instance at 0x7fc2114380a0>,32,25,[6 1],33,-1,148,-1,123
1,<environment.Job instance at 0x7fc211438af0>,33,23,[5 5],34,-1,146,-1,123
1,<environment.Job instance at 0x7fc211438870>,34,28,[8 5],35,-1,151,-1,123
1,<environment.Job instance at 0x7fc211438640>,35,12,[13  5],36,-1,135,-1,123
1,<environment.Job instance at 0x7fc211f8f140>,37,23,[10  2],38,-1,146,-1,123
1,<environment.Job instance at 0x7fc211f8f9b0>,39,17,[14  1],40,-1,161,-1,144
1,<environment.Job instance at 0x7fc211f8f5a0>,40,15,[ 1 12],41,-1,159,-1,144
1,<environment.Job instance at 0x7fc211f8f690>,43,20,[ 1 10],44,-1,176,-1,156
1,<environment.Job instance at 0x7fc211f8f0f0>,45,25,[5 3],46,-1,181,-1,156
1,<environment.Job instance at 0x7fc211f8ff50>,47,2,[5 7],48,-1,174,-1,172
1,<environment.Job instance at 0x7fc21aa0fc30>,48,14,[ 4 10],49,-1,198,-1,184
1,<environment.Job instance at 0x7fc211f8ff00>,50,27,[ 2 10],51,-1,214,-1,187
1,<environment.Job instance at 0x7fc2119e65a0>,51,16,[ 1 12],52,-1,203,-1,187
1,<environment.Job instance at 0x7fc2119e6af0>,52,15,[13  4],53,-1,202,-1,187
1,<environment.Job instance at 0x7fc2119e6230>,53,2,[ 1 13],54,-1,189,-1,187
1,<environment.Job instance at 0x7fc2119e6730>,55,28,[ 2 14],56,-1,232,-1,204
1,<environment.Job instance at 0x7fc2119e6410>,56,28,[5 1],57,-1,232,-1,204
1,<environment.Job instance at 0x7fc2119e62d0>,59,21,[ 1 11],60,-1,231,-1,210
1,<environment.Job instance at 0x7fc2119e6d20>,60,21,[9 1],61,-1,241,-1,220
1,<environment.Job instance at 0x7fc2119e60f0>,65,26,[2 9],66,-1,278,-1,252
1,<environment.Job instance at 0x7fc2119e6050>,67,12,[ 2 13],68,-1,264,-1,252
1,<environment.Job instance at 0x7fc2119e6280>,68,17,[11  4],69,-1,269,-1,252
1,<environment.Job instance at 0x7fc2119e6fa0>,69,27,[ 4 13],70,-1,279,-1,252
1,<environment.Job instance at 0x7fc2119e6dc0>,70,15,[14  1],71,-1,267,-1,252
1,<environment.Job instance at 0x7fc21125efa0>,74,26,[ 4 10],75,-1,314,-1,288
1,<environment.Job instance at 0x7fc21125e730>,78,25,[5 5],79,-1,329,-1,304
1,<environment.Job instance at 0x7fc21125ed70>,79,26,[2 9],80,-1,330,-1,304
1,<environment.Job instance at 0x7fc21125eaa0>,81,15,[12  4],82,-1,319,-1,304
1,<environment.Job instance at 0x7fc21125e780>,82,27,[10  3],83,-1,331,-1,304
1,<environment.Job instance at 0x7fc21125ee10>,83,1,[ 1 11],84,-1,305,-1,304
1,<environment.Job instance at 0x7fc21125eeb0>,84,18,[ 2 12],85,-1,322,-1,304
1,<environment.Job instance at 0x7fc21a84e190>,85,22,[ 2 11],86,-1,326,-1,304
1,<environment.Job instance at 0x7fc21a84efa0>,86,23,[8 4],87,-1,327,-1,304
1,<environment.Job instance at 0x7fc21a84e230>,87,1,[2 5],88,-1,305,-1,304
1,<environment.Job instance at 0x7fc21a84e550>,88,28,[ 4 10],89,-1,332,-1,304
1,<environment.Job instance at 0x7fc210d5bc30>,91,24,[2 6],92,-1,339,-1,315
1,<environment.Job instance at 0x7fc210d5b3c0>,95,27,[ 2 10],96,-1,364,-1,337
1,<environment.Job instance at 0x7fc210d5b5a0>,97,1,[11  5],98,-1,346,-1,345
1,<environment.Job instance at 0x7fc210d5b7d0>,98,14,[ 5 14],99,-1,359,-1,345
1,<environment.Job instance at 0x7fc210d5b320>,100,25,[9 2],101,-1,377,-1,352
1,<environment.Job instance at 0x7fc210d5bd70>,102,2,[ 5 13],103,-1,356,-1,354
1,<environment.Job instance at 0x7fc210d5b730>,105,13,[ 5 13],106,-1,382,-1,369
1,<environment.Job instance at 0x7fc210d5bb90>,106,19,[ 3 10],107,-1,389,-1,370
1,<environment.Job instance at 0x7fc210d5b370>,108,24,[5 1],109,-1,406,-1,382
1,<environment.Job instance at 0x7fc211ad23c0>,109,13,[ 5 12],110,-1,395,-1,382
1,<environment.Job instance at 0x7fc211ad2c30>,111,23,[1 8],112,-1,407,-1,384
1,<environment.Job instance at 0x7fc211ad2460>,112,28,[ 2 10],113,-1,412,-1,384
1,<environment.Job instance at 0x7fc211ad2910>,115,21,[ 3 14],116,-1,421,-1,400
1,<environment.Job instance at 0x7fc211ad2320>,116,21,[ 2 10],117,-1,421,-1,400
1,<environment.Job instance at 0x7fc211ad2aa0>,119,21,[13  5],120,-1,439,-1,418
1,<environment.Job instance at 0x7fc211ad25a0>,121,3,[9 4],122,-1,440,-1,437
1,<environment.Job instance at 0x7fc211ad2fa0>,122,2,[7 5],123,-1,439,-1,437
1,<environment.Job instance at 0x7fc211ad2500>,123,14,[11  4],124,-1,451,-1,437
1,<environment.Job instance at 0x7fc211b364b0>,125,28,[ 1 13],126,-1,465,-1,437
1,<environment.Job instance at 0x7fc210ccc690>,126,19,[ 5 14],127,-1,456,-1,437
1,<environment.Job instance at 0x7fc21169f8c0>,1,18,[ 3 11],2,-1,20,-1,2
1,<environment.Job instance at 0x7fc210802230>,3,26,[ 2 11],4,-1,30,-1,4
1,<environment.Job instance at 0x7fc210802a50>,4,13,[13  4],5,-1,18,-1,5
1,<environment.Job instance at 0x7fc210802b90>,8,17,[ 5 13],9,-1,26,-1,9
1,<environment.Job instance at 0x7fc210802460>,9,16,[ 5 14],10,-1,26,-1,10
1,<environment.Job instance at 0x7fc210802d20>,10,25,[5 8],11,-1,36,-1,11
1,<environment.Job instance at 0x7fc2108b74b0>,12,17,[ 2 14],13,-1,30,-1,13
1,<environment.Job instance at 0x7fc210802500>,13,18,[11  3],14,-1,33,-1,15
1,<environment.Job instance at 0x7fc210802690>,20,26,[ 1 12],21,-1,61,-1,35
1,<environment.Job instance at 0x7fc210802f50>,22,25,[1 8],23,-1,68,-1,43
1,<environment.Job instance at 0x7fc210802410>,23,27,[ 3 12],24,-1,70,-1,43
1,<environment.Job instance at 0x7fc2108cc910>,25,13,[12  4],26,-1,58,-1,45
1,<environment.Job instance at 0x7fc2108ccaa0>,28,26,[5 7],29,-1,92,-1,66
1,<environment.Job instance at 0x7fc2108cce60>,27,28,[11  4],28,-1,94,-1,66
1,<environment.Job instance at 0x7fc2108cc320>,29,2,[5 1],30,-1,68,-1,66
1,<environment.Job instance at 0x7fc2108cc190>,32,13,[13  2],33,-1,97,-1,84
1,<environment.Job instance at 0x7fc2108612d0>,45,15,[12  2],46,-1,210,-1,195
1,<environment.Job instance at 0x7fc210861460>,47,1,[4 5],48,-1,206,-1,205
1,<environment.Job instance at 0x7fc2108616e0>,53,13,[ 5 11],54,-1,263,-1,250
1,<environment.Job instance at 0x7fc210861640>,55,24,[8 4],56,-1,287,-1,263
1,<environment.Job instance at 0x7fc210861e60>,59,3,[7 5],60,-1,289,-1,286
1,<environment.Job instance at 0x7fc210861500>,61,26,[6 1],62,-1,317,-1,291
1,<environment.Job instance at 0x7fc2108ae410>,62,3,[ 5 14],63,-1,294,-1,291
1,<environment.Job instance at 0x7fc2108ae870>,63,18,[14  4],64,-1,309,-1,291
1,<environment.Job instance at 0x7fc2108ae230>,69,2,[13  2],70,-1,344,-1,342
1,<environment.Job instance at 0x7fc2108ae960>,71,25,[1 6],72,-1,367,-1,342
1,<environment.Job instance at 0x7fc2108ae4b0>,72,26,[5 5],73,-1,368,-1,342
1,<environment.Job instance at 0x7fc2108ae6e0>,73,15,[12  2],74,-1,357,-1,342
1,<environment.Job instance at 0x7fc2108ae3c0>,77,14,[14  4],78,-1,380,-1,366
1,<environment.Job instance at 0x7fc2110e9e10>,78,3,[4 8],79,-1,369,-1,366
1,<environment.Job instance at 0x7fc2110e9320>,81,23,[3 6],82,-1,396,-1,373
1,<environment.Job instance at 0x7fc211a8bb40>,85,15,[ 3 13],86,-1,417,-1,402
1,<environment.Job instance at 0x7fc211a8baf0>,88,24,[9 2],89,-1,447,-1,423
1,<environment.Job instance at 0x7fc211a8b780>,89,13,[11  4],90,-1,436,-1,423
1,<environment.Job instance at 0x7fc211a8beb0>,90,17,[ 3 12],91,-1,440,-1,423
1,<environment.Job instance at 0x7fc211a8b280>,91,2,[7 4],92,-1,425,-1,423
1,<environment.Job instance at 0x7fc211a8ba00>,92,2,[4 6],93,-1,425,-1,423
1,<environment.Job instance at 0x7fc210f084b0>,93,2,[12  2],94,-1,425,-1,423
1,<environment.Job instance at 0x7fc2116c5320>,94,17,[13  5],95,-1,440,-1,423
1,<environment.Job instance at 0x7fc21090e140>,97,15,[ 5 12],98,-1,448,-1,433
1,<environment.Job instance at 0x7fc211b60730>,102,25,[10  5],103,-1,505,-1,480
1,<environment.Job instance at 0x7fc211bb6370>,106,28,[4 6],107,-1,523,-1,495
1,<environment.Job instance at 0x7fc210c0d0f0>,107,26,[2 6],108,-1,522,-1,496
1,<environment.Job instance at 0x7fc21a6d9af0>,109,15,[14  4],110,-1,515,-1,500
1,<environment.Job instance at 0x7fc210db4460>,110,13,[13  5],111,-1,513,-1,500
1,<environment.Job instance at 0x7fc2115e5640>,115,1,[ 1 13],116,-1,520,-1,519
1,<environment.Job instance at 0x7fc2118625f0>,116,26,[8 2],117,-1,545,-1,519
1,<environment.Job instance at 0x7fc21134b500>,117,26,[5 7],118,-1,545,-1,519
1,<environment.Job instance at 0x7fc2118d6cd0>,119,26,[11  1],120,-1,556,-1,530
1,<environment.Job instance at 0x7fc211aa6730>,125,18,[ 1 12],126,-1,579,-1,561
1,<environment.Job instance at 0x7fc211aa6230>,126,15,[ 3 11],127,-1,576,-1,561
1,<environment.Job instance at 0x7fc2111fb5f0>,3,27,[13  3],4,-1,31,-1,4
1,<environment.Job instance at 0x7fc2111fb910>,4,24,[3 9],5,-1,34,-1,10
1,<environment.Job instance at 0x7fc211fc3dc0>,10,22,[ 3 14],11,-1,33,-1,11
1,<environment.Job instance at 0x7fc211fc3e60>,11,15,[13  2],12,-1,27,-1,12
1,<environment.Job instance at 0x7fc211fc3870>,12,16,[11  3],13,-1,35,-1,19
1,<environment.Job instance at 0x7fc211fc3d70>,22,28,[13  5],23,-1,115,-1,87
1,<environment.Job instance at 0x7fc211fc3410>,23,27,[6 1],24,-1,114,-1,87
1,<environment.Job instance at 0x7fc211fc3960>,25,17,[ 5 11],26,-1,113,-1,96
1,<environment.Job instance at 0x7fc211b13f50>,35,19,[11  3],36,-1,241,-1,222
1,<environment.Job instance at 0x7fc211b13050>,38,18,[12  4],39,-1,240,-1,222
1,<environment.Job instance at 0x7fc211b132d0>,39,26,[1 9],40,-1,248,-1,222
1,<environment.Job instance at 0x7fc211b13e10>,40,3,[10  4],41,-1,225,-1,222
1,<environment.Job instance at 0x7fc210aa5f00>,42,26,[13  5],43,-1,261,-1,235
1,<environment.Job instance at 0x7fc210aa5af0>,43,25,[13  3],44,-1,260,-1,235
1,<environment.Job instance at 0x7fc210aa5b40>,44,22,[ 5 10],45,-1,257,-1,235
1,<environment.Job instance at 0x7fc210aa5280>,45,13,[ 3 12],46,-1,248,-1,235
1,<environment.Job instance at 0x7fc210aa5960>,46,15,[ 1 10],47,-1,250,-1,235
1,<environment.Job instance at 0x7fc210aa5910>,47,26,[3 8],48,-1,261,-1,235
1,<environment.Job instance at 0x7fc210aa5fa0>,48,16,[ 5 12],49,-1,251,-1,235
1,<environment.Job instance at 0x7fc210aa51e0>,49,24,[13  4],50,-1,259,-1,235
1,<environment.Job instance at 0x7fc210aa5730>,50,27,[8 2],51,-1,262,-1,235
1,<environment.Job instance at 0x7fc210aa5c80>,52,27,[4 5],53,-1,262,-1,235
1,<environment.Job instance at 0x7fc210aa53c0>,53,16,[12  2],54,-1,251,-1,235
1,<environment.Job instance at 0x7fc2109c8640>,58,26,[ 3 12],59,-1,278,-1,252
1,<environment.Job instance at 0x7fc2109c8820>,59,26,[9 2],60,-1,278,-1,252
1,<environment.Job instance at 0x7fc2109c87d0>,61,16,[13  4],62,-1,272,-1,256
1,<environment.Job instance at 0x7fc2109c8d70>,62,28,[2 7],63,-1,284,-1,256
1,<environment.Job instance at 0x7fc2109c8d20>,65,17,[ 3 13],66,-1,288,-1,271
1,<environment.Job instance at 0x7fc2109c8b90>,66,28,[3 7],67,-1,299,-1,271
1,<environment.Job instance at 0x7fc2109c8cd0>,67,20,[11  2],68,-1,291,-1,271
1,<environment.Job instance at 0x7fc2109c8230>,71,1,[5 5],72,-1,304,-1,303
1,<environment.Job instance at 0x7fc2109c83c0>,72,14,[ 5 13],73,-1,317,-1,303
1,<environment.Job instance at 0x7fc2109c8780>,77,20,[11  4],78,-1,348,-1,328
1,<environment.Job instance at 0x7fc2109c8a50>,78,27,[6 1],79,-1,355,-1,328
1,<environment.Job instance at 0x7fc2116c6690>,84,27,[10  1],85,-1,400,-1,373
1,<environment.Job instance at 0x7fc2116c6780>,86,1,[10  5],87,-1,374,-1,373
1,<environment.Job instance at 0x7fc2116c6fa0>,88,21,[ 1 10],89,-1,411,-1,390
1,<environment.Job instance at 0x7fc2116c6640>,92,25,[8 5],93,-1,439,-1,414
1,<environment.Job instance at 0x7fc2116c6b40>,93,2,[14  3],94,-1,416,-1,414
1,<environment.Job instance at 0x7fc2116c6d20>,94,24,[13  5],95,-1,438,-1,414
1,<environment.Job instance at 0x7fc211ec6820>,96,14,[ 1 10],97,-1,438,-1,424
1,<environment.Job instance at 0x7fc211ec6140>,98,27,[ 3 10],99,-1,467,-1,440
1,<environment.Job instance at 0x7fc211ec69b0>,100,12,[14  1],101,-1,452,-1,440
1,<environment.Job instance at 0x7fc211ec6b90>,102,13,[11  4],103,-1,460,-1,447
1,<environment.Job instance at 0x7fc211ec66e0>,107,15,[ 4 13],108,-1,497,-1,482
1,<environment.Job instance at 0x7fc211ec62d0>,109,13,[11  4],110,-1,509,-1,496
1,<environment.Job instance at 0x7fc21188ab90>,119,2,[5 7],120,-1,581,-1,579
1,<environment.Job instance at 0x7fc21188a690>,121,14,[11  2],122,-1,593,-1,579
1,<environment.Job instance at 0x7fc21188aeb0>,122,23,[12  3],123,-1,602,-1,579
1,<environment.Job instance at 0x7fc21188ae10>,123,28,[4 7],124,-1,607,-1,579
1,<environment.Job instance at 0x7fc21188ad70>,126,16,[11  4],127,-1,609,-1,593
1,<environment.Job instance at 0x7fc21188af50>,127,24,[1 7],128,-1,619,-1,595
1,<environment.Job instance at 0x7fc211b13960>,29,24,[14  3],30,-1,1812,-1,1788
1,<environment.Job instance at 0x7fc211b135a0>,37,21,[12  1],38,-1,1809,-1,1788
1,<environment.Job instance at 0x7fc21abedbe0>,1,23,[13  4],2,-1,25,-1,2
1,<environment.Job instance at 0x7fc21a60faf0>,6,14,[13  4],7,-1,21,-1,7
1,<environment.Job instance at 0x7fc21a60f4b0>,11,17,[ 5 11],12,-1,48,-1,31
1,<environment.Job instance at 0x7fc21a60f5a0>,12,2,[ 1 10],13,-1,33,-1,31
1,<environment.Job instance at 0x7fc21a60fe60>,15,18,[14  2],16,-1,66,-1,48
1,<environment.Job instance at 0x7fc210c37690>,16,15,[14  3],17,-1,63,-1,48
1,<environment.Job instance at 0x7fc210c37550>,18,17,[12  2],19,-1,68,-1,51
1,<environment.Job instance at 0x7fc210c37730>,19,20,[ 5 12],20,-1,71,-1,51
1,<environment.Job instance at 0x7fc210c37b40>,20,28,[ 5 11],21,-1,79,-1,51
1,<environment.Job instance at 0x7fc210c371e0>,22,23,[5 9],23,-1,90,-1,67
1,<environment.Job instance at 0x7fc210c373c0>,28,2,[5 3],29,-1,116,-1,114
1,<environment.Job instance at 0x7fc21101f910>,35,13,[ 4 14],36,-1,179,-1,166
1,<environment.Job instance at 0x7fc21135c3c0>,38,15,[5 1],39,-1,198,-1,183
1,<environment.Job instance at 0x7fc21135c230>,39,3,[2 7],40,-1,186,-1,183
1,<environment.Job instance at 0x7fc21135c320>,40,15,[12  4],41,-1,198,-1,183
1,<environment.Job instance at 0x7fc21135caa0>,47,18,[ 2 14],48,-1,271,-1,253
1,<environment.Job instance at 0x7fc21135cb90>,48,25,[ 4 10],49,-1,278,-1,253
1,<environment.Job instance at 0x7fc21135c730>,49,24,[11  5],50,-1,277,-1,253
1,<environment.Job instance at 0x7fc21135ce60>,52,27,[2 9],53,-1,291,-1,264
1,<environment.Job instance at 0x7fc210d9ef00>,62,28,[3 8],63,-1,406,-1,378
1,<environment.Job instance at 0x7fc210d9e7d0>,63,23,[ 5 10],64,-1,401,-1,378
1,<environment.Job instance at 0x7fc210d9ee10>,64,17,[ 1 11],65,-1,395,-1,378
1,<environment.Job instance at 0x7fc210d9e140>,65,12,[2 9],66,-1,398,-1,386
1,<environment.Job instance at 0x7fc210d9e050>,66,1,[ 4 13],67,-1,387,-1,386
1,<environment.Job instance at 0x7fc210d9eb90>,67,14,[ 5 13],68,-1,400,-1,386
1,<environment.Job instance at 0x7fc210d9e5a0>,69,1,[ 1 14],70,-1,390,-1,389
1,<environment.Job instance at 0x7fc210d9e370>,70,16,[11  4],71,-1,405,-1,389
1,<environment.Job instance at 0x7fc211862280>,72,3,[8 2],73,-1,396,-1,393
1,<environment.Job instance at 0x7fc211862320>,74,16,[13  2],75,-1,426,-1,410
1,<environment.Job instance at 0x7fc211862b90>,75,14,[ 2 13],76,-1,424,-1,410
1,<environment.Job instance at 0x7fc211862f00>,76,18,[13  1],77,-1,428,-1,410
1,<environment.Job instance at 0x7fc211862690>,77,21,[ 2 12],78,-1,431,-1,410
1,<environment.Job instance at 0x7fc211b100f0>,79,26,[13  3],80,-1,436,-1,410
1,<environment.Job instance at 0x7fc211b10eb0>,80,24,[12  5],81,-1,434,-1,410
1,<environment.Job instance at 0x7fc211b10c80>,82,27,[7 3],83,-1,444,-1,417
1,<environment.Job instance at 0x7fc211b10d20>,83,15,[ 4 10],84,-1,435,-1,420
1,<environment.Job instance at 0x7fc211b10be0>,84,12,[ 1 10],85,-1,432,-1,420
1,<environment.Job instance at 0x7fc21132f9b0>,105,25,[3 6],106,-1,626,-1,601
1,<environment.Job instance at 0x7fc21132fb90>,107,16,[ 5 12],108,-1,629,-1,613
1,<environment.Job instance at 0x7fc21132f0f0>,110,12,[11  4],111,-1,639,-1,627
1,<environment.Job instance at 0x7fc21132feb0>,112,2,[12  3],113,-1,638,-1,636
1,<environment.Job instance at 0x7fc21132ffa0>,113,14,[14  2],114,-1,650,-1,636
1,<environment.Job instance at 0x7fc21132fa00>,114,13,[12  4],115,-1,649,-1,636
1,<environment.Job instance at 0x7fc211aa69b0>,119,14,[11  5],120,-1,677,-1,663
1,<environment.Job instance at 0x7fc211aa6780>,120,18,[ 4 12],121,-1,681,-1,663
1,<environment.Job instance at 0x7fc211aa6b40>,121,24,[ 3 11],122,-1,687,-1,663
1,<environment.Job instance at 0x7fc211aa6dc0>,125,12,[13  3],126,-1,697,-1,685
1,<environment.Job instance at 0x7fc211aa6eb0>,128,27,[12  3],129,-1,731,-1,704
1,<environment.Job instance at 0x7fc210c378c0>,24,28,[14  5],25,-1,747,-1,719
1,<environment.Job instance at 0x7fc21a864640>,3,24,[ 5 12],4,-1,28,-1,4
1,<environment.Job instance at 0x7fc21086eaa0>,4,2,[1 7],5,-1,30,-1,28
1,<environment.Job instance at 0x7fc21086eb90>,10,19,[ 4 11],11,-1,60,-1,41
1,<environment.Job instance at 0x7fc21086e3c0>,12,17,[11  4],13,-1,58,-1,41
1,<environment.Job instance at 0x7fc21086edc0>,19,13,[ 1 11],20,-1,98,-1,85
1,<environment.Job instance at 0x7fc21086e5f0>,20,14,[11  4],21,-1,99,-1,85
1,<environment.Job instance at 0x7fc21086e0f0>,21,24,[ 4 11],22,-1,109,-1,85
1,<environment.Job instance at 0x7fc21086ebe0>,22,24,[4 8],23,-1,109,-1,85
1,<environment.Job instance at 0x7fc210fbc690>,35,2,[7 5],36,-1,182,-1,180
1,<environment.Job instance at 0x7fc210fbc410>,38,12,[11  4],39,-1,209,-1,197
1,<environment.Job instance at 0x7fc210fbc190>,39,3,[ 1 12],40,-1,200,-1,197
1,<environment.Job instance at 0x7fc210fbc140>,40,14,[12  1],41,-1,211,-1,197
1,<environment.Job instance at 0x7fc210e37be0>,47,18,[12  5],48,-1,255,-1,237
1,<environment.Job instance at 0x7fc210e37320>,48,20,[13  1],49,-1,257,-1,237
1,<environment.Job instance at 0x7fc210e37910>,49,17,[ 5 13],50,-1,254,-1,237
1,<environment.Job instance at 0x7fc210e376e0>,51,23,[4 8],52,-1,280,-1,257
1,<environment.Job instance at 0x7fc210e37230>,54,26,[2 8],55,-1,298,-1,272
1,<environment.Job instance at 0x7fc210e37e10>,56,13,[12  5],57,-1,285,-1,272
1,<environment.Job instance at 0x7fc210e37a50>,58,14,[ 2 11],59,-1,286,-1,272
1,<environment.Job instance at 0x7fc210e37b90>,62,26,[6 5],63,-1,329,-1,303
1,<environment.Job instance at 0x7fc21203aeb0>,64,22,[13  2],65,-1,325,-1,303
1,<environment.Job instance at 0x7fc21203adc0>,65,3,[4 9],66,-1,306,-1,303
1,<environment.Job instance at 0x7fc21203a780>,68,24,[4 5],69,-1,340,-1,316
1,<environment.Job instance at 0x7fc21203a0a0>,69,28,[ 3 11],70,-1,344,-1,316
1,<environment.Job instance at 0x7fc21203a190>,70,12,[9 1],71,-1,329,-1,317
1,<environment.Job instance at 0x7fc21203a0f0>,72,19,[ 2 12],73,-1,336,-1,317
1,<environment.Job instance at 0x7fc21203a640>,75,22,[3 6],76,-1,351,-1,329
1,<environment.Job instance at 0x7fc21203a730>,77,17,[ 4 12],78,-1,346,-1,329
1,<environment.Job instance at 0x7fc21088e780>,79,20,[11  5],80,-1,364,-1,344
1,<environment.Job instance at 0x7fc21088e460>,80,16,[12  3],81,-1,360,-1,344
1,<environment.Job instance at 0x7fc21088e4b0>,81,3,[5 7],82,-1,347,-1,344
1,<environment.Job instance at 0x7fc21088e910>,83,27,[ 1 10],84,-1,375,-1,348
1,<environment.Job instance at 0x7fc21088ea00>,84,14,[ 1 11],85,-1,362,-1,348
1,<environment.Job instance at 0x7fc211ea9820>,85,25,[ 5 11],86,-1,373,-1,348
1,<environment.Job instance at 0x7fc2113e8640>,87,1,[1 7],88,-1,362,-1,361
1,<environment.Job instance at 0x7fc2113ea780>,89,28,[6 3],90,-1,392,-1,364
1,<environment.Job instance at 0x7fc2113ea7d0>,92,19,[ 3 12],93,-1,393,-1,374
1,<environment.Job instance at 0x7fc21141e0a0>,93,23,[4 5],94,-1,397,-1,374
1,<environment.Job instance at 0x7fc21141e280>,96,22,[ 2 12],97,-1,429,-1,407
1,<environment.Job instance at 0x7fc21141ee10>,97,17,[12  5],98,-1,424,-1,407
1,<environment.Job instance at 0x7fc21141ed70>,98,28,[11  4],99,-1,435,-1,407
1,<environment.Job instance at 0x7fc21141edc0>,99,1,[4 9],100,-1,408,-1,407
1,<environment.Job instance at 0x7fc210eb6cd0>,100,12,[ 4 14],101,-1,419,-1,407
1,<environment.Job instance at 0x7fc21a8526e0>,107,18,[13  2],108,-1,483,-1,465
1,<environment.Job instance at 0x7fc21abed410>,112,27,[8 5],113,-1,526,-1,499
1,<environment.Job instance at 0x7fc2110bdc30>,114,25,[ 1 12],115,-1,524,-1,499
1,<environment.Job instance at 0x7fc210e504b0>,117,20,[14  5],118,-1,534,-1,514
1,<environment.Job instance at 0x7fc21131cc80>,118,25,[ 3 12],119,-1,539,-1,514
1,<environment.Job instance at 0x7fc21131ccd0>,119,14,[13  1],120,-1,528,-1,514
1,<environment.Job instance at 0x7fc2115745a0>,121,13,[ 2 12],122,-1,528,-1,515
1,<environment.Job instance at 0x7fc210c10050>,125,16,[12  2],126,-1,558,-1,542
1,<environment.Job instance at 0x7fc210c10140>,126,16,[14  1],127,-1,558,-1,542
1,<environment.Job instance at 0x7fc21a602050>,127,3,[ 2 13],128,-1,545,-1,542
1,<environment.Job instance at 0x7fc210fbc5f0>,2,15,[ 2 11],3,-1,18,-1,3
1,<environment.Job instance at 0x7fc211c67690>,4,17,[14  1],5,-1,22,-1,5
1,<environment.Job instance at 0x7fc211c674b0>,10,28,[5 8],11,-1,47,-1,19
1,<environment.Job instance at 0x7fc211c67eb0>,11,17,[ 3 14],12,-1,36,-1,19
1,<environment.Job instance at 0x7fc211c67870>,12,27,[ 3 10],13,-1,46,-1,19
1,<environment.Job instance at 0x7fc211531d20>,17,27,[6 4],18,-1,79,-1,52
1,<environment.Job instance at 0x7fc2115310f0>,18,22,[ 2 10],19,-1,80,-1,58
1,<environment.Job instance at 0x7fc211531c80>,19,25,[2 8],20,-1,83,-1,58
1,<environment.Job instance at 0x7fc211531550>,23,2,[ 5 11],24,-1,69,-1,67
1,<environment.Job instance at 0x7fc211531820>,24,1,[8 2],25,-1,68,-1,67
1,<environment.Job instance at 0x7fc211531fa0>,30,24,[14  3],31,-1,146,-1,122
1,<environment.Job instance at 0x7fc211531d70>,33,2,[13  4],34,-1,139,-1,137
1,<environment.Job instance at 0x7fc211531e60>,34,22,[12  2],35,-1,159,-1,137
1,<environment.Job instance at 0x7fc21070ee10>,36,17,[14  5],37,-1,157,-1,140
1,<environment.Job instance at 0x7fc21070ec30>,37,28,[ 3 11],38,-1,168,-1,140
1,<environment.Job instance at 0x7fc21070e320>,38,12,[ 2 14],39,-1,152,-1,140
1,<environment.Job instance at 0x7fc21070ec80>,39,18,[14  4],40,-1,158,-1,140
1,<environment.Job instance at 0x7fc21070e9b0>,40,14,[12  5],41,-1,154,-1,140
1,<environment.Job instance at 0x7fc21070e4b0>,41,28,[9 4],42,-1,168,-1,140
1,<environment.Job instance at 0x7fc21070e5f0>,42,28,[13  4],43,-1,168,-1,140
1,<environment.Job instance at 0x7fc21070e2d0>,43,16,[ 3 13],44,-1,156,-1,140
1,<environment.Job instance at 0x7fc21070e780>,44,3,[6 5],45,-1,143,-1,140
1,<environment.Job instance at 0x7fc21070e280>,45,16,[ 2 13],46,-1,156,-1,140
1,<environment.Job instance at 0x7fc21070e460>,48,3,[5 2],49,-1,174,-1,171
1,<environment.Job instance at 0x7fc21070ef00>,49,18,[ 4 12],50,-1,189,-1,171
1,<environment.Job instance at 0x7fc21070ed70>,55,23,[ 4 10],56,-1,222,-1,199
1,<environment.Job instance at 0x7fc21070e690>,56,3,[9 5],57,-1,202,-1,199
1,<environment.Job instance at 0x7fc211530820>,61,14,[14  1],62,-1,265,-1,251
1,<environment.Job instance at 0x7fc211530960>,62,24,[8 5],63,-1,275,-1,251
1,<environment.Job instance at 0x7fc211530730>,63,3,[14  5],64,-1,254,-1,251
1,<environment.Job instance at 0x7fc2115300a0>,67,17,[ 5 13],68,-1,284,-1,267
1,<environment.Job instance at 0x7fc211530640>,68,26,[ 3 14],69,-1,293,-1,267
1,<environment.Job instance at 0x7fc211530320>,72,13,[10  1],73,-1,318,-1,305
1,<environment.Job instance at 0x7fc211530fa0>,73,3,[8 5],74,-1,308,-1,305
1,<environment.Job instance at 0x7fc211512190>,81,15,[ 2 12],82,-1,365,-1,350
1,<environment.Job instance at 0x7fc211512eb0>,82,2,[10  2],83,-1,352,-1,350
1,<environment.Job instance at 0x7fc21152cc80>,89,24,[ 4 12],90,-1,417,-1,393
1,<environment.Job instance at 0x7fc21152c730>,90,12,[14  4],91,-1,405,-1,393
1,<environment.Job instance at 0x7fc21152cb40>,91,28,[5 5],92,-1,421,-1,393
1,<environment.Job instance at 0x7fc21152c230>,98,3,[ 2 11],99,-1,442,-1,439
1,<environment.Job instance at 0x7fc21152c780>,99,26,[1 9],100,-1,465,-1,439
1,<environment.Job instance at 0x7fc21152c4b0>,100,28,[9 3],101,-1,467,-1,439
1,<environment.Job instance at 0x7fc21151f190>,102,28,[5 3],103,-1,476,-1,448
1,<environment.Job instance at 0x7fc21151ff50>,105,1,[ 3 13],106,-1,475,-1,474
1,<environment.Job instance at 0x7fc21151f500>,106,22,[ 2 11],107,-1,496,-1,474
1,<environment.Job instance at 0x7fc21151f550>,107,24,[ 2 13],108,-1,498,-1,474
1,<environment.Job instance at 0x7fc21151f140>,115,20,[14  4],116,-1,550,-1,530
1,<environment.Job instance at 0x7fc21151f730>,116,22,[ 1 14],117,-1,552,-1,530
1,<environment.Job instance at 0x7fc21151f050>,117,2,[14  4],118,-1,532,-1,530
1,<environment.Job instance at 0x7fc2114f9500>,119,27,[4 9],120,-1,559,-1,532
1,<environment.Job instance at 0x7fc2114f98c0>,120,16,[ 4 13],121,-1,548,-1,532
1,<environment.Job instance at 0x7fc2114f9640>,122,16,[14  2],123,-1,553,-1,537
1,<environment.Job instance at 0x7fc2114f9780>,123,12,[14  2],124,-1,549,-1,537
1,<environment.Job instance at 0x7fc2114f99b0>,124,1,[14  4],125,-1,538,-1,537
1,<environment.Job instance at 0x7fc2114f9870>,125,2,[14  4],126,-1,539,-1,537
1,<environment.Job instance at 0x7fc2114f9b90>,126,24,[2 9],127,-1,561,-1,537
1,<environment.Job instance at 0x7fc2114f9d20>,127,12,[ 2 12],128,-1,549,-1,537
1,<environment.Job instance at 0x7fc2114f94b0>,128,14,[13  4],129,-1,551,-1,537
1,<environment.Job instance at 0x7fc210f63640>,6,27,[7 4],7,-1,34,-1,7
1,<environment.Job instance at 0x7fc210f630a0>,11,24,[6 3],12,-1,41,-1,17
1,<environment.Job instance at 0x7fc210f63320>,12,28,[2 8],13,-1,45,-1,17
1,<environment.Job instance at 0x7fc210f63500>,13,13,[12  3],14,-1,30,-1,17
1,<environment.Job instance at 0x7fc21081c960>,15,20,[8 1],16,-1,40,-1,20
1,<environment.Job instance at 0x7fc2107b7140>,18,26,[9 3],19,-1,46,-1,20
1,<environment.Job instance at 0x7fc2107b7fa0>,19,16,[ 5 10],20,-1,38,-1,22
1,<environment.Job instance at 0x7fc21aa1c640>,21,20,[ 4 14],22,-1,58,-1,38
1,<environment.Job instance at 0x7fc21aa1c690>,23,14,[12  5],24,-1,52,-1,38
1,<environment.Job instance at 0x7fc210f727d0>,24,25,[ 5 12],25,-1,63,-1,38
1,<environment.Job instance at 0x7fc210f72320>,26,15,[ 3 14],27,-1,53,-1,38
1,<environment.Job instance at 0x7fc210f724b0>,29,1,[10  1],30,-1,51,-1,50
1,<environment.Job instance at 0x7fc210f72500>,30,24,[7 1],31,-1,74,-1,50
1,<environment.Job instance at 0x7fc210f721e0>,31,20,[ 2 10],32,-1,70,-1,50
1,<environment.Job instance at 0x7fc210f72820>,32,18,[ 5 13],33,-1,68,-1,50
1,<environment.Job instance at 0x7fc210f720f0>,35,28,[1 5],36,-1,91,-1,63
1,<environment.Job instance at 0x7fc210f72c80>,37,25,[8 1],38,-1,102,-1,77
1,<environment.Job instance at 0x7fc210f72690>,38,18,[ 1 10],39,-1,95,-1,77
1,<environment.Job instance at 0x7fc210f72460>,39,12,[12  3],40,-1,89,-1,77
1,<environment.Job instance at 0x7fc210f72eb0>,40,21,[7 4],41,-1,105,-1,84
1,<environment.Job instance at 0x7fc210f72af0>,41,20,[3 9],42,-1,104,-1,84
1,<environment.Job instance at 0x7fc211fa9b40>,42,25,[4 5],43,-1,109,-1,84
1,<environment.Job instance at 0x7fc211fa90f0>,43,25,[10  3],44,-1,109,-1,84
1,<environment.Job instance at 0x7fc211fa97d0>,45,28,[13  4],46,-1,121,-1,93
1,<environment.Job instance at 0x7fc211fa9410>,46,20,[13  2],47,-1,113,-1,93
1,<environment.Job instance at 0x7fc211fa9320>,47,14,[12  3],48,-1,107,-1,93
1,<environment.Job instance at 0x7fc211fa9e60>,48,17,[ 5 13],49,-1,110,-1,93
1,<environment.Job instance at 0x7fc211fa9640>,49,13,[9 3],50,-1,108,-1,95
1,<environment.Job instance at 0x7fc211fa9eb0>,50,18,[13  4],51,-1,113,-1,95
1,<environment.Job instance at 0x7fc211fa9050>,52,12,[ 3 10],53,-1,125,-1,113
1,<environment.Job instance at 0x7fc211fa9a50>,53,16,[ 2 11],54,-1,129,-1,113
1,<environment.Job instance at 0x7fc211fa9c80>,54,1,[8 4],55,-1,114,-1,113
1,<environment.Job instance at 0x7fc211fa92d0>,55,25,[2 5],56,-1,138,-1,113
1,<environment.Job instance at 0x7fc210dd8be0>,62,23,[ 3 14],63,-1,181,-1,158
1,<environment.Job instance at 0x7fc210dd8b90>,63,21,[ 5 13],64,-1,179,-1,158
1,<environment.Job instance at 0x7fc210dd85a0>,64,16,[ 3 14],65,-1,174,-1,158
1,<environment.Job instance at 0x7fc210dd8190>,66,14,[11  3],67,-1,174,-1,160
1,<environment.Job instance at 0x7fc210dd8dc0>,68,13,[14  1],69,-1,191,-1,178
1,<environment.Job instance at 0x7fc210dd81e0>,71,16,[ 2 10],72,-1,199,-1,183
1,<environment.Job instance at 0x7fc210dd8af0>,75,24,[5 2],76,-1,235,-1,211
1,<environment.Job instance at 0x7fc210dd84b0>,76,14,[11  2],77,-1,225,-1,211
1,<environment.Job instance at 0x7fc211064370>,77,22,[ 4 10],78,-1,233,-1,211
1,<environment.Job instance at 0x7fc2110640a0>,78,15,[ 2 13],79,-1,226,-1,211
1,<environment.Job instance at 0x7fc211064be0>,80,13,[ 3 12],81,-1,224,-1,211
1,<environment.Job instance at 0x7fc211064280>,81,14,[ 2 11],82,-1,225,-1,211
1,<environment.Job instance at 0x7fc211064c30>,82,16,[ 5 14],83,-1,227,-1,211
1,<environment.Job instance at 0x7fc211064a50>,84,26,[10  4],85,-1,239,-1,213
1,<environment.Job instance at 0x7fc2110643c0>,86,24,[4 7],87,-1,252,-1,228
1,<environment.Job instance at 0x7fc2110646e0>,89,13,[3 8],90,-1,241,-1,228
1,<environment.Job instance at 0x7fc211064690>,90,15,[9 1],91,-1,243,-1,228
1,<environment.Job instance at 0x7fc211064d70>,91,12,[10  4],92,-1,240,-1,228
1,<environment.Job instance at 0x7fc21070e050>,95,2,[5 9],96,-1,246,-1,244
1,<environment.Job instance at 0x7fc21070eaa0>,98,28,[7 2],99,-1,296,-1,268
1,<environment.Job instance at 0x7fc211986320>,99,3,[4 5],100,-1,271,-1,268
1,<environment.Job instance at 0x7fc2119867d0>,100,27,[ 3 12],101,-1,295,-1,268
1,<environment.Job instance at 0x7fc2119865f0>,103,26,[11  1],104,-1,307,-1,281
1,<environment.Job instance at 0x7fc211986aa0>,104,28,[9 2],105,-1,309,-1,281
1,<environment.Job instance at 0x7fc2119863c0>,105,21,[12  5],106,-1,302,-1,281
1,<environment.Job instance at 0x7fc211986140>,107,18,[ 2 14],108,-1,316,-1,298
1,<environment.Job instance at 0x7fc210f24780>,118,23,[ 1 11],119,-1,412,-1,389
1,<environment.Job instance at 0x7fc210f24370>,124,1,[9 5],125,-1,418,-1,417
1,<environment.Job instance at 0x7fc2113e9410>,12,1,[3 9],13,-1,38,-1,37
1,<environment.Job instance at 0x7fc2113e9280>,13,13,[13  5],14,-1,50,-1,37
1,<environment.Job instance at 0x7fc211408550>,14,14,[12  1],15,-1,51,-1,37
1,<environment.Job instance at 0x7fc211408d20>,16,24,[ 2 12],17,-1,61,-1,37
1,<environment.Job instance at 0x7fc211408e10>,18,17,[ 5 14],19,-1,63,-1,46
1,<environment.Job instance at 0x7fc211408f50>,21,28,[ 3 13],22,-1,86,-1,58
1,<environment.Job instance at 0x7fc211400b90>,25,12,[ 4 12],26,-1,83,-1,71
1,<environment.Job instance at 0x7fc211400230>,26,12,[12  5],27,-1,83,-1,71
1,<environment.Job instance at 0x7fc211400a50>,28,14,[12  2],29,-1,98,-1,84
1,<environment.Job instance at 0x7fc211af1280>,30,15,[ 1 12],31,-1,99,-1,84
1,<environment.Job instance at 0x7fc211af14b0>,38,25,[9 4],39,-1,182,-1,157
1,<environment.Job instance at 0x7fc211af1af0>,39,24,[5 1],40,-1,181,-1,157
1,<environment.Job instance at 0x7fc2112a86e0>,41,27,[1 7],42,-1,192,-1,165
1,<environment.Job instance at 0x7fc2112a8370>,44,24,[ 1 10],45,-1,211,-1,187
1,<environment.Job instance at 0x7fc2112a80a0>,45,26,[10  5],46,-1,213,-1,187
1,<environment.Job instance at 0x7fc21aa7e2d0>,47,1,[14  3],48,-1,188,-1,187
1,<environment.Job instance at 0x7fc2112d4640>,53,18,[ 1 12],54,-1,239,-1,221
1,<environment.Job instance at 0x7fc2112d4460>,54,16,[13  4],55,-1,237,-1,221
1,<environment.Job instance at 0x7fc2112d4d70>,55,19,[11  2],56,-1,240,-1,221
1,<environment.Job instance at 0x7fc2112d4280>,56,17,[ 4 14],57,-1,238,-1,221
1,<environment.Job instance at 0x7fc2112d4be0>,58,15,[13  5],59,-1,251,-1,236
1,<environment.Job instance at 0x7fc211394aa0>,64,27,[ 5 14],65,-1,284,-1,257
1,<environment.Job instance at 0x7fc2113f8960>,65,22,[12  4],66,-1,279,-1,257
1,<environment.Job instance at 0x7fc211b9abe0>,66,17,[13  2],67,-1,274,-1,257
1,<environment.Job instance at 0x7fc2113f3a50>,68,1,[7 1],69,-1,262,-1,261
1,<environment.Job instance at 0x7fc210c51a00>,81,3,[ 5 13],82,-1,368,-1,365
1,<environment.Job instance at 0x7fc2120491e0>,83,25,[6 2],84,-1,390,-1,365
1,<environment.Job instance at 0x7fc2110b5fa0>,84,24,[5 2],85,-1,389,-1,365
1,<environment.Job instance at 0x7fc210d58960>,86,16,[ 4 12],87,-1,403,-1,387
1,<environment.Job instance at 0x7fc210d46550>,89,3,[8 4],90,-1,390,-1,387
1,<environment.Job instance at 0x7fc2117680f0>,91,3,[7 1],92,-1,403,-1,400
1,<environment.Job instance at 0x7fc211789aa0>,92,21,[14  2],93,-1,421,-1,400
1,<environment.Job instance at 0x7fc210c601e0>,93,23,[6 3],94,-1,423,-1,400
1,<environment.Job instance at 0x7fc21202e5f0>,97,25,[5 8],98,-1,459,-1,434
1,<environment.Job instance at 0x7fc21202ee10>,98,26,[5 8],99,-1,460,-1,434
1,<environment.Job instance at 0x7fc211797500>,99,14,[11  4],100,-1,448,-1,434
1,<environment.Job instance at 0x7fc211797280>,100,16,[14  4],101,-1,450,-1,434
1,<environment.Job instance at 0x7fc211797be0>,110,16,[11  2],111,-1,522,-1,506
1,<environment.Job instance at 0x7fc211797820>,111,16,[ 4 12],112,-1,522,-1,506
1,<environment.Job instance at 0x7fc2117a4fa0>,113,12,[14  3],114,-1,518,-1,506
1,<environment.Job instance at 0x7fc2117a4e60>,116,2,[ 2 14],117,-1,529,-1,527
1,<environment.Job instance at 0x7fc2117a4c80>,119,28,[6 3],120,-1,568,-1,540
1,<environment.Job instance at 0x7fc2117a4c30>,122,3,[ 5 13],123,-1,572,-1,569
1,<environment.Job instance at 0x7fc2117a6280>,123,27,[6 2],124,-1,596,-1,569
1,<environment.Job instance at 0x7fc210b486e0>,9,17,[11  1],10,-1,39,-1,22
1,<environment.Job instance at 0x7fc210b48fa0>,10,13,[12  1],11,-1,35,-1,22
1,<environment.Job instance at 0x7fc210e4d2d0>,17,19,[ 1 11],18,-1,79,-1,60
1,<environment.Job instance at 0x7fc210e4df50>,30,14,[ 3 12],31,-1,179,-1,165
1,<environment.Job instance at 0x7fc210e4d4b0>,32,2,[11  5],33,-1,167,-1,165
1,<environment.Job instance at 0x7fc21079c140>,33,1,[8 3],34,-1,166,-1,165
1,<environment.Job instance at 0x7fc21079c050>,34,28,[13  3],35,-1,193,-1,165
1,<environment.Job instance at 0x7fc21079c910>,35,14,[ 4 10],36,-1,279,-1,265
1,<environment.Job instance at 0x7fc21079c0a0>,46,28,[7 1],47,-1,293,-1,265
1,<environment.Job instance at 0x7fc21079c5f0>,47,27,[2 7],48,-1,292,-1,265
1,<environment.Job instance at 0x7fc211e9d7d0>,51,24,[12  2],52,-1,311,-1,287
1,<environment.Job instance at 0x7fc21103ccd0>,72,27,[5 4],73,-1,520,-1,493
1,<environment.Job instance at 0x7fc21103ce10>,74,3,[1 5],75,-1,509,-1,506
1,<environment.Job instance at 0x7fc21103c0a0>,77,20,[ 3 13],78,-1,541,-1,521
1,<environment.Job instance at 0x7fc21103c280>,79,3,[2 8],80,-1,537,-1,534
1,<environment.Job instance at 0x7fc21103c500>,81,2,[13  4],82,-1,537,-1,535
1,<environment.Job instance at 0x7fc211eb7cd0>,101,2,[12  2],102,-1,742,-1,740
1,<environment.Job instance at 0x7fc211eb7a00>,102,26,[2 8],103,-1,766,-1,740
1,<environment.Job instance at 0x7fc211eb72d0>,105,16,[14  4],106,-1,764,-1,748
1,<environment.Job instance at 0x7fc21103c550>,87,27,[11  5],88,-1,781,-1,754
1,<environment.Job instance at 0x7fc21115bb90>,114,2,[ 2 12],115,-1,803,-1,801
1,<environment.Job instance at 0x7fc21115b9b0>,116,2,[3 5],117,-1,819,-1,817
1,<environment.Job instance at 0x7fc21115bdc0>,117,2,[3 6],118,-1,819,-1,817
1,<environment.Job instance at 0x7fc21188ddc0>,120,13,[ 3 14],121,-1,846,-1,833
1,<environment.Job instance at 0x7fc21188dcd0>,121,17,[ 1 11],122,-1,850,-1,833
1,<environment.Job instance at 0x7fc21188d1e0>,124,15,[14  2],125,-1,848,-1,833
1,<environment.Job instance at 0x7fc21188d5a0>,127,25,[ 5 10],128,-1,872,-1,847
1,<environment.Job instance at 0x7fc211eb7140>,94,23,[12  5],95,-1,3626,-1,3603
1,<environment.Job instance at 0x7fc210b4f050>,1,28,[3 6],2,-1,30,-1,2
1,<environment.Job instance at 0x7fc21115b6e0>,6,28,[5 3],7,-1,35,-1,7
1,<environment.Job instance at 0x7fc210a59910>,7,23,[10  1],8,-1,31,-1,8
1,<environment.Job instance at 0x7fc210a599b0>,8,21,[7 1],9,-1,56,-1,35
1,<environment.Job instance at 0x7fc210a59fa0>,17,27,[5 1],18,-1,62,-1,35
1,<environment.Job instance at 0x7fc210a59af0>,18,22,[10  5],19,-1,57,-1,35
1,<environment.Job instance at 0x7fc210a59f00>,16,18,[ 1 13],17,-1,66,-1,48
1,<environment.Job instance at 0x7fc210a57410>,23,16,[11  5],24,-1,90,-1,74
1,<environment.Job instance at 0x7fc210a57550>,25,28,[7 3],26,-1,110,-1,82
1,<environment.Job instance at 0x7fc210a575f0>,27,14,[ 4 10],28,-1,110,-1,96
1,<environment.Job instance at 0x7fc210a57500>,28,16,[13  2],29,-1,112,-1,96
1,<environment.Job instance at 0x7fc210a57870>,32,28,[13  5],33,-1,155,-1,127
1,<environment.Job instance at 0x7fc210a57a50>,33,23,[9 3],34,-1,150,-1,127
1,<environment.Job instance at 0x7fc210a57b40>,34,3,[6 4],35,-1,130,-1,127
1,<environment.Job instance at 0x7fc210a57d20>,35,16,[ 3 13],36,-1,143,-1,127
1,<environment.Job instance at 0x7fc210a57e10>,37,15,[ 4 14],38,-1,142,-1,127
1,<environment.Job instance at 0x7fc210a57eb0>,38,19,[13  3],39,-1,146,-1,127
1,<environment.Job instance at 0x7fc210a57f50>,39,25,[ 3 13],40,-1,152,-1,127
1,<environment.Job instance at 0x7fc210a26190>,42,22,[4 7],43,-1,182,-1,160
1,<environment.Job instance at 0x7fc210a26370>,45,14,[11  2],46,-1,181,-1,167
1,<environment.Job instance at 0x7fc210a264b0>,47,23,[10  2],48,-1,201,-1,178
1,<environment.Job instance at 0x7fc210a260a0>,48,27,[ 1 11],49,-1,205,-1,178
1,<environment.Job instance at 0x7fc210a265a0>,50,2,[ 1 10],51,-1,188,-1,186
1,<environment.Job instance at 0x7fc210a26640>,51,1,[4 7],52,-1,187,-1,186
1,<environment.Job instance at 0x7fc210a266e0>,52,3,[13  3],53,-1,189,-1,186
1,<environment.Job instance at 0x7fc210a26cd0>,59,1,[10  1],60,-1,229,-1,228
1,<environment.Job instance at 0x7fc210a26f00>,63,17,[14  1],64,-1,272,-1,255
1,<environment.Job instance at 0x7fc210a54140>,66,19,[ 4 13],67,-1,287,-1,268
1,<environment.Job instance at 0x7fc210a54280>,68,13,[10  1],69,-1,292,-1,279
1,<environment.Job instance at 0x7fc210a54320>,69,26,[5 5],70,-1,305,-1,279
1,<environment.Job instance at 0x7fc210a543c0>,70,22,[ 4 10],71,-1,301,-1,279
1,<environment.Job instance at 0x7fc210a545a0>,73,2,[10  4],74,-1,296,-1,294
1,<environment.Job instance at 0x7fc210a54690>,74,2,[7 3],75,-1,296,-1,294
1,<environment.Job instance at 0x7fc210a54780>,75,14,[12  3],76,-1,308,-1,294
1,<environment.Job instance at 0x7fc210a548c0>,76,23,[10  4],77,-1,317,-1,294
1,<environment.Job instance at 0x7fc211ad6f00>,78,1,[12  4],79,-1,312,-1,311
1,<environment.Job instance at 0x7fc210a38aa0>,79,12,[ 5 14],80,-1,323,-1,311
1,<environment.Job instance at 0x7fc210a38410>,80,28,[ 4 10],81,-1,339,-1,311
1,<environment.Job instance at 0x7fc210a382d0>,83,21,[12  5],84,-1,332,-1,311
1,<environment.Job instance at 0x7fc210a38550>,84,22,[ 1 11],85,-1,333,-1,311
1,<environment.Job instance at 0x7fc210a38460>,86,26,[5 3],87,-1,347,-1,321
1,<environment.Job instance at 0x7fc210a387d0>,91,24,[ 4 14],92,-1,367,-1,343
1,<environment.Job instance at 0x7fc211998dc0>,93,1,[2 6],94,-1,361,-1,360
1,<environment.Job instance at 0x7fc2117bacd0>,96,17,[ 5 11],97,-1,389,-1,372
1,<environment.Job instance at 0x7fc2117bae60>,97,13,[ 2 13],98,-1,385,-1,372
1,<environment.Job instance at 0x7fc211dd90a0>,102,15,[ 4 10],103,-1,426,-1,411
1,<environment.Job instance at 0x7fc21088bd20>,104,3,[8 2],105,-1,414,-1,411
1,<environment.Job instance at 0x7fc210a7f870>,105,15,[11  3],106,-1,426,-1,411
1,<environment.Job instance at 0x7fc21177e730>,111,22,[1 9],112,-1,471,-1,449
1,<environment.Job instance at 0x7fc211870820>,113,1,[ 4 10],114,-1,465,-1,464
1,<environment.Job instance at 0x7fc210a8b960>,116,28,[6 5],117,-1,502,-1,474
1,<environment.Job instance at 0x7fc210a8b0f0>,117,17,[14  3],118,-1,491,-1,474
1,<environment.Job instance at 0x7fc210a8b230>,118,19,[ 5 12],119,-1,493,-1,474
1,<environment.Job instance at 0x7fc210a8beb0>,119,27,[2 8],120,-1,501,-1,474
1,<environment.Job instance at 0x7fc210a8bdc0>,120,2,[ 3 13],121,-1,476,-1,474
1,<environment.Job instance at 0x7fc210a8b5a0>,128,27,[4 6],129,-1,555,-1,528
1,<environment.Job instance at 0x7fc21a5bdaa0>,4,26,[4 5],5,-1,31,-1,5
1,<environment.Job instance at 0x7fc21a5bd9b0>,5,28,[8 2],6,-1,34,-1,6
1,<environment.Job instance at 0x7fc21a5bda00>,7,19,[14  3],8,-1,27,-1,8
1,<environment.Job instance at 0x7fc21a5bd280>,10,23,[ 2 10],11,-1,34,-1,11
1,<environment.Job instance at 0x7fc21a5bd550>,11,3,[ 2 10],12,-1,15,-1,12
1,<environment.Job instance at 0x7fc21a5bd640>,12,3,[10  5],13,-1,16,-1,13
1,<environment.Job instance at 0x7fc211f8caa0>,13,15,[ 4 11],14,-1,29,-1,14
1,<environment.Job instance at 0x7fc211f8c320>,14,15,[ 1 11],15,-1,30,-1,15
1,<environment.Job instance at 0x7fc211f8c780>,15,24,[11  4],16,-1,40,-1,16
1,<environment.Job instance at 0x7fc211f8c9b0>,16,21,[14  5],17,-1,38,-1,17
1,<environment.Job instance at 0x7fc211f8cdc0>,17,2,[7 1],18,-1,20,-1,18
1,<environment.Job instance at 0x7fc21a5bd690>,6,21,[11  3],7,-1,39,-1,18
1,<environment.Job instance at 0x7fc211f8c7d0>,20,25,[4 7],21,-1,46,-1,21
1,<environment.Job instance at 0x7fc211f8c5f0>,23,14,[ 2 12],24,-1,38,-1,24
1,<environment.Job instance at 0x7fc211f8cc80>,24,20,[ 3 14],25,-1,45,-1,25
1,<environment.Job instance at 0x7fc211f8c8c0>,25,18,[ 1 11],26,-1,44,-1,26
1,<environment.Job instance at 0x7fc210cfe3c0>,26,3,[ 5 12],27,-1,30,-1,27
1,<environment.Job instance at 0x7fc210cfe7d0>,27,14,[12  5],28,-1,42,-1,28
1,<environment.Job instance at 0x7fc210cfe960>,32,13,[7 2],33,-1,78,-1,65
1,<environment.Job instance at 0x7fc210cfe870>,36,12,[ 2 14],37,-1,77,-1,65
1,<environment.Job instance at 0x7fc210cfedc0>,37,12,[12  2],38,-1,77,-1,65
1,<environment.Job instance at 0x7fc2108dfd70>,54,16,[ 4 14],55,-1,207,-1,191
1,<environment.Job instance at 0x7fc211a6b960>,58,18,[ 4 13],59,-1,233,-1,215
1,<environment.Job instance at 0x7fc211a6bbe0>,60,13,[12  2],61,-1,228,-1,215
1,<environment.Job instance at 0x7fc211a6ba00>,61,23,[6 1],62,-1,263,-1,240
1,<environment.Job instance at 0x7fc211a6b3c0>,64,24,[4 5],65,-1,271,-1,247
1,<environment.Job instance at 0x7fc211a6baa0>,67,13,[11  5],68,-1,270,-1,257
1,<environment.Job instance at 0x7fc211a6b780>,70,28,[12  2],71,-1,297,-1,269
1,<environment.Job instance at 0x7fc2113d0eb0>,73,3,[ 3 12],74,-1,288,-1,285
1,<environment.Job instance at 0x7fc2113d0a00>,74,18,[11  2],75,-1,303,-1,285
1,<environment.Job instance at 0x7fc2113d02d0>,75,17,[14  2],76,-1,302,-1,285
1,<environment.Job instance at 0x7fc2113d0c80>,76,23,[3 7],77,-1,308,-1,285
1,<environment.Job instance at 0x7fc2113d0d70>,78,15,[13  1],79,-1,303,-1,288
1,<environment.Job instance at 0x7fc2113d0af0>,79,19,[11  4],80,-1,307,-1,288
1,<environment.Job instance at 0x7fc2113d0370>,81,25,[3 9],82,-1,322,-1,297
1,<environment.Job instance at 0x7fc2113d0b40>,85,16,[ 1 12],86,-1,331,-1,315
1,<environment.Job instance at 0x7fc21070a730>,87,27,[7 4],88,-1,351,-1,324
1,<environment.Job instance at 0x7fc21a614af0>,95,28,[1 7],96,-1,409,-1,381
1,<environment.Job instance at 0x7fc21a6379b0>,101,17,[ 5 11],102,-1,466,-1,449
1,<environment.Job instance at 0x7fc21a637640>,102,16,[ 4 12],103,-1,465,-1,449
1,<environment.Job instance at 0x7fc21a6374b0>,103,15,[12  5],104,-1,464,-1,449
1,<environment.Job instance at 0x7fc21a637eb0>,104,22,[14  5],105,-1,471,-1,449
1,<environment.Job instance at 0x7fc21a6370f0>,106,26,[9 2],107,-1,487,-1,461
1,<environment.Job instance at 0x7fc21a637c80>,108,12,[13  2],109,-1,473,-1,461
1,<environment.Job instance at 0x7fc21a637960>,109,18,[ 4 10],110,-1,518,-1,500
1,<environment.Job instance at 0x7fc211c36370>,113,15,[12  4],114,-1,515,-1,500
1,<environment.Job instance at 0x7fc2110a1aa0>,125,23,[9 5],126,-1,618,-1,595
1,<environment.Job instance at 0x7fc2110a1cd0>,127,15,[ 3 11],128,-1,615,-1,600
1,<environment.Job instance at 0x7fc2110a1d70>,128,13,[11  3],129,-1,613,-1,600
1,<environment.Job instance at 0x7fc21a614960>,99,25,[6 5],100,-1,1127,-1,1102
1,<environment.Job instance at 0x7fc210cdc140>,5,13,[ 3 12],6,-1,19,-1,6
1,<environment.Job instance at 0x7fc2106bad70>,6,3,[5 1],7,-1,11,-1,8
1,<environment.Job instance at 0x7fc2106ba690>,8,25,[6 1],9,-1,34,-1,9
1,<environment.Job instance at 0x7fc2106ba410>,12,23,[13  2],13,-1,42,-1,19
1,<environment.Job instance at 0x7fc2106baa00>,16,21,[ 3 13],17,-1,66,-1,45
1,<environment.Job instance at 0x7fc210b223c0>,21,3,[3 7],22,-1,61,-1,58
1,<environment.Job instance at 0x7fc211572a00>,24,18,[13  3],25,-1,89,-1,71
1,<environment.Job instance at 0x7fc210b22a00>,25,18,[ 3 13],26,-1,89,-1,71
1,<environment.Job instance at 0x7fc210b226e0>,27,2,[2 8],28,-1,79,-1,77
1,<environment.Job instance at 0x7fc2109e1640>,30,12,[14  3],31,-1,118,-1,106
1,<environment.Job instance at 0x7fc2109e1370>,33,21,[ 5 13],34,-1,140,-1,119
1,<environment.Job instance at 0x7fc210af6a00>,37,26,[11  3],38,-1,161,-1,135
1,<environment.Job instance at 0x7fc210af6190>,38,28,[2 6],39,-1,164,-1,136
1,<environment.Job instance at 0x7fc210af6aa0>,45,18,[13  1],46,-1,214,-1,196
1,<environment.Job instance at 0x7fc211e3f0f0>,48,25,[2 8],49,-1,248,-1,223
1,<environment.Job instance at 0x7fc211e3f870>,52,13,[ 5 13],53,-1,240,-1,227
1,<environment.Job instance at 0x7fc211e3f370>,53,17,[ 5 12],54,-1,244,-1,227
1,<environment.Job instance at 0x7fc210afea00>,58,12,[14  1],59,-1,269,-1,257
1,<environment.Job instance at 0x7fc210afe730>,59,19,[11  3],60,-1,324,-1,305
1,<environment.Job instance at 0x7fc210afb820>,62,19,[ 4 13],63,-1,324,-1,305
1,<environment.Job instance at 0x7fc21128f6e0>,64,19,[ 4 14],65,-1,324,-1,305
1,<environment.Job instance at 0x7fc21097a6e0>,63,1,[7 5],64,-1,306,-1,305
1,<environment.Job instance at 0x7fc210fbb550>,66,24,[14  1],67,-1,329,-1,305
1,<environment.Job instance at 0x7fc2109cc8c0>,67,25,[10  3],68,-1,330,-1,305
1,<environment.Job instance at 0x7fc211eb9500>,68,27,[7 2],69,-1,332,-1,305
1,<environment.Job instance at 0x7fc210aebd20>,72,25,[5 6],73,-1,358,-1,333
1,<environment.Job instance at 0x7fc210aebfa0>,74,16,[14  3],75,-1,351,-1,335
1,<environment.Job instance at 0x7fc210ddecd0>,76,23,[ 2 11],77,-1,372,-1,349
1,<environment.Job instance at 0x7fc211eeb4b0>,78,28,[5 5],79,-1,377,-1,349
1,<environment.Job instance at 0x7fc211eebeb0>,80,13,[12  1],81,-1,376,-1,363
1,<environment.Job instance at 0x7fc211347230>,81,21,[13  4],82,-1,384,-1,363
1,<environment.Job instance at 0x7fc21168c1e0>,85,16,[ 1 14],86,-1,395,-1,379
1,<environment.Job instance at 0x7fc2109751e0>,91,3,[5 2],92,-1,437,-1,434
1,<environment.Job instance at 0x7fc210b03280>,100,26,[ 4 13],101,-1,522,-1,496
1,<environment.Job instance at 0x7fc21abed7d0>,101,24,[5 3],102,-1,564,-1,540
1,<environment.Job instance at 0x7fc211f63c30>,108,15,[ 3 14],109,-1,555,-1,540
1,<environment.Job instance at 0x7fc210d13d20>,114,26,[4 5],115,-1,601,-1,575
1,<environment.Job instance at 0x7fc210d13960>,119,22,[13  2],120,-1,618,-1,596
1,<environment.Job instance at 0x7fc210d13230>,120,15,[ 2 11],121,-1,611,-1,596
1,<environment.Job instance at 0x7fc210d13f50>,121,27,[9 3],122,-1,631,-1,604
1,<environment.Job instance at 0x7fc21161a5a0>,122,17,[ 1 12],123,-1,621,-1,604
1,<environment.Job instance at 0x7fc211f3c640>,4,21,[12  3],5,-1,26,-1,5
1,<environment.Job instance at 0x7fc211157910>,6,26,[ 2 10],7,-1,33,-1,7
1,<environment.Job instance at 0x7fc211ec1be0>,8,12,[ 5 13],9,-1,21,-1,9
1,<environment.Job instance at 0x7fc211ee8cd0>,10,2,[5 7],11,-1,14,-1,12
1,<environment.Job instance at 0x7fc211bca910>,12,26,[11  4],13,-1,39,-1,13
1,<environment.Job instance at 0x7fc211bca870>,13,2,[ 3 14],14,-1,16,-1,14
1,<environment.Job instance at 0x7fc211bca370>,14,12,[ 5 14],15,-1,27,-1,15
1,<environment.Job instance at 0x7fc210be7a00>,15,27,[ 1 10],16,-1,43,-1,16
1,<environment.Job instance at 0x7fc210be79b0>,16,13,[11  4],17,-1,30,-1,17
1,<environment.Job instance at 0x7fc210be7780>,19,28,[ 4 14],20,-1,48,-1,20
1,<environment.Job instance at 0x7fc211ac5460>,24,19,[12  1],25,-1,67,-1,48
1,<environment.Job instance at 0x7fc21a5bce10>,27,1,[3 8],28,-1,72,-1,71
1,<environment.Job instance at 0x7fc21a5bca00>,30,28,[6 2],31,-1,110,-1,82
1,<environment.Job instance at 0x7fc211003460>,32,23,[8 2],33,-1,122,-1,99
1,<environment.Job instance at 0x7fc211cedb90>,34,12,[14  3],35,-1,113,-1,101
1,<environment.Job instance at 0x7fc211ced0a0>,35,18,[11  4],36,-1,120,-1,102
1,<environment.Job instance at 0x7fc211ced410>,36,16,[11  3],37,-1,118,-1,102
1,<environment.Job instance at 0x7fc211188780>,53,28,[ 3 14],54,-1,322,-1,294
1,<environment.Job instance at 0x7fc211188f00>,60,1,[13  4],61,-1,369,-1,368
1,<environment.Job instance at 0x7fc211172320>,70,18,[ 2 11],71,-1,468,-1,450
1,<environment.Job instance at 0x7fc210bda280>,78,1,[10  2],79,-1,530,-1,529
1,<environment.Job instance at 0x7fc210bda320>,79,25,[ 5 10],80,-1,554,-1,529
1,<environment.Job instance at 0x7fc210bda1e0>,81,2,[5 9],82,-1,539,-1,537
1,<environment.Job instance at 0x7fc210bda780>,84,18,[ 1 11],85,-1,578,-1,560
1,<environment.Job instance at 0x7fc210bda8c0>,87,1,[ 3 10],88,-1,573,-1,572
1,<environment.Job instance at 0x7fc210bdaa50>,89,1,[5 4],90,-1,587,-1,586
1,<environment.Job instance at 0x7fc210bdaaf0>,90,22,[1 8],91,-1,749,-1,727
1,<environment.Job instance at 0x7fc210bc66e0>,106,18,[13  4],107,-1,745,-1,727
1,<environment.Job instance at 0x7fc210bc6780>,107,15,[14  1],108,-1,742,-1,727
1,<environment.Job instance at 0x7fc210bc6820>,108,17,[ 3 11],109,-1,744,-1,727
1,<environment.Job instance at 0x7fc210bc68c0>,109,26,[13  3],110,-1,753,-1,727
1,<environment.Job instance at 0x7fc210bc6910>,110,2,[7 2],111,-1,729,-1,727
1,<environment.Job instance at 0x7fc210bda500>,83,24,[7 4],84,-1,751,-1,727
1,<environment.Job instance at 0x7fc210bc69b0>,111,2,[4 5],112,-1,729,-1,727
1,<environment.Job instance at 0x7fc210bc6b40>,113,13,[ 5 11],114,-1,740,-1,727
1,<environment.Job instance at 0x7fc210bc6cd0>,114,3,[11  2],115,-1,730,-1,727
1,<environment.Job instance at 0x7fc210bc6550>,105,28,[14  4],106,-1,755,-1,727
1,<environment.Job instance at 0x7f91e41e3b40>,4,24,[ 3 11],5,-1,29,-1,5
1,<environment.Job instance at 0x7f91e41e3f50>,8,24,[ 2 10],9,-1,33,-1,9
1,<environment.Job instance at 0x7f91e41e64b0>,14,21,[ 3 11],15,-1,42,-1,21
1,<environment.Job instance at 0x7f91e41e65a0>,16,19,[ 3 10],17,-1,56,-1,37
1,<environment.Job instance at 0x7f91e41e6640>,17,18,[ 5 13],18,-1,55,-1,37
1,<environment.Job instance at 0x7f91e41e6820>,20,21,[13  5],21,-1,69,-1,48
1,<environment.Job instance at 0x7f91e41e6460>,21,22,[8 2],22,-1,77,-1,55
1,<environment.Job instance at 0x7f91e41e6910>,24,2,[ 3 12],25,-1,62,-1,60
1,<environment.Job instance at 0x7f91e41e6e10>,27,25,[14  4],28,-1,105,-1,80
1,<environment.Job instance at 0x7f91e41e6c30>,28,2,[5 8],29,-1,82,-1,80
1,<environment.Job instance at 0x7f91e41e6eb0>,29,24,[5 1],30,-1,104,-1,80
1,<environment.Job instance at 0x7f91e41e92d0>,35,3,[9 5],36,-1,115,-1,112
1,<environment.Job instance at 0x7f91e41e95a0>,39,23,[4 6],40,-1,151,-1,128
1,<environment.Job instance at 0x7f91e41e9730>,42,13,[12  1],43,-1,156,-1,143
1,<environment.Job instance at 0x7f91e41e97d0>,43,21,[ 2 12],44,-1,164,-1,143
1,<environment.Job instance at 0x7f91e41e9870>,44,26,[8 4],45,-1,169,-1,143
1,<environment.Job instance at 0x7f91e41e9910>,45,13,[11  3],46,-1,156,-1,143
1,<environment.Job instance at 0x7f91e41e99b0>,46,2,[ 1 10],47,-1,145,-1,143
1,<environment.Job instance at 0x7f91e41e9a50>,47,13,[ 3 12],48,-1,156,-1,143
1,<environment.Job instance at 0x7f91e41e9dc0>,51,13,[ 3 12],52,-1,171,-1,158
1,<environment.Job instance at 0x7f91e41e9280>,52,3,[13  2],53,-1,161,-1,158
1,<environment.Job instance at 0x7f91e41ec050>,56,28,[10  1],57,-1,202,-1,174
1,<environment.Job instance at 0x7f91e41ec1e0>,62,24,[ 3 10],63,-1,231,-1,207
1,<environment.Job instance at 0x7f91e41eccd0>,73,27,[8 2],74,-1,318,-1,291
1,<environment.Job instance at 0x7f91e41ef4b0>,82,2,[10  3],83,-1,364,-1,362
1,<environment.Job instance at 0x7f91e41ef550>,83,17,[ 4 14],84,-1,379,-1,362
1,<environment.Job instance at 0x7f91e41ef5f0>,84,21,[ 1 10],85,-1,386,-1,365
1,<environment.Job instance at 0x7f91e41ef730>,86,12,[ 3 14],87,-1,377,-1,365
1,<environment.Job instance at 0x7f91e41ef870>,88,3,[9 5],89,-1,382,-1,379
1,<environment.Job instance at 0x7f91e41ef910>,89,18,[ 4 11],90,-1,397,-1,379
1,<environment.Job instance at 0x7f91e41efa50>,91,14,[12  2],92,-1,394,-1,380
1,<environment.Job instance at 0x7f91e41efb90>,92,3,[2 8],93,-1,383,-1,380
1,<environment.Job instance at 0x7f91e41efb40>,93,27,[12  1],94,-1,407,-1,380
1,<environment.Job instance at 0x7f91e41efbe0>,95,24,[2 5],96,-1,427,-1,403
1,<environment.Job instance at 0x7f91e41efe10>,96,12,[ 4 14],97,-1,415,-1,403
1,<environment.Job instance at 0x7f91e41eff50>,98,2,[10  4],99,-1,415,-1,413
1,<environment.Job instance at 0x7f91e41f10f0>,101,18,[12  3],102,-1,453,-1,435
1,<environment.Job instance at 0x7f91e41f1230>,102,13,[ 5 12],103,-1,448,-1,435
1,<environment.Job instance at 0x7f91e41f1690>,109,27,[5 8],110,-1,510,-1,483
1,<environment.Job instance at 0x7f91e41f1910>,111,13,[12  3],112,-1,496,-1,483
1,<environment.Job instance at 0x7f91e41f1af0>,114,28,[7 4],115,-1,522,-1,494
1,<environment.Job instance at 0x7f91e41f1c30>,116,3,[1 6],117,-1,503,-1,500
1,<environment.Job instance at 0x7f91ed81a4b0>,120,18,[ 3 12],121,-1,547,-1,529
1,<environment.Job instance at 0x7f91e41d9730>,123,24,[5 6],124,-1,567,-1,543
1,<environment.Job instance at 0x7f91e41d9cd0>,125,14,[14  1],126,-1,561,-1,547
1,<environment.Job instance at 0x7f91e41d98c0>,126,22,[10  1],127,-1,620,-1,598
1,<environment.Job instance at 0x7f91e4308c80>,132,23,[ 1 14],133,-1,621,-1,598
1,<environment.Job instance at 0x7f91e42840a0>,135,23,[7 3],136,-1,635,-1,612
1,<environment.Job instance at 0x7f91e429f410>,137,26,[ 1 11],138,-1,640,-1,614
1,<environment.Job instance at 0x7f91e39314b0>,4,17,[ 3 14],5,-1,22,-1,5
1,<environment.Job instance at 0x7f91e3931190>,12,26,[ 3 11],13,-1,41,-1,15
1,<environment.Job instance at 0x7f91e39325f0>,15,16,[ 1 11],16,-1,47,-1,31
1,<environment.Job instance at 0x7f91e3932190>,17,1,[ 5 12],18,-1,32,-1,31
1,<environment.Job instance at 0x7f91e39320f0>,18,24,[8 5],19,-1,55,-1,31
1,<environment.Job instance at 0x7f91e3926eb0>,20,13,[14  2],21,-1,53,-1,40
1,<environment.Job instance at 0x7f91e3926690>,23,20,[14  2],24,-1,76,-1,56
1,<environment.Job instance at 0x7f91e3926780>,24,14,[ 4 10],25,-1,70,-1,56
1,<environment.Job instance at 0x7f91e39264b0>,25,13,[ 1 14],26,-1,69,-1,56
1,<environment.Job instance at 0x7f91e39265f0>,26,16,[12  1],27,-1,72,-1,56
1,<environment.Job instance at 0x7f91e392b2d0>,27,15,[ 4 14],28,-1,71,-1,56
1,<environment.Job instance at 0x7f91e392b280>,28,13,[1 9],29,-1,69,-1,56
1,<environment.Job instance at 0x7f91e392be10>,29,18,[ 5 11],30,-1,74,-1,56
1,<environment.Job instance at 0x7f91e392bbe0>,30,22,[11  3],31,-1,78,-1,56
1,<environment.Job instance at 0x7f91e3a15460>,31,18,[11  2],32,-1,74,-1,56
1,<environment.Job instance at 0x7f91e3b5ac30>,34,21,[9 1],35,-1,141,-1,120
1,<environment.Job instance at 0x7f91e3a11fa0>,39,25,[3 9],40,-1,145,-1,120
1,<environment.Job instance at 0x7f91e3a11aa0>,41,13,[ 4 10],42,-1,137,-1,124
1,<environment.Job instance at 0x7f91e3a11730>,42,14,[4 7],43,-1,138,-1,124
1,<environment.Job instance at 0x7f91e37adb40>,43,23,[ 2 14],44,-1,147,-1,124
1,<environment.Job instance at 0x7f91ed947fa0>,44,12,[ 2 11],45,-1,136,-1,124
1,<environment.Job instance at 0x7f91e379c690>,45,19,[5 1],46,-1,151,-1,132
1,<environment.Job instance at 0x7f91e379c1e0>,47,22,[1 7],48,-1,160,-1,138
1,<environment.Job instance at 0x7f91e37a5500>,48,28,[4 7],49,-1,166,-1,138
1,<environment.Job instance at 0x7f91e37a5f50>,49,26,[3 6],50,-1,164,-1,138
1,<environment.Job instance at 0x7f91e37a5b90>,50,12,[11  1],51,-1,150,-1,138
1,<environment.Job instance at 0x7f91e3782c80>,51,12,[ 5 11],52,-1,150,-1,138
1,<environment.Job instance at 0x7f91e3806730>,53,2,[ 1 10],54,-1,141,-1,139
1,<environment.Job instance at 0x7f91e37fcb40>,54,2,[ 1 11],55,-1,141,-1,139
1,<environment.Job instance at 0x7f91e37fcaf0>,55,18,[8 2],56,-1,161,-1,143
1,<environment.Job instance at 0x7f91e37fcfa0>,57,3,[5 4],58,-1,146,-1,143
1,<environment.Job instance at 0x7f91e38026e0>,59,16,[ 3 10],60,-1,173,-1,157
1,<environment.Job instance at 0x7f91e3802730>,60,23,[5 8],61,-1,180,-1,157
1,<environment.Job instance at 0x7f91ed9b6140>,61,21,[ 4 11],62,-1,178,-1,157
1,<environment.Job instance at 0x7f91e381b910>,62,13,[ 3 12],63,-1,170,-1,157
1,<environment.Job instance at 0x7f91e41a29b0>,63,16,[10  3],64,-1,181,-1,165
1,<environment.Job instance at 0x7f91efd0a4b0>,64,28,[3 8],65,-1,193,-1,165
1,<environment.Job instance at 0x7f91e3982e60>,65,24,[12  1],66,-1,189,-1,165
1,<environment.Job instance at 0x7f91e381d2d0>,66,14,[11  2],67,-1,179,-1,165
1,<environment.Job instance at 0x7f91e37bc050>,67,27,[5 3],68,-1,192,-1,165
1,<environment.Job instance at 0x7f91e3910cd0>,68,17,[10  2],69,-1,185,-1,168
1,<environment.Job instance at 0x7f91e37d2f50>,69,17,[ 5 11],70,-1,185,-1,168
1,<environment.Job instance at 0x7f91e37b68c0>,70,13,[5 1],71,-1,182,-1,169
1,<environment.Job instance at 0x7f91e390ea50>,71,27,[6 5],72,-1,196,-1,169
1,<environment.Job instance at 0x7f91e392bb90>,72,18,[ 2 14],73,-1,187,-1,169
1,<environment.Job instance at 0x7f91e38c87d0>,73,2,[11  2],74,-1,171,-1,169
1,<environment.Job instance at 0x7f91e3931500>,74,18,[12  2],75,-1,187,-1,169
1,<environment.Job instance at 0x7f91e3931460>,76,17,[11  1],77,-1,186,-1,169
1,<environment.Job instance at 0x7f91e390eaa0>,77,13,[ 4 12],78,-1,182,-1,169
1,<environment.Job instance at 0x7f91e37f3dc0>,78,17,[11  4],79,-1,186,-1,169
1,<environment.Job instance at 0x7f91e37f3c80>,79,13,[10  1],80,-1,182,-1,169
1,<environment.Job instance at 0x7f91e3c715a0>,81,18,[ 1 10],82,-1,191,-1,173
1,<environment.Job instance at 0x7f91e37e75f0>,82,28,[7 4],83,-1,201,-1,173
1,<environment.Job instance at 0x7f91e3781f00>,84,28,[4 5],85,-1,220,-1,192
1,<environment.Job instance at 0x7f91e37813c0>,85,23,[8 3],86,-1,215,-1,192
1,<environment.Job instance at 0x7f91e37816e0>,87,22,[ 5 10],88,-1,216,-1,194
1,<environment.Job instance at 0x7f91e3781e60>,90,21,[ 1 10],91,-1,231,-1,210
1,<environment.Job instance at 0x7f91e3781780>,91,28,[13  2],92,-1,238,-1,210
1,<environment.Job instance at 0x7f91e3781d20>,92,13,[2 9],93,-1,223,-1,210
1,<environment.Job instance at 0x7f91e37818c0>,93,24,[9 1],94,-1,234,-1,210
1,<environment.Job instance at 0x7f91e37815a0>,94,15,[14  3],95,-1,225,-1,210
1,<environment.Job instance at 0x7f91e392fe10>,96,13,[ 5 13],97,-1,223,-1,210
1,<environment.Job instance at 0x7f91e392f0f0>,97,20,[5 2],98,-1,230,-1,210
1,<environment.Job instance at 0x7f91e392feb0>,100,24,[11  3],101,-1,254,-1,230
1,<environment.Job instance at 0x7f91e392fcd0>,101,22,[5 8],102,-1,253,-1,231
1,<environment.Job instance at 0x7f91e37e4eb0>,104,28,[13  3],105,-1,286,-1,258
1,<environment.Job instance at 0x7f91e377da50>,106,18,[3 9],107,-1,295,-1,277
1,<environment.Job instance at 0x7f91e377d9b0>,107,18,[ 1 13],108,-1,295,-1,277
1,<environment.Job instance at 0x7f91e377d910>,108,24,[ 5 11],109,-1,301,-1,277
1,<environment.Job instance at 0x7f91e377d3c0>,111,16,[ 2 13],112,-1,294,-1,278
1,<environment.Job instance at 0x7f91e377d320>,113,15,[ 1 11],114,-1,306,-1,291
1,<environment.Job instance at 0x7f91e377d140>,115,13,[11  1],116,-1,323,-1,310
1,<environment.Job instance at 0x7f91e377df50>,116,12,[ 3 10],117,-1,322,-1,310
1,<environment.Job instance at 0x7f91e3780fa0>,117,3,[8 3],118,-1,313,-1,310
1,<environment.Job instance at 0x7f91e3780b40>,120,12,[6 2],121,-1,340,-1,328
1,<environment.Job instance at 0x7f91e3780a00>,121,2,[5 1],122,-1,330,-1,328
1,<environment.Job instance at 0x7f91e3780f00>,122,23,[1 7],123,-1,351,-1,328
1,<environment.Job instance at 0x7f91e3780960>,123,12,[12  2],124,-1,340,-1,328
1,<environment.Job instance at 0x7f91e3819b90>,124,12,[1 8],125,-1,340,-1,328
1,<environment.Job instance at 0x7f91e3819b40>,125,2,[14  3],126,-1,330,-1,328
1,<environment.Job instance at 0x7f91e37844b0>,126,19,[ 3 14],127,-1,347,-1,328
1,<environment.Job instance at 0x7f91e37804b0>,127,2,[14  5],128,-1,330,-1,328
1,<environment.Job instance at 0x7f91e378beb0>,129,18,[10  2],130,-1,374,-1,356
1,<environment.Job instance at 0x7f91e378bc30>,130,12,[12  4],131,-1,368,-1,356
1,<environment.Job instance at 0x7f91e378b960>,131,22,[6 1],132,-1,378,-1,356
1,<environment.Job instance at 0x7f91e378b320>,133,21,[5 1],134,-1,377,-1,356
1,<environment.Job instance at 0x7f91e3793780>,138,27,[ 3 13],139,-1,418,-1,391
1,<environment.Job instance at 0x7f91e3a51a00>,36,19,[ 5 14],37,-1,1002,-1,983
1,<environment.Job instance at 0x7f91e3931410>,11,24,[12  2],12,-1,7797,-1,7773
1,<environment.Job instance at 0x7f91e39101e0>,4,2,[10  1],5,-1,8,-1,6
1,<environment.Job instance at 0x7f91e3910230>,7,24,[ 4 11],8,-1,32,-1,8
1,<environment.Job instance at 0x7f91e387ffa0>,14,25,[5 5],15,-1,44,-1,19
1,<environment.Job instance at 0x7f91e387fd70>,19,15,[ 1 13],20,-1,70,-1,55
1,<environment.Job instance at 0x7f91e387f280>,20,1,[11  3],21,-1,56,-1,55
1,<environment.Job instance at 0x7f91e387fc80>,22,2,[8 1],23,-1,60,-1,58
1,<environment.Job instance at 0x7f91e387f0a0>,23,1,[10  2],24,-1,59,-1,58
1,<environment.Job instance at 0x7f91e387f910>,24,16,[ 2 11],25,-1,74,-1,58
1,<environment.Job instance at 0x7f91e387fe60>,25,24,[8 2],26,-1,82,-1,58
1,<environment.Job instance at 0x7f91e387f5f0>,28,22,[9 3],29,-1,105,-1,83
1,<environment.Job instance at 0x7f91e387f690>,29,16,[ 4 13],30,-1,99,-1,83
1,<environment.Job instance at 0x7f91e37b6370>,30,26,[4 7],31,-1,109,-1,83
1,<environment.Job instance at 0x7f91e37b6410>,31,25,[10  5],32,-1,108,-1,83
1,<environment.Job instance at 0x7f91e37b6f50>,32,15,[12  4],33,-1,98,-1,83
1,<environment.Job instance at 0x7f91e37b6460>,33,13,[9 2],34,-1,96,-1,83
1,<environment.Job instance at 0x7f91e37b6aa0>,34,1,[10  3],35,-1,84,-1,83
1,<environment.Job instance at 0x7f91e37b64b0>,35,13,[7 1],36,-1,96,-1,83
1,<environment.Job instance at 0x7f91e37b6190>,36,20,[ 3 11],37,-1,103,-1,83
1,<environment.Job instance at 0x7f91e37b67d0>,40,14,[7 1],41,-1,111,-1,97
1,<environment.Job instance at 0x7f91e37b63c0>,41,25,[5 1],42,-1,122,-1,97
1,<environment.Job instance at 0x7f91e37b6c30>,43,14,[ 3 10],44,-1,121,-1,107
1,<environment.Job instance at 0x7f91e37b6c80>,44,18,[ 4 13],45,-1,125,-1,107
1,<environment.Job instance at 0x7f91e37b6cd0>,45,24,[9 3],46,-1,131,-1,107
1,<environment.Job instance at 0x7f91e37b6960>,46,15,[13  4],47,-1,122,-1,107
1,<environment.Job instance at 0x7f91e386b9b0>,48,24,[ 2 13],49,-1,142,-1,118
1,<environment.Job instance at 0x7f91e386b910>,49,3,[ 2 14],50,-1,121,-1,118
1,<environment.Job instance at 0x7f91e386b6e0>,50,16,[ 5 13],51,-1,134,-1,118
1,<environment.Job instance at 0x7f91e386ba00>,52,22,[4 8],53,-1,144,-1,122
1,<environment.Job instance at 0x7f91e386ba50>,53,13,[ 4 10],54,-1,135,-1,122
1,<environment.Job instance at 0x7f91e386bc80>,55,24,[6 1],56,-1,158,-1,134
1,<environment.Job instance at 0x7f91e386bfa0>,57,18,[13  2],58,-1,152,-1,134
1,<environment.Job instance at 0x7f91e386b730>,58,19,[ 5 13],59,-1,153,-1,134
1,<environment.Job instance at 0x7f91e386b4b0>,59,28,[3 5],60,-1,162,-1,134
1,<environment.Job instance at 0x7f91e386beb0>,64,15,[ 3 11],65,-1,182,-1,167
1,<environment.Job instance at 0x7f91e386b0f0>,66,27,[2 8],67,-1,197,-1,170
1,<environment.Job instance at 0x7f91e386bcd0>,67,12,[ 3 11],68,-1,182,-1,170
1,<environment.Job instance at 0x7f91e37ddaa0>,70,24,[ 5 11],71,-1,214,-1,190
1,<environment.Job instance at 0x7f91e37ddaf0>,72,27,[4 6],73,-1,217,-1,190
1,<environment.Job instance at 0x7f91e37ddcd0>,73,16,[ 2 11],74,-1,206,-1,190
1,<environment.Job instance at 0x7f91e37dd960>,75,15,[13  3],76,-1,214,-1,199
1,<environment.Job instance at 0x7f91e37dd4b0>,76,12,[14  2],77,-1,211,-1,199
1,<environment.Job instance at 0x7f91e37dd780>,77,12,[ 2 11],78,-1,211,-1,199
1,<environment.Job instance at 0x7f91e37dd320>,79,15,[12  5],80,-1,215,-1,200
1,<environment.Job instance at 0x7f91e37dd460>,80,16,[ 3 12],81,-1,216,-1,200
1,<environment.Job instance at 0x7f91e37dd2d0>,81,16,[ 3 12],82,-1,216,-1,200
1,<environment.Job instance at 0x7f91e37dd190>,83,27,[5 1],84,-1,247,-1,220
1,<environment.Job instance at 0x7f91e37dd140>,84,25,[10  4],85,-1,245,-1,220
1,<environment.Job instance at 0x7f91e37dd1e0>,85,26,[5 4],86,-1,246,-1,220
1,<environment.Job instance at 0x7f91e37db050>,88,12,[ 2 11],89,-1,232,-1,220
1,<environment.Job instance at 0x7f91e37db550>,90,26,[ 2 11],91,-1,259,-1,233
1,<environment.Job instance at 0x7f91e37db6e0>,91,12,[12  1],92,-1,245,-1,233
1,<environment.Job instance at 0x7f91e37db0f0>,92,1,[ 2 10],93,-1,234,-1,233
1,<environment.Job instance at 0x7f91e37d7dc0>,98,26,[7 4],99,-1,290,-1,264
1,<environment.Job instance at 0x7f91e37d77d0>,102,3,[9 2],103,-1,287,-1,284
1,<environment.Job instance at 0x7f91e37d7f00>,104,3,[10  4],105,-1,300,-1,297
1,<environment.Job instance at 0x7f91e37d7960>,106,28,[ 3 14],107,-1,332,-1,304
1,<environment.Job instance at 0x7f91e37d2780>,120,13,[14  4],121,-1,472,-1,459
1,<environment.Job instance at 0x7f91e37d2280>,122,16,[ 1 11],123,-1,483,-1,467
1,<environment.Job instance at 0x7f91e37d2e10>,123,26,[12  3],124,-1,493,-1,467
1,<environment.Job instance at 0x7f91e37cf780>,125,17,[ 4 13],126,-1,497,-1,480
1,<environment.Job instance at 0x7f91e37cfc30>,127,28,[1 9],128,-1,508,-1,480
1,<environment.Job instance at 0x7f91e37cf320>,128,26,[7 3],129,-1,506,-1,480
1,<environment.Job instance at 0x7f91e37cf7d0>,133,18,[14  3],134,-1,530,-1,512
1,<environment.Job instance at 0x7f91e37e7f50>,138,25,[9 1],139,-1,561,-1,536
1,<environment.Job instance at 0x7f91e37e6af0>,4,2,[2 8],5,-1,8,-1,6
1,<environment.Job instance at 0x7f91e37e6500>,6,13,[ 1 11],7,-1,20,-1,7
1,<environment.Job instance at 0x7f91e37e6870>,8,25,[6 1],9,-1,34,-1,9
1,<environment.Job instance at 0x7f91e37e62d0>,9,15,[ 3 12],10,-1,25,-1,10
1,<environment.Job instance at 0x7f91e37e6190>,10,18,[13  2],11,-1,29,-1,11
1,<environment.Job instance at 0x7f91e37e6640>,11,1,[5 7],12,-1,13,-1,12
1,<environment.Job instance at 0x7f91e37e6460>,12,12,[10  3],13,-1,25,-1,13
1,<environment.Job instance at 0x7f91e37e60f0>,13,28,[11  3],14,-1,42,-1,14
1,<environment.Job instance at 0x7f91e37e63c0>,15,28,[ 4 10],16,-1,44,-1,16
1,<environment.Job instance at 0x7f91e37e6230>,16,2,[5 3],17,-1,19,-1,17
1,<environment.Job instance at 0x7f91e37e68c0>,20,14,[ 2 10],21,-1,39,-1,25
1,<environment.Job instance at 0x7f91e4823b90>,21,16,[ 5 13],22,-1,41,-1,25
1,<environment.Job instance at 0x7f91e48234b0>,24,2,[3 5],25,-1,37,-1,35
1,<environment.Job instance at 0x7f91e48237d0>,26,14,[ 3 14],27,-1,62,-1,48
1,<environment.Job instance at 0x7f91e4823f00>,27,24,[3 9],28,-1,72,-1,48
1,<environment.Job instance at 0x7f91e48236e0>,32,12,[ 2 11],33,-1,87,-1,75
1,<environment.Job instance at 0x7f91e48232d0>,33,27,[ 3 14],34,-1,102,-1,75
1,<environment.Job instance at 0x7f91e4823d20>,37,28,[13  5],38,-1,120,-1,92
1,<environment.Job instance at 0x7f91e49070a0>,44,12,[ 1 10],45,-1,157,-1,145
1,<environment.Job instance at 0x7f91e4907460>,48,2,[7 2],49,-1,171,-1,169
1,<environment.Job instance at 0x7f91e46dbb90>,51,25,[7 3],52,-1,207,-1,182
1,<environment.Job instance at 0x7f91e46db140>,53,27,[ 5 13],54,-1,218,-1,191
1,<environment.Job instance at 0x7f91e46dbf50>,54,13,[14  5],55,-1,204,-1,191
1,<environment.Job instance at 0x7f91e46db960>,55,12,[ 4 13],56,-1,203,-1,191
1,<environment.Job instance at 0x7f91e46dbd70>,57,14,[ 3 12],58,-1,217,-1,203
1,<environment.Job instance at 0x7f91e46db7d0>,58,23,[7 3],59,-1,226,-1,203
1,<environment.Job instance at 0x7f91e46db820>,59,27,[5 8],60,-1,230,-1,203
1,<environment.Job instance at 0x7f91e46dba50>,62,12,[ 4 10],63,-1,227,-1,215
1,<environment.Job instance at 0x7f91e46db5f0>,63,23,[10  3],64,-1,238,-1,215
1,<environment.Job instance at 0x7f91e46db3c0>,64,24,[4 8],65,-1,239,-1,215
1,<environment.Job instance at 0x7f91e46dbe60>,65,26,[14  5],66,-1,241,-1,215
1,<environment.Job instance at 0x7f91e46db6e0>,66,1,[8 1],67,-1,216,-1,215
1,<environment.Job instance at 0x7f91e46dbd20>,68,2,[7 2],69,-1,230,-1,228
1,<environment.Job instance at 0x7f91e4686640>,69,1,[1 5],70,-1,229,-1,228
1,<environment.Job instance at 0x7f91e46867d0>,70,1,[1 6],71,-1,229,-1,228
1,<environment.Job instance at 0x7f91e46869b0>,72,28,[12  4],73,-1,262,-1,234
1,<environment.Job instance at 0x7f91e4686550>,73,1,[11  1],74,-1,235,-1,234
1,<environment.Job instance at 0x7f91e46865a0>,76,2,[4 9],77,-1,248,-1,246
1,<environment.Job instance at 0x7f91e4686dc0>,77,28,[7 5],78,-1,274,-1,246
1,<environment.Job instance at 0x7f91e46860f0>,83,24,[1 9],84,-1,309,-1,285
1,<environment.Job instance at 0x7f91e4686140>,84,25,[ 3 10],85,-1,310,-1,285
1,<environment.Job instance at 0x7f91e46864b0>,87,17,[13  5],88,-1,318,-1,301
1,<environment.Job instance at 0x7f91e468b320>,89,18,[11  5],90,-1,321,-1,303
1,<environment.Job instance at 0x7f91e468b370>,90,28,[7 2],91,-1,331,-1,303
1,<environment.Job instance at 0x7f91e468b0a0>,92,25,[5 7],93,-1,346,-1,321
1,<environment.Job instance at 0x7f91e468ba00>,95,21,[ 5 13],96,-1,353,-1,332
1,<environment.Job instance at 0x7f91e468b0f0>,96,13,[1 9],97,-1,349,-1,336
1,<environment.Job instance at 0x7f91e468bcd0>,98,17,[13  2],99,-1,354,-1,337
1,<environment.Job instance at 0x7f91e468b4b0>,99,22,[12  5],100,-1,359,-1,337
1,<environment.Job instance at 0x7f91e468beb0>,100,23,[7 1],101,-1,360,-1,337
1,<environment.Job instance at 0x7f91e468be60>,102,2,[2 5],103,-1,351,-1,349
1,<environment.Job instance at 0x7f91e468b460>,104,12,[ 2 13],105,-1,377,-1,365
1,<environment.Job instance at 0x7f91e468bb40>,105,1,[4 9],106,-1,366,-1,365
1,<environment.Job instance at 0x7f91e468bb90>,107,24,[10  2],108,-1,389,-1,365
1,<environment.Job instance at 0x7f91e468b2d0>,108,14,[ 5 14],109,-1,379,-1,365
1,<environment.Job instance at 0x7f91e468bdc0>,109,12,[10  1],110,-1,382,-1,370
1,<environment.Job instance at 0x7f91e4627960>,110,12,[8 1],111,-1,384,-1,372
1,<environment.Job instance at 0x7f91e4627c30>,112,25,[11  2],113,-1,397,-1,372
1,<environment.Job instance at 0x7f91e4627820>,113,15,[ 3 12],114,-1,387,-1,372
1,<environment.Job instance at 0x7f91e4627140>,118,23,[8 1],119,-1,461,-1,438
1,<environment.Job instance at 0x7f91e4627c80>,120,15,[ 5 14],121,-1,454,-1,439
1,<environment.Job instance at 0x7f91e4627050>,122,12,[ 5 13],123,-1,461,-1,449
1,<environment.Job instance at 0x7f91e4627370>,123,21,[4 9],124,-1,544,-1,523
1,<environment.Job instance at 0x7f91e37e6320>,3,18,[ 5 11],4,-1,22,-1,4
1,<environment.Job instance at 0x7f91e4649050>,5,25,[4 9],6,-1,31,-1,6
1,<environment.Job instance at 0x7f91e46496e0>,6,18,[ 1 12],7,-1,25,-1,7
1,<environment.Job instance at 0x7f91e46327d0>,16,19,[ 1 12],17,-1,50,-1,31
1,<environment.Job instance at 0x7f91e4632370>,17,24,[10  2],18,-1,55,-1,31
1,<environment.Job instance at 0x7f91e4632550>,18,2,[ 4 13],19,-1,33,-1,31
1,<environment.Job instance at 0x7f91e406ce10>,21,28,[ 1 12],22,-1,73,-1,45
1,<environment.Job instance at 0x7f91e4632230>,19,19,[ 5 10],20,-1,81,-1,62
1,<environment.Job instance at 0x7f91e3ebf1e0>,25,12,[ 4 13],26,-1,74,-1,62
1,<environment.Job instance at 0x7f91e4d0e460>,26,24,[5 3],27,-1,86,-1,62
1,<environment.Job instance at 0x7f91e40581e0>,30,3,[5 3],31,-1,91,-1,88
1,<environment.Job instance at 0x7f91e406f960>,31,12,[13  4],32,-1,100,-1,88
1,<environment.Job instance at 0x7f91e3c147d0>,34,12,[8 2],35,-1,103,-1,91
1,<environment.Job instance at 0x7f91e4d043c0>,36,15,[13  4],37,-1,120,-1,105
1,<environment.Job instance at 0x7f91e40722d0>,40,26,[14  4],41,-1,151,-1,125
1,<environment.Job instance at 0x7f91e40727d0>,42,14,[4 9],43,-1,212,-1,198
1,<environment.Job instance at 0x7f91e40403c0>,47,27,[2 7],48,-1,225,-1,198
1,<environment.Job instance at 0x7f91e40408c0>,49,18,[14  1],50,-1,216,-1,198
1,<environment.Job instance at 0x7f91e4040230>,50,22,[1 8],51,-1,220,-1,198
1,<environment.Job instance at 0x7f91e4040fa0>,51,28,[ 3 12],52,-1,226,-1,198
1,<environment.Job instance at 0x7f91e40546e0>,52,24,[ 4 10],53,-1,222,-1,198
1,<environment.Job instance at 0x7f91e4054190>,53,25,[11  2],54,-1,223,-1,198
1,<environment.Job instance at 0x7f91e40542d0>,54,16,[ 1 14],55,-1,214,-1,198
1,<environment.Job instance at 0x7f91e4054aa0>,56,12,[ 3 10],57,-1,218,-1,206
1,<environment.Job instance at 0x7f91e40549b0>,58,13,[8 5],59,-1,222,-1,209
1,<environment.Job instance at 0x7f91e4054f50>,59,13,[3 9],60,-1,222,-1,209
1,<environment.Job instance at 0x7f91e4054730>,60,14,[ 2 11],61,-1,223,-1,209
1,<environment.Job instance at 0x7f91e40547d0>,62,3,[5 9],63,-1,212,-1,209
1,<environment.Job instance at 0x7f91e4054d70>,63,2,[6 4],64,-1,211,-1,209
1,<environment.Job instance at 0x7f91e4054b90>,64,2,[3 5],65,-1,211,-1,209
1,<environment.Job instance at 0x7f91e4054e60>,65,15,[2 5],66,-1,224,-1,209
1,<environment.Job instance at 0x7f91e4043b40>,66,14,[4 8],67,-1,223,-1,209
1,<environment.Job instance at 0x7f91e4043230>,68,2,[2 9],69,-1,225,-1,223
1,<environment.Job instance at 0x7f91e4043460>,69,15,[9 1],70,-1,240,-1,225
1,<environment.Job instance at 0x7f91e40431e0>,71,13,[6 1],72,-1,238,-1,225
1,<environment.Job instance at 0x7f91e3ebbeb0>,72,13,[1 8],73,-1,241,-1,228
1,<environment.Job instance at 0x7f91e3ebbf50>,73,21,[10  4],74,-1,387,-1,366
1,<environment.Job instance at 0x7f91e3ed7b40>,93,23,[6 5],94,-1,389,-1,366
1,<environment.Job instance at 0x7f91e3ed7e10>,94,17,[2 6],95,-1,383,-1,366
1,<environment.Job instance at 0x7f91e3ed7eb0>,95,2,[ 5 13],96,-1,368,-1,366
1,<environment.Job instance at 0x7f91e3ed7c30>,96,27,[4 6],97,-1,393,-1,366
1,<environment.Job instance at 0x7f91e3ed7fa0>,97,1,[4 9],98,-1,367,-1,366
1,<environment.Job instance at 0x7f91e3ec4140>,99,21,[9 2],100,-1,389,-1,368
1,<environment.Job instance at 0x7f91e3ec41e0>,100,22,[ 3 12],101,-1,390,-1,368
1,<environment.Job instance at 0x7f91e3ec4320>,102,22,[9 1],103,-1,401,-1,379
1,<environment.Job instance at 0x7f91e3ec43c0>,103,17,[ 2 12],104,-1,396,-1,379
1,<environment.Job instance at 0x7f91e3ec4690>,105,15,[10  1],106,-1,398,-1,383
1,<environment.Job instance at 0x7f91e3ec4550>,106,13,[7 5],107,-1,396,-1,383
1,<environment.Job instance at 0x7f91e3ec4730>,107,13,[1 8],108,-1,397,-1,384
1,<environment.Job instance at 0x7f91e3ec47d0>,108,22,[8 4],109,-1,406,-1,384
1,<environment.Job instance at 0x7f91e3ec45f0>,109,14,[1 7],110,-1,398,-1,384
1,<environment.Job instance at 0x7f91e3ec49b0>,110,13,[ 2 10],111,-1,397,-1,384
1,<environment.Job instance at 0x7f91e3ec40f0>,111,22,[7 5],112,-1,406,-1,384
1,<environment.Job instance at 0x7f91e3ec4a00>,112,16,[11  3],113,-1,400,-1,384
1,<environment.Job instance at 0x7f91e3ec4aa0>,113,18,[ 5 10],114,-1,406,-1,388
1,<environment.Job instance at 0x7f91e3ec4b40>,114,2,[2 6],115,-1,390,-1,388
1,<environment.Job instance at 0x7f91e3ec4be0>,115,24,[1 6],116,-1,412,-1,388
1,<environment.Job instance at 0x7f91e3ec4c80>,116,16,[14  5],117,-1,404,-1,388
1,<environment.Job instance at 0x7f91e3ec9050>,122,2,[9 1],123,-1,434,-1,432
1,<environment.Job instance at 0x7f91e3ec92d0>,125,14,[ 1 14],126,-1,454,-1,440
1,<environment.Job instance at 0x7f91e3ec93c0>,126,12,[5 1],127,-1,452,-1,440
1,<environment.Job instance at 0x7f91e3ec95a0>,127,22,[12  2],128,-1,462,-1,440
1,<environment.Job instance at 0x7f91e3ec9640>,128,26,[ 2 10],129,-1,466,-1,440
1,<environment.Job instance at 0x7f91e3ec96e0>,129,14,[12  5],130,-1,454,-1,440
1,<environment.Job instance at 0x7f91e3ec9780>,130,14,[6 3],131,-1,457,-1,443
1,<environment.Job instance at 0x7f91e3ec98c0>,132,3,[1 9],133,-1,456,-1,453
1,<environment.Job instance at 0x7f91e3ec9960>,133,24,[9 3],134,-1,477,-1,453
1,<environment.Job instance at 0x7f91e3ec9b90>,134,23,[13  5],135,-1,476,-1,453
1,<environment.Job instance at 0x7f91e3ec9a50>,135,22,[ 4 10],136,-1,475,-1,453
1,<environment.Job instance at 0x7f91e3ec9c30>,136,20,[ 2 10],137,-1,473,-1,453
1,<environment.Job instance at 0x7f91e3ec9cd0>,137,2,[12  3],138,-1,455,-1,453
1,<environment.Job instance at 0x7f91e3ec9d70>,138,25,[3 6],139,-1,478,-1,453
1,<environment.Job instance at 0x7f91e38e6c80>,3,18,[ 5 12],4,-1,22,-1,4
1,<environment.Job instance at 0x7f91e38e6960>,4,2,[ 2 13],5,-1,7,-1,5
1,<environment.Job instance at 0x7f91e38e6af0>,5,26,[ 3 14],6,-1,32,-1,6
1,<environment.Job instance at 0x7f91e38e6690>,7,12,[1 7],8,-1,154,-1,142
1,<environment.Job instance at 0x7f91e4d14aa0>,29,12,[12  5],30,-1,164,-1,152
1,<environment.Job instance at 0x7f91e4d14eb0>,31,22,[5 4],32,-1,185,-1,163
1,<environment.Job instance at 0x7f91e4d14320>,33,27,[10  3],34,-1,190,-1,163
1,<environment.Job instance at 0x7f91e4d14d20>,35,28,[1 7],36,-1,198,-1,170
1,<environment.Job instance at 0x7f91e4d14640>,36,25,[6 4],37,-1,195,-1,170
1,<environment.Job instance at 0x7f91e4d140f0>,37,17,[ 2 10],38,-1,187,-1,170
1,<environment.Job instance at 0x7f91e4d14690>,39,12,[9 1],40,-1,193,-1,181
1,<environment.Job instance at 0x7f91e4d14960>,40,26,[3 6],41,-1,207,-1,181
1,<environment.Job instance at 0x7f91e3c08780>,49,1,[ 2 11],50,-1,266,-1,265
1,<environment.Job instance at 0x7f91e3c08640>,50,25,[7 5],51,-1,290,-1,265
1,<environment.Job instance at 0x7f91e3c08e10>,52,13,[ 2 13],53,-1,288,-1,275
1,<environment.Job instance at 0x7f91e3c08d20>,53,14,[ 1 13],54,-1,289,-1,275
1,<environment.Job instance at 0x7f91e3c08410>,54,23,[9 4],55,-1,298,-1,275
1,<environment.Job instance at 0x7f91e3c08820>,55,28,[8 5],56,-1,303,-1,275
1,<environment.Job instance at 0x7f91e3c089b0>,57,23,[8 4],58,-1,300,-1,277
1,<environment.Job instance at 0x7f91e3c08320>,59,12,[10  1],60,-1,303,-1,291
1,<environment.Job instance at 0x7f91e3c08cd0>,61,14,[ 4 10],62,-1,305,-1,291
1,<environment.Job instance at 0x7f91e38c3c30>,65,12,[11  5],66,-1,337,-1,325
1,<environment.Job instance at 0x7f91e3b47f00>,71,19,[ 4 11],72,-1,398,-1,379
1,<environment.Job instance at 0x7f91e3b47c80>,72,24,[9 5],73,-1,403,-1,379
1,<environment.Job instance at 0x7f91e3b47780>,74,16,[ 3 10],75,-1,411,-1,395
1,<environment.Job instance at 0x7f91e3b47690>,78,2,[1 6],79,-1,397,-1,395
1,<environment.Job instance at 0x7f91e3b47dc0>,79,14,[ 4 12],80,-1,409,-1,395
1,<environment.Job instance at 0x7f91e3b473c0>,80,12,[5 1],81,-1,407,-1,395
1,<environment.Job instance at 0x7f91e38c9aa0>,81,27,[ 2 11],82,-1,422,-1,395
1,<environment.Job instance at 0x7f91e38c95a0>,82,3,[2 6],83,-1,398,-1,395
1,<environment.Job instance at 0x7f91e38c90f0>,85,16,[12  1],86,-1,430,-1,414
1,<environment.Job instance at 0x7f91e38c9280>,86,26,[9 2],87,-1,440,-1,414
1,<environment.Job instance at 0x7f91e38c9fa0>,87,12,[ 5 10],88,-1,426,-1,414
1,<environment.Job instance at 0x7f91e38c9be0>,88,20,[ 1 13],89,-1,434,-1,414
1,<environment.Job instance at 0x7f91e38c9690>,92,23,[ 3 10],93,-1,448,-1,425
1,<environment.Job instance at 0x7f91e3bf6f50>,96,24,[1 9],97,-1,477,-1,453
1,<environment.Job instance at 0x7f91e3bf6640>,99,14,[ 3 10],100,-1,505,-1,491
1,<environment.Job instance at 0x7f91e3bf6e60>,104,19,[ 5 13],105,-1,518,-1,499
1,<environment.Job instance at 0x7f91e3bf63c0>,105,14,[ 2 10],106,-1,513,-1,499
1,<environment.Job instance at 0x7f91e3bf60a0>,106,25,[3 9],107,-1,524,-1,499
1,<environment.Job instance at 0x7f91e3bf6a00>,107,16,[ 3 10],108,-1,529,-1,513
1,<environment.Job instance at 0x7f91e3bf6050>,110,17,[ 3 10],111,-1,534,-1,517
1,<environment.Job instance at 0x7f91e3bf6cd0>,112,13,[ 3 10],113,-1,530,-1,517
1,<environment.Job instance at 0x7f91e3bf6140>,117,13,[11  4],118,-1,562,-1,549
1,<environment.Job instance at 0x7f91e3e269b0>,119,16,[ 2 13],120,-1,565,-1,549
1,<environment.Job instance at 0x7f91e3e26370>,120,1,[5 8],121,-1,550,-1,549
1,<environment.Job instance at 0x7f91e3e26050>,122,2,[9 3],123,-1,559,-1,557
1,<environment.Job instance at 0x7f91e3e26190>,125,23,[9 4],126,-1,595,-1,572
1,<environment.Job instance at 0x7f91e3e265f0>,126,21,[8 2],127,-1,3144,-1,3123
1,<environment.Job instance at 0x7f91e406cb90>,2,28,[3 8],3,-1,31,-1,3
1,<environment.Job instance at 0x7f91e3af3550>,3,18,[ 1 14],4,-1,22,-1,4
1,<environment.Job instance at 0x7f91e3e9bb90>,6,16,[12  2],7,-1,23,-1,7
1,<environment.Job instance at 0x7f91e3e9b3c0>,10,21,[11  1],11,-1,32,-1,11
1,<environment.Job instance at 0x7f91e3e81d70>,11,1,[ 5 10],12,-1,13,-1,12
1,<environment.Job instance at 0x7f91e3e814b0>,12,24,[8 3],13,-1,37,-1,13
1,<environment.Job instance at 0x7f91e3e81780>,13,14,[11  2],14,-1,28,-1,14
1,<environment.Job instance at 0x7f91e3e81b90>,14,23,[ 5 10],15,-1,38,-1,15
1,<environment.Job instance at 0x7f91e3af5cd0>,15,25,[ 2 14],16,-1,41,-1,16
1,<environment.Job instance at 0x7f91e3eb3f00>,16,12,[ 3 13],17,-1,29,-1,17
1,<environment.Job instance at 0x7f91e3eb3050>,26,13,[11  2],27,-1,84,-1,71
1,<environment.Job instance at 0x7f91e3eb3190>,27,13,[12  3],28,-1,84,-1,71
1,<environment.Job instance at 0x7f91e3c06e10>,31,24,[14  3],32,-1,111,-1,87
1,<environment.Job instance at 0x7f91e3eb1050>,32,25,[ 5 10],33,-1,112,-1,87
1,<environment.Job instance at 0x7f91e3eb1d20>,33,16,[ 3 12],34,-1,103,-1,87
1,<environment.Job instance at 0x7f91e3c09500>,40,18,[ 5 12],41,-1,161,-1,143
1,<environment.Job instance at 0x7f91e3c10aa0>,47,26,[5 5],48,-1,203,-1,177
1,<environment.Job instance at 0x7f91e3fdae60>,49,23,[7 1],50,-1,214,-1,191
1,<environment.Job instance at 0x7f91e3fda640>,50,14,[12  4],51,-1,205,-1,191
1,<environment.Job instance at 0x7f91e3c13f00>,52,25,[6 3],53,-1,234,-1,209
1,<environment.Job instance at 0x7f91e3c13e10>,53,23,[7 4],54,-1,232,-1,209
1,<environment.Job instance at 0x7f91e3c13fa0>,55,12,[13  4],56,-1,221,-1,209
1,<environment.Job instance at 0x7f91e3c030a0>,56,28,[5 4],57,-1,237,-1,209
1,<environment.Job instance at 0x7f91e3c033c0>,57,2,[3 8],58,-1,211,-1,209
1,<environment.Job instance at 0x7f91e3c03870>,58,27,[6 3],59,-1,236,-1,209
1,<environment.Job instance at 0x7f91e3c03410>,59,2,[14  3],60,-1,211,-1,209
1,<environment.Job instance at 0x7f91e3c03640>,60,25,[14  5],61,-1,234,-1,209
1,<environment.Job instance at 0x7f91e3c031e0>,61,2,[ 2 12],62,-1,211,-1,209
1,<environment.Job instance at 0x7f91e3c037d0>,62,28,[7 1],63,-1,237,-1,209
1,<environment.Job instance at 0x7f91e3c03960>,63,18,[ 3 14],64,-1,227,-1,209
1,<environment.Job instance at 0x7f91e3c03b40>,65,16,[ 1 14],66,-1,225,-1,209
1,<environment.Job instance at 0x7f91e3c03a00>,66,26,[3 8],67,-1,235,-1,209
1,<environment.Job instance at 0x7f91e3c03910>,67,26,[10  5],68,-1,235,-1,209
1,<environment.Job instance at 0x7f91e3c03f00>,69,16,[12  4],70,-1,242,-1,226
1,<environment.Job instance at 0x7f91e3c03050>,72,24,[5 8],73,-1,257,-1,233
1,<environment.Job instance at 0x7f91e4192d70>,78,21,[ 5 14],79,-1,295,-1,274
1,<environment.Job instance at 0x7f91e4192e10>,79,21,[ 4 11],80,-1,295,-1,274
1,<environment.Job instance at 0x7f91e4192f50>,81,23,[8 4],82,-1,321,-1,298
1,<environment.Job instance at 0x7f91e4194690>,89,25,[8 3],90,-1,369,-1,344
1,<environment.Job instance at 0x7f91e4194730>,90,15,[11  1],91,-1,359,-1,344
1,<environment.Job instance at 0x7f91e4194870>,92,1,[7 4],93,-1,361,-1,360
1,<environment.Job instance at 0x7f91e4194b90>,97,20,[ 5 13],98,-1,398,-1,378
1,<environment.Job instance at 0x7f91e4194dc0>,101,27,[6 4],102,-1,432,-1,405
1,<environment.Job instance at 0x7f91e4194e60>,102,25,[6 1],103,-1,430,-1,405
1,<environment.Job instance at 0x7f91e4194fa0>,104,28,[8 5],105,-1,433,-1,405
1,<environment.Job instance at 0x7f91e41941e0>,105,12,[13  5],106,-1,417,-1,405
1,<environment.Job instance at 0x7f91e419c1e0>,107,23,[10  2],108,-1,428,-1,405
1,<environment.Job instance at 0x7f91e419c3c0>,110,15,[ 1 12],111,-1,444,-1,429
1,<environment.Job instance at 0x7f91e419ca50>,120,27,[ 2 10],121,-1,548,-1,521
1,<environment.Job instance at 0x7f91e419cb90>,121,16,[ 1 12],122,-1,537,-1,521
1,<environment.Job instance at 0x7f91e419cc30>,122,15,[13  4],123,-1,536,-1,521
1,<environment.Job instance at 0x7f91e419ccd0>,123,2,[ 1 13],124,-1,523,-1,521
1,<environment.Job instance at 0x7f91e419ce10>,125,28,[ 2 14],126,-1,566,-1,538
1,<environment.Job instance at 0x7f91e3d8f190>,129,21,[ 1 11],130,-1,577,-1,556
1,<environment.Job instance at 0x7f91e3d8f550>,135,26,[2 9],136,-1,620,-1,594
1,<environment.Job instance at 0x7f91e3d8f690>,137,12,[ 2 13],138,-1,606,-1,594
1,<environment.Job instance at 0x7f91e3b49cd0>,4,26,[ 4 10],5,-1,31,-1,5
1,<environment.Job instance at 0x7f91e4688190>,9,26,[2 9],10,-1,36,-1,10
1,<environment.Job instance at 0x7f91e4688960>,11,15,[12  4],12,-1,37,-1,22
1,<environment.Job instance at 0x7f91e4688640>,12,27,[10  3],13,-1,49,-1,22
1,<environment.Job instance at 0x7f91e46882d0>,13,1,[ 1 11],14,-1,23,-1,22
1,<environment.Job instance at 0x7f91e4688d20>,14,18,[ 2 12],15,-1,40,-1,22
1,<environment.Job instance at 0x7f91e4688320>,15,22,[ 2 11],16,-1,44,-1,22
1,<environment.Job instance at 0x7f91e4688eb0>,16,23,[8 4],17,-1,45,-1,22
1,<environment.Job instance at 0x7f91e4688550>,17,1,[2 5],18,-1,23,-1,22
1,<environment.Job instance at 0x7f91e4688780>,18,28,[ 4 10],19,-1,50,-1,22
1,<environment.Job instance at 0x7f91e463c370>,21,24,[2 6],22,-1,54,-1,30
1,<environment.Job instance at 0x7f91e463ce10>,25,27,[ 2 10],26,-1,85,-1,58
1,<environment.Job instance at 0x7f91e463cfa0>,27,1,[11  5],28,-1,59,-1,58
1,<environment.Job instance at 0x7f91e463c780>,28,14,[ 5 14],29,-1,72,-1,58
1,<environment.Job instance at 0x7f91e463cbe0>,30,25,[9 2],31,-1,96,-1,71
1,<environment.Job instance at 0x7f91e463cf00>,32,2,[ 5 13],33,-1,77,-1,75
1,<environment.Job instance at 0x7f91e463c280>,35,13,[ 5 13],36,-1,103,-1,90
1,<environment.Job instance at 0x7f91e463c5a0>,36,19,[ 3 10],37,-1,133,-1,114
1,<environment.Job instance at 0x7f91e461d4b0>,42,28,[ 2 10],43,-1,157,-1,129
1,<environment.Job instance at 0x7f91e3c08910>,69,16,[ 5 14],70,-1,417,-1,401
1,<environment.Job instance at 0x7f91e3c08780>,70,25,[5 8],71,-1,426,-1,401
1,<environment.Job instance at 0x7f91e3c08140>,72,17,[ 2 14],73,-1,418,-1,401
1,<environment.Job instance at 0x7f91e3c089b0>,73,18,[11  3],74,-1,419,-1,401
1,<environment.Job instance at 0x7f91e3c30690>,78,24,[11  3],79,-1,459,-1,435
1,<environment.Job instance at 0x7f91e3c30af0>,79,15,[ 5 12],80,-1,450,-1,435
1,<environment.Job instance at 0x7f91e3c30190>,80,26,[ 1 12],81,-1,461,-1,435
1,<environment.Job instance at 0x7f91e3c300f0>,82,25,[1 8],83,-1,463,-1,438
1,<environment.Job instance at 0x7f91e3c30a50>,83,27,[ 3 12],84,-1,465,-1,438
1,<environment.Job instance at 0x7f91e3c30f50>,85,13,[12  4],86,-1,461,-1,448
1,<environment.Job instance at 0x7f91e3c30dc0>,86,21,[8 3],87,-1,790,-1,769
1,<environment.Job instance at 0x7f91e4036870>,115,24,[8 4],116,-1,793,-1,769
1,<environment.Job instance at 0x7f91e40365f0>,116,12,[8 1],117,-1,781,-1,769
1,<environment.Job instance at 0x7f91e40369b0>,117,14,[10  2],118,-1,783,-1,769
1,<environment.Job instance at 0x7f91e4036eb0>,121,26,[6 1],122,-1,832,-1,806
1,<environment.Job instance at 0x7f91e4036b40>,122,3,[ 5 14],123,-1,809,-1,806
1,<environment.Job instance at 0x7f91e40366e0>,123,18,[14  4],124,-1,824,-1,806
1,<environment.Job instance at 0x7f91ed3b4af0>,128,12,[ 1 10],129,-1,850,-1,838
1,<environment.Job instance at 0x7f91ed3b4dc0>,129,2,[13  2],130,-1,840,-1,838
1,<environment.Job instance at 0x7f91e4581b90>,132,26,[5 5],133,-1,879,-1,853
1,<environment.Job instance at 0x7f91e40b5550>,133,15,[12  2],134,-1,868,-1,853
1,<environment.Job instance at 0x7f91e4296550>,134,14,[ 1 10],135,-1,867,-1,853
1,<environment.Job instance at 0x7f91e3646dc0>,5,15,[ 3 13],6,-1,21,-1,6
1,<environment.Job instance at 0x7f91e3646870>,9,13,[11  4],10,-1,24,-1,11
1,<environment.Job instance at 0x7f91e3646c80>,10,17,[ 3 12],11,-1,28,-1,11
1,<environment.Job instance at 0x7f91e35bf370>,11,2,[7 4],12,-1,14,-1,12
1,<environment.Job instance at 0x7f91e35bfd20>,12,2,[4 6],13,-1,15,-1,13
1,<environment.Job instance at 0x7f91e35bf140>,13,2,[12  2],14,-1,16,-1,14
1,<environment.Job instance at 0x7f91e35bff00>,14,17,[13  5],15,-1,32,-1,15
1,<environment.Job instance at 0x7f91e35bfa50>,17,15,[ 5 12],18,-1,42,-1,27
1,<environment.Job instance at 0x7f91e35bf910>,18,19,[ 4 10],19,-1,48,-1,29
1,<environment.Job instance at 0x7f91e35bf8c0>,19,3,[3 6],20,-1,32,-1,29
1,<environment.Job instance at 0x7f91e35bf410>,22,25,[10  5],23,-1,76,-1,51
1,<environment.Job instance at 0x7f91e35bfaa0>,24,12,[8 4],25,-1,63,-1,51
1,<environment.Job instance at 0x7f91e35bff50>,26,28,[4 6],27,-1,87,-1,59
1,<environment.Job instance at 0x7f91e35bf9b0>,27,26,[2 6],28,-1,85,-1,59
1,<environment.Job instance at 0x7f91e3d73d20>,79,24,[14  3],80,-1,648,-1,624
1,<environment.Job instance at 0x7f91e3e5b280>,80,16,[ 1 14],81,-1,640,-1,624
1,<environment.Job instance at 0x7f91e467c690>,81,24,[10  2],82,-1,648,-1,624
1,<environment.Job instance at 0x7f91e467c320>,82,2,[3 6],83,-1,626,-1,624
1,<environment.Job instance at 0x7f91e467cc80>,83,3,[ 2 14],84,-1,627,-1,624
1,<environment.Job instance at 0x7f91e3ab0dc0>,85,19,[11  3],86,-1,647,-1,628
1,<environment.Job instance at 0x7f91e3ab0640>,86,18,[ 5 11],87,-1,646,-1,628
1,<environment.Job instance at 0x7f91e3ab0be0>,87,21,[12  1],88,-1,649,-1,628
1,<environment.Job instance at 0x7f91e3ab0fa0>,88,18,[12  4],89,-1,646,-1,628
1,<environment.Job instance at 0x7f91e3ab0910>,89,26,[1 9],90,-1,654,-1,628
1,<environment.Job instance at 0x7f91e3ab0960>,90,3,[10  4],91,-1,631,-1,628
1,<environment.Job instance at 0x7f91e3e35820>,92,26,[13  5],93,-1,667,-1,641
1,<environment.Job instance at 0x7f91e3ab0d70>,93,25,[13  3],94,-1,666,-1,641
1,<environment.Job instance at 0x7f91e36496e0>,94,22,[ 5 10],95,-1,663,-1,641
1,<environment.Job instance at 0x7f91e36499b0>,95,13,[ 3 12],96,-1,654,-1,641
1,<environment.Job instance at 0x7f91e4666c30>,97,26,[3 8],98,-1,667,-1,641
1,<environment.Job instance at 0x7f91ed70aa50>,98,16,[ 5 12],99,-1,657,-1,641
1,<environment.Job instance at 0x7f91ed37c0f0>,99,24,[13  4],100,-1,665,-1,641
1,<environment.Job instance at 0x7f91ed7789b0>,100,27,[8 2],101,-1,668,-1,641
1,<environment.Job instance at 0x7f91e449ea00>,102,27,[4 5],103,-1,683,-1,656
1,<environment.Job instance at 0x7f91e48b0870>,103,16,[12  2],104,-1,672,-1,656
1,<environment.Job instance at 0x7f91e4d7bc30>,108,26,[ 3 12],109,-1,702,-1,676
1,<environment.Job instance at 0x7f91e42f2fa0>,109,26,[9 2],110,-1,702,-1,676
1,<environment.Job instance at 0x7f91e42f2500>,110,12,[ 2 10],111,-1,688,-1,676
1,<environment.Job instance at 0x7f91e3bb0820>,111,16,[13  4],112,-1,692,-1,676
1,<environment.Job instance at 0x7f91e37db870>,112,28,[2 7],113,-1,704,-1,676
1,<environment.Job instance at 0x7f91e3df55f0>,115,17,[ 3 13],116,-1,709,-1,692
1,<environment.Job instance at 0x7f91e3df5230>,116,28,[3 7],117,-1,720,-1,692
1,<environment.Job instance at 0x7f91e3df5af0>,117,20,[11  2],118,-1,712,-1,692
1,<environment.Job instance at 0x7f91e3ec56e0>,120,14,[ 4 10],121,-1,722,-1,708
1,<environment.Job instance at 0x7f91e3ec5140>,121,1,[5 5],122,-1,709,-1,708
1,<environment.Job instance at 0x7f91e3ec5410>,122,14,[ 5 13],123,-1,722,-1,708
1,<environment.Job instance at 0x7f91e4a46d20>,2,25,[8 5],3,-1,28,-1,3
1,<environment.Job instance at 0x7f91e4a46640>,4,24,[13  5],5,-1,29,-1,5
1,<environment.Job instance at 0x7f91e4c17aa0>,12,13,[11  4],13,-1,37,-1,24
1,<environment.Job instance at 0x7f91e4c17d70>,17,15,[ 4 13],18,-1,65,-1,50
1,<environment.Job instance at 0x7f91e4c17e60>,19,13,[11  4],20,-1,67,-1,54
1,<environment.Job instance at 0x7f91e47bdc80>,28,22,[6 4],29,-1,145,-1,123
1,<environment.Job instance at 0x7f91e47bd5f0>,31,14,[11  2],32,-1,137,-1,123
1,<environment.Job instance at 0x7f91e47bd280>,32,23,[12  3],33,-1,146,-1,123
1,<environment.Job instance at 0x7f91e47bd190>,33,28,[4 7],34,-1,151,-1,123
1,<environment.Job instance at 0x7f91e47bd550>,36,16,[11  4],37,-1,147,-1,131
1,<environment.Job instance at 0x7f91e47bd370>,37,24,[1 7],38,-1,155,-1,131
1,<environment.Job instance at 0x7f91e47bdaa0>,39,17,[13  2],40,-1,148,-1,131
1,<environment.Job instance at 0x7f91e47bd4b0>,40,1,[3 9],41,-1,132,-1,131
1,<environment.Job instance at 0x7f91e47bd5a0>,41,23,[13  4],42,-1,154,-1,131
1,<environment.Job instance at 0x7f91e47bd9b0>,43,26,[1 9],44,-1,173,-1,147
1,<environment.Job instance at 0x7f91e47bd910>,44,25,[5 4],45,-1,172,-1,147
1,<environment.Job instance at 0x7f91e47bd500>,45,22,[ 2 10],46,-1,169,-1,147
1,<environment.Job instance at 0x7f91e47bd3c0>,46,14,[13  4],47,-1,161,-1,147
1,<environment.Job instance at 0x7f91e4338460>,48,12,[13  4],49,-1,161,-1,149
1,<environment.Job instance at 0x7f91e43385a0>,50,19,[12  3],51,-1,184,-1,165
1,<environment.Job instance at 0x7f91e43389b0>,51,17,[ 5 11],52,-1,182,-1,165
1,<environment.Job instance at 0x7f91e43386e0>,52,2,[ 1 10],53,-1,167,-1,165
1,<environment.Job instance at 0x7f91e43388c0>,55,18,[14  2],56,-1,200,-1,182
1,<environment.Job instance at 0x7f91e4338d70>,56,15,[14  3],57,-1,197,-1,182
1,<environment.Job instance at 0x7f91e4338910>,58,17,[12  2],59,-1,199,-1,182
1,<environment.Job instance at 0x7f91e4338af0>,59,20,[ 5 12],60,-1,202,-1,182
1,<environment.Job instance at 0x7f91e4338230>,60,28,[ 5 11],61,-1,210,-1,182
1,<environment.Job instance at 0x7f91e4338f00>,62,23,[5 9],63,-1,221,-1,198
1,<environment.Job instance at 0x7f91e4338050>,63,17,[10  2],64,-1,228,-1,211
1,<environment.Job instance at 0x7f91e43382d0>,66,13,[12  1],67,-1,228,-1,215
1,<environment.Job instance at 0x7f91e43387d0>,67,28,[ 5 11],68,-1,243,-1,215
1,<environment.Job instance at 0x7f91e4338a00>,68,2,[5 3],69,-1,217,-1,215
1,<environment.Job instance at 0x7f91e4c414b0>,70,16,[6 1],71,-1,232,-1,216
1,<environment.Job instance at 0x7f91e4c41eb0>,81,21,[10  5],82,-1,358,-1,337
1,<environment.Job instance at 0x7f91e4c410f0>,84,16,[ 5 10],85,-1,354,-1,338
1,<environment.Job instance at 0x7f91e4c41370>,85,14,[13  2],86,-1,352,-1,338
1,<environment.Job instance at 0x7f91e41d3af0>,86,28,[ 1 14],87,-1,366,-1,338
1,<environment.Job instance at 0x7f91e41d3460>,87,18,[ 2 14],88,-1,356,-1,338
1,<environment.Job instance at 0x7f91e41d3230>,88,25,[ 4 10],89,-1,363,-1,338
1,<environment.Job instance at 0x7f91e41d3fa0>,89,24,[11  5],90,-1,362,-1,338
1,<environment.Job instance at 0x7f91e41d39b0>,92,27,[2 9],93,-1,369,-1,342
1,<environment.Job instance at 0x7f91e41d3e10>,94,18,[ 5 10],95,-1,369,-1,351
1,<environment.Job instance at 0x7f91e41d3190>,96,13,[ 2 14],97,-1,374,-1,361
1,<environment.Job instance at 0x7f91e41d3c80>,97,23,[10  1],98,-1,384,-1,361
1,<environment.Job instance at 0x7f91e41d34b0>,98,22,[8 1],99,-1,383,-1,361
1,<environment.Job instance at 0x7f91e41d3c30>,99,14,[14  4],100,-1,375,-1,361
1,<environment.Job instance at 0x7f91e41d3780>,100,13,[ 5 14],101,-1,374,-1,361
1,<environment.Job instance at 0x7f91e41d3cd0>,101,27,[3 9],102,-1,388,-1,361
1,<environment.Job instance at 0x7f91e41d36e0>,102,28,[3 8],103,-1,389,-1,361
1,<environment.Job instance at 0x7f91e42efd70>,103,23,[ 5 10],104,-1,384,-1,361
1,<environment.Job instance at 0x7f91e42ef8c0>,104,17,[ 1 11],105,-1,378,-1,361
1,<environment.Job instance at 0x7f91e42ef050>,105,12,[2 9],106,-1,375,-1,363
1,<environment.Job instance at 0x7f91e42ef960>,106,1,[ 4 13],107,-1,364,-1,363
1,<environment.Job instance at 0x7f91e42ef780>,107,14,[ 5 13],108,-1,377,-1,363
1,<environment.Job instance at 0x7f91e42effa0>,108,13,[10  3],109,-1,379,-1,366
1,<environment.Job instance at 0x7f91e42efbe0>,109,1,[ 1 14],110,-1,367,-1,366
1,<environment.Job instance at 0x7f91e42ef0f0>,110,16,[11  4],111,-1,382,-1,366
1,<environment.Job instance at 0x7f91e42ef2d0>,111,14,[1 7],112,-1,381,-1,367
1,<environment.Job instance at 0x7f91e42ef7d0>,112,3,[8 2],113,-1,370,-1,367
1,<environment.Job instance at 0x7f91e42ef280>,113,18,[1 9],114,-1,392,-1,374
1,<environment.Job instance at 0x7f91e3c466e0>,114,16,[13  2],115,-1,390,-1,374
1,<environment.Job instance at 0x7f91e3c46e60>,115,14,[ 2 13],116,-1,388,-1,374
1,<environment.Job instance at 0x7f91e3c460a0>,116,18,[13  1],117,-1,392,-1,374
1,<environment.Job instance at 0x7f91e3c461e0>,117,21,[ 2 12],118,-1,395,-1,374
1,<environment.Job instance at 0x7f91e3c46690>,119,26,[13  3],120,-1,404,-1,378
1,<environment.Job instance at 0x7f91e3c46410>,120,24,[12  5],121,-1,402,-1,378
1,<environment.Job instance at 0x7f91e3c46a00>,122,27,[7 3],123,-1,405,-1,378
1,<environment.Job instance at 0x7f91e3c46aa0>,123,15,[ 4 10],124,-1,394,-1,379
1,<environment.Job instance at 0x7f91e4a463c0>,8,27,[ 3 10],9,-1,406,-1,379
1,<environment.Job instance at 0x7f91e3c462d0>,126,21,[11  1],127,-1,401,-1,380
1,<environment.Job instance at 0x7f91e38a8730>,131,3,[6 4],132,-1,418,-1,415
1,<environment.Job instance at 0x7f91e3e5e320>,132,13,[ 1 12],133,-1,428,-1,415
1,<environment.Job instance at 0x7f91e44b01e0>,5,25,[3 6],6,-1,32,-1,7
1,<environment.Job instance at 0x7f91e44c65a0>,7,16,[ 5 12],8,-1,24,-1,8
1,<environment.Job instance at 0x7f91e44c6b40>,8,22,[8 3],9,-1,67,-1,45
1,<environment.Job instance at 0x7f91e44c6370>,16,23,[2 5],17,-1,68,-1,45
1,<environment.Job instance at 0x7f91e44c6cd0>,17,12,[7 2],18,-1,69,-1,57
1,<environment.Job instance at 0x7f91e44c6be0>,19,14,[11  5],20,-1,79,-1,65
1,<environment.Job instance at 0x7f91e480faf0>,20,18,[ 4 12],21,-1,83,-1,65
1,<environment.Job instance at 0x7f91e480f410>,21,24,[ 3 11],22,-1,89,-1,65
1,<environment.Job instance at 0x7f91e480f550>,22,15,[ 3 10],23,-1,80,-1,65
1,<environment.Job instance at 0x7f91e480faa0>,32,23,[1 6],33,-1,152,-1,129
1,<environment.Job instance at 0x7f91e480f8c0>,33,24,[ 5 12],34,-1,153,-1,129
1,<environment.Job instance at 0x7f91e480f2d0>,34,2,[1 7],35,-1,131,-1,129
1,<environment.Job instance at 0x7f91e480f050>,35,3,[ 3 12],36,-1,132,-1,129
1,<environment.Job instance at 0x7f91e480fc30>,37,14,[14  5],38,-1,150,-1,136
1,<environment.Job instance at 0x7f91e480fc80>,38,14,[ 3 12],39,-1,150,-1,136
1,<environment.Job instance at 0x7f91e480f500>,39,16,[8 2],40,-1,155,-1,139
1,<environment.Job instance at 0x7f91e480fbe0>,40,19,[ 4 11],41,-1,158,-1,139
1,<environment.Job instance at 0x7f91ed4fc410>,42,17,[11  4],43,-1,169,-1,152
1,<environment.Job instance at 0x7f91e4440e10>,43,12,[10  3],44,-1,164,-1,152
1,<environment.Job instance at 0x7f91e44400a0>,45,20,[ 4 10],46,-1,172,-1,152
1,<environment.Job instance at 0x7f91e4440aa0>,48,14,[ 4 10],49,-1,181,-1,167
1,<environment.Job instance at 0x7f91e4440820>,49,13,[ 1 11],50,-1,180,-1,167
1,<environment.Job instance at 0x7f91e4440a50>,50,14,[11  4],51,-1,181,-1,167
1,<environment.Job instance at 0x7f91e4440c80>,51,24,[ 4 11],52,-1,191,-1,167
1,<environment.Job instance at 0x7f91e44402d0>,52,24,[4 8],53,-1,191,-1,167
1,<environment.Job instance at 0x7f91e4440a00>,53,21,[9 5],54,-1,227,-1,206
1,<environment.Job instance at 0x7f91e3c385f0>,76,12,[3 6],77,-1,361,-1,349
1,<environment.Job instance at 0x7f91e3c38e10>,77,18,[12  5],78,-1,367,-1,349
1,<environment.Job instance at 0x7f91e3c38550>,78,20,[13  1],79,-1,369,-1,349
1,<environment.Job instance at 0x7f91e3fc04b0>,79,17,[ 5 13],80,-1,366,-1,349
1,<environment.Job instance at 0x7f91e3fc01e0>,80,12,[5 8],81,-1,361,-1,349
1,<environment.Job instance at 0x7f91e3fc0af0>,81,23,[4 8],82,-1,372,-1,349
1,<environment.Job instance at 0x7f91e3c24370>,84,26,[2 8],85,-1,384,-1,358
1,<environment.Job instance at 0x7f91e3c24960>,86,13,[12  5],87,-1,386,-1,373
1,<environment.Job instance at 0x7f91e46420a0>,88,14,[ 2 11],89,-1,387,-1,373
1,<environment.Job instance at 0x7f91e4642190>,90,14,[3 8],91,-1,389,-1,375
1,<environment.Job instance at 0x7f91e4642960>,92,26,[6 5],93,-1,417,-1,391
1,<environment.Job instance at 0x7f91e4642140>,93,14,[10  1],94,-1,405,-1,391
1,<environment.Job instance at 0x7f91e4642eb0>,94,22,[13  2],95,-1,413,-1,391
1,<environment.Job instance at 0x7f91e4642280>,95,3,[4 9],96,-1,394,-1,391
1,<environment.Job instance at 0x7f91e46420f0>,98,24,[4 5],99,-1,427,-1,403
1,<environment.Job instance at 0x7f91e4642f00>,99,28,[ 3 11],100,-1,431,-1,403
1,<environment.Job instance at 0x7f91e4642e10>,100,12,[9 1],101,-1,415,-1,403
1,<environment.Job instance at 0x7f91e46428c0>,102,19,[ 2 12],103,-1,423,-1,404
1,<environment.Job instance at 0x7f91e4642be0>,103,13,[7 2],104,-1,417,-1,404
1,<environment.Job instance at 0x7f91ed943230>,104,13,[5 6],105,-1,418,-1,405
1,<environment.Job instance at 0x7f91ed943820>,105,22,[3 6],106,-1,427,-1,405
1,<environment.Job instance at 0x7f91ed943190>,106,13,[9 3],107,-1,418,-1,405
1,<environment.Job instance at 0x7f91ed943f00>,107,17,[ 4 12],108,-1,422,-1,405
1,<environment.Job instance at 0x7f91ed943be0>,109,20,[11  5],110,-1,438,-1,418
1,<environment.Job instance at 0x7f91ed943a50>,110,16,[12  3],111,-1,434,-1,418
1,<environment.Job instance at 0x7f91ed9430a0>,111,3,[5 7],112,-1,421,-1,418
1,<environment.Job instance at 0x7f91e3eb7370>,123,23,[4 5],124,-1,544,-1,521
1,<environment.Job instance at 0x7f91e3eb7af0>,126,22,[ 2 12],127,-1,569,-1,547
1,<environment.Job instance at 0x7f91e3eb71e0>,127,17,[12  5],128,-1,564,-1,547
1,<environment.Job instance at 0x7f91e491b960>,128,28,[11  4],129,-1,575,-1,547
1,<environment.Job instance at 0x7f91e3cdc410>,129,1,[4 9],130,-1,548,-1,547
1,<environment.Job instance at 0x7f91e3fed0a0>,130,12,[ 4 14],131,-1,559,-1,547
1,<environment.Job instance at 0x7f91e3fedaa0>,133,15,[ 4 10],134,-1,575,-1,560
1,<environment.Job instance at 0x7f91e4983410>,135,28,[1 7],136,-1,594,-1,566
1,<environment.Job instance at 0x7f91e4983910>,136,18,[ 2 10],137,-1,584,-1,566
1,<environment.Job instance at 0x7f91e4983e10>,137,18,[13  2],138,-1,584,-1,566
1,<environment.Job instance at 0x7f91e4983640>,138,3,[6 5],139,-1,569,-1,566
1,<environment.Job instance at 0x7f91e4440c30>,2,27,[8 5],3,-1,30,-1,3
1,<environment.Job instance at 0x7f91e35c0be0>,4,25,[ 1 12],5,-1,30,-1,5
1,<environment.Job instance at 0x7f91e35c07d0>,7,20,[14  5],8,-1,28,-1,8
1,<environment.Job instance at 0x7f91e35c0af0>,8,25,[ 3 12],9,-1,34,-1,9
1,<environment.Job instance at 0x7f91e35c0c30>,9,14,[13  1],10,-1,24,-1,10
1,<environment.Job instance at 0x7f91e4440f00>,11,13,[ 2 12],12,-1,25,-1,12
1,<environment.Job instance at 0x7f91e35dc0f0>,17,3,[ 2 13],18,-1,36,-1,33
1,<environment.Job instance at 0x7f91e35dcfa0>,22,15,[ 2 11],23,-1,80,-1,65
1,<environment.Job instance at 0x7f91e35dc050>,23,20,[11  4],24,-1,100,-1,80
1,<environment.Job instance at 0x7f91e35dc8c0>,28,15,[ 3 11],29,-1,106,-1,91
1,<environment.Job instance at 0x7f91e35dceb0>,29,20,[ 4 12],30,-1,111,-1,91
1,<environment.Job instance at 0x7f91e35dc6e0>,30,28,[5 8],31,-1,119,-1,91
1,<environment.Job instance at 0x7f91e35dc410>,31,17,[ 3 14],32,-1,108,-1,91
1,<environment.Job instance at 0x7f91e35dcd20>,32,27,[ 3 10],33,-1,118,-1,91
1,<environment.Job instance at 0x7f91e37fc190>,35,22,[ 1 10],36,-1,123,-1,101
1,<environment.Job instance at 0x7f91e37fc3c0>,37,27,[6 4],38,-1,144,-1,117
1,<environment.Job instance at 0x7f91e37fc7d0>,43,2,[ 5 11],44,-1,163,-1,161
1,<environment.Job instance at 0x7f91e37fc690>,44,1,[8 2],45,-1,163,-1,162
1,<environment.Job instance at 0x7f91e3e30dc0>,50,24,[14  3],51,-1,236,-1,212
1,<environment.Job instance at 0x7f91e3e30eb0>,53,2,[13  4],54,-1,229,-1,227
1,<environment.Job instance at 0x7f91e3e303c0>,54,22,[12  2],55,-1,249,-1,227
1,<environment.Job instance at 0x7f91e3e305f0>,56,17,[14  5],57,-1,247,-1,230
1,<environment.Job instance at 0x7f91e3e30f00>,57,28,[ 3 11],58,-1,258,-1,230
1,<environment.Job instance at 0x7f91e3e301e0>,58,12,[ 2 14],59,-1,242,-1,230
1,<environment.Job instance at 0x7f91e3e30230>,59,18,[14  4],60,-1,248,-1,230
1,<environment.Job instance at 0x7f91e3e30d70>,60,14,[12  5],61,-1,244,-1,230
1,<environment.Job instance at 0x7f91e3e302d0>,61,28,[9 4],62,-1,258,-1,230
1,<environment.Job instance at 0x7f91e3e300a0>,62,28,[13  4],63,-1,258,-1,230
1,<environment.Job instance at 0x7f91e3e30fa0>,63,16,[ 3 13],64,-1,246,-1,230
1,<environment.Job instance at 0x7f91e3e308c0>,65,16,[ 2 13],66,-1,246,-1,230
1,<environment.Job instance at 0x7f91e363cbe0>,68,3,[5 2],69,-1,267,-1,264
1,<environment.Job instance at 0x7f91e363c050>,75,23,[ 4 10],76,-1,324,-1,301
1,<environment.Job instance at 0x7f91e3624c80>,81,14,[14  1],82,-1,369,-1,355
1,<environment.Job instance at 0x7f91e3624a50>,82,24,[8 5],83,-1,379,-1,355
1,<environment.Job instance at 0x7f91e3ccc0a0>,83,3,[14  5],84,-1,360,-1,357
1,<environment.Job instance at 0x7f91e3cd5a00>,87,17,[ 5 13],88,-1,388,-1,371
1,<environment.Job instance at 0x7f91e49b1c80>,88,26,[ 3 14],89,-1,397,-1,371
1,<environment.Job instance at 0x7f91e497a500>,93,3,[8 5],94,-1,426,-1,423
1,<environment.Job instance at 0x7f91e45ecd20>,101,15,[ 2 12],102,-1,483,-1,468
1,<environment.Job instance at 0x7f91e3b170a0>,102,2,[10  2],103,-1,470,-1,468
1,<environment.Job instance at 0x7f91e40920f0>,106,2,[6 5],107,-1,492,-1,490
1,<environment.Job instance at 0x7f91e3ff0cd0>,109,24,[ 4 12],110,-1,532,-1,508
1,<environment.Job instance at 0x7f91e3ff09b0>,110,12,[14  4],111,-1,520,-1,508
1,<environment.Job instance at 0x7f91e48b5dc0>,111,28,[5 5],112,-1,536,-1,508
1,<environment.Job instance at 0x7f91e4cb6e60>,120,28,[9 3],121,-1,596,-1,568
1,<environment.Job instance at 0x7f91ed5ade10>,122,28,[5 3],123,-1,603,-1,575
1,<environment.Job instance at 0x7f91e49db230>,125,1,[ 3 13],126,-1,603,-1,602
1,<environment.Job instance at 0x7f91e356cf00>,126,22,[ 2 11],127,-1,624,-1,602
1,<environment.Job instance at 0x7f91e45ce870>,127,24,[ 2 13],128,-1,626,-1,602
1,<environment.Job instance at 0x7f91e4d142d0>,135,20,[14  4],136,-1,678,-1,658
1,<environment.Job instance at 0x7f91e4d14910>,136,22,[ 1 14],137,-1,680,-1,658
1,<environment.Job instance at 0x7f91e4d143c0>,137,2,[14  4],138,-1,660,-1,658
1,<environment.Job instance at 0x7f91e4962050>,3,12,[14  2],4,-1,16,-1,4
1,<environment.Job instance at 0x7f91e4962eb0>,6,24,[2 9],7,-1,33,-1,9
1,<environment.Job instance at 0x7f91e4962cd0>,7,12,[ 2 12],8,-1,21,-1,9
1,<environment.Job instance at 0x7f91e49dea00>,10,12,[1 9],11,-1,23,-1,11
1,<environment.Job instance at 0x7f91e49de2d0>,11,16,[14  4],12,-1,28,-1,12
1,<environment.Job instance at 0x7f91e49de0f0>,9,20,[ 3 11],10,-1,32,-1,12
1,<environment.Job instance at 0x7f91e49deaf0>,16,27,[7 4],17,-1,48,-1,21
1,<environment.Job instance at 0x7f91e49deaa0>,19,2,[2 6],20,-1,40,-1,38
1,<environment.Job instance at 0x7f91e49de820>,21,24,[6 3],22,-1,64,-1,40
1,<environment.Job instance at 0x7f91e49de910>,22,28,[2 8],23,-1,68,-1,40
1,<environment.Job instance at 0x7f91e49de8c0>,23,13,[12  3],24,-1,53,-1,40
1,<environment.Job instance at 0x7f91e49dee10>,25,20,[8 1],26,-1,60,-1,40
1,<environment.Job instance at 0x7f91e49def50>,26,23,[ 3 11],27,-1,63,-1,40
1,<environment.Job instance at 0x7f91e49d3910>,27,14,[ 4 13],28,-1,54,-1,40
1,<environment.Job instance at 0x7f91e49d3780>,28,26,[9 3],29,-1,66,-1,40
1,<environment.Job instance at 0x7f91e49d3820>,31,20,[ 4 14],32,-1,76,-1,56
1,<environment.Job instance at 0x7f91e49d3640>,33,14,[12  5],34,-1,85,-1,71
1,<environment.Job instance at 0x7f91e49d3af0>,34,25,[ 5 12],35,-1,96,-1,71
1,<environment.Job instance at 0x7f91e49d3960>,36,15,[ 3 14],37,-1,86,-1,71
1,<environment.Job instance at 0x7f91e49d3eb0>,39,1,[10  1],40,-1,86,-1,85
1,<environment.Job instance at 0x7f91e49d34b0>,40,24,[7 1],41,-1,109,-1,85
1,<environment.Job instance at 0x7f91e49d3370>,41,20,[ 2 10],42,-1,105,-1,85
1,<environment.Job instance at 0x7f91e49d3690>,42,18,[ 5 13],43,-1,103,-1,85
1,<environment.Job instance at 0x7f91e49d38c0>,45,28,[1 5],46,-1,126,-1,98
1,<environment.Job instance at 0x7f91e49d3280>,47,25,[8 1],48,-1,124,-1,99
1,<environment.Job instance at 0x7f91e40fe0a0>,48,18,[ 1 10],49,-1,128,-1,110
1,<environment.Job instance at 0x7f91e40fef50>,49,12,[12  3],50,-1,122,-1,110
1,<environment.Job instance at 0x7f91e49a3dc0>,62,12,[ 3 10],63,-1,249,-1,237
1,<environment.Job instance at 0x7f91e49a3910>,63,16,[ 2 11],64,-1,253,-1,237
1,<environment.Job instance at 0x7f91e49a3c30>,64,1,[8 4],65,-1,238,-1,237
1,<environment.Job instance at 0x7f91e49a3d70>,65,25,[2 5],66,-1,262,-1,237
1,<environment.Job instance at 0x7f91e49a3aa0>,68,15,[3 9],69,-1,261,-1,246
1,<environment.Job instance at 0x7f91e49a3a00>,69,12,[5 5],70,-1,258,-1,246
1,<environment.Job instance at 0x7f91e49a3780>,72,23,[ 3 14],73,-1,294,-1,271
1,<environment.Job instance at 0x7f91e49a3870>,73,21,[ 5 13],74,-1,292,-1,271
1,<environment.Job instance at 0x7f91e49a3cd0>,74,16,[ 3 14],75,-1,287,-1,271
1,<environment.Job instance at 0x7f91e49a3a50>,76,14,[11  3],77,-1,292,-1,278
1,<environment.Job instance at 0x7f91e49b1c30>,78,13,[14  1],79,-1,309,-1,296
1,<environment.Job instance at 0x7f91e49b1b40>,79,18,[1 5],80,-1,314,-1,296
1,<environment.Job instance at 0x7f91e49b1f50>,80,22,[1 6],81,-1,318,-1,296
1,<environment.Job instance at 0x7f91e49b1500>,81,16,[ 2 10],82,-1,312,-1,296
1,<environment.Job instance at 0x7f91e49b1aa0>,84,15,[1 5],85,-1,326,-1,311
1,<environment.Job instance at 0x7f91e49b1820>,85,24,[5 2],86,-1,335,-1,311
1,<environment.Job instance at 0x7f91e49b1460>,86,14,[11  2],87,-1,325,-1,311
1,<environment.Job instance at 0x7f91e49b1a00>,87,22,[ 4 10],88,-1,333,-1,311
1,<environment.Job instance at 0x7f91e49b19b0>,88,15,[ 2 13],89,-1,326,-1,311
1,<environment.Job instance at 0x7f91e4640820>,90,13,[ 3 12],91,-1,325,-1,312
1,<environment.Job instance at 0x7f91e4640fa0>,91,14,[ 2 11],92,-1,326,-1,312
1,<environment.Job instance at 0x7f91e4640a00>,92,16,[ 5 14],93,-1,328,-1,312
1,<environment.Job instance at 0x7f91e4640eb0>,94,26,[10  4],95,-1,344,-1,318
1,<environment.Job instance at 0x7f91e4640c80>,96,24,[4 7],97,-1,352,-1,328
1,<environment.Job instance at 0x7f91e4640320>,97,12,[6 2],98,-1,340,-1,328
1,<environment.Job instance at 0x7f91e46407d0>,98,15,[1 8],99,-1,343,-1,328
1,<environment.Job instance at 0x7f91e46402d0>,99,13,[3 8],100,-1,341,-1,328
1,<environment.Job instance at 0x7f91e4640870>,100,15,[9 1],101,-1,374,-1,359
1,<environment.Job instance at 0x7f91e4640780>,105,2,[5 9],106,-1,361,-1,359
1,<environment.Job instance at 0x7f91e46400f0>,106,21,[2 8],107,-1,395,-1,374
1,<environment.Job instance at 0x7f91e4640be0>,108,28,[7 2],109,-1,402,-1,374
1,<environment.Job instance at 0x7f91e4640370>,109,3,[4 5],110,-1,377,-1,374
1,<environment.Job instance at 0x7f91e4640e60>,110,27,[ 3 12],111,-1,401,-1,374
1,<environment.Job instance at 0x7f91e40fc8c0>,113,26,[11  1],114,-1,407,-1,381
1,<environment.Job instance at 0x7f91e40fc1e0>,114,28,[9 2],115,-1,409,-1,381
1,<environment.Job instance at 0x7f91e40fc730>,115,21,[12  5],116,-1,402,-1,381
1,<environment.Job instance at 0x7f91e40fc7d0>,117,18,[ 2 14],118,-1,416,-1,398
1,<environment.Job instance at 0x7f91e40fc140>,119,14,[1 9],120,-1,432,-1,418
1,<environment.Job instance at 0x7f91e40fc370>,120,12,[5 1],121,-1,430,-1,418
1,<environment.Job instance at 0x7f91e49d1050>,126,26,[14  4],127,-1,497,-1,471
1,<environment.Job instance at 0x7f91e49d1550>,128,23,[ 1 11],129,-1,494,-1,471
1,<environment.Job instance at 0x7f91e49d1410>,132,2,[4 7],133,-1,501,-1,499
1,<environment.Job instance at 0x7f91e3a46230>,11,14,[ 1 13],12,-1,53,-1,39
1,<environment.Job instance at 0x7f91e3a461e0>,12,1,[3 9],13,-1,40,-1,39
1,<environment.Job instance at 0x7f91e3a466e0>,13,13,[13  5],14,-1,52,-1,39
1,<environment.Job instance at 0x7f91e3a46a50>,14,14,[12  1],15,-1,53,-1,39
1,<environment.Job instance at 0x7f91e3a46f50>,16,24,[ 2 12],17,-1,73,-1,49
1,<environment.Job instance at 0x7f91e3a464b0>,18,17,[ 5 14],19,-1,72,-1,55
1,<environment.Job instance at 0x7f91e3a46320>,19,3,[8 2],20,-1,58,-1,55
1,<environment.Job instance at 0x7f91e3a46410>,21,28,[ 3 13],22,-1,93,-1,65
1,<environment.Job instance at 0x7f91e3a46f00>,23,2,[14  1],24,-1,70,-1,68
1,<environment.Job instance at 0x7f91e3a46780>,25,12,[ 4 12],26,-1,85,-1,73
1,<environment.Job instance at 0x7f91e3a46730>,26,12,[12  5],27,-1,85,-1,73
1,<environment.Job instance at 0x7f91e3a46640>,27,13,[ 2 10],28,-1,87,-1,74
1,<environment.Job instance at 0x7f91e3a46870>,28,14,[12  2],29,-1,88,-1,74
1,<environment.Job instance at 0x7f91ed5ad1e0>,29,3,[6 4],30,-1,77,-1,74
1,<environment.Job instance at 0x7f91ed5adf50>,30,15,[ 1 12],31,-1,89,-1,74
1,<environment.Job instance at 0x7f91ed5addc0>,32,20,[9 1],33,-1,139,-1,119
1,<environment.Job instance at 0x7f91ed5adaa0>,36,3,[5 5],37,-1,122,-1,119
1,<environment.Job instance at 0x7f91ed5ad730>,37,20,[ 2 12],38,-1,139,-1,119
1,<environment.Job instance at 0x7f91ed5ade60>,38,25,[9 4],39,-1,144,-1,119
1,<environment.Job instance at 0x7f91ed5adc80>,39,24,[5 1],40,-1,143,-1,119
1,<environment.Job instance at 0x7f91ed874050>,41,27,[1 7],42,-1,146,-1,119
1,<environment.Job instance at 0x7f91ed874460>,43,22,[3 7],44,-1,145,-1,123
1,<environment.Job instance at 0x7f91ed8740a0>,44,24,[ 1 10],45,-1,147,-1,123
1,<environment.Job instance at 0x7f91ed874e60>,45,26,[10  5],46,-1,149,-1,123
1,<environment.Job instance at 0x7f91ed874d20>,47,1,[14  3],48,-1,129,-1,128
1,<environment.Job instance at 0x7f91ed874a50>,48,18,[8 1],49,-1,151,-1,133
1,<environment.Job instance at 0x7f91ed874f00>,50,1,[2 7],51,-1,137,-1,136
1,<environment.Job instance at 0x7f91ed874d70>,54,16,[13  4],55,-1,170,-1,154
1,<environment.Job instance at 0x7f91ed8742d0>,55,19,[11  2],56,-1,173,-1,154
1,<environment.Job instance at 0x7f91ed874be0>,56,17,[ 4 14],57,-1,171,-1,154
1,<environment.Job instance at 0x7f91e357ce10>,58,15,[13  5],59,-1,179,-1,164
1,<environment.Job instance at 0x7f91e357c910>,60,17,[ 4 10],61,-1,189,-1,172
1,<environment.Job instance at 0x7f91e357cdc0>,61,12,[10  1],62,-1,184,-1,172
1,<environment.Job instance at 0x7f91e357c3c0>,62,3,[4 6],63,-1,175,-1,172
1,<environment.Job instance at 0x7f91e357c550>,64,27,[ 5 14],65,-1,202,-1,175
1,<environment.Job instance at 0x7f91e357c8c0>,65,22,[12  4],66,-1,197,-1,175
1,<environment.Job instance at 0x7f91e357cb40>,66,17,[13  2],67,-1,192,-1,175
1,<environment.Job instance at 0x7f91e4454460>,68,1,[7 1],69,-1,178,-1,177
1,<environment.Job instance at 0x7f91e4454b90>,70,21,[1 6],71,-1,216,-1,195
1,<environment.Job instance at 0x7f91e44541e0>,72,3,[6 1],73,-1,212,-1,209
1,<environment.Job instance at 0x7f91e4454b40>,73,12,[ 4 14],74,-1,221,-1,209
1,<environment.Job instance at 0x7f91e44547d0>,74,25,[7 1],75,-1,234,-1,209
1,<environment.Job instance at 0x7f91e4454c80>,77,3,[ 1 12],78,-1,224,-1,221
1,<environment.Job instance at 0x7f91e4454640>,78,28,[5 4],79,-1,249,-1,221
1,<environment.Job instance at 0x7f91e4454f00>,84,24,[5 2],85,-1,277,-1,253
1,<environment.Job instance at 0x7f91e4454c30>,85,22,[1 5],86,-1,275,-1,253
1,<environment.Job instance at 0x7f91e4454870>,86,16,[ 4 12],87,-1,269,-1,253
1,<environment.Job instance at 0x7f91e4556dc0>,89,3,[8 4],90,-1,275,-1,272
1,<environment.Job instance at 0x7f91e38c90a0>,91,3,[7 1],92,-1,275,-1,272
1,<environment.Job instance at 0x7f91e3c0daf0>,92,21,[14  2],93,-1,293,-1,272
1,<environment.Job instance at 0x7f91e3c0d9b0>,93,23,[6 3],94,-1,295,-1,272
1,<environment.Job instance at 0x7f91e3c0deb0>,97,25,[5 8],98,-1,323,-1,298
1,<environment.Job instance at 0x7f91e3c0db90>,98,26,[5 8],99,-1,324,-1,298
1,<environment.Job instance at 0x7f91e3c0d640>,99,14,[11  4],100,-1,312,-1,298
1,<environment.Job instance at 0x7f91e3c0d5a0>,100,16,[14  4],101,-1,314,-1,298
1,<environment.Job instance at 0x7f91e3c0d730>,102,12,[13  4],103,-1,324,-1,312
1,<environment.Job instance at 0x7f91e3c0d190>,104,23,[5 5],105,-1,335,-1,312
1,<environment.Job instance at 0x7f91e3c0d1e0>,105,1,[7 4],106,-1,313,-1,312
1,<environment.Job instance at 0x7f91e4087730>,110,16,[11  2],111,-1,348,-1,332
1,<environment.Job instance at 0x7f91e40873c0>,111,16,[ 4 12],112,-1,348,-1,332
1,<environment.Job instance at 0x7f91e4087d20>,113,12,[14  3],114,-1,355,-1,343
1,<environment.Job instance at 0x7f91e4087c80>,116,2,[ 2 14],117,-1,361,-1,359
1,<environment.Job instance at 0x7f91e4087280>,117,12,[10  1],118,-1,371,-1,359
1,<environment.Job instance at 0x7f91e4087dc0>,118,25,[ 1 11],119,-1,384,-1,359
1,<environment.Job instance at 0x7f91e4087d70>,119,28,[6 3],120,-1,387,-1,359
1,<environment.Job instance at 0x7f91e4087a00>,122,3,[ 5 13],123,-1,392,-1,389
1,<environment.Job instance at 0x7f91e465e780>,123,27,[6 2],124,-1,416,-1,389
1,<environment.Job instance at 0x7f91e465edc0>,124,3,[5 2],125,-1,392,-1,389
1,<environment.Job instance at 0x7f91e465e960>,126,18,[ 5 13],127,-1,407,-1,389
1,<environment.Job instance at 0x7f91e4963140>,128,23,[3 8],129,-1,425,-1,402
1,<environment.Job instance at 0x7f91e3fda820>,129,16,[ 2 13],130,-1,418,-1,402
1,<environment.Job instance at 0x7f91e3fda230>,130,24,[7 1],131,-1,426,-1,402
1,<environment.Job instance at 0x7f91e3fda500>,135,27,[ 4 13],136,-1,447,-1,420
1,<environment.Job instance at 0x7f91e3cec5f0>,137,18,[ 2 13],138,-1,449,-1,431
1,<environment.Job instance at 0x7f91e4156d70>,5,27,[4 9],6,-1,33,-1,6
1,<environment.Job instance at 0x7f91ed5adfa0>,7,19,[ 1 11],8,-1,28,-1,9
1,<environment.Job instance at 0x7f91e4168730>,9,15,[13  4],10,-1,25,-1,10
1,<environment.Job instance at 0x7f91e41689b0>,10,28,[5 4],11,-1,39,-1,11
1,<environment.Job instance at 0x7f91e41685a0>,14,16,[ 2 12],15,-1,42,-1,26
1,<environment.Job instance at 0x7f91e416caf0>,20,14,[ 3 12],21,-1,74,-1,60
1,<environment.Job instance at 0x7f91e416c550>,22,2,[11  5],23,-1,62,-1,60
1,<environment.Job instance at 0x7f91e416caa0>,23,1,[8 3],24,-1,61,-1,60
1,<environment.Job instance at 0x7f91e416c230>,24,28,[13  3],25,-1,88,-1,60
1,<environment.Job instance at 0x7f91e416cbe0>,27,2,[14  3],28,-1,77,-1,75
1,<environment.Job instance at 0x7f91e34f1230>,29,1,[ 2 12],30,-1,94,-1,93
1,<environment.Job instance at 0x7f91e34f1280>,31,23,[9 5],32,-1,136,-1,113
1,<environment.Job instance at 0x7f91e413f640>,33,2,[9 2],34,-1,115,-1,113
1,<environment.Job instance at 0x7f91e413f370>,34,16,[ 1 13],35,-1,129,-1,113
1,<environment.Job instance at 0x7f91e413f500>,35,18,[ 3 13],36,-1,131,-1,113
1,<environment.Job instance at 0x7f91e413f8c0>,36,28,[7 1],37,-1,141,-1,113
1,<environment.Job instance at 0x7f91e413f820>,37,27,[2 7],38,-1,140,-1,113
1,<environment.Job instance at 0x7f91e413f6e0>,41,24,[12  2],42,-1,154,-1,130
1,<environment.Job instance at 0x7f91e4026b40>,44,25,[5 4],45,-1,187,-1,162
1,<environment.Job instance at 0x7f91e40262d0>,46,15,[12  2],47,-1,177,-1,162
1,<environment.Job instance at 0x7f91e4026e60>,47,28,[10  2],48,-1,190,-1,162
1,<environment.Job instance at 0x7f91e4026230>,49,16,[ 1 11],50,-1,196,-1,180
1,<environment.Job instance at 0x7f91e4029690>,53,26,[ 4 13],54,-1,244,-1,218
1,<environment.Job instance at 0x7f91e40297d0>,54,15,[ 5 13],55,-1,233,-1,218
1,<environment.Job instance at 0x7f91e4029500>,55,17,[14  2],56,-1,235,-1,218
1,<environment.Job instance at 0x7f91e4029cd0>,59,12,[13  2],60,-1,241,-1,229
1,<environment.Job instance at 0x7f91e3a70d20>,62,27,[5 4],63,-1,270,-1,243
1,<environment.Job instance at 0x7f91e3a70b90>,64,3,[1 5],65,-1,246,-1,243
1,<environment.Job instance at 0x7f91e3a70870>,67,20,[ 3 13],68,-1,279,-1,259
1,<environment.Job instance at 0x7f91e3a5d640>,71,2,[13  4],72,-1,276,-1,274
1,<environment.Job instance at 0x7f91e34cdfa0>,73,25,[6 1],74,-1,319,-1,294
1,<environment.Job instance at 0x7f91e34c9d70>,80,12,[14  5],81,-1,344,-1,332
1,<environment.Job instance at 0x7f91e34c9500>,81,23,[4 8],82,-1,440,-1,417
1,<environment.Job instance at 0x7f91e4d43f00>,87,18,[14  2],88,-1,435,-1,417
1,<environment.Job instance at 0x7f91e3ec3550>,91,2,[12  2],92,-1,427,-1,425
1,<environment.Job instance at 0x7f91e381fc30>,92,26,[2 8],93,-1,451,-1,425
1,<environment.Job instance at 0x7f91e43747d0>,95,16,[14  4],96,-1,450,-1,434
1,<environment.Job instance at 0x7f91e4d6a780>,98,2,[14  1],99,-1,453,-1,451
1,<environment.Job instance at 0x7f91e4d6aaf0>,99,18,[ 1 11],100,-1,469,-1,451
1,<environment.Job instance at 0x7f91e3778370>,100,13,[14  5],101,-1,464,-1,451
1,<environment.Job instance at 0x7f91e476a050>,102,17,[12  5],103,-1,483,-1,466
1,<environment.Job instance at 0x7f91e4b758c0>,104,2,[ 2 12],105,-1,468,-1,466
1,<environment.Job instance at 0x7f91e45023c0>,106,2,[3 5],107,-1,479,-1,477
1,<environment.Job instance at 0x7f91e4d586e0>,107,2,[3 6],108,-1,479,-1,477
1,<environment.Job instance at 0x7f91e4b71c80>,110,13,[ 3 14],111,-1,502,-1,489
1,<environment.Job instance at 0x7f91e4b71c30>,111,17,[ 1 11],112,-1,506,-1,489
1,<environment.Job instance at 0x7f91e4b71820>,114,15,[14  2],115,-1,507,-1,492
1,<environment.Job instance at 0x7f91e4b719b0>,117,25,[ 5 10],118,-1,531,-1,506
1,<environment.Job instance at 0x7f91e4b71960>,119,14,[14  4],120,-1,537,-1,523
1,<environment.Job instance at 0x7f91e3ae0140>,120,25,[5 8],121,-1,548,-1,523
1,<environment.Job instance at 0x7f91e4b92dc0>,121,28,[3 6],122,-1,551,-1,523
1,<environment.Job instance at 0x7f91e4b92960>,126,28,[5 3],127,-1,574,-1,546
1,<environment.Job instance at 0x7f91e4b92c80>,127,23,[10  1],128,-1,572,-1,549
1,<environment.Job instance at 0x7f91e4b92b40>,130,24,[11  2],131,-1,585,-1,561
1,<environment.Job instance at 0x7f91e4b704b0>,135,24,[7 2],136,-1,612,-1,588
1,<environment.Job instance at 0x7f91e4b70690>,136,18,[ 1 13],137,-1,606,-1,588
1,<environment.Job instance at 0x7f91e4b706e0>,137,27,[5 1],138,-1,616,-1,589
1,<environment.Job instance at 0x7f91e3f4c410>,5,28,[7 3],6,-1,35,-1,7
1,<environment.Job instance at 0x7f91e4b6dbe0>,11,22,[ 1 10],12,-1,48,-1,26
1,<environment.Job instance at 0x7f91e4b6d8c0>,12,28,[13  5],13,-1,54,-1,26
1,<environment.Job instance at 0x7f91e4b6d230>,13,23,[9 3],14,-1,66,-1,43
1,<environment.Job instance at 0x7f91e4b606e0>,17,15,[ 4 14],18,-1,70,-1,55
1,<environment.Job instance at 0x7f91e4b60500>,18,19,[13  3],19,-1,74,-1,55
1,<environment.Job instance at 0x7f91e3813500>,19,25,[ 3 13],20,-1,80,-1,55
1,<environment.Job instance at 0x7f91e3813f00>,22,22,[4 7],23,-1,99,-1,77
1,<environment.Job instance at 0x7f91e4b5f870>,23,22,[10  4],24,-1,102,-1,80
1,<environment.Job instance at 0x7f91e38003c0>,24,22,[1 5],25,-1,102,-1,80
1,<environment.Job instance at 0x7f91e3817640>,25,14,[11  2],26,-1,94,-1,80
1,<environment.Job instance at 0x7f91e4386eb0>,26,13,[6 2],27,-1,93,-1,80
1,<environment.Job instance at 0x7f91e3cfa5a0>,27,23,[10  2],28,-1,103,-1,80
1,<environment.Job instance at 0x7f91e37f5e60>,28,27,[ 1 11],29,-1,107,-1,80
1,<environment.Job instance at 0x7f91e4386050>,29,18,[ 2 10],30,-1,98,-1,80
1,<environment.Job instance at 0x7f91e3812aa0>,30,2,[ 1 10],31,-1,82,-1,80
1,<environment.Job instance at 0x7f91e4d5e780>,31,1,[4 7],32,-1,81,-1,80
1,<environment.Job instance at 0x7f91e3ad3690>,32,3,[13  3],33,-1,83,-1,80
1,<environment.Job instance at 0x7f91e3fa3c30>,39,1,[10  1],40,-1,125,-1,124
1,<environment.Job instance at 0x7f91e4d341e0>,40,15,[ 3 10],41,-1,139,-1,124
1,<environment.Job instance at 0x7f91e4d34be0>,41,12,[10  1],42,-1,136,-1,124
1,<environment.Job instance at 0x7f91e3ae9c80>,42,12,[4 6],43,-1,140,-1,128
1,<environment.Job instance at 0x7f91e3ad5280>,43,17,[14  1],44,-1,145,-1,128
1,<environment.Job instance at 0x7f91e3ab6140>,46,19,[ 4 13],47,-1,159,-1,140
1,<environment.Job instance at 0x7f91e3ab6640>,48,13,[10  1],49,-1,166,-1,153
1,<environment.Job instance at 0x7f91e3ab6280>,49,26,[5 5],50,-1,179,-1,153
1,<environment.Job instance at 0x7f91e3ab6730>,50,22,[ 4 10],51,-1,175,-1,153
1,<environment.Job instance at 0x7f91e3ab6e60>,53,2,[10  4],54,-1,174,-1,172
1,<environment.Job instance at 0x7f91e3ab6b90>,54,2,[7 3],55,-1,174,-1,172
1,<environment.Job instance at 0x7f91e3ab6460>,55,14,[12  3],56,-1,186,-1,172
1,<environment.Job instance at 0x7f91e3ada4b0>,56,23,[10  4],57,-1,195,-1,172
1,<environment.Job instance at 0x7f91e3adaa00>,58,1,[12  4],59,-1,190,-1,189
1,<environment.Job instance at 0x7f91e3adaf00>,59,12,[ 5 14],60,-1,201,-1,189
1,<environment.Job instance at 0x7f91e3ada640>,60,28,[ 4 10],61,-1,217,-1,189
1,<environment.Job instance at 0x7f91e3ada960>,63,21,[12  5],64,-1,210,-1,189
1,<environment.Job instance at 0x7f91e3e9bcd0>,64,22,[ 1 11],65,-1,211,-1,189
1,<environment.Job instance at 0x7f91e413e690>,66,26,[5 3],67,-1,225,-1,199
1,<environment.Job instance at 0x7f91e35e7b40>,71,24,[ 4 14],72,-1,245,-1,221
1,<environment.Job instance at 0x7f91e35e7c80>,73,1,[2 6],74,-1,239,-1,238
1,<environment.Job instance at 0x7f91e3d0fbe0>,75,12,[3 9],76,-1,254,-1,242
1,<environment.Job instance at 0x7f91e3d0f280>,76,17,[ 5 11],77,-1,259,-1,242
1,<environment.Job instance at 0x7f91e4d43910>,77,13,[ 2 13],78,-1,255,-1,242
1,<environment.Job instance at 0x7f91e426a0a0>,82,15,[ 4 10],83,-1,287,-1,272
1,<environment.Job instance at 0x7f91e426a1e0>,84,3,[8 2],85,-1,282,-1,279
1,<environment.Job instance at 0x7f91e426ac30>,85,15,[11  3],86,-1,294,-1,279
1,<environment.Job instance at 0x7f91e426ab90>,87,28,[7 2],88,-1,317,-1,289
1,<environment.Job instance at 0x7f91e426a140>,91,22,[1 9],92,-1,329,-1,307
1,<environment.Job instance at 0x7f91e426afa0>,93,1,[ 4 10],94,-1,322,-1,321
1,<environment.Job instance at 0x7f91e426a190>,95,16,[10  1],96,-1,337,-1,321
1,<environment.Job instance at 0x7f91e426af00>,96,28,[6 5],97,-1,349,-1,321
1,<environment.Job instance at 0x7f91e3e7a5f0>,97,17,[14  3],98,-1,338,-1,321
1,<environment.Job instance at 0x7f91e3e7aeb0>,98,19,[ 5 12],99,-1,340,-1,321
1,<environment.Job instance at 0x7f91e3e7a0a0>,99,27,[2 8],100,-1,348,-1,321
1,<environment.Job instance at 0x7f91e3e7a8c0>,100,2,[ 3 13],101,-1,323,-1,321
1,<environment.Job instance at 0x7f91e3e7af50>,108,27,[4 6],109,-1,403,-1,376
1,<environment.Job instance at 0x7f91e3e7a730>,110,15,[ 1 12],111,-1,398,-1,383
1,<environment.Job instance at 0x7f91e3e7a410>,111,1,[ 3 12],112,-1,384,-1,383
1,<environment.Job instance at 0x7f91e45f9140>,112,24,[8 1],113,-1,407,-1,383
1,<environment.Job instance at 0x7f91e45f94b0>,113,23,[12  1],114,-1,406,-1,383
1,<environment.Job instance at 0x7f91e45f9b90>,114,26,[4 5],115,-1,409,-1,383
1,<environment.Job instance at 0x7f91e45f9460>,115,28,[8 2],116,-1,411,-1,383
1,<environment.Job instance at 0x7f91e45f9c80>,116,21,[11  3],117,-1,404,-1,383
1,<environment.Job instance at 0x7f91e45f9050>,117,19,[14  3],118,-1,402,-1,383
1,<environment.Job instance at 0x7f91e45f9410>,119,2,[5 1],120,-1,392,-1,390
1,<environment.Job instance at 0x7f91e45f97d0>,120,23,[ 2 10],121,-1,413,-1,390
1,<environment.Job instance at 0x7f91e45f91e0>,121,3,[ 2 10],122,-1,393,-1,390
1,<environment.Job instance at 0x7f91e45f9b40>,122,3,[10  5],123,-1,393,-1,390
1,<environment.Job instance at 0x7f91e45f9190>,123,15,[ 4 11],124,-1,405,-1,390
1,<environment.Job instance at 0x7f91e45f9500>,124,15,[ 1 11],125,-1,405,-1,390
1,<environment.Job instance at 0x7f91e45f95f0>,125,24,[11  4],126,-1,414,-1,390
1,<environment.Job instance at 0x7f91e45f9320>,126,21,[14  5],127,-1,411,-1,390
1,<environment.Job instance at 0x7f91e45f9820>,127,2,[7 1],128,-1,392,-1,390
1,<environment.Job instance at 0x7f91e45f95a0>,129,13,[9 1],130,-1,413,-1,400
1,<environment.Job instance at 0x7f91e3e99820>,130,25,[4 7],131,-1,425,-1,400
1,<environment.Job instance at 0x7f91e3e99280>,133,14,[ 2 12],134,-1,429,-1,415
1,<environment.Job instance at 0x7f91e3e99e10>,134,20,[ 3 14],135,-1,435,-1,415
1,<environment.Job instance at 0x7f91e3e99dc0>,135,18,[ 1 11],136,-1,433,-1,415
1,<environment.Job instance at 0x7f91e3e99c80>,136,3,[ 5 12],137,-1,418,-1,415
1,<environment.Job instance at 0x7f91e3e99550>,137,14,[12  5],138,-1,429,-1,415
1,<environment.Job instance at 0x7f91e3d2ebe0>,4,27,[2 7],5,-1,32,-1,5
1,<environment.Job instance at 0x7f91e4d89280>,6,12,[ 2 14],7,-1,19,-1,7
1,<environment.Job instance at 0x7f91e4d89640>,11,13,[13  1],12,-1,29,-1,16
1,<environment.Job instance at 0x7f91e4d89780>,12,25,[10  2],13,-1,41,-1,16
1,<environment.Job instance at 0x7f91e4d89820>,13,13,[ 2 14],14,-1,29,-1,16
1,<environment.Job instance at 0x7f91e4d896e0>,14,1,[7 3],15,-1,17,-1,16
1,<environment.Job instance at 0x7f91e4d898c0>,15,12,[13  1],16,-1,28,-1,16
1,<environment.Job instance at 0x7f91e4d89af0>,17,14,[13  4],18,-1,32,-1,18
1,<environment.Job instance at 0x7f91e4d89b90>,18,23,[1 9],19,-1,42,-1,19
1,<environment.Job instance at 0x7f91e4d89a50>,19,18,[ 2 10],20,-1,44,-1,26
1,<environment.Job instance at 0x7f91e4d89cd0>,20,22,[5 8],21,-1,53,-1,31
1,<environment.Job instance at 0x7f91e4d89eb0>,23,20,[3 9],24,-1,60,-1,40
1,<environment.Job instance at 0x7f91e4d7f230>,28,18,[ 4 13],29,-1,83,-1,65
1,<environment.Job instance at 0x7f91e4d7fc80>,43,3,[ 3 12],44,-1,167,-1,164
1,<environment.Job instance at 0x7f91e4d7fd20>,44,18,[11  2],45,-1,182,-1,164
1,<environment.Job instance at 0x7f91e4d7fdc0>,45,17,[14  2],46,-1,181,-1,164
1,<environment.Job instance at 0x7f91e4d7fe60>,46,23,[3 7],47,-1,187,-1,164
1,<environment.Job instance at 0x7f91e4d7f460>,47,13,[6 1],48,-1,177,-1,164
1,<environment.Job instance at 0x7f91e4d7ff00>,48,15,[13  1],49,-1,179,-1,164
1,<environment.Job instance at 0x7f91e4d7fa00>,49,19,[11  4],50,-1,183,-1,164
1,<environment.Job instance at 0x7f91e4d90190>,51,25,[3 9],52,-1,198,-1,173
1,<environment.Job instance at 0x7f91e4d7faa0>,40,28,[12  2],41,-1,212,-1,184
1,<environment.Job instance at 0x7f91e3e22190>,55,16,[ 1 12],56,-1,202,-1,186
1,<environment.Job instance at 0x7f91e4d8a6e0>,69,25,[6 5],70,-1,326,-1,301
1,<environment.Job instance at 0x7f91e4d8a4b0>,71,17,[ 5 11],72,-1,318,-1,301
1,<environment.Job instance at 0x7f91e4d8a550>,72,16,[ 4 12],73,-1,317,-1,301
1,<environment.Job instance at 0x7f91e4d8a140>,73,15,[12  5],74,-1,316,-1,301
1,<environment.Job instance at 0x7f91e4d8a0f0>,74,22,[14  5],75,-1,323,-1,301
1,<environment.Job instance at 0x7f91e36a4280>,76,26,[9 2],77,-1,339,-1,313
1,<environment.Job instance at 0x7f91e373bd70>,78,12,[13  2],79,-1,334,-1,322
1,<environment.Job instance at 0x7f91e45aea00>,79,18,[ 4 10],80,-1,373,-1,355
1,<environment.Job instance at 0x7f91e3769d20>,83,15,[12  4],84,-1,370,-1,355
1,<environment.Job instance at 0x7f91e36be4b0>,85,18,[ 1 13],86,-1,376,-1,358
1,<environment.Job instance at 0x7f91e4bafa00>,97,15,[ 3 11],98,-1,468,-1,453
1,<environment.Job instance at 0x7f91e4baff50>,98,13,[11  3],99,-1,466,-1,453
1,<environment.Job instance at 0x7f91e36ac870>,99,13,[ 4 10],100,-1,466,-1,453
1,<environment.Job instance at 0x7f91e36b27d0>,101,12,[1 9],102,-1,480,-1,468
1,<environment.Job instance at 0x7f91e4baeaa0>,102,22,[3 5],103,-1,490,-1,468
1,<environment.Job instance at 0x7f91e4bc8aa0>,105,13,[ 3 12],106,-1,498,-1,485
1,<environment.Job instance at 0x7f91e4bc8690>,106,3,[5 1],107,-1,488,-1,485
1,<environment.Job instance at 0x7f91e4bca550>,108,25,[6 1],109,-1,510,-1,485
1,<environment.Job instance at 0x7f91e4bcadc0>,110,3,[7 2],111,-1,508,-1,505
1,<environment.Job instance at 0x7f91e3699550>,111,26,[13  1],112,-1,531,-1,505
1,<environment.Job instance at 0x7f91e36990f0>,112,23,[13  2],113,-1,528,-1,505
1,<environment.Job instance at 0x7f91e4963780>,116,21,[ 3 13],117,-1,546,-1,525
1,<environment.Job instance at 0x7f91e4963690>,117,12,[10  2],118,-1,537,-1,525
1,<environment.Job instance at 0x7f91e4963500>,119,18,[ 1 10],120,-1,555,-1,537
1,<environment.Job instance at 0x7f91e4963820>,121,3,[3 7],122,-1,543,-1,540
1,<environment.Job instance at 0x7f91e4963230>,122,13,[1 9],123,-1,553,-1,540
1,<environment.Job instance at 0x7f91e4963cd0>,124,18,[13  3],125,-1,571,-1,553
1,<environment.Job instance at 0x7f91e4963af0>,125,18,[ 3 13],126,-1,571,-1,553
1,<environment.Job instance at 0x7f91e4963d70>,127,2,[2 8],128,-1,569,-1,567
1,<environment.Job instance at 0x7f91e4963eb0>,128,17,[ 2 10],129,-1,584,-1,567
1,<environment.Job instance at 0x7f91e4963460>,130,12,[14  3],131,-1,581,-1,569
1,<environment.Job instance at 0x7f91e4da37d0>,133,21,[ 5 13],134,-1,606,-1,585
1,<environment.Job instance at 0x7f91e4991910>,137,26,[11  3],138,-1,626,-1,600
1,<environment.Job instance at 0x7f91e4991d70>,138,28,[2 6],139,-1,628,-1,600
1,<environment.Job instance at 0x7f91e4d8bf00>,60,21,[10  3],61,-1,2299,-1,2278
1,<environment.Job instance at 0x7f91e3f4dbe0>,5,18,[13  1],6,-1,24,-1,6
1,<environment.Job instance at 0x7f91e4a28fa0>,17,18,[ 2 14],18,-1,78,-1,60
1,<environment.Job instance at 0x7f91e3cd55f0>,14,16,[ 3 10],15,-1,76,-1,60
1,<environment.Job instance at 0x7f91e4a287d0>,19,19,[11  3],20,-1,79,-1,60
1,<environment.Job instance at 0x7f91e4a284b0>,20,24,[7 4],21,-1,84,-1,60
1,<environment.Job instance at 0x7f91e4a28910>,22,19,[ 4 13],23,-1,83,-1,64
1,<environment.Job instance at 0x7f91e4a282d0>,24,19,[ 4 14],25,-1,86,-1,67
1,<environment.Job instance at 0x7f91e436eeb0>,26,24,[14  1],27,-1,103,-1,79
1,<environment.Job instance at 0x7f91e436ef00>,27,25,[10  3],28,-1,104,-1,79
1,<environment.Job instance at 0x7f91e436ed20>,28,27,[7 2],29,-1,106,-1,79
1,<environment.Job instance at 0x7f91e436e9b0>,34,16,[14  3],35,-1,144,-1,128
1,<environment.Job instance at 0x7f91e4ca23c0>,38,28,[5 5],39,-1,169,-1,141
1,<environment.Job instance at 0x7f91e4ca28c0>,39,3,[7 1],40,-1,167,-1,164
1,<environment.Job instance at 0x7f91e3aac640>,52,1,[10  1],53,-1,281,-1,280
1,<environment.Job instance at 0x7f91e3aacaa0>,54,1,[ 3 14],55,-1,281,-1,280
1,<environment.Job instance at 0x7f91e3aaca00>,55,23,[ 1 12],56,-1,303,-1,280
1,<environment.Job instance at 0x7f91e3aac780>,60,26,[ 4 13],61,-1,334,-1,308
1,<environment.Job instance at 0x7f91e3aaceb0>,61,24,[5 3],62,-1,358,-1,334
1,<environment.Job instance at 0x7f91e45d4320>,93,26,[8 5],94,-1,630,-1,604
1,<environment.Job instance at 0x7f91e45d4910>,94,21,[12  3],95,-1,625,-1,604
1,<environment.Job instance at 0x7f91e45d4230>,95,3,[10  4],96,-1,610,-1,607
1,<environment.Job instance at 0x7f91e45d4dc0>,96,26,[ 2 10],97,-1,633,-1,607
1,<environment.Job instance at 0x7f91e45d4870>,97,1,[4 7],98,-1,608,-1,607
1,<environment.Job instance at 0x7f91e45d4d70>,98,12,[ 5 13],99,-1,619,-1,607
1,<environment.Job instance at 0x7f91e45d41e0>,99,17,[12  3],100,-1,624,-1,607
1,<environment.Job instance at 0x7f91e45d4a50>,100,2,[5 7],101,-1,610,-1,608
1,<environment.Job instance at 0x7f91e45d4e10>,101,28,[8 3],102,-1,636,-1,608
1,<environment.Job instance at 0x7f91e43f4d70>,102,26,[11  4],103,-1,634,-1,608
1,<environment.Job instance at 0x7f91e43f47d0>,103,2,[ 3 14],104,-1,610,-1,608
1,<environment.Job instance at 0x7f91e43f43c0>,104,12,[ 5 14],105,-1,620,-1,608
1,<environment.Job instance at 0x7f91e43f4370>,105,27,[ 1 10],106,-1,635,-1,608
1,<environment.Job instance at 0x7f91e43f4eb0>,106,13,[11  4],107,-1,621,-1,608
1,<environment.Job instance at 0x7f91e43f41e0>,109,28,[ 4 14],110,-1,648,-1,620
1,<environment.Job instance at 0x7f91e43f4b90>,114,19,[12  1],115,-1,678,-1,659
1,<environment.Job instance at 0x7f91e43f4780>,117,1,[3 8],118,-1,674,-1,673
1,<environment.Job instance at 0x7f91ed3603c0>,120,28,[6 2],121,-1,716,-1,688
1,<environment.Job instance at 0x7f91ed360b90>,124,12,[14  3],125,-1,721,-1,709
1,<environment.Job instance at 0x7f91e4056730>,133,17,[13  3],134,-1,841,-1,824
1,<environment.Job instance at 0x7f91e45a55a0>,134,28,[5 2],135,-1,852,-1,824
1,<environment.Job instance at 0x7f91e4dae7d0>,4,14,[ 1 14],5,-1,19,-1,5
1,<environment.Job instance at 0x7f91e393c5a0>,5,12,[ 2 13],6,-1,18,-1,6
1,<environment.Job instance at 0x7f91e393c370>,7,20,[14  4],8,-1,28,-1,8
1,<environment.Job instance at 0x7f91e393c190>,8,2,[7 1],9,-1,11,-1,9
1,<environment.Job instance at 0x7f91e393cbe0>,6,27,[9 4],7,-1,36,-1,9
1,<environment.Job instance at 0x7f91e36290f0>,16,26,[6 3],17,-1,47,-1,21
1,<environment.Job instance at 0x7f91e3422320>,19,27,[5 7],20,-1,65,-1,38
1,<environment.Job instance at 0x7f91e360b6e0>,20,18,[ 2 11],21,-1,56,-1,38
1,<environment.Job instance at 0x7f91e360b280>,24,22,[ 2 13],25,-1,78,-1,56
1,<environment.Job instance at 0x7f91e360bcd0>,25,25,[1 7],26,-1,81,-1,56
1,<environment.Job instance at 0x7f91e3719dc0>,26,18,[13  1],27,-1,74,-1,56
1,<environment.Job instance at 0x7f91e3719500>,28,1,[10  2],29,-1,57,-1,56
1,<environment.Job instance at 0x7f91e3719a50>,29,25,[ 5 10],30,-1,81,-1,56
1,<environment.Job instance at 0x7f91e3719b40>,31,2,[5 9],32,-1,72,-1,70
1,<environment.Job instance at 0x7f91e3719b90>,33,24,[7 4],34,-1,97,-1,73
1,<environment.Job instance at 0x7f91e37190f0>,34,18,[ 1 11],35,-1,91,-1,73
1,<environment.Job instance at 0x7f91e37193c0>,35,12,[9 3],36,-1,88,-1,76
1,<environment.Job instance at 0x7f91e3632280>,37,1,[ 3 10],38,-1,85,-1,84
1,<environment.Job instance at 0x7f91e3632370>,39,1,[5 4],40,-1,98,-1,97
1,<environment.Job instance at 0x7f91e362d370>,42,13,[ 2 13],43,-1,120,-1,107
1,<environment.Job instance at 0x7f91e362d5f0>,43,17,[ 1 13],44,-1,124,-1,107
1,<environment.Job instance at 0x7f91e3406d70>,44,20,[12  1],45,-1,127,-1,107
1,<environment.Job instance at 0x7f91e362d0a0>,46,24,[ 3 14],47,-1,135,-1,111
1,<environment.Job instance at 0x7f91e3d87550>,47,25,[10  2],48,-1,136,-1,111
1,<environment.Job instance at 0x7f91e3406f00>,51,12,[5 8],52,-1,151,-1,139
1,<environment.Job instance at 0x7f91e3d87f00>,52,24,[9 4],53,-1,163,-1,139
1,<environment.Job instance at 0x7f91e4a57a00>,54,15,[ 2 12],55,-1,158,-1,143
1,<environment.Job instance at 0x7f91e3478f50>,55,28,[14  4],56,-1,171,-1,143
1,<environment.Job instance at 0x7f91e45abaf0>,56,18,[13  4],57,-1,161,-1,143
1,<environment.Job instance at 0x7f91e3412e10>,57,15,[14  1],58,-1,158,-1,143
1,<environment.Job instance at 0x7f91e412e280>,58,17,[ 3 11],59,-1,160,-1,143
1,<environment.Job instance at 0x7f91e499e4b0>,59,26,[13  3],60,-1,169,-1,143
1,<environment.Job instance at 0x7f91e3dfeaa0>,60,2,[7 2],61,-1,145,-1,143
1,<environment.Job instance at 0x7f91e34128c0>,61,2,[4 5],62,-1,145,-1,143
1,<environment.Job instance at 0x7f91e3cdd5f0>,63,13,[ 5 11],64,-1,170,-1,157
1,<environment.Job instance at 0x7f91e3ab0af0>,64,3,[11  2],65,-1,160,-1,157
1,<environment.Job instance at 0x7f91e453c320>,66,14,[12  5],67,-1,171,-1,157
1,<environment.Job instance at 0x7f91e453c7d0>,67,25,[6 2],68,-1,182,-1,157
1,<environment.Job instance at 0x7f91e453c690>,68,3,[1 8],69,-1,160,-1,157
1,<environment.Job instance at 0x7f91e460f140>,69,3,[10  1],70,-1,160,-1,157
1,<environment.Job instance at 0x7f91e460f320>,71,25,[ 3 12],72,-1,182,-1,157
1,<environment.Job instance at 0x7f91e3606140>,75,21,[ 2 11],76,-1,199,-1,178
1,<environment.Job instance at 0x7f91e3606230>,76,2,[5 8],77,-1,180,-1,178
1,<environment.Job instance at 0x7f91e3606370>,78,1,[2 7],79,-1,191,-1,190
1,<environment.Job instance at 0x7f91e36060a0>,80,28,[14  2],81,-1,218,-1,190
1,<environment.Job instance at 0x7f91e3606af0>,81,28,[6 2],82,-1,218,-1,190
1,<environment.Job instance at 0x7f91e423baa0>,82,24,[5 4],83,-1,214,-1,190
1,<environment.Job instance at 0x7f91e341e1e0>,84,15,[ 4 14],85,-1,222,-1,207
1,<environment.Job instance at 0x7f91e341eb40>,85,17,[12  1],86,-1,224,-1,207
1,<environment.Job instance at 0x7f91e423b0f0>,87,14,[ 4 14],88,-1,225,-1,211
1,<environment.Job instance at 0x7f91e409b1e0>,88,22,[10  1],89,-1,234,-1,212
1,<environment.Job instance at 0x7f91e409beb0>,93,12,[8 1],94,-1,257,-1,245
1,<environment.Job instance at 0x7f91e409b820>,94,19,[ 2 12],95,-1,264,-1,245
1,<environment.Job instance at 0x7f91e45b73c0>,98,1,[7 5],99,-1,272,-1,271
1,<environment.Job instance at 0x7f91e4962870>,100,13,[1 9],101,-1,293,-1,280
1,<environment.Job instance at 0x7f91e4992870>,102,22,[6 1],103,-1,314,-1,292
1,<environment.Job instance at 0x7f91e3cd7e10>,107,26,[5 7],108,-1,337,-1,311
1,<environment.Job instance at 0x7f91e3cd7f00>,109,28,[9 1],110,-1,352,-1,324
1,<environment.Job instance at 0x7f91e3cd7d70>,111,14,[11  3],112,-1,357,-1,343
1,<environment.Job instance at 0x7f91e3ad3c80>,113,28,[11  2],114,-1,371,-1,343
1,<environment.Job instance at 0x7f91e3ad3eb0>,118,20,[ 4 10],119,-1,409,-1,389
1,<environment.Job instance at 0x7f91e4b21be0>,119,15,[ 1 11],120,-1,404,-1,389
1,<environment.Job instance at 0x7f91e4b21190>,121,3,[5 5],122,-1,393,-1,390
1,<environment.Job instance at 0x7f91e4b21960>,122,13,[10  1],123,-1,403,-1,390
1,<environment.Job instance at 0x7f91e368d910>,123,13,[ 4 11],124,-1,403,-1,390
1,<environment.Job instance at 0x7f91e368dfa0>,125,17,[ 5 14],126,-1,420,-1,403
1,<environment.Job instance at 0x7f91e451ff50>,129,14,[13  2],130,-1,433,-1,419
1,<environment.Job instance at 0x7f91e3be0730>,130,26,[8 5],131,-1,445,-1,419
1,<environment.Job instance at 0x7f91e3be06e0>,131,13,[9 1],132,-1,432,-1,419
1,<environment.Job instance at 0x7f91e3be0eb0>,132,20,[12  3],133,-1,439,-1,419
1,<environment.Job instance at 0x7f91e3be0b40>,133,25,[8 2],134,-1,444,-1,419
1,<environment.Job instance at 0x7f91e3be0a00>,134,28,[10  4],135,-1,447,-1,419
1,<environment.Job instance at 0x7f91e3be0cd0>,136,21,[13  4],137,-1,443,-1,422
1,<environment.Job instance at 0x7f91e3be01e0>,137,15,[ 3 11],138,-1,437,-1,422
1,<environment.Job instance at 0x7f91e3be0960>,138,23,[ 3 10],139,-1,445,-1,422
1,<environment.Job instance at 0x7f91e38f4460>,2,14,[ 1 11],3,-1,17,-1,3
1,<environment.Job instance at 0x7f91e397b690>,4,21,[ 3 13],5,-1,26,-1,5
1,<environment.Job instance at 0x7f91e4842320>,8,12,[11  4],9,-1,21,-1,9
1,<environment.Job instance at 0x7f91e3870550>,13,13,[ 4 11],14,-1,33,-1,20
1,<environment.Job instance at 0x7f91e3870aa0>,14,12,[11  4],15,-1,33,-1,21
1,<environment.Job instance at 0x7f91e4839230>,15,26,[ 5 13],16,-1,47,-1,21
1,<environment.Job instance at 0x7f91e3786910>,19,17,[ 1 14],20,-1,54,-1,37
1,<environment.Job instance at 0x7f91e3adaa00>,22,12,[11  5],23,-1,81,-1,69
1,<environment.Job instance at 0x7f91e3ada5f0>,23,16,[ 5 13],24,-1,85,-1,69
1,<environment.Job instance at 0x7f91e3b84190>,24,18,[ 1 12],25,-1,87,-1,69
1,<environment.Job instance at 0x7f91e3d94e60>,25,26,[4 8],26,-1,95,-1,69
1,<environment.Job instance at 0x7f91ed354190>,26,2,[ 1 10],27,-1,71,-1,69
1,<environment.Job instance at 0x7f91e4dbeb40>,29,14,[ 1 12],30,-1,100,-1,86
1,<environment.Job instance at 0x7f91e4dbecd0>,30,17,[13  3],31,-1,103,-1,86
1,<environment.Job instance at 0x7f91e4dbe4b0>,31,12,[14  4],32,-1,98,-1,86
1,<environment.Job instance at 0x7f91e47ae050>,42,28,[8 5],43,-1,179,-1,151
1,<environment.Job instance at 0x7f91e4618370>,43,16,[ 4 11],44,-1,167,-1,151
1,<environment.Job instance at 0x7f91e47d2cd0>,44,1,[6 3],45,-1,152,-1,151
1,<environment.Job instance at 0x7f91e464a0f0>,45,14,[ 2 10],46,-1,166,-1,152
1,<environment.Job instance at 0x7f91e464ab90>,47,18,[ 3 14],48,-1,171,-1,153
1,<environment.Job instance at 0x7f91e4612c30>,48,16,[12  1],49,-1,169,-1,153
1,<environment.Job instance at 0x7f91e4612dc0>,50,18,[1 5],51,-1,185,-1,167
1,<environment.Job instance at 0x7f91e4612e60>,51,19,[ 2 12],52,-1,186,-1,167
1,<environment.Job instance at 0x7f91e46128c0>,52,17,[ 2 12],53,-1,184,-1,167
1,<environment.Job instance at 0x7f91e4612d20>,55,22,[5 1],56,-1,203,-1,181
1,<environment.Job instance at 0x7f91e4613cd0>,58,24,[2 9],59,-1,219,-1,195
1,<environment.Job instance at 0x7f91e4613a00>,61,20,[14  5],62,-1,230,-1,210
1,<environment.Job instance at 0x7f91e457a5f0>,64,18,[14  2],65,-1,245,-1,227
1,<environment.Job instance at 0x7f91e457a5a0>,65,19,[11  5],66,-1,246,-1,227
1,<environment.Job instance at 0x7f91e457a370>,66,17,[10  1],67,-1,252,-1,235
1,<environment.Job instance at 0x7f91e457a2d0>,68,17,[8 1],69,-1,268,-1,251
1,<environment.Job instance at 0x7f91e457a960>,71,28,[1 5],72,-1,286,-1,258
1,<environment.Job instance at 0x7f91e4570550>,72,2,[ 5 11],73,-1,260,-1,258
1,<environment.Job instance at 0x7f91e45705f0>,73,16,[ 5 11],74,-1,274,-1,258
1,<environment.Job instance at 0x7f91e45707d0>,76,28,[7 1],77,-1,306,-1,278
1,<environment.Job instance at 0x7f91e4570910>,78,27,[ 1 10],79,-1,305,-1,278
1,<environment.Job instance at 0x7f91e45709b0>,79,13,[ 4 12],80,-1,291,-1,278
1,<environment.Job instance at 0x7f91e4570a50>,80,14,[12  2],81,-1,292,-1,278
1,<environment.Job instance at 0x7f91e4570af0>,81,23,[1 8],82,-1,301,-1,278
1,<environment.Job instance at 0x7f91e4570b90>,82,3,[3 8],83,-1,281,-1,278
1,<environment.Job instance at 0x7f91e4570c30>,83,25,[3 5],84,-1,303,-1,278
1,<environment.Job instance at 0x7f91e4570cd0>,84,13,[ 5 13],85,-1,291,-1,278
1,<environment.Job instance at 0x7f91e4570d70>,85,26,[3 8],86,-1,304,-1,278
1,<environment.Job instance at 0x7f91e4570e60>,87,13,[ 1 14],88,-1,291,-1,278
1,<environment.Job instance at 0x7f91e4570500>,89,23,[13  1],90,-1,319,-1,296
1,<environment.Job instance at 0x7f91e45622d0>,91,13,[ 3 13],92,-1,309,-1,296
1,<environment.Job instance at 0x7f91e4562370>,92,15,[11  2],93,-1,311,-1,296
1,<environment.Job instance at 0x7f91e4562410>,93,23,[ 1 10],94,-1,319,-1,296
1,<environment.Job instance at 0x7f91e45624b0>,94,28,[ 1 14],95,-1,324,-1,296
1,<environment.Job instance at 0x7f91e45625f0>,96,12,[10  4],97,-1,320,-1,308
1,<environment.Job instance at 0x7f91e4562690>,97,2,[4 8],98,-1,310,-1,308
1,<environment.Job instance at 0x7f91e4562730>,98,24,[4 6],99,-1,332,-1,308
1,<environment.Job instance at 0x7f91e4562870>,100,21,[ 4 13],101,-1,330,-1,309
1,<environment.Job instance at 0x7f91e4562780>,103,2,[12  2],104,-1,329,-1,327
1,<environment.Job instance at 0x7f91e4562960>,104,26,[ 4 11],105,-1,353,-1,327
1,<environment.Job instance at 0x7f91e4562af0>,105,24,[ 1 14],106,-1,351,-1,327
1,<environment.Job instance at 0x7f91e4562cd0>,108,28,[ 4 12],109,-1,368,-1,340
1,<environment.Job instance at 0x7f91e4589050>,114,3,[4 7],115,-1,409,-1,406
1,<environment.Job instance at 0x7f91e45890f0>,115,26,[5 6],116,-1,432,-1,406
1,<environment.Job instance at 0x7f91e4589500>,117,18,[ 3 13],118,-1,436,-1,418
1,<environment.Job instance at 0x7f91e4589550>,118,21,[ 4 10],119,-1,439,-1,418
1,<environment.Job instance at 0x7f91e4589730>,120,16,[ 4 12],121,-1,434,-1,418
1,<environment.Job instance at 0x7f91e45897d0>,121,17,[14  1],122,-1,435,-1,418
1,<environment.Job instance at 0x7f91e45899b0>,124,15,[14  5],125,-1,454,-1,439
1,<environment.Job instance at 0x7f91e4589a50>,125,2,[9 2],126,-1,441,-1,439
1,<environment.Job instance at 0x7f91e4589af0>,126,18,[ 5 14],127,-1,457,-1,439
1,<environment.Job instance at 0x7f91e4589b90>,127,25,[12  4],128,-1,464,-1,439
1,<environment.Job instance at 0x7f91e4589c30>,128,13,[1 6],129,-1,452,-1,439
1,<environment.Job instance at 0x7f91e4589e10>,131,15,[ 5 12],132,-1,482,-1,467
1,<environment.Job instance at 0x7f91e4589fa0>,132,19,[14  4],133,-1,486,-1,467
1,<environment.Job instance at 0x7f91e4589dc0>,133,25,[ 4 10],134,-1,492,-1,467
1,<environment.Job instance at 0x7f91e4589f50>,134,13,[11  3],135,-1,480,-1,467
1,<environment.Job instance at 0x7f91e45543c0>,137,16,[ 3 12],138,-1,490,-1,474
1,<environment.Job instance at 0x7f91e3b846e0>,21,24,[12  3],22,-1,821,-1,797
1,<environment.Job instance at 0x7f91e47ae140>,41,18,[14  5],42,-1,823,-1,805
1,<environment.Job instance at 0x7f69c956dcd0>,4,24,[ 3 11],5,-1,29,-1,5
1,<environment.Job instance at 0x7f69c956df50>,8,24,[ 2 10],9,-1,33,-1,9
1,<environment.Job instance at 0x7f69c9570410>,14,21,[ 3 11],15,-1,43,-1,22
1,<environment.Job instance at 0x7f69c95705f0>,17,18,[ 5 13],18,-1,58,-1,40
1,<environment.Job instance at 0x7f69c9570910>,20,21,[13  5],21,-1,82,-1,61
1,<environment.Job instance at 0x7f69c9570a50>,24,2,[ 3 12],25,-1,91,-1,89
1,<environment.Job instance at 0x7f69c9570d20>,28,2,[5 8],29,-1,112,-1,110
1,<environment.Job instance at 0x7f69c9570dc0>,29,24,[5 1],30,-1,134,-1,110
1,<environment.Job instance at 0x7f69c95730f0>,35,3,[9 5],36,-1,149,-1,146
1,<environment.Job instance at 0x7f69c9573410>,39,23,[4 6],40,-1,190,-1,167
1,<environment.Job instance at 0x7f69c95735f0>,41,3,[6 3],42,-1,178,-1,175
1,<environment.Job instance at 0x7f69c95737d0>,42,13,[12  1],43,-1,188,-1,175
1,<environment.Job instance at 0x7f69c9573870>,43,21,[ 2 12],44,-1,196,-1,175
1,<environment.Job instance at 0x7f69c9573910>,44,26,[8 4],45,-1,201,-1,175
1,<environment.Job instance at 0x7f69c95739b0>,45,13,[11  3],46,-1,188,-1,175
1,<environment.Job instance at 0x7f69c9573a50>,46,2,[ 1 10],47,-1,177,-1,175
1,<environment.Job instance at 0x7f69c9573af0>,47,13,[ 3 12],48,-1,188,-1,175
1,<environment.Job instance at 0x7f69c9573c30>,49,15,[ 2 10],50,-1,190,-1,175
1,<environment.Job instance at 0x7f69c9573d70>,51,13,[ 3 12],52,-1,200,-1,187
1,<environment.Job instance at 0x7f69c9573e10>,52,3,[13  2],53,-1,190,-1,187
1,<environment.Job instance at 0x7f69c9573fa0>,54,3,[1 7],55,-1,195,-1,192
1,<environment.Job instance at 0x7f69c9573f50>,56,28,[10  1],57,-1,227,-1,199
1,<environment.Job instance at 0x7f69c9576460>,62,24,[ 3 10],63,-1,256,-1,232
1,<environment.Job instance at 0x7f69c9576960>,68,25,[ 2 12],69,-1,298,-1,273
1,<environment.Job instance at 0x7f69c9576a00>,69,26,[5 4],70,-1,299,-1,273
1,<environment.Job instance at 0x7f69c9576c80>,73,27,[8 2],74,-1,327,-1,300
1,<environment.Job instance at 0x7f69c95708c0>,23,18,[7 4],24,-1,380,-1,362
1,<environment.Job instance at 0x7f69c9579410>,82,2,[10  3],83,-1,364,-1,362
1,<environment.Job instance at 0x7f69c9579500>,84,21,[ 1 10],85,-1,383,-1,362
1,<environment.Job instance at 0x7f69c95795a0>,85,18,[ 5 12],86,-1,380,-1,362
1,<environment.Job instance at 0x7f69c9579640>,86,12,[ 3 14],87,-1,374,-1,362
1,<environment.Job instance at 0x7f69c9579780>,88,3,[9 5],89,-1,370,-1,367
1,<environment.Job instance at 0x7f69c9579910>,89,18,[ 4 11],90,-1,385,-1,367
1,<environment.Job instance at 0x7f69c9579aa0>,91,14,[12  2],92,-1,391,-1,377
1,<environment.Job instance at 0x7f69c9579af0>,92,3,[2 8],93,-1,380,-1,377
1,<environment.Job instance at 0x7f69c9579a50>,93,27,[12  1],94,-1,404,-1,377
1,<environment.Job instance at 0x7f69c9579c30>,95,24,[2 5],96,-1,413,-1,389
1,<environment.Job instance at 0x7f69c9579960>,96,12,[ 4 14],97,-1,401,-1,389
1,<environment.Job instance at 0x7f69c9579e10>,98,2,[10  4],99,-1,403,-1,401
1,<environment.Job instance at 0x7f69c9579f00>,99,14,[6 1],100,-1,415,-1,401
1,<environment.Job instance at 0x7f69c9579f50>,100,22,[2 8],101,-1,423,-1,401
1,<environment.Job instance at 0x7f69c957b050>,101,18,[12  3],102,-1,419,-1,401
1,<environment.Job instance at 0x7f69c957b230>,102,13,[ 5 12],103,-1,414,-1,401
1,<environment.Job instance at 0x7f69c957b190>,103,17,[ 2 10],104,-1,418,-1,401
1,<environment.Job instance at 0x7f69c957b5f0>,109,27,[5 8],110,-1,459,-1,432
1,<environment.Job instance at 0x7f69c957b910>,111,13,[12  3],112,-1,450,-1,437
1,<environment.Job instance at 0x7f69c957baf0>,114,28,[7 4],115,-1,475,-1,447
1,<environment.Job instance at 0x7f69c95792d0>,83,17,[ 4 14],84,-1,480,-1,463
1,<environment.Job instance at 0x7f69c957bb40>,116,3,[1 6],117,-1,466,-1,463
1,<environment.Job instance at 0x7f69c957beb0>,120,18,[ 3 12],121,-1,494,-1,476
1,<environment.Job instance at 0x7f69c95639b0>,123,24,[5 6],124,-1,516,-1,492
1,<environment.Job instance at 0x7f69c95a9820>,124,18,[11  5],125,-1,510,-1,492
1,<environment.Job instance at 0x7f69c9563c30>,125,14,[14  1],126,-1,506,-1,492
1,<environment.Job instance at 0x7f69c95638c0>,126,22,[10  1],127,-1,514,-1,492
1,<environment.Job instance at 0x7f69c95c50a0>,129,3,[14  4],130,-1,526,-1,523
1,<environment.Job instance at 0x7f69c95635f0>,132,23,[ 1 14],133,-1,548,-1,525
1,<environment.Job instance at 0x7f69c96005f0>,135,23,[7 3],136,-1,567,-1,544
1,<environment.Job instance at 0x7f69c97a0500>,137,26,[ 1 11],138,-1,570,-1,544
1,<environment.Job instance at 0x7f69c96159b0>,140,17,[ 2 11],141,-1,577,-1,560
1,<environment.Job instance at 0x7f69c960e5f0>,144,17,[ 3 14],145,-1,605,-1,588
1,<environment.Job instance at 0x7f69c95e2690>,146,25,[5 4],147,-1,615,-1,590
1,<environment.Job instance at 0x7f69c9629af0>,147,2,[7 2],148,-1,592,-1,590
1,<environment.Job instance at 0x7f69c96f8690>,148,28,[7 1],149,-1,618,-1,590
1,<environment.Job instance at 0x7f69c9570be0>,27,25,[14  4],28,-1,618,-1,593
1,<environment.Job instance at 0x7f69c9570550>,2,26,[ 3 11],3,-1,29,-1,3
1,<environment.Job instance at 0x7f69c9087460>,5,16,[ 1 11],6,-1,22,-1,6
1,<environment.Job instance at 0x7f69c8eff370>,8,24,[8 5],9,-1,33,-1,9
1,<environment.Job instance at 0x7f69c8fc8eb0>,17,15,[ 4 14],18,-1,76,-1,61
1,<environment.Job instance at 0x7f69c8fc8690>,21,18,[11  2],22,-1,116,-1,98
1,<environment.Job instance at 0x7f69c8fd1af0>,31,13,[ 4 10],32,-1,215,-1,202
1,<environment.Job instance at 0x7f69c8fd1280>,33,23,[ 2 14],34,-1,225,-1,202
1,<environment.Job instance at 0x7f69c8fd60f0>,34,12,[ 2 11],35,-1,214,-1,202
1,<environment.Job instance at 0x7f69c8fd6730>,37,22,[1 7],38,-1,241,-1,219
1,<environment.Job instance at 0x7f69c8fd67d0>,38,28,[4 7],39,-1,247,-1,219
1,<environment.Job instance at 0x7f69c8fd6230>,39,26,[3 6],40,-1,245,-1,219
1,<environment.Job instance at 0x7f69c8fd68c0>,40,12,[11  1],41,-1,231,-1,219
1,<environment.Job instance at 0x7f69c8fd6a50>,41,12,[ 5 11],42,-1,231,-1,219
1,<environment.Job instance at 0x7f69c8fd65f0>,49,16,[ 3 10],50,-1,277,-1,261
1,<environment.Job instance at 0x7f69c8fd6fa0>,50,23,[5 8],51,-1,287,-1,264
1,<environment.Job instance at 0x7f69c8fd6f50>,51,21,[ 4 11],52,-1,285,-1,264
1,<environment.Job instance at 0x7f69c8fdc4b0>,52,13,[ 3 12],53,-1,277,-1,264
1,<environment.Job instance at 0x7f69c908c050>,54,28,[3 8],55,-1,295,-1,267
1,<environment.Job instance at 0x7f69c90bff00>,55,24,[12  1],56,-1,291,-1,267
1,<environment.Job instance at 0x7f69c919db90>,56,14,[11  2],57,-1,281,-1,267
1,<environment.Job instance at 0x7f69c9047820>,57,27,[5 3],58,-1,294,-1,267
1,<environment.Job instance at 0x7f69c90d02d0>,59,17,[ 5 11],60,-1,301,-1,284
1,<environment.Job instance at 0x7f69c9174050>,61,27,[6 5],62,-1,313,-1,286
1,<environment.Job instance at 0x7f69c91740f0>,62,18,[ 2 14],63,-1,304,-1,286
1,<environment.Job instance at 0x7f69c915f0a0>,63,2,[11  2],64,-1,288,-1,286
1,<environment.Job instance at 0x7f69c915fc80>,64,18,[12  2],65,-1,304,-1,286
1,<environment.Job instance at 0x7f69c8e33cd0>,66,17,[11  1],67,-1,303,-1,286
1,<environment.Job instance at 0x7f69c90c6f00>,67,13,[ 4 12],68,-1,299,-1,286
1,<environment.Job instance at 0x7f69c8f108c0>,68,17,[11  4],69,-1,303,-1,286
1,<environment.Job instance at 0x7f69d2cc4c30>,69,13,[10  1],70,-1,299,-1,286
1,<environment.Job instance at 0x7f69c8f080f0>,71,18,[ 1 10],72,-1,318,-1,300
1,<environment.Job instance at 0x7f69c8f04780>,72,28,[7 4],73,-1,328,-1,300
1,<environment.Job instance at 0x7f69d2d427d0>,74,28,[4 5],75,-1,347,-1,319
1,<environment.Job instance at 0x7f69c8c4d820>,75,23,[8 3],76,-1,342,-1,319
1,<environment.Job instance at 0x7f69d2ba4f50>,77,22,[ 5 10],78,-1,344,-1,322
1,<environment.Job instance at 0x7f69c9494410>,80,21,[ 1 10],81,-1,357,-1,336
1,<environment.Job instance at 0x7f69c8c625f0>,81,28,[13  2],82,-1,364,-1,336
1,<environment.Job instance at 0x7f69c8b705a0>,82,13,[2 9],83,-1,375,-1,362
1,<environment.Job instance at 0x7f69c8b73d70>,86,13,[ 5 13],87,-1,381,-1,368
1,<environment.Job instance at 0x7f69c8b0e690>,90,24,[11  3],91,-1,418,-1,394
1,<environment.Job instance at 0x7f69c8bb71e0>,91,22,[5 8],92,-1,614,-1,592
1,<environment.Job instance at 0x7f69c8b7ebe0>,105,13,[11  1],106,-1,605,-1,592
1,<environment.Job instance at 0x7f69c8b7e410>,106,12,[ 3 10],107,-1,604,-1,592
1,<environment.Job instance at 0x7f69c8b7eaa0>,107,3,[8 3],108,-1,595,-1,592
1,<environment.Job instance at 0x7f69c8b7e1e0>,111,2,[5 1],112,-1,611,-1,609
1,<environment.Job instance at 0x7f69c8b7e190>,112,23,[1 7],113,-1,632,-1,609
1,<environment.Job instance at 0x7f69c8b1c230>,113,12,[12  2],114,-1,621,-1,609
1,<environment.Job instance at 0x7f69c8b1c910>,115,2,[14  3],116,-1,622,-1,620
1,<environment.Job instance at 0x7f69c8b1c7d0>,116,19,[ 3 14],117,-1,639,-1,620
1,<environment.Job instance at 0x7f69c8b1ca50>,117,2,[14  5],118,-1,622,-1,620
1,<environment.Job instance at 0x7f69c8b1c690>,119,18,[10  2],120,-1,664,-1,646
1,<environment.Job instance at 0x7f69c8b1cb90>,121,22,[6 1],122,-1,668,-1,646
1,<environment.Job instance at 0x7f69c8b1c0f0>,123,21,[5 1],124,-1,677,-1,656
1,<environment.Job instance at 0x7f69c8b18190>,128,27,[ 3 13],129,-1,707,-1,680
1,<environment.Job instance at 0x7f69c8b18cd0>,129,20,[14  3],130,-1,700,-1,680
1,<environment.Job instance at 0x7f69c8b18870>,130,3,[5 4],131,-1,683,-1,680
1,<environment.Job instance at 0x7f69c8b18a00>,131,14,[ 4 13],132,-1,694,-1,680
1,<environment.Job instance at 0x7f69c8b80a00>,132,1,[ 5 14],133,-1,681,-1,680
1,<environment.Job instance at 0x7f69c8b18eb0>,134,2,[10  1],135,-1,695,-1,693
1,<environment.Job instance at 0x7f69c8b1db40>,136,28,[14  3],137,-1,721,-1,693
1,<environment.Job instance at 0x7f69c8b1d190>,137,24,[ 4 11],138,-1,717,-1,693
1,<environment.Job instance at 0x7f69c8ca4aa0>,138,3,[11  1],139,-1,696,-1,693
1,<environment.Job instance at 0x7f69c8b1d230>,140,13,[9 1],141,-1,718,-1,705
1,<environment.Job instance at 0x7f69c8c48c80>,141,22,[ 1 10],142,-1,727,-1,705
1,<environment.Job instance at 0x7f69c8c48d20>,143,24,[2 7],144,-1,729,-1,705
1,<environment.Job instance at 0x7f69c8c48a50>,144,25,[5 5],145,-1,730,-1,705
1,<environment.Job instance at 0x7f69c8b01140>,147,26,[7 1],148,-1,742,-1,716
1,<environment.Job instance at 0x7f69c8c9ca50>,4,16,[ 2 11],5,-1,21,-1,5
1,<environment.Job instance at 0x7f69c8c9c730>,9,16,[ 4 13],10,-1,26,-1,10
1,<environment.Job instance at 0x7f69c8c9cbe0>,10,26,[4 7],11,-1,38,-1,12
1,<environment.Job instance at 0x7f69c8c97320>,12,15,[12  4],13,-1,28,-1,13
1,<environment.Job instance at 0x7f69c8c97820>,20,14,[7 1],21,-1,61,-1,47
1,<environment.Job instance at 0x7f69c8c974b0>,21,25,[5 1],22,-1,72,-1,47
1,<environment.Job instance at 0x7f69c8c97dc0>,25,24,[9 3],26,-1,101,-1,77
1,<environment.Job instance at 0x7f69c8c970f0>,26,15,[13  4],27,-1,92,-1,77
1,<environment.Job instance at 0x7f69c8c92460>,28,24,[ 2 13],29,-1,115,-1,91
1,<environment.Job instance at 0x7f69c8c92410>,29,3,[ 2 14],30,-1,94,-1,91
1,<environment.Job instance at 0x7f69c8c92c30>,30,16,[ 5 13],31,-1,107,-1,91
1,<environment.Job instance at 0x7f69c8c92730>,32,22,[4 8],33,-1,113,-1,91
1,<environment.Job instance at 0x7f69c8c92aa0>,33,13,[ 4 10],34,-1,104,-1,91
1,<environment.Job instance at 0x7f69c8c92230>,35,24,[6 1],36,-1,131,-1,107
1,<environment.Job instance at 0x7f69c8c92370>,37,18,[13  2],38,-1,125,-1,107
1,<environment.Job instance at 0x7f69c8c92a50>,38,19,[ 5 13],39,-1,126,-1,107
1,<environment.Job instance at 0x7f69c8c92f00>,39,28,[3 5],40,-1,135,-1,107
1,<environment.Job instance at 0x7f69c8c8f780>,42,26,[5 3],43,-1,152,-1,126
1,<environment.Job instance at 0x7f69c8c8fd70>,44,15,[ 3 11],45,-1,151,-1,136
1,<environment.Job instance at 0x7f69c8c8fc80>,46,27,[2 8],47,-1,180,-1,153
1,<environment.Job instance at 0x7f69c8c8fa00>,47,12,[ 3 11],48,-1,165,-1,153
1,<environment.Job instance at 0x7f69c8c8f2d0>,50,24,[ 5 11],51,-1,194,-1,170
1,<environment.Job instance at 0x7f69c8c8fbe0>,52,27,[4 6],53,-1,197,-1,170
1,<environment.Job instance at 0x7f69c8c8f280>,53,16,[ 2 11],54,-1,186,-1,170
1,<environment.Job instance at 0x7f69c8c8f730>,55,15,[13  3],56,-1,187,-1,172
1,<environment.Job instance at 0x7f69c8c8f870>,56,12,[14  2],57,-1,184,-1,172
1,<environment.Job instance at 0x7f69c8c88820>,57,12,[ 2 11],58,-1,184,-1,172
1,<environment.Job instance at 0x7f69c8c88c30>,59,15,[12  5],60,-1,189,-1,174
1,<environment.Job instance at 0x7f69c8c88910>,60,16,[ 3 12],61,-1,190,-1,174
1,<environment.Job instance at 0x7f69c8c88f00>,61,16,[ 3 12],62,-1,190,-1,174
1,<environment.Job instance at 0x7f69c8c88af0>,63,27,[5 1],64,-1,221,-1,194
1,<environment.Job instance at 0x7f69c8c88050>,64,25,[10  4],65,-1,219,-1,194
1,<environment.Job instance at 0x7f69c8c88b90>,65,26,[5 4],66,-1,220,-1,194
1,<environment.Job instance at 0x7f69c8c88c80>,68,12,[ 2 11],69,-1,206,-1,194
1,<environment.Job instance at 0x7f69c8c88500>,70,26,[ 2 11],71,-1,233,-1,207
1,<environment.Job instance at 0x7f69c8c881e0>,71,12,[12  1],72,-1,219,-1,207
1,<environment.Job instance at 0x7f69c8c88230>,72,1,[ 2 10],73,-1,208,-1,207
1,<environment.Job instance at 0x7f69c8c84910>,76,24,[3 6],77,-1,249,-1,225
1,<environment.Job instance at 0x7f69c8c84a50>,78,26,[7 4],79,-1,268,-1,242
1,<environment.Job instance at 0x7f69c8c84370>,80,27,[9 5],81,-1,269,-1,242
1,<environment.Job instance at 0x7f69c8c84410>,82,3,[9 2],83,-1,257,-1,254
1,<environment.Job instance at 0x7f69c8c84a00>,84,3,[10  4],85,-1,263,-1,260
1,<environment.Job instance at 0x7f69c8c842d0>,86,28,[ 3 14],87,-1,302,-1,274
1,<environment.Job instance at 0x7f69c8c80690>,93,27,[9 1],94,-1,348,-1,321
1,<environment.Job instance at 0x7f69c8c804b0>,96,15,[ 1 14],97,-1,358,-1,343
1,<environment.Job instance at 0x7f69c8c80730>,98,28,[3 6],99,-1,372,-1,344
1,<environment.Job instance at 0x7f69c8c801e0>,100,13,[14  4],101,-1,363,-1,350
1,<environment.Job instance at 0x7f69c8c803c0>,102,16,[ 1 11],103,-1,377,-1,361
1,<environment.Job instance at 0x7f69c8c802d0>,103,26,[12  3],104,-1,387,-1,361
1,<environment.Job instance at 0x7f69c8cfce10>,105,17,[ 4 13],106,-1,390,-1,373
1,<environment.Job instance at 0x7f69c8cfc820>,107,28,[1 9],108,-1,401,-1,373
1,<environment.Job instance at 0x7f69c8cfc910>,108,26,[7 3],109,-1,399,-1,373
1,<environment.Job instance at 0x7f69c8cfcbe0>,113,18,[14  3],114,-1,424,-1,406
1,<environment.Job instance at 0x7f69c8cfabe0>,118,25,[9 1],119,-1,455,-1,430
1,<environment.Job instance at 0x7f69c8cfa2d0>,119,3,[3 5],120,-1,433,-1,430
1,<environment.Job instance at 0x7f69c8cfaaf0>,123,16,[11  1],124,-1,481,-1,465
1,<environment.Job instance at 0x7f69c8cfa780>,124,2,[2 8],125,-1,467,-1,465
1,<environment.Job instance at 0x7f69c8cfac80>,126,13,[ 1 11],127,-1,478,-1,465
1,<environment.Job instance at 0x7f69c8cfaa00>,128,25,[6 1],129,-1,504,-1,479
1,<environment.Job instance at 0x7f69c8fb50f0>,129,15,[ 3 12],130,-1,494,-1,479
1,<environment.Job instance at 0x7f69c8ba6050>,130,18,[13  2],131,-1,497,-1,479
1,<environment.Job instance at 0x7f69c8fb5690>,131,1,[5 7],132,-1,480,-1,479
1,<environment.Job instance at 0x7f69c8d798c0>,133,28,[11  3],134,-1,507,-1,479
1,<environment.Job instance at 0x7f69c8d79280>,135,28,[ 4 10],136,-1,515,-1,487
1,<environment.Job instance at 0x7f69c8d79320>,136,2,[5 3],137,-1,489,-1,487
1,<environment.Job instance at 0x7f69c8b4f4b0>,141,16,[ 5 13],142,-1,533,-1,517
1,<environment.Job instance at 0x7f69c8b4ff00>,143,24,[5 6],144,-1,541,-1,517
1,<environment.Job instance at 0x7f69c9350140>,144,2,[3 5],145,-1,519,-1,517
1,<environment.Job instance at 0x7f69c979f5a0>,146,14,[ 3 14],147,-1,548,-1,534
1,<environment.Job instance at 0x7f69c97b0730>,147,24,[3 9],148,-1,558,-1,534
1,<environment.Job instance at 0x7f69c999e4b0>,3,27,[ 3 14],4,-1,31,-1,4
1,<environment.Job instance at 0x7f69c999e870>,14,12,[ 1 10],15,-1,53,-1,41
1,<environment.Job instance at 0x7f69c999e1e0>,18,2,[7 2],19,-1,77,-1,75
1,<environment.Job instance at 0x7f69c999e140>,19,15,[ 5 10],20,-1,138,-1,123
1,<environment.Job instance at 0x7f69c99a9550>,32,12,[ 4 10],33,-1,207,-1,195
1,<environment.Job instance at 0x7f69c99b0730>,33,23,[10  3],34,-1,218,-1,195
1,<environment.Job instance at 0x7f69c99b00a0>,34,24,[4 8],35,-1,219,-1,195
1,<environment.Job instance at 0x7f69c99b0be0>,35,26,[14  5],36,-1,221,-1,195
1,<environment.Job instance at 0x7f69c99b0aa0>,36,1,[8 1],37,-1,196,-1,195
1,<environment.Job instance at 0x7f69c99b0b90>,38,2,[7 2],39,-1,202,-1,200
1,<environment.Job instance at 0x7f69c99b0dc0>,39,1,[1 5],40,-1,201,-1,200
1,<environment.Job instance at 0x7f69c99a5960>,40,1,[1 6],41,-1,201,-1,200
1,<environment.Job instance at 0x7f69c99bd320>,69,22,[12  5],70,-1,532,-1,510
1,<environment.Job instance at 0x7f69c99bd3c0>,70,23,[7 1],71,-1,539,-1,516
1,<environment.Job instance at 0x7f69c9255050>,78,14,[ 5 14],79,-1,574,-1,560
1,<environment.Job instance at 0x7f69c99c4370>,79,12,[10  1],80,-1,582,-1,570
1,<environment.Job instance at 0x7f69c99c1d20>,80,12,[8 1],81,-1,659,-1,647
1,<environment.Job instance at 0x7f69c9266140>,86,13,[10  5],87,-1,661,-1,648
1,<environment.Job instance at 0x7f69c9266550>,87,23,[9 5],88,-1,671,-1,648
1,<environment.Job instance at 0x7f69c92660f0>,88,23,[8 1],89,-1,671,-1,648
1,<environment.Job instance at 0x7f69c927cd20>,90,15,[ 5 14],91,-1,663,-1,648
1,<environment.Job instance at 0x7f69c8ed7b90>,105,22,[ 1 13],106,-1,818,-1,796
1,<environment.Job instance at 0x7f69c8eccaf0>,141,12,[13  4],142,-1,1173,-1,1161
1,<environment.Job instance at 0x7f69c8ecf280>,3,18,[14  1],4,-1,22,-1,4
1,<environment.Job instance at 0x7f69c9bdd460>,6,15,[ 5 11],7,-1,23,-1,8
1,<environment.Job instance at 0x7f69c9bddf50>,11,28,[ 3 12],12,-1,46,-1,18
1,<environment.Job instance at 0x7f69c9841500>,14,16,[ 1 14],15,-1,59,-1,43
1,<environment.Job instance at 0x7f69c9bdd1e0>,10,22,[1 8],11,-1,161,-1,139
1,<environment.Job instance at 0x7f69c92dfcd0>,31,13,[6 1],32,-1,158,-1,145
1,<environment.Job instance at 0x7f69c9615eb0>,65,15,[10  1],66,-1,416,-1,401
1,<environment.Job instance at 0x7f69c96155f0>,70,13,[ 2 10],71,-1,441,-1,428
1,<environment.Job instance at 0x7f69c96154b0>,72,16,[11  3],73,-1,461,-1,445
1,<environment.Job instance at 0x7f69c9615690>,74,2,[2 6],75,-1,448,-1,446
1,<environment.Job instance at 0x7f69c96156e0>,75,24,[1 6],76,-1,470,-1,446
1,<environment.Job instance at 0x7f69c9615a50>,76,16,[14  5],77,-1,462,-1,446
1,<environment.Job instance at 0x7f69c95e9780>,80,13,[ 4 10],81,-1,489,-1,476
1,<environment.Job instance at 0x7f69c95e9e60>,82,2,[9 1],83,-1,483,-1,481
1,<environment.Job instance at 0x7f69c9540280>,85,14,[ 1 14],86,-1,509,-1,495
1,<environment.Job instance at 0x7f69c9540780>,87,22,[12  2],88,-1,517,-1,495
1,<environment.Job instance at 0x7f69c95403c0>,88,26,[ 2 10],89,-1,521,-1,495
1,<environment.Job instance at 0x7f69c95409b0>,89,14,[12  5],90,-1,509,-1,495
1,<environment.Job instance at 0x7f69c9540500>,92,3,[1 9],93,-1,515,-1,512
1,<environment.Job instance at 0x7f69c9540be0>,93,24,[9 3],94,-1,536,-1,512
1,<environment.Job instance at 0x7f69c9540fa0>,94,23,[13  5],95,-1,535,-1,512
1,<environment.Job instance at 0x7f69c95405f0>,95,22,[ 4 10],96,-1,534,-1,512
1,<environment.Job instance at 0x7f69c9540320>,96,20,[ 2 10],97,-1,532,-1,512
1,<environment.Job instance at 0x7f69c98c1910>,97,2,[12  3],98,-1,514,-1,512
1,<environment.Job instance at 0x7f69c98c1a50>,98,25,[3 6],99,-1,537,-1,512
1,<environment.Job instance at 0x7f69c98c1cd0>,99,1,[8 4],100,-1,513,-1,512
1,<environment.Job instance at 0x7f69c98c10a0>,100,13,[12  4],101,-1,525,-1,512
1,<environment.Job instance at 0x7f69c98c11e0>,101,27,[9 3],102,-1,539,-1,512
1,<environment.Job instance at 0x7f69c98c1370>,103,18,[ 5 12],104,-1,538,-1,520
1,<environment.Job instance at 0x7f69c98c1280>,104,2,[ 2 13],105,-1,522,-1,520
1,<environment.Job instance at 0x7f69c98c1b90>,105,26,[ 3 14],106,-1,546,-1,520
1,<environment.Job instance at 0x7f69c98c1c30>,106,15,[11  5],107,-1,535,-1,520
1,<environment.Job instance at 0x7f69c98c15a0>,109,25,[8 4],110,-1,560,-1,535
1,<environment.Job instance at 0x7f69c98c1dc0>,112,18,[ 4 12],113,-1,554,-1,536
1,<environment.Job instance at 0x7f69c98c1a00>,113,14,[4 5],114,-1,553,-1,539
1,<environment.Job instance at 0x7f69c98c1820>,115,3,[14  5],116,-1,556,-1,553
1,<environment.Job instance at 0x7f69c9ac5550>,117,15,[ 1 10],118,-1,569,-1,554
1,<environment.Job instance at 0x7f69c9ac5b40>,118,1,[8 1],119,-1,555,-1,554
1,<environment.Job instance at 0x7f69c9ac5280>,121,2,[10  4],122,-1,566,-1,564
1,<environment.Job instance at 0x7f69c9ac55a0>,122,26,[1 6],123,-1,590,-1,564
1,<environment.Job instance at 0x7f69c9ac59b0>,123,23,[5 5],124,-1,587,-1,564
1,<environment.Job instance at 0x7f69c9ac5d70>,124,12,[12  2],125,-1,576,-1,564
1,<environment.Job instance at 0x7f69c9ac53c0>,125,15,[14  2],126,-1,579,-1,564
1,<environment.Job instance at 0x7f69c9ac57d0>,129,12,[12  5],130,-1,596,-1,584
1,<environment.Job instance at 0x7f69c97e7500>,132,26,[10  5],133,-1,632,-1,606
1,<environment.Job instance at 0x7f69c97e71e0>,133,27,[10  3],134,-1,633,-1,606
1,<environment.Job instance at 0x7f69c9254c80>,135,28,[1 7],136,-1,634,-1,606
1,<environment.Job instance at 0x7f69c9a62690>,136,25,[6 4],137,-1,631,-1,606
1,<environment.Job instance at 0x7f69c966e230>,137,17,[ 2 10],138,-1,634,-1,617
1,<environment.Job instance at 0x7f69c96b6820>,139,12,[9 1],140,-1,629,-1,617
1,<environment.Job instance at 0x7f69c967a820>,140,26,[3 6],141,-1,643,-1,617
1,<environment.Job instance at 0x7f69c96b65a0>,142,21,[ 1 12],143,-1,640,-1,619
1,<environment.Job instance at 0x7f69c96b6fa0>,144,13,[13  4],145,-1,639,-1,626
1,<environment.Job instance at 0x7f69c96b61e0>,145,24,[10  4],146,-1,650,-1,626
1,<environment.Job instance at 0x7f69c97a8f00>,147,17,[ 2 11],148,-1,657,-1,640
1,<environment.Job instance at 0x7f69c96f5910>,63,17,[ 2 12],64,-1,3605,-1,3588
1,<environment.Job instance at 0x7f69c96b5690>,2,13,[ 2 13],3,-1,16,-1,3
1,<environment.Job instance at 0x7f69c87c9960>,3,14,[ 1 13],4,-1,18,-1,4
1,<environment.Job instance at 0x7f69c8ca6640>,5,28,[8 5],6,-1,34,-1,6
1,<environment.Job instance at 0x7f69c88270f0>,9,12,[10  1],10,-1,22,-1,10
1,<environment.Job instance at 0x7f69c88271e0>,11,14,[ 4 10],12,-1,26,-1,12
1,<environment.Job instance at 0x7f69c88273c0>,14,20,[5 1],15,-1,42,-1,22
1,<environment.Job instance at 0x7f69c88274b0>,15,12,[11  5],16,-1,34,-1,22
1,<environment.Job instance at 0x7f69c8ed2140>,21,19,[ 4 11],22,-1,95,-1,76
1,<environment.Job instance at 0x7f69c8950190>,22,24,[9 5],23,-1,100,-1,76
1,<environment.Job instance at 0x7f69c89504b0>,24,16,[ 3 10],25,-1,95,-1,79
1,<environment.Job instance at 0x7f69c89508c0>,26,3,[4 8],27,-1,82,-1,79
1,<environment.Job instance at 0x7f69c8950460>,28,2,[1 6],29,-1,91,-1,89
1,<environment.Job instance at 0x7f69c8950370>,29,14,[ 4 12],30,-1,103,-1,89
1,<environment.Job instance at 0x7f69c89505f0>,30,12,[5 1],31,-1,101,-1,89
1,<environment.Job instance at 0x7f69c94a4fa0>,31,27,[ 2 11],32,-1,116,-1,89
1,<environment.Job instance at 0x7f69c9ca9a00>,32,3,[2 6],33,-1,92,-1,89
1,<environment.Job instance at 0x7f69c9974e10>,35,16,[12  1],36,-1,124,-1,108
1,<environment.Job instance at 0x7f69c99742d0>,36,26,[9 2],37,-1,134,-1,108
1,<environment.Job instance at 0x7f69c8888640>,37,12,[ 5 10],38,-1,120,-1,108
1,<environment.Job instance at 0x7f69c8888910>,38,20,[ 1 13],39,-1,128,-1,108
1,<environment.Job instance at 0x7f69c8888050>,39,14,[5 1],40,-1,122,-1,108
1,<environment.Job instance at 0x7f69c88889b0>,41,15,[10  3],42,-1,123,-1,108
1,<environment.Job instance at 0x7f69c8888460>,42,23,[ 3 10],43,-1,131,-1,108
1,<environment.Job instance at 0x7f69c88885f0>,44,25,[1 6],45,-1,146,-1,121
1,<environment.Job instance at 0x7f69c8888b40>,45,17,[8 1],46,-1,148,-1,131
1,<environment.Job instance at 0x7f69c8888c30>,46,24,[1 9],47,-1,155,-1,131
1,<environment.Job instance at 0x7f69c88e69b0>,48,12,[7 4],49,-1,144,-1,132
1,<environment.Job instance at 0x7f69c88e6c30>,49,14,[ 3 10],50,-1,146,-1,132
1,<environment.Job instance at 0x7f69c88e6500>,50,1,[7 3],51,-1,133,-1,132
1,<environment.Job instance at 0x7f69c88e6e10>,51,26,[13  1],52,-1,158,-1,132
1,<environment.Job instance at 0x7f69c8953320>,54,19,[ 5 13],55,-1,156,-1,137
1,<environment.Job instance at 0x7f69c89535a0>,55,14,[ 2 10],56,-1,151,-1,137
1,<environment.Job instance at 0x7f69c89537d0>,56,25,[3 9],57,-1,162,-1,137
1,<environment.Job instance at 0x7f69c8953190>,57,16,[ 3 10],58,-1,153,-1,137
1,<environment.Job instance at 0x7f69c8876a00>,60,17,[ 3 10],61,-1,170,-1,153
1,<environment.Job instance at 0x7f69c8818190>,62,13,[ 3 10],63,-1,178,-1,165
1,<environment.Job instance at 0x7f69c8f9c460>,66,14,[1 9],67,-1,205,-1,191
1,<environment.Job instance at 0x7f69c9715780>,67,13,[11  4],68,-1,204,-1,191
1,<environment.Job instance at 0x7f69c9bffc80>,69,16,[ 2 13],70,-1,211,-1,195
1,<environment.Job instance at 0x7f69c9816d70>,70,1,[5 8],71,-1,196,-1,195
1,<environment.Job instance at 0x7f69c97a4b90>,72,2,[9 3],73,-1,199,-1,197
1,<environment.Job instance at 0x7f69c8fa50a0>,75,23,[9 4],76,-1,236,-1,213
1,<environment.Job instance at 0x7f69c97786e0>,77,21,[ 5 13],78,-1,243,-1,222
1,<environment.Job instance at 0x7f69c9961d70>,76,21,[8 2],77,-1,279,-1,258
1,<environment.Job instance at 0x7f69c9887550>,83,28,[10  4],84,-1,286,-1,258
1,<environment.Job instance at 0x7f69c9887eb0>,84,14,[5 1],85,-1,272,-1,258
1,<environment.Job instance at 0x7f69c9887320>,85,25,[5 7],86,-1,283,-1,258
1,<environment.Job instance at 0x7f69c9887410>,86,16,[13  3],87,-1,274,-1,258
1,<environment.Job instance at 0x7f69c9887d70>,88,18,[7 1],89,-1,278,-1,260
1,<environment.Job instance at 0x7f69c98876e0>,89,14,[9 1],90,-1,274,-1,260
1,<environment.Job instance at 0x7f69c9887b40>,90,12,[7 1],91,-1,272,-1,260
1,<environment.Job instance at 0x7f69c9887280>,92,28,[3 8],93,-1,304,-1,276
1,<environment.Job instance at 0x7f69c887d460>,93,18,[ 1 14],94,-1,294,-1,276
1,<environment.Job instance at 0x7f69c88e76e0>,96,16,[12  2],97,-1,308,-1,292
1,<environment.Job instance at 0x7f69c88e7c80>,97,12,[11  2],98,-1,304,-1,292
1,<environment.Job instance at 0x7f69c88e7190>,100,21,[11  1],101,-1,329,-1,308
1,<environment.Job instance at 0x7f69c88e8fa0>,101,1,[ 5 10],102,-1,309,-1,308
1,<environment.Job instance at 0x7f69c9600f00>,102,24,[8 3],103,-1,332,-1,308
1,<environment.Job instance at 0x7f69c88e8050>,103,14,[11  2],104,-1,322,-1,308
1,<environment.Job instance at 0x7f69c88e87d0>,104,23,[ 5 10],105,-1,331,-1,308
1,<environment.Job instance at 0x7f69c97d4c30>,105,25,[ 2 14],106,-1,333,-1,308
1,<environment.Job instance at 0x7f69c97d4460>,106,12,[ 3 13],107,-1,320,-1,308
1,<environment.Job instance at 0x7f69c9fcb230>,116,13,[11  2],117,-1,400,-1,387
1,<environment.Job instance at 0x7f69c9bef460>,117,13,[12  3],118,-1,400,-1,387
1,<environment.Job instance at 0x7f69ca020690>,121,24,[14  3],122,-1,425,-1,401
1,<environment.Job instance at 0x7f69ca020500>,122,25,[ 5 10],123,-1,426,-1,401
1,<environment.Job instance at 0x7f69c9beff00>,123,16,[ 3 12],124,-1,417,-1,401
1,<environment.Job instance at 0x7f69c9f29780>,134,12,[ 4 10],135,-1,484,-1,472
1,<environment.Job instance at 0x7f69c9f298c0>,135,21,[10  5],136,-1,648,-1,627
1,<environment.Job instance at 0x7f69c9b5fcd0>,146,28,[5 4],147,-1,660,-1,632
1,<environment.Job instance at 0x7f69c9b72be0>,1,2,[ 2 12],2,-1,4,-1,2
1,<environment.Job instance at 0x7f69c9b5f370>,2,28,[7 1],3,-1,31,-1,3
1,<environment.Job instance at 0x7f69c9bb2a00>,3,18,[ 3 14],4,-1,22,-1,4
1,<environment.Job instance at 0x7f69c9bb2aa0>,5,16,[ 1 14],6,-1,22,-1,6
1,<environment.Job instance at 0x7f69c9bb2f00>,6,26,[3 8],7,-1,33,-1,7
1,<environment.Job instance at 0x7f69c9bb2640>,7,26,[10  5],8,-1,34,-1,8
1,<environment.Job instance at 0x7f69c9fc5d70>,9,16,[12  4],10,-1,26,-1,10
1,<environment.Job instance at 0x7f69c9fdb1e0>,12,24,[5 8],13,-1,37,-1,13
1,<environment.Job instance at 0x7f69c9fcc0a0>,14,22,[7 2],15,-1,126,-1,104
1,<environment.Job instance at 0x7f69c9249500>,32,1,[7 4],33,-1,147,-1,146
1,<environment.Job instance at 0x7f69c925e910>,37,20,[ 5 13],38,-1,197,-1,177
1,<environment.Job instance at 0x7f69c8d0c9b0>,40,13,[8 2],41,-1,211,-1,198
1,<environment.Job instance at 0x7f69c8d3e730>,42,25,[6 1],43,-1,223,-1,198
1,<environment.Job instance at 0x7f69c9703b40>,43,23,[5 5],44,-1,221,-1,198
1,<environment.Job instance at 0x7f69c9245140>,44,28,[8 5],45,-1,226,-1,198
1,<environment.Job instance at 0x7f69c9245c30>,45,12,[13  5],46,-1,210,-1,198
1,<environment.Job instance at 0x7f69c8d23c30>,47,23,[10  2],48,-1,232,-1,209
1,<environment.Job instance at 0x7f69c8d23dc0>,48,21,[10  3],49,-1,273,-1,252
1,<environment.Job instance at 0x7f69c92767d0>,55,25,[5 3],56,-1,295,-1,270
1,<environment.Job instance at 0x7f69c9702d70>,57,2,[5 7],58,-1,272,-1,270
1,<environment.Job instance at 0x7f69c9702c30>,58,14,[ 4 10],59,-1,284,-1,270
1,<environment.Job instance at 0x7f69c9702eb0>,60,27,[ 2 10],61,-1,312,-1,285
1,<environment.Job instance at 0x7f69c9702c80>,61,16,[ 1 12],62,-1,301,-1,285
1,<environment.Job instance at 0x7f69c9702f50>,62,15,[13  4],63,-1,300,-1,285
1,<environment.Job instance at 0x7f69c96e30f0>,63,2,[ 1 13],64,-1,287,-1,285
1,<environment.Job instance at 0x7f69c96e3a00>,64,17,[ 1 10],65,-1,302,-1,285
1,<environment.Job instance at 0x7f69c96e3190>,65,28,[ 2 14],66,-1,313,-1,285
1,<environment.Job instance at 0x7f69c96e3640>,66,28,[5 1],67,-1,313,-1,285
1,<environment.Job instance at 0x7f69c96e3730>,68,13,[8 2],69,-1,318,-1,305
1,<environment.Job instance at 0x7f69c96e3b40>,69,21,[ 1 11],70,-1,326,-1,305
1,<environment.Job instance at 0x7f69c96e3b90>,70,21,[9 1],71,-1,326,-1,305
1,<environment.Job instance at 0x7f69c96e38c0>,71,21,[8 2],72,-1,326,-1,305
1,<environment.Job instance at 0x7f69c96e3460>,73,21,[8 3],74,-1,328,-1,307
1,<environment.Job instance at 0x7f69c96e5870>,75,26,[2 9],76,-1,338,-1,312
1,<environment.Job instance at 0x7f69c96e58c0>,77,12,[ 2 13],78,-1,327,-1,315
1,<environment.Job instance at 0x7f69c96e5960>,78,17,[11  4],79,-1,332,-1,315
1,<environment.Job instance at 0x7f69c96e5aa0>,79,27,[ 4 13],80,-1,342,-1,315
1,<environment.Job instance at 0x7f69c96e5820>,80,15,[14  1],81,-1,330,-1,315
1,<environment.Job instance at 0x7f69c96e5eb0>,84,26,[ 4 10],85,-1,377,-1,351
1,<environment.Job instance at 0x7f69c96e5f50>,88,25,[5 5],89,-1,393,-1,368
1,<environment.Job instance at 0x7f69c9710050>,89,26,[2 9],90,-1,394,-1,368
1,<environment.Job instance at 0x7f69c9710230>,91,15,[12  4],92,-1,392,-1,377
1,<environment.Job instance at 0x7f69c97102d0>,92,27,[10  3],93,-1,404,-1,377
1,<environment.Job instance at 0x7f69c9710370>,93,1,[ 1 11],94,-1,378,-1,377
1,<environment.Job instance at 0x7f69c9710410>,94,18,[ 2 12],95,-1,395,-1,377
1,<environment.Job instance at 0x7f69c97104b0>,95,22,[ 2 11],96,-1,399,-1,377
1,<environment.Job instance at 0x7f69c9710550>,96,23,[8 4],97,-1,400,-1,377
1,<environment.Job instance at 0x7f69c97105f0>,97,1,[2 5],98,-1,378,-1,377
1,<environment.Job instance at 0x7f69c9710690>,98,28,[ 4 10],99,-1,405,-1,377
1,<environment.Job instance at 0x7f69c97107d0>,100,3,[5 6],101,-1,390,-1,387
1,<environment.Job instance at 0x7f69c9710870>,101,24,[2 6],102,-1,411,-1,387
1,<environment.Job instance at 0x7f69c9710b40>,105,27,[ 2 10],106,-1,437,-1,410
1,<environment.Job instance at 0x7f69c9710b90>,107,1,[11  5],108,-1,417,-1,416
1,<environment.Job instance at 0x7f69c9710e60>,108,14,[ 5 14],109,-1,430,-1,416
1,<environment.Job instance at 0x7f69c9710fa0>,110,25,[9 2],111,-1,450,-1,425
1,<environment.Job instance at 0x7f69c9710e10>,112,2,[ 5 13],113,-1,429,-1,427
1,<environment.Job instance at 0x7f69c9706320>,115,13,[ 5 13],116,-1,455,-1,442
1,<environment.Job instance at 0x7f69c97063c0>,116,19,[ 3 10],117,-1,461,-1,442
1,<environment.Job instance at 0x7f69c9706230>,118,24,[5 1],119,-1,479,-1,455
1,<environment.Job instance at 0x7f69c9706550>,119,13,[ 5 12],120,-1,468,-1,455
1,<environment.Job instance at 0x7f69c9706690>,121,23,[1 8],122,-1,484,-1,461
1,<environment.Job instance at 0x7f69c97062d0>,122,28,[ 2 10],123,-1,489,-1,461
1,<environment.Job instance at 0x7f69c9706820>,124,16,[ 2 10],125,-1,486,-1,470
1,<environment.Job instance at 0x7f69c97068c0>,125,21,[ 3 14],126,-1,491,-1,470
1,<environment.Job instance at 0x7f69c9706960>,126,21,[ 2 10],127,-1,491,-1,470
1,<environment.Job instance at 0x7f69c9706b90>,129,21,[13  5],130,-1,508,-1,487
1,<environment.Job instance at 0x7f69c9706e10>,131,3,[9 4],132,-1,497,-1,494
1,<environment.Job instance at 0x7f69c9706f50>,132,2,[7 5],133,-1,496,-1,494
1,<environment.Job instance at 0x7f69c9706fa0>,133,14,[11  4],134,-1,508,-1,494
1,<environment.Job instance at 0x7f69c9706f00>,134,12,[10  1],135,-1,506,-1,494
1,<environment.Job instance at 0x7f69c9706e60>,135,28,[ 1 13],136,-1,522,-1,494
1,<environment.Job instance at 0x7f69c970f230>,136,19,[ 5 14],137,-1,513,-1,494
1,<environment.Job instance at 0x7f69c970f2d0>,137,12,[10  1],138,-1,506,-1,494
1,<environment.Job instance at 0x7f69c970f500>,139,2,[ 4 14],140,-1,513,-1,511
1,<environment.Job instance at 0x7f69c970f4b0>,140,18,[14  4],141,-1,529,-1,511
1,<environment.Job instance at 0x7f69c970f280>,141,18,[ 3 11],142,-1,529,-1,511
1,<environment.Job instance at 0x7f69c970f5a0>,142,12,[ 1 10],143,-1,523,-1,511
1,<environment.Job instance at 0x7f69c970f640>,143,26,[ 2 11],144,-1,537,-1,511
1,<environment.Job instance at 0x7f69c970f6e0>,144,13,[13  4],145,-1,524,-1,511
1,<environment.Job instance at 0x7f69c970fa00>,147,13,[12  4],148,-1,534,-1,521
1,<environment.Job instance at 0x7f69c970faa0>,148,17,[ 5 13],149,-1,538,-1,521
1,<environment.Job instance at 0x7f69c925e5a0>,41,27,[6 4],42,-1,3213,-1,3186
1,<environment.Job instance at 0x7f69c9703aa0>,2,17,[ 2 14],3,-1,20,-1,3
1,<environment.Job instance at 0x7f69c8ef52d0>,14,13,[3 9],15,-1,106,-1,93
1,<environment.Job instance at 0x7f69c8ef5e60>,15,13,[12  4],16,-1,106,-1,93
1,<environment.Job instance at 0x7f69c8ef5140>,17,28,[11  4],18,-1,128,-1,100
1,<environment.Job instance at 0x7f69c8ef5cd0>,18,26,[5 7],19,-1,126,-1,100
1,<environment.Job instance at 0x7f69c8ef55a0>,19,2,[5 1],20,-1,102,-1,100
1,<environment.Job instance at 0x7f69c8ef5aa0>,20,16,[11  2],21,-1,116,-1,100
1,<environment.Job instance at 0x7f69c8ef50a0>,21,18,[9 5],22,-1,148,-1,130
1,<environment.Job instance at 0x7f69c9deb320>,25,19,[7 5],26,-1,150,-1,131
1,<environment.Job instance at 0x7f69c9deb370>,26,17,[10  1],27,-1,148,-1,131
1,<environment.Job instance at 0x7f69c9deb500>,27,14,[5 8],28,-1,145,-1,131
1,<environment.Job instance at 0x7f69c9debaf0>,28,13,[7 2],29,-1,144,-1,131
1,<environment.Job instance at 0x7f69c9deb230>,29,14,[8 2],30,-1,145,-1,131
1,<environment.Job instance at 0x7f69c9debdc0>,30,17,[7 2],31,-1,148,-1,131
1,<environment.Job instance at 0x7f69c9deb0f0>,31,15,[3 5],32,-1,146,-1,131
1,<environment.Job instance at 0x7f69c9deb4b0>,32,16,[3 9],33,-1,147,-1,131
1,<environment.Job instance at 0x7f69c9deb5f0>,33,16,[5 5],34,-1,147,-1,131
1,<environment.Job instance at 0x7f69c9deb0a0>,34,13,[4 6],35,-1,144,-1,131
1,<environment.Job instance at 0x7f69c9deb870>,35,15,[12  2],36,-1,146,-1,131
1,<environment.Job instance at 0x7f69c9deb730>,36,12,[7 4],37,-1,143,-1,131
1,<environment.Job instance at 0x7f69c9deb910>,37,1,[4 5],38,-1,132,-1,131
1,<environment.Job instance at 0x7f69c9deba00>,38,21,[8 1],39,-1,152,-1,131
1,<environment.Job instance at 0x7f69c9deb280>,39,15,[ 3 13],40,-1,146,-1,131
1,<environment.Job instance at 0x7f69c9debd20>,40,21,[9 1],41,-1,152,-1,131
1,<environment.Job instance at 0x7f69c9debf50>,41,18,[7 3],42,-1,150,-1,132
1,<environment.Job instance at 0x7f69c97590a0>,42,28,[9 4],43,-1,160,-1,132
1,<environment.Job instance at 0x7f69c97591e0>,43,13,[ 5 11],44,-1,145,-1,132
1,<environment.Job instance at 0x7f69c9759a00>,44,19,[5 5],45,-1,151,-1,132
1,<environment.Job instance at 0x7f69c9759820>,45,24,[8 4],46,-1,156,-1,132
1,<environment.Job instance at 0x7f69c9759460>,46,12,[8 1],47,-1,144,-1,132
1,<environment.Job instance at 0x7f69c97595f0>,47,14,[10  2],48,-1,146,-1,132
1,<environment.Job instance at 0x7f69c9759190>,48,22,[5 5],49,-1,154,-1,132
1,<environment.Job instance at 0x7f69c9759280>,49,3,[7 5],50,-1,135,-1,132
1,<environment.Job instance at 0x7f69c9759d70>,50,14,[4 9],51,-1,146,-1,132
1,<environment.Job instance at 0x7f69c9759eb0>,51,26,[6 1],52,-1,158,-1,132
1,<environment.Job instance at 0x7f69c9759be0>,52,3,[ 5 14],53,-1,135,-1,132
1,<environment.Job instance at 0x7f69c9119e10>,53,18,[14  4],54,-1,150,-1,132
1,<environment.Job instance at 0x7f69c9119690>,54,20,[3 6],55,-1,152,-1,132
1,<environment.Job instance at 0x7f69c9119a00>,55,15,[3 9],56,-1,147,-1,132
1,<environment.Job instance at 0x7f69c9119eb0>,56,15,[5 5],57,-1,147,-1,132
1,<environment.Job instance at 0x7f69c9119d20>,57,18,[8 5],58,-1,150,-1,132
1,<environment.Job instance at 0x7f69c9460370>,58,12,[ 1 10],59,-1,144,-1,132
1,<environment.Job instance at 0x7f69c9460280>,59,2,[13  2],60,-1,134,-1,132
1,<environment.Job instance at 0x7f69c9460f00>,60,15,[10  2],61,-1,147,-1,132
1,<environment.Job instance at 0x7f69c94605a0>,61,25,[1 6],62,-1,157,-1,132
1,<environment.Job instance at 0x7f69c9460cd0>,62,26,[5 5],63,-1,158,-1,132
1,<environment.Job instance at 0x7f69c9460730>,63,15,[12  2],64,-1,147,-1,132
1,<environment.Job instance at 0x7f69c9460b90>,64,14,[ 1 10],65,-1,146,-1,132
1,<environment.Job instance at 0x7f69c9460820>,65,22,[5 8],66,-1,154,-1,132
1,<environment.Job instance at 0x7f69c9460a50>,66,13,[5 5],67,-1,145,-1,132
1,<environment.Job instance at 0x7f69c94601e0>,67,14,[14  4],68,-1,146,-1,132
1,<environment.Job instance at 0x7f69c9af8460>,68,3,[4 8],69,-1,135,-1,132
1,<environment.Job instance at 0x7f69c9af8500>,69,17,[7 1],70,-1,149,-1,132
1,<environment.Job instance at 0x7f69c9af83c0>,70,16,[2 8],71,-1,148,-1,132
1,<environment.Job instance at 0x7f69c9af8230>,71,23,[3 6],72,-1,155,-1,132
1,<environment.Job instance at 0x7f69c9af8190>,72,14,[1 7],73,-1,146,-1,132
1,<environment.Job instance at 0x7f69ca06ad70>,73,13,[4 5],74,-1,145,-1,132
1,<environment.Job instance at 0x7f69ca06a280>,74,23,[2 6],75,-1,155,-1,132
1,<environment.Job instance at 0x7f69ca06a5f0>,75,15,[ 3 13],76,-1,147,-1,132
1,<environment.Job instance at 0x7f69ca06a7d0>,76,15,[5 5],77,-1,147,-1,132
1,<environment.Job instance at 0x7f69ca06acd0>,77,22,[6 5],78,-1,154,-1,132
1,<environment.Job instance at 0x7f69ca06af50>,78,24,[9 2],79,-1,156,-1,132
1,<environment.Job instance at 0x7f69ca06a500>,79,13,[11  4],80,-1,145,-1,132
1,<environment.Job instance at 0x7f69c97c5690>,80,17,[ 3 12],81,-1,149,-1,132
1,<environment.Job instance at 0x7f69ca020280>,81,2,[7 4],82,-1,134,-1,132
1,<environment.Job instance at 0x7f69c8fee190>,82,2,[4 6],83,-1,134,-1,132
1,<environment.Job instance at 0x7f69c9d345f0>,83,2,[12  2],84,-1,134,-1,132
1,<environment.Job instance at 0x7f69c9d34190>,84,17,[13  5],85,-1,149,-1,132
1,<environment.Job instance at 0x7f69c9d34870>,85,15,[1 6],86,-1,147,-1,132
1,<environment.Job instance at 0x7f69c9d34730>,86,16,[4 6],87,-1,148,-1,132
1,<environment.Job instance at 0x7f69c9d34d20>,87,15,[ 5 12],88,-1,147,-1,132
1,<environment.Job instance at 0x7f69c9d34a50>,88,19,[ 4 10],89,-1,151,-1,132
1,<environment.Job instance at 0x7f69c9060af0>,89,3,[3 6],90,-1,135,-1,132
1,<environment.Job instance at 0x7f69c9d56230>,90,18,[2 9],91,-1,150,-1,132
1,<environment.Job instance at 0x7f69c9c95050>,91,16,[2 7],92,-1,148,-1,132
1,<environment.Job instance at 0x7f69c99f5410>,92,25,[10  5],93,-1,157,-1,132
1,<environment.Job instance at 0x7f69c939a1e0>,93,16,[7 3],94,-1,149,-1,133
1,<environment.Job instance at 0x7f69c9d340a0>,94,12,[8 4],95,-1,145,-1,133
1,<environment.Job instance at 0x7f69c91f6140>,95,16,[1 8],96,-1,150,-1,134
1,<environment.Job instance at 0x7f69c9aad140>,96,28,[4 6],97,-1,162,-1,134
1,<environment.Job instance at 0x7f69c9aad2d0>,97,26,[2 6],98,-1,160,-1,134
1,<environment.Job instance at 0x7f69c8e4d8c0>,98,20,[9 3],99,-1,154,-1,134
1,<environment.Job instance at 0x7f69c91b67d0>,99,15,[14  4],100,-1,149,-1,134
1,<environment.Job instance at 0x7f69c90264b0>,100,13,[13  5],101,-1,147,-1,134
1,<environment.Job instance at 0x7f69c9026050>,101,12,[6 2],102,-1,146,-1,134
1,<environment.Job instance at 0x7f69d2bfafa0>,102,17,[2 5],103,-1,151,-1,134
1,<environment.Job instance at 0x7f69c8f17c30>,103,17,[5 3],104,-1,151,-1,134
1,<environment.Job instance at 0x7f69c97ef960>,104,12,[2 7],105,-1,146,-1,134
1,<environment.Job instance at 0x7f69ca0ec9b0>,105,1,[ 1 13],106,-1,135,-1,134
1,<environment.Job instance at 0x7f69c91b6370>,106,26,[8 2],107,-1,160,-1,134
1,<environment.Job instance at 0x7f69c91b6dc0>,107,26,[5 7],108,-1,160,-1,134
1,<environment.Job instance at 0x7f69c8f132d0>,108,13,[4 6],109,-1,147,-1,134
1,<environment.Job instance at 0x7f69c8f13960>,109,26,[11  1],110,-1,160,-1,134
1,<environment.Job instance at 0x7f69c8f135f0>,110,12,[1 7],111,-1,146,-1,134
1,<environment.Job instance at 0x7f69ca037730>,111,15,[2 6],112,-1,149,-1,134
1,<environment.Job instance at 0x7f69c8c7d960>,112,13,[10  1],113,-1,147,-1,134
1,<environment.Job instance at 0x7f69c8c7de10>,113,18,[1 7],114,-1,152,-1,134
1,<environment.Job instance at 0x7f69c8c7da00>,114,16,[9 3],115,-1,150,-1,134
1,<environment.Job instance at 0x7f69c8c7d0f0>,115,18,[ 1 12],116,-1,152,-1,134
1,<environment.Job instance at 0x7f69c89174b0>,116,15,[ 3 11],117,-1,149,-1,134
1,<environment.Job instance at 0x7f69c8ea0a50>,117,24,[1 5],118,-1,158,-1,134
1,<environment.Job instance at 0x7f69c9281fa0>,118,23,[6 3],119,-1,157,-1,134
1,<environment.Job instance at 0x7f69c8f18eb0>,119,16,[ 2 13],120,-1,150,-1,134
1,<environment.Job instance at 0x7f69c8f182d0>,120,21,[ 4 13],121,-1,155,-1,134
1,<environment.Job instance at 0x7f69c8f181e0>,121,18,[7 4],122,-1,152,-1,134
1,<environment.Job instance at 0x7f69c9519d70>,122,14,[ 2 10],123,-1,148,-1,134
1,<environment.Job instance at 0x7f69c8fea3c0>,123,27,[13  3],124,-1,161,-1,134
1,<environment.Job instance at 0x7f69c8fea690>,124,24,[3 9],125,-1,158,-1,134
1,<environment.Job instance at 0x7f69c91fbc30>,125,2,[5 7],126,-1,136,-1,134
1,<environment.Job instance at 0x7f69c91fb6e0>,126,23,[14  1],127,-1,157,-1,134
1,<environment.Job instance at 0x7f69c951ceb0>,127,27,[11  2],128,-1,161,-1,134
1,<environment.Job instance at 0x7f69c951c410>,128,14,[9 1],129,-1,148,-1,134
1,<environment.Job instance at 0x7f69c9825af0>,129,12,[10  4],130,-1,146,-1,134
1,<environment.Job instance at 0x7f69c9825280>,130,22,[ 3 14],131,-1,156,-1,134
1,<environment.Job instance at 0x7f69c9825cd0>,131,15,[13  2],132,-1,149,-1,134
1,<environment.Job instance at 0x7f69c909a410>,132,16,[11  3],133,-1,150,-1,134
1,<environment.Job instance at 0x7f69c909aa50>,133,15,[ 1 10],134,-1,149,-1,134
1,<environment.Job instance at 0x7f69c8ef9230>,134,17,[5 1],135,-1,152,-1,135
1,<environment.Job instance at 0x7f69c8ef99b0>,135,16,[9 3],136,-1,153,-1,137
1,<environment.Job instance at 0x7f69c9a2baf0>,136,16,[13  2],137,-1,153,-1,137
1,<environment.Job instance at 0x7f69c9cb3870>,142,28,[13  5],143,-1,215,-1,187
1,<environment.Job instance at 0x7f69c9cb3780>,143,27,[6 1],144,-1,214,-1,187
1,<environment.Job instance at 0x7f69c9cb3500>,145,17,[ 5 11],146,-1,217,-1,200
1,<environment.Job instance at 0x7f69c9cb3f50>,146,12,[1 6],147,-1,217,-1,205
1,<environment.Job instance at 0x7f69c8f4e640>,5,19,[11  3],6,-1,26,-1,7
1,<environment.Job instance at 0x7f69c8f4e7d0>,7,21,[12  1],8,-1,29,-1,8
1,<environment.Job instance at 0x7f69c8f4e370>,8,18,[12  4],9,-1,27,-1,9
1,<environment.Job instance at 0x7f69c8f4eaf0>,9,26,[1 9],10,-1,36,-1,10
1,<environment.Job instance at 0x7f69c8f4e1e0>,10,3,[10  4],11,-1,14,-1,11
1,<environment.Job instance at 0x7f69c8f4e6e0>,13,25,[13  3],14,-1,39,-1,14
1,<environment.Job instance at 0x7f69c8f4e730>,14,22,[ 5 10],15,-1,53,-1,31
1,<environment.Job instance at 0x7f69c8f4e500>,16,15,[ 1 10],17,-1,47,-1,32
1,<environment.Job instance at 0x7f69c8f4e050>,18,16,[ 5 12],19,-1,48,-1,32
1,<environment.Job instance at 0x7f69c8f4ee60>,19,24,[13  4],20,-1,56,-1,32
1,<environment.Job instance at 0x7f69c8f4ef50>,20,27,[8 2],21,-1,59,-1,32
1,<environment.Job instance at 0x7f69c8f4e460>,22,27,[4 5],23,-1,59,-1,32
1,<environment.Job instance at 0x7f69c8f4ed20>,23,16,[12  2],24,-1,48,-1,32
1,<environment.Job instance at 0x7f69c8b54820>,28,26,[ 3 12],29,-1,93,-1,67
1,<environment.Job instance at 0x7f69c8b54be0>,29,26,[9 2],30,-1,93,-1,67
1,<environment.Job instance at 0x7f69c8b54910>,30,12,[ 2 10],31,-1,79,-1,67
1,<environment.Job instance at 0x7f69c8b545f0>,31,16,[13  4],32,-1,83,-1,67
1,<environment.Job instance at 0x7f69c8b54d70>,32,28,[2 7],33,-1,95,-1,67
1,<environment.Job instance at 0x7f69c8b54730>,35,17,[ 3 13],36,-1,102,-1,85
1,<environment.Job instance at 0x7f69c8b54460>,36,28,[3 7],37,-1,113,-1,85
1,<environment.Job instance at 0x7f69c8b54a50>,37,20,[11  2],38,-1,105,-1,85
1,<environment.Job instance at 0x7f69c8f61820>,40,14,[ 4 10],41,-1,119,-1,105
1,<environment.Job instance at 0x7f69c8f61eb0>,42,14,[ 5 13],43,-1,146,-1,132
1,<environment.Job instance at 0x7f69c8f61140>,48,27,[6 1],49,-1,180,-1,153
1,<environment.Job instance at 0x7f69c8bd4460>,62,25,[8 5],63,-1,294,-1,269
1,<environment.Job instance at 0x7f69c8bd44b0>,63,2,[14  3],64,-1,271,-1,269
1,<environment.Job instance at 0x7f69c8bd4eb0>,64,24,[13  5],65,-1,293,-1,269
1,<environment.Job instance at 0x7f69c8bd48c0>,68,27,[ 3 10],69,-1,324,-1,297
1,<environment.Job instance at 0x7f69c8bd49b0>,70,12,[14  1],71,-1,309,-1,297
1,<environment.Job instance at 0x7f69c8bd4a00>,72,13,[11  4],73,-1,315,-1,302
1,<environment.Job instance at 0x7f69c8bd4280>,77,15,[ 4 13],78,-1,352,-1,337
1,<environment.Job instance at 0x7f69c8bd4e60>,79,13,[11  4],80,-1,364,-1,351
1,<environment.Job instance at 0x7f69c8f77320>,89,2,[5 7],90,-1,436,-1,434
1,<environment.Job instance at 0x7f69c8f77fa0>,96,16,[11  4],97,-1,520,-1,504
1,<environment.Job instance at 0x7f69c8f77c30>,97,24,[1 7],98,-1,539,-1,515
1,<environment.Job instance at 0x7f69c8f775a0>,99,17,[13  2],100,-1,532,-1,515
1,<environment.Job instance at 0x7f69c8f645f0>,100,1,[3 9],101,-1,516,-1,515
1,<environment.Job instance at 0x7f69c8f644b0>,101,23,[13  4],102,-1,538,-1,515
1,<environment.Job instance at 0x7f69c8f64320>,103,26,[1 9],104,-1,541,-1,515
1,<environment.Job instance at 0x7f69c8f64780>,104,25,[5 4],105,-1,541,-1,516
1,<environment.Job instance at 0x7f69c8f649b0>,105,22,[ 2 10],106,-1,544,-1,522
1,<environment.Job instance at 0x7f69c8f64550>,106,14,[13  4],107,-1,536,-1,522
1,<environment.Job instance at 0x7f69c8f64190>,108,12,[13  4],109,-1,540,-1,528
1,<environment.Job instance at 0x7f69c8f64f50>,110,19,[12  3],111,-1,554,-1,535
1,<environment.Job instance at 0x7f69c8f64640>,112,2,[ 1 10],113,-1,537,-1,535
1,<environment.Job instance at 0x7f69c88ada00>,119,20,[ 5 12],120,-1,633,-1,613
1,<environment.Job instance at 0x7f69c88adeb0>,120,28,[ 5 11],121,-1,641,-1,613
1,<environment.Job instance at 0x7f69c88adf00>,122,23,[5 9],123,-1,672,-1,649
1,<environment.Job instance at 0x7f69c88addc0>,126,13,[12  1],127,-1,679,-1,666
1,<environment.Job instance at 0x7f69c8f5a6e0>,127,28,[ 5 11],128,-1,694,-1,666
1,<environment.Job instance at 0x7f69c8f5a870>,128,2,[5 3],129,-1,668,-1,666
1,<environment.Job instance at 0x7f69c959d820>,138,15,[5 1],139,-1,785,-1,770
1,<environment.Job instance at 0x7f69c959d190>,139,3,[2 7],140,-1,773,-1,770
1,<environment.Job instance at 0x7f69c959d690>,140,15,[12  4],141,-1,786,-1,771
1,<environment.Job instance at 0x7f69c8c8daa0>,5,18,[10  2],6,-1,50,-1,32
1,<environment.Job instance at 0x7f69c883c960>,10,13,[ 5 14],11,-1,45,-1,32
1,<environment.Job instance at 0x7f69c883c230>,11,27,[3 9],12,-1,59,-1,32
1,<environment.Job instance at 0x7f69c883cdc0>,12,28,[3 8],13,-1,60,-1,32
1,<environment.Job instance at 0x7f69c883cd70>,13,23,[ 5 10],14,-1,55,-1,32
1,<environment.Job instance at 0x7f69c883c9b0>,14,17,[ 1 11],15,-1,49,-1,32
1,<environment.Job instance at 0x7f69c883cd20>,17,14,[ 5 13],18,-1,48,-1,34
1,<environment.Job instance at 0x7f69c883c140>,15,12,[2 9],16,-1,60,-1,48
1,<environment.Job instance at 0x7f69c883c690>,21,14,[1 7],22,-1,62,-1,48
1,<environment.Job instance at 0x7f69c883cc80>,22,3,[8 2],23,-1,51,-1,48
1,<environment.Job instance at 0x7f69c91f78c0>,30,24,[12  5],31,-1,153,-1,129
1,<environment.Job instance at 0x7f69c91f7960>,32,27,[7 3],33,-1,156,-1,129
1,<environment.Job instance at 0x7f69c91f7aa0>,29,26,[13  3],30,-1,155,-1,129
1,<environment.Job instance at 0x7f69c91f7cd0>,36,21,[11  1],37,-1,166,-1,145
1,<environment.Job instance at 0x7f69c91f76e0>,41,3,[6 4],42,-1,196,-1,193
1,<environment.Job instance at 0x7f69c91f7fa0>,42,13,[ 1 12],43,-1,206,-1,193
1,<environment.Job instance at 0x7f69c91f75a0>,49,24,[ 2 12],50,-1,257,-1,233
1,<environment.Job instance at 0x7f69c9831730>,55,25,[3 6],56,-1,290,-1,265
1,<environment.Job instance at 0x7f69c98315f0>,57,16,[ 5 12],58,-1,294,-1,278
1,<environment.Job instance at 0x7f69c9831b40>,60,12,[11  4],61,-1,298,-1,286
1,<environment.Job instance at 0x7f69c8952280>,62,2,[12  3],63,-1,298,-1,296
1,<environment.Job instance at 0x7f69c89520a0>,63,14,[14  2],64,-1,310,-1,296
1,<environment.Job instance at 0x7f69c8952c80>,64,13,[12  4],65,-1,309,-1,296
1,<environment.Job instance at 0x7f69c8952c30>,66,23,[2 5],67,-1,339,-1,316
1,<environment.Job instance at 0x7f69c8952500>,69,14,[11  5],70,-1,330,-1,316
1,<environment.Job instance at 0x7f69c8952960>,70,18,[ 4 12],71,-1,334,-1,316
1,<environment.Job instance at 0x7f69c9828cd0>,71,24,[ 3 11],72,-1,340,-1,316
1,<environment.Job instance at 0x7f69c9828640>,75,12,[13  3],76,-1,354,-1,342
1,<environment.Job instance at 0x7f69c98285f0>,78,27,[12  3],79,-1,386,-1,359
1,<environment.Job instance at 0x7f69c9379e60>,80,26,[ 4 11],81,-1,389,-1,363
1,<environment.Job instance at 0x7f69c9379c80>,83,24,[ 5 12],84,-1,397,-1,373
1,<environment.Job instance at 0x7f69c93793c0>,84,2,[1 7],85,-1,375,-1,373
1,<environment.Job instance at 0x7f69c93795f0>,85,3,[ 3 12],86,-1,376,-1,373
1,<environment.Job instance at 0x7f69c9379af0>,87,14,[14  5],88,-1,398,-1,384
1,<environment.Job instance at 0x7f69c9379d70>,88,14,[ 3 12],89,-1,398,-1,384
1,<environment.Job instance at 0x7f69c93792d0>,90,19,[ 4 11],91,-1,407,-1,388
1,<environment.Job instance at 0x7f69c9379b90>,92,17,[11  4],93,-1,415,-1,398
1,<environment.Job instance at 0x7f69c9f245a0>,99,13,[ 1 11],100,-1,456,-1,443
1,<environment.Job instance at 0x7f69c9f24b90>,100,14,[11  4],101,-1,457,-1,443
1,<environment.Job instance at 0x7f69c9f24320>,101,24,[ 4 11],102,-1,467,-1,443
1,<environment.Job instance at 0x7f69c9f249b0>,102,24,[4 8],103,-1,467,-1,443
1,<environment.Job instance at 0x7f69c9f24140>,104,25,[5 4],105,-1,481,-1,456
1,<environment.Job instance at 0x7f69c9f242d0>,105,2,[3 5],106,-1,458,-1,456
1,<environment.Job instance at 0x7f69c9f240a0>,108,1,[3 7],109,-1,470,-1,469
1,<environment.Job instance at 0x7f69c9f24d20>,109,26,[8 5],110,-1,495,-1,469
1,<environment.Job instance at 0x7f69c95705a0>,112,18,[12  1],113,-1,501,-1,483
1,<environment.Job instance at 0x7f69c95706e0>,115,2,[7 5],116,-1,500,-1,498
1,<environment.Job instance at 0x7f69c9570d70>,117,23,[6 2],118,-1,532,-1,509
1,<environment.Job instance at 0x7f69c9570f50>,118,12,[11  4],119,-1,521,-1,509
1,<environment.Job instance at 0x7f69c9570eb0>,119,3,[ 1 12],120,-1,512,-1,509
1,<environment.Job instance at 0x7f69c9570e10>,120,14,[12  1],121,-1,523,-1,509
1,<environment.Job instance at 0x7f69c95704b0>,125,17,[ 1 11],126,-1,555,-1,538
1,<environment.Job instance at 0x7f69c9570320>,127,18,[12  5],128,-1,556,-1,538
1,<environment.Job instance at 0x7f69c95700f0>,128,20,[13  1],129,-1,558,-1,538
1,<environment.Job instance at 0x7f69c9570230>,129,17,[ 5 13],130,-1,555,-1,538
1,<environment.Job instance at 0x7f69c9371d70>,131,23,[4 8],132,-1,576,-1,553
1,<environment.Job instance at 0x7f69c88853c0>,134,26,[2 8],135,-1,591,-1,565
1,<environment.Job instance at 0x7f69c8885b40>,136,13,[12  5],137,-1,587,-1,574
1,<environment.Job instance at 0x7f69c93cce10>,138,14,[ 2 11],139,-1,590,-1,576
1,<environment.Job instance at 0x7f69c9dbb2d0>,142,26,[6 5],143,-1,623,-1,597
1,<environment.Job instance at 0x7f69c93491e0>,144,22,[13  2],145,-1,626,-1,604
1,<environment.Job instance at 0x7f69c9349960>,145,3,[4 9],146,-1,607,-1,604
1,<environment.Job instance at 0x7f69c92ea140>,148,24,[4 5],149,-1,641,-1,617
1,<environment.Job instance at 0x7f69c8d597d0>,7,23,[10  1],8,-1,664,-1,641
1,<environment.Job instance at 0x7f69c99c3230>,9,20,[11  5],10,-1,31,-1,11
1,<environment.Job instance at 0x7f69c99c30a0>,13,27,[ 1 10],14,-1,56,-1,29
1,<environment.Job instance at 0x7f69c99c36e0>,14,14,[ 1 11],15,-1,43,-1,29
1,<environment.Job instance at 0x7f69c99c3780>,15,25,[ 5 11],16,-1,54,-1,29
1,<environment.Job instance at 0x7f69c99c38c0>,17,1,[1 7],18,-1,43,-1,42
1,<environment.Job instance at 0x7f69c99c3a00>,19,28,[6 3],20,-1,70,-1,42
1,<environment.Job instance at 0x7f69c99c3be0>,22,19,[ 3 12],23,-1,65,-1,46
1,<environment.Job instance at 0x7f69c99c3c80>,23,23,[4 5],24,-1,69,-1,46
1,<environment.Job instance at 0x7f69c99c3e60>,26,22,[ 2 12],27,-1,98,-1,76
1,<environment.Job instance at 0x7f69c99c3f00>,27,17,[12  5],28,-1,93,-1,76
1,<environment.Job instance at 0x7f69c99c3fa0>,28,28,[11  4],29,-1,104,-1,76
1,<environment.Job instance at 0x7f69c99c35f0>,29,1,[4 9],30,-1,77,-1,76
1,<environment.Job instance at 0x7f69c99c3f50>,30,12,[ 4 14],31,-1,88,-1,76
1,<environment.Job instance at 0x7f69c99cc410>,35,28,[1 7],36,-1,129,-1,101
1,<environment.Job instance at 0x7f69c99cc4b0>,36,18,[ 2 10],37,-1,126,-1,108
1,<environment.Job instance at 0x7f69c99cc550>,37,18,[13  2],38,-1,126,-1,108
1,<environment.Job instance at 0x7f69c99cc5f0>,38,3,[6 5],39,-1,111,-1,108
1,<environment.Job instance at 0x7f69c99cca00>,42,27,[8 5],43,-1,162,-1,135
1,<environment.Job instance at 0x7f69c99ccaa0>,44,25,[ 1 12],45,-1,160,-1,135
1,<environment.Job instance at 0x7f69c99cc190>,47,20,[14  5],48,-1,170,-1,150
1,<environment.Job instance at 0x7f69c99cce60>,48,25,[ 3 12],49,-1,175,-1,150
1,<environment.Job instance at 0x7f69c99ccf00>,49,14,[13  1],50,-1,164,-1,150
1,<environment.Job instance at 0x7f69c99cce10>,51,13,[ 2 12],52,-1,163,-1,150
1,<environment.Job instance at 0x7f69c99b4320>,55,16,[12  2],56,-1,192,-1,176
1,<environment.Job instance at 0x7f69c99b43c0>,56,16,[14  1],57,-1,192,-1,176
1,<environment.Job instance at 0x7f69c99b4460>,57,3,[ 2 13],58,-1,179,-1,176
1,<environment.Job instance at 0x7f69c99b4690>,59,1,[7 5],60,-1,187,-1,186
1,<environment.Job instance at 0x7f69c99b4780>,61,26,[13  3],62,-1,215,-1,189
1,<environment.Job instance at 0x7f69c99b4820>,62,15,[ 2 11],63,-1,204,-1,189
1,<environment.Job instance at 0x7f69c99b48c0>,63,20,[11  4],64,-1,209,-1,189
1,<environment.Job instance at 0x7f69c99b4960>,64,17,[14  1],65,-1,206,-1,189
1,<environment.Job instance at 0x7f69c99b4be0>,68,15,[ 3 11],69,-1,232,-1,217
1,<environment.Job instance at 0x7f69c99b4c80>,69,20,[ 4 12],70,-1,237,-1,217
1,<environment.Job instance at 0x7f69c99b4d20>,70,28,[5 8],71,-1,245,-1,217
1,<environment.Job instance at 0x7f69c99b4dc0>,71,17,[ 3 14],72,-1,234,-1,217
1,<environment.Job instance at 0x7f69c99b4e60>,72,27,[ 3 10],73,-1,244,-1,217
1,<environment.Job instance at 0x7f69c9af6370>,75,22,[ 1 10],76,-1,256,-1,234
1,<environment.Job instance at 0x7f69c8f54e60>,77,27,[6 4],78,-1,273,-1,246
1,<environment.Job instance at 0x7f69c99c9960>,78,22,[ 2 10],79,-1,271,-1,249
1,<environment.Job instance at 0x7f69c99c9fa0>,79,25,[2 8],80,-1,274,-1,249
1,<environment.Job instance at 0x7f69c99c9500>,83,2,[ 5 11],84,-1,262,-1,260
1,<environment.Job instance at 0x7f69c99c9be0>,84,1,[8 2],85,-1,261,-1,260
1,<environment.Job instance at 0x7f69c99c95f0>,88,13,[ 3 10],89,-1,313,-1,300
1,<environment.Job instance at 0x7f69c99c93c0>,90,24,[14  3],91,-1,325,-1,301
1,<environment.Job instance at 0x7f69ca0b24b0>,93,2,[13  4],94,-1,318,-1,316
1,<environment.Job instance at 0x7f69ca092190>,94,22,[12  2],95,-1,338,-1,316
1,<environment.Job instance at 0x7f69c9664be0>,96,17,[14  5],97,-1,336,-1,319
1,<environment.Job instance at 0x7f69c9972820>,97,28,[ 3 11],98,-1,347,-1,319
1,<environment.Job instance at 0x7f69c8f15be0>,98,12,[ 2 14],99,-1,331,-1,319
1,<environment.Job instance at 0x7f69c8d973c0>,99,18,[14  4],100,-1,337,-1,319
1,<environment.Job instance at 0x7f69c8d97e60>,100,14,[12  5],101,-1,333,-1,319
1,<environment.Job instance at 0x7f69c9664320>,101,28,[9 4],102,-1,347,-1,319
1,<environment.Job instance at 0x7f69c891a050>,102,28,[13  4],103,-1,347,-1,319
1,<environment.Job instance at 0x7f69c891afa0>,103,16,[ 3 13],104,-1,335,-1,319
1,<environment.Job instance at 0x7f69c891ae60>,105,16,[ 2 13],106,-1,335,-1,319
1,<environment.Job instance at 0x7f69c8f07780>,108,3,[5 2],109,-1,356,-1,353
1,<environment.Job instance at 0x7f69c891aeb0>,109,18,[ 4 12],110,-1,371,-1,353
1,<environment.Job instance at 0x7f69c892fe60>,115,23,[ 4 10],116,-1,404,-1,381
1,<environment.Job instance at 0x7f69c892f3c0>,116,3,[9 5],117,-1,384,-1,381
1,<environment.Job instance at 0x7f69c8d5c910>,121,14,[14  1],122,-1,447,-1,433
1,<environment.Job instance at 0x7f69ca090a00>,122,24,[8 5],123,-1,457,-1,433
1,<environment.Job instance at 0x7f69c8d701e0>,123,3,[14  5],124,-1,436,-1,433
1,<environment.Job instance at 0x7f69c8911460>,127,17,[ 5 13],128,-1,466,-1,449
1,<environment.Job instance at 0x7f69c8911320>,128,26,[ 3 14],129,-1,475,-1,449
1,<environment.Job instance at 0x7f69c8911280>,132,13,[10  1],133,-1,501,-1,488
1,<environment.Job instance at 0x7f69c8911190>,141,15,[ 2 12],142,-1,550,-1,535
1,<environment.Job instance at 0x7f69c8911730>,142,2,[10  2],143,-1,537,-1,535
1,<environment.Job instance at 0x7f69ca017870>,8,3,[ 2 11],9,-1,16,-1,13
1,<environment.Job instance at 0x7f69ca0172d0>,9,26,[1 9],10,-1,39,-1,13
1,<environment.Job instance at 0x7f69ca017780>,10,28,[9 3],11,-1,41,-1,13
1,<environment.Job instance at 0x7f69ca127640>,12,28,[5 3],13,-1,44,-1,16
1,<environment.Job instance at 0x7f69ca127aa0>,15,1,[ 3 13],16,-1,34,-1,33
1,<environment.Job instance at 0x7f69ca127820>,16,22,[ 2 11],17,-1,55,-1,33
1,<environment.Job instance at 0x7f69ca1271e0>,17,24,[ 2 13],18,-1,57,-1,33
1,<environment.Job instance at 0x7f69ca127140>,22,15,[ 3 10],23,-1,82,-1,67
1,<environment.Job instance at 0x7f69ca127fa0>,25,20,[14  4],26,-1,101,-1,81
1,<environment.Job instance at 0x7f69ca1278c0>,26,22,[ 1 14],27,-1,103,-1,81
1,<environment.Job instance at 0x7f69ca127dc0>,27,2,[14  4],28,-1,83,-1,81
1,<environment.Job instance at 0x7f69c998f370>,29,27,[4 9],30,-1,111,-1,84
1,<environment.Job instance at 0x7f69c998f550>,30,16,[ 4 13],31,-1,100,-1,84
1,<environment.Job instance at 0x7f69c998fe10>,32,16,[14  2],33,-1,105,-1,89
1,<environment.Job instance at 0x7f69c998f820>,33,12,[14  2],34,-1,101,-1,89
1,<environment.Job instance at 0x7f69c998f0a0>,34,1,[14  4],35,-1,90,-1,89
1,<environment.Job instance at 0x7f69c998f780>,35,2,[14  4],36,-1,91,-1,89
1,<environment.Job instance at 0x7f69c998f6e0>,36,24,[2 9],37,-1,113,-1,89
1,<environment.Job instance at 0x7f69c998faa0>,37,12,[ 2 12],38,-1,101,-1,89
1,<environment.Job instance at 0x7f69c998f730>,38,14,[13  4],39,-1,103,-1,89
1,<environment.Job instance at 0x7f69c998faf0>,39,20,[ 3 11],40,-1,109,-1,89
1,<environment.Job instance at 0x7f69c998fdc0>,41,16,[14  4],42,-1,117,-1,101
1,<environment.Job instance at 0x7f69c8e2f0f0>,44,2,[ 3 14],45,-1,103,-1,101
1,<environment.Job instance at 0x7f69c8e2f2d0>,46,27,[7 4],47,-1,138,-1,111
1,<environment.Job instance at 0x7f69c8e2fc30>,49,2,[2 6],50,-1,130,-1,128
1,<environment.Job instance at 0x7f69c8e2fd70>,51,24,[6 3],52,-1,166,-1,142
1,<environment.Job instance at 0x7f69c8e2f460>,52,28,[2 8],53,-1,170,-1,142
1,<environment.Job instance at 0x7f69c8e2f5f0>,53,13,[12  3],54,-1,155,-1,142
1,<environment.Job instance at 0x7f69c8e2f1e0>,56,23,[ 3 11],57,-1,171,-1,148
1,<environment.Job instance at 0x7f69c8e2f910>,57,14,[ 4 13],58,-1,162,-1,148
1,<environment.Job instance at 0x7f69c8e2fd20>,58,26,[9 3],59,-1,174,-1,148
1,<environment.Job instance at 0x7f69ca0094b0>,61,20,[ 4 14],62,-1,186,-1,166
1,<environment.Job instance at 0x7f69ca0098c0>,63,14,[12  5],64,-1,187,-1,173
1,<environment.Job instance at 0x7f69ca009190>,64,25,[ 5 12],65,-1,198,-1,173
1,<environment.Job instance at 0x7f69ca009370>,66,15,[ 3 14],67,-1,188,-1,173
1,<environment.Job instance at 0x7f69ca009820>,69,1,[10  1],70,-1,188,-1,187
1,<environment.Job instance at 0x7f69c90ae410>,70,24,[7 1],71,-1,211,-1,187
1,<environment.Job instance at 0x7f69c90aed20>,71,20,[ 2 10],72,-1,212,-1,192
1,<environment.Job instance at 0x7f69c90ae0a0>,72,18,[ 5 13],73,-1,210,-1,192
1,<environment.Job instance at 0x7f69c90ae870>,75,28,[1 5],76,-1,228,-1,200
1,<environment.Job instance at 0x7f69c90ae500>,77,25,[8 1],78,-1,236,-1,211
1,<environment.Job instance at 0x7f69c90aefa0>,79,12,[12  3],80,-1,230,-1,218
1,<environment.Job instance at 0x7f69c90aef00>,82,25,[4 5],83,-1,263,-1,238
1,<environment.Job instance at 0x7f69c9f24d70>,83,25,[10  3],84,-1,263,-1,238
1,<environment.Job instance at 0x7f69c9f24eb0>,85,28,[13  4],86,-1,276,-1,248
1,<environment.Job instance at 0x7f69c9f24460>,86,20,[13  2],87,-1,268,-1,248
1,<environment.Job instance at 0x7f69c9f24320>,87,14,[12  3],88,-1,262,-1,248
1,<environment.Job instance at 0x7f69c9f24c80>,88,17,[ 5 13],89,-1,265,-1,248
1,<environment.Job instance at 0x7f69c9f245f0>,90,18,[13  4],91,-1,279,-1,261
1,<environment.Job instance at 0x7f69c9f24730>,93,16,[ 2 11],94,-1,297,-1,281
1,<environment.Job instance at 0x7f69c9f24690>,94,1,[8 4],95,-1,282,-1,281
1,<environment.Job instance at 0x7f69c9f24960>,95,25,[2 5],96,-1,306,-1,281
1,<environment.Job instance at 0x7f69c8ac3820>,102,23,[ 3 14],103,-1,337,-1,314
1,<environment.Job instance at 0x7f69c8ac3910>,103,21,[ 5 13],104,-1,335,-1,314
1,<environment.Job instance at 0x7f69c8ac3d70>,104,16,[ 3 14],105,-1,330,-1,314
1,<environment.Job instance at 0x7f69c8ac3b90>,106,14,[11  3],107,-1,345,-1,331
1,<environment.Job instance at 0x7f69c8ac3460>,108,13,[14  1],109,-1,362,-1,349
1,<environment.Job instance at 0x7f69c9f56640>,115,24,[5 2],116,-1,413,-1,389
1,<environment.Job instance at 0x7f69c9f569b0>,116,14,[11  2],117,-1,403,-1,389
1,<environment.Job instance at 0x7f69c9f56af0>,117,22,[ 4 10],118,-1,411,-1,389
1,<environment.Job instance at 0x7f69c9f56230>,118,15,[ 2 13],119,-1,404,-1,389
1,<environment.Job instance at 0x7f69c9f568c0>,120,13,[ 3 12],121,-1,414,-1,401
1,<environment.Job instance at 0x7f69c9f56f00>,121,14,[ 2 11],122,-1,415,-1,401
1,<environment.Job instance at 0x7f69c9f56d70>,122,16,[ 5 14],123,-1,417,-1,401
1,<environment.Job instance at 0x7f69c9f566e0>,124,26,[10  4],125,-1,429,-1,403
1,<environment.Job instance at 0x7f69c97743c0>,126,24,[4 7],127,-1,429,-1,405
1,<environment.Job instance at 0x7f69d293f3c0>,135,2,[5 9],136,-1,457,-1,455
1,<environment.Job instance at 0x7f69c89dc780>,138,28,[7 2],139,-1,497,-1,469
1,<environment.Job instance at 0x7f69c9c16c80>,140,27,[ 3 12],141,-1,496,-1,469
1,<environment.Job instance at 0x7f69c9c16b90>,143,26,[11  1],144,-1,511,-1,485
1,<environment.Job instance at 0x7f69c9c161e0>,144,28,[9 2],145,-1,513,-1,485
1,<environment.Job instance at 0x7f69c9c16b40>,145,21,[12  5],146,-1,506,-1,485
1,<environment.Job instance at 0x7f69c9bdd0f0>,147,18,[ 2 14],148,-1,520,-1,502
1,<environment.Job instance at 0x7f69c8a61f00>,3,12,[ 3 11],4,-1,16,-1,4
1,<environment.Job instance at 0x7f69c8a612d0>,4,25,[ 1 14],5,-1,30,-1,5
1,<environment.Job instance at 0x7f69c8a613c0>,6,26,[14  4],7,-1,33,-1,7
1,<environment.Job instance at 0x7f69c9242690>,8,23,[ 1 11],9,-1,32,-1,9
1,<environment.Job instance at 0x7f69c9242820>,19,1,[3 9],20,-1,53,-1,52
1,<environment.Job instance at 0x7f69c9fdbc80>,23,15,[12  3],24,-1,85,-1,70
1,<environment.Job instance at 0x7f69c9fdb410>,28,3,[14  3],29,-1,105,-1,102
1,<environment.Job instance at 0x7f69c9fdb460>,29,28,[1 7],30,-1,130,-1,102
1,<environment.Job instance at 0x7f69c9fdbdc0>,31,14,[ 1 13],32,-1,123,-1,109
1,<environment.Job instance at 0x7f69c9fdb7d0>,32,1,[3 9],33,-1,110,-1,109
1,<environment.Job instance at 0x7f69ca1107d0>,33,13,[13  5],34,-1,122,-1,109
1,<environment.Job instance at 0x7f69ca1104b0>,34,14,[12  1],35,-1,123,-1,109
1,<environment.Job instance at 0x7f69ca110e10>,36,24,[ 2 12],37,-1,133,-1,109
1,<environment.Job instance at 0x7f69ca110fa0>,38,17,[ 5 14],39,-1,142,-1,125
1,<environment.Job instance at 0x7f69ca1109b0>,41,28,[ 3 13],42,-1,156,-1,128
1,<environment.Job instance at 0x7f69ca110be0>,43,2,[14  1],44,-1,140,-1,138
1,<environment.Job instance at 0x7f69ca110500>,45,12,[ 4 12],46,-1,155,-1,143
1,<environment.Job instance at 0x7f69ca1102d0>,46,12,[12  5],47,-1,155,-1,143
1,<environment.Job instance at 0x7f69c9498d70>,48,14,[12  2],49,-1,165,-1,151
1,<environment.Job instance at 0x7f69c94988c0>,49,3,[6 4],50,-1,154,-1,151
1,<environment.Job instance at 0x7f69c9498aa0>,50,15,[ 1 12],51,-1,166,-1,151
1,<environment.Job instance at 0x7f69c8b18640>,59,24,[5 1],60,-1,252,-1,228
1,<environment.Job instance at 0x7f69c8b18f00>,61,27,[1 7],62,-1,255,-1,228
1,<environment.Job instance at 0x7f69d2a5abe0>,64,24,[ 1 10],65,-1,274,-1,250
1,<environment.Job instance at 0x7f69d2a5a370>,65,26,[10  5],66,-1,276,-1,250
1,<environment.Job instance at 0x7f69d2a5a730>,67,1,[14  3],68,-1,251,-1,250
1,<environment.Job instance at 0x7f69d2a5aaa0>,70,1,[2 7],71,-1,268,-1,267
1,<environment.Job instance at 0x7f69d2a5a1e0>,73,18,[ 1 12],74,-1,302,-1,284
1,<environment.Job instance at 0x7f69c9b75a50>,74,16,[13  4],75,-1,300,-1,284
1,<environment.Job instance at 0x7f69c9b75140>,75,19,[11  2],76,-1,303,-1,284
1,<environment.Job instance at 0x7f69c9b75280>,76,17,[ 4 14],77,-1,301,-1,284
1,<environment.Job instance at 0x7f69c9b75d70>,78,15,[13  5],79,-1,314,-1,299
1,<environment.Job instance at 0x7f69c9b75d20>,81,12,[10  1],82,-1,327,-1,315
1,<environment.Job instance at 0x7f69c8d11140>,82,3,[4 6],83,-1,318,-1,315
1,<environment.Job instance at 0x7f69c8d11f00>,84,27,[ 5 14],85,-1,347,-1,320
1,<environment.Job instance at 0x7f69c8d11820>,85,22,[12  4],86,-1,342,-1,320
1,<environment.Job instance at 0x7f69c8d11730>,86,17,[13  2],87,-1,337,-1,320
1,<environment.Job instance at 0x7f69c8d11910>,88,1,[7 1],89,-1,329,-1,328
1,<environment.Job instance at 0x7f69c8d11550>,92,3,[6 1],93,-1,363,-1,360
1,<environment.Job instance at 0x7f69c8d11870>,93,12,[ 4 14],94,-1,372,-1,360
1,<environment.Job instance at 0x7f69c8d11a00>,94,25,[7 1],95,-1,385,-1,360
1,<environment.Job instance at 0x7f69c8d115a0>,97,3,[ 1 12],98,-1,364,-1,361
1,<environment.Job instance at 0x7f69c8d11690>,98,28,[5 4],99,-1,389,-1,361
1,<environment.Job instance at 0x7f69d26df730>,101,3,[ 5 13],102,-1,390,-1,387
1,<environment.Job instance at 0x7f69d2765f00>,103,25,[6 2],104,-1,416,-1,391
1,<environment.Job instance at 0x7f69d2765b90>,104,24,[5 2],105,-1,415,-1,391
1,<environment.Job instance at 0x7f69d2765c30>,106,16,[ 4 12],107,-1,421,-1,405
1,<environment.Job instance at 0x7f69c9782230>,109,3,[8 4],110,-1,413,-1,410
1,<environment.Job instance at 0x7f69c9782190>,111,3,[7 1],112,-1,424,-1,421
1,<environment.Job instance at 0x7f69c9782140>,112,21,[14  2],113,-1,442,-1,421
1,<environment.Job instance at 0x7f69c9545d70>,117,25,[5 8],118,-1,480,-1,455
1,<environment.Job instance at 0x7f69c9545410>,118,26,[5 8],119,-1,481,-1,455
1,<environment.Job instance at 0x7f69c9545460>,119,14,[11  4],120,-1,469,-1,455
1,<environment.Job instance at 0x7f69c9545780>,120,16,[14  4],121,-1,471,-1,455
1,<environment.Job instance at 0x7f69c95459b0>,122,12,[13  4],123,-1,481,-1,469
1,<environment.Job instance at 0x7f69c9545870>,124,23,[5 5],125,-1,500,-1,477
1,<environment.Job instance at 0x7f69c9ea7550>,125,1,[7 4],126,-1,478,-1,477
1,<environment.Job instance at 0x7f69c95457d0>,130,16,[11  2],131,-1,505,-1,489
1,<environment.Job instance at 0x7f69c9cd1d20>,131,16,[ 4 12],132,-1,505,-1,489
1,<environment.Job instance at 0x7f69c9cd1c30>,133,12,[14  3],134,-1,512,-1,500
1,<environment.Job instance at 0x7f69c9cd1140>,136,2,[ 2 14],137,-1,518,-1,516
1,<environment.Job instance at 0x7f69c9cd1820>,137,12,[10  1],138,-1,528,-1,516
1,<environment.Job instance at 0x7f69c8e49640>,138,25,[ 1 11],139,-1,541,-1,516
1,<environment.Job instance at 0x7f69c9657be0>,139,28,[6 3],140,-1,544,-1,516
1,<environment.Job instance at 0x7f69c8e56f50>,142,3,[ 5 13],143,-1,549,-1,546
1,<environment.Job instance at 0x7f69c8feec30>,143,27,[6 2],144,-1,573,-1,546
1,<environment.Job instance at 0x7f69c9c49dc0>,144,3,[5 2],145,-1,549,-1,546
1,<environment.Job instance at 0x7f69c9cd1e10>,146,18,[ 5 13],147,-1,564,-1,546
1,<environment.Job instance at 0x7f69c8b182d0>,57,20,[ 2 12],58,-1,1034,-1,1014
1,<environment.Job instance at 0x7f69c8b18500>,58,25,[9 4],59,-1,1043,-1,1018
1,<environment.Job instance at 0x7f69c8fd8460>,5,27,[ 4 13],6,-1,33,-1,6
1,<environment.Job instance at 0x7f69c9c0d820>,10,13,[12  1],11,-1,24,-1,11
1,<environment.Job instance at 0x7f69c9bfd690>,13,1,[9 3],14,-1,22,-1,21
1,<environment.Job instance at 0x7f69c9ccb320>,19,15,[13  4],20,-1,83,-1,68
1,<environment.Job instance at 0x7f69c9ccbd70>,20,28,[5 4],21,-1,96,-1,68
1,<environment.Job instance at 0x7f69c9ccb8c0>,24,16,[ 2 12],25,-1,102,-1,86
1,<environment.Job instance at 0x7f69c9ccba50>,26,3,[12  1],27,-1,104,-1,101
1,<environment.Job instance at 0x7f69c9ccbaa0>,29,21,[12  4],30,-1,138,-1,117
1,<environment.Job instance at 0x7f69c9ccbcd0>,30,14,[ 3 12],31,-1,131,-1,117
1,<environment.Job instance at 0x7f69c9ccb640>,32,2,[11  5],33,-1,119,-1,117
1,<environment.Job instance at 0x7f69c9ccbd20>,33,1,[8 3],34,-1,118,-1,117
1,<environment.Job instance at 0x7f69c9ccb550>,34,28,[13  3],35,-1,145,-1,117
1,<environment.Job instance at 0x7f69c945a280>,37,2,[14  3],38,-1,134,-1,132
1,<environment.Job instance at 0x7f69c945a050>,39,1,[ 2 12],40,-1,151,-1,150
1,<environment.Job instance at 0x7f69c945a460>,41,23,[9 5],42,-1,193,-1,170
1,<environment.Job instance at 0x7f69c945a640>,43,2,[9 2],44,-1,172,-1,170
1,<environment.Job instance at 0x7f69c945a6e0>,44,16,[ 1 13],45,-1,186,-1,170
1,<environment.Job instance at 0x7f69c945a780>,45,18,[ 3 13],46,-1,188,-1,170
1,<environment.Job instance at 0x7f69c945a820>,46,28,[7 1],47,-1,198,-1,170
1,<environment.Job instance at 0x7f69c945a8c0>,47,27,[2 7],48,-1,197,-1,170
1,<environment.Job instance at 0x7f69c945ab40>,51,24,[12  2],52,-1,214,-1,190
1,<environment.Job instance at 0x7f69c945af00>,54,25,[5 4],55,-1,244,-1,219
1,<environment.Job instance at 0x7f69c945af50>,55,17,[ 5 11],56,-1,236,-1,219
1,<environment.Job instance at 0x7f69c945acd0>,56,15,[12  2],57,-1,234,-1,219
1,<environment.Job instance at 0x7f69c945ad20>,57,28,[10  2],58,-1,247,-1,219
1,<environment.Job instance at 0x7f69c9450410>,60,23,[5 5],61,-1,264,-1,241
1,<environment.Job instance at 0x7f69c94505a0>,63,26,[ 4 13],64,-1,301,-1,275
1,<environment.Job instance at 0x7f69c9450640>,64,15,[ 5 13],65,-1,290,-1,275
1,<environment.Job instance at 0x7f69c94506e0>,65,17,[14  2],66,-1,292,-1,275
1,<environment.Job instance at 0x7f69c9450820>,67,1,[4 5],68,-1,276,-1,275
1,<environment.Job instance at 0x7f69c9450870>,69,12,[13  2],70,-1,298,-1,286
1,<environment.Job instance at 0x7f69c9450b40>,72,27,[5 4],73,-1,320,-1,293
1,<environment.Job instance at 0x7f69c9450d20>,74,3,[1 5],75,-1,301,-1,298
1,<environment.Job instance at 0x7f69c9450e60>,77,20,[ 3 13],78,-1,335,-1,315
1,<environment.Job instance at 0x7f69c94640a0>,81,2,[13  4],82,-1,333,-1,331
1,<environment.Job instance at 0x7f69c9464280>,83,25,[6 1],84,-1,373,-1,348
1,<environment.Job instance at 0x7f69c9464780>,87,27,[11  5],88,-1,394,-1,367
1,<environment.Job instance at 0x7f69c9464960>,90,12,[14  5],91,-1,397,-1,385
1,<environment.Job instance at 0x7f69c9464a00>,91,23,[4 8],92,-1,408,-1,385
1,<environment.Job instance at 0x7f69c9464be0>,94,23,[12  5],95,-1,427,-1,404
1,<environment.Job instance at 0x7f69c9530730>,97,18,[14  2],98,-1,435,-1,417
1,<environment.Job instance at 0x7f69c91aaeb0>,101,2,[12  2],102,-1,442,-1,440
1,<environment.Job instance at 0x7f69c91aa460>,102,26,[2 8],103,-1,466,-1,440
1,<environment.Job instance at 0x7f69c91aa410>,105,16,[14  4],106,-1,477,-1,461
1,<environment.Job instance at 0x7f69c8ff0e10>,108,2,[14  1],109,-1,476,-1,474
1,<environment.Job instance at 0x7f69c917b6e0>,109,18,[ 1 11],110,-1,492,-1,474
1,<environment.Job instance at 0x7f69c917b820>,110,13,[14  5],111,-1,487,-1,474
1,<environment.Job instance at 0x7f69c9c20910>,112,17,[12  5],113,-1,506,-1,489
1,<environment.Job instance at 0x7f69c9a270f0>,114,2,[ 2 12],115,-1,491,-1,489
1,<environment.Job instance at 0x7f69c8d2ccd0>,116,2,[3 5],117,-1,496,-1,494
1,<environment.Job instance at 0x7f69ca0d58c0>,117,2,[3 6],118,-1,496,-1,494
1,<environment.Job instance at 0x7f69c8d2c9b0>,120,13,[ 3 14],121,-1,522,-1,509
1,<environment.Job instance at 0x7f69c8a02370>,124,15,[14  2],125,-1,538,-1,523
1,<environment.Job instance at 0x7f69c8c02230>,127,25,[ 5 10],128,-1,565,-1,540
1,<environment.Job instance at 0x7f69c9e6df00>,129,14,[14  4],130,-1,560,-1,546
1,<environment.Job instance at 0x7f69c8c17a00>,130,25,[5 8],131,-1,571,-1,546
1,<environment.Job instance at 0x7f69c8c170a0>,131,28,[3 6],132,-1,574,-1,546
1,<environment.Job instance at 0x7f69c8d445a0>,136,28,[5 3],137,-1,606,-1,578
1,<environment.Job instance at 0x7f69c8d44fa0>,137,23,[10  1],138,-1,601,-1,578
1,<environment.Job instance at 0x7f69c8d448c0>,145,24,[7 2],146,-1,639,-1,615
1,<environment.Job instance at 0x7f69c8d44b40>,146,18,[ 1 13],147,-1,633,-1,615
1,<environment.Job instance at 0x7f69c8c157d0>,147,27,[5 1],148,-1,642,-1,615
1,<environment.Job instance at 0x7f69c8d44960>,140,24,[11  2],141,-1,676,-1,652
1,<environment.Job instance at 0x7f69c9dd0dc0>,5,28,[7 3],6,-1,35,-1,7
1,<environment.Job instance at 0x7f69c8d2f3c0>,12,28,[13  5],13,-1,68,-1,40
1,<environment.Job instance at 0x7f69c8d2fb90>,13,23,[9 3],14,-1,63,-1,40
1,<environment.Job instance at 0x7f69c8d2ff50>,14,3,[6 4],15,-1,43,-1,40
1,<environment.Job instance at 0x7f69c9bf9c30>,15,16,[ 3 13],16,-1,56,-1,40
1,<environment.Job instance at 0x7f69c918d230>,17,15,[ 4 14],18,-1,56,-1,41
1,<environment.Job instance at 0x7f69c945dc80>,18,19,[13  3],19,-1,60,-1,41
1,<environment.Job instance at 0x7f69c945d9b0>,19,25,[ 3 13],20,-1,66,-1,41
1,<environment.Job instance at 0x7f69c9446230>,22,22,[4 7],23,-1,82,-1,60
1,<environment.Job instance at 0x7f69c9446aa0>,23,22,[10  4],24,-1,82,-1,60
1,<environment.Job instance at 0x7f69c8d3a910>,24,22,[1 5],25,-1,84,-1,62
1,<environment.Job instance at 0x7f69c8d3ab90>,25,14,[11  2],26,-1,76,-1,62
1,<environment.Job instance at 0x7f69c8d3a370>,27,23,[10  2],28,-1,96,-1,73
1,<environment.Job instance at 0x7f69c8d0e460>,28,27,[ 1 11],29,-1,100,-1,73
1,<environment.Job instance at 0x7f69c8d0e780>,30,2,[ 1 10],31,-1,78,-1,76
1,<environment.Job instance at 0x7f69c8d0e5f0>,31,1,[4 7],32,-1,77,-1,76
1,<environment.Job instance at 0x7f69c8d0eb40>,32,3,[13  3],33,-1,79,-1,76
1,<environment.Job instance at 0x7f69c8d0e550>,39,1,[10  1],40,-1,124,-1,123
1,<environment.Job instance at 0x7f69c8d0eeb0>,40,15,[ 3 10],41,-1,138,-1,123
1,<environment.Job instance at 0x7f69c8d0e910>,41,12,[10  1],42,-1,135,-1,123
1,<environment.Job instance at 0x7f69c8d0e500>,42,12,[4 6],43,-1,135,-1,123
1,<environment.Job instance at 0x7f69c9e79280>,43,17,[14  1],44,-1,140,-1,123
1,<environment.Job instance at 0x7f69c9e79050>,46,19,[ 4 13],47,-1,158,-1,139
1,<environment.Job instance at 0x7f69c9dbb370>,48,13,[10  1],49,-1,165,-1,152
1,<environment.Job instance at 0x7f69c9dbbb40>,49,26,[5 5],50,-1,178,-1,152
1,<environment.Job instance at 0x7f69c9dbb550>,50,22,[ 4 10],51,-1,174,-1,152
1,<environment.Job instance at 0x7f69c887f5f0>,53,2,[10  4],54,-1,173,-1,171
1,<environment.Job instance at 0x7f69c8fd26e0>,54,2,[7 3],55,-1,173,-1,171
1,<environment.Job instance at 0x7f69c8fd2c30>,55,14,[12  3],56,-1,185,-1,171
1,<environment.Job instance at 0x7f69c8fd2f00>,56,23,[10  4],57,-1,194,-1,171
1,<environment.Job instance at 0x7f69c9281c80>,58,1,[12  4],59,-1,189,-1,188
1,<environment.Job instance at 0x7f69c92812d0>,59,12,[ 5 14],60,-1,200,-1,188
1,<environment.Job instance at 0x7f69c892a910>,60,28,[ 4 10],61,-1,216,-1,188
1,<environment.Job instance at 0x7f69c892abe0>,63,21,[12  5],64,-1,209,-1,188
1,<environment.Job instance at 0x7f69c8a20730>,64,22,[ 1 11],65,-1,210,-1,188
1,<environment.Job instance at 0x7f69c8a20500>,66,26,[5 3],67,-1,224,-1,198
1,<environment.Job instance at 0x7f69ca0bd910>,71,24,[ 4 14],72,-1,244,-1,220
1,<environment.Job instance at 0x7f69ca0bdd70>,73,1,[2 6],74,-1,239,-1,238
1,<environment.Job instance at 0x7f69c9b6be10>,76,17,[ 5 11],77,-1,266,-1,249
1,<environment.Job instance at 0x7f69c9b6b730>,77,13,[ 2 13],78,-1,262,-1,249
1,<environment.Job instance at 0x7f69c8ecff50>,84,3,[8 2],85,-1,300,-1,297
1,<environment.Job instance at 0x7f69c88b9fa0>,85,15,[11  3],86,-1,312,-1,297
1,<environment.Job instance at 0x7f69c88b9aa0>,87,28,[7 2],88,-1,326,-1,298
1,<environment.Job instance at 0x7f69c8f19320>,91,22,[1 9],92,-1,345,-1,323
1,<environment.Job instance at 0x7f69c894bd20>,93,1,[ 4 10],94,-1,333,-1,332
1,<environment.Job instance at 0x7f69c894be60>,95,16,[10  1],96,-1,349,-1,333
1,<environment.Job instance at 0x7f69c894ba50>,96,28,[6 5],97,-1,361,-1,333
1,<environment.Job instance at 0x7f69c9a6aaa0>,97,17,[14  3],98,-1,350,-1,333
1,<environment.Job instance at 0x7f69c9a6ac30>,98,19,[ 5 12],99,-1,352,-1,333
1,<environment.Job instance at 0x7f69c97703c0>,99,27,[2 8],100,-1,360,-1,333
1,<environment.Job instance at 0x7f69c97705a0>,100,2,[ 3 13],101,-1,335,-1,333
1,<environment.Job instance at 0x7f69c8fdc8c0>,108,27,[4 6],109,-1,416,-1,389
1,<environment.Job instance at 0x7f69c91aa550>,110,15,[ 1 12],111,-1,410,-1,395
1,<environment.Job instance at 0x7f69c9aba730>,111,1,[ 3 12],112,-1,396,-1,395
1,<environment.Job instance at 0x7f69c9aba780>,112,24,[8 1],113,-1,419,-1,395
1,<environment.Job instance at 0x7f69c9abac30>,113,23,[12  1],114,-1,418,-1,395
1,<environment.Job instance at 0x7f69c9abab90>,114,26,[4 5],115,-1,421,-1,395
1,<environment.Job instance at 0x7f69c9617fa0>,115,28,[8 2],116,-1,423,-1,395
1,<environment.Job instance at 0x7f69c9c17140>,116,21,[11  3],117,-1,416,-1,395
1,<environment.Job instance at 0x7f69c9c17eb0>,117,19,[14  3],118,-1,414,-1,395
1,<environment.Job instance at 0x7f69c97e8e60>,119,2,[5 1],120,-1,405,-1,403
1,<environment.Job instance at 0x7f69c97e8fa0>,120,23,[ 2 10],121,-1,426,-1,403
1,<environment.Job instance at 0x7f69c8f036e0>,121,3,[ 2 10],122,-1,406,-1,403
1,<environment.Job instance at 0x7f69c921d410>,122,3,[10  5],123,-1,406,-1,403
1,<environment.Job instance at 0x7f69c94aa690>,123,15,[ 4 11],124,-1,418,-1,403
1,<environment.Job instance at 0x7f69c94a2730>,124,15,[ 1 11],125,-1,418,-1,403
1,<environment.Job instance at 0x7f69c91eae10>,125,24,[11  4],126,-1,427,-1,403
1,<environment.Job instance at 0x7f69c97e8460>,126,21,[14  5],127,-1,424,-1,403
1,<environment.Job instance at 0x7f69c8be6870>,127,2,[7 1],128,-1,405,-1,403
1,<environment.Job instance at 0x7f69d2d1f0f0>,130,25,[4 7],131,-1,437,-1,412
1,<environment.Job instance at 0x7f69c9ef85f0>,133,14,[ 2 12],134,-1,441,-1,427
1,<environment.Job instance at 0x7f69c8f20690>,134,20,[ 3 14],135,-1,447,-1,427
1,<environment.Job instance at 0x7f69c8fd85f0>,135,18,[ 1 11],136,-1,445,-1,427
1,<environment.Job instance at 0x7f69ca19ed70>,136,3,[ 5 12],137,-1,430,-1,427
1,<environment.Job instance at 0x7f69ca19eeb0>,137,14,[12  5],138,-1,441,-1,427
1,<environment.Job instance at 0x7f69c8f18550>,146,12,[ 2 14],147,-1,497,-1,485
1,<environment.Job instance at 0x7f69c9ec66e0>,147,12,[12  2],148,-1,497,-1,485
1,<environment.Job instance at 0x7f69c9831cd0>,3,13,[ 2 14],4,-1,17,-1,4
1,<environment.Job instance at 0x7f69c9831190>,2,25,[10  2],3,-1,29,-1,4
1,<environment.Job instance at 0x7f69c9831280>,7,14,[13  4],8,-1,22,-1,8
1,<environment.Job instance at 0x7f69c9831550>,8,23,[1 9],9,-1,47,-1,24
1,<environment.Job instance at 0x7f69c98319b0>,14,16,[ 4 14],15,-1,40,-1,24
1,<environment.Job instance at 0x7f69c9ec6c30>,18,18,[ 4 13],19,-1,64,-1,46
1,<environment.Job instance at 0x7f69c9ec6140>,27,13,[11  5],28,-1,122,-1,109
1,<environment.Job instance at 0x7f69c9ec6f50>,30,28,[12  2],31,-1,149,-1,121
1,<environment.Job instance at 0x7f69c9ec6320>,33,3,[ 3 12],34,-1,140,-1,137
1,<environment.Job instance at 0x7f69c9ec6960>,34,18,[11  2],35,-1,155,-1,137
1,<environment.Job instance at 0x7f69c9ec6410>,35,17,[14  2],36,-1,154,-1,137
1,<environment.Job instance at 0x7f69c9ec63c0>,36,23,[3 7],37,-1,160,-1,137
1,<environment.Job instance at 0x7f69c9ec6f00>,38,15,[13  1],39,-1,153,-1,138
1,<environment.Job instance at 0x7f69c9ec62d0>,39,19,[11  4],40,-1,158,-1,139
1,<environment.Job instance at 0x7f69c8cf4dc0>,41,25,[3 9],42,-1,174,-1,149
1,<environment.Job instance at 0x7f69c8cf4500>,47,27,[7 4],48,-1,226,-1,199
1,<environment.Job instance at 0x7f69c8cf4be0>,55,28,[1 7],56,-1,287,-1,259
1,<environment.Job instance at 0x7f69c9f29230>,59,25,[6 5],60,-1,315,-1,290
1,<environment.Job instance at 0x7f69c9f29e60>,60,25,[4 7],61,-1,315,-1,290
1,<environment.Job instance at 0x7f69c9f29410>,61,17,[ 5 11],62,-1,307,-1,290
1,<environment.Job instance at 0x7f69c9f295a0>,62,16,[ 4 12],63,-1,306,-1,290
1,<environment.Job instance at 0x7f69c9f290f0>,63,15,[12  5],64,-1,305,-1,290
1,<environment.Job instance at 0x7f69c9f29eb0>,64,22,[14  5],65,-1,312,-1,290
1,<environment.Job instance at 0x7f69c9f290a0>,66,26,[9 2],67,-1,328,-1,302
1,<environment.Job instance at 0x7f69c9f29a50>,68,12,[13  2],69,-1,314,-1,302
1,<environment.Job instance at 0x7f69c9f29190>,69,18,[ 4 10],70,-1,345,-1,327
1,<environment.Job instance at 0x7f69c92e1fa0>,73,15,[12  4],74,-1,342,-1,327
1,<environment.Job instance at 0x7f69c9a0e8c0>,75,18,[ 1 13],76,-1,345,-1,327
1,<environment.Job instance at 0x7f69ca1485a0>,77,26,[5 4],78,-1,361,-1,335
1,<environment.Job instance at 0x7f69c8bdf0a0>,79,15,[13  3],80,-1,361,-1,346
1,<environment.Job instance at 0x7f69c9de1410>,87,15,[ 3 11],88,-1,430,-1,415
1,<environment.Job instance at 0x7f69c9100320>,88,13,[11  3],89,-1,428,-1,415
1,<environment.Job instance at 0x7f69c8e7c910>,95,13,[ 3 12],96,-1,473,-1,460
1,<environment.Job instance at 0x7f69c8a19b40>,96,3,[5 1],97,-1,463,-1,460
1,<environment.Job instance at 0x7f69c897b780>,98,25,[6 1],99,-1,488,-1,463
1,<environment.Job instance at 0x7f69c897b0f0>,100,3,[7 2],101,-1,483,-1,480
1,<environment.Job instance at 0x7f69c897baf0>,101,26,[13  1],102,-1,506,-1,480
1,<environment.Job instance at 0x7f69c897be60>,102,23,[13  2],103,-1,503,-1,480
1,<environment.Job instance at 0x7f69c897baa0>,106,21,[ 3 13],107,-1,522,-1,501
1,<environment.Job instance at 0x7f69c8ea24b0>,114,18,[13  3],115,-1,553,-1,535
1,<environment.Job instance at 0x7f69c8ea2aa0>,115,18,[ 3 13],116,-1,553,-1,535
1,<environment.Job instance at 0x7f69c8ea27d0>,117,2,[2 8],118,-1,549,-1,547
1,<environment.Job instance at 0x7f69c8ea2230>,120,12,[14  3],121,-1,582,-1,570
1,<environment.Job instance at 0x7f69d2bb8820>,123,21,[ 5 13],124,-1,604,-1,583
1,<environment.Job instance at 0x7f69d2bb80a0>,127,26,[11  3],128,-1,625,-1,599
1,<environment.Job instance at 0x7f69d2cc4d20>,135,18,[13  1],136,-1,680,-1,662
1,<environment.Job instance at 0x7f69c89fc5f0>,138,25,[2 8],139,-1,693,-1,668
1,<environment.Job instance at 0x7f69c89fcf50>,140,15,[ 3 14],141,-1,683,-1,668
1,<environment.Job instance at 0x7f69c89fc7d0>,142,13,[ 5 13],143,-1,691,-1,678
1,<environment.Job instance at 0x7f69c89fcfa0>,143,17,[ 5 12],144,-1,695,-1,678
1,<environment.Job instance at 0x7f69c89fcf00>,147,18,[ 2 14],148,-1,712,-1,694
1,<environment.Job instance at 0x7f69c89fcb90>,148,12,[14  1],149,-1,706,-1,694
1,<environment.Job instance at 0x7f69ca06b460>,2,19,[ 4 13],3,-1,22,-1,3
1,<environment.Job instance at 0x7f69c88e8730>,4,19,[ 4 14],5,-1,24,-1,5
1,<environment.Job instance at 0x7f69c88e85f0>,6,24,[14  1],7,-1,31,-1,7
1,<environment.Job instance at 0x7f69c88e8230>,7,25,[10  3],8,-1,33,-1,8
1,<environment.Job instance at 0x7f69c88e8a00>,8,27,[7 2],9,-1,36,-1,9
1,<environment.Job instance at 0x7f69c8c2c8c0>,12,25,[5 6],13,-1,39,-1,14
1,<environment.Job instance at 0x7f69c8c2cf00>,14,16,[14  3],15,-1,31,-1,15
1,<environment.Job instance at 0x7f69ca037230>,19,3,[7 1],20,-1,38,-1,35
1,<environment.Job instance at 0x7f69ca037690>,20,13,[12  1],21,-1,48,-1,35
1,<environment.Job instance at 0x7f69ca037f50>,21,21,[13  4],22,-1,56,-1,35
1,<environment.Job instance at 0x7f69d26c3e60>,25,16,[ 1 14],26,-1,72,-1,56
1,<environment.Job instance at 0x7f69c9174190>,27,26,[ 1 10],28,-1,94,-1,68
1,<environment.Job instance at 0x7f69c8de30f0>,31,3,[5 2],32,-1,86,-1,83
1,<environment.Job instance at 0x7f69c9ed75a0>,32,1,[10  1],33,-1,84,-1,83
1,<environment.Job instance at 0x7f69ca0550a0>,33,21,[2 5],34,-1,111,-1,90
1,<environment.Job instance at 0x7f69ca1a3c30>,34,1,[ 3 14],35,-1,91,-1,90
1,<environment.Job instance at 0x7f69ca1a3aa0>,35,23,[ 1 12],36,-1,113,-1,90
1,<environment.Job instance at 0x7f69c8d1ba50>,36,13,[ 3 10],37,-1,103,-1,90
1,<environment.Job instance at 0x7f69c97b05f0>,37,28,[ 1 13],38,-1,118,-1,90
1,<environment.Job instance at 0x7f69c8fe6820>,40,26,[ 4 13],41,-1,127,-1,101
1,<environment.Job instance at 0x7f69c8fe6be0>,41,24,[5 3],42,-1,125,-1,101
1,<environment.Job instance at 0x7f69d26df4b0>,42,24,[6 2],43,-1,125,-1,101
1,<environment.Job instance at 0x7f69c96e6190>,48,15,[ 3 14],49,-1,164,-1,149
1,<environment.Job instance at 0x7f69c9af6dc0>,54,26,[4 5],55,-1,206,-1,180
1,<environment.Job instance at 0x7f69c9e64c30>,58,16,[11  3],59,-1,214,-1,198
1,<environment.Job instance at 0x7f69c9e64370>,59,22,[13  2],60,-1,220,-1,198
1,<environment.Job instance at 0x7f69c9e64640>,60,15,[ 2 11],61,-1,213,-1,198
1,<environment.Job instance at 0x7f69c9e642d0>,61,27,[9 3],62,-1,225,-1,198
1,<environment.Job instance at 0x7f69c9e64aa0>,62,17,[ 1 12],63,-1,215,-1,198
1,<environment.Job instance at 0x7f69c9a72aa0>,66,18,[12  4],67,-1,245,-1,227
1,<environment.Job instance at 0x7f69c9a723c0>,69,26,[1 8],70,-1,279,-1,253
1,<environment.Job instance at 0x7f69c8a9fbe0>,73,26,[8 5],74,-1,292,-1,266
1,<environment.Job instance at 0x7f69c8a9f690>,74,21,[12  3],75,-1,287,-1,266
1,<environment.Job instance at 0x7f69c8a9fd70>,75,3,[10  4],76,-1,269,-1,266
1,<environment.Job instance at 0x7f69c8a9f0a0>,76,26,[ 2 10],77,-1,292,-1,266
1,<environment.Job instance at 0x7f69c8a9f050>,77,1,[4 7],78,-1,267,-1,266
1,<environment.Job instance at 0x7f69c8a9faf0>,78,12,[ 5 13],79,-1,278,-1,266
1,<environment.Job instance at 0x7f69ca13f5f0>,79,17,[12  3],80,-1,283,-1,266
1,<environment.Job instance at 0x7f69ca13f7d0>,80,2,[5 7],81,-1,268,-1,266
1,<environment.Job instance at 0x7f69ca13ff00>,81,28,[8 3],82,-1,294,-1,266
1,<environment.Job instance at 0x7f69ca13fa00>,82,26,[11  4],83,-1,292,-1,266
1,<environment.Job instance at 0x7f69ca13feb0>,83,2,[ 3 14],84,-1,268,-1,266
1,<environment.Job instance at 0x7f69ca13f910>,84,12,[ 5 14],85,-1,278,-1,266
1,<environment.Job instance at 0x7f69ca13f370>,85,27,[ 1 10],86,-1,293,-1,266
1,<environment.Job instance at 0x7f69ca13faf0>,86,13,[11  4],87,-1,279,-1,266
1,<environment.Job instance at 0x7f69ca13f730>,89,28,[ 4 14],90,-1,310,-1,282
1,<environment.Job instance at 0x7f69c9d59280>,94,19,[12  1],95,-1,336,-1,317
1,<environment.Job instance at 0x7f69c9d59230>,97,1,[3 8],98,-1,334,-1,333
1,<environment.Job instance at 0x7f69c9d59550>,100,28,[6 2],101,-1,375,-1,347
1,<environment.Job instance at 0x7f69c9d59aa0>,102,23,[8 2],103,-1,386,-1,363
1,<environment.Job instance at 0x7f69c9d597d0>,104,12,[14  3],105,-1,375,-1,363
1,<environment.Job instance at 0x7f69c9d591e0>,105,18,[11  4],106,-1,381,-1,363
1,<environment.Job instance at 0x7f69c9d59f00>,106,16,[11  3],107,-1,379,-1,363
1,<environment.Job instance at 0x7f69c979fa50>,111,26,[ 5 11],112,-1,432,-1,406
1,<environment.Job instance at 0x7f69c979f960>,113,17,[13  3],114,-1,423,-1,406
1,<environment.Job instance at 0x7f69c979f280>,114,28,[5 2],115,-1,434,-1,406
1,<environment.Job instance at 0x7f69c979f550>,116,24,[ 4 14],117,-1,451,-1,427
1,<environment.Job instance at 0x7f69c979f460>,117,3,[12  2],118,-1,430,-1,427
1,<environment.Job instance at 0x7f69c979f780>,118,22,[ 1 11],119,-1,449,-1,427
1,<environment.Job instance at 0x7f69c979f870>,121,13,[14  4],122,-1,450,-1,437
1,<environment.Job instance at 0x7f69c979ff50>,123,28,[ 3 14],124,-1,465,-1,437
1,<environment.Job instance at 0x7f69c979fb90>,124,14,[ 1 14],125,-1,451,-1,437
1,<environment.Job instance at 0x7f69c979f0a0>,125,12,[ 2 13],126,-1,449,-1,437
1,<environment.Job instance at 0x7f69c979f500>,126,27,[9 4],127,-1,464,-1,437
1,<environment.Job instance at 0x7f69c979feb0>,127,20,[14  4],128,-1,457,-1,437
1,<environment.Job instance at 0x7f69c979f320>,128,2,[7 1],129,-1,439,-1,437
1,<environment.Job instance at 0x7f69c95b8370>,130,1,[13  4],131,-1,447,-1,446
1,<environment.Job instance at 0x7f69c95b8a00>,132,2,[ 5 11],133,-1,451,-1,449
1,<environment.Job instance at 0x7f69c95b8910>,133,25,[9 4],134,-1,474,-1,449
1,<environment.Job instance at 0x7f69c95b8500>,136,26,[6 3],137,-1,500,-1,474
1,<environment.Job instance at 0x7f69c95b81e0>,139,27,[5 7],140,-1,502,-1,475
1,<environment.Job instance at 0x7f69c95b84b0>,140,18,[ 2 11],141,-1,493,-1,475
1,<environment.Job instance at 0x7f69ca087b90>,144,22,[ 2 13],145,-1,516,-1,494
1,<environment.Job instance at 0x7f69ca0870f0>,145,25,[1 7],146,-1,526,-1,501
1,<environment.Job instance at 0x7f69ca087140>,146,18,[13  1],147,-1,519,-1,501
1,<environment.Job instance at 0x7f69c9a87fa0>,4,18,[ 1 11],5,-1,23,-1,5
1,<environment.Job instance at 0x7f69c9a87be0>,7,1,[ 3 10],8,-1,10,-1,9
1,<environment.Job instance at 0x7f69c9204730>,9,1,[5 4],10,-1,11,-1,10
1,<environment.Job instance at 0x7f69c977acd0>,16,24,[ 3 14],17,-1,71,-1,47
1,<environment.Job instance at 0x7f69c977a4b0>,17,25,[10  2],18,-1,72,-1,47
1,<environment.Job instance at 0x7f69c977ad20>,22,24,[9 4],23,-1,100,-1,76
1,<environment.Job instance at 0x7f69c977aaf0>,24,15,[ 2 12],25,-1,96,-1,81
1,<environment.Job instance at 0x7f69c977a7d0>,25,28,[14  4],26,-1,109,-1,81
1,<environment.Job instance at 0x7f69c977aa00>,26,18,[13  4],27,-1,99,-1,81
1,<environment.Job instance at 0x7f69c977a320>,27,15,[14  1],28,-1,96,-1,81
1,<environment.Job instance at 0x7f69c977a5a0>,28,17,[ 3 11],29,-1,98,-1,81
1,<environment.Job instance at 0x7f69c977af50>,29,26,[13  3],30,-1,107,-1,81
1,<environment.Job instance at 0x7f69c977a910>,30,2,[7 2],31,-1,83,-1,81
1,<environment.Job instance at 0x7f69c977ad70>,31,2,[4 5],32,-1,83,-1,81
1,<environment.Job instance at 0x7f69c9bb2c80>,33,13,[ 5 11],34,-1,108,-1,95
1,<environment.Job instance at 0x7f69c9bb2870>,34,3,[11  2],35,-1,98,-1,95
1,<environment.Job instance at 0x7f69c9bb2690>,36,14,[12  5],37,-1,109,-1,95
1,<environment.Job instance at 0x7f69c9bb20f0>,37,25,[6 2],38,-1,120,-1,95
1,<environment.Job instance at 0x7f69c9bb26e0>,38,3,[1 8],39,-1,98,-1,95
1,<environment.Job instance at 0x7f69c9bb2320>,39,3,[10  1],40,-1,98,-1,95
1,<environment.Job instance at 0x7f69c9bb22d0>,41,25,[ 3 12],42,-1,120,-1,95
1,<environment.Job instance at 0x7f69c8f11780>,45,21,[ 2 11],46,-1,137,-1,116
1,<environment.Job instance at 0x7f69c8f112d0>,46,2,[5 8],47,-1,118,-1,116
1,<environment.Job instance at 0x7f69c8f11a50>,48,1,[2 7],49,-1,129,-1,128
1,<environment.Job instance at 0x7f69c8f114b0>,50,28,[14  2],51,-1,156,-1,128
1,<environment.Job instance at 0x7f69c8f11cd0>,51,28,[6 2],52,-1,156,-1,128
1,<environment.Job instance at 0x7f69c8f11500>,52,24,[5 4],53,-1,152,-1,128
1,<environment.Job instance at 0x7f69c8f11910>,54,15,[ 4 14],55,-1,160,-1,145
1,<environment.Job instance at 0x7f69c8f11280>,55,17,[12  1],56,-1,162,-1,145
1,<environment.Job instance at 0x7f69c9cf1dc0>,57,14,[ 4 14],58,-1,163,-1,149
1,<environment.Job instance at 0x7f69c9cf1370>,64,19,[ 2 12],65,-1,240,-1,221
1,<environment.Job instance at 0x7f69c9cf1960>,68,1,[7 5],69,-1,239,-1,238
1,<environment.Job instance at 0x7f69c8a25e10>,77,26,[5 7],78,-1,320,-1,294
1,<environment.Job instance at 0x7f69c8a252d0>,79,28,[9 1],80,-1,335,-1,307
1,<environment.Job instance at 0x7f69c8a25730>,81,14,[11  3],82,-1,340,-1,326
1,<environment.Job instance at 0x7f69c8a25910>,83,28,[11  2],84,-1,354,-1,326
1,<environment.Job instance at 0x7f69c9244d70>,89,15,[ 1 11],90,-1,387,-1,372
1,<environment.Job instance at 0x7f69c9244b90>,91,3,[5 5],92,-1,382,-1,379
1,<environment.Job instance at 0x7f69c9244370>,92,13,[10  1],93,-1,392,-1,379
1,<environment.Job instance at 0x7f69c9244fa0>,93,13,[ 4 11],94,-1,392,-1,379
1,<environment.Job instance at 0x7f69c9244eb0>,95,17,[ 5 14],96,-1,403,-1,386
1,<environment.Job instance at 0x7f69c9911910>,99,14,[13  2],100,-1,420,-1,406
1,<environment.Job instance at 0x7f69c99111e0>,100,26,[8 5],101,-1,432,-1,406
1,<environment.Job instance at 0x7f69c9911f50>,102,20,[12  3],103,-1,435,-1,415
1,<environment.Job instance at 0x7f69c9911af0>,103,25,[8 2],104,-1,440,-1,415
1,<environment.Job instance at 0x7f69c9911960>,104,28,[10  4],105,-1,443,-1,415
1,<environment.Job instance at 0x7f69c99118c0>,106,21,[13  4],107,-1,445,-1,424
1,<environment.Job instance at 0x7f69c9911280>,107,15,[ 3 11],108,-1,439,-1,424
1,<environment.Job instance at 0x7f69c9911fa0>,108,23,[ 3 10],109,-1,447,-1,424
1,<environment.Job instance at 0x7f69c9911b90>,110,3,[11  1],111,-1,435,-1,432
1,<environment.Job instance at 0x7f69c99113c0>,111,23,[10  4],112,-1,455,-1,432
1,<environment.Job instance at 0x7f69c99115f0>,112,14,[ 1 11],113,-1,446,-1,432
1,<environment.Job instance at 0x7f69c99112d0>,114,21,[ 3 13],115,-1,463,-1,442
1,<environment.Job instance at 0x7f69c99119b0>,118,12,[11  4],119,-1,472,-1,460
1,<environment.Job instance at 0x7f69c889e7d0>,122,14,[14  5],123,-1,495,-1,481
1,<environment.Job instance at 0x7f69c889eeb0>,123,13,[ 4 11],124,-1,494,-1,481
1,<environment.Job instance at 0x7f69c889e9b0>,124,12,[11  4],125,-1,493,-1,481
1,<environment.Job instance at 0x7f69c8e11320>,125,26,[ 5 13],126,-1,507,-1,481
1,<environment.Job instance at 0x7f69c8c176e0>,127,18,[ 4 14],128,-1,507,-1,489
1,<environment.Job instance at 0x7f69ca090eb0>,129,17,[ 1 14],130,-1,514,-1,497
1,<environment.Job instance at 0x7f69c984ad20>,131,24,[12  3],132,-1,531,-1,507
1,<environment.Job instance at 0x7f69c984a7d0>,132,12,[11  5],133,-1,519,-1,507
1,<environment.Job instance at 0x7f69c984a280>,133,16,[ 5 13],134,-1,523,-1,507
1,<environment.Job instance at 0x7f69c88638c0>,134,18,[ 1 12],135,-1,525,-1,507
1,<environment.Job instance at 0x7f69c8863cd0>,135,26,[4 8],136,-1,533,-1,507
1,<environment.Job instance at 0x7f69c9a87c80>,11,17,[7 5],12,-1,524,-1,507
1,<environment.Job instance at 0x7f69c88633c0>,136,2,[ 1 10],137,-1,509,-1,507
1,<environment.Job instance at 0x7f69c88637d0>,139,14,[ 1 12],140,-1,528,-1,514
1,<environment.Job instance at 0x7f69c88636e0>,140,17,[13  3],141,-1,531,-1,514
1,<environment.Job instance at 0x7f69c89e95f0>,141,12,[14  4],142,-1,526,-1,514
1,<environment.Job instance at 0x7f69c9bf3eb0>,144,24,[2 7],145,-1,552,-1,528
1,<environment.Job instance at 0x7f69c90e54b0>,145,16,[13  3],146,-1,544,-1,528
1,<environment.Job instance at 0x7f69ca1264b0>,147,2,[6 3],148,-1,530,-1,528
1,<environment.Job instance at 0x7f69c8863eb0>,2,28,[8 5],3,-1,31,-1,3
1,<environment.Job instance at 0x7f69c898a4b0>,3,16,[ 4 11],4,-1,20,-1,4
1,<environment.Job instance at 0x7f69c9819780>,7,18,[ 3 14],8,-1,26,-1,8
1,<environment.Job instance at 0x7f69c98195f0>,8,16,[12  1],9,-1,25,-1,9
1,<environment.Job instance at 0x7f69c98193c0>,15,22,[5 1],16,-1,38,-1,16
1,<environment.Job instance at 0x7f69c9819640>,18,24,[2 9],19,-1,58,-1,34
1,<environment.Job instance at 0x7f69c9819280>,21,20,[14  5],22,-1,70,-1,50
1,<environment.Job instance at 0x7f69c9715280>,25,19,[11  5],26,-1,126,-1,107
1,<environment.Job instance at 0x7f69c9715730>,29,25,[5 5],30,-1,163,-1,138
1,<environment.Job instance at 0x7f69c9715960>,31,28,[1 5],32,-1,168,-1,140
1,<environment.Job instance at 0x7f69c9715be0>,32,2,[ 5 11],33,-1,142,-1,140
1,<environment.Job instance at 0x7f69c9715500>,33,16,[ 5 11],34,-1,156,-1,140
1,<environment.Job instance at 0x7f69c9715e10>,36,28,[7 1],37,-1,186,-1,158
1,<environment.Job instance at 0x7f69c9715af0>,38,27,[ 1 10],39,-1,194,-1,167
1,<environment.Job instance at 0x7f69c9715dc0>,39,13,[ 4 12],40,-1,180,-1,167
1,<environment.Job instance at 0x7f69c97155f0>,40,14,[12  2],41,-1,181,-1,167
1,<environment.Job instance at 0x7f69c9550be0>,43,25,[3 5],44,-1,214,-1,189
1,<environment.Job instance at 0x7f69c9550e60>,44,13,[ 5 13],45,-1,202,-1,189
1,<environment.Job instance at 0x7f69c95509b0>,45,26,[3 8],46,-1,215,-1,189
1,<environment.Job instance at 0x7f69c9550780>,47,13,[ 1 14],48,-1,202,-1,189
1,<environment.Job instance at 0x7f69c9550d70>,49,23,[13  1],50,-1,212,-1,189
1,<environment.Job instance at 0x7f69c95506e0>,51,13,[ 3 13],52,-1,209,-1,196
1,<environment.Job instance at 0x7f69c95505f0>,52,15,[11  2],53,-1,211,-1,196
1,<environment.Job instance at 0x7f69c9550410>,53,23,[ 1 10],54,-1,219,-1,196
1,<environment.Job instance at 0x7f69c9550fa0>,54,28,[ 1 14],55,-1,224,-1,196
1,<environment.Job instance at 0x7f69c9550550>,58,24,[4 6],59,-1,238,-1,214
1,<environment.Job instance at 0x7f69c9b83cd0>,60,21,[ 4 13],61,-1,242,-1,221
1,<environment.Job instance at 0x7f69c9b833c0>,63,2,[12  2],64,-1,238,-1,236
1,<environment.Job instance at 0x7f69c9b83e60>,64,26,[ 4 11],65,-1,262,-1,236
1,<environment.Job instance at 0x7f69c9b83780>,65,24,[ 1 14],66,-1,260,-1,236
1,<environment.Job instance at 0x7f69c9b83af0>,68,28,[ 4 12],69,-1,276,-1,248
1,<environment.Job instance at 0x7f69c8931c80>,71,24,[3 7],72,-1,307,-1,283
1,<environment.Job instance at 0x7f69c8931e60>,78,21,[ 4 10],79,-1,352,-1,331
1,<environment.Job instance at 0x7f69c8931a00>,79,3,[14  4],80,-1,334,-1,331
1,<environment.Job instance at 0x7f69c8931410>,80,16,[ 4 12],81,-1,347,-1,331
1,<environment.Job instance at 0x7f69c89318c0>,81,17,[14  1],82,-1,348,-1,331
1,<environment.Job instance at 0x7f69c8931960>,84,15,[14  5],85,-1,363,-1,348
1,<environment.Job instance at 0x7f69c8931d70>,85,2,[9 2],86,-1,350,-1,348
1,<environment.Job instance at 0x7f69c8931730>,86,18,[ 5 14],87,-1,366,-1,348
1,<environment.Job instance at 0x7f69c94c5d20>,87,25,[12  4],88,-1,373,-1,348
1,<environment.Job instance at 0x7f69c94c5640>,92,19,[14  4],93,-1,405,-1,386
1,<environment.Job instance at 0x7f69c94c5b90>,93,25,[ 4 10],94,-1,411,-1,386
1,<environment.Job instance at 0x7f69c94c5820>,94,13,[11  3],95,-1,399,-1,386
1,<environment.Job instance at 0x7f69c94c5a50>,97,16,[ 3 12],98,-1,417,-1,401
1,<environment.Job instance at 0x7f69c94c5fa0>,99,21,[11  3],100,-1,434,-1,413
1,<environment.Job instance at 0x7f69c9993c30>,100,28,[3 7],101,-1,441,-1,413
1,<environment.Job instance at 0x7f69c9993d70>,102,3,[ 4 12],103,-1,425,-1,422
1,<environment.Job instance at 0x7f69c9993be0>,103,28,[5 8],104,-1,450,-1,422
1,<environment.Job instance at 0x7f69c9993140>,104,18,[12  4],105,-1,440,-1,422
1,<environment.Job instance at 0x7f69c9993f50>,109,27,[4 5],110,-1,484,-1,457
1,<environment.Job instance at 0x7f69c9993aa0>,111,15,[14  3],112,-1,486,-1,471
1,<environment.Job instance at 0x7f69c9993960>,112,27,[9 3],113,-1,498,-1,471
1,<environment.Job instance at 0x7f69c8f037d0>,114,27,[10  5],115,-1,498,-1,471
1,<environment.Job instance at 0x7f69c8f03460>,118,15,[10  1],119,-1,509,-1,494
1,<environment.Job instance at 0x7f69c8f03230>,119,15,[ 2 11],120,-1,509,-1,494
1,<environment.Job instance at 0x7f69c8f03a50>,120,17,[11  5],121,-1,511,-1,494
1,<environment.Job instance at 0x7f69c8f03140>,121,2,[ 2 12],122,-1,496,-1,494
1,<environment.Job instance at 0x7f69c8f036e0>,126,28,[ 5 10],127,-1,555,-1,527
1,<environment.Job instance at 0x7f69c8f03fa0>,127,25,[ 3 10],128,-1,552,-1,527
1,<environment.Job instance at 0x7f69c8f03d70>,128,2,[14  5],129,-1,529,-1,527
1,<environment.Job instance at 0x7f69c8f03820>,129,2,[6 3],130,-1,529,-1,527
1,<environment.Job instance at 0x7f69c8f03aa0>,130,14,[12  2],131,-1,541,-1,527
1,<environment.Job instance at 0x7f69c96403c0>,132,3,[11  5],133,-1,534,-1,531
1,<environment.Job instance at 0x7f69c9640d70>,133,27,[5 5],134,-1,558,-1,531
1,<environment.Job instance at 0x7f69c9640fa0>,134,27,[2 5],135,-1,558,-1,531
1,<environment.Job instance at 0x7f69c9640050>,136,28,[ 5 11],137,-1,568,-1,540
1,<environment.Job instance at 0x7f69c9db2960>,138,28,[6 5],139,-1,568,-1,540
1,<environment.Job instance at 0x7f69c9d39320>,139,27,[4 9],140,-1,567,-1,540
1,<environment.Job instance at 0x7f69d2bfedc0>,140,1,[4 8],141,-1,541,-1,540
1,<environment.Job instance at 0x7f69c9f419b0>,141,25,[6 2],142,-1,565,-1,540
1,<environment.Job instance at 0x7f69d2bfe9b0>,142,17,[ 4 13],143,-1,557,-1,540
1,<environment.Job instance at 0x7f69d2bfe1e0>,143,28,[ 1 11],144,-1,568,-1,540
1,<environment.Job instance at 0x7f69c8d092d0>,147,16,[ 3 11],148,-1,586,-1,570
1,<environment.Job instance at 0x7f69c9697c80>,2,23,[4 8],3,-1,26,-1,3
1,<environment.Job instance at 0x7f69c9697190>,3,26,[6 1],4,-1,30,-1,4
1,<environment.Job instance at 0x7f69c96978c0>,6,13,[ 3 14],7,-1,20,-1,7
1,<environment.Job instance at 0x7f69c9697cd0>,8,27,[13  2],9,-1,36,-1,9
1,<environment.Job instance at 0x7f69c8ee3e10>,12,1,[8 3],13,-1,14,-1,13
1,<environment.Job instance at 0x7f69c8ee3e60>,13,2,[5 6],14,-1,16,-1,14
1,<environment.Job instance at 0x7f69c8d7be60>,14,12,[ 3 10],15,-1,32,-1,20
1,<environment.Job instance at 0x7f69c8d7b690>,26,16,[ 5 11],27,-1,110,-1,94
1,<environment.Job instance at 0x7f69c8d7b4b0>,28,28,[ 4 10],29,-1,122,-1,94
1,<environment.Job instance at 0x7f69c8d7bf50>,29,16,[14  3],30,-1,110,-1,94
1,<environment.Job instance at 0x7f69ca092af0>,30,22,[8 5],31,-1,135,-1,113
1,<environment.Job instance at 0x7f69ca092820>,33,16,[5 6],34,-1,129,-1,113
1,<environment.Job instance at 0x7f69ca092640>,34,27,[6 2],35,-1,140,-1,113
1,<environment.Job instance at 0x7f69ca092aa0>,35,15,[7 3],36,-1,128,-1,113
1,<environment.Job instance at 0x7f69ca092500>,36,15,[5 7],37,-1,128,-1,113
1,<environment.Job instance at 0x7f69ca092280>,37,14,[13  5],38,-1,127,-1,113
1,<environment.Job instance at 0x7f69ca092b90>,32,28,[13  5],33,-1,141,-1,113
1,<environment.Job instance at 0x7f69ca0926e0>,38,13,[8 1],39,-1,127,-1,114
1,<environment.Job instance at 0x7f69c8dad3c0>,44,13,[ 1 13],45,-1,154,-1,141
1,<environment.Job instance at 0x7f69c8dadb90>,45,2,[ 5 10],46,-1,143,-1,141
1,<environment.Job instance at 0x7f69c8dade10>,46,24,[10  4],47,-1,165,-1,141
1,<environment.Job instance at 0x7f69c8dad550>,48,23,[ 2 14],49,-1,173,-1,150
1,<environment.Job instance at 0x7f69c8dad820>,50,25,[3 5],51,-1,186,-1,161
1,<environment.Job instance at 0x7f69c8dad780>,51,28,[5 8],52,-1,189,-1,161
1,<environment.Job instance at 0x7f69c89be190>,53,13,[13  1],54,-1,180,-1,167
1,<environment.Job instance at 0x7f69c89bedc0>,54,14,[ 4 10],55,-1,181,-1,167
1,<environment.Job instance at 0x7f69c89be6e0>,58,21,[8 1],59,-1,217,-1,196
1,<environment.Job instance at 0x7f69c89bea50>,59,24,[1 6],60,-1,220,-1,196
1,<environment.Job instance at 0x7f69ca0922d0>,41,28,[12  1],42,-1,227,-1,199
1,<environment.Job instance at 0x7f69c889c320>,72,26,[10  5],73,-1,339,-1,313
1,<environment.Job instance at 0x7f69c889c410>,73,15,[ 1 13],74,-1,328,-1,313
1,<environment.Job instance at 0x7f69c889ce60>,76,15,[ 5 14],77,-1,336,-1,321
1,<environment.Job instance at 0x7f69c889ce10>,77,27,[8 4],78,-1,348,-1,321
1,<environment.Job instance at 0x7f69c889c370>,81,15,[ 4 11],82,-1,349,-1,334
1,<environment.Job instance at 0x7f69c8bbc5f0>,84,18,[ 2 14],85,-1,366,-1,348
1,<environment.Job instance at 0x7f69c8bbc500>,86,27,[4 6],87,-1,389,-1,362
1,<environment.Job instance at 0x7f69c8bbc230>,87,24,[5 9],88,-1,386,-1,362
1,<environment.Job instance at 0x7f69c8bbcf50>,94,28,[ 5 10],95,-1,447,-1,419
1,<environment.Job instance at 0x7f69c8bbc870>,95,12,[11  2],96,-1,431,-1,419
1,<environment.Job instance at 0x7f69c8bbc7d0>,96,27,[5 6],97,-1,446,-1,419
1,<environment.Job instance at 0x7f69c8bbc0f0>,98,3,[4 6],99,-1,433,-1,430
1,<environment.Job instance at 0x7f69c8bbce10>,99,2,[12  4],100,-1,432,-1,430
1,<environment.Job instance at 0x7f69c9235460>,101,17,[12  4],102,-1,449,-1,432
1,<environment.Job instance at 0x7f69c9235050>,103,18,[ 5 14],104,-1,457,-1,439
1,<environment.Job instance at 0x7f69c9235a00>,104,18,[ 2 14],105,-1,457,-1,439
1,<environment.Job instance at 0x7f69c92358c0>,106,3,[11  2],107,-1,455,-1,452
1,<environment.Job instance at 0x7f69c92355a0>,110,16,[ 2 13],111,-1,487,-1,471
1,<environment.Job instance at 0x7f69c9235e60>,111,27,[ 2 11],112,-1,498,-1,471
1,<environment.Job instance at 0x7f69c9235320>,112,19,[ 3 14],113,-1,490,-1,471
1,<environment.Job instance at 0x7f69c9a10190>,125,27,[11  4],126,-1,607,-1,580
1,<environment.Job instance at 0x7f69c8a5d500>,136,25,[ 2 12],137,-1,683,-1,658
1,<environment.Job instance at 0x7f69c8932f00>,137,22,[1 7],138,-1,707,-1,685
1,<environment.Job instance at 0x7f69c8d640f0>,143,14,[ 2 12],144,-1,699,-1,685
1,<environment.Job instance at 0x7f69c87ae6e0>,148,21,[13  1],149,-1,734,-1,713
1,<environment.Job instance at 0x7f09c54589b0>,4,24,[ 3 11],5,-1,29,-1,5
1,<environment.Job instance at 0x7f09c5458e10>,8,24,[ 2 10],9,-1,33,-1,9
1,<environment.Job instance at 0x7f09c545b3c0>,14,21,[ 3 11],15,-1,45,-1,24
1,<environment.Job instance at 0x7f09c545b2d0>,17,18,[ 5 13],18,-1,61,-1,43
1,<environment.Job instance at 0x7f09c545b780>,20,21,[13  5],21,-1,82,-1,61
1,<environment.Job instance at 0x7f09c545e190>,43,21,[ 2 12],44,-1,219,-1,198
1,<environment.Job instance at 0x7f09c5461550>,62,24,[ 3 10],63,-1,356,-1,332
1,<environment.Job instance at 0x7f09c5461a50>,68,25,[ 2 12],69,-1,407,-1,382
1,<environment.Job instance at 0x7f09c5461af0>,69,26,[5 4],70,-1,408,-1,382
1,<environment.Job instance at 0x7f09c5461dc0>,73,27,[8 2],74,-1,433,-1,406
1,<environment.Job instance at 0x7f09c54640f0>,77,19,[8 1],78,-1,443,-1,424
1,<environment.Job instance at 0x7f09c5464280>,78,13,[1 5],79,-1,437,-1,424
1,<environment.Job instance at 0x7f09c5464550>,82,2,[10  3],83,-1,458,-1,456
1,<environment.Job instance at 0x7f09c5464500>,83,17,[ 4 14],84,-1,473,-1,456
1,<environment.Job instance at 0x7f09c54646e0>,84,21,[ 1 10],85,-1,477,-1,456
1,<environment.Job instance at 0x7f09c5464780>,85,18,[ 5 12],86,-1,474,-1,456
1,<environment.Job instance at 0x7f09c5464820>,86,12,[ 3 14],87,-1,468,-1,456
1,<environment.Job instance at 0x7f09c5464960>,88,3,[9 5],89,-1,463,-1,460
1,<environment.Job instance at 0x7f09c5464a00>,89,18,[ 4 11],90,-1,478,-1,460
1,<environment.Job instance at 0x7f09c5464b40>,91,14,[12  2],92,-1,485,-1,471
1,<environment.Job instance at 0x7f09c5464be0>,92,3,[2 8],93,-1,474,-1,471
1,<environment.Job instance at 0x7f09c5464c80>,93,27,[12  1],94,-1,498,-1,471
1,<environment.Job instance at 0x7f09c5464dc0>,95,24,[2 5],96,-1,517,-1,493
1,<environment.Job instance at 0x7f09c5464e60>,96,12,[ 4 14],97,-1,505,-1,493
1,<environment.Job instance at 0x7f09c5464fa0>,98,2,[10  4],99,-1,496,-1,494
1,<environment.Job instance at 0x7f09c5466410>,101,18,[12  3],102,-1,534,-1,516
1,<environment.Job instance at 0x7f09c5466280>,102,13,[ 5 12],103,-1,529,-1,516
1,<environment.Job instance at 0x7f09c5466910>,109,27,[5 8],110,-1,591,-1,564
1,<environment.Job instance at 0x7f09c5466a50>,111,13,[12  3],112,-1,577,-1,564
1,<environment.Job instance at 0x7f09c5466d70>,114,28,[7 4],115,-1,603,-1,575
1,<environment.Job instance at 0x7f09c544ed20>,120,18,[ 3 12],121,-1,628,-1,610
1,<environment.Job instance at 0x7f09c544eaf0>,123,24,[5 6],124,-1,648,-1,624
1,<environment.Job instance at 0x7f09c544e690>,125,14,[14  1],126,-1,642,-1,628
1,<environment.Job instance at 0x7f09c544e5f0>,126,22,[10  1],127,-1,650,-1,628
1,<environment.Job instance at 0x7f09c549d230>,127,12,[1 9],128,-1,640,-1,628
1,<environment.Job instance at 0x7f09c544ecd0>,129,3,[14  4],130,-1,646,-1,643
1,<environment.Job instance at 0x7f09c557a820>,132,23,[ 1 14],133,-1,682,-1,659
1,<environment.Job instance at 0x7f09c54e1f00>,135,23,[7 3],136,-1,709,-1,686
1,<environment.Job instance at 0x7f09c54f9460>,137,26,[ 1 11],138,-1,712,-1,686
1,<environment.Job instance at 0x7f09c550b500>,140,17,[ 2 11],141,-1,711,-1,694
1,<environment.Job instance at 0x7f09c54d44b0>,144,17,[ 3 14],145,-1,739,-1,722
1,<environment.Job instance at 0x7f09c5500dc0>,146,25,[5 4],147,-1,748,-1,723
1,<environment.Job instance at 0x7f09c5601230>,147,2,[7 2],148,-1,725,-1,723
1,<environment.Job instance at 0x7f09c55643c0>,148,28,[7 1],149,-1,751,-1,723
1,<environment.Job instance at 0x7f09c55640a0>,151,24,[12  2],152,-1,758,-1,734
1,<environment.Job instance at 0x7f09c5564c30>,152,26,[ 3 11],153,-1,760,-1,734
1,<environment.Job instance at 0x7f09c557b640>,155,16,[ 1 11],156,-1,756,-1,740
1,<environment.Job instance at 0x7f09c545b960>,3,20,[14  2],4,-1,24,-1,4
1,<environment.Job instance at 0x7f09c4ded5f0>,4,14,[ 4 10],5,-1,49,-1,35
1,<environment.Job instance at 0x7f09c4eb87d0>,11,18,[11  2],12,-1,53,-1,35
1,<environment.Job instance at 0x7f09c4eb8be0>,17,18,[10  1],18,-1,116,-1,98
1,<environment.Job instance at 0x7f09c4eb8c30>,19,25,[3 9],20,-1,123,-1,98
1,<environment.Job instance at 0x7f09c4ec22d0>,21,13,[ 4 10],22,-1,127,-1,114
1,<environment.Job instance at 0x7f09c4ec21e0>,23,23,[ 2 14],24,-1,151,-1,128
1,<environment.Job instance at 0x7f09c4ec2960>,24,12,[ 2 11],25,-1,140,-1,128
1,<environment.Job instance at 0x7f09c4ec28c0>,25,19,[5 1],26,-1,147,-1,128
1,<environment.Job instance at 0x7f09c4ec2be0>,28,28,[4 7],29,-1,160,-1,132
1,<environment.Job instance at 0x7f09c4ec2b40>,29,26,[3 6],30,-1,158,-1,132
1,<environment.Job instance at 0x7f09c4ec2550>,30,12,[11  1],31,-1,144,-1,132
1,<environment.Job instance at 0x7f09c4ec2eb0>,31,12,[ 5 11],32,-1,144,-1,132
1,<environment.Job instance at 0x7f09c4ec7280>,37,3,[5 4],38,-1,170,-1,167
1,<environment.Job instance at 0x7f09c4ec75a0>,40,23,[5 8],41,-1,225,-1,202
1,<environment.Job instance at 0x7f09c4ec7500>,41,21,[ 4 11],42,-1,223,-1,202
1,<environment.Job instance at 0x7f09c4ec73c0>,42,13,[ 3 12],43,-1,215,-1,202
1,<environment.Job instance at 0x7f09c4ec7a00>,46,14,[11  2],47,-1,245,-1,231
1,<environment.Job instance at 0x7f09c4ec7960>,47,27,[5 3],48,-1,258,-1,231
1,<environment.Job instance at 0x7f09c4ec77d0>,50,13,[5 1],51,-1,261,-1,248
1,<environment.Job instance at 0x7f09c4eae050>,51,27,[6 5],52,-1,275,-1,248
1,<environment.Job instance at 0x7f09c4f24320>,52,18,[ 2 14],53,-1,266,-1,248
1,<environment.Job instance at 0x7f09c4f24140>,53,2,[11  2],54,-1,250,-1,248
1,<environment.Job instance at 0x7f09c4f24820>,54,18,[12  2],55,-1,266,-1,248
1,<environment.Job instance at 0x7f09c4f24780>,56,17,[11  1],57,-1,279,-1,262
1,<environment.Job instance at 0x7f09c4f24af0>,57,13,[ 4 12],58,-1,275,-1,262
1,<environment.Job instance at 0x7f09c4f24c80>,58,17,[11  4],59,-1,279,-1,262
1,<environment.Job instance at 0x7f09c4f24b40>,59,13,[10  1],60,-1,275,-1,262
1,<environment.Job instance at 0x7f09c504c8c0>,61,18,[ 1 10],62,-1,282,-1,264
1,<environment.Job instance at 0x7f09c4f24eb0>,62,28,[7 4],63,-1,292,-1,264
1,<environment.Job instance at 0x7f09c5061550>,65,23,[8 3],66,-1,316,-1,293
1,<environment.Job instance at 0x7f09c505e9b0>,67,22,[ 5 10],68,-1,316,-1,294
1,<environment.Job instance at 0x7f09c4ed5910>,70,21,[ 1 10],71,-1,334,-1,313
1,<environment.Job instance at 0x7f09c4e69f00>,71,28,[13  2],72,-1,341,-1,313
1,<environment.Job instance at 0x7f09c4e69730>,72,13,[2 9],73,-1,337,-1,324
1,<environment.Job instance at 0x7f09c4ccfe60>,74,15,[14  3],75,-1,339,-1,324
1,<environment.Job instance at 0x7f09c4ae0370>,80,24,[11  3],81,-1,394,-1,370
1,<environment.Job instance at 0x7f09d5b71af0>,81,22,[5 8],82,-1,559,-1,537
1,<environment.Job instance at 0x7f09c4b36820>,95,13,[11  1],96,-1,556,-1,543
1,<environment.Job instance at 0x7f09c4b36be0>,96,12,[ 3 10],97,-1,555,-1,543
1,<environment.Job instance at 0x7f09c4b36460>,97,3,[8 3],98,-1,546,-1,543
1,<environment.Job instance at 0x7f09c49feb90>,101,2,[5 1],102,-1,557,-1,555
1,<environment.Job instance at 0x7f09c4b38460>,102,23,[1 7],103,-1,578,-1,555
1,<environment.Job instance at 0x7f09c4b38c30>,103,12,[12  2],104,-1,567,-1,555
1,<environment.Job instance at 0x7f09c4b38230>,104,12,[1 8],105,-1,568,-1,556
1,<environment.Job instance at 0x7f09c4b38af0>,105,2,[14  3],106,-1,558,-1,556
1,<environment.Job instance at 0x7f09c4b38eb0>,106,19,[ 3 14],107,-1,575,-1,556
1,<environment.Job instance at 0x7f09c4a09d70>,107,2,[14  5],108,-1,558,-1,556
1,<environment.Job instance at 0x7f09c4a06960>,118,27,[ 3 13],119,-1,665,-1,638
1,<environment.Job instance at 0x7f09c4a06780>,119,20,[14  3],120,-1,658,-1,638
1,<environment.Job instance at 0x7f09c4a06190>,120,3,[5 4],121,-1,641,-1,638
1,<environment.Job instance at 0x7f09c4a06870>,121,14,[ 4 13],122,-1,652,-1,638
1,<environment.Job instance at 0x7f09c4a064b0>,122,1,[ 5 14],123,-1,639,-1,638
1,<environment.Job instance at 0x7f09c4a06910>,124,2,[10  1],125,-1,640,-1,638
1,<environment.Job instance at 0x7f09c4a06a50>,126,28,[14  3],127,-1,675,-1,647
1,<environment.Job instance at 0x7f09c4a06eb0>,127,24,[ 4 11],128,-1,671,-1,647
1,<environment.Job instance at 0x7f09c4a060f0>,128,3,[11  1],129,-1,650,-1,647
1,<environment.Job instance at 0x7f09c4a072d0>,131,22,[ 1 10],132,-1,689,-1,667
1,<environment.Job instance at 0x7f09c4a07d70>,133,24,[2 7],134,-1,691,-1,667
1,<environment.Job instance at 0x7f09c4a07b90>,134,25,[5 5],135,-1,692,-1,667
1,<environment.Job instance at 0x7f09c4a07730>,137,26,[7 1],138,-1,711,-1,685
1,<environment.Job instance at 0x7f09c4a07910>,138,18,[12  1],139,-1,703,-1,685
1,<environment.Job instance at 0x7f09c4a076e0>,139,15,[ 1 13],140,-1,700,-1,685
1,<environment.Job instance at 0x7f09c4a07460>,140,1,[11  3],141,-1,686,-1,685
1,<environment.Job instance at 0x7f09c4aa3be0>,142,2,[8 1],143,-1,687,-1,685
1,<environment.Job instance at 0x7f09c4aa30f0>,143,1,[10  2],144,-1,686,-1,685
1,<environment.Job instance at 0x7f09c4aa3780>,144,16,[ 2 11],145,-1,701,-1,685
1,<environment.Job instance at 0x7f09c4a05730>,145,24,[8 2],146,-1,709,-1,685
1,<environment.Job instance at 0x7f09c4a05eb0>,149,16,[ 4 13],150,-1,737,-1,721
1,<environment.Job instance at 0x7f09c4a059b0>,150,26,[4 7],151,-1,747,-1,721
1,<environment.Job instance at 0x7f09c4a057d0>,151,25,[10  5],152,-1,746,-1,721
1,<environment.Job instance at 0x7f09c4a05640>,152,15,[12  4],153,-1,736,-1,721
1,<environment.Job instance at 0x7f09cebbe960>,154,1,[10  3],155,-1,735,-1,734
1,<environment.Job instance at 0x7f09c4a09910>,4,18,[ 4 13],5,-1,23,-1,5
1,<environment.Job instance at 0x7f09c4b7dfa0>,6,15,[13  4],7,-1,22,-1,7
1,<environment.Job instance at 0x7f09c4b7aa50>,15,24,[6 1],16,-1,98,-1,74
1,<environment.Job instance at 0x7f09c4b7aa00>,17,18,[13  2],18,-1,92,-1,74
1,<environment.Job instance at 0x7f09c4b7ac30>,18,19,[ 5 13],19,-1,93,-1,74
1,<environment.Job instance at 0x7f09c4b7a730>,19,28,[3 5],20,-1,102,-1,74
1,<environment.Job instance at 0x7f09c4b735f0>,23,18,[11  4],24,-1,122,-1,104
1,<environment.Job instance at 0x7f09c4b73fa0>,24,15,[ 3 11],25,-1,119,-1,104
1,<environment.Job instance at 0x7f09c4b73c80>,26,27,[2 8],27,-1,145,-1,118
1,<environment.Job instance at 0x7f09c4b73550>,27,12,[ 3 11],28,-1,130,-1,118
1,<environment.Job instance at 0x7f09c4b73a00>,30,24,[ 5 11],31,-1,158,-1,134
1,<environment.Job instance at 0x7f09c4b73af0>,32,27,[4 6],33,-1,161,-1,134
1,<environment.Job instance at 0x7f09c4b73b40>,33,16,[ 2 11],34,-1,150,-1,134
1,<environment.Job instance at 0x7f09c4b73640>,35,15,[13  3],36,-1,151,-1,136
1,<environment.Job instance at 0x7f09c4b73870>,36,12,[14  2],37,-1,148,-1,136
1,<environment.Job instance at 0x7f09c4b730a0>,37,12,[ 2 11],38,-1,148,-1,136
1,<environment.Job instance at 0x7f09c4b70f50>,39,15,[12  5],40,-1,153,-1,138
1,<environment.Job instance at 0x7f09c4b70690>,40,16,[ 3 12],41,-1,154,-1,138
1,<environment.Job instance at 0x7f09c4b70640>,41,16,[ 3 12],42,-1,154,-1,138
1,<environment.Job instance at 0x7f09c4b70d20>,42,22,[1 6],43,-1,160,-1,138
1,<environment.Job instance at 0x7f09c4b707d0>,43,27,[5 1],44,-1,165,-1,138
1,<environment.Job instance at 0x7f09c4b70f00>,44,25,[10  4],45,-1,163,-1,138
1,<environment.Job instance at 0x7f09c4b70be0>,45,26,[5 4],46,-1,164,-1,138
1,<environment.Job instance at 0x7f09c4b70dc0>,46,3,[5 9],47,-1,141,-1,138
1,<environment.Job instance at 0x7f09c4b70af0>,47,15,[1 9],48,-1,153,-1,138
1,<environment.Job instance at 0x7f09c4b70190>,48,12,[ 2 11],49,-1,150,-1,138
1,<environment.Job instance at 0x7f09c4b70e10>,50,26,[ 2 11],51,-1,175,-1,149
1,<environment.Job instance at 0x7f09c4b70410>,51,12,[12  1],52,-1,161,-1,149
1,<environment.Job instance at 0x7f09c4b70780>,52,1,[ 2 10],53,-1,150,-1,149
1,<environment.Job instance at 0x7f09c4b6a320>,56,24,[3 6],57,-1,191,-1,167
1,<environment.Job instance at 0x7f09c4b6a140>,62,3,[9 2],63,-1,214,-1,211
1,<environment.Job instance at 0x7f09c4b6a1e0>,64,3,[10  4],65,-1,227,-1,224
1,<environment.Job instance at 0x7f09c4b6ab40>,66,28,[ 3 14],67,-1,259,-1,231
1,<environment.Job instance at 0x7f09c4b6ab90>,68,18,[ 3 10],69,-1,262,-1,244
1,<environment.Job instance at 0x7f09c4be45a0>,72,19,[11  4],73,-1,276,-1,257
1,<environment.Job instance at 0x7f09c4be44b0>,73,27,[9 1],74,-1,284,-1,257
1,<environment.Job instance at 0x7f09c4be4370>,76,15,[ 1 14],77,-1,293,-1,278
1,<environment.Job instance at 0x7f09c4be4c80>,78,28,[3 6],79,-1,311,-1,283
1,<environment.Job instance at 0x7f09c4be4190>,80,13,[14  4],81,-1,309,-1,296
1,<environment.Job instance at 0x7f09c4be4910>,82,16,[ 1 11],83,-1,316,-1,300
1,<environment.Job instance at 0x7f09c4be4140>,83,26,[12  3],84,-1,326,-1,300
1,<environment.Job instance at 0x7f09c4be7550>,84,12,[ 1 10],85,-1,312,-1,300
1,<environment.Job instance at 0x7f09c4be7690>,85,17,[ 4 13],86,-1,317,-1,300
1,<environment.Job instance at 0x7f09c4be7dc0>,87,28,[1 9],88,-1,338,-1,310
1,<environment.Job instance at 0x7f09c4be7e60>,88,26,[7 3],89,-1,336,-1,310
1,<environment.Job instance at 0x7f09c4be7d70>,93,18,[14  3],94,-1,357,-1,339
1,<environment.Job instance at 0x7f09c4be7190>,97,12,[3 9],98,-1,365,-1,353
1,<environment.Job instance at 0x7f09c4be72d0>,98,25,[9 1],99,-1,378,-1,353
1,<environment.Job instance at 0x7f09c4be0a50>,99,3,[3 5],100,-1,356,-1,353
1,<environment.Job instance at 0x7f09c4be0050>,102,23,[2 8],103,-1,396,-1,373
1,<environment.Job instance at 0x7f09c4be0280>,103,16,[11  1],104,-1,389,-1,373
1,<environment.Job instance at 0x7f09c4be0cd0>,104,2,[2 8],105,-1,375,-1,373
1,<environment.Job instance at 0x7f09c4be0d20>,105,14,[11  5],106,-1,387,-1,373
1,<environment.Job instance at 0x7f09c4be0fa0>,106,13,[ 1 11],107,-1,386,-1,373
1,<environment.Job instance at 0x7f09c4be0460>,108,25,[6 1],109,-1,406,-1,381
1,<environment.Job instance at 0x7f09c4be08c0>,109,15,[ 3 12],110,-1,396,-1,381
1,<environment.Job instance at 0x7f09c4be0780>,110,18,[13  2],111,-1,399,-1,381
1,<environment.Job instance at 0x7f09c4be0870>,111,1,[5 7],112,-1,382,-1,381
1,<environment.Job instance at 0x7f09c4be0b90>,113,28,[11  3],114,-1,413,-1,385
1,<environment.Job instance at 0x7f09c4d35c80>,115,28,[ 4 10],116,-1,428,-1,400
1,<environment.Job instance at 0x7f09c4d358c0>,116,2,[5 3],117,-1,402,-1,400
1,<environment.Job instance at 0x7f09c4d35280>,121,16,[ 5 13],122,-1,442,-1,426
1,<environment.Job instance at 0x7f09c4d35be0>,123,24,[5 6],124,-1,450,-1,426
1,<environment.Job instance at 0x7f09c4d35410>,124,2,[3 5],125,-1,428,-1,426
1,<environment.Job instance at 0x7f09c4d35d20>,126,14,[ 3 14],127,-1,457,-1,443
1,<environment.Job instance at 0x7f09c4d35690>,127,24,[3 9],128,-1,467,-1,443
1,<environment.Job instance at 0x7f09c4d35320>,130,12,[ 2 12],131,-1,470,-1,458
1,<environment.Job instance at 0x7f09c4d35e60>,132,12,[ 2 11],133,-1,471,-1,459
1,<environment.Job instance at 0x7f09c4d35050>,133,27,[ 3 14],134,-1,486,-1,459
1,<environment.Job instance at 0x7f09c4b778c0>,136,28,[5 2],137,-1,501,-1,473
1,<environment.Job instance at 0x7f09c4b8ec80>,137,28,[13  5],138,-1,501,-1,473
1,<environment.Job instance at 0x7f09c4b8eb90>,144,12,[ 1 10],145,-1,533,-1,521
1,<environment.Job instance at 0x7f09c55cb9b0>,148,2,[7 2],149,-1,557,-1,555
1,<environment.Job instance at 0x7f09c49ea910>,151,25,[7 3],152,-1,587,-1,562
1,<environment.Job instance at 0x7f09c50614b0>,153,27,[ 5 13],154,-1,602,-1,575
1,<environment.Job instance at 0x7f09c523ddc0>,154,13,[14  5],155,-1,588,-1,575
1,<environment.Job instance at 0x7f09c4a02140>,155,12,[ 4 13],156,-1,587,-1,575
1,<environment.Job instance at 0x7f09c4b96af0>,157,14,[ 3 12],158,-1,597,-1,583
1,<environment.Job instance at 0x7f09c4a85190>,158,23,[7 3],159,-1,616,-1,593
1,<environment.Job instance at 0x7f09c4b7a8c0>,10,16,[ 5 13],11,-1,678,-1,662
1,<environment.Job instance at 0x7f09c4b6acd0>,60,27,[9 5],61,-1,689,-1,662
1,<environment.Job instance at 0x7f09c49c7230>,4,24,[4 8],5,-1,30,-1,6
1,<environment.Job instance at 0x7f09c49c7410>,6,1,[8 1],7,-1,9,-1,8
1,<environment.Job instance at 0x7f09c49c7640>,8,2,[7 2],9,-1,11,-1,9
1,<environment.Job instance at 0x7f09c49c76e0>,9,1,[1 5],10,-1,11,-1,10
1,<environment.Job instance at 0x7f09c49c7780>,10,1,[1 6],11,-1,12,-1,11
1,<environment.Job instance at 0x7f09c49c7960>,13,1,[11  1],14,-1,15,-1,14
1,<environment.Job instance at 0x7f09c49c7be0>,16,2,[4 9],17,-1,24,-1,22
1,<environment.Job instance at 0x7f09c49c7c80>,17,28,[7 5],18,-1,50,-1,22
1,<environment.Job instance at 0x7f09c49c9280>,24,25,[ 3 10],25,-1,101,-1,76
1,<environment.Job instance at 0x7f09c49c90f0>,27,17,[13  5],28,-1,109,-1,92
1,<environment.Job instance at 0x7f09c49c9410>,29,18,[11  5],30,-1,110,-1,92
1,<environment.Job instance at 0x7f09c49c94b0>,30,28,[7 2],31,-1,120,-1,92
1,<environment.Job instance at 0x7f09c49c9780>,32,25,[5 7],33,-1,127,-1,102
1,<environment.Job instance at 0x7f09c49c9960>,35,21,[ 5 13],36,-1,129,-1,108
1,<environment.Job instance at 0x7f09c49c9b40>,38,17,[13  2],39,-1,138,-1,121
1,<environment.Job instance at 0x7f09c49c9af0>,39,22,[12  5],40,-1,143,-1,121
1,<environment.Job instance at 0x7f09c49c9aa0>,40,23,[7 1],41,-1,144,-1,121
1,<environment.Job instance at 0x7f09c49c9cd0>,42,2,[2 5],43,-1,135,-1,133
1,<environment.Job instance at 0x7f09c49c9e10>,44,12,[ 2 13],45,-1,161,-1,149
1,<environment.Job instance at 0x7f09c49c9eb0>,45,1,[4 9],46,-1,150,-1,149
1,<environment.Job instance at 0x7f09c49cc1e0>,47,24,[10  2],48,-1,173,-1,149
1,<environment.Job instance at 0x7f09c49cc2d0>,48,14,[ 5 14],49,-1,163,-1,149
1,<environment.Job instance at 0x7f09c49cc320>,49,12,[10  1],50,-1,161,-1,149
1,<environment.Job instance at 0x7f09c49cc500>,52,25,[11  2],53,-1,204,-1,179
1,<environment.Job instance at 0x7f09c49cc5a0>,53,15,[ 3 12],54,-1,194,-1,179
1,<environment.Job instance at 0x7f09c49cc640>,54,17,[ 3 10],55,-1,197,-1,180
1,<environment.Job instance at 0x7f09c49cc820>,57,23,[9 5],58,-1,215,-1,192
1,<environment.Job instance at 0x7f09c49cc8c0>,58,23,[8 1],59,-1,215,-1,192
1,<environment.Job instance at 0x7f09c49cca00>,60,15,[ 5 14],61,-1,216,-1,201
1,<environment.Job instance at 0x7f09c49ccc80>,62,12,[ 5 13],63,-1,217,-1,205
1,<environment.Job instance at 0x7f09c49ccd70>,63,21,[4 9],64,-1,351,-1,330
1,<environment.Job instance at 0x7f09c49bc5a0>,78,12,[ 3 13],79,-1,356,-1,344
1,<environment.Job instance at 0x7f09c49bc0a0>,82,27,[14  3],83,-1,387,-1,360
1,<environment.Job instance at 0x7f09c49bc2d0>,83,18,[ 5 11],84,-1,378,-1,360
1,<environment.Job instance at 0x7f09c514c640>,84,3,[1 6],85,-1,363,-1,360
1,<environment.Job instance at 0x7f09c514c3c0>,85,25,[4 9],86,-1,385,-1,360
1,<environment.Job instance at 0x7f09c5f9f140>,86,18,[ 1 12],87,-1,378,-1,360
1,<environment.Job instance at 0x7f09c58af550>,88,12,[6 1],89,-1,379,-1,367
1,<environment.Job instance at 0x7f09c5af2f50>,89,13,[ 3 10],90,-1,380,-1,367
1,<environment.Job instance at 0x7f09c50a20a0>,90,3,[5 1],91,-1,370,-1,367
1,<environment.Job instance at 0x7f09c4dbb780>,91,13,[11  4],92,-1,380,-1,367
1,<environment.Job instance at 0x7f09c4dd24b0>,94,17,[14  3],95,-1,393,-1,376
1,<environment.Job instance at 0x7f09c4dd2320>,95,28,[5 5],96,-1,404,-1,376
1,<environment.Job instance at 0x7f09c50975a0>,96,19,[ 1 12],97,-1,395,-1,376
1,<environment.Job instance at 0x7f09c5896d20>,97,24,[10  2],98,-1,400,-1,376
1,<environment.Job instance at 0x7f09c5097460>,98,2,[ 4 13],99,-1,378,-1,376
1,<environment.Job instance at 0x7f09c5f92500>,99,19,[ 5 10],100,-1,481,-1,462
1,<environment.Job instance at 0x7f09c4de45f0>,110,3,[5 3],111,-1,501,-1,498
1,<environment.Job instance at 0x7f09c4de4870>,111,12,[13  4],112,-1,510,-1,498
1,<environment.Job instance at 0x7f09c4de4960>,116,15,[13  4],117,-1,539,-1,524
1,<environment.Job instance at 0x7f09c4de4be0>,117,18,[9 1],118,-1,554,-1,536
1,<environment.Job instance at 0x7f09c4de4dc0>,120,26,[14  4],121,-1,566,-1,540
1,<environment.Job instance at 0x7f09c5148b90>,129,18,[14  1],130,-1,638,-1,620
1,<environment.Job instance at 0x7f09c5140550>,134,16,[ 1 14],135,-1,692,-1,676
1,<environment.Job instance at 0x7f09c5148780>,130,22,[1 8],131,-1,800,-1,778
1,<environment.Job instance at 0x7f09c4dca140>,155,13,[ 5 10],156,-1,791,-1,778
1,<environment.Job instance at 0x7f09c4dca1e0>,156,15,[6 1],157,-1,793,-1,778
1,<environment.Job instance at 0x7f09c5582c30>,4,15,[ 5 12],5,-1,20,-1,5
1,<environment.Job instance at 0x7f09c5582cd0>,6,2,[13  3],7,-1,9,-1,7
1,<environment.Job instance at 0x7f09c5582320>,8,15,[13  3],9,-1,24,-1,9
1,<environment.Job instance at 0x7f09c5573eb0>,17,1,[4 9],18,-1,43,-1,42
1,<environment.Job instance at 0x7f09c5573d20>,18,12,[3 5],19,-1,55,-1,43
1,<environment.Job instance at 0x7f09c55664b0>,20,22,[ 3 12],21,-1,65,-1,43
1,<environment.Job instance at 0x7f09c55660f0>,25,15,[10  1],26,-1,113,-1,98
1,<environment.Job instance at 0x7f09c5566b90>,28,22,[8 4],29,-1,127,-1,105
1,<environment.Job instance at 0x7f09c5566be0>,30,13,[ 2 10],31,-1,123,-1,110
1,<environment.Job instance at 0x7f09c5566140>,31,22,[7 5],32,-1,145,-1,123
1,<environment.Job instance at 0x7f09c5566410>,33,18,[ 5 10],34,-1,163,-1,145
1,<environment.Job instance at 0x7f09c54ea870>,40,13,[ 4 10],41,-1,178,-1,165
1,<environment.Job instance at 0x7f09c57120f0>,56,20,[ 2 10],57,-1,342,-1,322
1,<environment.Job instance at 0x7f09c5712b40>,57,2,[12  3],58,-1,324,-1,322
1,<environment.Job instance at 0x7f09c5712230>,58,25,[3 6],59,-1,347,-1,322
1,<environment.Job instance at 0x7f09c5712fa0>,59,1,[8 4],60,-1,323,-1,322
1,<environment.Job instance at 0x7f09c57120a0>,60,13,[12  4],61,-1,335,-1,322
1,<environment.Job instance at 0x7f09c5712500>,61,27,[9 3],62,-1,349,-1,322
1,<environment.Job instance at 0x7f09c5712320>,63,18,[ 5 12],64,-1,340,-1,322
1,<environment.Job instance at 0x7f09c57123c0>,64,2,[ 2 13],65,-1,324,-1,322
1,<environment.Job instance at 0x7f09c5712730>,65,26,[ 3 14],66,-1,348,-1,322
1,<environment.Job instance at 0x7f09c57126e0>,66,15,[11  5],67,-1,337,-1,322
1,<environment.Job instance at 0x7f09c52a65a0>,67,12,[1 7],68,-1,334,-1,322
1,<environment.Job instance at 0x7f09c52a63c0>,69,25,[8 4],70,-1,360,-1,335
1,<environment.Job instance at 0x7f09c52a6820>,71,16,[5 1],72,-1,352,-1,336
1,<environment.Job instance at 0x7f09c52a6780>,72,18,[ 4 12],73,-1,354,-1,336
1,<environment.Job instance at 0x7f09c52a6d20>,75,3,[14  5],76,-1,356,-1,353
1,<environment.Job instance at 0x7f09c52a64b0>,77,15,[ 1 10],78,-1,397,-1,382
1,<environment.Job instance at 0x7f09c52a6460>,78,1,[8 1],79,-1,383,-1,382
1,<environment.Job instance at 0x7f09c52a6410>,81,2,[10  4],82,-1,384,-1,382
1,<environment.Job instance at 0x7f09c52a6cd0>,82,26,[1 6],83,-1,408,-1,382
1,<environment.Job instance at 0x7f09c52a6280>,83,23,[5 5],84,-1,405,-1,382
1,<environment.Job instance at 0x7f09c522ea00>,84,12,[12  2],85,-1,394,-1,382
1,<environment.Job instance at 0x7f09c522e5a0>,85,15,[14  2],86,-1,397,-1,382
1,<environment.Job instance at 0x7f09c522e0f0>,89,12,[12  5],90,-1,416,-1,404
1,<environment.Job instance at 0x7f09c522eb90>,92,26,[10  5],93,-1,440,-1,414
1,<environment.Job instance at 0x7f09c522e410>,93,27,[10  3],94,-1,441,-1,414
1,<environment.Job instance at 0x7f09c522e690>,95,28,[1 7],96,-1,446,-1,418
1,<environment.Job instance at 0x7f09c522ef50>,96,25,[6 4],97,-1,443,-1,418
1,<environment.Job instance at 0x7f09c522e050>,97,17,[ 2 10],98,-1,464,-1,447
1,<environment.Job instance at 0x7f09c51757d0>,102,21,[ 1 12],103,-1,469,-1,448
1,<environment.Job instance at 0x7f09c5b37050>,144,17,[ 5 11],145,-1,899,-1,882
1,<environment.Job instance at 0x7f09c5263500>,145,16,[12  1],146,-1,898,-1,882
1,<environment.Job instance at 0x7f09c5570d70>,146,26,[9 2],147,-1,908,-1,882
1,<environment.Job instance at 0x7f09c54f0d20>,148,20,[ 1 13],149,-1,914,-1,894
1,<environment.Job instance at 0x7f09c54f0730>,152,23,[ 3 10],153,-1,918,-1,895
1,<environment.Job instance at 0x7f09c5839a00>,154,25,[1 6],155,-1,934,-1,909
1,<environment.Job instance at 0x7f09c54f0500>,156,24,[1 9],157,-1,943,-1,919
1,<environment.Job instance at 0x7f09c477ca50>,4,19,[ 5 13],5,-1,24,-1,5
1,<environment.Job instance at 0x7f09c599f1e0>,6,25,[3 9],7,-1,32,-1,7
1,<environment.Job instance at 0x7f09c599f050>,12,13,[ 3 10],13,-1,29,-1,16
1,<environment.Job instance at 0x7f09c56d2190>,27,21,[ 5 13],28,-1,142,-1,121
1,<environment.Job instance at 0x7f09c559baa0>,31,2,[5 9],32,-1,140,-1,138
1,<environment.Job instance at 0x7f09c559beb0>,32,28,[10  3],33,-1,166,-1,138
1,<environment.Job instance at 0x7f09c559bb40>,33,28,[10  4],34,-1,166,-1,138
1,<environment.Job instance at 0x7f09c559bf00>,35,25,[5 7],36,-1,173,-1,148
1,<environment.Job instance at 0x7f09c559b690>,36,16,[13  3],37,-1,164,-1,148
1,<environment.Job instance at 0x7f09c5c02dc0>,43,18,[ 1 14],44,-1,224,-1,206
1,<environment.Job instance at 0x7f09c5c02910>,46,16,[12  2],47,-1,238,-1,222
1,<environment.Job instance at 0x7f09c5c02a50>,47,12,[11  2],48,-1,234,-1,222
1,<environment.Job instance at 0x7f09c5674780>,50,21,[11  1],51,-1,260,-1,239
1,<environment.Job instance at 0x7f09c56749b0>,51,1,[ 5 10],52,-1,240,-1,239
1,<environment.Job instance at 0x7f09c5674c80>,52,24,[8 3],53,-1,263,-1,239
1,<environment.Job instance at 0x7f09c5674cd0>,53,14,[11  2],54,-1,253,-1,239
1,<environment.Job instance at 0x7f09c54eb640>,54,23,[ 5 10],55,-1,262,-1,239
1,<environment.Job instance at 0x7f09c54eb5a0>,55,25,[ 2 14],56,-1,264,-1,239
1,<environment.Job instance at 0x7f09c5fafdc0>,56,12,[ 3 13],57,-1,251,-1,239
1,<environment.Job instance at 0x7f09c5644be0>,61,14,[ 1 10],62,-1,287,-1,273
1,<environment.Job instance at 0x7f09c5faec30>,66,13,[11  2],67,-1,318,-1,305
1,<environment.Job instance at 0x7f09c56485a0>,67,13,[12  3],68,-1,318,-1,305
1,<environment.Job instance at 0x7f09c50313c0>,71,24,[14  3],72,-1,352,-1,328
1,<environment.Job instance at 0x7f09c5426a50>,72,25,[ 5 10],73,-1,353,-1,328
1,<environment.Job instance at 0x7f09c4dedfa0>,73,16,[ 3 12],74,-1,344,-1,328
1,<environment.Job instance at 0x7f09c596a5a0>,76,14,[10  1],77,-1,363,-1,349
1,<environment.Job instance at 0x7f09c4e30640>,84,12,[ 4 10],85,-1,396,-1,384
1,<environment.Job instance at 0x7f09c55a0140>,87,26,[5 5],88,-1,445,-1,419
1,<environment.Job instance at 0x7f09c55a05a0>,89,23,[7 1],90,-1,443,-1,420
1,<environment.Job instance at 0x7f09c55a0be0>,90,14,[12  4],91,-1,434,-1,420
1,<environment.Job instance at 0x7f09c55a0c80>,91,18,[ 5 10],92,-1,534,-1,516
1,<environment.Job instance at 0x7f09c5665dc0>,101,2,[ 2 12],102,-1,518,-1,516
1,<environment.Job instance at 0x7f09c5665c80>,102,28,[7 1],103,-1,544,-1,516
1,<environment.Job instance at 0x7f09c5665870>,103,18,[ 3 14],104,-1,534,-1,516
1,<environment.Job instance at 0x7f09c56652d0>,105,16,[ 1 14],106,-1,535,-1,519
1,<environment.Job instance at 0x7f09c5003cd0>,106,26,[3 8],107,-1,545,-1,519
1,<environment.Job instance at 0x7f09c5003690>,107,26,[10  5],108,-1,545,-1,519
1,<environment.Job instance at 0x7f09c5003140>,109,16,[12  4],110,-1,544,-1,528
1,<environment.Job instance at 0x7f09c5003eb0>,110,24,[1 6],111,-1,552,-1,528
1,<environment.Job instance at 0x7f09c4f710f0>,111,14,[10  2],112,-1,545,-1,531
1,<environment.Job instance at 0x7f09c50d72d0>,112,24,[5 8],113,-1,555,-1,531
1,<environment.Job instance at 0x7f09c50d76e0>,113,20,[1 8],114,-1,622,-1,602
1,<environment.Job instance at 0x7f09c4a020f0>,121,23,[8 4],122,-1,643,-1,620
1,<environment.Job instance at 0x7f09c580bbe0>,130,15,[11  1],131,-1,711,-1,696
1,<environment.Job instance at 0x7f09c580bd20>,132,1,[7 4],133,-1,707,-1,706
1,<environment.Job instance at 0x7f09c580b370>,137,20,[ 5 13],138,-1,766,-1,746
1,<environment.Job instance at 0x7f09c580b870>,141,27,[6 4],142,-1,789,-1,762
1,<environment.Job instance at 0x7f09c565bfa0>,142,25,[6 1],143,-1,787,-1,762
1,<environment.Job instance at 0x7f09c565bf50>,144,28,[8 5],145,-1,797,-1,769
1,<environment.Job instance at 0x7f09c565bc30>,145,12,[13  5],146,-1,781,-1,769
1,<environment.Job instance at 0x7f09c565bd20>,147,23,[10  2],148,-1,792,-1,769
1,<environment.Job instance at 0x7f09c565b780>,149,17,[14  1],150,-1,800,-1,783
1,<environment.Job instance at 0x7f09c565baf0>,150,15,[ 1 12],151,-1,798,-1,783
1,<environment.Job instance at 0x7f09c565ba00>,153,20,[ 1 10],154,-1,847,-1,827
1,<environment.Job instance at 0x7f09c49b7730>,1,16,[ 1 12],2,-1,18,-1,2
1,<environment.Job instance at 0x7f09c4e86500>,3,2,[ 1 13],4,-1,6,-1,4
1,<environment.Job instance at 0x7f09c4a5b6e0>,5,28,[ 2 14],6,-1,34,-1,6
1,<environment.Job instance at 0x7f09c4bf5690>,4,17,[ 1 10],5,-1,25,-1,8
1,<environment.Job instance at 0x7f09c4a56c80>,10,21,[9 1],11,-1,48,-1,27
1,<environment.Job instance at 0x7f09c4c1ceb0>,15,26,[2 9],16,-1,69,-1,43
1,<environment.Job instance at 0x7f09c4c1c690>,17,12,[ 2 13],18,-1,55,-1,43
1,<environment.Job instance at 0x7f09c542f190>,18,17,[11  4],19,-1,60,-1,43
1,<environment.Job instance at 0x7f09c4c1c730>,19,27,[ 4 13],20,-1,70,-1,43
1,<environment.Job instance at 0x7f09c4c1c140>,20,15,[14  1],21,-1,58,-1,43
1,<environment.Job instance at 0x7f09c5a4db90>,24,26,[ 4 10],25,-1,105,-1,79
1,<environment.Job instance at 0x7f09c5699a00>,28,25,[5 5],29,-1,120,-1,95
1,<environment.Job instance at 0x7f09c5699550>,29,26,[2 9],30,-1,121,-1,95
1,<environment.Job instance at 0x7f09c5a39870>,31,15,[12  4],32,-1,110,-1,95
1,<environment.Job instance at 0x7f09c5a39550>,32,27,[10  3],33,-1,122,-1,95
1,<environment.Job instance at 0x7f09c5a39c80>,33,1,[ 1 11],34,-1,96,-1,95
1,<environment.Job instance at 0x7f09c5a390f0>,34,18,[ 2 12],35,-1,113,-1,95
1,<environment.Job instance at 0x7f09c56b7b40>,35,22,[ 2 11],36,-1,117,-1,95
1,<environment.Job instance at 0x7f09c5a39a00>,36,23,[8 4],37,-1,118,-1,95
1,<environment.Job instance at 0x7f09c56b70a0>,37,1,[2 5],38,-1,96,-1,95
1,<environment.Job instance at 0x7f09c58b3320>,38,28,[ 4 10],39,-1,123,-1,95
1,<environment.Job instance at 0x7f09c5a2db90>,40,3,[5 6],41,-1,110,-1,107
1,<environment.Job instance at 0x7f09c5a2d370>,41,24,[2 6],42,-1,131,-1,107
1,<environment.Job instance at 0x7f09c4d52870>,45,27,[ 2 10],46,-1,155,-1,128
1,<environment.Job instance at 0x7f09c58ac640>,47,1,[11  5],48,-1,137,-1,136
1,<environment.Job instance at 0x7f09c58aca50>,48,14,[ 5 14],49,-1,150,-1,136
1,<environment.Job instance at 0x7f09c4d50640>,50,25,[9 2],51,-1,168,-1,143
1,<environment.Job instance at 0x7f09c4d58b90>,52,2,[ 5 13],53,-1,147,-1,145
1,<environment.Job instance at 0x7f09c4d5f1e0>,55,13,[ 5 13],56,-1,173,-1,160
1,<environment.Job instance at 0x7f09c4d5f0a0>,56,19,[ 3 10],57,-1,179,-1,160
1,<environment.Job instance at 0x7f09c4d2f410>,58,24,[5 1],59,-1,197,-1,173
1,<environment.Job instance at 0x7f09c4d2f1e0>,59,13,[ 5 12],60,-1,186,-1,173
1,<environment.Job instance at 0x7f09c4d2fa00>,61,23,[1 8],62,-1,217,-1,194
1,<environment.Job instance at 0x7f09c4d2f230>,62,28,[ 2 10],63,-1,222,-1,194
1,<environment.Job instance at 0x7f09c4d2ff50>,65,21,[ 3 14],66,-1,215,-1,194
1,<environment.Job instance at 0x7f09c4d2fe60>,66,21,[ 2 10],67,-1,215,-1,194
1,<environment.Job instance at 0x7f09c4d2fd70>,69,21,[13  5],70,-1,230,-1,209
1,<environment.Job instance at 0x7f09c4d2f9b0>,71,3,[9 4],72,-1,231,-1,228
1,<environment.Job instance at 0x7f09c4d2f2d0>,72,2,[7 5],73,-1,230,-1,228
1,<environment.Job instance at 0x7f09c4d3dd20>,73,14,[11  4],74,-1,242,-1,228
1,<environment.Job instance at 0x7f09c4d3ddc0>,74,12,[10  1],75,-1,240,-1,228
1,<environment.Job instance at 0x7f09c4d3de60>,75,28,[ 1 13],76,-1,256,-1,228
1,<environment.Job instance at 0x7f09c4d3df00>,76,19,[ 5 14],77,-1,247,-1,228
1,<environment.Job instance at 0x7f09c4d3d1e0>,79,2,[ 4 14],80,-1,247,-1,245
1,<environment.Job instance at 0x7f09c4d2a0f0>,80,18,[14  4],81,-1,263,-1,245
1,<environment.Job instance at 0x7f09c4d2a190>,81,18,[ 3 11],82,-1,263,-1,245
1,<environment.Job instance at 0x7f09c4d2a460>,83,26,[ 2 11],84,-1,283,-1,257
1,<environment.Job instance at 0x7f09c4d2a500>,84,13,[13  4],85,-1,270,-1,257
1,<environment.Job instance at 0x7f09c4d2a6e0>,87,13,[12  4],88,-1,287,-1,274
1,<environment.Job instance at 0x7f09c4d2a780>,88,17,[ 5 13],89,-1,291,-1,274
1,<environment.Job instance at 0x7f09c4d2a820>,89,16,[ 5 14],90,-1,290,-1,274
1,<environment.Job instance at 0x7f09c4d2a8c0>,90,25,[5 8],91,-1,299,-1,274
1,<environment.Job instance at 0x7f09c4d2aa00>,92,17,[ 2 14],93,-1,291,-1,274
1,<environment.Job instance at 0x7f09c4d2aaa0>,93,18,[11  3],94,-1,292,-1,274
1,<environment.Job instance at 0x7f09c4d2ae60>,98,24,[11  3],99,-1,326,-1,302
1,<environment.Job instance at 0x7f09c4d2af00>,99,15,[ 5 12],100,-1,317,-1,302
1,<environment.Job instance at 0x7f09c4d2afa0>,100,26,[ 1 12],101,-1,328,-1,302
1,<environment.Job instance at 0x7f09c4d42190>,102,25,[1 8],103,-1,330,-1,305
1,<environment.Job instance at 0x7f09c4d42050>,103,27,[ 3 12],104,-1,332,-1,305
1,<environment.Job instance at 0x7f09c4d42370>,105,13,[12  4],106,-1,328,-1,315
1,<environment.Job instance at 0x7f09c4d425a0>,107,28,[11  4],108,-1,355,-1,327
1,<environment.Job instance at 0x7f09c4d42140>,108,26,[5 7],109,-1,353,-1,327
1,<environment.Job instance at 0x7f09c4d42690>,109,2,[5 1],110,-1,329,-1,327
1,<environment.Job instance at 0x7f09c4d425f0>,110,16,[11  2],111,-1,343,-1,327
1,<environment.Job instance at 0x7f09c4d429b0>,114,15,[ 5 12],115,-1,372,-1,357
1,<environment.Job instance at 0x7f09c4d42af0>,116,17,[10  1],117,-1,393,-1,376
1,<environment.Job instance at 0x7f09c4d42d20>,125,15,[12  2],126,-1,437,-1,422
1,<environment.Job instance at 0x7f09c4d65230>,127,1,[4 5],128,-1,432,-1,431
1,<environment.Job instance at 0x7f09c4d65410>,128,21,[8 1],129,-1,452,-1,431
1,<environment.Job instance at 0x7f09c4d65460>,129,15,[ 3 13],130,-1,446,-1,431
1,<environment.Job instance at 0x7f09c4d653c0>,130,21,[9 1],131,-1,572,-1,551
1,<environment.Job instance at 0x7f09c4d65d20>,142,3,[ 5 14],143,-1,554,-1,551
1,<environment.Job instance at 0x7f09c4d65e10>,143,18,[14  4],144,-1,569,-1,551
1,<environment.Job instance at 0x7f09c55fe280>,148,12,[ 1 10],149,-1,585,-1,573
1,<environment.Job instance at 0x7f09c55fe320>,149,2,[13  2],150,-1,575,-1,573
1,<environment.Job instance at 0x7f09c55fe140>,151,25,[1 6],152,-1,612,-1,587
1,<environment.Job instance at 0x7f09c55fe500>,152,26,[5 5],153,-1,613,-1,587
1,<environment.Job instance at 0x7f09c55fe5a0>,153,15,[12  2],154,-1,602,-1,587
1,<environment.Job instance at 0x7f09c55fe640>,154,14,[ 1 10],155,-1,601,-1,587
1,<environment.Job instance at 0x7f09c55fe6e0>,5,15,[ 3 13],6,-1,21,-1,6
1,<environment.Job instance at 0x7f09c5d32cd0>,9,13,[11  4],10,-1,24,-1,11
1,<environment.Job instance at 0x7f09c5d32e10>,10,17,[ 3 12],11,-1,28,-1,11
1,<environment.Job instance at 0x7f09c5d32370>,11,2,[7 4],12,-1,14,-1,12
1,<environment.Job instance at 0x7f09c5d32460>,12,2,[4 6],13,-1,15,-1,13
1,<environment.Job instance at 0x7f09c5d320f0>,13,2,[12  2],14,-1,16,-1,14
1,<environment.Job instance at 0x7f09c5d32a00>,14,17,[13  5],15,-1,32,-1,15
1,<environment.Job instance at 0x7f09c5d32280>,17,15,[ 5 12],18,-1,42,-1,27
1,<environment.Job instance at 0x7f09c5d32be0>,18,19,[ 4 10],19,-1,46,-1,27
1,<environment.Job instance at 0x7f09c5f55cd0>,19,3,[3 6],20,-1,30,-1,27
1,<environment.Job instance at 0x7f09c5f55d20>,22,25,[10  5],23,-1,75,-1,50
1,<environment.Job instance at 0x7f09c5f557d0>,26,28,[4 6],27,-1,94,-1,66
1,<environment.Job instance at 0x7f09c5f55b90>,27,26,[2 6],28,-1,92,-1,66
1,<environment.Job instance at 0x7f09c5f55960>,28,20,[9 3],29,-1,105,-1,85
1,<environment.Job instance at 0x7f09c5f55690>,30,13,[13  5],31,-1,98,-1,85
1,<environment.Job instance at 0x7f09c599fbe0>,31,12,[6 2],32,-1,97,-1,85
1,<environment.Job instance at 0x7f09c599f1e0>,34,12,[2 7],35,-1,97,-1,85
1,<environment.Job instance at 0x7f09c599faa0>,35,1,[ 1 13],36,-1,86,-1,85
1,<environment.Job instance at 0x7f09c599fc30>,36,26,[8 2],37,-1,111,-1,85
1,<environment.Job instance at 0x7f09c599fa50>,37,26,[5 7],38,-1,111,-1,85
1,<environment.Job instance at 0x7f09c599f640>,38,13,[4 6],39,-1,98,-1,85
1,<environment.Job instance at 0x7f09c599fe60>,39,26,[11  1],40,-1,111,-1,85
1,<environment.Job instance at 0x7f09c599f780>,40,12,[1 7],41,-1,97,-1,85
1,<environment.Job instance at 0x7f09c599f910>,41,15,[2 6],42,-1,102,-1,87
1,<environment.Job instance at 0x7f09c599feb0>,42,13,[10  1],43,-1,100,-1,87
1,<environment.Job instance at 0x7f09c599f5f0>,43,18,[1 7],44,-1,107,-1,89
1,<environment.Job instance at 0x7f09c599f410>,44,16,[9 3],45,-1,113,-1,97
1,<environment.Job instance at 0x7f09c599fd20>,45,18,[ 1 12],46,-1,115,-1,97
1,<environment.Job instance at 0x7f09ceaeba00>,46,15,[ 3 11],47,-1,112,-1,97
1,<environment.Job instance at 0x7f09ceaeb9b0>,47,24,[1 5],48,-1,121,-1,97
1,<environment.Job instance at 0x7f09ceaeb6e0>,48,23,[6 3],49,-1,120,-1,97
1,<environment.Job instance at 0x7f09ceaeb820>,49,16,[ 2 13],50,-1,113,-1,97
1,<environment.Job instance at 0x7f09ceaeb780>,50,21,[ 4 13],51,-1,118,-1,97
1,<environment.Job instance at 0x7f09ceaeb0a0>,52,14,[ 2 10],53,-1,111,-1,97
1,<environment.Job instance at 0x7f09ceaeb410>,53,27,[13  3],54,-1,124,-1,97
1,<environment.Job instance at 0x7f09ceaeb910>,54,24,[3 9],55,-1,121,-1,97
1,<environment.Job instance at 0x7f09ceaeb370>,55,2,[5 7],56,-1,99,-1,97
1,<environment.Job instance at 0x7f09ceaeb550>,56,23,[14  1],57,-1,120,-1,97
1,<environment.Job instance at 0x7f09ceaebd70>,57,27,[11  2],58,-1,124,-1,97
1,<environment.Job instance at 0x7f09ceaebaf0>,58,14,[9 1],59,-1,112,-1,98
1,<environment.Job instance at 0x7f09ceaeb500>,59,12,[10  4],60,-1,110,-1,98
1,<environment.Job instance at 0x7f09c5ef1d20>,60,22,[ 3 14],61,-1,120,-1,98
1,<environment.Job instance at 0x7f09c5ef1e10>,61,15,[13  2],62,-1,113,-1,98
1,<environment.Job instance at 0x7f09c5ef1460>,62,16,[11  3],63,-1,114,-1,98
1,<environment.Job instance at 0x7f09c5ef1230>,63,15,[ 1 10],64,-1,113,-1,98
1,<environment.Job instance at 0x7f09c5ef1e60>,64,17,[5 1],65,-1,115,-1,98
1,<environment.Job instance at 0x7f09c5ef1aa0>,65,16,[9 3],66,-1,120,-1,104
1,<environment.Job instance at 0x7f09c5ef18c0>,67,16,[3 8],68,-1,120,-1,104
1,<environment.Job instance at 0x7f09c5ef19b0>,68,21,[9 4],69,-1,131,-1,110
1,<environment.Job instance at 0x7f09c5ad7a00>,76,12,[1 6],77,-1,182,-1,170
1,<environment.Job instance at 0x7f09c4f3ed70>,77,19,[ 5 10],78,-1,202,-1,183
1,<environment.Job instance at 0x7f09c505b870>,79,24,[14  3],80,-1,207,-1,183
1,<environment.Job instance at 0x7f09c505bc30>,80,16,[ 1 14],81,-1,199,-1,183
1,<environment.Job instance at 0x7f09c505b320>,81,24,[10  2],82,-1,207,-1,183
1,<environment.Job instance at 0x7f09c505bb40>,82,2,[3 6],83,-1,185,-1,183
1,<environment.Job instance at 0x7f09c4efc190>,83,3,[ 2 14],84,-1,186,-1,183
1,<environment.Job instance at 0x7f09c4efc6e0>,84,15,[9 2],85,-1,198,-1,183
1,<environment.Job instance at 0x7f09c4efcb90>,86,18,[ 5 11],87,-1,201,-1,183
1,<environment.Job instance at 0x7f09c4efc690>,87,21,[12  1],88,-1,204,-1,183
1,<environment.Job instance at 0x7f09c4efc730>,88,18,[12  4],89,-1,201,-1,183
1,<environment.Job instance at 0x7f09c4efc870>,89,26,[1 9],90,-1,209,-1,183
1,<environment.Job instance at 0x7f09c4efcbe0>,90,3,[10  4],91,-1,186,-1,183
1,<environment.Job instance at 0x7f09c4efcf00>,91,13,[8 4],92,-1,196,-1,183
1,<environment.Job instance at 0x7f09c4efc500>,92,26,[13  5],93,-1,209,-1,183
1,<environment.Job instance at 0x7f09c4efc230>,93,25,[13  3],94,-1,208,-1,183
1,<environment.Job instance at 0x7f09c803c8c0>,94,22,[ 5 10],95,-1,205,-1,183
1,<environment.Job instance at 0x7f09c5ca15f0>,95,13,[ 3 12],96,-1,196,-1,183
1,<environment.Job instance at 0x7f09c5c1c230>,96,15,[ 1 10],97,-1,198,-1,183
1,<environment.Job instance at 0x7f09c4d380f0>,97,26,[3 8],98,-1,209,-1,183
1,<environment.Job instance at 0x7f09c803c870>,98,16,[ 5 12],99,-1,199,-1,183
1,<environment.Job instance at 0x7f09c5f92640>,99,24,[13  4],100,-1,207,-1,183
1,<environment.Job instance at 0x7f09c56847d0>,100,27,[8 2],101,-1,210,-1,183
1,<environment.Job instance at 0x7f09c56841e0>,101,17,[5 2],102,-1,200,-1,183
1,<environment.Job instance at 0x7f09c4dee960>,102,27,[4 5],103,-1,210,-1,183
1,<environment.Job instance at 0x7f09c46c4be0>,103,16,[12  2],104,-1,199,-1,183
1,<environment.Job instance at 0x7f09c4b1b6e0>,104,18,[1 6],105,-1,202,-1,184
1,<environment.Job instance at 0x7f09c4b1b3c0>,105,20,[1 9],106,-1,204,-1,184
1,<environment.Job instance at 0x7f09c505d0f0>,106,14,[5 1],107,-1,198,-1,184
1,<environment.Job instance at 0x7f09c505d6e0>,108,26,[ 3 12],109,-1,226,-1,200
1,<environment.Job instance at 0x7f09c505db40>,109,26,[9 2],110,-1,226,-1,200
1,<environment.Job instance at 0x7f09c4f2a0a0>,110,12,[ 2 10],111,-1,212,-1,200
1,<environment.Job instance at 0x7f09c51d0c30>,111,16,[13  4],112,-1,216,-1,200
1,<environment.Job instance at 0x7f09c4f2aa00>,112,28,[2 7],113,-1,228,-1,200
1,<environment.Job instance at 0x7f09c58fe820>,146,14,[ 1 10],147,-1,576,-1,562
1,<environment.Job instance at 0x7f09ceae5f00>,148,27,[ 3 10],149,-1,600,-1,573
1,<environment.Job instance at 0x7f09ceae5c30>,150,12,[14  1],151,-1,590,-1,578
1,<environment.Job instance at 0x7f09c590c280>,152,13,[11  4],153,-1,605,-1,592
1,<environment.Job instance at 0x7f09c590cb40>,157,15,[ 4 13],158,-1,644,-1,629
1,<environment.Job instance at 0x7f09c540ceb0>,9,2,[5 7],10,-1,22,-1,20
1,<environment.Job instance at 0x7f09c540c1e0>,13,28,[4 7],14,-1,69,-1,41
1,<environment.Job instance at 0x7f09c540c0f0>,16,16,[11  4],17,-1,68,-1,52
1,<environment.Job instance at 0x7f09c540c140>,17,24,[1 7],18,-1,77,-1,53
1,<environment.Job instance at 0x7f09c4a24050>,19,17,[13  2],20,-1,70,-1,53
1,<environment.Job instance at 0x7f09c4a24410>,20,1,[3 9],21,-1,54,-1,53
1,<environment.Job instance at 0x7f09c4a24b90>,21,23,[13  4],22,-1,76,-1,53
1,<environment.Job instance at 0x7f09c4a246e0>,23,26,[1 9],24,-1,92,-1,66
1,<environment.Job instance at 0x7f09c4a24370>,24,25,[5 4],25,-1,91,-1,66
1,<environment.Job instance at 0x7f09c4a24fa0>,25,22,[ 2 10],26,-1,88,-1,66
1,<environment.Job instance at 0x7f09c4a24730>,26,14,[13  4],27,-1,80,-1,66
1,<environment.Job instance at 0x7f09c4a24c80>,30,19,[12  3],31,-1,122,-1,103
1,<environment.Job instance at 0x7f09c4a242d0>,31,17,[ 5 11],32,-1,120,-1,103
1,<environment.Job instance at 0x7f09c4a24cd0>,32,2,[ 1 10],33,-1,105,-1,103
1,<environment.Job instance at 0x7f09c4a24dc0>,35,18,[14  2],36,-1,138,-1,120
1,<environment.Job instance at 0x7f09c4a24aa0>,36,15,[14  3],37,-1,135,-1,120
1,<environment.Job instance at 0x7f09c58e21e0>,38,17,[12  2],39,-1,137,-1,120
1,<environment.Job instance at 0x7f09c58e20a0>,39,20,[ 5 12],40,-1,140,-1,120
1,<environment.Job instance at 0x7f09c58e2640>,40,28,[ 5 11],41,-1,148,-1,120
1,<environment.Job instance at 0x7f09c58e2410>,42,23,[5 9],43,-1,154,-1,131
1,<environment.Job instance at 0x7f09c58e2460>,44,28,[14  5],45,-1,176,-1,148
1,<environment.Job instance at 0x7f09c5411550>,46,13,[12  1],47,-1,178,-1,165
1,<environment.Job instance at 0x7f09c54118c0>,47,28,[ 5 11],48,-1,193,-1,165
1,<environment.Job instance at 0x7f09c5411780>,48,2,[5 3],49,-1,167,-1,165
1,<environment.Job instance at 0x7f09c5411640>,55,13,[ 4 14],56,-1,214,-1,201
1,<environment.Job instance at 0x7f09c5411140>,59,3,[2 7],60,-1,223,-1,220
1,<environment.Job instance at 0x7f09c5411b40>,60,15,[12  4],61,-1,235,-1,220
1,<environment.Job instance at 0x7f09c5411730>,61,21,[10  5],62,-1,292,-1,271
1,<environment.Job instance at 0x7f09c55aabe0>,67,18,[ 2 14],68,-1,289,-1,271
1,<environment.Job instance at 0x7f09c55aa0f0>,68,25,[ 4 10],69,-1,296,-1,271
1,<environment.Job instance at 0x7f09c55aad70>,69,24,[11  5],70,-1,295,-1,271
1,<environment.Job instance at 0x7f09c55aad20>,70,20,[4 8],71,-1,304,-1,284
1,<environment.Job instance at 0x7f09c55aa410>,76,13,[ 2 14],77,-1,324,-1,311
1,<environment.Job instance at 0x7f09c55aaaa0>,77,23,[10  1],78,-1,334,-1,311
1,<environment.Job instance at 0x7f09c55aaeb0>,78,22,[8 1],79,-1,335,-1,313
1,<environment.Job instance at 0x7f09c55aab40>,79,14,[14  4],80,-1,327,-1,313
1,<environment.Job instance at 0x7f09c55aa0a0>,80,13,[ 5 14],81,-1,326,-1,313
1,<environment.Job instance at 0x7f09c55aa230>,81,27,[3 9],82,-1,340,-1,313
1,<environment.Job instance at 0x7f09c55aa640>,82,28,[3 8],83,-1,341,-1,313
1,<environment.Job instance at 0x7f09c55aa780>,83,23,[ 5 10],84,-1,336,-1,313
1,<environment.Job instance at 0x7f09c55aa190>,84,17,[ 1 11],85,-1,330,-1,313
1,<environment.Job instance at 0x7f09c55aa7d0>,85,12,[2 9],86,-1,325,-1,313
1,<environment.Job instance at 0x7f09c55aa5a0>,86,1,[ 4 13],87,-1,314,-1,313
1,<environment.Job instance at 0x7f09c55aaa00>,87,14,[ 5 13],88,-1,327,-1,313
1,<environment.Job instance at 0x7f09c4a03a00>,89,1,[ 1 14],90,-1,314,-1,313
1,<environment.Job instance at 0x7f09c4a03e10>,90,16,[11  4],91,-1,329,-1,313
1,<environment.Job instance at 0x7f09c4a03550>,92,3,[8 2],93,-1,328,-1,325
1,<environment.Job instance at 0x7f09c4a03690>,94,16,[13  2],95,-1,359,-1,343
1,<environment.Job instance at 0x7f09c4a03aa0>,95,14,[ 2 13],96,-1,357,-1,343
1,<environment.Job instance at 0x7f09c4a034b0>,96,18,[13  1],97,-1,361,-1,343
1,<environment.Job instance at 0x7f09c4a03b90>,97,21,[ 2 12],98,-1,364,-1,343
1,<environment.Job instance at 0x7f09c4a037d0>,99,26,[13  3],100,-1,369,-1,343
1,<environment.Job instance at 0x7f09c4a03d70>,100,24,[12  5],101,-1,367,-1,343
1,<environment.Job instance at 0x7f09c4a03280>,102,27,[7 3],103,-1,377,-1,350
1,<environment.Job instance at 0x7f09c4936140>,103,15,[ 4 10],104,-1,366,-1,351
1,<environment.Job instance at 0x7f09c4a036e0>,104,12,[ 1 10],105,-1,363,-1,351
1,<environment.Job instance at 0x7f09c49360f0>,105,22,[7 1],106,-1,373,-1,351
1,<environment.Job instance at 0x7f09c49360a0>,106,21,[11  1],107,-1,372,-1,351
1,<environment.Job instance at 0x7f09c4936500>,107,20,[3 8],108,-1,372,-1,352
1,<environment.Job instance at 0x7f09c49368c0>,108,18,[11  1],109,-1,370,-1,352
1,<environment.Job instance at 0x7f09c4936d20>,111,3,[6 4],112,-1,374,-1,371
1,<environment.Job instance at 0x7f09c4936230>,112,13,[ 1 12],113,-1,384,-1,371
1,<environment.Job instance at 0x7f09c4936960>,119,24,[ 2 12],120,-1,431,-1,407
1,<environment.Job instance at 0x7f09c4a20870>,125,25,[3 6],126,-1,465,-1,440
1,<environment.Job instance at 0x7f09c4a20230>,127,16,[ 5 12],128,-1,469,-1,453
1,<environment.Job instance at 0x7f09c4a20550>,130,12,[11  4],131,-1,477,-1,465
1,<environment.Job instance at 0x7f09c4a204b0>,132,2,[12  3],133,-1,473,-1,471
1,<environment.Job instance at 0x7f09c4a200a0>,133,14,[14  2],134,-1,485,-1,471
1,<environment.Job instance at 0x7f09c4a20fa0>,134,13,[12  4],135,-1,484,-1,471
1,<environment.Job instance at 0x7f09c5826f00>,139,14,[11  5],140,-1,516,-1,502
1,<environment.Job instance at 0x7f09c5674960>,140,18,[ 4 12],141,-1,520,-1,502
1,<environment.Job instance at 0x7f09c47024b0>,141,24,[ 3 11],142,-1,526,-1,502
1,<environment.Job instance at 0x7f09c804a410>,145,12,[13  3],146,-1,540,-1,528
1,<environment.Job instance at 0x7f09c4fe9280>,148,27,[12  3],149,-1,572,-1,545
1,<environment.Job instance at 0x7f09c5d35910>,150,26,[ 4 11],151,-1,573,-1,547
1,<environment.Job instance at 0x7f09c5316870>,153,24,[ 5 12],154,-1,583,-1,559
1,<environment.Job instance at 0x7f09c53166e0>,155,3,[ 3 12],156,-1,562,-1,559
1,<environment.Job instance at 0x7f09c571b910>,157,14,[14  5],158,-1,586,-1,572
1,<environment.Job instance at 0x7f09c4f692d0>,158,14,[ 3 12],159,-1,586,-1,572
1,<environment.Job instance at 0x7f09c4d8d9b0>,9,13,[ 1 11],10,-1,28,-1,15
1,<environment.Job instance at 0x7f09c4920230>,10,14,[11  4],11,-1,29,-1,15
1,<environment.Job instance at 0x7f09c4920550>,11,24,[ 4 11],12,-1,39,-1,15
1,<environment.Job instance at 0x7f09c49203c0>,12,24,[4 8],13,-1,39,-1,15
1,<environment.Job instance at 0x7f09c51d9af0>,37,18,[12  5],38,-1,194,-1,176
1,<environment.Job instance at 0x7f09c51d9820>,38,20,[13  1],39,-1,196,-1,176
1,<environment.Job instance at 0x7f09c5998b40>,39,17,[ 5 13],40,-1,193,-1,176
1,<environment.Job instance at 0x7f09c5998550>,41,23,[4 8],42,-1,206,-1,183
1,<environment.Job instance at 0x7f09c5998b90>,44,26,[2 8],45,-1,224,-1,198
1,<environment.Job instance at 0x7f09c5998d20>,46,13,[12  5],47,-1,225,-1,212
1,<environment.Job instance at 0x7f09c5998fa0>,48,14,[ 2 11],49,-1,226,-1,212
1,<environment.Job instance at 0x7f09c5998cd0>,52,26,[6 5],53,-1,258,-1,232
1,<environment.Job instance at 0x7f09c5998f50>,53,14,[10  1],54,-1,246,-1,232
1,<environment.Job instance at 0x7f09c5998be0>,54,22,[13  2],55,-1,254,-1,232
1,<environment.Job instance at 0x7f09c5998dc0>,55,3,[4 9],56,-1,235,-1,232
1,<environment.Job instance at 0x7f09c59986e0>,58,24,[4 5],59,-1,269,-1,245
1,<environment.Job instance at 0x7f09c4def730>,59,28,[ 3 11],60,-1,273,-1,245
1,<environment.Job instance at 0x7f09c4defbe0>,60,12,[9 1],61,-1,259,-1,247
1,<environment.Job instance at 0x7f09c4def910>,62,19,[ 2 12],63,-1,274,-1,255
1,<environment.Job instance at 0x7f09c4def460>,65,22,[3 6],66,-1,280,-1,258
1,<environment.Job instance at 0x7f09c4def0a0>,67,17,[ 4 12],68,-1,275,-1,258
1,<environment.Job instance at 0x7f09c4defb40>,69,20,[11  5],70,-1,293,-1,273
1,<environment.Job instance at 0x7f09c4defeb0>,70,16,[12  3],71,-1,289,-1,273
1,<environment.Job instance at 0x7f09c4def5a0>,71,3,[5 7],72,-1,276,-1,273
1,<environment.Job instance at 0x7f09c4def410>,73,27,[ 1 10],74,-1,304,-1,277
1,<environment.Job instance at 0x7f09c4deff50>,74,14,[ 1 11],75,-1,291,-1,277
1,<environment.Job instance at 0x7f09c4defaf0>,75,25,[ 5 11],76,-1,302,-1,277
1,<environment.Job instance at 0x7f09c5db9460>,77,1,[1 7],78,-1,291,-1,290
1,<environment.Job instance at 0x7f09c5db9e60>,78,20,[5 1],79,-1,312,-1,292
1,<environment.Job instance at 0x7f09c5db92d0>,79,28,[6 3],80,-1,320,-1,292
1,<environment.Job instance at 0x7f09c5db9dc0>,82,19,[ 3 12],83,-1,317,-1,298
1,<environment.Job instance at 0x7f09c5db9370>,83,23,[4 5],84,-1,321,-1,298
1,<environment.Job instance at 0x7f09cec2d5a0>,86,22,[ 2 12],87,-1,346,-1,324
1,<environment.Job instance at 0x7f09cec2d280>,87,17,[12  5],88,-1,341,-1,324
1,<environment.Job instance at 0x7f09cec2daa0>,88,28,[11  4],89,-1,352,-1,324
1,<environment.Job instance at 0x7f09c590c690>,89,1,[4 9],90,-1,325,-1,324
1,<environment.Job instance at 0x7f09c590c1e0>,90,12,[ 4 14],91,-1,336,-1,324
1,<environment.Job instance at 0x7f09c590caf0>,95,28,[1 7],96,-1,380,-1,352
1,<environment.Job instance at 0x7f09c590cf50>,96,18,[ 2 10],97,-1,370,-1,352
1,<environment.Job instance at 0x7f09c590caa0>,97,18,[13  2],98,-1,370,-1,352
1,<environment.Job instance at 0x7f09c590c140>,98,3,[6 5],99,-1,355,-1,352
1,<environment.Job instance at 0x7f09c590cc30>,100,18,[9 1],101,-1,389,-1,371
1,<environment.Job instance at 0x7f09c590c050>,101,15,[3 9],102,-1,389,-1,374
1,<environment.Job instance at 0x7f09c590c8c0>,102,27,[8 5],103,-1,401,-1,374
1,<environment.Job instance at 0x7f09c590c370>,104,25,[ 1 12],105,-1,399,-1,374
1,<environment.Job instance at 0x7f09c590c0a0>,106,15,[ 5 10],107,-1,391,-1,376
1,<environment.Job instance at 0x7f09c590c640>,107,20,[14  5],108,-1,396,-1,376
1,<environment.Job instance at 0x7f09c590ce60>,108,25,[ 3 12],109,-1,401,-1,376
1,<environment.Job instance at 0x7f09c590cb40>,109,14,[13  1],110,-1,390,-1,376
1,<environment.Job instance at 0x7f09c590c870>,110,15,[10  1],111,-1,391,-1,376
1,<environment.Job instance at 0x7f09c5f56aa0>,111,13,[ 2 12],112,-1,389,-1,376
1,<environment.Job instance at 0x7f09c5f56f50>,115,16,[12  2],116,-1,413,-1,397
1,<environment.Job instance at 0x7f09c5f56780>,116,16,[14  1],117,-1,413,-1,397
1,<environment.Job instance at 0x7f09c5f56e10>,117,3,[ 2 13],118,-1,400,-1,397
1,<environment.Job instance at 0x7f09c5f56af0>,118,15,[ 1 10],119,-1,412,-1,397
1,<environment.Job instance at 0x7f09c5f56d70>,119,1,[7 5],120,-1,398,-1,397
1,<environment.Job instance at 0x7f09c5f56a50>,120,13,[6 1],121,-1,414,-1,401
1,<environment.Job instance at 0x7f09c5f56410>,121,26,[13  3],122,-1,427,-1,401
1,<environment.Job instance at 0x7f09c5f56320>,122,15,[ 2 11],123,-1,416,-1,401
1,<environment.Job instance at 0x7f09c5b56960>,123,20,[11  4],124,-1,421,-1,401
1,<environment.Job instance at 0x7f09c4cf8e60>,124,17,[14  1],125,-1,418,-1,401
1,<environment.Job instance at 0x7f09c5ffb960>,128,15,[ 3 11],129,-1,440,-1,425
1,<environment.Job instance at 0x7f09c5ffbaf0>,129,20,[ 4 12],130,-1,445,-1,425
1,<environment.Job instance at 0x7f09c5ffb140>,130,28,[5 8],131,-1,453,-1,425
1,<environment.Job instance at 0x7f09c5ffb5f0>,131,17,[ 3 14],132,-1,442,-1,425
1,<environment.Job instance at 0x7f09c5ffb780>,132,27,[ 3 10],133,-1,452,-1,425
1,<environment.Job instance at 0x7f09c5ffbcd0>,135,22,[ 1 10],136,-1,459,-1,437
1,<environment.Job instance at 0x7f09c49c9780>,137,27,[6 4],138,-1,479,-1,452
1,<environment.Job instance at 0x7f09c49e2500>,138,22,[ 2 10],139,-1,474,-1,452
1,<environment.Job instance at 0x7f09c5e95c30>,139,25,[2 8],140,-1,477,-1,452
1,<environment.Job instance at 0x7f09c4967be0>,143,2,[ 5 11],144,-1,468,-1,466
1,<environment.Job instance at 0x7f09c53309b0>,144,1,[8 2],145,-1,467,-1,466
1,<environment.Job instance at 0x7f09c5fe6870>,148,13,[ 3 10],149,-1,508,-1,495
1,<environment.Job instance at 0x7f09c55ad230>,150,24,[14  3],151,-1,530,-1,506
1,<environment.Job instance at 0x7f09c582ad20>,153,2,[13  4],154,-1,523,-1,521
1,<environment.Job instance at 0x7f09ce660320>,154,22,[12  2],155,-1,543,-1,521
1,<environment.Job instance at 0x7f09c51d9eb0>,2,28,[13  4],3,-1,31,-1,3
1,<environment.Job instance at 0x7f09c5420a50>,3,16,[ 3 13],4,-1,20,-1,4
1,<environment.Job instance at 0x7f09c5420280>,5,16,[ 2 13],6,-1,22,-1,6
1,<environment.Job instance at 0x7f09c4d2aeb0>,7,20,[ 5 10],8,-1,28,-1,8
1,<environment.Job instance at 0x7f09c4d2a370>,9,18,[ 4 12],10,-1,28,-1,10
1,<environment.Job instance at 0x7f09c545b640>,15,23,[ 4 10],16,-1,39,-1,16
1,<environment.Job instance at 0x7f09c545b690>,16,3,[9 5],17,-1,20,-1,17
1,<environment.Job instance at 0x7f09c545b910>,21,14,[14  1],22,-1,46,-1,32
1,<environment.Job instance at 0x7f09c545bb40>,22,24,[8 5],23,-1,56,-1,32
1,<environment.Job instance at 0x7f09c545bbe0>,23,3,[14  5],24,-1,35,-1,32
1,<environment.Job instance at 0x7f09c545be60>,27,17,[ 5 13],28,-1,78,-1,61
1,<environment.Job instance at 0x7f09c545bfa0>,28,26,[ 3 14],29,-1,87,-1,61
1,<environment.Job instance at 0x7f09c4d4f870>,41,15,[ 2 12],42,-1,161,-1,146
1,<environment.Job instance at 0x7f09c4d4f910>,42,2,[10  2],43,-1,148,-1,146
1,<environment.Job instance at 0x7f09c4d4fc80>,45,22,[5 8],46,-1,184,-1,162
1,<environment.Job instance at 0x7f09c4d4fbe0>,46,2,[6 5],47,-1,164,-1,162
1,<environment.Job instance at 0x7f09c4d4fe10>,49,24,[ 4 12],50,-1,202,-1,178
1,<environment.Job instance at 0x7f09c4d4feb0>,50,12,[14  4],51,-1,190,-1,178
1,<environment.Job instance at 0x7f09c4d4ff50>,51,28,[5 5],52,-1,206,-1,178
1,<environment.Job instance at 0x7f09c4d59410>,58,3,[ 2 11],59,-1,228,-1,225
1,<environment.Job instance at 0x7f09c4d594b0>,59,26,[1 9],60,-1,251,-1,225
1,<environment.Job instance at 0x7f09c4d59550>,60,28,[9 3],61,-1,253,-1,225
1,<environment.Job instance at 0x7f09c4d59820>,62,28,[5 3],63,-1,253,-1,225
1,<environment.Job instance at 0x7f09c4d59be0>,67,24,[ 2 13],68,-1,287,-1,263
1,<environment.Job instance at 0x7f09c4d59fa0>,75,20,[14  4],76,-1,339,-1,319
1,<environment.Job instance at 0x7f09c4d2e190>,76,22,[ 1 14],77,-1,341,-1,319
1,<environment.Job instance at 0x7f09c4d2e230>,77,2,[14  4],78,-1,321,-1,319
1,<environment.Job instance at 0x7f09c4d2e370>,79,27,[4 9],80,-1,349,-1,322
1,<environment.Job instance at 0x7f09c4d2e460>,80,16,[ 4 13],81,-1,338,-1,322
1,<environment.Job instance at 0x7f09c4d2e690>,82,16,[14  2],83,-1,342,-1,326
1,<environment.Job instance at 0x7f09c4d2e730>,83,12,[14  2],84,-1,338,-1,326
1,<environment.Job instance at 0x7f09c4d2e7d0>,84,1,[14  4],85,-1,327,-1,326
1,<environment.Job instance at 0x7f09c4d2e870>,85,2,[14  4],86,-1,328,-1,326
1,<environment.Job instance at 0x7f09c4d2e910>,86,24,[2 9],87,-1,350,-1,326
1,<environment.Job instance at 0x7f09c4d2e9b0>,87,12,[ 2 12],88,-1,338,-1,326
1,<environment.Job instance at 0x7f09c4d2ea50>,88,14,[13  4],89,-1,340,-1,326
1,<environment.Job instance at 0x7f09c4d2eaf0>,89,20,[ 3 11],90,-1,346,-1,326
1,<environment.Job instance at 0x7f09c4d2edc0>,91,16,[14  4],92,-1,354,-1,338
1,<environment.Job instance at 0x7f09c48144b0>,94,2,[ 3 14],95,-1,340,-1,338
1,<environment.Job instance at 0x7f09c4d635f0>,96,27,[7 4],97,-1,375,-1,348
1,<environment.Job instance at 0x7f09c5468a00>,99,2,[2 6],100,-1,367,-1,365
1,<environment.Job instance at 0x7f09c5f3b370>,101,24,[6 3],102,-1,405,-1,381
1,<environment.Job instance at 0x7f09c5468aa0>,102,28,[2 8],103,-1,409,-1,381
1,<environment.Job instance at 0x7f09ce5c6fa0>,103,13,[12  3],104,-1,394,-1,381
1,<environment.Job instance at 0x7f09c4b18e10>,107,14,[ 4 13],108,-1,417,-1,403
1,<environment.Job instance at 0x7f09c4b18690>,108,26,[9 3],109,-1,429,-1,403
1,<environment.Job instance at 0x7f09c4b182d0>,111,20,[ 4 14],112,-1,433,-1,413
1,<environment.Job instance at 0x7f09c4b188c0>,113,14,[12  5],114,-1,432,-1,418
1,<environment.Job instance at 0x7f09c526dfa0>,114,25,[ 5 12],115,-1,443,-1,418
1,<environment.Job instance at 0x7f09ce5bf460>,116,15,[ 3 14],117,-1,433,-1,418
1,<environment.Job instance at 0x7f09c527b4b0>,119,1,[10  1],120,-1,433,-1,432
1,<environment.Job instance at 0x7f09c48cc2d0>,120,24,[7 1],121,-1,456,-1,432
1,<environment.Job instance at 0x7f09c527bd20>,122,18,[ 5 13],123,-1,470,-1,452
1,<environment.Job instance at 0x7f09c4cc85a0>,125,28,[1 5],126,-1,483,-1,455
1,<environment.Job instance at 0x7f09ce5b46e0>,127,25,[8 1],128,-1,491,-1,466
1,<environment.Job instance at 0x7f09c52754b0>,129,12,[12  3],130,-1,487,-1,475
1,<environment.Job instance at 0x7f09ce5c5960>,132,25,[4 5],133,-1,518,-1,493
1,<environment.Job instance at 0x7f09ce5c5640>,133,25,[10  3],134,-1,518,-1,493
1,<environment.Job instance at 0x7f09c54ef190>,135,28,[13  4],136,-1,531,-1,503
1,<environment.Job instance at 0x7f09c54ef0f0>,136,20,[13  2],137,-1,523,-1,503
1,<environment.Job instance at 0x7f09c54ef050>,137,14,[12  3],138,-1,517,-1,503
1,<environment.Job instance at 0x7f09c54efe60>,138,17,[ 5 13],139,-1,520,-1,503
1,<environment.Job instance at 0x7f09c54ec190>,140,18,[13  4],141,-1,534,-1,516
1,<environment.Job instance at 0x7f09c54ec690>,143,16,[ 2 11],144,-1,552,-1,536
1,<environment.Job instance at 0x7f09c54ec9b0>,145,25,[2 5],146,-1,569,-1,544
1,<environment.Job instance at 0x7f09ce5c3050>,152,23,[ 3 14],153,-1,592,-1,569
1,<environment.Job instance at 0x7f09c54c4aa0>,153,21,[ 5 13],154,-1,590,-1,569
1,<environment.Job instance at 0x7f09c54c44b0>,154,16,[ 3 14],155,-1,585,-1,569
1,<environment.Job instance at 0x7f09c54c48c0>,158,13,[14  1],159,-1,631,-1,618
1,<environment.Job instance at 0x7f09c5573af0>,5,24,[5 2],6,-1,52,-1,28
1,<environment.Job instance at 0x7f09c48f5730>,10,13,[ 3 12],11,-1,41,-1,28
1,<environment.Job instance at 0x7f09c48f54b0>,11,14,[ 2 11],12,-1,42,-1,28
1,<environment.Job instance at 0x7f09c48f5500>,12,16,[ 5 14],13,-1,44,-1,28
1,<environment.Job instance at 0x7f09c48f5d20>,14,26,[10  4],15,-1,54,-1,28
1,<environment.Job instance at 0x7f09ea0cbc80>,16,24,[4 7],17,-1,52,-1,28
1,<environment.Job instance at 0x7f09c50d35a0>,25,2,[5 9],26,-1,74,-1,72
1,<environment.Job instance at 0x7f09ce5ca370>,28,28,[7 2],29,-1,114,-1,86
1,<environment.Job instance at 0x7f09ce5ca050>,29,3,[4 5],30,-1,89,-1,86
1,<environment.Job instance at 0x7f09ce5ca190>,30,27,[ 3 12],31,-1,113,-1,86
1,<environment.Job instance at 0x7f09ce5ca640>,33,26,[11  1],34,-1,128,-1,102
1,<environment.Job instance at 0x7f09ce5cae10>,34,28,[9 2],35,-1,130,-1,102
1,<environment.Job instance at 0x7f09ce5ca910>,35,21,[12  5],36,-1,123,-1,102
1,<environment.Job instance at 0x7f09ce5cac80>,37,18,[ 2 14],38,-1,137,-1,119
1,<environment.Job instance at 0x7f09ce5ca280>,43,12,[ 3 11],44,-1,162,-1,150
1,<environment.Job instance at 0x7f09ce5cafa0>,44,25,[ 1 14],45,-1,175,-1,150
1,<environment.Job instance at 0x7f09c5f546e0>,46,26,[14  4],47,-1,193,-1,167
1,<environment.Job instance at 0x7f09c5f54820>,48,23,[ 1 11],49,-1,190,-1,167
1,<environment.Job instance at 0x7f09c4915af0>,52,2,[4 7],53,-1,197,-1,195
1,<environment.Job instance at 0x7f09c49150a0>,54,1,[9 5],55,-1,200,-1,199
1,<environment.Job instance at 0x7f09c4999c80>,59,1,[3 9],60,-1,254,-1,253
1,<environment.Job instance at 0x7f09c49382d0>,63,15,[12  3],64,-1,296,-1,281
1,<environment.Job instance at 0x7f09c5287be0>,68,3,[14  3],69,-1,316,-1,313
1,<environment.Job instance at 0x7f09c52874b0>,69,28,[1 7],70,-1,341,-1,313
1,<environment.Job instance at 0x7f09c5287190>,71,14,[ 1 13],72,-1,334,-1,320
1,<environment.Job instance at 0x7f09c5e8ae10>,72,1,[3 9],73,-1,321,-1,320
1,<environment.Job instance at 0x7f09c5e8acd0>,73,13,[13  5],74,-1,333,-1,320
1,<environment.Job instance at 0x7f09c5e8aaa0>,74,14,[12  1],75,-1,334,-1,320
1,<environment.Job instance at 0x7f09c5e8a690>,76,24,[ 2 12],77,-1,344,-1,320
1,<environment.Job instance at 0x7f09c5e8aaf0>,78,17,[ 5 14],79,-1,353,-1,336
1,<environment.Job instance at 0x7f09c5e8ad70>,81,28,[ 3 13],82,-1,367,-1,339
1,<environment.Job instance at 0x7f09c4995320>,83,2,[14  1],84,-1,351,-1,349
1,<environment.Job instance at 0x7f09c4995d70>,85,12,[ 4 12],86,-1,366,-1,354
1,<environment.Job instance at 0x7f09c4995190>,86,12,[12  5],87,-1,366,-1,354
1,<environment.Job instance at 0x7f09c4995f00>,87,13,[ 2 10],88,-1,373,-1,360
1,<environment.Job instance at 0x7f09c4995820>,88,14,[12  2],89,-1,374,-1,360
1,<environment.Job instance at 0x7f09c498fdc0>,89,3,[6 4],90,-1,363,-1,360
1,<environment.Job instance at 0x7f09c498f1e0>,90,15,[ 1 12],91,-1,375,-1,360
1,<environment.Job instance at 0x7f09c49d7500>,97,20,[ 2 12],98,-1,442,-1,422
1,<environment.Job instance at 0x7f09c49b9be0>,101,27,[1 7],102,-1,464,-1,437
1,<environment.Job instance at 0x7f09c4d925f0>,105,26,[10  5],106,-1,489,-1,463
1,<environment.Job instance at 0x7f09c49b9af0>,107,1,[14  3],108,-1,464,-1,463
1,<environment.Job instance at 0x7f09c479f500>,110,1,[2 7],111,-1,484,-1,483
1,<environment.Job instance at 0x7f09c479f3c0>,113,18,[ 1 12],114,-1,513,-1,495
1,<environment.Job instance at 0x7f09c479f230>,115,19,[11  2],116,-1,524,-1,505
1,<environment.Job instance at 0x7f09c47c22d0>,116,17,[ 4 14],117,-1,522,-1,505
1,<environment.Job instance at 0x7f09c47c2820>,118,15,[13  5],119,-1,525,-1,510
1,<environment.Job instance at 0x7f09c47c2870>,121,12,[10  1],122,-1,552,-1,540
1,<environment.Job instance at 0x7f09c47c20a0>,122,3,[4 6],123,-1,543,-1,540
1,<environment.Job instance at 0x7f09c56d4b90>,124,27,[ 5 14],125,-1,567,-1,540
1,<environment.Job instance at 0x7f09c53afb90>,125,22,[12  4],126,-1,562,-1,540
1,<environment.Job instance at 0x7f09c467dd20>,126,17,[13  2],127,-1,557,-1,540
1,<environment.Job instance at 0x7f09c5a4a140>,128,1,[7 1],129,-1,546,-1,545
1,<environment.Job instance at 0x7f09c805b730>,132,3,[6 1],133,-1,580,-1,577
1,<environment.Job instance at 0x7f09c805b1e0>,133,12,[ 4 14],134,-1,589,-1,577
1,<environment.Job instance at 0x7f09c5bdc820>,134,25,[7 1],135,-1,602,-1,577
1,<environment.Job instance at 0x7f09c5af2b90>,137,3,[ 1 12],138,-1,582,-1,579
1,<environment.Job instance at 0x7f09c57108c0>,138,28,[5 4],139,-1,607,-1,579
1,<environment.Job instance at 0x7f09c5b29a00>,141,3,[ 5 13],142,-1,604,-1,601
1,<environment.Job instance at 0x7f09c5b29690>,143,25,[6 2],144,-1,633,-1,608
1,<environment.Job instance at 0x7f09c4e2fcd0>,146,16,[ 4 12],147,-1,641,-1,625
1,<environment.Job instance at 0x7f09c58a88c0>,149,3,[8 4],150,-1,632,-1,629
1,<environment.Job instance at 0x7f09c575ec80>,151,3,[7 1],152,-1,644,-1,641
1,<environment.Job instance at 0x7f09c5a35690>,152,21,[14  2],153,-1,662,-1,641
1,<environment.Job instance at 0x7f09c563dc30>,157,25,[5 8],158,-1,709,-1,684
1,<environment.Job instance at 0x7f09c4c7f230>,158,26,[5 8],159,-1,710,-1,684
1,<environment.Job instance at 0x7f09ce5caa50>,41,22,[10  4],42,-1,730,-1,708
1,<environment.Job instance at 0x7f09c479fa50>,2,12,[13  4],3,-1,15,-1,3
1,<environment.Job instance at 0x7f09c4f327d0>,4,23,[5 5],5,-1,28,-1,5
1,<environment.Job instance at 0x7f09c4f32e60>,5,1,[7 4],6,-1,7,-1,6
1,<environment.Job instance at 0x7f09c4673b40>,19,28,[6 3],20,-1,102,-1,74
1,<environment.Job instance at 0x7f09c4673cd0>,24,3,[5 2],25,-1,107,-1,104
1,<environment.Job instance at 0x7f09c4673690>,23,27,[6 2],24,-1,137,-1,110
1,<environment.Job instance at 0x7f09c4673e60>,26,18,[ 5 13],27,-1,128,-1,110
1,<environment.Job instance at 0x7f09c4673d20>,30,24,[7 1],31,-1,153,-1,129
1,<environment.Job instance at 0x7f09ce5e02d0>,31,21,[1 9],32,-1,156,-1,135
1,<environment.Job instance at 0x7f09c5ef62d0>,35,27,[ 4 13],36,-1,174,-1,147
1,<environment.Job instance at 0x7f09c5ef6d20>,39,17,[11  1],40,-1,195,-1,178
1,<environment.Job instance at 0x7f09c5ef6910>,40,13,[12  1],41,-1,191,-1,178
1,<environment.Job instance at 0x7f09c5993280>,49,15,[13  4],50,-1,254,-1,239
1,<environment.Job instance at 0x7f09c5993690>,50,28,[5 4],51,-1,267,-1,239
1,<environment.Job instance at 0x7f09c5993050>,54,16,[ 2 12],55,-1,267,-1,251
1,<environment.Job instance at 0x7f09ce5dd050>,56,3,[12  1],57,-1,271,-1,268
1,<environment.Job instance at 0x7f09c4dde140>,59,21,[12  4],60,-1,318,-1,297
1,<environment.Job instance at 0x7f09c4dde5f0>,58,16,[10  1],59,-1,313,-1,297
1,<environment.Job instance at 0x7f09c4beebe0>,66,15,[8 2],67,-1,312,-1,297
1,<environment.Job instance at 0x7f09c4bee7d0>,67,2,[14  3],68,-1,299,-1,297
1,<environment.Job instance at 0x7f09c4beee60>,69,1,[ 2 12],70,-1,316,-1,315
1,<environment.Job instance at 0x7f09c4bee780>,70,20,[8 3],71,-1,340,-1,320
1,<environment.Job instance at 0x7f09c4bee5f0>,71,23,[9 5],72,-1,343,-1,320
1,<environment.Job instance at 0x7f09c4bee640>,72,22,[9 1],73,-1,342,-1,320
1,<environment.Job instance at 0x7f09c4bee050>,73,2,[9 2],74,-1,322,-1,320
1,<environment.Job instance at 0x7f09c4bee690>,74,16,[ 1 13],75,-1,336,-1,320
1,<environment.Job instance at 0x7f09c4bee320>,75,18,[ 3 13],76,-1,338,-1,320
1,<environment.Job instance at 0x7f09c4beef00>,76,28,[7 1],77,-1,348,-1,320
1,<environment.Job instance at 0x7f09c4ef6870>,77,27,[2 7],78,-1,347,-1,320
1,<environment.Job instance at 0x7f09c4beeaf0>,64,28,[13  3],65,-1,349,-1,321
1,<environment.Job instance at 0x7f09c4e2deb0>,84,25,[5 4],85,-1,380,-1,355
1,<environment.Job instance at 0x7f09c479db40>,85,17,[ 5 11],86,-1,372,-1,355
1,<environment.Job instance at 0x7f09c51d6eb0>,86,15,[12  2],87,-1,370,-1,355
1,<environment.Job instance at 0x7f09ce5b5730>,87,28,[10  2],88,-1,383,-1,355
1,<environment.Job instance at 0x7f09c52f6fa0>,88,18,[10  1],89,-1,373,-1,355
1,<environment.Job instance at 0x7f09c5d2f280>,89,16,[ 1 11],90,-1,371,-1,355
1,<environment.Job instance at 0x7f09c5dd8eb0>,90,23,[5 5],91,-1,378,-1,355
1,<environment.Job instance at 0x7f09c5a4a500>,93,26,[ 4 13],94,-1,419,-1,393
1,<environment.Job instance at 0x7f09c5a4a280>,94,15,[ 5 13],95,-1,408,-1,393
1,<environment.Job instance at 0x7f09c55c5500>,95,17,[14  2],96,-1,410,-1,393
1,<environment.Job instance at 0x7f09c5e957d0>,96,22,[1 7],97,-1,415,-1,393
1,<environment.Job instance at 0x7f09c5a3bbe0>,97,1,[4 5],98,-1,394,-1,393
1,<environment.Job instance at 0x7f09c5741a00>,99,12,[13  2],100,-1,405,-1,393
1,<environment.Job instance at 0x7f09c5b7cdc0>,102,27,[5 4],103,-1,438,-1,411
1,<environment.Job instance at 0x7f09c528cd20>,103,12,[ 4 10],104,-1,423,-1,411
1,<environment.Job instance at 0x7f09c528ce10>,104,3,[1 5],105,-1,414,-1,411
1,<environment.Job instance at 0x7f09c5f55a50>,105,17,[ 4 10],106,-1,428,-1,411
1,<environment.Job instance at 0x7f09c5f550f0>,107,20,[ 3 13],108,-1,447,-1,427
1,<environment.Job instance at 0x7f09c5f551e0>,108,13,[1 8],109,-1,440,-1,427
1,<environment.Job instance at 0x7f09c5f55500>,109,3,[2 8],110,-1,430,-1,427
1,<environment.Job instance at 0x7f09c56a3960>,111,2,[13  4],112,-1,429,-1,427
1,<environment.Job instance at 0x7f09c8022b90>,113,25,[6 1],114,-1,472,-1,447
1,<environment.Job instance at 0x7f09c5865550>,115,14,[ 4 10],116,-1,461,-1,447
1,<environment.Job instance at 0x7f09c4ca5730>,117,27,[11  5],118,-1,490,-1,463
1,<environment.Job instance at 0x7f09c4ca59b0>,118,12,[9 2],119,-1,475,-1,463
1,<environment.Job instance at 0x7f09c4ca5190>,120,12,[14  5],121,-1,477,-1,465
1,<environment.Job instance at 0x7f09c4ca5410>,121,23,[4 8],122,-1,488,-1,465
1,<environment.Job instance at 0x7f09c4ca5d20>,122,12,[9 4],123,-1,477,-1,465
1,<environment.Job instance at 0x7f09c4ca5cd0>,124,23,[12  5],125,-1,504,-1,481
1,<environment.Job instance at 0x7f09c4ca5280>,125,15,[ 1 10],126,-1,496,-1,481
1,<environment.Job instance at 0x7f09c4ca5550>,126,28,[2 5],127,-1,509,-1,481
1,<environment.Job instance at 0x7f09c4ca5be0>,127,18,[14  2],128,-1,499,-1,481
1,<environment.Job instance at 0x7f09c4ca53c0>,131,2,[12  2],132,-1,503,-1,501
1,<environment.Job instance at 0x7f09c4ca5640>,132,26,[2 8],133,-1,527,-1,501
1,<environment.Job instance at 0x7f09ca08e640>,133,12,[8 4],134,-1,513,-1,501
1,<environment.Job instance at 0x7f09ca08e050>,135,16,[14  4],136,-1,529,-1,513
1,<environment.Job instance at 0x7f09c4d23730>,138,2,[14  1],139,-1,529,-1,527
1,<environment.Job instance at 0x7f09c5daf190>,139,18,[ 1 11],140,-1,545,-1,527
1,<environment.Job instance at 0x7f09c5daf3c0>,140,13,[14  5],141,-1,540,-1,527
1,<environment.Job instance at 0x7f09c56561e0>,142,17,[12  5],143,-1,559,-1,542
1,<environment.Job instance at 0x7f09c5daf7d0>,144,2,[ 2 12],145,-1,544,-1,542
1,<environment.Job instance at 0x7f09c528baa0>,146,2,[3 5],147,-1,548,-1,546
1,<environment.Job instance at 0x7f09c528bdc0>,147,2,[3 6],148,-1,548,-1,546
1,<environment.Job instance at 0x7f09c528ba50>,150,13,[ 3 14],151,-1,578,-1,565
1,<environment.Job instance at 0x7f09c528b3c0>,151,17,[ 1 11],152,-1,582,-1,565
1,<environment.Job instance at 0x7f09c528b1e0>,154,15,[14  2],155,-1,583,-1,568
1,<environment.Job instance at 0x7f09c528bb90>,155,13,[10  3],156,-1,588,-1,575
1,<environment.Job instance at 0x7f09c4ef67d0>,81,24,[12  2],82,-1,651,-1,627
1,<environment.Job instance at 0x7f09c56e5550>,1,28,[3 6],2,-1,30,-1,2
1,<environment.Job instance at 0x7f09c4bee870>,6,28,[5 3],7,-1,35,-1,7
1,<environment.Job instance at 0x7f09c5b82460>,7,23,[10  1],8,-1,31,-1,8
1,<environment.Job instance at 0x7f09c5b825f0>,8,21,[7 1],9,-1,59,-1,38
1,<environment.Job instance at 0x7f09c5b82730>,17,27,[5 1],18,-1,65,-1,38
1,<environment.Job instance at 0x7f09c5b82be0>,18,22,[10  5],19,-1,60,-1,38
1,<environment.Job instance at 0x7f09c5b825a0>,10,24,[11  2],11,-1,73,-1,49
1,<environment.Job instance at 0x7f09c5b82d70>,19,15,[1 8],20,-1,64,-1,49
1,<environment.Job instance at 0x7f09c5b82b40>,21,21,[13  2],22,-1,70,-1,49
1,<environment.Job instance at 0x7f09c5b82fa0>,22,12,[4 7],23,-1,61,-1,49
1,<environment.Job instance at 0x7f09c5b829b0>,23,16,[11  5],24,-1,65,-1,49
1,<environment.Job instance at 0x7f09c5b5b1e0>,25,28,[7 3],26,-1,77,-1,49
1,<environment.Job instance at 0x7f09c5b5b2d0>,27,14,[ 4 10],28,-1,67,-1,53
1,<environment.Job instance at 0x7f09c5b5b320>,28,16,[13  2],29,-1,69,-1,53
1,<environment.Job instance at 0x7f09c5b5b4b0>,29,20,[1 6],30,-1,73,-1,53
1,<environment.Job instance at 0x7f09c5b5b550>,30,18,[3 8],31,-1,71,-1,53
1,<environment.Job instance at 0x7f09c5b5b280>,31,22,[ 1 10],32,-1,75,-1,53
1,<environment.Job instance at 0x7f09c5b5b640>,32,28,[13  5],33,-1,81,-1,53
1,<environment.Job instance at 0x7f09c5b5b730>,33,23,[9 3],34,-1,76,-1,53
1,<environment.Job instance at 0x7f09c5b5b7d0>,34,3,[6 4],35,-1,56,-1,53
1,<environment.Job instance at 0x7f09c5b5b690>,35,16,[ 3 13],36,-1,69,-1,53
1,<environment.Job instance at 0x7f09c5b5ba50>,37,15,[ 4 14],38,-1,82,-1,67
1,<environment.Job instance at 0x7f09c5b5baf0>,38,19,[13  3],39,-1,86,-1,67
1,<environment.Job instance at 0x7f09c5b5bb90>,39,25,[ 3 13],40,-1,92,-1,67
1,<environment.Job instance at 0x7f09c5b5bc30>,40,19,[10  2],41,-1,87,-1,68
1,<environment.Job instance at 0x7f09c5b5bcd0>,41,18,[ 2 10],42,-1,86,-1,68
1,<environment.Job instance at 0x7f09c5b5bd70>,42,22,[4 7],43,-1,90,-1,68
1,<environment.Job instance at 0x7f09c5b5be10>,43,22,[10  4],44,-1,90,-1,68
1,<environment.Job instance at 0x7f09c5b5beb0>,44,22,[1 5],45,-1,90,-1,68
1,<environment.Job instance at 0x7f09c5b5bf50>,45,14,[11  2],46,-1,82,-1,68
1,<environment.Job instance at 0x7f09c5b5b0a0>,46,13,[6 2],47,-1,81,-1,68
1,<environment.Job instance at 0x7f09c5b5b910>,47,23,[10  2],48,-1,91,-1,68
1,<environment.Job instance at 0x7f09c5b76190>,48,27,[ 1 11],49,-1,95,-1,68
1,<environment.Job instance at 0x7f09c5b76370>,49,18,[ 2 10],50,-1,86,-1,68
1,<environment.Job instance at 0x7f09c5b760a0>,50,2,[ 1 10],51,-1,70,-1,68
1,<environment.Job instance at 0x7f09c5b76230>,51,1,[4 7],52,-1,69,-1,68
1,<environment.Job instance at 0x7f09c5b763c0>,52,3,[13  3],53,-1,71,-1,68
1,<environment.Job instance at 0x7f09c5b82c80>,16,18,[ 1 13],17,-1,100,-1,82
1,<environment.Job instance at 0x7f09c5b76820>,59,1,[10  1],60,-1,102,-1,101
1,<environment.Job instance at 0x7f09c4b3a8c0>,69,26,[5 5],70,-1,190,-1,164
1,<environment.Job instance at 0x7f09c4b3a280>,70,22,[ 4 10],71,-1,186,-1,164
1,<environment.Job instance at 0x7f09c4b3a5f0>,73,2,[10  4],74,-1,189,-1,187
1,<environment.Job instance at 0x7f09c4b3ac30>,74,2,[7 3],75,-1,189,-1,187
1,<environment.Job instance at 0x7f09c4b3a7d0>,75,14,[12  3],76,-1,201,-1,187
1,<environment.Job instance at 0x7f09c4b3a730>,76,23,[10  4],77,-1,210,-1,187
1,<environment.Job instance at 0x7f09c4b3aaf0>,78,1,[12  4],79,-1,201,-1,200
1,<environment.Job instance at 0x7f09c4b3a0a0>,79,12,[ 5 14],80,-1,212,-1,200
1,<environment.Job instance at 0x7f09c4b3a870>,80,28,[ 4 10],81,-1,228,-1,200
1,<environment.Job instance at 0x7f09c4b3ae60>,83,21,[12  5],84,-1,228,-1,207
1,<environment.Job instance at 0x7f09c4b3a410>,84,22,[ 1 11],85,-1,229,-1,207
1,<environment.Job instance at 0x7f09c4b3a780>,86,26,[5 3],87,-1,238,-1,212
1,<environment.Job instance at 0x7f09c4b3ab40>,91,24,[ 4 14],92,-1,263,-1,239
1,<environment.Job instance at 0x7f09c4b50190>,93,1,[2 6],94,-1,250,-1,249
1,<environment.Job instance at 0x7f09c4b501e0>,96,17,[ 5 11],97,-1,278,-1,261
1,<environment.Job instance at 0x7f09c4b500a0>,97,13,[ 2 13],98,-1,274,-1,261
1,<environment.Job instance at 0x7f09c4b50730>,102,15,[ 4 10],103,-1,312,-1,297
1,<environment.Job instance at 0x7f09c4b50960>,104,3,[8 2],105,-1,300,-1,297
1,<environment.Job instance at 0x7f09c4b50a00>,105,15,[11  3],106,-1,312,-1,297
1,<environment.Job instance at 0x7f09c4b50cd0>,107,28,[7 2],108,-1,342,-1,314
1,<environment.Job instance at 0x7f09c4b5c190>,119,27,[2 8],120,-1,453,-1,426
1,<environment.Job instance at 0x7f09c4b5c050>,120,2,[ 3 13],121,-1,428,-1,426
1,<environment.Job instance at 0x7f09c4b5c960>,128,27,[4 6],129,-1,507,-1,480
1,<environment.Job instance at 0x7f09c4b5c0f0>,130,15,[ 1 12],131,-1,499,-1,484
1,<environment.Job instance at 0x7f09c4b5c280>,131,1,[ 3 12],132,-1,485,-1,484
1,<environment.Job instance at 0x7f09c4b5c460>,132,24,[8 1],133,-1,508,-1,484
1,<environment.Job instance at 0x7f09c4b5c870>,133,23,[12  1],134,-1,507,-1,484
1,<environment.Job instance at 0x7f09c51fb9b0>,134,26,[4 5],135,-1,510,-1,484
1,<environment.Job instance at 0x7f09c5b83320>,135,28,[8 2],136,-1,512,-1,484
1,<environment.Job instance at 0x7f09c5b83460>,136,21,[11  3],137,-1,506,-1,485
1,<environment.Job instance at 0x7f09c5b83050>,137,19,[14  3],138,-1,504,-1,485
1,<environment.Job instance at 0x7f09c5b831e0>,139,2,[5 1],140,-1,495,-1,493
1,<environment.Job instance at 0x7f09c4c0f960>,140,23,[ 2 10],141,-1,516,-1,493
1,<environment.Job instance at 0x7f09c4c0f1e0>,141,3,[ 2 10],142,-1,496,-1,493
1,<environment.Job instance at 0x7f09c4c1ec80>,142,3,[10  5],143,-1,496,-1,493
1,<environment.Job instance at 0x7f09c4c15050>,143,15,[ 4 11],144,-1,508,-1,493
1,<environment.Job instance at 0x7f09c5b86910>,144,15,[ 1 11],145,-1,508,-1,493
1,<environment.Job instance at 0x7f09c5b865f0>,145,24,[11  4],146,-1,517,-1,493
1,<environment.Job instance at 0x7f09c5b86c80>,146,21,[14  5],147,-1,514,-1,493
1,<environment.Job instance at 0x7f09c5b86f50>,147,2,[7 1],148,-1,495,-1,493
1,<environment.Job instance at 0x7f09c52f2870>,150,25,[4 7],151,-1,526,-1,501
1,<environment.Job instance at 0x7f09c5b7a0a0>,153,14,[ 2 12],154,-1,530,-1,516
1,<environment.Job instance at 0x7f09c5b7ab90>,154,20,[ 3 14],155,-1,536,-1,516
1,<environment.Job instance at 0x7f09c5b54500>,155,18,[ 1 11],156,-1,534,-1,516
1,<environment.Job instance at 0x7f09c5b6b280>,156,3,[ 5 12],157,-1,519,-1,516
1,<environment.Job instance at 0x7f09c5b6bfa0>,157,14,[12  5],158,-1,530,-1,516
1,<environment.Job instance at 0x7f09c4b5cbe0>,4,27,[2 7],5,-1,32,-1,5
1,<environment.Job instance at 0x7f09c4c1ec30>,6,12,[ 2 14],7,-1,19,-1,7
1,<environment.Job instance at 0x7f09c4c1eaa0>,12,25,[10  2],13,-1,47,-1,22
1,<environment.Job instance at 0x7f09c4c1e960>,13,13,[ 2 14],14,-1,35,-1,22
1,<environment.Job instance at 0x7f09c4c1ee10>,14,1,[7 3],15,-1,23,-1,22
1,<environment.Job instance at 0x7f09c4c1e550>,15,12,[13  1],16,-1,34,-1,22
1,<environment.Job instance at 0x7f09c4c1e2d0>,17,14,[13  4],18,-1,41,-1,27
1,<environment.Job instance at 0x7f09c52f2c30>,18,23,[1 9],19,-1,50,-1,27
1,<environment.Job instance at 0x7f09c52f2640>,20,22,[5 8],21,-1,68,-1,46
1,<environment.Job instance at 0x7f09c52f2e10>,23,20,[3 9],24,-1,80,-1,60
1,<environment.Job instance at 0x7f09c586c4b0>,26,13,[10  2],27,-1,73,-1,60
1,<environment.Job instance at 0x7f09c5fc90f0>,29,21,[3 7],30,-1,94,-1,73
1,<environment.Job instance at 0x7f09c48aa0a0>,30,13,[12  2],31,-1,86,-1,73
1,<environment.Job instance at 0x7f09c5514e60>,31,23,[6 1],32,-1,96,-1,73
1,<environment.Job instance at 0x7f09c5864910>,32,12,[5 9],33,-1,85,-1,73
1,<environment.Job instance at 0x7f09c5323690>,33,18,[4 6],34,-1,91,-1,73
1,<environment.Job instance at 0x7f09c5b28f00>,34,24,[4 5],35,-1,97,-1,73
1,<environment.Job instance at 0x7f09c5b28780>,35,13,[5 1],36,-1,86,-1,73
1,<environment.Job instance at 0x7f09c5b28230>,36,15,[10  2],37,-1,88,-1,73
1,<environment.Job instance at 0x7f09c5b28410>,37,13,[11  5],38,-1,86,-1,73
1,<environment.Job instance at 0x7f09c5656550>,38,12,[8 3],39,-1,86,-1,74
1,<environment.Job instance at 0x7f09c5656af0>,40,28,[12  2],41,-1,103,-1,75
1,<environment.Job instance at 0x7f09ceaec820>,41,16,[5 4],42,-1,91,-1,75
1,<environment.Job instance at 0x7f09c48d1050>,42,16,[5 9],43,-1,91,-1,75
1,<environment.Job instance at 0x7f09c48d1910>,43,3,[ 3 12],44,-1,78,-1,75
1,<environment.Job instance at 0x7f09c48d1a50>,44,18,[11  2],45,-1,93,-1,75
1,<environment.Job instance at 0x7f09c5bc9a00>,45,17,[14  2],46,-1,92,-1,75
1,<environment.Job instance at 0x7f09c5bc9050>,46,23,[3 7],47,-1,98,-1,75
1,<environment.Job instance at 0x7f09c5bc9780>,47,13,[6 1],48,-1,88,-1,75
1,<environment.Job instance at 0x7f09c5bc93c0>,48,15,[13  1],49,-1,90,-1,75
1,<environment.Job instance at 0x7f09c5bc9c30>,49,19,[11  4],50,-1,94,-1,75
1,<environment.Job instance at 0x7f09c581f910>,50,12,[7 4],51,-1,87,-1,75
1,<environment.Job instance at 0x7f09c5bc9410>,51,25,[3 9],52,-1,100,-1,75
1,<environment.Job instance at 0x7f09c581f550>,52,22,[6 5],53,-1,97,-1,75
1,<environment.Job instance at 0x7f09c573d3c0>,53,12,[2 9],54,-1,87,-1,75
1,<environment.Job instance at 0x7f09c573d640>,54,18,[5 1],55,-1,93,-1,75
1,<environment.Job instance at 0x7f09c573d2d0>,55,16,[ 1 12],56,-1,91,-1,75
1,<environment.Job instance at 0x7f09c573d280>,56,15,[2 9],57,-1,90,-1,75
1,<environment.Job instance at 0x7f09c573da00>,57,27,[7 4],58,-1,102,-1,75
1,<environment.Job instance at 0x7f09c573d7d0>,58,18,[1 9],59,-1,93,-1,75
1,<environment.Job instance at 0x7f09c573dc30>,59,14,[10  5],60,-1,89,-1,75
1,<environment.Job instance at 0x7f09c573d550>,60,21,[10  3],61,-1,96,-1,75
1,<environment.Job instance at 0x7f09c4bee550>,61,13,[ 2 13],62,-1,88,-1,75
1,<environment.Job instance at 0x7f09c4beebe0>,62,14,[4 9],63,-1,89,-1,75
1,<environment.Job instance at 0x7f09c471e910>,63,17,[9 1],64,-1,92,-1,75
1,<environment.Job instance at 0x7f09c471eaf0>,64,21,[2 5],65,-1,96,-1,75
1,<environment.Job instance at 0x7f09c4868410>,65,28,[1 7],66,-1,103,-1,75
1,<environment.Job instance at 0x7f09c4868cd0>,66,20,[5 4],67,-1,95,-1,75
1,<environment.Job instance at 0x7f09c4868af0>,67,20,[5 8],68,-1,95,-1,75
1,<environment.Job instance at 0x7f09c4868910>,68,22,[7 5],69,-1,97,-1,75
1,<environment.Job instance at 0x7f09c4868780>,69,25,[6 5],70,-1,100,-1,75
1,<environment.Job instance at 0x7f09c4868e10>,70,25,[4 7],71,-1,100,-1,75
1,<environment.Job instance at 0x7f09c5f2b9b0>,71,17,[ 5 11],72,-1,92,-1,75
1,<environment.Job instance at 0x7f09c5f2b500>,72,16,[ 4 12],73,-1,91,-1,75
1,<environment.Job instance at 0x7f09c5f2b050>,73,15,[12  5],74,-1,90,-1,75
1,<environment.Job instance at 0x7f09c5f2ba00>,74,22,[14  5],75,-1,97,-1,75
1,<environment.Job instance at 0x7f09c5f2bd20>,75,12,[9 3],76,-1,88,-1,76
1,<environment.Job instance at 0x7f09c5f2bb90>,76,26,[9 2],77,-1,103,-1,77
1,<environment.Job instance at 0x7f09c5f2bbe0>,77,21,[4 5],78,-1,99,-1,78
1,<environment.Job instance at 0x7f09c5e8dfa0>,78,12,[13  2],79,-1,91,-1,79
1,<environment.Job instance at 0x7f09c5e8d960>,79,18,[ 4 10],80,-1,98,-1,80
1,<environment.Job instance at 0x7f09c5db9b40>,80,12,[12  4],81,-1,93,-1,81
1,<environment.Job instance at 0x7f09c5db98c0>,81,13,[7 3],82,-1,95,-1,82
1,<environment.Job instance at 0x7f09c5db9730>,82,27,[8 5],83,-1,110,-1,83
1,<environment.Job instance at 0x7f09c5db9a00>,83,15,[12  4],84,-1,99,-1,84
1,<environment.Job instance at 0x7f09c5ccc410>,84,12,[3 8],85,-1,98,-1,86
1,<environment.Job instance at 0x7f09c5f2b820>,85,18,[ 1 13],86,-1,104,-1,86
1,<environment.Job instance at 0x7f09c5ccc4b0>,86,21,[5 8],87,-1,108,-1,87
1,<environment.Job instance at 0x7f09c5cccf00>,87,26,[5 4],88,-1,114,-1,88
1,<environment.Job instance at 0x7f09c5cccf50>,89,15,[13  3],90,-1,106,-1,91
1,<environment.Job instance at 0x7f09c56c3a00>,91,17,[1 7],92,-1,109,-1,92
1,<environment.Job instance at 0x7f09c56c3320>,92,15,[13  3],93,-1,108,-1,93
1,<environment.Job instance at 0x7f09c56c3be0>,93,20,[8 2],94,-1,114,-1,94
1,<environment.Job instance at 0x7f09c5f57fa0>,94,18,[12  4],95,-1,113,-1,95
1,<environment.Job instance at 0x7f09c5f57a50>,95,23,[9 5],96,-1,119,-1,96
1,<environment.Job instance at 0x7f09c5f570f0>,97,15,[ 3 11],98,-1,113,-1,98
1,<environment.Job instance at 0x7f09c56b0820>,98,13,[11  3],99,-1,112,-1,99
1,<environment.Job instance at 0x7f09c56b0b90>,99,13,[ 4 10],100,-1,113,-1,100
1,<environment.Job instance at 0x7f09ce698190>,100,15,[10  3],101,-1,119,-1,104
1,<environment.Job instance at 0x7f09c5cccaa0>,101,12,[1 9],102,-1,116,-1,104
1,<environment.Job instance at 0x7f09c4b2bfa0>,102,22,[3 5],103,-1,126,-1,104
1,<environment.Job instance at 0x7f09c4b2b6e0>,103,19,[3 9],104,-1,126,-1,107
1,<environment.Job instance at 0x7f09c557bcd0>,105,13,[ 3 12],106,-1,120,-1,107
1,<environment.Job instance at 0x7f09c591df50>,106,3,[5 1],107,-1,110,-1,107
1,<environment.Job instance at 0x7f09c57f6460>,108,25,[6 1],109,-1,134,-1,109
1,<environment.Job instance at 0x7f09c5a3b370>,109,20,[1 5],110,-1,130,-1,110
1,<environment.Job instance at 0x7f09c590e370>,110,3,[7 2],111,-1,114,-1,111
1,<environment.Job instance at 0x7f09ce5c30f0>,111,26,[13  1],112,-1,138,-1,112
1,<environment.Job instance at 0x7f09ce5c3f50>,112,23,[13  2],113,-1,136,-1,113
1,<environment.Job instance at 0x7f09c48a0f50>,114,21,[5 8],115,-1,143,-1,122
1,<environment.Job instance at 0x7f09c5a3b2d0>,115,19,[3 7],116,-1,142,-1,123
1,<environment.Job instance at 0x7f09c5ef73c0>,116,21,[ 3 13],117,-1,144,-1,123
1,<environment.Job instance at 0x7f09c48a06e0>,117,12,[10  2],118,-1,135,-1,123
1,<environment.Job instance at 0x7f09c5ef7c30>,118,15,[8 2],119,-1,138,-1,123
1,<environment.Job instance at 0x7f09c4dc9aa0>,119,18,[ 1 10],120,-1,141,-1,123
1,<environment.Job instance at 0x7f09c4dc9dc0>,120,16,[6 1],121,-1,139,-1,123
1,<environment.Job instance at 0x7f09c4dc9960>,121,3,[3 7],122,-1,126,-1,123
1,<environment.Job instance at 0x7f09c4d7a0a0>,122,13,[1 9],123,-1,136,-1,123
1,<environment.Job instance at 0x7f09c4d7a820>,124,18,[13  3],125,-1,143,-1,125
1,<environment.Job instance at 0x7f09c4d7a5f0>,125,18,[ 3 13],126,-1,144,-1,126
1,<environment.Job instance at 0x7f09c4d7a2d0>,126,14,[10  4],127,-1,144,-1,130
1,<environment.Job instance at 0x7f09c4d7acd0>,127,2,[2 8],128,-1,132,-1,130
1,<environment.Job instance at 0x7f09c48b63c0>,128,17,[ 2 10],129,-1,147,-1,130
1,<environment.Job instance at 0x7f09c48b60f0>,129,18,[2 9],130,-1,156,-1,138
1,<environment.Job instance at 0x7f09c48b6230>,130,12,[14  3],131,-1,150,-1,138
1,<environment.Job instance at 0x7f09c48b6a00>,131,13,[1 7],132,-1,151,-1,138
1,<environment.Job instance at 0x7f09c49b3820>,133,21,[ 5 13],134,-1,160,-1,139
1,<environment.Job instance at 0x7f09c590a690>,134,12,[5 8],135,-1,151,-1,139
1,<environment.Job instance at 0x7f09c49b3af0>,135,14,[6 1],136,-1,153,-1,139
1,<environment.Job instance at 0x7f09c49b30a0>,136,15,[ 2 10],137,-1,154,-1,139
1,<environment.Job instance at 0x7f09c4713b40>,137,26,[11  3],138,-1,165,-1,139
1,<environment.Job instance at 0x7f09ca085aa0>,138,28,[2 6],139,-1,167,-1,139
1,<environment.Job instance at 0x7f09c52fe320>,141,17,[10  2],142,-1,180,-1,163
1,<environment.Job instance at 0x7f09c52fed70>,143,16,[6 1],144,-1,179,-1,163
1,<environment.Job instance at 0x7f09c52fe960>,145,18,[13  1],146,-1,189,-1,171
1,<environment.Job instance at 0x7f09c5319230>,146,13,[1 6],147,-1,184,-1,171
1,<environment.Job instance at 0x7f09c5319e60>,147,12,[1 6],148,-1,183,-1,171
1,<environment.Job instance at 0x7f09c5319d20>,148,25,[2 8],149,-1,196,-1,171
1,<environment.Job instance at 0x7f09c5319280>,149,2,[ 4 10],150,-1,173,-1,171
1,<environment.Job instance at 0x7f09c5319af0>,150,15,[ 3 14],151,-1,186,-1,171
1,<environment.Job instance at 0x7f09c53194b0>,151,16,[6 1],152,-1,187,-1,171
1,<environment.Job instance at 0x7f09c53199b0>,152,13,[ 5 13],153,-1,184,-1,171
1,<environment.Job instance at 0x7f09c53190f0>,153,17,[ 5 12],154,-1,188,-1,171
1,<environment.Job instance at 0x7f09c5319550>,154,16,[ 3 10],155,-1,187,-1,171
1,<environment.Job instance at 0x7f09c54ef230>,158,12,[14  1],159,-1,202,-1,190
1,<environment.Job instance at 0x7f09c597ecd0>,28,18,[ 4 13],29,-1,3619,-1,3601
1,<environment.Job instance at 0x7f09c5cd6e60>,2,19,[ 4 13],3,-1,22,-1,3
1,<environment.Job instance at 0x7f09c5cd6b90>,3,1,[7 5],4,-1,5,-1,4
1,<environment.Job instance at 0x7f09c5cd6550>,4,19,[ 4 14],5,-1,24,-1,5
1,<environment.Job instance at 0x7f09c5cd6c80>,6,24,[14  1],7,-1,31,-1,7
1,<environment.Job instance at 0x7f09c5cd6910>,7,25,[10  3],8,-1,33,-1,8
1,<environment.Job instance at 0x7f09c5cd6500>,8,27,[7 2],9,-1,36,-1,9
1,<environment.Job instance at 0x7f09c5bb36e0>,18,28,[5 5],19,-1,80,-1,52
1,<environment.Job instance at 0x7f09c5bb3cd0>,19,3,[7 1],20,-1,55,-1,52
1,<environment.Job instance at 0x7f09c5bb3320>,20,13,[12  1],21,-1,65,-1,52
1,<environment.Job instance at 0x7f09c5bb33c0>,21,21,[13  4],22,-1,73,-1,52
1,<environment.Job instance at 0x7f09c5bb31e0>,25,16,[ 1 14],26,-1,89,-1,73
1,<environment.Job instance at 0x7f09c5a1b460>,27,26,[ 1 10],28,-1,112,-1,86
1,<environment.Job instance at 0x7f09c5a1b640>,31,3,[5 2],32,-1,104,-1,101
1,<environment.Job instance at 0x7f09c5a1bc30>,32,1,[10  1],33,-1,102,-1,101
1,<environment.Job instance at 0x7f09c5a1bfa0>,34,1,[ 3 14],35,-1,114,-1,113
1,<environment.Job instance at 0x7f09c5a1b0f0>,35,23,[ 1 12],36,-1,136,-1,113
1,<environment.Job instance at 0x7f09c5a1ba50>,36,13,[ 3 10],37,-1,126,-1,113
1,<environment.Job instance at 0x7f09c5a1b5f0>,37,28,[ 1 13],38,-1,141,-1,113
1,<environment.Job instance at 0x7f09c5a1bb40>,40,26,[ 4 13],41,-1,145,-1,119
1,<environment.Job instance at 0x7f09c5a1b730>,41,24,[5 3],42,-1,143,-1,119
1,<environment.Job instance at 0x7f09c5a1b690>,42,24,[6 2],43,-1,143,-1,119
1,<environment.Job instance at 0x7f09c543bcd0>,45,18,[ 4 10],46,-1,150,-1,132
1,<environment.Job instance at 0x7f09c5868690>,47,14,[ 1 13],48,-1,163,-1,149
1,<environment.Job instance at 0x7f09c5868460>,48,15,[ 3 14],49,-1,164,-1,149
1,<environment.Job instance at 0x7f09c5868eb0>,50,1,[6 4],51,-1,164,-1,163
1,<environment.Job instance at 0x7f09c587a050>,54,26,[4 5],55,-1,212,-1,186
1,<environment.Job instance at 0x7f09c587a370>,58,16,[11  3],59,-1,214,-1,198
1,<environment.Job instance at 0x7f09ce97f2d0>,59,22,[13  2],60,-1,220,-1,198
1,<environment.Job instance at 0x7f09ce97fdc0>,60,15,[ 2 11],61,-1,213,-1,198
1,<environment.Job instance at 0x7f09c53a3c80>,61,27,[9 3],62,-1,225,-1,198
1,<environment.Job instance at 0x7f09c53a3730>,62,17,[ 1 12],63,-1,215,-1,198
1,<environment.Job instance at 0x7f09c599eb90>,66,18,[12  4],67,-1,245,-1,227
1,<environment.Job instance at 0x7f09c599e500>,69,26,[1 8],70,-1,265,-1,239
1,<environment.Job instance at 0x7f09c599ed20>,70,24,[5 6],71,-1,263,-1,239
1,<environment.Job instance at 0x7f09c5963870>,73,26,[8 5],74,-1,278,-1,252
1,<environment.Job instance at 0x7f09c53965a0>,74,21,[12  3],75,-1,273,-1,252
1,<environment.Job instance at 0x7f09c5316eb0>,75,3,[10  4],76,-1,256,-1,253
1,<environment.Job instance at 0x7f09c4e7ab90>,76,26,[ 2 10],77,-1,279,-1,253
1,<environment.Job instance at 0x7f09c5ddceb0>,77,1,[4 7],78,-1,254,-1,253
1,<environment.Job instance at 0x7f09c4de6d20>,78,12,[ 5 13],79,-1,265,-1,253
1,<environment.Job instance at 0x7f09c46e9fa0>,79,17,[12  3],80,-1,270,-1,253
1,<environment.Job instance at 0x7f09c48799b0>,80,2,[5 7],81,-1,255,-1,253
1,<environment.Job instance at 0x7f09c5ee9140>,81,28,[8 3],82,-1,281,-1,253
1,<environment.Job instance at 0x7f09c4d37f50>,82,26,[11  4],83,-1,279,-1,253
1,<environment.Job instance at 0x7f09c4e8ea00>,83,2,[ 3 14],84,-1,255,-1,253
1,<environment.Job instance at 0x7f09ce698280>,84,12,[ 5 14],85,-1,265,-1,253
1,<environment.Job instance at 0x7f09cebb08c0>,85,27,[ 1 10],86,-1,280,-1,253
1,<environment.Job instance at 0x7f09c593c5f0>,86,13,[11  4],87,-1,266,-1,253
1,<environment.Job instance at 0x7f09c593cdc0>,89,28,[ 4 14],90,-1,296,-1,268
1,<environment.Job instance at 0x7f09c54e15a0>,94,19,[12  1],95,-1,322,-1,303
1,<environment.Job instance at 0x7f09c52f7d70>,97,1,[3 8],98,-1,319,-1,318
1,<environment.Job instance at 0x7f09c52f70a0>,100,28,[6 2],101,-1,361,-1,333
1,<environment.Job instance at 0x7f09c52f7e10>,102,23,[8 2],103,-1,369,-1,346
1,<environment.Job instance at 0x7f09c5665640>,104,12,[14  3],105,-1,358,-1,346
1,<environment.Job instance at 0x7f09c5665f00>,105,18,[11  4],106,-1,373,-1,355
1,<environment.Job instance at 0x7f09c5665410>,106,16,[11  3],107,-1,371,-1,355
1,<environment.Job instance at 0x7f09c5665370>,110,25,[ 2 13],111,-1,417,-1,392
1,<environment.Job instance at 0x7f09c5665c30>,111,26,[ 5 11],112,-1,418,-1,392
1,<environment.Job instance at 0x7f09c5665dc0>,113,17,[13  3],114,-1,409,-1,392
1,<environment.Job instance at 0x7f09c5665690>,114,28,[5 2],115,-1,420,-1,392
1,<environment.Job instance at 0x7f09c5db99b0>,115,19,[ 3 10],116,-1,411,-1,392
1,<environment.Job instance at 0x7f09c576c500>,116,24,[ 4 14],117,-1,416,-1,392
1,<environment.Job instance at 0x7f09cebc00f0>,117,3,[12  2],118,-1,395,-1,392
1,<environment.Job instance at 0x7f09c5db9640>,118,22,[ 1 11],119,-1,414,-1,392
1,<environment.Job instance at 0x7f09ce5dab90>,121,13,[14  4],122,-1,417,-1,404
1,<environment.Job instance at 0x7f09ce5daa00>,123,28,[ 3 14],124,-1,432,-1,404
1,<environment.Job instance at 0x7f09ce5daeb0>,124,14,[ 1 14],125,-1,418,-1,404
1,<environment.Job instance at 0x7f09ce5da7d0>,125,12,[ 2 13],126,-1,416,-1,404
1,<environment.Job instance at 0x7f09ce5dac80>,126,27,[9 4],127,-1,431,-1,404
1,<environment.Job instance at 0x7f09c597e5a0>,127,20,[14  4],128,-1,424,-1,404
1,<environment.Job instance at 0x7f09c597eb40>,128,2,[7 1],129,-1,406,-1,404
1,<environment.Job instance at 0x7f09c597ec30>,130,1,[13  4],131,-1,426,-1,425
1,<environment.Job instance at 0x7f09c597ea00>,132,2,[ 5 11],133,-1,427,-1,425
1,<environment.Job instance at 0x7f09c597e1e0>,133,25,[9 4],134,-1,450,-1,425
1,<environment.Job instance at 0x7f09c5bba4b0>,136,26,[6 3],137,-1,467,-1,441
1,<environment.Job instance at 0x7f09ca08ee10>,139,27,[5 7],140,-1,481,-1,454
1,<environment.Job instance at 0x7f09ca08eeb0>,140,18,[ 2 11],141,-1,472,-1,454
1,<environment.Job instance at 0x7f09ca08e9b0>,142,1,[ 5 12],143,-1,472,-1,471
1,<environment.Job instance at 0x7f09ca08e550>,143,27,[ 2 10],144,-1,498,-1,471
1,<environment.Job instance at 0x7f09ca08eaa0>,144,22,[ 2 13],145,-1,493,-1,471
1,<environment.Job instance at 0x7f09ca08e280>,145,25,[1 7],146,-1,496,-1,471
1,<environment.Job instance at 0x7f09ca08eaf0>,146,18,[13  1],147,-1,489,-1,471
1,<environment.Job instance at 0x7f09c4f3e0f0>,148,1,[10  2],149,-1,472,-1,471
1,<environment.Job instance at 0x7f09c4f33c80>,149,25,[ 5 10],150,-1,496,-1,471
1,<environment.Job instance at 0x7f09c5173aa0>,151,2,[5 9],152,-1,475,-1,473
1,<environment.Job instance at 0x7f09c483a6e0>,153,24,[7 4],154,-1,512,-1,488
1,<environment.Job instance at 0x7f09c483a960>,154,18,[ 1 11],155,-1,506,-1,488
1,<environment.Job instance at 0x7f09c59a3fa0>,157,1,[ 3 10],158,-1,500,-1,499
1,<environment.Job instance at 0x7f09c5cd69b0>,2,13,[ 2 13],3,-1,16,-1,3
1,<environment.Job instance at 0x7f09c5a1b0a0>,3,17,[ 1 13],4,-1,21,-1,4
1,<environment.Job instance at 0x7f09c576cd20>,7,25,[10  2],8,-1,33,-1,8
1,<environment.Job instance at 0x7f09c5468370>,12,24,[9 4],13,-1,38,-1,14
1,<environment.Job instance at 0x7f09c5781d20>,14,15,[ 2 12],15,-1,41,-1,26
1,<environment.Job instance at 0x7f09c5468d20>,15,28,[14  4],16,-1,54,-1,26
1,<environment.Job instance at 0x7f09c5468d70>,16,18,[13  4],17,-1,44,-1,26
1,<environment.Job instance at 0x7f09c54688c0>,17,15,[14  1],18,-1,41,-1,26
1,<environment.Job instance at 0x7f09c80445a0>,18,17,[ 3 11],19,-1,43,-1,26
1,<environment.Job instance at 0x7f09ce5c57d0>,19,26,[13  3],20,-1,52,-1,26
1,<environment.Job instance at 0x7f09c557b5f0>,20,2,[7 2],21,-1,28,-1,26
1,<environment.Job instance at 0x7f09c5391730>,21,2,[4 5],22,-1,28,-1,26
1,<environment.Job instance at 0x7f09c4793500>,23,13,[ 5 11],24,-1,53,-1,40
1,<environment.Job instance at 0x7f09c5070190>,24,3,[11  2],25,-1,43,-1,40
1,<environment.Job instance at 0x7f09c5e70e10>,26,14,[12  5],27,-1,54,-1,40
1,<environment.Job instance at 0x7f09c50701e0>,27,25,[6 2],28,-1,65,-1,40
1,<environment.Job instance at 0x7f09c50709b0>,28,3,[1 8],29,-1,43,-1,40
1,<environment.Job instance at 0x7f09c4d00280>,29,3,[10  1],30,-1,43,-1,40
1,<environment.Job instance at 0x7f09c4d00fa0>,31,25,[ 3 12],32,-1,65,-1,40
1,<environment.Job instance at 0x7f09c53e8280>,36,2,[5 8],37,-1,79,-1,77
1,<environment.Job instance at 0x7f09c803cd70>,38,1,[2 7],39,-1,78,-1,77
1,<environment.Job instance at 0x7f09c4d8e500>,40,28,[14  2],41,-1,114,-1,86
1,<environment.Job instance at 0x7f09c4d8e0f0>,41,28,[6 2],42,-1,114,-1,86
1,<environment.Job instance at 0x7f09c5730410>,42,24,[5 4],43,-1,110,-1,86
1,<environment.Job instance at 0x7f09c49bbd70>,44,15,[ 4 14],45,-1,109,-1,94
1,<environment.Job instance at 0x7f09c49bbf00>,45,17,[12  1],46,-1,111,-1,94
1,<environment.Job instance at 0x7f09c53233c0>,47,14,[ 4 14],48,-1,121,-1,107
1,<environment.Job instance at 0x7f09c5323af0>,48,22,[10  1],49,-1,288,-1,266
1,<environment.Job instance at 0x7f09c580c050>,69,28,[9 1],70,-1,294,-1,266
1,<environment.Job instance at 0x7f09c580c1e0>,71,14,[11  3],72,-1,285,-1,271
1,<environment.Job instance at 0x7f09c4ee9460>,73,28,[11  2],74,-1,307,-1,279
1,<environment.Job instance at 0x7f09c5b54e10>,79,15,[ 1 11],80,-1,349,-1,334
1,<environment.Job instance at 0x7f09c5b54190>,81,3,[5 5],82,-1,337,-1,334
1,<environment.Job instance at 0x7f09c5b54a00>,82,13,[10  1],83,-1,347,-1,334
1,<environment.Job instance at 0x7f09c5b54be0>,83,13,[ 4 11],84,-1,347,-1,334
1,<environment.Job instance at 0x7f09c5b54e60>,85,17,[ 5 14],86,-1,365,-1,348
1,<environment.Job instance at 0x7f09c5b54960>,87,12,[ 3 10],88,-1,360,-1,348
1,<environment.Job instance at 0x7f09c4b900a0>,89,14,[13  2],90,-1,372,-1,358
1,<environment.Job instance at 0x7f09c4b90d20>,90,26,[8 5],91,-1,384,-1,358
1,<environment.Job instance at 0x7f09c4b90500>,93,25,[8 2],94,-1,410,-1,385
1,<environment.Job instance at 0x7f09c4b90be0>,94,28,[10  4],95,-1,413,-1,385
1,<environment.Job instance at 0x7f09c4b90870>,96,21,[13  4],97,-1,407,-1,386
1,<environment.Job instance at 0x7f09c4b90410>,97,15,[ 3 11],98,-1,401,-1,386
1,<environment.Job instance at 0x7f09c4b90550>,98,23,[ 3 10],99,-1,409,-1,386
1,<environment.Job instance at 0x7f09c4b903c0>,100,3,[11  1],101,-1,391,-1,388
1,<environment.Job instance at 0x7f09c49dfb40>,101,23,[10  4],102,-1,411,-1,388
1,<environment.Job instance at 0x7f09c49dfdc0>,102,14,[ 1 11],103,-1,402,-1,388
1,<environment.Job instance at 0x7f09c49df050>,104,21,[ 3 13],105,-1,425,-1,404
1,<environment.Job instance at 0x7f09c49dfc30>,108,12,[11  4],109,-1,444,-1,432
1,<environment.Job instance at 0x7f09c49df3c0>,110,12,[10  3],111,-1,444,-1,432
1,<environment.Job instance at 0x7f09c49dfe10>,112,14,[14  5],113,-1,450,-1,436
1,<environment.Job instance at 0x7f09c49dfa00>,113,13,[ 4 11],114,-1,449,-1,436
1,<environment.Job instance at 0x7f09c49df4b0>,114,12,[11  4],115,-1,448,-1,436
1,<environment.Job instance at 0x7f09c49df0a0>,115,26,[ 5 13],116,-1,462,-1,436
1,<environment.Job instance at 0x7f09c49dfaa0>,117,18,[ 4 14],118,-1,465,-1,447
1,<environment.Job instance at 0x7f09c5b28b90>,119,17,[ 1 14],120,-1,469,-1,452
1,<environment.Job instance at 0x7f09c5b28e60>,121,24,[12  3],122,-1,488,-1,464
1,<environment.Job instance at 0x7f09c5b284b0>,122,12,[11  5],123,-1,477,-1,465
1,<environment.Job instance at 0x7f09c5b289b0>,123,16,[ 5 13],124,-1,481,-1,465
1,<environment.Job instance at 0x7f09c5b280a0>,124,18,[ 1 12],125,-1,483,-1,465
1,<environment.Job instance at 0x7f09c5b28b40>,125,26,[4 8],126,-1,491,-1,465
1,<environment.Job instance at 0x7f09c5b28d70>,126,2,[ 1 10],127,-1,467,-1,465
1,<environment.Job instance at 0x7f09c5b28780>,129,14,[ 1 12],130,-1,495,-1,481
1,<environment.Job instance at 0x7f09c5b28a00>,130,17,[13  3],131,-1,498,-1,481
1,<environment.Job instance at 0x7f09c5b28460>,131,12,[14  4],132,-1,493,-1,481
1,<environment.Job instance at 0x7f09c4b4c0f0>,134,24,[2 7],135,-1,521,-1,497
1,<environment.Job instance at 0x7f09c4b4cb90>,135,16,[13  3],136,-1,513,-1,497
1,<environment.Job instance at 0x7f09c4b64870>,137,2,[6 3],138,-1,500,-1,498
1,<environment.Job instance at 0x7f09c4b61780>,141,18,[14  5],142,-1,538,-1,520
1,<environment.Job instance at 0x7f09c4b61e10>,142,28,[8 5],143,-1,548,-1,520
1,<environment.Job instance at 0x7f09c4b61fa0>,143,16,[ 4 11],144,-1,536,-1,520
1,<environment.Job instance at 0x7f09c4b61410>,144,1,[6 3],145,-1,521,-1,520
1,<environment.Job instance at 0x7f09c4b61820>,147,18,[ 3 14],148,-1,550,-1,532
1,<environment.Job instance at 0x7f09c4b61aa0>,148,16,[12  1],149,-1,548,-1,532
1,<environment.Job instance at 0x7f09c4b61e60>,151,19,[ 2 12],152,-1,569,-1,550
1,<environment.Job instance at 0x7f09c5ba7190>,152,17,[ 2 12],153,-1,567,-1,550
1,<environment.Job instance at 0x7f09c4b50e60>,155,22,[5 1],156,-1,585,-1,563
1,<environment.Job instance at 0x7f09c4b500f0>,158,24,[2 9],159,-1,599,-1,575
1,<environment.Job instance at 0x7f09c51e9320>,4,18,[14  2],5,-1,23,-1,5
1,<environment.Job instance at 0x7f09c51e95f0>,5,19,[11  5],6,-1,25,-1,6
1,<environment.Job instance at 0x7f09c51e9af0>,12,2,[ 5 11],13,-1,36,-1,34
1,<environment.Job instance at 0x7f09c51e91e0>,13,16,[ 5 11],14,-1,50,-1,34
1,<environment.Job instance at 0x7f09c54d9af0>,16,28,[7 1],17,-1,78,-1,50
1,<environment.Job instance at 0x7f09c5f8f960>,19,13,[ 4 12],20,-1,80,-1,67
1,<environment.Job instance at 0x7f09c5f8faa0>,20,14,[12  2],21,-1,81,-1,67
1,<environment.Job instance at 0x7f09c5f8f230>,21,23,[1 8],22,-1,120,-1,97
1,<environment.Job instance at 0x7f09c51b30f0>,24,13,[ 5 13],25,-1,110,-1,97
1,<environment.Job instance at 0x7f09c51b3f50>,25,26,[3 8],26,-1,123,-1,97
1,<environment.Job instance at 0x7f09c51b3af0>,27,13,[ 1 14],28,-1,110,-1,97
1,<environment.Job instance at 0x7f09c51b3dc0>,29,23,[13  1],30,-1,120,-1,97
1,<environment.Job instance at 0x7f09c51b3370>,31,13,[ 3 13],32,-1,122,-1,109
1,<environment.Job instance at 0x7f09c51b3910>,32,15,[11  2],33,-1,124,-1,109
1,<environment.Job instance at 0x7f09c51b3e60>,33,23,[ 1 10],34,-1,132,-1,109
1,<environment.Job instance at 0x7f09c51d6730>,34,28,[ 1 14],35,-1,137,-1,109
1,<environment.Job instance at 0x7f09c51d6910>,37,2,[4 8],38,-1,123,-1,121
1,<environment.Job instance at 0x7f09c51d60f0>,38,24,[4 6],39,-1,145,-1,121
1,<environment.Job instance at 0x7f09c4b6d1e0>,40,21,[ 4 13],41,-1,155,-1,134
1,<environment.Job instance at 0x7f09c51b3780>,43,2,[12  2],44,-1,149,-1,147
1,<environment.Job instance at 0x7f09c51b3690>,44,26,[ 4 11],45,-1,173,-1,147
1,<environment.Job instance at 0x7f09c4b822d0>,45,24,[ 1 14],46,-1,171,-1,147
1,<environment.Job instance at 0x7f09c5589be0>,52,16,[10  1],53,-1,267,-1,251
1,<environment.Job instance at 0x7f09c5598690>,58,21,[ 4 10],59,-1,283,-1,262
1,<environment.Job instance at 0x7f09c5f8fd20>,61,17,[14  1],62,-1,279,-1,262
1,<environment.Job instance at 0x7f09c557f7d0>,74,13,[11  3],75,-1,396,-1,383
1,<environment.Job instance at 0x7f09c5596550>,80,28,[3 7],81,-1,453,-1,425
1,<environment.Job instance at 0x7f09c5596050>,82,3,[ 4 12],83,-1,441,-1,438
1,<environment.Job instance at 0x7f09c55962d0>,83,28,[5 8],84,-1,466,-1,438
1,<environment.Job instance at 0x7f09c55964b0>,84,18,[12  4],85,-1,456,-1,438
1,<environment.Job instance at 0x7f09c5596870>,86,17,[ 5 11],87,-1,469,-1,452
1,<environment.Job instance at 0x7f09c559c7d0>,91,15,[14  3],92,-1,517,-1,502
1,<environment.Job instance at 0x7f09c559ca00>,92,27,[9 3],93,-1,529,-1,502
1,<environment.Job instance at 0x7f09c51e36e0>,94,27,[10  5],95,-1,529,-1,502
1,<environment.Job instance at 0x7f09c4c578c0>,99,15,[ 2 11],100,-1,545,-1,530
1,<environment.Job instance at 0x7f09c4c579b0>,100,17,[11  5],101,-1,547,-1,530
1,<environment.Job instance at 0x7f09c4c57370>,101,2,[ 2 12],102,-1,532,-1,530
1,<environment.Job instance at 0x7f09c55b6730>,107,25,[ 3 10],108,-1,606,-1,581
1,<environment.Job instance at 0x7f09c55b6690>,108,2,[14  5],109,-1,583,-1,581
1,<environment.Job instance at 0x7f09c55b6910>,109,2,[6 3],110,-1,583,-1,581
1,<environment.Job instance at 0x7f09c55b69b0>,110,14,[12  2],111,-1,595,-1,581
1,<environment.Job instance at 0x7f09c55b64b0>,112,3,[11  5],113,-1,595,-1,592
1,<environment.Job instance at 0x7f09c55b60a0>,113,27,[5 5],114,-1,619,-1,592
1,<environment.Job instance at 0x7f09c55b6b90>,114,27,[2 5],115,-1,619,-1,592
1,<environment.Job instance at 0x7f09c5585fa0>,116,28,[ 5 11],117,-1,622,-1,594
1,<environment.Job instance at 0x7f09c5585e60>,118,28,[6 5],119,-1,634,-1,606
1,<environment.Job instance at 0x7f09c5585c30>,119,27,[4 9],120,-1,633,-1,606
1,<environment.Job instance at 0x7f09c5585780>,120,1,[4 8],121,-1,607,-1,606
1,<environment.Job instance at 0x7f09c55851e0>,121,25,[6 2],122,-1,631,-1,606
1,<environment.Job instance at 0x7f09c5585320>,122,17,[ 4 13],123,-1,623,-1,606
1,<environment.Job instance at 0x7f09c5585500>,123,28,[ 1 11],124,-1,634,-1,606
1,<environment.Job instance at 0x7f09c5955500>,127,16,[ 3 11],128,-1,641,-1,625
1,<environment.Job instance at 0x7f09c55a7f50>,130,21,[9 1],131,-1,804,-1,783
1,<environment.Job instance at 0x7f09c55abd70>,143,2,[5 6],144,-1,785,-1,783
1,<environment.Job instance at 0x7f09c5410aa0>,144,12,[ 3 10],145,-1,795,-1,783
1,<environment.Job instance at 0x7f09c4b0b910>,145,2,[8 4],146,-1,785,-1,783
1,<environment.Job instance at 0x7f09c4e6b690>,146,12,[11  3],147,-1,795,-1,783
1,<environment.Job instance at 0x7f09c4b83dc0>,150,13,[13  2],151,-1,808,-1,795
1,<environment.Job instance at 0x7f09c4af3690>,157,12,[9 3],158,-1,862,-1,850
1,<environment.Job instance at 0x7f09c4af3e60>,158,28,[ 4 10],159,-1,878,-1,850
1,<environment.Job instance at 0x7f09c4c3ad20>,1,27,[6 5],2,-1,29,-1,2
1,<environment.Job instance at 0x7f09c4b927d0>,2,28,[13  5],3,-1,31,-1,3
1,<environment.Job instance at 0x7f09c4c3a230>,4,27,[6 2],5,-1,32,-1,5
1,<environment.Job instance at 0x7f09c4c3adc0>,7,14,[13  5],8,-1,22,-1,8
1,<environment.Job instance at 0x7f09c4c43fa0>,18,23,[ 2 14],19,-1,79,-1,56
1,<environment.Job instance at 0x7f09c4c43460>,21,28,[5 8],22,-1,96,-1,68
1,<environment.Job instance at 0x7f09c4c4a140>,23,13,[13  1],24,-1,85,-1,72
1,<environment.Job instance at 0x7f09c4c4ac30>,24,14,[ 4 10],25,-1,86,-1,72
1,<environment.Job instance at 0x7f09c4c4a280>,28,21,[8 1],29,-1,117,-1,96
1,<environment.Job instance at 0x7f09c4c4a780>,29,24,[1 6],30,-1,120,-1,96
1,<environment.Job instance at 0x7f09c4c4a820>,34,1,[7 2],35,-1,147,-1,146
1,<environment.Job instance at 0x7f09c4c4a9b0>,35,25,[9 5],36,-1,171,-1,146
1,<environment.Job instance at 0x7f09c4c4aaf0>,36,2,[ 1 13],37,-1,148,-1,146
1,<environment.Job instance at 0x7f09c4c4ad20>,37,28,[5 8],38,-1,174,-1,146
1,<environment.Job instance at 0x7f09c4b0f0a0>,38,15,[2 9],39,-1,178,-1,163
1,<environment.Job instance at 0x7f09c4b0fc80>,42,26,[10  5],43,-1,191,-1,165
1,<environment.Job instance at 0x7f09c4b0f050>,43,15,[ 1 13],44,-1,180,-1,165
1,<environment.Job instance at 0x7f09c4b0fd20>,46,15,[ 5 14],47,-1,189,-1,174
1,<environment.Job instance at 0x7f09c4b0fb90>,47,27,[8 4],48,-1,201,-1,174
1,<environment.Job instance at 0x7f09c5955050>,57,24,[5 9],58,-1,281,-1,257
1,<environment.Job instance at 0x7f09c5955cd0>,64,28,[ 5 10],65,-1,339,-1,311
1,<environment.Job instance at 0x7f09c5955960>,66,27,[5 6],67,-1,350,-1,323
1,<environment.Job instance at 0x7f09c5955f50>,58,15,[ 1 10],59,-1,358,-1,343
1,<environment.Job instance at 0x7f09c53ef410>,73,18,[ 5 14],74,-1,361,-1,343
1,<environment.Job instance at 0x7f09c53efb90>,74,18,[ 2 14],75,-1,361,-1,343
1,<environment.Job instance at 0x7f09c53efb40>,76,3,[11  2],77,-1,350,-1,347
1,<environment.Job instance at 0x7f09c53ef4b0>,78,1,[ 5 14],79,-1,361,-1,360
1,<environment.Job instance at 0x7f09c53ef640>,80,16,[ 2 13],81,-1,377,-1,361
1,<environment.Job instance at 0x7f09c53ef690>,81,27,[ 2 11],82,-1,388,-1,361
1,<environment.Job instance at 0x7f09c53efdc0>,82,19,[ 3 14],83,-1,380,-1,361
1,<environment.Job instance at 0x7f09c52bad20>,84,27,[6 4],85,-1,395,-1,368
1,<environment.Job instance at 0x7f09c52bac30>,86,26,[5 7],87,-1,407,-1,381
1,<environment.Job instance at 0x7f09c52ba5a0>,90,2,[10  2],91,-1,399,-1,397
1,<environment.Job instance at 0x7f09c52bad70>,91,16,[14  3],92,-1,413,-1,397
1,<environment.Job instance at 0x7f09c52baaf0>,92,23,[4 5],93,-1,421,-1,398
1,<environment.Job instance at 0x7f09c52babe0>,94,15,[11  2],95,-1,414,-1,399
1,<environment.Job instance at 0x7f09c52ba1e0>,95,27,[11  4],96,-1,426,-1,399
1,<environment.Job instance at 0x7f09c52ba410>,96,14,[3 9],97,-1,413,-1,399
1,<environment.Job instance at 0x7f09c52ba2d0>,97,20,[8 1],98,-1,419,-1,399
1,<environment.Job instance at 0x7f09c52baa50>,98,28,[5 3],99,-1,427,-1,399
1,<environment.Job instance at 0x7f09c52baa00>,99,3,[10  2],100,-1,402,-1,399
1,<environment.Job instance at 0x7f09c52baaa0>,101,19,[13  4],102,-1,435,-1,416
1,<environment.Job instance at 0x7f09c52e6410>,104,3,[2 9],105,-1,436,-1,433
1,<environment.Job instance at 0x7f09c52e6640>,105,12,[ 2 14],106,-1,445,-1,433
1,<environment.Job instance at 0x7f09c52e6af0>,106,25,[ 2 12],107,-1,458,-1,433
1,<environment.Job instance at 0x7f09c52e69b0>,107,22,[1 7],108,-1,455,-1,433
1,<environment.Job instance at 0x7f09c52e64b0>,113,14,[ 2 12],114,-1,474,-1,460
1,<environment.Job instance at 0x7f09c52e6230>,115,22,[1 7],116,-1,482,-1,460
1,<environment.Job instance at 0x7f09c52e6c30>,117,27,[5 2],118,-1,489,-1,462
1,<environment.Job instance at 0x7f09c52e6910>,118,21,[13  1],119,-1,483,-1,462
1,<environment.Job instance at 0x7f09c52e68c0>,119,13,[5 1],120,-1,475,-1,462
1,<environment.Job instance at 0x7f09c4b1b780>,128,17,[11  1],129,-1,539,-1,522
1,<environment.Job instance at 0x7f09c4b1b370>,129,23,[14  4],130,-1,545,-1,522
1,<environment.Job instance at 0x7f09c4b1b460>,130,16,[14  2],131,-1,538,-1,522
1,<environment.Job instance at 0x7f09c4b1be60>,132,24,[1 5],133,-1,550,-1,526
1,<environment.Job instance at 0x7f09c4b1b5f0>,134,13,[ 2 10],135,-1,549,-1,536
1,<environment.Job instance at 0x7f09c4b1b050>,135,1,[6 2],136,-1,537,-1,536
1,<environment.Job instance at 0x7f09c5e73d20>,137,28,[ 3 11],138,-1,578,-1,550
1,<environment.Job instance at 0x7f09c46e70a0>,140,12,[13  5],141,-1,575,-1,563
1,<environment.Job instance at 0x7f09c5589cd0>,142,21,[ 3 14],143,-1,589,-1,568
1,<environment.Job instance at 0x7f09c5589e60>,145,28,[9 5],146,-1,628,-1,600
1,<environment.Job instance at 0x7f09c5421c80>,146,25,[8 1],147,-1,625,-1,600
1,<environment.Job instance at 0x7f09c5808730>,147,20,[ 5 11],148,-1,620,-1,600
1,<environment.Job instance at 0x7f09c585e640>,151,16,[11  2],152,-1,636,-1,620
1,<environment.Job instance at 0x7f09c5fa43c0>,153,12,[ 5 10],154,-1,643,-1,631
1,<environment.Job instance at 0x7f09c5fa4960>,154,24,[ 4 10],155,-1,655,-1,631
1,<environment.Job instance at 0x7f09c49724b0>,155,1,[11  2],156,-1,632,-1,631
1,<environment.Job instance at 0x7f09c559cdc0>,158,23,[7 5],159,-1,662,-1,639
1,<environment.Job instance at 0x7f09c4c435f0>,16,24,[10  4],17,-1,801,-1,777
1,<environment.Job instance at 0x7f09c4ec1460>,1,2,[5 9],2,-1,4,-1,2
1,<environment.Job instance at 0x7f09c55335a0>,6,22,[ 4 10],7,-1,29,-1,7
1,<environment.Job instance at 0x7f09c55334b0>,10,26,[3 5],11,-1,37,-1,11
1,<environment.Job instance at 0x7f09c5533230>,11,13,[ 1 11],12,-1,25,-1,12
1,<environment.Job instance at 0x7f09c5533f50>,16,26,[2 9],17,-1,47,-1,21
1,<environment.Job instance at 0x7f09c5533730>,17,28,[13  1],18,-1,49,-1,21
1,<environment.Job instance at 0x7f09c5533d70>,18,15,[ 3 11],19,-1,36,-1,21
1,<environment.Job instance at 0x7f09c4c01f50>,20,14,[ 4 10],21,-1,37,-1,23
1,<environment.Job instance at 0x7f09c4c01460>,25,14,[12  2],26,-1,67,-1,53
1,<environment.Job instance at 0x7f09c4c01140>,26,22,[13  4],27,-1,75,-1,53
1,<environment.Job instance at 0x7f09c582cd20>,28,14,[ 5 11],29,-1,67,-1,53
1,<environment.Job instance at 0x7f09c565b690>,33,28,[ 3 10],34,-1,112,-1,84
1,<environment.Job instance at 0x7f09c565bb40>,34,15,[13  1],35,-1,99,-1,84
1,<environment.Job instance at 0x7f09c5c9da50>,36,16,[11  4],37,-1,100,-1,84
1,<environment.Job instance at 0x7f09c5c9d820>,37,28,[13  4],38,-1,112,-1,84
1,<environment.Job instance at 0x7f09c5c9d230>,40,15,[ 4 11],41,-1,133,-1,118
1,<environment.Job instance at 0x7f09c5c9dfa0>,41,26,[9 5],42,-1,144,-1,118
1,<environment.Job instance at 0x7f09c541d410>,42,24,[9 4],43,-1,142,-1,118
1,<environment.Job instance at 0x7f09c541d9b0>,43,2,[2 8],44,-1,120,-1,118
1,<environment.Job instance at 0x7f09c541d1e0>,44,25,[ 2 12],45,-1,143,-1,118
1,<environment.Job instance at 0x7f09c541deb0>,46,16,[12  5],47,-1,134,-1,118
1,<environment.Job instance at 0x7f09c541da50>,47,25,[4 9],48,-1,143,-1,118
1,<environment.Job instance at 0x7f09c541d0a0>,48,28,[2 5],49,-1,146,-1,118
1,<environment.Job instance at 0x7f09c5fb1e60>,57,18,[14  4],58,-1,168,-1,150
1,<environment.Job instance at 0x7f09c5fb1550>,59,13,[ 2 13],60,-1,176,-1,163
1,<environment.Job instance at 0x7f09c5fb16e0>,60,25,[ 2 14],61,-1,188,-1,163
1,<environment.Job instance at 0x7f09c5fb11e0>,61,27,[4 5],62,-1,190,-1,163
1,<environment.Job instance at 0x7f09c4867550>,70,12,[11  5],71,-1,224,-1,212
1,<environment.Job instance at 0x7f09c5e27c80>,71,3,[9 5],72,-1,215,-1,212
1,<environment.Job instance at 0x7f09c5e27320>,72,3,[5 4],73,-1,215,-1,212
1,<environment.Job instance at 0x7f09c5c27910>,76,14,[ 3 14],77,-1,233,-1,219
1,<environment.Job instance at 0x7f09c5c27f50>,77,15,[ 2 12],78,-1,234,-1,219
1,<environment.Job instance at 0x7f09c5c27460>,79,16,[ 3 12],80,-1,242,-1,226
1,<environment.Job instance at 0x7f09c55cc140>,80,12,[12  3],81,-1,238,-1,226
1,<environment.Job instance at 0x7f09c55cc640>,83,28,[4 8],84,-1,268,-1,240
1,<environment.Job instance at 0x7f09c55d7c80>,84,3,[6 5],85,-1,244,-1,241
1,<environment.Job instance at 0x7f09ce933320>,90,24,[7 1],91,-1,294,-1,270
1,<environment.Job instance at 0x7f09ce933190>,92,13,[12  5],93,-1,296,-1,283
1,<environment.Job instance at 0x7f09ce9335f0>,95,25,[11  2],96,-1,323,-1,298
1,<environment.Job instance at 0x7f09ce933500>,100,24,[ 5 13],101,-1,347,-1,323
1,<environment.Job instance at 0x7f09c5826a50>,101,2,[7 1],102,-1,326,-1,324
1,<environment.Job instance at 0x7f09c5826aa0>,102,17,[ 3 11],103,-1,341,-1,324
1,<environment.Job instance at 0x7f09c58269b0>,104,24,[8 4],105,-1,358,-1,334
1,<environment.Job instance at 0x7f09c5826500>,106,1,[5 3],107,-1,354,-1,353
1,<environment.Job instance at 0x7f09c58267d0>,108,2,[9 2],109,-1,356,-1,354
1,<environment.Job instance at 0x7f09c5826f50>,110,25,[7 2],111,-1,379,-1,354
1,<environment.Job instance at 0x7f09c5826c80>,111,16,[ 5 11],112,-1,370,-1,354
1,<environment.Job instance at 0x7f09c58260f0>,112,22,[10  1],113,-1,400,-1,378
1,<environment.Job instance at 0x7f09c5826d70>,114,23,[13  4],115,-1,401,-1,378
1,<environment.Job instance at 0x7f09c58261e0>,115,17,[12  1],116,-1,395,-1,378
1,<environment.Job instance at 0x7f09c5826a00>,116,15,[ 3 10],117,-1,395,-1,380
1,<environment.Job instance at 0x7f09cebb5550>,120,15,[ 2 13],121,-1,399,-1,384
1,<environment.Job instance at 0x7f09cecdef50>,122,3,[ 2 10],123,-1,396,-1,393
1,<environment.Job instance at 0x7f09c4ba9fa0>,123,22,[8 4],124,-1,418,-1,396
1,<environment.Job instance at 0x7f09c4ba9050>,124,2,[3 8],125,-1,398,-1,396
1,<environment.Job instance at 0x7f09c5787dc0>,137,17,[ 2 13],138,-1,504,-1,487
1,<environment.Job instance at 0x7f09c5316280>,139,13,[14  4],140,-1,513,-1,500
1,<environment.Job instance at 0x7f09c54a76e0>,141,13,[12  4],142,-1,513,-1,500
1,<environment.Job instance at 0x7f09c4cc2fa0>,144,1,[ 3 14],145,-1,515,-1,514
1,<environment.Job instance at 0x7f09c581eb40>,145,23,[ 1 10],146,-1,537,-1,514
1,<environment.Job instance at 0x7f09c5754af0>,149,19,[ 1 10],150,-1,598,-1,579
1,<environment.Job instance at 0x7f09c4d965f0>,152,18,[ 5 14],153,-1,597,-1,579
1,<environment.Job instance at 0x7f09cebb00f0>,153,12,[ 2 13],154,-1,591,-1,579
1,<environment.Job instance at 0x7f09c4c8ae10>,154,12,[11  2],155,-1,591,-1,579
1,<environment.Job instance at 0x7f09c4d96b90>,155,27,[11  3],156,-1,606,-1,579
1,<environment.Job instance at 0x7f09c4c8ab40>,156,28,[ 3 13],157,-1,607,-1,579
1,<environment.Job instance at 0x7f09c5468cd0>,157,14,[ 4 11],158,-1,593,-1,579
1,<environment.Job instance at 0x7f5886e4bcd0>,4,24,[ 3 11],5,-1,29,-1,5
1,<environment.Job instance at 0x7f5886e4bf50>,8,24,[ 2 10],9,-1,33,-1,9
1,<environment.Job instance at 0x7f5886e4e460>,14,21,[ 3 11],15,-1,42,-1,21
1,<environment.Job instance at 0x7f5886e4e640>,17,18,[ 5 13],18,-1,50,-1,32
1,<environment.Job instance at 0x7f5886e4e820>,20,21,[13  5],21,-1,80,-1,59
1,<environment.Job instance at 0x7f5886e4e960>,22,3,[4 6],23,-1,62,-1,59
1,<environment.Job instance at 0x7f5886e4e320>,24,2,[ 3 12],25,-1,72,-1,70
1,<environment.Job instance at 0x7f5886e517d0>,41,3,[6 3],42,-1,176,-1,173
1,<environment.Job instance at 0x7f5886e51780>,42,13,[12  1],43,-1,186,-1,173
1,<environment.Job instance at 0x7f5886e51870>,43,21,[ 2 12],44,-1,194,-1,173
1,<environment.Job instance at 0x7f5886e519b0>,44,26,[8 4],45,-1,199,-1,173
1,<environment.Job instance at 0x7f5886e51910>,45,13,[11  3],46,-1,186,-1,173
1,<environment.Job instance at 0x7f5886e51a50>,46,2,[ 1 10],47,-1,175,-1,173
1,<environment.Job instance at 0x7f5886e51af0>,47,13,[ 3 12],48,-1,186,-1,173
1,<environment.Job instance at 0x7f5886e51cd0>,49,15,[ 2 10],50,-1,191,-1,176
1,<environment.Job instance at 0x7f5886e51e10>,51,13,[ 3 12],52,-1,190,-1,177
1,<environment.Job instance at 0x7f5886e51eb0>,52,3,[13  2],53,-1,180,-1,177
1,<environment.Job instance at 0x7f5886e51e60>,54,3,[1 7],55,-1,193,-1,190
1,<environment.Job instance at 0x7f5886e51fa0>,56,28,[10  1],57,-1,218,-1,190
1,<environment.Job instance at 0x7f5886e54640>,62,24,[ 3 10],63,-1,261,-1,237
1,<environment.Job instance at 0x7f5886e54a00>,68,25,[ 2 12],69,-1,300,-1,275
1,<environment.Job instance at 0x7f5886e54cd0>,73,27,[8 2],74,-1,337,-1,310
1,<environment.Job instance at 0x7f5886e57320>,82,2,[10  3],83,-1,370,-1,368
1,<environment.Job instance at 0x7f5886e573c0>,83,17,[ 4 14],84,-1,385,-1,368
1,<environment.Job instance at 0x7f5886e574b0>,84,21,[ 1 10],85,-1,389,-1,368
1,<environment.Job instance at 0x7f5886e57550>,85,18,[ 5 12],86,-1,386,-1,368
1,<environment.Job instance at 0x7f5886e575f0>,86,12,[ 3 14],87,-1,380,-1,368
1,<environment.Job instance at 0x7f5886e577d0>,88,3,[9 5],89,-1,378,-1,375
1,<environment.Job instance at 0x7f5886e57910>,89,18,[ 4 11],90,-1,393,-1,375
1,<environment.Job instance at 0x7f5886e57a50>,91,14,[12  2],92,-1,397,-1,383
1,<environment.Job instance at 0x7f5886e57af0>,92,3,[2 8],93,-1,386,-1,383
1,<environment.Job instance at 0x7f5886e57b90>,93,27,[12  1],94,-1,410,-1,383
1,<environment.Job instance at 0x7f5886e57cd0>,95,24,[2 5],96,-1,424,-1,400
1,<environment.Job instance at 0x7f5886e57fa0>,96,12,[ 4 14],97,-1,412,-1,400
1,<environment.Job instance at 0x7f5886e57dc0>,98,2,[10  4],99,-1,411,-1,409
1,<environment.Job instance at 0x7f5886e59230>,102,13,[ 5 12],103,-1,444,-1,431
1,<environment.Job instance at 0x7f5886e59870>,109,27,[5 8],110,-1,506,-1,479
1,<environment.Job instance at 0x7f5886e59a00>,111,13,[12  3],112,-1,492,-1,479
1,<environment.Job instance at 0x7f5886e59c80>,114,28,[7 4],115,-1,519,-1,491
1,<environment.Job instance at 0x7f5886e59dc0>,116,3,[1 6],117,-1,502,-1,499
1,<environment.Job instance at 0x7f5890476dc0>,120,18,[ 3 12],121,-1,546,-1,528
1,<environment.Job instance at 0x7f5886e41c30>,123,24,[5 6],124,-1,566,-1,542
1,<environment.Job instance at 0x7f5886e41280>,125,14,[14  1],126,-1,560,-1,546
1,<environment.Job instance at 0x7f5886f570f0>,144,17,[ 3 14],145,-1,720,-1,703
1,<environment.Job instance at 0x7f5886f66870>,151,24,[12  2],152,-1,768,-1,744
1,<environment.Job instance at 0x7f5886f66190>,152,26,[ 3 11],153,-1,770,-1,744
1,<environment.Job instance at 0x7f58867df6e0>,4,21,[9 1],5,-1,48,-1,27
1,<environment.Job instance at 0x7f58868ad640>,11,13,[ 4 10],12,-1,40,-1,27
1,<environment.Job instance at 0x7f58868ad5a0>,12,14,[4 7],13,-1,51,-1,37
1,<environment.Job instance at 0x7f58867e22d0>,13,23,[ 2 14],14,-1,60,-1,37
1,<environment.Job instance at 0x7f58868ad730>,14,12,[ 2 11],15,-1,49,-1,37
1,<environment.Job instance at 0x7f58868ad820>,15,19,[5 1],16,-1,56,-1,37
1,<environment.Job instance at 0x7f58868adf00>,17,22,[1 7],18,-1,67,-1,45
1,<environment.Job instance at 0x7f58868adfa0>,18,28,[4 7],19,-1,73,-1,45
1,<environment.Job instance at 0x7f58868ad960>,19,26,[3 6],20,-1,71,-1,45
1,<environment.Job instance at 0x7f58868ad8c0>,20,12,[11  1],21,-1,57,-1,45
1,<environment.Job instance at 0x7f58868adeb0>,21,12,[ 5 11],22,-1,57,-1,45
1,<environment.Job instance at 0x7f58868b5a00>,29,16,[ 3 10],30,-1,94,-1,78
1,<environment.Job instance at 0x7f58868b5a50>,30,23,[5 8],31,-1,101,-1,78
1,<environment.Job instance at 0x7f58868b5f00>,31,21,[ 4 11],32,-1,99,-1,78
1,<environment.Job instance at 0x7f58868b5b90>,32,13,[ 3 12],33,-1,91,-1,78
1,<environment.Job instance at 0x7f58868c0140>,34,28,[3 8],35,-1,114,-1,86
1,<environment.Job instance at 0x7f58868c0190>,35,24,[12  1],36,-1,110,-1,86
1,<environment.Job instance at 0x7f58868c0370>,36,14,[11  2],37,-1,100,-1,86
1,<environment.Job instance at 0x7f58868c0050>,37,27,[5 3],38,-1,113,-1,86
1,<environment.Job instance at 0x7f58868ba230>,39,17,[ 5 11],40,-1,120,-1,103
1,<environment.Job instance at 0x7f58868ba7d0>,41,27,[6 5],42,-1,139,-1,112
1,<environment.Job instance at 0x7f58868ba780>,42,18,[ 2 14],43,-1,130,-1,112
1,<environment.Job instance at 0x7f58868ba820>,43,2,[11  2],44,-1,114,-1,112
1,<environment.Job instance at 0x7f58868ba0a0>,44,18,[12  2],45,-1,130,-1,112
1,<environment.Job instance at 0x7f58868ba960>,46,17,[11  1],47,-1,129,-1,112
1,<environment.Job instance at 0x7f58868baa50>,47,13,[ 4 12],48,-1,125,-1,112
1,<environment.Job instance at 0x7f58868bac30>,48,17,[11  4],49,-1,129,-1,112
1,<environment.Job instance at 0x7f58868bab90>,49,13,[10  1],50,-1,125,-1,112
1,<environment.Job instance at 0x7f58868baaf0>,51,18,[ 1 10],52,-1,143,-1,125
1,<environment.Job instance at 0x7f58868baf00>,52,28,[7 4],53,-1,153,-1,125
1,<environment.Job instance at 0x7f5886a812d0>,54,28,[4 5],55,-1,166,-1,138
1,<environment.Job instance at 0x7f5886a81500>,55,23,[8 3],56,-1,161,-1,138
1,<environment.Job instance at 0x7f58868ba910>,57,22,[ 5 10],58,-1,161,-1,139
1,<environment.Job instance at 0x7f5886a15690>,60,21,[ 1 10],61,-1,177,-1,156
1,<environment.Job instance at 0x7f588691a140>,61,28,[13  2],62,-1,184,-1,156
1,<environment.Job instance at 0x7f5886a48e10>,62,13,[2 9],63,-1,204,-1,191
1,<environment.Job instance at 0x7f5886de1c30>,66,13,[ 5 13],67,-1,207,-1,194
1,<environment.Job instance at 0x7f5890489370>,74,28,[13  3],75,-1,299,-1,271
1,<environment.Job instance at 0x7f58866dc550>,78,24,[ 5 11],79,-1,323,-1,299
1,<environment.Job instance at 0x7f58864d24b0>,81,16,[ 2 13],82,-1,334,-1,318
1,<environment.Job instance at 0x7f588654c870>,83,15,[ 1 11],84,-1,340,-1,325
1,<environment.Job instance at 0x7f588648cc30>,85,13,[11  1],86,-1,356,-1,343
1,<environment.Job instance at 0x7f588645aaa0>,87,3,[8 3],88,-1,349,-1,346
1,<environment.Job instance at 0x7f58863e4780>,91,2,[5 1],92,-1,360,-1,358
1,<environment.Job instance at 0x7f58863e4820>,92,23,[1 7],93,-1,381,-1,358
1,<environment.Job instance at 0x7f58863f18c0>,93,12,[12  2],94,-1,370,-1,358
1,<environment.Job instance at 0x7f588660b820>,95,2,[14  3],96,-1,371,-1,369
1,<environment.Job instance at 0x7f5886433550>,96,19,[ 3 14],97,-1,388,-1,369
1,<environment.Job instance at 0x7f58863f16e0>,97,2,[14  5],98,-1,371,-1,369
1,<environment.Job instance at 0x7f588642daf0>,100,12,[12  4],101,-1,409,-1,397
1,<environment.Job instance at 0x7f58865899b0>,101,22,[6 1],102,-1,419,-1,397
1,<environment.Job instance at 0x7f58863fb780>,103,21,[5 1],104,-1,423,-1,402
1,<environment.Job instance at 0x7f58863fb1e0>,107,20,[3 7],108,-1,495,-1,475
1,<environment.Job instance at 0x7f5886499320>,113,13,[5 7],114,-1,488,-1,475
1,<environment.Job instance at 0x7f58863e0780>,114,2,[10  1],115,-1,477,-1,475
1,<environment.Job instance at 0x7f58863e05a0>,115,16,[6 2],116,-1,491,-1,475
1,<environment.Job instance at 0x7f58863e0230>,116,28,[14  3],117,-1,503,-1,475
1,<environment.Job instance at 0x7f58863e00a0>,117,24,[ 4 11],118,-1,499,-1,475
1,<environment.Job instance at 0x7f58863e0050>,118,3,[11  1],119,-1,478,-1,475
1,<environment.Job instance at 0x7f58863fe0f0>,119,16,[7 2],120,-1,491,-1,475
1,<environment.Job instance at 0x7f58863feaf0>,120,13,[9 1],121,-1,488,-1,475
1,<environment.Job instance at 0x7f58863fee10>,121,22,[ 1 10],122,-1,497,-1,475
1,<environment.Job instance at 0x7f58863fef50>,122,12,[2 7],123,-1,487,-1,475
1,<environment.Job instance at 0x7f58863fe730>,123,24,[2 7],124,-1,499,-1,475
1,<environment.Job instance at 0x7f58863fe370>,124,25,[5 5],125,-1,500,-1,475
1,<environment.Job instance at 0x7f58863feeb0>,125,18,[5 3],126,-1,493,-1,475
1,<environment.Job instance at 0x7f58863fe690>,126,18,[7 1],127,-1,493,-1,475
1,<environment.Job instance at 0x7f58863fefa0>,127,26,[7 1],128,-1,501,-1,475
1,<environment.Job instance at 0x7f58863fe550>,128,18,[12  1],129,-1,493,-1,475
1,<environment.Job instance at 0x7f58863fe7d0>,129,15,[ 1 13],130,-1,490,-1,475
1,<environment.Job instance at 0x7f58863fe4b0>,130,1,[11  3],131,-1,476,-1,475
1,<environment.Job instance at 0x7f58863fea50>,131,15,[4 8],132,-1,490,-1,475
1,<environment.Job instance at 0x7f58863f8280>,132,2,[8 1],133,-1,477,-1,475
1,<environment.Job instance at 0x7f58863f8500>,133,1,[10  2],134,-1,476,-1,475
1,<environment.Job instance at 0x7f58863f8410>,134,16,[ 2 11],135,-1,491,-1,475
1,<environment.Job instance at 0x7f58863f8370>,135,24,[8 2],136,-1,499,-1,475
1,<environment.Job instance at 0x7f58863f8dc0>,136,14,[5 3],137,-1,489,-1,475
1,<environment.Job instance at 0x7f58863f84b0>,137,14,[8 5],138,-1,489,-1,475
1,<environment.Job instance at 0x7f588658a690>,138,22,[9 3],139,-1,498,-1,476
1,<environment.Job instance at 0x7f58863f8d70>,139,16,[ 4 13],140,-1,492,-1,476
1,<environment.Job instance at 0x7f5886581a50>,140,26,[4 7],141,-1,502,-1,476
1,<environment.Job instance at 0x7f588647ffa0>,141,25,[10  5],142,-1,501,-1,476
1,<environment.Job instance at 0x7f588647fe10>,142,15,[12  4],143,-1,491,-1,476
1,<environment.Job instance at 0x7f5886586cd0>,143,13,[9 2],144,-1,489,-1,476
1,<environment.Job instance at 0x7f5886477910>,144,1,[10  3],145,-1,477,-1,476
1,<environment.Job instance at 0x7f5886477f50>,145,13,[7 1],146,-1,489,-1,476
1,<environment.Job instance at 0x7f5886477c80>,146,20,[ 3 11],147,-1,496,-1,476
1,<environment.Job instance at 0x7f5886477b90>,147,16,[8 3],148,-1,492,-1,476
1,<environment.Job instance at 0x7f5886477c30>,148,15,[2 8],149,-1,491,-1,476
1,<environment.Job instance at 0x7f58864770a0>,149,14,[2 9],150,-1,490,-1,476
1,<environment.Job instance at 0x7f5886477d20>,150,14,[7 1],151,-1,490,-1,476
1,<environment.Job instance at 0x7f58905b1f50>,151,25,[5 1],152,-1,501,-1,476
1,<environment.Job instance at 0x7f58905b1a50>,152,17,[4 8],153,-1,493,-1,476
1,<environment.Job instance at 0x7f5890462dc0>,154,18,[ 4 13],155,-1,494,-1,476
1,<environment.Job instance at 0x7f58905a87d0>,155,24,[9 3],156,-1,500,-1,476
1,<environment.Job instance at 0x7f58867830f0>,156,15,[13  4],157,-1,491,-1,476
1,<environment.Job instance at 0x7f588678a500>,157,14,[5 8],158,-1,491,-1,477
1,<environment.Job instance at 0x7f58904ba3c0>,158,24,[ 2 13],159,-1,501,-1,477
1,<environment.Job instance at 0x7f5886673eb0>,159,3,[ 2 14],160,-1,480,-1,477
1,<environment.Job instance at 0x7f58863ff370>,160,16,[ 5 13],161,-1,493,-1,477
1,<environment.Job instance at 0x7f58863ff230>,161,13,[1 7],162,-1,490,-1,477
1,<environment.Job instance at 0x7f58863ffb90>,162,22,[4 8],163,-1,499,-1,477
1,<environment.Job instance at 0x7f58863ff4b0>,163,13,[ 4 10],164,-1,490,-1,477
1,<environment.Job instance at 0x7f58863ff550>,164,16,[2 8],165,-1,493,-1,477
1,<environment.Job instance at 0x7f5886527050>,165,24,[6 1],166,-1,501,-1,477
1,<environment.Job instance at 0x7f58865275f0>,166,13,[2 5],167,-1,490,-1,477
1,<environment.Job instance at 0x7f588666a370>,167,18,[13  2],168,-1,495,-1,477
1,<environment.Job instance at 0x7f588666a780>,168,19,[ 5 13],169,-1,496,-1,477
1,<environment.Job instance at 0x7f5886823820>,8,27,[9 4],9,-1,925,-1,898
1,<environment.Job instance at 0x7f58863fbdc0>,109,20,[14  3],110,-1,3669,-1,3649
1,<environment.Job instance at 0x7f58863fbdc0>,4,15,[ 3 11],5,-1,20,-1,5
1,<environment.Job instance at 0x7f5886789a00>,7,12,[ 3 11],8,-1,20,-1,8
1,<environment.Job instance at 0x7f5886a625a0>,12,27,[4 6],13,-1,51,-1,24
1,<environment.Job instance at 0x7f5886a62190>,13,16,[ 2 11],14,-1,40,-1,24
1,<environment.Job instance at 0x7f5886a62b90>,16,12,[14  2],17,-1,47,-1,35
1,<environment.Job instance at 0x7f5886a62be0>,17,12,[ 2 11],18,-1,47,-1,35
1,<environment.Job instance at 0x7f5886a62f00>,19,15,[12  5],20,-1,53,-1,38
1,<environment.Job instance at 0x7f5886a628c0>,20,16,[ 3 12],21,-1,54,-1,38
1,<environment.Job instance at 0x7f5886a62a00>,21,16,[ 3 12],22,-1,54,-1,38
1,<environment.Job instance at 0x7f5886a62d20>,22,22,[1 6],23,-1,121,-1,99
1,<environment.Job instance at 0x7f5886a626e0>,26,3,[5 9],27,-1,102,-1,99
1,<environment.Job instance at 0x7f58867ec4b0>,31,12,[12  1],32,-1,116,-1,104
1,<environment.Job instance at 0x7f58867ec190>,32,1,[ 2 10],33,-1,105,-1,104
1,<environment.Job instance at 0x7f58867ec0f0>,36,24,[3 6],37,-1,162,-1,138
1,<environment.Job instance at 0x7f58867ec0a0>,38,26,[7 4],39,-1,168,-1,142
1,<environment.Job instance at 0x7f58867ec3c0>,40,27,[9 5],41,-1,175,-1,148
1,<environment.Job instance at 0x7f58867ecaa0>,42,3,[9 2],43,-1,159,-1,156
1,<environment.Job instance at 0x7f58867ec6e0>,44,3,[10  4],45,-1,168,-1,165
1,<environment.Job instance at 0x7f58867ecf00>,46,28,[ 3 14],47,-1,204,-1,176
1,<environment.Job instance at 0x7f58867eceb0>,47,20,[1 9],48,-1,317,-1,297
1,<environment.Job instance at 0x7f5886673b40>,58,28,[3 6],59,-1,325,-1,297
1,<environment.Job instance at 0x7f5886673050>,59,18,[1 6],60,-1,315,-1,297
1,<environment.Job instance at 0x7f5886673140>,61,17,[2 6],62,-1,314,-1,297
1,<environment.Job instance at 0x7f58866732d0>,62,16,[ 1 11],63,-1,313,-1,297
1,<environment.Job instance at 0x7f5886673370>,63,26,[12  3],64,-1,323,-1,297
1,<environment.Job instance at 0x7f5886673dc0>,64,12,[ 1 10],65,-1,309,-1,297
1,<environment.Job instance at 0x7f5886673910>,65,17,[ 4 13],66,-1,314,-1,297
1,<environment.Job instance at 0x7f58866738c0>,67,28,[1 9],68,-1,339,-1,311
1,<environment.Job instance at 0x7f5886673a50>,68,26,[7 3],69,-1,337,-1,311
1,<environment.Job instance at 0x7f5886673a00>,73,18,[14  3],74,-1,359,-1,341
1,<environment.Job instance at 0x7f58866e93c0>,78,25,[9 1],79,-1,391,-1,366
1,<environment.Job instance at 0x7f58866e9c80>,79,3,[3 5],80,-1,369,-1,366
1,<environment.Job instance at 0x7f58866e9460>,82,23,[2 8],83,-1,407,-1,384
1,<environment.Job instance at 0x7f58866e9af0>,83,16,[11  1],84,-1,400,-1,384
1,<environment.Job instance at 0x7f58866e9870>,84,2,[2 8],85,-1,386,-1,384
1,<environment.Job instance at 0x7f58866e9cd0>,85,14,[11  5],86,-1,398,-1,384
1,<environment.Job instance at 0x7f58866e95a0>,86,13,[ 1 11],87,-1,397,-1,384
1,<environment.Job instance at 0x7f58866e9370>,88,25,[6 1],89,-1,421,-1,396
1,<environment.Job instance at 0x7f58866e9960>,89,15,[ 3 12],90,-1,411,-1,396
1,<environment.Job instance at 0x7f58866e9f00>,90,18,[13  2],91,-1,414,-1,396
1,<environment.Job instance at 0x7f58866e9c30>,91,1,[5 7],92,-1,397,-1,396
1,<environment.Job instance at 0x7f58866e9be0>,92,12,[10  3],93,-1,408,-1,396
1,<environment.Job instance at 0x7f5886572e60>,93,28,[11  3],94,-1,424,-1,396
1,<environment.Job instance at 0x7f5886572870>,95,28,[ 4 10],96,-1,424,-1,396
1,<environment.Job instance at 0x7f58865728c0>,96,2,[5 3],97,-1,398,-1,396
1,<environment.Job instance at 0x7f5886572dc0>,100,14,[ 2 10],101,-1,430,-1,416
1,<environment.Job instance at 0x7f58865722d0>,101,16,[ 5 13],102,-1,432,-1,416
1,<environment.Job instance at 0x7f5886572b90>,103,24,[5 6],104,-1,449,-1,425
1,<environment.Job instance at 0x7f5886572230>,104,2,[3 5],105,-1,427,-1,425
1,<environment.Job instance at 0x7f5886581960>,106,14,[ 3 14],107,-1,442,-1,428
1,<environment.Job instance at 0x7f58865810f0>,107,24,[3 9],108,-1,452,-1,428
1,<environment.Job instance at 0x7f58865814b0>,110,12,[ 2 12],111,-1,472,-1,460
1,<environment.Job instance at 0x7f588652a7d0>,133,27,[ 5 13],134,-1,686,-1,659
1,<environment.Job instance at 0x7f588652c4b0>,134,13,[14  5],135,-1,672,-1,659
1,<environment.Job instance at 0x7f588644f690>,135,12,[ 4 13],136,-1,671,-1,659
1,<environment.Job instance at 0x7f5886433b90>,137,14,[ 3 12],138,-1,676,-1,662
1,<environment.Job instance at 0x7f5886527aa0>,138,23,[7 3],139,-1,685,-1,662
1,<environment.Job instance at 0x7f5886527c30>,139,27,[5 8],140,-1,689,-1,662
1,<environment.Job instance at 0x7f5886527780>,142,12,[ 4 10],143,-1,692,-1,680
1,<environment.Job instance at 0x7f5886527e10>,143,23,[10  3],144,-1,703,-1,680
1,<environment.Job instance at 0x7f5886527730>,144,24,[4 8],145,-1,704,-1,680
1,<environment.Job instance at 0x7f5886527690>,145,26,[14  5],146,-1,706,-1,680
1,<environment.Job instance at 0x7f5886527410>,146,1,[8 1],147,-1,681,-1,680
1,<environment.Job instance at 0x7f588644c0a0>,148,2,[7 2],149,-1,692,-1,690
1,<environment.Job instance at 0x7f588654cbe0>,149,1,[1 5],150,-1,691,-1,690
1,<environment.Job instance at 0x7f5886c68280>,150,1,[1 6],151,-1,691,-1,690
1,<environment.Job instance at 0x7f58864975a0>,152,28,[12  4],153,-1,724,-1,696
1,<environment.Job instance at 0x7f5887096cd0>,153,1,[11  1],154,-1,697,-1,696
1,<environment.Job instance at 0x7f58905a8a00>,156,2,[4 9],157,-1,712,-1,710
1,<environment.Job instance at 0x7f588646fdc0>,157,28,[7 5],158,-1,738,-1,710
1,<environment.Job instance at 0x7f5886c2b0f0>,163,24,[1 9],164,-1,780,-1,756
1,<environment.Job instance at 0x7f5886789960>,2,25,[5 7],3,-1,28,-1,3
1,<environment.Job instance at 0x7f58863ae8c0>,5,21,[ 5 13],6,-1,27,-1,6
1,<environment.Job instance at 0x7f58863aebe0>,10,23,[7 1],11,-1,41,-1,18
1,<environment.Job instance at 0x7f58863aed20>,12,2,[2 5],13,-1,36,-1,34
1,<environment.Job instance at 0x7f58863aee60>,14,12,[ 2 13],15,-1,50,-1,38
1,<environment.Job instance at 0x7f58863aef00>,15,1,[4 9],16,-1,39,-1,38
1,<environment.Job instance at 0x7f58863b0410>,22,25,[11  2],23,-1,117,-1,92
1,<environment.Job instance at 0x7f58863b04b0>,23,15,[ 3 12],24,-1,107,-1,92
1,<environment.Job instance at 0x7f58863b0780>,27,23,[9 5],28,-1,145,-1,122
1,<environment.Job instance at 0x7f58863b0820>,28,23,[8 1],29,-1,145,-1,122
1,<environment.Job instance at 0x7f58863b0960>,30,15,[ 5 14],31,-1,137,-1,122
1,<environment.Job instance at 0x7f58863b0aa0>,32,12,[ 5 13],33,-1,148,-1,136
1,<environment.Job instance at 0x7f58863b6280>,67,24,[10  2],68,-1,532,-1,508
1,<environment.Job instance at 0x7f58863b6320>,68,2,[ 4 13],69,-1,510,-1,508
1,<environment.Job instance at 0x7f58863a4820>,86,15,[13  4],87,-1,694,-1,679
1,<environment.Job instance at 0x7f58863a4230>,90,26,[14  4],91,-1,724,-1,698
1,<environment.Job instance at 0x7f5886b38e60>,93,18,[14  1],94,-1,740,-1,722
1,<environment.Job instance at 0x7f5886dc9960>,94,24,[9 2],95,-1,746,-1,722
1,<environment.Job instance at 0x7f58867abb40>,96,15,[ 5 11],97,-1,749,-1,734
1,<environment.Job instance at 0x7f58872aa190>,97,27,[2 7],98,-1,766,-1,739
1,<environment.Job instance at 0x7f588798e050>,99,18,[14  1],100,-1,757,-1,739
1,<environment.Job instance at 0x7f58867a8d70>,145,2,[ 5 13],146,-1,1095,-1,1093
1,<environment.Job instance at 0x7f5886b3eb90>,146,27,[4 6],147,-1,1120,-1,1093
1,<environment.Job instance at 0x7f5886b3e730>,147,1,[4 9],148,-1,1094,-1,1093
1,<environment.Job instance at 0x7f58867c58c0>,150,22,[ 3 12],151,-1,1118,-1,1096
1,<environment.Job instance at 0x7f5886faa960>,5,14,[ 1 14],6,-1,20,-1,6
1,<environment.Job instance at 0x7f5886faa780>,7,22,[12  2],8,-1,30,-1,8
1,<environment.Job instance at 0x7f5886faa8c0>,8,26,[ 2 10],9,-1,35,-1,9
1,<environment.Job instance at 0x7f5886faa370>,12,3,[1 9],13,-1,16,-1,13
1,<environment.Job instance at 0x7f5886faacd0>,13,24,[9 3],14,-1,38,-1,14
1,<environment.Job instance at 0x7f5886faad20>,14,23,[13  5],15,-1,38,-1,15
1,<environment.Job instance at 0x7f5886faa820>,15,22,[ 4 10],16,-1,38,-1,16
1,<environment.Job instance at 0x7f5886faad70>,16,20,[ 2 10],17,-1,37,-1,17
1,<environment.Job instance at 0x7f5886faa230>,17,2,[12  3],18,-1,20,-1,18
1,<environment.Job instance at 0x7f5886faa690>,18,25,[3 6],19,-1,44,-1,19
1,<environment.Job instance at 0x7f5886faa460>,19,1,[8 4],20,-1,21,-1,20
1,<environment.Job instance at 0x7f5886faa280>,20,13,[12  4],21,-1,34,-1,21
1,<environment.Job instance at 0x7f5886f93fa0>,21,27,[9 3],22,-1,49,-1,22
1,<environment.Job instance at 0x7f5886f93c80>,24,2,[ 2 13],25,-1,29,-1,27
1,<environment.Job instance at 0x7f5886f936e0>,25,26,[ 3 14],26,-1,53,-1,27
1,<environment.Job instance at 0x7f5886f93690>,26,15,[11  5],27,-1,42,-1,27
1,<environment.Job instance at 0x7f5886f93be0>,27,12,[1 7],28,-1,46,-1,34
1,<environment.Job instance at 0x7f5886f930a0>,29,25,[8 4],30,-1,59,-1,34
1,<environment.Job instance at 0x7f5886f93730>,32,18,[ 4 12],33,-1,56,-1,38
1,<environment.Job instance at 0x7f5886f932d0>,34,18,[2 5],35,-1,59,-1,41
1,<environment.Job instance at 0x7f5886f93e60>,35,3,[14  5],36,-1,44,-1,41
1,<environment.Job instance at 0x7f5886f93c30>,36,14,[1 7],37,-1,58,-1,44
1,<environment.Job instance at 0x7f5886f93550>,37,15,[ 1 10],38,-1,59,-1,44
1,<environment.Job instance at 0x7f5886f93a50>,38,1,[8 1],39,-1,45,-1,44
1,<environment.Job instance at 0x7f5886f66230>,41,2,[10  4],42,-1,53,-1,51
1,<environment.Job instance at 0x7f5886f66190>,42,26,[1 6],43,-1,77,-1,51
1,<environment.Job instance at 0x7f5886f66410>,43,23,[5 5],44,-1,74,-1,51
1,<environment.Job instance at 0x7f5886f66f00>,44,12,[12  2],45,-1,63,-1,51
1,<environment.Job instance at 0x7f5886f66dc0>,45,15,[14  2],46,-1,66,-1,51
1,<environment.Job instance at 0x7f5886f66640>,47,15,[1 7],48,-1,80,-1,65
1,<environment.Job instance at 0x7f5886f66e10>,49,12,[12  5],50,-1,85,-1,73
1,<environment.Job instance at 0x7f5886f66eb0>,50,12,[6 4],51,-1,85,-1,73
1,<environment.Job instance at 0x7f5886f66d20>,52,26,[10  5],53,-1,99,-1,73
1,<environment.Job instance at 0x7f5886f33af0>,53,27,[10  3],54,-1,100,-1,73
1,<environment.Job instance at 0x7f5886f33780>,54,15,[5 3],55,-1,88,-1,73
1,<environment.Job instance at 0x7f5886f335f0>,55,28,[1 7],56,-1,101,-1,73
1,<environment.Job instance at 0x7f5886f33870>,56,25,[6 4],57,-1,98,-1,73
1,<environment.Job instance at 0x7f5886f33190>,57,17,[ 2 10],58,-1,90,-1,73
1,<environment.Job instance at 0x7f5886f330a0>,59,12,[9 1],60,-1,93,-1,81
1,<environment.Job instance at 0x7f5886f33eb0>,60,26,[3 6],61,-1,107,-1,81
1,<environment.Job instance at 0x7f5886f336e0>,61,13,[4 7],62,-1,94,-1,81
1,<environment.Job instance at 0x7f5886f33370>,62,21,[ 1 12],63,-1,102,-1,81
1,<environment.Job instance at 0x7f5886f33910>,63,20,[3 8],64,-1,102,-1,82
1,<environment.Job instance at 0x7f5886f33f00>,64,13,[13  4],65,-1,95,-1,82
1,<environment.Job instance at 0x7f5886f33140>,65,24,[10  4],66,-1,106,-1,82
1,<environment.Job instance at 0x7f5886f334b0>,66,21,[4 7],67,-1,103,-1,82
1,<environment.Job instance at 0x7f5886f33410>,67,17,[ 2 11],68,-1,99,-1,82
1,<environment.Job instance at 0x7f5886f33e60>,68,15,[4 9],69,-1,97,-1,82
1,<environment.Job instance at 0x7f5886f33050>,69,1,[ 2 11],70,-1,83,-1,82
1,<environment.Job instance at 0x7f5886ee3d70>,70,25,[7 5],71,-1,107,-1,82
1,<environment.Job instance at 0x7f5886ee3a50>,71,21,[7 5],72,-1,105,-1,84
1,<environment.Job instance at 0x7f5886ee3a00>,72,13,[ 2 13],73,-1,97,-1,84
1,<environment.Job instance at 0x7f5886ee37d0>,73,14,[ 1 13],74,-1,98,-1,84
1,<environment.Job instance at 0x7f5886ee3c80>,74,23,[9 4],75,-1,107,-1,84
1,<environment.Job instance at 0x7f5886ee3140>,75,28,[8 5],76,-1,112,-1,84
1,<environment.Job instance at 0x7f5886ee3960>,76,12,[5 8],77,-1,96,-1,84
1,<environment.Job instance at 0x7f5886ee33c0>,77,23,[8 4],78,-1,107,-1,84
1,<environment.Job instance at 0x7f5886ee3910>,78,14,[3 8],79,-1,110,-1,96
1,<environment.Job instance at 0x7f5886eadcd0>,89,17,[1 8],90,-1,179,-1,162
1,<environment.Job instance at 0x7f5886f59640>,91,19,[ 4 11],92,-1,181,-1,162
1,<environment.Job instance at 0x7f5886f59730>,92,24,[9 5],93,-1,186,-1,162
1,<environment.Job instance at 0x7f5886f59820>,93,16,[7 2],94,-1,182,-1,166
1,<environment.Job instance at 0x7f5886f596e0>,94,16,[ 3 10],95,-1,182,-1,166
1,<environment.Job instance at 0x7f5886f59aa0>,96,3,[4 8],97,-1,169,-1,166
1,<environment.Job instance at 0x7f5886f59140>,98,2,[1 6],99,-1,177,-1,175
1,<environment.Job instance at 0x7f5886f59eb0>,99,14,[ 4 12],100,-1,189,-1,175
1,<environment.Job instance at 0x7f5886f59780>,100,12,[5 1],101,-1,187,-1,175
1,<environment.Job instance at 0x7f5886f598c0>,101,27,[ 2 11],102,-1,202,-1,175
1,<environment.Job instance at 0x7f5886f59370>,102,3,[2 6],103,-1,178,-1,175
1,<environment.Job instance at 0x7f5886f59b90>,103,19,[2 8],104,-1,199,-1,180
1,<environment.Job instance at 0x7f5886f59f00>,105,16,[12  1],106,-1,196,-1,180
1,<environment.Job instance at 0x7f5886f59550>,106,26,[9 2],107,-1,206,-1,180
1,<environment.Job instance at 0x7f5886f59050>,107,12,[ 5 10],108,-1,192,-1,180
1,<environment.Job instance at 0x7f5886f590a0>,108,20,[ 1 13],109,-1,200,-1,180
1,<environment.Job instance at 0x7f5887457820>,109,14,[5 1],110,-1,194,-1,180
1,<environment.Job instance at 0x7f58874573c0>,111,15,[10  3],112,-1,211,-1,196
1,<environment.Job instance at 0x7f58874579b0>,112,23,[ 3 10],113,-1,219,-1,196
1,<environment.Job instance at 0x7f5887457550>,114,25,[1 6],115,-1,221,-1,196
1,<environment.Job instance at 0x7f5887457730>,115,17,[8 1],116,-1,222,-1,205
1,<environment.Job instance at 0x7f5887457fa0>,116,24,[1 9],117,-1,229,-1,205
1,<environment.Job instance at 0x7f5887457f00>,119,14,[ 3 10],120,-1,219,-1,205
1,<environment.Job instance at 0x7f5887457d20>,120,1,[7 3],121,-1,206,-1,205
1,<environment.Job instance at 0x7f5887457280>,121,26,[13  1],122,-1,231,-1,205
1,<environment.Job instance at 0x7f5887151d20>,124,19,[ 5 13],125,-1,240,-1,221
1,<environment.Job instance at 0x7f5887151730>,125,14,[ 2 10],126,-1,235,-1,221
1,<environment.Job instance at 0x7f5887151aa0>,126,25,[3 9],127,-1,246,-1,221
1,<environment.Job instance at 0x7f58871518c0>,127,16,[ 3 10],128,-1,238,-1,222
1,<environment.Job instance at 0x7f58863a7eb0>,130,17,[ 3 10],131,-1,254,-1,237
1,<environment.Job instance at 0x7f5886552320>,131,13,[3 9],132,-1,250,-1,237
1,<environment.Job instance at 0x7f5886ed29b0>,132,13,[ 3 10],133,-1,250,-1,237
1,<environment.Job instance at 0x7f5886fbe410>,136,14,[1 9],137,-1,271,-1,257
1,<environment.Job instance at 0x7f5886ed4370>,137,13,[11  4],138,-1,270,-1,257
1,<environment.Job instance at 0x7f5886edd410>,139,16,[ 2 13],140,-1,280,-1,264
1,<environment.Job instance at 0x7f58870cd6e0>,140,1,[5 8],141,-1,265,-1,264
1,<environment.Job instance at 0x7f588718cdc0>,142,2,[9 3],143,-1,271,-1,269
1,<environment.Job instance at 0x7f5886f756e0>,145,23,[9 4],146,-1,307,-1,284
1,<environment.Job instance at 0x7f5886f759b0>,146,21,[8 2],147,-1,305,-1,284
1,<environment.Job instance at 0x7f5886f758c0>,147,21,[ 5 13],148,-1,305,-1,284
1,<environment.Job instance at 0x7f5886f75f00>,148,1,[10  1],149,-1,285,-1,284
1,<environment.Job instance at 0x7f5886f75960>,149,17,[11  2],150,-1,301,-1,284
1,<environment.Job instance at 0x7f5886f75aa0>,151,2,[5 9],152,-1,288,-1,286
1,<environment.Job instance at 0x7f5886f585a0>,152,28,[10  3],153,-1,314,-1,286
1,<environment.Job instance at 0x7f5886f58230>,153,28,[10  4],154,-1,314,-1,286
1,<environment.Job instance at 0x7f5886ecd730>,154,14,[5 1],155,-1,300,-1,286
1,<environment.Job instance at 0x7f5886ecd500>,155,25,[5 7],156,-1,311,-1,286
1,<environment.Job instance at 0x7f5886ecd050>,156,16,[13  3],157,-1,302,-1,286
1,<environment.Job instance at 0x7f5887151f00>,159,14,[9 1],160,-1,318,-1,304
1,<environment.Job instance at 0x7f58871519b0>,160,12,[7 1],161,-1,316,-1,304
1,<environment.Job instance at 0x7f5887151320>,162,28,[3 8],163,-1,348,-1,320
1,<environment.Job instance at 0x7f5886efb7d0>,163,18,[ 1 14],164,-1,338,-1,320
1,<environment.Job instance at 0x7f5886efb500>,166,16,[12  2],167,-1,352,-1,336
1,<environment.Job instance at 0x7f5886efb0a0>,167,12,[11  2],168,-1,348,-1,336
1,<environment.Job instance at 0x7f5886faa050>,23,18,[ 5 12],24,-1,2036,-1,2018
1,<environment.Job instance at 0x7f58874bb500>,1,1,[ 5 10],2,-1,3,-1,2
1,<environment.Job instance at 0x7f5886faa0f0>,2,24,[8 3],3,-1,27,-1,3
1,<environment.Job instance at 0x7f58860815a0>,4,23,[ 5 10],5,-1,28,-1,5
1,<environment.Job instance at 0x7f58874d8050>,5,25,[ 2 14],6,-1,31,-1,6
1,<environment.Job instance at 0x7f58874d80f0>,6,12,[ 3 13],7,-1,19,-1,7
1,<environment.Job instance at 0x7f58870c5cd0>,16,13,[11  2],17,-1,54,-1,41
1,<environment.Job instance at 0x7f588639e320>,17,13,[12  3],18,-1,54,-1,41
1,<environment.Job instance at 0x7f5886209c30>,21,24,[14  3],22,-1,79,-1,55
1,<environment.Job instance at 0x7f58862090a0>,22,25,[ 5 10],23,-1,80,-1,55
1,<environment.Job instance at 0x7f58862097d0>,23,16,[ 3 12],24,-1,71,-1,55
1,<environment.Job instance at 0x7f5887258e10>,26,14,[10  1],27,-1,88,-1,74
1,<environment.Job instance at 0x7f58870a26e0>,30,18,[ 5 12],31,-1,103,-1,85
1,<environment.Job instance at 0x7f5887969640>,37,26,[5 5],38,-1,154,-1,128
1,<environment.Job instance at 0x7f5886fbf7d0>,39,23,[7 1],40,-1,165,-1,142
1,<environment.Job instance at 0x7f5886867aa0>,40,14,[12  4],41,-1,156,-1,142
1,<environment.Job instance at 0x7f5886fbfeb0>,42,25,[6 3],43,-1,185,-1,160
1,<environment.Job instance at 0x7f58872190a0>,45,12,[13  4],46,-1,179,-1,167
1,<environment.Job instance at 0x7f588715b1e0>,46,28,[5 4],47,-1,195,-1,167
1,<environment.Job instance at 0x7f588715b0a0>,47,2,[3 8],48,-1,169,-1,167
1,<environment.Job instance at 0x7f588715b8c0>,48,27,[6 3],49,-1,194,-1,167
1,<environment.Job instance at 0x7f5886f56320>,49,2,[14  3],50,-1,169,-1,167
1,<environment.Job instance at 0x7f5886f56410>,50,25,[14  5],51,-1,192,-1,167
1,<environment.Job instance at 0x7f5886f56960>,51,2,[ 2 12],52,-1,169,-1,167
1,<environment.Job instance at 0x7f5886f564b0>,52,28,[7 1],53,-1,195,-1,167
1,<environment.Job instance at 0x7f5886824af0>,53,18,[ 3 14],54,-1,185,-1,167
1,<environment.Job instance at 0x7f5886824460>,55,16,[ 1 14],56,-1,192,-1,176
1,<environment.Job instance at 0x7f5886f4ceb0>,56,26,[3 8],57,-1,202,-1,176
1,<environment.Job instance at 0x7f58868243c0>,57,26,[10  5],58,-1,202,-1,176
1,<environment.Job instance at 0x7f5886f4c780>,59,16,[12  4],60,-1,200,-1,184
1,<environment.Job instance at 0x7f5886f4cc80>,60,24,[1 6],61,-1,208,-1,184
1,<environment.Job instance at 0x7f5887060870>,62,24,[5 8],63,-1,214,-1,190
1,<environment.Job instance at 0x7f588740ee10>,66,14,[10  2],67,-1,229,-1,215
1,<environment.Job instance at 0x7f5886a418c0>,71,23,[8 4],72,-1,295,-1,272
1,<environment.Job instance at 0x7f588652ae10>,77,24,[6 2],78,-1,343,-1,319
1,<environment.Job instance at 0x7f5886586aa0>,79,25,[8 3],80,-1,344,-1,319
1,<environment.Job instance at 0x7f58865865a0>,80,15,[11  1],81,-1,334,-1,319
1,<environment.Job instance at 0x7f588ffb7c30>,82,1,[7 4],83,-1,335,-1,334
1,<environment.Job instance at 0x7f58870e8500>,87,20,[ 5 13],88,-1,383,-1,363
1,<environment.Job instance at 0x7f5886079be0>,91,27,[6 4],92,-1,409,-1,382
1,<environment.Job instance at 0x7f5886079410>,92,25,[6 1],93,-1,407,-1,382
1,<environment.Job instance at 0x7f5886823280>,94,28,[8 5],95,-1,414,-1,386
1,<environment.Job instance at 0x7f5886823230>,95,12,[13  5],96,-1,398,-1,386
1,<environment.Job instance at 0x7f5886c375a0>,97,23,[10  2],98,-1,409,-1,386
1,<environment.Job instance at 0x7f58871a21e0>,99,17,[14  1],100,-1,420,-1,403
1,<environment.Job instance at 0x7f58872ea690>,100,15,[ 1 12],101,-1,418,-1,403
1,<environment.Job instance at 0x7f58872ea0a0>,103,20,[ 1 10],104,-1,435,-1,415
1,<environment.Job instance at 0x7f58873a7be0>,105,25,[5 3],106,-1,448,-1,423
1,<environment.Job instance at 0x7f58873a7d20>,107,2,[5 7],108,-1,435,-1,433
1,<environment.Job instance at 0x7f58873a75f0>,110,27,[ 2 10],111,-1,489,-1,462
1,<environment.Job instance at 0x7f58873a7e10>,111,16,[ 1 12],112,-1,478,-1,462
1,<environment.Job instance at 0x7f58871fd410>,112,15,[13  4],113,-1,477,-1,462
1,<environment.Job instance at 0x7f58871fdfa0>,113,2,[ 1 13],114,-1,464,-1,462
1,<environment.Job instance at 0x7f58871fd6e0>,114,17,[ 1 10],115,-1,485,-1,468
1,<environment.Job instance at 0x7f58871fd0a0>,115,28,[ 2 14],116,-1,496,-1,468
1,<environment.Job instance at 0x7f58871fdc80>,116,28,[5 1],117,-1,496,-1,468
1,<environment.Job instance at 0x7f58871fd230>,118,13,[8 2],119,-1,483,-1,470
1,<environment.Job instance at 0x7f58871fd820>,119,21,[ 1 11],120,-1,491,-1,470
1,<environment.Job instance at 0x7f5887392be0>,125,26,[2 9],126,-1,550,-1,524
1,<environment.Job instance at 0x7f588725a690>,127,12,[ 2 13],128,-1,536,-1,524
1,<environment.Job instance at 0x7f588725ad20>,128,17,[11  4],129,-1,555,-1,538
1,<environment.Job instance at 0x7f588725a960>,129,27,[ 4 13],130,-1,565,-1,538
1,<environment.Job instance at 0x7f58868deb90>,130,15,[14  1],131,-1,553,-1,538
1,<environment.Job instance at 0x7f58872ce5f0>,134,26,[ 4 10],135,-1,586,-1,560
1,<environment.Job instance at 0x7f58872ce190>,138,25,[5 5],139,-1,601,-1,576
1,<environment.Job instance at 0x7f5886ad8910>,139,26,[2 9],140,-1,602,-1,576
1,<environment.Job instance at 0x7f5886ad8320>,141,15,[12  4],142,-1,591,-1,576
1,<environment.Job instance at 0x7f588707eaa0>,142,27,[10  3],143,-1,603,-1,576
1,<environment.Job instance at 0x7f588707e5a0>,143,1,[ 1 11],144,-1,577,-1,576
1,<environment.Job instance at 0x7f588707e1e0>,144,18,[ 2 12],145,-1,594,-1,576
1,<environment.Job instance at 0x7f588707eb40>,145,22,[ 2 11],146,-1,598,-1,576
1,<environment.Job instance at 0x7f588707e500>,146,23,[8 4],147,-1,599,-1,576
1,<environment.Job instance at 0x7f588707ea00>,147,1,[2 5],148,-1,577,-1,576
1,<environment.Job instance at 0x7f588707e050>,148,28,[ 4 10],149,-1,604,-1,576
1,<environment.Job instance at 0x7f588707ecd0>,150,3,[5 6],151,-1,590,-1,587
1,<environment.Job instance at 0x7f588707ef50>,151,24,[2 6],152,-1,611,-1,587
1,<environment.Job instance at 0x7f588707efa0>,155,27,[ 2 10],156,-1,636,-1,609
1,<environment.Job instance at 0x7f588707ed70>,156,13,[1 5],157,-1,622,-1,609
1,<environment.Job instance at 0x7f588707e690>,157,1,[11  5],158,-1,610,-1,609
1,<environment.Job instance at 0x7f588707e280>,158,14,[ 5 14],159,-1,623,-1,609
1,<environment.Job instance at 0x7f5886baef00>,160,25,[9 2],161,-1,644,-1,619
1,<environment.Job instance at 0x7f5886bae730>,162,2,[ 5 13],163,-1,628,-1,626
1,<environment.Job instance at 0x7f5886d9e410>,166,24,[5 1],169,-1,673,-1,649
1,<environment.Job instance at 0x7f5886f94d20>,1,23,[1 8],2,-1,25,-1,2
1,<environment.Job instance at 0x7f5887549f00>,2,28,[ 2 10],3,-1,31,-1,3
1,<environment.Job instance at 0x7f5886b4fa50>,5,21,[ 3 14],6,-1,27,-1,6
1,<environment.Job instance at 0x7f5886b4f780>,6,21,[ 2 10],7,-1,28,-1,7
1,<environment.Job instance at 0x7f5886bf9b40>,15,28,[ 1 13],16,-1,44,-1,16
1,<environment.Job instance at 0x7f5886bf9e10>,16,19,[ 5 14],17,-1,36,-1,17
1,<environment.Job instance at 0x7f5886bf9820>,19,2,[ 4 14],20,-1,35,-1,33
1,<environment.Job instance at 0x7f5886d084b0>,20,18,[14  4],21,-1,51,-1,33
1,<environment.Job instance at 0x7f5886d16d70>,21,18,[ 3 11],22,-1,51,-1,33
1,<environment.Job instance at 0x7f5886d08dc0>,22,12,[ 1 10],23,-1,45,-1,33
1,<environment.Job instance at 0x7f5886d08640>,23,26,[ 2 11],24,-1,59,-1,33
1,<environment.Job instance at 0x7f58874842d0>,24,13,[13  4],25,-1,46,-1,33
1,<environment.Job instance at 0x7f5887484a00>,27,13,[12  4],28,-1,54,-1,41
1,<environment.Job instance at 0x7f5887484fa0>,28,17,[ 5 13],29,-1,58,-1,41
1,<environment.Job instance at 0x7f5887139fa0>,29,16,[ 5 14],30,-1,57,-1,41
1,<environment.Job instance at 0x7f58871396e0>,30,25,[5 8],31,-1,66,-1,41
1,<environment.Job instance at 0x7f58870ae780>,32,17,[ 2 14],33,-1,62,-1,45
1,<environment.Job instance at 0x7f5886d09be0>,33,18,[11  3],34,-1,73,-1,55
1,<environment.Job instance at 0x7f58874bae10>,38,24,[11  3],39,-1,97,-1,73
1,<environment.Job instance at 0x7f58874ba320>,39,15,[ 5 12],40,-1,88,-1,73
1,<environment.Job instance at 0x7f5886cdf820>,40,26,[ 1 12],41,-1,99,-1,73
1,<environment.Job instance at 0x7f5886cec7d0>,42,25,[1 8],43,-1,101,-1,76
1,<environment.Job instance at 0x7f5886ceceb0>,43,27,[ 3 12],44,-1,103,-1,76
1,<environment.Job instance at 0x7f5886ce1960>,45,13,[12  4],46,-1,99,-1,86
1,<environment.Job instance at 0x7f588713bcd0>,48,26,[5 7],49,-1,137,-1,111
1,<environment.Job instance at 0x7f588713ba00>,49,2,[5 1],50,-1,113,-1,111
1,<environment.Job instance at 0x7f588713b190>,50,16,[11  2],51,-1,127,-1,111
1,<environment.Job instance at 0x7f5886cfad70>,52,13,[13  2],53,-1,142,-1,129
1,<environment.Job instance at 0x7f5886cfa960>,53,20,[9 5],54,-1,153,-1,133
1,<environment.Job instance at 0x7f5886cfaf50>,55,19,[7 5],56,-1,152,-1,133
1,<environment.Job instance at 0x7f5886cfaaf0>,56,17,[10  1],57,-1,150,-1,133
1,<environment.Job instance at 0x7f5886cfafa0>,54,15,[ 5 12],55,-1,148,-1,133
1,<environment.Job instance at 0x7f588744b910>,76,12,[8 1],77,-1,328,-1,316
1,<environment.Job instance at 0x7f588744ba00>,79,3,[7 5],80,-1,338,-1,335
1,<environment.Job instance at 0x7f588744baf0>,81,26,[6 1],82,-1,364,-1,338
1,<environment.Job instance at 0x7f588744bb90>,82,3,[ 5 14],83,-1,341,-1,338
1,<environment.Job instance at 0x7f588744bc30>,83,18,[14  4],84,-1,356,-1,338
1,<environment.Job instance at 0x7f588744b500>,88,12,[ 1 10],89,-1,379,-1,367
1,<environment.Job instance at 0x7f588744b5a0>,89,2,[13  2],90,-1,369,-1,367
1,<environment.Job instance at 0x7f588747f050>,91,25,[1 6],92,-1,412,-1,387
1,<environment.Job instance at 0x7f588747f1e0>,92,26,[5 5],93,-1,413,-1,387
1,<environment.Job instance at 0x7f588747f320>,93,15,[12  2],94,-1,402,-1,387
1,<environment.Job instance at 0x7f588747fb40>,105,15,[ 3 13],106,-1,496,-1,481
1,<environment.Job instance at 0x7f588747fdc0>,109,13,[11  4],110,-1,518,-1,505
1,<environment.Job instance at 0x7f588747fe60>,110,17,[ 3 12],111,-1,522,-1,505
1,<environment.Job instance at 0x7f588747ffa0>,111,2,[7 4],112,-1,507,-1,505
1,<environment.Job instance at 0x7f588747f500>,112,2,[4 6],113,-1,508,-1,506
1,<environment.Job instance at 0x7f5887447190>,113,2,[12  2],114,-1,508,-1,506
1,<environment.Job instance at 0x7f5887447230>,114,17,[13  5],115,-1,523,-1,506
1,<environment.Job instance at 0x7f5887447410>,117,15,[ 5 12],118,-1,536,-1,521
1,<environment.Job instance at 0x7f5887447730>,122,25,[10  5],123,-1,590,-1,565
1,<environment.Job instance at 0x7f58874479b0>,126,28,[4 6],127,-1,608,-1,580
1,<environment.Job instance at 0x7f5887447a50>,127,26,[2 6],128,-1,606,-1,580
1,<environment.Job instance at 0x7f5887447640>,129,15,[14  4],130,-1,600,-1,585
1,<environment.Job instance at 0x7f5887447c30>,130,13,[13  5],131,-1,598,-1,585
1,<environment.Job instance at 0x7f5887447eb0>,135,1,[ 1 13],136,-1,605,-1,604
1,<environment.Job instance at 0x7f588746e140>,136,26,[8 2],137,-1,630,-1,604
1,<environment.Job instance at 0x7f588746e2d0>,137,26,[5 7],138,-1,630,-1,604
1,<environment.Job instance at 0x7f588746e410>,139,26,[11  1],140,-1,641,-1,615
1,<environment.Job instance at 0x7f588746e780>,145,18,[ 1 12],146,-1,664,-1,646
1,<environment.Job instance at 0x7f588746e820>,146,15,[ 3 11],147,-1,661,-1,646
1,<environment.Job instance at 0x7f588746eaa0>,149,16,[ 2 13],150,-1,685,-1,669
1,<environment.Job instance at 0x7f588746e320>,150,21,[ 4 13],151,-1,690,-1,669
1,<environment.Job instance at 0x7f588746ed20>,153,27,[13  3],154,-1,705,-1,678
1,<environment.Job instance at 0x7f588746eeb0>,154,24,[3 9],155,-1,702,-1,678
1,<environment.Job instance at 0x7f588746ef00>,155,2,[5 7],156,-1,680,-1,678
1,<environment.Job instance at 0x7f588746efa0>,156,23,[14  1],157,-1,701,-1,678
1,<environment.Job instance at 0x7f588746edc0>,157,27,[11  2],158,-1,705,-1,678
1,<environment.Job instance at 0x7f5887458280>,160,22,[ 3 14],161,-1,717,-1,695
1,<environment.Job instance at 0x7f5887458320>,161,15,[13  2],162,-1,710,-1,695
1,<environment.Job instance at 0x7f58874583c0>,162,16,[11  3],163,-1,714,-1,698
1,<environment.Job instance at 0x7f5887458730>,166,16,[13  2],167,-1,727,-1,711
1,<environment.Job instance at 0x7f588747fd20>,2,28,[13  5],3,-1,31,-1,3
1,<environment.Job instance at 0x7f58869347d0>,3,27,[6 1],4,-1,31,-1,4
1,<environment.Job instance at 0x7f5886934140>,5,17,[ 5 11],6,-1,23,-1,6
1,<environment.Job instance at 0x7f588742e500>,7,19,[ 5 10],8,-1,27,-1,8
1,<environment.Job instance at 0x7f588742e410>,9,24,[14  3],10,-1,34,-1,10
1,<environment.Job instance at 0x7f588742e820>,10,16,[ 1 14],11,-1,27,-1,11
1,<environment.Job instance at 0x7f588742e0f0>,11,24,[10  2],12,-1,36,-1,12
1,<environment.Job instance at 0x7f5886bfc0f0>,13,3,[ 2 14],14,-1,17,-1,14
1,<environment.Job instance at 0x7f5886934820>,15,19,[11  3],16,-1,40,-1,21
1,<environment.Job instance at 0x7f5886bfc320>,19,26,[1 9],20,-1,47,-1,21
1,<environment.Job instance at 0x7f5886bfce10>,20,3,[10  4],21,-1,25,-1,22
1,<environment.Job instance at 0x7f5886bfc410>,22,26,[13  5],23,-1,58,-1,32
1,<environment.Job instance at 0x7f5886bfc640>,23,25,[13  3],24,-1,57,-1,32
1,<environment.Job instance at 0x7f58879ccaf0>,25,13,[ 3 12],26,-1,45,-1,32
1,<environment.Job instance at 0x7f58879cc5a0>,27,26,[3 8],28,-1,67,-1,41
1,<environment.Job instance at 0x7f58879ccaa0>,28,16,[ 5 12],29,-1,57,-1,41
1,<environment.Job instance at 0x7f58879cc730>,29,24,[13  4],30,-1,65,-1,41
1,<environment.Job instance at 0x7f58879cc820>,30,27,[8 2],31,-1,68,-1,41
1,<environment.Job instance at 0x7f58879cc2d0>,32,27,[4 5],33,-1,76,-1,49
1,<environment.Job instance at 0x7f58879cc280>,33,16,[12  2],34,-1,65,-1,49
1,<environment.Job instance at 0x7f58879cc320>,38,26,[ 3 12],39,-1,101,-1,75
1,<environment.Job instance at 0x7f58879cc6e0>,39,26,[9 2],40,-1,101,-1,75
1,<environment.Job instance at 0x7f58879ccbe0>,41,16,[13  4],42,-1,100,-1,84
1,<environment.Job instance at 0x7f58879ccd20>,42,28,[2 7],43,-1,112,-1,84
1,<environment.Job instance at 0x7f58879cc0f0>,45,17,[ 3 13],46,-1,116,-1,99
1,<environment.Job instance at 0x7f5887567e10>,46,28,[3 7],47,-1,127,-1,99
1,<environment.Job instance at 0x7f5887567b40>,47,20,[11  2],48,-1,119,-1,99
1,<environment.Job instance at 0x7f5887567410>,51,1,[5 5],52,-1,127,-1,126
1,<environment.Job instance at 0x7f5887567fa0>,52,14,[ 5 13],53,-1,140,-1,126
1,<environment.Job instance at 0x7f5887567c80>,57,20,[11  4],58,-1,174,-1,154
1,<environment.Job instance at 0x7f5887567c30>,58,27,[6 1],59,-1,181,-1,154
1,<environment.Job instance at 0x7f58870f4550>,64,27,[10  1],65,-1,223,-1,196
1,<environment.Job instance at 0x7f58870f4190>,66,1,[10  5],67,-1,197,-1,196
1,<environment.Job instance at 0x7f58870f4b90>,72,25,[8 5],73,-1,267,-1,242
1,<environment.Job instance at 0x7f58870f4280>,73,2,[14  3],74,-1,244,-1,242
1,<environment.Job instance at 0x7f58870f42d0>,74,24,[13  5],75,-1,266,-1,242
1,<environment.Job instance at 0x7f5886965460>,78,27,[ 3 10],79,-1,304,-1,277
1,<environment.Job instance at 0x7f5886965d20>,80,12,[14  1],81,-1,289,-1,277
1,<environment.Job instance at 0x7f5886965190>,82,13,[11  4],83,-1,294,-1,281
1,<environment.Job instance at 0x7f5886998190>,87,15,[ 4 13],88,-1,331,-1,316
1,<environment.Job instance at 0x7f5886998dc0>,89,13,[11  4],90,-1,343,-1,330
1,<environment.Job instance at 0x7f5886a433c0>,99,2,[5 7],100,-1,415,-1,413
1,<environment.Job instance at 0x7f5886a61640>,101,14,[11  2],102,-1,427,-1,413
1,<environment.Job instance at 0x7f58861fcf50>,102,23,[12  3],103,-1,436,-1,413
1,<environment.Job instance at 0x7f5886b41280>,103,28,[4 7],104,-1,441,-1,413
1,<environment.Job instance at 0x7f58862f30f0>,106,16,[11  4],107,-1,451,-1,435
1,<environment.Job instance at 0x7f5886883050>,109,17,[13  2],110,-1,454,-1,437
1,<environment.Job instance at 0x7f58868a7c30>,110,1,[3 9],111,-1,438,-1,437
1,<environment.Job instance at 0x7f5886eb0280>,111,23,[13  4],112,-1,460,-1,437
1,<environment.Job instance at 0x7f588721d1e0>,113,26,[1 9],114,-1,471,-1,445
1,<environment.Job instance at 0x7f588721d460>,114,25,[5 4],115,-1,470,-1,445
1,<environment.Job instance at 0x7f58872eaf00>,116,14,[13  4],117,-1,473,-1,459
1,<environment.Job instance at 0x7f5887699b40>,118,12,[13  4],119,-1,489,-1,477
1,<environment.Job instance at 0x7f58876990f0>,120,19,[12  3],121,-1,512,-1,493
1,<environment.Job instance at 0x7f58867acf00>,121,17,[ 5 11],122,-1,510,-1,493
1,<environment.Job instance at 0x7f5887699a00>,122,2,[ 1 10],123,-1,495,-1,493
1,<environment.Job instance at 0x7f58867f85a0>,125,18,[14  2],126,-1,528,-1,510
1,<environment.Job instance at 0x7f58867f8230>,126,15,[14  3],127,-1,525,-1,510
1,<environment.Job instance at 0x7f58879a1410>,128,17,[12  2],129,-1,527,-1,510
1,<environment.Job instance at 0x7f58879a1500>,129,20,[ 5 12],130,-1,530,-1,510
1,<environment.Job instance at 0x7f58879a1230>,130,28,[ 5 11],131,-1,538,-1,510
1,<environment.Job instance at 0x7f588794b5a0>,132,23,[5 9],133,-1,552,-1,529
1,<environment.Job instance at 0x7f588794b0f0>,134,28,[14  5],135,-1,571,-1,543
1,<environment.Job instance at 0x7f58869732d0>,136,13,[12  1],137,-1,573,-1,560
1,<environment.Job instance at 0x7f58869730a0>,137,28,[ 5 11],138,-1,588,-1,560
1,<environment.Job instance at 0x7f58869438c0>,138,2,[5 3],139,-1,562,-1,560
1,<environment.Job instance at 0x7f5890053820>,145,13,[ 4 14],146,-1,609,-1,596
1,<environment.Job instance at 0x7f5890053730>,149,3,[2 7],150,-1,618,-1,615
1,<environment.Job instance at 0x7f58900535f0>,150,15,[12  4],151,-1,630,-1,615
1,<environment.Job instance at 0x7f5886f93460>,152,16,[13  1],153,-1,650,-1,634
1,<environment.Job instance at 0x7f5887a1d730>,155,14,[13  2],156,-1,663,-1,649
1,<environment.Job instance at 0x7f5887a1da50>,156,28,[ 1 14],157,-1,677,-1,649
1,<environment.Job instance at 0x7f5887a1d370>,157,18,[ 2 14],158,-1,667,-1,649
1,<environment.Job instance at 0x7f5887a1d870>,158,25,[ 4 10],159,-1,674,-1,649
1,<environment.Job instance at 0x7f5887a1d910>,159,24,[11  5],160,-1,673,-1,649
1,<environment.Job instance at 0x7f588734c690>,162,27,[2 9],163,-1,689,-1,662
1,<environment.Job instance at 0x7f588734cf00>,166,13,[ 2 14],167,-1,702,-1,689
1,<environment.Job instance at 0x7f588734cd70>,167,23,[10  1],168,-1,712,-1,689
1,<environment.Job instance at 0x7f5886bfcb40>,18,18,[12  4],19,-1,2579,-1,2561
1,<environment.Job instance at 0x7f5886e4ee60>,2,28,[3 8],3,-1,31,-1,3
1,<environment.Job instance at 0x7f5886e47c80>,3,23,[ 5 10],4,-1,27,-1,4
1,<environment.Job instance at 0x7f5886e47e60>,4,17,[ 1 11],5,-1,22,-1,5
1,<environment.Job instance at 0x7f5886e47d70>,7,14,[ 5 13],8,-1,22,-1,8
1,<environment.Job instance at 0x7f5886e4ec80>,9,1,[ 1 14],10,-1,11,-1,10
1,<environment.Job instance at 0x7f5886e47500>,10,16,[11  4],11,-1,32,-1,16
1,<environment.Job instance at 0x7f5886e475f0>,16,18,[13  1],17,-1,35,-1,17
1,<environment.Job instance at 0x7f5886e47fa0>,17,21,[ 2 12],18,-1,39,-1,18
1,<environment.Job instance at 0x7f5886e470f0>,22,27,[7 3],23,-1,81,-1,54
1,<environment.Job instance at 0x7f5886e47280>,23,15,[ 4 10],24,-1,91,-1,76
1,<environment.Job instance at 0x7f5886e26b40>,39,24,[ 2 12],40,-1,199,-1,175
1,<environment.Job instance at 0x7f5886e26b90>,45,25,[3 6],46,-1,231,-1,206
1,<environment.Job instance at 0x7f5886e555a0>,47,16,[ 5 12],48,-1,235,-1,219
1,<environment.Job instance at 0x7f5886e55910>,50,12,[11  4],51,-1,238,-1,226
1,<environment.Job instance at 0x7f5886e55370>,52,2,[12  3],53,-1,239,-1,237
1,<environment.Job instance at 0x7f5886e55a50>,53,14,[14  2],54,-1,251,-1,237
1,<environment.Job instance at 0x7f5886e55320>,54,13,[12  4],55,-1,250,-1,237
1,<environment.Job instance at 0x7f5886e55050>,59,14,[11  5],60,-1,280,-1,266
1,<environment.Job instance at 0x7f5886e55820>,60,18,[ 4 12],61,-1,284,-1,266
1,<environment.Job instance at 0x7f5886e55eb0>,61,24,[ 3 11],62,-1,290,-1,266
1,<environment.Job instance at 0x7f5886e55d20>,65,12,[13  3],66,-1,297,-1,285
1,<environment.Job instance at 0x7f5886e36410>,68,27,[12  3],69,-1,331,-1,304
1,<environment.Job instance at 0x7f5886e36d70>,70,26,[ 4 11],71,-1,335,-1,309
1,<environment.Job instance at 0x7f5886e36050>,72,23,[1 6],73,-1,340,-1,317
1,<environment.Job instance at 0x7f5886e36820>,73,24,[ 5 12],74,-1,341,-1,317
1,<environment.Job instance at 0x7f5886e36870>,74,2,[1 7],75,-1,319,-1,317
1,<environment.Job instance at 0x7f5886e369b0>,75,3,[ 3 12],76,-1,320,-1,317
1,<environment.Job instance at 0x7f5886e36500>,77,14,[14  5],78,-1,340,-1,326
1,<environment.Job instance at 0x7f5886e36cd0>,78,14,[ 3 12],79,-1,340,-1,326
1,<environment.Job instance at 0x7f5886e36e10>,80,19,[ 4 11],81,-1,352,-1,333
1,<environment.Job instance at 0x7f5886e365f0>,82,17,[11  4],83,-1,357,-1,340
1,<environment.Job instance at 0x7f5886e362d0>,85,20,[ 4 10],86,-1,468,-1,448
1,<environment.Job instance at 0x7f5886e23eb0>,95,2,[3 5],96,-1,450,-1,448
1,<environment.Job instance at 0x7f5886e23280>,96,12,[3 5],97,-1,460,-1,448
1,<environment.Job instance at 0x7f5886e235a0>,97,13,[1 9],98,-1,463,-1,450
1,<environment.Job instance at 0x7f5886e23460>,98,1,[3 7],99,-1,451,-1,450
1,<environment.Job instance at 0x7f5886e23cd0>,99,26,[8 5],100,-1,476,-1,450
1,<environment.Job instance at 0x7f58861a8e60>,134,22,[13  2],135,-1,832,-1,810
1,<environment.Job instance at 0x7f588649d690>,135,3,[4 9],136,-1,813,-1,810
1,<environment.Job instance at 0x7f58878540f0>,138,24,[4 5],139,-1,847,-1,823
1,<environment.Job instance at 0x7f588649d960>,139,28,[ 3 11],140,-1,851,-1,823
1,<environment.Job instance at 0x7f5886383640>,140,12,[9 1],141,-1,835,-1,823
1,<environment.Job instance at 0x7f58876c2230>,142,19,[ 2 12],143,-1,850,-1,831
1,<environment.Job instance at 0x7f5886f36aa0>,147,17,[ 4 12],148,-1,875,-1,858
1,<environment.Job instance at 0x7f58866de280>,149,20,[11  5],150,-1,887,-1,867
1,<environment.Job instance at 0x7f5886184460>,150,16,[12  3],151,-1,883,-1,867
1,<environment.Job instance at 0x7f5886184f50>,151,3,[5 7],152,-1,870,-1,867
1,<environment.Job instance at 0x7f5887045d20>,156,1,[1 7],158,-1,917,-1,916
1,<environment.Job instance at 0x7f5887038e10>,5,28,[1 7],6,-1,34,-1,6
1,<environment.Job instance at 0x7f5887038320>,6,18,[ 2 10],7,-1,26,-1,8
1,<environment.Job instance at 0x7f5887038fa0>,8,3,[6 5],9,-1,12,-1,9
1,<environment.Job instance at 0x7f5887038a50>,9,19,[ 5 10],10,-1,36,-1,17
1,<environment.Job instance at 0x7f5887038b90>,12,27,[8 5],13,-1,44,-1,17
1,<environment.Job instance at 0x7f58870389b0>,14,25,[ 1 12],15,-1,54,-1,29
1,<environment.Job instance at 0x7f5887038500>,16,15,[ 5 10],17,-1,50,-1,35
1,<environment.Job instance at 0x7f589004e500>,17,20,[14  5],18,-1,55,-1,35
1,<environment.Job instance at 0x7f58870382d0>,18,25,[ 3 12],19,-1,60,-1,35
1,<environment.Job instance at 0x7f589004eaa0>,19,14,[13  1],20,-1,49,-1,35
1,<environment.Job instance at 0x7f589004e5a0>,25,16,[12  2],26,-1,81,-1,65
1,<environment.Job instance at 0x7f58876ba910>,26,16,[14  1],27,-1,81,-1,65
1,<environment.Job instance at 0x7f58876baf50>,27,3,[ 2 13],28,-1,68,-1,65
1,<environment.Job instance at 0x7f58876ba960>,29,1,[7 5],30,-1,73,-1,72
1,<environment.Job instance at 0x7f58876ba370>,31,26,[13  3],32,-1,104,-1,78
1,<environment.Job instance at 0x7f58876baaf0>,32,15,[ 2 11],33,-1,93,-1,78
1,<environment.Job instance at 0x7f58876bab40>,33,20,[11  4],34,-1,98,-1,78
1,<environment.Job instance at 0x7f58876bacd0>,34,17,[14  1],35,-1,95,-1,78
1,<environment.Job instance at 0x7f58876ba230>,38,15,[ 3 11],39,-1,121,-1,106
1,<environment.Job instance at 0x7f58876ba0a0>,39,20,[ 4 12],40,-1,126,-1,106
1,<environment.Job instance at 0x7f58876baa50>,40,28,[5 8],41,-1,134,-1,106
1,<environment.Job instance at 0x7f58870c5c80>,41,17,[ 3 14],42,-1,123,-1,106
1,<environment.Job instance at 0x7f58870c5870>,42,27,[ 3 10],43,-1,133,-1,106
1,<environment.Job instance at 0x7f58870c5960>,45,22,[ 1 10],46,-1,139,-1,117
1,<environment.Job instance at 0x7f58870c5e60>,47,27,[6 4],48,-1,159,-1,132
1,<environment.Job instance at 0x7f58861eb190>,48,22,[ 2 10],49,-1,154,-1,132
1,<environment.Job instance at 0x7f58861eb500>,49,25,[2 8],50,-1,157,-1,132
1,<environment.Job instance at 0x7f58861eb1e0>,53,2,[ 5 11],54,-1,148,-1,146
1,<environment.Job instance at 0x7f58861ebcd0>,54,1,[8 2],55,-1,147,-1,146
1,<environment.Job instance at 0x7f58861ebf00>,60,24,[14  3],61,-1,224,-1,200
1,<environment.Job instance at 0x7f58861ebaa0>,63,2,[13  4],64,-1,217,-1,215
1,<environment.Job instance at 0x7f58875f5410>,64,22,[12  2],65,-1,237,-1,215
1,<environment.Job instance at 0x7f58875f5140>,66,17,[14  5],67,-1,235,-1,218
1,<environment.Job instance at 0x7f58875f5e60>,67,28,[ 3 11],68,-1,246,-1,218
1,<environment.Job instance at 0x7f58875f5e10>,68,12,[ 2 14],69,-1,230,-1,218
1,<environment.Job instance at 0x7f58875f5230>,69,18,[14  4],70,-1,236,-1,218
1,<environment.Job instance at 0x7f58875f5f50>,70,14,[12  5],71,-1,232,-1,218
1,<environment.Job instance at 0x7f58875f5820>,71,28,[9 4],72,-1,246,-1,218
1,<environment.Job instance at 0x7f58875f5a50>,72,28,[13  4],73,-1,246,-1,218
1,<environment.Job instance at 0x7f58875f5730>,73,16,[ 3 13],74,-1,234,-1,218
1,<environment.Job instance at 0x7f58875f5050>,75,16,[ 2 13],76,-1,234,-1,218
1,<environment.Job instance at 0x7f58875f5c80>,78,3,[5 2],79,-1,255,-1,252
1,<environment.Job instance at 0x7f58875f5640>,79,18,[ 4 12],80,-1,270,-1,252
1,<environment.Job instance at 0x7f5887a37c80>,85,23,[ 4 10],86,-1,303,-1,280
1,<environment.Job instance at 0x7f5887a37e10>,86,3,[9 5],87,-1,283,-1,280
1,<environment.Job instance at 0x7f5887a375f0>,91,14,[14  1],92,-1,346,-1,332
1,<environment.Job instance at 0x7f5887a37d20>,92,24,[8 5],93,-1,356,-1,332
1,<environment.Job instance at 0x7f5887a37eb0>,93,3,[14  5],94,-1,335,-1,332
1,<environment.Job instance at 0x7f588699e690>,97,17,[ 5 13],98,-1,365,-1,348
1,<environment.Job instance at 0x7f588699e190>,98,26,[ 3 14],99,-1,374,-1,348
1,<environment.Job instance at 0x7f588699ee60>,103,3,[8 5],104,-1,404,-1,401
1,<environment.Job instance at 0x7f588699ea50>,111,15,[ 2 12],112,-1,460,-1,445
1,<environment.Job instance at 0x7f588699eaf0>,112,2,[10  2],113,-1,447,-1,445
1,<environment.Job instance at 0x7f588636e3c0>,130,28,[9 3],131,-1,605,-1,577
1,<environment.Job instance at 0x7f5886f586e0>,132,28,[5 3],133,-1,605,-1,577
1,<environment.Job instance at 0x7f5886f58730>,135,1,[ 3 13],136,-1,613,-1,612
1,<environment.Job instance at 0x7f588707cc80>,136,22,[ 2 11],137,-1,634,-1,612
1,<environment.Job instance at 0x7f5886f588c0>,137,24,[ 2 13],138,-1,636,-1,612
1,<environment.Job instance at 0x7f588747e8c0>,138,14,[ 4 10],139,-1,628,-1,614
1,<environment.Job instance at 0x7f5886f58fa0>,145,20,[14  4],146,-1,662,-1,642
1,<environment.Job instance at 0x7f58862de7d0>,146,22,[ 1 14],147,-1,664,-1,642
1,<environment.Job instance at 0x7f588747e6e0>,147,2,[14  4],148,-1,644,-1,642
1,<environment.Job instance at 0x7f5886f735a0>,149,27,[4 9],150,-1,679,-1,652
1,<environment.Job instance at 0x7f5886552e10>,150,16,[ 4 13],151,-1,668,-1,652
1,<environment.Job instance at 0x7f588769f820>,152,16,[14  2],153,-1,673,-1,657
1,<environment.Job instance at 0x7f588769f370>,153,12,[14  2],154,-1,669,-1,657
1,<environment.Job instance at 0x7f588769f780>,154,1,[14  4],155,-1,658,-1,657
1,<environment.Job instance at 0x7f588709aeb0>,155,2,[14  4],156,-1,659,-1,657
1,<environment.Job instance at 0x7f5887a15500>,156,24,[2 9],157,-1,681,-1,657
1,<environment.Job instance at 0x7f5887a150f0>,157,12,[ 2 12],158,-1,669,-1,657
1,<environment.Job instance at 0x7f588652f730>,158,14,[13  4],159,-1,671,-1,657
1,<environment.Job instance at 0x7f5887750460>,159,20,[ 3 11],160,-1,677,-1,657
1,<environment.Job instance at 0x7f58861d6370>,161,16,[14  4],162,-1,685,-1,669
1,<environment.Job instance at 0x7f5887550730>,164,2,[ 3 14],165,-1,671,-1,669
1,<environment.Job instance at 0x7f5887550230>,166,27,[7 4],167,-1,706,-1,679
1,<environment.Job instance at 0x7f588638da50>,1,24,[6 3],2,-1,26,-1,2
1,<environment.Job instance at 0x7f58873f5a00>,2,28,[2 8],3,-1,31,-1,3
1,<environment.Job instance at 0x7f588748a3c0>,6,23,[ 3 11],7,-1,30,-1,7
1,<environment.Job instance at 0x7f588748af00>,7,14,[ 4 13],8,-1,22,-1,8
1,<environment.Job instance at 0x7f588748ab90>,5,20,[8 1],6,-1,30,-1,10
1,<environment.Job instance at 0x7f58860f3dc0>,13,14,[12  5],14,-1,35,-1,21
1,<environment.Job instance at 0x7f58860f3cd0>,14,25,[ 5 12],15,-1,46,-1,21
1,<environment.Job instance at 0x7f58860f33c0>,16,15,[ 3 14],17,-1,36,-1,21
1,<environment.Job instance at 0x7f58860f30f0>,17,14,[1 9],18,-1,35,-1,21
1,<environment.Job instance at 0x7f58860f3c80>,19,1,[10  1],20,-1,31,-1,30
1,<environment.Job instance at 0x7f58860f3eb0>,20,24,[7 1],21,-1,54,-1,30
1,<environment.Job instance at 0x7f58860f39b0>,21,20,[ 2 10],22,-1,51,-1,31
1,<environment.Job instance at 0x7f58860f3960>,22,18,[ 5 13],23,-1,49,-1,31
1,<environment.Job instance at 0x7f5886555230>,25,28,[1 5],26,-1,71,-1,43
1,<environment.Job instance at 0x7f5886555370>,27,25,[8 1],28,-1,74,-1,49
1,<environment.Job instance at 0x7f5886555410>,28,18,[ 1 10],29,-1,71,-1,53
1,<environment.Job instance at 0x7f58865554b0>,29,12,[12  3],30,-1,65,-1,53
1,<environment.Job instance at 0x7f58865557d0>,32,25,[4 5],33,-1,95,-1,70
1,<environment.Job instance at 0x7f5886555870>,33,25,[10  3],34,-1,95,-1,70
1,<environment.Job instance at 0x7f5886555730>,35,28,[13  4],36,-1,114,-1,86
1,<environment.Job instance at 0x7f5886555af0>,36,20,[13  2],37,-1,106,-1,86
1,<environment.Job instance at 0x7f5886555a00>,37,14,[12  3],38,-1,100,-1,86
1,<environment.Job instance at 0x7f5886555b90>,38,17,[ 5 13],39,-1,103,-1,86
1,<environment.Job instance at 0x7f5886555cd0>,40,18,[13  4],41,-1,117,-1,99
1,<environment.Job instance at 0x7f5886555e10>,42,12,[ 3 10],43,-1,131,-1,119
1,<environment.Job instance at 0x7f58865556e0>,43,16,[ 2 11],44,-1,135,-1,119
1,<environment.Job instance at 0x7f5886555640>,44,1,[8 4],45,-1,120,-1,119
1,<environment.Job instance at 0x7f5886555f50>,45,25,[2 5],46,-1,144,-1,119
1,<environment.Job instance at 0x7f588644f5a0>,52,23,[ 3 14],53,-1,175,-1,152
1,<environment.Job instance at 0x7f588644f050>,53,21,[ 5 13],54,-1,173,-1,152
1,<environment.Job instance at 0x7f588644f690>,54,16,[ 3 14],55,-1,168,-1,152
1,<environment.Job instance at 0x7f588644f7d0>,56,14,[11  3],57,-1,183,-1,169
1,<environment.Job instance at 0x7f588644f910>,58,13,[14  1],59,-1,200,-1,187
1,<environment.Job instance at 0x7f588644faf0>,61,16,[ 2 10],62,-1,212,-1,196
1,<environment.Job instance at 0x7f588644fd70>,65,24,[5 2],66,-1,244,-1,220
1,<environment.Job instance at 0x7f588644fe10>,66,14,[11  2],67,-1,234,-1,220
1,<environment.Job instance at 0x7f588644feb0>,67,22,[ 4 10],68,-1,242,-1,220
1,<environment.Job instance at 0x7f588644ffa0>,68,15,[ 2 13],69,-1,235,-1,220
1,<environment.Job instance at 0x7f5886450230>,70,13,[ 3 12],71,-1,233,-1,220
1,<environment.Job instance at 0x7f5886450280>,71,14,[ 2 11],72,-1,234,-1,220
1,<environment.Job instance at 0x7f58864502d0>,72,16,[ 5 14],73,-1,236,-1,220
1,<environment.Job instance at 0x7f5886450410>,74,26,[10  4],75,-1,248,-1,222
1,<environment.Job instance at 0x7f5886450550>,76,24,[4 7],77,-1,261,-1,237
1,<environment.Job instance at 0x7f5886450af0>,85,2,[5 9],86,-1,275,-1,273
1,<environment.Job instance at 0x7f5886450e10>,88,28,[7 2],89,-1,315,-1,287
1,<environment.Job instance at 0x7f5886450eb0>,89,3,[4 5],90,-1,290,-1,287
1,<environment.Job instance at 0x7f5886450c30>,90,27,[ 3 12],91,-1,314,-1,287
1,<environment.Job instance at 0x7f5886426190>,93,26,[11  1],94,-1,329,-1,303
1,<environment.Job instance at 0x7f5886426230>,94,28,[9 2],95,-1,331,-1,303
1,<environment.Job instance at 0x7f58864262d0>,95,21,[12  5],96,-1,324,-1,303
1,<environment.Job instance at 0x7f5886426410>,97,18,[ 2 14],98,-1,338,-1,320
1,<environment.Job instance at 0x7f58864264b0>,98,20,[10  2],99,-1,354,-1,334
1,<environment.Job instance at 0x7f588643ce10>,104,25,[ 1 14],105,-1,376,-1,351
1,<environment.Job instance at 0x7f588643cf50>,106,26,[14  4],107,-1,394,-1,368
1,<environment.Job instance at 0x7f588643c8c0>,108,23,[ 1 11],109,-1,391,-1,368
1,<environment.Job instance at 0x7f588643c870>,112,2,[4 7],113,-1,398,-1,396
1,<environment.Job instance at 0x7f5886da7140>,114,1,[9 5],115,-1,397,-1,396
1,<environment.Job instance at 0x7f5886436870>,116,22,[4 7],117,-1,449,-1,427
1,<environment.Job instance at 0x7f5886537be0>,119,1,[3 9],120,-1,428,-1,427
1,<environment.Job instance at 0x7f58875f25f0>,123,15,[12  3],124,-1,464,-1,449
1,<environment.Job instance at 0x7f5886afcc30>,128,3,[14  3],129,-1,484,-1,481
1,<environment.Job instance at 0x7f5886afca50>,129,28,[1 7],130,-1,509,-1,481
1,<environment.Job instance at 0x7f5886adfe10>,131,14,[ 1 13],132,-1,506,-1,492
1,<environment.Job instance at 0x7f5886adfbe0>,132,1,[3 9],133,-1,493,-1,492
1,<environment.Job instance at 0x7f58862de7d0>,133,13,[13  5],134,-1,505,-1,492
1,<environment.Job instance at 0x7f5886dc3690>,134,14,[12  1],135,-1,506,-1,492
1,<environment.Job instance at 0x7f5886dc39b0>,136,24,[ 2 12],137,-1,516,-1,492
1,<environment.Job instance at 0x7f5886af1320>,138,17,[ 5 14],139,-1,525,-1,508
1,<environment.Job instance at 0x7f5886af1be0>,139,3,[8 2],140,-1,511,-1,508
1,<environment.Job instance at 0x7f5886dc92d0>,141,28,[ 3 13],142,-1,536,-1,508
1,<environment.Job instance at 0x7f5886dc9be0>,142,13,[1 7],143,-1,521,-1,508
1,<environment.Job instance at 0x7f5886dc94b0>,143,2,[14  1],144,-1,510,-1,508
1,<environment.Job instance at 0x7f5886dc9370>,144,18,[8 2],145,-1,526,-1,508
1,<environment.Job instance at 0x7f5886dc9e10>,145,12,[ 4 12],146,-1,520,-1,508
1,<environment.Job instance at 0x7f5886dc9280>,146,12,[12  5],147,-1,520,-1,508
1,<environment.Job instance at 0x7f5886dc9190>,147,13,[ 2 10],148,-1,521,-1,508
1,<environment.Job instance at 0x7f5886dc9140>,148,14,[12  2],149,-1,522,-1,508
1,<environment.Job instance at 0x7f5886dc9960>,149,3,[6 4],150,-1,511,-1,508
1,<environment.Job instance at 0x7f5886dc99b0>,150,15,[ 1 12],151,-1,523,-1,508
1,<environment.Job instance at 0x7f58875fe730>,152,20,[9 1],153,-1,547,-1,527
1,<environment.Job instance at 0x7f5886dd03c0>,155,23,[4 7],156,-1,561,-1,538
1,<environment.Job instance at 0x7f5886dd0c80>,156,3,[5 5],157,-1,541,-1,538
1,<environment.Job instance at 0x7f5886dd0960>,157,20,[ 2 12],158,-1,558,-1,538
1,<environment.Job instance at 0x7f5886dd0870>,158,25,[9 4],159,-1,563,-1,538
1,<environment.Job instance at 0x7f5886dd00f0>,159,24,[5 1],160,-1,562,-1,538
1,<environment.Job instance at 0x7f5886dd0230>,160,16,[ 3 10],161,-1,554,-1,538
1,<environment.Job instance at 0x7f5886dd0280>,161,27,[1 7],162,-1,565,-1,538
1,<environment.Job instance at 0x7f5886dcf7d0>,163,22,[3 7],164,-1,561,-1,539
1,<environment.Job instance at 0x7f5886dcf140>,164,24,[ 1 10],165,-1,563,-1,539
1,<environment.Job instance at 0x7f5886dcfd20>,165,26,[10  5],166,-1,565,-1,539
1,<environment.Job instance at 0x7f5886dcf190>,166,15,[7 1],167,-1,554,-1,539
1,<environment.Job instance at 0x7f5886dcf910>,167,1,[14  3],168,-1,540,-1,539
1,<environment.Job instance at 0x7f5886dcf3c0>,168,18,[8 1],169,-1,558,-1,540
1,<environment.Job instance at 0x7f58863be6e0>,3,18,[ 1 12],4,-1,22,-1,4
1,<environment.Job instance at 0x7f58863be1e0>,4,16,[13  4],5,-1,21,-1,5
1,<environment.Job instance at 0x7f58863be2d0>,6,17,[ 4 14],7,-1,24,-1,7
1,<environment.Job instance at 0x7f58861db6e0>,8,15,[13  5],9,-1,24,-1,9
1,<environment.Job instance at 0x7f58863be690>,11,12,[10  1],12,-1,24,-1,12
1,<environment.Job instance at 0x7f58863beaa0>,12,3,[4 6],13,-1,16,-1,13
1,<environment.Job instance at 0x7f58863beb40>,15,22,[12  4],16,-1,39,-1,17
1,<environment.Job instance at 0x7f5886baab90>,16,17,[13  2],17,-1,34,-1,17
1,<environment.Job instance at 0x7f5886baa0f0>,18,1,[7 1],19,-1,20,-1,19
1,<environment.Job instance at 0x7f588636c870>,30,22,[10  5],31,-1,119,-1,97
1,<environment.Job instance at 0x7f5886c75410>,33,25,[6 2],34,-1,122,-1,97
1,<environment.Job instance at 0x7f5886c75550>,34,24,[5 2],35,-1,121,-1,97
1,<environment.Job instance at 0x7f5886c75dc0>,35,22,[1 5],36,-1,119,-1,97
1,<environment.Job instance at 0x7f5886c750f0>,36,16,[ 4 12],37,-1,113,-1,97
1,<environment.Job instance at 0x7f5886f10780>,39,3,[8 4],40,-1,110,-1,107
1,<environment.Job instance at 0x7f5886f10870>,41,3,[7 1],42,-1,124,-1,121
1,<environment.Job instance at 0x7f5886f108c0>,42,21,[14  2],43,-1,142,-1,121
1,<environment.Job instance at 0x7f5886f106e0>,43,23,[6 3],44,-1,144,-1,121
1,<environment.Job instance at 0x7f5886d5feb0>,48,26,[5 8],49,-1,181,-1,155
1,<environment.Job instance at 0x7f58867b1820>,49,14,[11  4],50,-1,169,-1,155
1,<environment.Job instance at 0x7f588739f2d0>,50,16,[14  4],51,-1,171,-1,155
1,<environment.Job instance at 0x7f588739f500>,52,12,[13  4],53,-1,180,-1,168
1,<environment.Job instance at 0x7f588739f960>,54,23,[5 5],55,-1,196,-1,173
1,<environment.Job instance at 0x7f588739faf0>,55,1,[7 4],56,-1,174,-1,173
1,<environment.Job instance at 0x7f588739fb90>,60,16,[11  2],61,-1,209,-1,193
1,<environment.Job instance at 0x7f588739f910>,61,16,[ 4 12],62,-1,209,-1,193
1,<environment.Job instance at 0x7f58870aa230>,63,12,[14  3],64,-1,211,-1,199
1,<environment.Job instance at 0x7f58870aa690>,66,2,[ 2 14],67,-1,217,-1,215
1,<environment.Job instance at 0x7f58870aad70>,69,28,[6 3],70,-1,257,-1,229
1,<environment.Job instance at 0x7f588678ae60>,72,3,[ 5 13],73,-1,260,-1,257
1,<environment.Job instance at 0x7f588678ab90>,73,27,[6 2],74,-1,284,-1,257
1,<environment.Job instance at 0x7f588678a4b0>,76,18,[ 5 13],77,-1,275,-1,257
1,<environment.Job instance at 0x7f588678a550>,78,23,[3 8],79,-1,320,-1,297
1,<environment.Job instance at 0x7f588678a3c0>,89,17,[11  1],90,-1,394,-1,377
1,<environment.Job instance at 0x7f588678a370>,90,13,[12  1],91,-1,390,-1,377
1,<environment.Job instance at 0x7f58870cdf50>,93,1,[9 3],94,-1,379,-1,378
1,<environment.Job instance at 0x7f58870cd550>,95,27,[4 9],96,-1,429,-1,402
1,<environment.Job instance at 0x7f58870cd230>,97,19,[ 1 11],98,-1,421,-1,402
1,<environment.Job instance at 0x7f58870cd280>,99,15,[13  4],100,-1,424,-1,409
1,<environment.Job instance at 0x7f58870cdbe0>,100,28,[5 4],101,-1,437,-1,409
1,<environment.Job instance at 0x7f58870cd050>,104,16,[ 2 12],105,-1,441,-1,425
1,<environment.Job instance at 0x7f58870cdaa0>,106,3,[12  1],107,-1,445,-1,442
1,<environment.Job instance at 0x7f58870cd370>,109,21,[12  4],110,-1,477,-1,456
1,<environment.Job instance at 0x7f58870cd910>,110,14,[ 3 12],111,-1,470,-1,456
1,<environment.Job instance at 0x7f58863343c0>,112,2,[11  5],113,-1,458,-1,456
1,<environment.Job instance at 0x7f5886334370>,113,1,[8 3],114,-1,458,-1,457
1,<environment.Job instance at 0x7f5886334a00>,114,28,[13  3],115,-1,485,-1,457
1,<environment.Job instance at 0x7f5886334820>,117,2,[14  3],118,-1,475,-1,473
1,<environment.Job instance at 0x7f5886334910>,119,1,[ 2 12],120,-1,474,-1,473
1,<environment.Job instance at 0x7f58863346e0>,121,23,[9 5],122,-1,517,-1,494
1,<environment.Job instance at 0x7f5886334410>,122,22,[9 1],123,-1,518,-1,496
1,<environment.Job instance at 0x7f58867c1550>,123,2,[9 2],124,-1,498,-1,496
1,<environment.Job instance at 0x7f5887494370>,124,16,[ 1 13],125,-1,512,-1,496
1,<environment.Job instance at 0x7f5887945e60>,125,18,[ 3 13],126,-1,514,-1,496
1,<environment.Job instance at 0x7f5886343870>,126,28,[7 1],127,-1,524,-1,496
1,<environment.Job instance at 0x7f58865ad5f0>,127,27,[2 7],128,-1,523,-1,496
1,<environment.Job instance at 0x7f5886372f50>,131,24,[12  2],132,-1,532,-1,508
1,<environment.Job instance at 0x7f5886209780>,134,25,[5 4],135,-1,563,-1,538
1,<environment.Job instance at 0x7f5886f73f50>,135,17,[ 5 11],136,-1,555,-1,538
1,<environment.Job instance at 0x7f588672d7d0>,136,15,[12  2],137,-1,553,-1,538
1,<environment.Job instance at 0x7f58865d0a50>,137,28,[10  2],138,-1,566,-1,538
1,<environment.Job instance at 0x7f58865d0be0>,139,16,[ 1 11],140,-1,572,-1,556
1,<environment.Job instance at 0x7f588747ff50>,140,23,[5 5],141,-1,582,-1,559
1,<environment.Job instance at 0x7f5886f638c0>,144,15,[ 5 13],145,-1,619,-1,604
1,<environment.Job instance at 0x7f5886062d70>,145,17,[14  2],146,-1,621,-1,604
1,<environment.Job instance at 0x7f5886b264b0>,147,1,[4 5],148,-1,606,-1,605
1,<environment.Job instance at 0x7f5887845e60>,149,12,[13  2],150,-1,617,-1,605
1,<environment.Job instance at 0x7f5886c655a0>,152,27,[5 4],153,-1,648,-1,621
1,<environment.Job instance at 0x7f5887221280>,154,3,[1 5],155,-1,633,-1,630
1,<environment.Job instance at 0x7f5886a9ddc0>,157,20,[ 3 13],158,-1,665,-1,645
1,<environment.Job instance at 0x7f5886809370>,159,3,[2 8],160,-1,661,-1,658
1,<environment.Job instance at 0x7f5886367a50>,161,2,[13  4],162,-1,660,-1,658
1,<environment.Job instance at 0x7f58874179b0>,163,25,[6 1],164,-1,703,-1,678
1,<environment.Job instance at 0x7f588760f320>,167,27,[11  5],168,-1,721,-1,694
1,<environment.Job instance at 0x7f5886b42230>,11,2,[12  2],12,-1,30,-1,28
1,<environment.Job instance at 0x7f5886b42b40>,12,26,[2 8],13,-1,54,-1,28
1,<environment.Job instance at 0x7f5886b42500>,15,16,[14  4],16,-1,68,-1,52
1,<environment.Job instance at 0x7f5886b424b0>,16,14,[ 4 10],17,-1,74,-1,60
1,<environment.Job instance at 0x7f5886b42a00>,20,13,[14  5],21,-1,73,-1,60
1,<environment.Job instance at 0x7f5886b42370>,22,17,[12  5],23,-1,86,-1,69
1,<environment.Job instance at 0x7f5886df41e0>,24,2,[ 2 12],25,-1,72,-1,70
1,<environment.Job instance at 0x7f5886df4190>,26,2,[3 5],27,-1,88,-1,86
1,<environment.Job instance at 0x7f5886df4460>,27,2,[3 6],28,-1,88,-1,86
1,<environment.Job instance at 0x7f5886df4280>,30,13,[ 3 14],31,-1,115,-1,102
1,<environment.Job instance at 0x7f5886df4cd0>,31,17,[ 1 11],32,-1,119,-1,102
1,<environment.Job instance at 0x7f5886df4f00>,34,15,[14  2],35,-1,117,-1,102
1,<environment.Job instance at 0x7f5886df4c80>,37,25,[ 5 10],38,-1,144,-1,119
1,<environment.Job instance at 0x7f5886df40a0>,39,14,[14  4],40,-1,147,-1,133
1,<environment.Job instance at 0x7f5886df4dc0>,40,25,[5 8],41,-1,158,-1,133
1,<environment.Job instance at 0x7f5886df40f0>,41,28,[3 6],42,-1,161,-1,133
1,<environment.Job instance at 0x7f5886df4960>,42,20,[9 1],43,-1,195,-1,175
1,<environment.Job instance at 0x7f5886b38b90>,48,21,[7 1],49,-1,196,-1,175
1,<environment.Job instance at 0x7f5886b388c0>,49,16,[6 2],50,-1,191,-1,175
1,<environment.Job instance at 0x7f5886b38c30>,50,24,[11  2],51,-1,199,-1,175
1,<environment.Job instance at 0x7f5886b38f50>,53,13,[1 7],54,-1,205,-1,192
1,<environment.Job instance at 0x7f5886b38af0>,54,15,[6 1],55,-1,207,-1,192
1,<environment.Job instance at 0x7f5886b38690>,55,24,[7 2],56,-1,216,-1,192
1,<environment.Job instance at 0x7f5886b38910>,56,18,[ 1 13],57,-1,210,-1,192
1,<environment.Job instance at 0x7f5887a86fa0>,57,27,[5 1],58,-1,219,-1,192
1,<environment.Job instance at 0x7f5886e4e0f0>,58,22,[10  5],59,-1,214,-1,192
1,<environment.Job instance at 0x7f5887637460>,63,16,[11  5],64,-1,229,-1,213
1,<environment.Job instance at 0x7f5887637910>,65,28,[7 3],66,-1,259,-1,231
1,<environment.Job instance at 0x7f5887637fa0>,67,14,[ 4 10],68,-1,245,-1,231
1,<environment.Job instance at 0x7f5887637f50>,68,16,[13  2],69,-1,247,-1,231
1,<environment.Job instance at 0x7f5887637870>,71,22,[ 1 10],72,-1,272,-1,250
1,<environment.Job instance at 0x7f58876373c0>,72,28,[13  5],73,-1,278,-1,250
1,<environment.Job instance at 0x7f588781a050>,73,23,[9 3],74,-1,273,-1,250
1,<environment.Job instance at 0x7f58873c45f0>,74,3,[6 4],75,-1,253,-1,250
1,<environment.Job instance at 0x7f5886609c30>,75,16,[ 3 13],76,-1,266,-1,250
1,<environment.Job instance at 0x7f588745df50>,77,15,[ 4 14],78,-1,278,-1,263
1,<environment.Job instance at 0x7f58877c1140>,78,19,[13  3],79,-1,282,-1,263
1,<environment.Job instance at 0x7f5887592460>,79,25,[ 3 13],80,-1,288,-1,263
1,<environment.Job instance at 0x7f5887082780>,82,22,[4 7],83,-1,308,-1,286
1,<environment.Job instance at 0x7f58861ec550>,83,22,[10  4],84,-1,352,-1,330
1,<environment.Job instance at 0x7f5887a43b90>,88,27,[ 1 11],89,-1,357,-1,330
1,<environment.Job instance at 0x7f58866dedc0>,89,18,[ 2 10],90,-1,348,-1,330
1,<environment.Job instance at 0x7f5887694e60>,90,2,[ 1 10],91,-1,332,-1,330
1,<environment.Job instance at 0x7f5887422960>,91,1,[4 7],92,-1,331,-1,330
1,<environment.Job instance at 0x7f5887a48320>,92,3,[13  3],93,-1,333,-1,330
1,<environment.Job instance at 0x7f58878343c0>,97,21,[1 7],98,-1,381,-1,360
1,<environment.Job instance at 0x7f5887045280>,99,1,[10  1],100,-1,365,-1,364
1,<environment.Job instance at 0x7f5887045fa0>,100,15,[ 3 10],101,-1,379,-1,364
1,<environment.Job instance at 0x7f5887045820>,101,12,[10  1],102,-1,376,-1,364
1,<environment.Job instance at 0x7f5887045410>,103,17,[14  1],104,-1,381,-1,364
1,<environment.Job instance at 0x7f5887045460>,104,16,[1 9],105,-1,382,-1,366
1,<environment.Job instance at 0x7f5887045b40>,105,13,[2 6],106,-1,382,-1,369
1,<environment.Job instance at 0x7f5887045aa0>,106,19,[ 4 13],107,-1,388,-1,369
1,<environment.Job instance at 0x7f5887045190>,108,13,[10  1],109,-1,390,-1,377
1,<environment.Job instance at 0x7f5887045cd0>,109,26,[5 5],110,-1,403,-1,377
1,<environment.Job instance at 0x7f5886343140>,110,22,[ 4 10],111,-1,399,-1,377
1,<environment.Job instance at 0x7f588723f4b0>,113,2,[10  4],114,-1,398,-1,396
1,<environment.Job instance at 0x7f588723ff50>,114,2,[7 3],115,-1,398,-1,396
1,<environment.Job instance at 0x7f5886c204b0>,115,14,[12  3],116,-1,410,-1,396
1,<environment.Job instance at 0x7f5886c20320>,116,23,[10  4],117,-1,419,-1,396
1,<environment.Job instance at 0x7f5886c20a50>,118,1,[12  4],119,-1,414,-1,413
1,<environment.Job instance at 0x7f58877be690>,119,12,[ 5 14],120,-1,425,-1,413
1,<environment.Job instance at 0x7f58877bee60>,120,28,[ 4 10],121,-1,441,-1,413
1,<environment.Job instance at 0x7f58877be1e0>,122,13,[2 6],123,-1,426,-1,413
1,<environment.Job instance at 0x7f58877be5a0>,123,21,[12  5],124,-1,434,-1,413
1,<environment.Job instance at 0x7f58877be230>,124,22,[ 1 11],125,-1,435,-1,413
1,<environment.Job instance at 0x7f588769fa50>,126,26,[5 3],127,-1,439,-1,413
1,<environment.Job instance at 0x7f588769f6e0>,127,12,[2 5],128,-1,425,-1,413
1,<environment.Job instance at 0x7f588769f140>,131,24,[ 4 14],132,-1,466,-1,442
1,<environment.Job instance at 0x7f588769f280>,133,1,[2 6],134,-1,451,-1,450
1,<environment.Job instance at 0x7f588769f640>,135,12,[3 9],136,-1,475,-1,463
1,<environment.Job instance at 0x7f588769f3c0>,136,17,[ 5 11],137,-1,480,-1,463
1,<environment.Job instance at 0x7f588769fcd0>,137,13,[ 2 13],138,-1,476,-1,463
1,<environment.Job instance at 0x7f5886f8e960>,142,15,[ 4 10],143,-1,499,-1,484
1,<environment.Job instance at 0x7f5886f8ea00>,144,3,[8 2],145,-1,503,-1,500
1,<environment.Job instance at 0x7f5886f8eaa0>,145,15,[11  3],146,-1,515,-1,500
1,<environment.Job instance at 0x7f5886f8e870>,146,17,[4 9],147,-1,517,-1,500
1,<environment.Job instance at 0x7f5886f8e230>,147,28,[7 2],148,-1,528,-1,500
1,<environment.Job instance at 0x7f5886f8efa0>,151,22,[1 9],152,-1,540,-1,518
1,<environment.Job instance at 0x7f58875674b0>,153,1,[ 4 10],154,-1,527,-1,526
1,<environment.Job instance at 0x7f5887567690>,155,16,[10  1],156,-1,546,-1,530
1,<environment.Job instance at 0x7f58875679b0>,156,28,[6 5],157,-1,558,-1,530
1,<environment.Job instance at 0x7f5887567820>,157,17,[14  3],158,-1,547,-1,530
1,<environment.Job instance at 0x7f58875676e0>,158,19,[ 5 12],159,-1,549,-1,530
1,<environment.Job instance at 0x7f5887567af0>,159,27,[2 8],160,-1,557,-1,530
1,<environment.Job instance at 0x7f5887567aa0>,160,2,[ 3 13],161,-1,532,-1,530
1,<environment.Job instance at 0x7f5886e03780>,4,26,[4 5],5,-1,31,-1,5
1,<environment.Job instance at 0x7f5886e03870>,5,28,[8 2],6,-1,34,-1,6
1,<environment.Job instance at 0x7f5886e03b40>,7,19,[14  3],8,-1,27,-1,8
1,<environment.Job instance at 0x7f5886e03d20>,9,2,[5 1],10,-1,12,-1,10
1,<environment.Job instance at 0x7f5886e03e10>,10,23,[ 2 10],11,-1,34,-1,11
1,<environment.Job instance at 0x7f5886e03a50>,6,21,[11  3],7,-1,33,-1,12
1,<environment.Job instance at 0x7f5886e03960>,12,3,[10  5],13,-1,16,-1,13
1,<environment.Job instance at 0x7f5886e03f00>,13,15,[ 4 11],14,-1,29,-1,14
1,<environment.Job instance at 0x7f5886e03fa0>,14,15,[ 1 11],15,-1,30,-1,15
1,<environment.Job instance at 0x7f5886e01370>,15,24,[11  4],16,-1,40,-1,16
1,<environment.Job instance at 0x7f5886e010a0>,16,21,[14  5],17,-1,38,-1,17
1,<environment.Job instance at 0x7f5886e03c80>,11,3,[ 2 10],12,-1,21,-1,18
1,<environment.Job instance at 0x7f5886e01f50>,17,2,[7 1],18,-1,20,-1,18
1,<environment.Job instance at 0x7f5886e01230>,20,25,[4 7],21,-1,46,-1,21
1,<environment.Job instance at 0x7f5886e010f0>,23,14,[ 2 12],24,-1,38,-1,24
1,<environment.Job instance at 0x7f5886e01b40>,24,20,[ 3 14],25,-1,45,-1,25
1,<environment.Job instance at 0x7f5886e015f0>,25,18,[ 1 11],26,-1,44,-1,26
1,<environment.Job instance at 0x7f5886e01d70>,26,3,[ 5 12],27,-1,30,-1,27
1,<environment.Job instance at 0x7f5886e01690>,27,14,[12  5],28,-1,42,-1,28
1,<environment.Job instance at 0x7f5886e01e60>,37,12,[12  2],38,-1,79,-1,67
1,<environment.Job instance at 0x7f5886dde410>,41,13,[13  1],42,-1,97,-1,84
1,<environment.Job instance at 0x7f5886dde4b0>,42,25,[10  2],43,-1,109,-1,84
1,<environment.Job instance at 0x7f5886dde550>,43,13,[ 2 14],44,-1,97,-1,84
1,<environment.Job instance at 0x7f5886dde050>,44,1,[7 3],45,-1,85,-1,84
1,<environment.Job instance at 0x7f5886dde640>,45,12,[13  1],46,-1,96,-1,84
1,<environment.Job instance at 0x7f5886dde780>,47,14,[13  4],48,-1,111,-1,97
1,<environment.Job instance at 0x7f5886dde820>,48,23,[1 9],49,-1,120,-1,97
1,<environment.Job instance at 0x7f5886dded20>,54,16,[ 4 14],55,-1,149,-1,133
1,<environment.Job instance at 0x7f5886ddeaa0>,56,13,[10  2],57,-1,146,-1,133
1,<environment.Job instance at 0x7f5886ddef00>,58,18,[ 4 13],59,-1,168,-1,150
1,<environment.Job instance at 0x7f5886e170a0>,60,13,[12  2],61,-1,167,-1,154
1,<environment.Job instance at 0x7f5886e172d0>,61,23,[6 1],62,-1,177,-1,154
1,<environment.Job instance at 0x7f5886e174b0>,64,24,[4 5],65,-1,192,-1,168
1,<environment.Job instance at 0x7f5886e17230>,67,13,[11  5],68,-1,194,-1,181
1,<environment.Job instance at 0x7f5886e17820>,70,28,[12  2],71,-1,221,-1,193
1,<environment.Job instance at 0x7f5886e17a00>,73,3,[ 3 12],74,-1,212,-1,209
1,<environment.Job instance at 0x7f5886e17aa0>,74,18,[11  2],75,-1,227,-1,209
1,<environment.Job instance at 0x7f5886e17b40>,75,17,[14  2],76,-1,226,-1,209
1,<environment.Job instance at 0x7f5886e17be0>,76,23,[3 7],77,-1,232,-1,209
1,<environment.Job instance at 0x7f5886e17dc0>,78,15,[13  1],79,-1,229,-1,214
1,<environment.Job instance at 0x7f5886e17e60>,79,19,[11  4],80,-1,233,-1,214
1,<environment.Job instance at 0x7f5886e17fa0>,81,25,[3 9],82,-1,246,-1,221
1,<environment.Job instance at 0x7f5886e12370>,84,18,[5 1],85,-1,254,-1,236
1,<environment.Job instance at 0x7f5886e12230>,85,16,[ 1 12],86,-1,252,-1,236
1,<environment.Job instance at 0x7f5886e125a0>,87,27,[7 4],88,-1,275,-1,248
1,<environment.Job instance at 0x7f5886e127d0>,91,13,[ 2 13],92,-1,290,-1,277
1,<environment.Job instance at 0x7f5886e12aa0>,95,28,[1 7],96,-1,321,-1,293
1,<environment.Job instance at 0x7f5886e12dc0>,99,25,[6 5],100,-1,356,-1,331
1,<environment.Job instance at 0x7f5886e12e60>,100,25,[4 7],101,-1,356,-1,331
1,<environment.Job instance at 0x7f5886e12f50>,101,17,[ 5 11],102,-1,348,-1,331
1,<environment.Job instance at 0x7f5886e12fa0>,102,16,[ 4 12],103,-1,347,-1,331
1,<environment.Job instance at 0x7f5886e0c190>,103,15,[12  5],104,-1,346,-1,331
1,<environment.Job instance at 0x7f5886e0c0a0>,104,22,[14  5],105,-1,353,-1,331
1,<environment.Job instance at 0x7f5886e0c370>,106,26,[9 2],107,-1,369,-1,343
1,<environment.Job instance at 0x7f5886e0c4b0>,108,12,[13  2],109,-1,355,-1,343
1,<environment.Job instance at 0x7f5886e0c5f0>,110,12,[12  4],111,-1,365,-1,353
1,<environment.Job instance at 0x7f5886e0c780>,112,27,[8 5],113,-1,383,-1,356
1,<environment.Job instance at 0x7f5886e0c870>,113,15,[12  4],114,-1,371,-1,356
1,<environment.Job instance at 0x7f5886e0c820>,115,18,[ 1 13],116,-1,383,-1,365
1,<environment.Job instance at 0x7f5886e1baa0>,167,26,[11  3],168,-1,891,-1,865
1,<environment.Job instance at 0x7f5886e1bf00>,168,28,[2 6],169,-1,893,-1,865
1,<environment.Job instance at 0x7f5886c90820>,5,18,[13  1],6,-1,24,-1,6
1,<environment.Job instance at 0x7f5886c62a00>,8,25,[2 8],9,-1,37,-1,12
1,<environment.Job instance at 0x7f5886c62af0>,10,15,[ 3 14],11,-1,27,-1,12
1,<environment.Job instance at 0x7f5886c620f0>,13,17,[ 5 12],14,-1,31,-1,14
1,<environment.Job instance at 0x7f5886c62460>,14,16,[ 3 10],15,-1,35,-1,19
1,<environment.Job instance at 0x7f5886c62140>,17,18,[ 2 14],18,-1,37,-1,19
1,<environment.Job instance at 0x7f5886c62820>,18,12,[14  1],19,-1,31,-1,19
1,<environment.Job instance at 0x7f5886415af0>,19,19,[11  3],20,-1,51,-1,32
1,<environment.Job instance at 0x7f58864150f0>,23,1,[7 5],24,-1,38,-1,37
1,<environment.Job instance at 0x7f5886415e10>,24,19,[ 4 14],25,-1,56,-1,37
1,<environment.Job instance at 0x7f588741f9b0>,27,25,[10  3],28,-1,87,-1,62
1,<environment.Job instance at 0x7f58861c0b40>,28,27,[7 2],29,-1,89,-1,62
1,<environment.Job instance at 0x7f58864159b0>,26,24,[14  1],27,-1,108,-1,84
1,<environment.Job instance at 0x7f588667c280>,32,25,[5 6],33,-1,109,-1,84
1,<environment.Job instance at 0x7f5886e41d20>,34,16,[14  3],35,-1,105,-1,89
1,<environment.Job instance at 0x7f58861ba5a0>,36,23,[ 2 11],37,-1,123,-1,100
1,<environment.Job instance at 0x7f58861ba910>,38,28,[5 5],39,-1,130,-1,102
1,<environment.Job instance at 0x7f5887052f50>,40,13,[12  1],41,-1,118,-1,105
1,<environment.Job instance at 0x7f5887052e10>,41,21,[13  4],42,-1,126,-1,105
1,<environment.Job instance at 0x7f58878ac820>,47,26,[ 1 10],48,-1,173,-1,147
1,<environment.Job instance at 0x7f58866c1be0>,54,1,[ 3 14],55,-1,182,-1,181
1,<environment.Job instance at 0x7f58866c1230>,55,23,[ 1 12],56,-1,204,-1,181
1,<environment.Job instance at 0x7f5886f79550>,57,28,[ 1 13],58,-1,209,-1,181
1,<environment.Job instance at 0x7f5886f79d70>,60,26,[ 4 13],61,-1,225,-1,199
1,<environment.Job instance at 0x7f5886f79b40>,61,24,[5 3],62,-1,223,-1,199
1,<environment.Job instance at 0x7f5886161320>,62,24,[6 2],63,-1,223,-1,199
1,<environment.Job instance at 0x7f5886b6d5a0>,67,14,[ 1 13],68,-1,261,-1,247
1,<environment.Job instance at 0x7f5886b6d8c0>,68,15,[ 3 14],69,-1,262,-1,247
1,<environment.Job instance at 0x7f5886b6d5f0>,70,1,[6 4],71,-1,262,-1,261
1,<environment.Job instance at 0x7f58863dd730>,74,26,[4 5],75,-1,304,-1,278
1,<environment.Job instance at 0x7f58864895a0>,78,16,[11  3],79,-1,312,-1,296
1,<environment.Job instance at 0x7f5886489d20>,79,22,[13  2],80,-1,318,-1,296
1,<environment.Job instance at 0x7f5886489910>,80,15,[ 2 11],81,-1,311,-1,296
1,<environment.Job instance at 0x7f5886489b40>,81,27,[9 3],82,-1,323,-1,296
1,<environment.Job instance at 0x7f58864890a0>,82,17,[ 1 12],83,-1,313,-1,296
1,<environment.Job instance at 0x7f588616f1e0>,86,18,[12  4],87,-1,343,-1,325
1,<environment.Job instance at 0x7f588616f9b0>,89,26,[1 8],90,-1,363,-1,337
1,<environment.Job instance at 0x7f5887a4eaf0>,90,24,[5 6],91,-1,361,-1,337
1,<environment.Job instance at 0x7f5887a4ebe0>,93,26,[8 5],94,-1,376,-1,350
1,<environment.Job instance at 0x7f5887a4eaa0>,94,21,[12  3],95,-1,371,-1,350
1,<environment.Job instance at 0x7f58864602d0>,95,3,[10  4],96,-1,353,-1,350
1,<environment.Job instance at 0x7f5886460c30>,96,26,[ 2 10],97,-1,376,-1,350
1,<environment.Job instance at 0x7f5886460140>,97,1,[4 7],98,-1,351,-1,350
1,<environment.Job instance at 0x7f5886460460>,98,12,[ 5 13],99,-1,362,-1,350
1,<environment.Job instance at 0x7f58874513c0>,99,17,[12  3],100,-1,367,-1,350
1,<environment.Job instance at 0x7f58864604b0>,100,2,[5 7],101,-1,352,-1,350
1,<environment.Job instance at 0x7f58864607d0>,101,28,[8 3],102,-1,378,-1,350
1,<environment.Job instance at 0x7f58875f7aa0>,102,26,[11  4],103,-1,376,-1,350
1,<environment.Job instance at 0x7f58875f7870>,103,2,[ 3 14],104,-1,352,-1,350
1,<environment.Job instance at 0x7f58867dea50>,104,12,[ 5 14],105,-1,362,-1,350
1,<environment.Job instance at 0x7f5886c370f0>,105,27,[ 1 10],106,-1,377,-1,350
1,<environment.Job instance at 0x7f58869a2550>,106,13,[11  4],107,-1,363,-1,350
1,<environment.Job instance at 0x7f58867e9280>,109,28,[ 4 14],110,-1,394,-1,366
1,<environment.Job instance at 0x7f58867e9c80>,114,19,[12  1],115,-1,420,-1,401
1,<environment.Job instance at 0x7f5886c54730>,117,1,[3 8],118,-1,417,-1,416
1,<environment.Job instance at 0x7f58868a40a0>,120,28,[6 2],121,-1,459,-1,431
1,<environment.Job instance at 0x7f58868a44b0>,122,23,[8 2],123,-1,464,-1,441
1,<environment.Job instance at 0x7f588611cf00>,124,12,[14  3],125,-1,455,-1,443
1,<environment.Job instance at 0x7f5886372d20>,126,16,[11  3],127,-1,475,-1,459
1,<environment.Job instance at 0x7f589004ebe0>,130,25,[ 2 13],131,-1,515,-1,490
1,<environment.Job instance at 0x7f589004e2d0>,131,26,[ 5 11],132,-1,516,-1,490
1,<environment.Job instance at 0x7f58863e9cd0>,133,17,[13  3],134,-1,507,-1,490
1,<environment.Job instance at 0x7f5886c67870>,134,28,[5 2],135,-1,518,-1,490
1,<environment.Job instance at 0x7f5886404410>,136,24,[ 4 14],137,-1,533,-1,509
1,<environment.Job instance at 0x7f5886404190>,137,3,[12  2],138,-1,512,-1,509
1,<environment.Job instance at 0x7f58864040a0>,138,22,[ 1 11],139,-1,531,-1,509
1,<environment.Job instance at 0x7f5886411140>,141,13,[14  4],142,-1,534,-1,521
1,<environment.Job instance at 0x7f5886411f50>,143,28,[ 3 14],144,-1,549,-1,521
1,<environment.Job instance at 0x7f5886411dc0>,144,14,[ 1 14],145,-1,535,-1,521
1,<environment.Job instance at 0x7f58864118c0>,145,12,[ 2 13],146,-1,533,-1,521
1,<environment.Job instance at 0x7f58864114b0>,146,27,[9 4],147,-1,548,-1,521
1,<environment.Job instance at 0x7f58864110a0>,147,20,[14  4],148,-1,541,-1,521
1,<environment.Job instance at 0x7f58864110f0>,148,2,[7 1],149,-1,523,-1,521
1,<environment.Job instance at 0x7f5886411a00>,150,1,[13  4],151,-1,531,-1,530
1,<environment.Job instance at 0x7f5886ce0320>,152,2,[ 5 11],153,-1,535,-1,533
1,<environment.Job instance at 0x7f5886ce0d20>,153,25,[9 4],154,-1,558,-1,533
1,<environment.Job instance at 0x7f5886ce0eb0>,156,26,[6 3],157,-1,584,-1,558
1,<environment.Job instance at 0x7f588762d190>,159,27,[5 7],160,-1,586,-1,559
1,<environment.Job instance at 0x7f588762d6e0>,160,18,[ 2 11],161,-1,577,-1,559
1,<environment.Job instance at 0x7f588656aeb0>,162,1,[ 5 12],163,-1,577,-1,576
1,<environment.Job instance at 0x7f5886676050>,163,27,[ 2 10],164,-1,603,-1,576
1,<environment.Job instance at 0x7f5886676910>,164,22,[ 2 13],165,-1,598,-1,576
1,<environment.Job instance at 0x7f5886676eb0>,165,25,[1 7],166,-1,602,-1,577
1,<environment.Job instance at 0x7f58866769b0>,166,18,[13  1],167,-1,595,-1,577
1,<environment.Job instance at 0x7f5886676370>,168,1,[10  2],169,-1,578,-1,577
1,<environment.Job instance at 0x7f588794bc80>,4,18,[ 1 11],5,-1,23,-1,5
1,<environment.Job instance at 0x7f58861bd1e0>,7,1,[ 3 10],8,-1,10,-1,9
1,<environment.Job instance at 0x7f58861bd9b0>,9,1,[5 4],10,-1,11,-1,10
1,<environment.Job instance at 0x7f588ffb2af0>,25,28,[14  4],26,-1,158,-1,130
1,<environment.Job instance at 0x7f58861bd6e0>,10,22,[1 8],11,-1,152,-1,130
1,<environment.Job instance at 0x7f588ffb2910>,27,15,[14  1],28,-1,145,-1,130
1,<environment.Job instance at 0x7f588ffb2320>,28,17,[ 3 11],29,-1,147,-1,130
1,<environment.Job instance at 0x7f588ffb24b0>,29,26,[13  3],30,-1,156,-1,130
1,<environment.Job instance at 0x7f588ffb27d0>,30,2,[7 2],31,-1,132,-1,130
1,<environment.Job instance at 0x7f588ffb21e0>,31,2,[4 5],32,-1,132,-1,130
1,<environment.Job instance at 0x7f588ffb25a0>,33,13,[ 5 11],34,-1,157,-1,144
1,<environment.Job instance at 0x7f588ffb26e0>,34,3,[11  2],35,-1,147,-1,144
1,<environment.Job instance at 0x7f588ffb2190>,36,14,[12  5],37,-1,162,-1,148
1,<environment.Job instance at 0x7f588ffb2be0>,37,25,[6 2],38,-1,173,-1,148
1,<environment.Job instance at 0x7f5886fb8c80>,38,3,[1 8],39,-1,151,-1,148
1,<environment.Job instance at 0x7f5886fb84b0>,39,3,[10  1],40,-1,151,-1,148
1,<environment.Job instance at 0x7f5886fb8dc0>,41,25,[ 3 12],42,-1,176,-1,151
1,<environment.Job instance at 0x7f5886554730>,45,21,[ 2 11],46,-1,190,-1,169
1,<environment.Job instance at 0x7f58868b68c0>,46,2,[5 8],47,-1,171,-1,169
1,<environment.Job instance at 0x7f588799bf00>,48,1,[2 7],49,-1,178,-1,177
1,<environment.Job instance at 0x7f588799b370>,50,28,[14  2],51,-1,209,-1,181
1,<environment.Job instance at 0x7f588799b550>,51,28,[6 2],52,-1,209,-1,181
1,<environment.Job instance at 0x7f58873955f0>,52,24,[5 4],53,-1,205,-1,181
1,<environment.Job instance at 0x7f5887395cd0>,54,15,[ 4 14],55,-1,209,-1,194
1,<environment.Job instance at 0x7f5887395690>,55,17,[12  1],56,-1,211,-1,194
1,<environment.Job instance at 0x7f5887396f00>,63,12,[8 1],64,-1,268,-1,256
1,<environment.Job instance at 0x7f5886c17c30>,64,19,[ 2 12],65,-1,275,-1,256
1,<environment.Job instance at 0x7f5886c40be0>,65,13,[3 7],66,-1,269,-1,256
1,<environment.Job instance at 0x7f5886c40a50>,68,1,[7 5],69,-1,274,-1,273
1,<environment.Job instance at 0x7f5886c40d20>,69,17,[10  1],70,-1,290,-1,273
1,<environment.Job instance at 0x7f5886929e10>,70,13,[1 9],71,-1,286,-1,273
1,<environment.Job instance at 0x7f588695c500>,77,26,[5 7],78,-1,343,-1,317
1,<environment.Job instance at 0x7f5886edd2d0>,79,28,[9 1],80,-1,358,-1,330
1,<environment.Job instance at 0x7f58875c7500>,81,14,[11  3],82,-1,363,-1,349
1,<environment.Job instance at 0x7f5886edd8c0>,83,28,[11  2],84,-1,377,-1,349
1,<environment.Job instance at 0x7f5886deb4b0>,91,3,[5 5],92,-1,420,-1,417
1,<environment.Job instance at 0x7f5886deb3c0>,92,13,[10  1],93,-1,430,-1,417
1,<environment.Job instance at 0x7f58868a7b40>,93,13,[ 4 11],94,-1,430,-1,417
1,<environment.Job instance at 0x7f5886deb5f0>,96,15,[2 7],97,-1,442,-1,427
1,<environment.Job instance at 0x7f58866737d0>,97,12,[ 3 10],98,-1,439,-1,427
1,<environment.Job instance at 0x7f5886deb780>,98,16,[7 2],99,-1,443,-1,427
1,<environment.Job instance at 0x7f58877a6af0>,99,14,[13  2],100,-1,441,-1,427
1,<environment.Job instance at 0x7f58873cc190>,100,26,[8 5],101,-1,453,-1,427
1,<environment.Job instance at 0x7f58873cc410>,101,13,[9 1],102,-1,440,-1,427
1,<environment.Job instance at 0x7f58873ccd70>,102,20,[12  3],103,-1,447,-1,427
1,<environment.Job instance at 0x7f58873cc820>,103,25,[8 2],104,-1,452,-1,427
1,<environment.Job instance at 0x7f58873cce10>,104,28,[10  4],105,-1,455,-1,427
1,<environment.Job instance at 0x7f58873cc5a0>,106,21,[13  4],107,-1,457,-1,436
1,<environment.Job instance at 0x7f58872e3190>,107,15,[ 3 11],108,-1,451,-1,436
1,<environment.Job instance at 0x7f58872e3550>,108,23,[ 3 10],109,-1,459,-1,436
1,<environment.Job instance at 0x7f58872e33c0>,110,3,[11  1],111,-1,447,-1,444
1,<environment.Job instance at 0x7f58872e3a50>,111,23,[10  4],112,-1,467,-1,444
1,<environment.Job instance at 0x7f58872e3280>,112,14,[ 1 11],113,-1,458,-1,444
1,<environment.Job instance at 0x7f58872e3eb0>,113,18,[5 2],114,-1,462,-1,444
1,<environment.Job instance at 0x7f58872ce3c0>,114,21,[ 3 13],115,-1,465,-1,444
1,<environment.Job instance at 0x7f58872cee10>,115,18,[5 4],116,-1,462,-1,444
1,<environment.Job instance at 0x7f58872ce4b0>,117,15,[6 1],118,-1,470,-1,455
1,<environment.Job instance at 0x7f58872ce5f0>,118,12,[11  4],119,-1,467,-1,455
1,<environment.Job instance at 0x7f58872ce230>,120,12,[10  3],121,-1,468,-1,456
1,<environment.Job instance at 0x7f58867c25a0>,122,14,[14  5],123,-1,482,-1,468
1,<environment.Job instance at 0x7f5887939550>,123,13,[ 4 11],124,-1,481,-1,468
1,<environment.Job instance at 0x7f5887939640>,124,12,[11  4],125,-1,480,-1,468
1,<environment.Job instance at 0x7f5887939be0>,125,26,[ 5 13],126,-1,494,-1,468
1,<environment.Job instance at 0x7f5887939410>,127,18,[ 4 14],128,-1,489,-1,471
1,<environment.Job instance at 0x7f5887939910>,128,16,[5 2],129,-1,487,-1,471
1,<environment.Job instance at 0x7f5887939230>,129,17,[ 1 14],130,-1,488,-1,471
1,<environment.Job instance at 0x7f58879391e0>,131,24,[12  3],132,-1,510,-1,486
1,<environment.Job instance at 0x7f5886f9b230>,132,12,[11  5],133,-1,498,-1,486
1,<environment.Job instance at 0x7f5886f9b0a0>,133,16,[ 5 13],134,-1,502,-1,486
1,<environment.Job instance at 0x7f5886f9b690>,134,18,[ 1 12],135,-1,504,-1,486
1,<environment.Job instance at 0x7f5886f9bb90>,135,26,[4 8],136,-1,512,-1,486
1,<environment.Job instance at 0x7f5886f9bd70>,136,2,[ 1 10],137,-1,488,-1,486
1,<environment.Job instance at 0x7f5886f9bf50>,139,14,[ 1 12],140,-1,517,-1,503
1,<environment.Job instance at 0x7f5886d48c30>,140,17,[13  3],141,-1,520,-1,503
1,<environment.Job instance at 0x7f5886d48f00>,141,12,[14  4],142,-1,515,-1,503
1,<environment.Job instance at 0x7f5886d48dc0>,142,19,[1 7],143,-1,522,-1,503
1,<environment.Job instance at 0x7f5886d48b90>,144,24,[2 7],145,-1,528,-1,504
1,<environment.Job instance at 0x7f5886d48140>,145,16,[13  3],146,-1,520,-1,504
1,<environment.Job instance at 0x7f5886d48190>,146,13,[5 2],147,-1,517,-1,504
1,<environment.Job instance at 0x7f5886d48f50>,147,2,[6 3],148,-1,506,-1,504
1,<environment.Job instance at 0x7f588670e690>,151,18,[14  5],152,-1,538,-1,520
1,<environment.Job instance at 0x7f588739ebe0>,152,28,[8 5],153,-1,548,-1,520
1,<environment.Job instance at 0x7f588670eaf0>,153,16,[ 4 11],154,-1,536,-1,520
1,<environment.Job instance at 0x7f588670e7d0>,154,1,[6 3],155,-1,521,-1,520
1,<environment.Job instance at 0x7f58879cbfa0>,155,14,[ 2 10],156,-1,534,-1,520
1,<environment.Job instance at 0x7f58879cbb40>,157,18,[ 3 14],158,-1,554,-1,536
1,<environment.Job instance at 0x7f5886a0bf00>,158,16,[12  1],159,-1,552,-1,536
1,<environment.Job instance at 0x7f58861510f0>,160,18,[1 5],161,-1,554,-1,536
1,<environment.Job instance at 0x7f588698e050>,161,19,[ 2 12],162,-1,555,-1,536
1,<environment.Job instance at 0x7f5886a42a50>,162,17,[ 2 12],163,-1,553,-1,536
1,<environment.Job instance at 0x7f5886debd70>,95,17,[ 5 14],96,-1,691,-1,674
1,<environment.Job instance at 0x7f5886c14c80>,4,18,[14  2],5,-1,23,-1,5
1,<environment.Job instance at 0x7f5886c14870>,5,19,[11  5],6,-1,25,-1,6
1,<environment.Job instance at 0x7f5886c140f0>,12,2,[ 5 11],13,-1,36,-1,34
1,<environment.Job instance at 0x7f58871650f0>,13,16,[ 5 11],14,-1,50,-1,34
1,<environment.Job instance at 0x7f5887165640>,16,28,[7 1],17,-1,78,-1,50
1,<environment.Job instance at 0x7f5886b11e10>,18,27,[ 1 10],19,-1,85,-1,58
1,<environment.Job instance at 0x7f5886b110a0>,19,13,[ 4 12],20,-1,71,-1,58
1,<environment.Job instance at 0x7f58879f3910>,20,14,[12  2],21,-1,72,-1,58
1,<environment.Job instance at 0x7f58879f3500>,21,23,[1 8],22,-1,88,-1,65
1,<environment.Job instance at 0x7f5886380af0>,24,13,[ 5 13],25,-1,78,-1,65
1,<environment.Job instance at 0x7f5886e5b9b0>,25,26,[3 8],26,-1,91,-1,65
1,<environment.Job instance at 0x7f5886e5b8c0>,27,13,[ 1 14],28,-1,78,-1,65
1,<environment.Job instance at 0x7f5886e5bf50>,29,23,[13  1],30,-1,106,-1,83
1,<environment.Job instance at 0x7f5886b2b320>,31,13,[ 3 13],32,-1,96,-1,83
1,<environment.Job instance at 0x7f5887641690>,32,15,[11  2],33,-1,98,-1,83
1,<environment.Job instance at 0x7f58870f8550>,33,23,[ 1 10],34,-1,106,-1,83
1,<environment.Job instance at 0x7f5887641730>,34,28,[ 1 14],35,-1,111,-1,83
1,<environment.Job instance at 0x7f588735d460>,37,2,[4 8],38,-1,99,-1,97
1,<environment.Job instance at 0x7f58866c1460>,38,24,[4 6],39,-1,121,-1,97
1,<environment.Job instance at 0x7f58870a3190>,40,21,[ 4 13],41,-1,125,-1,104
1,<environment.Job instance at 0x7f5886e0b870>,45,24,[ 1 14],46,-1,160,-1,136
1,<environment.Job instance at 0x7f58877bef00>,64,15,[14  5],65,-1,333,-1,318
1,<environment.Job instance at 0x7f58861be0a0>,65,2,[9 2],66,-1,320,-1,318
1,<environment.Job instance at 0x7f58861bebe0>,66,18,[ 5 14],67,-1,336,-1,318
1,<environment.Job instance at 0x7f58861becd0>,67,25,[12  4],68,-1,343,-1,318
1,<environment.Job instance at 0x7f5886179370>,4,13,[ 1 13],5,-1,18,-1,5
1,<environment.Job instance at 0x7f588638e5a0>,8,23,[ 2 14],9,-1,32,-1,9
1,<environment.Job instance at 0x7f58867aaeb0>,24,1,[7 2],25,-1,134,-1,133
1,<environment.Job instance at 0x7f58867aab90>,25,25,[9 5],26,-1,158,-1,133
1,<environment.Job instance at 0x7f58867aa140>,26,2,[ 1 13],27,-1,135,-1,133
1,<environment.Job instance at 0x7f58867aa1e0>,27,28,[5 8],28,-1,161,-1,133
1,<environment.Job instance at 0x7f58867aa5a0>,28,15,[2 9],29,-1,152,-1,137
1,<environment.Job instance at 0x7f58867aa460>,29,15,[14  2],30,-1,152,-1,137
1,<environment.Job instance at 0x7f58867aaaa0>,30,20,[ 2 10],31,-1,157,-1,137
1,<environment.Job instance at 0x7f58867aa280>,32,26,[10  5],33,-1,163,-1,137
1,<environment.Job instance at 0x7f58867c89b0>,33,15,[ 1 13],34,-1,152,-1,137
1,<environment.Job instance at 0x7f58867c8870>,34,13,[2 7],35,-1,150,-1,137
1,<environment.Job instance at 0x7f58867c8af0>,35,12,[5 6],36,-1,149,-1,137
1,<environment.Job instance at 0x7f58867c8050>,36,15,[ 5 14],37,-1,152,-1,137
1,<environment.Job instance at 0x7f588657ed20>,37,27,[8 4],38,-1,164,-1,137
1,<environment.Job instance at 0x7f58877efcd0>,38,14,[1 8],39,-1,151,-1,137
1,<environment.Job instance at 0x7f5886365d70>,39,14,[9 1],40,-1,151,-1,137
1,<environment.Job instance at 0x7f58867aa190>,40,13,[8 3],41,-1,150,-1,137
1,<environment.Job instance at 0x7f588647e2d0>,41,15,[ 4 11],42,-1,152,-1,137
1,<environment.Job instance at 0x7f58867aa550>,44,18,[ 2 14],45,-1,171,-1,153
1,<environment.Job instance at 0x7f58877c2a00>,45,15,[1 9],46,-1,169,-1,154
1,<environment.Job instance at 0x7f5886b26500>,46,27,[4 6],47,-1,181,-1,154
1,<environment.Job instance at 0x7f58862791e0>,47,24,[5 9],48,-1,178,-1,154
1,<environment.Job instance at 0x7f58867859b0>,48,15,[ 1 10],49,-1,169,-1,154
1,<environment.Job instance at 0x7f5886279f50>,50,13,[ 1 10],51,-1,173,-1,160
1,<environment.Job instance at 0x7f5886267d70>,52,14,[3 7],53,-1,181,-1,167
1,<environment.Job instance at 0x7f5886267cd0>,54,28,[ 5 10],55,-1,205,-1,177
1,<environment.Job instance at 0x7f5886267d20>,55,12,[11  2],56,-1,189,-1,177
1,<environment.Job instance at 0x7f588628a5a0>,56,27,[5 6],57,-1,204,-1,177
1,<environment.Job instance at 0x7f588628acd0>,58,3,[4 6],59,-1,181,-1,178
1,<environment.Job instance at 0x7f588628ac80>,59,2,[12  4],60,-1,180,-1,178
1,<environment.Job instance at 0x7f588628ae60>,60,13,[8 1],61,-1,191,-1,178
1,<environment.Job instance at 0x7f588627ccd0>,61,17,[12  4],62,-1,195,-1,178
1,<environment.Job instance at 0x7f588627c690>,63,18,[ 5 14],64,-1,212,-1,194
1,<environment.Job instance at 0x7f588627cc30>,64,18,[ 2 14],65,-1,212,-1,194
1,<environment.Job instance at 0x7f588627c5f0>,66,3,[11  2],67,-1,199,-1,196
1,<environment.Job instance at 0x7f588627c7d0>,68,1,[ 5 14],69,-1,210,-1,209
1,<environment.Job instance at 0x7f588627c050>,69,15,[2 9],70,-1,225,-1,210
1,<environment.Job instance at 0x7f588627c0f0>,71,27,[ 2 11],72,-1,237,-1,210
1,<environment.Job instance at 0x7f5886281e10>,72,19,[ 3 14],73,-1,229,-1,210
1,<environment.Job instance at 0x7f58862814b0>,74,27,[6 4],75,-1,255,-1,228
1,<environment.Job instance at 0x7f5886281690>,75,13,[10  5],76,-1,242,-1,229
1,<environment.Job instance at 0x7f5886281780>,77,12,[3 8],78,-1,241,-1,229
1,<environment.Job instance at 0x7f5886281410>,79,20,[1 5],80,-1,271,-1,251
1,<environment.Job instance at 0x7f5886281a50>,80,2,[10  2],81,-1,253,-1,251
1,<environment.Job instance at 0x7f5886281c80>,81,16,[14  3],82,-1,267,-1,251
1,<environment.Job instance at 0x7f5886281e60>,82,23,[4 5],83,-1,274,-1,251
1,<environment.Job instance at 0x7f5886281b90>,83,18,[4 6],84,-1,296,-1,278
1,<environment.Job instance at 0x7f588629b460>,86,14,[3 9],87,-1,294,-1,280
1,<environment.Job instance at 0x7f588629b500>,87,20,[8 1],88,-1,300,-1,280
1,<environment.Job instance at 0x7f588629b3c0>,88,28,[5 3],89,-1,308,-1,280
1,<environment.Job instance at 0x7f588629b2d0>,89,3,[10  2],90,-1,283,-1,280
1,<environment.Job instance at 0x7f588629bc30>,91,19,[13  4],92,-1,310,-1,291
1,<environment.Job instance at 0x7f588629baf0>,94,3,[2 9],95,-1,325,-1,322
1,<environment.Job instance at 0x7f588629b6e0>,95,12,[ 2 14],96,-1,334,-1,322
1,<environment.Job instance at 0x7f588629b910>,96,25,[ 2 12],97,-1,347,-1,322
1,<environment.Job instance at 0x7f588678fa50>,97,22,[1 7],98,-1,344,-1,322
1,<environment.Job instance at 0x7f588627a140>,99,12,[10  4],100,-1,336,-1,324
1,<environment.Job instance at 0x7f588627ac30>,100,16,[5 1],101,-1,340,-1,324
1,<environment.Job instance at 0x7f588627a910>,103,14,[ 2 12],104,-1,349,-1,335
1,<environment.Job instance at 0x7f588627a690>,105,22,[1 7],106,-1,364,-1,342
1,<environment.Job instance at 0x7f588627ab90>,106,13,[5 2],107,-1,355,-1,342
1,<environment.Job instance at 0x7f588627a5f0>,107,27,[5 2],108,-1,369,-1,342
1,<environment.Job instance at 0x7f588627a1e0>,108,21,[13  1],109,-1,363,-1,342
1,<environment.Job instance at 0x7f588627aeb0>,109,13,[5 1],110,-1,355,-1,342
1,<environment.Job instance at 0x7f588628fd70>,110,14,[10  2],111,-1,356,-1,342
1,<environment.Job instance at 0x7f588628fe60>,111,13,[6 3],112,-1,355,-1,342
1,<environment.Job instance at 0x7f588628fa00>,113,14,[7 3],114,-1,359,-1,345
1,<environment.Job instance at 0x7f588628f960>,114,15,[9 1],115,-1,360,-1,345
1,<environment.Job instance at 0x7f588628faf0>,115,12,[1 5],116,-1,357,-1,345
1,<environment.Job instance at 0x7f588780a730>,117,15,[1 7],118,-1,371,-1,356
1,<environment.Job instance at 0x7f588663f780>,118,17,[11  1],119,-1,373,-1,356
1,<environment.Job instance at 0x7f588628f9b0>,119,23,[14  4],120,-1,379,-1,356
1,<environment.Job instance at 0x7f588663f6e0>,120,16,[14  2],121,-1,372,-1,356
1,<environment.Job instance at 0x7f5887814820>,121,17,[4 5],122,-1,375,-1,358
1,<environment.Job instance at 0x7f58878143c0>,122,24,[1 5],123,-1,382,-1,358
1,<environment.Job instance at 0x7f5887814410>,123,14,[10  5],124,-1,375,-1,361
1,<environment.Job instance at 0x7f58878147d0>,124,13,[ 2 10],125,-1,374,-1,361
1,<environment.Job instance at 0x7f5886283410>,125,1,[6 2],126,-1,362,-1,361
1,<environment.Job instance at 0x7f5886b530f0>,126,14,[9 1],127,-1,375,-1,361
1,<environment.Job instance at 0x7f58866429b0>,127,28,[ 3 11],128,-1,389,-1,361
1,<environment.Job instance at 0x7f58868d4f50>,128,13,[10  2],129,-1,374,-1,361
1,<environment.Job instance at 0x7f5886179410>,129,18,[ 3 10],130,-1,379,-1,361
1,<environment.Job instance at 0x7f5886786e60>,130,12,[13  5],131,-1,373,-1,361
1,<environment.Job instance at 0x7f588783b0a0>,132,21,[ 3 14],133,-1,382,-1,361
1,<environment.Job instance at 0x7f58868a5c30>,133,19,[4 7],134,-1,394,-1,375
1,<environment.Job instance at 0x7f58868a53c0>,135,28,[9 5],136,-1,403,-1,375
1,<environment.Job instance at 0x7f58868a5780>,136,25,[8 1],137,-1,400,-1,375
1,<environment.Job instance at 0x7f58868a52d0>,137,20,[ 5 11],138,-1,395,-1,375
1,<environment.Job instance at 0x7f5886643140>,139,16,[10  1],140,-1,398,-1,382
1,<environment.Job instance at 0x7f58866435a0>,141,16,[11  2],142,-1,398,-1,382
1,<environment.Job instance at 0x7f5886643a00>,143,12,[ 5 10],144,-1,407,-1,395
1,<environment.Job instance at 0x7f58866430a0>,144,24,[ 4 10],145,-1,419,-1,395
1,<environment.Job instance at 0x7f5886643410>,145,1,[11  2],146,-1,396,-1,395
1,<environment.Job instance at 0x7f5886564c80>,146,19,[2 6],147,-1,419,-1,400
1,<environment.Job instance at 0x7f5886564aa0>,148,23,[7 5],149,-1,423,-1,400
1,<environment.Job instance at 0x7f58866344b0>,149,14,[ 4 11],150,-1,414,-1,400
1,<environment.Job instance at 0x7f58866346e0>,150,15,[11  4],151,-1,415,-1,400
1,<environment.Job instance at 0x7f5886564140>,151,2,[5 9],152,-1,402,-1,400
1,<environment.Job instance at 0x7f58866356e0>,152,2,[5 3],153,-1,402,-1,400
1,<environment.Job instance at 0x7f5886635780>,153,13,[7 1],154,-1,413,-1,400
1,<environment.Job instance at 0x7f5887836aa0>,155,12,[2 6],156,-1,422,-1,410
1,<environment.Job instance at 0x7f5887836a50>,156,22,[ 4 10],157,-1,432,-1,410
1,<environment.Job instance at 0x7f588658c4b0>,157,1,[ 1 12],158,-1,411,-1,410
1,<environment.Job instance at 0x7f588658cf00>,159,17,[5 5],160,-1,477,-1,460
1,<environment.Job instance at 0x7f58868b32d0>,164,14,[1 5],165,-1,475,-1,461
1,<environment.Job instance at 0x7f58868b3230>,165,23,[1 6],166,-1,484,-1,461
1,<environment.Job instance at 0x7f58868b34b0>,166,26,[2 9],167,-1,487,-1,461
1,<environment.Job instance at 0x7f588618c780>,167,28,[13  1],168,-1,489,-1,461
1,<environment.Job instance at 0x7f58868b3910>,168,15,[ 3 11],169,-1,476,-1,461
1,<environment.Job instance at 0x7f588628f460>,5,14,[12  2],6,-1,21,-1,7
1,<environment.Job instance at 0x7f588625f7d0>,12,16,[12  4],13,-1,48,-1,32
1,<environment.Job instance at 0x7f588625fb40>,13,28,[ 3 10],14,-1,60,-1,32
1,<environment.Job instance at 0x7f588625f870>,14,15,[13  1],15,-1,47,-1,32
1,<environment.Job instance at 0x7f588625fdc0>,17,28,[13  4],18,-1,78,-1,50
1,<environment.Job instance at 0x7f588625f780>,20,15,[ 4 11],21,-1,86,-1,71
1,<environment.Job instance at 0x7f588625f140>,21,26,[9 5],22,-1,97,-1,71
1,<environment.Job instance at 0x7f588625fc30>,22,24,[9 4],23,-1,95,-1,71
1,<environment.Job instance at 0x7f588625fe60>,23,2,[2 8],24,-1,73,-1,71
1,<environment.Job instance at 0x7f588625f190>,24,25,[ 2 12],25,-1,96,-1,71
1,<environment.Job instance at 0x7f588625f0f0>,26,16,[12  5],27,-1,94,-1,78
1,<environment.Job instance at 0x7f588625f320>,27,25,[4 9],28,-1,103,-1,78
1,<environment.Job instance at 0x7f588625f960>,28,28,[2 5],29,-1,106,-1,78
1,<environment.Job instance at 0x7f588625fd70>,31,2,[ 3 12],32,-1,84,-1,82
1,<environment.Job instance at 0x7f588625f2d0>,33,1,[5 5],34,-1,86,-1,85
1,<environment.Job instance at 0x7f588625fc80>,34,13,[ 1 10],35,-1,98,-1,85
1,<environment.Job instance at 0x7f5886560eb0>,37,18,[14  4],38,-1,118,-1,100
1,<environment.Job instance at 0x7f5886560b40>,39,13,[ 2 13],40,-1,127,-1,114
1,<environment.Job instance at 0x7f58865607d0>,40,25,[ 2 14],41,-1,139,-1,114
1,<environment.Job instance at 0x7f5886560af0>,41,27,[4 5],42,-1,141,-1,114
1,<environment.Job instance at 0x7f5886560280>,46,2,[ 1 10],47,-1,142,-1,140
1,<environment.Job instance at 0x7f5886635b40>,50,12,[11  5],51,-1,180,-1,168
1,<environment.Job instance at 0x7f5886635640>,51,3,[9 5],52,-1,171,-1,168
1,<environment.Job instance at 0x7f5886635aa0>,52,3,[5 4],53,-1,171,-1,168
1,<environment.Job instance at 0x7f5886635960>,56,14,[ 3 14],57,-1,199,-1,185
1,<environment.Job instance at 0x7f58866352d0>,57,15,[ 2 12],58,-1,200,-1,185
1,<environment.Job instance at 0x7f5886635730>,59,16,[ 3 12],60,-1,201,-1,185
1,<environment.Job instance at 0x7f5886635eb0>,60,12,[12  3],61,-1,197,-1,185
1,<environment.Job instance at 0x7f5886635c80>,63,28,[4 8],64,-1,234,-1,206
1,<environment.Job instance at 0x7f5886635230>,64,3,[6 5],65,-1,209,-1,206
1,<environment.Job instance at 0x7f5886583410>,70,24,[7 1],71,-1,256,-1,232
1,<environment.Job instance at 0x7f5886583a00>,72,13,[12  5],73,-1,258,-1,245
1,<environment.Job instance at 0x7f5886583690>,75,25,[11  2],76,-1,289,-1,264
1,<environment.Job instance at 0x7f5886583550>,76,20,[ 1 10],77,-1,310,-1,290
1,<environment.Job instance at 0x7f5886583b90>,80,24,[ 5 13],81,-1,314,-1,290
1,<environment.Job instance at 0x7f5886583c30>,81,2,[7 1],82,-1,292,-1,290
1,<environment.Job instance at 0x7f5886583e10>,82,17,[ 3 11],83,-1,307,-1,290
1,<environment.Job instance at 0x7f58865837d0>,84,24,[8 4],85,-1,320,-1,296
1,<environment.Job instance at 0x7f5887814870>,86,1,[5 3],87,-1,314,-1,313
1,<environment.Job instance at 0x7f5887814f50>,88,2,[9 2],89,-1,326,-1,324
1,<environment.Job instance at 0x7f5887814d20>,90,25,[7 2],91,-1,349,-1,324
1,<environment.Job instance at 0x7f58878144b0>,91,16,[ 5 11],92,-1,340,-1,324
1,<environment.Job instance at 0x7f5887814dc0>,92,22,[10  1],93,-1,356,-1,334
1,<environment.Job instance at 0x7f5887814370>,94,23,[13  4],95,-1,357,-1,334
1,<environment.Job instance at 0x7f5887814780>,95,17,[12  1],96,-1,351,-1,334
1,<environment.Job instance at 0x7f58866342d0>,104,2,[3 8],105,-1,384,-1,382
1,<environment.Job instance at 0x7f5886634b40>,117,17,[ 2 13],118,-1,508,-1,491
1,<environment.Job instance at 0x7f58868a0a50>,119,13,[14  4],120,-1,508,-1,495
1,<environment.Job instance at 0x7f58868a06e0>,121,13,[12  4],122,-1,509,-1,496
1,<environment.Job instance at 0x7f58868a0960>,123,18,[14  5],124,-1,514,-1,496
1,<environment.Job instance at 0x7f58868a0aa0>,124,1,[ 3 14],125,-1,497,-1,496
1,<environment.Job instance at 0x7f58868a0050>,125,23,[ 1 10],126,-1,519,-1,496
1,<environment.Job instance at 0x7f588658c2d0>,130,25,[ 3 14],131,-1,572,-1,547
1,<environment.Job instance at 0x7f588658c5f0>,131,3,[2 8],132,-1,550,-1,547
1,<environment.Job instance at 0x7f588658c230>,132,18,[ 5 14],133,-1,565,-1,547
1,<environment.Job instance at 0x7f588658c0f0>,133,12,[ 2 13],134,-1,559,-1,547
1,<environment.Job instance at 0x7f588658c960>,134,12,[11  2],135,-1,559,-1,547
1,<environment.Job instance at 0x7f5887396b40>,135,27,[11  3],136,-1,574,-1,547
1,<environment.Job instance at 0x7f5886a5c4b0>,136,28,[ 3 13],137,-1,575,-1,547
1,<environment.Job instance at 0x7f588629bd70>,137,14,[ 4 11],138,-1,561,-1,547
1,<environment.Job instance at 0x7f588629b410>,138,22,[3 7],139,-1,580,-1,558
1,<environment.Job instance at 0x7f588644f460>,141,12,[ 4 14],142,-1,573,-1,561
1,<environment.Job instance at 0x7f588629b280>,142,26,[ 4 12],143,-1,587,-1,561
1,<environment.Job instance at 0x7f588ffb76e0>,143,18,[ 2 10],144,-1,620,-1,602
1,<environment.Job instance at 0x7f58866b43c0>,149,18,[5 1],150,-1,621,-1,603
1,<environment.Job instance at 0x7f5886e32a50>,150,13,[7 1],151,-1,616,-1,603
1,<environment.Job instance at 0x7f5886cd0280>,151,13,[1 7],152,-1,618,-1,605
1,<environment.Job instance at 0x7f588646f960>,158,23,[ 1 11],159,-1,667,-1,644
1,<environment.Job instance at 0x7f5886764500>,160,2,[3 5],161,-1,646,-1,644
1,<environment.Job instance at 0x7f5887397c80>,161,17,[13  4],162,-1,661,-1,644
1,<environment.Job instance at 0x7f5886764050>,162,26,[5 8],163,-1,670,-1,644
1,<environment.Job instance at 0x7f5886ab13c0>,163,17,[12  5],164,-1,661,-1,644
1,<environment.Job instance at 0x7f5886734370>,166,13,[11  5],167,-1,669,-1,656
1,<environment.Job instance at 0x7f5886af7690>,168,21,[14  3],169,-1,677,-1,656
1,<environment.Job instance at 0x7f589001c500>,10,23,[ 1 10],11,-1,48,-1,25
1,<environment.Job instance at 0x7f589001c4b0>,11,13,[14  5],12,-1,38,-1,25
1,<environment.Job instance at 0x7f589001c960>,14,28,[5 9],15,-1,68,-1,40
1,<environment.Job instance at 0x7f58877a5370>,18,14,[ 1 10],19,-1,67,-1,53
1,<environment.Job instance at 0x7f58877a5780>,19,1,[10  3],20,-1,54,-1,53
1,<environment.Job instance at 0x7f58877a5b90>,20,28,[3 8],21,-1,81,-1,53
1,<environment.Job instance at 0x7f58877a5a00>,21,1,[5 2],22,-1,54,-1,53
1,<environment.Job instance at 0x7f58877a55f0>,23,12,[12  1],24,-1,77,-1,65
1,<environment.Job instance at 0x7f58877de5a0>,29,18,[ 4 11],30,-1,115,-1,97
1,<environment.Job instance at 0x7f58877de190>,30,27,[5 6],31,-1,124,-1,97
1,<environment.Job instance at 0x7f58877de460>,32,24,[8 1],33,-1,132,-1,108
1,<environment.Job instance at 0x7f58877de6e0>,34,15,[ 5 14],35,-1,125,-1,110
1,<environment.Job instance at 0x7f58877deb40>,35,18,[ 5 13],36,-1,128,-1,110
1,<environment.Job instance at 0x7f58877dea50>,36,13,[9 1],37,-1,137,-1,124
1,<environment.Job instance at 0x7f58877de730>,38,2,[10  1],39,-1,126,-1,124
1,<environment.Job instance at 0x7f58877def00>,40,17,[ 5 13],41,-1,155,-1,138
1,<environment.Job instance at 0x7f58877de370>,41,12,[ 5 12],42,-1,150,-1,138
1,<environment.Job instance at 0x7f588623e190>,43,3,[6 3],44,-1,141,-1,138
1,<environment.Job instance at 0x7f588623e280>,46,3,[8 5],47,-1,161,-1,158
1,<environment.Job instance at 0x7f588623eb90>,52,13,[13  2],53,-1,201,-1,188
1,<environment.Job instance at 0x7f588623e9b0>,55,1,[4 6],56,-1,202,-1,201
1,<environment.Job instance at 0x7f588623ed20>,56,14,[ 5 10],57,-1,215,-1,201
1,<environment.Job instance at 0x7f588623ef00>,57,19,[1 9],58,-1,221,-1,202
1,<environment.Job instance at 0x7f588623e140>,59,3,[4 5],60,-1,219,-1,216
1,<environment.Job instance at 0x7f58867b9aa0>,63,18,[13  3],64,-1,268,-1,250
1,<environment.Job instance at 0x7f58867b9a00>,66,28,[11  1],67,-1,294,-1,266
1,<environment.Job instance at 0x7f58867b9be0>,69,16,[11  4],70,-1,290,-1,274
1,<environment.Job instance at 0x7f58867b9c30>,70,19,[14  3],71,-1,293,-1,274
1,<environment.Job instance at 0x7f58867b9410>,71,28,[ 2 11],72,-1,302,-1,274
1,<environment.Job instance at 0x7f58867b9500>,72,17,[12  1],73,-1,291,-1,274
1,<environment.Job instance at 0x7f58867b9f00>,74,14,[13  3],75,-1,288,-1,274
1,<environment.Job instance at 0x7f58867b9230>,75,12,[3 9],76,-1,286,-1,274
1,<environment.Job instance at 0x7f58867b9a50>,76,17,[5 1],77,-1,291,-1,274
1,<environment.Job instance at 0x7f58867b9f50>,77,24,[ 2 12],78,-1,298,-1,274
1,<environment.Job instance at 0x7f58867b94b0>,78,21,[ 5 14],79,-1,295,-1,274
1,<environment.Job instance at 0x7f58867b9e60>,79,27,[ 4 14],80,-1,301,-1,274
1,<environment.Job instance at 0x7f58867b93c0>,80,15,[6 1],81,-1,289,-1,274
1,<environment.Job instance at 0x7f58867b95a0>,81,13,[10  2],82,-1,287,-1,274
1,<environment.Job instance at 0x7f5886b1f500>,82,18,[11  2],83,-1,292,-1,274
1,<environment.Job instance at 0x7f5886b1f820>,83,3,[2 9],84,-1,277,-1,274
1,<environment.Job instance at 0x7f5886b1f0a0>,84,17,[9 1],85,-1,295,-1,278
1,<environment.Job instance at 0x7f5886b1f960>,86,28,[6 3],87,-1,317,-1,289
1,<environment.Job instance at 0x7f5886b1f230>,87,22,[13  5],88,-1,311,-1,289
1,<environment.Job instance at 0x7f5886b1faf0>,88,19,[ 3 11],89,-1,308,-1,289
1,<environment.Job instance at 0x7f5886b1f640>,89,1,[ 1 10],90,-1,290,-1,289
1,<environment.Job instance at 0x7f5886b1f370>,92,20,[11  4],93,-1,313,-1,293
1,<environment.Job instance at 0x7f5886b1f6e0>,93,2,[5 4],94,-1,295,-1,293
1,<environment.Job instance at 0x7f588ffcd7d0>,96,13,[ 3 11],97,-1,322,-1,309
1,<environment.Job instance at 0x7f58867bd9b0>,97,14,[9 2],98,-1,323,-1,309
1,<environment.Job instance at 0x7f58867bd870>,98,15,[ 2 11],99,-1,324,-1,309
1,<environment.Job instance at 0x7f58867bdaf0>,99,12,[ 4 10],100,-1,321,-1,309
1,<environment.Job instance at 0x7f58867bd460>,100,23,[14  1],101,-1,332,-1,309
1,<environment.Job instance at 0x7f58867bd370>,102,2,[7 5],103,-1,322,-1,320
1,<environment.Job instance at 0x7f5886f58460>,105,13,[ 3 11],106,-1,350,-1,337
1,<environment.Job instance at 0x7f5886f584b0>,107,18,[ 1 12],108,-1,371,-1,353
1,<environment.Job instance at 0x7f58864040a0>,108,18,[14  4],109,-1,371,-1,353
1,<environment.Job instance at 0x7f5886283c80>,112,25,[9 5],113,-1,399,-1,374
1,<environment.Job instance at 0x7f5886283b90>,113,14,[14  4],114,-1,388,-1,374
1,<environment.Job instance at 0x7f5886283690>,114,12,[ 2 11],115,-1,386,-1,374
1,<environment.Job instance at 0x7f5886283dc0>,116,14,[ 2 12],117,-1,401,-1,387
1,<environment.Job instance at 0x7f58862834b0>,117,22,[ 3 10],118,-1,409,-1,387
1,<environment.Job instance at 0x7f58862836e0>,119,19,[11  2],120,-1,423,-1,404
1,<environment.Job instance at 0x7f5886283410>,120,21,[14  2],121,-1,425,-1,404
1,<environment.Job instance at 0x7f5886283e60>,121,14,[ 5 12],122,-1,418,-1,404
1,<environment.Job instance at 0x7f5886283550>,122,3,[9 2],123,-1,407,-1,404
1,<environment.Job instance at 0x7f588707daa0>,125,13,[11  4],126,-1,433,-1,420
1,<environment.Job instance at 0x7f58877fabe0>,129,1,[ 2 12],130,-1,448,-1,447
1,<environment.Job instance at 0x7f588ff70730>,130,28,[1 8],131,-1,475,-1,447
1,<environment.Job instance at 0x7f58877fb460>,133,1,[ 2 14],134,-1,448,-1,447
1,<environment.Job instance at 0x7f58877fb640>,134,28,[7 2],135,-1,475,-1,447
1,<environment.Job instance at 0x7f5886f84500>,136,12,[1 9],137,-1,475,-1,463
1,<environment.Job instance at 0x7f58877fbb90>,138,23,[13  2],139,-1,486,-1,463
1,<environment.Job instance at 0x7f588633ff50>,140,2,[1 6],141,-1,482,-1,480
1,<environment.Job instance at 0x7f58900036e0>,141,28,[8 3],142,-1,508,-1,480
1,<environment.Job instance at 0x7f5886dded70>,142,28,[1 7],143,-1,508,-1,480
1,<environment.Job instance at 0x7f58877e9960>,144,22,[4 7],145,-1,502,-1,480
1,<environment.Job instance at 0x7f58867f8820>,145,27,[6 4],146,-1,507,-1,480
1,<environment.Job instance at 0x7f5886343050>,146,28,[10  4],147,-1,508,-1,480
1,<environment.Job instance at 0x7f588786c320>,147,1,[10  5],148,-1,481,-1,480
1,<environment.Job instance at 0x7f58867814b0>,148,21,[1 9],149,-1,505,-1,484
1,<environment.Job instance at 0x7f58879cbaa0>,150,26,[5 5],151,-1,519,-1,493
1,<environment.Job instance at 0x7f58868b65f0>,151,3,[6 4],152,-1,496,-1,493
1,<environment.Job instance at 0x7f5886da7e60>,152,15,[13  5],153,-1,508,-1,493
1,<environment.Job instance at 0x7f5887961e10>,153,12,[ 3 12],154,-1,505,-1,493
1,<environment.Job instance at 0x7f58873c45f0>,154,18,[10  1],155,-1,517,-1,499
1,<environment.Job instance at 0x7f5886237550>,156,27,[ 1 11],157,-1,526,-1,499
1,<environment.Job instance at 0x7f58873c4fa0>,157,13,[1 7],158,-1,515,-1,502
1,<environment.Job instance at 0x7f58865d60a0>,158,18,[13  1],159,-1,520,-1,502
1,<environment.Job instance at 0x7f5890584280>,159,14,[ 5 11],160,-1,516,-1,502
1,<environment.Job instance at 0x7f9013f03b40>,4,24,[ 3 11],5,-1,29,-1,5
1,<environment.Job instance at 0x7f9013f03c80>,8,24,[ 2 10],9,-1,33,-1,9
1,<environment.Job instance at 0x7f9013f06410>,14,21,[ 3 11],15,-1,43,-1,22
1,<environment.Job instance at 0x7f9013f065f0>,17,18,[ 5 13],18,-1,58,-1,40
1,<environment.Job instance at 0x7f9013f06910>,20,21,[13  5],21,-1,82,-1,61
1,<environment.Job instance at 0x7f9013f06af0>,27,25,[14  4],28,-1,125,-1,100
1,<environment.Job instance at 0x7f9013f06be0>,28,2,[5 8],29,-1,102,-1,100
1,<environment.Job instance at 0x7f9013f06d70>,29,24,[5 1],30,-1,124,-1,100
1,<environment.Job instance at 0x7f9013f09410>,39,23,[4 6],40,-1,187,-1,164
1,<environment.Job instance at 0x7f9013f095f0>,41,3,[6 3],42,-1,171,-1,168
1,<environment.Job instance at 0x7f9013f097d0>,42,13,[12  1],43,-1,181,-1,168
1,<environment.Job instance at 0x7f9013f09870>,43,21,[ 2 12],44,-1,189,-1,168
1,<environment.Job instance at 0x7f9013f09910>,44,26,[8 4],45,-1,194,-1,168
1,<environment.Job instance at 0x7f9013f099b0>,45,13,[11  3],46,-1,181,-1,168
1,<environment.Job instance at 0x7f9013f09a50>,46,2,[ 1 10],47,-1,170,-1,168
1,<environment.Job instance at 0x7f9013f09af0>,47,13,[ 3 12],48,-1,181,-1,168
1,<environment.Job instance at 0x7f9013f09d70>,51,13,[ 3 12],52,-1,203,-1,190
1,<environment.Job instance at 0x7f9013f09e10>,52,3,[13  2],53,-1,193,-1,190
1,<environment.Job instance at 0x7f9013f09fa0>,54,3,[1 7],55,-1,203,-1,200
1,<environment.Job instance at 0x7f9013f09f50>,56,28,[10  1],57,-1,230,-1,202
1,<environment.Job instance at 0x7f9013f0c460>,62,24,[ 3 10],63,-1,260,-1,236
1,<environment.Job instance at 0x7f9013f0c960>,68,25,[ 2 12],69,-1,304,-1,279
1,<environment.Job instance at 0x7f9013f0ca00>,69,26,[5 4],70,-1,305,-1,279
1,<environment.Job instance at 0x7f9013f0cc80>,73,27,[8 2],74,-1,331,-1,304
1,<environment.Job instance at 0x7f9013f0f4b0>,82,2,[10  3],83,-1,368,-1,366
1,<environment.Job instance at 0x7f9013f0f5a0>,83,17,[ 4 14],84,-1,383,-1,366
1,<environment.Job instance at 0x7f9013f0f320>,84,21,[ 1 10],85,-1,424,-1,403
1,<environment.Job instance at 0x7f9013f0f960>,88,3,[9 5],89,-1,406,-1,403
1,<environment.Job instance at 0x7f9013f0fa00>,89,18,[ 4 11],90,-1,421,-1,403
1,<environment.Job instance at 0x7f9013f0fb40>,91,14,[12  2],92,-1,432,-1,418
1,<environment.Job instance at 0x7f9013f0fbe0>,92,3,[2 8],93,-1,421,-1,418
1,<environment.Job instance at 0x7f9013f0fc80>,93,27,[12  1],94,-1,445,-1,418
1,<environment.Job instance at 0x7f9013f0fe60>,96,12,[ 4 14],97,-1,452,-1,440
1,<environment.Job instance at 0x7f9013f0ffa0>,98,2,[10  4],99,-1,454,-1,452
1,<environment.Job instance at 0x7f9013f117d0>,109,27,[5 8],110,-1,559,-1,532
1,<environment.Job instance at 0x7f9013f11910>,111,13,[12  3],112,-1,545,-1,532
1,<environment.Job instance at 0x7f9013f11af0>,114,28,[7 4],115,-1,571,-1,543
1,<environment.Job instance at 0x7f9013f11c30>,116,3,[1 6],117,-1,552,-1,549
1,<environment.Job instance at 0x7f901d52e320>,120,18,[ 3 12],121,-1,596,-1,578
1,<environment.Job instance at 0x7f9013ef9d20>,123,24,[5 6],124,-1,619,-1,595
1,<environment.Job instance at 0x7f9013ef96e0>,125,14,[14  1],126,-1,610,-1,596
1,<environment.Job instance at 0x7f9013f48960>,129,3,[14  4],130,-1,634,-1,631
1,<environment.Job instance at 0x7f9013ef9a00>,132,23,[ 1 14],133,-1,678,-1,655
1,<environment.Job instance at 0x7f90140ab5f0>,135,23,[7 3],136,-1,704,-1,681
1,<environment.Job instance at 0x7f9013fb6be0>,137,26,[ 1 11],138,-1,707,-1,681
1,<environment.Job instance at 0x7f9013fbfa50>,140,17,[ 2 11],141,-1,709,-1,692
1,<environment.Job instance at 0x7f901408caf0>,144,17,[ 3 14],145,-1,737,-1,720
1,<environment.Job instance at 0x7f9013fab370>,146,25,[5 4],147,-1,746,-1,721
1,<environment.Job instance at 0x7f9013fa4460>,148,28,[7 1],149,-1,749,-1,721
1,<environment.Job instance at 0x7f90140226e0>,151,24,[12  2],152,-1,758,-1,734
1,<environment.Job instance at 0x7f9014026b90>,152,26,[ 3 11],153,-1,760,-1,734
1,<environment.Job instance at 0x7f9014026500>,155,16,[ 1 11],156,-1,754,-1,738
1,<environment.Job instance at 0x7f901401ee10>,158,13,[ 1 14],166,-1,765,-1,752
1,<environment.Job instance at 0x7f9013f269b0>,159,16,[12  1],167,-1,768,-1,752
1,<environment.Job instance at 0x7f9013f26e10>,160,15,[ 4 14],168,-1,767,-1,752
1,<environment.Job instance at 0x7f9013f265f0>,162,18,[ 5 11],170,-1,783,-1,765
1,<environment.Job instance at 0x7f9013f2a690>,163,22,[11  3],171,-1,787,-1,765
1,<environment.Job instance at 0x7f9013f2a190>,169,27,[9 4],179,-1,825,-1,798
1,<environment.Job instance at 0x7f90138a2960>,5,19,[5 1],6,-1,27,-1,8
1,<environment.Job instance at 0x7f90138e1280>,8,28,[4 7],9,-1,37,-1,9
1,<environment.Job instance at 0x7f9013a5a230>,9,26,[3 6],10,-1,36,-1,10
1,<environment.Job instance at 0x7f90138e2f50>,10,12,[11  1],11,-1,23,-1,11
1,<environment.Job instance at 0x7f90138e21e0>,11,12,[ 5 11],12,-1,24,-1,12
1,<environment.Job instance at 0x7f901396d370>,20,23,[5 8],21,-1,66,-1,43
1,<environment.Job instance at 0x7f901396d2d0>,21,21,[ 4 11],22,-1,64,-1,43
1,<environment.Job instance at 0x7f901396d7d0>,22,13,[ 3 12],23,-1,56,-1,43
1,<environment.Job instance at 0x7f901396d780>,24,28,[3 8],25,-1,75,-1,47
1,<environment.Job instance at 0x7f901396d910>,25,24,[12  1],26,-1,71,-1,47
1,<environment.Job instance at 0x7f901396da00>,26,14,[11  2],27,-1,61,-1,47
1,<environment.Job instance at 0x7f901396d960>,27,27,[5 3],28,-1,74,-1,47
1,<environment.Job instance at 0x7f901396df50>,29,17,[ 5 11],30,-1,81,-1,64
1,<environment.Job instance at 0x7f9013972730>,31,27,[6 5],32,-1,91,-1,64
1,<environment.Job instance at 0x7f90139728c0>,32,18,[ 2 14],33,-1,82,-1,64
1,<environment.Job instance at 0x7f9013972820>,33,2,[11  2],34,-1,66,-1,64
1,<environment.Job instance at 0x7f9013972d70>,34,18,[12  2],35,-1,82,-1,64
1,<environment.Job instance at 0x7f9013972d20>,36,17,[11  1],37,-1,88,-1,71
1,<environment.Job instance at 0x7f9013972eb0>,37,13,[ 4 12],38,-1,84,-1,71
1,<environment.Job instance at 0x7f9013972f50>,38,17,[11  4],39,-1,88,-1,71
1,<environment.Job instance at 0x7f9013972230>,39,13,[10  1],40,-1,84,-1,71
1,<environment.Job instance at 0x7f9013972910>,42,28,[7 4],43,-1,117,-1,89
1,<environment.Job instance at 0x7f90139774b0>,44,28,[4 5],45,-1,127,-1,99
1,<environment.Job instance at 0x7f9013977050>,45,23,[8 3],46,-1,122,-1,99
1,<environment.Job instance at 0x7f9013977780>,47,22,[ 5 10],48,-1,126,-1,104
1,<environment.Job instance at 0x7f90139776e0>,50,21,[ 1 10],51,-1,143,-1,122
1,<environment.Job instance at 0x7f9013977640>,51,28,[13  2],52,-1,150,-1,122
1,<environment.Job instance at 0x7f9013a57910>,53,24,[9 1],54,-1,159,-1,135
1,<environment.Job instance at 0x7f90139e3dc0>,54,15,[14  3],55,-1,150,-1,135
1,<environment.Job instance at 0x7f9013af5550>,56,13,[ 5 13],57,-1,148,-1,135
1,<environment.Job instance at 0x7f9013afabe0>,60,24,[11  3],61,-1,186,-1,162
1,<environment.Job instance at 0x7f9013b0beb0>,61,22,[5 8],62,-1,185,-1,163
1,<environment.Job instance at 0x7f90138a6f00>,64,28,[13  3],65,-1,205,-1,177
1,<environment.Job instance at 0x7f901377e640>,67,18,[ 1 13],68,-1,211,-1,193
1,<environment.Job instance at 0x7f901377eeb0>,68,24,[ 5 11],69,-1,217,-1,193
1,<environment.Job instance at 0x7f9013784870>,71,16,[ 2 13],72,-1,219,-1,203
1,<environment.Job instance at 0x7f9013784af0>,73,15,[ 1 11],74,-1,231,-1,216
1,<environment.Job instance at 0x7f9013718af0>,75,13,[11  1],76,-1,247,-1,234
1,<environment.Job instance at 0x7f9013718960>,77,3,[8 3],78,-1,237,-1,234
1,<environment.Job instance at 0x7f901d6d6780>,81,2,[5 1],82,-1,251,-1,249
1,<environment.Job instance at 0x7f901d51a230>,82,23,[1 7],83,-1,272,-1,249
1,<environment.Job instance at 0x7f901378ccd0>,83,12,[12  2],84,-1,261,-1,249
1,<environment.Job instance at 0x7f9013df0eb0>,85,2,[14  3],86,-1,260,-1,258
1,<environment.Job instance at 0x7f9013527140>,86,19,[ 3 14],87,-1,277,-1,258
1,<environment.Job instance at 0x7f901358f320>,87,2,[14  5],88,-1,260,-1,258
1,<environment.Job instance at 0x7f90136410f0>,90,12,[12  4],91,-1,300,-1,288
1,<environment.Job instance at 0x7f90134a0a50>,98,27,[ 3 13],99,-1,376,-1,349
1,<environment.Job instance at 0x7f901354ff50>,99,20,[14  3],100,-1,369,-1,349
1,<environment.Job instance at 0x7f90134b8af0>,101,14,[ 4 13],102,-1,363,-1,349
1,<environment.Job instance at 0x7f90134b8050>,102,1,[ 5 14],103,-1,350,-1,349
1,<environment.Job instance at 0x7f90134b8230>,104,2,[10  1],105,-1,351,-1,349
1,<environment.Job instance at 0x7f90134b8870>,106,28,[14  3],107,-1,389,-1,361
1,<environment.Job instance at 0x7f90134b8730>,107,24,[ 4 11],108,-1,385,-1,361
1,<environment.Job instance at 0x7f90134b82d0>,108,3,[11  1],109,-1,364,-1,361
1,<environment.Job instance at 0x7f90134b34b0>,111,22,[ 1 10],112,-1,400,-1,378
1,<environment.Job instance at 0x7f90134b39b0>,113,24,[2 7],114,-1,402,-1,378
1,<environment.Job instance at 0x7f90134b3a50>,114,25,[5 5],115,-1,403,-1,378
1,<environment.Job instance at 0x7f90134b3c30>,117,26,[7 1],118,-1,422,-1,396
1,<environment.Job instance at 0x7f90134b3870>,118,18,[12  1],119,-1,414,-1,396
1,<environment.Job instance at 0x7f90134b32d0>,119,15,[ 1 13],120,-1,411,-1,396
1,<environment.Job instance at 0x7f90134b3550>,120,1,[11  3],121,-1,397,-1,396
1,<environment.Job instance at 0x7f90134b46e0>,122,2,[8 1],123,-1,398,-1,396
1,<environment.Job instance at 0x7f90134b48c0>,123,1,[10  2],124,-1,397,-1,396
1,<environment.Job instance at 0x7f90134b41e0>,124,16,[ 2 11],125,-1,412,-1,396
1,<environment.Job instance at 0x7f90134b4140>,125,24,[8 2],126,-1,420,-1,396
1,<environment.Job instance at 0x7f9013499b90>,145,24,[9 3],146,-1,572,-1,548
1,<environment.Job instance at 0x7f901d6d8280>,146,15,[13  4],147,-1,563,-1,548
1,<environment.Job instance at 0x7f90136422d0>,148,24,[ 2 13],149,-1,586,-1,562
1,<environment.Job instance at 0x7f90136265f0>,149,3,[ 2 14],150,-1,565,-1,562
1,<environment.Job instance at 0x7f901d65a7d0>,150,16,[ 5 13],151,-1,578,-1,562
1,<environment.Job instance at 0x7f902dab0eb0>,152,22,[4 8],153,-1,615,-1,593
1,<environment.Job instance at 0x7f90134b19b0>,155,24,[6 1],156,-1,617,-1,593
1,<environment.Job instance at 0x7f90136c63c0>,157,18,[13  2],158,-1,611,-1,593
1,<environment.Job instance at 0x7f90136438c0>,158,19,[ 5 13],159,-1,612,-1,593
1,<environment.Job instance at 0x7f901d575460>,159,28,[3 5],160,-1,621,-1,593
1,<environment.Job instance at 0x7f901d669a00>,162,26,[5 3],163,-1,638,-1,612
1,<environment.Job instance at 0x7f901353b370>,163,18,[11  4],164,-1,632,-1,614
1,<environment.Job instance at 0x7f901d669b40>,164,15,[ 3 11],165,-1,629,-1,614
1,<environment.Job instance at 0x7f901353bbe0>,166,27,[2 8],167,-1,652,-1,625
1,<environment.Job instance at 0x7f90135da0f0>,167,12,[ 3 11],168,-1,637,-1,625
1,<environment.Job instance at 0x7f9013537a00>,170,24,[ 5 11],171,-1,666,-1,642
1,<environment.Job instance at 0x7f9013537500>,172,27,[4 6],173,-1,669,-1,642
1,<environment.Job instance at 0x7f9013537370>,173,16,[ 2 11],174,-1,658,-1,642
1,<environment.Job instance at 0x7f9013730550>,175,15,[13  3],176,-1,659,-1,644
1,<environment.Job instance at 0x7f901383fa00>,176,12,[14  2],177,-1,656,-1,644
1,<environment.Job instance at 0x7f90135e2550>,177,12,[ 2 11],178,-1,656,-1,644
1,<environment.Job instance at 0x7f90135a8d20>,5,26,[5 4],6,-1,33,-1,7
1,<environment.Job instance at 0x7f9013603b90>,16,24,[3 6],17,-1,60,-1,36
1,<environment.Job instance at 0x7f9013603d20>,18,26,[7 4],19,-1,81,-1,55
1,<environment.Job instance at 0x7f9013603dc0>,20,27,[9 5],21,-1,82,-1,55
1,<environment.Job instance at 0x7f90136031e0>,22,3,[9 2],23,-1,68,-1,65
1,<environment.Job instance at 0x7f9013603050>,24,3,[10  4],25,-1,76,-1,73
1,<environment.Job instance at 0x7f9013603aa0>,26,28,[ 3 14],27,-1,113,-1,85
1,<environment.Job instance at 0x7f90135db690>,32,19,[11  4],33,-1,143,-1,124
1,<environment.Job instance at 0x7f90135db780>,33,27,[9 1],34,-1,151,-1,124
1,<environment.Job instance at 0x7f90135dbb90>,36,15,[ 1 14],37,-1,160,-1,145
1,<environment.Job instance at 0x7f90135db230>,38,28,[3 6],39,-1,178,-1,150
1,<environment.Job instance at 0x7f90135dbd20>,40,13,[14  4],41,-1,176,-1,163
1,<environment.Job instance at 0x7f90135dbc30>,42,16,[ 1 11],43,-1,183,-1,167
1,<environment.Job instance at 0x7f90135dba00>,43,26,[12  3],44,-1,193,-1,167
1,<environment.Job instance at 0x7f90135db190>,45,17,[ 4 13],46,-1,196,-1,179
1,<environment.Job instance at 0x7f90135db910>,47,28,[1 9],48,-1,207,-1,179
1,<environment.Job instance at 0x7f90135db8c0>,48,26,[7 3],49,-1,205,-1,179
1,<environment.Job instance at 0x7f90135e55f0>,53,18,[14  3],54,-1,230,-1,212
1,<environment.Job instance at 0x7f90135e5aa0>,58,25,[9 1],59,-1,261,-1,236
1,<environment.Job instance at 0x7f90135e5820>,62,23,[2 8],63,-1,276,-1,253
1,<environment.Job instance at 0x7f90135e2820>,63,16,[11  1],64,-1,269,-1,253
1,<environment.Job instance at 0x7f90135e2be0>,64,2,[2 8],65,-1,255,-1,253
1,<environment.Job instance at 0x7f90135e2500>,65,14,[11  5],66,-1,267,-1,253
1,<environment.Job instance at 0x7f90135e20f0>,66,13,[ 1 11],67,-1,266,-1,253
1,<environment.Job instance at 0x7f90135e2dc0>,68,25,[6 1],69,-1,291,-1,266
1,<environment.Job instance at 0x7f90135e24b0>,69,15,[ 3 12],70,-1,281,-1,266
1,<environment.Job instance at 0x7f90135e2f50>,70,18,[13  2],71,-1,284,-1,266
1,<environment.Job instance at 0x7f90135e25a0>,71,1,[5 7],72,-1,267,-1,266
1,<environment.Job instance at 0x7f90135e4140>,73,28,[11  3],74,-1,294,-1,266
1,<environment.Job instance at 0x7f90135e40f0>,75,28,[ 4 10],76,-1,306,-1,278
1,<environment.Job instance at 0x7f90135e4c30>,76,2,[5 3],77,-1,280,-1,278
1,<environment.Job instance at 0x7f90135e4d70>,81,16,[ 5 13],82,-1,324,-1,308
1,<environment.Job instance at 0x7f90135e4780>,83,24,[5 6],84,-1,332,-1,308
1,<environment.Job instance at 0x7f90135e4e60>,84,2,[3 5],85,-1,310,-1,308
1,<environment.Job instance at 0x7f90135e4730>,86,14,[ 3 14],87,-1,339,-1,325
1,<environment.Job instance at 0x7f90135e4550>,87,24,[3 9],88,-1,349,-1,325
1,<environment.Job instance at 0x7f90136def50>,90,12,[ 2 12],91,-1,352,-1,340
1,<environment.Job instance at 0x7f90136de280>,92,12,[ 2 11],93,-1,353,-1,341
1,<environment.Job instance at 0x7f90136de460>,93,27,[ 3 14],94,-1,368,-1,341
1,<environment.Job instance at 0x7f90136de5a0>,96,28,[5 2],97,-1,383,-1,355
1,<environment.Job instance at 0x7f90136de8c0>,97,28,[13  5],98,-1,383,-1,355
1,<environment.Job instance at 0x7f90136deb90>,108,2,[7 2],109,-1,439,-1,437
1,<environment.Job instance at 0x7f90137e6460>,111,25,[7 3],112,-1,475,-1,450
1,<environment.Job instance at 0x7f90137e6d70>,113,27,[ 5 13],114,-1,490,-1,463
1,<environment.Job instance at 0x7f90137e6c30>,114,13,[14  5],115,-1,476,-1,463
1,<environment.Job instance at 0x7f90137e6cd0>,115,12,[ 4 13],116,-1,475,-1,463
1,<environment.Job instance at 0x7f90137e6f00>,117,14,[ 3 12],118,-1,485,-1,471
1,<environment.Job instance at 0x7f90137e6140>,119,27,[5 8],120,-1,500,-1,473
1,<environment.Job instance at 0x7f90137e6370>,123,23,[10  3],124,-1,527,-1,504
1,<environment.Job instance at 0x7f90137e62d0>,124,24,[4 8],125,-1,528,-1,504
1,<environment.Job instance at 0x7f901371e230>,125,26,[14  5],126,-1,530,-1,504
1,<environment.Job instance at 0x7f901371e9b0>,126,1,[8 1],127,-1,505,-1,504
1,<environment.Job instance at 0x7f901371e140>,128,2,[7 2],129,-1,506,-1,504
1,<environment.Job instance at 0x7f9013609280>,129,1,[1 5],130,-1,505,-1,504
1,<environment.Job instance at 0x7f901389c910>,130,1,[1 6],131,-1,505,-1,504
1,<environment.Job instance at 0x7f90134a0b90>,132,28,[12  4],133,-1,551,-1,523
1,<environment.Job instance at 0x7f9013495690>,133,1,[11  1],134,-1,524,-1,523
1,<environment.Job instance at 0x7f9013642500>,136,2,[4 9],137,-1,537,-1,535
1,<environment.Job instance at 0x7f9013642eb0>,137,28,[7 5],138,-1,563,-1,535
1,<environment.Job instance at 0x7f90134ebdc0>,143,24,[1 9],144,-1,606,-1,582
1,<environment.Job instance at 0x7f90141182d0>,144,25,[ 3 10],145,-1,607,-1,582
1,<environment.Job instance at 0x7f9013c8aa00>,147,17,[13  5],148,-1,615,-1,598
1,<environment.Job instance at 0x7f9013d240a0>,149,18,[11  5],150,-1,625,-1,607
1,<environment.Job instance at 0x7f90134ac230>,150,28,[7 2],151,-1,635,-1,607
1,<environment.Job instance at 0x7f9014101f00>,152,25,[5 7],153,-1,636,-1,611
1,<environment.Job instance at 0x7f9013af9aa0>,155,21,[ 5 13],156,-1,640,-1,619
1,<environment.Job instance at 0x7f9013c7e0f0>,158,17,[13  2],159,-1,649,-1,632
1,<environment.Job instance at 0x7f9013793c80>,159,22,[12  5],160,-1,654,-1,632
1,<environment.Job instance at 0x7f9013c870f0>,161,12,[ 2 13],165,-1,655,-1,643
1,<environment.Job instance at 0x7f9013ce93c0>,162,24,[10  2],168,-1,667,-1,643
1,<environment.Job instance at 0x7f9013ce9e10>,163,14,[ 5 14],169,-1,657,-1,643
1,<environment.Job instance at 0x7f9013475280>,7,12,[14  4],8,-1,27,-1,15
1,<environment.Job instance at 0x7f9013475320>,8,12,[ 1 13],9,-1,27,-1,15
1,<environment.Job instance at 0x7f9013475460>,10,28,[9 5],11,-1,43,-1,15
1,<environment.Job instance at 0x7f90134755a0>,12,26,[9 3],13,-1,53,-1,27
1,<environment.Job instance at 0x7f9013475050>,15,22,[ 1 13],16,-1,63,-1,41
1,<environment.Job instance at 0x7f90134758c0>,18,12,[ 3 13],19,-1,70,-1,58
1,<environment.Job instance at 0x7f9013475be0>,22,27,[14  3],23,-1,115,-1,88
1,<environment.Job instance at 0x7f9013475c80>,23,18,[ 5 11],24,-1,106,-1,88
1,<environment.Job instance at 0x7f9013475dc0>,25,25,[4 9],26,-1,113,-1,88
1,<environment.Job instance at 0x7f9013475e60>,26,18,[ 1 12],27,-1,106,-1,88
1,<environment.Job instance at 0x7f90134782d0>,30,3,[5 1],31,-1,104,-1,101
1,<environment.Job instance at 0x7f9013478370>,31,13,[11  4],32,-1,114,-1,101
1,<environment.Job instance at 0x7f9013478550>,34,17,[14  3],35,-1,134,-1,117
1,<environment.Job instance at 0x7f90134785f0>,35,28,[5 5],36,-1,145,-1,117
1,<environment.Job instance at 0x7f9013478690>,36,19,[ 1 12],37,-1,136,-1,117
1,<environment.Job instance at 0x7f9013478730>,37,24,[10  2],38,-1,141,-1,117
1,<environment.Job instance at 0x7f90134787d0>,38,2,[ 4 13],39,-1,119,-1,117
1,<environment.Job instance at 0x7f90134781e0>,41,28,[ 1 12],42,-1,157,-1,129
1,<environment.Job instance at 0x7f9013478af0>,42,15,[13  1],43,-1,144,-1,129
1,<environment.Job instance at 0x7f9013478c80>,43,13,[ 5 12],44,-1,142,-1,129
1,<environment.Job instance at 0x7f9013478140>,45,12,[ 4 13],46,-1,151,-1,139
1,<environment.Job instance at 0x7f9013478d20>,46,24,[5 3],47,-1,163,-1,139
1,<environment.Job instance at 0x7f9013478f00>,49,18,[12  3],50,-1,175,-1,157
1,<environment.Job instance at 0x7f90134780f0>,51,12,[13  4],52,-1,169,-1,157
1,<environment.Job instance at 0x7f901347b3c0>,56,15,[13  4],57,-1,189,-1,174
1,<environment.Job instance at 0x7f901347b690>,60,26,[14  4],61,-1,224,-1,198
1,<environment.Job instance at 0x7f901347b7d0>,63,18,[14  1],64,-1,235,-1,217
1,<environment.Job instance at 0x7f901347b870>,64,24,[9 2],65,-1,241,-1,217
1,<environment.Job instance at 0x7f901347b9b0>,66,15,[ 5 11],67,-1,244,-1,229
1,<environment.Job instance at 0x7f901347ba50>,67,27,[2 7],68,-1,256,-1,229
1,<environment.Job instance at 0x7f901347bb90>,69,18,[14  1],70,-1,247,-1,229
1,<environment.Job instance at 0x7f901347bd70>,72,24,[ 4 10],73,-1,275,-1,251
1,<environment.Job instance at 0x7f901347be10>,73,25,[11  2],74,-1,276,-1,251
1,<environment.Job instance at 0x7f901347bf50>,74,16,[ 1 14],75,-1,267,-1,251
1,<environment.Job instance at 0x7f901346a2d0>,80,14,[ 2 11],81,-1,290,-1,276
1,<environment.Job instance at 0x7f9013866aa0>,130,13,[ 2 10],131,-1,642,-1,629
1,<environment.Job instance at 0x7f90138930f0>,132,16,[11  3],133,-1,661,-1,645
1,<environment.Job instance at 0x7f90138930a0>,134,2,[2 6],135,-1,647,-1,645
1,<environment.Job instance at 0x7f901388a6e0>,135,24,[1 6],136,-1,669,-1,645
1,<environment.Job instance at 0x7f901388a780>,136,16,[14  5],137,-1,661,-1,645
1,<environment.Job instance at 0x7f901388aeb0>,142,2,[9 1],143,-1,695,-1,693
1,<environment.Job instance at 0x7f901388ad20>,145,14,[ 1 14],146,-1,721,-1,707
1,<environment.Job instance at 0x7f901388a960>,147,22,[12  2],148,-1,729,-1,707
1,<environment.Job instance at 0x7f901388a370>,148,26,[ 2 10],149,-1,733,-1,707
1,<environment.Job instance at 0x7f901388a500>,149,14,[12  5],150,-1,721,-1,707
1,<environment.Job instance at 0x7f9013be7910>,152,3,[1 9],153,-1,724,-1,721
1,<environment.Job instance at 0x7f9013be7eb0>,153,24,[9 3],154,-1,745,-1,721
1,<environment.Job instance at 0x7f9013be7140>,154,23,[13  5],155,-1,744,-1,721
1,<environment.Job instance at 0x7f9013be7fa0>,155,22,[ 4 10],156,-1,743,-1,721
1,<environment.Job instance at 0x7f901345cc30>,156,20,[ 2 10],157,-1,743,-1,723
1,<environment.Job instance at 0x7f901345c4b0>,157,2,[12  3],158,-1,725,-1,723
1,<environment.Job instance at 0x7f9013855a50>,158,25,[3 6],159,-1,748,-1,723
1,<environment.Job instance at 0x7f9013855af0>,159,1,[8 4],160,-1,724,-1,723
1,<environment.Job instance at 0x7f9013855a00>,160,13,[12  4],161,-1,736,-1,723
1,<environment.Job instance at 0x7f9013855690>,161,27,[9 3],162,-1,750,-1,723
1,<environment.Job instance at 0x7f9013855190>,163,18,[ 5 12],164,-1,743,-1,725
1,<environment.Job instance at 0x7f9013855870>,164,2,[ 2 13],165,-1,727,-1,725
1,<environment.Job instance at 0x7f9013855f00>,165,26,[ 3 14],166,-1,751,-1,725
1,<environment.Job instance at 0x7f9013855500>,166,15,[11  5],167,-1,740,-1,725
1,<environment.Job instance at 0x7f90138556e0>,169,25,[8 4],170,-1,765,-1,740
1,<environment.Job instance at 0x7f9013855b90>,172,18,[ 4 12],173,-1,763,-1,745
1,<environment.Job instance at 0x7f90138551e0>,175,3,[14  5],176,-1,766,-1,763
1,<environment.Job instance at 0x7f9013c0f230>,123,17,[ 2 12],124,-1,5208,-1,5191
1,<environment.Job instance at 0x7f9013f8a8c0>,5,15,[14  2],6,-1,21,-1,6
1,<environment.Job instance at 0x7f9013f8a0f0>,12,26,[10  5],13,-1,52,-1,26
1,<environment.Job instance at 0x7f9013f8aaa0>,13,27,[10  3],14,-1,53,-1,26
1,<environment.Job instance at 0x7f9014026370>,15,28,[1 7],16,-1,59,-1,31
1,<environment.Job instance at 0x7f9014026dc0>,16,25,[6 4],17,-1,56,-1,31
1,<environment.Job instance at 0x7f90140265a0>,17,17,[ 2 10],18,-1,57,-1,40
1,<environment.Job instance at 0x7f9014026d20>,20,26,[3 6],21,-1,70,-1,44
1,<environment.Job instance at 0x7f9014026c80>,22,21,[ 1 12],23,-1,66,-1,45
1,<environment.Job instance at 0x7f901400f780>,25,24,[10  4],26,-1,86,-1,62
1,<environment.Job instance at 0x7f901400f460>,26,21,[4 7],27,-1,88,-1,67
1,<environment.Job instance at 0x7f901400f190>,28,15,[4 9],29,-1,85,-1,70
1,<environment.Job instance at 0x7f901400f820>,29,1,[ 2 11],30,-1,71,-1,70
1,<environment.Job instance at 0x7f901400faa0>,30,25,[7 5],31,-1,95,-1,70
1,<environment.Job instance at 0x7f901400fc30>,31,21,[7 5],32,-1,102,-1,81
1,<environment.Job instance at 0x7f901400f550>,32,13,[ 2 13],33,-1,94,-1,81
1,<environment.Job instance at 0x7f901400fc80>,33,14,[ 1 13],34,-1,95,-1,81
1,<environment.Job instance at 0x7f901400ff00>,34,23,[9 4],35,-1,104,-1,81
1,<environment.Job instance at 0x7f901400f6e0>,35,28,[8 5],36,-1,109,-1,81
1,<environment.Job instance at 0x7f901400fdc0>,37,23,[8 4],38,-1,104,-1,81
1,<environment.Job instance at 0x7f9013f85690>,39,12,[10  1],40,-1,105,-1,93
1,<environment.Job instance at 0x7f9013f856e0>,41,14,[ 4 10],42,-1,107,-1,93
1,<environment.Job instance at 0x7f9013f857d0>,43,20,[9 4],44,-1,115,-1,95
1,<environment.Job instance at 0x7f9013f85a50>,44,20,[5 1],45,-1,115,-1,95
1,<environment.Job instance at 0x7f9013f854b0>,45,12,[11  5],46,-1,107,-1,95
1,<environment.Job instance at 0x7f9013f85730>,46,16,[3 8],47,-1,111,-1,95
1,<environment.Job instance at 0x7f9013f85820>,47,13,[7 4],48,-1,108,-1,95
1,<environment.Job instance at 0x7f9013f851e0>,48,25,[12  1],49,-1,120,-1,95
1,<environment.Job instance at 0x7f9013f850f0>,49,17,[1 8],50,-1,112,-1,95
1,<environment.Job instance at 0x7f9013f85410>,51,19,[ 4 11],52,-1,128,-1,109
1,<environment.Job instance at 0x7f9013f85a00>,52,24,[9 5],53,-1,133,-1,109
1,<environment.Job instance at 0x7f9013f85460>,54,16,[ 3 10],55,-1,126,-1,110
1,<environment.Job instance at 0x7f90140ab820>,56,3,[4 8],57,-1,128,-1,125
1,<environment.Job instance at 0x7f90140ab730>,58,2,[1 6],59,-1,127,-1,125
1,<environment.Job instance at 0x7f90140abaf0>,59,14,[ 4 12],60,-1,139,-1,125
1,<environment.Job instance at 0x7f90140abc30>,60,12,[5 1],61,-1,137,-1,125
1,<environment.Job instance at 0x7f90140ab550>,61,27,[ 2 11],62,-1,152,-1,125
1,<environment.Job instance at 0x7f90140ab6e0>,62,3,[2 6],63,-1,128,-1,125
1,<environment.Job instance at 0x7f90140aba50>,63,19,[2 8],64,-1,144,-1,125
1,<environment.Job instance at 0x7f90140abb90>,64,17,[ 5 11],65,-1,142,-1,125
1,<environment.Job instance at 0x7f90140ab3c0>,65,16,[12  1],66,-1,141,-1,125
1,<environment.Job instance at 0x7f90140ab500>,66,26,[9 2],67,-1,151,-1,125
1,<environment.Job instance at 0x7f90141db0f0>,67,12,[ 5 10],68,-1,137,-1,125
1,<environment.Job instance at 0x7f90141db0a0>,68,20,[ 1 13],69,-1,145,-1,125
1,<environment.Job instance at 0x7f90141db140>,69,14,[5 1],70,-1,139,-1,125
1,<environment.Job instance at 0x7f90141dbf50>,72,23,[ 3 10],73,-1,176,-1,153
1,<environment.Job instance at 0x7f90141dba50>,74,25,[1 6],75,-1,192,-1,167
1,<environment.Job instance at 0x7f90141dbcd0>,75,17,[8 1],76,-1,184,-1,167
1,<environment.Job instance at 0x7f90141db370>,76,24,[1 9],77,-1,191,-1,167
1,<environment.Job instance at 0x7f90141dba00>,78,12,[7 4],79,-1,179,-1,167
1,<environment.Job instance at 0x7f90141dbeb0>,79,14,[ 3 10],80,-1,181,-1,167
1,<environment.Job instance at 0x7f90141db550>,80,1,[7 3],81,-1,168,-1,167
1,<environment.Job instance at 0x7f90141db3c0>,81,26,[13  1],82,-1,193,-1,167
1,<environment.Job instance at 0x7f90141db050>,84,19,[ 5 13],85,-1,202,-1,183
1,<environment.Job instance at 0x7f90141db1e0>,85,14,[ 2 10],86,-1,197,-1,183
1,<environment.Job instance at 0x7f90141db5a0>,86,25,[3 9],87,-1,208,-1,183
1,<environment.Job instance at 0x7f90141db780>,87,16,[ 3 10],88,-1,199,-1,183
1,<environment.Job instance at 0x7f90141c7e10>,90,17,[ 3 10],91,-1,216,-1,199
1,<environment.Job instance at 0x7f90141c7320>,92,13,[ 3 10],93,-1,212,-1,199
1,<environment.Job instance at 0x7f90141c71e0>,96,14,[1 9],97,-1,232,-1,218
1,<environment.Job instance at 0x7f90141c7870>,97,13,[11  4],98,-1,231,-1,218
1,<environment.Job instance at 0x7f90141c7a50>,98,12,[2 6],99,-1,230,-1,218
1,<environment.Job instance at 0x7f90141c7d20>,99,16,[ 2 13],100,-1,234,-1,218
1,<environment.Job instance at 0x7f90141c7f50>,100,1,[5 8],101,-1,219,-1,218
1,<environment.Job instance at 0x7f90141c7910>,102,2,[9 3],103,-1,229,-1,227
1,<environment.Job instance at 0x7f90141c7e60>,105,23,[9 4],106,-1,266,-1,243
1,<environment.Job instance at 0x7f90141c70a0>,106,21,[8 2],107,-1,265,-1,244
1,<environment.Job instance at 0x7f9014412870>,107,21,[ 5 13],108,-1,265,-1,244
1,<environment.Job instance at 0x7f9014412a50>,108,1,[10  1],109,-1,245,-1,244
1,<environment.Job instance at 0x7f9014412910>,109,17,[11  2],110,-1,261,-1,244
1,<environment.Job instance at 0x7f9014412730>,111,2,[5 9],112,-1,254,-1,252
1,<environment.Job instance at 0x7f9013d11cd0>,112,28,[10  3],113,-1,280,-1,252
1,<environment.Job instance at 0x7f9013d11f50>,113,28,[10  4],114,-1,280,-1,252
1,<environment.Job instance at 0x7f9013d11c30>,114,14,[5 1],115,-1,266,-1,252
1,<environment.Job instance at 0x7f9013d11640>,115,25,[5 7],116,-1,277,-1,252
1,<environment.Job instance at 0x7f9013d11af0>,116,16,[13  3],117,-1,268,-1,252
1,<environment.Job instance at 0x7f9013d112d0>,118,18,[7 1],119,-1,288,-1,270
1,<environment.Job instance at 0x7f9013d114b0>,119,14,[9 1],120,-1,285,-1,271
1,<environment.Job instance at 0x7f9013d118c0>,120,12,[7 1],121,-1,283,-1,271
1,<environment.Job instance at 0x7f9013d117d0>,122,28,[3 8],123,-1,299,-1,271
1,<environment.Job instance at 0x7f9013d11280>,123,18,[ 1 14],124,-1,289,-1,271
1,<environment.Job instance at 0x7f9013d11fa0>,126,16,[12  2],127,-1,303,-1,287
1,<environment.Job instance at 0x7f9013d11aa0>,127,12,[11  2],128,-1,299,-1,287
1,<environment.Job instance at 0x7f9013ce5550>,130,21,[11  1],131,-1,324,-1,303
1,<environment.Job instance at 0x7f9013ce5e10>,131,1,[ 5 10],132,-1,304,-1,303
1,<environment.Job instance at 0x7f9014386910>,132,24,[8 3],133,-1,327,-1,303
1,<environment.Job instance at 0x7f9014073460>,133,14,[11  2],134,-1,317,-1,303
1,<environment.Job instance at 0x7f901392c0f0>,134,23,[ 5 10],135,-1,326,-1,303
1,<environment.Job instance at 0x7f901402c870>,135,25,[ 2 14],136,-1,328,-1,303
1,<environment.Job instance at 0x7f90145199b0>,136,12,[ 3 13],137,-1,315,-1,303
1,<environment.Job instance at 0x7f901402f500>,141,14,[ 1 10],142,-1,351,-1,337
1,<environment.Job instance at 0x7f9013f72050>,144,14,[1 7],145,-1,366,-1,352
1,<environment.Job instance at 0x7f9014021dc0>,146,13,[11  2],147,-1,368,-1,355
1,<environment.Job instance at 0x7f9014021eb0>,147,13,[12  3],148,-1,368,-1,355
1,<environment.Job instance at 0x7f90140214b0>,148,14,[3 9],149,-1,369,-1,355
1,<environment.Job instance at 0x7f9014021690>,149,12,[10  5],150,-1,367,-1,355
1,<environment.Job instance at 0x7f9014021c80>,150,14,[5 3],151,-1,372,-1,358
1,<environment.Job instance at 0x7f9014021460>,151,24,[14  3],152,-1,382,-1,358
1,<environment.Job instance at 0x7f9014021050>,152,25,[ 5 10],153,-1,383,-1,358
1,<environment.Job instance at 0x7f9013f8cbe0>,153,16,[ 3 12],154,-1,374,-1,358
1,<environment.Job instance at 0x7f90140aa8c0>,156,14,[10  1],157,-1,397,-1,383
1,<environment.Job instance at 0x7f9013f65460>,158,14,[7 1],159,-1,397,-1,383
1,<environment.Job instance at 0x7f9013f65dc0>,159,22,[5 2],160,-1,405,-1,383
1,<environment.Job instance at 0x7f9013ce5e60>,160,18,[ 5 12],161,-1,401,-1,383
1,<environment.Job instance at 0x7f9013ce5dc0>,162,13,[8 2],163,-1,409,-1,396
1,<environment.Job instance at 0x7f9013ce5410>,164,12,[ 4 10],165,-1,408,-1,396
1,<environment.Job instance at 0x7f9013ce5320>,165,21,[10  5],166,-1,422,-1,401
1,<environment.Job instance at 0x7f9013ce56e0>,166,16,[ 2 10],167,-1,418,-1,402
1,<environment.Job instance at 0x7f9013ce5a50>,167,26,[5 5],168,-1,428,-1,402
1,<environment.Job instance at 0x7f9013ce55f0>,169,23,[7 1],170,-1,427,-1,404
1,<environment.Job instance at 0x7f9013ce5230>,170,14,[12  4],171,-1,418,-1,404
1,<environment.Job instance at 0x7f9013ce5730>,171,18,[ 5 10],172,-1,422,-1,404
1,<environment.Job instance at 0x7f9013ce5f00>,172,25,[6 3],173,-1,429,-1,404
1,<environment.Job instance at 0x7f901401b730>,173,23,[7 4],174,-1,427,-1,404
1,<environment.Job instance at 0x7f901401baf0>,174,13,[8 2],175,-1,417,-1,404
1,<environment.Job instance at 0x7f901401bdc0>,175,12,[13  4],176,-1,416,-1,404
1,<environment.Job instance at 0x7f901401b640>,176,28,[5 4],177,-1,432,-1,404
1,<environment.Job instance at 0x7f901401b500>,177,2,[3 8],178,-1,406,-1,404
1,<environment.Job instance at 0x7f901401bf50>,178,27,[6 3],179,-1,431,-1,404
1,<environment.Job instance at 0x7f901400feb0>,27,17,[ 2 11],28,-1,458,-1,441
1,<environment.Job instance at 0x7f90132d2a00>,1,2,[ 2 12],2,-1,4,-1,2
1,<environment.Job instance at 0x7f90145d9a00>,2,28,[7 1],3,-1,31,-1,3
1,<environment.Job instance at 0x7f90145d9cd0>,3,18,[ 3 14],4,-1,22,-1,4
1,<environment.Job instance at 0x7f90145d9500>,5,16,[ 1 14],6,-1,22,-1,6
1,<environment.Job instance at 0x7f901321af50>,6,26,[3 8],7,-1,33,-1,7
1,<environment.Job instance at 0x7f901321aeb0>,7,26,[10  5],8,-1,34,-1,8
1,<environment.Job instance at 0x7f9013378870>,9,16,[12  4],10,-1,26,-1,10
1,<environment.Job instance at 0x7f90149ebcd0>,12,24,[5 8],13,-1,37,-1,13
1,<environment.Job instance at 0x7f90145e4af0>,14,22,[7 2],15,-1,68,-1,46
1,<environment.Job instance at 0x7f90141aea50>,21,23,[8 4],22,-1,69,-1,46
1,<environment.Job instance at 0x7f9014583aa0>,41,27,[6 4],42,-1,236,-1,209
1,<environment.Job instance at 0x7f9014583be0>,42,25,[6 1],43,-1,234,-1,209
1,<environment.Job instance at 0x7f9014135c30>,43,23,[5 5],44,-1,232,-1,209
1,<environment.Job instance at 0x7f9014135910>,44,28,[8 5],45,-1,237,-1,209
1,<environment.Job instance at 0x7f9014135e60>,45,12,[13  5],46,-1,221,-1,209
1,<environment.Job instance at 0x7f901d663d20>,46,13,[1 8],47,-1,224,-1,211
1,<environment.Job instance at 0x7f90141fcf50>,9,15,[ 3 13],10,-1,34,-1,19
1,<environment.Job instance at 0x7f90141fca50>,12,28,[9 4],13,-1,76,-1,48
1,<environment.Job instance at 0x7f9013d3bfa0>,10,21,[9 1],11,-1,189,-1,168
1,<environment.Job instance at 0x7f9013431dc0>,30,15,[10  2],31,-1,183,-1,168
1,<environment.Job instance at 0x7f9013d4e190>,31,25,[1 6],32,-1,193,-1,168
1,<environment.Job instance at 0x7f9013d4ed70>,32,26,[5 5],33,-1,194,-1,168
1,<environment.Job instance at 0x7f9013d4e4b0>,33,15,[12  2],34,-1,183,-1,168
1,<environment.Job instance at 0x7f9013d33b40>,34,14,[ 1 10],35,-1,182,-1,168
1,<environment.Job instance at 0x7f9013ece8c0>,62,25,[10  5],63,-1,422,-1,397
1,<environment.Job instance at 0x7f9013ece4b0>,66,28,[4 6],67,-1,451,-1,423
1,<environment.Job instance at 0x7f9013ece640>,67,26,[2 6],68,-1,450,-1,424
1,<environment.Job instance at 0x7f9013ece730>,69,15,[14  4],70,-1,444,-1,429
1,<environment.Job instance at 0x7f9013ece960>,70,13,[13  5],71,-1,442,-1,429
1,<environment.Job instance at 0x7f9013ec5870>,75,1,[ 1 13],76,-1,448,-1,447
1,<environment.Job instance at 0x7f9013ec5910>,76,26,[8 2],77,-1,473,-1,447
1,<environment.Job instance at 0x7f9013ec59b0>,77,26,[5 7],78,-1,473,-1,447
1,<environment.Job instance at 0x7f9013ec5af0>,79,26,[11  1],80,-1,485,-1,459
1,<environment.Job instance at 0x7f9013ec5eb0>,85,18,[ 1 12],86,-1,508,-1,490
1,<environment.Job instance at 0x7f9013ec55f0>,86,15,[ 3 11],87,-1,505,-1,490
1,<environment.Job instance at 0x7f9013eb10f0>,89,16,[ 2 13],90,-1,529,-1,513
1,<environment.Job instance at 0x7f9013eb1410>,90,21,[ 4 13],91,-1,534,-1,513
1,<environment.Job instance at 0x7f9013eb14b0>,93,27,[13  3],94,-1,549,-1,522
1,<environment.Job instance at 0x7f9013eb1550>,94,24,[3 9],95,-1,546,-1,522
1,<environment.Job instance at 0x7f9013eb15f0>,95,2,[5 7],96,-1,524,-1,522
1,<environment.Job instance at 0x7f9013eb16e0>,96,23,[14  1],97,-1,545,-1,522
1,<environment.Job instance at 0x7f9013eb1780>,97,27,[11  2],98,-1,549,-1,522
1,<environment.Job instance at 0x7f9013eb1960>,100,22,[ 3 14],101,-1,561,-1,539
1,<environment.Job instance at 0x7f9013eb1a00>,101,15,[13  2],102,-1,554,-1,539
1,<environment.Job instance at 0x7f9013eb1aa0>,102,16,[11  3],103,-1,558,-1,542
1,<environment.Job instance at 0x7f9013eb1d70>,106,16,[13  2],107,-1,571,-1,555
1,<environment.Job instance at 0x7f9014571190>,112,28,[13  5],113,-1,639,-1,611
1,<environment.Job instance at 0x7f9014571230>,113,27,[6 1],114,-1,638,-1,611
1,<environment.Job instance at 0x7f9014571460>,115,17,[ 5 11],116,-1,628,-1,611
1,<environment.Job instance at 0x7f9014571690>,119,24,[14  3],120,-1,651,-1,627
1,<environment.Job instance at 0x7f9014571730>,120,16,[ 1 14],121,-1,643,-1,627
1,<environment.Job instance at 0x7f90145717d0>,121,24,[10  2],122,-1,651,-1,627
1,<environment.Job instance at 0x7f9014571870>,122,2,[3 6],123,-1,629,-1,627
1,<environment.Job instance at 0x7f9014571910>,123,3,[ 2 14],124,-1,630,-1,627
1,<environment.Job instance at 0x7f9014571a50>,125,19,[11  3],126,-1,659,-1,640
1,<environment.Job instance at 0x7f9014571af0>,126,18,[ 5 11],127,-1,658,-1,640
1,<environment.Job instance at 0x7f9014571b90>,127,21,[12  1],128,-1,661,-1,640
1,<environment.Job instance at 0x7f9014571c30>,128,18,[12  4],129,-1,658,-1,640
1,<environment.Job instance at 0x7f9014571cd0>,129,26,[1 9],130,-1,666,-1,640
1,<environment.Job instance at 0x7f9014571d70>,130,3,[10  4],131,-1,643,-1,640
1,<environment.Job instance at 0x7f9014571eb0>,132,26,[13  5],133,-1,679,-1,653
1,<environment.Job instance at 0x7f9014571050>,133,25,[13  3],134,-1,678,-1,653
1,<environment.Job instance at 0x7f9014571500>,134,22,[ 5 10],135,-1,677,-1,655
1,<environment.Job instance at 0x7f901454c1e0>,137,26,[3 8],138,-1,690,-1,664
1,<environment.Job instance at 0x7f901454c230>,138,16,[ 5 12],139,-1,680,-1,664
1,<environment.Job instance at 0x7f901454c0f0>,139,24,[13  4],140,-1,688,-1,664
1,<environment.Job instance at 0x7f901454c050>,136,15,[ 1 10],137,-1,709,-1,694
1,<environment.Job instance at 0x7f901454c820>,145,26,[ 3 12],149,-1,723,-1,697
1,<environment.Job instance at 0x7f901454cfa0>,154,27,[10  1],175,-1,792,-1,765
1,<environment.Job instance at 0x7f90145722d0>,156,1,[10  5],177,-1,768,-1,767
1,<environment.Job instance at 0x7f901454cd20>,2,25,[8 5],3,-1,28,-1,3
1,<environment.Job instance at 0x7f9013c7ec30>,3,2,[14  3],4,-1,6,-1,4
1,<environment.Job instance at 0x7f9013c7e9b0>,4,24,[13  5],5,-1,29,-1,5
1,<environment.Job instance at 0x7f9013dc7fa0>,6,14,[ 1 10],7,-1,37,-1,23
1,<environment.Job instance at 0x7f9013c7ec80>,12,13,[11  4],13,-1,36,-1,23
1,<environment.Job instance at 0x7f9013c7ee10>,17,15,[ 4 13],18,-1,65,-1,50
1,<environment.Job instance at 0x7f9013c7e5a0>,19,13,[11  4],20,-1,68,-1,55
1,<environment.Job instance at 0x7f9013d111e0>,40,1,[3 9],41,-1,213,-1,212
1,<environment.Job instance at 0x7f9013d11960>,41,23,[13  4],42,-1,235,-1,212
1,<environment.Job instance at 0x7f9013d11af0>,43,26,[1 9],44,-1,238,-1,212
1,<environment.Job instance at 0x7f9013d11d70>,44,25,[5 4],45,-1,237,-1,212
1,<environment.Job instance at 0x7f90135b6eb0>,45,22,[ 2 10],46,-1,234,-1,212
1,<environment.Job instance at 0x7f90135b60f0>,46,14,[13  4],47,-1,226,-1,212
1,<environment.Job instance at 0x7f90135b6960>,48,12,[13  4],49,-1,234,-1,222
1,<environment.Job instance at 0x7f90135b63c0>,51,17,[ 5 11],52,-1,255,-1,238
1,<environment.Job instance at 0x7f90135b6690>,52,2,[ 1 10],53,-1,240,-1,238
1,<environment.Job instance at 0x7f90135b6b90>,55,18,[14  2],56,-1,273,-1,255
1,<environment.Job instance at 0x7f90135b6aa0>,56,15,[14  3],57,-1,270,-1,255
1,<environment.Job instance at 0x7f90135b6500>,58,17,[12  2],59,-1,284,-1,267
1,<environment.Job instance at 0x7f90135b64b0>,59,20,[ 5 12],60,-1,287,-1,267
1,<environment.Job instance at 0x7f90135b6410>,60,28,[ 5 11],61,-1,295,-1,267
1,<environment.Job instance at 0x7f901d63c730>,62,23,[5 9],63,-1,306,-1,283
1,<environment.Job instance at 0x7f901d63c460>,64,28,[14  5],65,-1,328,-1,300
1,<environment.Job instance at 0x7f901d63ca50>,66,13,[12  1],67,-1,330,-1,317
1,<environment.Job instance at 0x7f901d63c550>,67,28,[ 5 11],68,-1,345,-1,317
1,<environment.Job instance at 0x7f901d63c2d0>,68,2,[5 3],69,-1,319,-1,317
1,<environment.Job instance at 0x7f9014a02dc0>,75,13,[ 4 14],76,-1,366,-1,353
1,<environment.Job instance at 0x7f90138e40f0>,79,3,[2 7],80,-1,375,-1,372
1,<environment.Job instance at 0x7f90138e4960>,80,15,[12  4],81,-1,387,-1,372
1,<environment.Job instance at 0x7f90138e40a0>,82,16,[13  1],83,-1,407,-1,391
1,<environment.Job instance at 0x7f901438c640>,85,14,[13  2],86,-1,421,-1,407
1,<environment.Job instance at 0x7f901438c320>,86,28,[ 1 14],87,-1,435,-1,407
1,<environment.Job instance at 0x7f901438cf50>,87,18,[ 2 14],88,-1,425,-1,407
1,<environment.Job instance at 0x7f901438cdc0>,88,25,[ 4 10],89,-1,432,-1,407
1,<environment.Job instance at 0x7f901438cc30>,89,24,[11  5],90,-1,431,-1,407
1,<environment.Job instance at 0x7f901438c550>,92,27,[2 9],93,-1,446,-1,419
1,<environment.Job instance at 0x7f901438cb40>,96,13,[ 2 14],97,-1,460,-1,447
1,<environment.Job instance at 0x7f901438c690>,97,23,[10  1],98,-1,470,-1,447
1,<environment.Job instance at 0x7f901438c190>,98,22,[8 1],99,-1,470,-1,448
1,<environment.Job instance at 0x7f90138cd1e0>,99,14,[14  4],100,-1,462,-1,448
1,<environment.Job instance at 0x7f90138752d0>,100,13,[ 5 14],101,-1,461,-1,448
1,<environment.Job instance at 0x7f901438c2d0>,101,27,[3 9],102,-1,475,-1,448
1,<environment.Job instance at 0x7f9013a8d7d0>,102,28,[3 8],103,-1,476,-1,448
1,<environment.Job instance at 0x7f9013a8d5a0>,103,23,[ 5 10],104,-1,471,-1,448
1,<environment.Job instance at 0x7f901387aeb0>,104,17,[ 1 11],105,-1,465,-1,448
1,<environment.Job instance at 0x7f9013c84d70>,105,12,[2 9],106,-1,460,-1,448
1,<environment.Job instance at 0x7f9014361550>,106,1,[ 4 13],107,-1,449,-1,448
1,<environment.Job instance at 0x7f9014004140>,107,14,[ 5 13],108,-1,462,-1,448
1,<environment.Job instance at 0x7f9014751af0>,109,1,[ 1 14],110,-1,451,-1,450
1,<environment.Job instance at 0x7f901387a500>,110,16,[11  4],111,-1,466,-1,450
1,<environment.Job instance at 0x7f9013a700f0>,112,3,[8 2],113,-1,464,-1,461
1,<environment.Job instance at 0x7f901445f050>,114,16,[13  2],115,-1,495,-1,479
1,<environment.Job instance at 0x7f9013a70320>,115,14,[ 2 13],116,-1,493,-1,479
1,<environment.Job instance at 0x7f901433f410>,116,18,[13  1],117,-1,497,-1,479
1,<environment.Job instance at 0x7f9013b37690>,117,21,[ 2 12],118,-1,500,-1,479
1,<environment.Job instance at 0x7f901436caf0>,119,26,[13  3],120,-1,505,-1,479
1,<environment.Job instance at 0x7f9013a5b640>,120,24,[12  5],121,-1,503,-1,479
1,<environment.Job instance at 0x7f9013142dc0>,122,27,[7 3],123,-1,513,-1,486
1,<environment.Job instance at 0x7f90135a7410>,123,15,[ 4 10],124,-1,501,-1,486
1,<environment.Job instance at 0x7f90144e6410>,124,12,[ 1 10],125,-1,498,-1,486
1,<environment.Job instance at 0x7f90137e6910>,125,22,[7 1],126,-1,508,-1,486
1,<environment.Job instance at 0x7f90137e6e10>,126,21,[11  1],127,-1,507,-1,486
1,<environment.Job instance at 0x7f90137e6190>,128,18,[11  1],129,-1,517,-1,499
1,<environment.Job instance at 0x7f9013a61b90>,131,3,[6 4],132,-1,530,-1,527
1,<environment.Job instance at 0x7f9013cdaeb0>,132,13,[ 1 12],133,-1,540,-1,527
1,<environment.Job instance at 0x7f9013cda280>,139,24,[ 2 12],140,-1,591,-1,567
1,<environment.Job instance at 0x7f9013cdaf50>,145,25,[3 6],146,-1,624,-1,599
1,<environment.Job instance at 0x7f9014605050>,147,16,[ 5 12],148,-1,628,-1,612
1,<environment.Job instance at 0x7f9013cda410>,149,12,[9 1],150,-1,630,-1,618
1,<environment.Job instance at 0x7f9013ac8280>,150,12,[11  4],151,-1,630,-1,618
1,<environment.Job instance at 0x7f9013ae9320>,152,2,[12  3],153,-1,632,-1,630
1,<environment.Job instance at 0x7f9013a3b910>,153,18,[ 4 12],161,-1,648,-1,630
1,<environment.Job instance at 0x7f901465bcd0>,154,24,[ 3 11],162,-1,654,-1,630
1,<environment.Job instance at 0x7f901465b8c0>,155,24,[ 5 12],174,-1,654,-1,630
1,<environment.Job instance at 0x7f901465bd20>,156,2,[1 7],175,-1,632,-1,630
1,<environment.Job instance at 0x7f90138bde60>,9,13,[ 1 11],10,-1,28,-1,15
1,<environment.Job instance at 0x7f90138bdcd0>,10,14,[11  4],11,-1,29,-1,15
1,<environment.Job instance at 0x7f90138bde10>,11,24,[ 4 11],12,-1,39,-1,15
1,<environment.Job instance at 0x7f90138bd140>,12,24,[4 8],13,-1,39,-1,15
1,<environment.Job instance at 0x7f9013ee2550>,27,23,[6 2],28,-1,131,-1,108
1,<environment.Job instance at 0x7f9013ee2e10>,28,12,[11  4],29,-1,120,-1,108
1,<environment.Job instance at 0x7f9013ee25a0>,29,3,[ 1 12],30,-1,111,-1,108
1,<environment.Job instance at 0x7f9013ee2140>,30,14,[12  1],31,-1,122,-1,108
1,<environment.Job instance at 0x7f9013ed6c80>,35,17,[ 1 11],36,-1,149,-1,132
1,<environment.Job instance at 0x7f9013ed65a0>,36,12,[3 6],37,-1,144,-1,132
1,<environment.Job instance at 0x7f9013ed6a50>,37,18,[12  5],38,-1,150,-1,132
1,<environment.Job instance at 0x7f90145961e0>,38,20,[13  1],39,-1,152,-1,132
1,<environment.Job instance at 0x7f90145960a0>,39,17,[ 5 13],40,-1,149,-1,132
1,<environment.Job instance at 0x7f9014596410>,41,23,[4 8],42,-1,156,-1,133
1,<environment.Job instance at 0x7f901389a690>,44,26,[2 8],45,-1,174,-1,148
1,<environment.Job instance at 0x7f901389a870>,46,13,[12  5],47,-1,181,-1,168
1,<environment.Job instance at 0x7f901389ad70>,48,14,[ 2 11],49,-1,182,-1,168
1,<environment.Job instance at 0x7f901389ae60>,52,26,[6 5],53,-1,211,-1,185
1,<environment.Job instance at 0x7f90138b9fa0>,53,14,[10  1],54,-1,199,-1,185
1,<environment.Job instance at 0x7f90138b9820>,54,22,[13  2],55,-1,207,-1,185
1,<environment.Job instance at 0x7f90138b9460>,55,3,[4 9],56,-1,188,-1,185
1,<environment.Job instance at 0x7f90138b9960>,58,24,[4 5],59,-1,222,-1,198
1,<environment.Job instance at 0x7f90138b95a0>,59,28,[ 3 11],60,-1,226,-1,198
1,<environment.Job instance at 0x7f90138b90f0>,60,12,[9 1],61,-1,210,-1,198
1,<environment.Job instance at 0x7f90138b9e60>,62,19,[ 2 12],63,-1,227,-1,208
1,<environment.Job instance at 0x7f90138b9730>,65,22,[3 6],66,-1,233,-1,211
1,<environment.Job instance at 0x7f90138b98c0>,67,17,[ 4 12],68,-1,228,-1,211
1,<environment.Job instance at 0x7f901410a050>,69,20,[11  5],70,-1,246,-1,226
1,<environment.Job instance at 0x7f901410a4b0>,70,16,[12  3],71,-1,242,-1,226
1,<environment.Job instance at 0x7f901329a410>,71,3,[5 7],72,-1,229,-1,226
1,<environment.Job instance at 0x7f901329ac80>,73,27,[ 1 10],74,-1,257,-1,230
1,<environment.Job instance at 0x7f901329a4b0>,74,14,[ 1 11],75,-1,244,-1,230
1,<environment.Job instance at 0x7f901329ab40>,75,25,[ 5 11],76,-1,255,-1,230
1,<environment.Job instance at 0x7f901329acd0>,77,1,[1 7],78,-1,244,-1,243
1,<environment.Job instance at 0x7f901329abe0>,79,28,[6 3],80,-1,274,-1,246
1,<environment.Job instance at 0x7f901329a820>,80,13,[4 8],81,-1,267,-1,254
1,<environment.Job instance at 0x7f901329a370>,82,19,[ 3 12],83,-1,274,-1,255
1,<environment.Job instance at 0x7f901329a550>,83,23,[4 5],84,-1,278,-1,255
1,<environment.Job instance at 0x7f901329aeb0>,86,22,[ 2 12],87,-1,299,-1,277
1,<environment.Job instance at 0x7f901329adc0>,87,17,[12  5],88,-1,294,-1,277
1,<environment.Job instance at 0x7f901329a050>,88,28,[11  4],89,-1,305,-1,277
1,<environment.Job instance at 0x7f901329aa50>,89,1,[4 9],90,-1,278,-1,277
1,<environment.Job instance at 0x7f9013f7fe10>,90,12,[ 4 14],91,-1,289,-1,277
1,<environment.Job instance at 0x7f9013f7fb40>,91,22,[2 7],92,-1,302,-1,280
1,<environment.Job instance at 0x7f9013f7f5f0>,92,13,[9 5],93,-1,297,-1,284
1,<environment.Job instance at 0x7f90134997d0>,95,28,[1 7],96,-1,315,-1,287
1,<environment.Job instance at 0x7f9013499910>,96,18,[ 2 10],97,-1,305,-1,287
1,<environment.Job instance at 0x7f90134998c0>,97,18,[13  2],98,-1,305,-1,287
1,<environment.Job instance at 0x7f9013499960>,98,3,[6 5],99,-1,290,-1,287
1,<environment.Job instance at 0x7f90134992d0>,99,19,[ 5 10],100,-1,306,-1,287
1,<environment.Job instance at 0x7f9013499690>,102,27,[8 5],103,-1,329,-1,302
1,<environment.Job instance at 0x7f90134995f0>,104,25,[ 1 12],105,-1,332,-1,307
1,<environment.Job instance at 0x7f90134990f0>,105,13,[8 3],106,-1,320,-1,307
1,<environment.Job instance at 0x7f9013499d20>,106,15,[ 5 10],107,-1,322,-1,307
1,<environment.Job instance at 0x7f90131f0af0>,107,20,[14  5],108,-1,327,-1,307
1,<environment.Job instance at 0x7f90131f03c0>,108,25,[ 3 12],109,-1,332,-1,307
1,<environment.Job instance at 0x7f90131f0370>,109,14,[13  1],110,-1,321,-1,307
1,<environment.Job instance at 0x7f90131f0820>,110,15,[10  1],111,-1,322,-1,307
1,<environment.Job instance at 0x7f90131f0f50>,111,13,[ 2 12],112,-1,320,-1,307
1,<environment.Job instance at 0x7f90131f0550>,113,21,[1 7],114,-1,339,-1,318
1,<environment.Job instance at 0x7f90131f0190>,115,16,[12  2],116,-1,338,-1,322
1,<environment.Job instance at 0x7f90131f0a50>,116,16,[14  1],117,-1,338,-1,322
1,<environment.Job instance at 0x7f90131f0aa0>,117,3,[ 2 13],118,-1,325,-1,322
1,<environment.Job instance at 0x7f90131f04b0>,118,15,[ 1 10],119,-1,338,-1,323
1,<environment.Job instance at 0x7f90131f0be0>,119,1,[7 5],120,-1,324,-1,323
1,<environment.Job instance at 0x7f90131f0460>,121,26,[13  3],122,-1,353,-1,327
1,<environment.Job instance at 0x7f90131f0dc0>,122,15,[ 2 11],123,-1,342,-1,327
1,<environment.Job instance at 0x7f90131f0eb0>,123,20,[11  4],124,-1,347,-1,327
1,<environment.Job instance at 0x7f90131f08c0>,124,17,[14  1],125,-1,344,-1,327
1,<environment.Job instance at 0x7f9013248aa0>,128,15,[ 3 11],129,-1,370,-1,355
1,<environment.Job instance at 0x7f90132485a0>,129,20,[ 4 12],130,-1,375,-1,355
1,<environment.Job instance at 0x7f9013248e60>,130,28,[5 8],131,-1,383,-1,355
1,<environment.Job instance at 0x7f9013248a00>,131,17,[ 3 14],132,-1,372,-1,355
1,<environment.Job instance at 0x7f9013a950f0>,132,27,[ 3 10],133,-1,382,-1,355
1,<environment.Job instance at 0x7f9014196140>,134,14,[4 9],135,-1,373,-1,359
1,<environment.Job instance at 0x7f9014590cd0>,135,22,[ 1 10],136,-1,381,-1,359
1,<environment.Job instance at 0x7f90133504b0>,137,27,[6 4],138,-1,395,-1,368
1,<environment.Job instance at 0x7f901d14ad70>,138,22,[ 2 10],139,-1,390,-1,368
1,<environment.Job instance at 0x7f9014106460>,139,25,[2 8],140,-1,393,-1,368
1,<environment.Job instance at 0x7f90139586e0>,143,2,[ 5 11],144,-1,384,-1,382
1,<environment.Job instance at 0x7f9013f26730>,144,1,[8 2],145,-1,383,-1,382
1,<environment.Job instance at 0x7f9013cc8410>,148,13,[ 3 10],149,-1,423,-1,410
1,<environment.Job instance at 0x7f901405e5a0>,150,24,[14  3],151,-1,446,-1,422
1,<environment.Job instance at 0x7f9013a4b780>,153,2,[13  4],154,-1,439,-1,437
1,<environment.Job instance at 0x7f90148d7190>,154,22,[12  2],155,-1,459,-1,437
1,<environment.Job instance at 0x7f90148c55f0>,156,17,[14  5],157,-1,457,-1,440
1,<environment.Job instance at 0x7f90142b8690>,157,28,[ 3 11],158,-1,468,-1,440
1,<environment.Job instance at 0x7f90144dbb40>,158,12,[ 2 14],159,-1,452,-1,440
1,<environment.Job instance at 0x7f90149452d0>,159,18,[14  4],160,-1,458,-1,440
1,<environment.Job instance at 0x7f90141be730>,160,14,[12  5],161,-1,454,-1,440
1,<environment.Job instance at 0x7f901480f910>,161,28,[9 4],162,-1,468,-1,440
1,<environment.Job instance at 0x7f9013b92dc0>,162,28,[13  4],163,-1,468,-1,440
1,<environment.Job instance at 0x7f9013b924b0>,163,16,[ 3 13],164,-1,456,-1,440
1,<environment.Job instance at 0x7f901445ba50>,164,3,[6 5],165,-1,443,-1,440
1,<environment.Job instance at 0x7f901445bc30>,165,16,[ 2 13],166,-1,456,-1,440
1,<environment.Job instance at 0x7f90141521e0>,166,3,[5 2],169,-1,443,-1,440
1,<environment.Job instance at 0x7f9014114f50>,167,18,[ 4 12],170,-1,458,-1,440
1,<environment.Job instance at 0x7f9014336b40>,168,14,[10  3],171,-1,454,-1,440
1,<environment.Job instance at 0x7f9014aabcd0>,170,21,[3 9],173,-1,477,-1,456
1,<environment.Job instance at 0x7f9014538cd0>,1,14,[14  1],2,-1,16,-1,2
1,<environment.Job instance at 0x7f9013de5cd0>,2,24,[8 5],3,-1,27,-1,3
1,<environment.Job instance at 0x7f9013de5b90>,3,3,[14  5],4,-1,7,-1,4
1,<environment.Job instance at 0x7f9013de5dc0>,7,17,[ 5 13],8,-1,25,-1,8
1,<environment.Job instance at 0x7f9013de5aa0>,8,26,[ 3 14],9,-1,35,-1,9
1,<environment.Job instance at 0x7f90149db9b0>,26,2,[6 5],27,-1,77,-1,75
1,<environment.Job instance at 0x7f90149dbd70>,30,12,[14  4],31,-1,121,-1,109
1,<environment.Job instance at 0x7f90149dbd20>,31,28,[5 5],32,-1,137,-1,109
1,<environment.Job instance at 0x7f90144ea820>,38,3,[ 2 11],39,-1,147,-1,144
1,<environment.Job instance at 0x7f90144ea8c0>,39,26,[1 9],40,-1,170,-1,144
1,<environment.Job instance at 0x7f90144eae10>,40,28,[9 3],41,-1,172,-1,144
1,<environment.Job instance at 0x7f901342cfa0>,42,28,[5 3],43,-1,173,-1,145
1,<environment.Job instance at 0x7f9013e47320>,55,20,[14  4],56,-1,300,-1,280
1,<environment.Job instance at 0x7f9013e47f00>,56,22,[ 1 14],57,-1,302,-1,280
1,<environment.Job instance at 0x7f9013e47690>,57,2,[14  4],58,-1,282,-1,280
1,<environment.Job instance at 0x7f9013e47410>,59,27,[4 9],60,-1,310,-1,283
1,<environment.Job instance at 0x7f9013409820>,60,16,[ 4 13],61,-1,299,-1,283
1,<environment.Job instance at 0x7f90134098c0>,62,16,[14  2],63,-1,304,-1,288
1,<environment.Job instance at 0x7f9013409e10>,63,12,[14  2],64,-1,300,-1,288
1,<environment.Job instance at 0x7f9013409cd0>,64,1,[14  4],65,-1,289,-1,288
1,<environment.Job instance at 0x7f90134090a0>,65,2,[14  4],66,-1,290,-1,288
1,<environment.Job instance at 0x7f9013409960>,66,24,[2 9],67,-1,314,-1,290
1,<environment.Job instance at 0x7f9013409dc0>,67,12,[ 2 12],68,-1,302,-1,290
1,<environment.Job instance at 0x7f9013409910>,68,14,[13  4],69,-1,304,-1,290
1,<environment.Job instance at 0x7f9013409c80>,69,20,[ 3 11],70,-1,310,-1,290
1,<environment.Job instance at 0x7f90134091e0>,71,16,[14  4],72,-1,315,-1,299
1,<environment.Job instance at 0x7f9013928960>,74,2,[ 3 14],75,-1,301,-1,299
1,<environment.Job instance at 0x7f9013928910>,76,27,[7 4],77,-1,336,-1,309
1,<environment.Job instance at 0x7f9013928870>,79,2,[2 6],80,-1,328,-1,326
1,<environment.Job instance at 0x7f9013928140>,81,24,[6 3],82,-1,369,-1,345
1,<environment.Job instance at 0x7f9013928b40>,82,28,[2 8],83,-1,381,-1,353
1,<environment.Job instance at 0x7f9013928af0>,83,13,[12  3],84,-1,366,-1,353
1,<environment.Job instance at 0x7f9013d53f50>,87,14,[ 4 13],88,-1,379,-1,365
1,<environment.Job instance at 0x7f9013d53fa0>,88,26,[9 3],89,-1,391,-1,365
1,<environment.Job instance at 0x7f9013d53e60>,91,20,[ 4 14],92,-1,402,-1,382
1,<environment.Job instance at 0x7f901344bdc0>,93,14,[12  5],94,-1,409,-1,395
1,<environment.Job instance at 0x7f901344b050>,94,25,[ 5 12],95,-1,420,-1,395
1,<environment.Job instance at 0x7f901344b960>,96,15,[ 3 14],97,-1,410,-1,395
1,<environment.Job instance at 0x7f901344b2d0>,99,1,[10  1],100,-1,410,-1,409
1,<environment.Job instance at 0x7f901344be60>,100,24,[7 1],101,-1,433,-1,409
1,<environment.Job instance at 0x7f901344b4b0>,107,25,[8 1],108,-1,503,-1,478
1,<environment.Job instance at 0x7f901317d460>,109,12,[12  3],110,-1,501,-1,489
1,<environment.Job instance at 0x7f901317dd20>,112,25,[4 5],113,-1,534,-1,509
1,<environment.Job instance at 0x7f901317d870>,113,25,[10  3],114,-1,534,-1,509
1,<environment.Job instance at 0x7f901317dd70>,115,28,[13  4],116,-1,543,-1,515
1,<environment.Job instance at 0x7f901317dc30>,116,20,[13  2],117,-1,535,-1,515
1,<environment.Job instance at 0x7f901317d910>,117,14,[12  3],118,-1,529,-1,515
1,<environment.Job instance at 0x7f901317d370>,118,17,[ 5 13],119,-1,532,-1,515
1,<environment.Job instance at 0x7f901317d320>,120,18,[13  4],121,-1,546,-1,528
1,<environment.Job instance at 0x7f901317daf0>,124,1,[8 4],125,-1,560,-1,559
1,<environment.Job instance at 0x7f901317d5f0>,125,25,[2 5],126,-1,584,-1,559
1,<environment.Job instance at 0x7f90143976e0>,132,23,[ 3 14],133,-1,630,-1,607
1,<environment.Job instance at 0x7f9013802690>,133,21,[ 5 13],134,-1,628,-1,607
1,<environment.Job instance at 0x7f90138025a0>,134,16,[ 3 14],135,-1,623,-1,607
1,<environment.Job instance at 0x7f90138023c0>,136,14,[11  3],137,-1,624,-1,610
1,<environment.Job instance at 0x7f9013f5b1e0>,138,13,[14  1],139,-1,641,-1,628
1,<environment.Job instance at 0x7f9014655eb0>,145,24,[5 2],146,-1,691,-1,667
1,<environment.Job instance at 0x7f901369d690>,146,14,[11  2],147,-1,681,-1,667
1,<environment.Job instance at 0x7f90133b5140>,147,22,[ 4 10],148,-1,690,-1,668
1,<environment.Job instance at 0x7f90141f6c80>,148,15,[ 2 13],149,-1,683,-1,668
1,<environment.Job instance at 0x7f901312c140>,150,13,[ 3 12],151,-1,693,-1,680
1,<environment.Job instance at 0x7f9014a5cd70>,151,14,[ 2 11],152,-1,694,-1,680
1,<environment.Job instance at 0x7f901d5926e0>,152,16,[ 5 14],153,-1,696,-1,680
1,<environment.Job instance at 0x7f901413a870>,154,26,[10  4],155,-1,708,-1,682
1,<environment.Job instance at 0x7f90136a5a50>,156,24,[4 7],157,-1,708,-1,684
1,<environment.Job instance at 0x7f9013ceb140>,3,12,[ 3 11],4,-1,16,-1,4
1,<environment.Job instance at 0x7f9013ceb230>,4,25,[ 1 14],5,-1,30,-1,5
1,<environment.Job instance at 0x7f9013ceb280>,6,26,[14  4],7,-1,33,-1,7
1,<environment.Job instance at 0x7f9013ceb370>,8,23,[ 1 11],9,-1,32,-1,9
1,<environment.Job instance at 0x7f9013ceba00>,19,1,[3 9],20,-1,53,-1,52
1,<environment.Job instance at 0x7f9013cebe60>,23,15,[12  3],24,-1,85,-1,70
1,<environment.Job instance at 0x7f9013cd51e0>,28,3,[14  3],29,-1,105,-1,102
1,<environment.Job instance at 0x7f9013cd5280>,29,28,[1 7],30,-1,130,-1,102
1,<environment.Job instance at 0x7f9013cd53c0>,31,14,[ 1 13],32,-1,123,-1,109
1,<environment.Job instance at 0x7f9013cd5500>,32,1,[3 9],33,-1,110,-1,109
1,<environment.Job instance at 0x7f9013cd5460>,33,13,[13  5],34,-1,122,-1,109
1,<environment.Job instance at 0x7f9013cd5640>,34,14,[12  1],35,-1,123,-1,109
1,<environment.Job instance at 0x7f9013cd5780>,36,24,[ 2 12],37,-1,133,-1,109
1,<environment.Job instance at 0x7f9013cd58c0>,38,17,[ 5 14],39,-1,142,-1,125
1,<environment.Job instance at 0x7f9013cd5aa0>,41,28,[ 3 13],42,-1,156,-1,128
1,<environment.Job instance at 0x7f9013cd5b90>,43,2,[14  1],44,-1,140,-1,138
1,<environment.Job instance at 0x7f9013cd5eb0>,45,12,[ 4 12],46,-1,155,-1,143
1,<environment.Job instance at 0x7f9013cd5f50>,46,12,[12  5],47,-1,155,-1,143
1,<environment.Job instance at 0x7f9013cd5be0>,48,14,[12  2],49,-1,166,-1,152
1,<environment.Job instance at 0x7f9013d03230>,50,15,[ 1 12],51,-1,167,-1,152
1,<environment.Job instance at 0x7f9013d034b0>,53,23,[5 9],54,-1,201,-1,178
1,<environment.Job instance at 0x7f9013d036e0>,57,20,[ 2 12],58,-1,213,-1,193
1,<environment.Job instance at 0x7f9013d03780>,58,25,[9 4],59,-1,218,-1,193
1,<environment.Job instance at 0x7f9013d030a0>,59,24,[5 1],60,-1,217,-1,193
1,<environment.Job instance at 0x7f9013d03a50>,61,27,[1 7],62,-1,233,-1,206
1,<environment.Job instance at 0x7f9013d03c80>,65,26,[10  5],66,-1,271,-1,245
1,<environment.Job instance at 0x7f9013d03dc0>,67,1,[14  3],68,-1,255,-1,254
1,<environment.Job instance at 0x7f9013b71230>,70,1,[2 7],71,-1,260,-1,259
1,<environment.Job instance at 0x7f9013b71280>,73,18,[ 1 12],74,-1,289,-1,271
1,<environment.Job instance at 0x7f90145386e0>,74,16,[13  4],75,-1,287,-1,271
1,<environment.Job instance at 0x7f90133054b0>,75,19,[11  2],76,-1,290,-1,271
1,<environment.Job instance at 0x7f9013cf7280>,76,17,[ 4 14],77,-1,288,-1,271
1,<environment.Job instance at 0x7f9013cf7730>,78,15,[13  5],79,-1,300,-1,285
1,<environment.Job instance at 0x7f9013d02b40>,84,27,[ 5 14],85,-1,345,-1,318
1,<environment.Job instance at 0x7f9013d02c30>,85,22,[12  4],86,-1,340,-1,318
1,<environment.Job instance at 0x7f9013d02960>,86,17,[13  2],87,-1,335,-1,318
1,<environment.Job instance at 0x7f9013d024b0>,93,12,[ 4 14],94,-1,363,-1,351
1,<environment.Job instance at 0x7f9013d02320>,94,25,[7 1],95,-1,376,-1,351
1,<environment.Job instance at 0x7f90141f25f0>,97,3,[ 1 12],98,-1,362,-1,359
1,<environment.Job instance at 0x7f901421b5f0>,98,28,[5 4],99,-1,388,-1,360
1,<environment.Job instance at 0x7f90143f4e10>,106,16,[ 4 12],107,-1,423,-1,407
1,<environment.Job instance at 0x7f9013c1c6e0>,117,25,[5 8],118,-1,510,-1,485
1,<environment.Job instance at 0x7f9013c1c550>,118,26,[5 8],119,-1,511,-1,485
1,<environment.Job instance at 0x7f9013c1cb40>,119,14,[11  4],120,-1,503,-1,489
1,<environment.Job instance at 0x7f901420a370>,120,16,[14  4],121,-1,505,-1,489
1,<environment.Job instance at 0x7f901420ae60>,122,12,[13  4],123,-1,511,-1,499
1,<environment.Job instance at 0x7f9013c203c0>,124,23,[5 5],125,-1,524,-1,501
1,<environment.Job instance at 0x7f9014629f00>,136,2,[ 2 14],137,-1,580,-1,578
1,<environment.Job instance at 0x7f9014629140>,137,12,[10  1],138,-1,597,-1,585
1,<environment.Job instance at 0x7f9014629820>,138,25,[ 1 11],139,-1,610,-1,585
1,<environment.Job instance at 0x7f9014629550>,139,28,[6 3],140,-1,613,-1,585
1,<environment.Job instance at 0x7f90146315f0>,148,23,[3 8],149,-1,701,-1,678
1,<environment.Job instance at 0x7f901462e140>,155,27,[ 4 13],156,-1,715,-1,688
1,<environment.Job instance at 0x7f901462e820>,157,18,[ 2 13],158,-1,708,-1,690
1,<environment.Job instance at 0x7f901462e0a0>,159,17,[11  1],160,-1,707,-1,690
1,<environment.Job instance at 0x7f901462e960>,160,13,[12  1],161,-1,703,-1,690
1,<environment.Job instance at 0x7f901462e9b0>,163,1,[9 3],164,-1,705,-1,704
1,<environment.Job instance at 0x7f901462e550>,164,22,[8 2],165,-1,733,-1,711
1,<environment.Job instance at 0x7f901462eb90>,165,27,[4 9],166,-1,738,-1,711
1,<environment.Job instance at 0x7f901462e190>,167,19,[ 1 11],168,-1,730,-1,711
1,<environment.Job instance at 0x7f901462ec80>,169,15,[13  4],170,-1,734,-1,719
1,<environment.Job instance at 0x7f901462e730>,170,28,[5 4],171,-1,747,-1,719
1,<environment.Job instance at 0x7f901437be60>,4,28,[13  3],5,-1,33,-1,5
1,<environment.Job instance at 0x7f901d0b3f50>,7,2,[14  3],8,-1,10,-1,8
1,<environment.Job instance at 0x7f901d0b3dc0>,9,1,[ 2 12],10,-1,12,-1,11
1,<environment.Job instance at 0x7f9014a5a5f0>,11,23,[9 5],12,-1,36,-1,13
1,<environment.Job instance at 0x7f9014a5a140>,13,2,[9 2],14,-1,16,-1,14
1,<environment.Job instance at 0x7f9014a5a280>,14,16,[ 1 13],15,-1,31,-1,15
1,<environment.Job instance at 0x7f9014a5afa0>,15,18,[ 3 13],16,-1,34,-1,16
1,<environment.Job instance at 0x7f9014a5ae10>,16,28,[7 1],17,-1,45,-1,17
1,<environment.Job instance at 0x7f9014a5ad20>,17,27,[2 7],18,-1,45,-1,18
1,<environment.Job instance at 0x7f9014a5a0a0>,21,24,[12  2],22,-1,54,-1,30
1,<environment.Job instance at 0x7f901404c9b0>,26,15,[12  2],27,-1,88,-1,73
1,<environment.Job instance at 0x7f901404c3c0>,27,28,[10  2],28,-1,101,-1,73
1,<environment.Job instance at 0x7f901404c230>,30,23,[5 5],31,-1,118,-1,95
1,<environment.Job instance at 0x7f901404cb40>,31,21,[8 2],32,-1,146,-1,125
1,<environment.Job instance at 0x7f90148838c0>,35,17,[14  2],36,-1,142,-1,125
1,<environment.Job instance at 0x7f9014883cd0>,36,22,[1 7],37,-1,147,-1,125
1,<environment.Job instance at 0x7f90148837d0>,37,1,[4 5],38,-1,126,-1,125
1,<environment.Job instance at 0x7f9014883fa0>,38,18,[1 5],39,-1,143,-1,125
1,<environment.Job instance at 0x7f9014883960>,39,12,[13  2],40,-1,137,-1,125
1,<environment.Job instance at 0x7f9014883f50>,40,18,[5 2],41,-1,143,-1,125
1,<environment.Job instance at 0x7f90148831e0>,41,18,[10  5],42,-1,158,-1,140
1,<environment.Job instance at 0x7f9014883d20>,42,27,[5 4],43,-1,167,-1,140
1,<environment.Job instance at 0x7f9014883500>,43,12,[ 4 10],44,-1,152,-1,140
1,<environment.Job instance at 0x7f9014883190>,44,3,[1 5],45,-1,143,-1,140
1,<environment.Job instance at 0x7f9014883050>,45,17,[ 4 10],46,-1,157,-1,140
1,<environment.Job instance at 0x7f90148830a0>,47,20,[ 3 13],48,-1,160,-1,140
1,<environment.Job instance at 0x7f9014883730>,48,13,[1 8],49,-1,153,-1,140
1,<environment.Job instance at 0x7f9014883b90>,49,3,[2 8],50,-1,143,-1,140
1,<environment.Job instance at 0x7f90148836e0>,50,13,[4 7],51,-1,153,-1,140
1,<environment.Job instance at 0x7f9014883410>,51,2,[13  4],52,-1,142,-1,140
1,<environment.Job instance at 0x7f9014883c30>,52,20,[8 3],53,-1,160,-1,140
1,<environment.Job instance at 0x7f90137b8e60>,53,25,[6 1],54,-1,165,-1,140
1,<environment.Job instance at 0x7f90137b8e10>,54,20,[7 2],55,-1,160,-1,140
1,<environment.Job instance at 0x7f90137b8140>,55,14,[ 4 10],56,-1,154,-1,140
1,<environment.Job instance at 0x7f90137b83c0>,57,27,[11  5],58,-1,167,-1,140
1,<environment.Job instance at 0x7f90137b8a50>,58,12,[9 2],59,-1,152,-1,140
1,<environment.Job instance at 0x7f90137b8280>,59,18,[3 7],60,-1,158,-1,140
1,<environment.Job instance at 0x7f90137b89b0>,60,12,[14  5],61,-1,152,-1,140
1,<environment.Job instance at 0x7f9013a19b40>,61,23,[4 8],62,-1,163,-1,140
1,<environment.Job instance at 0x7f9013a19cd0>,62,12,[9 4],63,-1,152,-1,140
1,<environment.Job instance at 0x7f9013a19fa0>,63,18,[9 2],64,-1,160,-1,142
1,<environment.Job instance at 0x7f9013a19690>,64,23,[12  5],65,-1,165,-1,142
1,<environment.Job instance at 0x7f9013a199b0>,65,15,[ 1 10],66,-1,157,-1,142
1,<environment.Job instance at 0x7f9013a195a0>,66,28,[2 5],67,-1,170,-1,142
1,<environment.Job instance at 0x7f9013a190f0>,67,18,[14  2],68,-1,160,-1,142
1,<environment.Job instance at 0x7f9013a192d0>,68,20,[6 3],69,-1,163,-1,143
1,<environment.Job instance at 0x7f9013a19550>,69,14,[1 8],70,-1,157,-1,143
1,<environment.Job instance at 0x7f9013a19050>,70,16,[1 5],71,-1,159,-1,143
1,<environment.Job instance at 0x7f9013a193c0>,71,2,[12  2],72,-1,145,-1,143
1,<environment.Job instance at 0x7f9013a19410>,72,26,[2 8],73,-1,169,-1,143
1,<environment.Job instance at 0x7f9013a19230>,73,12,[8 4],74,-1,155,-1,143
1,<environment.Job instance at 0x7f9013a19820>,74,18,[8 3],75,-1,162,-1,144
1,<environment.Job instance at 0x7f9013a19af0>,75,16,[14  4],76,-1,160,-1,144
1,<environment.Job instance at 0x7f9013a19c80>,76,14,[ 4 10],77,-1,158,-1,144
1,<environment.Job instance at 0x7f901383e1e0>,77,12,[1 8],78,-1,156,-1,144
1,<environment.Job instance at 0x7f901383e960>,78,2,[14  1],79,-1,146,-1,144
1,<environment.Job instance at 0x7f901383e370>,79,18,[ 1 11],80,-1,162,-1,144
1,<environment.Job instance at 0x7f901383e6e0>,80,13,[14  5],81,-1,157,-1,144
1,<environment.Job instance at 0x7f901383efa0>,81,15,[ 5 10],82,-1,159,-1,144
1,<environment.Job instance at 0x7f901383e9b0>,82,17,[12  5],83,-1,161,-1,144
1,<environment.Job instance at 0x7f901383e780>,83,16,[6 1],84,-1,160,-1,144
1,<environment.Job instance at 0x7f901383e5a0>,84,2,[ 2 12],85,-1,146,-1,144
1,<environment.Job instance at 0x7f901383ed20>,85,17,[8 3],86,-1,164,-1,147
1,<environment.Job instance at 0x7f901404c690>,32,17,[8 4],33,-1,164,-1,147
1,<environment.Job instance at 0x7f901383e730>,86,2,[3 5],87,-1,149,-1,147
1,<environment.Job instance at 0x7f901d4755f0>,88,13,[5 6],89,-1,160,-1,147
1,<environment.Job instance at 0x7f901d475aa0>,89,19,[6 1],90,-1,166,-1,147
1,<environment.Job instance at 0x7f901d475c30>,90,13,[ 3 14],91,-1,160,-1,147
1,<environment.Job instance at 0x7f901d09aeb0>,91,17,[ 1 11],92,-1,164,-1,147
1,<environment.Job instance at 0x7f90148835f0>,34,15,[ 5 13],35,-1,162,-1,147
1,<environment.Job instance at 0x7f9013760e10>,97,25,[ 5 10],98,-1,190,-1,165
1,<environment.Job instance at 0x7f9013760af0>,99,14,[14  4],100,-1,185,-1,171
1,<environment.Job instance at 0x7f901485eb40>,100,25,[5 8],101,-1,196,-1,171
1,<environment.Job instance at 0x7f901485ea00>,101,28,[3 6],102,-1,199,-1,171
1,<environment.Job instance at 0x7f901d0745a0>,110,24,[11  2],111,-1,261,-1,237
1,<environment.Job instance at 0x7f901d074b90>,113,13,[1 7],114,-1,274,-1,261
1,<environment.Job instance at 0x7f901d074280>,115,24,[7 2],116,-1,288,-1,264
1,<environment.Job instance at 0x7f901d0745f0>,116,18,[ 1 13],117,-1,282,-1,264
1,<environment.Job instance at 0x7f901d0741e0>,117,27,[5 1],118,-1,291,-1,264
1,<environment.Job instance at 0x7f901d074370>,118,22,[10  5],119,-1,288,-1,266
1,<environment.Job instance at 0x7f901d074eb0>,123,16,[11  5],124,-1,307,-1,291
1,<environment.Job instance at 0x7f901d074d20>,125,28,[7 3],126,-1,332,-1,304
1,<environment.Job instance at 0x7f901d074140>,127,14,[ 4 10],128,-1,320,-1,306
1,<environment.Job instance at 0x7f901d074d70>,128,16,[13  2],129,-1,322,-1,306
1,<environment.Job instance at 0x7f90140770f0>,131,22,[ 1 10],132,-1,346,-1,324
1,<environment.Job instance at 0x7f90140777d0>,132,28,[13  5],133,-1,352,-1,324
1,<environment.Job instance at 0x7f90140772d0>,133,23,[9 3],134,-1,347,-1,324
1,<environment.Job instance at 0x7f9014077f50>,134,3,[6 4],135,-1,327,-1,324
1,<environment.Job instance at 0x7f9014077500>,135,16,[ 3 13],136,-1,340,-1,324
1,<environment.Job instance at 0x7f9014a02f00>,137,15,[ 4 14],138,-1,354,-1,339
1,<environment.Job instance at 0x7f90146c17d0>,138,19,[13  3],139,-1,358,-1,339
1,<environment.Job instance at 0x7f9014a02b90>,139,25,[ 3 13],140,-1,364,-1,339
1,<environment.Job instance at 0x7f9013ff95f0>,142,22,[4 7],143,-1,398,-1,376
1,<environment.Job instance at 0x7f9013ff9140>,144,22,[1 5],145,-1,412,-1,390
1,<environment.Job instance at 0x7f9013ff9cd0>,145,14,[11  2],146,-1,404,-1,390
1,<environment.Job instance at 0x7f901499deb0>,147,23,[10  2],148,-1,416,-1,393
1,<environment.Job instance at 0x7f9013ff90f0>,148,27,[ 1 11],149,-1,420,-1,393
1,<environment.Job instance at 0x7f9013aa62d0>,150,2,[ 1 10],151,-1,408,-1,406
1,<environment.Job instance at 0x7f9013ff9230>,151,1,[4 7],152,-1,407,-1,406
1,<environment.Job instance at 0x7f90132c6690>,152,3,[13  3],153,-1,409,-1,406
1,<environment.Job instance at 0x7f901343f910>,159,1,[10  1],160,-1,444,-1,443
1,<environment.Job instance at 0x7f90143f4aa0>,160,15,[ 3 10],161,-1,458,-1,443
1,<environment.Job instance at 0x7f90136d85f0>,161,12,[10  1],162,-1,455,-1,443
1,<environment.Job instance at 0x7f90143f4500>,163,17,[14  1],164,-1,472,-1,455
1,<environment.Job instance at 0x7f9013a8d5f0>,166,19,[ 4 13],167,-1,487,-1,468
1,<environment.Job instance at 0x7f9013ce52d0>,168,13,[10  1],169,-1,488,-1,475
1,<environment.Job instance at 0x7f901438ccd0>,169,26,[5 5],170,-1,501,-1,475
1,<environment.Job instance at 0x7f9013c64aa0>,170,22,[ 4 10],171,-1,497,-1,475
1,<environment.Job instance at 0x7f901d143960>,176,23,[10  4],177,-1,539,-1,516
1,<environment.Job instance at 0x7f9013db5e60>,178,1,[12  4],179,-1,534,-1,533
1,<environment.Job instance at 0x7f901d6d6a00>,3,21,[12  5],4,-1,25,-1,4
1,<environment.Job instance at 0x7f90131cbb40>,4,22,[ 1 11],5,-1,27,-1,5
1,<environment.Job instance at 0x7f90131cbeb0>,6,26,[5 3],7,-1,33,-1,7
1,<environment.Job instance at 0x7f901465ea50>,11,24,[ 4 14],12,-1,39,-1,15
1,<environment.Job instance at 0x7f901465e0a0>,16,17,[ 5 11],17,-1,44,-1,27
1,<environment.Job instance at 0x7f901465e910>,17,13,[ 2 13],18,-1,40,-1,27
1,<environment.Job instance at 0x7f901465edc0>,21,20,[5 2],22,-1,80,-1,60
1,<environment.Job instance at 0x7f9013118af0>,36,28,[6 5],37,-1,175,-1,147
1,<environment.Job instance at 0x7f90141ec230>,37,17,[14  3],38,-1,164,-1,147
1,<environment.Job instance at 0x7f90141ec0f0>,38,19,[ 5 12],39,-1,166,-1,147
1,<environment.Job instance at 0x7f90141ecaa0>,39,27,[2 8],40,-1,174,-1,147
1,<environment.Job instance at 0x7f90141ec140>,40,2,[ 3 13],41,-1,149,-1,147
1,<environment.Job instance at 0x7f90141eceb0>,50,15,[ 1 12],51,-1,223,-1,208
1,<environment.Job instance at 0x7f90141ec640>,51,1,[ 3 12],52,-1,209,-1,208
1,<environment.Job instance at 0x7f9014228050>,52,24,[8 1],53,-1,232,-1,208
1,<environment.Job instance at 0x7f9014228f50>,53,23,[12  1],54,-1,231,-1,208
1,<environment.Job instance at 0x7f9014228690>,54,26,[4 5],55,-1,234,-1,208
1,<environment.Job instance at 0x7f90142285a0>,55,28,[8 2],56,-1,236,-1,208
1,<environment.Job instance at 0x7f9014228aa0>,56,21,[11  3],57,-1,229,-1,208
1,<environment.Job instance at 0x7f9014228eb0>,57,19,[14  3],58,-1,227,-1,208
1,<environment.Job instance at 0x7f9013d25f00>,59,2,[5 1],60,-1,219,-1,217
1,<environment.Job instance at 0x7f9013d250f0>,60,23,[ 2 10],61,-1,240,-1,217
1,<environment.Job instance at 0x7f9013d251e0>,61,3,[ 2 10],62,-1,220,-1,217
1,<environment.Job instance at 0x7f9013d25cd0>,62,3,[10  5],63,-1,220,-1,217
1,<environment.Job instance at 0x7f9013d25f50>,63,15,[ 4 11],64,-1,232,-1,217
1,<environment.Job instance at 0x7f9013d258c0>,64,15,[ 1 11],65,-1,232,-1,217
1,<environment.Job instance at 0x7f9013d25910>,65,24,[11  4],66,-1,241,-1,217
1,<environment.Job instance at 0x7f9013d25be0>,66,21,[14  5],67,-1,238,-1,217
1,<environment.Job instance at 0x7f9013d25280>,67,2,[7 1],68,-1,219,-1,217
1,<environment.Job instance at 0x7f9013d25460>,70,25,[4 7],71,-1,252,-1,227
1,<environment.Job instance at 0x7f9013552af0>,74,20,[ 3 14],75,-1,269,-1,249
1,<environment.Job instance at 0x7f9013552500>,75,18,[ 1 11],76,-1,267,-1,249
1,<environment.Job instance at 0x7f9013552b90>,76,3,[ 5 12],77,-1,252,-1,249
1,<environment.Job instance at 0x7f90135523c0>,77,14,[12  5],78,-1,263,-1,249
1,<environment.Job instance at 0x7f9013552190>,81,20,[4 7],82,-1,413,-1,393
1,<environment.Job instance at 0x7f90149e20f0>,97,14,[13  4],98,-1,407,-1,393
1,<environment.Job instance at 0x7f90144dd500>,98,23,[1 9],99,-1,416,-1,393
1,<environment.Job instance at 0x7f90144ddbe0>,99,18,[ 2 10],100,-1,411,-1,393
1,<environment.Job instance at 0x7f90144dda00>,100,22,[5 8],101,-1,415,-1,393
1,<environment.Job instance at 0x7f90144dd9b0>,103,20,[3 9],104,-1,445,-1,425
1,<environment.Job instance at 0x7f90144ddb40>,106,13,[10  2],107,-1,438,-1,425
1,<environment.Job instance at 0x7f90144dda50>,108,18,[ 4 13],109,-1,444,-1,426
1,<environment.Job instance at 0x7f90144ddc30>,109,21,[3 7],110,-1,447,-1,426
1,<environment.Job instance at 0x7f90144dd5a0>,110,13,[12  2],111,-1,439,-1,426
1,<environment.Job instance at 0x7f90144dd230>,111,23,[6 1],112,-1,449,-1,426
1,<environment.Job instance at 0x7f90144dd280>,112,12,[5 9],113,-1,438,-1,426
1,<environment.Job instance at 0x7f9013891410>,115,13,[5 1],116,-1,473,-1,460
1,<environment.Job instance at 0x7f9013891e10>,117,13,[11  5],118,-1,473,-1,460
1,<environment.Job instance at 0x7f9013891050>,120,28,[12  2],121,-1,505,-1,477
1,<environment.Job instance at 0x7f901402f1e0>,127,13,[6 1],128,-1,549,-1,536
1,<environment.Job instance at 0x7f901313a190>,128,15,[13  1],129,-1,551,-1,536
1,<environment.Job instance at 0x7f901313a0a0>,129,19,[11  4],130,-1,555,-1,536
1,<environment.Job instance at 0x7f901313a3c0>,131,25,[3 9],132,-1,561,-1,536
1,<environment.Job instance at 0x7f9014a80d70>,132,22,[6 5],133,-1,558,-1,536
1,<environment.Job instance at 0x7f90144a9b40>,133,12,[2 9],134,-1,548,-1,536
1,<environment.Job instance at 0x7f901313a690>,134,18,[5 1],135,-1,554,-1,536
1,<environment.Job instance at 0x7f9014a80280>,135,16,[ 1 12],136,-1,552,-1,536
1,<environment.Job instance at 0x7f90137f20a0>,137,27,[7 4],138,-1,578,-1,551
1,<environment.Job instance at 0x7f9013e46be0>,141,13,[ 2 13],142,-1,596,-1,583
1,<environment.Job instance at 0x7f90138d2e10>,145,28,[1 7],146,-1,632,-1,604
1,<environment.Job instance at 0x7f90135c7dc0>,149,25,[6 5],150,-1,667,-1,642
1,<environment.Job instance at 0x7f901328f7d0>,150,25,[4 7],151,-1,667,-1,642
1,<environment.Job instance at 0x7f9013becb40>,151,17,[ 5 11],152,-1,659,-1,642
1,<environment.Job instance at 0x7f9013bec730>,152,16,[ 4 12],153,-1,658,-1,642
1,<environment.Job instance at 0x7f901404a500>,153,15,[12  5],154,-1,657,-1,642
1,<environment.Job instance at 0x7f901423f460>,154,22,[14  5],155,-1,664,-1,642
1,<environment.Job instance at 0x7f9013beb460>,155,12,[9 3],156,-1,662,-1,650
1,<environment.Job instance at 0x7f90140aa0a0>,158,12,[13  2],159,-1,675,-1,663
1,<environment.Job instance at 0x7f90139c1a00>,159,18,[ 4 10],160,-1,689,-1,671
1,<environment.Job instance at 0x7f9014769c80>,162,27,[8 5],163,-1,698,-1,671
1,<environment.Job instance at 0x7f901344c910>,163,15,[12  4],164,-1,686,-1,671
1,<environment.Job instance at 0x7f901343f370>,164,26,[5 4],168,-1,697,-1,671
1,<environment.Job instance at 0x7f9013a3c5a0>,5,13,[ 3 12],6,-1,19,-1,6
1,<environment.Job instance at 0x7f9013a49cd0>,12,23,[13  2],13,-1,44,-1,21
1,<environment.Job instance at 0x7f9013c5f730>,17,12,[10  2],18,-1,84,-1,72
1,<environment.Job instance at 0x7f9013c5f3c0>,19,18,[ 1 10],20,-1,90,-1,72
1,<environment.Job instance at 0x7f9013c5fbe0>,21,3,[3 7],22,-1,84,-1,81
1,<environment.Job instance at 0x7f9013c5feb0>,24,18,[13  3],25,-1,105,-1,87
1,<environment.Job instance at 0x7f9013c5fcd0>,25,18,[ 3 13],26,-1,105,-1,87
1,<environment.Job instance at 0x7f9013c5fdc0>,27,2,[2 8],28,-1,103,-1,101
1,<environment.Job instance at 0x7f901403d230>,30,12,[14  3],31,-1,131,-1,119
1,<environment.Job instance at 0x7f901403d410>,33,21,[ 5 13],34,-1,153,-1,132
1,<environment.Job instance at 0x7f901403d5f0>,36,15,[ 2 10],37,-1,148,-1,133
1,<environment.Job instance at 0x7f901403d690>,37,26,[11  3],38,-1,159,-1,133
1,<environment.Job instance at 0x7f901403d780>,38,28,[2 6],39,-1,161,-1,133
1,<environment.Job instance at 0x7f901403db90>,45,18,[13  1],46,-1,214,-1,196
1,<environment.Job instance at 0x7f901403dd70>,48,25,[2 8],49,-1,221,-1,196
1,<environment.Job instance at 0x7f901403de10>,49,2,[ 4 10],50,-1,198,-1,196
1,<environment.Job instance at 0x7f901403df00>,50,15,[ 3 14],51,-1,211,-1,196
1,<environment.Job instance at 0x7f901403d730>,52,13,[ 5 13],53,-1,225,-1,212
1,<environment.Job instance at 0x7f901402a140>,53,17,[ 5 12],54,-1,229,-1,212
1,<environment.Job instance at 0x7f901402a3c0>,57,18,[ 2 14],58,-1,242,-1,224
1,<environment.Job instance at 0x7f901402a460>,58,12,[14  1],59,-1,236,-1,224
1,<environment.Job instance at 0x7f901402a500>,59,19,[11  3],60,-1,243,-1,224
1,<environment.Job instance at 0x7f901402a5a0>,60,24,[7 4],61,-1,248,-1,224
1,<environment.Job instance at 0x7f901402a6e0>,62,19,[ 4 13],63,-1,249,-1,230
1,<environment.Job instance at 0x7f901402a780>,63,1,[7 5],64,-1,231,-1,230
1,<environment.Job instance at 0x7f901402a820>,64,19,[ 4 14],65,-1,249,-1,230
1,<environment.Job instance at 0x7f901402a960>,66,24,[14  1],67,-1,264,-1,240
1,<environment.Job instance at 0x7f901402aa00>,67,25,[10  3],68,-1,265,-1,240
1,<environment.Job instance at 0x7f901402aaa0>,68,27,[7 2],69,-1,267,-1,240
1,<environment.Job instance at 0x7f901402af50>,72,25,[5 6],73,-1,297,-1,272
1,<environment.Job instance at 0x7f901402a0f0>,74,16,[14  3],75,-1,291,-1,275
1,<environment.Job instance at 0x7f901405a050>,76,23,[ 2 11],77,-1,311,-1,288
1,<environment.Job instance at 0x7f901405a1e0>,78,28,[5 5],79,-1,316,-1,288
1,<environment.Job instance at 0x7f901405a280>,79,3,[7 1],80,-1,291,-1,288
1,<environment.Job instance at 0x7f901405a320>,80,13,[12  1],81,-1,301,-1,288
1,<environment.Job instance at 0x7f901405a550>,81,21,[13  4],82,-1,309,-1,288
1,<environment.Job instance at 0x7f901405a820>,85,16,[ 1 14],86,-1,334,-1,318
1,<environment.Job instance at 0x7f901405aa50>,87,26,[ 1 10],88,-1,350,-1,324
1,<environment.Job instance at 0x7f901405ac80>,91,3,[5 2],92,-1,342,-1,339
1,<environment.Job instance at 0x7f901405ad20>,92,1,[10  1],93,-1,340,-1,339
1,<environment.Job instance at 0x7f901405aeb0>,94,1,[ 3 14],95,-1,359,-1,358
1,<environment.Job instance at 0x7f901405af50>,95,23,[ 1 12],96,-1,381,-1,358
1,<environment.Job instance at 0x7f901405aaa0>,97,28,[ 1 13],98,-1,386,-1,358
1,<environment.Job instance at 0x7f9013948a00>,100,26,[ 4 13],101,-1,396,-1,370
1,<environment.Job instance at 0x7f9013948500>,101,24,[5 3],102,-1,394,-1,370
1,<environment.Job instance at 0x7f9013948a50>,102,24,[6 2],103,-1,394,-1,370
1,<environment.Job instance at 0x7f9013948d20>,105,18,[ 4 10],106,-1,406,-1,388
1,<environment.Job instance at 0x7f90140523c0>,107,14,[ 1 13],108,-1,402,-1,388
1,<environment.Job instance at 0x7f9014052050>,108,15,[ 3 14],109,-1,403,-1,388
1,<environment.Job instance at 0x7f9013c6a7d0>,110,1,[6 4],111,-1,398,-1,397
1,<environment.Job instance at 0x7f9014b0cd70>,114,26,[4 5],115,-1,447,-1,421
1,<environment.Job instance at 0x7f9013c74640>,118,16,[11  3],119,-1,456,-1,440
1,<environment.Job instance at 0x7f9014045cd0>,119,22,[13  2],120,-1,462,-1,440
1,<environment.Job instance at 0x7f9014045d20>,120,15,[ 2 11],121,-1,455,-1,440
1,<environment.Job instance at 0x7f90142df1e0>,121,27,[9 3],122,-1,467,-1,440
1,<environment.Job instance at 0x7f90142dfe60>,122,17,[ 1 12],123,-1,457,-1,440
1,<environment.Job instance at 0x7f901453e6e0>,126,18,[12  4],127,-1,486,-1,468
1,<environment.Job instance at 0x7f901402bb40>,129,26,[1 8],130,-1,499,-1,473
1,<environment.Job instance at 0x7f90145545f0>,130,24,[5 6],131,-1,497,-1,473
1,<environment.Job instance at 0x7f90137bf910>,133,26,[8 5],134,-1,512,-1,486
1,<environment.Job instance at 0x7f90139ab1e0>,134,21,[12  3],135,-1,507,-1,486
1,<environment.Job instance at 0x7f90137bfe10>,135,3,[10  4],136,-1,489,-1,486
1,<environment.Job instance at 0x7f90137bf730>,136,26,[ 2 10],137,-1,512,-1,486
1,<environment.Job instance at 0x7f90137bf9b0>,137,1,[4 7],138,-1,487,-1,486
1,<environment.Job instance at 0x7f90137bf550>,138,12,[ 5 13],139,-1,498,-1,486
1,<environment.Job instance at 0x7f90137bf320>,139,17,[12  3],140,-1,503,-1,486
1,<environment.Job instance at 0x7f90137bf4b0>,140,2,[5 7],141,-1,488,-1,486
1,<environment.Job instance at 0x7f90137bf3c0>,141,28,[8 3],142,-1,514,-1,486
1,<environment.Job instance at 0x7f90137bfa50>,142,26,[11  4],143,-1,512,-1,486
1,<environment.Job instance at 0x7f90137bf190>,143,2,[ 3 14],144,-1,488,-1,486
1,<environment.Job instance at 0x7f90137bf410>,144,12,[ 5 14],145,-1,498,-1,486
1,<environment.Job instance at 0x7f90137bf870>,145,27,[ 1 10],146,-1,513,-1,486
1,<environment.Job instance at 0x7f9014539910>,146,13,[11  4],147,-1,499,-1,486
1,<environment.Job instance at 0x7f90137cac80>,149,28,[ 4 14],150,-1,530,-1,502
1,<environment.Job instance at 0x7f90137ca280>,154,19,[12  1],155,-1,563,-1,544
1,<environment.Job instance at 0x7f90137ca5a0>,157,1,[3 8],158,-1,560,-1,559
1,<environment.Job instance at 0x7f90137ca3c0>,160,28,[6 2],161,-1,602,-1,574
1,<environment.Job instance at 0x7f90137bbe60>,162,12,[14  3],165,-1,599,-1,587
1,<environment.Job instance at 0x7f9013c5f460>,4,14,[ 1 14],5,-1,19,-1,5
1,<environment.Job instance at 0x7f9013be5190>,6,27,[9 4],7,-1,34,-1,7
1,<environment.Job instance at 0x7f9013be5c80>,8,2,[7 1],9,-1,11,-1,9
1,<environment.Job instance at 0x7f901d6be4b0>,12,2,[ 5 11],13,-1,21,-1,19
1,<environment.Job instance at 0x7f90138afdc0>,13,25,[9 4],14,-1,44,-1,19
1,<environment.Job instance at 0x7f901d05fa00>,16,26,[6 3],17,-1,49,-1,23
1,<environment.Job instance at 0x7f901d05f500>,19,27,[5 7],20,-1,75,-1,48
1,<environment.Job instance at 0x7f901d05faa0>,20,18,[ 2 11],21,-1,66,-1,48
1,<environment.Job instance at 0x7f901d05f910>,22,1,[ 5 12],23,-1,66,-1,65
1,<environment.Job instance at 0x7f901d05fa50>,23,27,[ 2 10],24,-1,92,-1,65
1,<environment.Job instance at 0x7f901d05f3c0>,24,22,[ 2 13],25,-1,87,-1,65
1,<environment.Job instance at 0x7f901d05fb40>,25,25,[1 7],26,-1,91,-1,66
1,<environment.Job instance at 0x7f901d05f280>,26,18,[13  1],27,-1,84,-1,66
1,<environment.Job instance at 0x7f901d070140>,29,25,[ 5 10],30,-1,92,-1,67
1,<environment.Job instance at 0x7f901d498280>,31,2,[5 9],32,-1,82,-1,80
1,<environment.Job instance at 0x7f90138b95f0>,33,24,[7 4],34,-1,107,-1,83
1,<environment.Job instance at 0x7f90138b94b0>,34,18,[ 1 11],35,-1,101,-1,83
1,<environment.Job instance at 0x7f9013d66320>,37,1,[ 3 10],38,-1,107,-1,106
1,<environment.Job instance at 0x7f9013e520a0>,39,1,[5 4],40,-1,120,-1,119
1,<environment.Job instance at 0x7f901d54e5a0>,42,13,[ 2 13],43,-1,134,-1,121
1,<environment.Job instance at 0x7f901416bf50>,43,17,[ 1 13],44,-1,138,-1,121
1,<environment.Job instance at 0x7f901416b3c0>,44,20,[12  1],45,-1,141,-1,121
1,<environment.Job instance at 0x7f9014a582d0>,46,24,[ 3 14],47,-1,152,-1,128
1,<environment.Job instance at 0x7f9014a58960>,47,25,[10  2],48,-1,153,-1,128
1,<environment.Job instance at 0x7f9013137410>,52,24,[9 4],53,-1,181,-1,157
1,<environment.Job instance at 0x7f9013137c30>,54,15,[ 2 12],55,-1,177,-1,162
1,<environment.Job instance at 0x7f9013137370>,55,28,[14  4],56,-1,190,-1,162
1,<environment.Job instance at 0x7f9013ca5d70>,56,18,[13  4],57,-1,180,-1,162
1,<environment.Job instance at 0x7f9013ca52d0>,57,15,[14  1],58,-1,177,-1,162
1,<environment.Job instance at 0x7f90131b33c0>,58,17,[ 3 11],59,-1,179,-1,162
1,<environment.Job instance at 0x7f90131b3a00>,59,26,[13  3],60,-1,188,-1,162
1,<environment.Job instance at 0x7f90131b3410>,60,2,[7 2],61,-1,164,-1,162
1,<environment.Job instance at 0x7f90131b3c80>,61,2,[4 5],62,-1,164,-1,162
1,<environment.Job instance at 0x7f901401f050>,63,13,[ 5 11],64,-1,189,-1,176
1,<environment.Job instance at 0x7f901416a8c0>,64,3,[11  2],65,-1,179,-1,176
1,<environment.Job instance at 0x7f901416a730>,66,14,[12  5],67,-1,190,-1,176
1,<environment.Job instance at 0x7f901416a5f0>,67,25,[6 2],68,-1,201,-1,176
1,<environment.Job instance at 0x7f9013f95a50>,68,3,[1 8],69,-1,179,-1,176
1,<environment.Job instance at 0x7f9013f95230>,69,3,[10  1],70,-1,179,-1,176
1,<environment.Job instance at 0x7f90132c6be0>,71,25,[ 3 12],72,-1,201,-1,176
1,<environment.Job instance at 0x7f901400baf0>,75,21,[ 2 11],76,-1,218,-1,197
1,<environment.Job instance at 0x7f901400b8c0>,76,2,[5 8],77,-1,199,-1,197
1,<environment.Job instance at 0x7f901400b280>,78,1,[2 7],79,-1,210,-1,209
1,<environment.Job instance at 0x7f90146a9370>,80,28,[14  2],81,-1,237,-1,209
1,<environment.Job instance at 0x7f90146a9e10>,81,28,[6 2],82,-1,237,-1,209
1,<environment.Job instance at 0x7f90146a9c30>,82,24,[5 4],83,-1,233,-1,209
1,<environment.Job instance at 0x7f901d03d640>,84,15,[ 4 14],85,-1,241,-1,226
1,<environment.Job instance at 0x7f90146a9e60>,85,17,[12  1],86,-1,243,-1,226
1,<environment.Job instance at 0x7f9013d5a0a0>,87,14,[ 4 14],88,-1,244,-1,230
1,<environment.Job instance at 0x7f9013d5a960>,88,22,[10  1],89,-1,252,-1,230
1,<environment.Job instance at 0x7f9014a05500>,93,12,[8 1],94,-1,276,-1,264
1,<environment.Job instance at 0x7f9014a05780>,94,19,[ 2 12],95,-1,283,-1,264
1,<environment.Job instance at 0x7f9014a05050>,98,1,[7 5],99,-1,291,-1,290
1,<environment.Job instance at 0x7f90137e81e0>,102,22,[6 1],103,-1,331,-1,309
1,<environment.Job instance at 0x7f901311ce60>,107,26,[5 7],108,-1,356,-1,330
1,<environment.Job instance at 0x7f901402bd70>,109,28,[9 1],110,-1,373,-1,345
1,<environment.Job instance at 0x7f9014034dc0>,111,14,[11  3],112,-1,378,-1,364
1,<environment.Job instance at 0x7f9014056910>,113,28,[11  2],114,-1,392,-1,364
1,<environment.Job instance at 0x7f9013129820>,118,20,[ 4 10],119,-1,430,-1,410
1,<environment.Job instance at 0x7f9013129640>,119,15,[ 1 11],120,-1,425,-1,410
1,<environment.Job instance at 0x7f9013cef370>,121,3,[5 5],122,-1,413,-1,410
1,<environment.Job instance at 0x7f9014ae9b90>,122,13,[10  1],123,-1,423,-1,410
1,<environment.Job instance at 0x7f90145c1c30>,123,13,[ 4 11],124,-1,423,-1,410
1,<environment.Job instance at 0x7f9014a45eb0>,125,17,[ 5 14],126,-1,441,-1,424
1,<environment.Job instance at 0x7f9014ae9370>,127,12,[ 3 10],128,-1,436,-1,424
1,<environment.Job instance at 0x7f9013f7faa0>,129,14,[13  2],130,-1,442,-1,428
1,<environment.Job instance at 0x7f9013e79910>,130,26,[8 5],131,-1,454,-1,428
1,<environment.Job instance at 0x7f9013834d20>,132,20,[12  3],133,-1,461,-1,441
1,<environment.Job instance at 0x7f9014772370>,133,25,[8 2],134,-1,466,-1,441
1,<environment.Job instance at 0x7f9013c7ed70>,134,28,[10  4],135,-1,469,-1,441
1,<environment.Job instance at 0x7f9013c0ca00>,136,21,[13  4],137,-1,463,-1,442
1,<environment.Job instance at 0x7f901312c0a0>,137,15,[ 3 11],138,-1,457,-1,442
1,<environment.Job instance at 0x7f9013998870>,138,23,[ 3 10],139,-1,465,-1,442
1,<environment.Job instance at 0x7f90141e4370>,140,3,[11  1],141,-1,461,-1,458
1,<environment.Job instance at 0x7f901402ec30>,141,23,[10  4],142,-1,481,-1,458
1,<environment.Job instance at 0x7f9013a52730>,142,14,[ 1 11],143,-1,472,-1,458
1,<environment.Job instance at 0x7f9013702730>,144,21,[ 3 13],145,-1,481,-1,460
1,<environment.Job instance at 0x7f901420f640>,148,12,[11  4],149,-1,490,-1,478
1,<environment.Job instance at 0x7f9013135190>,152,14,[14  5],153,-1,513,-1,499
1,<environment.Job instance at 0x7f90138c1410>,153,13,[ 4 11],154,-1,512,-1,499
1,<environment.Job instance at 0x7f90145472d0>,154,12,[11  4],155,-1,511,-1,499
1,<environment.Job instance at 0x7f90132c96e0>,155,26,[ 5 13],156,-1,525,-1,499
1,<environment.Job instance at 0x7f90131353c0>,157,18,[ 4 14],158,-1,525,-1,507
1,<environment.Job instance at 0x7f90138cee10>,159,17,[ 1 14],160,-1,532,-1,515
1,<environment.Job instance at 0x7f90138ceaf0>,161,24,[12  3],162,-1,549,-1,525
1,<environment.Job instance at 0x7f9013cf7e10>,162,12,[11  5],163,-1,537,-1,525
1,<environment.Job instance at 0x7f9013f920f0>,163,16,[ 5 13],164,-1,541,-1,525
1,<environment.Job instance at 0x7f90133141e0>,164,18,[ 1 12],165,-1,543,-1,525
1,<environment.Job instance at 0x7f90145d9460>,165,26,[4 8],166,-1,551,-1,525
1,<environment.Job instance at 0x7f9014070550>,166,2,[ 1 10],167,-1,527,-1,525
1,<environment.Job instance at 0x7f901d42afa0>,169,14,[ 1 12],170,-1,556,-1,542
1,<environment.Job instance at 0x7f901d42aa50>,170,17,[13  3],171,-1,559,-1,542
1,<environment.Job instance at 0x7f90148d7460>,171,12,[14  4],172,-1,554,-1,542
1,<environment.Job instance at 0x7f9013928960>,174,24,[2 7],175,-1,572,-1,548
1,<environment.Job instance at 0x7f90132b2870>,175,16,[13  3],176,-1,564,-1,548
1,<environment.Job instance at 0x7f9014572f00>,177,2,[6 3],178,-1,557,-1,555
1,<environment.Job instance at 0x7f90144a7d20>,2,28,[8 5],3,-1,31,-1,3
1,<environment.Job instance at 0x7f901333e550>,3,16,[ 4 11],4,-1,20,-1,4
1,<environment.Job instance at 0x7f9013bfaeb0>,7,18,[ 3 14],8,-1,26,-1,8
1,<environment.Job instance at 0x7f9013bfaf00>,8,16,[12  1],9,-1,25,-1,9
1,<environment.Job instance at 0x7f9014a820a0>,15,22,[5 1],16,-1,38,-1,16
1,<environment.Job instance at 0x7f9014142910>,18,24,[2 9],19,-1,58,-1,34
1,<environment.Job instance at 0x7f90138cfbe0>,21,20,[14  5],22,-1,70,-1,50
1,<environment.Job instance at 0x7f90141c2b90>,24,18,[14  2],25,-1,87,-1,69
1,<environment.Job instance at 0x7f90141c2a00>,25,19,[11  5],26,-1,97,-1,78
1,<environment.Job instance at 0x7f9013d5bdc0>,33,16,[ 5 11],34,-1,149,-1,133
1,<environment.Job instance at 0x7f9013e678c0>,36,28,[7 1],37,-1,180,-1,152
1,<environment.Job instance at 0x7f90133484b0>,38,27,[ 1 10],39,-1,179,-1,152
1,<environment.Job instance at 0x7f90141d3af0>,39,13,[ 4 12],40,-1,165,-1,152
1,<environment.Job instance at 0x7f90141d3910>,40,14,[12  2],41,-1,166,-1,152
1,<environment.Job instance at 0x7f90141d3230>,41,23,[1 8],42,-1,175,-1,152
1,<environment.Job instance at 0x7f90143f8f00>,42,3,[3 8],43,-1,155,-1,152
1,<environment.Job instance at 0x7f90143f8640>,43,25,[3 5],44,-1,177,-1,152
1,<environment.Job instance at 0x7f90143f8820>,44,13,[ 5 13],45,-1,165,-1,152
1,<environment.Job instance at 0x7f90143f8280>,45,26,[3 8],46,-1,178,-1,152
1,<environment.Job instance at 0x7f90133bcdc0>,47,13,[ 1 14],48,-1,165,-1,152
1,<environment.Job instance at 0x7f90133bc0a0>,49,23,[13  1],50,-1,192,-1,169
1,<environment.Job instance at 0x7f901d098e60>,54,28,[ 1 14],55,-1,227,-1,199
1,<environment.Job instance at 0x7f901d098a00>,57,2,[4 8],58,-1,213,-1,211
1,<environment.Job instance at 0x7f901d098780>,58,24,[4 6],59,-1,235,-1,211
1,<environment.Job instance at 0x7f901d0986e0>,60,21,[ 4 13],61,-1,245,-1,224
1,<environment.Job instance at 0x7f9013eb10a0>,63,2,[12  2],64,-1,236,-1,234
1,<environment.Job instance at 0x7f9013a54dc0>,64,26,[ 4 11],65,-1,260,-1,234
1,<environment.Job instance at 0x7f9013a54cd0>,65,24,[ 1 14],66,-1,258,-1,234
1,<environment.Job instance at 0x7f9014af5d20>,68,28,[ 4 12],69,-1,274,-1,246
1,<environment.Job instance at 0x7f90135e56e0>,75,26,[5 6],76,-1,323,-1,297
1,<environment.Job instance at 0x7f9014196690>,77,18,[ 3 13],78,-1,327,-1,309
1,<environment.Job instance at 0x7f901d56faf0>,78,21,[ 4 10],79,-1,335,-1,314
1,<environment.Job instance at 0x7f901d143a00>,81,17,[14  1],82,-1,331,-1,314
1,<environment.Job instance at 0x7f901d10b640>,91,15,[ 5 12],92,-1,418,-1,403
1,<environment.Job instance at 0x7f9013db7820>,92,19,[14  4],93,-1,422,-1,403
1,<environment.Job instance at 0x7f90143c4f00>,93,25,[ 4 10],94,-1,428,-1,403
1,<environment.Job instance at 0x7f90143c4230>,94,13,[11  3],95,-1,416,-1,403
1,<environment.Job instance at 0x7f9013c20b90>,99,21,[11  3],100,-1,454,-1,433
1,<environment.Job instance at 0x7f9013c20820>,100,28,[3 7],101,-1,461,-1,433
1,<environment.Job instance at 0x7f901d09a960>,105,18,[ 5 10],106,-1,494,-1,476
1,<environment.Job instance at 0x7f901d09af00>,107,17,[ 3 10],108,-1,493,-1,476
1,<environment.Job instance at 0x7f901d09a230>,109,27,[4 5],110,-1,503,-1,476
1,<environment.Job instance at 0x7f901d09a690>,111,15,[14  3],112,-1,498,-1,483
1,<environment.Job instance at 0x7f9013ed4690>,112,27,[9 3],113,-1,510,-1,483
1,<environment.Job instance at 0x7f9013ed40f0>,114,27,[10  5],115,-1,518,-1,491
1,<environment.Job instance at 0x7f9013ed4230>,118,15,[10  1],119,-1,522,-1,507
1,<environment.Job instance at 0x7f9013ed4b90>,119,15,[ 2 11],120,-1,522,-1,507
1,<environment.Job instance at 0x7f90143f48c0>,120,17,[11  5],121,-1,524,-1,507
1,<environment.Job instance at 0x7f90143f4dc0>,121,2,[ 2 12],122,-1,509,-1,507
1,<environment.Job instance at 0x7f90143f41e0>,122,20,[10  3],123,-1,528,-1,508
1,<environment.Job instance at 0x7f90143f4820>,123,21,[7 1],124,-1,530,-1,509
1,<environment.Job instance at 0x7f90143f4e60>,125,15,[ 5 10],126,-1,526,-1,511
1,<environment.Job instance at 0x7f90143f40a0>,126,28,[ 5 10],127,-1,539,-1,511
1,<environment.Job instance at 0x7f90145e1370>,127,25,[ 3 10],128,-1,536,-1,511
1,<environment.Job instance at 0x7f90145e1cd0>,128,2,[14  5],129,-1,513,-1,511
1,<environment.Job instance at 0x7f90145e1e60>,129,2,[6 3],130,-1,513,-1,511
1,<environment.Job instance at 0x7f90145e1960>,130,14,[12  2],131,-1,525,-1,511
1,<environment.Job instance at 0x7f90145e19b0>,132,3,[11  5],133,-1,531,-1,528
1,<environment.Job instance at 0x7f901339aa00>,133,27,[5 5],134,-1,555,-1,528
1,<environment.Job instance at 0x7f901339a8c0>,134,27,[2 5],135,-1,555,-1,528
1,<environment.Job instance at 0x7f901339a460>,136,28,[ 5 11],137,-1,556,-1,528
1,<environment.Job instance at 0x7f901339a6e0>,138,28,[6 5],139,-1,564,-1,536
1,<environment.Job instance at 0x7f901339a960>,139,27,[4 9],140,-1,563,-1,536
1,<environment.Job instance at 0x7f901339ad70>,140,1,[4 8],141,-1,537,-1,536
1,<environment.Job instance at 0x7f901339a2d0>,141,25,[6 2],142,-1,561,-1,536
1,<environment.Job instance at 0x7f9013c7e370>,142,17,[ 4 13],143,-1,553,-1,536
1,<environment.Job instance at 0x7f9013c7e5a0>,143,28,[ 1 11],144,-1,564,-1,536
1,<environment.Job instance at 0x7f9013c7e500>,144,18,[ 1 10],145,-1,554,-1,536
1,<environment.Job instance at 0x7f9013c7eb40>,147,16,[ 3 11],148,-1,552,-1,536
1,<environment.Job instance at 0x7f90210580a0>,150,21,[9 1],151,-1,579,-1,558
1,<environment.Job instance at 0x7f9014859eb0>,152,23,[4 8],153,-1,581,-1,558
1,<environment.Job instance at 0x7f9013c7e820>,153,26,[6 1],154,-1,584,-1,558
1,<environment.Job instance at 0x7f90142d4d20>,154,2,[8 3],155,-1,560,-1,558
1,<environment.Job instance at 0x7f9014b3e6e0>,156,13,[ 3 14],157,-1,577,-1,564
1,<environment.Job instance at 0x7f9014b3eeb0>,158,27,[13  2],159,-1,607,-1,580
1,<environment.Job instance at 0x7f9014b3e050>,159,27,[9 3],160,-1,607,-1,580
1,<environment.Job instance at 0x7f9014b3e4b0>,160,13,[13  1],161,-1,593,-1,580
1,<environment.Job instance at 0x7f901d3e2f50>,162,1,[8 3],163,-1,581,-1,580
1,<environment.Job instance at 0x7f901465b230>,163,2,[5 6],164,-1,582,-1,580
1,<environment.Job instance at 0x7f901465b370>,164,12,[ 3 10],165,-1,592,-1,580
1,<environment.Job instance at 0x7f9013755230>,165,2,[8 4],166,-1,582,-1,580
1,<environment.Job instance at 0x7f9013747c30>,166,12,[11  3],167,-1,592,-1,580
1,<environment.Job instance at 0x7f90137246e0>,170,13,[13  2],171,-1,608,-1,595
1,<environment.Job instance at 0x7f9014ae7aa0>,1,27,[6 5],2,-1,29,-1,2
1,<environment.Job instance at 0x7f901353b910>,2,28,[13  5],3,-1,31,-1,3
1,<environment.Job instance at 0x7f901353bfa0>,4,27,[6 2],5,-1,32,-1,5
1,<environment.Job instance at 0x7f901353bd70>,7,14,[13  5],8,-1,22,-1,8
1,<environment.Job instance at 0x7f901353b460>,18,23,[ 2 14],19,-1,74,-1,51
1,<environment.Job instance at 0x7f901d592b40>,20,25,[3 5],21,-1,90,-1,65
1,<environment.Job instance at 0x7f901d592cd0>,21,28,[5 8],22,-1,93,-1,65
1,<environment.Job instance at 0x7f901d592370>,23,13,[13  1],24,-1,95,-1,82
1,<environment.Job instance at 0x7f901404a870>,34,1,[7 2],35,-1,147,-1,146
1,<environment.Job instance at 0x7f901404ad70>,35,25,[9 5],36,-1,171,-1,146
1,<environment.Job instance at 0x7f901404a5f0>,36,2,[ 1 13],37,-1,148,-1,146
1,<environment.Job instance at 0x7f901404a4b0>,37,28,[5 8],38,-1,174,-1,146
1,<environment.Job instance at 0x7f901404ad20>,39,15,[14  2],40,-1,163,-1,148
1,<environment.Job instance at 0x7f901404afa0>,40,20,[ 2 10],41,-1,169,-1,149
1,<environment.Job instance at 0x7f901404a730>,42,26,[10  5],43,-1,192,-1,166
1,<environment.Job instance at 0x7f901404ae60>,43,15,[ 1 13],44,-1,181,-1,166
1,<environment.Job instance at 0x7f901404a0a0>,46,15,[ 5 14],47,-1,188,-1,173
1,<environment.Job instance at 0x7f901404a410>,47,27,[8 4],48,-1,200,-1,173
1,<environment.Job instance at 0x7f90136099b0>,51,15,[ 4 11],52,-1,201,-1,186
1,<environment.Job instance at 0x7f9013609f50>,54,18,[ 2 14],55,-1,218,-1,200
1,<environment.Job instance at 0x7f9013609190>,56,27,[4 6],57,-1,242,-1,215
1,<environment.Job instance at 0x7f90136092d0>,57,24,[5 9],58,-1,239,-1,215
1,<environment.Job instance at 0x7f9013609820>,58,15,[ 1 10],59,-1,234,-1,219
1,<environment.Job instance at 0x7f90136094b0>,60,13,[ 1 10],61,-1,251,-1,238
1,<environment.Job instance at 0x7f9013609f00>,64,28,[ 5 10],65,-1,272,-1,244
1,<environment.Job instance at 0x7f9013609cd0>,65,12,[11  2],66,-1,256,-1,244
1,<environment.Job instance at 0x7f9013609b40>,66,27,[5 6],67,-1,271,-1,244
1,<environment.Job instance at 0x7f9013d16500>,69,2,[12  4],70,-1,256,-1,254
1,<environment.Job instance at 0x7f9013d16230>,71,17,[12  4],72,-1,274,-1,257
1,<environment.Job instance at 0x7f9013d16140>,73,18,[ 5 14],74,-1,283,-1,265
1,<environment.Job instance at 0x7f9013d169b0>,74,18,[ 2 14],75,-1,283,-1,265
1,<environment.Job instance at 0x7f9013d16460>,76,3,[11  2],77,-1,278,-1,275
1,<environment.Job instance at 0x7f9013d16410>,78,1,[ 5 14],79,-1,289,-1,288
1,<environment.Job instance at 0x7f9013d16c30>,80,16,[ 2 13],81,-1,304,-1,288
1,<environment.Job instance at 0x7f9013d16d20>,81,27,[ 2 11],82,-1,315,-1,288
1,<environment.Job instance at 0x7f9013d16370>,82,19,[ 3 14],83,-1,307,-1,288
1,<environment.Job instance at 0x7f9014a606e0>,84,27,[6 4],85,-1,326,-1,299
1,<environment.Job instance at 0x7f9014a60b40>,86,26,[5 7],87,-1,338,-1,312
1,<environment.Job instance at 0x7f9014a60cd0>,90,2,[10  2],91,-1,330,-1,328
1,<environment.Job instance at 0x7f9014a60eb0>,91,16,[14  3],92,-1,344,-1,328
1,<environment.Job instance at 0x7f9014a603c0>,92,23,[4 5],93,-1,357,-1,334
1,<environment.Job instance at 0x7f9014a609b0>,94,15,[11  2],95,-1,349,-1,334
1,<environment.Job instance at 0x7f9014a60960>,95,27,[11  4],96,-1,361,-1,334
1,<environment.Job instance at 0x7f90144d7d70>,98,28,[5 3],99,-1,378,-1,350
1,<environment.Job instance at 0x7f90144d7230>,99,3,[10  2],100,-1,353,-1,350
1,<environment.Job instance at 0x7f90144d70a0>,101,19,[13  4],102,-1,380,-1,361
1,<environment.Job instance at 0x7f90144d7a50>,104,3,[2 9],105,-1,386,-1,383
1,<environment.Job instance at 0x7f90144d72d0>,105,12,[ 2 14],106,-1,395,-1,383
1,<environment.Job instance at 0x7f90144d78c0>,106,25,[ 2 12],107,-1,408,-1,383
1,<environment.Job instance at 0x7f90144d7e60>,113,14,[ 2 12],114,-1,432,-1,418
1,<environment.Job instance at 0x7f901384d5a0>,128,17,[11  1],129,-1,558,-1,541
1,<environment.Job instance at 0x7f901384deb0>,129,23,[14  4],130,-1,564,-1,541
1,<environment.Job instance at 0x7f901384db90>,130,16,[14  2],131,-1,557,-1,541
1,<environment.Job instance at 0x7f901384df00>,132,24,[1 5],133,-1,574,-1,550
1,<environment.Job instance at 0x7f90140f3d20>,135,1,[6 2],136,-1,555,-1,554
1,<environment.Job instance at 0x7f9013d81fa0>,146,25,[8 1],147,-1,679,-1,654
1,<environment.Job instance at 0x7f9014745460>,147,20,[ 5 11],148,-1,674,-1,654
1,<environment.Job instance at 0x7f90144cad20>,155,1,[11  2],156,-1,736,-1,735
1,<environment.Job instance at 0x7f9014274190>,158,23,[7 5],159,-1,776,-1,753
1,<environment.Job instance at 0x7f9014a85f50>,159,14,[ 4 11],160,-1,767,-1,753
1,<environment.Job instance at 0x7f90146cfbe0>,160,15,[11  4],161,-1,772,-1,757
1,<environment.Job instance at 0x7f90146cfa50>,161,2,[5 9],162,-1,759,-1,757
1,<environment.Job instance at 0x7f90146cfeb0>,162,22,[ 4 10],167,-1,787,-1,765
1,<environment.Job instance at 0x7f9013808e10>,5,14,[12  2],6,-1,20,-1,6
1,<environment.Job instance at 0x7f9013808f50>,6,22,[13  4],7,-1,29,-1,7
1,<environment.Job instance at 0x7f90137d85f0>,14,15,[13  1],15,-1,59,-1,44
1,<environment.Job instance at 0x7f90137d84b0>,13,28,[ 3 10],14,-1,72,-1,44
1,<environment.Job instance at 0x7f90137d86e0>,17,28,[13  4],18,-1,73,-1,45
1,<environment.Job instance at 0x7f90137d8a50>,20,15,[ 4 11],21,-1,83,-1,68
1,<environment.Job instance at 0x7f90137d8910>,21,26,[9 5],22,-1,94,-1,68
1,<environment.Job instance at 0x7f90137d8af0>,22,24,[9 4],23,-1,92,-1,68
1,<environment.Job instance at 0x7f90137d8b90>,23,2,[2 8],24,-1,70,-1,68
1,<environment.Job instance at 0x7f90137d8c30>,24,25,[ 2 12],25,-1,93,-1,68
1,<environment.Job instance at 0x7f90137d8d70>,26,16,[12  5],27,-1,84,-1,68
1,<environment.Job instance at 0x7f90137d8dc0>,27,25,[4 9],28,-1,93,-1,68
1,<environment.Job instance at 0x7f90137d8eb0>,28,28,[2 5],29,-1,96,-1,68
1,<environment.Job instance at 0x7f90137da4b0>,37,18,[14  4],38,-1,131,-1,113
1,<environment.Job instance at 0x7f90137da5f0>,39,13,[ 2 13],40,-1,126,-1,113
1,<environment.Job instance at 0x7f90137da690>,40,25,[ 2 14],41,-1,138,-1,113
1,<environment.Job instance at 0x7f90137da730>,41,27,[4 5],42,-1,140,-1,113
1,<environment.Job instance at 0x7f90137dab40>,46,2,[ 1 10],47,-1,145,-1,143
1,<environment.Job instance at 0x7f90137dae10>,50,12,[11  5],51,-1,179,-1,167
1,<environment.Job instance at 0x7f90137daf50>,51,3,[9 5],52,-1,170,-1,167
1,<environment.Job instance at 0x7f9014110640>,56,14,[ 3 14],57,-1,198,-1,184
1,<environment.Job instance at 0x7f9014116b90>,57,15,[ 2 12],58,-1,199,-1,184
1,<environment.Job instance at 0x7f90138025a0>,59,16,[ 3 12],60,-1,200,-1,184
1,<environment.Job instance at 0x7f9013806aa0>,60,12,[12  3],61,-1,196,-1,184
1,<environment.Job instance at 0x7f90138065f0>,63,28,[4 8],64,-1,233,-1,205
1,<environment.Job instance at 0x7f9013806a00>,64,3,[6 5],65,-1,208,-1,205
1,<environment.Job instance at 0x7f90138067d0>,70,24,[7 1],71,-1,259,-1,235
1,<environment.Job instance at 0x7f90138068c0>,72,13,[12  5],73,-1,261,-1,248
1,<environment.Job instance at 0x7f90138060f0>,75,25,[11  2],76,-1,288,-1,263
1,<environment.Job instance at 0x7f901403df00>,80,24,[ 5 13],81,-1,312,-1,288
1,<environment.Job instance at 0x7f90135e3820>,81,2,[7 1],82,-1,290,-1,288
1,<environment.Job instance at 0x7f9014360870>,82,17,[ 3 11],83,-1,305,-1,288
1,<environment.Job instance at 0x7f9014681c80>,84,24,[8 4],85,-1,324,-1,300
1,<environment.Job instance at 0x7f9014368a00>,86,1,[5 3],87,-1,318,-1,317
1,<environment.Job instance at 0x7f901433bbe0>,88,2,[9 2],89,-1,319,-1,317
1,<environment.Job instance at 0x7f901433bd70>,90,25,[7 2],91,-1,342,-1,317
1,<environment.Job instance at 0x7f901433baf0>,91,16,[ 5 11],92,-1,333,-1,317
1,<environment.Job instance at 0x7f901433bc80>,92,22,[10  1],93,-1,363,-1,341
1,<environment.Job instance at 0x7f901433b190>,94,23,[13  4],95,-1,364,-1,341
1,<environment.Job instance at 0x7f90135dbaf0>,95,17,[12  1],96,-1,358,-1,341
1,<environment.Job instance at 0x7f9013546910>,100,15,[ 2 13],101,-1,366,-1,351
1,<environment.Job instance at 0x7f90143551e0>,102,3,[ 2 10],103,-1,362,-1,359
1,<environment.Job instance at 0x7f9014369500>,103,22,[8 4],104,-1,486,-1,464
1,<environment.Job instance at 0x7f9014347be0>,121,13,[12  4],122,-1,514,-1,501
1,<environment.Job instance at 0x7f90143470a0>,123,18,[14  5],124,-1,525,-1,507
1,<environment.Job instance at 0x7f9014347320>,124,1,[ 3 14],125,-1,508,-1,507
1,<environment.Job instance at 0x7f90137ef8c0>,125,23,[ 1 10],126,-1,530,-1,507
1,<environment.Job instance at 0x7f90137efc30>,129,19,[ 1 10],130,-1,596,-1,577
1,<environment.Job instance at 0x7f90137ef140>,132,18,[ 5 14],133,-1,595,-1,577
1,<environment.Job instance at 0x7f90137ef460>,133,12,[ 2 13],134,-1,589,-1,577
1,<environment.Job instance at 0x7f90137ef780>,134,12,[11  2],135,-1,589,-1,577
1,<environment.Job instance at 0x7f90137efd70>,135,27,[11  3],136,-1,604,-1,577
1,<environment.Job instance at 0x7f90137ef280>,136,28,[ 3 13],137,-1,605,-1,577
1,<environment.Job instance at 0x7f9013518be0>,137,14,[ 4 11],138,-1,591,-1,577
1,<environment.Job instance at 0x7f90135490f0>,138,22,[3 7],139,-1,601,-1,579
1,<environment.Job instance at 0x7f901352d050>,141,12,[ 4 14],142,-1,591,-1,579
1,<environment.Job instance at 0x7f9014366f50>,142,26,[ 4 12],143,-1,605,-1,579
1,<environment.Job instance at 0x7f9014366d20>,143,18,[ 2 10],144,-1,597,-1,579
1,<environment.Job instance at 0x7f90143667d0>,146,13,[11  3],147,-1,616,-1,603
1,<environment.Job instance at 0x7f90143660a0>,147,14,[ 1 12],148,-1,617,-1,603
1,<environment.Job instance at 0x7f9014366370>,155,18,[ 1 10],156,-1,686,-1,668
1,<environment.Job instance at 0x7f90143662d0>,160,2,[3 5],161,-1,670,-1,668
1,<environment.Job instance at 0x7f9014366a00>,161,17,[13  4],162,-1,685,-1,668
1,<environment.Job instance at 0x7f9014330e10>,162,26,[5 8],163,-1,694,-1,668
1,<environment.Job instance at 0x7f9014330d70>,163,17,[12  5],164,-1,685,-1,668
1,<environment.Job instance at 0x7f90143305f0>,164,19,[8 1],165,-1,5972,-1,5953
1,<environment.Job instance at 0x7f9013543690>,4,28,[5 9],5,-1,33,-1,5
1,<environment.Job instance at 0x7f9013543550>,9,1,[10  3],10,-1,15,-1,14
1,<environment.Job instance at 0x7f9013543410>,10,28,[3 8],11,-1,42,-1,14
1,<environment.Job instance at 0x7f9013543780>,11,1,[5 2],12,-1,15,-1,14
1,<environment.Job instance at 0x7f9013543e10>,14,16,[ 2 10],15,-1,45,-1,29
1,<environment.Job instance at 0x7f9013543a50>,15,12,[5 4],16,-1,41,-1,29
1,<environment.Job instance at 0x7f9013543cd0>,16,13,[1 5],17,-1,42,-1,29
1,<environment.Job instance at 0x7f901353aaa0>,19,18,[ 4 11],20,-1,62,-1,44
1,<environment.Job instance at 0x7f901353afa0>,20,27,[5 6],21,-1,71,-1,44
1,<environment.Job instance at 0x7f901353aa00>,21,15,[6 1],22,-1,59,-1,44
1,<environment.Job instance at 0x7f901353a050>,22,24,[8 1],23,-1,68,-1,44
1,<environment.Job instance at 0x7f901353a960>,23,13,[3 5],24,-1,57,-1,44
1,<environment.Job instance at 0x7f901353ad20>,24,15,[ 5 14],25,-1,59,-1,44
1,<environment.Job instance at 0x7f901353acd0>,25,18,[ 5 13],26,-1,62,-1,44
1,<environment.Job instance at 0x7f901353a690>,26,13,[9 1],27,-1,57,-1,44
1,<environment.Job instance at 0x7f901353a280>,27,13,[10  4],28,-1,57,-1,44
1,<environment.Job instance at 0x7f901353a0a0>,28,2,[10  1],29,-1,46,-1,44
1,<environment.Job instance at 0x7f901353aaf0>,30,17,[ 5 13],31,-1,61,-1,44
1,<environment.Job instance at 0x7f901353ab40>,31,12,[ 5 12],32,-1,56,-1,44
1,<environment.Job instance at 0x7f901353adc0>,33,3,[6 3],34,-1,64,-1,61
1,<environment.Job instance at 0x7f9013814370>,35,14,[10  5],36,-1,86,-1,72
1,<environment.Job instance at 0x7f9013814140>,36,3,[8 5],37,-1,75,-1,72
1,<environment.Job instance at 0x7f9013814280>,38,13,[1 7],39,-1,90,-1,77
1,<environment.Job instance at 0x7f90138143c0>,40,16,[ 5 14],41,-1,99,-1,83
1,<environment.Job instance at 0x7f9013814640>,42,13,[13  2],43,-1,106,-1,93
1,<environment.Job instance at 0x7f90138146e0>,43,12,[1 7],44,-1,105,-1,93
1,<environment.Job instance at 0x7f9013814f50>,44,13,[2 5],45,-1,107,-1,94
1,<environment.Job instance at 0x7f90138145a0>,45,1,[4 6],46,-1,95,-1,94
1,<environment.Job instance at 0x7f90135494b0>,46,14,[ 5 10],47,-1,108,-1,94
1,<environment.Job instance at 0x7f9013549280>,47,19,[1 9],48,-1,114,-1,95
1,<environment.Job instance at 0x7f9013549b90>,49,3,[4 5],50,-1,112,-1,109
1,<environment.Job instance at 0x7f9013549f50>,51,18,[8 1],52,-1,127,-1,109
1,<environment.Job instance at 0x7f9013549eb0>,52,13,[ 4 12],53,-1,122,-1,109
1,<environment.Job instance at 0x7f9013549a50>,53,18,[13  3],54,-1,127,-1,109
1,<environment.Job instance at 0x7f90135495a0>,55,16,[8 1],56,-1,137,-1,121
1,<environment.Job instance at 0x7f9013549820>,56,28,[11  1],57,-1,149,-1,121
1,<environment.Job instance at 0x7f9013549690>,59,16,[11  4],60,-1,153,-1,137
1,<environment.Job instance at 0x7f90135490a0>,60,19,[14  3],61,-1,156,-1,137
1,<environment.Job instance at 0x7f9013549dc0>,61,28,[ 2 11],62,-1,165,-1,137
1,<environment.Job instance at 0x7f9013549140>,62,17,[12  1],63,-1,154,-1,137
1,<environment.Job instance at 0x7f9013549190>,64,14,[13  3],65,-1,154,-1,140
1,<environment.Job instance at 0x7f9013549910>,65,12,[3 9],66,-1,153,-1,141
1,<environment.Job instance at 0x7f9014341280>,66,17,[5 1],67,-1,158,-1,141
1,<environment.Job instance at 0x7f90143410f0>,67,24,[ 2 12],68,-1,165,-1,141
1,<environment.Job instance at 0x7f90143414b0>,68,21,[ 5 14],69,-1,162,-1,141
1,<environment.Job instance at 0x7f9014341a50>,69,27,[ 4 14],70,-1,168,-1,141
1,<environment.Job instance at 0x7f9014341af0>,70,15,[6 1],71,-1,156,-1,141
1,<environment.Job instance at 0x7f9014341410>,71,13,[10  2],72,-1,154,-1,141
1,<environment.Job instance at 0x7f90143415a0>,72,18,[11  2],73,-1,159,-1,141
1,<environment.Job instance at 0x7f9014341690>,73,3,[2 9],74,-1,144,-1,141
1,<environment.Job instance at 0x7f9014341140>,74,17,[9 1],75,-1,158,-1,141
1,<environment.Job instance at 0x7f9014341960>,76,28,[6 3],77,-1,182,-1,154
1,<environment.Job instance at 0x7f9014341730>,77,22,[13  5],78,-1,176,-1,154
1,<environment.Job instance at 0x7f90143411e0>,78,19,[ 3 11],79,-1,173,-1,154
1,<environment.Job instance at 0x7f90143418c0>,79,1,[ 1 10],80,-1,155,-1,154
1,<environment.Job instance at 0x7f90137efe60>,82,20,[11  4],83,-1,178,-1,158
1,<environment.Job instance at 0x7f90137efeb0>,83,2,[5 4],84,-1,160,-1,158
1,<environment.Job instance at 0x7f90137ef0f0>,85,12,[1 8],86,-1,184,-1,172
1,<environment.Job instance at 0x7f90137ef9b0>,86,13,[ 3 11],87,-1,185,-1,172
1,<environment.Job instance at 0x7f901352d280>,87,14,[9 2],88,-1,186,-1,172
1,<environment.Job instance at 0x7f901352d550>,88,15,[ 2 11],89,-1,187,-1,172
1,<environment.Job instance at 0x7f901352d500>,89,12,[ 4 10],90,-1,184,-1,172
1,<environment.Job instance at 0x7f901352da50>,90,23,[14  1],91,-1,195,-1,172
1,<environment.Job instance at 0x7f901352d640>,92,2,[7 5],93,-1,174,-1,172
1,<environment.Job instance at 0x7f901352d1e0>,93,19,[4 9],94,-1,191,-1,172
1,<environment.Job instance at 0x7f901352d0a0>,94,17,[10  4],95,-1,189,-1,172
1,<environment.Job instance at 0x7f901352d4b0>,95,13,[ 3 11],96,-1,185,-1,172
1,<environment.Job instance at 0x7f901352d5f0>,97,18,[ 1 12],98,-1,205,-1,187
1,<environment.Job instance at 0x7f901352db90>,98,18,[14  4],99,-1,205,-1,187
1,<environment.Job instance at 0x7f901352d230>,100,22,[6 3],101,-1,209,-1,187
1,<environment.Job instance at 0x7f901352d690>,102,25,[9 5],103,-1,228,-1,203
1,<environment.Job instance at 0x7f9014347f00>,103,14,[14  4],104,-1,217,-1,203
1,<environment.Job instance at 0x7f901352d820>,104,12,[ 2 11],105,-1,215,-1,203
1,<environment.Job instance at 0x7f901433d4b0>,106,14,[ 2 12],107,-1,217,-1,203
1,<environment.Job instance at 0x7f901433d370>,107,22,[ 3 10],108,-1,225,-1,203
1,<environment.Job instance at 0x7f901433db40>,109,19,[11  2],110,-1,236,-1,217
1,<environment.Job instance at 0x7f901433d9b0>,110,21,[14  2],111,-1,238,-1,217
1,<environment.Job instance at 0x7f901433da00>,111,14,[ 5 12],112,-1,231,-1,217
1,<environment.Job instance at 0x7f901433d870>,112,3,[9 2],113,-1,220,-1,217
1,<environment.Job instance at 0x7f9014366d70>,115,13,[11  4],116,-1,246,-1,233
1,<environment.Job instance at 0x7f90133ac0a0>,119,1,[ 2 12],120,-1,261,-1,260
1,<environment.Job instance at 0x7f90133ac5f0>,120,28,[1 8],121,-1,288,-1,260
1,<environment.Job instance at 0x7f90133ac230>,121,14,[5 1],122,-1,274,-1,260
1,<environment.Job instance at 0x7f90133acfa0>,123,1,[ 2 14],124,-1,261,-1,260
1,<environment.Job instance at 0x7f90133aceb0>,124,28,[7 2],125,-1,288,-1,260
1,<environment.Job instance at 0x7f901433b230>,128,23,[13  2],129,-1,307,-1,284
1,<environment.Job instance at 0x7f901433b0f0>,130,2,[1 6],131,-1,293,-1,291
1,<environment.Job instance at 0x7f901433b370>,131,28,[8 3],132,-1,319,-1,291
1,<environment.Job instance at 0x7f901433bf00>,132,28,[1 7],133,-1,319,-1,291
1,<environment.Job instance at 0x7f901433b870>,134,22,[4 7],135,-1,318,-1,296
1,<environment.Job instance at 0x7f901433ba00>,135,27,[6 4],136,-1,323,-1,296
1,<environment.Job instance at 0x7f901433b960>,136,28,[10  4],137,-1,324,-1,296
1,<environment.Job instance at 0x7f9014368140>,137,1,[10  5],138,-1,297,-1,296
1,<environment.Job instance at 0x7f901422de60>,138,21,[1 9],139,-1,317,-1,296
1,<environment.Job instance at 0x7f901352e9b0>,140,26,[5 5],141,-1,330,-1,304
1,<environment.Job instance at 0x7f901352e2d0>,141,3,[6 4],142,-1,307,-1,304
1,<environment.Job instance at 0x7f901352ee60>,142,15,[13  5],143,-1,319,-1,304
1,<environment.Job instance at 0x7f901352e3c0>,143,12,[ 3 12],144,-1,316,-1,304
1,<environment.Job instance at 0x7f901352e460>,144,18,[10  1],145,-1,327,-1,309
1,<environment.Job instance at 0x7f901333f690>,145,16,[13  2],146,-1,325,-1,309
1,<environment.Job instance at 0x7f901352e230>,146,27,[ 1 11],147,-1,336,-1,309
1,<environment.Job instance at 0x7f901342c2d0>,148,18,[13  1],149,-1,327,-1,309
1,<environment.Job instance at 0x7f901463c550>,149,14,[ 5 11],150,-1,323,-1,309
1,<environment.Job instance at 0x7f90137ebaa0>,153,1,[ 2 12],154,-1,336,-1,335
1,<environment.Job instance at 0x7f9013dc5820>,155,13,[12  3],156,-1,350,-1,337
1,<environment.Job instance at 0x7f9013f2e230>,159,13,[ 3 12],160,-1,375,-1,362
1,<environment.Job instance at 0x7f9013f2ed20>,160,14,[ 1 10],161,-1,376,-1,362
1,<environment.Job instance at 0x7f9013a25550>,162,17,[ 1 12],163,-1,381,-1,364
1,<environment.Job instance at 0x7f90141fe640>,163,16,[14  5],164,-1,380,-1,364
1,<environment.Job instance at 0x7f9013b3e320>,164,25,[ 3 10],165,-1,389,-1,364
1,<environment.Job instance at 0x7f9013b3e230>,165,16,[ 2 10],166,-1,380,-1,364
1,<environment.Job instance at 0x7f9013c5ed20>,167,27,[ 4 10],168,-1,404,-1,377
1,<environment.Job instance at 0x7f9013c5e870>,168,12,[ 2 13],169,-1,389,-1,377
1,<environment.Job instance at 0x7f9014972af0>,170,20,[4 6],171,-1,404,-1,384
1,<environment.Job instance at 0x7f9013f46d70>,172,2,[8 2],173,-1,393,-1,391
1,<environment.Job instance at 0x7f9013752050>,174,13,[14  1],175,-1,404,-1,391
1,<environment.Job instance at 0x7f901334b9b0>,178,14,[11  2],179,-1,423,-1,409
1,<environment.Job instance at 0x7f9013752b90>,176,17,[ 2 12],177,-1,790,-1,773
1,<environment.Job instance at 0x7f90135435f0>,13,12,[12  1],14,-1,1475,-1,1463
1,<environment.Job instance at 0x7f9013543b90>,2,25,[9 4],3,-1,28,-1,3
1,<environment.Job instance at 0x7f9013a1f0f0>,8,3,[12  1],9,-1,13,-1,10
1,<environment.Job instance at 0x7f9013a1f780>,13,23,[10  2],14,-1,41,-1,18
1,<environment.Job instance at 0x7f9013a1fd70>,14,15,[11  5],15,-1,33,-1,18
1,<environment.Job instance at 0x7f9013a1f8c0>,15,24,[13  4],16,-1,42,-1,18
1,<environment.Job instance at 0x7f9013a1f9b0>,16,18,[ 2 13],17,-1,36,-1,18
1,<environment.Job instance at 0x7f9013a1f140>,17,27,[ 5 10],18,-1,45,-1,18
1,<environment.Job instance at 0x7f9013a1f5f0>,19,14,[ 1 10],20,-1,46,-1,32
1,<environment.Job instance at 0x7f901377bd20>,21,21,[ 5 11],22,-1,54,-1,33
1,<environment.Job instance at 0x7f901377b410>,23,27,[4 9],24,-1,63,-1,36
1,<environment.Job instance at 0x7f901377bb90>,24,20,[12  4],25,-1,56,-1,36
1,<environment.Job instance at 0x7f901377b910>,27,1,[ 4 10],28,-1,66,-1,65
1,<environment.Job instance at 0x7f901377b780>,28,18,[14  3],29,-1,83,-1,65
1,<environment.Job instance at 0x7f901377b1e0>,30,12,[ 5 13],31,-1,93,-1,81
1,<environment.Job instance at 0x7f9013ba6c30>,31,26,[5 2],32,-1,107,-1,81
1,<environment.Job instance at 0x7f9013ba6500>,33,24,[14  3],34,-1,123,-1,99
1,<environment.Job instance at 0x7f9013ba67d0>,35,12,[ 4 11],36,-1,111,-1,99
1,<environment.Job instance at 0x7f9013ba6be0>,38,18,[ 3 11],39,-1,130,-1,112
1,<environment.Job instance at 0x7f9013ba66e0>,42,24,[ 1 14],43,-1,156,-1,132
1,<environment.Job instance at 0x7f9013ba6280>,43,14,[ 1 11],44,-1,146,-1,132
1,<environment.Job instance at 0x7f9013ba6a50>,44,25,[6 2],45,-1,157,-1,132
1,<environment.Job instance at 0x7f9013ba60a0>,45,14,[13  2],46,-1,146,-1,132
1,<environment.Job instance at 0x7f9013ba6140>,46,17,[11  4],47,-1,149,-1,132
1,<environment.Job instance at 0x7f9013ba6230>,49,13,[ 4 11],50,-1,161,-1,148
1,<environment.Job instance at 0x7f9013d8f410>,53,12,[ 3 11],54,-1,189,-1,177
1,<environment.Job instance at 0x7f90145eb3c0>,69,2,[6 1],70,-1,286,-1,284
1,<environment.Job instance at 0x7f90145ebd20>,72,14,[ 3 10],73,-1,311,-1,297
1,<environment.Job instance at 0x7f90145eb0a0>,73,24,[ 4 13],74,-1,321,-1,297
1,<environment.Job instance at 0x7f90145eb280>,74,23,[14  5],75,-1,320,-1,297
1,<environment.Job instance at 0x7f90145ebeb0>,75,12,[10  5],76,-1,321,-1,309
1,<environment.Job instance at 0x7f901461f550>,77,27,[14  2],78,-1,336,-1,309
1,<environment.Job instance at 0x7f901461f640>,78,14,[13  4],79,-1,323,-1,309
1,<environment.Job instance at 0x7f901461f730>,81,25,[1 9],82,-1,339,-1,314
1,<environment.Job instance at 0x7f901461fa00>,82,3,[9 2],83,-1,317,-1,314
1,<environment.Job instance at 0x7f901461f3c0>,85,12,[5 3],86,-1,340,-1,328
1,<environment.Job instance at 0x7f901496fbe0>,89,12,[ 3 10],90,-1,357,-1,345
1,<environment.Job instance at 0x7f901496f730>,91,12,[13  4],92,-1,369,-1,357
1,<environment.Job instance at 0x7f901496f190>,97,28,[ 5 11],98,-1,421,-1,393
1,<environment.Job instance at 0x7f901496f460>,98,2,[7 3],99,-1,395,-1,393
1,<environment.Job instance at 0x7f901496f5f0>,100,13,[10  1],101,-1,423,-1,410
1,<environment.Job instance at 0x7f9013d3bf00>,101,26,[5 8],102,-1,436,-1,410
1,<environment.Job instance at 0x7f9013d3bf50>,102,22,[9 1],103,-1,443,-1,421
1,<environment.Job instance at 0x7f9013d3b7d0>,105,13,[11  3],106,-1,434,-1,421
1,<environment.Job instance at 0x7f9013d3b9b0>,106,27,[11  3],107,-1,448,-1,421
1,<environment.Job instance at 0x7f9013d3b0a0>,108,3,[12  1],109,-1,424,-1,421
1,<environment.Job instance at 0x7f90147d5a50>,112,16,[11  2],113,-1,463,-1,447
1,<environment.Job instance at 0x7f9014692320>,114,12,[13  5],115,-1,459,-1,447
1,<environment.Job instance at 0x7f9014692280>,115,25,[12  3],116,-1,472,-1,447
1,<environment.Job instance at 0x7f9014692eb0>,117,20,[14  2],118,-1,469,-1,449
1,<environment.Job instance at 0x7f9014692190>,118,1,[6 2],119,-1,450,-1,449
1,<environment.Job instance at 0x7f90146929b0>,119,20,[5 3],120,-1,469,-1,449
1,<environment.Job instance at 0x7f9014692960>,123,16,[ 4 11],124,-1,499,-1,483
1,<environment.Job instance at 0x7f9014692910>,124,26,[5 6],125,-1,509,-1,483
1,<environment.Job instance at 0x7f9014692140>,125,27,[1 8],126,-1,510,-1,483
1,<environment.Job instance at 0x7f9014692e10>,126,27,[3 8],127,-1,510,-1,483
1,<environment.Job instance at 0x7f9013c34b40>,128,14,[ 4 13],129,-1,497,-1,483
1,<environment.Job instance at 0x7f90133cb960>,131,14,[1 9],132,-1,514,-1,500
1,<environment.Job instance at 0x7f9013a52b90>,132,28,[14  3],133,-1,528,-1,500
1,<environment.Job instance at 0x7f9013a52500>,133,13,[14  3],134,-1,513,-1,500
1,<environment.Job instance at 0x7f901d498320>,135,22,[ 2 11],136,-1,532,-1,510
1,<environment.Job instance at 0x7f90146bcbe0>,138,15,[14  5],139,-1,544,-1,529
1,<environment.Job instance at 0x7f901360c6e0>,140,2,[9 1],141,-1,537,-1,535
1,<environment.Job instance at 0x7f9013d7deb0>,141,2,[10  2],142,-1,537,-1,535
1,<environment.Job instance at 0x7f901d0bb640>,142,13,[5 4],143,-1,549,-1,536
1,<environment.Job instance at 0x7f9013fc54b0>,144,20,[ 4 14],145,-1,566,-1,546
1,<environment.Job instance at 0x7f9013fc5640>,145,25,[6 3],146,-1,571,-1,546
1,<environment.Job instance at 0x7f90149fd8c0>,146,14,[12  5],147,-1,560,-1,546
1,<environment.Job instance at 0x7f901486d460>,149,21,[10  2],150,-1,584,-1,563
1,<environment.Job instance at 0x7f90146c1af0>,151,25,[8 4],152,-1,588,-1,563
1,<environment.Job instance at 0x7f9013491230>,152,26,[5 5],153,-1,589,-1,563
1,<environment.Job instance at 0x7f9013491280>,153,14,[7 2],154,-1,577,-1,563
1,<environment.Job instance at 0x7f90134915a0>,154,21,[ 1 13],155,-1,584,-1,563
1,<environment.Job instance at 0x7f901344aeb0>,155,16,[10  1],156,-1,589,-1,573
1,<environment.Job instance at 0x7f901d14aa50>,156,2,[ 4 14],157,-1,575,-1,573
1,<environment.Job instance at 0x7f9014745910>,157,18,[13  2],158,-1,591,-1,573
1,<environment.Job instance at 0x7f9013a34b40>,158,16,[13  5],159,-1,589,-1,573
1,<environment.Job instance at 0x7f901424d820>,159,26,[9 5],160,-1,599,-1,573
1,<environment.Job instance at 0x7f901483eb40>,162,18,[13  5],163,-1,599,-1,581
1,<environment.Job instance at 0x7f9013cefaf0>,163,24,[5 8],164,-1,605,-1,581
1,<environment.Job instance at 0x7f9013c0c500>,164,12,[4 5],165,-1,594,-1,582
1,<environment.Job instance at 0x7f9013f305a0>,165,26,[5 1],166,-1,608,-1,582
1,<environment.Job instance at 0x7f90135fcd20>,166,2,[ 4 13],167,-1,584,-1,582
1,<environment.Job instance at 0x7f9013f30910>,167,26,[ 2 14],168,-1,608,-1,582
1,<environment.Job instance at 0x7f9013f307d0>,168,22,[13  2],169,-1,604,-1,582
1,<environment.Job instance at 0x7f9013f3eb90>,169,20,[12  2],170,-1,602,-1,582
1,<environment.Job instance at 0x7f9013f3ec80>,170,3,[ 2 13],171,-1,585,-1,582
1,<environment.Job instance at 0x7f9013f3e5a0>,172,27,[9 5],173,-1,614,-1,587
1,<environment.Job instance at 0x7f9013fc5eb0>,150,24,[2 8],151,-1,633,-1,609
1,<environment.Job instance at 0x7f90145eb870>,61,25,[11  3],62,-1,639,-1,614
1,<environment.Job instance at 0x7fccc0b62b40>,4,24,[ 3 11],5,-1,29,-1,5
1,<environment.Job instance at 0x7fccc0b62f50>,8,24,[ 2 10],9,-1,33,-1,9
1,<environment.Job instance at 0x7fccc0b65320>,14,21,[ 3 11],15,-1,42,-1,21
1,<environment.Job instance at 0x7fccc0b65550>,17,18,[ 5 13],18,-1,46,-1,28
1,<environment.Job instance at 0x7fccc0b65410>,22,3,[4 6],23,-1,67,-1,64
1,<environment.Job instance at 0x7fccc0b65910>,24,2,[ 3 12],25,-1,77,-1,75
1,<environment.Job instance at 0x7fccc0b680f0>,35,3,[9 5],36,-1,174,-1,171
1,<environment.Job instance at 0x7fccc0b68820>,42,13,[12  1],43,-1,214,-1,201
1,<environment.Job instance at 0x7fccc0b688c0>,43,21,[ 2 12],44,-1,222,-1,201
1,<environment.Job instance at 0x7fccc0b68960>,44,26,[8 4],45,-1,227,-1,201
1,<environment.Job instance at 0x7fccc0b68a00>,45,13,[11  3],46,-1,214,-1,201
1,<environment.Job instance at 0x7fccc0b68b90>,46,2,[ 1 10],47,-1,203,-1,201
1,<environment.Job instance at 0x7fccc0b68190>,47,13,[ 3 12],48,-1,214,-1,201
1,<environment.Job instance at 0x7fccc0b68e60>,51,13,[ 3 12],52,-1,234,-1,221
1,<environment.Job instance at 0x7fccc0b68f00>,52,3,[13  2],53,-1,224,-1,221
1,<environment.Job instance at 0x7fccc0b68b40>,54,3,[1 7],55,-1,236,-1,233
1,<environment.Job instance at 0x7fccc0b6b190>,56,28,[10  1],57,-1,261,-1,233
1,<environment.Job instance at 0x7fccc0b6b690>,62,24,[ 3 10],63,-1,293,-1,269
1,<environment.Job instance at 0x7fccc0b6b7d0>,65,15,[ 1 11],66,-1,319,-1,304
1,<environment.Job instance at 0x7fccc0b6baa0>,68,25,[ 2 12],69,-1,329,-1,304
1,<environment.Job instance at 0x7fccc0b6bb40>,69,26,[5 4],70,-1,333,-1,307
1,<environment.Job instance at 0x7fccc0b6bdc0>,73,27,[8 2],74,-1,362,-1,335
1,<environment.Job instance at 0x7fccc0b6e550>,82,2,[10  3],83,-1,395,-1,393
1,<environment.Job instance at 0x7fccc0b6e320>,83,17,[ 4 14],84,-1,410,-1,393
1,<environment.Job instance at 0x7fccc0b6e5f0>,84,21,[ 1 10],85,-1,458,-1,437
1,<environment.Job instance at 0x7fccc0b6ea00>,89,18,[ 4 11],90,-1,455,-1,437
1,<environment.Job instance at 0x7fccc0b6eb90>,92,3,[2 8],93,-1,455,-1,452
1,<environment.Job instance at 0x7fccc0b6ec30>,93,27,[12  1],94,-1,479,-1,452
1,<environment.Job instance at 0x7fccc0b6ee10>,96,12,[ 4 14],97,-1,498,-1,486
1,<environment.Job instance at 0x7fccc0b6ed70>,98,2,[10  4],99,-1,500,-1,498
1,<environment.Job instance at 0x7fccc0b70190>,101,18,[12  3],102,-1,523,-1,505
1,<environment.Job instance at 0x7fccc0b70140>,102,13,[ 5 12],103,-1,518,-1,505
1,<environment.Job instance at 0x7fccc0b700a0>,103,17,[ 2 10],104,-1,523,-1,506
1,<environment.Job instance at 0x7fccc0b70690>,109,27,[5 8],110,-1,570,-1,543
1,<environment.Job instance at 0x7fccc0b707d0>,111,13,[12  3],112,-1,571,-1,558
1,<environment.Job instance at 0x7fccc0b70af0>,114,28,[7 4],115,-1,589,-1,561
1,<environment.Job instance at 0x7fccc0b70a00>,116,3,[1 6],117,-1,577,-1,574
1,<environment.Job instance at 0x7fccc0b58f00>,125,14,[14  1],126,-1,647,-1,633
1,<environment.Job instance at 0x7fccc0b58af0>,129,3,[14  4],130,-1,667,-1,664
1,<environment.Job instance at 0x7fccc0ba7b40>,132,23,[ 1 14],133,-1,698,-1,675
1,<environment.Job instance at 0x7fccc0c8d230>,140,17,[ 2 11],141,-1,743,-1,726
1,<environment.Job instance at 0x7fccc0bebcd0>,144,17,[ 3 14],145,-1,770,-1,753
1,<environment.Job instance at 0x7fccc0cebb40>,147,2,[7 2],148,-1,798,-1,796
1,<environment.Job instance at 0x7fccc0c03c80>,151,24,[12  2],152,-1,821,-1,797
1,<environment.Job instance at 0x7fccc0cabaf0>,152,26,[ 3 11],153,-1,823,-1,797
1,<environment.Job instance at 0x7fccc04fb640>,4,2,[ 1 11],5,-1,7,-1,5
1,<environment.Job instance at 0x7fccc05c6d70>,11,21,[ 4 11],12,-1,37,-1,16
1,<environment.Job instance at 0x7fccc05c6cd0>,12,13,[ 3 12],13,-1,29,-1,16
1,<environment.Job instance at 0x7fccc05c6dc0>,15,24,[12  1],16,-1,56,-1,32
1,<environment.Job instance at 0x7fccc05c6b40>,16,14,[11  2],17,-1,46,-1,32
1,<environment.Job instance at 0x7fccc05c6be0>,17,27,[5 3],18,-1,59,-1,32
1,<environment.Job instance at 0x7fccc05cf500>,21,27,[6 5],22,-1,76,-1,49
1,<environment.Job instance at 0x7fccc05cf820>,22,18,[ 2 14],23,-1,67,-1,49
1,<environment.Job instance at 0x7fccc05cf690>,23,2,[11  2],24,-1,51,-1,49
1,<environment.Job instance at 0x7fccc05cfbe0>,24,18,[12  2],25,-1,67,-1,49
1,<environment.Job instance at 0x7fccc05cfd20>,26,17,[11  1],27,-1,75,-1,58
1,<environment.Job instance at 0x7fccc05cfc30>,27,13,[ 4 12],28,-1,71,-1,58
1,<environment.Job instance at 0x7fccc05cff50>,31,18,[ 1 10],32,-1,195,-1,177
1,<environment.Job instance at 0x7fccc05d5820>,40,21,[ 1 10],41,-1,198,-1,177
1,<environment.Job instance at 0x7fccc05d56e0>,41,28,[13  2],42,-1,205,-1,177
1,<environment.Job instance at 0x7fccc05d58c0>,43,24,[9 1],44,-1,214,-1,190
1,<environment.Job instance at 0x7fccc05d5d70>,44,15,[14  3],45,-1,205,-1,190
1,<environment.Job instance at 0x7fccc05d5c80>,46,13,[ 5 13],47,-1,203,-1,190
1,<environment.Job instance at 0x7fccc065a9b0>,50,24,[11  3],51,-1,241,-1,217
1,<environment.Job instance at 0x7fccca1795a0>,154,15,[ 3 11],155,-1,1314,-1,1299
1,<environment.Job instance at 0x7fccc02467d0>,157,15,[13  3],166,-1,1332,-1,1317
1,<environment.Job instance at 0x7fccc02e2140>,6,28,[ 3 14],7,-1,35,-1,7
1,<environment.Job instance at 0x7fccc02e2640>,13,27,[9 1],14,-1,55,-1,28
1,<environment.Job instance at 0x7fccc02e2b40>,16,15,[ 1 14],17,-1,64,-1,49
1,<environment.Job instance at 0x7fccc02dfc80>,18,28,[3 6],19,-1,82,-1,54
1,<environment.Job instance at 0x7fccc02df550>,20,13,[14  4],21,-1,80,-1,67
1,<environment.Job instance at 0x7fccc02df320>,22,16,[ 1 11],23,-1,87,-1,71
1,<environment.Job instance at 0x7fccc02df280>,23,26,[12  3],24,-1,97,-1,71
1,<environment.Job instance at 0x7fccc02dfaa0>,24,12,[ 1 10],25,-1,83,-1,71
1,<environment.Job instance at 0x7fccc02dfaf0>,25,17,[ 4 13],26,-1,88,-1,71
1,<environment.Job instance at 0x7fccc02df370>,27,28,[1 9],28,-1,109,-1,81
1,<environment.Job instance at 0x7fccc02df910>,28,26,[7 3],29,-1,107,-1,81
1,<environment.Job instance at 0x7fccc02db3c0>,33,18,[14  3],34,-1,128,-1,110
1,<environment.Job instance at 0x7fccc02dbd20>,38,25,[9 1],39,-1,159,-1,134
1,<environment.Job instance at 0x7fccc02dbb40>,39,3,[3 5],40,-1,137,-1,134
1,<environment.Job instance at 0x7fccc02dbbe0>,42,23,[2 8],43,-1,173,-1,150
1,<environment.Job instance at 0x7fccc02dbf50>,43,16,[11  1],44,-1,166,-1,150
1,<environment.Job instance at 0x7fccc02dba50>,44,2,[2 8],45,-1,152,-1,150
1,<environment.Job instance at 0x7fccc02db280>,45,14,[11  5],46,-1,164,-1,150
1,<environment.Job instance at 0x7fccc02db2d0>,46,13,[ 1 11],47,-1,163,-1,150
1,<environment.Job instance at 0x7fccc02db780>,48,25,[6 1],49,-1,189,-1,164
1,<environment.Job instance at 0x7fccc02d2780>,49,15,[ 3 12],50,-1,179,-1,164
1,<environment.Job instance at 0x7fccc02db690>,50,18,[13  2],51,-1,182,-1,164
1,<environment.Job instance at 0x7fccc02d2730>,51,1,[5 7],52,-1,165,-1,164
1,<environment.Job instance at 0x7fccc02d2dc0>,53,28,[11  3],54,-1,192,-1,164
1,<environment.Job instance at 0x7fccc02d2d70>,55,28,[ 4 10],56,-1,199,-1,171
1,<environment.Job instance at 0x7fccc02d2640>,56,2,[5 3],57,-1,173,-1,171
1,<environment.Job instance at 0x7fccc02d6c30>,60,14,[ 2 10],61,-1,201,-1,187
1,<environment.Job instance at 0x7fccc02d6730>,61,16,[ 5 13],62,-1,203,-1,187
1,<environment.Job instance at 0x7fccc02d6c80>,63,24,[5 6],64,-1,222,-1,198
1,<environment.Job instance at 0x7fccc02d6dc0>,64,2,[3 5],65,-1,200,-1,198
1,<environment.Job instance at 0x7fccc02d6b40>,66,14,[ 3 14],67,-1,212,-1,198
1,<environment.Job instance at 0x7fccc02d65f0>,67,24,[3 9],68,-1,222,-1,198
1,<environment.Job instance at 0x7fccc02d6320>,70,12,[ 2 12],71,-1,245,-1,233
1,<environment.Job instance at 0x7fccc02d6780>,72,12,[ 2 11],73,-1,245,-1,233
1,<environment.Job instance at 0x7fccc02d6140>,73,27,[ 3 14],74,-1,260,-1,233
1,<environment.Job instance at 0x7fccc02ce730>,76,28,[5 2],77,-1,274,-1,246
1,<environment.Job instance at 0x7fccc02ced70>,77,28,[13  5],78,-1,274,-1,246
1,<environment.Job instance at 0x7fccc02cec80>,84,12,[ 1 10],85,-1,298,-1,286
1,<environment.Job instance at 0x7fccc02ce6e0>,88,2,[7 2],89,-1,320,-1,318
1,<environment.Job instance at 0x7fccc02cbdc0>,91,25,[7 3],92,-1,353,-1,328
1,<environment.Job instance at 0x7fccc02cb0a0>,93,27,[ 5 13],94,-1,365,-1,338
1,<environment.Job instance at 0x7fccc02cb500>,94,13,[14  5],95,-1,351,-1,338
1,<environment.Job instance at 0x7fccc02cb730>,95,12,[ 4 13],96,-1,350,-1,338
1,<environment.Job instance at 0x7fccc02cbd70>,97,14,[ 3 12],98,-1,363,-1,349
1,<environment.Job instance at 0x7fccc02cb820>,98,23,[7 3],99,-1,372,-1,349
1,<environment.Job instance at 0x7fccc02cbe10>,99,27,[5 8],100,-1,376,-1,349
1,<environment.Job instance at 0x7fccc02c78c0>,105,26,[14  5],106,-1,427,-1,401
1,<environment.Job instance at 0x7fccc02c7910>,106,1,[8 1],107,-1,402,-1,401
1,<environment.Job instance at 0x7fccc02c7960>,108,2,[7 2],109,-1,403,-1,401
1,<environment.Job instance at 0x7fccc02c7a50>,109,1,[1 5],110,-1,402,-1,401
1,<environment.Job instance at 0x7fccc02c7550>,110,1,[1 6],111,-1,402,-1,401
1,<environment.Job instance at 0x7fccc02c7a00>,112,28,[12  4],113,-1,430,-1,402
1,<environment.Job instance at 0x7fccc02c2190>,113,1,[11  1],114,-1,403,-1,402
1,<environment.Job instance at 0x7fccc02c24b0>,116,2,[4 9],117,-1,418,-1,416
1,<environment.Job instance at 0x7fccc02c2370>,117,28,[7 5],118,-1,444,-1,416
1,<environment.Job instance at 0x7fccc02c2aa0>,123,24,[1 9],124,-1,490,-1,466
1,<environment.Job instance at 0x7fccc02c2910>,124,25,[ 3 10],125,-1,491,-1,466
1,<environment.Job instance at 0x7fccc02c28c0>,127,17,[13  5],128,-1,499,-1,482
1,<environment.Job instance at 0x7fccc02f2050>,129,18,[11  5],130,-1,503,-1,485
1,<environment.Job instance at 0x7fccc023b5a0>,130,28,[7 2],131,-1,513,-1,485
1,<environment.Job instance at 0x7fccc0240af0>,132,25,[5 7],133,-1,517,-1,492
1,<environment.Job instance at 0x7fccc02f2910>,135,21,[ 5 13],136,-1,521,-1,500
1,<environment.Job instance at 0x7fccc02782d0>,138,17,[13  2],139,-1,530,-1,513
1,<environment.Job instance at 0x7fccc0278eb0>,139,22,[12  5],140,-1,535,-1,513
1,<environment.Job instance at 0x7fccc0243500>,140,23,[7 1],141,-1,536,-1,513
1,<environment.Job instance at 0x7fccc02678c0>,142,2,[2 5],143,-1,527,-1,525
1,<environment.Job instance at 0x7fccc02672d0>,144,12,[ 2 13],145,-1,553,-1,541
1,<environment.Job instance at 0x7fccc0976280>,145,1,[4 9],146,-1,542,-1,541
1,<environment.Job instance at 0x7fccc119d230>,147,24,[10  2],148,-1,565,-1,541
1,<environment.Job instance at 0x7fccc0d6dd20>,148,14,[ 5 14],149,-1,555,-1,541
1,<environment.Job instance at 0x7fccc027cf00>,149,12,[10  1],150,-1,555,-1,543
1,<environment.Job instance at 0x7fccc00f4e10>,152,25,[11  2],153,-1,596,-1,571
1,<environment.Job instance at 0x7fccc01a1a50>,153,15,[ 3 12],154,-1,586,-1,571
1,<environment.Job instance at 0x7fccc03e88c0>,155,22,[8 5],156,-1,614,-1,592
1,<environment.Job instance at 0x7fccca1f6af0>,158,23,[8 1],159,-1,615,-1,592
1,<environment.Job instance at 0x7fccc0d607d0>,160,15,[ 5 14],161,-1,607,-1,592
1,<environment.Job instance at 0x7fccca2ba370>,162,12,[ 5 13],163,-1,611,-1,599
1,<environment.Job instance at 0x7fccc04bed20>,6,19,[ 1 12],7,-1,26,-1,7
1,<environment.Job instance at 0x7fccc04bea50>,7,24,[10  2],8,-1,34,-1,10
1,<environment.Job instance at 0x7fccc04beeb0>,10,12,[8 2],11,-1,38,-1,26
1,<environment.Job instance at 0x7fccc04bef50>,11,28,[ 1 12],12,-1,54,-1,26
1,<environment.Job instance at 0x7fccc04befa0>,12,15,[13  1],13,-1,41,-1,26
1,<environment.Job instance at 0x7fccc098a050>,13,13,[ 5 12],14,-1,39,-1,26
1,<environment.Job instance at 0x7fccc098a1e0>,15,12,[ 4 13],16,-1,38,-1,26
1,<environment.Job instance at 0x7fccc098a280>,16,24,[5 3],17,-1,50,-1,26
1,<environment.Job instance at 0x7fccc098a3c0>,18,18,[1 5],19,-1,47,-1,29
1,<environment.Job instance at 0x7fccc098a500>,20,3,[5 3],21,-1,32,-1,29
1,<environment.Job instance at 0x7fccc098a5a0>,21,12,[13  4],22,-1,41,-1,29
1,<environment.Job instance at 0x7fccc098a6e0>,23,12,[4 8],24,-1,53,-1,41
1,<environment.Job instance at 0x7fccc098a780>,24,12,[8 2],25,-1,53,-1,41
1,<environment.Job instance at 0x7fccc098a8c0>,26,15,[13  4],27,-1,56,-1,41
1,<environment.Job instance at 0x7fccc098aaf0>,27,18,[9 1],28,-1,70,-1,52
1,<environment.Job instance at 0x7fccc098aaa0>,29,12,[5 5],30,-1,64,-1,52
1,<environment.Job instance at 0x7fccc098a960>,30,26,[14  4],31,-1,78,-1,52
1,<environment.Job instance at 0x7fccc098acd0>,31,17,[2 7],32,-1,69,-1,52
1,<environment.Job instance at 0x7fccc098ad70>,32,14,[4 9],33,-1,67,-1,53
1,<environment.Job instance at 0x7fccc098ae10>,33,18,[14  1],34,-1,71,-1,53
1,<environment.Job instance at 0x7fccc098af00>,34,24,[9 2],35,-1,77,-1,53
1,<environment.Job instance at 0x7fccc098aeb0>,36,15,[ 5 11],37,-1,68,-1,53
1,<environment.Job instance at 0x7fccc1687050>,37,27,[2 7],38,-1,80,-1,53
1,<environment.Job instance at 0x7fccc1687230>,39,18,[14  1],40,-1,82,-1,64
1,<environment.Job instance at 0x7fccc16872d0>,40,22,[1 8],41,-1,86,-1,64
1,<environment.Job instance at 0x7fccc1687500>,41,28,[ 3 12],42,-1,92,-1,64
1,<environment.Job instance at 0x7fccc1687460>,42,24,[ 4 10],43,-1,88,-1,64
1,<environment.Job instance at 0x7fccc16875f0>,43,25,[11  2],44,-1,89,-1,64
1,<environment.Job instance at 0x7fccc16874b0>,44,16,[ 1 14],45,-1,80,-1,64
1,<environment.Job instance at 0x7fccc1687730>,46,12,[ 3 10],47,-1,81,-1,69
1,<environment.Job instance at 0x7fccc16877d0>,47,17,[4 5],48,-1,86,-1,69
1,<environment.Job instance at 0x7fccc1687870>,48,13,[8 5],49,-1,84,-1,71
1,<environment.Job instance at 0x7fccc16879b0>,49,13,[3 9],50,-1,84,-1,71
1,<environment.Job instance at 0x7fccc1687af0>,50,14,[ 2 11],51,-1,85,-1,71
1,<environment.Job instance at 0x7fccc1687c80>,52,3,[5 9],53,-1,83,-1,80
1,<environment.Job instance at 0x7fccc1687d20>,53,2,[6 4],54,-1,82,-1,80
1,<environment.Job instance at 0x7fccc1687eb0>,54,2,[3 5],55,-1,82,-1,80
1,<environment.Job instance at 0x7fccc1687f50>,55,15,[2 5],56,-1,95,-1,80
1,<environment.Job instance at 0x7fccc1687fa0>,56,14,[4 8],57,-1,94,-1,80
1,<environment.Job instance at 0x7fccc1687f00>,57,16,[9 2],58,-1,97,-1,81
1,<environment.Job instance at 0x7fccc1687dc0>,58,2,[2 9],59,-1,83,-1,81
1,<environment.Job instance at 0x7fccc1694230>,59,15,[9 1],60,-1,100,-1,85
1,<environment.Job instance at 0x7fccc1694370>,61,13,[6 1],62,-1,99,-1,86
1,<environment.Job instance at 0x7fccc1694410>,62,13,[1 8],63,-1,99,-1,86
1,<environment.Job instance at 0x7fccc16944b0>,63,21,[10  4],64,-1,108,-1,87
1,<environment.Job instance at 0x7fccc1694460>,64,13,[12  5],65,-1,100,-1,87
1,<environment.Job instance at 0x7fccc1694640>,65,13,[ 5 10],66,-1,100,-1,87
1,<environment.Job instance at 0x7fccc1694730>,68,15,[ 5 10],69,-1,110,-1,95
1,<environment.Job instance at 0x7fccc1694870>,69,2,[8 4],70,-1,97,-1,95
1,<environment.Job instance at 0x7fccc1694910>,70,16,[5 1],71,-1,111,-1,95
1,<environment.Job instance at 0x7fccc1694a00>,72,2,[7 2],73,-1,100,-1,98
1,<environment.Job instance at 0x7fccc1694af0>,73,16,[12  2],74,-1,114,-1,98
1,<environment.Job instance at 0x7fccc1694b90>,74,15,[ 5 12],75,-1,113,-1,98
1,<environment.Job instance at 0x7fccc1694c30>,75,2,[2 9],76,-1,100,-1,98
1,<environment.Job instance at 0x7fccc1694cd0>,76,2,[13  3],77,-1,100,-1,98
1,<environment.Job instance at 0x7fccc1694d70>,77,1,[8 1],78,-1,99,-1,98
1,<environment.Job instance at 0x7fccc1694e10>,78,15,[13  3],79,-1,113,-1,98
1,<environment.Job instance at 0x7fccc1694eb0>,79,12,[10  3],80,-1,110,-1,98
1,<environment.Job instance at 0x7fccc1694fa0>,81,15,[10  1],82,-1,124,-1,109
1,<environment.Job instance at 0x7fccc1679050>,82,20,[4 5],83,-1,129,-1,109
1,<environment.Job instance at 0x7fccc0996870>,83,23,[6 5],84,-1,132,-1,109
1,<environment.Job instance at 0x7fccc04d42d0>,85,2,[ 5 13],86,-1,117,-1,115
1,<environment.Job instance at 0x7fccc0512500>,86,27,[4 6],87,-1,142,-1,115
1,<environment.Job instance at 0x7fccc09de3c0>,87,1,[4 9],88,-1,116,-1,115
1,<environment.Job instance at 0x7fccc0fcc0f0>,89,21,[9 2],90,-1,153,-1,132
1,<environment.Job instance at 0x7fccc04d0280>,92,22,[9 1],93,-1,158,-1,136
1,<environment.Job instance at 0x7fccc09ace60>,93,17,[ 2 12],94,-1,153,-1,136
1,<environment.Job instance at 0x7fccc09ac3c0>,95,15,[10  1],96,-1,156,-1,141
1,<environment.Job instance at 0x7fccc09ac1e0>,96,13,[7 5],97,-1,154,-1,141
1,<environment.Job instance at 0x7fccc09ac550>,97,13,[1 8],98,-1,154,-1,141
1,<environment.Job instance at 0x7fccc09ac870>,98,22,[8 4],99,-1,163,-1,141
1,<environment.Job instance at 0x7fccc09ac960>,99,14,[1 7],100,-1,155,-1,141
1,<environment.Job instance at 0x7fccc09aceb0>,100,13,[ 2 10],101,-1,154,-1,141
1,<environment.Job instance at 0x7fccc09acaf0>,101,22,[7 5],102,-1,163,-1,141
1,<environment.Job instance at 0x7fccc09ac8c0>,102,16,[11  3],103,-1,157,-1,141
1,<environment.Job instance at 0x7fccc09acbe0>,103,18,[ 5 10],104,-1,159,-1,141
1,<environment.Job instance at 0x7fccc1267410>,104,2,[2 6],105,-1,143,-1,141
1,<environment.Job instance at 0x7fccc09c4dc0>,105,24,[1 6],106,-1,165,-1,141
1,<environment.Job instance at 0x7fccc0fa5230>,106,16,[14  5],107,-1,157,-1,141
1,<environment.Job instance at 0x7fccc059f0a0>,108,18,[1 9],109,-1,175,-1,157
1,<environment.Job instance at 0x7fccc0227d20>,109,15,[10  4],110,-1,172,-1,157
1,<environment.Job instance at 0x7fccc09e00a0>,110,13,[ 4 10],111,-1,170,-1,157
1,<environment.Job instance at 0x7fccc05a9a00>,111,17,[3 9],112,-1,174,-1,157
1,<environment.Job instance at 0x7fccc05a9b40>,112,2,[9 1],113,-1,159,-1,157
1,<environment.Job instance at 0x7fccc05a50a0>,113,14,[1 8],114,-1,171,-1,157
1,<environment.Job instance at 0x7fccc08500a0>,114,12,[5 6],115,-1,169,-1,157
1,<environment.Job instance at 0x7fccc0864730>,115,14,[ 1 14],116,-1,171,-1,157
1,<environment.Job instance at 0x7fccc0850230>,116,12,[5 1],117,-1,169,-1,157
1,<environment.Job instance at 0x7fccc08645f0>,117,22,[12  2],118,-1,179,-1,157
1,<environment.Job instance at 0x7fccc083f6e0>,118,26,[ 2 10],119,-1,183,-1,157
1,<environment.Job instance at 0x7fccc083f370>,119,14,[12  5],120,-1,171,-1,157
1,<environment.Job instance at 0x7fccc0a82190>,120,14,[6 3],121,-1,171,-1,157
1,<environment.Job instance at 0x7fccc0a82dc0>,122,3,[1 9],123,-1,160,-1,157
1,<environment.Job instance at 0x7fccc084d3c0>,123,24,[9 3],124,-1,181,-1,157
1,<environment.Job instance at 0x7fccc084db40>,124,23,[13  5],125,-1,180,-1,157
1,<environment.Job instance at 0x7fccc084d1e0>,125,22,[ 4 10],126,-1,179,-1,157
1,<environment.Job instance at 0x7fccc084d820>,126,20,[ 2 10],127,-1,177,-1,157
1,<environment.Job instance at 0x7fccc084d960>,127,2,[12  3],128,-1,159,-1,157
1,<environment.Job instance at 0x7fccc084d500>,128,25,[3 6],129,-1,182,-1,157
1,<environment.Job instance at 0x7fccc084d6e0>,129,1,[8 4],130,-1,158,-1,157
1,<environment.Job instance at 0x7fccc084dd20>,130,13,[12  4],131,-1,170,-1,157
1,<environment.Job instance at 0x7fccc084d140>,131,27,[9 3],132,-1,184,-1,157
1,<environment.Job instance at 0x7fccc084d780>,133,18,[ 5 12],134,-1,185,-1,167
1,<environment.Job instance at 0x7fccc084de10>,134,2,[ 2 13],135,-1,169,-1,167
1,<environment.Job instance at 0x7fccc0fa0190>,135,26,[ 3 14],136,-1,193,-1,167
1,<environment.Job instance at 0x7fccc0fa0fa0>,136,15,[11  5],137,-1,182,-1,167
1,<environment.Job instance at 0x7fccc0fa0f00>,137,12,[1 7],138,-1,179,-1,167
1,<environment.Job instance at 0x7fccc0fa0c30>,138,15,[3 7],139,-1,182,-1,167
1,<environment.Job instance at 0x7fccc0846dc0>,139,25,[8 4],140,-1,192,-1,167
1,<environment.Job instance at 0x7fccc08465f0>,140,12,[1 8],141,-1,179,-1,167
1,<environment.Job instance at 0x7fccc08460f0>,141,16,[5 1],142,-1,183,-1,167
1,<environment.Job instance at 0x7fccc0846e60>,142,18,[ 4 12],143,-1,185,-1,167
1,<environment.Job instance at 0x7fccc08460a0>,143,14,[4 5],144,-1,181,-1,167
1,<environment.Job instance at 0x7fccc0857780>,144,18,[2 5],145,-1,185,-1,167
1,<environment.Job instance at 0x7fccc08576e0>,145,3,[14  5],146,-1,170,-1,167
1,<environment.Job instance at 0x7fccc0857910>,146,14,[1 7],147,-1,181,-1,167
1,<environment.Job instance at 0x7fccc08579b0>,147,15,[ 1 10],148,-1,182,-1,167
1,<environment.Job instance at 0x7fccc08572d0>,148,1,[8 1],149,-1,168,-1,167
1,<environment.Job instance at 0x7fccc0857280>,149,14,[5 7],150,-1,181,-1,167
1,<environment.Job instance at 0x7fccc0857eb0>,150,15,[6 2],151,-1,182,-1,167
1,<environment.Job instance at 0x7fccc0857dc0>,151,2,[10  4],152,-1,169,-1,167
1,<environment.Job instance at 0x7fccc0857d70>,152,26,[1 6],153,-1,193,-1,167
1,<environment.Job instance at 0x7fccc0857b90>,153,23,[5 5],154,-1,190,-1,167
1,<environment.Job instance at 0x7fccc08570a0>,154,12,[12  2],155,-1,179,-1,167
1,<environment.Job instance at 0x7fccc0857be0>,155,15,[14  2],156,-1,182,-1,167
1,<environment.Job instance at 0x7fccc0aa8e10>,156,15,[10  3],157,-1,182,-1,167
1,<environment.Job instance at 0x7fccc0835eb0>,157,15,[1 7],158,-1,184,-1,169
1,<environment.Job instance at 0x7fccc086a4b0>,159,12,[12  5],160,-1,185,-1,173
1,<environment.Job instance at 0x7fccc086a2d0>,160,12,[6 4],161,-1,185,-1,173
1,<environment.Job instance at 0x7fccc086a410>,161,22,[5 4],162,-1,195,-1,173
1,<environment.Job instance at 0x7fccc086a0f0>,162,26,[10  5],163,-1,199,-1,173
1,<environment.Job instance at 0x7fccc086a550>,163,27,[10  3],164,-1,200,-1,173
1,<environment.Job instance at 0x7fccc086a960>,164,15,[5 3],165,-1,188,-1,173
1,<environment.Job instance at 0x7fccc086ac30>,165,28,[1 7],166,-1,201,-1,173
1,<environment.Job instance at 0x7fccc085f230>,166,25,[6 4],167,-1,198,-1,173
1,<environment.Job instance at 0x7fccc086a820>,167,17,[ 2 10],168,-1,190,-1,173
1,<environment.Job instance at 0x7fccc086abe0>,168,15,[5 5],169,-1,188,-1,173
1,<environment.Job instance at 0x7fccc0869280>,169,12,[9 1],170,-1,185,-1,173
1,<environment.Job instance at 0x7fccc0869460>,170,26,[3 6],171,-1,199,-1,173
1,<environment.Job instance at 0x7fccc08690a0>,171,13,[4 7],172,-1,186,-1,173
1,<environment.Job instance at 0x7fccc0869320>,172,21,[ 1 12],173,-1,194,-1,173
1,<environment.Job instance at 0x7fccc0869960>,173,20,[3 8],174,-1,194,-1,174
1,<environment.Job instance at 0x7fccc08696e0>,174,13,[13  4],175,-1,188,-1,175
1,<environment.Job instance at 0x7fccc08693c0>,175,24,[10  4],176,-1,200,-1,176
1,<environment.Job instance at 0x7fccc0869780>,176,21,[4 7],177,-1,206,-1,185
1,<environment.Job instance at 0x7fccc0869f50>,177,17,[ 2 11],178,-1,202,-1,185
1,<environment.Job instance at 0x7fccc0869050>,179,1,[ 2 11],180,-1,186,-1,185
1,<environment.Job instance at 0x7fccc0f9a730>,180,25,[7 5],181,-1,210,-1,185
1,<environment.Job instance at 0x7fccc08676e0>,182,13,[ 2 13],183,-1,207,-1,194
1,<environment.Job instance at 0x7fccc0867cd0>,183,14,[ 1 13],184,-1,208,-1,194
1,<environment.Job instance at 0x7fccc08490a0>,184,23,[9 4],185,-1,217,-1,194
1,<environment.Job instance at 0x7fccc09b6af0>,185,28,[8 5],186,-1,222,-1,194
1,<environment.Job instance at 0x7fccc09b6320>,186,12,[5 8],187,-1,206,-1,194
1,<environment.Job instance at 0x7fccc0849320>,187,23,[8 4],188,-1,217,-1,194
1,<environment.Job instance at 0x7fccc0849b90>,188,14,[3 8],189,-1,208,-1,194
1,<environment.Job instance at 0x7fccc04beb90>,9,19,[ 5 10],10,-1,4273,-1,4254
1,<environment.Job instance at 0x7fccc09784b0>,4,17,[14  3],5,-1,5011,-1,4994
1,<environment.Job instance at 0x7fccc03f8280>,5,12,[11  5],6,-1,19,-1,7
1,<environment.Job instance at 0x7fccc03f85a0>,11,19,[ 4 11],12,-1,34,-1,15
1,<environment.Job instance at 0x7fccc03f8a00>,12,24,[9 5],13,-1,39,-1,15
1,<environment.Job instance at 0x7fccc03f8aa0>,16,3,[4 8],17,-1,50,-1,47
1,<environment.Job instance at 0x7fccc0798d20>,18,2,[1 6],19,-1,49,-1,47
1,<environment.Job instance at 0x7fccc0798d70>,19,14,[ 4 12],20,-1,61,-1,47
1,<environment.Job instance at 0x7fccc0798aa0>,21,27,[ 2 11],22,-1,74,-1,47
1,<environment.Job instance at 0x7fccc0798320>,22,3,[2 6],23,-1,50,-1,47
1,<environment.Job instance at 0x7fccc0798b40>,24,17,[ 5 11],25,-1,79,-1,62
1,<environment.Job instance at 0x7fccc0798820>,25,16,[12  1],26,-1,78,-1,62
1,<environment.Job instance at 0x7fccc0798460>,26,26,[9 2],27,-1,88,-1,62
1,<environment.Job instance at 0x7fccc0798b90>,28,20,[ 1 13],29,-1,94,-1,74
1,<environment.Job instance at 0x7fccc0798af0>,32,23,[ 3 10],33,-1,100,-1,77
1,<environment.Job instance at 0x7fccc0798a00>,34,25,[1 6],35,-1,116,-1,91
1,<environment.Job instance at 0x7fccc10d9640>,36,24,[1 9],37,-1,118,-1,94
1,<environment.Job instance at 0x7fccc10d9500>,40,1,[7 3],41,-1,118,-1,117
1,<environment.Job instance at 0x7fccc10d9550>,41,26,[13  1],42,-1,143,-1,117
1,<environment.Job instance at 0x7fccc10d94b0>,44,19,[ 5 13],45,-1,150,-1,131
1,<environment.Job instance at 0x7fccc10d93c0>,46,25,[3 9],47,-1,170,-1,145
1,<environment.Job instance at 0x7fccc10d99b0>,50,17,[ 3 10],51,-1,183,-1,166
1,<environment.Job instance at 0x7fccc10d9050>,52,13,[ 3 10],53,-1,189,-1,176
1,<environment.Job instance at 0x7fccc10d9be0>,57,13,[11  4],58,-1,219,-1,206
1,<environment.Job instance at 0x7fccc1588fa0>,59,16,[ 2 13],60,-1,222,-1,206
1,<environment.Job instance at 0x7fccc1588370>,60,1,[5 8],61,-1,207,-1,206
1,<environment.Job instance at 0x7fccc1588af0>,62,2,[9 3],63,-1,220,-1,218
1,<environment.Job instance at 0x7fccc1588a00>,65,23,[9 4],66,-1,257,-1,234
1,<environment.Job instance at 0x7fccc15889b0>,67,21,[ 5 13],68,-1,264,-1,243
1,<environment.Job instance at 0x7fccc15885a0>,68,1,[10  1],69,-1,244,-1,243
1,<environment.Job instance at 0x7fccc1588dc0>,69,17,[11  2],70,-1,260,-1,243
1,<environment.Job instance at 0x7fccc1588cd0>,71,2,[5 9],72,-1,254,-1,252
1,<environment.Job instance at 0x7fccc1588640>,72,28,[10  3],73,-1,280,-1,252
1,<environment.Job instance at 0x7fccc1588280>,73,28,[10  4],74,-1,280,-1,252
1,<environment.Job instance at 0x7fccc1588960>,75,25,[5 7],76,-1,282,-1,257
1,<environment.Job instance at 0x7fccc15888c0>,76,16,[13  3],77,-1,273,-1,257
1,<environment.Job instance at 0x7fccca08ab40>,82,28,[3 8],83,-1,335,-1,307
1,<environment.Job instance at 0x7fccca08a4b0>,83,18,[ 1 14],84,-1,325,-1,307
1,<environment.Job instance at 0x7fccca08a6e0>,86,16,[12  2],87,-1,326,-1,310
1,<environment.Job instance at 0x7fccca08aaa0>,87,12,[11  2],88,-1,322,-1,310
1,<environment.Job instance at 0x7fccca08a410>,90,21,[11  1],91,-1,347,-1,326
1,<environment.Job instance at 0x7fccca08a640>,91,1,[ 5 10],92,-1,327,-1,326
1,<environment.Job instance at 0x7fccca08a8c0>,92,24,[8 3],93,-1,350,-1,326
1,<environment.Job instance at 0x7fccc15672d0>,93,14,[11  2],94,-1,340,-1,326
1,<environment.Job instance at 0x7fccc15670f0>,94,23,[ 5 10],95,-1,349,-1,326
1,<environment.Job instance at 0x7fccc1567a50>,95,25,[ 2 14],96,-1,351,-1,326
1,<environment.Job instance at 0x7fccc1567c30>,96,12,[ 3 13],97,-1,338,-1,326
1,<environment.Job instance at 0x7fccc1567050>,106,13,[11  2],107,-1,420,-1,407
1,<environment.Job instance at 0x7fccc1567460>,107,13,[12  3],108,-1,420,-1,407
1,<environment.Job instance at 0x7fccc1567fa0>,111,24,[14  3],112,-1,444,-1,420
1,<environment.Job instance at 0x7fccc1567d20>,112,25,[ 5 10],113,-1,445,-1,420
1,<environment.Job instance at 0x7fccc16ba460>,113,16,[ 3 12],114,-1,436,-1,420
1,<environment.Job instance at 0x7fccc16ba730>,120,18,[ 5 12],121,-1,500,-1,482
1,<environment.Job instance at 0x7fccc0e95e60>,127,26,[5 5],128,-1,542,-1,516
1,<environment.Job instance at 0x7fccc104f780>,129,23,[7 1],130,-1,547,-1,524
1,<environment.Job instance at 0x7fccc10010a0>,130,14,[12  4],131,-1,538,-1,524
1,<environment.Job instance at 0x7fccc0e95910>,132,25,[6 3],133,-1,567,-1,542
1,<environment.Job instance at 0x7fccc0e4fc80>,135,12,[13  4],136,-1,564,-1,552
1,<environment.Job instance at 0x7fccc0e4f6e0>,136,28,[5 4],137,-1,580,-1,552
1,<environment.Job instance at 0x7fccc0e4f910>,137,2,[3 8],138,-1,557,-1,555
1,<environment.Job instance at 0x7fccc0e4f7d0>,138,27,[6 3],139,-1,582,-1,555
1,<environment.Job instance at 0x7fccc1705870>,139,2,[14  3],140,-1,557,-1,555
1,<environment.Job instance at 0x7fccc0ed3320>,140,25,[14  5],141,-1,580,-1,555
1,<environment.Job instance at 0x7fccc0678be0>,141,2,[ 2 12],142,-1,557,-1,555
1,<environment.Job instance at 0x7fccc053c500>,142,28,[7 1],143,-1,583,-1,555
1,<environment.Job instance at 0x7fccc0ea3e10>,143,18,[ 3 14],144,-1,573,-1,555
1,<environment.Job instance at 0x7fccc0ea3960>,145,16,[ 1 14],146,-1,574,-1,558
1,<environment.Job instance at 0x7fccc0e4f190>,146,26,[3 8],147,-1,584,-1,558
1,<environment.Job instance at 0x7fccc0a2f3c0>,147,26,[10  5],148,-1,584,-1,558
1,<environment.Job instance at 0x7fccc1139050>,149,16,[12  4],150,-1,585,-1,569
1,<environment.Job instance at 0x7fccc07591e0>,152,24,[5 8],153,-1,602,-1,578
1,<environment.Job instance at 0x7fccc0a3a230>,161,23,[8 4],162,-1,698,-1,675
1,<environment.Job instance at 0x7fccc06f5b40>,169,25,[8 3],170,-1,758,-1,733
1,<environment.Job instance at 0x7fccc06f5d70>,170,15,[11  1],171,-1,748,-1,733
1,<environment.Job instance at 0x7fccca2bdcd0>,174,28,[8 5],185,-1,779,-1,751
1,<environment.Job instance at 0x7fccc002e910>,7,2,[5 7],8,-1,13,-1,11
1,<environment.Job instance at 0x7fccc002e9b0>,10,27,[ 2 10],11,-1,52,-1,25
1,<environment.Job instance at 0x7fccc002eaa0>,11,16,[ 1 12],12,-1,41,-1,25
1,<environment.Job instance at 0x7fccc002ea50>,12,15,[13  4],13,-1,40,-1,25
1,<environment.Job instance at 0x7fccc002ebe0>,13,2,[ 1 13],14,-1,27,-1,25
1,<environment.Job instance at 0x7fccc16bb7d0>,15,28,[ 2 14],16,-1,70,-1,42
1,<environment.Job instance at 0x7fccc16bb190>,16,28,[5 1],17,-1,70,-1,42
1,<environment.Job instance at 0x7fccc123d050>,19,21,[ 1 11],20,-1,69,-1,48
1,<environment.Job instance at 0x7fccc123d960>,20,21,[9 1],21,-1,152,-1,131
1,<environment.Job instance at 0x7fccca29b460>,30,15,[14  1],31,-1,146,-1,131
1,<environment.Job instance at 0x7fccc020a370>,34,26,[ 4 10],35,-1,193,-1,167
1,<environment.Job instance at 0x7fccc1048dc0>,38,25,[5 5],39,-1,199,-1,174
1,<environment.Job instance at 0x7fccc0976190>,39,26,[2 9],40,-1,200,-1,174
1,<environment.Job instance at 0x7fccc0770a50>,41,15,[12  4],42,-1,204,-1,189
1,<environment.Job instance at 0x7fccc9e7b5a0>,42,27,[10  3],43,-1,216,-1,189
1,<environment.Job instance at 0x7fccc03654b0>,43,1,[ 1 11],44,-1,190,-1,189
1,<environment.Job instance at 0x7fccc0770730>,44,18,[ 2 12],45,-1,207,-1,189
1,<environment.Job instance at 0x7fccc1099140>,45,22,[ 2 11],46,-1,211,-1,189
1,<environment.Job instance at 0x7fccc10992d0>,46,23,[8 4],47,-1,212,-1,189
1,<environment.Job instance at 0x7fccc1099690>,47,1,[2 5],48,-1,190,-1,189
1,<environment.Job instance at 0x7fccc1099b40>,48,28,[ 4 10],49,-1,217,-1,189
1,<environment.Job instance at 0x7fccc10019b0>,55,27,[ 2 10],56,-1,260,-1,233
1,<environment.Job instance at 0x7fccc0985960>,57,1,[11  5],58,-1,239,-1,238
1,<environment.Job instance at 0x7fccc09855f0>,58,14,[ 5 14],59,-1,252,-1,238
1,<environment.Job instance at 0x7fccc0985730>,60,25,[9 2],61,-1,273,-1,248
1,<environment.Job instance at 0x7fccc0b0c820>,62,2,[ 5 13],63,-1,252,-1,250
1,<environment.Job instance at 0x7fccc0b0c0a0>,65,13,[ 5 13],66,-1,278,-1,265
1,<environment.Job instance at 0x7fccc0b0cf00>,68,24,[5 1],69,-1,306,-1,282
1,<environment.Job instance at 0x7fccc0b0c190>,69,13,[ 5 12],70,-1,295,-1,282
1,<environment.Job instance at 0x7fccc0459b90>,75,21,[ 3 14],76,-1,342,-1,321
1,<environment.Job instance at 0x7fccc079bcd0>,79,21,[13  5],80,-1,381,-1,360
1,<environment.Job instance at 0x7fccc0f00460>,81,3,[9 4],82,-1,382,-1,379
1,<environment.Job instance at 0x7fccc0f00780>,82,2,[7 5],83,-1,381,-1,379
1,<environment.Job instance at 0x7fccc0f00eb0>,85,28,[ 1 13],86,-1,414,-1,386
1,<environment.Job instance at 0x7fccc0f00820>,86,19,[ 5 14],87,-1,405,-1,386
1,<environment.Job instance at 0x7fccc0f00140>,87,12,[10  1],88,-1,405,-1,393
1,<environment.Job instance at 0x7fccc0feaaa0>,89,2,[ 4 14],90,-1,398,-1,396
1,<environment.Job instance at 0x7fccc0fea780>,90,18,[14  4],91,-1,414,-1,396
1,<environment.Job instance at 0x7fccc0fea370>,91,18,[ 3 11],92,-1,414,-1,396
1,<environment.Job instance at 0x7fccc0fead70>,92,12,[ 1 10],93,-1,408,-1,396
1,<environment.Job instance at 0x7fccc0fea410>,93,26,[ 2 11],94,-1,422,-1,396
1,<environment.Job instance at 0x7fccc0feae60>,94,13,[13  4],95,-1,409,-1,396
1,<environment.Job instance at 0x7fccc0f38960>,97,13,[12  4],98,-1,421,-1,408
1,<environment.Job instance at 0x7fccc0539a00>,98,17,[ 5 13],99,-1,425,-1,408
1,<environment.Job instance at 0x7fccc0f38b40>,99,16,[ 5 14],100,-1,424,-1,408
1,<environment.Job instance at 0x7fccc0623e60>,100,25,[5 8],101,-1,433,-1,408
1,<environment.Job instance at 0x7fccc06230a0>,102,17,[ 2 14],103,-1,425,-1,408
1,<environment.Job instance at 0x7fccc0ff6960>,103,18,[11  3],104,-1,432,-1,414
1,<environment.Job instance at 0x7fccc0645eb0>,108,24,[11  3],109,-1,460,-1,436
1,<environment.Job instance at 0x7fccc04f7eb0>,109,15,[ 5 12],110,-1,451,-1,436
1,<environment.Job instance at 0x7fccc04f75f0>,110,26,[ 1 12],111,-1,462,-1,436
1,<environment.Job instance at 0x7fccbfec8730>,112,25,[1 8],113,-1,464,-1,439
1,<environment.Job instance at 0x7fccca2c9dc0>,113,27,[ 3 12],114,-1,466,-1,439
1,<environment.Job instance at 0x7fccbfeec5f0>,115,13,[12  4],116,-1,462,-1,449
1,<environment.Job instance at 0x7fccbfeec910>,117,28,[11  4],118,-1,488,-1,460
1,<environment.Job instance at 0x7fccbff47230>,118,26,[5 7],119,-1,486,-1,460
1,<environment.Job instance at 0x7fccc0134050>,119,2,[5 1],120,-1,462,-1,460
1,<environment.Job instance at 0x7fccbff47d20>,120,16,[11  2],121,-1,478,-1,462
1,<environment.Job instance at 0x7fccc119da00>,122,13,[13  2],123,-1,491,-1,478
1,<environment.Job instance at 0x7fccc0134d70>,124,15,[ 5 12],125,-1,513,-1,498
1,<environment.Job instance at 0x7fccbfedfa50>,135,15,[12  2],136,-1,607,-1,592
1,<environment.Job instance at 0x7fccbfedf6e0>,137,1,[4 5],138,-1,594,-1,593
1,<environment.Job instance at 0x7fccbffae0a0>,139,15,[ 3 13],140,-1,628,-1,613
1,<environment.Job instance at 0x7fccc03df640>,143,13,[ 5 11],144,-1,664,-1,651
1,<environment.Job instance at 0x7fccc0e7fb40>,145,24,[8 4],146,-1,675,-1,651
1,<environment.Job instance at 0x7fccbff4e2d0>,149,3,[7 5],150,-1,684,-1,681
1,<environment.Job instance at 0x7fccbff4e190>,151,26,[6 1],152,-1,710,-1,684
1,<environment.Job instance at 0x7fccc002f140>,152,3,[ 5 14],153,-1,687,-1,684
1,<environment.Job instance at 0x7fccc002f640>,153,18,[14  4],154,-1,702,-1,684
1,<environment.Job instance at 0x7fccc002fd20>,154,14,[14  4],168,-1,698,-1,684
1,<environment.Job instance at 0x7fccc06a2cd0>,155,3,[4 8],169,-1,689,-1,686
1,<environment.Job instance at 0x7fccbfe86f00>,158,15,[ 3 13],176,-1,722,-1,707
1,<environment.Job instance at 0x7fccc0246460>,2,25,[10  5],3,-1,28,-1,3
1,<environment.Job instance at 0x7fccbff4d5a0>,6,28,[4 6],7,-1,36,-1,8
1,<environment.Job instance at 0x7fccc0b388c0>,26,15,[ 3 11],27,-1,139,-1,124
1,<environment.Job instance at 0x7fccc0b38960>,27,24,[1 5],28,-1,148,-1,124
1,<environment.Job instance at 0x7fccc0b38870>,28,23,[6 3],29,-1,147,-1,124
1,<environment.Job instance at 0x7fccc0b38a00>,29,16,[ 2 13],30,-1,140,-1,124
1,<environment.Job instance at 0x7fccc0b38aa0>,30,21,[ 4 13],31,-1,145,-1,124
1,<environment.Job instance at 0x7fccc0b38be0>,32,14,[ 2 10],33,-1,156,-1,142
1,<environment.Job instance at 0x7fccc0b38cd0>,33,27,[13  3],34,-1,169,-1,142
1,<environment.Job instance at 0x7fccc0b38b90>,34,24,[3 9],35,-1,166,-1,142
1,<environment.Job instance at 0x7fccc0b38d70>,35,2,[5 7],36,-1,144,-1,142
1,<environment.Job instance at 0x7fccc0b38e10>,36,23,[14  1],37,-1,165,-1,142
1,<environment.Job instance at 0x7fccc0b38fa0>,37,27,[11  2],38,-1,169,-1,142
1,<environment.Job instance at 0x7fccc0b38f00>,38,14,[9 1],39,-1,156,-1,142
1,<environment.Job instance at 0x7fccc09f4230>,39,12,[10  4],40,-1,154,-1,142
1,<environment.Job instance at 0x7fccc09f4050>,40,22,[ 3 14],41,-1,164,-1,142
1,<environment.Job instance at 0x7fccc09f4370>,41,15,[13  2],42,-1,157,-1,142
1,<environment.Job instance at 0x7fccc09f4410>,42,16,[11  3],43,-1,158,-1,142
1,<environment.Job instance at 0x7fccc09f44b0>,43,15,[ 1 10],44,-1,157,-1,142
1,<environment.Job instance at 0x7fccc09f4550>,44,17,[5 1],45,-1,159,-1,142
1,<environment.Job instance at 0x7fccc09f4690>,46,16,[13  2],47,-1,174,-1,158
1,<environment.Job instance at 0x7fccc09f4b90>,52,28,[13  5],53,-1,239,-1,211
1,<environment.Job instance at 0x7fccc09f4aa0>,53,27,[6 1],54,-1,238,-1,211
1,<environment.Job instance at 0x7fccc09f4cd0>,55,17,[ 5 11],56,-1,228,-1,211
1,<environment.Job instance at 0x7fccc09f4e10>,57,19,[ 5 10],58,-1,237,-1,218
1,<environment.Job instance at 0x7fccc09f4f50>,59,24,[14  3],60,-1,249,-1,225
1,<environment.Job instance at 0x7fccc09f4af0>,60,16,[ 1 14],61,-1,241,-1,225
1,<environment.Job instance at 0x7fccc09f4d70>,61,24,[10  2],62,-1,249,-1,225
1,<environment.Job instance at 0x7fccc0a27190>,62,2,[3 6],63,-1,227,-1,225
1,<environment.Job instance at 0x7fccc0a27230>,63,3,[ 2 14],64,-1,228,-1,225
1,<environment.Job instance at 0x7fccc0a27550>,65,19,[11  3],66,-1,259,-1,240
1,<environment.Job instance at 0x7fccc0a274b0>,66,18,[ 5 11],67,-1,258,-1,240
1,<environment.Job instance at 0x7fccc0a275f0>,67,21,[12  1],68,-1,261,-1,240
1,<environment.Job instance at 0x7fccc0a27690>,68,18,[12  4],69,-1,258,-1,240
1,<environment.Job instance at 0x7fccc0a27730>,69,26,[1 9],70,-1,266,-1,240
1,<environment.Job instance at 0x7fccc0a277d0>,70,3,[10  4],71,-1,243,-1,240
1,<environment.Job instance at 0x7fccc0a27910>,72,26,[13  5],73,-1,279,-1,253
1,<environment.Job instance at 0x7fccc0a279b0>,73,25,[13  3],74,-1,278,-1,253
1,<environment.Job instance at 0x7fccc0a27a50>,74,22,[ 5 10],75,-1,275,-1,253
1,<environment.Job instance at 0x7fccc0a27af0>,75,13,[ 3 12],76,-1,266,-1,253
1,<environment.Job instance at 0x7fccc0a27b90>,76,15,[ 1 10],77,-1,271,-1,256
1,<environment.Job instance at 0x7fccc0a27c30>,77,26,[3 8],78,-1,282,-1,256
1,<environment.Job instance at 0x7fccc0a27cd0>,78,16,[ 5 12],79,-1,272,-1,256
1,<environment.Job instance at 0x7fccc0a27d70>,79,24,[13  4],80,-1,280,-1,256
1,<environment.Job instance at 0x7fccc0a27e10>,80,27,[8 2],81,-1,283,-1,256
1,<environment.Job instance at 0x7fccc0a27f50>,82,27,[4 5],83,-1,283,-1,256
1,<environment.Job instance at 0x7fccc0a273c0>,83,16,[12  2],84,-1,272,-1,256
1,<environment.Job instance at 0x7fccc09fe370>,88,26,[ 3 12],89,-1,296,-1,270
1,<environment.Job instance at 0x7fccc09fe410>,89,26,[9 2],90,-1,296,-1,270
1,<environment.Job instance at 0x7fccc09fe4b0>,90,12,[ 2 10],91,-1,282,-1,270
1,<environment.Job instance at 0x7fccc09fe640>,91,16,[13  4],92,-1,286,-1,270
1,<environment.Job instance at 0x7fccc09fe5a0>,92,28,[2 7],93,-1,298,-1,270
1,<environment.Job instance at 0x7fccc09fe960>,95,17,[ 3 13],96,-1,305,-1,288
1,<environment.Job instance at 0x7fccc09fea00>,96,28,[3 7],97,-1,316,-1,288
1,<environment.Job instance at 0x7fccc09feaa0>,97,20,[11  2],98,-1,308,-1,288
1,<environment.Job instance at 0x7fccc0b38640>,25,18,[ 1 12],26,-1,317,-1,299
1,<environment.Job instance at 0x7fccc09fec80>,100,14,[ 4 10],101,-1,313,-1,299
1,<environment.Job instance at 0x7fccc09fedc0>,102,14,[ 5 13],103,-1,313,-1,299
1,<environment.Job instance at 0x7fccc09f81e0>,107,20,[11  4],108,-1,359,-1,339
1,<environment.Job instance at 0x7fccc09f8870>,114,27,[10  1],115,-1,425,-1,398
1,<environment.Job instance at 0x7fccc09f8690>,116,1,[10  5],117,-1,399,-1,398
1,<environment.Job instance at 0x7fccc09f8960>,118,21,[ 1 10],119,-1,441,-1,420
1,<environment.Job instance at 0x7fccc09f8be0>,122,25,[8 5],123,-1,456,-1,431
1,<environment.Job instance at 0x7fccc09f8c80>,123,2,[14  3],124,-1,433,-1,431
1,<environment.Job instance at 0x7fccc09f8f50>,124,24,[13  5],125,-1,455,-1,431
1,<environment.Job instance at 0x7fccc09f8eb0>,126,14,[ 1 10],127,-1,461,-1,447
1,<environment.Job instance at 0x7fccc0b4f0f0>,130,12,[14  1],131,-1,480,-1,468
1,<environment.Job instance at 0x7fccc08194b0>,132,13,[11  4],133,-1,495,-1,482
1,<environment.Job instance at 0x7fccc0b411e0>,137,15,[ 4 13],138,-1,532,-1,517
1,<environment.Job instance at 0x7fccc0b41780>,139,13,[11  4],140,-1,544,-1,531
1,<environment.Job instance at 0x7fccc1127a50>,149,2,[5 7],150,-1,616,-1,614
1,<environment.Job instance at 0x7fccc0252320>,152,23,[12  3],153,-1,652,-1,629
1,<environment.Job instance at 0x7fccc02523c0>,153,28,[4 7],154,-1,657,-1,629
1,<environment.Job instance at 0x7fccc08d9be0>,156,16,[11  4],157,-1,663,-1,647
1,<environment.Job instance at 0x7fccc0cf8f50>,157,24,[1 7],158,-1,677,-1,653
1,<environment.Job instance at 0x7fccc0235320>,159,17,[13  2],160,-1,670,-1,653
1,<environment.Job instance at 0x7fccc08e1870>,160,1,[3 9],161,-1,654,-1,653
1,<environment.Job instance at 0x7fccc08e1d20>,161,23,[13  4],162,-1,676,-1,653
1,<environment.Job instance at 0x7fccc08b7500>,163,26,[1 9],164,-1,679,-1,653
1,<environment.Job instance at 0x7fccc08b7e60>,164,25,[5 4],165,-1,678,-1,653
1,<environment.Job instance at 0x7fccc08b7410>,165,22,[ 2 10],166,-1,678,-1,656
1,<environment.Job instance at 0x7fccc16e0370>,168,12,[13  4],169,-1,679,-1,667
1,<environment.Job instance at 0x7fccc0ceac80>,169,18,[14  2],176,-1,685,-1,667
1,<environment.Job instance at 0x7fccc0cebd20>,10,15,[12  4],11,-1,33,-1,18
1,<environment.Job instance at 0x7fccc0ceb280>,15,14,[13  2],16,-1,68,-1,54
1,<environment.Job instance at 0x7fccc0ceb140>,16,28,[ 1 14],17,-1,82,-1,54
1,<environment.Job instance at 0x7fccc0ceb6e0>,17,18,[ 2 14],18,-1,72,-1,54
1,<environment.Job instance at 0x7fccc0cebe10>,18,25,[ 4 10],19,-1,79,-1,54
1,<environment.Job instance at 0x7fccc0cebcd0>,19,24,[11  5],20,-1,78,-1,54
1,<environment.Job instance at 0x7fccc0ceb500>,22,27,[2 9],23,-1,94,-1,67
1,<environment.Job instance at 0x7fccc129a1e0>,26,13,[ 2 14],27,-1,107,-1,94
1,<environment.Job instance at 0x7fccc129a190>,27,23,[10  1],28,-1,117,-1,94
1,<environment.Job instance at 0x7fccc129a690>,29,14,[14  4],30,-1,121,-1,107
1,<environment.Job instance at 0x7fccc129a280>,30,13,[ 5 14],31,-1,120,-1,107
1,<environment.Job instance at 0x7fccc129a730>,31,27,[3 9],32,-1,134,-1,107
1,<environment.Job instance at 0x7fccc129aa00>,32,28,[3 8],33,-1,135,-1,107
1,<environment.Job instance at 0x7fccc129a0a0>,33,23,[ 5 10],34,-1,130,-1,107
1,<environment.Job instance at 0x7fccc129aa50>,34,17,[ 1 11],35,-1,124,-1,107
1,<environment.Job instance at 0x7fccc129a9b0>,36,1,[ 4 13],37,-1,108,-1,107
1,<environment.Job instance at 0x7fccc129a230>,37,14,[ 5 13],38,-1,121,-1,107
1,<environment.Job instance at 0x7fccc0ed2af0>,39,1,[ 1 14],40,-1,121,-1,120
1,<environment.Job instance at 0x7fccc0ed2a50>,44,16,[13  2],45,-1,155,-1,139
1,<environment.Job instance at 0x7fccc0ed2550>,45,14,[ 2 13],46,-1,153,-1,139
1,<environment.Job instance at 0x7fccc0ed2b90>,46,18,[13  1],47,-1,157,-1,139
1,<environment.Job instance at 0x7fccc0ed20f0>,47,21,[ 2 12],48,-1,160,-1,139
1,<environment.Job instance at 0x7fccc0ed20a0>,49,26,[13  3],50,-1,183,-1,157
1,<environment.Job instance at 0x7fccc0ed27d0>,50,24,[12  5],51,-1,181,-1,157
1,<environment.Job instance at 0x7fccc0ed2410>,52,27,[7 3],53,-1,184,-1,157
1,<environment.Job instance at 0x7fccc0b3d050>,56,21,[11  1],57,-1,205,-1,184
1,<environment.Job instance at 0x7fccc02082d0>,58,18,[11  1],59,-1,222,-1,204
1,<environment.Job instance at 0x7fccc0208b90>,62,13,[ 1 12],63,-1,230,-1,217
1,<environment.Job instance at 0x7fccc0322cd0>,69,24,[ 2 12],70,-1,292,-1,268
1,<environment.Job instance at 0x7fccc0322fa0>,75,25,[3 6],76,-1,324,-1,299
1,<environment.Job instance at 0x7fccc0322690>,77,16,[ 5 12],78,-1,327,-1,311
1,<environment.Job instance at 0x7fccc11e10f0>,80,12,[11  4],81,-1,331,-1,319
1,<environment.Job instance at 0x7fccc37390a0>,82,2,[12  3],83,-1,331,-1,329
1,<environment.Job instance at 0x7fccc0322d70>,83,14,[14  2],84,-1,343,-1,329
1,<environment.Job instance at 0x7fccc118baa0>,84,13,[12  4],85,-1,342,-1,329
1,<environment.Job instance at 0x7fccc0322f50>,90,18,[ 4 12],91,-1,390,-1,372
1,<environment.Job instance at 0x7fccc03f8730>,91,24,[ 3 11],92,-1,396,-1,372
1,<environment.Job instance at 0x7fccc0d41690>,95,12,[13  3],96,-1,398,-1,386
1,<environment.Job instance at 0x7fccc0e59e10>,98,27,[12  3],99,-1,432,-1,405
1,<environment.Job instance at 0x7fccc11ef190>,100,26,[ 4 11],101,-1,434,-1,408
1,<environment.Job instance at 0x7fccc11efb90>,103,24,[ 5 12],104,-1,442,-1,418
1,<environment.Job instance at 0x7fccc11ef410>,105,3,[ 3 12],106,-1,421,-1,418
1,<environment.Job instance at 0x7fccc162cb90>,107,14,[14  5],108,-1,445,-1,431
1,<environment.Job instance at 0x7fccc13b6910>,108,14,[ 3 12],109,-1,445,-1,431
1,<environment.Job instance at 0x7fccca2c2e60>,110,19,[ 4 11],111,-1,453,-1,434
1,<environment.Job instance at 0x7fccc0d93410>,119,13,[ 1 11],120,-1,518,-1,505
1,<environment.Job instance at 0x7fccc0118a00>,121,24,[ 4 11],122,-1,530,-1,506
1,<environment.Job instance at 0x7fccc1122640>,122,24,[4 8],123,-1,530,-1,506
1,<environment.Job instance at 0x7fccc1212cd0>,128,1,[3 7],129,-1,545,-1,544
1,<environment.Job instance at 0x7fccc1212410>,129,26,[8 5],130,-1,570,-1,544
1,<environment.Job instance at 0x7fccc1212820>,132,18,[12  1],133,-1,578,-1,560
1,<environment.Job instance at 0x7fccc1212690>,135,2,[7 5],136,-1,577,-1,575
1,<environment.Job instance at 0x7fccc1212f50>,138,12,[11  4],139,-1,613,-1,601
1,<environment.Job instance at 0x7fccc10e8cd0>,139,3,[ 1 12],140,-1,604,-1,601
1,<environment.Job instance at 0x7fccc10e8140>,140,14,[12  1],141,-1,615,-1,601
1,<environment.Job instance at 0x7fccc10e8fa0>,145,17,[ 1 11],146,-1,637,-1,620
1,<environment.Job instance at 0x7fccc10e8e60>,147,18,[12  5],148,-1,641,-1,623
1,<environment.Job instance at 0x7fccc10e8730>,148,20,[13  1],149,-1,643,-1,623
1,<environment.Job instance at 0x7fccc10e85a0>,149,17,[ 5 13],150,-1,640,-1,623
1,<environment.Job instance at 0x7fccc10e86e0>,151,23,[4 8],152,-1,663,-1,640
1,<environment.Job instance at 0x7fccc10e8aa0>,154,26,[2 8],155,-1,673,-1,647
1,<environment.Job instance at 0x7fccc10e8780>,156,13,[12  5],157,-1,673,-1,660
1,<environment.Job instance at 0x7fccc10e81e0>,158,14,[ 2 11],159,-1,674,-1,660
1,<environment.Job instance at 0x7fccc0e25e10>,162,26,[6 5],163,-1,707,-1,681
1,<environment.Job instance at 0x7fccc0e250f0>,164,22,[13  2],165,-1,710,-1,688
1,<environment.Job instance at 0x7fccc0e25370>,168,24,[4 5],169,-1,746,-1,722
1,<environment.Job instance at 0x7fccc0e25a00>,169,28,[ 3 11],170,-1,750,-1,722
1,<environment.Job instance at 0x7fccc0e25050>,172,19,[ 2 12],173,-1,741,-1,722
1,<environment.Job instance at 0x7fccc0c4dc80>,175,14,[ 1 11],185,-1,739,-1,725
1,<environment.Job instance at 0x7fccca1f51e0>,176,25,[ 5 11],186,-1,750,-1,725
1,<environment.Job instance at 0x7fccbffbdd20>,8,28,[11  4],9,-1,47,-1,19
1,<environment.Job instance at 0x7fccbffbda50>,9,1,[4 9],10,-1,20,-1,19
1,<environment.Job instance at 0x7fccbffbd2d0>,10,12,[ 4 14],11,-1,31,-1,19
1,<environment.Job instance at 0x7fccbffbd1e0>,15,28,[1 7],16,-1,77,-1,49
1,<environment.Job instance at 0x7fccbffbdc80>,17,18,[13  2],18,-1,80,-1,62
1,<environment.Job instance at 0x7fccbffbd820>,22,27,[8 5],23,-1,123,-1,96
1,<environment.Job instance at 0x7fccc115ffa0>,24,25,[ 1 12],25,-1,121,-1,96
1,<environment.Job instance at 0x7fccc115f8c0>,27,20,[14  5],28,-1,131,-1,111
1,<environment.Job instance at 0x7fccc115fcd0>,28,25,[ 3 12],29,-1,136,-1,111
1,<environment.Job instance at 0x7fccc115f2d0>,29,14,[13  1],30,-1,125,-1,111
1,<environment.Job instance at 0x7fccc115feb0>,31,13,[ 2 12],32,-1,125,-1,112
1,<environment.Job instance at 0x7fccc115f6e0>,35,16,[12  2],36,-1,153,-1,137
1,<environment.Job instance at 0x7fccc0ecb1e0>,36,16,[14  1],37,-1,153,-1,137
1,<environment.Job instance at 0x7fccc0ecb370>,37,3,[ 2 13],38,-1,140,-1,137
1,<environment.Job instance at 0x7fccc0ecb910>,39,1,[7 5],40,-1,148,-1,147
1,<environment.Job instance at 0x7fccc0ecbfa0>,41,26,[13  3],42,-1,176,-1,150
1,<environment.Job instance at 0x7fccc0ecbaa0>,42,15,[ 2 11],43,-1,165,-1,150
1,<environment.Job instance at 0x7fccc0ecb0f0>,44,17,[14  1],45,-1,187,-1,170
1,<environment.Job instance at 0x7fccc0ecbdc0>,48,15,[ 3 11],49,-1,213,-1,198
1,<environment.Job instance at 0x7fccc0dd50f0>,49,20,[ 4 12],50,-1,218,-1,198
1,<environment.Job instance at 0x7fccc0ecbd20>,50,28,[5 8],51,-1,226,-1,198
1,<environment.Job instance at 0x7fccc0dd5280>,51,17,[ 3 14],52,-1,215,-1,198
1,<environment.Job instance at 0x7fccc0dd5690>,52,27,[ 3 10],53,-1,225,-1,198
1,<environment.Job instance at 0x7fccc0dd57d0>,63,2,[ 5 11],64,-1,298,-1,296
1,<environment.Job instance at 0x7fccc0fee960>,70,24,[14  3],71,-1,371,-1,347
1,<environment.Job instance at 0x7fccc0fee230>,73,2,[13  4],74,-1,364,-1,362
1,<environment.Job instance at 0x7fccc0fee820>,74,22,[12  2],75,-1,384,-1,362
1,<environment.Job instance at 0x7fccc0fee3c0>,76,17,[14  5],77,-1,382,-1,365
1,<environment.Job instance at 0x7fccc0fee280>,77,28,[ 3 11],78,-1,393,-1,365
1,<environment.Job instance at 0x7fccc0fee4b0>,78,12,[ 2 14],79,-1,377,-1,365
1,<environment.Job instance at 0x7fccc0feebe0>,79,18,[14  4],80,-1,383,-1,365
1,<environment.Job instance at 0x7fccc0feea50>,80,14,[12  5],81,-1,380,-1,366
1,<environment.Job instance at 0x7fccc0fee550>,81,28,[9 4],82,-1,394,-1,366
1,<environment.Job instance at 0x7fccc0fee780>,82,28,[13  4],83,-1,394,-1,366
1,<environment.Job instance at 0x7fccc0fee730>,83,16,[ 3 13],84,-1,382,-1,366
1,<environment.Job instance at 0x7fccc0feeb40>,85,16,[ 2 13],86,-1,382,-1,366
1,<environment.Job instance at 0x7fccc0efbd70>,89,18,[ 4 12],90,-1,417,-1,399
1,<environment.Job instance at 0x7fccc0efb4b0>,95,23,[ 4 10],96,-1,453,-1,430
1,<environment.Job instance at 0x7fccc0efb410>,101,14,[14  1],102,-1,499,-1,485
1,<environment.Job instance at 0x7fccc0efb730>,102,24,[8 5],103,-1,512,-1,488
1,<environment.Job instance at 0x7fccc0df0a50>,107,17,[ 5 13],108,-1,521,-1,504
1,<environment.Job instance at 0x7fccc0df0d20>,108,26,[ 3 14],109,-1,530,-1,504
1,<environment.Job instance at 0x7fccc0df0550>,121,15,[ 2 12],122,-1,626,-1,611
1,<environment.Job instance at 0x7fccc08970a0>,130,12,[14  4],131,-1,665,-1,653
1,<environment.Job instance at 0x7fccc0897dc0>,131,28,[5 5],132,-1,681,-1,653
1,<environment.Job instance at 0x7fccc0fa5820>,138,3,[ 2 11],139,-1,707,-1,704
1,<environment.Job instance at 0x7fccc1238370>,139,26,[1 9],140,-1,753,-1,727
1,<environment.Job instance at 0x7fccc09de370>,142,28,[5 3],143,-1,755,-1,727
1,<environment.Job instance at 0x7fccbffbcfa0>,147,24,[ 2 13],148,-1,787,-1,763
1,<environment.Job instance at 0x7fccc1459870>,155,20,[14  4],156,-1,839,-1,819
1,<environment.Job instance at 0x7fccc0448fa0>,156,22,[ 1 14],157,-1,841,-1,819
1,<environment.Job instance at 0x7fccc15ebaf0>,159,27,[4 9],160,-1,860,-1,833
1,<environment.Job instance at 0x7fccc1531b40>,160,16,[ 4 13],161,-1,849,-1,833
1,<environment.Job instance at 0x7fccc0c413c0>,162,16,[14  2],163,-1,849,-1,833
1,<environment.Job instance at 0x7fccc0ff6f50>,163,12,[14  2],164,-1,845,-1,833
1,<environment.Job instance at 0x7fccc02462d0>,165,16,[14  4],172,-1,854,-1,838
1,<environment.Job instance at 0x7fccc0950eb0>,4,25,[ 5 12],5,-1,30,-1,5
1,<environment.Job instance at 0x7fccc06407d0>,6,15,[ 3 14],7,-1,22,-1,7
1,<environment.Job instance at 0x7fccc06406e0>,9,1,[10  1],10,-1,11,-1,10
1,<environment.Job instance at 0x7fccc0640b90>,10,24,[7 1],11,-1,36,-1,12
1,<environment.Job instance at 0x7fccc0640d20>,12,18,[ 5 13],13,-1,31,-1,13
1,<environment.Job instance at 0x7fccc06401e0>,15,28,[1 5],16,-1,46,-1,18
1,<environment.Job instance at 0x7fccc0640870>,19,12,[12  3],20,-1,48,-1,36
1,<environment.Job instance at 0x7fccc15fe370>,22,25,[4 5],23,-1,81,-1,56
1,<environment.Job instance at 0x7fccc15fe410>,23,25,[10  3],24,-1,81,-1,56
1,<environment.Job instance at 0x7fccc15fec30>,25,28,[13  4],26,-1,95,-1,67
1,<environment.Job instance at 0x7fccc15fe140>,26,20,[13  2],27,-1,87,-1,67
1,<environment.Job instance at 0x7fccc15fe0a0>,27,14,[12  3],28,-1,81,-1,67
1,<environment.Job instance at 0x7fccc15fea00>,28,17,[ 5 13],29,-1,84,-1,67
1,<environment.Job instance at 0x7fccc15febe0>,30,18,[13  4],31,-1,98,-1,80
1,<environment.Job instance at 0x7fccc15fed20>,33,16,[ 2 11],34,-1,116,-1,100
1,<environment.Job instance at 0x7fccc15fe550>,34,1,[8 4],35,-1,101,-1,100
1,<environment.Job instance at 0x7fccc15fe230>,35,25,[2 5],36,-1,125,-1,100
1,<environment.Job instance at 0x7fccc0a38640>,42,23,[ 3 14],43,-1,156,-1,133
1,<environment.Job instance at 0x7fccc0a385f0>,43,21,[ 5 13],44,-1,154,-1,133
1,<environment.Job instance at 0x7fccc0a38a50>,44,16,[ 3 14],45,-1,149,-1,133
1,<environment.Job instance at 0x7fccc0a38910>,46,14,[11  3],47,-1,164,-1,150
1,<environment.Job instance at 0x7fccc0a386e0>,48,13,[14  1],49,-1,181,-1,168
1,<environment.Job instance at 0x7fccbff4f050>,55,24,[5 2],56,-1,231,-1,207
1,<environment.Job instance at 0x7fccbff4f870>,56,14,[11  2],57,-1,221,-1,207
1,<environment.Job instance at 0x7fccbff4f960>,57,22,[ 4 10],58,-1,229,-1,207
1,<environment.Job instance at 0x7fccbff4fa00>,58,15,[ 2 13],59,-1,222,-1,207
1,<environment.Job instance at 0x7fccbff4f9b0>,60,13,[ 3 12],61,-1,233,-1,220
1,<environment.Job instance at 0x7fccbff4f0f0>,61,14,[ 2 11],62,-1,234,-1,220
1,<environment.Job instance at 0x7fccbff4fd70>,62,16,[ 5 14],63,-1,236,-1,220
1,<environment.Job instance at 0x7fccc044d8c0>,64,26,[10  4],65,-1,248,-1,222
1,<environment.Job instance at 0x7fccc044d320>,66,24,[4 7],67,-1,248,-1,224
1,<environment.Job instance at 0x7fccc0154550>,78,28,[7 2],79,-1,317,-1,289
1,<environment.Job instance at 0x7fccc0154c30>,80,27,[ 3 12],81,-1,316,-1,289
1,<environment.Job instance at 0x7fccc0154370>,83,26,[11  1],84,-1,331,-1,305
1,<environment.Job instance at 0x7fccc0154500>,84,28,[9 2],85,-1,333,-1,305
1,<environment.Job instance at 0x7fccc0154cd0>,85,21,[12  5],86,-1,326,-1,305
1,<environment.Job instance at 0x7fccc0154870>,87,18,[ 2 14],88,-1,340,-1,322
1,<environment.Job instance at 0x7fccc12bc960>,93,12,[ 3 11],94,-1,376,-1,364
1,<environment.Job instance at 0x7fccc12bc6e0>,94,25,[ 1 14],95,-1,389,-1,364
1,<environment.Job instance at 0x7fccc12bcaf0>,96,26,[14  4],97,-1,407,-1,381
1,<environment.Job instance at 0x7fccc12bcdc0>,98,23,[ 1 11],99,-1,404,-1,381
1,<environment.Job instance at 0x7fccc066e870>,104,1,[9 5],105,-1,410,-1,409
1,<environment.Job instance at 0x7fccc066ebe0>,109,1,[3 9],110,-1,464,-1,463
1,<environment.Job instance at 0x7fccc066ed70>,113,15,[12  3],114,-1,500,-1,485
1,<environment.Job instance at 0x7fccc1597140>,118,3,[14  3],119,-1,520,-1,517
1,<environment.Job instance at 0x7fccc1597d70>,119,28,[1 7],120,-1,546,-1,518
1,<environment.Job instance at 0x7fccc1597f50>,121,14,[ 1 13],122,-1,543,-1,529
1,<environment.Job instance at 0x7fccc1597410>,122,1,[3 9],123,-1,530,-1,529
1,<environment.Job instance at 0x7fccc1597690>,123,13,[13  5],124,-1,542,-1,529
1,<environment.Job instance at 0x7fccc1597820>,124,14,[12  1],125,-1,543,-1,529
1,<environment.Job instance at 0x7fccc15974b0>,126,24,[ 2 12],127,-1,553,-1,529
1,<environment.Job instance at 0x7fccc02e7d20>,128,17,[ 5 14],129,-1,562,-1,545
1,<environment.Job instance at 0x7fccc0b24cd0>,129,3,[8 2],130,-1,548,-1,545
1,<environment.Job instance at 0x7fccc02e7230>,131,28,[ 3 13],132,-1,573,-1,545
1,<environment.Job instance at 0x7fccc086a7d0>,133,2,[14  1],134,-1,560,-1,558
1,<environment.Job instance at 0x7fccc0087d70>,135,12,[ 4 12],136,-1,575,-1,563
1,<environment.Job instance at 0x7fccc008bc80>,136,12,[12  5],137,-1,575,-1,563
1,<environment.Job instance at 0x7fccc12a9280>,138,14,[12  2],139,-1,585,-1,571
1,<environment.Job instance at 0x7fccc0166aa0>,140,15,[ 1 12],141,-1,586,-1,571
1,<environment.Job instance at 0x7fccc12a9640>,143,23,[5 9],144,-1,621,-1,598
1,<environment.Job instance at 0x7fccc9da9b40>,145,23,[4 7],146,-1,636,-1,613
1,<environment.Job instance at 0x7fccc03870f0>,147,20,[ 2 12],148,-1,633,-1,613
1,<environment.Job instance at 0x7fccc15fdd20>,148,25,[9 4],149,-1,638,-1,613
1,<environment.Job instance at 0x7fccc067bdc0>,149,24,[5 1],150,-1,637,-1,613
1,<environment.Job instance at 0x7fccbff3f0f0>,151,27,[1 7],152,-1,640,-1,613
1,<environment.Job instance at 0x7fccc00df910>,154,24,[ 1 10],155,-1,659,-1,635
1,<environment.Job instance at 0x7fccc01465a0>,155,26,[10  5],156,-1,661,-1,635
1,<environment.Job instance at 0x7fccc0146cd0>,157,1,[14  3],158,-1,638,-1,637
1,<environment.Job instance at 0x7fccc134faf0>,160,1,[2 7],161,-1,654,-1,653
1,<environment.Job instance at 0x7fccc060eb90>,163,18,[ 1 12],164,-1,689,-1,671
1,<environment.Job instance at 0x7fccc060e870>,164,16,[13  4],165,-1,687,-1,671
1,<environment.Job instance at 0x7fccc0143780>,165,19,[11  2],166,-1,690,-1,671
1,<environment.Job instance at 0x7fccc0743280>,166,17,[ 4 14],167,-1,688,-1,671
1,<environment.Job instance at 0x7fccc044b3c0>,168,15,[13  5],169,-1,701,-1,686
1,<environment.Job instance at 0x7fccc044be60>,172,28,[5 4],189,-1,729,-1,701
1,<environment.Job instance at 0x7fccc0492fa0>,1,3,[ 5 13],2,-1,5,-1,2
1,<environment.Job instance at 0x7fccc012f230>,3,25,[6 2],4,-1,29,-1,4
1,<environment.Job instance at 0x7fccc012fcd0>,4,24,[5 2],5,-1,29,-1,5
1,<environment.Job instance at 0x7fccc012f320>,6,16,[ 4 12],7,-1,23,-1,7
1,<environment.Job instance at 0x7fccc012f5a0>,11,3,[7 1],12,-1,16,-1,13
1,<environment.Job instance at 0x7fccc0449640>,13,23,[6 3],14,-1,47,-1,24
1,<environment.Job instance at 0x7fccc0449460>,17,25,[5 8],18,-1,49,-1,24
1,<environment.Job instance at 0x7fccc0449eb0>,18,26,[5 8],19,-1,50,-1,24
1,<environment.Job instance at 0x7fccc04494b0>,19,14,[11  4],20,-1,38,-1,24
1,<environment.Job instance at 0x7fccc0449820>,20,16,[14  4],21,-1,40,-1,24
1,<environment.Job instance at 0x7fccc0449f50>,22,12,[13  4],23,-1,49,-1,37
1,<environment.Job instance at 0x7fccc0449d70>,24,23,[5 5],25,-1,60,-1,37
1,<environment.Job instance at 0x7fccc0449af0>,25,1,[7 4],26,-1,38,-1,37
1,<environment.Job instance at 0x7fccc0e56370>,30,16,[11  2],31,-1,74,-1,58
1,<environment.Job instance at 0x7fccc0e56190>,31,16,[ 4 12],32,-1,74,-1,58
1,<environment.Job instance at 0x7fccc0e565a0>,33,12,[14  3],34,-1,80,-1,68
1,<environment.Job instance at 0x7fccc0e56780>,36,2,[ 2 14],37,-1,86,-1,84
1,<environment.Job instance at 0x7fccc0e56910>,37,12,[10  1],38,-1,96,-1,84
1,<environment.Job instance at 0x7fccc0e56a50>,38,25,[ 1 11],39,-1,109,-1,84
1,<environment.Job instance at 0x7fccc0e56b90>,39,28,[6 3],40,-1,112,-1,84
1,<environment.Job instance at 0x7fccc0e56d20>,42,3,[ 5 13],43,-1,104,-1,101
1,<environment.Job instance at 0x7fccc0e56aa0>,43,27,[6 2],44,-1,128,-1,101
1,<environment.Job instance at 0x7fccc0e56e60>,44,3,[5 2],45,-1,104,-1,101
1,<environment.Job instance at 0x7fccc0e56be0>,46,18,[ 5 13],47,-1,128,-1,110
1,<environment.Job instance at 0x7fccc0e56e10>,48,23,[3 8],49,-1,169,-1,146
1,<environment.Job instance at 0x7fccc0e4d280>,50,24,[7 1],51,-1,170,-1,146
1,<environment.Job instance at 0x7fccc0e4d5f0>,55,27,[ 4 13],56,-1,192,-1,165
1,<environment.Job instance at 0x7fccc0e4d730>,57,18,[ 2 13],58,-1,185,-1,167
1,<environment.Job instance at 0x7fccc0e4d960>,59,17,[11  1],60,-1,198,-1,181
1,<environment.Job instance at 0x7fccc0e4d820>,60,13,[12  1],61,-1,194,-1,181
1,<environment.Job instance at 0x7fccc0e4dc30>,65,27,[4 9],66,-1,226,-1,199
1,<environment.Job instance at 0x7fccc0e4dd70>,67,19,[ 1 11],68,-1,224,-1,205
1,<environment.Job instance at 0x7fccc0e4df50>,69,15,[13  4],70,-1,231,-1,216
1,<environment.Job instance at 0x7fccc0e50230>,70,28,[5 4],71,-1,244,-1,216
1,<environment.Job instance at 0x7fccc0e504b0>,74,16,[ 2 12],75,-1,245,-1,229
1,<environment.Job instance at 0x7fccc0e505f0>,76,3,[12  1],77,-1,245,-1,242
1,<environment.Job instance at 0x7fccc0e50730>,78,16,[10  1],79,-1,293,-1,277
1,<environment.Job instance at 0x7fccc0e50c80>,85,14,[ 4 10],86,-1,291,-1,277
1,<environment.Job instance at 0x7fccc0e50cd0>,86,15,[8 2],87,-1,296,-1,281
1,<environment.Job instance at 0x7fccc0e50d70>,87,2,[14  3],88,-1,283,-1,281
1,<environment.Job instance at 0x7fccc0e50e10>,88,18,[8 3],89,-1,300,-1,282
1,<environment.Job instance at 0x7fccc0e50eb0>,89,1,[ 2 12],90,-1,283,-1,282
1,<environment.Job instance at 0x7fccc0e50fa0>,90,20,[8 3],91,-1,306,-1,286
1,<environment.Job instance at 0x7fccc0e50c30>,91,23,[9 5],92,-1,309,-1,286
1,<environment.Job instance at 0x7fccc0e50f50>,92,22,[9 1],93,-1,308,-1,286
1,<environment.Job instance at 0x7fccc0e630a0>,93,2,[9 2],94,-1,288,-1,286
1,<environment.Job instance at 0x7fccc0e631e0>,94,16,[ 1 13],95,-1,302,-1,286
1,<environment.Job instance at 0x7fccc119f0f0>,95,18,[ 3 13],96,-1,304,-1,286
1,<environment.Job instance at 0x7fccc0c84c30>,96,28,[7 1],97,-1,314,-1,286
1,<environment.Job instance at 0x7fccc011ceb0>,97,27,[2 7],98,-1,313,-1,286
1,<environment.Job instance at 0x7fccc011c5f0>,98,15,[3 7],99,-1,301,-1,286
1,<environment.Job instance at 0x7fccc011cd20>,100,15,[7 2],101,-1,307,-1,292
1,<environment.Job instance at 0x7fccc011c5a0>,101,24,[12  2],102,-1,316,-1,292
1,<environment.Job instance at 0x7fccc011c690>,102,15,[8 2],103,-1,307,-1,292
1,<environment.Job instance at 0x7fccc011c230>,103,19,[8 2],104,-1,323,-1,304
1,<environment.Job instance at 0x7fccc011caf0>,104,25,[5 4],105,-1,329,-1,304
1,<environment.Job instance at 0x7fccc011ccd0>,105,17,[ 5 11],106,-1,321,-1,304
1,<environment.Job instance at 0x7fccc011ce10>,106,15,[12  2],107,-1,319,-1,304
1,<environment.Job instance at 0x7fccc0812d70>,107,28,[10  2],108,-1,332,-1,304
1,<environment.Job instance at 0x7fccc0820050>,108,18,[10  1],109,-1,322,-1,304
1,<environment.Job instance at 0x7fccc0820f00>,109,16,[ 1 11],110,-1,320,-1,304
1,<environment.Job instance at 0x7fccc0e51820>,110,23,[5 5],111,-1,327,-1,304
1,<environment.Job instance at 0x7fccc0d08eb0>,111,21,[8 2],112,-1,325,-1,304
1,<environment.Job instance at 0x7fccc0cda410>,113,26,[ 4 13],114,-1,331,-1,305
1,<environment.Job instance at 0x7fccc06355a0>,114,15,[ 5 13],115,-1,320,-1,305
1,<environment.Job instance at 0x7fccc16d8550>,115,17,[14  2],116,-1,322,-1,305
1,<environment.Job instance at 0x7fccc0e09b90>,116,22,[1 7],117,-1,329,-1,307
1,<environment.Job instance at 0x7fccc071e280>,117,1,[4 5],118,-1,308,-1,307
1,<environment.Job instance at 0x7fccc0705870>,118,18,[1 5],119,-1,325,-1,307
1,<environment.Job instance at 0x7fccc16e8640>,119,12,[13  2],120,-1,319,-1,307
1,<environment.Job instance at 0x7fccc0017f50>,120,18,[5 2],121,-1,327,-1,309
1,<environment.Job instance at 0x7fccc0017aa0>,122,27,[5 4],123,-1,338,-1,311
1,<environment.Job instance at 0x7fccc0017910>,123,12,[ 4 10],124,-1,323,-1,311
1,<environment.Job instance at 0x7fccc02b0a00>,124,3,[1 5],125,-1,314,-1,311
1,<environment.Job instance at 0x7fccc028da00>,125,17,[ 4 10],126,-1,328,-1,311
1,<environment.Job instance at 0x7fccc02b0c80>,127,20,[ 3 13],128,-1,347,-1,327
1,<environment.Job instance at 0x7fccc1201dc0>,128,13,[1 8],129,-1,341,-1,328
1,<environment.Job instance at 0x7fccc16b4820>,129,3,[2 8],130,-1,331,-1,328
1,<environment.Job instance at 0x7fccc0658370>,130,13,[4 7],131,-1,341,-1,328
1,<environment.Job instance at 0x7fccc0659910>,131,2,[13  4],132,-1,330,-1,328
1,<environment.Job instance at 0x7fccc0659a50>,132,20,[8 3],133,-1,361,-1,341
1,<environment.Job instance at 0x7fccc0659af0>,133,25,[6 1],134,-1,366,-1,341
1,<environment.Job instance at 0x7fccc02b22d0>,134,20,[7 2],135,-1,369,-1,349
1,<environment.Job instance at 0x7fccc02b2370>,135,14,[ 4 10],136,-1,363,-1,349
1,<environment.Job instance at 0x7fccc02b20f0>,137,27,[11  5],138,-1,376,-1,349
1,<environment.Job instance at 0x7fccc02b2140>,138,12,[9 2],139,-1,361,-1,349
1,<environment.Job instance at 0x7fccc0296d70>,144,23,[12  5],145,-1,414,-1,391
1,<environment.Job instance at 0x7fccc0e507d0>,79,21,[12  4],80,-1,412,-1,391
1,<environment.Job instance at 0x7fccc0296a50>,145,15,[ 1 10],146,-1,406,-1,391
1,<environment.Job instance at 0x7fccc0296910>,147,18,[14  2],148,-1,409,-1,391
1,<environment.Job instance at 0x7fccc06615f0>,151,2,[12  2],152,-1,422,-1,420
1,<environment.Job instance at 0x7fccc06610f0>,152,26,[2 8],153,-1,446,-1,420
1,<environment.Job instance at 0x7fccc11e0f00>,155,16,[14  4],156,-1,439,-1,423
1,<environment.Job instance at 0x7fccc02add70>,156,14,[ 4 10],157,-1,437,-1,423
1,<environment.Job instance at 0x7fccc02ad4b0>,157,12,[1 8],158,-1,435,-1,423
1,<environment.Job instance at 0x7fccc02adaf0>,158,2,[14  1],159,-1,425,-1,423
1,<environment.Job instance at 0x7fccc02adcd0>,159,18,[ 1 11],160,-1,441,-1,423
1,<environment.Job instance at 0x7fccc02ad690>,160,13,[14  5],161,-1,436,-1,423
1,<environment.Job instance at 0x7fccc02ad9b0>,161,15,[ 5 10],162,-1,441,-1,426
1,<environment.Job instance at 0x7fccc02adb90>,162,17,[12  5],163,-1,443,-1,426
1,<environment.Job instance at 0x7fccc02ad320>,164,2,[ 2 12],165,-1,428,-1,426
1,<environment.Job instance at 0x7fccc02ad050>,166,2,[3 5],167,-1,442,-1,440
1,<environment.Job instance at 0x7fccc02ad7d0>,167,2,[3 6],168,-1,442,-1,440
1,<environment.Job instance at 0x7fccc0297eb0>,170,13,[ 3 14],171,-1,464,-1,451
1,<environment.Job instance at 0x7fccc0297140>,171,17,[ 1 11],172,-1,468,-1,451
1,<environment.Job instance at 0x7fccc0297280>,172,17,[1 7],173,-1,468,-1,451
1,<environment.Job instance at 0x7fccc0297820>,173,13,[8 2],174,-1,464,-1,451
1,<environment.Job instance at 0x7fccc0297a00>,174,15,[14  2],175,-1,466,-1,451
1,<environment.Job instance at 0x7fccc0297780>,175,13,[10  3],176,-1,464,-1,451
1,<environment.Job instance at 0x7fccc0297550>,177,25,[ 5 10],178,-1,482,-1,457
1,<environment.Job instance at 0x7fccc06470f0>,179,28,[3 6],182,-1,486,-1,458
1,<environment.Job instance at 0x7fccc0297c80>,180,20,[9 1],183,-1,483,-1,463
1,<environment.Job instance at 0x7fccc02755a0>,183,21,[7 1],189,-1,495,-1,474
1,<environment.Job instance at 0x7fccc0296870>,146,28,[2 5],147,-1,519,-1,491
1,<environment.Job instance at 0x7fccc0e50960>,84,28,[13  3],85,-1,519,-1,491
1,<environment.Job instance at 0x7fccc0e4db90>,5,24,[7 2],6,-1,35,-1,11
1,<environment.Job instance at 0x7fccbfdd35f0>,13,16,[11  5],14,-1,60,-1,44
1,<environment.Job instance at 0x7fccbfdd3b40>,15,28,[7 3],16,-1,75,-1,47
1,<environment.Job instance at 0x7fccbfdd30f0>,18,16,[13  2],19,-1,77,-1,61
1,<environment.Job instance at 0x7fccbfdd3320>,21,22,[ 1 10],22,-1,105,-1,83
1,<environment.Job instance at 0x7fccbfdd33c0>,22,28,[13  5],23,-1,111,-1,83
1,<environment.Job instance at 0x7fccbfe7b5f0>,23,23,[9 3],24,-1,120,-1,97
1,<environment.Job instance at 0x7fccbfe7b5a0>,25,16,[ 3 13],26,-1,113,-1,97
1,<environment.Job instance at 0x7fccbfe7bc30>,27,15,[ 4 14],28,-1,112,-1,97
1,<environment.Job instance at 0x7fccd9a205f0>,28,19,[13  3],29,-1,116,-1,97
1,<environment.Job instance at 0x7fccca3f33c0>,29,25,[ 3 13],30,-1,122,-1,97
1,<environment.Job instance at 0x7fccc0f8df50>,32,22,[4 7],33,-1,147,-1,125
1,<environment.Job instance at 0x7fccc0f8d2d0>,34,22,[1 5],35,-1,147,-1,125
1,<environment.Job instance at 0x7fccc0f8d500>,35,14,[11  2],36,-1,139,-1,125
1,<environment.Job instance at 0x7fccc14dbb90>,36,13,[6 2],37,-1,139,-1,126
1,<environment.Job instance at 0x7fccc14dbdc0>,37,23,[10  2],38,-1,149,-1,126
1,<environment.Job instance at 0x7fccc0a41fa0>,38,27,[ 1 11],39,-1,153,-1,126
1,<environment.Job instance at 0x7fccc015ecd0>,39,18,[ 2 10],40,-1,144,-1,126
1,<environment.Job instance at 0x7fccc015e500>,40,2,[ 1 10],41,-1,128,-1,126
1,<environment.Job instance at 0x7fccc015e320>,41,1,[4 7],42,-1,127,-1,126
1,<environment.Job instance at 0x7fccc015e280>,42,3,[13  3],43,-1,129,-1,126
1,<environment.Job instance at 0x7fccc0b02870>,49,1,[10  1],50,-1,175,-1,174
1,<environment.Job instance at 0x7fccc0b02910>,50,15,[ 3 10],51,-1,189,-1,174
1,<environment.Job instance at 0x7fccc0b02780>,51,12,[10  1],52,-1,186,-1,174
1,<environment.Job instance at 0x7fccc0b028c0>,52,12,[4 6],53,-1,189,-1,177
1,<environment.Job instance at 0x7fccc0b02500>,53,17,[14  1],54,-1,194,-1,177
1,<environment.Job instance at 0x7fccc0b02a00>,56,19,[ 4 13],57,-1,208,-1,189
1,<environment.Job instance at 0x7fccc008b4b0>,58,13,[10  1],59,-1,215,-1,202
1,<environment.Job instance at 0x7fccc008baa0>,59,26,[5 5],60,-1,228,-1,202
1,<environment.Job instance at 0x7fccc008b3c0>,60,22,[ 4 10],61,-1,238,-1,216
1,<environment.Job instance at 0x7fccbff5e230>,68,1,[12  4],69,-1,283,-1,282
1,<environment.Job instance at 0x7fccbff5eaf0>,69,12,[ 5 14],70,-1,294,-1,282
1,<environment.Job instance at 0x7fccbff5ed20>,70,28,[ 4 10],71,-1,310,-1,282
1,<environment.Job instance at 0x7fccbff5e5f0>,72,13,[2 6],73,-1,297,-1,284
1,<environment.Job instance at 0x7fccc1139370>,73,21,[12  5],74,-1,305,-1,284
1,<environment.Job instance at 0x7fccc1139640>,74,22,[ 1 11],75,-1,306,-1,284
1,<environment.Job instance at 0x7fccc11391e0>,75,12,[5 4],76,-1,296,-1,284
1,<environment.Job instance at 0x7fccc11396e0>,76,26,[5 3],77,-1,310,-1,284
1,<environment.Job instance at 0x7fccc1139500>,77,12,[2 5],78,-1,296,-1,284
1,<environment.Job instance at 0x7fccc1139f00>,81,24,[ 4 14],82,-1,333,-1,309
1,<environment.Job instance at 0x7fccc13b00f0>,86,17,[ 5 11],87,-1,358,-1,341
1,<environment.Job instance at 0x7fccc13b00a0>,87,13,[ 2 13],88,-1,354,-1,341
1,<environment.Job instance at 0x7fccc01862d0>,94,3,[8 2],95,-1,394,-1,391
1,<environment.Job instance at 0x7fccc0186550>,95,15,[11  3],96,-1,406,-1,391
1,<environment.Job instance at 0x7fccc16b8910>,103,1,[ 4 10],104,-1,456,-1,455
1,<environment.Job instance at 0x7fccc0b9aaf0>,106,28,[6 5],107,-1,487,-1,459
1,<environment.Job instance at 0x7fccc0b9a0a0>,107,17,[14  3],108,-1,476,-1,459
1,<environment.Job instance at 0x7fccc0b9a910>,108,19,[ 5 12],109,-1,478,-1,459
1,<environment.Job instance at 0x7fccc0b9a8c0>,109,27,[2 8],110,-1,486,-1,459
1,<environment.Job instance at 0x7fccc0b9a870>,110,2,[ 3 13],111,-1,461,-1,459
1,<environment.Job instance at 0x7fccc00df690>,118,27,[4 6],119,-1,540,-1,513
1,<environment.Job instance at 0x7fccc00c3be0>,120,15,[ 1 12],121,-1,535,-1,520
1,<environment.Job instance at 0x7fccc00c3d20>,121,1,[ 3 12],122,-1,521,-1,520
1,<environment.Job instance at 0x7fccc00c3af0>,122,24,[8 1],123,-1,544,-1,520
1,<environment.Job instance at 0x7fccc00c3050>,123,23,[12  1],124,-1,543,-1,520
1,<environment.Job instance at 0x7fccc00c30f0>,124,26,[4 5],125,-1,546,-1,520
1,<environment.Job instance at 0x7fccc0e18960>,125,28,[8 2],126,-1,548,-1,520
1,<environment.Job instance at 0x7fccc0e18a00>,126,21,[11  3],127,-1,541,-1,520
1,<environment.Job instance at 0x7fccc07e8d20>,127,19,[14  3],128,-1,539,-1,520
1,<environment.Job instance at 0x7fccc02ce500>,129,2,[5 1],130,-1,529,-1,527
1,<environment.Job instance at 0x7fccc02cefa0>,130,23,[ 2 10],131,-1,550,-1,527
1,<environment.Job instance at 0x7fccc02ce320>,131,3,[ 2 10],132,-1,530,-1,527
1,<environment.Job instance at 0x7fccc0cdc8c0>,132,3,[10  5],133,-1,530,-1,527
1,<environment.Job instance at 0x7fccc0cdc870>,133,15,[ 4 11],134,-1,542,-1,527
1,<environment.Job instance at 0x7fccc0cdc280>,134,15,[ 1 11],135,-1,542,-1,527
1,<environment.Job instance at 0x7fccc0cdc690>,135,24,[11  4],136,-1,551,-1,527
1,<environment.Job instance at 0x7fccc115af50>,136,21,[14  5],137,-1,548,-1,527
1,<environment.Job instance at 0x7fccc0cdc500>,137,2,[7 1],138,-1,529,-1,527
1,<environment.Job instance at 0x7fccc0ec8f50>,140,25,[4 7],141,-1,562,-1,537
1,<environment.Job instance at 0x7fccc15c8460>,143,14,[ 2 12],144,-1,566,-1,552
1,<environment.Job instance at 0x7fccc0ec8a50>,144,20,[ 3 14],145,-1,572,-1,552
1,<environment.Job instance at 0x7fccc1184eb0>,145,18,[ 1 11],146,-1,570,-1,552
1,<environment.Job instance at 0x7fccc12b1fa0>,146,3,[ 5 12],147,-1,555,-1,552
1,<environment.Job instance at 0x7fccc12b15f0>,147,14,[12  5],148,-1,566,-1,552
1,<environment.Job instance at 0x7fccc0f7d2d0>,156,12,[ 2 14],157,-1,612,-1,600
1,<environment.Job instance at 0x7fccc9f30a50>,157,12,[12  2],158,-1,612,-1,600
1,<environment.Job instance at 0x7fccc15f30a0>,161,13,[13  1],162,-1,642,-1,629
1,<environment.Job instance at 0x7fccc1264780>,162,25,[10  2],163,-1,654,-1,629
1,<environment.Job instance at 0x7fccc13e0dc0>,163,13,[ 2 14],164,-1,642,-1,629
1,<environment.Job instance at 0x7fccc1264dc0>,164,1,[7 3],165,-1,630,-1,629
1,<environment.Job instance at 0x7fccc0c4a730>,165,12,[13  1],166,-1,641,-1,629
1,<environment.Job instance at 0x7fccc9d5ad20>,167,14,[13  4],168,-1,644,-1,630
1,<environment.Job instance at 0x7fccc0bb9be0>,168,16,[ 4 14],175,-1,646,-1,630
1,<environment.Job instance at 0x7fccc0dd67d0>,172,18,[ 4 13],179,-1,678,-1,660
1,<environment.Job instance at 0x7fccc0a71cd0>,5,17,[14  2],6,-1,23,-1,6
1,<environment.Job instance at 0x7fccc0a71a50>,6,23,[3 7],7,-1,32,-1,9
1,<environment.Job instance at 0x7fccc0a71280>,9,19,[11  4],10,-1,29,-1,10
1,<environment.Job instance at 0x7fccc0a71690>,10,12,[7 4],11,-1,32,-1,20
1,<environment.Job instance at 0x7fccc0a71eb0>,12,22,[6 5],13,-1,49,-1,27
1,<environment.Job instance at 0x7fccc0a719b0>,17,27,[7 4],18,-1,54,-1,27
1,<environment.Job instance at 0x7fccc0a718c0>,18,18,[1 9],19,-1,50,-1,32
1,<environment.Job instance at 0x7fccc09ec140>,20,21,[10  3],21,-1,65,-1,44
1,<environment.Job instance at 0x7fccca347d70>,21,13,[ 2 13],22,-1,57,-1,44
1,<environment.Job instance at 0x7fccc09ec6e0>,22,14,[4 9],23,-1,58,-1,44
1,<environment.Job instance at 0x7fccc09ecd20>,23,17,[9 1],24,-1,62,-1,45
1,<environment.Job instance at 0x7fccc09ecaa0>,29,25,[6 5],30,-1,111,-1,86
1,<environment.Job instance at 0x7fccc09ecd70>,30,25,[4 7],31,-1,111,-1,86
1,<environment.Job instance at 0x7fccc09ecb40>,31,17,[ 5 11],32,-1,103,-1,86
1,<environment.Job instance at 0x7fccc09ec690>,32,16,[ 4 12],33,-1,102,-1,86
1,<environment.Job instance at 0x7fccc09ec5f0>,33,15,[12  5],34,-1,101,-1,86
1,<environment.Job instance at 0x7fccc09ec8c0>,34,22,[14  5],35,-1,108,-1,86
1,<environment.Job instance at 0x7fccc09ec190>,35,12,[9 3],36,-1,98,-1,86
1,<environment.Job instance at 0x7fccc09eccd0>,36,26,[9 2],37,-1,112,-1,86
1,<environment.Job instance at 0x7fccc09ecbe0>,37,21,[4 5],38,-1,118,-1,97
1,<environment.Job instance at 0x7fccc09ec1e0>,38,12,[13  2],39,-1,109,-1,97
1,<environment.Job instance at 0x7fccc09eceb0>,39,18,[ 4 10],40,-1,116,-1,98
1,<environment.Job instance at 0x7fccca3e8f50>,40,12,[12  4],41,-1,110,-1,98
1,<environment.Job instance at 0x7fccc07960a0>,42,27,[8 5],43,-1,125,-1,98
1,<environment.Job instance at 0x7fccc0796140>,43,15,[12  4],44,-1,113,-1,98
1,<environment.Job instance at 0x7fccc0796be0>,45,18,[ 1 13],46,-1,116,-1,98
1,<environment.Job instance at 0x7fccc0796b90>,47,26,[5 4],48,-1,143,-1,117
1,<environment.Job instance at 0x7fccc0796e60>,49,15,[13  3],50,-1,132,-1,117
1,<environment.Job instance at 0x7fccc0796960>,50,12,[3 7],51,-1,132,-1,120
1,<environment.Job instance at 0x7fccc0796cd0>,52,15,[13  3],53,-1,140,-1,125
1,<environment.Job instance at 0x7fccc0796780>,54,18,[12  4],55,-1,154,-1,136
1,<environment.Job instance at 0x7fccc07963c0>,55,23,[9 5],56,-1,159,-1,136
1,<environment.Job instance at 0x7fccc15550f0>,57,15,[ 3 11],58,-1,167,-1,152
1,<environment.Job instance at 0x7fccc9d757d0>,58,13,[11  3],59,-1,165,-1,152
1,<environment.Job instance at 0x7fccc9d75be0>,59,13,[ 4 10],60,-1,166,-1,153
1,<environment.Job instance at 0x7fccc9d75a50>,61,12,[1 9],62,-1,165,-1,153
1,<environment.Job instance at 0x7fccc9d75730>,62,22,[3 5],63,-1,184,-1,162
1,<environment.Job instance at 0x7fccc9d75910>,63,19,[3 9],64,-1,198,-1,179
1,<environment.Job instance at 0x7fccc9d75eb0>,65,13,[ 3 12],66,-1,192,-1,179
1,<environment.Job instance at 0x7fccc03db5f0>,66,3,[5 1],67,-1,182,-1,179
1,<environment.Job instance at 0x7fccc03db7d0>,68,25,[6 1],69,-1,204,-1,179
1,<environment.Job instance at 0x7fccc03db1e0>,70,3,[7 2],71,-1,182,-1,179
1,<environment.Job instance at 0x7fccc03db9b0>,71,26,[13  1],72,-1,205,-1,179
1,<environment.Job instance at 0x7fccc03dbcd0>,72,23,[13  2],73,-1,202,-1,179
1,<environment.Job instance at 0x7fccc03db820>,76,21,[ 3 13],77,-1,225,-1,204
1,<environment.Job instance at 0x7fccc03dbe60>,77,12,[10  2],78,-1,216,-1,204
1,<environment.Job instance at 0x7fccc03dba00>,79,18,[ 1 10],80,-1,222,-1,204
1,<environment.Job instance at 0x7fccc16bfd70>,81,3,[3 7],82,-1,221,-1,218
1,<environment.Job instance at 0x7fccc0c1ee60>,84,18,[13  3],85,-1,238,-1,220
1,<environment.Job instance at 0x7fccc02a05a0>,85,18,[ 3 13],86,-1,238,-1,220
1,<environment.Job instance at 0x7fccc0df5230>,86,14,[10  4],87,-1,234,-1,220
1,<environment.Job instance at 0x7fccc085f9b0>,87,2,[2 8],88,-1,222,-1,220
1,<environment.Job instance at 0x7fccc0c70050>,88,17,[ 2 10],89,-1,237,-1,220
1,<environment.Job instance at 0x7fccc0c1e500>,89,18,[2 9],90,-1,238,-1,220
1,<environment.Job instance at 0x7fccbffbae60>,90,12,[14  3],91,-1,232,-1,220
1,<environment.Job instance at 0x7fccc0ed69b0>,91,13,[1 7],92,-1,233,-1,220
1,<environment.Job instance at 0x7fccc0fcce10>,93,21,[ 5 13],94,-1,257,-1,236
1,<environment.Job instance at 0x7fccc004db90>,95,14,[6 1],96,-1,250,-1,236
1,<environment.Job instance at 0x7fccc004dbe0>,96,15,[ 2 10],97,-1,251,-1,236
1,<environment.Job instance at 0x7fccc082a0a0>,97,26,[11  3],98,-1,262,-1,236
1,<environment.Job instance at 0x7fccc082aa50>,98,28,[2 6],99,-1,264,-1,236
1,<environment.Job instance at 0x7fccc12cebe0>,101,17,[10  2],102,-1,281,-1,264
1,<environment.Job instance at 0x7fccc12ce910>,104,14,[10  5],105,-1,285,-1,271
1,<environment.Job instance at 0x7fccc0857a00>,105,18,[13  1],106,-1,289,-1,271
1,<environment.Job instance at 0x7fccc08573c0>,108,25,[2 8],109,-1,296,-1,271
1,<environment.Job instance at 0x7fccc08579b0>,109,2,[ 4 10],110,-1,273,-1,271
1,<environment.Job instance at 0x7fccc0857500>,110,15,[ 3 14],111,-1,286,-1,271
1,<environment.Job instance at 0x7fccc0857870>,111,16,[6 1],112,-1,288,-1,272
1,<environment.Job instance at 0x7fccc08575f0>,112,13,[ 5 13],113,-1,285,-1,272
1,<environment.Job instance at 0x7fccc0857960>,113,17,[ 5 12],114,-1,289,-1,272
1,<environment.Job instance at 0x7fccc0857f50>,114,16,[ 3 10],115,-1,288,-1,272
1,<environment.Job instance at 0x7fccc0857d70>,117,18,[ 2 14],118,-1,301,-1,283
1,<environment.Job instance at 0x7fccc0857aa0>,118,12,[14  1],119,-1,295,-1,283
1,<environment.Job instance at 0x7fccc0857be0>,119,19,[11  3],120,-1,302,-1,283
1,<environment.Job instance at 0x7fccc0857280>,120,24,[7 4],121,-1,307,-1,283
1,<environment.Job instance at 0x7fccc0857410>,122,19,[ 4 13],123,-1,303,-1,284
1,<environment.Job instance at 0x7fccc0aa84b0>,123,1,[7 5],124,-1,285,-1,284
1,<environment.Job instance at 0x7fccc0aa8cd0>,124,19,[ 4 14],125,-1,303,-1,284
1,<environment.Job instance at 0x7fccc0aa87d0>,125,16,[10  2],126,-1,300,-1,284
1,<environment.Job instance at 0x7fccc0aa8d70>,126,24,[14  1],127,-1,308,-1,284
1,<environment.Job instance at 0x7fccc0aa8410>,127,25,[10  3],128,-1,309,-1,284
1,<environment.Job instance at 0x7fccc0aa8c30>,128,27,[7 2],129,-1,311,-1,284
1,<environment.Job instance at 0x7fccc0aa8f50>,129,22,[6 3],130,-1,306,-1,284
1,<environment.Job instance at 0x7fccc0aa8e10>,130,14,[8 2],131,-1,298,-1,284
1,<environment.Job instance at 0x7fccc0aa88c0>,131,18,[4 5],132,-1,302,-1,284
1,<environment.Job instance at 0x7fccc0aa8910>,132,25,[5 6],133,-1,309,-1,284
1,<environment.Job instance at 0x7fccc0aa8a00>,133,13,[7 4],134,-1,297,-1,284
1,<environment.Job instance at 0x7fccc0f0d910>,134,16,[14  3],135,-1,300,-1,284
1,<environment.Job instance at 0x7fccc11e1870>,136,23,[ 2 11],137,-1,321,-1,298
1,<environment.Job instance at 0x7fccc13b9690>,138,28,[5 5],139,-1,326,-1,298
1,<environment.Job instance at 0x7fccc13b96e0>,139,3,[7 1],140,-1,301,-1,298
1,<environment.Job instance at 0x7fccc13b9280>,140,13,[12  1],141,-1,311,-1,298
1,<environment.Job instance at 0x7fccc15c04b0>,141,21,[13  4],142,-1,319,-1,298
1,<environment.Job instance at 0x7fccc08e14b0>,144,12,[6 1],145,-1,331,-1,319
1,<environment.Job instance at 0x7fccc08e1f00>,145,16,[ 1 14],146,-1,335,-1,319
1,<environment.Job instance at 0x7fccc08e1870>,147,26,[ 1 10],148,-1,356,-1,330
1,<environment.Job instance at 0x7fccc0dc90f0>,151,3,[5 2],152,-1,348,-1,345
1,<environment.Job instance at 0x7fccc1615b90>,152,1,[10  1],153,-1,346,-1,345
1,<environment.Job instance at 0x7fccc1615460>,153,21,[2 5],154,-1,372,-1,351
1,<environment.Job instance at 0x7fccc16150f0>,154,1,[ 3 14],155,-1,352,-1,351
1,<environment.Job instance at 0x7fccc16153c0>,155,23,[ 1 12],156,-1,374,-1,351
1,<environment.Job instance at 0x7fccc11e20a0>,156,13,[ 3 10],157,-1,364,-1,351
1,<environment.Job instance at 0x7fccc11e2c30>,157,28,[ 1 13],158,-1,379,-1,351
1,<environment.Job instance at 0x7fccc11e26e0>,160,26,[ 4 13],161,-1,389,-1,363
1,<environment.Job instance at 0x7fccc11e2aa0>,161,24,[5 3],162,-1,387,-1,363
1,<environment.Job instance at 0x7fccc11e29b0>,162,24,[6 2],163,-1,387,-1,363
1,<environment.Job instance at 0x7fccc11e2b40>,164,13,[1 8],165,-1,379,-1,366
1,<environment.Job instance at 0x7fccc11e2190>,165,18,[ 4 10],166,-1,384,-1,366
1,<environment.Job instance at 0x7fccc11e2550>,166,17,[ 3 10],167,-1,383,-1,366
1,<environment.Job instance at 0x7fccc11e2820>,167,14,[ 1 13],168,-1,380,-1,366
1,<environment.Job instance at 0x7fccc11e2f50>,168,15,[ 3 14],169,-1,381,-1,366
1,<environment.Job instance at 0x7fccc11e2230>,169,14,[1 7],170,-1,380,-1,366
1,<environment.Job instance at 0x7fccc11e2dc0>,170,1,[6 4],171,-1,367,-1,366
1,<environment.Job instance at 0x7fccc11e2050>,171,13,[ 4 10],172,-1,379,-1,366
1,<environment.Job instance at 0x7fccc11e2320>,172,14,[10  3],173,-1,380,-1,366
1,<environment.Job instance at 0x7fccc0c14d70>,173,19,[7 1],174,-1,387,-1,368
1,<environment.Job instance at 0x7fccc0c14b90>,174,26,[4 5],175,-1,394,-1,368
1,<environment.Job instance at 0x7fccc0c14500>,175,12,[2 9],176,-1,383,-1,371
1,<environment.Job instance at 0x7fccc0c144b0>,176,15,[6 1],177,-1,386,-1,371
1,<environment.Job instance at 0x7fccc0c14780>,178,16,[11  3],179,-1,397,-1,381
1,<environment.Job instance at 0x7fccc0c14280>,179,22,[13  2],180,-1,403,-1,381
1,<environment.Job instance at 0x7fccc0c14f50>,180,15,[ 2 11],181,-1,396,-1,381
1,<environment.Job instance at 0x7fccc0c147d0>,181,27,[9 3],182,-1,408,-1,381
1,<environment.Job instance at 0x7fccc0c14cd0>,182,17,[ 1 12],183,-1,398,-1,381
1,<environment.Job instance at 0x7fccc9d69eb0>,184,12,[9 5],185,-1,393,-1,381
1,<environment.Job instance at 0x7fccca2bdf00>,186,18,[12  4],187,-1,413,-1,395
1,<environment.Job instance at 0x7fccbff31460>,4,21,[12  3],5,-1,26,-1,5
1,<environment.Job instance at 0x7fccc0336730>,6,26,[ 2 10],7,-1,33,-1,7
1,<environment.Job instance at 0x7fccc03367d0>,8,12,[ 5 13],9,-1,21,-1,9
1,<environment.Job instance at 0x7fccc0336780>,10,2,[5 7],11,-1,13,-1,11
1,<environment.Job instance at 0x7fccc0336b40>,11,28,[8 3],12,-1,40,-1,12
1,<environment.Job instance at 0x7fccc0336be0>,12,26,[11  4],13,-1,39,-1,13
1,<environment.Job instance at 0x7fccc0336a00>,9,17,[12  3],10,-1,30,-1,13
1,<environment.Job instance at 0x7fccc0336aa0>,13,2,[ 3 14],14,-1,16,-1,14
1,<environment.Job instance at 0x7fccc0336cd0>,14,12,[ 5 14],15,-1,27,-1,15
1,<environment.Job instance at 0x7fccc0336d70>,15,27,[ 1 10],16,-1,43,-1,16
1,<environment.Job instance at 0x7fccc0371b90>,58,2,[7 1],59,-1,503,-1,501
1,<environment.Job instance at 0x7fccc0371c80>,59,21,[2 5],60,-1,568,-1,547
1,<environment.Job instance at 0x7fccc03411e0>,66,26,[6 3],67,-1,573,-1,547
1,<environment.Job instance at 0x7fccc0341460>,70,18,[ 2 11],71,-1,593,-1,575
1,<environment.Job instance at 0x7fccc03416e0>,74,22,[ 2 13],75,-1,630,-1,608
1,<environment.Job instance at 0x7fccc0341780>,75,25,[1 7],76,-1,642,-1,617
1,<environment.Job instance at 0x7fccc0341820>,76,18,[13  1],77,-1,635,-1,617
1,<environment.Job instance at 0x7fccc0341d20>,83,24,[7 4],84,-1,676,-1,652
1,<environment.Job instance at 0x7fccc0341dc0>,84,18,[ 1 11],85,-1,670,-1,652
1,<environment.Job instance at 0x7fccc0341fa0>,87,1,[ 3 10],88,-1,665,-1,664
1,<environment.Job instance at 0x7fccc0346320>,92,13,[ 2 13],93,-1,703,-1,690
1,<environment.Job instance at 0x7fccc03463c0>,93,17,[ 1 13],94,-1,707,-1,690
1,<environment.Job instance at 0x7fccc03465f0>,94,20,[12  1],95,-1,710,-1,690
1,<environment.Job instance at 0x7fccc03466e0>,96,24,[ 3 14],97,-1,715,-1,691
1,<environment.Job instance at 0x7fccc0346780>,97,25,[10  2],98,-1,716,-1,691
1,<environment.Job instance at 0x7fccc0346aa0>,102,24,[9 4],103,-1,744,-1,720
1,<environment.Job instance at 0x7fccc0346be0>,104,15,[ 2 12],105,-1,740,-1,725
1,<environment.Job instance at 0x7fccc0346c80>,105,28,[14  4],106,-1,753,-1,725
1,<environment.Job instance at 0x7fccc0346d20>,106,18,[13  4],107,-1,743,-1,725
1,<environment.Job instance at 0x7fccc0346dc0>,107,15,[14  1],108,-1,740,-1,725
1,<environment.Job instance at 0x7fccc0346e60>,108,17,[ 3 11],109,-1,742,-1,725
1,<environment.Job instance at 0x7fccc0346fa0>,109,26,[13  3],110,-1,751,-1,725
1,<environment.Job instance at 0x7fccc0346f50>,110,2,[7 2],111,-1,727,-1,725
1,<environment.Job instance at 0x7fccc03467d0>,111,2,[4 5],112,-1,727,-1,725
1,<environment.Job instance at 0x7fccc03612d0>,113,13,[ 5 11],114,-1,752,-1,739
1,<environment.Job instance at 0x7fccc0361140>,114,3,[11  2],115,-1,742,-1,739
1,<environment.Job instance at 0x7fccc03613c0>,116,14,[12  5],117,-1,753,-1,739
1,<environment.Job instance at 0x7fccc0361460>,117,25,[6 2],118,-1,765,-1,740
1,<environment.Job instance at 0x7fccc0361500>,118,3,[1 8],119,-1,743,-1,740
1,<environment.Job instance at 0x7fccc03615a0>,119,3,[10  1],120,-1,743,-1,740
1,<environment.Job instance at 0x7fccc03616e0>,121,25,[ 3 12],122,-1,766,-1,741
1,<environment.Job instance at 0x7fccc0361960>,125,21,[ 2 11],126,-1,787,-1,766
1,<environment.Job instance at 0x7fccc0361a00>,126,2,[5 8],127,-1,768,-1,766
1,<environment.Job instance at 0x7fccc0361d20>,131,28,[6 2],132,-1,817,-1,789
1,<environment.Job instance at 0x7fccc0361dc0>,132,24,[5 4],133,-1,813,-1,789
1,<environment.Job instance at 0x7fccc0361fa0>,135,17,[12  1],136,-1,849,-1,832
1,<environment.Job instance at 0x7fccc0fa5280>,137,14,[ 4 14],138,-1,850,-1,836
1,<environment.Job instance at 0x7fccc131d9b0>,138,22,[10  1],139,-1,1577,-1,1555
1,<environment.Job instance at 0x7fccc084fbe0>,4,21,[ 3 13],5,-1,26,-1,5
1,<environment.Job instance at 0x7fccbfe847d0>,12,14,[14  5],13,-1,39,-1,25
1,<environment.Job instance at 0x7fccbfe84be0>,13,13,[ 4 11],14,-1,38,-1,25
1,<environment.Job instance at 0x7fccbfe84cd0>,14,12,[11  4],15,-1,37,-1,25
1,<environment.Job instance at 0x7fccbfe849b0>,15,26,[ 5 13],16,-1,51,-1,25
1,<environment.Job instance at 0x7fccbfe843c0>,17,18,[ 4 14],18,-1,54,-1,36
1,<environment.Job instance at 0x7fccbfe84640>,19,17,[ 1 14],20,-1,58,-1,41
1,<environment.Job instance at 0x7fccc1315e10>,22,12,[11  5],23,-1,78,-1,66
1,<environment.Job instance at 0x7fccc132a5a0>,23,16,[ 5 13],24,-1,82,-1,66
1,<environment.Job instance at 0x7fccc05f5640>,24,18,[ 1 12],25,-1,84,-1,66
1,<environment.Job instance at 0x7fccc05f55f0>,25,26,[4 8],26,-1,92,-1,66
1,<environment.Job instance at 0x7fccc0623af0>,26,2,[ 1 10],27,-1,68,-1,66
1,<environment.Job instance at 0x7fccc13c5fa0>,29,14,[ 1 12],30,-1,90,-1,76
1,<environment.Job instance at 0x7fccc13c5af0>,30,17,[13  3],31,-1,93,-1,76
1,<environment.Job instance at 0x7fccc374aaf0>,31,12,[14  4],32,-1,88,-1,76
1,<environment.Job instance at 0x7fccc0389690>,34,24,[2 7],35,-1,114,-1,90
1,<environment.Job instance at 0x7fccc03899b0>,35,16,[13  3],36,-1,106,-1,90
1,<environment.Job instance at 0x7fccc014d0a0>,37,2,[6 3],38,-1,92,-1,90
1,<environment.Job instance at 0x7fccc082a6e0>,42,28,[8 5],43,-1,144,-1,116
1,<environment.Job instance at 0x7fccc082a4b0>,43,16,[ 4 11],44,-1,132,-1,116
1,<environment.Job instance at 0x7fccc082a2d0>,44,1,[6 3],45,-1,117,-1,116
1,<environment.Job instance at 0x7fccc0e94050>,47,18,[ 3 14],48,-1,148,-1,130
1,<environment.Job instance at 0x7fccc0a09640>,48,16,[12  1],49,-1,146,-1,130
1,<environment.Job instance at 0x7fccc0a09050>,51,19,[ 2 12],52,-1,167,-1,148
1,<environment.Job instance at 0x7fccc09e5fa0>,52,17,[ 2 12],53,-1,165,-1,148
1,<environment.Job instance at 0x7fccbff51640>,58,24,[2 9],59,-1,204,-1,180
1,<environment.Job instance at 0x7fccc119d7d0>,61,20,[14  5],62,-1,216,-1,196
1,<environment.Job instance at 0x7fccbfe59140>,64,18,[14  2],65,-1,230,-1,212
1,<environment.Job instance at 0x7fccbfe59f50>,65,19,[11  5],66,-1,231,-1,212
1,<environment.Job instance at 0x7fccbfe59730>,69,25,[5 5],70,-1,271,-1,246
1,<environment.Job instance at 0x7fccc0857fa0>,72,2,[ 5 11],73,-1,274,-1,272
1,<environment.Job instance at 0x7fccc08578c0>,73,16,[ 5 11],74,-1,288,-1,272
1,<environment.Job instance at 0x7fccc0f009b0>,76,28,[7 1],77,-1,307,-1,279
1,<environment.Job instance at 0x7fccc0f00c80>,78,27,[ 1 10],79,-1,306,-1,279
1,<environment.Job instance at 0x7fccc0f00cd0>,79,13,[ 4 12],80,-1,292,-1,279
1,<environment.Job instance at 0x7fccc0f00f00>,80,14,[12  2],81,-1,293,-1,279
1,<environment.Job instance at 0x7fccc0838190>,87,13,[ 1 14],88,-1,364,-1,351
1,<environment.Job instance at 0x7fccc0838dc0>,89,23,[13  1],90,-1,374,-1,351
1,<environment.Job instance at 0x7fccc115f370>,91,13,[ 3 13],92,-1,364,-1,351
1,<environment.Job instance at 0x7fccc0c6bbe0>,92,15,[11  2],93,-1,366,-1,351
1,<environment.Job instance at 0x7fccc0c6bc30>,93,23,[ 1 10],94,-1,374,-1,351
1,<environment.Job instance at 0x7fccc0c6b4b0>,94,28,[ 1 14],95,-1,379,-1,351
1,<environment.Job instance at 0x7fccc0ce78c0>,97,2,[4 8],98,-1,371,-1,369
1,<environment.Job instance at 0x7fccc0c6b2d0>,98,24,[4 6],99,-1,393,-1,369
1,<environment.Job instance at 0x7fccc9cd3f50>,100,21,[ 4 13],101,-1,397,-1,376
1,<environment.Job instance at 0x7fccc0666640>,105,24,[ 1 14],106,-1,436,-1,412
1,<environment.Job instance at 0x7fccc0369af0>,108,28,[ 4 12],109,-1,451,-1,423
1,<environment.Job instance at 0x7fccc13d3dc0>,115,26,[5 6],116,-1,504,-1,478
1,<environment.Job instance at 0x7fccc12ce2d0>,117,18,[ 3 13],118,-1,508,-1,490
1,<environment.Job instance at 0x7fccc131dd70>,118,21,[ 4 10],119,-1,511,-1,490
1,<environment.Job instance at 0x7fccc131df50>,119,3,[14  4],120,-1,493,-1,490
1,<environment.Job instance at 0x7fccc131de60>,120,16,[ 4 12],121,-1,506,-1,490
1,<environment.Job instance at 0x7fccc084e050>,121,17,[14  1],122,-1,507,-1,490
1,<environment.Job instance at 0x7fccc084e370>,124,15,[14  5],125,-1,541,-1,526
1,<environment.Job instance at 0x7fccc084ee10>,125,2,[9 2],126,-1,528,-1,526
1,<environment.Job instance at 0x7fccc12f9780>,126,18,[ 5 14],127,-1,544,-1,526
1,<environment.Job instance at 0x7fccc12f97d0>,127,25,[12  4],128,-1,551,-1,526
1,<environment.Job instance at 0x7fccc094aeb0>,131,15,[ 5 12],132,-1,559,-1,544
1,<environment.Job instance at 0x7fccc0e1b960>,132,19,[14  4],133,-1,563,-1,544
1,<environment.Job instance at 0x7fccc0e1b730>,133,25,[ 4 10],134,-1,569,-1,544
1,<environment.Job instance at 0x7fccc0e1bc30>,134,13,[11  3],135,-1,557,-1,544
1,<environment.Job instance at 0x7fccc04ad8c0>,137,16,[ 3 12],138,-1,574,-1,558
1,<environment.Job instance at 0x7fccc04ad050>,139,21,[11  3],140,-1,594,-1,573
1,<environment.Job instance at 0x7fccc0e48190>,140,28,[3 7],141,-1,601,-1,573
1,<environment.Job instance at 0x7fccc0e48cd0>,142,3,[ 4 12],143,-1,576,-1,573
1,<environment.Job instance at 0x7fccc0e48780>,143,28,[5 8],144,-1,601,-1,573
1,<environment.Job instance at 0x7fccc0e48140>,144,18,[12  4],145,-1,591,-1,573
1,<environment.Job instance at 0x7fccc0e487d0>,146,17,[ 5 11],147,-1,606,-1,589
1,<environment.Job instance at 0x7fccc086fbe0>,149,27,[4 5],150,-1,633,-1,606
1,<environment.Job instance at 0x7fccc149d730>,151,15,[14  3],152,-1,635,-1,620
1,<environment.Job instance at 0x7fccc149d820>,152,27,[9 3],153,-1,647,-1,620
1,<environment.Job instance at 0x7fccc0370e10>,154,27,[10  5],155,-1,647,-1,620
1,<environment.Job instance at 0x7fccc0426c30>,159,15,[ 2 11],160,-1,663,-1,648
1,<environment.Job instance at 0x7fccc04260f0>,160,17,[11  5],161,-1,679,-1,662
1,<environment.Job instance at 0x7fccc1335730>,161,2,[ 2 12],162,-1,664,-1,662
1,<environment.Job instance at 0x7fccc01fc410>,166,28,[ 5 10],167,-1,717,-1,689
1,<environment.Job instance at 0x7fccc01fcb40>,167,25,[ 3 10],168,-1,714,-1,689
1,<environment.Job instance at 0x7fccc01fc2d0>,168,2,[14  5],169,-1,691,-1,689
1,<environment.Job instance at 0x7fccc01fcd70>,169,2,[6 3],170,-1,691,-1,689
1,<environment.Job instance at 0x7fccc01fc6e0>,170,14,[12  2],171,-1,703,-1,689
1,<environment.Job instance at 0x7fccc01fcc80>,172,3,[11  5],173,-1,713,-1,710
1,<environment.Job instance at 0x7fccc01fc0f0>,173,27,[5 5],174,-1,737,-1,710
1,<environment.Job instance at 0x7fccc01fcaa0>,174,27,[2 5],175,-1,739,-1,712
1,<environment.Job instance at 0x7fccc0d92370>,176,28,[ 5 11],177,-1,740,-1,712
1,<environment.Job instance at 0x7fccc0d92910>,178,1,[4 8],181,-1,719,-1,718
1,<environment.Job instance at 0x7fccc02cbc30>,2,23,[4 8],3,-1,26,-1,3
1,<environment.Job instance at 0x7fccc02cb960>,3,26,[6 1],4,-1,30,-1,4
1,<environment.Job instance at 0x7fccc02cbe60>,4,2,[8 3],5,-1,7,-1,5
1,<environment.Job instance at 0x7fccc12a9960>,6,13,[ 3 14],7,-1,20,-1,7
1,<environment.Job instance at 0x7fccc02cb690>,8,27,[13  2],9,-1,36,-1,9
1,<environment.Job instance at 0x7fccc12a9d70>,9,27,[9 3],10,-1,37,-1,10
1,<environment.Job instance at 0x7fccc12a9870>,10,13,[13  1],11,-1,24,-1,11
1,<environment.Job instance at 0x7fccc12a90f0>,15,2,[8 4],16,-1,23,-1,21
1,<environment.Job instance at 0x7fccc1048c30>,22,12,[2 6],23,-1,49,-1,37
1,<environment.Job instance at 0x7fccc1048500>,25,24,[9 2],26,-1,90,-1,66
1,<environment.Job instance at 0x7fccc1048230>,26,16,[ 5 11],27,-1,82,-1,66
1,<environment.Job instance at 0x7fccc1048410>,27,12,[9 3],28,-1,78,-1,66
1,<environment.Job instance at 0x7fccc1048370>,28,28,[ 4 10],29,-1,94,-1,66
1,<environment.Job instance at 0x7fccc10486e0>,29,16,[14  3],30,-1,82,-1,66
1,<environment.Job instance at 0x7fccc1048a00>,30,22,[8 5],31,-1,92,-1,70
1,<environment.Job instance at 0x7fccc1048280>,31,27,[6 5],32,-1,97,-1,70
1,<environment.Job instance at 0x7fccc1048e10>,32,28,[13  5],33,-1,98,-1,70
1,<environment.Job instance at 0x7fccc1531a00>,34,27,[6 2],35,-1,97,-1,70
1,<environment.Job instance at 0x7fccc1531230>,37,14,[13  5],38,-1,95,-1,81
1,<environment.Job instance at 0x7fccc15310a0>,38,13,[8 1],39,-1,94,-1,81
1,<environment.Job instance at 0x7fccc1531f00>,41,28,[12  1],42,-1,121,-1,93
1,<environment.Job instance at 0x7fccc0fe82d0>,44,13,[ 1 13],45,-1,123,-1,110
1,<environment.Job instance at 0x7fccc0fe8be0>,45,2,[ 5 10],46,-1,112,-1,110
1,<environment.Job instance at 0x7fccc0fe85f0>,46,24,[10  4],47,-1,134,-1,110
1,<environment.Job instance at 0x7fccc0fe89b0>,48,23,[ 2 14],49,-1,147,-1,124
1,<environment.Job instance at 0x7fccbff53550>,50,25,[3 5],51,-1,155,-1,130
1,<environment.Job instance at 0x7fccc0541820>,51,28,[5 8],52,-1,158,-1,130
1,<environment.Job instance at 0x7fccc0fe8d20>,53,13,[13  1],54,-1,154,-1,141
1,<environment.Job instance at 0x7fccc03912d0>,58,21,[8 1],59,-1,190,-1,169
1,<environment.Job instance at 0x7fccbff61b40>,59,24,[1 6],60,-1,193,-1,169
1,<environment.Job instance at 0x7fccbff612d0>,64,1,[7 2],65,-1,205,-1,204
1,<environment.Job instance at 0x7fccc03229b0>,65,25,[9 5],66,-1,229,-1,204
1,<environment.Job instance at 0x7fccc0322c80>,66,2,[ 1 13],67,-1,206,-1,204
1,<environment.Job instance at 0x7fccc0322e60>,67,28,[5 8],68,-1,232,-1,204
1,<environment.Job instance at 0x7fccbfe75050>,69,15,[14  2],70,-1,234,-1,219
1,<environment.Job instance at 0x7fccc05e35f0>,70,20,[ 2 10],71,-1,244,-1,224
1,<environment.Job instance at 0x7fccc1222a50>,72,26,[10  5],73,-1,263,-1,237
1,<environment.Job instance at 0x7fccca1f6e60>,73,15,[ 1 13],74,-1,252,-1,237
1,<environment.Job instance at 0x7fccc0ed6e10>,76,15,[ 5 14],77,-1,259,-1,244
1,<environment.Job instance at 0x7fccc07060f0>,77,27,[8 4],78,-1,271,-1,244
1,<environment.Job instance at 0x7fccc0118e60>,81,15,[ 4 11],82,-1,272,-1,257
1,<environment.Job instance at 0x7fccc08b7190>,84,18,[ 2 14],85,-1,289,-1,271
1,<environment.Job instance at 0x7fccc01665a0>,86,27,[4 6],87,-1,313,-1,286
1,<environment.Job instance at 0x7fccc0b520a0>,87,24,[5 9],88,-1,310,-1,286
1,<environment.Job instance at 0x7fccc0d41870>,88,15,[ 1 10],89,-1,301,-1,286
1,<environment.Job instance at 0x7fccc11a2780>,90,13,[ 1 10],91,-1,312,-1,299
1,<environment.Job instance at 0x7fccc11a2a00>,94,28,[ 5 10],95,-1,343,-1,315
1,<environment.Job instance at 0x7fccc12333c0>,95,12,[11  2],96,-1,327,-1,315
1,<environment.Job instance at 0x7fccc11a2820>,96,27,[5 6],97,-1,342,-1,315
1,<environment.Job instance at 0x7fccc0d94d70>,98,3,[4 6],99,-1,328,-1,325
1,<environment.Job instance at 0x7fccc0d94be0>,99,2,[12  4],100,-1,327,-1,325
1,<environment.Job instance at 0x7fccc0d94550>,100,13,[8 1],101,-1,338,-1,325
1,<environment.Job instance at 0x7fccc0d943c0>,101,17,[12  4],102,-1,342,-1,325
1,<environment.Job instance at 0x7fccc0312370>,103,18,[ 5 14],104,-1,351,-1,333
1,<environment.Job instance at 0x7fccc03125a0>,104,18,[ 2 14],105,-1,351,-1,333
1,<environment.Job instance at 0x7fccc0312870>,106,3,[11  2],107,-1,346,-1,343
1,<environment.Job instance at 0x7fccc07a3c80>,108,1,[ 5 14],109,-1,357,-1,356
1,<environment.Job instance at 0x7fccc9f1e280>,110,16,[ 2 13],111,-1,372,-1,356
1,<environment.Job instance at 0x7fccc9f1e320>,111,27,[ 2 11],112,-1,383,-1,356
1,<environment.Job instance at 0x7fccbffbac80>,112,19,[ 3 14],113,-1,375,-1,356
1,<environment.Job instance at 0x7fccbffba0f0>,114,27,[6 4],115,-1,394,-1,367
1,<environment.Job instance at 0x7fccbffbaaa0>,116,26,[5 7],117,-1,406,-1,380
1,<environment.Job instance at 0x7fccc090f730>,120,2,[10  2],121,-1,398,-1,396
1,<environment.Job instance at 0x7fccc090f460>,121,16,[14  3],122,-1,412,-1,396
1,<environment.Job instance at 0x7fccc090f0a0>,122,23,[4 5],123,-1,419,-1,396
1,<environment.Job instance at 0x7fccbfdbcf50>,124,15,[11  2],125,-1,413,-1,398
1,<environment.Job instance at 0x7fccbfdbc910>,125,27,[11  4],126,-1,425,-1,398
1,<environment.Job instance at 0x7fccbfdbc5f0>,128,28,[5 3],129,-1,446,-1,418
1,<environment.Job instance at 0x7fccbfdbcf00>,129,3,[10  2],130,-1,421,-1,418
1,<environment.Job instance at 0x7fccbfdbc050>,131,19,[13  4],132,-1,448,-1,429
1,<environment.Job instance at 0x7fccc063b3c0>,134,3,[2 9],135,-1,455,-1,452
1,<environment.Job instance at 0x7fccc063b050>,135,12,[ 2 14],136,-1,464,-1,452
1,<environment.Job instance at 0x7fccc063b2d0>,136,25,[ 2 12],137,-1,477,-1,452
1,<environment.Job instance at 0x7fccc0d77b40>,143,14,[ 2 12],144,-1,496,-1,482
1,<environment.Job instance at 0x7fccc119cc80>,147,27,[5 2],148,-1,530,-1,503
1,<environment.Job instance at 0x7fccc119c3c0>,148,21,[13  1],149,-1,524,-1,503
1,<environment.Job instance at 0x7fccc077daf0>,158,17,[11  1],159,-1,580,-1,563
1,<environment.Job instance at 0x7fccc01725a0>,159,23,[14  4],160,-1,586,-1,563
1,<environment.Job instance at 0x7fccc0b45050>,160,16,[14  2],161,-1,579,-1,563
1,<environment.Job instance at 0x7fccc0b36aa0>,162,24,[1 5],163,-1,587,-1,563
1,<environment.Job instance at 0x7fccc0b36af0>,164,13,[ 2 10],165,-1,590,-1,577
1,<environment.Job instance at 0x7fccc0a824b0>,165,1,[6 2],166,-1,578,-1,577
1,<environment.Job instance at 0x7fccc04ad0f0>,166,14,[9 1],167,-1,593,-1,579
1,<environment.Job instance at 0x7fccc1063410>,167,28,[ 3 11],168,-1,607,-1,579
1,<environment.Job instance at 0x7fccc0b4bdc0>,168,13,[10  2],169,-1,594,-1,581
1,<environment.Job instance at 0x7fccc049c050>,170,12,[13  5],171,-1,593,-1,581
1,<environment.Job instance at 0x7fccc049c6e0>,172,21,[ 3 14],173,-1,607,-1,586
1,<environment.Job instance at 0x7fccc0794e10>,175,28,[9 5],176,-1,642,-1,614
1,<environment.Job instance at 0x7fccc07948c0>,176,25,[8 1],177,-1,639,-1,614
1,<environment.Job instance at 0x7fccc0794a50>,177,20,[ 5 11],178,-1,634,-1,614
1,<environment.Job instance at 0x7fccc064edc0>,181,16,[11  2],182,-1,650,-1,634
1,<environment.Job instance at 0x7fccc0a556e0>,6,22,[ 4 10],7,-1,29,-1,7
1,<environment.Job instance at 0x7fccc03bfaf0>,7,1,[ 1 12],8,-1,9,-1,8
1,<environment.Job instance at 0x7fccc0a23c30>,10,26,[3 5],11,-1,37,-1,11
1,<environment.Job instance at 0x7fccc0a23050>,11,13,[ 1 11],12,-1,25,-1,12
1,<environment.Job instance at 0x7fccc0bb25f0>,16,26,[2 9],17,-1,44,-1,18
1,<environment.Job instance at 0x7fccc14e0aa0>,17,28,[13  1],18,-1,46,-1,18
1,<environment.Job instance at 0x7fccc1597af0>,18,15,[ 3 11],19,-1,34,-1,19
1,<environment.Job instance at 0x7fccc1597eb0>,20,14,[ 4 10],21,-1,47,-1,33
1,<environment.Job instance at 0x7fccc12f4a00>,27,12,[6 1],28,-1,74,-1,62
1,<environment.Job instance at 0x7fccc0b629b0>,28,14,[ 5 11],29,-1,76,-1,62
1,<environment.Job instance at 0x7fccc08e7280>,37,28,[13  4],38,-1,168,-1,140
1,<environment.Job instance at 0x7fccc0e1c190>,40,15,[ 4 11],41,-1,189,-1,174
1,<environment.Job instance at 0x7fccc03692d0>,41,26,[9 5],42,-1,200,-1,174
1,<environment.Job instance at 0x7fccc0369730>,42,24,[9 4],43,-1,198,-1,174
1,<environment.Job instance at 0x7fccbfe84c80>,43,2,[2 8],44,-1,176,-1,174
1,<environment.Job instance at 0x7fccbfe84410>,44,25,[ 2 12],45,-1,199,-1,174
1,<environment.Job instance at 0x7fccc004d9b0>,46,16,[12  5],47,-1,190,-1,174
1,<environment.Job instance at 0x7fccc004d960>,47,25,[4 9],48,-1,199,-1,174
1,<environment.Job instance at 0x7fccc004d8c0>,48,28,[2 5],49,-1,202,-1,174
1,<environment.Job instance at 0x7fccc0a4f5f0>,51,2,[ 3 12],52,-1,185,-1,183
1,<environment.Job instance at 0x7fccc03151e0>,53,1,[5 5],54,-1,189,-1,188
1,<environment.Job instance at 0x7fccc0a09e60>,54,13,[ 1 10],55,-1,201,-1,188
1,<environment.Job instance at 0x7fccc0a09370>,57,18,[14  4],58,-1,213,-1,195
1,<environment.Job instance at 0x7fccc0a09af0>,59,13,[ 2 13],60,-1,222,-1,209
1,<environment.Job instance at 0x7fccc01fc730>,60,25,[ 2 14],61,-1,234,-1,209
1,<environment.Job instance at 0x7fccc0a098c0>,61,27,[4 5],62,-1,236,-1,209
1,<environment.Job instance at 0x7fccc064ef50>,66,2,[ 1 10],67,-1,239,-1,237
1,<environment.Job instance at 0x7fccc9cd37d0>,70,12,[11  5],71,-1,275,-1,263
1,<environment.Job instance at 0x7fccc12f8780>,71,3,[9 5],72,-1,266,-1,263
1,<environment.Job instance at 0x7fccc9cd3050>,72,3,[5 4],73,-1,266,-1,263
1,<environment.Job instance at 0x7fccc030f460>,76,14,[ 3 14],77,-1,294,-1,280
1,<environment.Job instance at 0x7fccc05b2e60>,77,15,[ 2 12],78,-1,295,-1,280
1,<environment.Job instance at 0x7fccc04261e0>,79,16,[ 3 12],80,-1,298,-1,282
1,<environment.Job instance at 0x7fccc0426be0>,80,12,[12  3],81,-1,294,-1,282
1,<environment.Job instance at 0x7fccc08e18c0>,83,28,[4 8],84,-1,329,-1,301
1,<environment.Job instance at 0x7fccc08e1a00>,84,3,[6 5],85,-1,304,-1,301
1,<environment.Job instance at 0x7fccc08e1e10>,90,24,[7 1],91,-1,351,-1,327
1,<environment.Job instance at 0x7fccc08e1c30>,92,13,[12  5],93,-1,353,-1,340
1,<environment.Job instance at 0x7fccc04fd5f0>,95,25,[11  2],96,-1,380,-1,355
1,<environment.Job instance at 0x7fccc04fd230>,96,20,[ 1 10],97,-1,375,-1,355
1,<environment.Job instance at 0x7fccc04fd460>,97,13,[11  2],98,-1,368,-1,355
1,<environment.Job instance at 0x7fccc04fd410>,98,3,[10  2],99,-1,358,-1,355
1,<environment.Job instance at 0x7fccc04fd320>,99,22,[8 4],100,-1,384,-1,362
1,<environment.Job instance at 0x7fccc04fd730>,101,2,[7 1],102,-1,364,-1,362
1,<environment.Job instance at 0x7fccc04fd3c0>,102,17,[ 3 11],103,-1,379,-1,362
1,<environment.Job instance at 0x7fccc1434b40>,104,24,[8 4],105,-1,399,-1,375
1,<environment.Job instance at 0x7fccc1434aa0>,106,1,[5 3],107,-1,394,-1,393
1,<environment.Job instance at 0x7fccc1434eb0>,122,3,[ 2 10],123,-1,544,-1,541
1,<environment.Job instance at 0x7fccc0e1b7d0>,124,2,[3 8],125,-1,558,-1,556
1,<environment.Job instance at 0x7fccc0e1beb0>,130,13,[ 2 13],131,-1,615,-1,602
1,<environment.Job instance at 0x7fccc0e1b410>,131,13,[12  5],132,-1,615,-1,602
1,<environment.Job instance at 0x7fccc0e1b2d0>,133,26,[6 5],134,-1,628,-1,602
1,<environment.Job instance at 0x7fccc0e1b730>,137,17,[ 2 13],138,-1,644,-1,627
1,<environment.Job instance at 0x7fccc0e1b780>,141,13,[12  4],142,-1,669,-1,656
1,<environment.Job instance at 0x7fccc0e1b550>,144,1,[ 3 14],145,-1,671,-1,670
1,<environment.Job instance at 0x7fccc11652d0>,145,23,[ 1 10],146,-1,693,-1,670
1,<environment.Job instance at 0x7fccc1165640>,148,14,[9 1],149,-1,711,-1,697
1,<environment.Job instance at 0x7fccc1165730>,149,19,[ 1 10],150,-1,721,-1,702
1,<environment.Job instance at 0x7fccc11653c0>,150,25,[ 3 14],151,-1,727,-1,702
1,<environment.Job instance at 0x7fccc1165f50>,151,3,[2 8],152,-1,705,-1,702
1,<environment.Job instance at 0x7fccc1165780>,152,18,[ 5 14],153,-1,720,-1,702
1,<environment.Job instance at 0x7fccc1165460>,153,12,[ 2 13],154,-1,714,-1,702
1,<environment.Job instance at 0x7fccc1165a00>,154,12,[11  2],155,-1,714,-1,702
1,<environment.Job instance at 0x7fccc1165fa0>,155,27,[11  3],156,-1,729,-1,702
1,<environment.Job instance at 0x7fccc1165050>,156,28,[ 3 13],157,-1,730,-1,702
1,<environment.Job instance at 0x7fccc11658c0>,157,14,[ 4 11],158,-1,716,-1,702
1,<environment.Job instance at 0x7fccc11655a0>,161,18,[ 1 10],176,-1,741,-1,723
1,<environment.Job instance at 0x7fccc1165cd0>,162,12,[9 1],177,-1,735,-1,723
1,<environment.Job instance at 0x7fccbff512d0>,164,23,[ 1 11],179,-1,746,-1,723
1,<environment.Job instance at 0x7fccbff51d70>,166,2,[3 5],181,-1,725,-1,723
1,<environment.Job instance at 0x7fccbff51140>,167,17,[13  4],182,-1,740,-1,723
1,<environment.Job instance at 0x7fccbff51640>,168,26,[5 8],183,-1,749,-1,723
1,<environment.Job instance at 0x7fccbff51410>,169,17,[12  5],184,-1,740,-1,723
1,<environment.Job instance at 0x7fccbff51230>,172,13,[11  5],187,-1,748,-1,735
1,<environment.Job instance at 0x7fccbff51550>,173,21,[14  3],189,-1,756,-1,735
1,<environment.Job instance at 0x7fccc04dd4b0>,10,23,[ 1 10],11,-1,48,-1,25
1,<environment.Job instance at 0x7fccc04dd3c0>,11,13,[14  5],12,-1,38,-1,25
1,<environment.Job instance at 0x7fccc0c213c0>,14,28,[5 9],15,-1,68,-1,40
1,<environment.Job instance at 0x7fccc04f0b90>,18,14,[ 1 10],19,-1,72,-1,58
1,<environment.Job instance at 0x7fccc04f0d70>,19,1,[10  3],20,-1,59,-1,58
1,<environment.Job instance at 0x7fccc04f0050>,20,28,[3 8],21,-1,86,-1,58
1,<environment.Job instance at 0x7fccc04f0190>,21,1,[5 2],22,-1,59,-1,58
1,<environment.Job instance at 0x7fccc04f0370>,23,12,[12  1],24,-1,86,-1,74
1,<environment.Job instance at 0x7fccc04f0aa0>,24,16,[ 2 10],25,-1,90,-1,74
1,<environment.Job instance at 0x7fccc0c2de10>,29,18,[ 4 11],30,-1,113,-1,95
1,<environment.Job instance at 0x7fccc0c32be0>,30,27,[5 6],31,-1,122,-1,95
1,<environment.Job instance at 0x7fccc04e8eb0>,35,18,[ 5 13],36,-1,135,-1,117
1,<environment.Job instance at 0x7fccc04d51e0>,36,13,[9 1],37,-1,130,-1,117
1,<environment.Job instance at 0x7fccc04d5d20>,37,13,[10  4],38,-1,130,-1,117
1,<environment.Job instance at 0x7fccc0b6ceb0>,38,2,[10  1],39,-1,119,-1,117
1,<environment.Job instance at 0x7fccc0b6ccd0>,40,17,[ 5 13],41,-1,139,-1,122
1,<environment.Job instance at 0x7fccc0132320>,41,12,[ 5 12],42,-1,134,-1,122
1,<environment.Job instance at 0x7fccc05e3fa0>,43,3,[6 3],44,-1,137,-1,134
1,<environment.Job instance at 0x7fccc011be60>,46,3,[8 5],47,-1,157,-1,154
1,<environment.Job instance at 0x7fccc011b640>,48,13,[1 7],49,-1,167,-1,154
1,<environment.Job instance at 0x7fccc011b5f0>,49,21,[6 5],50,-1,190,-1,169
1,<environment.Job instance at 0x7fccc011b320>,51,16,[1 7],52,-1,185,-1,169
1,<environment.Job instance at 0x7fccc011bbe0>,52,13,[13  2],53,-1,182,-1,169
1,<environment.Job instance at 0x7fccc129e4b0>,53,12,[1 7],54,-1,181,-1,169
1,<environment.Job instance at 0x7fccc0c21140>,54,13,[2 5],55,-1,182,-1,169
1,<environment.Job instance at 0x7fccc0787960>,55,1,[4 6],56,-1,170,-1,169
1,<environment.Job instance at 0x7fccc06e4230>,56,14,[ 5 10],57,-1,183,-1,169
1,<environment.Job instance at 0x7fccc06f68c0>,57,19,[1 9],58,-1,188,-1,169
1,<environment.Job instance at 0x7fccc0c4faa0>,58,16,[2 9],59,-1,185,-1,169
1,<environment.Job instance at 0x7fccc0b604b0>,59,3,[4 5],60,-1,172,-1,169
1,<environment.Job instance at 0x7fccc0705690>,60,18,[10  4],61,-1,187,-1,169
1,<environment.Job instance at 0x7fccc0c4fe60>,61,18,[8 1],62,-1,187,-1,169
1,<environment.Job instance at 0x7fccc0c7c370>,62,13,[ 4 12],63,-1,182,-1,169
1,<environment.Job instance at 0x7fccc06c2be0>,63,18,[13  3],64,-1,187,-1,169
1,<environment.Job instance at 0x7fccc06c25a0>,64,20,[5 5],65,-1,189,-1,169
1,<environment.Job instance at 0x7fccc06c2af0>,65,16,[8 1],66,-1,185,-1,169
1,<environment.Job instance at 0x7fccc06c24b0>,66,28,[11  1],67,-1,197,-1,169
1,<environment.Job instance at 0x7fccc06d0f00>,69,16,[11  4],70,-1,202,-1,186
1,<environment.Job instance at 0x7fccc06d01e0>,70,19,[14  3],71,-1,205,-1,186
1,<environment.Job instance at 0x7fccc06f3820>,71,28,[ 2 11],72,-1,214,-1,186
1,<environment.Job instance at 0x7fccc06f3be0>,72,17,[12  1],73,-1,203,-1,186
1,<environment.Job instance at 0x7fccc0c2d7d0>,73,14,[3 5],74,-1,200,-1,186
1,<environment.Job instance at 0x7fccc0722460>,74,14,[13  3],75,-1,200,-1,186
1,<environment.Job instance at 0x7fccc0c2d870>,75,12,[3 9],76,-1,198,-1,186
1,<environment.Job instance at 0x7fccc04f0b40>,76,17,[5 1],77,-1,203,-1,186
1,<environment.Job instance at 0x7fccc04f08c0>,77,24,[ 2 12],78,-1,210,-1,186
1,<environment.Job instance at 0x7fccc04f0820>,78,21,[ 5 14],79,-1,207,-1,186
1,<environment.Job instance at 0x7fccc02b2050>,79,27,[ 4 14],80,-1,213,-1,186
1,<environment.Job instance at 0x7fccc02b2d20>,81,13,[10  2],82,-1,199,-1,186
1,<environment.Job instance at 0x7fccc02b2640>,82,18,[11  2],83,-1,204,-1,186
1,<environment.Job instance at 0x7fccc02b2460>,83,3,[2 9],84,-1,189,-1,186
1,<environment.Job instance at 0x7fccc02b2230>,84,17,[9 1],85,-1,203,-1,186
1,<environment.Job instance at 0x7fccc02b20a0>,86,28,[6 3],87,-1,230,-1,202
1,<environment.Job instance at 0x7fccc02b2820>,87,22,[13  5],88,-1,224,-1,202
1,<environment.Job instance at 0x7fccc02b21e0>,88,19,[ 3 11],89,-1,221,-1,202
1,<environment.Job instance at 0x7fccc02b27d0>,89,1,[ 1 10],90,-1,203,-1,202
1,<environment.Job instance at 0x7fccc06ba5f0>,92,20,[11  4],93,-1,229,-1,209
1,<environment.Job instance at 0x7fccc06ba730>,93,2,[5 4],94,-1,211,-1,209
1,<environment.Job instance at 0x7fccc06ba690>,96,13,[ 3 11],97,-1,233,-1,220
1,<environment.Job instance at 0x7fccc06ba410>,98,15,[ 2 11],99,-1,245,-1,230
1,<environment.Job instance at 0x7fccc06ba320>,99,12,[ 4 10],100,-1,243,-1,231
1,<environment.Job instance at 0x7fccc06e7dc0>,100,23,[14  1],101,-1,254,-1,231
1,<environment.Job instance at 0x7fccc06e74b0>,102,2,[7 5],103,-1,248,-1,246
1,<environment.Job instance at 0x7fccc06e7f50>,105,13,[ 3 11],106,-1,276,-1,263
1,<environment.Job instance at 0x7fccc06e7230>,107,18,[ 1 12],108,-1,297,-1,279
1,<environment.Job instance at 0x7fccc06e7190>,108,18,[14  4],109,-1,297,-1,279
1,<environment.Job instance at 0x7fccc06e72d0>,110,22,[6 3],111,-1,309,-1,287
1,<environment.Job instance at 0x7fccc06dfb40>,112,25,[9 5],113,-1,319,-1,294
1,<environment.Job instance at 0x7fccc06df280>,113,14,[14  4],114,-1,308,-1,294
1,<environment.Job instance at 0x7fccc06df550>,114,12,[ 2 11],115,-1,306,-1,294
1,<environment.Job instance at 0x7fccc06df730>,116,14,[ 2 12],117,-1,308,-1,294
1,<environment.Job instance at 0x7fccc06eb280>,117,22,[ 3 10],118,-1,316,-1,294
1,<environment.Job instance at 0x7fccc06ebaf0>,119,19,[11  2],120,-1,328,-1,309
1,<environment.Job instance at 0x7fccc06ebcd0>,120,21,[14  2],121,-1,330,-1,309
1,<environment.Job instance at 0x7fccc06eb4b0>,121,14,[ 5 12],122,-1,323,-1,309
1,<environment.Job instance at 0x7fccc06ebe10>,122,3,[9 2],123,-1,312,-1,309
1,<environment.Job instance at 0x7fccc06ebeb0>,125,13,[11  4],126,-1,338,-1,325
1,<environment.Job instance at 0x7fccbfde77d0>,128,12,[1 9],129,-1,364,-1,352
1,<environment.Job instance at 0x7fccbfde7780>,129,1,[ 2 12],130,-1,353,-1,352
1,<environment.Job instance at 0x7fccc029e550>,130,28,[1 8],131,-1,380,-1,352
1,<environment.Job instance at 0x7fccc029eeb0>,132,12,[3 5],133,-1,364,-1,352
1,<environment.Job instance at 0x7fccc029ea50>,133,1,[ 2 14],134,-1,353,-1,352
1,<environment.Job instance at 0x7fccc02a0780>,134,28,[7 2],135,-1,380,-1,352
1,<environment.Job instance at 0x7fccc02a00f0>,136,12,[1 9],137,-1,366,-1,354
1,<environment.Job instance at 0x7fccc02a5dc0>,138,23,[13  2],139,-1,391,-1,368
1,<environment.Job instance at 0x7fccc0b43dc0>,140,2,[1 6],141,-1,387,-1,385
1,<environment.Job instance at 0x7fccc029faa0>,141,28,[8 3],142,-1,413,-1,385
1,<environment.Job instance at 0x7fccc0b43af0>,142,28,[1 7],143,-1,413,-1,385
1,<environment.Job instance at 0x7fccbfde8370>,144,22,[4 7],145,-1,407,-1,385
1,<environment.Job instance at 0x7fccbfde8b90>,145,27,[6 4],146,-1,412,-1,385
1,<environment.Job instance at 0x7fccbfde8c30>,146,28,[10  4],147,-1,413,-1,385
1,<environment.Job instance at 0x7fccbfde81e0>,147,1,[10  5],148,-1,386,-1,385
1,<environment.Job instance at 0x7fccc0b58140>,148,21,[1 9],149,-1,409,-1,388
1,<environment.Job instance at 0x7fccc0289c30>,150,26,[5 5],151,-1,424,-1,398
1,<environment.Job instance at 0x7fccc027a640>,151,3,[6 4],152,-1,401,-1,398
1,<environment.Job instance at 0x7fccc0289410>,152,15,[13  5],153,-1,413,-1,398
1,<environment.Job instance at 0x7fccc02894b0>,153,12,[ 3 12],154,-1,410,-1,398
1,<environment.Job instance at 0x7fccc06d6910>,154,18,[10  1],155,-1,422,-1,404
1,<environment.Job instance at 0x7fccc06d6460>,156,27,[ 1 11],157,-1,431,-1,404
1,<environment.Job instance at 0x7fccc06d6690>,157,13,[1 7],158,-1,417,-1,404
1,<environment.Job instance at 0x7fccc06d6cd0>,158,18,[13  1],159,-1,422,-1,404
1,<environment.Job instance at 0x7fccc06d6500>,159,14,[ 5 11],160,-1,418,-1,404
1,<environment.Job instance at 0x7fccc0b51b40>,161,12,[6 3],162,-1,429,-1,417
1,<environment.Job instance at 0x7fccc0b51230>,162,13,[7 3],163,-1,433,-1,420
1,<environment.Job instance at 0x7fccc0b51960>,163,1,[ 2 12],164,-1,421,-1,420
1,<environment.Job instance at 0x7fccc0b51dc0>,165,13,[12  3],166,-1,441,-1,428
1,<environment.Job instance at 0x7fccc010df50>,169,13,[ 3 12],170,-1,453,-1,440
1,<environment.Job instance at 0x7fccc010da00>,170,14,[ 1 10],171,-1,454,-1,440
1,<environment.Job instance at 0x7fccc010ddc0>,172,17,[ 1 12],173,-1,468,-1,451
1,<environment.Job instance at 0x7fccc010d820>,173,16,[14  5],174,-1,467,-1,451
1,<environment.Job instance at 0x7fccc012a0a0>,174,25,[ 3 10],175,-1,476,-1,451
1,<environment.Job instance at 0x7fccc012af00>,175,16,[ 2 10],176,-1,474,-1,458
1,<environment.Job instance at 0x7fccc012ad20>,177,27,[ 4 10],178,-1,485,-1,458
1,<environment.Job instance at 0x7fccc012aa00>,178,12,[ 2 13],179,-1,470,-1,458
1,<environment.Job instance at 0x7fccc012a870>,182,2,[8 2],183,-1,477,-1,475
1,<environment.Job instance at 0x7fccc012ae10>,183,12,[5 2],184,-1,487,-1,475
1,<environment.Job instance at 0x7fccc012a500>,184,13,[14  1],185,-1,488,-1,475
1,<environment.Job instance at 0x7fccc04d58c0>,186,17,[ 2 12],187,-1,508,-1,491
1,<environment.Job instance at 0x7fccc04d5af0>,188,14,[11  2],189,-1,505,-1,491
1,<environment.Job instance at 0x7fccc0132820>,11,25,[5 2],12,-1,42,-1,17
1,<environment.Job instance at 0x7fccc01325f0>,13,23,[10  2],14,-1,65,-1,42
1,<environment.Job instance at 0x7fccc0132230>,16,18,[ 2 13],17,-1,60,-1,42
1,<environment.Job instance at 0x7fccc06c2a50>,17,27,[ 5 10],18,-1,69,-1,42
1,<environment.Job instance at 0x7fccc06c2a00>,20,15,[3 5],21,-1,72,-1,57
1,<environment.Job instance at 0x7fccc06c2fa0>,23,27,[4 9],24,-1,101,-1,74
1,<environment.Job instance at 0x7fccc06c2b40>,24,20,[12  4],25,-1,94,-1,74
1,<environment.Job instance at 0x7fccc06d6b40>,33,24,[14  3],34,-1,184,-1,160
1,<environment.Job instance at 0x7fccc06d0fa0>,49,13,[ 4 11],50,-1,293,-1,280
1,<environment.Job instance at 0x7fccc06d0d20>,53,12,[ 3 11],54,-1,317,-1,305
1,<environment.Job instance at 0x7fccc12f8690>,61,25,[11  3],62,-1,386,-1,361
1,<environment.Job instance at 0x7fccc0b6c960>,77,27,[14  2],78,-1,495,-1,468
1,<environment.Job instance at 0x7fccc0b6c230>,78,14,[13  4],79,-1,482,-1,468
1,<environment.Job instance at 0x7fccc0b6c550>,81,25,[1 9],82,-1,506,-1,481
1,<environment.Job instance at 0x7fccc0b6c5a0>,82,3,[9 2],83,-1,484,-1,481
1,<environment.Job instance at 0x7fccc0b6caa0>,86,17,[6 1],87,-1,516,-1,499
1,<environment.Job instance at 0x7fccc0b6cc30>,89,12,[ 3 10],90,-1,542,-1,530
1,<environment.Job instance at 0x7fccc06e46e0>,91,12,[13  4],92,-1,542,-1,530
1,<environment.Job instance at 0x7fccc06e4500>,97,28,[ 5 11],98,-1,590,-1,562
1,<environment.Job instance at 0x7fccc0c4f050>,105,13,[11  3],106,-1,644,-1,631
1,<environment.Job instance at 0x7fccc0c4fcd0>,106,27,[11  3],107,-1,658,-1,631
1,<environment.Job instance at 0x7fccc0c4f6e0>,108,3,[12  1],109,-1,635,-1,632
1,<environment.Job instance at 0x7fccc06f0eb0>,117,20,[14  2],118,-1,737,-1,717
1,<environment.Job instance at 0x7fccc06f0f00>,118,1,[6 2],119,-1,718,-1,717
1,<environment.Job instance at 0x7fccc029e410>,138,15,[14  5],139,-1,983,-1,968
1,<environment.Job instance at 0x7fccc0fbec30>,145,25,[6 3],146,-1,1019,-1,994
1,<environment.Job instance at 0x7fccc029eb40>,146,14,[12  5],147,-1,1008,-1,994
1,<environment.Job instance at 0x7fccc027ca00>,148,22,[5 8],149,-1,1076,-1,1054
1,<environment.Job instance at 0x7fccc0a9e500>,152,26,[5 5],153,-1,1080,-1,1054
1,<environment.Job instance at 0x7fccc12320a0>,153,26,[9 5],160,-1,1080,-1,1054
1,<environment.Job instance at 0x7fccc0f58960>,155,18,[4 7],162,-1,3000,-1,2982
1,<environment.Job instance at 0x7fccc118be10>,9,27,[6 2],10,-1,47,-1,20
1,<environment.Job instance at 0x7fccc118b280>,10,14,[ 2 11],11,-1,34,-1,20
1,<environment.Job instance at 0x7fccc118bf50>,11,12,[ 2 13],12,-1,32,-1,20
1,<environment.Job instance at 0x7fccc118bd70>,12,24,[10  3],13,-1,44,-1,20
1,<environment.Job instance at 0x7fccc13ab050>,22,16,[12  2],23,-1,103,-1,87
1,<environment.Job instance at 0x7fccc13abaf0>,24,18,[11  2],25,-1,127,-1,109
1,<environment.Job instance at 0x7fccc13abbe0>,25,22,[14  4],26,-1,131,-1,109
1,<environment.Job instance at 0x7fccc13c8eb0>,26,28,[ 5 11],27,-1,137,-1,109
1,<environment.Job instance at 0x7fccc13c8f00>,27,1,[7 2],28,-1,110,-1,109
1,<environment.Job instance at 0x7fccc9cdfdc0>,28,13,[14  1],29,-1,122,-1,109
1,<environment.Job instance at 0x7fccc9cdfa00>,29,20,[ 4 10],30,-1,129,-1,109
1,<environment.Job instance at 0x7fccca1f3870>,33,27,[9 5],34,-1,151,-1,124
1,<environment.Job instance at 0x7fccc0121730>,34,3,[9 2],35,-1,127,-1,124
1,<environment.Job instance at 0x7fccc0121a50>,35,25,[1 7],36,-1,149,-1,124
1,<environment.Job instance at 0x7fccc0121050>,37,3,[11  5],38,-1,140,-1,137
1,<environment.Job instance at 0x7fccc06e03c0>,41,23,[6 3],42,-1,175,-1,152
1,<environment.Job instance at 0x7fccc06e06e0>,42,22,[12  3],43,-1,174,-1,152
1,<environment.Job instance at 0x7fccc06e04b0>,43,13,[8 5],44,-1,165,-1,152
1,<environment.Job instance at 0x7fccc06e0f00>,44,1,[11  5],45,-1,153,-1,152
1,<environment.Job instance at 0x7fccc0ce1410>,45,25,[ 3 10],46,-1,177,-1,152
1,<environment.Job instance at 0x7fccc0ce1230>,46,21,[6 1],47,-1,173,-1,152
1,<environment.Job instance at 0x7fccc0ce13c0>,47,12,[2 8],48,-1,164,-1,152
1,<environment.Job instance at 0x7fccc0ce1fa0>,50,28,[8 5],51,-1,193,-1,165
1,<environment.Job instance at 0x7fccbfef45a0>,52,16,[ 5 10],53,-1,185,-1,169
1,<environment.Job instance at 0x7fccbfef4d70>,53,13,[5 8],54,-1,183,-1,170
1,<environment.Job instance at 0x7fccbfef47d0>,55,13,[9 1],56,-1,196,-1,183
1,<environment.Job instance at 0x7fccbfef4d20>,56,23,[ 2 11],57,-1,206,-1,183
1,<environment.Job instance at 0x7fccbfef4c80>,57,28,[5 5],58,-1,211,-1,183
1,<environment.Job instance at 0x7fccbfef41e0>,58,14,[ 4 12],59,-1,197,-1,183
1,<environment.Job instance at 0x7fccbfef4b40>,59,2,[5 5],60,-1,185,-1,183
1,<environment.Job instance at 0x7fccbfef46e0>,60,14,[14  5],61,-1,197,-1,183
1,<environment.Job instance at 0x7fccbfef4140>,62,13,[5 9],63,-1,198,-1,185
1,<environment.Job instance at 0x7fccc13185a0>,67,2,[ 4 10],68,-1,218,-1,216
1,<environment.Job instance at 0x7fccc1318730>,72,15,[ 1 11],73,-1,244,-1,229
1,<environment.Job instance at 0x7fccc1318f00>,73,20,[ 5 12],74,-1,249,-1,229
1,<environment.Job instance at 0x7fccc1318a00>,74,1,[3 7],75,-1,230,-1,229
1,<environment.Job instance at 0x7fccc1318dc0>,75,23,[10  2],76,-1,252,-1,229
1,<environment.Job instance at 0x7fccc1318cd0>,77,14,[13  1],78,-1,257,-1,243
1,<environment.Job instance at 0x7fccc13181e0>,78,21,[ 5 10],79,-1,264,-1,243
1,<environment.Job instance at 0x7fccc1318b90>,80,25,[6 4],81,-1,268,-1,243
1,<environment.Job instance at 0x7fccc1318eb0>,81,23,[5 6],82,-1,266,-1,243
1,<environment.Job instance at 0x7fccbfdf3b40>,82,1,[8 4],83,-1,244,-1,243
1,<environment.Job instance at 0x7fccbfdf3960>,83,26,[2 9],84,-1,269,-1,243
1,<environment.Job instance at 0x7fccbfdf3550>,85,25,[8 5],86,-1,286,-1,261
1,<environment.Job instance at 0x7fccbfdf3460>,86,25,[ 1 11],87,-1,286,-1,261
1,<environment.Job instance at 0x7fccbfdf3190>,88,1,[9 1],89,-1,266,-1,265
1,<environment.Job instance at 0x7fccbfdf3870>,90,12,[6 2],91,-1,277,-1,265
1,<environment.Job instance at 0x7fccbfdf32d0>,92,21,[ 1 10],93,-1,295,-1,274
1,<environment.Job instance at 0x7fccbfdf3aa0>,93,24,[ 1 11],94,-1,298,-1,274
1,<environment.Job instance at 0x7fccbfdf3e10>,95,26,[8 3],96,-1,303,-1,277
1,<environment.Job instance at 0x7fccbfdf3140>,97,2,[8 3],98,-1,294,-1,292
1,<environment.Job instance at 0x7fccbfdf3c30>,99,14,[ 3 12],100,-1,309,-1,295
1,<environment.Job instance at 0x7fccbfdf3be0>,101,19,[13  5],102,-1,328,-1,309
1,<environment.Job instance at 0x7fccbfdf3b90>,102,12,[14  3],103,-1,321,-1,309
1,<environment.Job instance at 0x7fccbfdf3320>,103,28,[ 1 10],104,-1,337,-1,309
1,<environment.Job instance at 0x7fccca048a50>,105,14,[11  4],106,-1,325,-1,311
1,<environment.Job instance at 0x7fccca048af0>,106,15,[ 1 14],107,-1,326,-1,311
1,<environment.Job instance at 0x7fccca048370>,108,21,[ 4 14],109,-1,348,-1,327
1,<environment.Job instance at 0x7fccbff583c0>,109,15,[ 4 14],110,-1,342,-1,327
1,<environment.Job instance at 0x7fccbff58af0>,113,27,[4 6],114,-1,371,-1,344
1,<environment.Job instance at 0x7fccc044e6e0>,124,23,[4 9],125,-1,437,-1,414
1,<environment.Job instance at 0x7fccc0263a50>,130,13,[ 1 13],131,-1,459,-1,446
1,<environment.Job instance at 0x7fccc0263d20>,132,3,[11  1],133,-1,465,-1,462
1,<environment.Job instance at 0x7fccc04b6fa0>,134,18,[14  1],135,-1,497,-1,479
1,<environment.Job instance at 0x7fccbff11190>,137,12,[ 5 11],138,-1,523,-1,511
1,<environment.Job instance at 0x7fccc0c623c0>,140,27,[5 1],141,-1,541,-1,514
1,<environment.Job instance at 0x7fccc115e0a0>,141,2,[10  2],142,-1,516,-1,514
1,<environment.Job instance at 0x7fccc07402d0>,142,27,[11  3],143,-1,541,-1,514
1,<environment.Job instance at 0x7fccbff110a0>,143,22,[ 4 13],144,-1,536,-1,514
1,<environment.Job instance at 0x7fccbfdca870>,144,26,[10  2],145,-1,540,-1,514
1,<environment.Job instance at 0x7fccbff11640>,147,24,[ 4 14],148,-1,559,-1,535
1,<environment.Job instance at 0x7fccc0cf9dc0>,148,18,[ 4 13],149,-1,553,-1,535
1,<environment.Job instance at 0x7fccca1f5370>,155,26,[5 9],156,-1,612,-1,586
1,<environment.Job instance at 0x7fccc123dc30>,156,28,[2 9],157,-1,614,-1,586
1,<environment.Job instance at 0x7fccc07de3c0>,157,16,[12  2],158,-1,602,-1,586
1,<environment.Job instance at 0x7fccc07defa0>,160,13,[14  3],161,-1,612,-1,599
1,<environment.Job instance at 0x7fccc0ac2550>,161,16,[11  3],162,-1,616,-1,600
1,<environment.Job instance at 0x7fccc0b068c0>,163,28,[8 3],164,-1,632,-1,604
1,<environment.Job instance at 0x7fccc0b06140>,164,2,[1 9],165,-1,606,-1,604
1,<environment.Job instance at 0x7fccc12123c0>,165,23,[3 5],166,-1,627,-1,604
1,<environment.Job instance at 0x7fccc0c85550>,167,18,[12  5],168,-1,630,-1,612
1,<environment.Job instance at 0x7fccc1212730>,168,17,[13  1],169,-1,629,-1,612
1,<environment.Job instance at 0x7fccc1212410>,169,2,[1 8],170,-1,614,-1,612
1,<environment.Job instance at 0x7fccbff72a00>,170,24,[5 7],171,-1,636,-1,612
1,<environment.Job instance at 0x7fccbff72b40>,171,23,[8 4],172,-1,635,-1,612
1,<environment.Job instance at 0x7fccbff72050>,172,16,[11  1],173,-1,628,-1,612
