iteration,job object,job ID,job Length,job ressource requirement,job enter time,job start time,job finish time,job waiting time,current time
1,<environment.Job instance at 0x7f050dade870>,4,14,[1 6],5,-1,20,-1,6
1,<environment.Job instance at 0x7f050dadea50>,7,25,[6 2],8,-1,33,-1,8
1,<environment.Job instance at 0x7f0517130af0>,5,24,[1 5],6,-1,32,-1,8
1,<environment.Job instance at 0x7f050dae20f0>,15,18,[2 8],16,-1,41,-1,23
1,<environment.Job instance at 0x7f050dae4be0>,0,28,[9 3],1,-1,29,-1,1
1,<environment.Job instance at 0x7f050dae4c80>,1,22,[11  3],2,-1,24,-1,2
1,<environment.Job instance at 0x7f050dae4d70>,3,3,[ 4 14],4,-1,7,-1,4
1,<environment.Job instance at 0x7f050dae8050>,8,22,[14  3],9,-1,31,-1,9
1,<environment.Job instance at 0x7f050dae8370>,9,18,[ 2 13],10,-1,28,-1,10
1,<environment.Job instance at 0x7f050dae8410>,10,18,[ 3 11],11,-1,29,-1,11
1,<environment.Job instance at 0x7f050dae8640>,13,28,[ 4 14],14,-1,42,-1,14
1,<environment.Job instance at 0x7f050dae4e10>,5,24,[1 5],6,-1,43,-1,19
1,<environment.Job instance at 0x7f050dae80a0>,7,25,[6 2],8,-1,50,-1,25
1,<environment.Job instance at 0x7f050dae8280>,17,28,[ 5 10],18,-1,54,-1,26
1,<environment.Job instance at 0x7f050dae8780>,18,3,[ 4 13],19,-1,29,-1,26
1,<environment.Job instance at 0x7f050dae88c0>,19,14,[ 3 11],20,-1,40,-1,26
1,<environment.Job instance at 0x7f050dae8960>,20,1,[13  5],21,-1,27,-1,26
1,<environment.Job instance at 0x7f050dae8aa0>,23,27,[ 1 14],24,-1,53,-1,26
1,<environment.Job instance at 0x7f050dae8d70>,25,27,[8 1],26,-1,67,-1,40
1,<environment.Job instance at 0x7f050dae8e60>,26,26,[5 5],27,-1,69,-1,43
1,<environment.Job instance at 0x7f050daeb190>,29,25,[ 4 11],30,-1,68,-1,43
1,<environment.Job instance at 0x7f050daeb050>,30,22,[ 5 13],31,-1,65,-1,43
1,<environment.Job instance at 0x7f050dae89b0>,28,25,[5 7],29,-1,68,-1,43
1,<environment.Job instance at 0x7f050daeb320>,33,1,[11  3],34,-1,44,-1,43
1,<environment.Job instance at 0x7f050daeb0f0>,31,27,[4 8],32,-1,72,-1,45
1,<environment.Job instance at 0x7f050daeb5a0>,37,13,[ 3 14],38,-1,58,-1,45
1,<environment.Job instance at 0x7f050daeb640>,38,28,[ 2 12],39,-1,73,-1,45
1,<environment.Job instance at 0x7f050daeb820>,40,24,[5 6],41,-1,71,-1,47
1,<environment.Job instance at 0x7f050daeb8c0>,42,27,[5 2],43,-1,74,-1,47
1,<environment.Job instance at 0x7f050d5d2aa0>,4,17,[5 7],5,-1,27,-1,10
1,<environment.Job instance at 0x7f050d5d2dc0>,10,17,[1 6],11,-1,28,-1,11
1,<environment.Job instance at 0x7f050d5d2c80>,9,14,[2 7],10,-1,31,-1,17
1,<environment.Job instance at 0x7f050d5d29b0>,6,20,[ 3 10],7,-1,37,-1,17
1,<environment.Job instance at 0x7f050d5d2fa0>,14,20,[10  2],15,-1,37,-1,17
1,<environment.Job instance at 0x7f050d5d8280>,16,13,[ 2 14],17,-1,30,-1,17
1,<environment.Job instance at 0x7f050d5d2a00>,3,27,[8 5],4,-1,44,-1,17
1,<environment.Job instance at 0x7f050d5d8050>,13,14,[8 1],14,-1,31,-1,17
1,<environment.Job instance at 0x7f050d754870>,17,18,[3 8],18,-1,36,-1,18
1,<environment.Job instance at 0x7f050d641aa0>,21,21,[10  2],22,-1,46,-1,25
1,<environment.Job instance at 0x7f050d5d8370>,18,27,[ 1 10],19,-1,52,-1,25
1,<environment.Job instance at 0x7f050d6e9aa0>,25,14,[5 1],26,-1,40,-1,26
1,<environment.Job instance at 0x7f050d6d5050>,22,28,[5 1],23,-1,54,-1,26
1,<environment.Job instance at 0x7f050d5d2af0>,8,18,[2 8],9,-1,46,-1,28
1,<environment.Job instance at 0x7f050d6e9e60>,26,14,[ 4 11],27,-1,42,-1,28
1,<environment.Job instance at 0x7f050d616320>,28,13,[8 5],29,-1,42,-1,29
1,<environment.Job instance at 0x7f050d6a7550>,27,19,[4 8],28,-1,57,-1,38
1,<environment.Job instance at 0x7f050d5a16e0>,32,15,[5 9],33,-1,55,-1,40
1,<environment.Job instance at 0x7f050d5a1a50>,34,20,[13  1],35,-1,60,-1,40
1,<environment.Job instance at 0x7f050d5a15f0>,39,21,[ 1 11],40,-1,61,-1,40
1,<environment.Job instance at 0x7f050d5a1140>,38,2,[ 3 10],39,-1,42,-1,40
1,<environment.Job instance at 0x7f050d5a1640>,35,18,[ 3 14],36,-1,59,-1,41
1,<environment.Job instance at 0x7f050d5a1190>,40,16,[7 1],41,-1,57,-1,41
1,<environment.Job instance at 0x7f050d602c80>,43,22,[10  2],44,-1,66,-1,44
1,<environment.Job instance at 0x7f050d602af0>,44,12,[5 6],45,-1,57,-1,45
1,<environment.Job instance at 0x7f050d602b90>,46,25,[8 5],47,-1,72,-1,47
1,<environment.Job instance at 0x7f050d6027d0>,47,17,[3 5],48,-1,65,-1,48
1,<environment.Job instance at 0x7f050daebe10>,0,16,[ 2 11],1,-1,17,-1,1
1,<environment.Job instance at 0x7f050daebdc0>,1,16,[12  2],2,-1,18,-1,2
1,<environment.Job instance at 0x7f050daebb90>,3,27,[8 5],4,-1,31,-1,4
1,<environment.Job instance at 0x7f050daeb780>,5,13,[13  1],6,-1,19,-1,6
1,<environment.Job instance at 0x7f050daeb550>,11,23,[1 5],12,-1,45,-1,22
1,<environment.Job instance at 0x7f050daeb0a0>,16,13,[ 2 14],17,-1,38,-1,25
1,<environment.Job instance at 0x7f050dae8f50>,20,13,[ 3 12],21,-1,55,-1,42
1,<environment.Job instance at 0x7f050dae8b90>,22,28,[5 1],23,-1,72,-1,44
1,<environment.Job instance at 0x7f050d2395f0>,0,19,[8 2],1,-1,21,-1,2
1,<environment.Job instance at 0x7f050d239320>,2,27,[5 6],3,-1,30,-1,3
1,<environment.Job instance at 0x7f050d239820>,2,27,[5 6],3,-1,30,-1,3
1,<environment.Job instance at 0x7f050d244960>,3,24,[12  3],4,-1,28,-1,4
1,<environment.Job instance at 0x7f050d244f00>,4,22,[12  5],5,-1,27,-1,5
1,<environment.Job instance at 0x7f050d244500>,5,18,[12  4],6,-1,24,-1,6
1,<environment.Job instance at 0x7f050d2444b0>,6,17,[ 5 13],7,-1,24,-1,7
1,<environment.Job instance at 0x7f050d244370>,7,23,[14  4],8,-1,31,-1,8
1,<environment.Job instance at 0x7f050d2445f0>,12,26,[ 5 12],13,-1,39,-1,13
1,<environment.Job instance at 0x7f050d2445a0>,14,15,[12  1],15,-1,35,-1,20
1,<environment.Job instance at 0x7f050d244e10>,15,14,[ 2 11],16,-1,34,-1,20
1,<environment.Job instance at 0x7f050d446230>,17,3,[ 1 12],18,-1,23,-1,20
1,<environment.Job instance at 0x7f050d446eb0>,19,14,[ 3 14],20,-1,35,-1,21
1,<environment.Job instance at 0x7f050d446320>,22,27,[2 6],23,-1,60,-1,33
1,<environment.Job instance at 0x7f050d446b90>,23,24,[ 2 14],24,-1,57,-1,33
1,<environment.Job instance at 0x7f050d446be0>,25,1,[ 3 12],26,-1,34,-1,33
1,<environment.Job instance at 0x7f050d446690>,26,18,[13  4],27,-1,51,-1,33
1,<environment.Job instance at 0x7f050d4465a0>,27,1,[ 4 11],28,-1,34,-1,33
1,<environment.Job instance at 0x7f050d446140>,28,23,[ 2 14],29,-1,56,-1,33
1,<environment.Job instance at 0x7f050e670eb0>,9,17,[3 7],10,-1,28,-1,11
1,<environment.Job instance at 0x7f050e670f50>,11,18,[1 9],12,-1,30,-1,12
1,<environment.Job instance at 0x7f050e65a050>,12,22,[5 3],13,-1,35,-1,13
1,<environment.Job instance at 0x7f050d244140>,10,25,[9 3],11,-1,38,-1,13
1,<environment.Job instance at 0x7f050e65a460>,17,21,[1 9],18,-1,41,-1,20
1,<environment.Job instance at 0x7f050e65a690>,21,22,[2 9],22,-1,44,-1,22
1,<environment.Job instance at 0x7f050e65a9b0>,22,16,[6 4],23,-1,39,-1,23
1,<environment.Job instance at 0x7f050e65a820>,23,18,[6 5],24,-1,42,-1,24
1,<environment.Job instance at 0x7f050e65a730>,19,14,[11  3],20,-1,44,-1,30
1,<environment.Job instance at 0x7f050e65abe0>,25,16,[ 2 10],26,-1,50,-1,34
1,<environment.Job instance at 0x7f050e65af00>,30,26,[10  5],31,-1,60,-1,34
1,<environment.Job instance at 0x7f050e65afa0>,31,13,[4 9],32,-1,47,-1,34
1,<environment.Job instance at 0x7f050e65adc0>,28,25,[14  4],29,-1,61,-1,36
1,<environment.Job instance at 0x7f050e677370>,34,21,[ 4 12],35,-1,57,-1,36
1,<environment.Job instance at 0x7f050e677550>,37,27,[2 9],38,-1,65,-1,38
1,<environment.Job instance at 0x7f050e6775a0>,38,21,[9 4],39,-1,60,-1,39
1,<environment.Job instance at 0x7f050e677730>,40,18,[10  3],41,-1,59,-1,41
1,<environment.Job instance at 0x7f050e65ad20>,27,21,[ 3 10],28,-1,63,-1,42
1,<environment.Job instance at 0x7f050e677910>,41,17,[12  2],42,-1,65,-1,48
1,<environment.Job instance at 0x7f050e677820>,43,12,[1 7],44,-1,60,-1,48
1,<environment.Job instance at 0x7f050d4442d0>,2,14,[13  4],3,-1,17,-1,3
1,<environment.Job instance at 0x7f050d4444b0>,4,22,[12  4],5,-1,27,-1,5
1,<environment.Job instance at 0x7f050d444af0>,5,23,[1 7],6,-1,29,-1,6
1,<environment.Job instance at 0x7f050d444c30>,7,1,[ 2 14],8,-1,9,-1,8
1,<environment.Job instance at 0x7f050d446780>,14,14,[13  3],15,-1,29,-1,15
1,<environment.Job instance at 0x7f050d446be0>,16,3,[ 2 12],17,-1,27,-1,24
1,<environment.Job instance at 0x7f050d446f00>,10,25,[9 3],11,-1,51,-1,26
1,<environment.Job instance at 0x7f050d4467d0>,18,1,[13  2],19,-1,27,-1,26
1,<environment.Job instance at 0x7f050d446320>,19,14,[11  3],20,-1,40,-1,26
1,<environment.Job instance at 0x7f050d446a00>,26,24,[11  5],27,-1,52,-1,28
1,<environment.Job instance at 0x7f050d244eb0>,28,25,[14  4],29,-1,66,-1,41
1,<environment.Job instance at 0x7f050dbcdeb0>,2,24,[7 5],3,-1,27,-1,3
1,<environment.Job instance at 0x7f050dbcd3c0>,4,28,[2 7],5,-1,33,-1,5
1,<environment.Job instance at 0x7f050dbd2be0>,7,15,[3 7],8,-1,23,-1,8
1,<environment.Job instance at 0x7f050dbcd910>,9,22,[2 7],10,-1,32,-1,10
1,<environment.Job instance at 0x7f050dbda550>,16,17,[3 8],17,-1,34,-1,17
1,<environment.Job instance at 0x7f050dbda730>,17,19,[10  5],18,-1,38,-1,19
1,<environment.Job instance at 0x7f050dbd2730>,18,17,[11  3],19,-1,36,-1,19
1,<environment.Job instance at 0x7f050dbdaaa0>,19,14,[ 1 10],20,-1,35,-1,21
1,<environment.Job instance at 0x7f050dbda910>,20,25,[6 2],21,-1,53,-1,28
1,<environment.Job instance at 0x7f050dbec820>,30,27,[14  3],31,-1,58,-1,31
1,<environment.Job instance at 0x7f050dbdad20>,25,14,[10  1],26,-1,46,-1,32
1,<environment.Job instance at 0x7f050dbec6e0>,33,26,[8 3],34,-1,70,-1,44
1,<environment.Job instance at 0x7f050d2448c0>,2,24,[7 5],3,-1,27,-1,3
1,<environment.Job instance at 0x7f050d244410>,4,28,[2 7],5,-1,35,-1,7
1,<environment.Job instance at 0x7f050e677fa0>,5,28,[9 2],6,-1,35,-1,7
1,<environment.Job instance at 0x7f050d244a50>,10,20,[ 3 13],11,-1,31,-1,11
1,<environment.Job instance at 0x7f050d244910>,11,1,[ 2 14],12,-1,13,-1,12
1,<environment.Job instance at 0x7f050d244780>,12,2,[12  2],13,-1,15,-1,13
1,<environment.Job instance at 0x7f050d244eb0>,15,16,[11  1],16,-1,32,-1,16
1,<environment.Job instance at 0x7f050dbd2a50>,18,17,[11  3],19,-1,36,-1,19
1,<environment.Job instance at 0x7f050dbd2690>,20,25,[6 2],21,-1,54,-1,29
1,<environment.Job instance at 0x7f050d444140>,21,18,[12  4],22,-1,47,-1,29
1,<environment.Job instance at 0x7f050d444640>,23,26,[11  5],24,-1,55,-1,29
1,<environment.Job instance at 0x7f050d4444b0>,27,15,[13  5],28,-1,57,-1,42
1,<environment.Job instance at 0x7f050cdb3730>,8,18,[4 5],9,-1,27,-1,9
1,<environment.Job instance at 0x7f050cdb35f0>,10,25,[ 3 10],11,-1,36,-1,11
1,<environment.Job instance at 0x7f050cd8cb40>,12,27,[3 9],13,-1,40,-1,13
1,<environment.Job instance at 0x7f050cd8caf0>,15,24,[1 5],16,-1,40,-1,16
1,<environment.Job instance at 0x7f050d9a20a0>,16,23,[3 6],17,-1,40,-1,17
1,<environment.Job instance at 0x7f050d9a27d0>,18,21,[8 3],19,-1,40,-1,19
1,<environment.Job instance at 0x7f050e2aa1e0>,19,26,[9 4],20,-1,46,-1,20
1,<environment.Job instance at 0x7f050e6039b0>,2,26,[8 4],3,-1,61,-1,35
1,<environment.Job instance at 0x7f050e2ea0f0>,30,14,[14  5],31,-1,49,-1,35
1,<environment.Job instance at 0x7f050e2eaf50>,29,16,[6 5],30,-1,51,-1,35
1,<environment.Job instance at 0x7f050cd97190>,34,18,[11  3],35,-1,66,-1,48
1,<environment.Job instance at 0x7f050e2ea230>,26,13,[4 9],27,-1,61,-1,48
1,<environment.Job instance at 0x7f050cd97af0>,36,25,[5 2],37,-1,73,-1,48
1,<environment.Job instance at 0x7f050cefd280>,38,28,[5 3],39,-1,76,-1,48
1,<environment.Job instance at 0x7f050ddd26e0>,0,3,[11  3],1,-1,4,-1,1
1,<environment.Job instance at 0x7f050dc86af0>,1,27,[ 4 13],2,-1,29,-1,2
1,<environment.Job instance at 0x7f050dc869b0>,2,26,[8 4],3,-1,29,-1,3
1,<environment.Job instance at 0x7f050dc86320>,5,16,[14  1],6,-1,22,-1,6
1,<environment.Job instance at 0x7f050dbda4b0>,10,25,[ 3 10],11,-1,41,-1,16
1,<environment.Job instance at 0x7f050dbd2690>,14,12,[13  2],15,-1,29,-1,17
1,<environment.Job instance at 0x7f050dbd2dc0>,15,24,[1 5],16,-1,43,-1,19
1,<environment.Job instance at 0x7f050d244cd0>,16,23,[3 6],17,-1,42,-1,19
1,<environment.Job instance at 0x7f050dc8ad20>,12,27,[3 9],13,-1,46,-1,19
1,<environment.Job instance at 0x7f050d244370>,21,17,[12  5],22,-1,50,-1,33
1,<environment.Job instance at 0x7f050d244f00>,22,12,[13  5],23,-1,45,-1,33
1,<environment.Job instance at 0x7f050d244eb0>,19,26,[9 4],20,-1,66,-1,40
1,<environment.Job instance at 0x7f050d244410>,24,25,[1 5],25,-1,65,-1,40
1,<environment.Job instance at 0x7f050d2441e0>,27,15,[ 2 14],28,-1,57,-1,42
1,<environment.Job instance at 0x7f050cdb36e0>,30,14,[14  5],31,-1,60,-1,46
1,<environment.Job instance at 0x7f050cdb35a0>,31,13,[ 5 13],32,-1,59,-1,46
1,<environment.Job instance at 0x7f050e5e4140>,0,25,[4 5],1,-1,26,-1,1
1,<environment.Job instance at 0x7f050e5e4d70>,1,25,[6 3],2,-1,27,-1,2
1,<environment.Job instance at 0x7f05172a91e0>,3,17,[9 4],4,-1,22,-1,5
1,<environment.Job instance at 0x7f050dc86280>,4,13,[12  4],5,-1,18,-1,5
1,<environment.Job instance at 0x7f050e5d45a0>,12,20,[2 6],13,-1,33,-1,13
1,<environment.Job instance at 0x7f050e5d4b40>,14,25,[2 8],15,-1,40,-1,15
1,<environment.Job instance at 0x7f050d94e460>,15,18,[10  5],16,-1,34,-1,16
1,<environment.Job instance at 0x7f050d68bc30>,17,24,[2 7],18,-1,42,-1,18
1,<environment.Job instance at 0x7f050ddadb90>,0,25,[4 5],1,-1,26,-1,1
1,<environment.Job instance at 0x7f050cf422d0>,1,25,[6 3],2,-1,27,-1,2
1,<environment.Job instance at 0x7f050d2451e0>,2,2,[11  1],3,-1,5,-1,3
1,<environment.Job instance at 0x7f050cf11dc0>,4,13,[12  4],5,-1,18,-1,5
1,<environment.Job instance at 0x7f050e2ea370>,6,13,[ 1 13],7,-1,20,-1,7
1,<environment.Job instance at 0x7f050cf11d20>,7,26,[ 1 13],8,-1,34,-1,8
1,<environment.Job instance at 0x7f050d4bae60>,9,16,[11  1],10,-1,26,-1,10
1,<environment.Job instance at 0x7f050cf11730>,10,14,[14  2],11,-1,25,-1,11
1,<environment.Job instance at 0x7f050d2448c0>,16,2,[ 5 13],17,-1,23,-1,21
1,<environment.Job instance at 0x7f050d244b40>,18,16,[11  2],19,-1,37,-1,21
1,<environment.Job instance at 0x7f050d244460>,19,22,[ 2 12],20,-1,43,-1,21
1,<environment.Job instance at 0x7f050d244a00>,17,24,[2 7],18,-1,55,-1,31
1,<environment.Job instance at 0x7f050cdb35a0>,14,25,[2 8],15,-1,56,-1,31
1,<environment.Job instance at 0x7f050d244960>,23,18,[12  1],24,-1,49,-1,31
1,<environment.Job instance at 0x7f050d244a50>,26,25,[8 5],27,-1,70,-1,45
1,<environment.Job instance at 0x7f050dbd2dc0>,29,18,[ 2 14],30,-1,63,-1,45
1,<environment.Job instance at 0x7f050dbd2a50>,30,24,[9 1],31,-1,70,-1,46
1,<environment.Job instance at 0x7f050dc8a140>,31,25,[7 1],32,-1,71,-1,46
1,<environment.Job instance at 0x7f050dc8a050>,32,24,[12  5],33,-1,70,-1,46
1,<environment.Job instance at 0x7f050ddd2d20>,33,23,[10  2],34,-1,69,-1,46
1,<environment.Job instance at 0x7f050dc8a730>,34,15,[ 1 11],35,-1,61,-1,46
1,<environment.Job instance at 0x7f050dc8ac80>,35,16,[ 5 12],36,-1,62,-1,46
1,<environment.Job instance at 0x7f050dc865f0>,36,27,[ 4 14],37,-1,73,-1,46
1,<environment.Job instance at 0x7f050dc8a7d0>,37,23,[2 9],38,-1,70,-1,47
1,<environment.Job instance at 0x7f050dc86f50>,39,15,[13  1],40,-1,62,-1,47
1,<environment.Job instance at 0x7f050db36410>,4,22,[7 5],5,-1,27,-1,5
1,<environment.Job instance at 0x7f050db36370>,6,27,[9 5],7,-1,34,-1,7
1,<environment.Job instance at 0x7f0516cd6500>,7,16,[3 9],8,-1,24,-1,8
1,<environment.Job instance at 0x7f050e3236e0>,8,22,[5 2],9,-1,32,-1,10
1,<environment.Job instance at 0x7f050e323a50>,10,17,[7 5],11,-1,28,-1,11
1,<environment.Job instance at 0x7f050e3230a0>,11,12,[3 8],12,-1,24,-1,12
1,<environment.Job instance at 0x7f050e3232d0>,12,21,[4 8],13,-1,34,-1,13
1,<environment.Job instance at 0x7f050e4a6730>,13,15,[4 6],14,-1,29,-1,14
1,<environment.Job instance at 0x7f050e4a6230>,14,21,[3 8],15,-1,36,-1,15
1,<environment.Job instance at 0x7f050e4a6780>,15,25,[ 5 10],16,-1,41,-1,16
1,<environment.Job instance at 0x7f050e4a6370>,16,15,[5 3],17,-1,32,-1,17
1,<environment.Job instance at 0x7f050e606820>,17,18,[1 5],18,-1,36,-1,18
1,<environment.Job instance at 0x7f050ddd2cd0>,1,2,[13  1],2,-1,4,-1,2
1,<environment.Job instance at 0x7f050dbda4b0>,2,27,[1 9],3,-1,42,-1,15
1,<environment.Job instance at 0x7f050dbd2dc0>,6,27,[9 5],7,-1,54,-1,27
1,<environment.Job instance at 0x7f050e67b370>,15,25,[ 5 10],16,-1,52,-1,27
1,<environment.Job instance at 0x7f050cdb3eb0>,18,20,[14  4],19,-1,49,-1,29
1,<environment.Job instance at 0x7f050cd8c500>,21,25,[12  4],22,-1,64,-1,39
1,<environment.Job instance at 0x7f050ce6adc0>,0,21,[7 4],1,-1,22,-1,1
1,<environment.Job instance at 0x7f050ce6ac30>,4,22,[1 7],5,-1,27,-1,5
1,<environment.Job instance at 0x7f050ce6ad70>,11,16,[5 9],12,-1,28,-1,12
1,<environment.Job instance at 0x7f050cf25780>,14,17,[8 4],15,-1,32,-1,15
1,<environment.Job instance at 0x7f050d244910>,1,2,[ 2 14],2,-1,4,-1,2
1,<environment.Job instance at 0x7f050d244c80>,2,17,[ 5 14],3,-1,20,-1,3
1,<environment.Job instance at 0x7f050d244a00>,3,3,[ 2 11],4,-1,7,-1,4
1,<environment.Job instance at 0x7f050d244460>,5,2,[12  2],6,-1,8,-1,6
1,<environment.Job instance at 0x7f050d2444b0>,7,17,[14  5],8,-1,25,-1,8
1,<environment.Job instance at 0x7f050ce6aaa0>,8,2,[13  3],9,-1,11,-1,9
1,<environment.Job instance at 0x7f050ce6a050>,9,22,[12  3],10,-1,32,-1,10
1,<environment.Job instance at 0x7f050cec7870>,15,28,[10  3],16,-1,67,-1,39
1,<environment.Job instance at 0x7f050cf2c460>,20,25,[14  4],21,-1,64,-1,39
1,<environment.Job instance at 0x7f050d516140>,26,24,[14  2],27,-1,70,-1,46
1,<environment.Job instance at 0x7f050cf43550>,27,3,[ 5 11],28,-1,49,-1,46
1,<environment.Job instance at 0x7f050d516e60>,28,2,[ 2 12],29,-1,48,-1,46
1,<environment.Job instance at 0x7f050cf43050>,29,23,[ 4 11],30,-1,69,-1,46
1,<environment.Job instance at 0x7f050cf43640>,31,23,[ 3 13],32,-1,70,-1,47
1,<environment.Job instance at 0x7f050d50cf50>,0,16,[10  4],1,-1,18,-1,2
1,<environment.Job instance at 0x7f050d50c690>,4,19,[8 2],5,-1,24,-1,5
1,<environment.Job instance at 0x7f050d50cb90>,6,17,[7 4],7,-1,24,-1,7
1,<environment.Job instance at 0x7f050d50cdc0>,9,21,[9 2],10,-1,31,-1,10
1,<environment.Job instance at 0x7f050d50caf0>,11,16,[ 5 11],12,-1,28,-1,12
1,<environment.Job instance at 0x7f050d50ccd0>,13,16,[6 3],14,-1,30,-1,14
1,<environment.Job instance at 0x7f050d50ce10>,14,25,[3 8],15,-1,40,-1,15
1,<environment.Job instance at 0x7f050d50c280>,15,28,[2 8],16,-1,44,-1,16
1,<environment.Job instance at 0x7f050d50c460>,17,27,[9 3],18,-1,45,-1,18
1,<environment.Job instance at 0x7f050e5b4640>,19,19,[7 4],20,-1,39,-1,20
1,<environment.Job instance at 0x7f050e5b46e0>,22,17,[8 5],23,-1,40,-1,23
1,<environment.Job instance at 0x7f050e5b4dc0>,25,12,[ 2 12],26,-1,38,-1,26
1,<environment.Job instance at 0x7f050db05f50>,1,18,[ 4 13],2,-1,20,-1,2
1,<environment.Job instance at 0x7f050db05370>,2,23,[11  2],3,-1,26,-1,3
1,<environment.Job instance at 0x7f050db05f00>,3,1,[11  5],4,-1,5,-1,4
1,<environment.Job instance at 0x7f050e5b42d0>,5,19,[14  4],6,-1,25,-1,6
1,<environment.Job instance at 0x7f050e621a00>,7,14,[ 5 11],8,-1,22,-1,8
1,<environment.Job instance at 0x7f050e621460>,10,18,[14  2],11,-1,29,-1,11
1,<environment.Job instance at 0x7f050e621cd0>,11,16,[ 5 11],12,-1,28,-1,12
1,<environment.Job instance at 0x7f050e6210f0>,14,25,[3 8],15,-1,42,-1,17
1,<environment.Job instance at 0x7f050e621280>,15,28,[2 8],16,-1,45,-1,17
1,<environment.Job instance at 0x7f050e621500>,16,3,[ 5 14],17,-1,20,-1,17
1,<environment.Job instance at 0x7f050e621c80>,18,15,[13  3],19,-1,34,-1,19
1,<environment.Job instance at 0x7f050e621b90>,17,27,[9 3],18,-1,56,-1,29
1,<environment.Job instance at 0x7f050e621820>,20,12,[ 3 12],21,-1,41,-1,29
1,<environment.Job instance at 0x7f050e6210a0>,21,1,[ 3 11],22,-1,30,-1,29
1,<environment.Job instance at 0x7f050e621a50>,25,12,[ 2 12],26,-1,41,-1,29
1,<environment.Job instance at 0x7f050e6211e0>,26,27,[ 1 13],27,-1,56,-1,29
1,<environment.Job instance at 0x7f050cdd45f0>,30,2,[13  5],31,-1,33,-1,31
1,<environment.Job instance at 0x7f050cdd4e60>,33,24,[11  3],34,-1,68,-1,44
1,<environment.Job instance at 0x7f050cdd4b40>,34,18,[13  3],35,-1,62,-1,44
1,<environment.Job instance at 0x7f050d3bf050>,9,16,[6 5],10,-1,28,-1,12
1,<environment.Job instance at 0x7f050d4fc050>,17,18,[5 9],18,-1,40,-1,22
1,<environment.Job instance at 0x7f050d4fc6e0>,22,18,[3 9],23,-1,53,-1,35
1,<environment.Job instance at 0x7f050d4fc320>,19,18,[8 4],20,-1,59,-1,41
1,<environment.Job instance at 0x7f050e5b48c0>,7,19,[11  1],8,-1,63,-1,44
1,<environment.Job instance at 0x7f050d4fc7d0>,25,22,[1 7],26,-1,66,-1,44
1,<environment.Job instance at 0x7f050d3bfdc0>,11,27,[1 8],12,-1,73,-1,46
1,<environment.Job instance at 0x7f050d4fc870>,27,15,[13  1],28,-1,61,-1,46
1,<environment.Job instance at 0x7f050d3bf550>,13,22,[10  2],14,-1,70,-1,48
1,<environment.Job instance at 0x7f050e16c370>,1,3,[ 5 12],2,-1,5,-1,2
1,<environment.Job instance at 0x7f050d84a690>,3,21,[ 2 11],4,-1,25,-1,4
1,<environment.Job instance at 0x7f050cdd4870>,4,1,[14  3],5,-1,6,-1,5
1,<environment.Job instance at 0x7f050cdd4460>,7,19,[11  1],8,-1,27,-1,8
1,<environment.Job instance at 0x7f050cdd48c0>,12,19,[ 5 14],13,-1,32,-1,13
1,<environment.Job instance at 0x7f050e5b42d0>,14,3,[13  1],15,-1,18,-1,15
1,<environment.Job instance at 0x7f050cdd45f0>,11,27,[1 8],12,-1,48,-1,21
1,<environment.Job instance at 0x7f050e621c30>,18,3,[ 1 13],19,-1,24,-1,21
1,<environment.Job instance at 0x7f050e621dc0>,27,15,[13  1],28,-1,57,-1,42
1,<environment.Job instance at 0x7f050e6210f0>,28,14,[12  4],29,-1,56,-1,42
1,<environment.Job instance at 0x7f050ddc5460>,2,26,[ 4 10],3,-1,30,-1,4
1,<environment.Job instance at 0x7f050ded2820>,12,17,[ 2 13],13,-1,44,-1,27
1,<environment.Job instance at 0x7f050d4fc0a0>,0,1,[ 5 14],1,-1,2,-1,1
1,<environment.Job instance at 0x7f050e621870>,2,26,[ 4 10],3,-1,29,-1,3
1,<environment.Job instance at 0x7f050e621d70>,3,2,[ 4 11],4,-1,6,-1,4
1,<environment.Job instance at 0x7f050e621a00>,4,14,[ 5 12],5,-1,19,-1,5
1,<environment.Job instance at 0x7f050e6212d0>,5,24,[ 5 11],6,-1,30,-1,6
1,<environment.Job instance at 0x7f050e621460>,6,25,[7 3],7,-1,32,-1,7
1,<environment.Job instance at 0x7f050e621cd0>,7,18,[11  5],8,-1,26,-1,8
1,<environment.Job instance at 0x7f050e6215a0>,9,27,[1 5],10,-1,37,-1,10
1,<environment.Job instance at 0x7f050e621f00>,12,17,[ 2 13],13,-1,30,-1,13
1,<environment.Job instance at 0x7f050e621640>,13,27,[12  4],14,-1,41,-1,14
1,<environment.Job instance at 0x7f050e621c30>,17,12,[ 5 12],18,-1,30,-1,18
1,<environment.Job instance at 0x7f050e621aa0>,18,14,[14  1],19,-1,33,-1,19
1,<environment.Job instance at 0x7f050e6211e0>,20,14,[12  4],21,-1,35,-1,21
1,<environment.Job instance at 0x7f050e5b42d0>,21,18,[11  5],22,-1,40,-1,22
1,<environment.Job instance at 0x7f050e6210f0>,23,12,[14  4],24,-1,36,-1,24
1,<environment.Job instance at 0x7f050cdd44b0>,25,25,[8 1],26,-1,58,-1,33
1,<environment.Job instance at 0x7f050cdd41e0>,27,21,[ 5 14],28,-1,54,-1,33
1,<environment.Job instance at 0x7f050cdd40a0>,30,28,[2 8],31,-1,75,-1,47
1,<environment.Job instance at 0x7f050d0d7320>,0,18,[7 1],1,-1,20,-1,2
1,<environment.Job instance at 0x7f050d0d7b90>,2,13,[3 6],3,-1,16,-1,3
1,<environment.Job instance at 0x7f050d0d76e0>,1,16,[1 8],2,-1,19,-1,3
1,<environment.Job instance at 0x7f050d0d7730>,3,18,[ 3 10],4,-1,23,-1,5
1,<environment.Job instance at 0x7f050d0d79b0>,4,26,[1 5],5,-1,38,-1,12
1,<environment.Job instance at 0x7f050d378d20>,11,17,[11  1],12,-1,32,-1,15
1,<environment.Job instance at 0x7f050d17d5f0>,7,23,[ 4 10],8,-1,40,-1,17
1,<environment.Job instance at 0x7f050e3e94b0>,17,22,[9 4],18,-1,40,-1,18
1,<environment.Job instance at 0x7f050e3e9050>,16,23,[7 4],17,-1,43,-1,20
1,<environment.Job instance at 0x7f050d0d7dc0>,8,19,[14  3],9,-1,40,-1,21
1,<environment.Job instance at 0x7f050e3e9b90>,18,17,[5 5],19,-1,40,-1,23
1,<environment.Job instance at 0x7f050cf671e0>,24,28,[10  3],25,-1,54,-1,26
1,<environment.Job instance at 0x7f050d7491e0>,25,25,[12  3],26,-1,51,-1,26
1,<environment.Job instance at 0x7f050e4454b0>,28,16,[4 9],29,-1,64,-1,48
1,<environment.Job instance at 0x7f0517130550>,29,18,[ 2 10],30,-1,66,-1,48
1,<environment.Job instance at 0x7f050d50ce60>,5,22,[11  4],6,-1,28,-1,6
1,<environment.Job instance at 0x7f050e5b4fa0>,6,21,[11  3],7,-1,28,-1,7
1,<environment.Job instance at 0x7f050d08c140>,8,19,[14  3],9,-1,28,-1,9
1,<environment.Job instance at 0x7f050d08c0a0>,10,15,[11  4],11,-1,26,-1,11
1,<environment.Job instance at 0x7f050e60ac80>,11,17,[11  1],12,-1,29,-1,12
1,<environment.Job instance at 0x7f050e60adc0>,12,2,[ 1 14],13,-1,15,-1,13
1,<environment.Job instance at 0x7f050e60a460>,13,12,[13  2],14,-1,26,-1,14
1,<environment.Job instance at 0x7f050db56af0>,4,26,[1 5],5,-1,42,-1,16
1,<environment.Job instance at 0x7f050e60ad20>,15,15,[ 2 11],16,-1,31,-1,16
1,<environment.Job instance at 0x7f050e60aeb0>,16,23,[7 4],17,-1,40,-1,17
1,<environment.Job instance at 0x7f050e5b4af0>,7,23,[ 4 10],8,-1,41,-1,18
1,<environment.Job instance at 0x7f050e258230>,25,25,[12  3],26,-1,61,-1,36
1,<environment.Job instance at 0x7f050db72500>,0,16,[9 2],1,-1,18,-1,2
1,<environment.Job instance at 0x7f050ded23c0>,1,19,[12  1],2,-1,21,-1,2
1,<environment.Job instance at 0x7f050d24ac80>,4,21,[6 4],5,-1,26,-1,5
1,<environment.Job instance at 0x7f050d24deb0>,9,28,[3 6],10,-1,38,-1,10
1,<environment.Job instance at 0x7f050d57e910>,24,28,[6 5],25,-1,72,-1,44
1,<environment.Job instance at 0x7f050d565370>,19,19,[13  1],20,-1,63,-1,44
1,<environment.Job instance at 0x7f050d57eb40>,22,16,[3 5],23,-1,60,-1,44
1,<environment.Job instance at 0x7f050ce5ae10>,20,16,[3 7],21,-1,60,-1,44
1,<environment.Job instance at 0x7f050d57ed20>,25,16,[7 5],26,-1,61,-1,45
1,<environment.Job instance at 0x7f050cea25f0>,29,13,[10  5],30,-1,58,-1,45
1,<environment.Job instance at 0x7f050d57eb90>,27,18,[1 7],28,-1,63,-1,45
1,<environment.Job instance at 0x7f050ceafd70>,32,25,[4 6],33,-1,70,-1,45
1,<environment.Job instance at 0x7f050e60a4b0>,1,19,[12  1],2,-1,21,-1,2
1,<environment.Job instance at 0x7f050e214140>,5,13,[ 2 12],6,-1,19,-1,6
1,<environment.Job instance at 0x7f050d7a2730>,8,26,[ 1 12],9,-1,35,-1,9
1,<environment.Job instance at 0x7f050d848500>,11,12,[11  1],12,-1,24,-1,12
1,<environment.Job instance at 0x7f050e60a460>,6,25,[ 5 10],7,-1,42,-1,17
1,<environment.Job instance at 0x7f050d848eb0>,13,15,[13  2],14,-1,32,-1,17
1,<environment.Job instance at 0x7f050e641be0>,14,17,[12  3],15,-1,34,-1,17
1,<environment.Job instance at 0x7f050cd63230>,15,2,[ 4 12],16,-1,19,-1,17
1,<environment.Job instance at 0x7f050e611960>,7,26,[9 3],8,-1,43,-1,17
1,<environment.Job instance at 0x7f050e23e050>,9,28,[3 6],10,-1,45,-1,17
1,<environment.Job instance at 0x7f050d848640>,17,28,[3 6],18,-1,46,-1,18
1,<environment.Job instance at 0x7f050e1ae370>,19,19,[13  1],20,-1,39,-1,20
1,<environment.Job instance at 0x7f050d5d0cd0>,24,28,[6 5],25,-1,62,-1,34
1,<environment.Job instance at 0x7f050ce4b5f0>,0,20,[5 6],1,-1,21,-1,1
1,<environment.Job instance at 0x7f050ce4ba50>,17,26,[8 4],18,-1,48,-1,22
1,<environment.Job instance at 0x7f050ce605a0>,1,1,[ 5 13],2,-1,3,-1,2
1,<environment.Job instance at 0x7f050ce602d0>,2,25,[13  4],3,-1,28,-1,3
1,<environment.Job instance at 0x7f050ce61190>,3,3,[14  1],4,-1,7,-1,4
1,<environment.Job instance at 0x7f050d2f27d0>,5,26,[13  4],6,-1,32,-1,6
1,<environment.Job instance at 0x7f050d83b640>,7,21,[ 2 13],8,-1,29,-1,8
1,<environment.Job instance at 0x7f050d52a870>,8,16,[ 3 14],9,-1,25,-1,9
1,<environment.Job instance at 0x7f050d5564b0>,9,16,[ 1 11],10,-1,26,-1,10
1,<environment.Job instance at 0x7f050dbb4640>,11,24,[ 2 13],12,-1,36,-1,12
1,<environment.Job instance at 0x7f050d6c4690>,12,18,[13  3],13,-1,31,-1,13
1,<environment.Job instance at 0x7f050dbb45f0>,15,16,[ 1 12],16,-1,32,-1,16
1,<environment.Job instance at 0x7f050dbab0a0>,17,26,[8 4],18,-1,45,-1,19
1,<environment.Job instance at 0x7f050e11aaa0>,18,16,[ 3 13],19,-1,35,-1,19
1,<environment.Job instance at 0x7f050d493690>,21,28,[ 5 12],22,-1,50,-1,22
1,<environment.Job instance at 0x7f05172b0960>,22,28,[2 6],23,-1,60,-1,32
1,<environment.Job instance at 0x7f050d848e10>,24,28,[ 1 11],25,-1,60,-1,32
1,<environment.Job instance at 0x7f050d848690>,26,23,[11  3],27,-1,55,-1,32
1,<environment.Job instance at 0x7f050e23e050>,27,14,[13  5],28,-1,46,-1,32
1,<environment.Job instance at 0x7f050d37fa00>,31,13,[12  5],32,-1,49,-1,36
1,<environment.Job instance at 0x7f050cef26e0>,1,15,[10  4],2,-1,19,-1,4
1,<environment.Job instance at 0x7f050e5330f0>,3,25,[5 6],4,-1,29,-1,4
1,<environment.Job instance at 0x7f050cdc3230>,11,23,[11  4],12,-1,36,-1,13
1,<environment.Job instance at 0x7f050cd9ad70>,10,17,[9 4],11,-1,31,-1,14
1,<environment.Job instance at 0x7f050cdc3690>,13,23,[2 7],14,-1,41,-1,18
1,<environment.Job instance at 0x7f050cdc3e60>,18,28,[6 4],19,-1,47,-1,19
1,<environment.Job instance at 0x7f050d5baaa0>,20,14,[9 5],21,-1,38,-1,24
1,<environment.Job instance at 0x7f050cdc3410>,12,18,[4 8],13,-1,42,-1,24
1,<environment.Job instance at 0x7f050cdc37d0>,14,15,[12  4],15,-1,39,-1,24
1,<environment.Job instance at 0x7f050d5babe0>,21,25,[ 2 14],22,-1,54,-1,29
1,<environment.Job instance at 0x7f050d5ba870>,23,18,[9 4],24,-1,49,-1,31
1,<environment.Job instance at 0x7f050d5ba050>,26,27,[10  1],27,-1,58,-1,31
1,<environment.Job instance at 0x7f050cd9a960>,7,27,[5 7],8,-1,58,-1,31
1,<environment.Job instance at 0x7f050cd70780>,28,15,[ 5 10],29,-1,46,-1,31
1,<environment.Job instance at 0x7f050d5badc0>,27,12,[6 3],28,-1,43,-1,31
1,<environment.Job instance at 0x7f050d5ba9b0>,24,18,[ 4 10],25,-1,51,-1,33
1,<environment.Job instance at 0x7f050cd70550>,31,19,[4 8],32,-1,53,-1,34
1,<environment.Job instance at 0x7f050cd70e60>,30,28,[13  5],31,-1,63,-1,35
1,<environment.Job instance at 0x7f050cd70a50>,32,16,[ 4 10],33,-1,52,-1,36
1,<environment.Job instance at 0x7f050e4e6a50>,35,14,[11  2],36,-1,61,-1,47
1,<environment.Job instance at 0x7f050cdc3b90>,19,14,[14  3],20,-1,61,-1,47
1,<environment.Job instance at 0x7f050e4e6dc0>,40,16,[2 8],41,-1,64,-1,48
1,<environment.Job instance at 0x7f050d4b4460>,0,22,[ 1 12],1,-1,23,-1,1
1,<environment.Job instance at 0x7f050e1ae870>,2,3,[ 4 11],3,-1,6,-1,3
1,<environment.Job instance at 0x7f050d1caf50>,3,25,[5 6],4,-1,29,-1,4
1,<environment.Job instance at 0x7f050cd9a8c0>,4,26,[ 3 12],5,-1,31,-1,5
1,<environment.Job instance at 0x7f050cdc3960>,5,2,[ 4 13],6,-1,8,-1,6
1,<environment.Job instance at 0x7f050cdc36e0>,7,27,[5 7],8,-1,35,-1,8
1,<environment.Job instance at 0x7f050cd70f00>,8,20,[ 4 14],9,-1,29,-1,9
1,<environment.Job instance at 0x7f0516c9c690>,11,23,[11  4],12,-1,35,-1,12
1,<environment.Job instance at 0x7f050d550c80>,14,15,[12  4],15,-1,30,-1,15
1,<environment.Job instance at 0x7f050d550690>,15,2,[ 1 12],16,-1,18,-1,16
1,<environment.Job instance at 0x7f050e4e6aa0>,13,23,[2 7],14,-1,40,-1,17
1,<environment.Job instance at 0x7f050d934460>,18,28,[6 4],19,-1,47,-1,19
1,<environment.Job instance at 0x7f050e524410>,19,14,[14  3],20,-1,34,-1,20
1,<environment.Job instance at 0x7f050e524550>,21,25,[ 2 14],22,-1,47,-1,22
1,<environment.Job instance at 0x7f050e2ea230>,25,3,[ 3 14],26,-1,40,-1,37
1,<environment.Job instance at 0x7f050e2ea550>,26,27,[10  1],27,-1,73,-1,46
1,<environment.Job instance at 0x7f050d78bf00>,4,17,[10  5],5,-1,23,-1,6
1,<environment.Job instance at 0x7f050d7930a0>,7,27,[5 7],8,-1,35,-1,8
1,<environment.Job instance at 0x7f050d793640>,13,15,[3 8],14,-1,29,-1,14
1,<environment.Job instance at 0x7f050d793780>,17,20,[ 2 13],18,-1,55,-1,35
1,<environment.Job instance at 0x7f050d793e60>,26,20,[5 9],27,-1,59,-1,39
1,<environment.Job instance at 0x7f050d793af0>,22,25,[2 7],23,-1,64,-1,39
1,<environment.Job instance at 0x7f050d7830a0>,29,20,[11  5],30,-1,59,-1,39
1,<environment.Job instance at 0x7f050cdd91e0>,0,24,[11  5],1,-1,25,-1,1
1,<environment.Job instance at 0x7f050cdd9fa0>,6,18,[14  2],7,-1,25,-1,7
1,<environment.Job instance at 0x7f050e107cd0>,9,21,[12  3],10,-1,31,-1,10
1,<environment.Job instance at 0x7f050cd5ca50>,10,1,[ 5 12],11,-1,12,-1,11
1,<environment.Job instance at 0x7f050e107870>,12,16,[ 2 13],13,-1,29,-1,13
1,<environment.Job instance at 0x7f050e107dc0>,7,27,[5 7],8,-1,49,-1,22
1,<environment.Job instance at 0x7f050e2ea550>,15,13,[14  1],16,-1,35,-1,22
1,<environment.Job instance at 0x7f050e2ea280>,16,3,[ 5 13],17,-1,25,-1,22
1,<environment.Job instance at 0x7f050e2ea230>,17,20,[ 2 13],18,-1,42,-1,22
1,<environment.Job instance at 0x7f050e2ea5f0>,18,27,[4 9],19,-1,49,-1,22
1,<environment.Job instance at 0x7f050e2ea0a0>,19,3,[ 2 13],20,-1,25,-1,22
1,<environment.Job instance at 0x7f050d934460>,20,2,[ 4 12],21,-1,24,-1,22
1,<environment.Job instance at 0x7f050e2eab90>,22,25,[2 7],23,-1,49,-1,24
1,<environment.Job instance at 0x7f050e4e6aa0>,24,12,[11  5],25,-1,37,-1,25
1,<environment.Job instance at 0x7f0516c9cb90>,27,21,[12  5],28,-1,56,-1,35
1,<environment.Job instance at 0x7f050d550230>,29,20,[11  5],30,-1,55,-1,35
1,<environment.Job instance at 0x7f050cd97f50>,32,28,[5 7],33,-1,76,-1,48
1,<environment.Job instance at 0x7f050e119e10>,33,12,[ 4 11],34,-1,60,-1,48
1,<environment.Job instance at 0x7f050cd9a8c0>,34,25,[13  4],35,-1,73,-1,48
1,<environment.Job instance at 0x7f050e1ae870>,35,21,[ 1 12],36,-1,69,-1,48
1,<environment.Job instance at 0x7f050d1ca410>,37,22,[13  5],38,-1,70,-1,48
1,<environment.Job instance at 0x7f050cdc38c0>,38,28,[13  2],39,-1,76,-1,48
1,<environment.Job instance at 0x7f050d685c30>,8,16,[ 4 10],9,-1,25,-1,9
1,<environment.Job instance at 0x7f050d7936e0>,0,21,[13  2],1,-1,22,-1,1
1,<environment.Job instance at 0x7f050dbfc550>,2,18,[ 2 11],3,-1,21,-1,3
1,<environment.Job instance at 0x7f050e533c80>,4,3,[11  2],5,-1,8,-1,5
1,<environment.Job instance at 0x7f050d1ca910>,5,3,[14  5],6,-1,9,-1,6
1,<environment.Job instance at 0x7f0516c9c690>,9,18,[ 5 14],10,-1,28,-1,10
1,<environment.Job instance at 0x7f050e524dc0>,10,17,[ 3 13],11,-1,28,-1,11
1,<environment.Job instance at 0x7f050e524730>,11,23,[13  3],12,-1,35,-1,12
1,<environment.Job instance at 0x7f050d934460>,12,18,[ 2 12],13,-1,31,-1,13
1,<environment.Job instance at 0x7f050e524780>,13,2,[11  1],14,-1,16,-1,14
1,<environment.Job instance at 0x7f050e2ea550>,17,1,[13  4],18,-1,19,-1,18
1,<environment.Job instance at 0x7f050e2ea8c0>,16,26,[7 4],17,-1,45,-1,19
1,<environment.Job instance at 0x7f050e2ea320>,18,13,[ 2 12],19,-1,32,-1,19
1,<environment.Job instance at 0x7f050e107960>,21,13,[14  4],22,-1,35,-1,22
1,<environment.Job instance at 0x7f050e1077d0>,22,16,[14  2],23,-1,39,-1,23
1,<environment.Job instance at 0x7f050e107d20>,26,24,[5 9],27,-1,59,-1,35
1,<environment.Job instance at 0x7f050e1073c0>,27,1,[ 3 14],28,-1,36,-1,35
1,<environment.Job instance at 0x7f050cef2140>,29,28,[14  4],30,-1,63,-1,35
1,<environment.Job instance at 0x7f050d685be0>,30,28,[5 2],31,-1,64,-1,36
1,<environment.Job instance at 0x7f050e11f3c0>,8,20,[5 6],9,-1,29,-1,9
1,<environment.Job instance at 0x7f050e11f1e0>,9,15,[10  1],10,-1,27,-1,12
1,<environment.Job instance at 0x7f050e11fcd0>,11,16,[6 5],12,-1,28,-1,12
1,<environment.Job instance at 0x7f050e11fc80>,13,12,[ 3 10],14,-1,27,-1,15
1,<environment.Job instance at 0x7f050e11f5f0>,15,20,[3 7],16,-1,36,-1,16
1,<environment.Job instance at 0x7f050e11fe60>,16,12,[10  1],17,-1,29,-1,17
1,<environment.Job instance at 0x7f050e11fc30>,17,21,[1 7],18,-1,39,-1,18
1,<environment.Job instance at 0x7f050e11fbe0>,18,16,[9 2],19,-1,35,-1,19
1,<environment.Job instance at 0x7f050e11fd20>,14,12,[11  4],15,-1,34,-1,22
1,<environment.Job instance at 0x7f050e6700a0>,27,17,[9 2],28,-1,55,-1,38
1,<environment.Job instance at 0x7f050ddc9140>,0,17,[ 1 13],1,-1,18,-1,1
1,<environment.Job instance at 0x7f050e11f9b0>,1,25,[4 9],2,-1,27,-1,2
1,<environment.Job instance at 0x7f050ddc9780>,3,14,[13  3],4,-1,18,-1,4
1,<environment.Job instance at 0x7f050e2ae460>,14,12,[11  4],15,-1,33,-1,21
1,<environment.Job instance at 0x7f050e2ae780>,20,17,[ 2 14],21,-1,52,-1,35
1,<environment.Job instance at 0x7f050e2ae190>,22,1,[13  4],23,-1,38,-1,37
1,<environment.Job instance at 0x7f050d201730>,25,17,[14  2],26,-1,64,-1,47
1,<environment.Job instance at 0x7f050d2019b0>,26,17,[ 1 12],27,-1,64,-1,47
1,<environment.Job instance at 0x7f050ce8a410>,3,17,[ 2 10],4,-1,24,-1,7
1,<environment.Job instance at 0x7f050ce8a820>,6,19,[7 1],7,-1,27,-1,8
1,<environment.Job instance at 0x7f050ce8a5a0>,8,18,[9 2],9,-1,28,-1,10
1,<environment.Job instance at 0x7f050d806eb0>,10,24,[4 5],11,-1,35,-1,11
1,<environment.Job instance at 0x7f050d8066e0>,11,14,[5 5],12,-1,26,-1,12
1,<environment.Job instance at 0x7f050d806a00>,13,25,[ 5 10],14,-1,39,-1,14
1,<environment.Job instance at 0x7f050d8069b0>,18,27,[7 4],19,-1,46,-1,19
1,<environment.Job instance at 0x7f050d8060f0>,20,16,[10  2],21,-1,37,-1,21
1,<environment.Job instance at 0x7f050e1fa780>,26,14,[ 4 12],27,-1,46,-1,32
1,<environment.Job instance at 0x7f050e1fa8c0>,28,25,[ 1 14],29,-1,57,-1,32
1,<environment.Job instance at 0x7f050e1fad20>,29,14,[11  5],30,-1,48,-1,34
1,<environment.Job instance at 0x7f050d8062d0>,15,14,[11  2],16,-1,49,-1,35
1,<environment.Job instance at 0x7f050e1faf00>,32,19,[11  1],33,-1,54,-1,35
1,<environment.Job instance at 0x7f050e1fa460>,30,15,[7 3],31,-1,51,-1,36
1,<environment.Job instance at 0x7f050d8063c0>,9,19,[2 7],10,-1,55,-1,36
1,<environment.Job instance at 0x7f050e1fa1e0>,37,15,[8 5],38,-1,54,-1,39
1,<environment.Job instance at 0x7f050e1fa820>,38,22,[6 4],39,-1,61,-1,39
1,<environment.Job instance at 0x7f050d43a9b0>,45,22,[2 6],46,-1,68,-1,46
1,<environment.Job instance at 0x7f050d43a500>,47,17,[7 4],48,-1,65,-1,48
1,<environment.Job instance at 0x7f050e5d3f50>,48,23,[5 5],49,-1,72,-1,49
1,<environment.Job instance at 0x7f050d17d7d0>,0,13,[11  1],1,-1,14,-1,1
1,<environment.Job instance at 0x7f050d17d140>,1,3,[ 2 11],2,-1,5,-1,2
1,<environment.Job instance at 0x7f050cf77370>,12,12,[13  3],13,-1,33,-1,21
1,<environment.Job instance at 0x7f050d43a870>,10,24,[4 5],11,-1,46,-1,22
1,<environment.Job instance at 0x7f050d842910>,13,25,[ 5 10],14,-1,47,-1,22
1,<environment.Job instance at 0x7f050d842dc0>,15,14,[11  2],16,-1,36,-1,22
1,<environment.Job instance at 0x7f050d842aa0>,16,15,[ 3 14],17,-1,37,-1,22
1,<environment.Job instance at 0x7f050ce8ad20>,18,27,[7 4],19,-1,52,-1,25
1,<environment.Job instance at 0x7f050e5d38c0>,23,2,[ 1 12],24,-1,39,-1,37
1,<environment.Job instance at 0x7f050e5d3c80>,26,14,[ 4 12],27,-1,54,-1,40
1,<environment.Job instance at 0x7fd42dbe16e0>,2,22,[4 8],3,-1,25,-1,3
1,<environment.Job instance at 0x7fd42dbe1aa0>,7,25,[6 2],8,-1,33,-1,8
1,<environment.Job instance at 0x7fd42dbe1f50>,15,18,[2 8],16,-1,37,-1,19
1,<environment.Job instance at 0x7fd42dbe1e60>,13,28,[ 4 14],14,-1,48,-1,20
1,<environment.Job instance at 0x7fd42dbe1c80>,10,18,[ 3 11],11,-1,38,-1,20
1,<environment.Job instance at 0x7fd42dbea280>,0,28,[9 3],1,-1,29,-1,1
1,<environment.Job instance at 0x7fd42dbea2d0>,1,22,[11  3],2,-1,24,-1,2
1,<environment.Job instance at 0x7fd42dbea460>,3,3,[ 4 14],4,-1,7,-1,4
1,<environment.Job instance at 0x7fd42dbea6e0>,8,22,[14  3],9,-1,31,-1,9
1,<environment.Job instance at 0x7fd42dbeaa00>,9,18,[ 2 13],10,-1,28,-1,10
1,<environment.Job instance at 0x7fd42dbeaaa0>,10,18,[ 3 11],11,-1,29,-1,11
1,<environment.Job instance at 0x7fd42dbeacd0>,13,28,[ 4 14],14,-1,42,-1,14
1,<environment.Job instance at 0x7fd42dbea500>,5,24,[1 5],6,-1,43,-1,19
1,<environment.Job instance at 0x7fd42dbea690>,7,25,[6 2],8,-1,50,-1,25
1,<environment.Job instance at 0x7fd42dbea910>,17,28,[ 5 10],18,-1,54,-1,26
1,<environment.Job instance at 0x7fd42dbeaf50>,18,3,[ 4 13],19,-1,29,-1,26
1,<environment.Job instance at 0x7fd42dbeaeb0>,19,14,[ 3 11],20,-1,40,-1,26
1,<environment.Job instance at 0x7fd42dbead70>,20,1,[13  5],21,-1,27,-1,26
1,<environment.Job instance at 0x7fd42dbee140>,23,27,[ 1 14],24,-1,53,-1,26
1,<environment.Job instance at 0x7fd42dbee460>,25,27,[8 1],26,-1,67,-1,40
1,<environment.Job instance at 0x7fd42dbee550>,26,26,[5 5],27,-1,69,-1,43
1,<environment.Job instance at 0x7fd42dbee190>,29,25,[ 4 11],30,-1,68,-1,43
1,<environment.Job instance at 0x7fd42dbee690>,30,22,[ 5 13],31,-1,65,-1,43
1,<environment.Job instance at 0x7fd42dbee7d0>,28,25,[5 7],29,-1,68,-1,43
1,<environment.Job instance at 0x7fd42dbee9b0>,33,1,[11  3],34,-1,44,-1,43
1,<environment.Job instance at 0x7fd42dbee870>,31,27,[4 8],32,-1,72,-1,45
1,<environment.Job instance at 0x7fd42dbeec30>,37,13,[ 3 14],38,-1,58,-1,45
1,<environment.Job instance at 0x7fd42dbeecd0>,38,28,[ 2 12],39,-1,73,-1,45
1,<environment.Job instance at 0x7fd42dbeee10>,40,24,[5 6],41,-1,71,-1,47
1,<environment.Job instance at 0x7fd42dbeeeb0>,42,27,[5 2],43,-1,74,-1,47
1,<environment.Job instance at 0x7fd42dbf0370>,45,24,[ 1 13],46,-1,80,-1,56
1,<environment.Job instance at 0x7fd42d6da140>,0,17,[1 6],1,-1,18,-1,1
1,<environment.Job instance at 0x7fd42d6da3c0>,3,14,[8 1],4,-1,19,-1,5
1,<environment.Job instance at 0x7fd42d6da410>,4,20,[10  2],5,-1,25,-1,5
1,<environment.Job instance at 0x7fd42d6da8c0>,7,18,[3 8],8,-1,26,-1,8
1,<environment.Job instance at 0x7fd42d850c80>,11,21,[10  2],12,-1,34,-1,13
1,<environment.Job instance at 0x7fd42d6a4e60>,15,14,[5 1],16,-1,30,-1,16
1,<environment.Job instance at 0x7fd42d6a4870>,16,14,[ 4 11],17,-1,31,-1,17
1,<environment.Job instance at 0x7fd42d6a4690>,17,19,[4 8],18,-1,37,-1,18
1,<environment.Job instance at 0x7fd42d6a4c30>,18,13,[8 5],19,-1,32,-1,19
1,<environment.Job instance at 0x7fd42d6a4a50>,19,12,[10  2],20,-1,32,-1,20
1,<environment.Job instance at 0x7fd42d6a4370>,20,13,[9 4],21,-1,34,-1,21
1,<environment.Job instance at 0x7fd42d6a4820>,21,14,[2 6],22,-1,36,-1,22
1,<environment.Job instance at 0x7fd42d6a4a00>,22,15,[5 9],23,-1,38,-1,23
1,<environment.Job instance at 0x7fd42d6a4910>,23,16,[ 4 10],24,-1,40,-1,24
1,<environment.Job instance at 0x7fd42d6a06e0>,36,25,[8 5],37,-1,68,-1,43
1,<environment.Job instance at 0x7fd42d6da460>,12,28,[5 1],13,-1,71,-1,43
1,<environment.Job instance at 0x7fd42d6a0820>,37,17,[3 5],38,-1,60,-1,43
1,<environment.Job instance at 0x7fd42d6a08c0>,38,22,[ 3 11],39,-1,65,-1,43
1,<environment.Job instance at 0x7fd42d6a03c0>,39,12,[ 5 14],40,-1,55,-1,43
1,<environment.Job instance at 0x7fd42d7c60f0>,29,21,[ 1 11],30,-1,64,-1,43
1,<environment.Job instance at 0x7fd42d6a07d0>,40,19,[8 2],41,-1,62,-1,43
1,<environment.Job instance at 0x7fd42d6a0fa0>,42,27,[5 6],43,-1,70,-1,43
1,<environment.Job instance at 0x7fd42d6a43c0>,33,22,[10  2],34,-1,66,-1,44
1,<environment.Job instance at 0x7fd42d6a0500>,45,18,[12  4],46,-1,67,-1,49
1,<environment.Job instance at 0x7fd42d6a0dc0>,47,23,[14  4],48,-1,72,-1,49
1,<environment.Job instance at 0x7fd42d6a0e60>,48,12,[ 3 10],49,-1,62,-1,50
1,<environment.Job instance at 0x7fd42d6a0a00>,43,24,[12  3],44,-1,77,-1,53
1,<environment.Job instance at 0x7fd42d6a0be0>,44,22,[12  5],45,-1,75,-1,53
1,<environment.Job instance at 0x7fd42d6a0a50>,51,21,[6 5],52,-1,74,-1,53
1,<environment.Job instance at 0x7fd42d7361e0>,52,26,[ 5 12],53,-1,81,-1,55
1,<environment.Job instance at 0x7fd42d6a0d70>,46,17,[ 5 13],47,-1,72,-1,55
1,<environment.Job instance at 0x7fd42d77cd70>,54,15,[12  1],55,-1,70,-1,55
1,<environment.Job instance at 0x7fd42d751690>,49,21,[ 1 10],50,-1,77,-1,56
1,<environment.Job instance at 0x7fd42d7d8960>,56,16,[7 5],57,-1,73,-1,57
1,<environment.Job instance at 0x7fd42dbf0280>,1,23,[1 5],2,-1,25,-1,2
1,<environment.Job instance at 0x7fd42dbeab90>,6,13,[ 2 14],7,-1,20,-1,7
1,<environment.Job instance at 0x7fd42dbeab40>,10,13,[ 3 12],11,-1,24,-1,11
1,<environment.Job instance at 0x7fd42dbeaaf0>,12,28,[5 1],13,-1,46,-1,18
1,<environment.Job instance at 0x7fd42dbea6e0>,16,14,[ 4 11],17,-1,34,-1,20
1,<environment.Job instance at 0x7fd42dbeacd0>,8,27,[ 1 10],9,-1,53,-1,26
1,<environment.Job instance at 0x7fd42d4e6550>,24,20,[13  1],25,-1,62,-1,42
1,<environment.Job instance at 0x7fd42dbea280>,25,18,[ 3 14],26,-1,60,-1,42
1,<environment.Job instance at 0x7fd42d44f230>,29,21,[ 1 11],30,-1,68,-1,47
1,<environment.Job instance at 0x7fd42d499aa0>,31,14,[ 2 13],32,-1,63,-1,49
1,<environment.Job instance at 0x7fd42d38df00>,0,17,[ 3 10],1,-1,19,-1,2
1,<environment.Job instance at 0x7fd42d389320>,16,19,[11  3],17,-1,36,-1,17
1,<environment.Job instance at 0x7fd42d3275a0>,3,24,[ 2 14],4,-1,28,-1,4
1,<environment.Job instance at 0x7fd42d37f640>,5,1,[ 3 12],6,-1,7,-1,6
1,<environment.Job instance at 0x7fd42d38d690>,6,18,[13  4],7,-1,25,-1,7
1,<environment.Job instance at 0x7fd42d38d190>,7,1,[ 4 11],8,-1,9,-1,8
1,<environment.Job instance at 0x7fd42d38daf0>,8,23,[ 2 14],9,-1,32,-1,9
1,<environment.Job instance at 0x7fd42d389690>,2,27,[2 6],3,-1,45,-1,18
1,<environment.Job instance at 0x7fd42d37a8c0>,14,28,[5 6],15,-1,46,-1,18
1,<environment.Job instance at 0x7fd42d37aa50>,16,19,[11  3],17,-1,37,-1,18
1,<environment.Job instance at 0x7fd42d37a960>,17,20,[14  5],18,-1,38,-1,18
1,<environment.Job instance at 0x7fd42d37a050>,19,3,[ 1 12],20,-1,23,-1,20
1,<environment.Job instance at 0x7fd42d37ac80>,20,16,[ 2 14],21,-1,37,-1,21
1,<environment.Job instance at 0x7fd42d37a230>,23,25,[6 1],24,-1,57,-1,32
1,<environment.Job instance at 0x7fd42d37a870>,24,20,[ 1 14],25,-1,52,-1,32
1,<environment.Job instance at 0x7fd42d37a9b0>,26,17,[14  2],27,-1,49,-1,32
1,<environment.Job instance at 0x7fd42d3749b0>,28,1,[11  2],29,-1,41,-1,40
1,<environment.Job instance at 0x7fd42d374500>,29,23,[ 1 14],30,-1,63,-1,40
1,<environment.Job instance at 0x7fd42d3741e0>,32,14,[13  4],33,-1,58,-1,44
1,<environment.Job instance at 0x7fd42d374410>,34,22,[12  4],35,-1,69,-1,47
1,<environment.Job instance at 0x7fd42d3740f0>,35,23,[1 7],36,-1,70,-1,47
1,<environment.Job instance at 0x7fd42d374b40>,37,1,[ 2 14],38,-1,48,-1,47
1,<environment.Job instance at 0x7fd42d371780>,0,26,[10  5],1,-1,27,-1,1
1,<environment.Job instance at 0x7fd42d1d6640>,8,21,[9 4],9,-1,31,-1,10
1,<environment.Job instance at 0x7fd42d1d6690>,10,18,[10  3],11,-1,29,-1,11
1,<environment.Job instance at 0x7fd42d1d6c30>,17,20,[5 3],18,-1,38,-1,18
1,<environment.Job instance at 0x7fd42d1d6a00>,19,21,[6 1],20,-1,41,-1,20
1,<environment.Job instance at 0x7fd42d1d6e10>,21,14,[2 7],22,-1,36,-1,22
1,<environment.Job instance at 0x7fd42d1d7140>,22,24,[7 5],23,-1,47,-1,23
1,<environment.Job instance at 0x7fd42d1d7230>,24,28,[2 7],25,-1,53,-1,25
1,<environment.Job instance at 0x7fd42d1d7370>,25,28,[9 2],26,-1,54,-1,26
1,<environment.Job instance at 0x7fd42d1d74b0>,27,15,[3 7],28,-1,50,-1,35
1,<environment.Job instance at 0x7fd42d1d7e10>,35,16,[11  1],36,-1,52,-1,36
1,<environment.Job instance at 0x7fd42d1d7a00>,36,17,[3 8],37,-1,54,-1,37
1,<environment.Job instance at 0x7fd42d1d7eb0>,37,19,[10  5],38,-1,57,-1,38
1,<environment.Job instance at 0x7fd42d1d7f50>,38,17,[11  3],39,-1,56,-1,39
1,<environment.Job instance at 0x7fd42d1d6730>,11,17,[12  2],12,-1,57,-1,40
1,<environment.Job instance at 0x7fd42d1d9230>,41,18,[12  4],42,-1,65,-1,47
1,<environment.Job instance at 0x7fd42d1d7820>,30,20,[ 3 13],31,-1,67,-1,47
1,<environment.Job instance at 0x7fd42d1d7c80>,40,25,[6 2],41,-1,72,-1,47
1,<environment.Job instance at 0x7fd42d1d90f0>,42,14,[6 1],43,-1,61,-1,47
1,<environment.Job instance at 0x7fd42d1d91e0>,44,16,[3 8],45,-1,63,-1,47
1,<environment.Job instance at 0x7fd42d1d9320>,43,26,[11  5],44,-1,73,-1,47
1,<environment.Job instance at 0x7fd42d1d9460>,46,16,[9 2],47,-1,63,-1,47
1,<environment.Job instance at 0x7fd42d1d9050>,39,14,[ 1 10],40,-1,61,-1,47
1,<environment.Job instance at 0x7fd42d1d9500>,45,14,[10  1],46,-1,63,-1,49
1,<environment.Job instance at 0x7fd42d1d98c0>,49,13,[7 4],50,-1,64,-1,51
1,<environment.Job instance at 0x7fd42d1d9730>,51,20,[1 7],52,-1,72,-1,52
1,<environment.Job instance at 0x7fd42d1d99b0>,52,26,[ 4 10],53,-1,79,-1,53
1,<environment.Job instance at 0x7fd42d1d9a50>,53,26,[8 3],54,-1,80,-1,54
1,<environment.Job instance at 0x7fd42d1d9910>,50,27,[14  3],51,-1,81,-1,54
1,<environment.Job instance at 0x7fd42d378460>,0,26,[10  5],1,-1,27,-1,1
1,<environment.Job instance at 0x7fd42d3780f0>,3,2,[13  3],4,-1,6,-1,4
1,<environment.Job instance at 0x7fd42d378f50>,4,21,[ 4 12],5,-1,26,-1,5
1,<environment.Job instance at 0x7fd42d3782d0>,7,27,[2 9],8,-1,42,-1,15
1,<environment.Job instance at 0x7fd42d378910>,11,17,[12  2],12,-1,32,-1,15
1,<environment.Job instance at 0x7fd42d378b40>,12,28,[2 8],13,-1,43,-1,15
1,<environment.Job instance at 0x7fd42d374370>,22,24,[7 5],23,-1,59,-1,35
1,<environment.Job instance at 0x7fd42d374280>,25,28,[9 2],26,-1,69,-1,41
1,<environment.Job instance at 0x7fd42d374500>,24,28,[2 7],25,-1,76,-1,48
1,<environment.Job instance at 0x7fd42d37a9b0>,30,20,[ 3 13],31,-1,68,-1,48
1,<environment.Job instance at 0x7fd42d37a1e0>,31,1,[ 2 14],32,-1,49,-1,48
1,<environment.Job instance at 0x7fd42d37aa00>,32,2,[12  2],33,-1,50,-1,48
1,<environment.Job instance at 0x7fd42d37a910>,35,16,[11  1],36,-1,66,-1,50
1,<environment.Job instance at 0x7fd42d37a5f0>,38,17,[11  3],39,-1,70,-1,53
1,<environment.Job instance at 0x7fd42dcb2d70>,2,20,[9 3],3,-1,24,-1,4
1,<environment.Job instance at 0x7fd42d3719b0>,3,24,[14  3],4,-1,28,-1,4
1,<environment.Job instance at 0x7fd42dc75d20>,8,18,[4 6],9,-1,28,-1,10
1,<environment.Job instance at 0x7fd42dc75a00>,20,25,[ 3 10],21,-1,59,-1,34
1,<environment.Job instance at 0x7fd42dcb2fa0>,9,22,[14  1],10,-1,75,-1,53
1,<environment.Job instance at 0x7fd42dc75cd0>,15,16,[14  1],16,-1,70,-1,54
1,<environment.Job instance at 0x7fd42dc75e60>,12,26,[8 4],13,-1,80,-1,54
1,<environment.Job instance at 0x7fd42dd4d9b0>,29,26,[9 4],30,-1,80,-1,54
1,<environment.Job instance at 0x7fd42dcb2b40>,7,28,[4 5],8,-1,82,-1,54
1,<environment.Job instance at 0x7fd42dd4dd20>,28,21,[8 3],29,-1,75,-1,54
1,<environment.Job instance at 0x7fd42dd4daa0>,31,17,[12  5],32,-1,71,-1,54
1,<environment.Job instance at 0x7fd42dd4d0f0>,26,23,[3 6],27,-1,77,-1,54
1,<environment.Job instance at 0x7fd42dd4d960>,33,17,[ 2 10],34,-1,71,-1,54
1,<environment.Job instance at 0x7fd42dd4d6e0>,34,25,[1 5],35,-1,79,-1,54
1,<environment.Job instance at 0x7fd42dd4d910>,37,15,[ 2 14],38,-1,70,-1,55
1,<environment.Job instance at 0x7fd42dd4db40>,38,16,[10  3],39,-1,73,-1,57
1,<environment.Job instance at 0x7fd42dd4d640>,39,16,[6 5],40,-1,73,-1,57
1,<environment.Job instance at 0x7fd42dd4dfa0>,40,14,[14  5],41,-1,72,-1,58
1,<environment.Job instance at 0x7fd42dd4d500>,32,12,[13  5],33,-1,70,-1,58
1,<environment.Job instance at 0x7fd42d1d7870>,0,23,[7 3],1,-1,24,-1,1
1,<environment.Job instance at 0x7fd42d327500>,3,24,[14  3],4,-1,28,-1,4
1,<environment.Job instance at 0x7fd42d389370>,5,21,[12  3],6,-1,27,-1,6
1,<environment.Job instance at 0x7fd42d5480f0>,7,28,[4 5],8,-1,36,-1,8
1,<environment.Job instance at 0x7fd42d38df50>,9,22,[14  1],10,-1,32,-1,10
1,<environment.Job instance at 0x7fd42d38d410>,10,3,[11  3],11,-1,14,-1,11
1,<environment.Job instance at 0x7fd42d389460>,11,27,[ 4 13],12,-1,39,-1,12
1,<environment.Job instance at 0x7fd42d37aa00>,15,16,[14  1],16,-1,32,-1,16
1,<environment.Job instance at 0x7fd42d37a6e0>,12,26,[8 4],13,-1,49,-1,23
1,<environment.Job instance at 0x7fd42d37a9b0>,20,25,[ 3 10],21,-1,53,-1,28
1,<environment.Job instance at 0x7fd42d37a870>,22,27,[3 9],23,-1,56,-1,29
1,<environment.Job instance at 0x7fd42d374960>,24,12,[13  2],25,-1,41,-1,29
1,<environment.Job instance at 0x7fd42d374500>,25,24,[1 5],26,-1,53,-1,29
1,<environment.Job instance at 0x7fd42d3742d0>,26,23,[3 6],27,-1,54,-1,31
1,<environment.Job instance at 0x7fd42d374690>,29,26,[9 4],30,-1,64,-1,38
1,<environment.Job instance at 0x7fd42d374f50>,31,17,[12  5],32,-1,55,-1,38
1,<environment.Job instance at 0x7fd42d374c30>,32,12,[13  5],33,-1,50,-1,38
1,<environment.Job instance at 0x7fd42d374730>,34,25,[1 5],35,-1,69,-1,44
1,<environment.Job instance at 0x7fd42d378410>,37,15,[ 2 14],38,-1,66,-1,51
1,<environment.Job instance at 0x7fd42cece960>,0,25,[4 5],1,-1,26,-1,1
1,<environment.Job instance at 0x7fd42cfa6eb0>,1,25,[6 3],2,-1,27,-1,2
1,<environment.Job instance at 0x7fd42e619870>,3,17,[9 4],4,-1,22,-1,5
1,<environment.Job instance at 0x7fd42df2f050>,4,13,[12  4],5,-1,18,-1,5
1,<environment.Job instance at 0x7fd42ced4d70>,12,20,[2 6],13,-1,33,-1,13
1,<environment.Job instance at 0x7fd42e33ca00>,14,25,[2 8],15,-1,40,-1,15
1,<environment.Job instance at 0x7fd42e33c9b0>,15,18,[10  5],16,-1,34,-1,16
1,<environment.Job instance at 0x7fd42e33c460>,17,24,[2 7],18,-1,42,-1,18
1,<environment.Job instance at 0x7fd42dc755f0>,0,25,[4 5],1,-1,26,-1,1
1,<environment.Job instance at 0x7fd42dc75230>,1,25,[6 3],2,-1,27,-1,2
1,<environment.Job instance at 0x7fd42d374640>,2,2,[11  1],3,-1,5,-1,3
1,<environment.Job instance at 0x7fd42d374af0>,4,13,[12  4],5,-1,18,-1,5
1,<environment.Job instance at 0x7fd42d374f50>,6,13,[ 1 13],7,-1,20,-1,7
1,<environment.Job instance at 0x7fd42d374be0>,7,26,[ 1 13],8,-1,34,-1,8
1,<environment.Job instance at 0x7fd42d374320>,9,16,[11  1],10,-1,26,-1,10
1,<environment.Job instance at 0x7fd42d374960>,10,14,[14  2],11,-1,25,-1,11
1,<environment.Job instance at 0x7fd42d810dc0>,16,2,[ 5 13],17,-1,23,-1,21
1,<environment.Job instance at 0x7fd42e361fa0>,18,16,[11  2],19,-1,37,-1,21
1,<environment.Job instance at 0x7fd42de85910>,19,22,[ 2 12],20,-1,43,-1,21
1,<environment.Job instance at 0x7fd42ced4aa0>,17,24,[2 7],18,-1,55,-1,31
1,<environment.Job instance at 0x7fd4373a8c80>,14,25,[2 8],15,-1,56,-1,31
1,<environment.Job instance at 0x7fd42e33caa0>,23,18,[12  1],24,-1,49,-1,31
1,<environment.Job instance at 0x7fd42e7c3370>,26,25,[8 5],27,-1,70,-1,45
1,<environment.Job instance at 0x7fd42e6df780>,29,18,[ 2 14],30,-1,63,-1,45
1,<environment.Job instance at 0x7fd42e023a50>,30,24,[9 1],31,-1,70,-1,46
1,<environment.Job instance at 0x7fd42e023780>,31,25,[7 1],32,-1,71,-1,46
1,<environment.Job instance at 0x7fd42e025230>,32,24,[12  5],33,-1,70,-1,46
1,<environment.Job instance at 0x7fd42e023b40>,33,23,[10  2],34,-1,69,-1,46
1,<environment.Job instance at 0x7fd42e22f5f0>,34,15,[ 1 11],35,-1,61,-1,46
1,<environment.Job instance at 0x7fd42e271320>,35,16,[ 5 12],36,-1,62,-1,46
1,<environment.Job instance at 0x7fd42d714640>,36,27,[ 4 14],37,-1,73,-1,46
1,<environment.Job instance at 0x7fd42e271910>,37,23,[2 9],38,-1,70,-1,47
1,<environment.Job instance at 0x7fd42d3a3c30>,39,15,[13  1],40,-1,62,-1,47
1,<environment.Job instance at 0x7fd42df60b90>,0,17,[7 5],1,-1,18,-1,1
1,<environment.Job instance at 0x7fd42df65960>,2,21,[4 8],3,-1,24,-1,3
1,<environment.Job instance at 0x7fd42df65a50>,3,15,[4 6],4,-1,19,-1,4
1,<environment.Job instance at 0x7fd42df65aa0>,4,21,[3 8],5,-1,26,-1,5
1,<environment.Job instance at 0x7fd42df654b0>,5,25,[ 5 10],6,-1,31,-1,6
1,<environment.Job instance at 0x7fd42df65550>,7,18,[1 5],8,-1,26,-1,8
1,<environment.Job instance at 0x7fd42e2c9e60>,24,16,[10  4],25,-1,56,-1,40
1,<environment.Job instance at 0x7fd42e2cae10>,21,17,[12  4],22,-1,57,-1,40
1,<environment.Job instance at 0x7fd42e2d1230>,30,26,[9 4],31,-1,66,-1,40
1,<environment.Job instance at 0x7fd42db3bc30>,29,18,[9 5],30,-1,58,-1,40
1,<environment.Job instance at 0x7fd42e6e6320>,8,20,[14  4],9,-1,34,-1,14
1,<environment.Job instance at 0x7fd42dfad820>,5,25,[ 5 10],6,-1,39,-1,14
1,<environment.Job instance at 0x7fd42e213960>,10,27,[ 4 10],11,-1,41,-1,14
1,<environment.Job instance at 0x7fd42e2137d0>,11,25,[12  4],12,-1,39,-1,14
1,<environment.Job instance at 0x7fd42d3a33c0>,13,27,[3 8],14,-1,43,-1,16
1,<environment.Job instance at 0x7fd42d6427d0>,14,13,[11  5],15,-1,29,-1,16
1,<environment.Job instance at 0x7fd42e2132d0>,15,24,[8 4],16,-1,40,-1,16
1,<environment.Job instance at 0x7fd42e025e60>,18,3,[13  2],19,-1,32,-1,29
1,<environment.Job instance at 0x7fd42e6df780>,21,17,[12  4],22,-1,48,-1,31
1,<environment.Job instance at 0x7fd42e2272d0>,25,3,[12  3],26,-1,39,-1,36
1,<environment.Job instance at 0x7fd42e25b140>,26,12,[ 5 14],27,-1,48,-1,36
1,<environment.Job instance at 0x7fd42d27fc30>,10,16,[3 8],11,-1,28,-1,12
1,<environment.Job instance at 0x7fd42d43b9b0>,13,15,[5 8],14,-1,29,-1,14
1,<environment.Job instance at 0x7fd42d43b780>,14,24,[ 3 10],15,-1,39,-1,15
1,<environment.Job instance at 0x7fd42d300140>,17,14,[5 7],18,-1,32,-1,18
1,<environment.Job instance at 0x7fd42d9c7f00>,18,18,[4 7],19,-1,37,-1,19
1,<environment.Job instance at 0x7fd42d9c74b0>,20,25,[5 8],21,-1,46,-1,21
1,<environment.Job instance at 0x7fd42d300500>,11,23,[ 3 13],12,-1,44,-1,21
1,<environment.Job instance at 0x7fd42d9c72d0>,23,21,[6 4],24,-1,56,-1,35
1,<environment.Job instance at 0x7fd42d30a0a0>,34,19,[8 2],35,-1,54,-1,35
1,<environment.Job instance at 0x7fd42d1dc190>,0,25,[14  4],1,-1,26,-1,1
1,<environment.Job instance at 0x7fd42d3749b0>,6,24,[14  2],7,-1,31,-1,7
1,<environment.Job instance at 0x7fd42d810dc0>,7,3,[ 5 11],8,-1,11,-1,8
1,<environment.Job instance at 0x7fd42e619f50>,8,2,[ 2 12],9,-1,11,-1,9
1,<environment.Job instance at 0x7fd4373a8c80>,9,23,[ 4 11],10,-1,33,-1,10
1,<environment.Job instance at 0x7fd42e361fa0>,11,23,[ 3 13],12,-1,35,-1,12
1,<environment.Job instance at 0x7fd42dc55320>,19,14,[ 1 14],20,-1,38,-1,24
1,<environment.Job instance at 0x7fd42e023230>,20,25,[5 8],21,-1,52,-1,27
1,<environment.Job instance at 0x7fd42e22fa50>,21,27,[7 4],22,-1,54,-1,27
1,<environment.Job instance at 0x7fd42e6df370>,14,24,[ 3 10],15,-1,62,-1,38
1,<environment.Job instance at 0x7fd42e2132d0>,26,16,[12  4],27,-1,54,-1,38
1,<environment.Job instance at 0x7fd42dfadd20>,31,18,[ 4 13],32,-1,63,-1,45
1,<environment.Job instance at 0x7fd42e7c3c30>,32,23,[11  2],33,-1,68,-1,45
1,<environment.Job instance at 0x7fd42e229a50>,33,1,[11  5],34,-1,46,-1,45
1,<environment.Job instance at 0x7fd42d38d050>,35,19,[14  4],36,-1,71,-1,52
1,<environment.Job instance at 0x7fd42d300dc0>,37,14,[ 5 11],38,-1,72,-1,58
1,<environment.Job instance at 0x7fd42e7c5b90>,2,16,[10  3],3,-1,20,-1,4
1,<environment.Job instance at 0x7fd42d3401e0>,3,24,[11  3],4,-1,28,-1,4
1,<environment.Job instance at 0x7fd42e7c5af0>,6,14,[10  3],7,-1,22,-1,8
1,<environment.Job instance at 0x7fd42e7c53c0>,7,23,[10  3],8,-1,31,-1,8
1,<environment.Job instance at 0x7fd42e7c5640>,9,18,[2 9],10,-1,28,-1,10
1,<environment.Job instance at 0x7fd42e7c5410>,10,18,[10  4],11,-1,30,-1,12
1,<environment.Job instance at 0x7fd42e7c5140>,12,24,[7 5],13,-1,37,-1,13
1,<environment.Job instance at 0x7fd42e7c5960>,16,27,[5 5],17,-1,44,-1,17
1,<environment.Job instance at 0x7fd42e7c52d0>,17,15,[9 5],18,-1,33,-1,18
1,<environment.Job instance at 0x7fd42cf08f00>,27,19,[11  1],28,-1,52,-1,33
1,<environment.Job instance at 0x7fd42e628b90>,31,27,[1 8],32,-1,60,-1,33
1,<environment.Job instance at 0x7fd42e628640>,33,22,[10  2],34,-1,59,-1,37
1,<environment.Job instance at 0x7fd42e7c51e0>,15,18,[14  1],16,-1,57,-1,39
1,<environment.Job instance at 0x7fd42cf08c30>,23,21,[ 2 11],24,-1,66,-1,45
1,<environment.Job instance at 0x7fd42e628d20>,37,18,[5 9],38,-1,63,-1,45
1,<environment.Job instance at 0x7fd42e6280f0>,39,18,[8 4],40,-1,63,-1,45
1,<environment.Job instance at 0x7fd42e628370>,36,18,[7 5],37,-1,63,-1,45
1,<environment.Job instance at 0x7fd42e628fa0>,40,20,[ 1 10],41,-1,65,-1,45
1,<environment.Job instance at 0x7fd42e6288c0>,43,13,[10  4],44,-1,58,-1,45
1,<environment.Job instance at 0x7fd42cedf320>,44,16,[5 5],45,-1,74,-1,58
1,<environment.Job instance at 0x7fd42cedffa0>,49,18,[3 6],50,-1,76,-1,58
1,<environment.Job instance at 0x7fd42cedfb90>,45,22,[1 7],46,-1,80,-1,58
1,<environment.Job instance at 0x7fd42cedf9b0>,51,25,[ 3 14],52,-1,83,-1,58
1,<environment.Job instance at 0x7fd42cedf730>,52,14,[14  3],53,-1,72,-1,58
1,<environment.Job instance at 0x7fd42cedfd70>,53,15,[4 6],54,-1,73,-1,58
1,<environment.Job instance at 0x7fd42e674eb0>,0,2,[13  5],1,-1,3,-1,1
1,<environment.Job instance at 0x7fd42e023a50>,3,24,[11  3],4,-1,28,-1,4
1,<environment.Job instance at 0x7fd42e023690>,4,18,[13  3],5,-1,23,-1,5
1,<environment.Job instance at 0x7fd42d810dc0>,7,23,[10  3],8,-1,42,-1,19
1,<environment.Job instance at 0x7fd42cf08190>,12,24,[7 5],13,-1,43,-1,19
1,<environment.Job instance at 0x7fd42cf08af0>,13,20,[14  5],14,-1,39,-1,19
1,<environment.Job instance at 0x7fd42cf08fa0>,15,18,[14  1],16,-1,37,-1,19
1,<environment.Job instance at 0x7fd42e628190>,16,27,[5 5],17,-1,59,-1,32
1,<environment.Job instance at 0x7fd42cedfa00>,19,13,[14  1],20,-1,45,-1,32
1,<environment.Job instance at 0x7fd42cedfd20>,21,3,[ 5 12],22,-1,36,-1,33
1,<environment.Job instance at 0x7fd42d340d70>,23,21,[ 2 11],24,-1,56,-1,35
1,<environment.Job instance at 0x7fd42d340dc0>,24,1,[14  3],25,-1,36,-1,35
1,<environment.Job instance at 0x7fd42cf7a370>,27,19,[11  1],28,-1,66,-1,47
1,<environment.Job instance at 0x7fd42cf7a460>,31,27,[1 8],32,-1,82,-1,55
1,<environment.Job instance at 0x7fd42cf7a140>,32,19,[ 5 14],33,-1,74,-1,55
1,<environment.Job instance at 0x7fd42cf7a5f0>,34,3,[13  1],35,-1,58,-1,55
1,<environment.Job instance at 0x7fd42d48a2d0>,0,22,[5 9],1,-1,23,-1,1
1,<environment.Job instance at 0x7fd42d48a370>,4,19,[6 3],5,-1,25,-1,6
1,<environment.Job instance at 0x7fd42d48aa00>,5,21,[7 1],6,-1,27,-1,6
1,<environment.Job instance at 0x7fd42d48aeb0>,6,14,[8 5],7,-1,22,-1,8
1,<environment.Job instance at 0x7fd4373a5e10>,7,17,[2 5],8,-1,25,-1,8
1,<environment.Job instance at 0x7fd4373a5780>,12,26,[ 4 10],13,-1,39,-1,13
1,<environment.Job instance at 0x7fd42d141cd0>,16,25,[7 3],17,-1,45,-1,20
1,<environment.Job instance at 0x7fd42d141aa0>,20,17,[1 9],21,-1,38,-1,21
1,<environment.Job instance at 0x7fd42d141f50>,21,20,[2 9],22,-1,42,-1,22
1,<environment.Job instance at 0x7fd42d141690>,23,27,[12  4],24,-1,54,-1,27
1,<environment.Job instance at 0x7fd42d141500>,26,18,[1 7],27,-1,46,-1,28
1,<environment.Job instance at 0x7fd42d141050>,15,24,[ 5 11],16,-1,59,-1,35
1,<environment.Job instance at 0x7fd42d141410>,30,14,[12  4],31,-1,53,-1,39
1,<environment.Job instance at 0x7fd4373a58c0>,9,13,[3 9],10,-1,52,-1,39
1,<environment.Job instance at 0x7fd42d141a50>,31,18,[11  5],32,-1,67,-1,49
1,<environment.Job instance at 0x7fd42dc9bf50>,34,15,[7 4],35,-1,64,-1,49
1,<environment.Job instance at 0x7fd42dc9bfa0>,35,25,[8 1],36,-1,74,-1,49
1,<environment.Job instance at 0x7fd42d1417d0>,28,14,[14  1],29,-1,63,-1,49
1,<environment.Job instance at 0x7fd42d0d94b0>,38,17,[7 2],39,-1,66,-1,49
1,<environment.Job instance at 0x7fd42d141fa0>,32,2,[10  5],33,-1,51,-1,49
1,<environment.Job instance at 0x7fd42d0d9e10>,40,28,[2 8],41,-1,79,-1,51
1,<environment.Job instance at 0x7fd42d0d9b90>,41,18,[5 1],42,-1,69,-1,51
1,<environment.Job instance at 0x7fd42d0d9910>,42,27,[9 3],43,-1,78,-1,51
1,<environment.Job instance at 0x7fd42d0d9c30>,43,12,[6 5],44,-1,63,-1,51
1,<environment.Job instance at 0x7fd42e63f8c0>,2,1,[ 4 14],3,-1,4,-1,3
1,<environment.Job instance at 0x7fd42e63f7d0>,3,25,[12  3],4,-1,29,-1,4
1,<environment.Job instance at 0x7fd42e63f910>,8,2,[ 5 14],9,-1,11,-1,9
1,<environment.Job instance at 0x7fd42e63fbe0>,10,1,[ 5 14],11,-1,24,-1,23
1,<environment.Job instance at 0x7fd42cedfe60>,13,2,[ 4 11],14,-1,26,-1,24
1,<environment.Job instance at 0x7fd42cedfd20>,14,14,[ 5 12],15,-1,38,-1,24
1,<environment.Job instance at 0x7fd42e628dc0>,15,24,[ 5 11],16,-1,48,-1,24
1,<environment.Job instance at 0x7fd42e628820>,16,25,[7 3],17,-1,50,-1,25
1,<environment.Job instance at 0x7fd42ced4aa0>,17,18,[11  5],18,-1,43,-1,25
1,<environment.Job instance at 0x7fd42cedf870>,12,26,[ 4 10],13,-1,62,-1,36
1,<environment.Job instance at 0x7fd42e7c5f50>,19,27,[1 5],20,-1,63,-1,36
1,<environment.Job instance at 0x7fd42e619d20>,22,17,[ 2 13],23,-1,53,-1,36
1,<environment.Job instance at 0x7fd42d141550>,23,27,[12  4],24,-1,63,-1,36
1,<environment.Job instance at 0x7fd42db8f320>,27,12,[ 5 12],28,-1,60,-1,48
1,<environment.Job instance at 0x7fd42d48a7d0>,28,14,[14  1],29,-1,62,-1,48
1,<environment.Job instance at 0x7fd42d48ad20>,30,14,[12  4],31,-1,65,-1,51
1,<environment.Job instance at 0x7fd42d48aaf0>,31,18,[11  5],32,-1,69,-1,51
1,<environment.Job instance at 0x7fd42db0dfa0>,1,16,[1 8],2,-1,18,-1,2
1,<environment.Job instance at 0x7fd42d8c50f0>,3,18,[ 3 10],4,-1,22,-1,4
1,<environment.Job instance at 0x7fd42d8c53c0>,4,26,[1 5],5,-1,31,-1,5
1,<environment.Job instance at 0x7fd42e63ff00>,10,15,[11  4],11,-1,26,-1,11
1,<environment.Job instance at 0x7fd42d8c5c30>,17,22,[9 4],18,-1,41,-1,19
1,<environment.Job instance at 0x7fd42d8c5e10>,20,15,[9 4],21,-1,36,-1,21
1,<environment.Job instance at 0x7fd42d8c5d20>,18,17,[5 5],19,-1,41,-1,24
1,<environment.Job instance at 0x7fd42d8db2d0>,24,28,[10  3],25,-1,54,-1,26
1,<environment.Job instance at 0x7fd42d8c54b0>,7,23,[ 4 10],8,-1,80,-1,57
1,<environment.Job instance at 0x7fd42d48a6e0>,5,22,[11  4],6,-1,28,-1,6
1,<environment.Job instance at 0x7fd42d48adc0>,6,21,[11  3],7,-1,28,-1,7
1,<environment.Job instance at 0x7fd42db8f320>,8,19,[14  3],9,-1,28,-1,9
1,<environment.Job instance at 0x7fd42db8f2d0>,10,15,[11  4],11,-1,26,-1,11
1,<environment.Job instance at 0x7fd4373a5eb0>,11,17,[11  1],12,-1,29,-1,12
1,<environment.Job instance at 0x7fd42e619d20>,12,2,[ 1 14],13,-1,15,-1,13
1,<environment.Job instance at 0x7fd42e674eb0>,13,12,[13  2],14,-1,26,-1,14
1,<environment.Job instance at 0x7fd42de4cfa0>,4,26,[1 5],5,-1,42,-1,16
1,<environment.Job instance at 0x7fd42ce20a00>,15,15,[ 2 11],16,-1,31,-1,16
1,<environment.Job instance at 0x7fd42e7c5f50>,16,23,[7 4],17,-1,40,-1,17
1,<environment.Job instance at 0x7fd42dc9b550>,7,23,[ 4 10],8,-1,41,-1,18
1,<environment.Job instance at 0x7fd42d141550>,25,25,[12  3],26,-1,61,-1,36
1,<environment.Job instance at 0x7fd42d141190>,24,28,[10  3],25,-1,79,-1,51
1,<environment.Job instance at 0x7fd436dcc280>,30,16,[14  3],31,-1,67,-1,51
1,<environment.Job instance at 0x7fd42d196dc0>,11,16,[1 9],12,-1,34,-1,18
1,<environment.Job instance at 0x7fd42d196f50>,17,18,[1 7],18,-1,45,-1,27
1,<environment.Job instance at 0x7fd42d0d9be0>,1,12,[11  1],2,-1,14,-1,2
1,<environment.Job instance at 0x7fd42d0d96e0>,3,15,[13  2],4,-1,19,-1,4
1,<environment.Job instance at 0x7fd42d118be0>,4,17,[12  3],5,-1,22,-1,5
1,<environment.Job instance at 0x7fd42d0e9460>,5,2,[ 4 12],6,-1,8,-1,6
1,<environment.Job instance at 0x7fd42d196af0>,7,28,[3 6],8,-1,36,-1,8
1,<environment.Job instance at 0x7fd42e3674b0>,9,19,[13  1],10,-1,29,-1,10
1,<environment.Job instance at 0x7fd42d496730>,14,28,[6 5],15,-1,46,-1,18
1,<environment.Job instance at 0x7fd42d496410>,22,25,[4 6],23,-1,72,-1,47
1,<environment.Job instance at 0x7fd42d496c80>,24,24,[7 5],25,-1,76,-1,52
1,<environment.Job instance at 0x7fd42d4965a0>,26,21,[14  1],27,-1,73,-1,52
1,<environment.Job instance at 0x7fd42d4961e0>,28,16,[12  4],29,-1,68,-1,52
1,<environment.Job instance at 0x7fd42db72c80>,0,18,[9 5],1,-1,19,-1,1
1,<environment.Job instance at 0x7fd42db725a0>,5,17,[6 5],6,-1,24,-1,7
1,<environment.Job instance at 0x7fd42db72fa0>,6,23,[11  3],7,-1,30,-1,7
1,<environment.Job instance at 0x7fd42d86a190>,8,16,[ 5 10],9,-1,40,-1,24
1,<environment.Job instance at 0x7fd42e3030f0>,19,16,[2 9],20,-1,40,-1,24
1,<environment.Job instance at 0x7fd42e303870>,20,18,[7 5],21,-1,48,-1,30
1,<environment.Job instance at 0x7fd42e303c30>,22,16,[ 2 10],23,-1,46,-1,30
1,<environment.Job instance at 0x7fd42e303140>,23,17,[4 5],24,-1,47,-1,30
1,<environment.Job instance at 0x7fd42d3d20a0>,24,18,[ 1 10],25,-1,48,-1,30
1,<environment.Job instance at 0x7fd42d469050>,1,28,[ 5 12],2,-1,30,-1,2
1,<environment.Job instance at 0x7fd42d469460>,2,28,[2 6],3,-1,31,-1,3
1,<environment.Job instance at 0x7fd42d469a50>,4,28,[ 1 11],5,-1,33,-1,5
1,<environment.Job instance at 0x7fd42d4699b0>,6,23,[11  3],7,-1,30,-1,7
1,<environment.Job instance at 0x7fd42d469fa0>,7,14,[13  5],8,-1,22,-1,8
1,<environment.Job instance at 0x7fd42d1414b0>,11,13,[12  5],12,-1,25,-1,12
1,<environment.Job instance at 0x7fd42d86abe0>,13,16,[11  4],14,-1,35,-1,19
1,<environment.Job instance at 0x7fd42d0e9550>,14,3,[ 5 14],15,-1,22,-1,19
1,<environment.Job instance at 0x7fd42e303640>,15,27,[6 1],16,-1,47,-1,20
1,<environment.Job instance at 0x7fd42d0e91e0>,18,3,[13  4],19,-1,23,-1,20
1,<environment.Job instance at 0x7fd42db72e10>,21,27,[5 1],22,-1,50,-1,23
1,<environment.Job instance at 0x7fd42d5fec80>,26,12,[14  1],27,-1,65,-1,53
1,<environment.Job instance at 0x7fd42d5feaf0>,27,18,[ 3 13],28,-1,71,-1,53
1,<environment.Job instance at 0x7fd42d5fef00>,30,22,[ 1 12],31,-1,77,-1,55
1,<environment.Job instance at 0x7fd42d5fe9b0>,32,3,[ 4 11],33,-1,61,-1,58
1,<environment.Job instance at 0x7fd42d9a8370>,1,19,[4 8],2,-1,22,-1,3
1,<environment.Job instance at 0x7fd42d469eb0>,2,16,[ 4 10],3,-1,20,-1,4
1,<environment.Job instance at 0x7fd42dba35f0>,5,14,[11  2],6,-1,20,-1,6
1,<environment.Job instance at 0x7fd42dba3730>,6,1,[4 6],7,-1,8,-1,7
1,<environment.Job instance at 0x7fd42dba3c80>,7,18,[9 4],8,-1,26,-1,8
1,<environment.Job instance at 0x7fd42d558c80>,20,24,[11  5],21,-1,45,-1,21
1,<environment.Job instance at 0x7fd42df7d140>,24,17,[10  5],25,-1,42,-1,25
1,<environment.Job instance at 0x7fd42dba3fa0>,12,13,[ 2 13],13,-1,39,-1,26
1,<environment.Job instance at 0x7fd42df7d2d0>,25,17,[3 6],26,-1,44,-1,27
1,<environment.Job instance at 0x7fd42df7d370>,26,18,[14  2],27,-1,46,-1,28
1,<environment.Job instance at 0x7fd42df7d730>,33,15,[3 8],34,-1,49,-1,34
1,<environment.Job instance at 0x7fd42df7dc30>,38,27,[4 9],39,-1,76,-1,49
1,<environment.Job instance at 0x7fd42df7de10>,41,16,[2 8],42,-1,69,-1,53
1,<environment.Job instance at 0x7fd42def10a0>,0,28,[13  5],1,-1,29,-1,1
1,<environment.Job instance at 0x7fd42def1280>,4,2,[ 2 14],5,-1,7,-1,5
1,<environment.Job instance at 0x7fd42def13c0>,5,14,[11  2],6,-1,20,-1,6
1,<environment.Job instance at 0x7fd42d5fe910>,8,3,[14  5],9,-1,12,-1,9
1,<environment.Job instance at 0x7fd42d5fe730>,9,1,[ 3 12],10,-1,11,-1,10
1,<environment.Job instance at 0x7fd42d5fec30>,12,13,[ 2 13],13,-1,26,-1,13
1,<environment.Job instance at 0x7fd42d5fefa0>,14,14,[ 3 13],15,-1,29,-1,15
1,<environment.Job instance at 0x7fd42d5fe0f0>,13,23,[5 1],14,-1,44,-1,21
1,<environment.Job instance at 0x7fd42d5fe7d0>,16,26,[ 1 12],17,-1,47,-1,21
1,<environment.Job instance at 0x7fd42d5fe320>,20,24,[11  5],21,-1,47,-1,23
1,<environment.Job instance at 0x7fd42dc52e10>,26,18,[14  2],27,-1,48,-1,30
1,<environment.Job instance at 0x7fd42db72370>,29,21,[12  3],30,-1,61,-1,40
1,<environment.Job instance at 0x7fd42d3d28c0>,30,1,[ 5 12],31,-1,41,-1,40
1,<environment.Job instance at 0x7fd42dc52aa0>,27,27,[5 7],28,-1,76,-1,49
1,<environment.Job instance at 0x7fd42d86abe0>,32,16,[ 2 13],33,-1,65,-1,49
1,<environment.Job instance at 0x7fd42e449dc0>,35,13,[14  1],36,-1,62,-1,49
1,<environment.Job instance at 0x7fd42d7c0730>,36,3,[ 5 13],37,-1,52,-1,49
1,<environment.Job instance at 0x7fd42dc75f00>,37,20,[ 2 13],38,-1,69,-1,49
1,<environment.Job instance at 0x7fd42d5ab190>,2,26,[5 8],3,-1,29,-1,3
1,<environment.Job instance at 0x7fd42d6c2eb0>,9,13,[7 5],10,-1,24,-1,11
1,<environment.Job instance at 0x7fd42d0e50a0>,12,18,[ 2 11],13,-1,31,-1,13
1,<environment.Job instance at 0x7fd42e5666e0>,10,21,[13  2],11,-1,35,-1,14
1,<environment.Job instance at 0x7fd42dc22af0>,22,18,[ 2 12],23,-1,64,-1,46
1,<environment.Job instance at 0x7fd42df7d0a0>,0,24,[7 3],1,-1,25,-1,1
1,<environment.Job instance at 0x7fd42dbd0c80>,4,23,[1 5],5,-1,28,-1,5
1,<environment.Job instance at 0x7fd42d3d28c0>,6,2,[ 5 13],7,-1,9,-1,7
1,<environment.Job instance at 0x7fd42d5abd70>,7,13,[ 1 14],8,-1,21,-1,8
1,<environment.Job instance at 0x7fd42d558550>,10,21,[13  2],11,-1,32,-1,11
1,<environment.Job instance at 0x7fd42d0e5230>,12,18,[ 2 11],13,-1,31,-1,13
1,<environment.Job instance at 0x7fd42d558640>,2,26,[5 8],3,-1,41,-1,15
1,<environment.Job instance at 0x7fd42e4bb500>,14,3,[11  2],15,-1,18,-1,15
1,<environment.Job instance at 0x7fd42dd4a500>,15,3,[14  5],16,-1,19,-1,16
1,<environment.Job instance at 0x7fd42e090af0>,19,18,[ 5 14],20,-1,38,-1,20
1,<environment.Job instance at 0x7fd42def1190>,20,17,[ 3 13],21,-1,38,-1,21
1,<environment.Job instance at 0x7fd42def1af0>,21,23,[13  3],22,-1,45,-1,22
1,<environment.Job instance at 0x7fd42def1780>,22,18,[ 2 12],23,-1,41,-1,23
1,<environment.Job instance at 0x7fd42def1c80>,23,2,[11  1],24,-1,26,-1,24
1,<environment.Job instance at 0x7fd42db77640>,27,1,[13  4],28,-1,29,-1,28
1,<environment.Job instance at 0x7fd42e1807d0>,28,13,[ 2 12],29,-1,42,-1,29
1,<environment.Job instance at 0x7fd42db77690>,26,26,[7 4],27,-1,62,-1,36
1,<environment.Job instance at 0x7fd42e180280>,31,13,[14  4],32,-1,49,-1,36
1,<environment.Job instance at 0x7fd42ce62500>,32,16,[14  2],33,-1,52,-1,36
1,<environment.Job instance at 0x7fd42ce62c80>,36,24,[5 9],37,-1,65,-1,41
1,<environment.Job instance at 0x7fd42ce62370>,37,1,[ 3 14],38,-1,42,-1,41
1,<environment.Job instance at 0x7fd42ce624b0>,39,28,[14  4],40,-1,69,-1,41
1,<environment.Job instance at 0x7fd42ce62e10>,40,28,[5 2],41,-1,78,-1,50
1,<environment.Job instance at 0x7fd42ce62dc0>,42,24,[8 1],43,-1,80,-1,56
1,<environment.Job instance at 0x7fd42dd138c0>,44,26,[5 7],45,-1,84,-1,58
1,<environment.Job instance at 0x7fd42dd13b40>,45,3,[ 1 12],46,-1,61,-1,58
1,<environment.Job instance at 0x7fd42dc2cbe0>,8,20,[5 6],9,-1,29,-1,9
1,<environment.Job instance at 0x7fd42dc2caf0>,9,15,[10  1],10,-1,26,-1,11
1,<environment.Job instance at 0x7fd42dc2c960>,11,16,[6 5],12,-1,28,-1,12
1,<environment.Job instance at 0x7fd42dc2c690>,12,14,[5 4],13,-1,27,-1,13
1,<environment.Job instance at 0x7fd42dc2cd70>,13,12,[ 3 10],14,-1,26,-1,14
1,<environment.Job instance at 0x7fd42dc2c190>,18,16,[9 2],19,-1,36,-1,20
1,<environment.Job instance at 0x7fd436db1a50>,10,14,[3 8],11,-1,39,-1,25
1,<environment.Job instance at 0x7fd42dc2c780>,15,20,[3 7],16,-1,62,-1,42
1,<environment.Job instance at 0x7fd42e6980f0>,27,17,[9 2],28,-1,64,-1,47
1,<environment.Job instance at 0x7fd42dbe7d20>,33,16,[11  3],34,-1,64,-1,48
1,<environment.Job instance at 0x7fd42dbe7a50>,34,25,[6 2],35,-1,74,-1,49
1,<environment.Job instance at 0x7fd42dbe72d0>,35,17,[13  1],36,-1,66,-1,49
1,<environment.Job instance at 0x7fd42dbe7d70>,36,23,[8 2],37,-1,72,-1,49
1,<environment.Job instance at 0x7fd42dbe7410>,30,15,[ 2 13],31,-1,64,-1,49
1,<environment.Job instance at 0x7fd42dbe7140>,37,26,[ 2 11],38,-1,75,-1,49
1,<environment.Job instance at 0x7fd42dbe7230>,38,1,[6 4],39,-1,50,-1,49
1,<environment.Job instance at 0x7fd42dbe7f50>,40,26,[2 7],41,-1,75,-1,49
1,<environment.Job instance at 0x7fd42e698780>,25,17,[14  2],26,-1,66,-1,49
1,<environment.Job instance at 0x7fd42dc2c730>,3,14,[13  3],4,-1,63,-1,49
1,<environment.Job instance at 0x7fd42dbe7b40>,42,17,[8 3],43,-1,67,-1,50
1,<environment.Job instance at 0x7fd42dbe7c30>,44,12,[4 8],45,-1,62,-1,50
1,<environment.Job instance at 0x7fd42dbe7820>,46,22,[7 2],47,-1,72,-1,50
1,<environment.Job instance at 0x7fd42dbe7dc0>,47,18,[5 9],48,-1,68,-1,50
1,<environment.Job instance at 0x7fd42d508e60>,48,27,[6 5],49,-1,77,-1,50
1,<environment.Job instance at 0x7fd42dbe7e10>,49,14,[7 4],50,-1,64,-1,50
1,<environment.Job instance at 0x7fd42dd13f00>,0,17,[ 1 13],1,-1,18,-1,1
1,<environment.Job instance at 0x7fd42dd13910>,1,25,[4 9],2,-1,27,-1,2
1,<environment.Job instance at 0x7fd42dd135a0>,3,14,[13  3],4,-1,18,-1,4
1,<environment.Job instance at 0x7fd42d298410>,14,12,[11  4],15,-1,33,-1,21
1,<environment.Job instance at 0x7fd42dbfbaf0>,20,17,[ 2 14],21,-1,52,-1,35
1,<environment.Job instance at 0x7fd42ce7ea50>,22,1,[13  4],23,-1,38,-1,37
1,<environment.Job instance at 0x7fd42e08f050>,25,17,[14  2],26,-1,64,-1,47
1,<environment.Job instance at 0x7fd42e08f320>,26,17,[ 1 12],27,-1,64,-1,47
1,<environment.Job instance at 0x7fd42e5e9460>,29,27,[11  4],30,-1,86,-1,59
1,<environment.Job instance at 0x7fd42cf246e0>,30,15,[ 2 13],31,-1,74,-1,59
1,<environment.Job instance at 0x7fd43712c460>,0,24,[4 5],1,-1,25,-1,1
1,<environment.Job instance at 0x7fd42d9a5960>,7,18,[1 5],8,-1,26,-1,8
1,<environment.Job instance at 0x7fd42deb07d0>,8,27,[7 4],9,-1,36,-1,9
1,<environment.Job instance at 0x7fd43712c780>,6,15,[ 3 14],7,-1,33,-1,18
1,<environment.Job instance at 0x7fd42e4b7320>,14,13,[9 5],15,-1,31,-1,18
1,<environment.Job instance at 0x7fd42d9a51e0>,10,16,[10  2],11,-1,34,-1,18
1,<environment.Job instance at 0x7fd42d647690>,15,18,[6 2],16,-1,36,-1,18
1,<environment.Job instance at 0x7fd42e4b7d20>,16,14,[ 4 12],17,-1,33,-1,19
1,<environment.Job instance at 0x7fd42e4b7cd0>,17,13,[7 5],18,-1,32,-1,19
1,<environment.Job instance at 0x7fd42d12b230>,20,15,[7 3],21,-1,36,-1,21
1,<environment.Job instance at 0x7fd42d12bc80>,21,23,[ 4 13],22,-1,45,-1,22
1,<environment.Job instance at 0x7fd42d0e2af0>,22,19,[11  1],23,-1,42,-1,23
1,<environment.Job instance at 0x7fd42d12bbe0>,29,16,[14  5],30,-1,63,-1,47
1,<environment.Job instance at 0x7fd436ddda00>,26,13,[ 3 13],27,-1,61,-1,48
1,<environment.Job instance at 0x7fd42d12bfa0>,18,25,[ 1 14],19,-1,73,-1,48
1,<environment.Job instance at 0x7fd436dd23c0>,35,22,[2 6],36,-1,70,-1,48
1,<environment.Job instance at 0x7fd42cfa20a0>,31,2,[7 5],32,-1,50,-1,48
1,<environment.Job instance at 0x7fd42d371730>,37,17,[7 4],38,-1,65,-1,48
1,<environment.Job instance at 0x7fd436ddd690>,28,22,[6 4],29,-1,70,-1,48
1,<environment.Job instance at 0x7fd42d9a8c30>,38,23,[5 5],39,-1,72,-1,49
1,<environment.Job instance at 0x7fd42d08c3c0>,40,14,[11  3],41,-1,63,-1,49
1,<environment.Job instance at 0x7fd42d0fc410>,44,16,[4 9],45,-1,69,-1,53
1,<environment.Job instance at 0x7fd42de6d0a0>,45,22,[6 1],46,-1,75,-1,53
1,<environment.Job instance at 0x7fd42de6dd70>,47,14,[3 8],48,-1,68,-1,54
1,<environment.Job instance at 0x7fd42d3710a0>,36,3,[5 3],37,-1,57,-1,54
1,<environment.Job instance at 0x7fd42e2ca960>,0,24,[4 5],1,-1,25,-1,1
1,<environment.Job instance at 0x7fd42e2ca8c0>,2,12,[13  3],3,-1,15,-1,3
1,<environment.Job instance at 0x7fd42e6e5aa0>,3,25,[ 5 10],4,-1,29,-1,4
1,<environment.Job instance at 0x7fd42d560910>,5,14,[11  2],6,-1,20,-1,6
1,<environment.Job instance at 0x7fd42dbfbaf0>,6,15,[ 3 14],7,-1,22,-1,7
1,<environment.Job instance at 0x7fd42dbfb780>,8,27,[7 4],9,-1,43,-1,16
1,<environment.Job instance at 0x7fd42e2644b0>,13,2,[ 1 12],14,-1,18,-1,16
1,<environment.Job instance at 0x7fd42d7d3d20>,16,14,[ 4 12],17,-1,35,-1,21
1,<environment.Job instance at 0x7fd42ddfb140>,18,25,[ 1 14],19,-1,51,-1,26
1,<environment.Job instance at 0x7fd42d7c8a50>,19,14,[11  5],20,-1,40,-1,26
1,<environment.Job instance at 0x7fd42d7c8190>,21,23,[ 4 13],22,-1,51,-1,28
1,<environment.Job instance at 0x7fd42d667410>,22,19,[11  1],23,-1,47,-1,28
1,<environment.Job instance at 0x7fd42d667370>,23,3,[ 4 11],24,-1,31,-1,28
1,<environment.Job instance at 0x7fd42d667d70>,26,13,[ 3 13],27,-1,54,-1,41
1,<environment.Job instance at 0x7fd42e25fd20>,29,16,[14  5],30,-1,60,-1,44
1,<environment.Job instance at 0x7fd42e25f370>,32,1,[14  3],33,-1,55,-1,54
1,<environment.Job instance at 0x7fd42cfd3b90>,2,17,[8 5],3,-1,20,-1,3
1,<environment.Job instance at 0x7fd42cfd3e10>,4,23,[5 5],5,-1,28,-1,5
1,<environment.Job instance at 0x7fd42cfd3c30>,6,14,[9 5],7,-1,22,-1,8
1,<environment.Job instance at 0x7fd42d43f690>,7,25,[7 3],8,-1,33,-1,8
1,<environment.Job instance at 0x7fd42d447050>,15,14,[2 6],16,-1,37,-1,23
1,<environment.Job instance at 0x7fd42d447640>,22,15,[8 1],23,-1,39,-1,24
1,<environment.Job instance at 0x7fd42d447c80>,23,14,[5 7],24,-1,41,-1,27
1,<environment.Job instance at 0x7fd42d447410>,26,15,[ 4 10],27,-1,42,-1,27
1,<environment.Job instance at 0x7fd42d447fa0>,20,14,[14  1],21,-1,42,-1,28
1,<environment.Job instance at 0x7fd42e541780>,27,26,[3 7],28,-1,54,-1,28
1,<environment.Job instance at 0x7fd42d447c30>,28,26,[4 6],29,-1,55,-1,29
1,<environment.Job instance at 0x7fd42e5411e0>,30,20,[4 9],31,-1,51,-1,31
1,<environment.Job instance at 0x7fd42e5414b0>,35,17,[7 2],36,-1,58,-1,41
1,<environment.Job instance at 0x7fd42d7f6780>,36,18,[ 4 10],37,-1,59,-1,41
1,<environment.Job instance at 0x7fd42e3c09b0>,4,23,[5 5],5,-1,28,-1,5
1,<environment.Job instance at 0x7fd436e03280>,5,23,[ 2 12],6,-1,29,-1,6
1,<environment.Job instance at 0x7fd42db55dc0>,7,25,[7 3],8,-1,33,-1,8
1,<environment.Job instance at 0x7fd42e776f50>,8,1,[12  5],9,-1,10,-1,9
1,<environment.Job instance at 0x7fd42dac65f0>,9,13,[11  2],10,-1,23,-1,10
1,<environment.Job instance at 0x7fd42d153e60>,10,27,[5 2],11,-1,38,-1,11
1,<environment.Job instance at 0x7fd42e63fa00>,19,3,[ 3 11],20,-1,35,-1,32
1,<environment.Job instance at 0x7fd42e25faa0>,20,14,[14  1],21,-1,46,-1,32
1,<environment.Job instance at 0x7fd42e25f370>,24,20,[ 2 11],25,-1,55,-1,35
1,<environment.Job instance at 0x7fd42d667eb0>,27,26,[3 7],28,-1,77,-1,51
1,<environment.Job instance at 0x7fd42d667780>,28,26,[4 6],29,-1,77,-1,51
1,<environment.Job instance at 0x7fd42d667370>,29,14,[ 3 14],30,-1,65,-1,51
1,<environment.Job instance at 0x7fd42e33e960>,1,22,[10  5],2,-1,26,-1,4
1,<environment.Job instance at 0x7fd42e33e190>,3,16,[12  5],4,-1,20,-1,4
1,<environment.Job instance at 0x7fd42e33eaf0>,4,12,[ 1 10],5,-1,18,-1,6
1,<environment.Job instance at 0x7fd42e33e7d0>,5,18,[11  4],6,-1,24,-1,6
1,<environment.Job instance at 0x7fd42e33e910>,11,23,[2 9],12,-1,35,-1,12
1,<environment.Job instance at 0x7fd42df29370>,12,26,[7 4],13,-1,39,-1,13
1,<environment.Job instance at 0x7fd42df296e0>,13,24,[7 4],14,-1,38,-1,14
1,<environment.Job instance at 0x7fd42d6721e0>,17,18,[1 9],18,-1,36,-1,18
1,<environment.Job instance at 0x7fd42def1690>,22,17,[3 7],23,-1,40,-1,23
1,<environment.Job instance at 0x7fd42def1500>,24,14,[7 5],25,-1,40,-1,26
1,<environment.Job instance at 0x7fd42def1050>,26,20,[ 2 10],27,-1,47,-1,27
1,<environment.Job instance at 0x7fd42def1230>,27,18,[2 9],28,-1,46,-1,28
1,<environment.Job instance at 0x7fd42def10a0>,28,18,[5 5],29,-1,47,-1,29
1,<environment.Job instance at 0x7fd42def1640>,25,28,[9 1],26,-1,57,-1,29
1,<environment.Job instance at 0x7fd42def1cd0>,30,19,[3 9],31,-1,51,-1,32
1,<environment.Job instance at 0x7fd42def1370>,32,16,[7 5],33,-1,49,-1,33
1,<environment.Job instance at 0x7fd42d235410>,38,23,[4 8],39,-1,68,-1,45
1,<environment.Job instance at 0x7fd42e227aa0>,0,20,[14  2],1,-1,21,-1,1
1,<environment.Job instance at 0x7fd42db45b90>,2,1,[ 5 14],3,-1,4,-1,3
1,<environment.Job instance at 0x7fd42d5ae3c0>,3,16,[12  5],4,-1,20,-1,4
1,<environment.Job instance at 0x7fd42d106960>,5,18,[11  4],6,-1,24,-1,6
1,<environment.Job instance at 0x7fd42d2d2050>,7,3,[ 4 11],8,-1,11,-1,8
1,<environment.Job instance at 0x7fd42d175500>,11,23,[2 9],12,-1,40,-1,17
1,<environment.Job instance at 0x7fd42e299dc0>,13,24,[7 4],14,-1,48,-1,24
1,<environment.Job instance at 0x7fd42d4aebe0>,14,3,[13  3],15,-1,27,-1,24
1,<environment.Job instance at 0x7fd42e299e60>,12,26,[7 4],13,-1,50,-1,24
1,<environment.Job instance at 0x7fd437128050>,16,14,[13  2],17,-1,38,-1,24
1,<environment.Job instance at 0x7fd437128550>,18,2,[ 4 14],19,-1,26,-1,24
1,<environment.Job instance at 0x7fd42e44c690>,21,14,[ 4 14],22,-1,39,-1,25
1,<environment.Job instance at 0x7fd42e545eb0>,25,28,[9 1],26,-1,80,-1,52
1,<environment.Job instance at 0x7fd42e5ad690>,4,18,[ 2 10],5,-1,24,-1,6
1,<environment.Job instance at 0x7fd42dc1bb40>,6,14,[9 5],7,-1,21,-1,7
1,<environment.Job instance at 0x7fd42ded5690>,7,14,[8 5],8,-1,22,-1,8
1,<environment.Job instance at 0x7fd42ded5e10>,8,25,[9 4],9,-1,34,-1,9
1,<environment.Job instance at 0x7fd42ded5e60>,9,15,[7 3],10,-1,25,-1,10
1,<environment.Job instance at 0x7fd42df86780>,10,17,[1 5],11,-1,28,-1,11
1,<environment.Job instance at 0x7fd4371dfd70>,2,23,[ 2 12],3,-1,26,-1,3
1,<environment.Job instance at 0x7fd436fc2320>,3,27,[8 3],4,-1,31,-1,4
1,<environment.Job instance at 0x7fd42e5a2410>,12,28,[ 5 13],13,-1,61,-1,33
1,<environment.Job instance at 0x7fd42e5a20a0>,13,15,[12  1],14,-1,48,-1,33
1,<environment.Job instance at 0x7fd42e44cd70>,14,3,[ 5 14],15,-1,36,-1,33
1,<environment.Job instance at 0x7fd42d8a0550>,8,25,[9 4],9,-1,62,-1,37
1,<environment.Job instance at 0x7fd437128d20>,17,27,[10  5],18,-1,64,-1,37
1,<environment.Job instance at 0x7fd42e44cf50>,16,26,[4 9],17,-1,78,-1,52
1,<environment.Job instance at 0x7fd42e299e60>,22,16,[13  4],23,-1,68,-1,52
1,<environment.Job instance at 0x7fd42e299910>,24,16,[ 5 12],25,-1,70,-1,54
1,<environment.Job instance at 0x7fd42d2d2460>,28,12,[ 2 12],29,-1,69,-1,57
1,<environment.Job instance at 0x7f0267939a50>,2,22,[4 8],3,-1,29,-1,7
1,<environment.Job instance at 0x7f026793e320>,13,28,[ 4 14],14,-1,45,-1,17
1,<environment.Job instance at 0x7f026793e550>,17,28,[ 5 10],18,-1,46,-1,18
1,<environment.Job instance at 0x7f026793ed20>,24,18,[ 4 10],25,-1,57,-1,39
1,<environment.Job instance at 0x7f026793ee10>,26,26,[5 5],27,-1,65,-1,39
1,<environment.Job instance at 0x7f026793ecd0>,28,25,[5 7],29,-1,64,-1,39
1,<environment.Job instance at 0x7f0270f83780>,0,28,[9 3],1,-1,29,-1,1
1,<environment.Job instance at 0x7f0267939960>,1,22,[11  3],2,-1,24,-1,2
1,<environment.Job instance at 0x7f0267939910>,3,3,[ 4 14],4,-1,7,-1,4
1,<environment.Job instance at 0x7f0267946320>,8,22,[14  3],9,-1,31,-1,9
1,<environment.Job instance at 0x7f0267946640>,9,18,[ 2 13],10,-1,28,-1,10
1,<environment.Job instance at 0x7f02679466e0>,10,18,[ 3 11],11,-1,29,-1,11
1,<environment.Job instance at 0x7f0267946910>,13,28,[ 4 14],14,-1,42,-1,14
1,<environment.Job instance at 0x7f0267946140>,5,24,[1 5],6,-1,43,-1,19
1,<environment.Job instance at 0x7f02679462d0>,7,25,[6 2],8,-1,50,-1,25
1,<environment.Job instance at 0x7f0267946550>,17,28,[ 5 10],18,-1,54,-1,26
1,<environment.Job instance at 0x7f0267946a50>,18,3,[ 4 13],19,-1,29,-1,26
1,<environment.Job instance at 0x7f0267946b90>,19,14,[ 3 11],20,-1,40,-1,26
1,<environment.Job instance at 0x7f0267946c30>,20,1,[13  5],21,-1,27,-1,26
1,<environment.Job instance at 0x7f0267946d70>,23,27,[ 1 14],24,-1,53,-1,26
1,<environment.Job instance at 0x7f0267946eb0>,25,27,[8 1],26,-1,67,-1,40
1,<environment.Job instance at 0x7f02679470f0>,26,26,[5 5],27,-1,69,-1,43
1,<environment.Job instance at 0x7f02679472d0>,29,25,[ 4 11],30,-1,68,-1,43
1,<environment.Job instance at 0x7f0267947410>,30,22,[ 5 13],31,-1,65,-1,43
1,<environment.Job instance at 0x7f0267946c80>,28,25,[5 7],29,-1,68,-1,43
1,<environment.Job instance at 0x7f02679475f0>,33,1,[11  3],34,-1,44,-1,43
1,<environment.Job instance at 0x7f0267947230>,31,27,[4 8],32,-1,72,-1,45
1,<environment.Job instance at 0x7f0267947870>,37,13,[ 3 14],38,-1,58,-1,45
1,<environment.Job instance at 0x7f0267947910>,38,28,[ 2 12],39,-1,73,-1,45
1,<environment.Job instance at 0x7f0267947af0>,40,24,[5 6],41,-1,71,-1,47
1,<environment.Job instance at 0x7f0267947b90>,42,27,[5 2],43,-1,74,-1,47
1,<environment.Job instance at 0x7f0267984870>,45,24,[ 1 13],46,-1,80,-1,56
1,<environment.Job instance at 0x7f0267ae3500>,47,17,[12  2],48,-1,80,-1,63
1,<environment.Job instance at 0x7f026707c1e0>,1,21,[10  2],2,-1,24,-1,3
1,<environment.Job instance at 0x7f026707c8c0>,2,28,[5 1],3,-1,31,-1,3
1,<environment.Job instance at 0x7f0267081690>,7,19,[4 8],8,-1,28,-1,9
1,<environment.Job instance at 0x7f02670813c0>,9,12,[10  2],10,-1,22,-1,10
1,<environment.Job instance at 0x7f0267081230>,10,13,[9 4],11,-1,24,-1,11
1,<environment.Job instance at 0x7f02670817d0>,12,15,[5 9],13,-1,28,-1,13
1,<environment.Job instance at 0x7f02670801e0>,13,16,[ 4 10],14,-1,30,-1,14
1,<environment.Job instance at 0x7f02670ddf50>,8,13,[8 5],9,-1,30,-1,17
1,<environment.Job instance at 0x7f02670806e0>,14,20,[13  1],15,-1,50,-1,30
1,<environment.Job instance at 0x7f0267080910>,23,22,[10  2],24,-1,53,-1,31
1,<environment.Job instance at 0x7f0267076dc0>,29,12,[ 5 14],30,-1,44,-1,32
1,<environment.Job instance at 0x7f02670764b0>,30,19,[8 2],31,-1,53,-1,34
1,<environment.Job instance at 0x7f026707f230>,32,27,[5 6],33,-1,61,-1,34
1,<environment.Job instance at 0x7f0267076fa0>,26,25,[8 5],27,-1,59,-1,34
1,<environment.Job instance at 0x7f0267947780>,0,13,[ 3 12],1,-1,14,-1,1
1,<environment.Job instance at 0x7f02679475f0>,2,28,[5 1],3,-1,31,-1,3
1,<environment.Job instance at 0x7f026725ebe0>,6,14,[ 4 11],7,-1,21,-1,7
1,<environment.Job instance at 0x7f0267157050>,14,20,[13  1],15,-1,54,-1,34
1,<environment.Job instance at 0x7f0267157870>,15,18,[ 3 14],16,-1,52,-1,34
1,<environment.Job instance at 0x7f0267157320>,19,21,[ 1 11],20,-1,70,-1,49
1,<environment.Job instance at 0x7f026715a0a0>,21,14,[ 2 13],22,-1,65,-1,51
1,<environment.Job instance at 0x7f026713bb40>,26,25,[8 5],27,-1,80,-1,55
1,<environment.Job instance at 0x7f026719c5f0>,28,22,[ 3 11],29,-1,77,-1,55
1,<environment.Job instance at 0x7f026719c640>,29,12,[ 5 14],30,-1,67,-1,55
1,<environment.Job instance at 0x7f026715e050>,32,27,[5 6],33,-1,95,-1,68
1,<environment.Job instance at 0x7f02670e72d0>,33,24,[12  3],34,-1,92,-1,68
1,<environment.Job instance at 0x7f02670e7910>,34,22,[12  5],35,-1,90,-1,68
1,<environment.Job instance at 0x7f02670f52d0>,35,18,[12  4],36,-1,86,-1,68
1,<environment.Job instance at 0x7f02670e7a00>,36,17,[ 5 13],37,-1,85,-1,68
1,<environment.Job instance at 0x7f02670f5c80>,37,23,[14  4],38,-1,91,-1,68
1,<environment.Job instance at 0x7f0266fa0730>,2,22,[4 8],3,-1,25,-1,3
1,<environment.Job instance at 0x7f0266fa0c80>,0,16,[ 2 14],1,-1,17,-1,1
1,<environment.Job instance at 0x7f0266fa5aa0>,3,25,[6 1],4,-1,29,-1,4
1,<environment.Job instance at 0x7f0266f6be60>,4,20,[ 1 14],5,-1,25,-1,5
1,<environment.Job instance at 0x7f0266fa0b90>,6,17,[14  2],7,-1,24,-1,7
1,<environment.Job instance at 0x7f0266f6bbe0>,8,1,[11  2],9,-1,10,-1,9
1,<environment.Job instance at 0x7f0266f6bd70>,9,23,[ 1 14],10,-1,33,-1,10
1,<environment.Job instance at 0x7f0266f6b190>,12,14,[13  4],13,-1,27,-1,13
1,<environment.Job instance at 0x7f0266f6b7d0>,14,22,[12  4],15,-1,37,-1,15
1,<environment.Job instance at 0x7f0266f6b500>,15,23,[1 7],16,-1,41,-1,18
1,<environment.Job instance at 0x7f0266f6bf50>,17,1,[ 2 14],18,-1,19,-1,18
1,<environment.Job instance at 0x7f0266f6f140>,20,25,[9 3],21,-1,50,-1,25
1,<environment.Job instance at 0x7f0267027f00>,24,14,[13  3],25,-1,40,-1,26
1,<environment.Job instance at 0x7f0267027370>,26,3,[ 2 12],27,-1,41,-1,38
1,<environment.Job instance at 0x7f0267027aa0>,28,1,[13  2],29,-1,40,-1,39
1,<environment.Job instance at 0x7f0267027320>,29,14,[11  3],30,-1,53,-1,39
1,<environment.Job instance at 0x7f02670275a0>,36,24,[11  5],37,-1,80,-1,56
1,<environment.Job instance at 0x7f02670271e0>,38,25,[14  4],39,-1,81,-1,56
1,<environment.Job instance at 0x7f0267de16e0>,4,13,[9 4],5,-1,19,-1,6
1,<environment.Job instance at 0x7f0266ef2640>,5,16,[11  1],6,-1,22,-1,6
1,<environment.Job instance at 0x7f0267de10a0>,6,17,[3 8],7,-1,25,-1,8
1,<environment.Job instance at 0x7f0267de1f50>,7,19,[10  5],8,-1,27,-1,8
1,<environment.Job instance at 0x7f0267de1190>,10,25,[6 2],11,-1,36,-1,11
1,<environment.Job instance at 0x7f0267de14b0>,20,27,[14  3],21,-1,66,-1,39
1,<environment.Job instance at 0x7f0267de10f0>,16,16,[9 2],17,-1,56,-1,40
1,<environment.Job instance at 0x7f0267e4d8c0>,23,26,[8 3],24,-1,66,-1,40
1,<environment.Job instance at 0x7f0267de1eb0>,14,16,[3 8],15,-1,56,-1,40
1,<environment.Job instance at 0x7f0267e4d410>,25,19,[ 2 13],26,-1,59,-1,40
1,<environment.Job instance at 0x7f0267e4d140>,21,20,[1 7],22,-1,60,-1,40
1,<environment.Job instance at 0x7f0267de1780>,13,26,[11  5],14,-1,67,-1,41
1,<environment.Job instance at 0x7f0267e4d640>,26,22,[11  1],27,-1,64,-1,42
1,<environment.Job instance at 0x7f0267e4de60>,22,26,[ 4 10],23,-1,68,-1,42
1,<environment.Job instance at 0x7f0267de1500>,8,17,[11  3],9,-1,60,-1,43
1,<environment.Job instance at 0x7f0267de25f0>,32,20,[9 3],33,-1,63,-1,43
1,<environment.Job instance at 0x7f0267de2b40>,35,21,[12  3],36,-1,67,-1,46
1,<environment.Job instance at 0x7f0267de2af0>,33,24,[14  3],34,-1,72,-1,48
1,<environment.Job instance at 0x7f0267de27d0>,37,28,[4 5],38,-1,76,-1,48
1,<environment.Job instance at 0x7f0267de2190>,39,22,[14  1],40,-1,77,-1,55
1,<environment.Job instance at 0x7f0267de2f00>,42,26,[8 4],43,-1,89,-1,63
1,<environment.Job instance at 0x7f02670a5af0>,0,20,[ 3 13],1,-1,21,-1,1
1,<environment.Job instance at 0x7f02670a5730>,1,1,[ 2 14],2,-1,3,-1,2
1,<environment.Job instance at 0x7f02670a5410>,2,2,[12  2],3,-1,5,-1,3
1,<environment.Job instance at 0x7f02670a5d20>,5,16,[11  1],6,-1,22,-1,6
1,<environment.Job instance at 0x7f02670a5aa0>,8,17,[11  3],9,-1,26,-1,9
1,<environment.Job instance at 0x7f02670435f0>,11,18,[12  4],12,-1,30,-1,12
1,<environment.Job instance at 0x7f0267043d70>,13,26,[11  5],14,-1,40,-1,14
1,<environment.Job instance at 0x7f0267043500>,10,25,[6 2],11,-1,43,-1,18
1,<environment.Job instance at 0x7f0267043f00>,17,15,[13  5],18,-1,33,-1,18
1,<environment.Job instance at 0x7f0267043e10>,20,27,[14  3],21,-1,59,-1,32
1,<environment.Job instance at 0x7f0267027550>,24,1,[12  1],25,-1,39,-1,38
1,<environment.Job instance at 0x7f02670273c0>,25,19,[ 2 13],26,-1,57,-1,38
1,<environment.Job instance at 0x7f02670270a0>,26,22,[11  1],27,-1,60,-1,38
1,<environment.Job instance at 0x7f02670274b0>,27,22,[ 1 13],28,-1,60,-1,38
1,<environment.Job instance at 0x7f0267027c80>,23,26,[8 3],24,-1,72,-1,46
1,<environment.Job instance at 0x7f02670275f0>,30,23,[7 3],31,-1,77,-1,54
1,<environment.Job instance at 0x7f0267027c30>,22,26,[ 4 10],23,-1,80,-1,54
1,<environment.Job instance at 0x7f02670278c0>,33,24,[14  3],34,-1,78,-1,54
1,<environment.Job instance at 0x7f0267027be0>,35,21,[12  3],36,-1,77,-1,56
1,<environment.Job instance at 0x7f02670272d0>,37,28,[4 5],38,-1,87,-1,59
1,<environment.Job instance at 0x7f0267027f50>,39,22,[14  1],40,-1,81,-1,59
1,<environment.Job instance at 0x7f02670276e0>,40,3,[11  3],41,-1,62,-1,59
1,<environment.Job instance at 0x7f0267de2550>,41,27,[ 4 13],42,-1,86,-1,59
1,<environment.Job instance at 0x7f0267de29b0>,42,26,[8 4],43,-1,88,-1,62
1,<environment.Job instance at 0x7f0267de13c0>,45,16,[14  1],46,-1,78,-1,62
1,<environment.Job instance at 0x7f0267753500>,6,25,[5 2],7,-1,32,-1,7
1,<environment.Job instance at 0x7f02673bcf00>,8,28,[5 3],9,-1,37,-1,9
1,<environment.Job instance at 0x7f02670a5870>,5,20,[10  2],6,-1,31,-1,11
1,<environment.Job instance at 0x7f026739b460>,11,18,[8 2],12,-1,31,-1,13
1,<environment.Job instance at 0x7f026775d1e0>,12,25,[9 5],13,-1,38,-1,13
1,<environment.Job instance at 0x7f026775d4b0>,13,24,[7 4],14,-1,39,-1,15
1,<environment.Job instance at 0x7f0267756910>,16,14,[ 1 10],17,-1,31,-1,17
1,<environment.Job instance at 0x7f02673cf0f0>,20,25,[4 5],21,-1,46,-1,21
1,<environment.Job instance at 0x7f0267756be0>,21,25,[6 3],22,-1,47,-1,22
1,<environment.Job instance at 0x7f0267672d70>,23,17,[9 4],24,-1,41,-1,24
1,<environment.Job instance at 0x7f0267672690>,27,26,[ 1 13],28,-1,62,-1,36
1,<environment.Job instance at 0x7f0267756a00>,14,17,[4 6],15,-1,53,-1,36
1,<environment.Job instance at 0x7f0267753aa0>,4,18,[11  3],5,-1,55,-1,37
1,<environment.Job instance at 0x7f0267672eb0>,24,13,[12  4],25,-1,50,-1,37
1,<environment.Job instance at 0x7f0267751230>,35,18,[10  5],36,-1,55,-1,37
1,<environment.Job instance at 0x7f0267751410>,34,25,[2 8],35,-1,63,-1,38
1,<environment.Job instance at 0x7f0267670320>,37,24,[2 7],38,-1,62,-1,38
1,<environment.Job instance at 0x7f0267376e60>,33,15,[5 1],34,-1,53,-1,38
1,<environment.Job instance at 0x7f0267729320>,42,15,[5 5],43,-1,64,-1,49
1,<environment.Job instance at 0x7f026738b460>,39,22,[ 2 12],40,-1,71,-1,49
1,<environment.Job instance at 0x7f0267729d70>,38,16,[11  2],39,-1,69,-1,53
1,<environment.Job instance at 0x7f026773aaa0>,43,18,[12  1],44,-1,79,-1,61
1,<environment.Job instance at 0x7f02676a4500>,47,17,[ 1 10],48,-1,78,-1,61
1,<environment.Job instance at 0x7f0267384b90>,30,14,[14  2],31,-1,75,-1,61
1,<environment.Job instance at 0x7f026772a640>,50,24,[9 1],51,-1,85,-1,61
1,<environment.Job instance at 0x7f026772a370>,51,25,[7 1],52,-1,86,-1,61
1,<environment.Job instance at 0x7f026772a4b0>,53,23,[10  2],54,-1,85,-1,62
1,<environment.Job instance at 0x7f026772a280>,52,24,[12  5],53,-1,86,-1,62
1,<environment.Job instance at 0x7f026772adc0>,55,16,[ 5 12],56,-1,78,-1,62
1,<environment.Job instance at 0x7f026772a9b0>,56,27,[ 4 14],57,-1,89,-1,62
1,<environment.Job instance at 0x7f026772afa0>,57,23,[2 9],58,-1,85,-1,62
1,<environment.Job instance at 0x7f0267de2960>,0,14,[14  5],1,-1,15,-1,1
1,<environment.Job instance at 0x7f0267e4dc80>,1,13,[ 5 13],2,-1,15,-1,2
1,<environment.Job instance at 0x7f0267027b40>,4,18,[11  3],5,-1,23,-1,5
1,<environment.Job instance at 0x7f0267e4d190>,6,25,[5 2],7,-1,32,-1,7
1,<environment.Job instance at 0x7f0267027910>,8,28,[5 3],9,-1,38,-1,10
1,<environment.Job instance at 0x7f0267027190>,10,2,[ 1 11],11,-1,13,-1,11
1,<environment.Job instance at 0x7f0267027820>,12,25,[9 5],13,-1,43,-1,18
1,<environment.Job instance at 0x7f0267027410>,13,24,[7 4],14,-1,42,-1,18
1,<environment.Job instance at 0x7f0267027c30>,18,16,[11  4],19,-1,35,-1,19
1,<environment.Job instance at 0x7f0267043c80>,21,25,[6 3],22,-1,53,-1,28
1,<environment.Job instance at 0x7f02670433c0>,22,2,[11  1],23,-1,30,-1,28
1,<environment.Job instance at 0x7f02670275a0>,20,25,[4 5],21,-1,58,-1,33
1,<environment.Job instance at 0x7f0267043c30>,24,13,[12  4],25,-1,46,-1,33
1,<environment.Job instance at 0x7f02670430a0>,26,13,[ 1 13],27,-1,46,-1,33
1,<environment.Job instance at 0x7f0267043d70>,27,26,[ 1 13],28,-1,59,-1,33
1,<environment.Job instance at 0x7f0267043fa0>,29,16,[11  1],30,-1,51,-1,35
1,<environment.Job instance at 0x7f0267043500>,30,14,[14  2],31,-1,49,-1,35
1,<environment.Job instance at 0x7f0267043be0>,34,25,[2 8],35,-1,61,-1,36
1,<environment.Job instance at 0x7f0267ddf730>,36,2,[ 5 13],37,-1,39,-1,37
1,<environment.Job instance at 0x7f0267ddf050>,37,24,[2 7],38,-1,62,-1,38
1,<environment.Job instance at 0x7f0267ddfd20>,38,16,[11  2],39,-1,55,-1,39
1,<environment.Job instance at 0x7f0267ddf500>,39,22,[ 2 12],40,-1,62,-1,40
1,<environment.Job instance at 0x7f0267ddfc30>,43,18,[12  1],44,-1,70,-1,52
1,<environment.Job instance at 0x7f0267ddf910>,46,25,[8 5],47,-1,91,-1,66
1,<environment.Job instance at 0x7f02672f7500>,49,18,[ 2 14],50,-1,85,-1,67
1,<environment.Job instance at 0x7f0267731280>,2,27,[1 9],3,-1,30,-1,3
1,<environment.Job instance at 0x7f0267731640>,4,22,[7 5],5,-1,27,-1,5
1,<environment.Job instance at 0x7f02677310a0>,6,27,[9 5],7,-1,34,-1,7
1,<environment.Job instance at 0x7f0267731a00>,7,16,[3 9],8,-1,24,-1,8
1,<environment.Job instance at 0x7f0267731af0>,8,22,[5 2],9,-1,31,-1,9
1,<environment.Job instance at 0x7f02678bf0f0>,10,17,[7 5],11,-1,28,-1,11
1,<environment.Job instance at 0x7f02678bf910>,12,21,[4 8],13,-1,34,-1,13
1,<environment.Job instance at 0x7f02678bffa0>,13,15,[4 6],14,-1,29,-1,14
1,<environment.Job instance at 0x7f02678bf1e0>,14,21,[3 8],15,-1,36,-1,15
1,<environment.Job instance at 0x7f02678bf5f0>,15,25,[ 5 10],16,-1,41,-1,16
1,<environment.Job instance at 0x7f02678bfb90>,16,15,[5 3],17,-1,32,-1,17
1,<environment.Job instance at 0x7f02678bf140>,17,18,[1 5],18,-1,36,-1,18
1,<environment.Job instance at 0x7f02678bf050>,20,27,[ 4 10],21,-1,48,-1,21
1,<environment.Job instance at 0x7f0268476be0>,24,13,[11  5],25,-1,39,-1,26
1,<environment.Job instance at 0x7f026772d280>,26,13,[5 5],27,-1,40,-1,27
1,<environment.Job instance at 0x7f026775ef50>,25,24,[8 4],26,-1,52,-1,28
1,<environment.Job instance at 0x7f026772d050>,34,16,[10  4],35,-1,63,-1,47
1,<environment.Job instance at 0x7f0267752230>,43,17,[7 2],44,-1,66,-1,49
1,<environment.Job instance at 0x7f0267752eb0>,45,20,[3 8],46,-1,69,-1,49
1,<environment.Job instance at 0x7f0268482f00>,46,26,[ 3 12],47,-1,82,-1,56
1,<environment.Job instance at 0x7f0267752af0>,40,26,[9 4],41,-1,83,-1,57
1,<environment.Job instance at 0x7f0268476dc0>,23,27,[3 8],24,-1,86,-1,59
1,<environment.Job instance at 0x7f0267752550>,44,22,[ 1 12],45,-1,83,-1,61
1,<environment.Job instance at 0x7f0267750eb0>,52,17,[ 5 14],53,-1,79,-1,62
1,<environment.Job instance at 0x7f02677cb500>,54,22,[1 7],55,-1,84,-1,62
1,<environment.Job instance at 0x7f02677cb0a0>,56,14,[ 2 10],57,-1,76,-1,62
1,<environment.Job instance at 0x7f026772d230>,39,18,[9 5],40,-1,82,-1,64
1,<environment.Job instance at 0x7f02677cbd20>,57,17,[14  5],58,-1,81,-1,64
1,<environment.Job instance at 0x7f02677cb230>,59,22,[12  3],60,-1,86,-1,64
1,<environment.Job instance at 0x7f0267750f00>,50,21,[7 4],51,-1,85,-1,64
1,<environment.Job instance at 0x7f0267750aa0>,49,17,[4 8],50,-1,81,-1,64
1,<environment.Job instance at 0x7f0267ddfc30>,1,2,[13  1],2,-1,4,-1,2
1,<environment.Job instance at 0x7f0267ddf4b0>,2,27,[1 9],3,-1,42,-1,15
1,<environment.Job instance at 0x7f0267ddf500>,6,27,[9 5],7,-1,54,-1,27
1,<environment.Job instance at 0x7f0267731a50>,15,25,[ 5 10],16,-1,52,-1,27
1,<environment.Job instance at 0x7f0268476820>,18,20,[14  4],19,-1,49,-1,29
1,<environment.Job instance at 0x7f02684823c0>,21,25,[12  4],22,-1,64,-1,39
1,<environment.Job instance at 0x7f026772d0f0>,20,27,[ 4 10],21,-1,79,-1,52
1,<environment.Job instance at 0x7f026772d870>,23,27,[3 8],24,-1,79,-1,52
1,<environment.Job instance at 0x7f02677505f0>,24,13,[11  5],25,-1,65,-1,52
1,<environment.Job instance at 0x7f0267750e10>,25,24,[8 4],26,-1,76,-1,52
1,<environment.Job instance at 0x7f02677cb8c0>,28,3,[13  2],29,-1,57,-1,54
1,<environment.Job instance at 0x7f026775e8c0>,31,17,[12  4],32,-1,73,-1,56
1,<environment.Job instance at 0x7f0267677280>,35,3,[12  3],36,-1,63,-1,60
1,<environment.Job instance at 0x7f0267677b90>,36,12,[ 5 14],37,-1,72,-1,60
1,<environment.Job instance at 0x7f02675fda50>,14,24,[ 3 10],15,-1,39,-1,15
1,<environment.Job instance at 0x7f02675fd5f0>,11,23,[ 3 13],12,-1,41,-1,18
1,<environment.Job instance at 0x7f02675fdf50>,18,18,[4 7],19,-1,37,-1,19
1,<environment.Job instance at 0x7f02675ea0a0>,21,27,[7 4],22,-1,49,-1,22
1,<environment.Job instance at 0x7f02675ea550>,26,16,[12  4],27,-1,77,-1,61
1,<environment.Job instance at 0x7f02675fd5a0>,9,23,[ 4 11],10,-1,85,-1,62
1,<environment.Job instance at 0x7f0268469fa0>,0,25,[14  4],1,-1,26,-1,1
1,<environment.Job instance at 0x7f0267688690>,6,24,[14  2],7,-1,31,-1,7
1,<environment.Job instance at 0x7f0267688820>,7,3,[ 5 11],8,-1,11,-1,8
1,<environment.Job instance at 0x7f02676880f0>,8,2,[ 2 12],9,-1,11,-1,9
1,<environment.Job instance at 0x7f0267688e60>,9,23,[ 4 11],10,-1,33,-1,10
1,<environment.Job instance at 0x7f0267688370>,11,23,[ 3 13],12,-1,35,-1,12
1,<environment.Job instance at 0x7f0267688500>,19,14,[ 1 14],20,-1,38,-1,24
1,<environment.Job instance at 0x7f0267688d70>,20,25,[5 8],21,-1,52,-1,27
1,<environment.Job instance at 0x7f026775e8c0>,21,27,[7 4],22,-1,54,-1,27
1,<environment.Job instance at 0x7f02676883c0>,14,24,[ 3 10],15,-1,62,-1,38
1,<environment.Job instance at 0x7f02677cb6e0>,26,16,[12  4],27,-1,54,-1,38
1,<environment.Job instance at 0x7f026772d0f0>,31,18,[ 4 13],32,-1,63,-1,45
1,<environment.Job instance at 0x7f026772df50>,32,23,[11  2],33,-1,68,-1,45
1,<environment.Job instance at 0x7f0268476c80>,33,1,[11  5],34,-1,46,-1,45
1,<environment.Job instance at 0x7f02678bfa00>,35,19,[14  4],36,-1,71,-1,52
1,<environment.Job instance at 0x7f0267731cd0>,37,14,[ 5 11],38,-1,72,-1,58
1,<environment.Job instance at 0x7f0267de29b0>,40,18,[14  2],41,-1,85,-1,67
1,<environment.Job instance at 0x7f0267e4dc80>,41,16,[ 5 11],42,-1,83,-1,67
1,<environment.Job instance at 0x7f0268507730>,0,18,[10  4],1,-1,20,-1,2
1,<environment.Job instance at 0x7f0267fe7140>,2,24,[7 5],3,-1,27,-1,3
1,<environment.Job instance at 0x7f02684685f0>,1,13,[6 5],2,-1,16,-1,3
1,<environment.Job instance at 0x7f026707f7d0>,7,15,[9 5],8,-1,32,-1,17
1,<environment.Job instance at 0x7f026707f730>,17,19,[11  1],18,-1,54,-1,35
1,<environment.Job instance at 0x7f026707fd70>,13,21,[ 2 11],14,-1,60,-1,39
1,<environment.Job instance at 0x7f026707f5f0>,22,19,[ 5 14],23,-1,58,-1,39
1,<environment.Job instance at 0x7f026709f370>,30,20,[ 1 10],31,-1,76,-1,56
1,<environment.Job instance at 0x7f026709fc80>,31,22,[5 3],32,-1,80,-1,58
1,<environment.Job instance at 0x7f026709fb40>,29,18,[8 4],30,-1,76,-1,58
1,<environment.Job instance at 0x7f0267d741e0>,3,20,[14  5],4,-1,24,-1,4
1,<environment.Job instance at 0x7f0267ddfbe0>,5,18,[14  1],6,-1,24,-1,6
1,<environment.Job instance at 0x7f0267ddfc30>,6,27,[5 5],7,-1,35,-1,8
1,<environment.Job instance at 0x7f0267ddf500>,9,13,[14  1],10,-1,23,-1,10
1,<environment.Job instance at 0x7f0267ddfe60>,11,3,[ 5 12],12,-1,15,-1,12
1,<environment.Job instance at 0x7f02675ea140>,2,24,[7 5],3,-1,43,-1,19
1,<environment.Job instance at 0x7f0267ddfaf0>,13,21,[ 2 11],14,-1,40,-1,19
1,<environment.Job instance at 0x7f0267de2910>,14,1,[14  3],15,-1,20,-1,19
1,<environment.Job instance at 0x7f0267e4d190>,17,19,[11  1],18,-1,38,-1,19
1,<environment.Job instance at 0x7f026772d3c0>,21,27,[1 8],22,-1,53,-1,26
1,<environment.Job instance at 0x7f0268476a50>,22,19,[ 5 14],23,-1,45,-1,26
1,<environment.Job instance at 0x7f02676886e0>,24,3,[13  1],25,-1,29,-1,26
1,<environment.Job instance at 0x7f0267688af0>,28,3,[ 1 13],29,-1,49,-1,46
1,<environment.Job instance at 0x7f02680d82d0>,0,17,[1 9],1,-1,18,-1,1
1,<environment.Job instance at 0x7f02680d81e0>,1,20,[2 9],2,-1,23,-1,3
1,<environment.Job instance at 0x7f026769e460>,6,18,[1 7],7,-1,25,-1,7
1,<environment.Job instance at 0x7f02680d8f50>,2,17,[ 2 13],3,-1,24,-1,7
1,<environment.Job instance at 0x7f0270ec7460>,2,17,[ 2 13],3,-1,20,-1,3
1,<environment.Job instance at 0x7f02680d8aa0>,3,27,[12  4],4,-1,31,-1,4
1,<environment.Job instance at 0x7f02672f9af0>,7,12,[ 5 12],8,-1,20,-1,8
1,<environment.Job instance at 0x7f02672f9690>,8,14,[14  1],9,-1,23,-1,9
1,<environment.Job instance at 0x7f02672f9460>,10,14,[12  4],11,-1,25,-1,11
1,<environment.Job instance at 0x7f02672f9f50>,11,18,[11  5],12,-1,30,-1,12
1,<environment.Job instance at 0x7f02672f9cd0>,13,12,[14  4],14,-1,30,-1,18
1,<environment.Job instance at 0x7f02672f90f0>,15,25,[8 1],16,-1,45,-1,20
1,<environment.Job instance at 0x7f02672f9320>,17,21,[ 5 14],18,-1,41,-1,20
1,<environment.Job instance at 0x7f0268486690>,25,28,[ 1 13],26,-1,75,-1,47
1,<environment.Job instance at 0x7f0268486f00>,22,27,[9 3],23,-1,86,-1,59
1,<environment.Job instance at 0x7f0268486be0>,28,2,[ 4 11],29,-1,61,-1,59
1,<environment.Job instance at 0x7f0268486370>,29,26,[9 4],30,-1,85,-1,59
1,<environment.Job instance at 0x7f02684861e0>,30,28,[2 7],31,-1,87,-1,59
1,<environment.Job instance at 0x7f0267a64140>,32,22,[ 5 14],33,-1,81,-1,59
1,<environment.Job instance at 0x7f0268486780>,33,20,[14  1],34,-1,79,-1,59
1,<environment.Job instance at 0x7f0268486eb0>,20,28,[2 8],21,-1,92,-1,64
1,<environment.Job instance at 0x7f0267bf6a00>,4,15,[10  3],5,-1,21,-1,6
1,<environment.Job instance at 0x7f0267bf6550>,7,13,[9 4],8,-1,21,-1,8
1,<environment.Job instance at 0x7f0267bf6410>,8,25,[6 1],9,-1,34,-1,9
1,<environment.Job instance at 0x7f026785f320>,11,27,[5 1],12,-1,39,-1,12
1,<environment.Job instance at 0x7f026785f410>,12,21,[1 6],13,-1,34,-1,13
1,<environment.Job instance at 0x7f0267cd4be0>,0,16,[14  3],1,-1,17,-1,1
1,<environment.Job instance at 0x7f0267b2b500>,6,21,[12  5],7,-1,28,-1,7
1,<environment.Job instance at 0x7f0268109870>,9,24,[11  4],10,-1,34,-1,10
1,<environment.Job instance at 0x7f0267b2b5f0>,8,25,[6 1],9,-1,42,-1,17
1,<environment.Job instance at 0x7f02684325a0>,11,27,[5 1],12,-1,44,-1,17
1,<environment.Job instance at 0x7f0267bf6370>,13,17,[14  5],14,-1,34,-1,17
1,<environment.Job instance at 0x7f02675bd4b0>,17,13,[13  1],18,-1,35,-1,22
1,<environment.Job instance at 0x7f0267d41280>,16,25,[8 3],17,-1,51,-1,26
1,<environment.Job instance at 0x7f02675bd5a0>,21,19,[12  1],22,-1,54,-1,35
1,<environment.Job instance at 0x7f02675bd050>,25,13,[ 2 12],26,-1,66,-1,53
1,<environment.Job instance at 0x7f026857d050>,27,26,[9 3],28,-1,80,-1,54
1,<environment.Job instance at 0x7f026857d320>,28,26,[ 1 12],29,-1,80,-1,54
1,<environment.Job instance at 0x7f026857d460>,29,28,[3 6],30,-1,82,-1,54
1,<environment.Job instance at 0x7f026857d1e0>,31,12,[11  1],32,-1,66,-1,54
1,<environment.Job instance at 0x7f026857dcd0>,33,15,[13  2],34,-1,69,-1,54
1,<environment.Job instance at 0x7f026857db90>,34,17,[12  3],35,-1,71,-1,54
1,<environment.Job instance at 0x7f026857da50>,35,2,[ 4 12],36,-1,56,-1,54
1,<environment.Job instance at 0x7f026857d690>,26,25,[ 5 10],27,-1,90,-1,65
1,<environment.Job instance at 0x7f026857d780>,37,28,[3 6],38,-1,93,-1,65
1,<environment.Job instance at 0x7f026857d7d0>,39,19,[13  1],40,-1,84,-1,65
1,<environment.Job instance at 0x7f02678d3c30>,0,20,[5 6],1,-1,21,-1,1
1,<environment.Job instance at 0x7f0267cd49b0>,5,26,[13  4],6,-1,32,-1,6
1,<environment.Job instance at 0x7f026837ec30>,1,1,[ 5 13],2,-1,3,-1,2
1,<environment.Job instance at 0x7f026837ec80>,2,25,[13  4],3,-1,28,-1,3
1,<environment.Job instance at 0x7f0267c94af0>,3,3,[14  1],4,-1,7,-1,4
1,<environment.Job instance at 0x7f0267c941e0>,5,26,[13  4],6,-1,32,-1,6
1,<environment.Job instance at 0x7f0267c94370>,7,21,[ 2 13],8,-1,29,-1,8
1,<environment.Job instance at 0x7f0267c94500>,8,16,[ 3 14],9,-1,25,-1,9
1,<environment.Job instance at 0x7f0267c94190>,9,16,[ 1 11],10,-1,26,-1,10
1,<environment.Job instance at 0x7f026837edc0>,11,24,[ 2 13],12,-1,36,-1,12
1,<environment.Job instance at 0x7f0267c949b0>,12,18,[13  3],13,-1,31,-1,13
1,<environment.Job instance at 0x7f0267c94f50>,15,16,[ 1 12],16,-1,32,-1,16
1,<environment.Job instance at 0x7f02675bd5a0>,17,26,[8 4],18,-1,45,-1,19
1,<environment.Job instance at 0x7f02675bd730>,18,16,[ 3 13],19,-1,35,-1,19
1,<environment.Job instance at 0x7f02675bdcd0>,21,28,[ 5 12],22,-1,50,-1,22
1,<environment.Job instance at 0x7f02675bd8c0>,22,28,[2 6],23,-1,60,-1,32
1,<environment.Job instance at 0x7f0267d41280>,24,28,[ 1 11],25,-1,60,-1,32
1,<environment.Job instance at 0x7f0267bf6500>,26,23,[11  3],27,-1,55,-1,32
1,<environment.Job instance at 0x7f0267bf6820>,27,14,[13  5],28,-1,46,-1,32
1,<environment.Job instance at 0x7f0267b2bc30>,31,13,[12  5],32,-1,49,-1,36
1,<environment.Job instance at 0x7f0267b2be60>,33,16,[11  4],34,-1,66,-1,50
1,<environment.Job instance at 0x7f0267b2baa0>,34,3,[ 5 14],35,-1,53,-1,50
1,<environment.Job instance at 0x7f026738b140>,35,27,[6 1],36,-1,78,-1,51
1,<environment.Job instance at 0x7f0267b2b870>,38,3,[13  4],39,-1,67,-1,64
1,<environment.Job instance at 0x7f0267325320>,41,27,[5 1],42,-1,92,-1,65
1,<environment.Job instance at 0x7f0267311c80>,0,14,[9 5],1,-1,16,-1,2
1,<environment.Job instance at 0x7f0267311960>,2,13,[5 8],3,-1,16,-1,3
1,<environment.Job instance at 0x7f0267311370>,3,18,[9 4],4,-1,22,-1,4
1,<environment.Job instance at 0x7f0267311dc0>,4,18,[ 4 10],5,-1,23,-1,5
1,<environment.Job instance at 0x7f0267311f00>,6,27,[10  1],7,-1,34,-1,7
1,<environment.Job instance at 0x7f0267311af0>,7,12,[6 3],8,-1,20,-1,8
1,<environment.Job instance at 0x7f0266e18f50>,8,15,[ 5 10],9,-1,24,-1,9
1,<environment.Job instance at 0x7f0266e187d0>,9,17,[5 7],10,-1,27,-1,10
1,<environment.Job instance at 0x7f0266e184b0>,11,19,[4 8],12,-1,31,-1,12
1,<environment.Job instance at 0x7f0266e18690>,12,16,[ 4 10],13,-1,29,-1,13
1,<environment.Job instance at 0x7f02678c4a00>,17,18,[9 4],18,-1,36,-1,18
1,<environment.Job instance at 0x7f0266c46550>,29,20,[3 8],30,-1,67,-1,47
1,<environment.Job instance at 0x7f02710cef00>,37,27,[5 7],38,-1,81,-1,54
1,<environment.Job instance at 0x7f02673db690>,1,25,[ 2 14],2,-1,27,-1,2
1,<environment.Job instance at 0x7f0268180050>,5,3,[ 3 14],6,-1,9,-1,6
1,<environment.Job instance at 0x7f0268180f50>,6,27,[10  1],7,-1,42,-1,15
1,<environment.Job instance at 0x7f02681916e0>,10,28,[13  5],11,-1,43,-1,15
1,<environment.Job instance at 0x7f0268191f50>,14,2,[ 2 14],15,-1,29,-1,27
1,<environment.Job instance at 0x7f02681799b0>,15,14,[11  2],16,-1,41,-1,27
1,<environment.Job instance at 0x7f02679d0be0>,18,3,[14  5],19,-1,34,-1,31
1,<environment.Job instance at 0x7f0267c45550>,19,1,[ 3 12],20,-1,32,-1,31
1,<environment.Job instance at 0x7f0267c70050>,22,13,[ 2 13],23,-1,61,-1,48
1,<environment.Job instance at 0x7f0267c70dc0>,23,23,[5 1],24,-1,71,-1,48
1,<environment.Job instance at 0x7f0267c701e0>,24,14,[ 3 13],25,-1,62,-1,48
1,<environment.Job instance at 0x7f026819e140>,26,26,[ 1 12],27,-1,74,-1,48
1,<environment.Job instance at 0x7f0267c663c0>,30,24,[11  5],31,-1,77,-1,53
1,<environment.Job instance at 0x7f0267de7050>,36,18,[14  2],37,-1,85,-1,67
1,<environment.Job instance at 0x7f026762e870>,2,26,[5 8],3,-1,29,-1,3
1,<environment.Job instance at 0x7f0267627e10>,4,23,[1 5],5,-1,28,-1,5
1,<environment.Job instance at 0x7f02678001e0>,0,24,[7 3],1,-1,25,-1,1
1,<environment.Job instance at 0x7f02673dbfa0>,4,23,[1 5],5,-1,28,-1,5
1,<environment.Job instance at 0x7f02673db140>,6,2,[ 5 13],7,-1,9,-1,7
1,<environment.Job instance at 0x7f0267deb640>,7,13,[ 1 14],8,-1,21,-1,8
1,<environment.Job instance at 0x7f02680dffa0>,10,21,[13  2],11,-1,32,-1,11
1,<environment.Job instance at 0x7f02680dfbe0>,12,18,[ 2 11],13,-1,31,-1,13
1,<environment.Job instance at 0x7f026713e0a0>,2,26,[5 8],3,-1,41,-1,15
1,<environment.Job instance at 0x7f0266f16b90>,14,3,[11  2],15,-1,18,-1,15
1,<environment.Job instance at 0x7f0266dbd050>,15,3,[14  5],16,-1,19,-1,16
1,<environment.Job instance at 0x7f0266ef42d0>,19,18,[ 5 14],20,-1,38,-1,20
1,<environment.Job instance at 0x7f02671e8460>,20,17,[ 3 13],21,-1,38,-1,21
1,<environment.Job instance at 0x7f0267812b90>,21,23,[13  3],22,-1,45,-1,22
1,<environment.Job instance at 0x7f02671e81e0>,22,18,[ 2 12],23,-1,41,-1,23
1,<environment.Job instance at 0x7f0266dc0dc0>,23,2,[11  1],24,-1,26,-1,24
1,<environment.Job instance at 0x7f02679da5a0>,27,1,[13  4],28,-1,29,-1,28
1,<environment.Job instance at 0x7f02671e9410>,28,13,[ 2 12],29,-1,42,-1,29
1,<environment.Job instance at 0x7f02679da8c0>,26,26,[7 4],27,-1,62,-1,36
1,<environment.Job instance at 0x7f0267bee1e0>,31,13,[14  4],32,-1,49,-1,36
1,<environment.Job instance at 0x7f0266fbeb40>,32,16,[14  2],33,-1,52,-1,36
1,<environment.Job instance at 0x7f026818b0f0>,36,24,[5 9],37,-1,65,-1,41
1,<environment.Job instance at 0x7f026818bcd0>,37,1,[ 3 14],38,-1,42,-1,41
1,<environment.Job instance at 0x7f0266ee9b90>,39,28,[14  4],40,-1,69,-1,41
1,<environment.Job instance at 0x7f02678bc6e0>,40,28,[5 2],41,-1,78,-1,50
1,<environment.Job instance at 0x7f02678b43c0>,42,24,[8 1],43,-1,80,-1,56
1,<environment.Job instance at 0x7f02684d5af0>,44,26,[5 7],45,-1,84,-1,58
1,<environment.Job instance at 0x7f02678bcd20>,45,3,[ 1 12],46,-1,61,-1,58
1,<environment.Job instance at 0x7f0266c462d0>,1,16,[6 5],2,-1,18,-1,2
1,<environment.Job instance at 0x7f0267a34a00>,3,12,[ 3 10],4,-1,16,-1,4
1,<environment.Job instance at 0x7f0266c92410>,5,20,[3 7],6,-1,26,-1,6
1,<environment.Job instance at 0x7f0266c92960>,6,12,[10  1],7,-1,20,-1,8
1,<environment.Job instance at 0x7f0267a342d0>,7,21,[1 7],8,-1,29,-1,8
1,<environment.Job instance at 0x7f02680fbf50>,8,16,[9 2],9,-1,27,-1,11
1,<environment.Job instance at 0x7f0266c3a2d0>,16,17,[ 1 12],17,-1,34,-1,17
1,<environment.Job instance at 0x7f0267a6dbe0>,17,17,[9 2],18,-1,35,-1,18
1,<environment.Job instance at 0x7f02710f1230>,25,17,[13  1],26,-1,49,-1,32
1,<environment.Job instance at 0x7f0267ac7e10>,30,26,[2 7],31,-1,60,-1,34
1,<environment.Job instance at 0x7f0266fbeb40>,4,12,[11  4],5,-1,17,-1,5
1,<environment.Job instance at 0x7f0266cc5190>,10,17,[ 2 14],11,-1,32,-1,15
1,<environment.Job instance at 0x7f0266f165f0>,12,1,[13  4],13,-1,18,-1,17
1,<environment.Job instance at 0x7f0266c46fa0>,15,17,[14  2],16,-1,36,-1,19
1,<environment.Job instance at 0x7f0266dd1e10>,16,17,[ 1 12],17,-1,36,-1,19
1,<environment.Job instance at 0x7f0266c27690>,19,27,[11  4],20,-1,58,-1,31
1,<environment.Job instance at 0x7f0266c381e0>,20,15,[ 2 13],21,-1,46,-1,31
1,<environment.Job instance at 0x7f0267ac6870>,23,16,[11  3],24,-1,50,-1,34
1,<environment.Job instance at 0x7f0267ac76e0>,24,25,[6 2],25,-1,61,-1,36
1,<environment.Job instance at 0x7f0267f15d20>,25,17,[13  1],26,-1,53,-1,36
1,<environment.Job instance at 0x7f02678026e0>,26,23,[8 2],27,-1,59,-1,36
1,<environment.Job instance at 0x7f0266b6bf50>,27,26,[ 2 11],28,-1,62,-1,36
1,<environment.Job instance at 0x7f0267660e10>,29,1,[11  4],30,-1,37,-1,36
1,<environment.Job instance at 0x7f0266f1f0f0>,30,26,[2 7],31,-1,68,-1,42
1,<environment.Job instance at 0x7f0266f1f550>,33,24,[13  5],34,-1,66,-1,42
1,<environment.Job instance at 0x7f0266f1ff50>,35,12,[14  3],36,-1,61,-1,49
1,<environment.Job instance at 0x7f0266f1fd70>,38,27,[6 5],39,-1,88,-1,61
1,<environment.Job instance at 0x7f0266ee9690>,40,13,[11  1],41,-1,74,-1,61
1,<environment.Job instance at 0x7f0266ee9050>,41,3,[ 2 11],42,-1,64,-1,61
1,<environment.Job instance at 0x7f0267bda4b0>,8,22,[6 4],9,-1,31,-1,9
1,<environment.Job instance at 0x7f0267bdae60>,15,22,[2 6],16,-1,38,-1,16
1,<environment.Job instance at 0x7f0267bd5190>,18,23,[5 5],19,-1,42,-1,19
1,<environment.Job instance at 0x7f0267bd5500>,24,16,[4 9],25,-1,42,-1,26
1,<environment.Job instance at 0x7f0267bd5dc0>,32,23,[ 3 10],33,-1,82,-1,59
1,<environment.Job instance at 0x7f02674ce500>,1,23,[ 4 13],2,-1,25,-1,2
1,<environment.Job instance at 0x7f02674ce2d0>,2,19,[11  1],3,-1,22,-1,3
1,<environment.Job instance at 0x7f0266ee95a0>,3,3,[ 4 11],4,-1,7,-1,4
1,<environment.Job instance at 0x7f02674cea50>,6,13,[ 3 13],7,-1,20,-1,7
1,<environment.Job instance at 0x7f0266ee9960>,9,16,[14  5],10,-1,26,-1,10
1,<environment.Job instance at 0x7f0266ee9f50>,12,1,[14  3],13,-1,14,-1,13
1,<environment.Job instance at 0x7f0266ee96e0>,18,23,[5 5],19,-1,45,-1,22
1,<environment.Job instance at 0x7f0266ee9550>,20,14,[11  3],21,-1,36,-1,22
1,<environment.Job instance at 0x7f0266ee90a0>,22,1,[11  2],23,-1,24,-1,23
1,<environment.Job instance at 0x7f0267660e10>,30,2,[14  2],31,-1,47,-1,45
1,<environment.Job instance at 0x7f0267ac76e0>,32,23,[ 3 10],33,-1,80,-1,57
1,<environment.Job instance at 0x7f0267b99960>,36,14,[13  2],37,-1,77,-1,63
1,<environment.Job instance at 0x7f0266c38fa0>,38,24,[ 1 14],39,-1,93,-1,69
1,<environment.Job instance at 0x7f02683bea50>,0,20,[4 9],1,-1,21,-1,1
1,<environment.Job instance at 0x7f02683be780>,3,20,[1 8],4,-1,24,-1,4
1,<environment.Job instance at 0x7f02683be8c0>,4,18,[5 4],5,-1,23,-1,5
1,<environment.Job instance at 0x7f02683be910>,5,17,[7 2],6,-1,24,-1,7
1,<environment.Job instance at 0x7f02683be320>,7,13,[7 2],8,-1,21,-1,8
1,<environment.Job instance at 0x7f02683bef00>,8,14,[ 2 12],9,-1,23,-1,9
1,<environment.Job instance at 0x7f02683be960>,6,18,[ 4 10],7,-1,28,-1,10
1,<environment.Job instance at 0x7f02683be140>,11,15,[10  5],12,-1,28,-1,13
1,<environment.Job instance at 0x7f02683be280>,13,22,[3 8],14,-1,36,-1,14
1,<environment.Job instance at 0x7f02683befa0>,12,25,[9 5],13,-1,39,-1,14
1,<environment.Job instance at 0x7f02683a11e0>,20,27,[3 6],21,-1,48,-1,21
1,<environment.Job instance at 0x7f02683a1af0>,22,13,[5 5],23,-1,36,-1,23
1,<environment.Job instance at 0x7f0268393500>,31,22,[10  5],32,-1,61,-1,39
1,<environment.Job instance at 0x7f02683a1730>,25,27,[8 1],26,-1,66,-1,39
1,<environment.Job instance at 0x7f0268393820>,35,18,[11  4],36,-1,57,-1,39
1,<environment.Job instance at 0x7f02683930f0>,33,16,[12  5],34,-1,55,-1,39
1,<environment.Job instance at 0x7f0268393230>,34,12,[ 1 10],35,-1,54,-1,42
1,<environment.Job instance at 0x7f0268393a00>,36,15,[1 8],37,-1,57,-1,42
1,<environment.Job instance at 0x7f0268393410>,39,13,[5 2],40,-1,55,-1,42
1,<environment.Job instance at 0x7f0268393e10>,41,23,[2 9],42,-1,65,-1,42
1,<environment.Job instance at 0x7f0268393a50>,42,26,[7 4],43,-1,70,-1,44
1,<environment.Job instance at 0x7f0266ee9e60>,8,14,[ 2 12],9,-1,23,-1,9
1,<environment.Job instance at 0x7f0266ee9960>,9,28,[11  4],10,-1,38,-1,10
1,<environment.Job instance at 0x7f0266ee9e10>,10,22,[ 5 12],11,-1,33,-1,11
1,<environment.Job instance at 0x7f0266ee9500>,12,25,[9 5],13,-1,46,-1,21
1,<environment.Job instance at 0x7f0266ee90a0>,16,22,[ 1 13],17,-1,45,-1,23
1,<environment.Job instance at 0x7f02683a1be0>,17,3,[ 2 11],18,-1,26,-1,23
1,<environment.Job instance at 0x7f02683a1e10>,19,15,[ 5 14],20,-1,49,-1,34
1,<environment.Job instance at 0x7f0268393780>,20,27,[3 6],21,-1,61,-1,34
1,<environment.Job instance at 0x7f02683c3780>,21,2,[12  1],22,-1,36,-1,34
1,<environment.Job instance at 0x7f02683be230>,23,18,[11  2],24,-1,52,-1,34
1,<environment.Job instance at 0x7f02683be410>,25,27,[8 1],26,-1,73,-1,46
1,<environment.Job instance at 0x7f0267bebf50>,30,20,[14  2],31,-1,83,-1,63
1,<environment.Job instance at 0x7f0267bebfa0>,32,1,[ 5 14],33,-1,64,-1,63
1,<environment.Job instance at 0x7f0267beb370>,33,16,[12  5],34,-1,79,-1,63
1,<environment.Job instance at 0x7f0267beba50>,35,18,[11  4],36,-1,82,-1,64
1,<environment.Job instance at 0x7f0267bebd20>,37,3,[ 4 11],38,-1,67,-1,64
1,<environment.Job instance at 0x7f0267864230>,3,20,[10  3],4,-1,26,-1,6
1,<environment.Job instance at 0x7f02711cf6e0>,5,26,[13  3],6,-1,32,-1,6
1,<environment.Job instance at 0x7f0267864e60>,6,23,[9 5],7,-1,31,-1,8
1,<environment.Job instance at 0x7f02711cf410>,7,27,[7 3],8,-1,36,-1,9
1,<environment.Job instance at 0x7f02710f65a0>,15,23,[6 1],16,-1,58,-1,35
1,<environment.Job instance at 0x7f0266ef2be0>,24,18,[ 2 10],25,-1,56,-1,38
1,<environment.Job instance at 0x7f0266ef2e60>,21,21,[2 6],22,-1,60,-1,39
1,<environment.Job instance at 0x7f0266ef29b0>,18,23,[10  3],19,-1,65,-1,42
1,<environment.Job instance at 0x7f02683a4500>,27,14,[8 5],28,-1,56,-1,42
1,<environment.Job instance at 0x7f02683a45f0>,25,17,[5 5],26,-1,60,-1,43
1,<environment.Job instance at 0x7f02683a4460>,28,25,[9 4],29,-1,68,-1,43
1,<environment.Job instance at 0x7f0266bb8eb0>,0,27,[ 5 14],1,-1,28,-1,1
1,<environment.Job instance at 0x7f0266bb83c0>,1,17,[14  2],2,-1,19,-1,2
1,<environment.Job instance at 0x7f0266bb81e0>,2,15,[12  2],3,-1,18,-1,3
1,<environment.Job instance at 0x7f0266bb8140>,5,26,[13  3],6,-1,32,-1,6
1,<environment.Job instance at 0x7f0266bb87d0>,10,18,[11  2],11,-1,29,-1,11
1,<environment.Job instance at 0x7f0266bb8320>,6,23,[9 5],7,-1,47,-1,24
1,<environment.Job instance at 0x7f0266bb8b90>,14,2,[ 5 12],15,-1,26,-1,24
1,<environment.Job instance at 0x7f0266bb8f50>,15,23,[6 1],16,-1,47,-1,24
1,<environment.Job instance at 0x7f0266bb89b0>,7,27,[7 3],8,-1,51,-1,24
1,<environment.Job instance at 0x7f0267bebb90>,17,2,[ 4 14],18,-1,26,-1,24
1,<environment.Job instance at 0x7f0267bebbe0>,18,23,[10  3],19,-1,47,-1,24
1,<environment.Job instance at 0x7f0267bebe10>,19,14,[ 1 11],20,-1,38,-1,24
1,<environment.Job instance at 0x7f0266bb86e0>,11,25,[9 5],12,-1,49,-1,24
1,<environment.Job instance at 0x7f0267bebaa0>,22,23,[ 2 12],23,-1,47,-1,24
1,<environment.Job instance at 0x7f0267beb4b0>,23,27,[8 3],24,-1,51,-1,24
1,<environment.Job instance at 0x7f0267beb320>,28,25,[9 4],29,-1,70,-1,45
1,<environment.Job instance at 0x7f02710f67d0>,32,28,[ 5 13],33,-1,87,-1,59
1,<environment.Job instance at 0x7f02683a4960>,33,15,[12  1],34,-1,74,-1,59
1,<environment.Job instance at 0x7f0266ef25a0>,34,3,[ 5 14],35,-1,62,-1,59
1,<environment.Job instance at 0x7f02675175a0>,1,13,[9 3],2,-1,16,-1,3
1,<environment.Job instance at 0x7f0266ba2af0>,3,14,[ 3 10],4,-1,18,-1,4
1,<environment.Job instance at 0x7f0266ba2e60>,5,27,[3 8],6,-1,33,-1,6
1,<environment.Job instance at 0x7f0266bb85f0>,2,19,[2 5],3,-1,27,-1,8
1,<environment.Job instance at 0x7f0266ba2870>,8,28,[2 6],9,-1,37,-1,9
1,<environment.Job instance at 0x7f0266b9a8c0>,9,28,[7 1],10,-1,38,-1,10
1,<environment.Job instance at 0x7f0267b2ba50>,0,25,[1 7],1,-1,26,-1,1
1,<environment.Job instance at 0x7f02684afa00>,5,27,[3 8],6,-1,42,-1,15
1,<environment.Job instance at 0x7f02684afaa0>,8,28,[2 6],9,-1,43,-1,15
1,<environment.Job instance at 0x7f02684afa50>,9,28,[7 1],10,-1,43,-1,15
1,<environment.Job instance at 0x7f02684af460>,10,26,[10  3],11,-1,41,-1,15
1,<environment.Job instance at 0x7f02684afd70>,11,27,[5 2],12,-1,42,-1,15
1,<environment.Job instance at 0x7f02710cef00>,12,12,[ 3 13],13,-1,27,-1,15
1,<environment.Job instance at 0x7f0267a97c80>,13,17,[14  5],14,-1,32,-1,15
1,<environment.Job instance at 0x7f0267a97280>,14,15,[14  2],15,-1,30,-1,15
1,<environment.Job instance at 0x7f0267170a50>,15,15,[ 1 12],16,-1,31,-1,16
1,<environment.Job instance at 0x7f0266ef2050>,19,12,[ 1 12],20,-1,32,-1,20
1,<environment.Job instance at 0x7f0266bb8960>,26,21,[11  3],27,-1,62,-1,41
1,<environment.Job instance at 0x7f0266bb89b0>,30,12,[11  2],31,-1,55,-1,43
1,<environment.Job instance at 0x7f0266bb8370>,31,18,[ 3 11],32,-1,61,-1,43
1,<environment.Job instance at 0x7f0267358690>,1,18,[3 9],2,-1,20,-1,2
1,<environment.Job instance at 0x7f026794ec80>,11,26,[ 2 10],12,-1,43,-1,17
1,<environment.Job instance at 0x7f0267686b40>,16,26,[ 5 13],17,-1,43,-1,17
1,<environment.Job instance at 0x7f0267358dc0>,12,18,[10  5],13,-1,36,-1,18
1,<environment.Job instance at 0x7f0267358c30>,15,16,[3 6],16,-1,34,-1,18
1,<environment.Job instance at 0x7f0267686f50>,20,20,[5 5],21,-1,42,-1,22
1,<environment.Job instance at 0x7f0267686190>,19,19,[8 1],20,-1,53,-1,34
1,<environment.Job instance at 0x7f02676a0fa0>,29,16,[11  3],30,-1,51,-1,35
1,<environment.Job instance at 0x7f02676a0410>,24,23,[ 5 10],25,-1,58,-1,35
1,<environment.Job instance at 0x7f02676a0960>,30,16,[11  5],31,-1,51,-1,35
1,<environment.Job instance at 0x7f02676a0cd0>,33,25,[10  3],34,-1,60,-1,35
1,<environment.Job instance at 0x7f02676a0f00>,34,14,[ 5 12],35,-1,49,-1,35
1,<environment.Job instance at 0x7f02676a0780>,28,24,[10  4],29,-1,59,-1,35
1,<environment.Job instance at 0x7f0267678780>,35,20,[ 3 14],36,-1,58,-1,38
1,<environment.Job instance at 0x7f02676783c0>,37,22,[4 5],38,-1,60,-1,38
1,<environment.Job instance at 0x7f02673582d0>,6,16,[13  3],7,-1,55,-1,39
1,<environment.Job instance at 0x7f0267678eb0>,38,18,[5 2],39,-1,58,-1,40
1,<environment.Job instance at 0x7f02676780f0>,41,20,[8 3],42,-1,62,-1,42
1,<environment.Job instance at 0x7f0267678140>,42,22,[5 2],43,-1,66,-1,44
1,<environment.Job instance at 0x7f0267678dc0>,39,14,[11  5],40,-1,59,-1,45
1,<environment.Job instance at 0x7f02676a0460>,31,16,[8 5],32,-1,71,-1,55
1,<environment.Job instance at 0x7f02676788c0>,47,13,[11  3],48,-1,70,-1,57
1,<environment.Job instance at 0x7f026768ac80>,48,28,[7 5],49,-1,90,-1,62
1,<environment.Job instance at 0x7f026768ad20>,52,18,[10  4],53,-1,80,-1,62
1,<environment.Job instance at 0x7f0266f42c80>,2,14,[ 3 13],3,-1,17,-1,3
1,<environment.Job instance at 0x7f0266f42a00>,3,23,[6 1],4,-1,27,-1,4
1,<environment.Job instance at 0x7f0266f42280>,6,16,[13  3],7,-1,23,-1,7
1,<environment.Job instance at 0x7f02684af2d0>,11,26,[ 2 10],12,-1,46,-1,20
1,<environment.Job instance at 0x7f026766c460>,16,26,[ 5 13],17,-1,58,-1,32
1,<environment.Job instance at 0x7f0267686fa0>,18,15,[11  1],19,-1,51,-1,36
1,<environment.Job instance at 0x7f0267358370>,29,16,[11  3],30,-1,81,-1,65
1,<environment.Job instance at 0x7f0267358b40>,30,16,[11  5],31,-1,81,-1,65
1,<environment.Job instance at 0x7f026767e780>,32,1,[ 3 12],33,-1,69,-1,68
1,<environment.Job instance at 0x7f0267c3a690>,1,17,[10  3],2,-1,20,-1,3
1,<environment.Job instance at 0x7f0266c33910>,3,13,[11  3],4,-1,17,-1,4
1,<environment.Job instance at 0x7f0266c33c30>,7,23,[2 7],8,-1,48,-1,25
1,<environment.Job instance at 0x7f0266c63410>,16,18,[ 5 11],17,-1,43,-1,25
1,<environment.Job instance at 0x7f0266c634b0>,17,20,[9 5],18,-1,46,-1,26
1,<environment.Job instance at 0x7f0266f421e0>,2,18,[ 2 11],3,-1,44,-1,26
1,<environment.Job instance at 0x7f0266c63690>,20,13,[3 9],21,-1,39,-1,26
1,<environment.Job instance at 0x7f0266c635a0>,19,25,[13  1],20,-1,51,-1,26
1,<environment.Job instance at 0x7f0266c33d20>,10,12,[ 4 14],11,-1,38,-1,26
1,<environment.Job instance at 0x7f0266c63820>,23,1,[14  4],24,-1,27,-1,26
1,<environment.Job instance at 0x7f0266c33af0>,6,23,[ 5 13],7,-1,49,-1,26
1,<environment.Job instance at 0x7f0266c636e0>,25,1,[1 5],26,-1,27,-1,26
1,<environment.Job instance at 0x7f0266c63a00>,26,13,[ 4 11],27,-1,40,-1,27
1,<environment.Job instance at 0x7f0266c63af0>,28,17,[9 4],29,-1,57,-1,40
1,<environment.Job instance at 0x7f0266c63be0>,27,17,[5 9],28,-1,57,-1,40
1,<environment.Job instance at 0x7f0266c63f00>,34,18,[ 5 10],35,-1,60,-1,42
1,<environment.Job instance at 0x7f0266c63e60>,33,16,[3 8],34,-1,59,-1,43
1,<environment.Job instance at 0x7f0266c320a0>,36,22,[ 1 10],37,-1,65,-1,43
1,<environment.Job instance at 0x7f0266c321e0>,38,20,[2 9],39,-1,63,-1,43
1,<environment.Job instance at 0x7f0266c32140>,37,21,[1 8],38,-1,64,-1,43
1,<environment.Job instance at 0x7f0266c32280>,39,27,[1 9],40,-1,70,-1,43
1,<environment.Job instance at 0x7f0268142d20>,0,18,[12  3],1,-1,19,-1,1
1,<environment.Job instance at 0x7f0268142370>,2,18,[ 2 11],3,-1,21,-1,3
1,<environment.Job instance at 0x7f02681424b0>,3,13,[11  3],4,-1,17,-1,4
1,<environment.Job instance at 0x7f0268142e60>,4,18,[13  2],5,-1,23,-1,5
1,<environment.Job instance at 0x7f0268142c80>,6,23,[ 5 13],7,-1,30,-1,7
1,<environment.Job instance at 0x7f0268142960>,7,23,[2 7],8,-1,31,-1,8
1,<environment.Job instance at 0x7f0268142460>,8,28,[ 1 10],9,-1,37,-1,9
1,<environment.Job instance at 0x7f02681429b0>,10,12,[ 4 14],11,-1,23,-1,11
1,<environment.Job instance at 0x7f0268146a50>,16,18,[ 5 11],17,-1,35,-1,17
1,<environment.Job instance at 0x7f0268146e10>,18,1,[12  3],19,-1,20,-1,19
1,<environment.Job instance at 0x7f0268146d20>,19,25,[13  1],20,-1,45,-1,20
1,<environment.Job instance at 0x7f0268146c80>,23,1,[14  4],24,-1,30,-1,29
1,<environment.Job instance at 0x7f0268146320>,24,17,[13  5],25,-1,46,-1,29
1,<environment.Job instance at 0x7f02673589b0>,26,13,[ 4 11],27,-1,43,-1,30
1,<environment.Job instance at 0x7f0267678e60>,30,28,[ 3 10],31,-1,72,-1,44
1,<environment.Job instance at 0x7f2ba8131a50>,2,22,[4 8],3,-1,26,-1,4
1,<environment.Job instance at 0x7f2ba8131c80>,4,14,[1 6],5,-1,20,-1,6
1,<environment.Job instance at 0x7f2ba8131dc0>,7,25,[6 2],8,-1,33,-1,8
1,<environment.Job instance at 0x7f2ba8131b90>,5,24,[1 5],6,-1,33,-1,9
1,<environment.Job instance at 0x7f2ba8131f50>,12,13,[10  2],13,-1,26,-1,13
1,<environment.Job instance at 0x7f2ba81360f0>,11,1,[8 5],12,-1,15,-1,14
1,<environment.Job instance at 0x7f2ba8136230>,13,28,[ 4 14],14,-1,43,-1,15
1,<environment.Job instance at 0x7f2ba8136af0>,24,18,[ 4 10],25,-1,43,-1,25
1,<environment.Job instance at 0x7f2ba8136050>,10,18,[ 3 11],11,-1,43,-1,25
1,<environment.Job instance at 0x7f2ba81364b0>,17,28,[ 5 10],18,-1,55,-1,27
1,<environment.Job instance at 0x7f2ba8136be0>,25,27,[8 1],26,-1,54,-1,27
1,<environment.Job instance at 0x7f2ba8136a00>,23,27,[ 1 14],24,-1,54,-1,27
1,<environment.Job instance at 0x7f2ba8136d70>,27,18,[1 8],28,-1,46,-1,28
1,<environment.Job instance at 0x7f2ba81369b0>,26,26,[5 5],27,-1,54,-1,28
1,<environment.Job instance at 0x7f2ba813d280>,0,28,[9 3],1,-1,29,-1,1
1,<environment.Job instance at 0x7f2ba813d320>,1,22,[11  3],2,-1,24,-1,2
1,<environment.Job instance at 0x7f2ba813d410>,3,3,[ 4 14],4,-1,7,-1,4
1,<environment.Job instance at 0x7f2ba813d690>,8,22,[14  3],9,-1,31,-1,9
1,<environment.Job instance at 0x7f2ba813d9b0>,9,18,[ 2 13],10,-1,28,-1,10
1,<environment.Job instance at 0x7f2ba813da50>,10,18,[ 3 11],11,-1,29,-1,11
1,<environment.Job instance at 0x7f2ba813dc80>,13,28,[ 4 14],14,-1,42,-1,14
1,<environment.Job instance at 0x7f2ba813d4b0>,5,24,[1 5],6,-1,43,-1,19
1,<environment.Job instance at 0x7f2ba813d640>,7,25,[6 2],8,-1,50,-1,25
1,<environment.Job instance at 0x7f2ba813d8c0>,17,28,[ 5 10],18,-1,54,-1,26
1,<environment.Job instance at 0x7f2ba813ddc0>,18,3,[ 4 13],19,-1,29,-1,26
1,<environment.Job instance at 0x7f2ba813dd20>,19,14,[ 3 11],20,-1,40,-1,26
1,<environment.Job instance at 0x7f2ba813dfa0>,20,1,[13  5],21,-1,27,-1,26
1,<environment.Job instance at 0x7f2ba8142140>,23,27,[ 1 14],24,-1,53,-1,26
1,<environment.Job instance at 0x7f2ba8142410>,25,27,[8 1],26,-1,67,-1,40
1,<environment.Job instance at 0x7f2ba8142500>,26,26,[5 5],27,-1,69,-1,43
1,<environment.Job instance at 0x7f2ba81421e0>,29,25,[ 4 11],30,-1,68,-1,43
1,<environment.Job instance at 0x7f2ba8142640>,30,22,[ 5 13],31,-1,65,-1,43
1,<environment.Job instance at 0x7f2ba8142780>,28,25,[5 7],29,-1,68,-1,43
1,<environment.Job instance at 0x7f2ba8142960>,33,1,[11  3],34,-1,44,-1,43
1,<environment.Job instance at 0x7f2ba8142820>,31,27,[4 8],32,-1,72,-1,45
1,<environment.Job instance at 0x7f2ba8142be0>,37,13,[ 3 14],38,-1,58,-1,45
1,<environment.Job instance at 0x7f2ba8142c80>,38,28,[ 2 12],39,-1,73,-1,45
1,<environment.Job instance at 0x7f2ba812c460>,40,24,[5 6],41,-1,71,-1,47
1,<environment.Job instance at 0x7f2bb17c1370>,42,27,[5 2],43,-1,74,-1,47
1,<environment.Job instance at 0x7f2ba8223a50>,45,24,[ 1 13],46,-1,80,-1,56
1,<environment.Job instance at 0x7f2ba8129a00>,47,17,[12  2],48,-1,80,-1,63
1,<environment.Job instance at 0x7f2ba8129410>,50,16,[ 2 11],51,-1,87,-1,71
1,<environment.Job instance at 0x7f2ba8129910>,51,16,[12  2],52,-1,87,-1,71
1,<environment.Job instance at 0x7f2ba81296e0>,53,27,[8 5],54,-1,103,-1,76
1,<environment.Job instance at 0x7f2ba82b8910>,55,13,[13  1],56,-1,89,-1,76
1,<environment.Job instance at 0x7f2ba786f5a0>,0,13,[9 4],1,-1,15,-1,2
1,<environment.Job instance at 0x7f2ba786f3c0>,2,15,[5 9],3,-1,18,-1,3
1,<environment.Job instance at 0x7f2ba786f190>,3,16,[ 4 10],4,-1,20,-1,4
1,<environment.Job instance at 0x7f2ba787b050>,13,22,[10  2],14,-1,39,-1,17
1,<environment.Job instance at 0x7f2ba787b2d0>,17,17,[3 5],18,-1,35,-1,18
1,<environment.Job instance at 0x7f2ba8142140>,4,20,[13  1],5,-1,25,-1,5
1,<environment.Job instance at 0x7f2ba81420a0>,5,18,[ 3 14],6,-1,24,-1,6
1,<environment.Job instance at 0x7f2ba8142370>,9,21,[ 1 11],10,-1,35,-1,14
1,<environment.Job instance at 0x7f2ba813df00>,11,14,[ 2 13],12,-1,28,-1,14
1,<environment.Job instance at 0x7f2ba813ddc0>,16,25,[8 5],17,-1,51,-1,26
1,<environment.Job instance at 0x7f2ba813d9b0>,18,22,[ 3 11],19,-1,48,-1,26
1,<environment.Job instance at 0x7f2ba813d870>,19,12,[ 5 14],20,-1,38,-1,26
1,<environment.Job instance at 0x7f2ba813d780>,22,27,[5 6],23,-1,65,-1,38
1,<environment.Job instance at 0x7f2ba813d5f0>,23,24,[12  3],24,-1,62,-1,38
1,<environment.Job instance at 0x7f2ba813d3c0>,24,22,[12  5],25,-1,60,-1,38
1,<environment.Job instance at 0x7f2ba78d96e0>,25,18,[12  4],26,-1,56,-1,38
1,<environment.Job instance at 0x7f2ba79706e0>,26,17,[ 5 13],27,-1,55,-1,38
1,<environment.Job instance at 0x7f2ba813da00>,27,23,[14  4],28,-1,61,-1,38
1,<environment.Job instance at 0x7f2ba79669b0>,32,26,[ 5 12],33,-1,69,-1,43
1,<environment.Job instance at 0x7f2ba7951fa0>,34,15,[12  1],35,-1,58,-1,43
1,<environment.Job instance at 0x7f2ba7951cd0>,35,14,[ 2 11],36,-1,57,-1,43
1,<environment.Job instance at 0x7f2ba79575f0>,37,3,[ 1 12],38,-1,48,-1,45
1,<environment.Job instance at 0x7f2ba78e6be0>,39,14,[ 3 14],40,-1,64,-1,50
1,<environment.Job instance at 0x7f2ba78e0140>,42,27,[2 6],43,-1,87,-1,60
1,<environment.Job instance at 0x7f2ba78e0f50>,43,24,[ 2 14],44,-1,84,-1,60
1,<environment.Job instance at 0x7f2ba78e3640>,45,1,[ 3 12],46,-1,62,-1,61
1,<environment.Job instance at 0x7f2ba78e3c80>,46,18,[13  4],47,-1,79,-1,61
1,<environment.Job instance at 0x7f2ba78e30a0>,47,1,[ 4 11],48,-1,62,-1,61
1,<environment.Job instance at 0x7f2ba78e3dc0>,48,23,[ 2 14],49,-1,84,-1,61
1,<environment.Job instance at 0x7f2ba7f9d460>,1,18,[1 9],2,-1,21,-1,3
1,<environment.Job instance at 0x7f2ba7f9d050>,3,13,[7 5],4,-1,17,-1,4
1,<environment.Job instance at 0x7f2bb1961af0>,2,22,[5 3],3,-1,26,-1,4
1,<environment.Job instance at 0x7f2ba7f9df50>,12,16,[6 4],13,-1,29,-1,13
1,<environment.Job instance at 0x7f2ba7f9ddc0>,13,18,[6 5],14,-1,32,-1,14
1,<environment.Job instance at 0x7f2ba7f9d820>,14,19,[6 1],15,-1,34,-1,15
1,<environment.Job instance at 0x7f2ba7f9d7d0>,15,16,[ 2 10],16,-1,32,-1,16
1,<environment.Job instance at 0x7f2ba7f9d6e0>,20,26,[10  5],21,-1,65,-1,39
1,<environment.Job instance at 0x7f2ba7f9d2d0>,19,14,[2 6],20,-1,53,-1,39
1,<environment.Job instance at 0x7f2ba7f9d960>,18,25,[14  4],19,-1,82,-1,57
1,<environment.Job instance at 0x7f2ba7f9d3c0>,7,21,[1 9],8,-1,78,-1,57
1,<environment.Job instance at 0x7f2ba7743640>,31,17,[12  2],32,-1,74,-1,57
1,<environment.Job instance at 0x7f2ba7743230>,32,28,[2 8],33,-1,85,-1,57
1,<environment.Job instance at 0x7f2ba7743730>,28,21,[9 4],29,-1,78,-1,57
1,<environment.Job instance at 0x7f2ba7743960>,33,12,[1 7],34,-1,69,-1,57
1,<environment.Job instance at 0x7f2ba7743cd0>,30,18,[10  3],31,-1,75,-1,57
1,<environment.Job instance at 0x7f2ba7743dc0>,24,21,[ 4 12],25,-1,78,-1,57
1,<environment.Job instance at 0x7f2ba7743c80>,29,12,[9 3],30,-1,69,-1,57
1,<environment.Job instance at 0x7f2ba7743500>,37,20,[5 3],38,-1,77,-1,57
1,<environment.Job instance at 0x7f2ba7743fa0>,39,21,[6 1],40,-1,78,-1,57
1,<environment.Job instance at 0x7f2ba77432d0>,42,24,[7 5],43,-1,81,-1,57
1,<environment.Job instance at 0x7f2ba77c4460>,44,28,[2 7],45,-1,85,-1,57
1,<environment.Job instance at 0x7f2ba77c4500>,45,28,[9 2],46,-1,85,-1,57
1,<environment.Job instance at 0x7f2ba77c4410>,46,22,[6 1],47,-1,79,-1,57
1,<environment.Job instance at 0x7f2ba77c4c80>,47,15,[3 7],48,-1,72,-1,57
1,<environment.Job instance at 0x7f2ba77c44b0>,49,22,[2 7],50,-1,79,-1,57
1,<environment.Job instance at 0x7f2ba77c4230>,51,1,[ 2 14],52,-1,59,-1,58
1,<environment.Job instance at 0x7f2ba77c43c0>,54,13,[9 4],55,-1,72,-1,59
1,<environment.Job instance at 0x7f2ba77c4eb0>,55,16,[11  1],56,-1,75,-1,59
1,<environment.Job instance at 0x7f2ba77c47d0>,56,17,[3 8],57,-1,76,-1,59
1,<environment.Job instance at 0x7f2ba7743690>,27,27,[2 9],28,-1,86,-1,59
1,<environment.Job instance at 0x7f2bb18f0190>,57,19,[10  5],58,-1,78,-1,59
1,<environment.Job instance at 0x7f2ba7f9d230>,0,25,[9 3],1,-1,26,-1,1
1,<environment.Job instance at 0x7f2bb18f0af0>,4,14,[13  3],5,-1,19,-1,5
1,<environment.Job instance at 0x7f2bb17a3dc0>,6,3,[ 2 12],7,-1,10,-1,7
1,<environment.Job instance at 0x7f2bb19615a0>,8,1,[13  2],9,-1,10,-1,9
1,<environment.Job instance at 0x7f2bb18e3f50>,9,14,[11  3],10,-1,24,-1,10
1,<environment.Job instance at 0x7f2bb17a4b90>,16,24,[11  5],17,-1,46,-1,22
1,<environment.Job instance at 0x7f2bb17a4af0>,18,25,[14  4],19,-1,50,-1,25
1,<environment.Job instance at 0x7f2bb1822d20>,23,2,[13  3],24,-1,40,-1,38
1,<environment.Job instance at 0x7f2bb1822870>,24,21,[ 4 12],25,-1,59,-1,38
1,<environment.Job instance at 0x7f2bb1822690>,27,27,[2 9],28,-1,71,-1,44
1,<environment.Job instance at 0x7f2bb1822640>,20,26,[10  5],21,-1,82,-1,56
1,<environment.Job instance at 0x7f2ba7ee09b0>,31,17,[12  2],32,-1,73,-1,56
1,<environment.Job instance at 0x7f2ba7ee0eb0>,32,28,[2 8],33,-1,84,-1,56
1,<environment.Job instance at 0x7f2ba7cbdeb0>,0,23,[7 3],1,-1,24,-1,1
1,<environment.Job instance at 0x7f2ba7cbdb40>,2,20,[9 3],3,-1,25,-1,5
1,<environment.Job instance at 0x7f2ba7cbd780>,3,24,[14  3],4,-1,29,-1,5
1,<environment.Job instance at 0x7f2ba7bed7d0>,6,16,[7 4],7,-1,24,-1,8
1,<environment.Job instance at 0x7f2ba7bedf50>,8,18,[4 6],9,-1,27,-1,9
1,<environment.Job instance at 0x7f2ba7c86f50>,29,26,[9 4],30,-1,79,-1,53
1,<environment.Job instance at 0x7f2ba7c86cd0>,31,17,[12  5],32,-1,70,-1,53
1,<environment.Job instance at 0x7f2bb18f0460>,0,23,[7 3],1,-1,24,-1,1
1,<environment.Job instance at 0x7f2bb18f0140>,3,24,[14  3],4,-1,28,-1,4
1,<environment.Job instance at 0x7f2bb17a4d70>,5,21,[12  3],6,-1,27,-1,6
1,<environment.Job instance at 0x7f2bb17a4aa0>,7,28,[4 5],8,-1,36,-1,8
1,<environment.Job instance at 0x7f2bb17a4b90>,9,22,[14  1],10,-1,32,-1,10
1,<environment.Job instance at 0x7f2ba7c48eb0>,10,3,[11  3],11,-1,14,-1,11
1,<environment.Job instance at 0x7f2ba7b46690>,11,27,[ 4 13],12,-1,39,-1,12
1,<environment.Job instance at 0x7f2ba7b460f0>,15,16,[14  1],16,-1,32,-1,16
1,<environment.Job instance at 0x7f2ba7b46b40>,12,26,[8 4],13,-1,49,-1,23
1,<environment.Job instance at 0x7f2ba78d9640>,20,25,[ 3 10],21,-1,53,-1,28
1,<environment.Job instance at 0x7f2ba7cb9c80>,22,27,[3 9],23,-1,56,-1,29
1,<environment.Job instance at 0x7f2ba794e910>,24,12,[13  2],25,-1,41,-1,29
1,<environment.Job instance at 0x7f2ba794e960>,25,24,[1 5],26,-1,53,-1,29
1,<environment.Job instance at 0x7f2ba7c45910>,26,23,[3 6],27,-1,54,-1,31
1,<environment.Job instance at 0x7f2ba7c45370>,29,26,[9 4],30,-1,64,-1,38
1,<environment.Job instance at 0x7f2ba7c45050>,31,17,[12  5],32,-1,55,-1,38
1,<environment.Job instance at 0x7f2ba7c455f0>,32,12,[13  5],33,-1,50,-1,38
1,<environment.Job instance at 0x7f2ba7c458c0>,34,25,[1 5],35,-1,69,-1,44
1,<environment.Job instance at 0x7f2ba7c45fa0>,37,15,[ 2 14],38,-1,66,-1,51
1,<environment.Job instance at 0x7f2ba7c45eb0>,40,14,[14  5],41,-1,77,-1,63
1,<environment.Job instance at 0x7f2ba7c298c0>,41,13,[ 5 13],42,-1,76,-1,63
1,<environment.Job instance at 0x7f2ba7c297d0>,44,18,[11  3],45,-1,94,-1,76
1,<environment.Job instance at 0x7f2ba7c29780>,46,25,[5 2],47,-1,102,-1,77
1,<environment.Job instance at 0x7f2ba7c29910>,48,28,[5 3],49,-1,106,-1,78
1,<environment.Job instance at 0x7f2ba7c295f0>,50,2,[ 1 11],51,-1,80,-1,78
1,<environment.Job instance at 0x7f2ba7746f00>,1,17,[5 5],2,-1,19,-1,2
1,<environment.Job instance at 0x7f2ba7fc5780>,7,17,[ 1 10],8,-1,27,-1,10
1,<environment.Job instance at 0x7f2ba7fb9d20>,16,27,[ 4 14],17,-1,71,-1,44
1,<environment.Job instance at 0x7f2ba7fbe7d0>,21,13,[1 6],22,-1,58,-1,45
1,<environment.Job instance at 0x7f2ba7fbeb40>,20,17,[10  3],21,-1,62,-1,45
1,<environment.Job instance at 0x7f2ba7fb9aa0>,9,18,[ 2 14],10,-1,63,-1,45
1,<environment.Job instance at 0x7f2ba7fbed20>,25,26,[10  2],26,-1,71,-1,45
1,<environment.Job instance at 0x7f2ba85b0550>,26,22,[ 4 13],27,-1,67,-1,45
1,<environment.Job instance at 0x7f2ba7aff320>,23,14,[1 5],24,-1,59,-1,45
1,<environment.Job instance at 0x7f2ba85b02d0>,27,16,[14  5],28,-1,61,-1,45
1,<environment.Job instance at 0x7f2ba7fde9b0>,29,19,[5 4],30,-1,64,-1,45
1,<environment.Job instance at 0x7f2ba7fb9140>,15,16,[ 5 12],16,-1,61,-1,45
1,<environment.Job instance at 0x7f2ba7fdee60>,28,19,[7 1],29,-1,64,-1,45
1,<environment.Job instance at 0x7f2ba7af6f50>,32,27,[1 9],33,-1,72,-1,45
1,<environment.Job instance at 0x7f2ba7fbaaf0>,34,22,[7 5],35,-1,67,-1,45
1,<environment.Job instance at 0x7f2ba7b14730>,36,27,[9 5],37,-1,72,-1,45
1,<environment.Job instance at 0x7f2ba7fba320>,37,16,[3 9],38,-1,61,-1,45
1,<environment.Job instance at 0x7f2ba7af1050>,38,22,[5 2],39,-1,67,-1,45
1,<environment.Job instance at 0x7f2ba7fb94b0>,13,23,[10  2],14,-1,68,-1,45
1,<environment.Job instance at 0x7f2ba7f25730>,39,12,[ 5 10],40,-1,57,-1,45
1,<environment.Job instance at 0x7f2ba7b17690>,40,17,[7 5],41,-1,62,-1,45
1,<environment.Job instance at 0x7f2ba7fb90a0>,10,24,[9 1],11,-1,69,-1,45
1,<environment.Job instance at 0x7f2ba7af4cd0>,41,12,[3 8],42,-1,57,-1,45
1,<environment.Job instance at 0x7f2ba7af4e10>,42,21,[4 8],43,-1,66,-1,45
1,<environment.Job instance at 0x7f2ba7fd93c0>,43,15,[4 6],44,-1,60,-1,45
1,<environment.Job instance at 0x7f2ba858fdc0>,44,21,[3 8],45,-1,66,-1,45
1,<environment.Job instance at 0x7f2ba7fd9910>,45,25,[ 5 10],46,-1,93,-1,68
1,<environment.Job instance at 0x7f2ba7fdefa0>,30,14,[ 3 10],31,-1,82,-1,68
1,<environment.Job instance at 0x7f2ba7f260a0>,49,13,[1 7],50,-1,81,-1,68
1,<environment.Job instance at 0x7f2ba7f26d70>,50,27,[ 4 10],51,-1,97,-1,70
1,<environment.Job instance at 0x7f2ba7f51280>,51,25,[12  4],52,-1,99,-1,74
1,<environment.Job instance at 0x7f2ba7fd38c0>,53,27,[3 8],54,-1,101,-1,74
1,<environment.Job instance at 0x7f2ba7fd3b40>,55,24,[8 4],56,-1,99,-1,75
1,<environment.Job instance at 0x7f2ba7fd3d70>,54,13,[11  5],55,-1,89,-1,76
1,<environment.Job instance at 0x7f2ba7fd39b0>,59,14,[7 5],60,-1,90,-1,76
1,<environment.Job instance at 0x7f2ba7fd3a50>,61,17,[12  4],62,-1,93,-1,76
1,<environment.Job instance at 0x7f2ba7fab780>,64,16,[10  4],65,-1,92,-1,76
1,<environment.Job instance at 0x7f2ba7fabc80>,67,14,[7 5],68,-1,90,-1,76
1,<environment.Job instance at 0x7f2ba7f44550>,70,26,[9 4],71,-1,102,-1,76
1,<environment.Job instance at 0x7f2ba7fab690>,65,3,[12  3],66,-1,79,-1,76
1,<environment.Job instance at 0x7f2ba7fab5f0>,69,18,[9 5],70,-1,94,-1,76
1,<environment.Job instance at 0x7f2ba7f44af0>,75,20,[3 8],76,-1,96,-1,76
1,<environment.Job instance at 0x7f2ba7c8c140>,3,18,[12  1],4,-1,22,-1,4
1,<environment.Job instance at 0x7f2ba7c8c1e0>,6,25,[8 5],7,-1,43,-1,18
1,<environment.Job instance at 0x7f2ba7c414b0>,9,18,[ 2 14],10,-1,36,-1,18
1,<environment.Job instance at 0x7f2ba7c41730>,10,24,[9 1],11,-1,42,-1,18
1,<environment.Job instance at 0x7f2ba7c41820>,11,25,[7 1],12,-1,43,-1,18
1,<environment.Job instance at 0x7f2ba7c41370>,12,24,[12  5],13,-1,42,-1,18
1,<environment.Job instance at 0x7f2ba7c415f0>,13,23,[10  2],14,-1,41,-1,18
1,<environment.Job instance at 0x7f2ba7c41460>,14,15,[ 1 11],15,-1,33,-1,18
1,<environment.Job instance at 0x7f2ba7c41910>,15,16,[ 5 12],16,-1,34,-1,18
1,<environment.Job instance at 0x7f2ba7c41b40>,16,27,[ 4 14],17,-1,45,-1,18
1,<environment.Job instance at 0x7f2ba7c41eb0>,17,23,[2 9],18,-1,41,-1,18
1,<environment.Job instance at 0x7f2ba7c41320>,19,15,[13  1],20,-1,35,-1,20
1,<environment.Job instance at 0x7f2ba7c29870>,24,12,[ 4 12],25,-1,44,-1,32
1,<environment.Job instance at 0x7f2ba7c295f0>,25,26,[10  2],26,-1,60,-1,34
1,<environment.Job instance at 0x7f2ba7c29780>,26,22,[ 4 13],27,-1,56,-1,34
1,<environment.Job instance at 0x7f2ba7c29410>,27,16,[14  5],28,-1,50,-1,34
1,<environment.Job instance at 0x7f2ba7c290a0>,31,2,[13  1],32,-1,36,-1,34
1,<environment.Job instance at 0x7f2ba794e910>,32,27,[1 9],33,-1,62,-1,35
1,<environment.Job instance at 0x7f2ba7cda8c0>,36,27,[9 5],37,-1,80,-1,53
1,<environment.Job instance at 0x7f2ba85a0280>,0,21,[7 4],1,-1,22,-1,1
1,<environment.Job instance at 0x7f2ba85a0230>,9,22,[12  3],10,-1,36,-1,14
1,<environment.Job instance at 0x7f2ba85a0a50>,7,17,[14  5],8,-1,31,-1,14
1,<environment.Job instance at 0x7f2ba85a0fa0>,12,3,[7 4],13,-1,17,-1,14
1,<environment.Job instance at 0x7f2ba85a0500>,13,17,[5 1],14,-1,31,-1,14
1,<environment.Job instance at 0x7f2ba7b13690>,14,17,[8 4],15,-1,32,-1,15
1,<environment.Job instance at 0x7f2ba7b13b40>,17,13,[9 4],18,-1,31,-1,18
1,<environment.Job instance at 0x7f2ba85a09b0>,11,16,[5 9],12,-1,39,-1,23
1,<environment.Job instance at 0x7f2ba7b13640>,20,25,[14  4],21,-1,56,-1,31
1,<environment.Job instance at 0x7f2ba7b0eaf0>,30,16,[3 8],31,-1,47,-1,31
1,<environment.Job instance at 0x7f2ba7b0e320>,37,14,[5 7],38,-1,54,-1,40
1,<environment.Job instance at 0x7f2ba7b0e6e0>,38,18,[4 7],39,-1,58,-1,40
1,<environment.Job instance at 0x7f2ba7c45f00>,1,2,[ 2 14],2,-1,4,-1,2
1,<environment.Job instance at 0x7f2ba7c45dc0>,2,17,[ 5 14],3,-1,20,-1,3
1,<environment.Job instance at 0x7f2ba7c455a0>,3,3,[ 2 11],4,-1,7,-1,4
1,<environment.Job instance at 0x7f2ba7c452d0>,5,2,[12  2],6,-1,8,-1,6
1,<environment.Job instance at 0x7f2ba7fc5c80>,7,17,[14  5],8,-1,25,-1,8
1,<environment.Job instance at 0x7f2ba7c45960>,8,2,[13  3],9,-1,11,-1,9
1,<environment.Job instance at 0x7f2ba7c45d20>,9,22,[12  3],10,-1,32,-1,10
1,<environment.Job instance at 0x7f2ba7c45fa0>,15,28,[10  3],16,-1,67,-1,39
1,<environment.Job instance at 0x7f2ba7cb9e60>,20,25,[14  4],21,-1,64,-1,39
1,<environment.Job instance at 0x7f2ba7b13a50>,26,24,[14  2],27,-1,70,-1,46
1,<environment.Job instance at 0x7f2ba7b13910>,27,3,[ 5 11],28,-1,49,-1,46
1,<environment.Job instance at 0x7f2ba7b0eb90>,28,2,[ 2 12],29,-1,48,-1,46
1,<environment.Job instance at 0x7f2ba7b0e190>,29,23,[ 4 11],30,-1,69,-1,46
1,<environment.Job instance at 0x7f2ba7af42d0>,31,23,[ 3 13],32,-1,70,-1,47
1,<environment.Job instance at 0x7f2ba7bca870>,34,24,[ 3 10],35,-1,83,-1,59
1,<environment.Job instance at 0x7f2ba85a5550>,39,14,[ 1 14],40,-1,87,-1,73
1,<environment.Job instance at 0x7f2ba7c03780>,2,16,[10  3],3,-1,20,-1,4
1,<environment.Job instance at 0x7f2ba7fbee60>,3,24,[11  3],4,-1,28,-1,4
1,<environment.Job instance at 0x7f2ba7c039b0>,6,14,[10  3],7,-1,22,-1,8
1,<environment.Job instance at 0x7f2ba7c03aa0>,7,23,[10  3],8,-1,31,-1,8
1,<environment.Job instance at 0x7f2ba7c03af0>,8,19,[1 5],9,-1,29,-1,10
1,<environment.Job instance at 0x7f2ba7c03c80>,10,18,[10  4],11,-1,29,-1,11
1,<environment.Job instance at 0x7f2ba7c03dc0>,12,24,[7 5],13,-1,37,-1,13
1,<environment.Job instance at 0x7f2ba7e0e230>,16,27,[5 5],17,-1,44,-1,17
1,<environment.Job instance at 0x7f2ba7e0e140>,17,15,[9 5],18,-1,33,-1,18
1,<environment.Job instance at 0x7f2ba7e0ef50>,33,22,[10  2],34,-1,63,-1,41
1,<environment.Job instance at 0x7f2ba7e0ee10>,32,19,[ 5 14],33,-1,60,-1,41
1,<environment.Job instance at 0x7f2ba7e09280>,37,18,[5 9],38,-1,63,-1,45
1,<environment.Job instance at 0x7f2ba7e09460>,40,20,[ 1 10],41,-1,66,-1,46
1,<environment.Job instance at 0x7f2ba7e093c0>,39,18,[8 4],40,-1,70,-1,52
1,<environment.Job instance at 0x7f2ba7b14050>,0,2,[13  5],1,-1,3,-1,1
1,<environment.Job instance at 0x7f2ba7b14910>,3,24,[11  3],4,-1,28,-1,4
1,<environment.Job instance at 0x7f2ba7b14c80>,4,18,[13  3],5,-1,23,-1,5
1,<environment.Job instance at 0x7f2ba7b149b0>,7,23,[10  3],8,-1,42,-1,19
1,<environment.Job instance at 0x7f2ba8c6b730>,12,24,[7 5],13,-1,43,-1,19
1,<environment.Job instance at 0x7f2ba8c6beb0>,13,20,[14  5],14,-1,39,-1,19
1,<environment.Job instance at 0x7f2ba8c6b8c0>,15,18,[14  1],16,-1,37,-1,19
1,<environment.Job instance at 0x7f2ba8c6b0a0>,16,27,[5 5],17,-1,59,-1,32
1,<environment.Job instance at 0x7f2ba8c6b500>,19,13,[14  1],20,-1,45,-1,32
1,<environment.Job instance at 0x7f2ba8c6b870>,21,3,[ 5 12],22,-1,36,-1,33
1,<environment.Job instance at 0x7f2ba8c6b960>,23,21,[ 2 11],24,-1,56,-1,35
1,<environment.Job instance at 0x7f2ba8c6b280>,24,1,[14  3],25,-1,36,-1,35
1,<environment.Job instance at 0x7f2ba85a5e10>,27,19,[11  1],28,-1,66,-1,47
1,<environment.Job instance at 0x7f2ba85a5af0>,31,27,[1 8],32,-1,82,-1,55
1,<environment.Job instance at 0x7f2ba85a5dc0>,32,19,[ 5 14],33,-1,74,-1,55
1,<environment.Job instance at 0x7f2ba8c7e3c0>,34,3,[13  1],35,-1,58,-1,55
1,<environment.Job instance at 0x7f2ba7bca4b0>,38,3,[ 1 13],39,-1,68,-1,65
1,<environment.Job instance at 0x7f2ba7e1dcd0>,0,17,[1 9],1,-1,18,-1,1
1,<environment.Job instance at 0x7f2ba7e1d8c0>,1,20,[2 9],2,-1,23,-1,3
1,<environment.Job instance at 0x7f2ba88cc190>,6,18,[1 7],7,-1,25,-1,7
1,<environment.Job instance at 0x7f2ba88ccc80>,7,12,[ 5 12],8,-1,20,-1,8
1,<environment.Job instance at 0x7f2ba88cc960>,11,18,[11  5],12,-1,37,-1,19
1,<environment.Job instance at 0x7f2ba7e1d5a0>,2,17,[ 2 13],3,-1,36,-1,19
1,<environment.Job instance at 0x7f2ba78d7c80>,18,17,[7 2],19,-1,37,-1,20
1,<environment.Job instance at 0x7f2ba78d7b90>,22,27,[9 3],23,-1,70,-1,43
1,<environment.Job instance at 0x7f2ba78d7910>,27,19,[5 7],28,-1,62,-1,43
1,<environment.Job instance at 0x7f2ba88cc1e0>,15,25,[8 1],16,-1,68,-1,43
1,<environment.Job instance at 0x7f2ba8afb230>,29,26,[9 4],30,-1,72,-1,46
1,<environment.Job instance at 0x7f2ba807b910>,2,17,[ 2 13],3,-1,20,-1,3
1,<environment.Job instance at 0x7f2ba7c45e10>,3,27,[12  4],4,-1,31,-1,4
1,<environment.Job instance at 0x7f2ba7c45910>,7,12,[ 5 12],8,-1,20,-1,8
1,<environment.Job instance at 0x7f2ba7c45960>,8,14,[14  1],9,-1,23,-1,9
1,<environment.Job instance at 0x7f2ba7c450a0>,10,14,[12  4],11,-1,25,-1,11
1,<environment.Job instance at 0x7f2ba7c45690>,11,18,[11  5],12,-1,30,-1,12
1,<environment.Job instance at 0x7f2ba7c45730>,13,12,[14  4],14,-1,30,-1,18
1,<environment.Job instance at 0x7f2ba7c45f50>,15,25,[8 1],16,-1,45,-1,20
1,<environment.Job instance at 0x7f2ba7b46910>,17,21,[ 5 14],18,-1,41,-1,20
1,<environment.Job instance at 0x7f2ba7b0e190>,25,28,[ 1 13],26,-1,75,-1,47
1,<environment.Job instance at 0x7f2ba7b136e0>,22,27,[9 3],23,-1,86,-1,59
1,<environment.Job instance at 0x7f2ba7bcac80>,28,2,[ 4 11],29,-1,61,-1,59
1,<environment.Job instance at 0x7f2ba7bcaf50>,29,26,[9 4],30,-1,85,-1,59
1,<environment.Job instance at 0x7f2ba7bca230>,30,28,[2 7],31,-1,87,-1,59
1,<environment.Job instance at 0x7f2ba85a55f0>,32,22,[ 5 14],33,-1,81,-1,59
1,<environment.Job instance at 0x7f2ba7bca370>,33,20,[14  1],34,-1,79,-1,59
1,<environment.Job instance at 0x7f2ba85a0460>,20,28,[2 8],21,-1,92,-1,64
1,<environment.Job instance at 0x7f2ba8c6b0f0>,44,26,[1 5],45,-1,105,-1,79
1,<environment.Job instance at 0x7f2ba8c6b050>,45,22,[11  4],46,-1,101,-1,79
1,<environment.Job instance at 0x7f2ba8c6b5f0>,46,21,[11  3],47,-1,100,-1,79
1,<environment.Job instance at 0x7f2ba8c6b6e0>,48,19,[14  3],49,-1,98,-1,79
1,<environment.Job instance at 0x7f2ba85b0320>,1,27,[5 1],2,-1,29,-1,2
1,<environment.Job instance at 0x7f2ba81c55a0>,8,16,[ 5 10],9,-1,25,-1,9
1,<environment.Job instance at 0x7f2ba81c58c0>,10,16,[9 2],11,-1,27,-1,11
1,<environment.Job instance at 0x7f2ba808a320>,14,21,[6 4],15,-1,37,-1,16
1,<environment.Job instance at 0x7f2ba808ae60>,17,26,[9 3],18,-1,54,-1,28
1,<environment.Job instance at 0x7f2ba7f1a370>,24,17,[12  3],25,-1,47,-1,30
1,<environment.Job instance at 0x7f2ba808a190>,18,26,[ 1 12],19,-1,56,-1,30
1,<environment.Job instance at 0x7f2ba7f1a190>,27,28,[3 6],28,-1,60,-1,32
1,<environment.Job instance at 0x7f2ba7f1a910>,29,19,[13  1],30,-1,60,-1,41
1,<environment.Job instance at 0x7f2ba81c5690>,7,13,[13  1],8,-1,54,-1,41
1,<environment.Job instance at 0x7f2ba7f1af00>,30,16,[3 7],31,-1,57,-1,41
1,<environment.Job instance at 0x7f2ba7f1ab90>,22,15,[4 9],23,-1,56,-1,41
1,<environment.Job instance at 0x7f2ba7f1aaf0>,31,16,[1 9],32,-1,57,-1,41
1,<environment.Job instance at 0x7f2ba808a460>,16,25,[ 5 10],17,-1,66,-1,41
1,<environment.Job instance at 0x7f2ba7f1a820>,34,28,[6 5],35,-1,69,-1,41
1,<environment.Job instance at 0x7f2ba7f1a550>,35,16,[7 5],36,-1,57,-1,41
1,<environment.Job instance at 0x7f2ba7f1a6e0>,32,16,[3 5],33,-1,57,-1,41
1,<environment.Job instance at 0x7f2ba84614b0>,37,18,[1 7],38,-1,59,-1,41
1,<environment.Job instance at 0x7f2ba7f1a4b0>,21,12,[11  1],22,-1,53,-1,41
1,<environment.Job instance at 0x7f2ba7f1a0f0>,36,21,[7 3],37,-1,62,-1,41
1,<environment.Job instance at 0x7f2ba8461b40>,38,13,[3 8],39,-1,54,-1,41
1,<environment.Job instance at 0x7f2ba8461c30>,42,25,[4 6],43,-1,68,-1,43
1,<environment.Job instance at 0x7f2ba7706690>,44,24,[7 5],45,-1,69,-1,45
1,<environment.Job instance at 0x7f2ba7706d20>,45,16,[5 8],46,-1,62,-1,46
1,<environment.Job instance at 0x7f2ba7e30eb0>,1,27,[5 1],2,-1,29,-1,2
1,<environment.Job instance at 0x7f2ba7e304b0>,3,17,[14  5],4,-1,21,-1,4
1,<environment.Job instance at 0x7f2ba84de5f0>,6,25,[8 3],7,-1,33,-1,8
1,<environment.Job instance at 0x7f2ba84de4b0>,7,13,[13  1],8,-1,21,-1,8
1,<environment.Job instance at 0x7f2ba8240640>,11,19,[12  1],12,-1,31,-1,12
1,<environment.Job instance at 0x7f2ba7af60f0>,15,13,[ 2 12],16,-1,37,-1,24
1,<environment.Job instance at 0x7f2ba85915f0>,16,25,[ 5 10],17,-1,53,-1,28
1,<environment.Job instance at 0x7f2ba8591230>,17,26,[9 3],18,-1,54,-1,28
1,<environment.Job instance at 0x7f2ba85916e0>,18,26,[ 1 12],19,-1,54,-1,28
1,<environment.Job instance at 0x7f2ba82046e0>,19,28,[3 6],20,-1,56,-1,28
1,<environment.Job instance at 0x7f2ba812e0f0>,21,12,[11  1],22,-1,40,-1,28
1,<environment.Job instance at 0x7f2ba869c280>,23,15,[13  2],24,-1,43,-1,28
1,<environment.Job instance at 0x7f2ba7fe1eb0>,24,17,[12  3],25,-1,45,-1,28
1,<environment.Job instance at 0x7f2ba869cf50>,25,2,[ 4 12],26,-1,30,-1,28
1,<environment.Job instance at 0x7f2ba865b0f0>,27,28,[3 6],28,-1,68,-1,40
1,<environment.Job instance at 0x7f2ba8c6ba00>,29,19,[13  1],30,-1,59,-1,40
1,<environment.Job instance at 0x7f2ba8c6b6e0>,34,28,[6 5],35,-1,84,-1,56
1,<environment.Job instance at 0x7f2ba81d10f0>,0,18,[9 5],1,-1,19,-1,1
1,<environment.Job instance at 0x7f2ba81807d0>,2,28,[2 6],3,-1,31,-1,3
1,<environment.Job instance at 0x7f2ba8180820>,5,17,[6 5],6,-1,23,-1,6
1,<environment.Job instance at 0x7f2ba78ad5a0>,8,16,[ 5 10],9,-1,25,-1,9
1,<environment.Job instance at 0x7f2ba7ef4be0>,1,28,[ 5 12],2,-1,30,-1,2
1,<environment.Job instance at 0x7f2ba7ef45f0>,2,28,[2 6],3,-1,31,-1,3
1,<environment.Job instance at 0x7f2ba771c640>,4,28,[ 1 11],5,-1,33,-1,5
1,<environment.Job instance at 0x7f2ba7d9a8c0>,6,23,[11  3],7,-1,30,-1,7
1,<environment.Job instance at 0x7f2ba7aa8960>,7,14,[13  5],8,-1,22,-1,8
1,<environment.Job instance at 0x7f2ba7707190>,11,13,[12  5],12,-1,25,-1,12
1,<environment.Job instance at 0x7f2ba7aa8be0>,13,16,[11  4],14,-1,35,-1,19
1,<environment.Job instance at 0x7f2ba7d7cbe0>,14,3,[ 5 14],15,-1,22,-1,19
1,<environment.Job instance at 0x7f2ba85fb460>,15,27,[6 1],16,-1,47,-1,20
1,<environment.Job instance at 0x7f2ba8c6b410>,18,3,[13  4],19,-1,23,-1,20
1,<environment.Job instance at 0x7f2ba8c6b050>,21,27,[5 1],22,-1,50,-1,23
1,<environment.Job instance at 0x7f2ba8c6b6e0>,26,12,[14  1],27,-1,65,-1,53
1,<environment.Job instance at 0x7f2ba8c6b910>,27,18,[ 3 13],28,-1,71,-1,53
1,<environment.Job instance at 0x7f2ba865b0f0>,30,22,[ 1 12],31,-1,77,-1,55
1,<environment.Job instance at 0x7f2bb181d190>,32,3,[ 4 11],33,-1,61,-1,58
1,<environment.Job instance at 0x7f2bb181d0f0>,33,25,[5 6],34,-1,95,-1,70
1,<environment.Job instance at 0x7f2ba812e0f0>,34,26,[ 3 12],35,-1,96,-1,70
1,<environment.Job instance at 0x7f2ba869cf50>,35,2,[ 4 13],36,-1,72,-1,70
1,<environment.Job instance at 0x7f2ba7c65910>,38,20,[ 4 14],39,-1,93,-1,73
1,<environment.Job instance at 0x7f2ba7ac6f00>,4,17,[10  5],5,-1,23,-1,6
1,<environment.Job instance at 0x7f2ba7ac6820>,7,27,[5 7],8,-1,35,-1,8
1,<environment.Job instance at 0x7f2ba8051d20>,13,15,[3 8],14,-1,29,-1,14
1,<environment.Job instance at 0x7f2ba7ac6690>,5,17,[3 6],6,-1,32,-1,15
1,<environment.Job instance at 0x7f2ba83322d0>,0,24,[11  5],1,-1,25,-1,1
1,<environment.Job instance at 0x7f2ba865b050>,6,18,[14  2],7,-1,25,-1,7
1,<environment.Job instance at 0x7f2ba760acd0>,9,21,[12  3],10,-1,31,-1,10
1,<environment.Job instance at 0x7f2ba7d9a8c0>,10,1,[ 5 12],11,-1,12,-1,11
1,<environment.Job instance at 0x7f2ba7ef4be0>,12,16,[ 2 13],13,-1,29,-1,13
1,<environment.Job instance at 0x7f2ba83e97d0>,7,27,[5 7],8,-1,49,-1,22
1,<environment.Job instance at 0x7f2ba8051a50>,15,13,[14  1],16,-1,35,-1,22
1,<environment.Job instance at 0x7f2ba8b97370>,16,3,[ 5 13],17,-1,25,-1,22
1,<environment.Job instance at 0x7f2ba8190320>,17,20,[ 2 13],18,-1,42,-1,22
1,<environment.Job instance at 0x7f2ba7ac67d0>,18,27,[4 9],19,-1,49,-1,22
1,<environment.Job instance at 0x7f2ba7ac6460>,19,3,[ 2 13],20,-1,25,-1,22
1,<environment.Job instance at 0x7f2ba7ac6c30>,20,2,[ 4 12],21,-1,24,-1,22
1,<environment.Job instance at 0x7f2ba80d3910>,22,25,[2 7],23,-1,49,-1,24
1,<environment.Job instance at 0x7f2ba80d30a0>,24,12,[11  5],25,-1,37,-1,25
1,<environment.Job instance at 0x7f2ba80d3a00>,27,21,[12  5],28,-1,56,-1,35
1,<environment.Job instance at 0x7f2ba8a87fa0>,29,20,[11  5],30,-1,55,-1,35
1,<environment.Job instance at 0x7f2ba8a87960>,32,28,[5 7],33,-1,76,-1,48
1,<environment.Job instance at 0x7f2ba8a879b0>,33,12,[ 4 11],34,-1,60,-1,48
1,<environment.Job instance at 0x7f2ba8a87320>,34,25,[13  4],35,-1,73,-1,48
1,<environment.Job instance at 0x7f2ba8a876e0>,35,21,[ 1 12],36,-1,69,-1,48
1,<environment.Job instance at 0x7f2ba8a87870>,37,22,[13  5],38,-1,70,-1,48
1,<environment.Job instance at 0x7f2ba8a87280>,38,28,[13  2],39,-1,76,-1,48
1,<environment.Job instance at 0x7f2ba8a878c0>,40,24,[7 3],41,-1,85,-1,61
1,<environment.Job instance at 0x7f2ba8a87410>,42,26,[5 8],43,-1,90,-1,64
1,<environment.Job instance at 0x7f2ba8a87140>,44,23,[1 5],45,-1,87,-1,64
1,<environment.Job instance at 0x7f2ba8a872d0>,46,2,[ 5 13],47,-1,66,-1,64
1,<environment.Job instance at 0x7f2ba8a87e60>,47,13,[ 1 14],48,-1,77,-1,64
1,<environment.Job instance at 0x7f2ba83169b0>,50,21,[13  2],51,-1,98,-1,77
1,<environment.Job instance at 0x7f2ba8316410>,52,18,[ 2 11],53,-1,96,-1,78
1,<environment.Job instance at 0x7f2ba8316050>,54,3,[11  2],55,-1,82,-1,79
1,<environment.Job instance at 0x7f2ba8316460>,55,3,[14  5],56,-1,82,-1,79
1,<environment.Job instance at 0x7f2bb1669e60>,0,28,[5 2],1,-1,29,-1,1
1,<environment.Job instance at 0x7f2ba8c2aaa0>,4,26,[5 7],5,-1,31,-1,5
1,<environment.Job instance at 0x7f2ba8c2aaf0>,6,17,[ 4 10],7,-1,24,-1,7
1,<environment.Job instance at 0x7f2ba8c2a140>,8,20,[9 5],9,-1,29,-1,9
1,<environment.Job instance at 0x7f2ba8c2ad20>,9,26,[7 3],10,-1,36,-1,10
1,<environment.Job instance at 0x7f2ba869c140>,12,15,[7 5],13,-1,28,-1,13
1,<environment.Job instance at 0x7f2ba869c640>,15,14,[ 1 10],16,-1,30,-1,16
1,<environment.Job instance at 0x7f2ba869c690>,17,20,[10  2],18,-1,38,-1,18
1,<environment.Job instance at 0x7f2ba869caa0>,19,18,[3 7],20,-1,38,-1,20
1,<environment.Job instance at 0x7f2ba885a2d0>,21,25,[4 9],22,-1,47,-1,22
1,<environment.Job instance at 0x7f2ba7c2f910>,24,14,[7 2],25,-1,39,-1,25
1,<environment.Job instance at 0x7f2ba7520f00>,28,20,[5 6],29,-1,49,-1,29
1,<environment.Job instance at 0x7f2ba8775820>,29,15,[10  1],30,-1,45,-1,30
1,<environment.Job instance at 0x7f2ba8cc7c80>,30,14,[3 8],31,-1,45,-1,31
1,<environment.Job instance at 0x7f2ba86df2d0>,31,16,[6 5],32,-1,48,-1,32
1,<environment.Job instance at 0x7f2ba87d11e0>,32,14,[5 4],33,-1,48,-1,34
1,<environment.Job instance at 0x7f2ba86d0500>,34,12,[11  4],35,-1,47,-1,35
1,<environment.Job instance at 0x7f2ba8c9c0f0>,35,20,[3 7],36,-1,56,-1,36
1,<environment.Job instance at 0x7f2ba7c42870>,36,12,[10  1],37,-1,49,-1,37
1,<environment.Job instance at 0x7f2ba7c425f0>,37,21,[1 7],38,-1,59,-1,38
1,<environment.Job instance at 0x7f2ba7c42780>,38,16,[9 2],39,-1,55,-1,39
1,<environment.Job instance at 0x7f2ba84fc5a0>,44,12,[6 4],45,-1,57,-1,45
1,<environment.Job instance at 0x7f2ba79abaf0>,46,17,[ 1 12],47,-1,69,-1,52
1,<environment.Job instance at 0x7f2ba7c47af0>,54,25,[6 2],55,-1,82,-1,57
1,<environment.Job instance at 0x7f2ba7c47aa0>,53,16,[11  3],54,-1,74,-1,58
1,<environment.Job instance at 0x7f2ba7879a00>,0,28,[5 2],1,-1,29,-1,1
1,<environment.Job instance at 0x7f2ba7879b90>,2,24,[8 1],3,-1,27,-1,3
1,<environment.Job instance at 0x7f2ba789d500>,4,26,[5 7],5,-1,31,-1,5
1,<environment.Job instance at 0x7f2ba789d3c0>,5,3,[ 1 12],6,-1,9,-1,6
1,<environment.Job instance at 0x7f2ba7f13500>,10,2,[ 5 12],11,-1,13,-1,11
1,<environment.Job instance at 0x7f2ba7876230>,13,2,[14  5],14,-1,21,-1,19
1,<environment.Job instance at 0x7f2ba7876e60>,14,2,[13  2],15,-1,21,-1,19
1,<environment.Job instance at 0x7f2ba7879aa0>,9,26,[7 3],10,-1,46,-1,20
1,<environment.Job instance at 0x7f2ba786b190>,20,17,[ 1 13],21,-1,38,-1,21
1,<environment.Job instance at 0x7f2ba7bd5b40>,21,25,[4 9],22,-1,61,-1,36
1,<environment.Job instance at 0x7f2ba7bd5be0>,23,14,[13  3],24,-1,50,-1,36
1,<environment.Job instance at 0x7f2ba7bb54b0>,34,12,[11  4],35,-1,69,-1,57
1,<environment.Job instance at 0x7f2ba77fb460>,0,24,[4 5],1,-1,25,-1,1
1,<environment.Job instance at 0x7f2ba7716410>,7,18,[1 5],8,-1,26,-1,8
1,<environment.Job instance at 0x7f2ba7716690>,8,27,[7 4],9,-1,36,-1,9
1,<environment.Job instance at 0x7f2ba78fc9b0>,19,14,[11  5],20,-1,50,-1,36
1,<environment.Job instance at 0x7f2ba7716370>,10,16,[10  2],11,-1,54,-1,38
1,<environment.Job instance at 0x7f2ba7716460>,20,15,[7 3],21,-1,53,-1,38
1,<environment.Job instance at 0x7f2ba78fcf00>,21,23,[ 4 13],22,-1,61,-1,38
1,<environment.Job instance at 0x7f2ba78fc960>,22,19,[11  1],23,-1,57,-1,38
1,<environment.Job instance at 0x7f2ba8065550>,6,15,[ 3 14],7,-1,53,-1,38
1,<environment.Job instance at 0x7f2ba78fca50>,26,13,[ 3 13],27,-1,53,-1,40
1,<environment.Job instance at 0x7f2ba78fca00>,27,15,[8 5],28,-1,57,-1,42
1,<environment.Job instance at 0x7f2ba78fc460>,29,16,[14  5],30,-1,58,-1,42
1,<environment.Job instance at 0x7f2ba78fccd0>,28,22,[6 4],29,-1,64,-1,42
1,<environment.Job instance at 0x7f2ba82743c0>,0,24,[4 5],1,-1,25,-1,1
1,<environment.Job instance at 0x7f2ba8573820>,2,12,[13  3],3,-1,15,-1,3
1,<environment.Job instance at 0x7f2ba8573c80>,3,25,[ 5 10],4,-1,29,-1,4
1,<environment.Job instance at 0x7f2ba8274460>,5,14,[11  2],6,-1,20,-1,6
1,<environment.Job instance at 0x7f2ba7a61780>,6,15,[ 3 14],7,-1,22,-1,7
1,<environment.Job instance at 0x7f2ba7a61050>,8,27,[7 4],9,-1,43,-1,16
1,<environment.Job instance at 0x7f2ba8acd320>,13,2,[ 1 12],14,-1,18,-1,16
1,<environment.Job instance at 0x7f2ba8acd5f0>,16,14,[ 4 12],17,-1,35,-1,21
1,<environment.Job instance at 0x7f2ba76ec910>,18,25,[ 1 14],19,-1,51,-1,26
1,<environment.Job instance at 0x7f2ba76ec1e0>,19,14,[11  5],20,-1,40,-1,26
1,<environment.Job instance at 0x7f2ba7efa1e0>,21,23,[ 4 13],22,-1,51,-1,28
1,<environment.Job instance at 0x7f2ba7efa6e0>,22,19,[11  1],23,-1,47,-1,28
1,<environment.Job instance at 0x7f2ba7efa5f0>,23,3,[ 4 11],24,-1,31,-1,28
1,<environment.Job instance at 0x7f2ba8ad28c0>,26,13,[ 3 13],27,-1,54,-1,41
1,<environment.Job instance at 0x7f2ba8ad2af0>,29,16,[14  5],30,-1,60,-1,44
1,<environment.Job instance at 0x7f2ba8677c30>,32,1,[14  3],33,-1,55,-1,54
1,<environment.Job instance at 0x7f2ba7a3ce10>,38,23,[5 5],39,-1,88,-1,65
1,<environment.Job instance at 0x7f2ba7a3c550>,40,14,[11  3],41,-1,79,-1,65
1,<environment.Job instance at 0x7f2ba7573e10>,42,1,[11  2],43,-1,68,-1,67
1,<environment.Job instance at 0x7f2bb13745f0>,7,26,[3 7],8,-1,34,-1,8
1,<environment.Job instance at 0x7f2ba753dc30>,8,26,[4 6],9,-1,35,-1,9
1,<environment.Job instance at 0x7f2ba753d960>,10,20,[4 9],11,-1,31,-1,11
1,<environment.Job instance at 0x7f2ba7908e10>,13,20,[1 8],14,-1,35,-1,15
1,<environment.Job instance at 0x7f2ba753d730>,15,17,[7 2],16,-1,33,-1,16
1,<environment.Job instance at 0x7f2ba86df550>,16,18,[ 4 10],17,-1,35,-1,17
1,<environment.Job instance at 0x7f2ba86df190>,18,14,[ 2 12],19,-1,33,-1,19
1,<environment.Job instance at 0x7f2ba8aceaa0>,0,14,[14  1],1,-1,15,-1,1
1,<environment.Job instance at 0x7f2ba7a3ce10>,4,20,[ 2 11],5,-1,25,-1,5
1,<environment.Job instance at 0x7f2ba8677230>,9,14,[ 3 14],10,-1,24,-1,10
1,<environment.Job instance at 0x7f2ba8677410>,7,26,[3 7],8,-1,44,-1,18
1,<environment.Job instance at 0x7f2ba8677b90>,8,26,[4 6],9,-1,44,-1,18
1,<environment.Job instance at 0x7f2ba8aea050>,18,14,[ 2 12],19,-1,34,-1,20
1,<environment.Job instance at 0x7f2ba7a61a00>,19,28,[11  4],20,-1,48,-1,20
1,<environment.Job instance at 0x7f2ba753df50>,20,22,[ 5 12],21,-1,43,-1,21
1,<environment.Job instance at 0x7f2ba7cfe2d0>,22,25,[9 5],23,-1,58,-1,33
1,<environment.Job instance at 0x7f2ba85987d0>,26,22,[ 1 13],27,-1,57,-1,35
1,<environment.Job instance at 0x7f2ba8598460>,27,3,[ 2 11],28,-1,38,-1,35
1,<environment.Job instance at 0x7f2ba8598730>,29,15,[ 5 14],30,-1,63,-1,48
1,<environment.Job instance at 0x7f2ba8578f50>,30,27,[3 6],31,-1,75,-1,48
1,<environment.Job instance at 0x7f2ba8578500>,31,2,[12  1],32,-1,50,-1,48
1,<environment.Job instance at 0x7f2ba8578cd0>,33,18,[11  2],34,-1,66,-1,48
1,<environment.Job instance at 0x7f2ba8578280>,35,27,[8 1],36,-1,87,-1,60
1,<environment.Job instance at 0x7f2ba7f447d0>,40,20,[14  2],41,-1,97,-1,77
1,<environment.Job instance at 0x7f2ba7f44a50>,42,1,[ 5 14],43,-1,78,-1,77
1,<environment.Job instance at 0x7f2ba7f44460>,43,16,[12  5],44,-1,93,-1,77
1,<environment.Job instance at 0x7f2ba7f446e0>,45,18,[11  4],46,-1,96,-1,78
1,<environment.Job instance at 0x7f2ba7f44550>,47,3,[ 4 11],48,-1,81,-1,78
1,<environment.Job instance at 0x7f2ba83d37d0>,3,20,[10  3],4,-1,26,-1,6
1,<environment.Job instance at 0x7f2ba83d34b0>,6,23,[9 5],7,-1,30,-1,7
1,<environment.Job instance at 0x7f2ba83d36e0>,5,26,[13  3],6,-1,33,-1,7
1,<environment.Job instance at 0x7f2ba83e93c0>,0,27,[ 5 14],1,-1,28,-1,1
1,<environment.Job instance at 0x7f2ba83e9550>,1,17,[14  2],2,-1,19,-1,2
1,<environment.Job instance at 0x7f2ba83e9730>,2,15,[12  2],3,-1,18,-1,3
1,<environment.Job instance at 0x7f2ba7797be0>,5,26,[13  3],6,-1,32,-1,6
1,<environment.Job instance at 0x7f2ba7797dc0>,10,18,[11  2],11,-1,29,-1,11
1,<environment.Job instance at 0x7f2ba77973c0>,6,23,[9 5],7,-1,47,-1,24
1,<environment.Job instance at 0x7f2ba784faf0>,14,2,[ 5 12],15,-1,26,-1,24
1,<environment.Job instance at 0x7f2ba784f3c0>,15,23,[6 1],16,-1,47,-1,24
1,<environment.Job instance at 0x7f2ba83e9410>,7,27,[7 3],8,-1,51,-1,24
1,<environment.Job instance at 0x7f2ba784f4b0>,17,2,[ 4 14],18,-1,26,-1,24
1,<environment.Job instance at 0x7f2ba784f320>,18,23,[10  3],19,-1,47,-1,24
1,<environment.Job instance at 0x7f2ba784fe60>,19,14,[ 1 11],20,-1,38,-1,24
1,<environment.Job instance at 0x7f2ba784f5f0>,11,25,[9 5],12,-1,49,-1,24
1,<environment.Job instance at 0x7f2ba7f44140>,22,23,[ 2 12],23,-1,47,-1,24
1,<environment.Job instance at 0x7f2ba7f448c0>,23,27,[8 3],24,-1,51,-1,24
1,<environment.Job instance at 0x7f2ba7f44460>,28,25,[9 4],29,-1,70,-1,45
1,<environment.Job instance at 0x7f2ba7f44dc0>,32,28,[ 5 13],33,-1,87,-1,59
1,<environment.Job instance at 0x7f2ba7f447d0>,33,15,[12  1],34,-1,74,-1,59
1,<environment.Job instance at 0x7f2ba8578690>,34,3,[ 5 14],35,-1,62,-1,59
1,<environment.Job instance at 0x7f2ba8b164b0>,1,27,[5 2],2,-1,29,-1,2
1,<environment.Job instance at 0x7f2ba8b16e10>,12,22,[8 3],13,-1,40,-1,18
1,<environment.Job instance at 0x7f2ba8863550>,0,26,[10  3],1,-1,27,-1,1
1,<environment.Job instance at 0x7f2bb37288c0>,1,27,[5 2],2,-1,29,-1,2
1,<environment.Job instance at 0x7f2ba7a3cb40>,2,12,[ 3 13],3,-1,15,-1,3
1,<environment.Job instance at 0x7f2ba7f44050>,3,17,[14  5],4,-1,21,-1,4
1,<environment.Job instance at 0x7f2ba7f44dc0>,4,15,[14  2],5,-1,20,-1,5
1,<environment.Job instance at 0x7f2ba7f44780>,5,15,[ 1 12],6,-1,21,-1,6
1,<environment.Job instance at 0x7f2ba8863d70>,9,12,[ 1 12],10,-1,22,-1,10
1,<environment.Job instance at 0x7f2ba764ca50>,16,21,[11  3],17,-1,42,-1,21
1,<environment.Job instance at 0x7f2ba7f44aa0>,20,12,[11  2],21,-1,33,-1,21
1,<environment.Job instance at 0x7f2ba8898b40>,21,18,[ 3 11],22,-1,40,-1,22
1,<environment.Job instance at 0x7f2ba8898820>,24,24,[2 8],25,-1,62,-1,38
1,<environment.Job instance at 0x7f2ba8898e60>,25,24,[5 7],26,-1,62,-1,38
1,<environment.Job instance at 0x7f2ba8898370>,26,13,[14  2],27,-1,51,-1,38
1,<environment.Job instance at 0x7f2ba88981e0>,27,12,[ 5 14],28,-1,50,-1,38
1,<environment.Job instance at 0x7f2ba8898af0>,28,28,[11  4],29,-1,66,-1,38
1,<environment.Job instance at 0x7f2ba8896b40>,30,26,[1 8],31,-1,65,-1,39
1,<environment.Job instance at 0x7f2ba8896d20>,36,15,[ 1 14],37,-1,67,-1,52
1,<environment.Job instance at 0x7f2ba8896c30>,37,1,[ 3 13],38,-1,53,-1,52
1,<environment.Job instance at 0x7f2ba88965a0>,38,23,[11  4],39,-1,75,-1,52
1,<environment.Job instance at 0x7f2ba8896f00>,35,24,[5 3],36,-1,79,-1,55
1,<environment.Job instance at 0x7f2ba8896cd0>,44,26,[9 3],45,-1,97,-1,71
1,<environment.Job instance at 0x7f2ba88960a0>,46,2,[14  4],47,-1,74,-1,72
1,<environment.Job instance at 0x7f2bb166d190>,0,20,[5 5],1,-1,21,-1,1
1,<environment.Job instance at 0x7f2ba7f361e0>,4,23,[ 5 10],5,-1,28,-1,5
1,<environment.Job instance at 0x7f2ba7f8e0f0>,11,16,[8 5],12,-1,30,-1,14
1,<environment.Job instance at 0x7f2ba7f8ea00>,13,25,[10  3],14,-1,39,-1,14
1,<environment.Job instance at 0x7f2ba88ac1e0>,4,23,[ 5 10],5,-1,29,-1,6
1,<environment.Job instance at 0x7f2ba7742050>,9,16,[11  3],10,-1,26,-1,10
1,<environment.Job instance at 0x7f2ba7742b90>,10,16,[11  5],11,-1,27,-1,11
1,<environment.Job instance at 0x7f2ba7742190>,8,24,[10  4],9,-1,42,-1,18
1,<environment.Job instance at 0x7f2ba7742a00>,12,1,[ 3 12],13,-1,19,-1,18
1,<environment.Job instance at 0x7f2ba7742f00>,13,25,[10  3],14,-1,43,-1,18
1,<environment.Job instance at 0x7f2ba7742370>,14,14,[ 5 12],15,-1,32,-1,18
1,<environment.Job instance at 0x7f2ba7742fa0>,15,20,[ 3 14],16,-1,38,-1,18
1,<environment.Job instance at 0x7f2ba7742a50>,16,24,[13  2],17,-1,42,-1,18
1,<environment.Job instance at 0x7f2ba7657b90>,19,14,[11  5],20,-1,34,-1,20
1,<environment.Job instance at 0x7f2bb166d5f0>,20,28,[6 1],21,-1,49,-1,21
1,<environment.Job instance at 0x7f2ba735ddc0>,23,23,[11  1],24,-1,47,-1,24
1,<environment.Job instance at 0x7f2ba7f8e280>,25,18,[ 1 13],26,-1,48,-1,30
1,<environment.Job instance at 0x7f2ba7f36910>,27,13,[11  3],28,-1,43,-1,30
1,<environment.Job instance at 0x7f2ba7f36a00>,28,28,[7 5],29,-1,58,-1,30
1,<environment.Job instance at 0x7f2ba75b68c0>,30,2,[14  5],31,-1,33,-1,31
1,<environment.Job instance at 0x7f2ba75b6140>,31,26,[13  1],32,-1,58,-1,32
1,<environment.Job instance at 0x7f2ba75b6dc0>,38,26,[ 5 12],39,-1,72,-1,46
1,<environment.Job instance at 0x7f2ba75b6be0>,39,26,[2 8],40,-1,75,-1,49
1,<environment.Job instance at 0x7f2ba78969b0>,42,16,[ 2 13],43,-1,65,-1,49
1,<environment.Job instance at 0x7f2ba7896d20>,44,13,[13  4],45,-1,62,-1,49
1,<environment.Job instance at 0x7f2ba78968c0>,45,18,[14  3],46,-1,67,-1,49
1,<environment.Job instance at 0x7f2ba7896af0>,43,23,[7 1],44,-1,75,-1,52
1,<environment.Job instance at 0x7f2ba78962d0>,47,24,[14  5],48,-1,76,-1,52
1,<environment.Job instance at 0x7f2ba78961e0>,48,25,[ 4 12],49,-1,77,-1,52
1,<environment.Job instance at 0x7f2ba7c1ceb0>,50,18,[12  3],51,-1,70,-1,52
1,<environment.Job instance at 0x7f2ba7c1c460>,52,18,[ 2 11],53,-1,72,-1,54
1,<environment.Job instance at 0x7f2ba7c1c5f0>,53,13,[11  3],54,-1,67,-1,54
1,<environment.Job instance at 0x7f2ba7c1c910>,54,18,[13  2],55,-1,73,-1,55
1,<environment.Job instance at 0x7f2ba7c1c8c0>,56,23,[ 5 13],57,-1,90,-1,67
1,<environment.Job instance at 0x7f2ba7c1cb90>,57,23,[2 7],58,-1,92,-1,69
1,<environment.Job instance at 0x7f2ba7c1ca50>,58,28,[ 1 10],59,-1,97,-1,69
1,<environment.Job instance at 0x7f2ba7c1cf50>,60,12,[ 4 14],61,-1,81,-1,69
1,<environment.Job instance at 0x7f2ba86a20a0>,1,14,[9 5],2,-1,17,-1,3
1,<environment.Job instance at 0x7f2ba84ee0a0>,3,16,[3 8],4,-1,20,-1,4
1,<environment.Job instance at 0x7f2ba84ee140>,4,18,[ 5 10],5,-1,23,-1,5
1,<environment.Job instance at 0x7f2ba84ee3c0>,5,15,[1 8],6,-1,21,-1,6
1,<environment.Job instance at 0x7f2ba84eee60>,6,22,[ 1 10],7,-1,29,-1,7
1,<environment.Job instance at 0x7f2ba84eec30>,7,21,[1 8],8,-1,29,-1,8
1,<environment.Job instance at 0x7f2ba84eebe0>,8,20,[2 9],9,-1,29,-1,9
1,<environment.Job instance at 0x7f2ba84d3cd0>,18,26,[2 5],19,-1,47,-1,21
1,<environment.Job instance at 0x7f2ba84d3140>,19,13,[5 8],20,-1,35,-1,22
1,<environment.Job instance at 0x7f2ba84d3a50>,20,18,[6 2],21,-1,40,-1,22
1,<environment.Job instance at 0x7f2ba84be2d0>,22,15,[2 5],23,-1,38,-1,23
1,<environment.Job instance at 0x7f2ba84be050>,24,22,[8 1],25,-1,47,-1,25
1,<environment.Job instance at 0x7f2ba7a61690>,0,28,[ 3 10],1,-1,29,-1,1
1,<environment.Job instance at 0x7f2ba7c1c0a0>,9,27,[1 9],10,-1,43,-1,16
1,<environment.Job instance at 0x7f2ba7c1c9b0>,10,25,[ 3 12],11,-1,41,-1,16
1,<environment.Job instance at 0x7f2ba7c1ce10>,12,20,[ 1 13],13,-1,36,-1,16
1,<environment.Job instance at 0x7f2ba7c1c6e0>,15,15,[ 2 11],16,-1,31,-1,16
1,<environment.Job instance at 0x7f2ba7c1c410>,14,23,[10  3],15,-1,40,-1,17
1,<environment.Job instance at 0x7f2ba7c1c050>,18,26,[2 5],19,-1,45,-1,19
1,<environment.Job instance at 0x7f2ba7896d20>,25,1,[14  3],26,-1,50,-1,49
1,<environment.Job instance at 0x7f2ba7896870>,26,14,[11  1],27,-1,63,-1,49
1,<environment.Job instance at 0x7f2ba7896af0>,28,18,[14  5],29,-1,67,-1,49
1,<environment.Job instance at 0x7f2ba75b60f0>,29,15,[ 1 12],30,-1,64,-1,49
1,<environment.Job instance at 0x7f2ba75b6cd0>,33,14,[ 5 11],34,-1,87,-1,73
1,<environment.Job instance at 0x7f2ba8555af0>,0,19,[ 3 10],1,-1,21,-1,2
1,<environment.Job instance at 0x7f2ba8555280>,2,20,[10  3],3,-1,23,-1,3
1,<environment.Job instance at 0x7f2ba7e0bf00>,3,27,[7 2],4,-1,31,-1,4
1,<environment.Job instance at 0x7f2ba7e0b4b0>,5,21,[10  1],6,-1,28,-1,7
1,<environment.Job instance at 0x7f2ba8555aa0>,7,17,[ 1 12],8,-1,25,-1,8
1,<environment.Job instance at 0x7f2ba7e0b3c0>,13,16,[ 5 10],14,-1,37,-1,21
1,<environment.Job instance at 0x7f2ba7657b40>,4,12,[13  2],5,-1,17,-1,5
1,<environment.Job instance at 0x7f2ba7f8e2d0>,6,12,[ 2 14],7,-1,19,-1,7
1,<environment.Job instance at 0x7f2ba7c1cfa0>,7,17,[ 1 12],8,-1,25,-1,8
1,<environment.Job instance at 0x7f2ba7c1c230>,8,22,[13  4],9,-1,31,-1,9
1,<environment.Job instance at 0x7f2ba7c1cdc0>,9,18,[ 5 12],10,-1,28,-1,10
1,<environment.Job instance at 0x7f2ba7c1c5f0>,10,25,[12  1],11,-1,36,-1,11
1,<environment.Job instance at 0x7f2ba74c6370>,3,27,[7 2],4,-1,50,-1,23
1,<environment.Job instance at 0x7f2ba7c1c780>,14,12,[13  2],15,-1,35,-1,23
1,<environment.Job instance at 0x7f2ba7c1cb90>,16,26,[2 8],17,-1,49,-1,23
1,<environment.Job instance at 0x7f2ba7c1c910>,11,26,[10  2],12,-1,49,-1,23
1,<environment.Job instance at 0x7f2ba7c1cf50>,19,14,[ 2 13],20,-1,37,-1,23
1,<environment.Job instance at 0x7f2ba7dfd140>,23,27,[ 1 13],24,-1,51,-1,24
1,<environment.Job instance at 0x7f2ba867ea50>,24,18,[11  3],25,-1,43,-1,25
1,<environment.Job instance at 0x7f2ba8555690>,27,12,[12  5],28,-1,47,-1,35
1,<environment.Job instance at 0x7f2ba8555870>,28,12,[ 3 12],29,-1,47,-1,35
1,<environment.Job instance at 0x7f2ba8683be0>,31,25,[ 2 14],32,-1,62,-1,37
1,<environment.Job instance at 0x7f2ba8683550>,37,16,[12  2],38,-1,69,-1,53
1,<environment.Job instance at 0x7f2ba8683aa0>,38,2,[ 2 13],39,-1,55,-1,53
1,<environment.Job instance at 0x7f2ba8683230>,39,27,[5 5],40,-1,80,-1,53
1,<environment.Job instance at 0x7f2ba8683a50>,45,2,[12  1],46,-1,68,-1,66
1,<environment.Job instance at 0x7f2ba86832d0>,46,27,[ 5 11],47,-1,93,-1,66
1,<environment.Job instance at 0x7f2ba75295f0>,49,19,[ 4 13],50,-1,98,-1,79
1,<environment.Job instance at 0x7f2ba75290f0>,50,25,[11  3],51,-1,104,-1,79
1,<environment.Job instance at 0x7f2ba8bb9910>,3,18,[2 5],4,-1,23,-1,5
1,<environment.Job instance at 0x7f2ba804f320>,7,19,[10  4],8,-1,27,-1,8
1,<environment.Job instance at 0x7f2ba804f280>,9,24,[8 2],10,-1,34,-1,10
1,<environment.Job instance at 0x7f2ba804f5a0>,10,25,[5 8],11,-1,36,-1,11
1,<environment.Job instance at 0x7f2ba804f910>,16,23,[5 3],17,-1,41,-1,18
1,<environment.Job instance at 0x7f2ba804fc80>,21,18,[1 7],22,-1,46,-1,28
1,<environment.Job instance at 0x7f2ba804fe60>,22,19,[4 6],23,-1,47,-1,28
1,<environment.Job instance at 0x7f2ba7f8fcd0>,0,20,[ 5 13],1,-1,21,-1,1
1,<environment.Job instance at 0x7f2ba7f8fe10>,1,1,[ 5 13],2,-1,3,-1,2
1,<environment.Job instance at 0x7f2ba7f8fe60>,2,15,[ 3 13],3,-1,18,-1,3
1,<environment.Job instance at 0x7f2ba7529320>,9,24,[8 2],10,-1,46,-1,22
1,<environment.Job instance at 0x7f2ba7529870>,11,15,[11  2],12,-1,37,-1,22
1,<environment.Job instance at 0x7f2ba7529690>,12,15,[14  1],13,-1,37,-1,22
1,<environment.Job instance at 0x7f2ba7529190>,10,25,[5 8],11,-1,48,-1,23
1,<environment.Job instance at 0x7f2ba7529cd0>,15,23,[7 1],16,-1,46,-1,23
1,<environment.Job instance at 0x7f2ba7529c30>,16,23,[5 3],17,-1,46,-1,23
1,<environment.Job instance at 0x7f2ba7529b90>,17,26,[1 7],18,-1,49,-1,23
1,<environment.Job instance at 0x7f2ba7529820>,13,25,[ 2 10],14,-1,48,-1,23
1,<environment.Job instance at 0x7f2ba75294b0>,19,13,[ 2 12],20,-1,36,-1,23
1,<environment.Job instance at 0x7f2ba7529910>,20,27,[ 1 14],21,-1,50,-1,23
1,<environment.Job instance at 0x7f2ba7529b40>,23,28,[ 5 13],24,-1,52,-1,24
1,<environment.Job instance at 0x7f2ba8683aa0>,31,1,[ 2 13],32,-1,41,-1,40
1,<environment.Job instance at 0x7f2ba8683b40>,37,2,[11  1],38,-1,59,-1,57
1,<environment.Job instance at 0x7faee9294d20>,5,24,[1 5],6,-1,30,-1,6
1,<environment.Job instance at 0x7faee9294e60>,7,25,[6 2],8,-1,33,-1,8
1,<environment.Job instance at 0x7faee9294eb0>,9,18,[ 2 13],10,-1,39,-1,21
1,<environment.Job instance at 0x7faee92984b0>,15,18,[2 8],16,-1,39,-1,21
1,<environment.Job instance at 0x7faee92a19b0>,0,28,[9 3],1,-1,29,-1,1
1,<environment.Job instance at 0x7faee92a1a50>,1,22,[11  3],2,-1,24,-1,2
1,<environment.Job instance at 0x7faee92a1af0>,3,3,[ 4 14],4,-1,7,-1,4
1,<environment.Job instance at 0x7faee92a1eb0>,8,22,[14  3],9,-1,31,-1,9
1,<environment.Job instance at 0x7faee92a1f50>,9,18,[ 2 13],10,-1,28,-1,10
1,<environment.Job instance at 0x7faee92a50f0>,10,18,[ 3 11],11,-1,29,-1,11
1,<environment.Job instance at 0x7faee92a53c0>,13,28,[ 4 14],14,-1,42,-1,14
1,<environment.Job instance at 0x7faee92a1b90>,5,24,[1 5],6,-1,43,-1,19
1,<environment.Job instance at 0x7faee92a1f00>,7,25,[6 2],8,-1,50,-1,25
1,<environment.Job instance at 0x7faee92a5280>,17,28,[ 5 10],18,-1,54,-1,26
1,<environment.Job instance at 0x7faee92a5500>,18,3,[ 4 13],19,-1,29,-1,26
1,<environment.Job instance at 0x7faee92a5640>,19,14,[ 3 11],20,-1,40,-1,26
1,<environment.Job instance at 0x7faee92a56e0>,20,1,[13  5],21,-1,27,-1,26
1,<environment.Job instance at 0x7faee92a5820>,23,27,[ 1 14],24,-1,53,-1,26
1,<environment.Job instance at 0x7faee92a5af0>,25,27,[8 1],26,-1,67,-1,40
1,<environment.Job instance at 0x7faee92a5be0>,26,26,[5 5],27,-1,69,-1,43
1,<environment.Job instance at 0x7faee92a5730>,29,25,[ 4 11],30,-1,68,-1,43
1,<environment.Job instance at 0x7faee92a5fa0>,30,22,[ 5 13],31,-1,65,-1,43
1,<environment.Job instance at 0x7faee92a5e60>,28,25,[5 7],29,-1,68,-1,43
1,<environment.Job instance at 0x7faee92a70a0>,33,1,[11  3],34,-1,44,-1,43
1,<environment.Job instance at 0x7faee92a5f00>,31,27,[4 8],32,-1,72,-1,45
1,<environment.Job instance at 0x7faee92a7320>,37,13,[ 3 14],38,-1,58,-1,45
1,<environment.Job instance at 0x7faee92a73c0>,38,28,[ 2 12],39,-1,73,-1,45
1,<environment.Job instance at 0x7faee92c5d70>,40,24,[5 6],41,-1,71,-1,47
1,<environment.Job instance at 0x7faee92d3640>,42,27,[5 2],43,-1,74,-1,47
1,<environment.Job instance at 0x7faee943e5f0>,45,24,[ 1 13],46,-1,80,-1,56
1,<environment.Job instance at 0x7faee92dd730>,47,17,[12  2],48,-1,80,-1,63
1,<environment.Job instance at 0x7faee9435aa0>,50,16,[ 2 11],51,-1,87,-1,71
1,<environment.Job instance at 0x7faee928cb90>,51,16,[12  2],52,-1,87,-1,71
1,<environment.Job instance at 0x7faee928ca00>,53,27,[8 5],54,-1,103,-1,76
1,<environment.Job instance at 0x7faee928c8c0>,55,13,[13  1],56,-1,89,-1,76
1,<environment.Job instance at 0x7faee89d58c0>,7,17,[3 5],8,-1,26,-1,9
1,<environment.Job instance at 0x7faee89d5050>,10,19,[8 2],11,-1,30,-1,11
1,<environment.Job instance at 0x7faee89da050>,12,27,[5 6],13,-1,40,-1,13
1,<environment.Job instance at 0x7faee92a1960>,1,14,[ 2 13],2,-1,16,-1,2
1,<environment.Job instance at 0x7faee8ab5460>,6,25,[8 5],7,-1,32,-1,7
1,<environment.Job instance at 0x7faee8ab5c30>,8,22,[ 3 11],9,-1,31,-1,9
1,<environment.Job instance at 0x7faee8ab56e0>,9,12,[ 5 14],10,-1,22,-1,10
1,<environment.Job instance at 0x7faee8abac30>,13,24,[12  3],14,-1,38,-1,14
1,<environment.Job instance at 0x7faee8aba230>,14,22,[12  5],15,-1,37,-1,15
1,<environment.Job instance at 0x7faee8aba500>,15,18,[12  4],16,-1,34,-1,16
1,<environment.Job instance at 0x7faee8aba460>,16,17,[ 5 13],17,-1,34,-1,17
1,<environment.Job instance at 0x7faee8ab7640>,17,23,[14  4],18,-1,41,-1,18
1,<environment.Job instance at 0x7faee8abadc0>,12,27,[5 6],13,-1,46,-1,19
1,<environment.Job instance at 0x7faee8ab7af0>,22,26,[ 5 12],23,-1,49,-1,23
1,<environment.Job instance at 0x7faee8ab7230>,24,15,[12  1],25,-1,40,-1,25
1,<environment.Job instance at 0x7faee8a46370>,25,14,[ 2 11],26,-1,40,-1,26
1,<environment.Job instance at 0x7faee8a4ec30>,27,3,[ 1 12],28,-1,34,-1,31
1,<environment.Job instance at 0x7faee8a433c0>,29,14,[ 3 14],30,-1,53,-1,39
1,<environment.Job instance at 0x7faee8a4af00>,33,24,[ 2 14],34,-1,72,-1,48
1,<environment.Job instance at 0x7faee8a4a1e0>,35,1,[ 3 12],36,-1,61,-1,60
1,<environment.Job instance at 0x7faee8a4a050>,36,18,[13  4],37,-1,78,-1,60
1,<environment.Job instance at 0x7faee8a58af0>,37,1,[ 4 11],38,-1,61,-1,60
1,<environment.Job instance at 0x7faee8a58640>,38,23,[ 2 14],39,-1,83,-1,60
1,<environment.Job instance at 0x7faee8a4ae10>,32,27,[2 6],33,-1,87,-1,60
1,<environment.Job instance at 0x7faee8a55c80>,44,28,[5 6],45,-1,103,-1,75
1,<environment.Job instance at 0x7faee8ad8cd0>,46,19,[11  3],47,-1,94,-1,75
1,<environment.Job instance at 0x7faee8ad8c80>,47,20,[14  5],48,-1,95,-1,75
1,<environment.Job instance at 0x7faee8a52820>,49,3,[ 1 12],50,-1,82,-1,79
1,<environment.Job instance at 0x7faee8a524b0>,50,16,[ 2 14],51,-1,95,-1,79
1,<environment.Job instance at 0x7faee8914d20>,0,26,[10  5],1,-1,27,-1,1
1,<environment.Job instance at 0x7faee8889a00>,8,21,[9 4],9,-1,31,-1,10
1,<environment.Job instance at 0x7faee8889a50>,10,18,[10  3],11,-1,29,-1,11
1,<environment.Job instance at 0x7faee8889230>,17,20,[5 3],18,-1,38,-1,18
1,<environment.Job instance at 0x7faee8887eb0>,19,21,[6 1],20,-1,41,-1,20
1,<environment.Job instance at 0x7faee8887500>,22,24,[7 5],23,-1,54,-1,30
1,<environment.Job instance at 0x7faee8914370>,9,12,[9 3],10,-1,42,-1,30
1,<environment.Job instance at 0x7faee8884460>,30,20,[ 3 13],31,-1,51,-1,31
1,<environment.Job instance at 0x7faee88872d0>,25,28,[9 2],26,-1,68,-1,40
1,<environment.Job instance at 0x7faee8884d70>,34,13,[9 4],35,-1,53,-1,40
1,<environment.Job instance at 0x7faee88846e0>,36,17,[3 8],37,-1,57,-1,40
1,<environment.Job instance at 0x7faee8884dc0>,37,19,[10  5],38,-1,61,-1,42
1,<environment.Job instance at 0x7faee8884500>,38,17,[11  3],39,-1,59,-1,42
1,<environment.Job instance at 0x7faee88ff820>,39,14,[ 1 10],40,-1,56,-1,42
1,<environment.Job instance at 0x7faee8889c30>,0,26,[10  5],1,-1,27,-1,1
1,<environment.Job instance at 0x7faee88e9820>,3,2,[13  3],4,-1,6,-1,4
1,<environment.Job instance at 0x7faee8884370>,4,21,[ 4 12],5,-1,26,-1,5
1,<environment.Job instance at 0x7faee8887f50>,7,27,[2 9],8,-1,42,-1,15
1,<environment.Job instance at 0x7faee89140a0>,11,17,[12  2],12,-1,32,-1,15
1,<environment.Job instance at 0x7faee89142d0>,12,28,[2 8],13,-1,43,-1,15
1,<environment.Job instance at 0x7faee891caf0>,22,24,[7 5],23,-1,59,-1,35
1,<environment.Job instance at 0x7faee891c3c0>,25,28,[9 2],26,-1,69,-1,41
1,<environment.Job instance at 0x7faee891cb40>,24,28,[2 7],25,-1,76,-1,48
1,<environment.Job instance at 0x7faee891c5a0>,30,20,[ 3 13],31,-1,68,-1,48
1,<environment.Job instance at 0x7faee891c410>,31,1,[ 2 14],32,-1,49,-1,48
1,<environment.Job instance at 0x7faee891c370>,32,2,[12  2],33,-1,50,-1,48
1,<environment.Job instance at 0x7faee891cf50>,35,16,[11  1],36,-1,66,-1,50
1,<environment.Job instance at 0x7faee89925a0>,38,17,[11  3],39,-1,70,-1,53
1,<environment.Job instance at 0x7faee8992730>,40,25,[6 2],41,-1,91,-1,66
1,<environment.Job instance at 0x7faee89923c0>,41,18,[12  4],42,-1,84,-1,66
1,<environment.Job instance at 0x7faee8992be0>,43,26,[11  5],44,-1,92,-1,66
1,<environment.Job instance at 0x7faee8992910>,47,15,[13  5],48,-1,95,-1,80
1,<environment.Job instance at 0x7faee8e24370>,14,18,[11  3],15,-1,55,-1,37
1,<environment.Job instance at 0x7faee8da3870>,8,16,[10  3],9,-1,53,-1,37
1,<environment.Job instance at 0x7faee899ae10>,1,17,[12  5],2,-1,19,-1,2
1,<environment.Job instance at 0x7faee899ac80>,2,12,[13  5],3,-1,15,-1,3
1,<environment.Job instance at 0x7faee8992b90>,7,15,[ 2 14],8,-1,23,-1,8
1,<environment.Job instance at 0x7faee8992d20>,4,25,[1 5],5,-1,39,-1,14
1,<environment.Job instance at 0x7faee89925f0>,10,14,[14  5],11,-1,28,-1,14
1,<environment.Job instance at 0x7faee8992820>,11,13,[ 5 13],12,-1,27,-1,14
1,<environment.Job instance at 0x7faee89927d0>,14,18,[11  3],15,-1,33,-1,15
1,<environment.Job instance at 0x7faee89923c0>,16,25,[5 2],17,-1,42,-1,17
1,<environment.Job instance at 0x7faee8992d70>,18,28,[5 3],19,-1,51,-1,23
1,<environment.Job instance at 0x7faee8992910>,20,2,[ 1 11],21,-1,25,-1,23
1,<environment.Job instance at 0x7faee8992370>,22,25,[9 5],23,-1,54,-1,29
1,<environment.Job instance at 0x7faee891c320>,23,24,[7 4],24,-1,53,-1,29
1,<environment.Job instance at 0x7faee891cd70>,28,16,[11  4],29,-1,62,-1,46
1,<environment.Job instance at 0x7faee891cc80>,30,25,[4 5],31,-1,78,-1,53
1,<environment.Job instance at 0x7faee891c280>,31,25,[6 3],32,-1,78,-1,53
1,<environment.Job instance at 0x7faee891c190>,32,2,[11  1],33,-1,55,-1,53
1,<environment.Job instance at 0x7faee891c3c0>,34,13,[12  4],35,-1,66,-1,53
1,<environment.Job instance at 0x7faee891caf0>,36,13,[ 1 13],37,-1,66,-1,53
1,<environment.Job instance at 0x7faee891c780>,37,26,[ 1 13],38,-1,79,-1,53
1,<environment.Job instance at 0x7faee891c0f0>,39,16,[11  1],40,-1,77,-1,61
1,<environment.Job instance at 0x7faee8884e10>,40,14,[14  2],41,-1,75,-1,61
1,<environment.Job instance at 0x7faee8b314b0>,44,25,[2 8],45,-1,97,-1,72
1,<environment.Job instance at 0x7faee8a0d190>,46,2,[ 5 13],47,-1,74,-1,72
1,<environment.Job instance at 0x7faee8d9d0f0>,47,24,[2 7],48,-1,96,-1,72
1,<environment.Job instance at 0x7faee8a0daa0>,48,16,[11  2],49,-1,88,-1,72
1,<environment.Job instance at 0x7faee8a0dcd0>,49,22,[ 2 12],50,-1,94,-1,72
1,<environment.Job instance at 0x7faee8890730>,53,18,[12  1],54,-1,97,-1,79
1,<environment.Job instance at 0x7faee8caacd0>,0,17,[7 5],1,-1,18,-1,1
1,<environment.Job instance at 0x7faee9139f50>,2,21,[4 8],3,-1,24,-1,3
1,<environment.Job instance at 0x7faee9139190>,3,15,[4 6],4,-1,19,-1,4
1,<environment.Job instance at 0x7faee9139dc0>,4,21,[3 8],5,-1,26,-1,5
1,<environment.Job instance at 0x7faee9139230>,7,18,[1 5],8,-1,27,-1,9
1,<environment.Job instance at 0x7faee899a6e0>,8,20,[14  4],9,-1,29,-1,9
1,<environment.Job instance at 0x7faee910a0a0>,10,27,[ 4 10],11,-1,38,-1,11
1,<environment.Job instance at 0x7faee8d8e320>,8,20,[14  4],9,-1,34,-1,14
1,<environment.Job instance at 0x7faee8d94190>,5,25,[ 5 10],6,-1,39,-1,14
1,<environment.Job instance at 0x7faee8d8e5f0>,10,27,[ 4 10],11,-1,41,-1,14
1,<environment.Job instance at 0x7faee8d8e550>,11,25,[12  4],12,-1,39,-1,14
1,<environment.Job instance at 0x7faee8d8e190>,13,27,[3 8],14,-1,43,-1,16
1,<environment.Job instance at 0x7faee8d8e460>,14,13,[11  5],15,-1,29,-1,16
1,<environment.Job instance at 0x7faee8d8e0f0>,15,24,[8 4],16,-1,40,-1,16
1,<environment.Job instance at 0x7faee924fc30>,18,3,[13  2],19,-1,32,-1,29
1,<environment.Job instance at 0x7faee924fa00>,21,17,[12  4],22,-1,48,-1,31
1,<environment.Job instance at 0x7faee8890af0>,25,3,[12  3],26,-1,39,-1,36
1,<environment.Job instance at 0x7faee8890730>,26,12,[ 5 14],27,-1,48,-1,36
1,<environment.Job instance at 0x7faee8d9d0f0>,30,26,[9 4],31,-1,96,-1,70
1,<environment.Job instance at 0x7faee8cab320>,34,22,[ 1 12],35,-1,92,-1,70
1,<environment.Job instance at 0x7faee8cab550>,36,26,[ 3 12],37,-1,96,-1,70
1,<environment.Job instance at 0x7faee891c6e0>,37,1,[ 2 14],38,-1,71,-1,70
1,<environment.Job instance at 0x7faee891cd20>,41,2,[ 2 14],42,-1,91,-1,89
1,<environment.Job instance at 0x7faee891ceb0>,42,17,[ 5 14],43,-1,106,-1,89
1,<environment.Job instance at 0x7faee891c0a0>,43,3,[ 2 11],44,-1,92,-1,89
1,<environment.Job instance at 0x7faee891c550>,45,2,[12  2],46,-1,91,-1,89
1,<environment.Job instance at 0x7faee891c820>,47,17,[14  5],48,-1,106,-1,89
1,<environment.Job instance at 0x7faee891c960>,48,2,[13  3],49,-1,91,-1,89
1,<environment.Job instance at 0x7faee891c5a0>,49,22,[12  3],50,-1,111,-1,89
1,<environment.Job instance at 0x7faee90b2500>,0,16,[10  4],1,-1,18,-1,2
1,<environment.Job instance at 0x7faee8d13e60>,4,19,[8 2],5,-1,24,-1,5
1,<environment.Job instance at 0x7faee8d13eb0>,6,17,[7 4],7,-1,24,-1,7
1,<environment.Job instance at 0x7faee8d13aa0>,9,21,[9 2],10,-1,31,-1,10
1,<environment.Job instance at 0x7faee8d13500>,11,16,[ 5 11],12,-1,28,-1,12
1,<environment.Job instance at 0x7faee8d13460>,13,16,[6 3],14,-1,30,-1,14
1,<environment.Job instance at 0x7faee8ffe640>,14,25,[3 8],15,-1,40,-1,15
1,<environment.Job instance at 0x7faee8ffeaa0>,15,28,[2 8],16,-1,44,-1,16
1,<environment.Job instance at 0x7faee8ffecd0>,17,27,[9 3],18,-1,45,-1,18
1,<environment.Job instance at 0x7faee8ffe910>,19,19,[7 4],20,-1,39,-1,20
1,<environment.Job instance at 0x7faee8ffed20>,20,12,[ 3 12],21,-1,33,-1,21
1,<environment.Job instance at 0x7faee8ffe3c0>,22,17,[8 5],23,-1,40,-1,23
1,<environment.Job instance at 0x7faee8da8b90>,1,18,[ 4 13],2,-1,44,-1,26
1,<environment.Job instance at 0x7faee910ae10>,1,18,[ 4 13],2,-1,20,-1,2
1,<environment.Job instance at 0x7faee9139aa0>,2,23,[11  2],3,-1,26,-1,3
1,<environment.Job instance at 0x7faee8ffbeb0>,3,1,[11  5],4,-1,5,-1,4
1,<environment.Job instance at 0x7faee8da3960>,5,19,[14  4],6,-1,25,-1,6
1,<environment.Job instance at 0x7faee8d13910>,7,14,[ 5 11],8,-1,22,-1,8
1,<environment.Job instance at 0x7faefa718500>,10,18,[14  2],11,-1,29,-1,11
1,<environment.Job instance at 0x7faee8ffe5a0>,11,16,[ 5 11],12,-1,28,-1,12
1,<environment.Job instance at 0x7faee8ff0140>,14,25,[3 8],15,-1,42,-1,17
1,<environment.Job instance at 0x7faee9a85f00>,15,28,[2 8],16,-1,45,-1,17
1,<environment.Job instance at 0x7faee9a85be0>,16,3,[ 5 14],17,-1,20,-1,17
1,<environment.Job instance at 0x7faee9a851e0>,18,15,[13  3],19,-1,34,-1,19
1,<environment.Job instance at 0x7faee9a85410>,17,27,[9 3],18,-1,56,-1,29
1,<environment.Job instance at 0x7faee9a85c80>,20,12,[ 3 12],21,-1,41,-1,29
1,<environment.Job instance at 0x7faee9a855f0>,21,1,[ 3 11],22,-1,30,-1,29
1,<environment.Job instance at 0x7faee9a85b90>,25,12,[ 2 12],26,-1,41,-1,29
1,<environment.Job instance at 0x7faee9a85eb0>,26,27,[ 1 13],27,-1,56,-1,29
1,<environment.Job instance at 0x7faee91210a0>,30,2,[13  5],31,-1,33,-1,31
1,<environment.Job instance at 0x7faee9121320>,33,24,[11  3],34,-1,68,-1,44
1,<environment.Job instance at 0x7faee9121690>,34,18,[13  3],35,-1,62,-1,44
1,<environment.Job instance at 0x7faee8c4f320>,37,23,[10  3],38,-1,103,-1,80
1,<environment.Job instance at 0x7faee8d37c80>,0,22,[5 9],1,-1,23,-1,1
1,<environment.Job instance at 0x7faee8c8cf00>,4,19,[6 3],5,-1,24,-1,5
1,<environment.Job instance at 0x7faee8cc1050>,6,14,[8 5],7,-1,21,-1,7
1,<environment.Job instance at 0x7faee8cc1230>,7,17,[2 5],8,-1,25,-1,8
1,<environment.Job instance at 0x7faee90ac910>,9,13,[3 9],10,-1,23,-1,10
1,<environment.Job instance at 0x7faee8cc1320>,11,1,[10  5],12,-1,13,-1,12
1,<environment.Job instance at 0x7faee8cc14b0>,12,26,[ 4 10],13,-1,39,-1,13
1,<environment.Job instance at 0x7faee8cc1550>,13,2,[ 4 11],14,-1,16,-1,14
1,<environment.Job instance at 0x7faee8cc1aa0>,21,20,[2 9],22,-1,100,-1,80
1,<environment.Job instance at 0x7faee8c8d320>,31,18,[11  5],32,-1,98,-1,80
1,<environment.Job instance at 0x7faee8c80050>,2,1,[ 4 14],3,-1,4,-1,3
1,<environment.Job instance at 0x7faee913ec80>,3,25,[12  3],4,-1,29,-1,4
1,<environment.Job instance at 0x7faee913e410>,8,2,[ 5 14],9,-1,11,-1,9
1,<environment.Job instance at 0x7faee913ebe0>,10,1,[ 5 14],11,-1,24,-1,23
1,<environment.Job instance at 0x7faee91044b0>,13,2,[ 4 11],14,-1,26,-1,24
1,<environment.Job instance at 0x7faee9104280>,14,14,[ 5 12],15,-1,38,-1,24
1,<environment.Job instance at 0x7faee9104fa0>,15,24,[ 5 11],16,-1,48,-1,24
1,<environment.Job instance at 0x7faee91040f0>,16,25,[7 3],17,-1,50,-1,25
1,<environment.Job instance at 0x7faee9104410>,17,18,[11  5],18,-1,43,-1,25
1,<environment.Job instance at 0x7faee9104b40>,12,26,[ 4 10],13,-1,62,-1,36
1,<environment.Job instance at 0x7faee91042d0>,19,27,[1 5],20,-1,63,-1,36
1,<environment.Job instance at 0x7faee9104640>,22,17,[ 2 13],23,-1,53,-1,36
1,<environment.Job instance at 0x7faee9104d70>,23,27,[12  4],24,-1,63,-1,36
1,<environment.Job instance at 0x7faee91043c0>,27,12,[ 5 12],28,-1,60,-1,48
1,<environment.Job instance at 0x7faee90ad640>,28,14,[14  1],29,-1,62,-1,48
1,<environment.Job instance at 0x7faee90ad6e0>,30,14,[12  4],31,-1,65,-1,51
1,<environment.Job instance at 0x7faee90ad960>,31,18,[11  5],32,-1,69,-1,51
1,<environment.Job instance at 0x7faee90ad690>,33,12,[14  4],34,-1,73,-1,61
1,<environment.Job instance at 0x7faee90ad140>,35,25,[8 1],36,-1,88,-1,63
1,<environment.Job instance at 0x7faee9126cd0>,37,21,[ 5 14],38,-1,84,-1,63
1,<environment.Job instance at 0x7faee8bd3870>,4,15,[10  3],5,-1,21,-1,6
1,<environment.Job instance at 0x7faee8bd35a0>,7,13,[9 4],8,-1,21,-1,8
1,<environment.Job instance at 0x7faee8bd33c0>,8,25,[6 1],9,-1,34,-1,9
1,<environment.Job instance at 0x7faee8b3a910>,11,27,[5 1],12,-1,39,-1,12
1,<environment.Job instance at 0x7faee8b3aaf0>,12,21,[1 6],13,-1,34,-1,13
1,<environment.Job instance at 0x7faee8e105a0>,0,16,[14  3],1,-1,17,-1,1
1,<environment.Job instance at 0x7faee8de3dc0>,6,21,[12  5],7,-1,28,-1,7
1,<environment.Job instance at 0x7faee8fdc3c0>,9,24,[11  4],10,-1,34,-1,10
1,<environment.Job instance at 0x7faee8fdc050>,8,25,[6 1],9,-1,42,-1,17
1,<environment.Job instance at 0x7faee8cab320>,11,27,[5 1],12,-1,44,-1,17
1,<environment.Job instance at 0x7faee9a85230>,13,17,[14  5],14,-1,34,-1,17
1,<environment.Job instance at 0x7faee9a85780>,17,13,[13  1],18,-1,35,-1,22
1,<environment.Job instance at 0x7faee9a85370>,16,25,[8 3],17,-1,51,-1,26
1,<environment.Job instance at 0x7faee9a85550>,21,19,[12  1],22,-1,54,-1,35
1,<environment.Job instance at 0x7faee8c4f500>,25,13,[ 2 12],26,-1,66,-1,53
1,<environment.Job instance at 0x7faee8c4f320>,27,26,[9 3],28,-1,80,-1,54
1,<environment.Job instance at 0x7faee8c4f460>,28,26,[ 1 12],29,-1,80,-1,54
1,<environment.Job instance at 0x7faee8c4f8c0>,29,28,[3 6],30,-1,82,-1,54
1,<environment.Job instance at 0x7faee90ad140>,31,12,[11  1],32,-1,66,-1,54
1,<environment.Job instance at 0x7faee90ad780>,33,15,[13  2],34,-1,69,-1,54
1,<environment.Job instance at 0x7faee90ad2d0>,34,17,[12  3],35,-1,71,-1,54
1,<environment.Job instance at 0x7faee90ad960>,35,2,[ 4 12],36,-1,56,-1,54
1,<environment.Job instance at 0x7faee8c4f0f0>,26,25,[ 5 10],27,-1,90,-1,65
1,<environment.Job instance at 0x7faee90ada00>,37,28,[3 6],38,-1,93,-1,65
1,<environment.Job instance at 0x7faee91043c0>,39,19,[13  1],40,-1,84,-1,65
1,<environment.Job instance at 0x7faee9104e60>,44,28,[6 5],45,-1,113,-1,85
1,<environment.Job instance at 0x7faee8c64050>,0,18,[9 5],1,-1,19,-1,1
1,<environment.Job instance at 0x7faee8c640a0>,2,28,[2 6],3,-1,31,-1,3
1,<environment.Job instance at 0x7faee9bee820>,5,17,[6 5],6,-1,23,-1,6
1,<environment.Job instance at 0x7faee9bee230>,8,16,[ 5 10],9,-1,25,-1,9
1,<environment.Job instance at 0x7faee8ec7e60>,1,28,[ 5 12],2,-1,30,-1,2
1,<environment.Job instance at 0x7faee92988c0>,2,28,[2 6],3,-1,31,-1,3
1,<environment.Job instance at 0x7faee950d6e0>,4,28,[ 1 11],5,-1,33,-1,5
1,<environment.Job instance at 0x7faee927b9b0>,6,23,[11  3],7,-1,30,-1,7
1,<environment.Job instance at 0x7faee927bcd0>,7,14,[13  5],8,-1,22,-1,8
1,<environment.Job instance at 0x7faee9a98780>,11,13,[12  5],12,-1,25,-1,12
1,<environment.Job instance at 0x7faee9a98cd0>,13,16,[11  4],14,-1,35,-1,19
1,<environment.Job instance at 0x7faee8da8410>,14,3,[ 5 14],15,-1,22,-1,19
1,<environment.Job instance at 0x7faee8da8050>,15,27,[6 1],16,-1,47,-1,20
1,<environment.Job instance at 0x7faee9be5f50>,18,3,[13  4],19,-1,23,-1,20
1,<environment.Job instance at 0x7faee8b5c1e0>,21,27,[5 1],22,-1,50,-1,23
1,<environment.Job instance at 0x7faee9be57d0>,26,12,[14  1],27,-1,65,-1,53
1,<environment.Job instance at 0x7faee8b3a5a0>,27,18,[ 3 13],28,-1,71,-1,53
1,<environment.Job instance at 0x7faee8b3a6e0>,30,22,[ 1 12],31,-1,77,-1,55
1,<environment.Job instance at 0x7faee8b3ad20>,32,3,[ 4 11],33,-1,61,-1,58
1,<environment.Job instance at 0x7faee8b3a640>,33,25,[5 6],34,-1,95,-1,70
1,<environment.Job instance at 0x7faee9104140>,34,26,[ 3 12],35,-1,96,-1,70
1,<environment.Job instance at 0x7faee91048c0>,35,2,[ 4 13],36,-1,72,-1,70
1,<environment.Job instance at 0x7faee9104eb0>,38,20,[ 4 14],39,-1,93,-1,73
1,<environment.Job instance at 0x7faee9104280>,37,27,[5 7],38,-1,113,-1,86
1,<environment.Job instance at 0x7faee91041e0>,41,23,[11  4],42,-1,109,-1,86
1,<environment.Job instance at 0x7faee8dba500>,1,13,[9 3],2,-1,16,-1,3
1,<environment.Job instance at 0x7faee8dbae10>,3,15,[3 8],4,-1,19,-1,4
1,<environment.Job instance at 0x7faee8dba8c0>,8,27,[4 9],9,-1,36,-1,9
1,<environment.Job instance at 0x7faee9280410>,11,16,[2 8],12,-1,28,-1,12
1,<environment.Job instance at 0x7faee9280690>,12,25,[2 7],13,-1,38,-1,13
1,<environment.Job instance at 0x7faee9008140>,13,17,[8 1],14,-1,31,-1,14
1,<environment.Job instance at 0x7faee9008be0>,14,12,[11  5],15,-1,27,-1,15
1,<environment.Job instance at 0x7faee9008cd0>,15,21,[9 4],16,-1,37,-1,16
1,<environment.Job instance at 0x7faee9008550>,16,20,[5 9],17,-1,37,-1,17
1,<environment.Job instance at 0x7faee9008b40>,18,14,[5 4],19,-1,33,-1,19
1,<environment.Job instance at 0x7faef2468d20>,0,1,[ 5 12],1,-1,2,-1,1
1,<environment.Job instance at 0x7faef2468cd0>,2,16,[ 2 13],3,-1,19,-1,3
1,<environment.Job instance at 0x7faee8f74280>,5,13,[14  1],6,-1,19,-1,6
1,<environment.Job instance at 0x7faee9887230>,6,3,[ 5 13],7,-1,10,-1,7
1,<environment.Job instance at 0x7faee92c7e10>,7,20,[ 2 13],8,-1,28,-1,8
1,<environment.Job instance at 0x7faee8f74c80>,9,3,[ 2 13],10,-1,13,-1,10
1,<environment.Job instance at 0x7faee92c7e60>,10,2,[ 4 12],11,-1,13,-1,11
1,<environment.Job instance at 0x7faee9503dc0>,12,25,[2 7],13,-1,40,-1,15
1,<environment.Job instance at 0x7faee9999a00>,14,12,[11  5],15,-1,27,-1,15
1,<environment.Job instance at 0x7faee8b3a6e0>,17,21,[12  5],18,-1,40,-1,19
1,<environment.Job instance at 0x7faee92c7dc0>,8,27,[4 9],9,-1,46,-1,19
1,<environment.Job instance at 0x7faee8b3ad70>,19,20,[11  5],20,-1,40,-1,20
1,<environment.Job instance at 0x7faee8b3a7d0>,22,28,[5 7],23,-1,56,-1,28
1,<environment.Job instance at 0x7faee8b3a410>,23,12,[ 4 11],24,-1,40,-1,28
1,<environment.Job instance at 0x7faee8c715a0>,24,25,[13  4],25,-1,53,-1,28
1,<environment.Job instance at 0x7faee8c71140>,25,21,[ 1 12],26,-1,49,-1,28
1,<environment.Job instance at 0x7faee8c71820>,27,22,[13  5],28,-1,50,-1,28
1,<environment.Job instance at 0x7faee90e9d70>,28,28,[13  2],29,-1,57,-1,29
1,<environment.Job instance at 0x7faee8f0b870>,30,24,[7 3],31,-1,70,-1,46
1,<environment.Job instance at 0x7faee9041fa0>,32,26,[5 8],33,-1,91,-1,65
1,<environment.Job instance at 0x7faee963b690>,34,23,[1 5],35,-1,88,-1,65
1,<environment.Job instance at 0x7faee87200f0>,36,2,[ 5 13],37,-1,67,-1,65
1,<environment.Job instance at 0x7faee8720e10>,37,13,[ 1 14],38,-1,78,-1,65
1,<environment.Job instance at 0x7faee8cc8aa0>,40,21,[13  2],41,-1,98,-1,77
1,<environment.Job instance at 0x7faee8a13280>,42,18,[ 2 11],43,-1,96,-1,78
1,<environment.Job instance at 0x7faee9386be0>,44,3,[11  2],45,-1,83,-1,80
1,<environment.Job instance at 0x7faee9843eb0>,45,3,[14  5],46,-1,83,-1,80
1,<environment.Job instance at 0x7faee86264b0>,1,25,[4 9],2,-1,29,-1,4
1,<environment.Job instance at 0x7faee9bea8c0>,8,20,[5 6],9,-1,29,-1,9
1,<environment.Job instance at 0x7faee9beabe0>,10,14,[3 8],11,-1,25,-1,11
1,<environment.Job instance at 0x7faee9216730>,11,16,[6 5],12,-1,28,-1,12
1,<environment.Job instance at 0x7faee8d34960>,16,12,[10  1],17,-1,35,-1,23
1,<environment.Job instance at 0x7faee86261e0>,3,14,[13  3],4,-1,44,-1,30
1,<environment.Job instance at 0x7faee92161e0>,9,15,[10  1],10,-1,45,-1,30
1,<environment.Job instance at 0x7faee92b8910>,18,16,[9 2],19,-1,46,-1,30
1,<environment.Job instance at 0x7faee92b8370>,17,21,[1 7],18,-1,51,-1,30
1,<environment.Job instance at 0x7faee95cf0a0>,20,17,[ 2 14],21,-1,47,-1,30
1,<environment.Job instance at 0x7faee915cbe0>,15,20,[3 7],16,-1,51,-1,31
1,<environment.Job instance at 0x7faef2664370>,26,17,[ 1 12],27,-1,48,-1,31
1,<environment.Job instance at 0x7faef2664a50>,25,17,[14  2],26,-1,48,-1,31
1,<environment.Job instance at 0x7faee8bb5af0>,29,27,[11  4],30,-1,58,-1,31
1,<environment.Job instance at 0x7faee8ff55f0>,30,15,[ 2 13],31,-1,46,-1,31
1,<environment.Job instance at 0x7faee985ec30>,33,16,[11  3],34,-1,50,-1,34
1,<environment.Job instance at 0x7faee99ad500>,27,17,[9 2],28,-1,52,-1,35
1,<environment.Job instance at 0x7faee9244fa0>,34,25,[6 2],35,-1,61,-1,36
1,<environment.Job instance at 0x7faee9244550>,36,23,[8 2],37,-1,60,-1,37
1,<environment.Job instance at 0x7faee9a29320>,40,26,[2 7],41,-1,67,-1,41
1,<environment.Job instance at 0x7faee92f95f0>,42,17,[8 3],43,-1,60,-1,43
1,<environment.Job instance at 0x7faee9244780>,35,17,[13  1],36,-1,64,-1,47
1,<environment.Job instance at 0x7faee92f9550>,46,22,[7 2],47,-1,69,-1,47
1,<environment.Job instance at 0x7faee9244f00>,45,12,[14  3],46,-1,60,-1,48
1,<environment.Job instance at 0x7faee92f9870>,44,12,[4 8],45,-1,60,-1,48
1,<environment.Job instance at 0x7faee92f90f0>,48,27,[6 5],49,-1,76,-1,49
1,<environment.Job instance at 0x7faee8dee820>,49,14,[7 4],50,-1,64,-1,50
1,<environment.Job instance at 0x7faee87e0820>,52,16,[5 4],53,-1,69,-1,53
1,<environment.Job instance at 0x7faee92f9730>,47,18,[5 9],48,-1,72,-1,54
1,<environment.Job instance at 0x7faee9dae820>,59,19,[2 7],60,-1,81,-1,62
1,<environment.Job instance at 0x7faee9dae410>,60,24,[4 5],61,-1,87,-1,63
1,<environment.Job instance at 0x7faee8986a50>,56,19,[7 1],57,-1,85,-1,66
1,<environment.Job instance at 0x7faee92f9960>,43,24,[13  5],44,-1,90,-1,66
1,<environment.Job instance at 0x7faee9dae8c0>,63,25,[ 5 10],64,-1,91,-1,66
1,<environment.Job instance at 0x7faee8986280>,58,18,[9 2],59,-1,84,-1,66
1,<environment.Job instance at 0x7faee9756190>,0,17,[ 1 13],1,-1,18,-1,1
1,<environment.Job instance at 0x7faee9756d20>,1,25,[4 9],2,-1,27,-1,2
1,<environment.Job instance at 0x7faee9679410>,3,14,[13  3],4,-1,18,-1,4
1,<environment.Job instance at 0x7faee97c4dc0>,14,12,[11  4],15,-1,33,-1,21
1,<environment.Job instance at 0x7faee8a13280>,20,17,[ 2 14],21,-1,52,-1,35
1,<environment.Job instance at 0x7faee9386e10>,22,1,[13  4],23,-1,38,-1,37
1,<environment.Job instance at 0x7faee8cc8be0>,25,17,[14  2],26,-1,64,-1,47
1,<environment.Job instance at 0x7faee8f0b870>,26,17,[ 1 12],27,-1,64,-1,47
1,<environment.Job instance at 0x7faee963b280>,29,27,[11  4],30,-1,86,-1,59
1,<environment.Job instance at 0x7faee90410f0>,30,15,[ 2 13],31,-1,74,-1,59
1,<environment.Job instance at 0x7faee9041fa0>,33,16,[11  3],34,-1,78,-1,62
1,<environment.Job instance at 0x7faee90e9d70>,34,25,[6 2],35,-1,88,-1,63
1,<environment.Job instance at 0x7faee8c715a0>,35,17,[13  1],36,-1,80,-1,63
1,<environment.Job instance at 0x7faee8c71a00>,36,23,[8 2],37,-1,86,-1,63
1,<environment.Job instance at 0x7faee8b3a280>,37,26,[ 2 11],38,-1,89,-1,63
1,<environment.Job instance at 0x7faee8b3aaa0>,39,1,[11  4],40,-1,64,-1,63
1,<environment.Job instance at 0x7faee8b3a0f0>,40,26,[2 7],41,-1,90,-1,64
1,<environment.Job instance at 0x7faee8b3ac80>,43,24,[13  5],44,-1,88,-1,64
1,<environment.Job instance at 0x7faee8b3a6e0>,45,12,[14  3],46,-1,91,-1,79
1,<environment.Job instance at 0x7faee8a02d70>,5,22,[2 6],6,-1,28,-1,6
1,<environment.Job instance at 0x7faee8a026e0>,7,17,[7 4],8,-1,25,-1,8
1,<environment.Job instance at 0x7faee8a027d0>,8,23,[5 5],9,-1,32,-1,9
1,<environment.Job instance at 0x7faee8a02af0>,14,16,[4 9],15,-1,31,-1,15
1,<environment.Job instance at 0x7faef24e76e0>,17,14,[3 8],18,-1,33,-1,19
1,<environment.Job instance at 0x7faee90e8f00>,19,18,[5 9],20,-1,38,-1,20
1,<environment.Job instance at 0x7faee9869780>,22,23,[ 3 10],23,-1,46,-1,23
1,<environment.Job instance at 0x7faee9da9a00>,23,17,[10  3],24,-1,41,-1,24
1,<environment.Job instance at 0x7faee9a849b0>,24,12,[7 5],25,-1,37,-1,25
1,<environment.Job instance at 0x7faee8b79a00>,25,16,[8 4],26,-1,42,-1,26
1,<environment.Job instance at 0x7faee9369e60>,27,22,[5 7],28,-1,50,-1,28
1,<environment.Job instance at 0x7faee8619eb0>,32,17,[8 5],33,-1,50,-1,33
1,<environment.Job instance at 0x7faee93742d0>,35,23,[ 2 12],36,-1,62,-1,39
1,<environment.Job instance at 0x7faee910b230>,34,23,[5 5],35,-1,62,-1,39
1,<environment.Job instance at 0x7faee9ad0410>,42,17,[4 7],43,-1,69,-1,52
1,<environment.Job instance at 0x7faee8cc1e60>,41,17,[6 4],42,-1,69,-1,52
1,<environment.Job instance at 0x7faee8d94690>,47,21,[7 1],48,-1,74,-1,53
1,<environment.Job instance at 0x7faee875baf0>,50,14,[14  1],51,-1,68,-1,54
1,<environment.Job instance at 0x7faef2a594b0>,36,14,[9 5],37,-1,68,-1,54
1,<environment.Job instance at 0x7faef2a29f00>,52,15,[8 1],53,-1,69,-1,54
1,<environment.Job instance at 0x7faef2a58050>,56,15,[ 4 10],57,-1,72,-1,57
1,<environment.Job instance at 0x7faee9425690>,57,26,[3 7],58,-1,84,-1,58
1,<environment.Job instance at 0x7faee9425af0>,58,26,[4 6],59,-1,85,-1,59
1,<environment.Job instance at 0x7faee94257d0>,60,20,[4 9],61,-1,87,-1,67
1,<environment.Job instance at 0x7faee896c0a0>,64,18,[5 4],65,-1,85,-1,67
1,<environment.Job instance at 0x7faee9486870>,40,27,[5 2],41,-1,94,-1,67
1,<environment.Job instance at 0x7faee9d23b90>,2,1,[14  3],3,-1,4,-1,3
1,<environment.Job instance at 0x7faee9d09cd0>,10,14,[11  3],11,-1,25,-1,11
1,<environment.Job instance at 0x7faee9d09190>,12,1,[11  2],13,-1,14,-1,13
1,<environment.Job instance at 0x7faee9d09410>,8,23,[5 5],9,-1,37,-1,14
1,<environment.Job instance at 0x7faee9d1c0a0>,20,2,[14  2],21,-1,37,-1,35
1,<environment.Job instance at 0x7faee9d1cf50>,22,23,[ 3 10],23,-1,70,-1,47
1,<environment.Job instance at 0x7faee9cf1e10>,26,14,[13  2],27,-1,72,-1,58
1,<environment.Job instance at 0x7faee9cf16e0>,28,24,[ 1 14],29,-1,83,-1,59
1,<environment.Job instance at 0x7faee9d11780>,34,23,[5 5],35,-1,99,-1,76
1,<environment.Job instance at 0x7faee9d08aa0>,35,23,[ 2 12],36,-1,99,-1,76
1,<environment.Job instance at 0x7faee9d08be0>,38,1,[12  5],39,-1,89,-1,88
1,<environment.Job instance at 0x7faee9e50b90>,39,13,[11  2],40,-1,101,-1,88
1,<environment.Job instance at 0x7faee97c86e0>,1,22,[10  5],2,-1,26,-1,4
1,<environment.Job instance at 0x7faee97c8a00>,3,16,[12  5],4,-1,20,-1,4
1,<environment.Job instance at 0x7faee97c8d20>,4,12,[ 1 10],5,-1,18,-1,6
1,<environment.Job instance at 0x7faee97c8dc0>,5,18,[11  4],6,-1,24,-1,6
1,<environment.Job instance at 0x7faee97c8e60>,11,23,[2 9],12,-1,36,-1,13
1,<environment.Job instance at 0x7faee8d96230>,13,24,[7 4],14,-1,38,-1,14
1,<environment.Job instance at 0x7faee8d96b40>,15,13,[8 1],16,-1,29,-1,16
1,<environment.Job instance at 0x7faee8d96690>,17,18,[1 9],18,-1,36,-1,18
1,<environment.Job instance at 0x7faee8d96c80>,22,17,[3 7],23,-1,40,-1,23
1,<environment.Job instance at 0x7faee8d96140>,24,14,[7 5],25,-1,40,-1,26
1,<environment.Job instance at 0x7faee8d96500>,21,14,[ 4 14],22,-1,41,-1,27
1,<environment.Job instance at 0x7faee8d96780>,26,20,[ 2 10],27,-1,47,-1,27
1,<environment.Job instance at 0x7faee8d96dc0>,27,18,[2 9],28,-1,46,-1,28
1,<environment.Job instance at 0x7faee90f5140>,28,18,[5 5],29,-1,47,-1,29
1,<environment.Job instance at 0x7faee90f52d0>,29,14,[ 1 10],30,-1,44,-1,30
1,<environment.Job instance at 0x7faee8d963c0>,31,18,[5 2],32,-1,54,-1,36
1,<environment.Job instance at 0x7faee90f5cd0>,30,19,[3 9],31,-1,59,-1,40
1,<environment.Job instance at 0x7faee90f5a50>,35,25,[9 4],36,-1,65,-1,40
1,<environment.Job instance at 0x7faee90f50f0>,32,16,[7 5],33,-1,58,-1,42
1,<environment.Job instance at 0x7faee90f5b40>,39,13,[9 1],40,-1,57,-1,44
1,<environment.Job instance at 0x7faee9e9f0a0>,40,27,[ 5 14],41,-1,71,-1,44
1,<environment.Job instance at 0x7faee90f5a00>,38,23,[4 8],39,-1,68,-1,45
1,<environment.Job instance at 0x7faee9eaf870>,41,17,[14  2],42,-1,62,-1,45
1,<environment.Job instance at 0x7faee9406c30>,43,20,[10  3],44,-1,65,-1,45
1,<environment.Job instance at 0x7faee8693f50>,46,23,[9 5],47,-1,70,-1,47
1,<environment.Job instance at 0x7faee86e53c0>,49,19,[3 8],50,-1,69,-1,50
1,<environment.Job instance at 0x7faee86e5550>,51,25,[9 5],52,-1,90,-1,65
1,<environment.Job instance at 0x7faee8d96410>,12,26,[7 4],13,-1,92,-1,66
1,<environment.Job instance at 0x7faee8bde2d0>,55,23,[6 1],56,-1,89,-1,66
1,<environment.Job instance at 0x7faee8bdef50>,52,14,[5 9],53,-1,81,-1,67
1,<environment.Job instance at 0x7faee84ef910>,58,23,[10  3],59,-1,90,-1,67
1,<environment.Job instance at 0x7faee8d96af0>,25,28,[9 1],26,-1,96,-1,68
1,<environment.Job instance at 0x7faee84efd70>,60,17,[5 1],61,-1,85,-1,68
1,<environment.Job instance at 0x7faee8bde4b0>,53,14,[6 3],54,-1,82,-1,68
1,<environment.Job instance at 0x7faee84efd20>,62,23,[ 2 12],63,-1,91,-1,68
1,<environment.Job instance at 0x7faee9406870>,42,15,[12  2],43,-1,83,-1,68
1,<environment.Job instance at 0x7faee84efc80>,63,27,[8 3],64,-1,95,-1,68
1,<environment.Job instance at 0x7faee84efaf0>,64,18,[ 2 10],65,-1,87,-1,69
1,<environment.Job instance at 0x7faee84efeb0>,61,21,[2 6],62,-1,93,-1,72
1,<environment.Job instance at 0x7faee8caab90>,65,17,[5 5],66,-1,91,-1,74
1,<environment.Job instance at 0x7faee8b67cd0>,66,14,[9 5],67,-1,88,-1,74
1,<environment.Job instance at 0x7faee9b635f0>,68,25,[9 4],69,-1,99,-1,74
1,<environment.Job instance at 0x7faee97a2c30>,0,20,[14  2],1,-1,21,-1,1
1,<environment.Job instance at 0x7faee8b54f00>,2,1,[ 5 14],3,-1,4,-1,3
1,<environment.Job instance at 0x7faee8b54a50>,3,16,[12  5],4,-1,20,-1,4
1,<environment.Job instance at 0x7faee8b54c80>,5,18,[11  4],6,-1,24,-1,6
1,<environment.Job instance at 0x7faee8b54280>,7,3,[ 4 11],8,-1,11,-1,8
1,<environment.Job instance at 0x7faee93774b0>,11,23,[2 9],12,-1,40,-1,17
1,<environment.Job instance at 0x7faee93779b0>,13,24,[7 4],14,-1,48,-1,24
1,<environment.Job instance at 0x7faee937ec30>,14,3,[13  3],15,-1,27,-1,24
1,<environment.Job instance at 0x7faee9377a00>,12,26,[7 4],13,-1,50,-1,24
1,<environment.Job instance at 0x7faee937ebe0>,16,14,[13  2],17,-1,38,-1,24
1,<environment.Job instance at 0x7faee8dec2d0>,18,2,[ 4 14],19,-1,26,-1,24
1,<environment.Job instance at 0x7faee8b505a0>,21,14,[ 4 14],22,-1,39,-1,25
1,<environment.Job instance at 0x7faee91b3fa0>,25,28,[9 1],26,-1,80,-1,52
1,<environment.Job instance at 0x7faee8b4ad20>,37,2,[12  3],38,-1,88,-1,86
1,<environment.Job instance at 0x7faee98a62d0>,38,23,[4 8],39,-1,112,-1,89
1,<environment.Job instance at 0x7faee8b3f190>,40,27,[ 5 14],41,-1,116,-1,89
1,<environment.Job instance at 0x7faee955b500>,41,17,[14  2],42,-1,106,-1,89
1,<environment.Job instance at 0x7faee955b2d0>,42,15,[12  2],43,-1,104,-1,89
1,<environment.Job instance at 0x7faee9101910>,0,22,[5 4],1,-1,23,-1,1
1,<environment.Job instance at 0x7faee9101cd0>,4,18,[ 1 11],5,-1,23,-1,5
1,<environment.Job instance at 0x7faee8f4ad70>,6,17,[7 5],7,-1,24,-1,7
1,<environment.Job instance at 0x7faee8f4a460>,7,13,[4 8],8,-1,21,-1,8
1,<environment.Job instance at 0x7faee8f4a7d0>,8,17,[10  1],9,-1,26,-1,9
1,<environment.Job instance at 0x7faee90f1500>,12,20,[9 5],13,-1,34,-1,14
1,<environment.Job instance at 0x7faee91018c0>,13,15,[11  4],14,-1,29,-1,14
1,<environment.Job instance at 0x7faee9e563c0>,19,18,[4 9],20,-1,38,-1,20
1,<environment.Job instance at 0x7faee9e95fa0>,25,27,[3 8],26,-1,72,-1,45
1,<environment.Job instance at 0x7faee8d190a0>,24,14,[5 4],25,-1,59,-1,45
1,<environment.Job instance at 0x7faee89513c0>,30,26,[10  3],31,-1,71,-1,45
1,<environment.Job instance at 0x7faee9e94960>,31,27,[5 2],32,-1,72,-1,45
1,<environment.Job instance at 0x7faee941b0f0>,28,28,[2 6],29,-1,73,-1,45
1,<environment.Job instance at 0x7faee8f66500>,4,18,[ 1 11],5,-1,23,-1,5
1,<environment.Job instance at 0x7faee848ec80>,9,16,[ 2 13],10,-1,34,-1,18
1,<environment.Job instance at 0x7faee98a62d0>,10,16,[ 5 12],11,-1,34,-1,18
1,<environment.Job instance at 0x7faee955b7d0>,11,12,[11  1],12,-1,30,-1,18
1,<environment.Job instance at 0x7faee86aee60>,13,15,[11  4],14,-1,36,-1,21
1,<environment.Job instance at 0x7faee91b3fa0>,14,17,[ 2 14],15,-1,38,-1,21
1,<environment.Job instance at 0x7faee9503eb0>,15,26,[10  5],16,-1,47,-1,21
1,<environment.Job instance at 0x7faee8dec5a0>,20,25,[1 7],21,-1,61,-1,36
1,<environment.Job instance at 0x7faee937ec30>,25,27,[3 8],26,-1,93,-1,66
1,<environment.Job instance at 0x7faee9e95640>,29,28,[7 1],30,-1,97,-1,69
1,<environment.Job instance at 0x7faee9e95c30>,28,28,[2 6],29,-1,106,-1,78
1,<environment.Job instance at 0x7faee9e953c0>,31,27,[5 2],32,-1,105,-1,78
1,<environment.Job instance at 0x7faee86193c0>,32,12,[ 3 13],33,-1,90,-1,78
1,<environment.Job instance at 0x7faee93601e0>,33,17,[14  5],34,-1,95,-1,78
1,<environment.Job instance at 0x7faee9360230>,34,15,[14  2],35,-1,93,-1,78
1,<environment.Job instance at 0x7faee9360460>,35,15,[ 1 12],36,-1,93,-1,78
1,<environment.Job instance at 0x7faee9e95a50>,30,26,[10  3],31,-1,104,-1,78
1,<environment.Job instance at 0x7faee8a5ca00>,39,12,[ 1 12],40,-1,92,-1,80
1,<environment.Job instance at 0x7faee84f74b0>,1,18,[3 9],2,-1,20,-1,2
1,<environment.Job instance at 0x7faee9a18690>,10,12,[1 7],11,-1,24,-1,12
1,<environment.Job instance at 0x7faee9a18730>,12,18,[10  5],13,-1,31,-1,13
1,<environment.Job instance at 0x7faee9a18820>,13,12,[1 6],14,-1,26,-1,14
1,<environment.Job instance at 0x7faee9a188c0>,14,17,[5 5],15,-1,32,-1,15
1,<environment.Job instance at 0x7faee9a18960>,15,16,[3 6],16,-1,32,-1,16
1,<environment.Job instance at 0x7faee9a18b40>,18,15,[11  1],19,-1,34,-1,19
1,<environment.Job instance at 0x7faee9a18c80>,19,19,[8 1],20,-1,39,-1,20
1,<environment.Job instance at 0x7faee9a18d20>,20,20,[5 5],21,-1,41,-1,21
1,<environment.Job instance at 0x7faee9a1a0f0>,24,23,[ 5 10],25,-1,48,-1,25
1,<environment.Job instance at 0x7faee9a1a050>,26,2,[1 9],27,-1,29,-1,27
1,<environment.Job instance at 0x7faee9a1a3c0>,27,15,[6 2],28,-1,43,-1,28
1,<environment.Job instance at 0x7faee9a1a320>,28,24,[10  4],29,-1,53,-1,29
1,<environment.Job instance at 0x7faee9a1a4b0>,29,16,[11  3],30,-1,46,-1,30
1,<environment.Job instance at 0x7faee9a1a550>,30,16,[11  5],31,-1,47,-1,31
1,<environment.Job instance at 0x7faee9a1a5f0>,31,16,[8 5],32,-1,48,-1,32
1,<environment.Job instance at 0x7faee9a1a690>,32,1,[ 3 12],33,-1,34,-1,33
1,<environment.Job instance at 0x7faee9a1a730>,33,25,[10  3],34,-1,59,-1,34
1,<environment.Job instance at 0x7faee9a1a7d0>,34,14,[ 5 12],35,-1,49,-1,35
1,<environment.Job instance at 0x7faee9a00fa0>,11,26,[ 2 10],12,-1,62,-1,36
1,<environment.Job instance at 0x7faee9a18a00>,16,26,[ 5 13],17,-1,69,-1,43
1,<environment.Job instance at 0x7faee9a1af50>,45,18,[ 1 13],46,-1,78,-1,60
1,<environment.Job instance at 0x7faee9a1af00>,43,23,[11  1],44,-1,83,-1,60
1,<environment.Job instance at 0x7faee99ff0f0>,47,13,[11  3],48,-1,73,-1,60
1,<environment.Job instance at 0x7faee99ff140>,48,28,[7 5],49,-1,88,-1,60
1,<environment.Job instance at 0x7faee9a1a9b0>,39,14,[11  5],40,-1,74,-1,60
1,<environment.Job instance at 0x7faee91821e0>,2,14,[ 3 13],3,-1,17,-1,3
1,<environment.Job instance at 0x7faee9182870>,3,23,[6 1],4,-1,27,-1,4
1,<environment.Job instance at 0x7faee91823c0>,6,16,[13  3],7,-1,23,-1,7
1,<environment.Job instance at 0x7faee90d7230>,11,26,[ 2 10],12,-1,46,-1,20
1,<environment.Job instance at 0x7faee90d7f50>,16,26,[ 5 13],17,-1,58,-1,32
1,<environment.Job instance at 0x7faee90d7370>,18,15,[11  1],19,-1,51,-1,36
1,<environment.Job instance at 0x7faee878ad70>,29,16,[11  3],30,-1,81,-1,65
1,<environment.Job instance at 0x7faee878a820>,30,16,[11  5],31,-1,81,-1,65
1,<environment.Job instance at 0x7faee878a550>,32,1,[ 3 12],33,-1,69,-1,68
1,<environment.Job instance at 0x7faee878aaf0>,24,23,[ 5 10],25,-1,104,-1,81
1,<environment.Job instance at 0x7faee9e9fe10>,34,14,[ 5 12],35,-1,95,-1,81
1,<environment.Job instance at 0x7faee9e9faa0>,35,20,[ 3 14],36,-1,101,-1,81
1,<environment.Job instance at 0x7faee9e9fcd0>,36,24,[13  2],37,-1,105,-1,81
1,<environment.Job instance at 0x7faee9e9f730>,39,14,[11  5],40,-1,95,-1,81
1,<environment.Job instance at 0x7faee878a8c0>,28,24,[10  4],29,-1,107,-1,83
1,<environment.Job instance at 0x7faee9e9ff50>,40,28,[6 1],41,-1,112,-1,84
1,<environment.Job instance at 0x7faee9101370>,43,23,[11  1],44,-1,107,-1,84
1,<environment.Job instance at 0x7faee9e9f960>,33,25,[10  3],34,-1,110,-1,85
1,<environment.Job instance at 0x7faee91015f0>,45,18,[ 1 13],46,-1,103,-1,85
1,<environment.Job instance at 0x7faee98bb320>,47,13,[11  3],48,-1,98,-1,85
1,<environment.Job instance at 0x7faee9360230>,48,28,[7 5],49,-1,113,-1,85
1,<environment.Job instance at 0x7faee93605f0>,50,2,[14  5],51,-1,87,-1,85
1,<environment.Job instance at 0x7faee941baf0>,51,26,[13  1],52,-1,111,-1,85
1,<environment.Job instance at 0x7faee93ea3c0>,7,17,[5 9],8,-1,25,-1,8
1,<environment.Job instance at 0x7faee93eaa00>,8,17,[9 4],9,-1,28,-1,11
1,<environment.Job instance at 0x7faee9a090a0>,11,14,[9 5],12,-1,26,-1,12
1,<environment.Job instance at 0x7faee9a09370>,13,16,[3 8],14,-1,30,-1,14
1,<environment.Job instance at 0x7faee9a093c0>,14,18,[ 5 10],15,-1,33,-1,15
1,<environment.Job instance at 0x7faee9a09cd0>,15,15,[1 8],16,-1,31,-1,16
1,<environment.Job instance at 0x7faee9a091e0>,16,22,[ 1 10],17,-1,39,-1,17
1,<environment.Job instance at 0x7faee9a09140>,17,21,[1 8],18,-1,39,-1,18
1,<environment.Job instance at 0x7faee9a09aa0>,18,20,[2 9],19,-1,39,-1,19
1,<environment.Job instance at 0x7faee9a09050>,19,27,[1 9],20,-1,47,-1,20
1,<environment.Job instance at 0x7faee93eac80>,10,28,[ 3 10],11,-1,63,-1,35
1,<environment.Job instance at 0x7faee93e17d0>,26,22,[2 5],27,-1,57,-1,35
1,<environment.Job instance at 0x7faee9a09e60>,24,23,[10  3],25,-1,58,-1,35
1,<environment.Job instance at 0x7faee93e1b90>,27,20,[5 3],28,-1,55,-1,35
1,<environment.Job instance at 0x7faee9a09690>,20,25,[ 3 12],21,-1,60,-1,35
1,<environment.Job instance at 0x7faee93e1eb0>,34,22,[8 1],35,-1,57,-1,35
1,<environment.Job instance at 0x7faee93e1c80>,33,13,[2 7],34,-1,48,-1,35
1,<environment.Job instance at 0x7faee93e1820>,38,18,[14  5],39,-1,75,-1,57
1,<environment.Job instance at 0x7faee93d7b40>,43,14,[ 5 11],44,-1,71,-1,57
1,<environment.Job instance at 0x7faee93e18c0>,42,14,[7 4],43,-1,71,-1,57
1,<environment.Job instance at 0x7faee93d7be0>,45,16,[3 5],46,-1,75,-1,59
1,<environment.Job instance at 0x7faee93d72d0>,46,17,[2 7],47,-1,76,-1,59
1,<environment.Job instance at 0x7faee93d75a0>,44,15,[2 7],45,-1,75,-1,60
1,<environment.Job instance at 0x7faee93d7c30>,48,18,[1 8],49,-1,79,-1,61
1,<environment.Job instance at 0x7faee93d70f0>,51,16,[10  4],52,-1,77,-1,61
1,<environment.Job instance at 0x7faee93e1280>,32,15,[2 5],33,-1,76,-1,61
1,<environment.Job instance at 0x7faee93d7230>,53,17,[3 9],54,-1,78,-1,61
1,<environment.Job instance at 0x7faee93d70a0>,54,23,[14  2],55,-1,84,-1,61
1,<environment.Job instance at 0x7faee93e19b0>,39,15,[ 1 12],40,-1,78,-1,63
1,<environment.Job instance at 0x7faee93d7140>,55,24,[5 9],56,-1,90,-1,66
1,<environment.Job instance at 0x7faee99fa0a0>,56,12,[10  5],57,-1,78,-1,66
1,<environment.Job instance at 0x7faee99fa5f0>,57,28,[ 2 11],58,-1,94,-1,66
1,<environment.Job instance at 0x7faee93e1050>,36,14,[11  1],37,-1,81,-1,67
1,<environment.Job instance at 0x7faee93d7410>,52,16,[9 2],53,-1,83,-1,67
1,<environment.Job instance at 0x7faee93d7c80>,47,16,[14  4],48,-1,84,-1,68
1,<environment.Job instance at 0x7faee99fa780>,60,23,[2 9],61,-1,92,-1,69
1,<environment.Job instance at 0x7faee9a1cdc0>,68,14,[ 3 14],69,-1,83,-1,69
1,<environment.Job instance at 0x7faee99fa320>,62,17,[4 9],63,-1,86,-1,69
1,<environment.Job instance at 0x7faee99fa140>,65,20,[1 5],66,-1,91,-1,71
1,<environment.Job instance at 0x7faee9a1ccd0>,71,14,[9 2],72,-1,86,-1,72
1,<environment.Job instance at 0x7faee9a1cd20>,72,15,[3 7],73,-1,88,-1,73
1,<environment.Job instance at 0x7faee9a1cb90>,70,16,[14  1],71,-1,91,-1,75
1,<environment.Job instance at 0x7faee9a1caf0>,74,26,[4 8],75,-1,101,-1,75
1,<environment.Job instance at 0x7faee9a1c5a0>,75,18,[3 6],76,-1,99,-1,81
1,<environment.Job instance at 0x7faee9a1c190>,78,15,[1 6],79,-1,96,-1,81
1,<environment.Job instance at 0x7faee93d78c0>,49,16,[ 3 14],50,-1,97,-1,81
1,<environment.Job instance at 0x7faee9a1ce10>,79,22,[2 9],80,-1,103,-1,81
1,<environment.Job instance at 0x7faee9a1c320>,80,23,[ 5 11],81,-1,105,-1,82
1,<environment.Job instance at 0x7faee9a1c3c0>,77,15,[4 9],78,-1,97,-1,82
1,<environment.Job instance at 0x7faee9a21af0>,82,16,[5 1],83,-1,99,-1,83
1,<environment.Job instance at 0x7faee9a211e0>,83,15,[9 3],84,-1,99,-1,84
1,<environment.Job instance at 0x7faee91b3fa0>,3,1,[14  4],4,-1,5,-1,4
1,<environment.Job instance at 0x7faee93dfb40>,4,17,[13  5],5,-1,22,-1,5
1,<environment.Job instance at 0x7faee90d7c80>,6,13,[ 4 11],7,-1,20,-1,7
1,<environment.Job instance at 0x7faee90d78c0>,10,28,[ 3 10],11,-1,42,-1,14
1,<environment.Job instance at 0x7faee9a09870>,19,27,[1 9],20,-1,67,-1,40
1,<environment.Job instance at 0x7faee9a096e0>,20,25,[ 3 12],21,-1,65,-1,40
1,<environment.Job instance at 0x7faee93e1e10>,22,20,[ 1 13],23,-1,60,-1,40
1,<environment.Job instance at 0x7faee99fa9b0>,25,15,[ 2 11],26,-1,58,-1,43
1,<environment.Job instance at 0x7faee9a1c910>,28,26,[2 5],29,-1,70,-1,44
1,<environment.Job instance at 0x7faee99faaf0>,24,23,[10  3],25,-1,78,-1,55
1,<environment.Job instance at 0x7faee9a21f50>,35,1,[14  3],36,-1,75,-1,74
1,<environment.Job instance at 0x7faefb4433c0>,36,14,[11  1],37,-1,88,-1,74
1,<environment.Job instance at 0x7faee9a213c0>,38,18,[14  5],39,-1,100,-1,82
1,<environment.Job instance at 0x7faee9a21050>,39,15,[ 1 12],40,-1,97,-1,82
1,<environment.Job instance at 0x7faee9921cd0>,0,19,[ 3 10],1,-1,21,-1,2
1,<environment.Job instance at 0x7faee9a35fa0>,2,20,[10  3],3,-1,23,-1,3
1,<environment.Job instance at 0x7faee9a35050>,3,27,[7 2],4,-1,31,-1,4
1,<environment.Job instance at 0x7faee9a35370>,5,21,[10  1],6,-1,30,-1,9
1,<environment.Job instance at 0x7faee9a356e0>,9,18,[ 5 12],10,-1,28,-1,10
1,<environment.Job instance at 0x7faee9a350a0>,13,16,[ 5 10],14,-1,30,-1,14
1,<environment.Job instance at 0x7faee9a35780>,8,22,[13  4],9,-1,57,-1,35
1,<environment.Job instance at 0x7faee8c58cd0>,24,18,[11  3],25,-1,53,-1,35
1,<environment.Job instance at 0x7faee8c58be0>,25,13,[7 5],26,-1,48,-1,35
1,<environment.Job instance at 0x7faee99213c0>,7,17,[ 1 12],8,-1,52,-1,35
1,<environment.Job instance at 0x7faee8c58e10>,22,1,[8 4],23,-1,36,-1,35
1,<environment.Job instance at 0x7faee8c58b40>,27,12,[12  5],28,-1,50,-1,38
1,<environment.Job instance at 0x7faee8c587d0>,28,12,[ 3 12],29,-1,50,-1,38
1,<environment.Job instance at 0x7faee8c58960>,20,16,[3 6],21,-1,54,-1,38
1,<environment.Job instance at 0x7faee8e91410>,31,25,[ 2 14],32,-1,65,-1,40
1,<environment.Job instance at 0x7faee8e91f50>,30,15,[8 4],31,-1,56,-1,41
1,<environment.Job instance at 0x7faee8e91c80>,33,20,[4 9],34,-1,62,-1,42
1,<environment.Job instance at 0x7faee9a35690>,11,26,[10  2],12,-1,80,-1,54
1,<environment.Job instance at 0x7faee88a15a0>,39,27,[5 5],40,-1,82,-1,55
1,<environment.Job instance at 0x7faee88a1370>,37,16,[12  2],38,-1,73,-1,57
1,<environment.Job instance at 0x7faee92b5a50>,42,17,[4 9],43,-1,75,-1,58
1,<environment.Job instance at 0x7faee88a1b40>,41,14,[10  4],42,-1,72,-1,58
1,<environment.Job instance at 0x7faee88a1c30>,40,21,[5 7],41,-1,81,-1,60
1,<environment.Job instance at 0x7faee92b59b0>,48,16,[5 7],49,-1,84,-1,68
1,<environment.Job instance at 0x7faee92b5190>,46,27,[ 5 11],47,-1,111,-1,84
1,<environment.Job instance at 0x7faee92b5eb0>,49,19,[ 4 13],50,-1,106,-1,87
1,<environment.Job instance at 0x7faee92b5fa0>,53,19,[9 4],54,-1,106,-1,87
1,<environment.Job instance at 0x7faee9c56cd0>,56,28,[5 9],57,-1,115,-1,87
1,<environment.Job instance at 0x7faee8e374b0>,57,26,[9 4],58,-1,113,-1,87
1,<environment.Job instance at 0x7faee8e37870>,60,18,[10  5],61,-1,105,-1,87
1,<environment.Job instance at 0x7faee8a3a370>,4,12,[13  2],5,-1,17,-1,5
1,<environment.Job instance at 0x7faee93dfd20>,6,12,[ 2 14],7,-1,19,-1,7
1,<environment.Job instance at 0x7faee8a3aaf0>,7,17,[ 1 12],8,-1,25,-1,8
1,<environment.Job instance at 0x7faefb4433c0>,8,22,[13  4],9,-1,31,-1,9
1,<environment.Job instance at 0x7faee955b7d0>,9,18,[ 5 12],10,-1,28,-1,10
1,<environment.Job instance at 0x7faee8a27550>,10,25,[12  1],11,-1,36,-1,11
1,<environment.Job instance at 0x7faee8a3ad20>,3,27,[7 2],4,-1,50,-1,23
1,<environment.Job instance at 0x7faee92b5640>,14,12,[13  2],15,-1,35,-1,23
1,<environment.Job instance at 0x7faee88a1870>,16,26,[2 8],17,-1,49,-1,23
1,<environment.Job instance at 0x7faee8a27dc0>,11,26,[10  2],12,-1,49,-1,23
1,<environment.Job instance at 0x7faee8e37780>,19,14,[ 2 13],20,-1,37,-1,23
1,<environment.Job instance at 0x7faee9921d70>,23,27,[ 1 13],24,-1,51,-1,24
1,<environment.Job instance at 0x7faee9921320>,24,18,[11  3],25,-1,43,-1,25
1,<environment.Job instance at 0x7faee990dc30>,27,12,[12  5],28,-1,47,-1,35
1,<environment.Job instance at 0x7faee990dd20>,28,12,[ 3 12],29,-1,47,-1,35
1,<environment.Job instance at 0x7faee990d460>,31,25,[ 2 14],32,-1,62,-1,37
1,<environment.Job instance at 0x7faee92a5c30>,37,16,[12  2],38,-1,69,-1,53
1,<environment.Job instance at 0x7faee92a5f50>,38,2,[ 2 13],39,-1,55,-1,53
1,<environment.Job instance at 0x7faee92a5f00>,39,27,[5 5],40,-1,80,-1,53
1,<environment.Job instance at 0x7faee92a54b0>,45,2,[12  1],46,-1,68,-1,66
1,<environment.Job instance at 0x7faee92a5320>,46,27,[ 5 11],47,-1,93,-1,66
1,<environment.Job instance at 0x7faee92a5d70>,49,19,[ 4 13],50,-1,98,-1,79
1,<environment.Job instance at 0x7faee92a5eb0>,50,25,[11  3],51,-1,104,-1,79
1,<environment.Job instance at 0x7faee97e9500>,6,23,[5 3],7,-1,30,-1,7
1,<environment.Job instance at 0x7faee8a3a320>,10,27,[ 1 14],11,-1,42,-1,15
1,<environment.Job instance at 0x7faee980e690>,14,17,[2 8],15,-1,35,-1,18
1,<environment.Job instance at 0x7faee9756af0>,0,25,[5 8],1,-1,26,-1,1
1,<environment.Job instance at 0x7faee9756fa0>,1,15,[11  2],2,-1,17,-1,2
1,<environment.Job instance at 0x7faee9756780>,2,15,[14  1],3,-1,18,-1,3
1,<environment.Job instance at 0x7faee97fbcd0>,3,25,[ 2 10],4,-1,29,-1,4
1,<environment.Job instance at 0x7faee9de95a0>,5,23,[7 1],6,-1,29,-1,6
1,<environment.Job instance at 0x7faee9de94b0>,6,23,[5 3],7,-1,30,-1,7
1,<environment.Job instance at 0x7faee9de9fa0>,7,26,[1 7],8,-1,34,-1,8
1,<environment.Job instance at 0x7faee9de9d70>,9,13,[ 2 12],10,-1,23,-1,10
1,<environment.Job instance at 0x7faee9de9460>,10,27,[ 1 14],11,-1,38,-1,11
1,<environment.Job instance at 0x7faee9756730>,13,28,[ 5 13],14,-1,42,-1,14
1,<environment.Job instance at 0x7faee8fee960>,21,1,[ 2 13],22,-1,25,-1,24
1,<environment.Job instance at 0x7faee8fee230>,27,2,[11  1],28,-1,41,-1,39
1,<environment.Job instance at 0x7faee92a58c0>,33,25,[ 5 10],34,-1,87,-1,62
1,<environment.Job instance at 0x7faee92a5d70>,34,2,[12  3],35,-1,64,-1,62
1,<environment.Job instance at 0x7faee92a5a50>,35,20,[ 4 11],36,-1,82,-1,62
1,<environment.Job instance at 0x7faee92a52d0>,37,15,[14  2],38,-1,77,-1,62
1,<environment.Job instance at 0x7faee92a5e10>,38,12,[13  3],39,-1,74,-1,62
1,<environment.Job instance at 0x7faee927d0a0>,3,26,[7 4],4,-1,30,-1,4
1,<environment.Job instance at 0x7faee927d230>,4,22,[10  3],5,-1,29,-1,7
1,<environment.Job instance at 0x7faee927d8c0>,7,25,[5 8],8,-1,33,-1,8
1,<environment.Job instance at 0x7faee927daa0>,6,22,[4 9],7,-1,31,-1,9
1,<environment.Job instance at 0x7faee895a3c0>,13,12,[10  5],14,-1,30,-1,18
1,<environment.Job instance at 0x7faee92a5460>,2,15,[ 4 11],3,-1,18,-1,3
1,<environment.Job instance at 0x7faee92a5c30>,5,2,[ 5 11],6,-1,8,-1,6
1,<environment.Job instance at 0x7faee92a5550>,3,26,[7 4],4,-1,40,-1,14
1,<environment.Job instance at 0x7faee92a57d0>,7,25,[5 8],8,-1,39,-1,14
1,<environment.Job instance at 0x7faee97dd4b0>,16,28,[ 3 11],17,-1,59,-1,31
1,<environment.Job instance at 0x7faee92a5320>,18,16,[14  5],19,-1,47,-1,31
1,<environment.Job instance at 0x7faee97fbcd0>,19,28,[6 3],20,-1,60,-1,32
1,<environment.Job instance at 0x7faee86bdd70>,20,13,[14  3],21,-1,45,-1,32
1,<environment.Job instance at 0x7faee927dd20>,22,14,[ 2 12],23,-1,46,-1,32
1,<environment.Job instance at 0x7faee895a9b0>,24,21,[ 3 14],25,-1,54,-1,33
1,<environment.Job instance at 0x7faee897e500>,28,25,[ 1 14],29,-1,68,-1,43
1,<environment.Job instance at 0x7faee897e410>,26,23,[3 9],27,-1,66,-1,43
1,<environment.Job instance at 0x7faee9cdb320>,31,25,[2 8],32,-1,74,-1,49
1,<environment.Job instance at 0x7faee9cdbf50>,34,16,[13  2],35,-1,71,-1,55
1,<environment.Job instance at 0x7faee8bdab40>,0,18,[1 9],1,-1,19,-1,1
1,<environment.Job instance at 0x7faee8d386e0>,3,15,[10  2],4,-1,20,-1,5
1,<environment.Job instance at 0x7faee8d38640>,5,15,[11  3],6,-1,21,-1,6
1,<environment.Job instance at 0x7faee8d38870>,6,28,[4 7],7,-1,35,-1,7
1,<environment.Job instance at 0x7faee8d38910>,7,13,[5 9],8,-1,21,-1,8
1,<environment.Job instance at 0x7faee8d38af0>,10,14,[4 6],11,-1,25,-1,11
1,<environment.Job instance at 0x7faee8d27050>,17,24,[10  4],18,-1,42,-1,18
1,<environment.Job instance at 0x7faee8d38dc0>,14,18,[11  5],15,-1,43,-1,25
1,<environment.Job instance at 0x7faee8d273c0>,20,13,[ 5 13],21,-1,38,-1,25
1,<environment.Job instance at 0x7faee980ecd0>,4,14,[8 5],5,-1,40,-1,26
1,<environment.Job instance at 0x7faee8d270f0>,19,17,[1 8],20,-1,43,-1,26
1,<environment.Job instance at 0x7faee8d27410>,23,23,[7 5],24,-1,49,-1,26
1,<environment.Job instance at 0x7faee8d272d0>,22,15,[2 6],23,-1,41,-1,26
1,<environment.Job instance at 0x7faee8d38820>,9,17,[7 5],10,-1,44,-1,27
1,<environment.Job instance at 0x7faee8d27550>,25,17,[ 2 10],26,-1,44,-1,27
1,<environment.Job instance at 0x7faee8d275f0>,27,17,[3 8],28,-1,45,-1,28
1,<environment.Job instance at 0x7faee8d277d0>,28,23,[3 5],29,-1,52,-1,29
1,<environment.Job instance at 0x7faee8d27870>,29,17,[9 2],30,-1,47,-1,30
1,<environment.Job instance at 0x7faee8d38fa0>,21,19,[8 4],22,-1,51,-1,32
1,<environment.Job instance at 0x7faee8d27be0>,34,27,[5 6],35,-1,67,-1,40
1,<environment.Job instance at 0x7faee9ddca00>,5,15,[11  3],6,-1,21,-1,6
1,<environment.Job instance at 0x7faee9ddc500>,8,3,[ 4 13],9,-1,19,-1,16
1,<environment.Job instance at 0x7faee9ddcc30>,6,28,[4 7],7,-1,47,-1,19
1,<environment.Job instance at 0x7faee9ddcb40>,11,12,[13  1],12,-1,31,-1,19
1,<environment.Job instance at 0x7faee9ddc2d0>,13,13,[ 4 13],14,-1,32,-1,19
1,<environment.Job instance at 0x7faee9ddc7d0>,14,18,[11  5],15,-1,37,-1,19
1,<environment.Job instance at 0x7faee9e29af0>,18,25,[5 1],19,-1,69,-1,44
1,<environment.Job instance at 0x7faee9e299b0>,20,13,[ 5 13],21,-1,57,-1,44
1,<environment.Job instance at 0x7faee9e29fa0>,17,24,[10  4],18,-1,84,-1,60
1,<environment.Job instance at 0x7faee9e298c0>,24,26,[ 5 13],25,-1,86,-1,60
1,<environment.Job instance at 0x7faee9e29410>,23,23,[7 5],24,-1,83,-1,60
1,<environment.Job instance at 0x7faee9e290f0>,28,23,[3 5],29,-1,97,-1,74
1,<environment.Job instance at 0x7faee9cdbf00>,31,23,[5 3],32,-1,111,-1,88
1,<environment.Job instance at 0x7f6476900870>,0,28,[9 3],1,-1,29,-1,1
1,<environment.Job instance at 0x7f646d2b6c80>,1,22,[11  3],2,-1,24,-1,2
1,<environment.Job instance at 0x7f646d2b6910>,3,3,[ 4 14],4,-1,7,-1,4
1,<environment.Job instance at 0x7f646d2c4640>,8,22,[14  3],9,-1,31,-1,9
1,<environment.Job instance at 0x7f646d2c4960>,9,18,[ 2 13],10,-1,28,-1,10
1,<environment.Job instance at 0x7f646d2c4a00>,10,18,[ 3 11],11,-1,29,-1,11
1,<environment.Job instance at 0x7f646d2c4c30>,13,28,[ 4 14],14,-1,42,-1,14
1,<environment.Job instance at 0x7f646d2c4460>,5,24,[1 5],6,-1,43,-1,19
1,<environment.Job instance at 0x7f646d2c45f0>,7,25,[6 2],8,-1,50,-1,25
1,<environment.Job instance at 0x7f646d2e78c0>,17,28,[ 5 10],18,-1,54,-1,26
1,<environment.Job instance at 0x7f646d2e76e0>,18,3,[ 4 13],19,-1,29,-1,26
1,<environment.Job instance at 0x7f646d2ffc30>,19,14,[ 3 11],20,-1,40,-1,26
1,<environment.Job instance at 0x7f646d3019b0>,20,1,[13  5],21,-1,27,-1,26
1,<environment.Job instance at 0x7f646d3c4460>,23,27,[ 1 14],24,-1,53,-1,26
1,<environment.Job instance at 0x7f646d30e910>,25,27,[8 1],26,-1,67,-1,40
1,<environment.Job instance at 0x7f646d464370>,26,26,[5 5],27,-1,69,-1,43
1,<environment.Job instance at 0x7f646d2ae410>,29,25,[ 4 11],30,-1,68,-1,43
1,<environment.Job instance at 0x7f646d2ae8c0>,30,22,[ 5 13],31,-1,65,-1,43
1,<environment.Job instance at 0x7f646d464190>,28,25,[5 7],29,-1,68,-1,43
1,<environment.Job instance at 0x7f646d3ac7d0>,33,1,[11  3],34,-1,44,-1,43
1,<environment.Job instance at 0x7f646d2aee60>,31,27,[4 8],32,-1,72,-1,45
1,<environment.Job instance at 0x7f646d2ae190>,37,13,[ 3 14],38,-1,58,-1,45
1,<environment.Job instance at 0x7f646d466f50>,38,28,[ 2 12],39,-1,73,-1,45
1,<environment.Job instance at 0x7f646d385550>,40,24,[5 6],41,-1,71,-1,47
1,<environment.Job instance at 0x7f646d457c30>,42,27,[5 2],43,-1,74,-1,47
1,<environment.Job instance at 0x7f646d3ed0f0>,45,24,[ 1 13],46,-1,80,-1,56
1,<environment.Job instance at 0x7f646d3b1190>,47,17,[12  2],48,-1,80,-1,63
1,<environment.Job instance at 0x7f646d3d6aa0>,50,16,[ 2 11],51,-1,87,-1,71
1,<environment.Job instance at 0x7f646d4d57d0>,51,16,[12  2],52,-1,87,-1,71
1,<environment.Job instance at 0x7f646d3dbf00>,53,27,[8 5],54,-1,103,-1,76
1,<environment.Job instance at 0x7f646d3dac80>,55,13,[13  1],56,-1,89,-1,76
1,<environment.Job instance at 0x7f646ca00820>,0,19,[8 2],1,-1,21,-1,2
1,<environment.Job instance at 0x7f646ca00e60>,2,27,[5 6],3,-1,30,-1,3
1,<environment.Job instance at 0x7f646d378a00>,2,27,[5 6],3,-1,30,-1,3
1,<environment.Job instance at 0x7f6476946140>,3,24,[12  3],4,-1,28,-1,4
1,<environment.Job instance at 0x7f646cb578c0>,4,22,[12  5],5,-1,27,-1,5
1,<environment.Job instance at 0x7f646cb657d0>,5,18,[12  4],6,-1,24,-1,6
1,<environment.Job instance at 0x7f646cb1be10>,6,17,[ 5 13],7,-1,24,-1,7
1,<environment.Job instance at 0x7f646cb0d870>,7,23,[14  4],8,-1,31,-1,8
1,<environment.Job instance at 0x7f646cad8640>,12,26,[ 5 12],13,-1,39,-1,13
1,<environment.Job instance at 0x7f646cbd8b90>,14,15,[12  1],15,-1,35,-1,20
1,<environment.Job instance at 0x7f646cadb2d0>,15,14,[ 2 11],16,-1,34,-1,20
1,<environment.Job instance at 0x7f646cadbaf0>,17,3,[ 1 12],18,-1,23,-1,20
1,<environment.Job instance at 0x7f646cadb280>,19,14,[ 3 14],20,-1,35,-1,21
1,<environment.Job instance at 0x7f646cb0f460>,22,27,[2 6],23,-1,60,-1,33
1,<environment.Job instance at 0x7f646cb0fe60>,23,24,[ 2 14],24,-1,57,-1,33
1,<environment.Job instance at 0x7f646ca67d20>,25,1,[ 3 12],26,-1,34,-1,33
1,<environment.Job instance at 0x7f646ca675f0>,26,18,[13  4],27,-1,51,-1,33
1,<environment.Job instance at 0x7f646ca6baa0>,27,1,[ 4 11],28,-1,34,-1,33
1,<environment.Job instance at 0x7f646ca6b960>,28,23,[ 2 14],29,-1,56,-1,33
1,<environment.Job instance at 0x7f646cafc960>,34,28,[5 6],35,-1,79,-1,51
1,<environment.Job instance at 0x7f646ca76410>,36,19,[11  3],37,-1,70,-1,51
1,<environment.Job instance at 0x7f646ca7a9b0>,37,20,[14  5],38,-1,71,-1,51
1,<environment.Job instance at 0x7f646cb20c80>,39,3,[ 1 12],40,-1,56,-1,53
1,<environment.Job instance at 0x7f646cb20be0>,40,16,[ 2 14],41,-1,69,-1,53
1,<environment.Job instance at 0x7f646ca7d820>,43,25,[6 1],44,-1,90,-1,65
1,<environment.Job instance at 0x7f646ca7de60>,44,20,[ 1 14],45,-1,85,-1,65
1,<environment.Job instance at 0x7f646ca7d370>,46,17,[14  2],47,-1,82,-1,65
1,<environment.Job instance at 0x7f646cabc050>,48,1,[11  2],49,-1,79,-1,78
1,<environment.Job instance at 0x7f646cabcfa0>,49,23,[ 1 14],50,-1,101,-1,78
1,<environment.Job instance at 0x7f646cabc6e0>,52,14,[13  4],53,-1,93,-1,79
1,<environment.Job instance at 0x7f646cabcd20>,54,22,[12  4],55,-1,104,-1,82
1,<environment.Job instance at 0x7f646cadf190>,55,23,[1 7],56,-1,105,-1,82
1,<environment.Job instance at 0x7f646cadfd70>,57,1,[ 2 14],58,-1,83,-1,82
1,<environment.Job instance at 0x7f646c86af50>,2,24,[7 5],3,-1,27,-1,3
1,<environment.Job instance at 0x7f6476a68be0>,7,15,[3 7],8,-1,23,-1,8
1,<environment.Job instance at 0x7f6476928730>,17,19,[10  5],18,-1,38,-1,19
1,<environment.Job instance at 0x7f6476928960>,18,17,[11  3],19,-1,40,-1,23
1,<environment.Job instance at 0x7f6476928320>,15,16,[11  1],16,-1,40,-1,24
1,<environment.Job instance at 0x7f6476928aa0>,19,14,[ 1 10],20,-1,38,-1,24
1,<environment.Job instance at 0x7f6476928280>,20,25,[6 2],21,-1,50,-1,25
1,<environment.Job instance at 0x7f646c8c25f0>,24,16,[3 8],25,-1,42,-1,26
1,<environment.Job instance at 0x7f646c8c2d70>,26,16,[9 2],27,-1,44,-1,28
1,<environment.Job instance at 0x7f646c8c2eb0>,31,20,[1 7],32,-1,56,-1,36
1,<environment.Job instance at 0x7f646c8c27d0>,32,26,[ 4 10],33,-1,62,-1,36
1,<environment.Job instance at 0x7f646c8c2e10>,33,26,[8 3],34,-1,62,-1,36
1,<environment.Job instance at 0x7f646c8c2960>,30,27,[14  3],31,-1,121,-1,94
1,<environment.Job instance at 0x7f646c8b4cd0>,42,20,[9 3],43,-1,114,-1,94
1,<environment.Job instance at 0x7f646c900b90>,2,24,[7 5],3,-1,27,-1,3
1,<environment.Job instance at 0x7f6476a680f0>,4,28,[2 7],5,-1,35,-1,7
1,<environment.Job instance at 0x7f64769286e0>,5,28,[9 2],6,-1,35,-1,7
1,<environment.Job instance at 0x7f646c8c2550>,10,20,[ 3 13],11,-1,31,-1,11
1,<environment.Job instance at 0x7f646c93a730>,11,1,[ 2 14],12,-1,13,-1,12
1,<environment.Job instance at 0x7f646c900d70>,12,2,[12  2],13,-1,15,-1,13
1,<environment.Job instance at 0x7f646c86a7d0>,15,16,[11  1],16,-1,32,-1,16
1,<environment.Job instance at 0x7f646c8ed500>,18,17,[11  3],19,-1,36,-1,19
1,<environment.Job instance at 0x7f646c86a870>,20,25,[6 2],21,-1,54,-1,29
1,<environment.Job instance at 0x7f646c8ed0a0>,21,18,[12  4],22,-1,47,-1,29
1,<environment.Job instance at 0x7f646c8ed5a0>,23,26,[11  5],24,-1,55,-1,29
1,<environment.Job instance at 0x7f646c8abe60>,27,15,[13  5],28,-1,57,-1,42
1,<environment.Job instance at 0x7f646c8ab780>,30,27,[14  3],31,-1,83,-1,56
1,<environment.Job instance at 0x7f646c8abfa0>,32,26,[ 4 10],33,-1,95,-1,69
1,<environment.Job instance at 0x7f646c8ab7d0>,33,26,[8 3],34,-1,95,-1,69
1,<environment.Job instance at 0x7f646c8ab820>,34,1,[12  1],35,-1,70,-1,69
1,<environment.Job instance at 0x7f646c8ab640>,35,19,[ 2 13],36,-1,88,-1,69
1,<environment.Job instance at 0x7f646c8ab1e0>,36,22,[11  1],37,-1,91,-1,69
1,<environment.Job instance at 0x7f646c8ab870>,37,22,[ 1 13],38,-1,91,-1,69
1,<environment.Job instance at 0x7f646c8a8af0>,40,23,[7 3],41,-1,92,-1,69
1,<environment.Job instance at 0x7f646c8a8be0>,43,24,[14  3],44,-1,107,-1,83
1,<environment.Job instance at 0x7f646c8a8b90>,45,21,[12  3],46,-1,108,-1,87
1,<environment.Job instance at 0x7f646c8a8640>,47,28,[4 5],48,-1,118,-1,90
1,<environment.Job instance at 0x7f646c8a80f0>,49,22,[14  1],50,-1,112,-1,90
1,<environment.Job instance at 0x7f646c8a6a50>,50,3,[11  3],51,-1,93,-1,90
1,<environment.Job instance at 0x7f646c8a65f0>,51,27,[ 4 13],52,-1,117,-1,90
1,<environment.Job instance at 0x7f646c8a6780>,52,26,[8 4],53,-1,119,-1,93
1,<environment.Job instance at 0x7f646c8a62d0>,55,16,[14  1],56,-1,109,-1,93
1,<environment.Job instance at 0x7f646d77a500>,0,25,[4 5],1,-1,26,-1,1
1,<environment.Job instance at 0x7f646d77a0a0>,1,25,[6 3],2,-1,27,-1,2
1,<environment.Job instance at 0x7f646d77afa0>,3,17,[9 4],4,-1,22,-1,5
1,<environment.Job instance at 0x7f646c8729b0>,4,13,[12  4],5,-1,18,-1,5
1,<environment.Job instance at 0x7f646d77a190>,8,22,[3 9],9,-1,32,-1,10
1,<environment.Job instance at 0x7f646d77a1e0>,9,16,[11  1],10,-1,26,-1,10
1,<environment.Job instance at 0x7f646d625140>,15,18,[10  5],16,-1,34,-1,16
1,<environment.Job instance at 0x7f646d625eb0>,17,24,[2 7],18,-1,43,-1,19
1,<environment.Job instance at 0x7f646d77ad20>,18,16,[11  2],19,-1,35,-1,19
1,<environment.Job instance at 0x7f646d6252d0>,21,17,[5 5],22,-1,40,-1,23
1,<environment.Job instance at 0x7f646c8ab1e0>,0,25,[4 5],1,-1,26,-1,1
1,<environment.Job instance at 0x7f646c8abf00>,1,25,[6 3],2,-1,27,-1,2
1,<environment.Job instance at 0x7f646c8ab7d0>,2,2,[11  1],3,-1,5,-1,3
1,<environment.Job instance at 0x7f646c8ab870>,4,13,[12  4],5,-1,18,-1,5
1,<environment.Job instance at 0x7f646c8ab780>,6,13,[ 1 13],7,-1,20,-1,7
1,<environment.Job instance at 0x7f646c8abe60>,7,26,[ 1 13],8,-1,34,-1,8
1,<environment.Job instance at 0x7f646c8ab550>,9,16,[11  1],10,-1,26,-1,10
1,<environment.Job instance at 0x7f646c8ab460>,10,14,[14  2],11,-1,25,-1,11
1,<environment.Job instance at 0x7f6476928e10>,16,2,[ 5 13],17,-1,23,-1,21
1,<environment.Job instance at 0x7f6476a685f0>,18,16,[11  2],19,-1,37,-1,21
1,<environment.Job instance at 0x7f6476a68640>,19,22,[ 2 12],20,-1,43,-1,21
1,<environment.Job instance at 0x7f646d625910>,17,24,[2 7],18,-1,55,-1,31
1,<environment.Job instance at 0x7f646c8c2690>,14,25,[2 8],15,-1,56,-1,31
1,<environment.Job instance at 0x7f646d77a230>,23,18,[12  1],24,-1,49,-1,31
1,<environment.Job instance at 0x7f646d6fe550>,26,25,[8 5],27,-1,70,-1,45
1,<environment.Job instance at 0x7f646d6fe640>,29,18,[ 2 14],30,-1,63,-1,45
1,<environment.Job instance at 0x7f646d6fe370>,30,24,[9 1],31,-1,70,-1,46
1,<environment.Job instance at 0x7f646d6fecd0>,31,25,[7 1],32,-1,71,-1,46
1,<environment.Job instance at 0x7f646d6fe5a0>,32,24,[12  5],33,-1,70,-1,46
1,<environment.Job instance at 0x7f646d6fea00>,33,23,[10  2],34,-1,69,-1,46
1,<environment.Job instance at 0x7f646d7ca140>,34,15,[ 1 11],35,-1,61,-1,46
1,<environment.Job instance at 0x7f646d7cac80>,35,16,[ 5 12],36,-1,62,-1,46
1,<environment.Job instance at 0x7f646d7cab90>,36,27,[ 4 14],37,-1,73,-1,46
1,<environment.Job instance at 0x7f646d7ca960>,37,23,[2 9],38,-1,70,-1,47
1,<environment.Job instance at 0x7f646d7ca8c0>,39,15,[13  1],40,-1,62,-1,47
1,<environment.Job instance at 0x7f646d7caaa0>,44,12,[ 4 12],45,-1,75,-1,63
1,<environment.Job instance at 0x7f646d7cacd0>,45,26,[10  2],46,-1,92,-1,66
1,<environment.Job instance at 0x7f646d7ca050>,46,22,[ 4 13],47,-1,88,-1,66
1,<environment.Job instance at 0x7f646d7cadc0>,47,16,[14  5],48,-1,82,-1,66
1,<environment.Job instance at 0x7f646d69d460>,51,2,[13  1],52,-1,68,-1,66
1,<environment.Job instance at 0x7f646d69d320>,52,27,[1 9],53,-1,107,-1,80
1,<environment.Job instance at 0x7f646d69db40>,56,27,[9 5],57,-1,110,-1,83
1,<environment.Job instance at 0x7f646ca5d050>,0,21,[7 4],1,-1,22,-1,1
1,<environment.Job instance at 0x7f646de17690>,4,22,[1 7],5,-1,27,-1,5
1,<environment.Job instance at 0x7f646c91beb0>,11,16,[5 9],12,-1,28,-1,12
1,<environment.Job instance at 0x7f646ddf9690>,14,17,[8 4],15,-1,33,-1,16
1,<environment.Job instance at 0x7f646d6fde10>,1,2,[ 2 14],2,-1,4,-1,2
1,<environment.Job instance at 0x7f646d6fd7d0>,2,17,[ 5 14],3,-1,20,-1,3
1,<environment.Job instance at 0x7f646d6fd550>,3,3,[ 2 11],4,-1,7,-1,4
1,<environment.Job instance at 0x7f646d6fd5f0>,5,2,[12  2],6,-1,8,-1,6
1,<environment.Job instance at 0x7f646d6fdf00>,7,17,[14  5],8,-1,25,-1,8
1,<environment.Job instance at 0x7f646d4051e0>,8,2,[13  3],9,-1,11,-1,9
1,<environment.Job instance at 0x7f646d405460>,9,22,[12  3],10,-1,32,-1,10
1,<environment.Job instance at 0x7f646d405370>,15,28,[10  3],16,-1,67,-1,39
1,<environment.Job instance at 0x7f646d4059b0>,20,25,[14  4],21,-1,64,-1,39
1,<environment.Job instance at 0x7f646d69d230>,26,24,[14  2],27,-1,70,-1,46
1,<environment.Job instance at 0x7f646d69d1e0>,27,3,[ 5 11],28,-1,49,-1,46
1,<environment.Job instance at 0x7f646d69d280>,28,2,[ 2 12],29,-1,48,-1,46
1,<environment.Job instance at 0x7f646d69d500>,29,23,[ 4 11],30,-1,69,-1,46
1,<environment.Job instance at 0x7f646d69d190>,31,23,[ 3 13],32,-1,70,-1,47
1,<environment.Job instance at 0x7f646d69d820>,34,24,[ 3 10],35,-1,83,-1,59
1,<environment.Job instance at 0x7f646d7ca870>,39,14,[ 1 14],40,-1,87,-1,73
1,<environment.Job instance at 0x7f646d7cacd0>,40,25,[5 8],41,-1,109,-1,84
1,<environment.Job instance at 0x7f646d7ca460>,41,27,[7 4],42,-1,111,-1,84
1,<environment.Job instance at 0x7f646d7ca190>,46,16,[12  4],47,-1,103,-1,87
1,<environment.Job instance at 0x7f646d0d34b0>,14,3,[13  1],15,-1,18,-1,15
1,<environment.Job instance at 0x7f646d703640>,17,18,[5 9],18,-1,48,-1,30
1,<environment.Job instance at 0x7f646d703a50>,13,22,[10  2],14,-1,52,-1,30
1,<environment.Job instance at 0x7f646d7256e0>,28,14,[12  4],29,-1,78,-1,64
1,<environment.Job instance at 0x7f646d7035a0>,16,18,[7 5],17,-1,90,-1,72
1,<environment.Job instance at 0x7f646d0d5af0>,29,18,[3 6],30,-1,91,-1,73
1,<environment.Job instance at 0x7f646d1315f0>,1,3,[ 5 12],2,-1,5,-1,2
1,<environment.Job instance at 0x7f646de17410>,3,21,[ 2 11],4,-1,25,-1,4
1,<environment.Job instance at 0x7f646ca5db90>,4,1,[14  3],5,-1,6,-1,5
1,<environment.Job instance at 0x7f646c9ae780>,7,19,[11  1],8,-1,27,-1,8
1,<environment.Job instance at 0x7f646d0d4d70>,12,19,[ 5 14],13,-1,32,-1,13
1,<environment.Job instance at 0x7f646d0d4370>,14,3,[13  1],15,-1,18,-1,15
1,<environment.Job instance at 0x7f646ccfff50>,11,27,[1 8],12,-1,48,-1,21
1,<environment.Job instance at 0x7f646cd03050>,18,3,[ 1 13],19,-1,24,-1,21
1,<environment.Job instance at 0x7f646cd03410>,27,15,[13  1],28,-1,57,-1,42
1,<environment.Job instance at 0x7f646cd03af0>,28,14,[12  4],29,-1,56,-1,42
1,<environment.Job instance at 0x7f646d73a640>,31,25,[ 3 14],32,-1,76,-1,51
1,<environment.Job instance at 0x7f646d73a050>,32,14,[14  3],33,-1,65,-1,51
1,<environment.Job instance at 0x7f646d73a6e0>,34,14,[ 5 14],35,-1,66,-1,52
1,<environment.Job instance at 0x7f646d73acd0>,39,24,[6 5],40,-1,109,-1,85
1,<environment.Job instance at 0x7f646d73ae60>,42,1,[ 4 14],43,-1,89,-1,88
1,<environment.Job instance at 0x7f646d73a960>,43,25,[12  3],44,-1,113,-1,88
1,<environment.Job instance at 0x7f646cd22f50>,1,16,[1 8],2,-1,18,-1,2
1,<environment.Job instance at 0x7f646d10c7d0>,3,18,[ 3 10],4,-1,22,-1,4
1,<environment.Job instance at 0x7f646d10c1e0>,4,26,[1 5],5,-1,31,-1,5
1,<environment.Job instance at 0x7f646d10cfa0>,5,22,[11  4],6,-1,28,-1,6
1,<environment.Job instance at 0x7f646d10c190>,7,23,[ 4 10],8,-1,31,-1,8
1,<environment.Job instance at 0x7f646cd17280>,5,22,[11  4],6,-1,28,-1,6
1,<environment.Job instance at 0x7f646d0ced70>,6,21,[11  3],7,-1,28,-1,7
1,<environment.Job instance at 0x7f646cd17500>,8,19,[14  3],9,-1,28,-1,9
1,<environment.Job instance at 0x7f646d0ce780>,10,15,[11  4],11,-1,26,-1,11
1,<environment.Job instance at 0x7f646d0ce910>,11,17,[11  1],12,-1,29,-1,12
1,<environment.Job instance at 0x7f646d0cef00>,12,2,[ 1 14],13,-1,15,-1,13
1,<environment.Job instance at 0x7f646d0cea00>,13,12,[13  2],14,-1,26,-1,14
1,<environment.Job instance at 0x7f646cd17820>,4,26,[1 5],5,-1,42,-1,16
1,<environment.Job instance at 0x7f646d0cea50>,15,15,[ 2 11],16,-1,31,-1,16
1,<environment.Job instance at 0x7f646d0ce640>,16,23,[7 4],17,-1,40,-1,17
1,<environment.Job instance at 0x7f646d0ce870>,7,23,[ 4 10],8,-1,41,-1,18
1,<environment.Job instance at 0x7f646cff6780>,25,25,[12  3],26,-1,61,-1,36
1,<environment.Job instance at 0x7f646cff6960>,24,28,[10  3],25,-1,79,-1,51
1,<environment.Job instance at 0x7f646cff6c80>,30,16,[14  3],31,-1,67,-1,51
1,<environment.Job instance at 0x7f646cff65a0>,36,21,[12  5],37,-1,86,-1,65
1,<environment.Job instance at 0x7f646cff6b40>,39,24,[11  4],40,-1,102,-1,78
1,<environment.Job instance at 0x7f646cff6550>,38,25,[6 1],39,-1,105,-1,80
1,<environment.Job instance at 0x7f646cff6af0>,41,27,[5 1],42,-1,107,-1,80
1,<environment.Job instance at 0x7f646d73a4b0>,43,17,[14  5],44,-1,97,-1,80
1,<environment.Job instance at 0x7f646d73ae60>,46,25,[8 3],47,-1,122,-1,97
1,<environment.Job instance at 0x7f646d73a370>,47,13,[13  1],48,-1,110,-1,97
1,<environment.Job instance at 0x7f646de92820>,0,20,[5 6],1,-1,21,-1,1
1,<environment.Job instance at 0x7f646cd176e0>,5,26,[13  4],6,-1,32,-1,6
1,<environment.Job instance at 0x7f646cd93320>,1,1,[ 5 13],2,-1,3,-1,2
1,<environment.Job instance at 0x7f646d111a00>,2,25,[13  4],3,-1,28,-1,3
1,<environment.Job instance at 0x7f646d0d3050>,3,3,[14  1],4,-1,7,-1,4
1,<environment.Job instance at 0x7f646cfebbe0>,5,26,[13  4],6,-1,32,-1,6
1,<environment.Job instance at 0x7f646cd933c0>,7,21,[ 2 13],8,-1,29,-1,8
1,<environment.Job instance at 0x7f646cd03910>,8,16,[ 3 14],9,-1,25,-1,9
1,<environment.Job instance at 0x7f646cd03f50>,9,16,[ 1 11],10,-1,26,-1,10
1,<environment.Job instance at 0x7f646cfebfa0>,11,24,[ 2 13],12,-1,36,-1,12
1,<environment.Job instance at 0x7f646cd03230>,12,18,[13  3],13,-1,31,-1,13
1,<environment.Job instance at 0x7f646cd034b0>,15,16,[ 1 12],16,-1,32,-1,16
1,<environment.Job instance at 0x7f646cd03410>,17,26,[8 4],18,-1,45,-1,19
1,<environment.Job instance at 0x7f646cd03320>,18,16,[ 3 13],19,-1,35,-1,19
1,<environment.Job instance at 0x7f646d73a730>,21,28,[ 5 12],22,-1,50,-1,22
1,<environment.Job instance at 0x7f646d73a460>,22,28,[2 6],23,-1,60,-1,32
1,<environment.Job instance at 0x7f646d73a320>,24,28,[ 1 11],25,-1,60,-1,32
1,<environment.Job instance at 0x7f646d73a0a0>,26,23,[11  3],27,-1,55,-1,32
1,<environment.Job instance at 0x7f646d73a230>,27,14,[13  5],28,-1,46,-1,32
1,<environment.Job instance at 0x7f646d73a1e0>,31,13,[12  5],32,-1,49,-1,36
1,<environment.Job instance at 0x7f646d73aaa0>,33,16,[11  4],34,-1,66,-1,50
1,<environment.Job instance at 0x7f646d73a640>,34,3,[ 5 14],35,-1,53,-1,50
1,<environment.Job instance at 0x7f646d73a780>,35,27,[6 1],36,-1,78,-1,51
1,<environment.Job instance at 0x7f646cff67d0>,38,3,[13  4],39,-1,67,-1,64
1,<environment.Job instance at 0x7f646cff6640>,41,27,[5 1],42,-1,92,-1,65
1,<environment.Job instance at 0x7f646cff68c0>,46,12,[14  1],47,-1,110,-1,98
1,<environment.Job instance at 0x7f646cff65f0>,47,18,[ 3 13],48,-1,116,-1,98
1,<environment.Job instance at 0x7f646db94c80>,7,27,[5 7],8,-1,42,-1,15
1,<environment.Job instance at 0x7f646db94460>,4,17,[10  5],5,-1,39,-1,22
1,<environment.Job instance at 0x7f646da0f550>,21,16,[2 8],22,-1,38,-1,22
1,<environment.Job instance at 0x7f646da0f410>,22,25,[2 7],23,-1,58,-1,33
1,<environment.Job instance at 0x7f646da0f870>,25,21,[9 4],26,-1,54,-1,33
1,<environment.Job instance at 0x7f646db94f50>,18,27,[4 9],19,-1,61,-1,34
1,<environment.Job instance at 0x7f646da0f190>,26,20,[5 9],27,-1,60,-1,40
1,<environment.Job instance at 0x7f646da0f3c0>,24,12,[11  5],25,-1,52,-1,40
1,<environment.Job instance at 0x7f646d227690>,29,20,[11  5],30,-1,60,-1,40
1,<environment.Job instance at 0x7f646d2276e0>,31,18,[9 3],32,-1,58,-1,40
1,<environment.Job instance at 0x7f646da0f5a0>,27,21,[12  5],28,-1,61,-1,40
1,<environment.Job instance at 0x7f646d227870>,32,28,[5 7],33,-1,69,-1,41
1,<environment.Job instance at 0x7f646da0fd20>,23,17,[8 1],24,-1,62,-1,45
1,<environment.Job instance at 0x7f646d2270f0>,33,12,[ 4 11],34,-1,59,-1,47
1,<environment.Job instance at 0x7f646d227050>,36,22,[ 4 10],37,-1,70,-1,48
1,<environment.Job instance at 0x7f646d227d20>,37,22,[13  5],38,-1,70,-1,48
1,<environment.Job instance at 0x7f646d2271e0>,38,28,[13  2],39,-1,76,-1,48
1,<environment.Job instance at 0x7f646d227aa0>,35,21,[ 1 12],36,-1,69,-1,48
1,<environment.Job instance at 0x7f646d227f00>,40,24,[7 3],41,-1,73,-1,49
1,<environment.Job instance at 0x7f646db947d0>,9,21,[12  3],10,-1,70,-1,49
1,<environment.Job instance at 0x7f646d227370>,39,13,[8 3],40,-1,62,-1,49
1,<environment.Job instance at 0x7f646cdf1cd0>,44,23,[1 5],45,-1,72,-1,49
1,<environment.Job instance at 0x7f646cf68be0>,0,24,[11  5],1,-1,25,-1,1
1,<environment.Job instance at 0x7f646cf68a00>,6,18,[14  2],7,-1,25,-1,7
1,<environment.Job instance at 0x7f646d7569b0>,9,21,[12  3],10,-1,31,-1,10
1,<environment.Job instance at 0x7f646d99b3c0>,10,1,[ 5 12],11,-1,12,-1,11
1,<environment.Job instance at 0x7f646d756460>,12,16,[ 2 13],13,-1,29,-1,13
1,<environment.Job instance at 0x7f646d8fa0f0>,7,27,[5 7],8,-1,49,-1,22
1,<environment.Job instance at 0x7f646c8a80a0>,15,13,[14  1],16,-1,35,-1,22
1,<environment.Job instance at 0x7f646c8a8c80>,16,3,[ 5 13],17,-1,25,-1,22
1,<environment.Job instance at 0x7f646dc14b40>,17,20,[ 2 13],18,-1,42,-1,22
1,<environment.Job instance at 0x7f646d0c54b0>,18,27,[4 9],19,-1,49,-1,22
1,<environment.Job instance at 0x7f646d0c5410>,19,3,[ 2 13],20,-1,25,-1,22
1,<environment.Job instance at 0x7f646d3502d0>,20,2,[ 4 12],21,-1,24,-1,22
1,<environment.Job instance at 0x7f646cf09280>,22,25,[2 7],23,-1,49,-1,24
1,<environment.Job instance at 0x7f646ddccfa0>,24,12,[11  5],25,-1,37,-1,25
1,<environment.Job instance at 0x7f646cf59730>,27,21,[12  5],28,-1,56,-1,35
1,<environment.Job instance at 0x7f646caa0870>,29,20,[11  5],30,-1,55,-1,35
1,<environment.Job instance at 0x7f646d0ceeb0>,32,28,[5 7],33,-1,76,-1,48
1,<environment.Job instance at 0x7f646d0ceaa0>,33,12,[ 4 11],34,-1,60,-1,48
1,<environment.Job instance at 0x7f646d0ce780>,34,25,[13  4],35,-1,73,-1,48
1,<environment.Job instance at 0x7f646d0ce410>,35,21,[ 1 12],36,-1,69,-1,48
1,<environment.Job instance at 0x7f646d0ce5f0>,37,22,[13  5],38,-1,70,-1,48
1,<environment.Job instance at 0x7f646d0ce640>,38,28,[13  2],39,-1,76,-1,48
1,<environment.Job instance at 0x7f646d0ce5a0>,40,24,[7 3],41,-1,85,-1,61
1,<environment.Job instance at 0x7f646d0ceaf0>,42,26,[5 8],43,-1,90,-1,64
1,<environment.Job instance at 0x7f646d0ce0a0>,44,23,[1 5],45,-1,87,-1,64
1,<environment.Job instance at 0x7f646d6dbb90>,46,2,[ 5 13],47,-1,66,-1,64
1,<environment.Job instance at 0x7f646cfab050>,47,13,[ 1 14],48,-1,77,-1,64
1,<environment.Job instance at 0x7f646dd20c30>,50,21,[13  2],51,-1,98,-1,77
1,<environment.Job instance at 0x7f646d02a280>,52,18,[ 2 11],53,-1,96,-1,78
1,<environment.Job instance at 0x7f646cd69f50>,54,3,[11  2],55,-1,82,-1,79
1,<environment.Job instance at 0x7f646da6ca50>,55,3,[14  5],56,-1,82,-1,79
1,<environment.Job instance at 0x7f646cee85a0>,59,18,[ 5 14],60,-1,100,-1,82
1,<environment.Job instance at 0x7f646de36af0>,60,17,[ 3 13],61,-1,99,-1,82
1,<environment.Job instance at 0x7f646d6c1910>,61,23,[13  3],62,-1,105,-1,82
1,<environment.Job instance at 0x7f646de36b90>,62,18,[ 2 12],63,-1,100,-1,82
1,<environment.Job instance at 0x7f646d197d20>,63,2,[11  1],64,-1,84,-1,82
1,<environment.Job instance at 0x7f646d337eb0>,66,26,[7 4],67,-1,122,-1,96
1,<environment.Job instance at 0x7f646d337320>,67,1,[13  4],68,-1,97,-1,96
1,<environment.Job instance at 0x7f646d337960>,68,13,[ 2 12],69,-1,109,-1,96
1,<environment.Job instance at 0x7f646cc537d0>,8,20,[5 6],9,-1,29,-1,9
1,<environment.Job instance at 0x7f646cc53d70>,9,15,[10  1],10,-1,26,-1,11
1,<environment.Job instance at 0x7f646cc53f50>,11,16,[6 5],12,-1,28,-1,12
1,<environment.Job instance at 0x7f646cc53140>,12,14,[5 4],13,-1,27,-1,13
1,<environment.Job instance at 0x7f64764f9af0>,14,12,[11  4],15,-1,27,-1,15
1,<environment.Job instance at 0x7f64764f93c0>,15,20,[3 7],16,-1,36,-1,16
1,<environment.Job instance at 0x7f64764f9a50>,16,12,[10  1],17,-1,29,-1,17
1,<environment.Job instance at 0x7f64764f9c80>,17,21,[1 7],18,-1,39,-1,18
1,<environment.Job instance at 0x7f64764f9780>,18,16,[9 2],19,-1,35,-1,19
1,<environment.Job instance at 0x7f646d3a8320>,36,23,[8 2],37,-1,87,-1,64
1,<environment.Job instance at 0x7f646cabc2d0>,27,17,[9 2],28,-1,82,-1,65
1,<environment.Job instance at 0x7f646d3a87d0>,40,26,[2 7],41,-1,91,-1,65
1,<environment.Job instance at 0x7f646d3a8190>,41,18,[ 2 10],42,-1,83,-1,65
1,<environment.Job instance at 0x7f646d3a8690>,42,17,[8 3],43,-1,82,-1,65
1,<environment.Job instance at 0x7f646d3a8b40>,44,12,[4 8],45,-1,77,-1,65
1,<environment.Job instance at 0x7f646de36140>,0,17,[ 1 13],1,-1,18,-1,1
1,<environment.Job instance at 0x7f646d91eb40>,1,25,[4 9],2,-1,27,-1,2
1,<environment.Job instance at 0x7f646dc925f0>,3,14,[13  3],4,-1,18,-1,4
1,<environment.Job instance at 0x7f646d1dee10>,14,12,[11  4],15,-1,33,-1,21
1,<environment.Job instance at 0x7f646cf79410>,20,17,[ 2 14],21,-1,52,-1,35
1,<environment.Job instance at 0x7f646dea63c0>,22,1,[13  4],23,-1,38,-1,37
1,<environment.Job instance at 0x7f646de911e0>,25,17,[14  2],26,-1,64,-1,47
1,<environment.Job instance at 0x7f646de91690>,26,17,[ 1 12],27,-1,64,-1,47
1,<environment.Job instance at 0x7f646cf9feb0>,29,27,[11  4],30,-1,86,-1,59
1,<environment.Job instance at 0x7f646cf9ffa0>,30,15,[ 2 13],31,-1,74,-1,59
1,<environment.Job instance at 0x7f646d337dc0>,33,16,[11  3],34,-1,78,-1,62
1,<environment.Job instance at 0x7f646d3374b0>,34,25,[6 2],35,-1,88,-1,63
1,<environment.Job instance at 0x7f646d337550>,35,17,[13  1],36,-1,80,-1,63
1,<environment.Job instance at 0x7f646d337320>,36,23,[8 2],37,-1,86,-1,63
1,<environment.Job instance at 0x7f646d24a1e0>,37,26,[ 2 11],38,-1,89,-1,63
1,<environment.Job instance at 0x7f646dec1a50>,39,1,[11  4],40,-1,64,-1,63
1,<environment.Job instance at 0x7f646cef2f00>,40,26,[2 7],41,-1,90,-1,64
1,<environment.Job instance at 0x7f646dac4dc0>,43,24,[13  5],44,-1,88,-1,64
1,<environment.Job instance at 0x7f646cd223c0>,45,12,[14  3],46,-1,91,-1,79
1,<environment.Job instance at 0x7f646cba2b40>,48,27,[6 5],49,-1,122,-1,95
1,<environment.Job instance at 0x7f646d70fa00>,50,13,[11  1],51,-1,108,-1,95
1,<environment.Job instance at 0x7f646cf09550>,51,3,[ 2 11],52,-1,98,-1,95
1,<environment.Job instance at 0x7f646d6c71e0>,4,16,[4 9],5,-1,22,-1,6
1,<environment.Job instance at 0x7f646cf8f5a0>,5,22,[6 1],6,-1,29,-1,7
1,<environment.Job instance at 0x7f646cfe0dc0>,9,18,[5 9],10,-1,28,-1,10
1,<environment.Job instance at 0x7f646ce45aa0>,13,17,[10  3],14,-1,32,-1,15
1,<environment.Job instance at 0x7f646cd1c550>,15,16,[8 4],16,-1,32,-1,16
1,<environment.Job instance at 0x7f646d389e60>,17,22,[5 7],18,-1,40,-1,18
1,<environment.Job instance at 0x7f646d389550>,22,17,[8 5],23,-1,40,-1,23
1,<environment.Job instance at 0x7f646c96e2d0>,24,23,[5 5],25,-1,48,-1,25
1,<environment.Job instance at 0x7f646d3aca50>,26,14,[9 5],27,-1,41,-1,27
1,<environment.Job instance at 0x7f646d3acf50>,27,25,[7 3],28,-1,54,-1,29
1,<environment.Job instance at 0x7f646d8fe280>,32,17,[4 7],33,-1,54,-1,37
1,<environment.Job instance at 0x7f646cfebc30>,34,13,[10  5],35,-1,50,-1,37
1,<environment.Job instance at 0x7f646d1eb730>,37,21,[7 1],38,-1,60,-1,39
1,<environment.Job instance at 0x7f6476a720a0>,31,17,[6 4],32,-1,63,-1,46
1,<environment.Job instance at 0x7f646ddaf140>,44,20,[ 2 11],45,-1,100,-1,80
1,<environment.Job instance at 0x7f646d4c91e0>,47,26,[3 7],48,-1,106,-1,80
1,<environment.Job instance at 0x7f646ddaf780>,46,15,[ 4 10],47,-1,95,-1,80
1,<environment.Job instance at 0x7f646ddaf640>,43,14,[5 7],44,-1,96,-1,82
1,<environment.Job instance at 0x7f646d4c9370>,50,20,[4 9],51,-1,102,-1,82
1,<environment.Job instance at 0x7f646d4c9e60>,53,20,[1 8],54,-1,102,-1,82
1,<environment.Job instance at 0x7f6476465aa0>,54,18,[5 4],55,-1,100,-1,82
1,<environment.Job instance at 0x7f646d4c90a0>,56,18,[ 4 10],57,-1,100,-1,82
1,<environment.Job instance at 0x7f6476465780>,55,17,[7 2],56,-1,100,-1,83
1,<environment.Job instance at 0x7f646c6d1910>,59,28,[11  4],60,-1,111,-1,83
1,<environment.Job instance at 0x7f646c6d1370>,58,14,[ 2 12],59,-1,97,-1,83
1,<environment.Job instance at 0x7f646c6d1550>,61,15,[10  5],62,-1,102,-1,87
1,<environment.Job instance at 0x7f646c6d10f0>,62,25,[9 5],63,-1,112,-1,87
1,<environment.Job instance at 0x7f646c6d1dc0>,60,22,[ 5 12],61,-1,109,-1,87
1,<environment.Job instance at 0x7f646c6b7e60>,63,22,[3 8],64,-1,109,-1,87
1,<environment.Job instance at 0x7f646d371730>,68,19,[6 2],69,-1,116,-1,97
1,<environment.Job instance at 0x7f646d371370>,70,27,[3 6],71,-1,124,-1,97
1,<environment.Job instance at 0x7f646dc10820>,0,14,[11  3],1,-1,15,-1,1
1,<environment.Job instance at 0x7f646c4c0640>,2,1,[11  2],3,-1,4,-1,3
1,<environment.Job instance at 0x7f646d753690>,10,2,[14  2],11,-1,13,-1,11
1,<environment.Job instance at 0x7f646c74feb0>,12,23,[ 3 10],13,-1,45,-1,22
1,<environment.Job instance at 0x7f646cf09c80>,16,14,[13  2],17,-1,48,-1,34
1,<environment.Job instance at 0x7f646cf09640>,18,24,[ 1 14],19,-1,59,-1,35
1,<environment.Job instance at 0x7f646cba2b40>,24,23,[5 5],25,-1,75,-1,52
1,<environment.Job instance at 0x7f646cba2320>,25,23,[ 2 12],26,-1,75,-1,52
1,<environment.Job instance at 0x7f646dac43c0>,27,25,[7 3],28,-1,91,-1,66
1,<environment.Job instance at 0x7f646dac4910>,28,1,[12  5],29,-1,67,-1,66
1,<environment.Job instance at 0x7f646cef28c0>,29,13,[11  2],30,-1,79,-1,66
1,<environment.Job instance at 0x7f646d9d3c80>,30,27,[5 2],31,-1,93,-1,66
1,<environment.Job instance at 0x7f646d8da230>,39,3,[ 3 11],40,-1,102,-1,99
1,<environment.Job instance at 0x7f646d02a280>,40,14,[14  1],41,-1,113,-1,99
1,<environment.Job instance at 0x7f646d793a50>,5,28,[9 1],6,-1,35,-1,7
1,<environment.Job instance at 0x7f646d7930f0>,7,18,[2 9],8,-1,26,-1,8
1,<environment.Job instance at 0x7f646d793be0>,8,18,[5 5],9,-1,27,-1,9
1,<environment.Job instance at 0x7f646d793370>,9,14,[ 1 10],10,-1,24,-1,10
1,<environment.Job instance at 0x7f646d793eb0>,10,19,[3 9],11,-1,30,-1,11
1,<environment.Job instance at 0x7f646d41ca00>,6,20,[ 2 10],7,-1,31,-1,11
1,<environment.Job instance at 0x7f646d7938c0>,11,18,[5 2],12,-1,30,-1,12
1,<environment.Job instance at 0x7f646d793a00>,12,16,[7 5],13,-1,30,-1,14
1,<environment.Job instance at 0x7f646d7939b0>,15,25,[9 4],16,-1,42,-1,17
1,<environment.Job instance at 0x7f646d793280>,16,3,[6 3],17,-1,20,-1,17
1,<environment.Job instance at 0x7f6476600640>,18,23,[4 8],19,-1,42,-1,19
1,<environment.Job instance at 0x7f6476600690>,22,15,[12  2],23,-1,54,-1,39
1,<environment.Job instance at 0x7f646d372960>,25,26,[13  3],26,-1,73,-1,47
1,<environment.Job instance at 0x7f646d45da00>,29,19,[3 8],30,-1,86,-1,67
1,<environment.Job instance at 0x7f646d298780>,31,25,[9 5],32,-1,92,-1,67
1,<environment.Job instance at 0x7f646d45d050>,30,18,[11  2],31,-1,85,-1,67
1,<environment.Job instance at 0x7f646d298870>,32,14,[5 9],33,-1,82,-1,68
1,<environment.Job instance at 0x7f646de37aa0>,38,23,[10  3],39,-1,91,-1,68
1,<environment.Job instance at 0x7f646cab6b40>,1,14,[ 4 14],2,-1,16,-1,2
1,<environment.Job instance at 0x7f646caca910>,5,28,[9 1],6,-1,35,-1,7
1,<environment.Job instance at 0x7f646dc6dc80>,17,2,[12  3],18,-1,39,-1,37
1,<environment.Job instance at 0x7f646dc6dcd0>,18,23,[4 8],19,-1,63,-1,40
1,<environment.Job instance at 0x7f646dc70f50>,20,27,[ 5 14],21,-1,67,-1,40
1,<environment.Job instance at 0x7f646d9d8320>,21,17,[14  2],22,-1,57,-1,40
1,<environment.Job instance at 0x7f646dc70f00>,22,15,[12  2],23,-1,55,-1,40
1,<environment.Job instance at 0x7f646d9d8280>,25,26,[13  3],26,-1,84,-1,58
1,<environment.Job instance at 0x7f646dc6a370>,26,23,[9 5],27,-1,81,-1,58
1,<environment.Job instance at 0x7f646dc6ac80>,27,27,[7 3],28,-1,85,-1,58
1,<environment.Job instance at 0x7f646cb64a50>,15,25,[9 4],16,-1,83,-1,58
1,<environment.Job instance at 0x7f646dc4e460>,30,18,[11  2],31,-1,76,-1,58
1,<environment.Job instance at 0x7f646dc4edc0>,31,25,[9 5],32,-1,83,-1,58
1,<environment.Job instance at 0x7f646dc7d820>,34,2,[ 5 12],35,-1,60,-1,58
1,<environment.Job instance at 0x7f646dc7d6e0>,35,23,[6 1],36,-1,83,-1,60
1,<environment.Job instance at 0x7f646dc4d370>,37,2,[ 4 14],38,-1,62,-1,60
1,<environment.Job instance at 0x7f646dc4dc30>,38,23,[10  3],39,-1,86,-1,63
1,<environment.Job instance at 0x7f646d9dca00>,39,14,[ 1 11],40,-1,77,-1,63
1,<environment.Job instance at 0x7f646d9dcf50>,42,23,[ 2 12],43,-1,86,-1,63
1,<environment.Job instance at 0x7f646c5d97d0>,43,27,[8 3],44,-1,103,-1,76
1,<environment.Job instance at 0x7f646dc47690>,48,25,[9 4],49,-1,123,-1,98
1,<environment.Job instance at 0x7f646d651cd0>,1,27,[5 2],2,-1,29,-1,2
1,<environment.Job instance at 0x7f646d651500>,10,19,[5 8],11,-1,30,-1,11
1,<environment.Job instance at 0x7f646d6d4b90>,7,12,[10  1],8,-1,25,-1,13
1,<environment.Job instance at 0x7f646d64e190>,16,21,[11  3],17,-1,38,-1,17
1,<environment.Job instance at 0x7f646d64e460>,18,17,[ 1 10],19,-1,36,-1,19
1,<environment.Job instance at 0x7f646d651280>,8,17,[4 7],9,-1,37,-1,20
1,<environment.Job instance at 0x7f646d64e370>,15,21,[5 8],16,-1,41,-1,20
1,<environment.Job instance at 0x7f646d6516e0>,11,16,[ 1 10],12,-1,36,-1,20
1,<environment.Job instance at 0x7f646d64e5a0>,19,16,[7 4],20,-1,40,-1,24
1,<environment.Job instance at 0x7f646d64eaa0>,25,24,[5 7],26,-1,50,-1,26
1,<environment.Job instance at 0x7f646d64e960>,24,24,[2 8],25,-1,51,-1,27
1,<environment.Job instance at 0x7f646cb721e0>,0,26,[10  3],1,-1,27,-1,1
1,<environment.Job instance at 0x7f646cd06370>,1,27,[5 2],2,-1,29,-1,2
1,<environment.Job instance at 0x7f646cd06050>,2,12,[ 3 13],3,-1,15,-1,3
1,<environment.Job instance at 0x7f646cd06e10>,3,17,[14  5],4,-1,21,-1,4
1,<environment.Job instance at 0x7f646cd06190>,4,15,[14  2],5,-1,20,-1,5
1,<environment.Job instance at 0x7f646cd06dc0>,5,15,[ 1 12],6,-1,21,-1,6
1,<environment.Job instance at 0x7f646cd06e60>,9,12,[ 1 12],10,-1,22,-1,10
1,<environment.Job instance at 0x7f646d0e5820>,16,21,[11  3],17,-1,42,-1,21
1,<environment.Job instance at 0x7f646caa55f0>,20,12,[11  2],21,-1,33,-1,21
1,<environment.Job instance at 0x7f646caa5a00>,21,18,[ 3 11],22,-1,40,-1,22
1,<environment.Job instance at 0x7f646d03bb40>,24,24,[2 8],25,-1,62,-1,38
1,<environment.Job instance at 0x7f646d03ba00>,25,24,[5 7],26,-1,62,-1,38
1,<environment.Job instance at 0x7f646cd033c0>,26,13,[14  2],27,-1,51,-1,38
1,<environment.Job instance at 0x7f646cd03960>,27,12,[ 5 14],28,-1,50,-1,38
1,<environment.Job instance at 0x7f646cd03e10>,28,28,[11  4],29,-1,66,-1,38
1,<environment.Job instance at 0x7f646cd030f0>,30,26,[1 8],31,-1,65,-1,39
1,<environment.Job instance at 0x7f646d8e7be0>,36,15,[ 1 14],37,-1,67,-1,52
1,<environment.Job instance at 0x7f64764c6a00>,37,1,[ 3 13],38,-1,53,-1,52
1,<environment.Job instance at 0x7f646d3c2e60>,38,23,[11  4],39,-1,75,-1,52
1,<environment.Job instance at 0x7f646d8e7e10>,35,24,[5 3],36,-1,79,-1,55
1,<environment.Job instance at 0x7f646cec0c80>,44,26,[9 3],45,-1,97,-1,71
1,<environment.Job instance at 0x7f646ce0f5a0>,46,2,[14  4],47,-1,74,-1,72
1,<environment.Job instance at 0x7f646d0531e0>,49,14,[14  2],50,-1,95,-1,81
1,<environment.Job instance at 0x7f646d053a50>,50,2,[14  4],51,-1,83,-1,81
1,<environment.Job instance at 0x7f646c5d0370>,51,15,[ 4 12],52,-1,96,-1,81
1,<environment.Job instance at 0x7f646c5d00a0>,53,26,[8 3],54,-1,114,-1,88
1,<environment.Job instance at 0x7f646d601be0>,0,28,[6 1],1,-1,29,-1,1
1,<environment.Job instance at 0x7f646d601690>,1,20,[8 3],2,-1,23,-1,3
1,<environment.Job instance at 0x7f646d3721e0>,2,22,[5 2],3,-1,26,-1,4
1,<environment.Job instance at 0x7f646d29af50>,12,18,[10  4],13,-1,35,-1,17
1,<environment.Job instance at 0x7f646d67aa00>,0,28,[6 1],1,-1,29,-1,1
1,<environment.Job instance at 0x7f646ca1f5f0>,3,23,[11  1],4,-1,27,-1,4
1,<environment.Job instance at 0x7f646d9dff00>,5,18,[ 1 13],6,-1,24,-1,6
1,<environment.Job instance at 0x7f646d9dff50>,7,13,[11  3],8,-1,21,-1,8
1,<environment.Job instance at 0x7f646d383a50>,10,2,[14  5],11,-1,13,-1,11
1,<environment.Job instance at 0x7f646d383fa0>,11,26,[13  1],12,-1,38,-1,12
1,<environment.Job instance at 0x7f646d383730>,8,28,[7 5],9,-1,50,-1,22
1,<environment.Job instance at 0x7f646c5d0c30>,18,26,[ 5 12],19,-1,51,-1,25
1,<environment.Job instance at 0x7f646ca87500>,19,26,[2 8],20,-1,51,-1,25
1,<environment.Job instance at 0x7f646ce0f5a0>,22,16,[ 2 13],23,-1,41,-1,25
1,<environment.Job instance at 0x7f646cec0820>,24,13,[13  4],25,-1,38,-1,25
1,<environment.Job instance at 0x7f646cec0230>,25,18,[14  3],26,-1,44,-1,26
1,<environment.Job instance at 0x7f646ce0f0a0>,23,23,[7 1],24,-1,51,-1,28
1,<environment.Job instance at 0x7f64764c6eb0>,27,24,[14  5],28,-1,52,-1,28
1,<environment.Job instance at 0x7f64764c6e10>,28,25,[ 4 12],29,-1,54,-1,29
1,<environment.Job instance at 0x7f646d8e71e0>,30,18,[12  3],31,-1,49,-1,31
1,<environment.Job instance at 0x7f646d38a640>,32,18,[ 2 11],33,-1,51,-1,33
1,<environment.Job instance at 0x7f646d0e5d20>,33,13,[11  3],34,-1,47,-1,34
1,<environment.Job instance at 0x7f646d0e5820>,34,18,[13  2],35,-1,53,-1,35
1,<environment.Job instance at 0x7f646c99d640>,36,23,[ 5 13],37,-1,65,-1,42
1,<environment.Job instance at 0x7f646d0e58c0>,37,23,[2 7],38,-1,65,-1,42
1,<environment.Job instance at 0x7f646d29af00>,38,28,[ 1 10],39,-1,71,-1,43
1,<environment.Job instance at 0x7f64764e4640>,40,12,[ 4 14],41,-1,55,-1,43
1,<environment.Job instance at 0x7f646d7aef00>,46,18,[ 5 11],47,-1,79,-1,61
1,<environment.Job instance at 0x7f646d7aeeb0>,48,1,[12  3],49,-1,62,-1,61
1,<environment.Job instance at 0x7f646d7ae140>,49,25,[13  1],50,-1,86,-1,61
1,<environment.Job instance at 0x7f646d7b8280>,53,1,[14  4],54,-1,62,-1,61
1,<environment.Job instance at 0x7f646d7b8550>,54,17,[13  5],55,-1,78,-1,61
1,<environment.Job instance at 0x7f646d7b8dc0>,56,13,[ 4 11],57,-1,75,-1,62
1,<environment.Job instance at 0x7f646d7b86e0>,60,28,[ 3 10],61,-1,126,-1,98
1,<environment.Job instance at 0x7f646cf50c80>,1,16,[10  4],2,-1,18,-1,2
1,<environment.Job instance at 0x7f646c9356e0>,2,16,[9 2],3,-1,20,-1,4
1,<environment.Job instance at 0x7f646c935910>,5,24,[5 9],6,-1,30,-1,6
1,<environment.Job instance at 0x7f646c935a50>,6,12,[10  5],7,-1,19,-1,7
1,<environment.Job instance at 0x7f646c95f3c0>,10,23,[2 9],11,-1,34,-1,11
1,<environment.Job instance at 0x7f646c95fa50>,12,17,[4 9],13,-1,30,-1,13
1,<environment.Job instance at 0x7f646c95f230>,15,20,[1 5],16,-1,36,-1,16
1,<environment.Job instance at 0x7f646cf55b40>,19,15,[1 9],20,-1,35,-1,20
1,<environment.Job instance at 0x7f646c940460>,22,15,[3 7],23,-1,38,-1,23
1,<environment.Job instance at 0x7f646c9405a0>,24,26,[4 8],25,-1,51,-1,25
1,<environment.Job instance at 0x7f646c9370a0>,25,18,[3 6],26,-1,44,-1,26
1,<environment.Job instance at 0x7f646c937c80>,26,20,[2 9],27,-1,47,-1,27
1,<environment.Job instance at 0x7f646c937d70>,27,15,[4 9],28,-1,43,-1,28
1,<environment.Job instance at 0x7f646c9371e0>,28,15,[1 6],29,-1,44,-1,29
1,<environment.Job instance at 0x7f646c937320>,29,22,[2 9],30,-1,52,-1,30
1,<environment.Job instance at 0x7f646c4b6640>,4,23,[14  2],5,-1,28,-1,5
1,<environment.Job instance at 0x7f646c4b6dc0>,7,28,[ 2 11],8,-1,36,-1,8
1,<environment.Job instance at 0x7f646c4d4c30>,8,3,[14  3],9,-1,12,-1,9
1,<environment.Job instance at 0x7f646d8b9be0>,5,24,[5 9],6,-1,45,-1,21
1,<environment.Job instance at 0x7f646db063c0>,10,23,[2 9],11,-1,44,-1,21
1,<environment.Job instance at 0x7f646c4db5f0>,16,3,[13  3],17,-1,34,-1,31
1,<environment.Job instance at 0x7f646c4bbb40>,17,1,[ 4 14],18,-1,32,-1,31
1,<environment.Job instance at 0x7f646c4bbb90>,18,14,[ 3 14],19,-1,45,-1,31
1,<environment.Job instance at 0x7f646d954cd0>,20,16,[14  1],21,-1,47,-1,31
1,<environment.Job instance at 0x7f646d9627d0>,23,1,[ 5 13],24,-1,37,-1,36
1,<environment.Job instance at 0x7f646d962820>,24,26,[4 8],25,-1,67,-1,41
1,<environment.Job instance at 0x7f646c4a5640>,30,23,[ 5 11],31,-1,89,-1,66
1,<environment.Job instance at 0x7f646d950500>,31,24,[9 1],32,-1,95,-1,71
1,<environment.Job instance at 0x7f646d971a00>,36,26,[11  3],37,-1,110,-1,84
1,<environment.Job instance at 0x7f646d9830a0>,39,3,[ 3 11],40,-1,89,-1,86
1,<environment.Job instance at 0x7f646d9837d0>,38,24,[7 1],39,-1,111,-1,87
1,<environment.Job instance at 0x7f646d9836e0>,43,27,[7 2],44,-1,126,-1,99
1,<environment.Job instance at 0x7f646d9599b0>,44,12,[13  2],45,-1,111,-1,99
1,<environment.Job instance at 0x7f646d9594b0>,46,12,[ 2 14],47,-1,111,-1,99
1,<environment.Job instance at 0x7f646d1b7c30>,47,17,[ 1 12],48,-1,116,-1,99
1,<environment.Job instance at 0x7f646c4e1190>,48,22,[13  4],49,-1,121,-1,99
1,<environment.Job instance at 0x7f646c4e1230>,49,18,[ 5 12],50,-1,117,-1,99
1,<environment.Job instance at 0x7f646db155a0>,50,25,[12  1],51,-1,124,-1,99
1,<environment.Job instance at 0x7f646db157d0>,51,26,[10  2],52,-1,125,-1,99
1,<environment.Job instance at 0x7f646de02280>,0,18,[10  5],1,-1,19,-1,1
1,<environment.Job instance at 0x7f646c8fccd0>,8,19,[5 9],9,-1,29,-1,10
1,<environment.Job instance at 0x7f646c8fb8c0>,11,17,[9 5],12,-1,29,-1,12
1,<environment.Job instance at 0x7f646c8fcf50>,12,14,[2 9],13,-1,27,-1,13
1,<environment.Job instance at 0x7f646c935780>,15,15,[ 1 10],16,-1,31,-1,16
1,<environment.Job instance at 0x7f646de02fa0>,9,15,[10  1],10,-1,32,-1,17
1,<environment.Job instance at 0x7f646c8fb9b0>,17,16,[8 4],18,-1,35,-1,19
1,<environment.Job instance at 0x7f646c935b40>,18,17,[5 5],19,-1,45,-1,28
1,<environment.Job instance at 0x7f646c6d8a50>,23,18,[2 5],24,-1,48,-1,30
1,<environment.Job instance at 0x7f646de022d0>,1,1,[13  2],2,-1,3,-1,2
1,<environment.Job instance at 0x7f646de02c80>,2,14,[13  2],3,-1,17,-1,3
1,<environment.Job instance at 0x7f646de02230>,4,26,[4 7],5,-1,45,-1,19
1,<environment.Job instance at 0x7f646c929370>,13,20,[ 1 14],14,-1,41,-1,21
1,<environment.Job instance at 0x7f646c929d20>,14,1,[ 3 14],15,-1,22,-1,21
1,<environment.Job instance at 0x7f646c95f730>,20,20,[ 5 13],21,-1,59,-1,39
1,<environment.Job instance at 0x7f646c95fdc0>,21,1,[ 5 13],22,-1,40,-1,39
1,<environment.Job instance at 0x7f646c95f640>,22,15,[ 3 13],23,-1,54,-1,39
1,<environment.Job instance at 0x7f646d8b9aa0>,30,25,[5 8],31,-1,108,-1,83
1,<environment.Job instance at 0x7f646d8b9b40>,31,15,[11  2],32,-1,98,-1,83
1,<environment.Job instance at 0x7f646d8b9af0>,32,15,[14  1],33,-1,98,-1,83
1,<environment.Job instance at 0x7f646d8b9640>,33,25,[ 2 10],34,-1,108,-1,83
1,<environment.Job instance at 0x7f646c937e10>,29,24,[8 2],30,-1,107,-1,83
1,<environment.Job instance at 0x7f646d8b9c30>,35,23,[7 1],36,-1,106,-1,83
1,<environment.Job instance at 0x7f646d8b9d20>,36,23,[5 3],37,-1,106,-1,83
1,<environment.Job instance at 0x7f646d8b9960>,37,26,[1 7],38,-1,109,-1,83
1,<environment.Job instance at 0x7f646d8b96e0>,39,13,[ 2 12],40,-1,96,-1,83
1,<environment.Job instance at 0x7f646d8b97d0>,40,27,[ 1 14],41,-1,110,-1,83
1,<environment.Job instance at 0x7f646ce60e10>,43,28,[ 5 13],44,-1,113,-1,85
1,<environment.Job instance at 0x7f646ca60c30>,2,22,[5 4],3,-1,26,-1,4
1,<environment.Job instance at 0x7f646ca60410>,3,19,[7 5],4,-1,23,-1,4
1,<environment.Job instance at 0x7f646ca60960>,14,21,[10  2],15,-1,36,-1,15
1,<environment.Job instance at 0x7f646ca60b90>,8,22,[ 2 12],9,-1,58,-1,36
1,<environment.Job instance at 0x7f646de4ae10>,20,15,[7 1],21,-1,51,-1,36
1,<environment.Job instance at 0x7f646ca60af0>,16,14,[ 3 11],17,-1,50,-1,36
1,<environment.Job instance at 0x7f646de4ad70>,21,12,[8 4],22,-1,48,-1,36
1,<environment.Job instance at 0x7f646de4aaf0>,23,26,[7 4],24,-1,62,-1,36
1,<environment.Job instance at 0x7f646de4a410>,24,22,[10  3],25,-1,58,-1,36
1,<environment.Job instance at 0x7f646de4adc0>,22,15,[ 4 11],23,-1,51,-1,36
1,<environment.Job instance at 0x7f646de4a5a0>,18,12,[ 3 13],19,-1,48,-1,36
1,<environment.Job instance at 0x7f646de4a230>,27,25,[5 8],28,-1,63,-1,38
1,<environment.Job instance at 0x7f646de4a050>,26,22,[4 9],27,-1,60,-1,38
1,<environment.Job instance at 0x7f646de4ab40>,29,14,[5 7],30,-1,52,-1,38
1,<environment.Job instance at 0x7f646de4a370>,25,2,[ 5 11],26,-1,40,-1,38
1,<environment.Job instance at 0x7f646de4ab90>,19,12,[6 2],20,-1,51,-1,39
1,<environment.Job instance at 0x7f646de4af50>,30,15,[6 2],31,-1,54,-1,39
1,<environment.Job instance at 0x7f646de4a550>,32,16,[3 5],33,-1,55,-1,39
1,<environment.Job instance at 0x7f64764a0190>,34,17,[10  4],35,-1,56,-1,39
1,<environment.Job instance at 0x7f646de4a3c0>,28,15,[6 1],29,-1,54,-1,39
1,<environment.Job instance at 0x7f64764a0500>,33,12,[10  5],34,-1,51,-1,39
1,<environment.Job instance at 0x7f64764a04b0>,35,21,[5 6],36,-1,60,-1,39
1,<environment.Job instance at 0x7f64764a0fa0>,38,16,[14  5],39,-1,55,-1,39
1,<environment.Job instance at 0x7f646d2a6230>,39,28,[6 3],40,-1,68,-1,40
1,<environment.Job instance at 0x7f646d2a6b40>,41,16,[8 1],42,-1,88,-1,72
1,<environment.Job instance at 0x7f646c9294b0>,0,23,[13  5],1,-1,24,-1,1
1,<environment.Job instance at 0x7f646c929be0>,1,28,[14  2],2,-1,30,-1,2
1,<environment.Job instance at 0x7f646c929870>,6,22,[13  1],7,-1,29,-1,7
1,<environment.Job instance at 0x7f646c929780>,8,22,[ 2 12],9,-1,31,-1,9
1,<environment.Job instance at 0x7f646de02c80>,13,20,[ 1 14],14,-1,45,-1,25
1,<environment.Job instance at 0x7f647648b230>,15,12,[ 1 14],16,-1,37,-1,25
1,<environment.Job instance at 0x7f646c929fa0>,16,14,[ 3 11],17,-1,39,-1,25
1,<environment.Job instance at 0x7f646de4a7d0>,18,12,[ 3 13],19,-1,37,-1,25
1,<environment.Job instance at 0x7f646d2a6c30>,22,15,[ 4 11],23,-1,43,-1,28
1,<environment.Job instance at 0x7f646ca60a00>,23,26,[7 4],24,-1,69,-1,43
1,<environment.Job instance at 0x7f646ca608c0>,25,2,[ 5 11],26,-1,45,-1,43
1,<environment.Job instance at 0x7f646c8cf190>,27,25,[5 8],28,-1,68,-1,43
1,<environment.Job instance at 0x7f646c8cf5f0>,36,28,[ 3 11],37,-1,100,-1,72
1,<environment.Job instance at 0x7f646c8cf5a0>,38,16,[14  5],39,-1,88,-1,72
1,<environment.Job instance at 0x7f646c8cf690>,40,13,[14  3],41,-1,86,-1,73
1,<environment.Job instance at 0x7f646c8cf410>,39,28,[6 3],40,-1,111,-1,83
1,<environment.Job instance at 0x7f646c8cf8c0>,42,14,[ 2 12],43,-1,97,-1,83
1,<environment.Job instance at 0x7f646cf0d190>,44,21,[ 3 14],45,-1,104,-1,83
1,<environment.Job instance at 0x7f646cf0d550>,46,23,[3 9],47,-1,113,-1,90
1,<environment.Job instance at 0x7f646cf0da50>,48,25,[ 1 14],49,-1,115,-1,90
1,<environment.Job instance at 0x7f646d1577d0>,0,28,[4 9],1,-1,29,-1,1
1,<environment.Job instance at 0x7f646cd45d70>,2,19,[8 4],3,-1,23,-1,4
1,<environment.Job instance at 0x7f646cd55550>,6,17,[3 9],7,-1,24,-1,7
1,<environment.Job instance at 0x7f646cd620a0>,10,18,[1 9],11,-1,29,-1,11
1,<environment.Job instance at 0x7f646cd45af0>,5,12,[3 8],6,-1,23,-1,11
1,<environment.Job instance at 0x7f646cd62190>,16,28,[4 7],17,-1,108,-1,80
1,<environment.Job instance at 0x7f646dc923c0>,0,28,[4 9],1,-1,29,-1,1
1,<environment.Job instance at 0x7f646dc92e60>,1,24,[ 5 13],2,-1,26,-1,2
1,<environment.Job instance at 0x7f646dc92140>,4,1,[14  4],5,-1,6,-1,5
1,<environment.Job instance at 0x7f646dc92a50>,8,25,[14  3],9,-1,34,-1,9
1,<environment.Job instance at 0x7f646dc854b0>,9,27,[14  3],10,-1,37,-1,10
1,<environment.Job instance at 0x7f646dc85190>,15,15,[11  3],16,-1,37,-1,22
1,<environment.Job instance at 0x7f646dc850a0>,16,28,[4 7],17,-1,50,-1,22
1,<environment.Job instance at 0x7f646dc85be0>,18,3,[ 4 13],19,-1,25,-1,22
1,<environment.Job instance at 0x7f646c4bfd70>,21,12,[13  1],22,-1,48,-1,36
1,<environment.Job instance at 0x7f646c4bf500>,23,13,[ 4 13],24,-1,62,-1,49
1,<environment.Job instance at 0x7f646c4bf550>,24,18,[11  5],25,-1,67,-1,49
1,<environment.Job instance at 0x7f646c4bf0f0>,28,25,[5 1],29,-1,90,-1,65
1,<environment.Job instance at 0x7f646c4bf8c0>,30,13,[ 5 13],31,-1,87,-1,74
1,<environment.Job instance at 0x7f646c4bf190>,27,24,[10  4],28,-1,103,-1,79
1,<environment.Job instance at 0x7f646cf0ddc0>,33,23,[7 5],34,-1,102,-1,79
1,<environment.Job instance at 0x7f646cf0d0f0>,34,26,[ 5 13],35,-1,105,-1,79
1,<environment.Job instance at 0x7f646cf0df50>,38,23,[3 5],39,-1,117,-1,94
1,<environment.Job instance at 0x7f646de7ba50>,0,17,[3 6],1,-1,18,-1,1
1,<environment.Job instance at 0x7f646de7be60>,1,17,[ 4 10],2,-1,20,-1,3
1,<environment.Job instance at 0x7f646de4a7d0>,3,19,[ 1 11],4,-1,23,-1,4
1,<environment.Job instance at 0x7f647648b230>,4,26,[5 3],5,-1,31,-1,5
1,<environment.Job instance at 0x7f646d2a6c30>,5,27,[6 1],6,-1,33,-1,6
1,<environment.Job instance at 0x7f646c6a49b0>,7,13,[11  3],8,-1,21,-1,8
1,<environment.Job instance at 0x7f646cd92820>,10,14,[ 2 11],11,-1,25,-1,11
1,<environment.Job instance at 0x7f646c4bf0a0>,12,17,[13  2],13,-1,30,-1,13
1,<environment.Job instance at 0x7f646c4bfeb0>,13,20,[ 1 13],14,-1,34,-1,14
1,<environment.Job instance at 0x7f646c4bfdc0>,14,18,[11  2],15,-1,33,-1,15
1,<environment.Job instance at 0x7f646c4bfaf0>,15,26,[12  4],16,-1,42,-1,16
1,<environment.Job instance at 0x7f646c4bf370>,16,14,[11  2],17,-1,31,-1,17
1,<environment.Job instance at 0x7f646c4bf460>,19,13,[ 1 13],20,-1,39,-1,26
1,<environment.Job instance at 0x7f646de6ec80>,23,2,[ 4 11],24,-1,44,-1,42
1,<environment.Job instance at 0x7f646da888c0>,24,23,[ 2 11],25,-1,65,-1,42
1,<environment.Job instance at 0x7f646c56b320>,32,16,[11  2],33,-1,76,-1,60
1,<environment.Job instance at 0x7f646c56bf00>,34,2,[13  2],35,-1,63,-1,61
1,<environment.Job instance at 0x7f646c56ba00>,38,26,[2 5],39,-1,107,-1,81
1,<environment.Job instance at 0x7f646c56bc80>,39,28,[4 8],40,-1,109,-1,81
1,<environment.Job instance at 0x7f646c61cf00>,40,28,[1 5],41,-1,109,-1,81
1,<environment.Job instance at 0x7f646c61c690>,42,3,[ 5 11],43,-1,84,-1,81
1,<environment.Job instance at 0x7f646c61c410>,43,13,[12  1],44,-1,94,-1,81
1,<environment.Job instance at 0x7f646c61c5f0>,49,15,[ 3 12],50,-1,101,-1,86
1,<environment.Job instance at 0x7f646d243320>,0,17,[5 7],1,-1,18,-1,1
1,<environment.Job instance at 0x7f646cc92d20>,3,15,[9 4],4,-1,21,-1,6
1,<environment.Job instance at 0x7f646cc92dc0>,5,19,[7 3],6,-1,25,-1,6
1,<environment.Job instance at 0x7f646cc92e10>,6,22,[3 5],7,-1,29,-1,7
1,<environment.Job instance at 0x7f646cc92c30>,7,17,[9 3],8,-1,26,-1,9
1,<environment.Job instance at 0x7f646cc87190>,10,21,[2 8],11,-1,32,-1,11
1,<environment.Job instance at 0x7f646cc87410>,13,19,[10  1],14,-1,48,-1,29
1,<environment.Job instance at 0x7f646cc87a00>,20,27,[14  1],21,-1,56,-1,29
1,<environment.Job instance at 0x7f646cc87640>,23,14,[ 1 13],24,-1,43,-1,29
1,<environment.Job instance at 0x7f646cc87aa0>,21,26,[5 6],22,-1,55,-1,29
1,<environment.Job instance at 0x7f646cc87d20>,24,13,[5 8],25,-1,45,-1,32
1,<environment.Job instance at 0x7f646cc87870>,17,17,[8 2],18,-1,49,-1,32
1,<environment.Job instance at 0x7f646cc87d70>,26,24,[12  2],27,-1,56,-1,32
1,<environment.Job instance at 0x7f646cc87b40>,22,13,[7 3],23,-1,45,-1,32
1,<environment.Job instance at 0x7f646cc877d0>,25,26,[11  1],26,-1,59,-1,33
1,<environment.Job instance at 0x7f646cc7e2d0>,32,20,[2 7],33,-1,53,-1,33
1,<environment.Job instance at 0x7f646cc7e460>,33,17,[7 2],34,-1,51,-1,34
1,<environment.Job instance at 0x7f646cc7e3c0>,34,18,[1 8],35,-1,53,-1,35
1,<environment.Job instance at 0x7f646cc7e500>,35,23,[5 9],36,-1,59,-1,36
1,<environment.Job instance at 0x7f646cc7e5a0>,36,23,[9 5],37,-1,60,-1,37
1,<environment.Job instance at 0x7f646cc7e640>,37,18,[1 8],38,-1,56,-1,38
1,<environment.Job instance at 0x7f646cc7e870>,41,20,[10  5],42,-1,70,-1,50
1,<environment.Job instance at 0x7f646cc7ebe0>,44,20,[ 4 11],45,-1,85,-1,65
1,<environment.Job instance at 0x7f646cc7edc0>,47,25,[8 5],48,-1,91,-1,66
1,<environment.Job instance at 0x7f646cc90140>,50,22,[10  4],51,-1,88,-1,66
1,<environment.Job instance at 0x7f646cc90280>,52,18,[3 6],53,-1,90,-1,72
1,<environment.Job instance at 0x7f646cc90460>,55,19,[9 2],56,-1,94,-1,75
1,<environment.Job instance at 0x7f646cc905a0>,57,28,[4 9],58,-1,122,-1,94
1,<environment.Job instance at 0x7f646cc90640>,58,25,[11  1],59,-1,119,-1,94
1,<environment.Job instance at 0x7f646cc90780>,60,21,[7 1],61,-1,115,-1,94
1,<environment.Job instance at 0x7f646cc908c0>,62,16,[7 1],63,-1,110,-1,94
1,<environment.Job instance at 0x7f646cc906e0>,59,20,[1 6],60,-1,115,-1,95
1,<environment.Job instance at 0x7f646d9e1af0>,2,28,[ 1 12],3,-1,31,-1,3
1,<environment.Job instance at 0x7f646de86be0>,14,1,[ 4 12],15,-1,22,-1,21
1,<environment.Job instance at 0x7f646de862d0>,18,17,[ 3 12],19,-1,56,-1,39
1,<environment.Job instance at 0x7f646de86c80>,20,27,[14  1],21,-1,66,-1,39
1,<environment.Job instance at 0x7f646de861e0>,21,26,[5 6],22,-1,67,-1,41
1,<environment.Job instance at 0x7f646de860f0>,23,14,[ 1 13],24,-1,55,-1,41
1,<environment.Job instance at 0x7f646de869b0>,25,26,[11  1],26,-1,67,-1,41
1,<environment.Job instance at 0x7f646d148aa0>,26,24,[12  2],27,-1,65,-1,41
1,<environment.Job instance at 0x7f646d148140>,30,3,[ 5 14],31,-1,59,-1,56
1,<environment.Job instance at 0x7f646d148780>,31,18,[ 3 12],32,-1,74,-1,56
1,<environment.Job instance at 0x7f646d148500>,36,23,[9 5],37,-1,111,-1,88
1,<environment.Job instance at 0x7f646d148e60>,38,26,[ 4 12],39,-1,114,-1,88
1,<environment.Job instance at 0x7f646d1483c0>,39,1,[ 2 14],40,-1,89,-1,88
1,<environment.Job instance at 0x7f646d148870>,40,25,[12  5],41,-1,113,-1,88
1,<environment.Job instance at 0x7f5c84f51a50>,2,22,[4 8],3,-1,25,-1,3
1,<environment.Job instance at 0x7f5c84f51e10>,7,25,[6 2],8,-1,33,-1,8
1,<environment.Job instance at 0x7f5c84f613c0>,0,28,[9 3],1,-1,29,-1,1
1,<environment.Job instance at 0x7f5c84f61460>,1,22,[11  3],2,-1,24,-1,2
1,<environment.Job instance at 0x7f5c84f61640>,3,3,[ 4 14],4,-1,7,-1,4
1,<environment.Job instance at 0x7f5c84f618c0>,8,22,[14  3],9,-1,31,-1,9
1,<environment.Job instance at 0x7f5c84f61be0>,9,18,[ 2 13],10,-1,28,-1,10
1,<environment.Job instance at 0x7f5c84f61c80>,10,18,[ 3 11],11,-1,29,-1,11
1,<environment.Job instance at 0x7f5c84f61eb0>,13,28,[ 4 14],14,-1,42,-1,14
1,<environment.Job instance at 0x7f5c84f616e0>,5,24,[1 5],6,-1,43,-1,19
1,<environment.Job instance at 0x7f5c84f61870>,7,25,[6 2],8,-1,50,-1,25
1,<environment.Job instance at 0x7f5c8506b960>,17,28,[ 5 10],18,-1,54,-1,26
1,<environment.Job instance at 0x7f5c850c3280>,18,3,[ 4 13],19,-1,29,-1,26
1,<environment.Job instance at 0x7f5c84f9c730>,19,14,[ 3 11],20,-1,40,-1,26
1,<environment.Job instance at 0x7f5c85101aa0>,20,1,[13  5],21,-1,27,-1,26
1,<environment.Job instance at 0x7f5c84f49b90>,23,27,[ 1 14],24,-1,53,-1,26
1,<environment.Job instance at 0x7f5c84f49910>,25,27,[8 1],26,-1,67,-1,40
1,<environment.Job instance at 0x7f5c84f497d0>,26,26,[5 5],27,-1,69,-1,43
1,<environment.Job instance at 0x7f5c85095dc0>,29,25,[ 4 11],30,-1,68,-1,43
1,<environment.Job instance at 0x7f5c85018be0>,30,22,[ 5 13],31,-1,65,-1,43
1,<environment.Job instance at 0x7f5c85047eb0>,28,25,[5 7],29,-1,68,-1,43
1,<environment.Job instance at 0x7f5c84f49aa0>,33,1,[11  3],34,-1,44,-1,43
1,<environment.Job instance at 0x7f5c84fe47d0>,31,27,[4 8],32,-1,72,-1,45
1,<environment.Job instance at 0x7f5c850b8230>,37,13,[ 3 14],38,-1,58,-1,45
1,<environment.Job instance at 0x7f5c84fe5550>,38,28,[ 2 12],39,-1,73,-1,45
1,<environment.Job instance at 0x7f5c850718c0>,40,24,[5 6],41,-1,71,-1,47
1,<environment.Job instance at 0x7f5c85170be0>,42,27,[5 2],43,-1,74,-1,47
1,<environment.Job instance at 0x7f5c850f9410>,45,24,[ 1 13],46,-1,80,-1,56
1,<environment.Job instance at 0x7f5c85061e10>,47,17,[12  2],48,-1,80,-1,63
1,<environment.Job instance at 0x7f5c84ff6f50>,50,16,[ 2 11],51,-1,87,-1,71
1,<environment.Job instance at 0x7f5c84ff67d0>,51,16,[12  2],52,-1,87,-1,71
1,<environment.Job instance at 0x7f5c85054c80>,53,27,[8 5],54,-1,103,-1,76
1,<environment.Job instance at 0x7f5c85054e10>,55,13,[13  1],56,-1,89,-1,76
1,<environment.Job instance at 0x7f5c8469ea00>,0,14,[10  4],1,-1,16,-1,2
1,<environment.Job instance at 0x7f5c8469ee10>,5,14,[ 2 11],6,-1,22,-1,8
1,<environment.Job instance at 0x7f5c8469e5f0>,8,19,[9 2],9,-1,28,-1,9
1,<environment.Job instance at 0x7f5c8469e550>,10,17,[ 3 10],11,-1,28,-1,11
1,<environment.Job instance at 0x7f5c8469ea50>,12,27,[2 6],13,-1,40,-1,13
1,<environment.Job instance at 0x7f5c8469f0f0>,14,22,[8 1],15,-1,37,-1,15
1,<environment.Job instance at 0x7f5c847c0280>,20,15,[8 3],21,-1,37,-1,22
1,<environment.Job instance at 0x7f5c85013e10>,2,26,[ 5 12],3,-1,29,-1,3
1,<environment.Job instance at 0x7f5c847b4eb0>,4,15,[12  1],5,-1,20,-1,5
1,<environment.Job instance at 0x7f5c8e5e1140>,5,14,[ 2 11],6,-1,20,-1,6
1,<environment.Job instance at 0x7f5c84809870>,7,3,[ 1 12],8,-1,11,-1,8
1,<environment.Job instance at 0x7f5c84775320>,9,14,[ 3 14],10,-1,24,-1,10
1,<environment.Job instance at 0x7f5c84775960>,13,24,[ 2 14],14,-1,39,-1,15
1,<environment.Job instance at 0x7f5c8477aa00>,15,1,[ 3 12],16,-1,17,-1,16
1,<environment.Job instance at 0x7f5c8477a9b0>,16,18,[13  4],17,-1,35,-1,17
1,<environment.Job instance at 0x7f5c847550f0>,17,1,[ 4 11],18,-1,21,-1,20
1,<environment.Job instance at 0x7f5c8477a7d0>,18,23,[ 2 14],19,-1,43,-1,20
1,<environment.Job instance at 0x7f5c84775190>,12,27,[2 6],13,-1,55,-1,28
1,<environment.Job instance at 0x7f5c847090a0>,24,28,[5 6],25,-1,71,-1,43
1,<environment.Job instance at 0x7f5c84709e60>,26,19,[11  3],27,-1,62,-1,43
1,<environment.Job instance at 0x7f5c84709f00>,27,20,[14  5],28,-1,63,-1,43
1,<environment.Job instance at 0x7f5c84711a50>,29,3,[ 1 12],30,-1,54,-1,51
1,<environment.Job instance at 0x7f5c84711c30>,30,16,[ 2 14],31,-1,67,-1,51
1,<environment.Job instance at 0x7f5c84719050>,33,25,[6 1],34,-1,88,-1,63
1,<environment.Job instance at 0x7f5c84719af0>,34,20,[ 1 14],35,-1,83,-1,63
1,<environment.Job instance at 0x7f5c8477e370>,36,17,[14  2],37,-1,80,-1,63
1,<environment.Job instance at 0x7f5c8471c3c0>,38,1,[11  2],39,-1,71,-1,70
1,<environment.Job instance at 0x7f5c8471c5a0>,39,23,[ 1 14],40,-1,93,-1,70
1,<environment.Job instance at 0x7f5c8471c820>,42,14,[13  4],43,-1,88,-1,74
1,<environment.Job instance at 0x7f5c84714550>,44,22,[12  4],45,-1,99,-1,77
1,<environment.Job instance at 0x7f5c84714460>,45,23,[1 7],46,-1,100,-1,77
1,<environment.Job instance at 0x7f5c84761910>,47,1,[ 2 14],48,-1,81,-1,80
1,<environment.Job instance at 0x7f5c84761c80>,50,25,[9 3],51,-1,124,-1,99
1,<environment.Job instance at 0x7f5c84720fa0>,54,14,[13  3],55,-1,123,-1,109
1,<environment.Job instance at 0x7f5c8470eb90>,56,3,[ 2 12],57,-1,112,-1,109
1,<environment.Job instance at 0x7f5c8e642fa0>,0,25,[6 2],1,-1,26,-1,1
1,<environment.Job instance at 0x7f5c8e642960>,4,16,[3 8],5,-1,22,-1,6
1,<environment.Job instance at 0x7f5c8e642870>,5,14,[10  1],6,-1,20,-1,6
1,<environment.Job instance at 0x7f5c8e642aa0>,6,16,[9 2],7,-1,24,-1,8
1,<environment.Job instance at 0x7f5c8e642eb0>,7,15,[13  5],8,-1,23,-1,8
1,<environment.Job instance at 0x7f5c8457a0a0>,13,26,[8 3],14,-1,40,-1,14
1,<environment.Job instance at 0x7f5c8457aeb0>,14,1,[12  1],15,-1,16,-1,15
1,<environment.Job instance at 0x7f5c8457a5f0>,12,26,[ 4 10],13,-1,42,-1,16
1,<environment.Job instance at 0x7f5c8e642690>,15,19,[ 2 13],16,-1,37,-1,18
1,<environment.Job instance at 0x7f5c8457a370>,20,23,[7 3],21,-1,49,-1,26
1,<environment.Job instance at 0x7f5c8457a2d0>,22,20,[9 3],23,-1,47,-1,27
1,<environment.Job instance at 0x7f5c8457a550>,26,16,[7 4],27,-1,43,-1,27
1,<environment.Job instance at 0x7f5c845ede60>,28,18,[4 6],29,-1,47,-1,29
1,<environment.Job instance at 0x7f5c8457ae60>,0,25,[6 2],1,-1,26,-1,1
1,<environment.Job instance at 0x7f5c8457a640>,1,18,[12  4],2,-1,20,-1,2
1,<environment.Job instance at 0x7f5c8e6427d0>,3,26,[11  5],4,-1,30,-1,4
1,<environment.Job instance at 0x7f5c8e704140>,7,15,[13  5],8,-1,23,-1,8
1,<environment.Job instance at 0x7f5c84588dc0>,10,27,[14  3],11,-1,38,-1,11
1,<environment.Job instance at 0x7f5c84553280>,13,26,[8 3],14,-1,47,-1,21
1,<environment.Job instance at 0x7f5c84553f00>,14,1,[12  1],15,-1,22,-1,21
1,<environment.Job instance at 0x7f5c84553e60>,15,19,[ 2 13],16,-1,40,-1,21
1,<environment.Job instance at 0x7f5c84553dc0>,16,22,[11  1],17,-1,43,-1,21
1,<environment.Job instance at 0x7f5c84553fa0>,17,22,[ 1 13],18,-1,43,-1,21
1,<environment.Job instance at 0x7f5c84553a00>,12,26,[ 4 10],13,-1,47,-1,21
1,<environment.Job instance at 0x7f5c84553960>,20,23,[7 3],21,-1,44,-1,21
1,<environment.Job instance at 0x7f5c845535a0>,23,24,[14  3],24,-1,58,-1,34
1,<environment.Job instance at 0x7f5c845534b0>,25,21,[12  3],26,-1,55,-1,34
1,<environment.Job instance at 0x7f5c84553550>,27,28,[4 5],28,-1,67,-1,39
1,<environment.Job instance at 0x7f5c845848c0>,29,22,[14  1],30,-1,61,-1,39
1,<environment.Job instance at 0x7f5c84584c30>,30,3,[11  3],31,-1,42,-1,39
1,<environment.Job instance at 0x7f5c84584690>,31,27,[ 4 13],32,-1,66,-1,39
1,<environment.Job instance at 0x7f5c84584870>,32,26,[8 4],33,-1,66,-1,40
1,<environment.Job instance at 0x7f5c84584320>,35,16,[14  1],36,-1,71,-1,55
1,<environment.Job instance at 0x7f5c84584d20>,40,25,[ 3 10],41,-1,111,-1,86
1,<environment.Job instance at 0x7f5c84584af0>,42,27,[3 9],43,-1,113,-1,86
1,<environment.Job instance at 0x7f5c845cd1e0>,44,12,[13  2],45,-1,98,-1,86
1,<environment.Job instance at 0x7f5c845cd280>,45,24,[1 5],46,-1,110,-1,86
1,<environment.Job instance at 0x7f5c845cd230>,46,23,[3 6],47,-1,109,-1,86
1,<environment.Job instance at 0x7f5c845cd460>,49,26,[9 4],50,-1,113,-1,87
1,<environment.Job instance at 0x7f5c845cdb90>,51,17,[12  5],52,-1,104,-1,87
1,<environment.Job instance at 0x7f5c845cdf50>,52,12,[13  5],53,-1,99,-1,87
1,<environment.Job instance at 0x7f5c845cde60>,54,25,[1 5],55,-1,114,-1,89
1,<environment.Job instance at 0x7f5c845cd7d0>,57,15,[ 2 14],58,-1,105,-1,90
1,<environment.Job instance at 0x7f5c845cd960>,60,14,[14  5],61,-1,118,-1,104
1,<environment.Job instance at 0x7f5c845cd050>,61,13,[ 5 13],62,-1,117,-1,104
1,<environment.Job instance at 0x7f5c8451edc0>,5,16,[ 5 12],6,-1,27,-1,11
1,<environment.Job instance at 0x7f5c845bbaa0>,6,27,[ 4 14],7,-1,43,-1,16
1,<environment.Job instance at 0x7f5c850b88c0>,0,24,[9 1],1,-1,25,-1,1
1,<environment.Job instance at 0x7f5c850b8cd0>,1,25,[7 1],2,-1,27,-1,2
1,<environment.Job instance at 0x7f5c850b82d0>,2,24,[12  5],3,-1,27,-1,3
1,<environment.Job instance at 0x7f5c850b8a00>,3,23,[10  2],4,-1,27,-1,4
1,<environment.Job instance at 0x7f5c850b8370>,4,15,[ 1 11],5,-1,20,-1,5
1,<environment.Job instance at 0x7f5c850b8780>,5,16,[ 5 12],6,-1,22,-1,6
1,<environment.Job instance at 0x7f5c850b84b0>,6,27,[ 4 14],7,-1,34,-1,7
1,<environment.Job instance at 0x7f5c850b80a0>,7,23,[2 9],8,-1,31,-1,8
1,<environment.Job instance at 0x7f5c8451ea50>,9,15,[13  1],10,-1,25,-1,10
1,<environment.Job instance at 0x7f5c853de230>,14,12,[ 4 12],15,-1,27,-1,15
1,<environment.Job instance at 0x7f5c853de7d0>,16,22,[ 4 13],17,-1,39,-1,17
1,<environment.Job instance at 0x7f5c853deaa0>,17,16,[14  5],18,-1,34,-1,18
1,<environment.Job instance at 0x7f5c853dedc0>,21,2,[13  1],22,-1,27,-1,25
1,<environment.Job instance at 0x7f5c853de320>,22,27,[1 9],23,-1,52,-1,25
1,<environment.Job instance at 0x7f5c853dea00>,15,26,[10  2],16,-1,54,-1,28
1,<environment.Job instance at 0x7f5c853dee60>,26,27,[9 5],27,-1,55,-1,28
1,<environment.Job instance at 0x7f5c853df5a0>,38,20,[14  4],39,-1,83,-1,63
1,<environment.Job instance at 0x7f5c853dfd70>,41,25,[12  4],42,-1,106,-1,81
1,<environment.Job instance at 0x7f5c853df230>,40,27,[ 4 10],41,-1,117,-1,90
1,<environment.Job instance at 0x7f5c853dfd20>,43,27,[3 8],44,-1,117,-1,90
1,<environment.Job instance at 0x7f5c853df280>,44,13,[11  5],45,-1,103,-1,90
1,<environment.Job instance at 0x7f5c853df410>,45,24,[8 4],46,-1,114,-1,90
1,<environment.Job instance at 0x7f5c853df5f0>,35,25,[ 5 10],36,-1,115,-1,90
1,<environment.Job instance at 0x7f5c853df460>,48,3,[13  2],49,-1,93,-1,90
1,<environment.Job instance at 0x7f5c852cef00>,51,17,[12  4],52,-1,111,-1,94
1,<environment.Job instance at 0x7f5c852ce190>,55,3,[12  3],56,-1,100,-1,97
1,<environment.Job instance at 0x7f5c852ce910>,56,12,[ 5 14],57,-1,109,-1,97
1,<environment.Job instance at 0x7f5c84dd7050>,1,27,[7 4],2,-1,29,-1,2
1,<environment.Job instance at 0x7f5c84d745f0>,4,12,[10  3],5,-1,19,-1,7
1,<environment.Job instance at 0x7f5c84d74e10>,7,13,[10  3],8,-1,21,-1,8
1,<environment.Job instance at 0x7f5c84993a50>,6,16,[12  4],7,-1,24,-1,8
1,<environment.Job instance at 0x7f5c84d7eb90>,10,16,[10  4],11,-1,28,-1,12
1,<environment.Job instance at 0x7f5c84912b90>,14,19,[8 2],15,-1,34,-1,15
1,<environment.Job instance at 0x7f5c84d7de10>,16,17,[7 4],17,-1,34,-1,17
1,<environment.Job instance at 0x7f5c84d7d230>,17,14,[ 5 11],18,-1,32,-1,18
1,<environment.Job instance at 0x7f5c84d7d3c0>,18,12,[8 5],19,-1,31,-1,19
1,<environment.Job instance at 0x7f5c84d7d500>,19,21,[9 2],20,-1,41,-1,20
1,<environment.Job instance at 0x7f5c84d7dc30>,25,28,[2 8],26,-1,56,-1,28
1,<environment.Job instance at 0x7f5c84d7d640>,21,16,[ 5 11],22,-1,46,-1,30
1,<environment.Job instance at 0x7f5c84912a50>,24,25,[3 8],25,-1,55,-1,30
1,<environment.Job instance at 0x7f5c849c3a50>,27,27,[9 3],28,-1,57,-1,30
1,<environment.Job instance at 0x7f5c84dd0140>,32,17,[8 5],33,-1,52,-1,35
1,<environment.Job instance at 0x7f5c849f9640>,38,19,[6 3],39,-1,66,-1,47
1,<environment.Job instance at 0x7f5c849f6910>,42,16,[10  3],43,-1,68,-1,52
1,<environment.Job instance at 0x7f5c8491b190>,43,24,[11  3],44,-1,76,-1,52
1,<environment.Job instance at 0x7f5c8491ba50>,44,18,[13  3],45,-1,70,-1,52
1,<environment.Job instance at 0x7f5c84d79a50>,15,19,[14  4],16,-1,73,-1,54
1,<environment.Job instance at 0x7f5c8491b500>,45,13,[6 4],46,-1,67,-1,54
1,<environment.Job instance at 0x7f5c849cb690>,47,23,[10  3],48,-1,77,-1,54
1,<environment.Job instance at 0x7f5c849cb820>,48,19,[1 5],49,-1,74,-1,55
1,<environment.Job instance at 0x7f5c849cb410>,49,18,[2 9],50,-1,75,-1,57
1,<environment.Job instance at 0x7f5c853d0910>,0,25,[5 8],1,-1,26,-1,1
1,<environment.Job instance at 0x7f5c853d0c30>,1,27,[7 4],2,-1,29,-1,2
1,<environment.Job instance at 0x7f5c853d00f0>,6,16,[12  4],7,-1,23,-1,7
1,<environment.Job instance at 0x7f5c853d0af0>,11,18,[ 4 13],12,-1,30,-1,12
1,<environment.Job instance at 0x7f5c84be2d70>,12,23,[11  2],13,-1,36,-1,13
1,<environment.Job instance at 0x7f5c84be2aa0>,13,1,[11  5],14,-1,15,-1,14
1,<environment.Job instance at 0x7f5c84be2e10>,15,19,[14  4],16,-1,41,-1,22
1,<environment.Job instance at 0x7f5c84be2410>,17,14,[ 5 11],18,-1,36,-1,22
1,<environment.Job instance at 0x7f5c84be2f00>,20,18,[14  2],21,-1,55,-1,37
1,<environment.Job instance at 0x7f5c84be2780>,21,16,[ 5 11],22,-1,53,-1,37
1,<environment.Job instance at 0x7f5c84be2870>,24,25,[3 8],25,-1,64,-1,39
1,<environment.Job instance at 0x7f5c84be27d0>,25,28,[2 8],26,-1,67,-1,39
1,<environment.Job instance at 0x7f5c84be2d20>,26,3,[ 5 14],27,-1,42,-1,39
1,<environment.Job instance at 0x7f5c84be29b0>,28,15,[13  3],29,-1,54,-1,39
1,<environment.Job instance at 0x7f5c84be22d0>,30,12,[ 3 12],31,-1,61,-1,49
1,<environment.Job instance at 0x7f5c84be2140>,31,1,[ 3 11],32,-1,50,-1,49
1,<environment.Job instance at 0x7f5c84be2050>,27,27,[9 3],28,-1,76,-1,49
1,<environment.Job instance at 0x7f5c855625f0>,35,12,[ 2 12],36,-1,61,-1,49
1,<environment.Job instance at 0x7f5c85562370>,36,27,[ 1 13],37,-1,76,-1,49
1,<environment.Job instance at 0x7f5c852ce320>,40,2,[13  5],41,-1,57,-1,55
1,<environment.Job instance at 0x7f5c852cec80>,43,24,[11  3],44,-1,90,-1,66
1,<environment.Job instance at 0x7f5c852cefa0>,44,18,[13  3],45,-1,84,-1,66
1,<environment.Job instance at 0x7f5c852ce640>,47,23,[10  3],48,-1,121,-1,98
1,<environment.Job instance at 0x7f5c850c00f0>,2,26,[ 4 10],3,-1,32,-1,6
1,<environment.Job instance at 0x7f5c850c0500>,5,24,[ 5 11],6,-1,30,-1,6
1,<environment.Job instance at 0x7f5c850c02d0>,6,25,[7 3],7,-1,33,-1,8
1,<environment.Job instance at 0x7f5c850c0e60>,8,12,[3 8],9,-1,21,-1,9
1,<environment.Job instance at 0x7f5c850c0c30>,7,18,[11  5],8,-1,27,-1,9
1,<environment.Job instance at 0x7f5c850c06e0>,9,27,[1 5],10,-1,38,-1,11
1,<environment.Job instance at 0x7f5c850c0730>,11,20,[2 9],12,-1,32,-1,12
1,<environment.Job instance at 0x7f5c849990a0>,16,18,[1 7],17,-1,35,-1,17
1,<environment.Job instance at 0x7f5c849993c0>,21,18,[11  5],22,-1,46,-1,28
1,<environment.Job instance at 0x7f5c855625a0>,0,1,[ 5 14],1,-1,2,-1,1
1,<environment.Job instance at 0x7f5c85562230>,2,26,[ 4 10],3,-1,29,-1,3
1,<environment.Job instance at 0x7f5c85562140>,3,2,[ 4 11],4,-1,6,-1,4
1,<environment.Job instance at 0x7f5c85562320>,4,14,[ 5 12],5,-1,19,-1,5
1,<environment.Job instance at 0x7f5c855620a0>,5,24,[ 5 11],6,-1,30,-1,6
1,<environment.Job instance at 0x7f5c84be22d0>,6,25,[7 3],7,-1,32,-1,7
1,<environment.Job instance at 0x7f5c84be24b0>,7,18,[11  5],8,-1,26,-1,8
1,<environment.Job instance at 0x7f5c84be2050>,9,27,[1 5],10,-1,37,-1,10
1,<environment.Job instance at 0x7f5c84be2640>,12,17,[ 2 13],13,-1,30,-1,13
1,<environment.Job instance at 0x7f5c84be2780>,13,27,[12  4],14,-1,41,-1,14
1,<environment.Job instance at 0x7f5c84be2eb0>,17,12,[ 5 12],18,-1,30,-1,18
1,<environment.Job instance at 0x7f5c84be2a50>,18,14,[14  1],19,-1,33,-1,19
1,<environment.Job instance at 0x7f5c84be2410>,20,14,[12  4],21,-1,35,-1,21
1,<environment.Job instance at 0x7f5c84be23c0>,21,18,[11  5],22,-1,40,-1,22
1,<environment.Job instance at 0x7f5c84d69be0>,23,12,[14  4],24,-1,36,-1,24
1,<environment.Job instance at 0x7f5c8492ed20>,25,25,[8 1],26,-1,58,-1,33
1,<environment.Job instance at 0x7f5c84999280>,27,21,[ 5 14],28,-1,54,-1,33
1,<environment.Job instance at 0x7f5c85a8bb90>,30,28,[2 8],31,-1,75,-1,47
1,<environment.Job instance at 0x7f5c85a8b0a0>,32,27,[9 3],33,-1,79,-1,52
1,<environment.Job instance at 0x7f5c850c0cd0>,35,28,[ 1 13],36,-1,80,-1,52
1,<environment.Job instance at 0x7f5c850a8820>,38,2,[ 4 11],39,-1,67,-1,65
1,<environment.Job instance at 0x7f5c850a81e0>,39,26,[9 4],40,-1,91,-1,65
1,<environment.Job instance at 0x7f5c850a8cd0>,40,28,[2 7],41,-1,93,-1,65
1,<environment.Job instance at 0x7f5c850a8410>,42,22,[ 5 14],43,-1,87,-1,65
1,<environment.Job instance at 0x7f5c850a8870>,43,20,[14  1],44,-1,85,-1,65
1,<environment.Job instance at 0x7f5c849b8af0>,54,26,[1 5],55,-1,125,-1,99
1,<environment.Job instance at 0x7f5c849b8640>,55,22,[11  4],56,-1,121,-1,99
1,<environment.Job instance at 0x7f5c849b80a0>,56,21,[11  3],57,-1,120,-1,99
1,<environment.Job instance at 0x7f5c849b8a00>,58,19,[14  3],59,-1,118,-1,99
1,<environment.Job instance at 0x7f5c84c3af00>,15,16,[7 5],16,-1,33,-1,17
1,<environment.Job instance at 0x7f5c84c3ae60>,16,21,[7 3],17,-1,39,-1,18
1,<environment.Job instance at 0x7f5c84c36e10>,22,25,[4 6],23,-1,52,-1,27
1,<environment.Job instance at 0x7f5c84c28870>,24,24,[7 5],25,-1,51,-1,27
1,<environment.Job instance at 0x7f5c84bff460>,25,16,[5 8],26,-1,50,-1,34
1,<environment.Job instance at 0x7f5c84c3cb40>,4,17,[12  3],5,-1,51,-1,34
1,<environment.Job instance at 0x7f5c85a7dc30>,1,12,[11  1],2,-1,14,-1,2
1,<environment.Job instance at 0x7f5c84993f00>,3,15,[13  2],4,-1,19,-1,4
1,<environment.Job instance at 0x7f5c849935a0>,4,17,[12  3],5,-1,22,-1,5
1,<environment.Job instance at 0x7f5c849b2190>,5,2,[ 4 12],6,-1,8,-1,6
1,<environment.Job instance at 0x7f5c849b2b90>,7,28,[3 6],8,-1,36,-1,8
1,<environment.Job instance at 0x7f5c849b20a0>,9,19,[13  1],10,-1,29,-1,10
1,<environment.Job instance at 0x7f5c849b2dc0>,14,28,[6 5],15,-1,46,-1,18
1,<environment.Job instance at 0x7f5c849b2a00>,22,25,[4 6],23,-1,72,-1,47
1,<environment.Job instance at 0x7f5c84be2b90>,24,24,[7 5],25,-1,76,-1,52
1,<environment.Job instance at 0x7f5c84be2d70>,26,21,[14  1],27,-1,73,-1,52
1,<environment.Job instance at 0x7f5c84be2aa0>,28,16,[12  4],29,-1,68,-1,52
1,<environment.Job instance at 0x7f5c84be2190>,29,24,[4 9],30,-1,92,-1,68
1,<environment.Job instance at 0x7f5c84be26e0>,34,12,[ 1 14],35,-1,80,-1,68
1,<environment.Job instance at 0x7f5c84be28c0>,35,14,[13  4],36,-1,82,-1,68
1,<environment.Job instance at 0x7f5c84be2870>,37,13,[13  3],38,-1,95,-1,82
1,<environment.Job instance at 0x7f5c84be2730>,39,27,[ 3 14],40,-1,111,-1,84
1,<environment.Job instance at 0x7f5c84be24b0>,41,1,[ 5 13],42,-1,99,-1,98
1,<environment.Job instance at 0x7f5c855625f0>,42,25,[13  4],43,-1,123,-1,98
1,<environment.Job instance at 0x7f5c85562320>,43,3,[14  1],44,-1,101,-1,98
1,<environment.Job instance at 0x7f5c85562230>,45,26,[13  4],46,-1,124,-1,98
1,<environment.Job instance at 0x7f5c8496fbe0>,47,21,[ 2 13],48,-1,120,-1,99
1,<environment.Job instance at 0x7f5c848cc0a0>,48,16,[ 3 14],49,-1,115,-1,99
1,<environment.Job instance at 0x7f5c85324c30>,49,16,[ 1 11],50,-1,115,-1,99
1,<environment.Job instance at 0x7f5c8528f0a0>,51,24,[ 2 13],52,-1,124,-1,100
1,<environment.Job instance at 0x7f5c852e71e0>,52,18,[13  3],53,-1,118,-1,100
1,<environment.Job instance at 0x7f5c84d79910>,0,14,[9 5],1,-1,16,-1,2
1,<environment.Job instance at 0x7f5c84d79f50>,2,13,[5 8],3,-1,16,-1,3
1,<environment.Job instance at 0x7f5c84d79f00>,3,18,[9 4],4,-1,22,-1,4
1,<environment.Job instance at 0x7f5c84d79960>,4,18,[ 4 10],5,-1,23,-1,5
1,<environment.Job instance at 0x7f5c84d79d20>,6,27,[10  1],7,-1,34,-1,7
1,<environment.Job instance at 0x7f5c84d795f0>,1,25,[ 2 14],2,-1,32,-1,7
1,<environment.Job instance at 0x7f5c84d79550>,8,15,[ 5 10],9,-1,24,-1,9
1,<environment.Job instance at 0x7f5c84d79500>,9,17,[5 7],10,-1,27,-1,10
1,<environment.Job instance at 0x7f5c84d79a00>,11,19,[4 8],12,-1,32,-1,13
1,<environment.Job instance at 0x7f5c84d79c80>,12,16,[ 4 10],13,-1,30,-1,14
1,<environment.Job instance at 0x7f5c84d79730>,15,14,[11  2],16,-1,30,-1,16
1,<environment.Job instance at 0x7f5c84d79460>,14,2,[ 2 14],15,-1,20,-1,18
1,<environment.Job instance at 0x7f5c84d8caa0>,34,17,[10  5],35,-1,59,-1,42
1,<environment.Job instance at 0x7f5c84d8c6e0>,27,13,[6 3],28,-1,55,-1,42
1,<environment.Job instance at 0x7f5c84d8c0f0>,26,26,[ 1 12],27,-1,71,-1,45
1,<environment.Job instance at 0x7f5c84d8c2d0>,35,17,[3 6],36,-1,67,-1,50
1,<environment.Job instance at 0x7f5c84d8c410>,37,27,[5 7],38,-1,77,-1,50
1,<environment.Job instance at 0x7f5c84b9d140>,1,25,[ 2 14],2,-1,27,-1,2
1,<environment.Job instance at 0x7f5c8496fbe0>,5,3,[ 3 14],6,-1,9,-1,6
1,<environment.Job instance at 0x7f5c84cc7e60>,6,27,[10  1],7,-1,42,-1,15
1,<environment.Job instance at 0x7f5c85562410>,10,28,[13  5],11,-1,43,-1,15
1,<environment.Job instance at 0x7f5c85562320>,14,2,[ 2 14],15,-1,29,-1,27
1,<environment.Job instance at 0x7f5c84d8c280>,15,14,[11  2],16,-1,41,-1,27
1,<environment.Job instance at 0x7f5c853da910>,18,3,[14  5],19,-1,34,-1,31
1,<environment.Job instance at 0x7f5c852b5eb0>,19,1,[ 3 12],20,-1,32,-1,31
1,<environment.Job instance at 0x7f5c84d79190>,22,13,[ 2 13],23,-1,61,-1,48
1,<environment.Job instance at 0x7f5c84d796e0>,23,23,[5 1],24,-1,71,-1,48
1,<environment.Job instance at 0x7f5c84d79370>,24,14,[ 3 13],25,-1,62,-1,48
1,<environment.Job instance at 0x7f5c84ec5460>,26,26,[ 1 12],27,-1,74,-1,48
1,<environment.Job instance at 0x7f5c84ec5730>,30,24,[11  5],31,-1,77,-1,53
1,<environment.Job instance at 0x7f5c851ab050>,36,18,[14  2],37,-1,85,-1,67
1,<environment.Job instance at 0x7f5c851ab780>,37,27,[5 7],38,-1,97,-1,70
1,<environment.Job instance at 0x7f5c851ab8c0>,39,21,[12  3],40,-1,91,-1,70
1,<environment.Job instance at 0x7f5c851ab910>,40,1,[ 5 12],41,-1,71,-1,70
1,<environment.Job instance at 0x7f5c851ab640>,42,16,[ 2 13],43,-1,86,-1,70
1,<environment.Job instance at 0x7f5c851ab1e0>,45,13,[14  1],46,-1,99,-1,86
1,<environment.Job instance at 0x7f5c851ab690>,46,3,[ 5 13],47,-1,89,-1,86
1,<environment.Job instance at 0x7f5c851ab3c0>,47,20,[ 2 13],48,-1,106,-1,86
1,<environment.Job instance at 0x7f5c851ab140>,48,27,[4 9],49,-1,126,-1,99
1,<environment.Job instance at 0x7f5c851ab500>,49,3,[ 2 13],50,-1,102,-1,99
1,<environment.Job instance at 0x7f5c851abeb0>,50,2,[ 4 12],51,-1,101,-1,99
1,<environment.Job instance at 0x7f5c851ab2d0>,52,25,[2 7],53,-1,124,-1,99
1,<environment.Job instance at 0x7f5c84bfa230>,54,12,[11  5],55,-1,111,-1,99
1,<environment.Job instance at 0x7f5c843d25a0>,0,28,[5 2],1,-1,29,-1,1
1,<environment.Job instance at 0x7f5c843d27d0>,4,26,[5 7],5,-1,31,-1,5
1,<environment.Job instance at 0x7f5c843a12d0>,6,17,[ 4 10],7,-1,24,-1,7
1,<environment.Job instance at 0x7f5c843a1dc0>,8,20,[9 5],9,-1,29,-1,9
1,<environment.Job instance at 0x7f5c843a1fa0>,9,26,[7 3],10,-1,36,-1,10
1,<environment.Job instance at 0x7f5c843a1730>,12,15,[7 5],13,-1,33,-1,18
1,<environment.Job instance at 0x7f5c843a1820>,19,18,[3 7],20,-1,38,-1,20
1,<environment.Job instance at 0x7f5c843a1af0>,21,25,[4 9],22,-1,47,-1,22
1,<environment.Job instance at 0x7f5c843a1370>,22,14,[7 2],23,-1,37,-1,23
1,<environment.Job instance at 0x7f5c843a13c0>,24,14,[7 2],25,-1,39,-1,25
1,<environment.Job instance at 0x7f5c843d0c30>,25,12,[6 1],26,-1,38,-1,26
1,<environment.Job instance at 0x7f5c843a1140>,17,20,[10  2],18,-1,47,-1,27
1,<environment.Job instance at 0x7f5c843d0370>,28,20,[5 6],29,-1,49,-1,29
1,<environment.Job instance at 0x7f5c843d00a0>,29,15,[10  1],30,-1,46,-1,31
1,<environment.Job instance at 0x7f5c843d0a00>,31,16,[6 5],32,-1,48,-1,32
1,<environment.Job instance at 0x7f5c843d0fa0>,32,14,[5 4],33,-1,47,-1,33
1,<environment.Job instance at 0x7f5c843d0be0>,35,20,[3 7],36,-1,56,-1,36
1,<environment.Job instance at 0x7f5c843a1320>,23,14,[13  3],24,-1,52,-1,38
1,<environment.Job instance at 0x7f5c843d0320>,38,16,[9 2],39,-1,55,-1,39
1,<environment.Job instance at 0x7f5c843d0280>,36,12,[10  1],37,-1,51,-1,39
1,<environment.Job instance at 0x7f5c8442eaf0>,45,17,[14  2],46,-1,63,-1,46
1,<environment.Job instance at 0x7f5c8442eb40>,43,12,[5 9],44,-1,58,-1,46
1,<environment.Job instance at 0x7f5c8442e960>,47,17,[9 2],48,-1,66,-1,49
1,<environment.Job instance at 0x7f5c84e2c690>,0,28,[5 2],1,-1,29,-1,1
1,<environment.Job instance at 0x7f5c84e2cbe0>,2,24,[8 1],3,-1,27,-1,3
1,<environment.Job instance at 0x7f5c84e2c7d0>,4,26,[5 7],5,-1,31,-1,5
1,<environment.Job instance at 0x7f5c84e2c050>,5,3,[ 1 12],6,-1,9,-1,6
1,<environment.Job instance at 0x7f5c84c58190>,10,2,[ 5 12],11,-1,13,-1,11
1,<environment.Job instance at 0x7f5c84fa25a0>,13,2,[14  5],14,-1,21,-1,19
1,<environment.Job instance at 0x7f5c84fa02d0>,14,2,[13  2],15,-1,21,-1,19
1,<environment.Job instance at 0x7f5c84e2cd70>,9,26,[7 3],10,-1,46,-1,20
1,<environment.Job instance at 0x7f5c84d0b870>,20,17,[ 1 13],21,-1,38,-1,21
1,<environment.Job instance at 0x7f5c84d0bf00>,21,25,[4 9],22,-1,61,-1,36
1,<environment.Job instance at 0x7f5c84d0b690>,23,14,[13  3],24,-1,50,-1,36
1,<environment.Job instance at 0x7f5c84d347d0>,34,12,[11  4],35,-1,69,-1,57
1,<environment.Job instance at 0x7f5c852824b0>,40,17,[ 2 14],41,-1,100,-1,83
1,<environment.Job instance at 0x7f5c84a71af0>,42,1,[13  4],43,-1,84,-1,83
1,<environment.Job instance at 0x7f5c852728c0>,45,17,[14  2],46,-1,102,-1,85
1,<environment.Job instance at 0x7f5c85272050>,46,17,[ 1 12],47,-1,102,-1,85
1,<environment.Job instance at 0x7f5c85272780>,49,27,[11  4],50,-1,124,-1,97
1,<environment.Job instance at 0x7f5c85264910>,50,15,[ 2 13],51,-1,112,-1,97
1,<environment.Job instance at 0x7f5c85264550>,53,16,[11  3],54,-1,116,-1,100
1,<environment.Job instance at 0x7f5c85a4b730>,5,22,[2 6],6,-1,29,-1,7
1,<environment.Job instance at 0x7f5c85a4b1e0>,7,17,[7 4],8,-1,25,-1,8
1,<environment.Job instance at 0x7f5c85a4bd20>,8,23,[5 5],9,-1,32,-1,9
1,<environment.Job instance at 0x7f5c85a4b460>,14,16,[4 9],15,-1,32,-1,16
1,<environment.Job instance at 0x7f5c85a4b820>,15,22,[6 1],16,-1,38,-1,16
1,<environment.Job instance at 0x7f5c84af6af0>,19,18,[5 9],20,-1,38,-1,20
1,<environment.Job instance at 0x7f5c84af6aa0>,22,23,[ 3 10],23,-1,46,-1,23
1,<environment.Job instance at 0x7f5c84af61e0>,23,17,[10  3],24,-1,41,-1,24
1,<environment.Job instance at 0x7f5c84af6820>,24,12,[7 5],25,-1,38,-1,26
1,<environment.Job instance at 0x7f5c8e170230>,34,23,[5 5],35,-1,60,-1,37
1,<environment.Job instance at 0x7f5c85595d20>,2,1,[14  3],3,-1,4,-1,3
1,<environment.Job instance at 0x7f5c84d065a0>,10,14,[11  3],11,-1,25,-1,11
1,<environment.Job instance at 0x7f5c84d06780>,12,1,[11  2],13,-1,14,-1,13
1,<environment.Job instance at 0x7f5c85a02f50>,8,23,[5 5],9,-1,37,-1,14
1,<environment.Job instance at 0x7f5c84c65b90>,20,2,[14  2],21,-1,37,-1,35
1,<environment.Job instance at 0x7f5c84d06c80>,22,23,[ 3 10],23,-1,70,-1,47
1,<environment.Job instance at 0x7f5c847d97d0>,26,14,[13  2],27,-1,72,-1,58
1,<environment.Job instance at 0x7f5c852680a0>,28,24,[ 1 14],29,-1,83,-1,59
1,<environment.Job instance at 0x7f5c85a401e0>,34,23,[5 5],35,-1,99,-1,76
1,<environment.Job instance at 0x7f5c84d100f0>,35,23,[ 2 12],36,-1,99,-1,76
1,<environment.Job instance at 0x7f5c85258d70>,38,1,[12  5],39,-1,89,-1,88
1,<environment.Job instance at 0x7f5c85276f50>,39,13,[11  2],40,-1,101,-1,88
1,<environment.Job instance at 0x7f5c85258500>,40,27,[5 2],41,-1,117,-1,90
1,<environment.Job instance at 0x7f5c85258550>,37,25,[7 3],38,-1,115,-1,90
1,<environment.Job instance at 0x7f5c85aac5a0>,6,20,[ 2 10],7,-1,28,-1,8
1,<environment.Job instance at 0x7f5c85aac550>,8,18,[5 5],9,-1,27,-1,9
1,<environment.Job instance at 0x7f5c85aace60>,7,18,[2 9],8,-1,27,-1,9
1,<environment.Job instance at 0x7f5c85aac140>,9,14,[ 1 10],10,-1,24,-1,10
1,<environment.Job instance at 0x7f5c85655910>,10,19,[3 9],11,-1,30,-1,11
1,<environment.Job instance at 0x7f5c85655f00>,12,16,[7 5],13,-1,29,-1,13
1,<environment.Job instance at 0x7f5c85655d70>,14,12,[8 3],15,-1,27,-1,15
1,<environment.Job instance at 0x7f5c856556e0>,13,1,[5 6],14,-1,16,-1,15
1,<environment.Job instance at 0x7f5c856550f0>,18,23,[4 8],19,-1,42,-1,19
1,<environment.Job instance at 0x7f5c85655fa0>,19,13,[9 1],20,-1,34,-1,21
1,<environment.Job instance at 0x7f5c85a4b690>,1,14,[ 4 14],2,-1,16,-1,2
1,<environment.Job instance at 0x7f5c85a4b870>,5,28,[9 1],6,-1,35,-1,7
1,<environment.Job instance at 0x7f5c84e2c370>,17,2,[12  3],18,-1,39,-1,37
1,<environment.Job instance at 0x7f5c84e2c230>,18,23,[4 8],19,-1,63,-1,40
1,<environment.Job instance at 0x7f5c84af6d70>,20,27,[ 5 14],21,-1,67,-1,40
1,<environment.Job instance at 0x7f5c84af6640>,21,17,[14  2],22,-1,57,-1,40
1,<environment.Job instance at 0x7f5c8e1373c0>,22,15,[12  2],23,-1,55,-1,40
1,<environment.Job instance at 0x7f5c857a54b0>,25,26,[13  3],26,-1,84,-1,58
1,<environment.Job instance at 0x7f5c84d0b730>,26,23,[9 5],27,-1,81,-1,58
1,<environment.Job instance at 0x7f5c84d0b690>,27,27,[7 3],28,-1,85,-1,58
1,<environment.Job instance at 0x7f5c8e1703c0>,15,25,[9 4],16,-1,83,-1,58
1,<environment.Job instance at 0x7f5c84f87640>,30,18,[11  2],31,-1,76,-1,58
1,<environment.Job instance at 0x7f5c84f87af0>,31,25,[9 5],32,-1,83,-1,58
1,<environment.Job instance at 0x7f5c84d0e870>,34,2,[ 5 12],35,-1,60,-1,58
1,<environment.Job instance at 0x7f5c84d34500>,35,23,[6 1],36,-1,83,-1,60
1,<environment.Job instance at 0x7f5c8526a370>,37,2,[ 4 14],38,-1,62,-1,60
1,<environment.Job instance at 0x7f5c84d345a0>,38,23,[10  3],39,-1,86,-1,63
1,<environment.Job instance at 0x7f5c84d344b0>,39,14,[ 1 11],40,-1,77,-1,63
1,<environment.Job instance at 0x7f5c84a71af0>,42,23,[ 2 12],43,-1,86,-1,63
1,<environment.Job instance at 0x7f5c85280050>,43,27,[8 3],44,-1,103,-1,76
1,<environment.Job instance at 0x7f5c85272780>,48,25,[9 4],49,-1,123,-1,98
1,<environment.Job instance at 0x7f5c852643c0>,52,28,[ 5 13],53,-1,135,-1,107
1,<environment.Job instance at 0x7f5c852645a0>,53,15,[12  1],54,-1,122,-1,107
1,<environment.Job instance at 0x7f5c85276f50>,54,3,[ 5 14],55,-1,110,-1,107
1,<environment.Job instance at 0x7f5c84e662d0>,0,19,[5 8],1,-1,20,-1,1
1,<environment.Job instance at 0x7f5c84e66690>,1,16,[ 1 10],2,-1,19,-1,3
1,<environment.Job instance at 0x7f5c84e66c30>,2,22,[8 3],3,-1,25,-1,3
1,<environment.Job instance at 0x7f5c84e669b0>,4,12,[9 2],5,-1,18,-1,6
1,<environment.Job instance at 0x7f5c84b09320>,6,21,[11  3],7,-1,28,-1,7
1,<environment.Job instance at 0x7f5c84b09910>,7,2,[1 8],8,-1,10,-1,8
1,<environment.Job instance at 0x7f5c84b09280>,8,17,[ 1 10],9,-1,26,-1,9
1,<environment.Job instance at 0x7f5c84b09f50>,9,16,[7 4],10,-1,26,-1,10
1,<environment.Job instance at 0x7f5c84b090f0>,10,12,[11  2],11,-1,23,-1,11
1,<environment.Job instance at 0x7f5c84b09d70>,11,18,[ 3 11],12,-1,30,-1,12
1,<environment.Job instance at 0x7f5c84b09870>,12,15,[3 6],13,-1,28,-1,13
1,<environment.Job instance at 0x7f5c84b09960>,13,15,[1 7],14,-1,29,-1,14
1,<environment.Job instance at 0x7f5c84b09b90>,14,24,[2 8],15,-1,39,-1,15
1,<environment.Job instance at 0x7f5c84e66320>,5,21,[5 8],6,-1,36,-1,15
1,<environment.Job instance at 0x7f5c84b09e60>,15,24,[5 7],16,-1,40,-1,16
1,<environment.Job instance at 0x7f5c84a84460>,33,16,[9 3],34,-1,54,-1,38
1,<environment.Job instance at 0x7f5c84a84280>,30,20,[4 7],31,-1,58,-1,38
1,<environment.Job instance at 0x7f5c84d92690>,37,17,[4 7],38,-1,64,-1,47
1,<environment.Job instance at 0x7f5c84a84af0>,34,26,[9 3],35,-1,76,-1,50
1,<environment.Job instance at 0x7f5c84a84eb0>,35,22,[6 3],36,-1,72,-1,50
1,<environment.Job instance at 0x7f5c84d920f0>,41,15,[ 4 12],42,-1,66,-1,51
1,<environment.Job instance at 0x7f5c84d92e10>,39,14,[14  2],40,-1,65,-1,51
1,<environment.Job instance at 0x7f5c84d92780>,43,26,[8 3],44,-1,79,-1,53
1,<environment.Job instance at 0x7f5c84a84910>,32,20,[1 9],33,-1,73,-1,53
1,<environment.Job instance at 0x7f5c84a84050>,28,23,[11  4],29,-1,78,-1,55
1,<environment.Job instance at 0x7f5c84d92910>,46,18,[9 1],47,-1,73,-1,55
1,<environment.Job instance at 0x7f5c84d92b90>,44,14,[2 6],45,-1,69,-1,55
1,<environment.Job instance at 0x7f5c84d92140>,42,16,[2 7],43,-1,71,-1,55
1,<environment.Job instance at 0x7f5c8492d320>,6,21,[11  3],7,-1,28,-1,7
1,<environment.Job instance at 0x7f5c84c8d8c0>,10,12,[11  2],11,-1,34,-1,22
1,<environment.Job instance at 0x7f5c8492d550>,11,18,[ 3 11],12,-1,40,-1,22
1,<environment.Job instance at 0x7f5c8437fc30>,14,24,[2 8],15,-1,62,-1,38
1,<environment.Job instance at 0x7f5c8437f5a0>,15,24,[5 7],16,-1,62,-1,38
1,<environment.Job instance at 0x7f5c843b8230>,16,13,[14  2],17,-1,51,-1,38
1,<environment.Job instance at 0x7f5c843b80f0>,17,12,[ 5 14],18,-1,50,-1,38
1,<environment.Job instance at 0x7f5c843b8e60>,18,28,[11  4],19,-1,66,-1,38
1,<environment.Job instance at 0x7f5c843b76e0>,20,26,[1 8],21,-1,64,-1,38
1,<environment.Job instance at 0x7f5c84393280>,25,24,[5 3],26,-1,78,-1,54
1,<environment.Job instance at 0x7f5c843b79b0>,26,15,[ 1 14],27,-1,69,-1,54
1,<environment.Job instance at 0x7f5c84393dc0>,27,1,[ 3 13],28,-1,55,-1,54
1,<environment.Job instance at 0x7f5c843931e0>,28,23,[11  4],29,-1,77,-1,54
1,<environment.Job instance at 0x7f5c843a7690>,36,2,[14  4],37,-1,72,-1,70
1,<environment.Job instance at 0x7f5c843a7870>,34,26,[9 3],35,-1,108,-1,82
1,<environment.Job instance at 0x7f5c84c895f0>,39,14,[14  2],40,-1,96,-1,82
1,<environment.Job instance at 0x7f5c84399280>,40,2,[14  4],41,-1,84,-1,82
1,<environment.Job instance at 0x7f5c84399550>,41,15,[ 4 12],42,-1,97,-1,82
1,<environment.Job instance at 0x7f5c8491ec30>,43,26,[8 3],44,-1,108,-1,82
1,<environment.Job instance at 0x7f5c8491eb40>,45,24,[3 9],46,-1,122,-1,98
1,<environment.Job instance at 0x7f5c843bdeb0>,48,13,[13  2],49,-1,111,-1,98
1,<environment.Job instance at 0x7f5c84905550>,52,14,[ 3 13],53,-1,115,-1,101
1,<environment.Job instance at 0x7f5c84905e60>,53,23,[6 1],54,-1,124,-1,101
1,<environment.Job instance at 0x7f5c85af1870>,2,16,[ 2 13],3,-1,19,-1,3
1,<environment.Job instance at 0x7f5c848f5b90>,3,23,[7 1],4,-1,27,-1,4
1,<environment.Job instance at 0x7f5c85af1460>,4,13,[13  4],5,-1,18,-1,5
1,<environment.Job instance at 0x7f5c848f53c0>,5,18,[14  3],6,-1,24,-1,6
1,<environment.Job instance at 0x7f5c85220f50>,7,24,[14  5],8,-1,32,-1,8
1,<environment.Job instance at 0x7f5c85246c30>,8,25,[ 4 12],9,-1,34,-1,9
1,<environment.Job instance at 0x7f5c85246b40>,10,18,[12  3],11,-1,29,-1,11
1,<environment.Job instance at 0x7f5c848d12d0>,12,18,[ 2 11],13,-1,31,-1,13
1,<environment.Job instance at 0x7f5c84ca42d0>,13,13,[11  3],14,-1,27,-1,14
1,<environment.Job instance at 0x7f5c84ca4320>,14,18,[13  2],15,-1,33,-1,15
1,<environment.Job instance at 0x7f5c84ca44b0>,16,23,[ 5 13],17,-1,40,-1,17
1,<environment.Job instance at 0x7f5c84ca4780>,20,12,[ 4 14],21,-1,34,-1,22
1,<environment.Job instance at 0x7f5c84ca4550>,17,23,[2 7],18,-1,48,-1,25
1,<environment.Job instance at 0x7f5c84ca48c0>,18,28,[ 1 10],19,-1,53,-1,25
1,<environment.Job instance at 0x7f5c84ca4d20>,26,18,[ 5 11],27,-1,45,-1,27
1,<environment.Job instance at 0x7f5c84ca45f0>,28,1,[12  3],29,-1,30,-1,29
1,<environment.Job instance at 0x7f5c84ca4b90>,29,25,[13  1],30,-1,55,-1,30
1,<environment.Job instance at 0x7f5c84e5a640>,33,1,[14  4],34,-1,42,-1,41
1,<environment.Job instance at 0x7f5c84e5a370>,34,17,[13  5],35,-1,58,-1,41
1,<environment.Job instance at 0x7f5c84e5a140>,36,13,[ 4 11],37,-1,54,-1,41
1,<environment.Job instance at 0x7f5c84e5abe0>,40,28,[ 3 10],41,-1,85,-1,57
1,<environment.Job instance at 0x7f5c84ae9f00>,49,27,[1 9],50,-1,120,-1,93
1,<environment.Job instance at 0x7f5c84ae9690>,50,25,[ 3 12],51,-1,118,-1,93
1,<environment.Job instance at 0x7f5c84ae98c0>,52,20,[ 1 13],53,-1,113,-1,93
1,<environment.Job instance at 0x7f5c857ab3c0>,55,15,[ 2 11],56,-1,114,-1,99
1,<environment.Job instance at 0x7f5c857aba00>,58,26,[2 5],59,-1,126,-1,100
1,<environment.Job instance at 0x7f5c857ab1e0>,54,23,[10  3],55,-1,128,-1,105
1,<environment.Job instance at 0x7f5c8434f910>,3,15,[9 3],4,-1,22,-1,7
1,<environment.Job instance at 0x7f5c8434f2d0>,6,26,[11  3],7,-1,33,-1,7
1,<environment.Job instance at 0x7f5c8434f320>,8,24,[7 1],9,-1,42,-1,18
1,<environment.Job instance at 0x7f5c8526a190>,15,21,[10  1],16,-1,39,-1,18
1,<environment.Job instance at 0x7f5c8434fc30>,12,20,[10  3],13,-1,38,-1,18
1,<environment.Job instance at 0x7f5c8526a8c0>,16,12,[ 2 14],17,-1,30,-1,18
1,<environment.Job instance at 0x7f5c8434f780>,10,19,[ 3 10],11,-1,37,-1,18
1,<environment.Job instance at 0x7f5c8526a050>,19,18,[ 5 12],20,-1,38,-1,20
1,<environment.Job instance at 0x7f5c8434f140>,13,27,[7 2],14,-1,57,-1,30
1,<environment.Job instance at 0x7f5c8526af50>,23,16,[ 5 10],24,-1,47,-1,31
1,<environment.Job instance at 0x7f5c857ab0a0>,0,23,[ 5 11],1,-1,24,-1,1
1,<environment.Job instance at 0x7f5c857ab2d0>,1,24,[9 1],2,-1,26,-1,2
1,<environment.Job instance at 0x7f5c857ab910>,6,26,[11  3],7,-1,33,-1,7
1,<environment.Job instance at 0x7f5c857ab3c0>,9,3,[ 3 11],10,-1,13,-1,10
1,<environment.Job instance at 0x7f5c857ab5f0>,8,24,[7 1],9,-1,43,-1,19
1,<environment.Job instance at 0x7f5c857ab6e0>,13,27,[7 2],14,-1,46,-1,19
1,<environment.Job instance at 0x7f5c857abd70>,14,12,[13  2],15,-1,31,-1,19
1,<environment.Job instance at 0x7f5c84ca45f0>,16,12,[ 2 14],17,-1,31,-1,19
1,<environment.Job instance at 0x7f5c84ca4f50>,17,17,[ 1 12],18,-1,36,-1,19
1,<environment.Job instance at 0x7f5c84ca4e60>,18,22,[13  4],19,-1,41,-1,19
1,<environment.Job instance at 0x7f5c84ca41e0>,19,18,[ 5 12],20,-1,38,-1,20
1,<environment.Job instance at 0x7f5c84ca40f0>,20,25,[12  1],21,-1,46,-1,21
1,<environment.Job instance at 0x7f5c84ca4aa0>,21,26,[10  2],22,-1,48,-1,22
1,<environment.Job instance at 0x7f5c84ca4cd0>,24,12,[13  2],25,-1,37,-1,25
1,<environment.Job instance at 0x7f5c84ca42d0>,26,26,[2 8],27,-1,58,-1,32
1,<environment.Job instance at 0x7f5c84ca4960>,29,14,[ 2 13],30,-1,46,-1,32
1,<environment.Job instance at 0x7f5c858e6550>,33,27,[ 1 13],34,-1,62,-1,35
1,<environment.Job instance at 0x7f5c85246c30>,34,18,[11  3],35,-1,53,-1,35
1,<environment.Job instance at 0x7f5c85af1460>,37,12,[12  5],38,-1,60,-1,48
1,<environment.Job instance at 0x7f5c85af1870>,38,12,[ 3 12],39,-1,60,-1,48
1,<environment.Job instance at 0x7f5c8434fd20>,41,25,[ 2 14],42,-1,76,-1,51
1,<environment.Job instance at 0x7f5c847c5d20>,47,16,[12  2],48,-1,83,-1,67
1,<environment.Job instance at 0x7f5c84537dc0>,48,2,[ 2 13],49,-1,69,-1,67
1,<environment.Job instance at 0x7f5c84537500>,49,27,[5 5],50,-1,96,-1,69
1,<environment.Job instance at 0x7f5c84537c30>,55,2,[12  1],56,-1,83,-1,81
1,<environment.Job instance at 0x7f5c84537f50>,56,27,[ 5 11],57,-1,108,-1,81
1,<environment.Job instance at 0x7f5c84e2ca50>,59,19,[ 4 13],60,-1,113,-1,94
1,<environment.Job instance at 0x7f5c84e2c730>,60,25,[11  3],61,-1,119,-1,94
1,<environment.Job instance at 0x7f5c853b0320>,1,18,[1 7],2,-1,20,-1,2
1,<environment.Job instance at 0x7f5c853b04b0>,2,19,[4 6],3,-1,22,-1,3
1,<environment.Job instance at 0x7f5c842849b0>,7,17,[2 8],8,-1,25,-1,8
1,<environment.Job instance at 0x7f5c84284c30>,8,15,[9 5],9,-1,24,-1,9
1,<environment.Job instance at 0x7f5c84284b90>,9,14,[1 7],10,-1,24,-1,10
1,<environment.Job instance at 0x7f5c842840a0>,10,19,[4 5],11,-1,30,-1,11
1,<environment.Job instance at 0x7f5c84284410>,12,20,[5 9],13,-1,33,-1,13
1,<environment.Job instance at 0x7f5c84284370>,14,13,[9 1],15,-1,28,-1,15
1,<environment.Job instance at 0x7f5c84284c80>,15,18,[3 9],16,-1,34,-1,16
1,<environment.Job instance at 0x7f5c85215cd0>,16,12,[1 7],17,-1,29,-1,17
1,<environment.Job instance at 0x7f5c853be1e0>,19,13,[5 6],20,-1,33,-1,20
1,<environment.Job instance at 0x7f5c853be500>,20,19,[3 5],21,-1,40,-1,21
1,<environment.Job instance at 0x7f5c853be2d0>,21,18,[8 2],22,-1,40,-1,22
1,<environment.Job instance at 0x7f5c853be370>,22,15,[8 4],23,-1,38,-1,23
1,<environment.Job instance at 0x7f5c853be0f0>,23,25,[ 5 10],24,-1,49,-1,24
1,<environment.Job instance at 0x7f5c8597af50>,26,19,[2 7],27,-1,46,-1,27
1,<environment.Job instance at 0x7f5c853af550>,35,18,[8 3],36,-1,59,-1,41
1,<environment.Job instance at 0x7f5c853af960>,36,13,[9 5],37,-1,54,-1,41
1,<environment.Job instance at 0x7f5c84fd35f0>,0,27,[ 1 14],1,-1,28,-1,1
1,<environment.Job instance at 0x7f5c84fd3dc0>,3,28,[ 5 13],4,-1,32,-1,4
1,<environment.Job instance at 0x7f5c84e30e60>,11,1,[ 2 13],12,-1,21,-1,20
1,<environment.Job instance at 0x7f5c84d378c0>,17,2,[11  1],18,-1,26,-1,24
1,<environment.Job instance at 0x7f5c846da140>,23,25,[ 5 10],24,-1,76,-1,51
1,<environment.Job instance at 0x7f5c8500d960>,24,2,[12  3],25,-1,53,-1,51
1,<environment.Job instance at 0x7f5c84b32910>,25,20,[ 4 11],26,-1,71,-1,51
1,<environment.Job instance at 0x7f5c8500ddc0>,27,15,[14  2],28,-1,66,-1,51
1,<environment.Job instance at 0x7f5c84fe2a50>,28,12,[13  3],29,-1,63,-1,51
1,<environment.Job instance at 0x7f5c84fe2b40>,32,25,[10  4],33,-1,106,-1,81
1,<environment.Job instance at 0x7f5c8537c410>,38,20,[12  2],39,-1,105,-1,85
1,<environment.Job instance at 0x7f5c855860a0>,0,17,[2 8],1,-1,19,-1,2
1,<environment.Job instance at 0x7f5c855869b0>,2,12,[10  3],3,-1,15,-1,3
1,<environment.Job instance at 0x7f5c85586910>,3,13,[5 1],4,-1,17,-1,4
1,<environment.Job instance at 0x7f5c855865f0>,5,13,[9 5],6,-1,19,-1,6
1,<environment.Job instance at 0x7f5c85586aa0>,7,13,[9 3],8,-1,21,-1,8
1,<environment.Job instance at 0x7f5c85586050>,8,18,[5 3],9,-1,27,-1,9
1,<environment.Job instance at 0x7f5c85586780>,9,15,[9 3],10,-1,25,-1,10
1,<environment.Job instance at 0x7f5c8546cf00>,12,22,[6 2],13,-1,35,-1,13
1,<environment.Job instance at 0x7f5c8546c7d0>,14,15,[11  3],15,-1,30,-1,15
1,<environment.Job instance at 0x7f5c8546c870>,15,15,[ 1 10],16,-1,31,-1,16
1,<environment.Job instance at 0x7f5c8546c4b0>,16,22,[1 8],17,-1,39,-1,17
1,<environment.Job instance at 0x7f5c8546ccd0>,17,23,[3 5],18,-1,41,-1,18
1,<environment.Job instance at 0x7f5c8546c960>,19,18,[7 3],20,-1,38,-1,20
1,<environment.Job instance at 0x7f5c8546caa0>,21,13,[4 8],22,-1,35,-1,22
1,<environment.Job instance at 0x7f5c8546c0f0>,22,14,[1 6],23,-1,37,-1,23
1,<environment.Job instance at 0x7f5c8546c230>,23,21,[7 4],24,-1,45,-1,24
1,<environment.Job instance at 0x7f5c85586460>,25,15,[5 9],26,-1,49,-1,34
1,<environment.Job instance at 0x7f5c85551d70>,31,16,[ 2 10],32,-1,50,-1,34
1,<environment.Job instance at 0x7f5c8546c9b0>,28,18,[ 1 11],29,-1,53,-1,35
1,<environment.Job instance at 0x7f5c85551dc0>,34,20,[5 9],35,-1,55,-1,35
1,<environment.Job instance at 0x7f5c85551cd0>,33,15,[10  1],34,-1,60,-1,45
1,<environment.Job instance at 0x7f5c855511e0>,39,27,[5 9],40,-1,74,-1,47
1,<environment.Job instance at 0x7f5c855519b0>,36,12,[10  3],37,-1,63,-1,51
1,<environment.Job instance at 0x7f5c8546cfa0>,24,22,[10  1],25,-1,73,-1,51
1,<environment.Job instance at 0x7f5c85551820>,38,18,[5 6],39,-1,69,-1,51
1,<environment.Job instance at 0x7f5c8546cb40>,18,17,[12  3],19,-1,83,-1,66
1,<environment.Job instance at 0x7f5c85551140>,47,20,[12  1],48,-1,86,-1,66
1,<environment.Job instance at 0x7f5c85551730>,48,24,[ 5 13],49,-1,91,-1,67
1,<environment.Job instance at 0x7f5c85551af0>,49,23,[8 5],50,-1,90,-1,67
1,<environment.Job instance at 0x7f5c846db780>,50,28,[4 9],51,-1,104,-1,76
1,<environment.Job instance at 0x7f5c85551a50>,44,16,[4 7],45,-1,93,-1,77
1,<environment.Job instance at 0x7f5c846db7d0>,52,19,[8 4],53,-1,96,-1,77
1,<environment.Job instance at 0x7f5c85059500>,4,16,[13  2],5,-1,21,-1,5
1,<environment.Job instance at 0x7f5c8507ce60>,1,25,[2 8],2,-1,43,-1,18
1,<environment.Job instance at 0x7f5c8536fb40>,11,3,[ 1 13],12,-1,21,-1,18
1,<environment.Job instance at 0x7f5c85380a00>,13,16,[ 4 14],14,-1,36,-1,20
1,<environment.Job instance at 0x7f5c85392e60>,14,15,[11  3],15,-1,35,-1,20
1,<environment.Job instance at 0x7f5c8537e500>,17,23,[3 5],18,-1,50,-1,27
1,<environment.Job instance at 0x7f5c85396320>,18,17,[12  3],19,-1,44,-1,27
1,<environment.Job instance at 0x7f5c85008d20>,20,13,[13  2],21,-1,40,-1,27
1,<environment.Job instance at 0x7f5c853871e0>,27,2,[11  4],28,-1,57,-1,55
1,<environment.Job instance at 0x7f5c8535d230>,28,18,[ 1 11],29,-1,73,-1,55
1,<environment.Job instance at 0x7f5c8536a460>,30,26,[5 7],31,-1,94,-1,68
1,<environment.Job instance at 0x7f5c846d0230>,35,25,[1 6],36,-1,109,-1,84
1,<environment.Job instance at 0x7f5c853635f0>,39,27,[5 9],40,-1,126,-1,99
1,<environment.Job instance at 0x7f5c84ff81e0>,42,26,[ 1 12],43,-1,131,-1,105
1,<environment.Job instance at 0x7f5c8537c320>,43,28,[ 3 14],44,-1,133,-1,105
1,<environment.Job instance at 0x7f5c8471dc80>,9,14,[8 5],10,-1,26,-1,12
1,<environment.Job instance at 0x7f5c8471ddc0>,12,19,[ 4 10],13,-1,32,-1,13
1,<environment.Job instance at 0x7f5c8471deb0>,11,18,[6 1],12,-1,32,-1,14
1,<environment.Job instance at 0x7f5c8471b0a0>,15,22,[7 1],16,-1,47,-1,25
1,<environment.Job instance at 0x7f5c84b32730>,1,24,[1 9],2,-1,26,-1,2
1,<environment.Job instance at 0x7f5c84b32b90>,5,15,[14  2],6,-1,21,-1,6
1,<environment.Job instance at 0x7f5c85560d70>,7,2,[ 5 11],8,-1,10,-1,8
1,<environment.Job instance at 0x7f5c84b32640>,8,12,[12  2],9,-1,21,-1,9
1,<environment.Job instance at 0x7f5c84b32140>,10,2,[ 4 14],11,-1,13,-1,11
1,<environment.Job instance at 0x7f5c84b32410>,13,14,[ 2 11],14,-1,28,-1,14
1,<environment.Job instance at 0x7f5c84fe0f50>,17,25,[1 7],18,-1,43,-1,18
1,<environment.Job instance at 0x7f5c84fe0d20>,19,25,[6 4],20,-1,54,-1,29
1,<environment.Job instance at 0x7f5c84fe0640>,20,25,[14  3],21,-1,54,-1,29
1,<environment.Job instance at 0x7f5c84fe0e60>,21,27,[8 1],22,-1,59,-1,32
1,<environment.Job instance at 0x7f5c84fe0190>,23,20,[ 3 12],24,-1,52,-1,32
1,<environment.Job instance at 0x7f5c84fe0370>,25,23,[5 2],26,-1,55,-1,32
1,<environment.Job instance at 0x7f5c84fe0be0>,26,23,[1 6],27,-1,56,-1,33
1,<environment.Job instance at 0x7f5c84fe0b90>,27,23,[10  4],28,-1,56,-1,33
1,<environment.Job instance at 0x7f5c84fe04b0>,30,28,[8 5],31,-1,64,-1,36
1,<environment.Job instance at 0x7f5c846db730>,36,26,[ 5 10],37,-1,77,-1,51
1,<environment.Job instance at 0x7f5c85551050>,38,1,[12  4],39,-1,52,-1,51
1,<environment.Job instance at 0x7f5c8546c5a0>,43,19,[ 1 11],44,-1,101,-1,82
1,<environment.Job instance at 0x7f5c846fd460>,44,26,[5 3],45,-1,118,-1,92
1,<environment.Job instance at 0x7f5c8553b690>,45,27,[6 1],46,-1,119,-1,92
1,<environment.Job instance at 0x7f5c856fdfa0>,47,13,[11  3],48,-1,105,-1,92
1,<environment.Job instance at 0x7f5c84e30c30>,50,14,[ 2 11],51,-1,106,-1,92
1,<environment.Job instance at 0x7f5c858e17d0>,52,17,[13  2],53,-1,110,-1,93
1,<environment.Job instance at 0x7f5c84ffdaf0>,53,20,[ 1 13],54,-1,113,-1,93
1,<environment.Job instance at 0x7f5c84ffd230>,54,18,[11  2],55,-1,111,-1,93
1,<environment.Job instance at 0x7f5c8537c3c0>,55,26,[12  4],56,-1,119,-1,93
1,<environment.Job instance at 0x7f5c8537c1e0>,56,14,[11  2],57,-1,107,-1,93
1,<environment.Job instance at 0x7f5c85363fa0>,59,13,[ 1 13],60,-1,112,-1,99
1,<environment.Job instance at 0x7f5c8445cf00>,0,16,[ 3 10],1,-1,18,-1,2
1,<environment.Job instance at 0x7f5c859c0690>,4,15,[3 5],5,-1,20,-1,5
1,<environment.Job instance at 0x7f5c85560910>,1,13,[8 2],2,-1,18,-1,5
1,<environment.Job instance at 0x7f5c859c07d0>,7,20,[10  4],8,-1,29,-1,9
1,<environment.Job instance at 0x7f5c859c0820>,9,27,[2 7],10,-1,37,-1,10
1,<environment.Job instance at 0x7f5c859c0370>,10,20,[2 6],11,-1,31,-1,11
1,<environment.Job instance at 0x7f5c859c3050>,14,15,[4 7],15,-1,30,-1,15
1,<environment.Job instance at 0x7f5c859c3a00>,16,15,[ 5 10],17,-1,32,-1,17
1,<environment.Job instance at 0x7f5c859c09b0>,8,26,[ 5 10],9,-1,46,-1,20
1,<environment.Job instance at 0x7f5c851628c0>,3,13,[ 1 13],4,-1,17,-1,4
1,<environment.Job instance at 0x7f5c8507ce60>,6,13,[12  1],7,-1,20,-1,7
1,<environment.Job instance at 0x7f5c850595a0>,9,27,[2 7],10,-1,44,-1,17
1,<environment.Job instance at 0x7f5c84440c30>,8,26,[ 5 10],9,-1,43,-1,17
1,<environment.Job instance at 0x7f5c853840a0>,13,13,[12  2],14,-1,30,-1,17
1,<environment.Job instance at 0x7f5c85380a00>,15,26,[11  4],16,-1,43,-1,17
1,<environment.Job instance at 0x7f5c85392fa0>,17,1,[ 4 11],18,-1,19,-1,18
1,<environment.Job instance at 0x7f5c85392e60>,18,3,[12  1],19,-1,22,-1,19
1,<environment.Job instance at 0x7f5c85008a50>,22,18,[ 1 13],23,-1,41,-1,23
1,<environment.Job instance at 0x7f5c850080f0>,23,12,[12  2],24,-1,36,-1,24
1,<environment.Job instance at 0x7f5c8535d230>,29,3,[ 5 12],30,-1,54,-1,51
1,<environment.Job instance at 0x7f5c8536a370>,32,28,[ 1 12],33,-1,94,-1,66
1,<environment.Job instance at 0x7f5c85b70780>,0,16,[10  3],1,-1,18,-1,2
1,<environment.Job instance at 0x7f5c846b1690>,1,24,[5 3],2,-1,27,-1,3
1,<environment.Job instance at 0x7f5c85b064b0>,5,25,[2 6],6,-1,31,-1,6
1,<environment.Job instance at 0x7f5c84f2ab90>,8,28,[4 6],9,-1,37,-1,9
1,<environment.Job instance at 0x7f5c84f2a230>,10,18,[11  5],11,-1,29,-1,11
1,<environment.Job instance at 0x7f5c84f2acd0>,11,23,[ 1 10],12,-1,35,-1,12
1,<environment.Job instance at 0x7f5c84f2adc0>,13,14,[4 9],14,-1,29,-1,15
1,<environment.Job instance at 0x7f5c84f2a7d0>,14,28,[4 7],15,-1,43,-1,15
1,<environment.Job instance at 0x7f5c84f2a550>,15,13,[ 3 10],16,-1,30,-1,17
1,<environment.Job instance at 0x7f5c84f11690>,16,24,[11  4],17,-1,42,-1,18
1,<environment.Job instance at 0x7f5c84a44500>,18,14,[10  3],19,-1,34,-1,20
1,<environment.Job instance at 0x7f5c844aaf00>,20,24,[9 4],21,-1,45,-1,21
1,<environment.Job instance at 0x7f5c844aac80>,21,17,[5 4],22,-1,39,-1,22
1,<environment.Job instance at 0x7f5c84b38640>,24,14,[3 7],25,-1,39,-1,25
1,<environment.Job instance at 0x7f5c84a44640>,19,18,[8 2],20,-1,44,-1,26
1,<environment.Job instance at 0x7f5c844aa640>,26,18,[10  1],27,-1,47,-1,29
1,<environment.Job instance at 0x7f5c84a92cd0>,29,15,[ 4 10],30,-1,45,-1,30
1,<environment.Job instance at 0x7f5c845ee690>,1,24,[5 3],2,-1,26,-1,2
1,<environment.Job instance at 0x7f5c85070780>,4,19,[12  3],5,-1,24,-1,5
1,<environment.Job instance at 0x7f5c845eee60>,5,25,[2 6],6,-1,31,-1,6
1,<environment.Job instance at 0x7f5c859c3aa0>,10,18,[11  5],11,-1,29,-1,11
1,<environment.Job instance at 0x7f5c845eedc0>,8,28,[4 6],9,-1,45,-1,17
1,<environment.Job instance at 0x7f5c859c08c0>,12,17,[ 3 14],13,-1,34,-1,17
1,<environment.Job instance at 0x7f5c859c3280>,11,23,[ 1 10],12,-1,40,-1,17
1,<environment.Job instance at 0x7f5c8553b9b0>,14,28,[4 7],15,-1,45,-1,17
1,<environment.Job instance at 0x7f5c85387050>,16,24,[11  4],17,-1,41,-1,17
1,<environment.Job instance at 0x7f5c851628c0>,20,24,[9 4],21,-1,59,-1,35
1,<environment.Job instance at 0x7f5c84f13f50>,22,2,[ 3 12],23,-1,37,-1,35
1,<environment.Job instance at 0x7f5c8566a5f0>,23,20,[12  3],24,-1,55,-1,35
1,<environment.Job instance at 0x7f5c84347dc0>,25,12,[ 2 12],26,-1,47,-1,35
1,<environment.Job instance at 0x7f5c8e5c4b90>,30,17,[ 3 14],31,-1,75,-1,58
1,<environment.Job instance at 0x7f5c846b15a0>,31,16,[12  1],32,-1,74,-1,58
1,<environment.Job instance at 0x7f5c8e5c4af0>,33,17,[13  3],34,-1,82,-1,65
1,<environment.Job instance at 0x7f5c8e5c4870>,38,12,[ 3 11],39,-1,91,-1,79
1,<environment.Job instance at 0x7f5c8e5c4a50>,39,27,[13  4],40,-1,106,-1,79
1,<environment.Job instance at 0x7f5c8e5c4050>,40,15,[ 3 14],41,-1,94,-1,79
1,<environment.Job instance at 0x7f5c851ce690>,43,14,[13  2],44,-1,105,-1,91
1,<environment.Job instance at 0x7f5c8e0cee10>,45,27,[3 8],46,-1,129,-1,102
1,<environment.Job instance at 0x7f5c848f5730>,48,15,[ 4 12],49,-1,117,-1,102
1,<environment.Job instance at 0x7f5c8e169cd0>,1,15,[10  2],2,-1,18,-1,3
1,<environment.Job instance at 0x7f5c845ee0a0>,2,20,[12  3],3,-1,23,-1,3
1,<environment.Job instance at 0x7f5c844315f0>,19,24,[7 1],20,-1,88,-1,64
1,<environment.Job instance at 0x7f5c84655e60>,0,22,[ 2 12],1,-1,23,-1,1
1,<environment.Job instance at 0x7f5c84655550>,2,20,[12  3],3,-1,23,-1,3
1,<environment.Job instance at 0x7f5c84655050>,3,17,[14  4],4,-1,21,-1,4
1,<environment.Job instance at 0x7f5c84655a00>,4,17,[12  2],5,-1,22,-1,5
1,<environment.Job instance at 0x7f5c84655190>,5,17,[ 2 13],6,-1,23,-1,6
1,<environment.Job instance at 0x7f5c84655aa0>,7,26,[ 3 14],8,-1,34,-1,8
1,<environment.Job instance at 0x7f5c84655f00>,9,26,[1 5],10,-1,36,-1,10
1,<environment.Job instance at 0x7f5c85496730>,11,18,[11  2],12,-1,30,-1,12
1,<environment.Job instance at 0x7f5c85496aa0>,14,23,[7 1],15,-1,40,-1,17
1,<environment.Job instance at 0x7f5c854963c0>,15,12,[ 4 13],16,-1,29,-1,17
1,<environment.Job instance at 0x7f5c85496320>,18,27,[ 3 12],19,-1,46,-1,19
1,<environment.Job instance at 0x7f5c85496780>,19,24,[7 1],20,-1,44,-1,20
1,<environment.Job instance at 0x7f5c8e525190>,21,2,[ 2 12],22,-1,24,-1,22
1,<environment.Job instance at 0x7f5c85496d70>,22,13,[ 3 11],23,-1,36,-1,23
1,<environment.Job instance at 0x7f5c85308b40>,26,15,[13  1],27,-1,50,-1,35
1,<environment.Job instance at 0x7f5c85308dc0>,30,2,[12  4],31,-1,52,-1,50
1,<environment.Job instance at 0x7f5c84dba960>,32,2,[12  3],33,-1,56,-1,54
1,<environment.Job instance at 0x7f5c84dbaf00>,36,19,[14  5],37,-1,97,-1,78
1,<environment.Job instance at 0x7f5c84dbab40>,38,24,[ 5 12],39,-1,105,-1,81
1,<environment.Job instance at 0x7f5c84dbad70>,39,25,[9 4],40,-1,121,-1,96
1,<environment.Job instance at 0x7f5c84fe9320>,44,15,[14  5],45,-1,123,-1,108
1,<environment.Job instance at 0x7f7f0fa31a50>,2,22,[4 8],3,-1,28,-1,6
1,<environment.Job instance at 0x7f7f0fa31b90>,7,25,[6 2],8,-1,33,-1,8
1,<environment.Job instance at 0x7f7f0fa36500>,16,16,[3 5],17,-1,42,-1,26
1,<environment.Job instance at 0x7f7f0fa40aa0>,0,28,[9 3],1,-1,29,-1,1
1,<environment.Job instance at 0x7f7f0fa40b40>,1,22,[11  3],2,-1,24,-1,2
1,<environment.Job instance at 0x7f7f0fa2c050>,3,3,[ 4 14],4,-1,7,-1,4
1,<environment.Job instance at 0x7f7f0fa707d0>,8,22,[14  3],9,-1,31,-1,9
1,<environment.Job instance at 0x7f7f0fa298c0>,9,18,[ 2 13],10,-1,28,-1,10
1,<environment.Job instance at 0x7f7f0fa29c30>,10,18,[ 3 11],11,-1,29,-1,11
1,<environment.Job instance at 0x7f7f0fa29050>,13,28,[ 4 14],14,-1,42,-1,14
1,<environment.Job instance at 0x7f7f190b14b0>,5,24,[1 5],6,-1,43,-1,19
1,<environment.Job instance at 0x7f7f0fa29d70>,7,25,[6 2],8,-1,50,-1,25
1,<environment.Job instance at 0x7f7f0fb68960>,17,28,[ 5 10],18,-1,54,-1,26
1,<environment.Job instance at 0x7f7f0fb68140>,18,3,[ 4 13],19,-1,29,-1,26
1,<environment.Job instance at 0x7f7f0fba2eb0>,19,14,[ 3 11],20,-1,40,-1,26
1,<environment.Job instance at 0x7f7f0ff01be0>,20,1,[13  5],21,-1,27,-1,26
1,<environment.Job instance at 0x7f7f0faf5820>,23,27,[ 1 14],24,-1,53,-1,26
1,<environment.Job instance at 0x7f7f0fbdecd0>,25,27,[8 1],26,-1,67,-1,40
1,<environment.Job instance at 0x7f7f0fbde0f0>,26,26,[5 5],27,-1,69,-1,43
1,<environment.Job instance at 0x7f7f0fb3f0a0>,29,25,[ 4 11],30,-1,68,-1,43
1,<environment.Job instance at 0x7f7f0fb55d20>,30,22,[ 5 13],31,-1,65,-1,43
1,<environment.Job instance at 0x7f7f0fb3f230>,28,25,[5 7],29,-1,68,-1,43
1,<environment.Job instance at 0x7f7f0fb3d5a0>,33,1,[11  3],34,-1,44,-1,43
1,<environment.Job instance at 0x7f7f0fb56500>,31,27,[4 8],32,-1,72,-1,45
1,<environment.Job instance at 0x7f7f0fce4f50>,37,13,[ 3 14],38,-1,58,-1,45
1,<environment.Job instance at 0x7f7f0fad6e10>,38,28,[ 2 12],39,-1,73,-1,45
1,<environment.Job instance at 0x7f7f0faf3f50>,40,24,[5 6],41,-1,71,-1,47
1,<environment.Job instance at 0x7f7f0faf3af0>,42,27,[5 2],43,-1,74,-1,47
1,<environment.Job instance at 0x7f7f0faf37d0>,45,24,[ 1 13],46,-1,80,-1,56
1,<environment.Job instance at 0x7f7f0faf3230>,47,17,[12  2],48,-1,80,-1,63
1,<environment.Job instance at 0x7f7f0faf3c30>,50,16,[ 2 11],51,-1,87,-1,71
1,<environment.Job instance at 0x7f7f0fbd9960>,51,16,[12  2],52,-1,87,-1,71
1,<environment.Job instance at 0x7f7f0fb874b0>,53,27,[8 5],54,-1,103,-1,76
1,<environment.Job instance at 0x7f7f0fbd9be0>,55,13,[13  1],56,-1,89,-1,76
1,<environment.Job instance at 0x7f7f0f174370>,0,17,[ 3 10],1,-1,19,-1,2
1,<environment.Job instance at 0x7f7f0f174af0>,4,22,[8 1],5,-1,29,-1,7
1,<environment.Job instance at 0x7f7f0f2e92d0>,13,16,[ 3 10],14,-1,30,-1,14
1,<environment.Job instance at 0x7f7f0f262640>,14,28,[5 6],15,-1,43,-1,15
1,<environment.Job instance at 0x7f7f0f2b3500>,15,14,[ 2 10],16,-1,30,-1,16
1,<environment.Job instance at 0x7f7f0f2de050>,22,22,[4 8],23,-1,82,-1,60
1,<environment.Job instance at 0x7f7f190c1370>,3,24,[ 2 14],4,-1,28,-1,4
1,<environment.Job instance at 0x7f7f0f272e60>,5,1,[ 3 12],6,-1,7,-1,6
1,<environment.Job instance at 0x7f7f0f237410>,6,18,[13  4],7,-1,25,-1,7
1,<environment.Job instance at 0x7f7f190c10f0>,7,1,[ 4 11],8,-1,9,-1,8
1,<environment.Job instance at 0x7f7f0f2560a0>,8,23,[ 2 14],9,-1,32,-1,9
1,<environment.Job instance at 0x7f7f0fa40aa0>,2,27,[2 6],3,-1,45,-1,18
1,<environment.Job instance at 0x7f7f0f256320>,14,28,[5 6],15,-1,46,-1,18
1,<environment.Job instance at 0x7f7f0f28d910>,16,19,[11  3],17,-1,37,-1,18
1,<environment.Job instance at 0x7f7f0f2241e0>,17,20,[14  5],18,-1,38,-1,18
1,<environment.Job instance at 0x7f7f0f224960>,19,3,[ 1 12],20,-1,23,-1,20
1,<environment.Job instance at 0x7f7f0f25de10>,20,16,[ 2 14],21,-1,37,-1,21
1,<environment.Job instance at 0x7f7f0f1ed500>,23,25,[6 1],24,-1,57,-1,32
1,<environment.Job instance at 0x7f7f0f1e6a00>,24,20,[ 1 14],25,-1,52,-1,32
1,<environment.Job instance at 0x7f7f0f1e6870>,26,17,[14  2],27,-1,49,-1,32
1,<environment.Job instance at 0x7f7f0f1e96e0>,28,1,[11  2],29,-1,41,-1,40
1,<environment.Job instance at 0x7f7f0f1e9b40>,29,23,[ 1 14],30,-1,63,-1,40
1,<environment.Job instance at 0x7f7f0f258e10>,32,14,[13  4],33,-1,58,-1,44
1,<environment.Job instance at 0x7f7f0f258fa0>,34,22,[12  4],35,-1,69,-1,47
1,<environment.Job instance at 0x7f7f0f258820>,35,23,[1 7],36,-1,70,-1,47
1,<environment.Job instance at 0x7f7f0f1f42d0>,37,1,[ 2 14],38,-1,48,-1,47
1,<environment.Job instance at 0x7f7f0f1f4c80>,40,25,[9 3],41,-1,92,-1,67
1,<environment.Job instance at 0x7f7f0f1fc280>,44,14,[13  3],45,-1,87,-1,73
1,<environment.Job instance at 0x7f7f0f1fcc80>,46,3,[ 2 12],47,-1,76,-1,73
1,<environment.Job instance at 0x7f7f0f1f7690>,48,1,[13  2],49,-1,87,-1,86
1,<environment.Job instance at 0x7f7f0f1f12d0>,49,14,[11  3],50,-1,100,-1,86
1,<environment.Job instance at 0x7f7f0f1ff820>,56,24,[11  5],57,-1,116,-1,92
1,<environment.Job instance at 0x7f7f0f3ee230>,58,25,[14  4],59,-1,131,-1,106
1,<environment.Job instance at 0x7f7f0f057050>,0,23,[7 3],1,-1,24,-1,1
1,<environment.Job instance at 0x7f7f0f057870>,2,20,[9 3],3,-1,25,-1,5
1,<environment.Job instance at 0x7f7f0f0571e0>,3,24,[14  3],4,-1,29,-1,5
1,<environment.Job instance at 0x7f7f0f0575a0>,8,18,[4 6],9,-1,28,-1,10
1,<environment.Job instance at 0x7f7f0f0570a0>,9,22,[14  1],10,-1,32,-1,10
1,<environment.Job instance at 0x7f7f0efe8d70>,22,27,[3 9],23,-1,65,-1,38
1,<environment.Job instance at 0x7f7f0efe8410>,24,12,[13  2],25,-1,55,-1,43
1,<environment.Job instance at 0x7f7f0f057e10>,18,18,[4 5],19,-1,61,-1,43
1,<environment.Job instance at 0x7f7f0efe8370>,31,17,[12  5],32,-1,60,-1,43
1,<environment.Job instance at 0x7f7f0efe8a00>,29,26,[9 4],30,-1,69,-1,43
1,<environment.Job instance at 0x7f7f0efe8140>,28,21,[8 3],29,-1,64,-1,43
1,<environment.Job instance at 0x7f7f0f0ca7d0>,0,23,[7 3],1,-1,24,-1,1
1,<environment.Job instance at 0x7f7f0f28b820>,3,24,[14  3],4,-1,28,-1,4
1,<environment.Job instance at 0x7f7f0f0bc550>,5,21,[12  3],6,-1,27,-1,6
1,<environment.Job instance at 0x7f7f0f0579b0>,7,28,[4 5],8,-1,36,-1,8
1,<environment.Job instance at 0x7f7f0f057d70>,9,22,[14  1],10,-1,32,-1,10
1,<environment.Job instance at 0x7f7f1907ba00>,10,3,[11  3],11,-1,14,-1,11
1,<environment.Job instance at 0x7f7f0f057af0>,11,27,[ 4 13],12,-1,39,-1,12
1,<environment.Job instance at 0x7f7f0f142d20>,15,16,[14  1],16,-1,32,-1,16
1,<environment.Job instance at 0x7f7f0f142d70>,12,26,[8 4],13,-1,49,-1,23
1,<environment.Job instance at 0x7f7f0f142960>,20,25,[ 3 10],21,-1,53,-1,28
1,<environment.Job instance at 0x7f7f0f0d4230>,22,27,[3 9],23,-1,56,-1,29
1,<environment.Job instance at 0x7f7f0f0d49b0>,24,12,[13  2],25,-1,41,-1,29
1,<environment.Job instance at 0x7f7f0f0d4aa0>,25,24,[1 5],26,-1,53,-1,29
1,<environment.Job instance at 0x7f7f0f0d48c0>,26,23,[3 6],27,-1,54,-1,31
1,<environment.Job instance at 0x7f7f0f0d4cd0>,29,26,[9 4],30,-1,64,-1,38
1,<environment.Job instance at 0x7f7f0f0d4640>,31,17,[12  5],32,-1,55,-1,38
1,<environment.Job instance at 0x7f7f0f0d4d70>,32,12,[13  5],33,-1,50,-1,38
1,<environment.Job instance at 0x7f7f0f0d4140>,34,25,[1 5],35,-1,69,-1,44
1,<environment.Job instance at 0x7f7f0f0d43c0>,37,15,[ 2 14],38,-1,66,-1,51
1,<environment.Job instance at 0x7f7f190a37d0>,40,14,[14  5],41,-1,77,-1,63
1,<environment.Job instance at 0x7f7f190a3910>,41,13,[ 5 13],42,-1,76,-1,63
1,<environment.Job instance at 0x7f7f190a38c0>,44,18,[11  3],45,-1,94,-1,76
1,<environment.Job instance at 0x7f7f190a3410>,46,25,[5 2],47,-1,102,-1,77
1,<environment.Job instance at 0x7f7f190a3f50>,48,28,[5 3],49,-1,106,-1,78
1,<environment.Job instance at 0x7f7f190a3460>,50,2,[ 1 11],51,-1,80,-1,78
1,<environment.Job instance at 0x7f7f190a36e0>,52,25,[9 5],53,-1,118,-1,93
1,<environment.Job instance at 0x7f7f190a3500>,53,24,[7 4],54,-1,117,-1,93
1,<environment.Job instance at 0x7f7f0effa550>,58,16,[11  4],59,-1,126,-1,110
1,<environment.Job instance at 0x7f7f0effa780>,60,25,[4 5],61,-1,138,-1,113
1,<environment.Job instance at 0x7f7f0effaaa0>,61,25,[6 3],62,-1,138,-1,113
1,<environment.Job instance at 0x7f7f0effa370>,62,2,[11  1],63,-1,115,-1,113
1,<environment.Job instance at 0x7f7f0effa5f0>,64,13,[12  4],65,-1,126,-1,113
1,<environment.Job instance at 0x7f7f0effabe0>,66,13,[ 1 13],67,-1,126,-1,113
1,<environment.Job instance at 0x7f7f0effa500>,67,26,[ 1 13],68,-1,139,-1,113
1,<environment.Job instance at 0x7f7f0f6ad320>,0,17,[7 5],1,-1,18,-1,1
1,<environment.Job instance at 0x7f7f0f6adc30>,2,21,[4 8],3,-1,24,-1,3
1,<environment.Job instance at 0x7f7f0f6adfa0>,3,15,[4 6],4,-1,19,-1,4
1,<environment.Job instance at 0x7f7f0f6ad280>,4,21,[3 8],5,-1,26,-1,5
1,<environment.Job instance at 0x7f7f0f6ade10>,5,25,[ 5 10],6,-1,31,-1,6
1,<environment.Job instance at 0x7f7f0f6ad4b0>,7,18,[1 5],8,-1,26,-1,8
1,<environment.Job instance at 0x7f7f0f55a460>,21,17,[12  4],22,-1,55,-1,38
1,<environment.Job instance at 0x7f7f0f55a870>,29,18,[9 5],30,-1,71,-1,53
1,<environment.Job instance at 0x7f7f0f6abbe0>,33,17,[7 2],34,-1,72,-1,55
1,<environment.Job instance at 0x7f7f0f55aeb0>,30,26,[9 4],31,-1,81,-1,55
1,<environment.Job instance at 0x7f7f0f55a910>,24,16,[10  4],25,-1,71,-1,55
1,<environment.Job instance at 0x7f7f0f6ab7d0>,35,20,[3 8],36,-1,76,-1,56
1,<environment.Job instance at 0x7f7f0f6ab500>,40,21,[7 4],41,-1,77,-1,56
1,<environment.Job instance at 0x7f7f0f6ab3c0>,39,17,[4 8],40,-1,73,-1,56
1,<environment.Job instance at 0x7f7f0f6ab8c0>,47,17,[14  5],48,-1,118,-1,101
1,<environment.Job instance at 0x7f7f0effa3c0>,8,20,[14  4],9,-1,34,-1,14
1,<environment.Job instance at 0x7f7f0effa4b0>,5,25,[ 5 10],6,-1,39,-1,14
1,<environment.Job instance at 0x7f7f0effa6e0>,10,27,[ 4 10],11,-1,41,-1,14
1,<environment.Job instance at 0x7f7f0effaaa0>,11,25,[12  4],12,-1,39,-1,14
1,<environment.Job instance at 0x7f7f190a32d0>,13,27,[3 8],14,-1,43,-1,16
1,<environment.Job instance at 0x7f7f190a3050>,14,13,[11  5],15,-1,29,-1,16
1,<environment.Job instance at 0x7f7f190a3820>,15,24,[8 4],16,-1,40,-1,16
1,<environment.Job instance at 0x7f7f190a3500>,18,3,[13  2],19,-1,32,-1,29
1,<environment.Job instance at 0x7f7f190a3410>,21,17,[12  4],22,-1,48,-1,31
1,<environment.Job instance at 0x7f7f190a3780>,25,3,[12  3],26,-1,39,-1,36
1,<environment.Job instance at 0x7f7f190a3eb0>,26,12,[ 5 14],27,-1,48,-1,36
1,<environment.Job instance at 0x7f7f190a3690>,30,26,[9 4],31,-1,96,-1,70
1,<environment.Job instance at 0x7f7f191f49b0>,34,22,[ 1 12],35,-1,92,-1,70
1,<environment.Job instance at 0x7f7f0f142690>,36,26,[ 3 12],37,-1,96,-1,70
1,<environment.Job instance at 0x7f7f191e47d0>,37,1,[ 2 14],38,-1,71,-1,70
1,<environment.Job instance at 0x7f7f0f55ad20>,41,2,[ 2 14],42,-1,91,-1,89
1,<environment.Job instance at 0x7f7f0f6ab6e0>,42,17,[ 5 14],43,-1,106,-1,89
1,<environment.Job instance at 0x7f7f0f6ab730>,43,3,[ 2 11],44,-1,92,-1,89
1,<environment.Job instance at 0x7f7f0f536af0>,45,2,[12  2],46,-1,91,-1,89
1,<environment.Job instance at 0x7f7f191e3be0>,47,17,[14  5],48,-1,106,-1,89
1,<environment.Job instance at 0x7f7f0efe1d20>,48,2,[13  3],49,-1,91,-1,89
1,<environment.Job instance at 0x7f7f0f590f00>,49,22,[12  3],50,-1,111,-1,89
1,<environment.Job instance at 0x7f7f0efdf5a0>,55,28,[10  3],56,-1,145,-1,117
1,<environment.Job instance at 0x7f7f0f8a7eb0>,2,16,[10  3],3,-1,20,-1,4
1,<environment.Job instance at 0x7f7f0effa910>,3,24,[11  3],4,-1,28,-1,4
1,<environment.Job instance at 0x7f7f0f8a7190>,6,14,[10  3],7,-1,22,-1,8
1,<environment.Job instance at 0x7f7f0f8a7410>,7,23,[10  3],8,-1,31,-1,8
1,<environment.Job instance at 0x7f7f0f8a7a00>,8,19,[1 5],9,-1,29,-1,10
1,<environment.Job instance at 0x7f7f0f8a7550>,10,18,[10  4],11,-1,29,-1,11
1,<environment.Job instance at 0x7f7f0f8a76e0>,12,24,[7 5],13,-1,37,-1,13
1,<environment.Job instance at 0x7f7f0f8aa460>,16,27,[5 5],17,-1,44,-1,17
1,<environment.Job instance at 0x7f7f0f8aab40>,17,15,[9 5],18,-1,33,-1,18
1,<environment.Job instance at 0x7f7f0fa9dcd0>,0,2,[13  5],1,-1,3,-1,1
1,<environment.Job instance at 0x7f7f0fc91af0>,3,24,[11  3],4,-1,28,-1,4
1,<environment.Job instance at 0x7f7f0fa9d7d0>,4,18,[13  3],5,-1,23,-1,5
1,<environment.Job instance at 0x7f7f0fb75690>,7,23,[10  3],8,-1,42,-1,19
1,<environment.Job instance at 0x7f7f10133190>,12,24,[7 5],13,-1,43,-1,19
1,<environment.Job instance at 0x7f7f0fb27dc0>,13,20,[14  5],14,-1,39,-1,19
1,<environment.Job instance at 0x7f7f104cf500>,15,18,[14  1],16,-1,37,-1,19
1,<environment.Job instance at 0x7f7f104cf140>,16,27,[5 5],17,-1,59,-1,32
1,<environment.Job instance at 0x7f7f105b1dc0>,19,13,[14  1],20,-1,45,-1,32
1,<environment.Job instance at 0x7f7f0fc99870>,21,3,[ 5 12],22,-1,36,-1,33
1,<environment.Job instance at 0x7f7f0fd10730>,23,21,[ 2 11],24,-1,56,-1,35
1,<environment.Job instance at 0x7f7f0fef6c80>,24,1,[14  3],25,-1,36,-1,35
1,<environment.Job instance at 0x7f7f0ff8aaa0>,27,19,[11  1],28,-1,66,-1,47
1,<environment.Job instance at 0x7f7f0f5c3690>,31,27,[1 8],32,-1,82,-1,55
1,<environment.Job instance at 0x7f7f191f5b90>,32,19,[ 5 14],33,-1,74,-1,55
1,<environment.Job instance at 0x7f7f191f02d0>,34,3,[13  1],35,-1,58,-1,55
1,<environment.Job instance at 0x7f7f0f6c2eb0>,38,3,[ 1 13],39,-1,68,-1,65
1,<environment.Job instance at 0x7f7f0efdf910>,47,15,[13  1],48,-1,121,-1,106
1,<environment.Job instance at 0x7f7f0efdf460>,48,14,[12  4],49,-1,120,-1,106
1,<environment.Job instance at 0x7f7f0efdf1e0>,51,25,[ 3 14],52,-1,136,-1,111
1,<environment.Job instance at 0x7f7f0efdf5a0>,52,14,[14  3],53,-1,125,-1,111
1,<environment.Job instance at 0x7f7f0efdfd70>,54,14,[ 5 14],55,-1,133,-1,119
1,<environment.Job instance at 0x7f7f0f4a23c0>,0,18,[7 1],1,-1,20,-1,2
1,<environment.Job instance at 0x7f7f0f4a22d0>,2,13,[3 6],3,-1,16,-1,3
1,<environment.Job instance at 0x7f7f0f4a2be0>,1,16,[1 8],2,-1,19,-1,3
1,<environment.Job instance at 0x7f7f0f4a2690>,3,18,[ 3 10],4,-1,22,-1,4
1,<environment.Job instance at 0x7f7f0fe923c0>,17,22,[9 4],18,-1,40,-1,18
1,<environment.Job instance at 0x7f7f0fe92cd0>,16,23,[7 4],17,-1,42,-1,19
1,<environment.Job instance at 0x7f7f0fe92f00>,20,15,[9 4],21,-1,45,-1,30
1,<environment.Job instance at 0x7f7f191e47d0>,5,22,[11  4],6,-1,28,-1,6
1,<environment.Job instance at 0x7f7f0f55ad20>,6,21,[11  3],7,-1,28,-1,7
1,<environment.Job instance at 0x7f7f0f55afa0>,8,19,[14  3],9,-1,28,-1,9
1,<environment.Job instance at 0x7f7f0f536e60>,10,15,[11  4],11,-1,26,-1,11
1,<environment.Job instance at 0x7f7f0f5366e0>,11,17,[11  1],12,-1,29,-1,12
1,<environment.Job instance at 0x7f7f191f6280>,12,2,[ 1 14],13,-1,15,-1,13
1,<environment.Job instance at 0x7f7f0f6c2140>,13,12,[13  2],14,-1,26,-1,14
1,<environment.Job instance at 0x7f7f34702910>,4,26,[1 5],5,-1,42,-1,16
1,<environment.Job instance at 0x7f7f0f6c2eb0>,15,15,[ 2 11],16,-1,31,-1,16
1,<environment.Job instance at 0x7f7f191f0730>,16,23,[7 4],17,-1,40,-1,17
1,<environment.Job instance at 0x7f7f0f55aa50>,7,23,[ 4 10],8,-1,41,-1,18
1,<environment.Job instance at 0x7f7f0fb7ff00>,25,25,[12  3],26,-1,61,-1,36
1,<environment.Job instance at 0x7f7f10583af0>,24,28,[10  3],25,-1,79,-1,51
1,<environment.Job instance at 0x7f7f0f7850a0>,30,16,[14  3],31,-1,67,-1,51
1,<environment.Job instance at 0x7f7f0f4a2780>,36,21,[12  5],37,-1,86,-1,65
1,<environment.Job instance at 0x7f7f0fe85be0>,39,24,[11  4],40,-1,102,-1,78
1,<environment.Job instance at 0x7f7f0fe854b0>,38,25,[6 1],39,-1,105,-1,80
1,<environment.Job instance at 0x7f7f0fe85910>,41,27,[5 1],42,-1,107,-1,80
1,<environment.Job instance at 0x7f7f0fe857d0>,43,17,[14  5],44,-1,97,-1,80
1,<environment.Job instance at 0x7f7f0fe85fa0>,46,25,[8 3],47,-1,122,-1,97
1,<environment.Job instance at 0x7f7f0fe85820>,47,13,[13  1],48,-1,110,-1,97
1,<environment.Job instance at 0x7f7f0f419c30>,51,19,[12  1],52,-1,132,-1,113
1,<environment.Job instance at 0x7f7f0f4b3780>,0,18,[9 5],1,-1,19,-1,1
1,<environment.Job instance at 0x7f7f0fa06e10>,10,15,[5 2],11,-1,34,-1,19
1,<environment.Job instance at 0x7f7f0fa06f00>,11,13,[12  5],12,-1,32,-1,19
1,<environment.Job instance at 0x7f7f0fb74d20>,6,23,[11  3],7,-1,45,-1,22
1,<environment.Job instance at 0x7f7f0fb8e410>,12,14,[7 1],13,-1,37,-1,23
1,<environment.Job instance at 0x7f7f0fb74aa0>,8,16,[ 5 10],9,-1,40,-1,24
1,<environment.Job instance at 0x7f7f0fb8ec80>,15,27,[6 1],16,-1,53,-1,26
1,<environment.Job instance at 0x7f7f0fb8e050>,13,16,[11  4],14,-1,42,-1,26
1,<environment.Job instance at 0x7f7f0fb8ef00>,16,22,[5 5],17,-1,53,-1,31
1,<environment.Job instance at 0x7f7f0fb8ed20>,17,14,[2 6],18,-1,47,-1,33
1,<environment.Job instance at 0x7f7f0fb845a0>,23,17,[4 5],24,-1,52,-1,35
1,<environment.Job instance at 0x7f7f0fb848c0>,24,18,[ 1 10],25,-1,53,-1,35
1,<environment.Job instance at 0x7f7f0fb84370>,22,16,[ 2 10],23,-1,51,-1,35
1,<environment.Job instance at 0x7f7f0fb84140>,28,18,[10  5],29,-1,54,-1,36
1,<environment.Job instance at 0x7f7f0f6cbb90>,31,15,[10  4],32,-1,51,-1,36
1,<environment.Job instance at 0x7f7f18bfff50>,33,25,[5 6],34,-1,61,-1,36
1,<environment.Job instance at 0x7f7f0f4f0b90>,37,27,[5 7],38,-1,65,-1,38
1,<environment.Job instance at 0x7f7f10581a00>,1,28,[ 5 12],2,-1,30,-1,2
1,<environment.Job instance at 0x7f7f10581280>,2,28,[2 6],3,-1,31,-1,3
1,<environment.Job instance at 0x7f7f10581c80>,4,28,[ 1 11],5,-1,33,-1,5
1,<environment.Job instance at 0x7f7f105814b0>,6,23,[11  3],7,-1,30,-1,7
1,<environment.Job instance at 0x7f7f10581820>,7,14,[13  5],8,-1,22,-1,8
1,<environment.Job instance at 0x7f7f10581500>,11,13,[12  5],12,-1,25,-1,12
1,<environment.Job instance at 0x7f7f105788c0>,13,16,[11  4],14,-1,35,-1,19
1,<environment.Job instance at 0x7f7f105783c0>,14,3,[ 5 14],15,-1,22,-1,19
1,<environment.Job instance at 0x7f7f10578e60>,15,27,[6 1],16,-1,47,-1,20
1,<environment.Job instance at 0x7f7f10578460>,18,3,[13  4],19,-1,23,-1,20
1,<environment.Job instance at 0x7f7f105780a0>,21,27,[5 1],22,-1,50,-1,23
1,<environment.Job instance at 0x7f7f191f0050>,26,12,[14  1],27,-1,65,-1,53
1,<environment.Job instance at 0x7f7f191f6460>,27,18,[ 3 13],28,-1,71,-1,53
1,<environment.Job instance at 0x7f7f34702910>,30,22,[ 1 12],31,-1,77,-1,55
1,<environment.Job instance at 0x7f7f0f536c30>,32,3,[ 4 11],33,-1,61,-1,58
1,<environment.Job instance at 0x7f7f0f536730>,33,25,[5 6],34,-1,95,-1,70
1,<environment.Job instance at 0x7f7f0f8aa140>,34,26,[ 3 12],35,-1,96,-1,70
1,<environment.Job instance at 0x7f7f191e4af0>,35,2,[ 4 13],36,-1,72,-1,70
1,<environment.Job instance at 0x7f7f0f7f44b0>,38,20,[ 4 14],39,-1,93,-1,73
1,<environment.Job instance at 0x7f7f1056baf0>,37,27,[5 7],38,-1,113,-1,86
1,<environment.Job instance at 0x7f7f10210460>,41,23,[11  4],42,-1,109,-1,86
1,<environment.Job instance at 0x7f7f0f8a7f50>,43,23,[2 7],44,-1,116,-1,93
1,<environment.Job instance at 0x7f7f0fa19320>,44,15,[12  4],45,-1,108,-1,93
1,<environment.Job instance at 0x7f7f0fda8fa0>,45,2,[ 1 12],46,-1,95,-1,93
1,<environment.Job instance at 0x7f7f0f47c820>,48,28,[6 4],49,-1,134,-1,106
1,<environment.Job instance at 0x7f7f0f4a2960>,49,14,[14  3],50,-1,120,-1,106
1,<environment.Job instance at 0x7f7f0f4a2a50>,51,25,[ 2 14],52,-1,131,-1,106
1,<environment.Job instance at 0x7f7f0fc85af0>,2,26,[5 8],3,-1,29,-1,3
1,<environment.Job instance at 0x7f7f0fc85780>,4,23,[1 5],5,-1,28,-1,5
1,<environment.Job instance at 0x7f7f10262820>,12,18,[ 2 11],13,-1,32,-1,14
1,<environment.Job instance at 0x7f7f102629b0>,17,14,[8 1],18,-1,32,-1,18
1,<environment.Job instance at 0x7f7f10262c80>,18,16,[ 4 10],19,-1,35,-1,19
1,<environment.Job instance at 0x7f7f10583af0>,0,24,[7 3],1,-1,25,-1,1
1,<environment.Job instance at 0x7f7f0f3797d0>,4,23,[1 5],5,-1,28,-1,5
1,<environment.Job instance at 0x7f7f0ff97c30>,6,2,[ 5 13],7,-1,9,-1,7
1,<environment.Job instance at 0x7f7f0ff78aa0>,7,13,[ 1 14],8,-1,21,-1,8
1,<environment.Job instance at 0x7f7f18dfcf00>,10,21,[13  2],11,-1,32,-1,11
1,<environment.Job instance at 0x7f7f0f27e140>,12,18,[ 2 11],13,-1,31,-1,13
1,<environment.Job instance at 0x7f7f10583690>,2,26,[5 8],3,-1,41,-1,15
1,<environment.Job instance at 0x7f7f10010370>,14,3,[11  2],15,-1,18,-1,15
1,<environment.Job instance at 0x7f7f0f1395a0>,15,3,[14  5],16,-1,19,-1,16
1,<environment.Job instance at 0x7f7f191e4140>,19,18,[ 5 14],20,-1,38,-1,20
1,<environment.Job instance at 0x7f7f191e4af0>,20,17,[ 3 13],21,-1,38,-1,21
1,<environment.Job instance at 0x7f7f191e4eb0>,21,23,[13  3],22,-1,45,-1,22
1,<environment.Job instance at 0x7f7f191f6280>,22,18,[ 2 12],23,-1,41,-1,23
1,<environment.Job instance at 0x7f7f191e7e60>,23,2,[11  1],24,-1,26,-1,24
1,<environment.Job instance at 0x7f7f105817d0>,27,1,[13  4],28,-1,29,-1,28
1,<environment.Job instance at 0x7f7f10581c80>,28,13,[ 2 12],29,-1,42,-1,29
1,<environment.Job instance at 0x7f7f105810f0>,26,26,[7 4],27,-1,62,-1,36
1,<environment.Job instance at 0x7f7f10581370>,31,13,[14  4],32,-1,49,-1,36
1,<environment.Job instance at 0x7f7f10581960>,32,16,[14  2],33,-1,52,-1,36
1,<environment.Job instance at 0x7f7f10262cd0>,36,24,[5 9],37,-1,65,-1,41
1,<environment.Job instance at 0x7f7f10262410>,37,1,[ 3 14],38,-1,42,-1,41
1,<environment.Job instance at 0x7f7f0fa90690>,39,28,[14  4],40,-1,69,-1,41
1,<environment.Job instance at 0x7f7f0fa908c0>,40,28,[5 2],41,-1,78,-1,50
1,<environment.Job instance at 0x7f7f0fc85730>,42,24,[8 1],43,-1,80,-1,56
1,<environment.Job instance at 0x7f7f101cdb40>,44,26,[5 7],45,-1,84,-1,58
1,<environment.Job instance at 0x7f7f101cdc30>,45,3,[ 1 12],46,-1,61,-1,58
1,<environment.Job instance at 0x7f7f10292b90>,50,2,[ 5 12],51,-1,79,-1,77
1,<environment.Job instance at 0x7f7f10292f00>,49,26,[7 3],50,-1,103,-1,77
1,<environment.Job instance at 0x7f7f10292a50>,53,2,[14  5],54,-1,79,-1,77
1,<environment.Job instance at 0x7f7f10292fa0>,54,2,[13  2],55,-1,79,-1,77
1,<environment.Job instance at 0x7f7f102920a0>,60,17,[ 1 13],61,-1,112,-1,95
1,<environment.Job instance at 0x7f7f102922d0>,61,25,[4 9],62,-1,131,-1,106
1,<environment.Job instance at 0x7f7f10292dc0>,63,14,[13  3],64,-1,120,-1,106
1,<environment.Job instance at 0x7f7f0f717780>,0,24,[4 5],1,-1,25,-1,1
1,<environment.Job instance at 0x7f7f10292be0>,0,24,[4 5],1,-1,25,-1,1
1,<environment.Job instance at 0x7f7f10292fa0>,2,12,[13  3],3,-1,15,-1,3
1,<environment.Job instance at 0x7f7f10292910>,3,25,[ 5 10],4,-1,29,-1,4
1,<environment.Job instance at 0x7f7f102923c0>,5,14,[11  2],6,-1,20,-1,6
1,<environment.Job instance at 0x7f7f10292f00>,6,15,[ 3 14],7,-1,22,-1,7
1,<environment.Job instance at 0x7f7f10292c80>,8,27,[7 4],9,-1,43,-1,16
1,<environment.Job instance at 0x7f7f34702910>,13,2,[ 1 12],14,-1,18,-1,16
1,<environment.Job instance at 0x7f7f0f6f0410>,16,14,[ 4 12],17,-1,35,-1,21
1,<environment.Job instance at 0x7f7f191f6280>,18,25,[ 1 14],19,-1,51,-1,26
1,<environment.Job instance at 0x7f7f104650f0>,19,14,[11  5],20,-1,40,-1,26
1,<environment.Job instance at 0x7f7f102913c0>,21,23,[ 4 13],22,-1,51,-1,28
1,<environment.Job instance at 0x7f7f10291230>,22,19,[11  1],23,-1,47,-1,28
1,<environment.Job instance at 0x7f7f10291d70>,23,3,[ 4 11],24,-1,31,-1,28
1,<environment.Job instance at 0x7f7f1026fbe0>,26,13,[ 3 13],27,-1,54,-1,41
1,<environment.Job instance at 0x7f7f1026f3c0>,29,16,[14  5],30,-1,60,-1,44
1,<environment.Job instance at 0x7f7f0f0953c0>,32,1,[14  3],33,-1,55,-1,54
1,<environment.Job instance at 0x7f7f0f13e0a0>,38,23,[5 5],39,-1,88,-1,65
1,<environment.Job instance at 0x7f7f0f13e870>,40,14,[11  3],41,-1,79,-1,65
1,<environment.Job instance at 0x7f7f0f14eaa0>,42,1,[11  2],43,-1,68,-1,67
1,<environment.Job instance at 0x7f7f102864b0>,50,2,[14  2],51,-1,100,-1,98
1,<environment.Job instance at 0x7f7f0f11fb40>,52,23,[ 3 10],53,-1,133,-1,110
1,<environment.Job instance at 0x7f7f0f779780>,1,22,[10  5],2,-1,26,-1,4
1,<environment.Job instance at 0x7f7f0f779f50>,3,16,[12  5],4,-1,20,-1,4
1,<environment.Job instance at 0x7f7f0f779b90>,5,18,[11  4],6,-1,24,-1,6
1,<environment.Job instance at 0x7f7f18c4a4b0>,11,23,[2 9],12,-1,35,-1,12
1,<environment.Job instance at 0x7f7f18c4aa50>,12,26,[7 4],13,-1,39,-1,13
1,<environment.Job instance at 0x7f7f18c4a0a0>,13,24,[7 4],14,-1,38,-1,14
1,<environment.Job instance at 0x7f7f18c4a780>,17,18,[1 9],18,-1,36,-1,18
1,<environment.Job instance at 0x7f7f18c4a500>,22,17,[3 7],23,-1,40,-1,23
1,<environment.Job instance at 0x7f7f0fe38eb0>,25,28,[9 1],26,-1,60,-1,32
1,<environment.Job instance at 0x7f7f0fe38780>,27,18,[2 9],28,-1,51,-1,33
1,<environment.Job instance at 0x7f7f0f779690>,6,15,[1 8],7,-1,48,-1,33
1,<environment.Job instance at 0x7f7f18c4a550>,21,14,[ 4 14],22,-1,47,-1,33
1,<environment.Job instance at 0x7f7f0fe38aa0>,28,18,[5 5],29,-1,51,-1,33
1,<environment.Job instance at 0x7f7f0fe383c0>,30,19,[3 9],31,-1,52,-1,33
1,<environment.Job instance at 0x7f7f0fe38a00>,32,16,[7 5],33,-1,49,-1,33
1,<environment.Job instance at 0x7f7f0fe38050>,35,25,[9 4],36,-1,61,-1,36
1,<environment.Job instance at 0x7f7f0fe38730>,39,13,[9 1],40,-1,59,-1,46
1,<environment.Job instance at 0x7f7f0fe385a0>,38,23,[4 8],39,-1,69,-1,46
1,<environment.Job instance at 0x7f7f0fe38140>,40,27,[ 5 14],41,-1,73,-1,46
1,<environment.Job instance at 0x7f7f10406f00>,43,20,[10  3],44,-1,69,-1,49
1,<environment.Job instance at 0x7f7f10406f50>,46,23,[9 5],47,-1,72,-1,49
1,<environment.Job instance at 0x7f7f0fe38820>,31,18,[5 2],32,-1,68,-1,50
1,<environment.Job instance at 0x7f7f10289780>,0,20,[14  2],1,-1,21,-1,1
1,<environment.Job instance at 0x7f7f18bb9050>,2,1,[ 5 14],3,-1,4,-1,3
1,<environment.Job instance at 0x7f7f102897d0>,3,16,[12  5],4,-1,20,-1,4
1,<environment.Job instance at 0x7f7f10289dc0>,5,18,[11  4],6,-1,24,-1,6
1,<environment.Job instance at 0x7f7f0fed4460>,7,3,[ 4 11],8,-1,11,-1,8
1,<environment.Job instance at 0x7f7f10281460>,11,23,[2 9],12,-1,40,-1,17
1,<environment.Job instance at 0x7f7f10281e60>,13,24,[7 4],14,-1,48,-1,24
1,<environment.Job instance at 0x7f7f102811e0>,14,3,[13  3],15,-1,27,-1,24
1,<environment.Job instance at 0x7f7f10281320>,12,26,[7 4],13,-1,50,-1,24
1,<environment.Job instance at 0x7f7f10281c30>,16,14,[13  2],17,-1,38,-1,24
1,<environment.Job instance at 0x7f7f0f138460>,18,2,[ 4 14],19,-1,26,-1,24
1,<environment.Job instance at 0x7f7f18b66190>,21,14,[ 4 14],22,-1,39,-1,25
1,<environment.Job instance at 0x7f7f1026c5a0>,25,28,[9 1],26,-1,80,-1,52
1,<environment.Job instance at 0x7f7f1039f5f0>,37,2,[12  3],38,-1,88,-1,86
1,<environment.Job instance at 0x7f7f0f1cde10>,38,23,[4 8],39,-1,112,-1,89
1,<environment.Job instance at 0x7f7f0f13b370>,40,27,[ 5 14],41,-1,116,-1,89
1,<environment.Job instance at 0x7f7f102992d0>,41,17,[14  2],42,-1,106,-1,89
1,<environment.Job instance at 0x7f7f102991e0>,42,15,[12  2],43,-1,104,-1,89
1,<environment.Job instance at 0x7f7f0fadb960>,35,25,[9 4],36,-1,115,-1,90
1,<environment.Job instance at 0x7f7f0f12aaf0>,45,26,[13  3],46,-1,116,-1,90
1,<environment.Job instance at 0x7f7f0f12a5f0>,46,23,[9 5],47,-1,113,-1,90
1,<environment.Job instance at 0x7f7f10265d70>,47,27,[7 3],48,-1,117,-1,90
1,<environment.Job instance at 0x7f7f0f11fc30>,50,18,[11  2],51,-1,110,-1,92
1,<environment.Job instance at 0x7f7f0f11fc80>,51,25,[9 5],52,-1,117,-1,92
1,<environment.Job instance at 0x7f7f10286eb0>,54,2,[ 5 12],55,-1,94,-1,92
1,<environment.Job instance at 0x7f7f10286dc0>,55,23,[6 1],56,-1,128,-1,105
1,<environment.Job instance at 0x7f7f102864b0>,57,2,[ 4 14],58,-1,107,-1,105
1,<environment.Job instance at 0x7f7f0f1595a0>,59,14,[ 1 11],60,-1,120,-1,106
1,<environment.Job instance at 0x7f7f10548fa0>,1,27,[5 2],2,-1,29,-1,2
1,<environment.Job instance at 0x7f7f0fe6beb0>,12,22,[8 3],13,-1,37,-1,15
1,<environment.Job instance at 0x7f7f0fe6b9b0>,15,21,[5 8],16,-1,37,-1,16
1,<environment.Job instance at 0x7f7f0fe6be10>,16,21,[11  3],17,-1,114,-1,93
1,<environment.Job instance at 0x7f7f0fe6bd70>,24,24,[2 8],25,-1,117,-1,93
1,<environment.Job instance at 0x7f7f0fe6b730>,25,24,[5 7],26,-1,117,-1,93
1,<environment.Job instance at 0x7f7f0f680410>,0,26,[10  3],1,-1,27,-1,1
1,<environment.Job instance at 0x7f7f0f680d70>,1,27,[5 2],2,-1,29,-1,2
1,<environment.Job instance at 0x7f7f0f680dc0>,2,12,[ 3 13],3,-1,15,-1,3
1,<environment.Job instance at 0x7f7f0f6800f0>,3,17,[14  5],4,-1,21,-1,4
1,<environment.Job instance at 0x7f7f0f680c80>,4,15,[14  2],5,-1,20,-1,5
1,<environment.Job instance at 0x7f7f0f680230>,5,15,[ 1 12],6,-1,21,-1,6
1,<environment.Job instance at 0x7f7f0f779cd0>,9,12,[ 1 12],10,-1,22,-1,10
1,<environment.Job instance at 0x7f7f1023c910>,16,21,[11  3],17,-1,42,-1,21
1,<environment.Job instance at 0x7f7f0fe38d70>,20,12,[11  2],21,-1,33,-1,21
1,<environment.Job instance at 0x7f7f18dfceb0>,21,18,[ 3 11],22,-1,40,-1,22
1,<environment.Job instance at 0x7f7f18c4ab90>,24,24,[2 8],25,-1,62,-1,38
1,<environment.Job instance at 0x7f7f0fd86320>,25,24,[5 7],26,-1,62,-1,38
1,<environment.Job instance at 0x7f7f0ff61050>,26,13,[14  2],27,-1,51,-1,38
1,<environment.Job instance at 0x7f7f0f2ff730>,27,12,[ 5 14],28,-1,50,-1,38
1,<environment.Job instance at 0x7f7f0f6f02d0>,28,28,[11  4],29,-1,66,-1,38
1,<environment.Job instance at 0x7f7f104650f0>,30,26,[1 8],31,-1,65,-1,39
1,<environment.Job instance at 0x7f7f1026faf0>,36,15,[ 1 14],37,-1,67,-1,52
1,<environment.Job instance at 0x7f7f1026f370>,37,1,[ 3 13],38,-1,53,-1,52
1,<environment.Job instance at 0x7f7f100e3fa0>,38,23,[11  4],39,-1,75,-1,52
1,<environment.Job instance at 0x7f7f1026f280>,35,24,[5 3],36,-1,79,-1,55
1,<environment.Job instance at 0x7f7f0f13e410>,44,26,[9 3],45,-1,97,-1,71
1,<environment.Job instance at 0x7f7f0f14eaa0>,46,2,[14  4],47,-1,74,-1,72
1,<environment.Job instance at 0x7f7f0f159fa0>,49,14,[14  2],50,-1,95,-1,81
1,<environment.Job instance at 0x7f7f0f159f50>,50,2,[14  4],51,-1,83,-1,81
1,<environment.Job instance at 0x7f7f10286280>,51,15,[ 4 12],52,-1,96,-1,81
1,<environment.Job instance at 0x7f7f10286e60>,53,26,[8 3],54,-1,114,-1,88
1,<environment.Job instance at 0x7f7f0f11fa00>,55,24,[3 9],56,-1,124,-1,100
1,<environment.Job instance at 0x7f7f10265e10>,58,13,[13  2],59,-1,113,-1,100
1,<environment.Job instance at 0x7f7f0f12a5f0>,62,14,[ 3 13],63,-1,129,-1,115
1,<environment.Job instance at 0x7f7f102992d0>,63,23,[6 1],64,-1,139,-1,116
1,<environment.Job instance at 0x7f7f0f13b370>,66,16,[13  3],67,-1,133,-1,117
1,<environment.Job instance at 0x7f7f0f8678c0>,2,16,[ 2 13],3,-1,19,-1,3
1,<environment.Job instance at 0x7f7f0f867a50>,3,23,[7 1],4,-1,27,-1,4
1,<environment.Job instance at 0x7f7f0f896f00>,4,13,[13  4],5,-1,18,-1,5
1,<environment.Job instance at 0x7f7f0f87d7d0>,5,18,[14  3],6,-1,24,-1,6
1,<environment.Job instance at 0x7f7f0f8989b0>,7,24,[14  5],8,-1,32,-1,8
1,<environment.Job instance at 0x7f7f0f898e10>,8,25,[ 4 12],9,-1,34,-1,9
1,<environment.Job instance at 0x7f7f0f891730>,10,18,[12  3],11,-1,29,-1,11
1,<environment.Job instance at 0x7f7f0f891690>,12,18,[ 2 11],13,-1,31,-1,13
1,<environment.Job instance at 0x7f7f0f898b40>,13,13,[11  3],14,-1,27,-1,14
1,<environment.Job instance at 0x7f7f0f8e3550>,14,18,[13  2],15,-1,33,-1,15
1,<environment.Job instance at 0x7f7f0f891f00>,16,23,[ 5 13],17,-1,40,-1,17
1,<environment.Job instance at 0x7f7f0f901dc0>,20,12,[ 4 14],21,-1,34,-1,22
1,<environment.Job instance at 0x7f7f0f901550>,17,23,[2 7],18,-1,48,-1,25
1,<environment.Job instance at 0x7f7f0f8e3280>,18,28,[ 1 10],19,-1,53,-1,25
1,<environment.Job instance at 0x7f7f101be4b0>,26,18,[ 5 11],27,-1,45,-1,27
1,<environment.Job instance at 0x7f7f0f909f50>,28,1,[12  3],29,-1,30,-1,29
1,<environment.Job instance at 0x7f7f0f909f00>,29,25,[13  1],30,-1,55,-1,30
1,<environment.Job instance at 0x7f7f0f8efc30>,33,1,[14  4],34,-1,42,-1,41
1,<environment.Job instance at 0x7f7f0f8efb40>,34,17,[13  5],35,-1,58,-1,41
1,<environment.Job instance at 0x7f7f0f8efb90>,36,13,[ 4 11],37,-1,54,-1,41
1,<environment.Job instance at 0x7f7f0f90f910>,40,28,[ 3 10],41,-1,85,-1,57
1,<environment.Job instance at 0x7f7f103c9370>,49,27,[1 9],50,-1,120,-1,93
1,<environment.Job instance at 0x7f7f10221910>,50,25,[ 3 12],51,-1,118,-1,93
1,<environment.Job instance at 0x7f7f1059b8c0>,52,20,[ 1 13],53,-1,113,-1,93
1,<environment.Job instance at 0x7f7f1059b6e0>,55,15,[ 2 11],56,-1,114,-1,99
1,<environment.Job instance at 0x7f7f0ee71d20>,58,26,[2 5],59,-1,126,-1,100
1,<environment.Job instance at 0x7f7f1059b820>,54,23,[10  3],55,-1,128,-1,105
1,<environment.Job instance at 0x7f7f0f67dc30>,0,19,[ 3 10],1,-1,21,-1,2
1,<environment.Job instance at 0x7f7f0f67d780>,2,20,[10  3],3,-1,23,-1,3
1,<environment.Job instance at 0x7f7f0f67d690>,3,27,[7 2],4,-1,31,-1,4
1,<environment.Job instance at 0x7f7f0f864f00>,5,21,[10  1],6,-1,28,-1,7
1,<environment.Job instance at 0x7f7f0f67d550>,7,17,[ 1 12],8,-1,25,-1,8
1,<environment.Job instance at 0x7f7f0f8649b0>,13,16,[ 5 10],14,-1,36,-1,20
1,<environment.Job instance at 0x7f7f0f864640>,20,16,[3 6],21,-1,38,-1,22
1,<environment.Job instance at 0x7f7f0ee4c410>,4,12,[13  2],5,-1,17,-1,5
1,<environment.Job instance at 0x7f7f0fe01e60>,6,12,[ 2 14],7,-1,19,-1,7
1,<environment.Job instance at 0x7f7f0fe1b690>,7,17,[ 1 12],8,-1,25,-1,8
1,<environment.Job instance at 0x7f7f0f67dbe0>,8,22,[13  4],9,-1,31,-1,9
1,<environment.Job instance at 0x7f7f0f67d910>,9,18,[ 5 12],10,-1,28,-1,10
1,<environment.Job instance at 0x7f7f0f67daa0>,10,25,[12  1],11,-1,36,-1,11
1,<environment.Job instance at 0x7f7f0f864b40>,3,27,[7 2],4,-1,50,-1,23
1,<environment.Job instance at 0x7f7f0fe0a190>,14,12,[13  2],15,-1,35,-1,23
1,<environment.Job instance at 0x7f7f0fe0aaa0>,16,26,[2 8],17,-1,49,-1,23
1,<environment.Job instance at 0x7f7f0f67d820>,11,26,[10  2],12,-1,49,-1,23
1,<environment.Job instance at 0x7f7f0fe1e410>,19,14,[ 2 13],20,-1,37,-1,23
1,<environment.Job instance at 0x7f7f0fe1ef50>,23,27,[ 1 13],24,-1,51,-1,24
1,<environment.Job instance at 0x7f7f0fe1eeb0>,24,18,[11  3],25,-1,43,-1,25
1,<environment.Job instance at 0x7f7f0fe1ee60>,27,12,[12  5],28,-1,47,-1,35
1,<environment.Job instance at 0x7f7f0fe1e050>,28,12,[ 3 12],29,-1,47,-1,35
1,<environment.Job instance at 0x7f7f0fe1e690>,31,25,[ 2 14],32,-1,62,-1,37
1,<environment.Job instance at 0x7f7f0fe1dc80>,37,16,[12  2],38,-1,69,-1,53
1,<environment.Job instance at 0x7f7f0fe1de60>,38,2,[ 2 13],39,-1,55,-1,53
1,<environment.Job instance at 0x7f7f0fe1da00>,39,27,[5 5],40,-1,80,-1,53
1,<environment.Job instance at 0x7f7f0fe1d910>,45,2,[12  1],46,-1,68,-1,66
1,<environment.Job instance at 0x7f7f0fe1d140>,46,27,[ 5 11],47,-1,93,-1,66
1,<environment.Job instance at 0x7f7f0fe1d820>,49,19,[ 4 13],50,-1,98,-1,79
1,<environment.Job instance at 0x7f7f0fe06a00>,50,25,[11  3],51,-1,104,-1,79
1,<environment.Job instance at 0x7f7f0fe06460>,55,17,[ 2 12],56,-1,113,-1,96
1,<environment.Job instance at 0x7f7f0fe061e0>,57,26,[9 4],58,-1,135,-1,109
1,<environment.Job instance at 0x7f7f0fe06cd0>,59,25,[11  1],60,-1,134,-1,109
1,<environment.Job instance at 0x7f7f0fe063c0>,56,28,[5 9],57,-1,139,-1,111
1,<environment.Job instance at 0x7f7f0fe069b0>,61,1,[13  2],62,-1,112,-1,111
1,<environment.Job instance at 0x7f7f0fe06870>,62,14,[13  2],63,-1,125,-1,111
1,<environment.Job instance at 0x7f7f0ef06410>,0,19,[3 5],1,-1,20,-1,1
1,<environment.Job instance at 0x7f7f0ef06b40>,1,18,[8 2],2,-1,21,-1,3
1,<environment.Job instance at 0x7f7f0ef066e0>,2,15,[8 4],3,-1,18,-1,3
1,<environment.Job instance at 0x7f7f0ef06d70>,3,25,[ 5 10],4,-1,29,-1,4
1,<environment.Job instance at 0x7f7f0ef06190>,10,21,[9 1],11,-1,34,-1,13
1,<environment.Job instance at 0x7f7f0ef06eb0>,13,3,[8 3],14,-1,17,-1,14
1,<environment.Job instance at 0x7f7f10235b40>,12,25,[10  4],13,-1,39,-1,14
1,<environment.Job instance at 0x7f7f10235f00>,14,18,[6 1],15,-1,34,-1,16
1,<environment.Job instance at 0x7f7f0ee5f280>,16,13,[9 5],17,-1,30,-1,17
1,<environment.Job instance at 0x7f7f0ee5fc30>,26,14,[9 3],27,-1,45,-1,31
1,<environment.Job instance at 0x7f7f0ee5f960>,29,19,[13  2],30,-1,55,-1,36
1,<environment.Job instance at 0x7f7f0fe03a50>,4,2,[12  3],5,-1,7,-1,5
1,<environment.Job instance at 0x7f7f0fe03410>,5,20,[ 4 11],6,-1,26,-1,6
1,<environment.Job instance at 0x7f7f0fe034b0>,7,15,[14  2],8,-1,23,-1,8
1,<environment.Job instance at 0x7f7f0fe03a00>,8,12,[13  3],9,-1,21,-1,9
1,<environment.Job instance at 0x7f7f0fe15be0>,12,25,[10  4],13,-1,45,-1,20
1,<environment.Job instance at 0x7f7f0fe03b90>,3,25,[ 5 10],4,-1,51,-1,26
1,<environment.Job instance at 0x7f7f0fe15050>,18,20,[12  2],19,-1,58,-1,38
1,<environment.Job instance at 0x7f7f0fe15410>,20,28,[8 4],21,-1,89,-1,61
1,<environment.Job instance at 0x7f7f0fe152d0>,24,2,[13  1],25,-1,63,-1,61
1,<environment.Job instance at 0x7f7f0fe15460>,27,3,[12  1],28,-1,67,-1,64
1,<environment.Job instance at 0x7f7f0fdfcfa0>,29,19,[13  2],30,-1,86,-1,67
1,<environment.Job instance at 0x7f7f0fdfc960>,32,1,[ 2 13],33,-1,81,-1,80
1,<environment.Job instance at 0x7f7f0fdfcaa0>,33,24,[ 4 10],34,-1,119,-1,95
1,<environment.Job instance at 0x7f7f0fdfcbe0>,35,1,[ 4 11],36,-1,96,-1,95
1,<environment.Job instance at 0x7f7f0fdfcb40>,39,24,[4 6],40,-1,130,-1,106
1,<environment.Job instance at 0x7f7f0fdfcd20>,40,23,[13  5],41,-1,129,-1,106
1,<environment.Job instance at 0x7f7f0fe06f50>,41,28,[14  2],42,-1,134,-1,106
1,<environment.Job instance at 0x7f7f0fe06cd0>,46,22,[13  1],47,-1,128,-1,106
1,<environment.Job instance at 0x7f7f0fe067d0>,48,22,[ 2 12],49,-1,132,-1,110
1,<environment.Job instance at 0x7f7f10654dc0>,0,26,[5 7],1,-1,27,-1,1
1,<environment.Job instance at 0x7f7f106547d0>,1,16,[ 2 10],2,-1,18,-1,2
1,<environment.Job instance at 0x7f7f10654d20>,3,15,[10  1],4,-1,20,-1,5
1,<environment.Job instance at 0x7f7f10654be0>,5,25,[1 6],6,-1,31,-1,6
1,<environment.Job instance at 0x7f7f10654640>,6,12,[10  3],7,-1,19,-1,7
1,<environment.Job instance at 0x7f7f10654f50>,7,15,[1 7],8,-1,23,-1,8
1,<environment.Job instance at 0x7f7f10654460>,8,18,[5 6],9,-1,27,-1,9
1,<environment.Job instance at 0x7f7f10654820>,9,27,[5 9],10,-1,37,-1,10
1,<environment.Job instance at 0x7f7f106541e0>,10,1,[8 1],11,-1,12,-1,11
1,<environment.Job instance at 0x7f7f106542d0>,11,12,[8 3],12,-1,24,-1,12
1,<environment.Job instance at 0x7f7f10654f00>,14,16,[4 7],15,-1,31,-1,15
1,<environment.Job instance at 0x7f7f1008e8c0>,15,16,[9 5],16,-1,32,-1,16
1,<environment.Job instance at 0x7f7f1008e960>,16,13,[1 6],17,-1,30,-1,17
1,<environment.Job instance at 0x7f7f1008ecd0>,19,23,[8 5],20,-1,43,-1,20
1,<environment.Job instance at 0x7f7f0f50d320>,20,28,[4 9],21,-1,49,-1,21
1,<environment.Job instance at 0x7f7f0f50d3c0>,22,19,[8 4],23,-1,42,-1,23
1,<environment.Job instance at 0x7f7f0f568230>,0,26,[5 7],1,-1,27,-1,1
1,<environment.Job instance at 0x7f7f0f144d20>,5,25,[1 6],6,-1,43,-1,18
1,<environment.Job instance at 0x7f7f0f5628c0>,9,27,[5 9],10,-1,45,-1,18
1,<environment.Job instance at 0x7f7f0f562780>,12,26,[ 1 12],13,-1,44,-1,18
1,<environment.Job instance at 0x7f7f10211b90>,13,28,[ 3 14],14,-1,46,-1,18
1,<environment.Job instance at 0x7f7f0f4dfc80>,17,20,[12  1],18,-1,53,-1,33
1,<environment.Job instance at 0x7f7f0f62ca50>,18,24,[ 5 13],19,-1,57,-1,33
1,<environment.Job instance at 0x7f7f0f67bc30>,21,24,[ 5 13],22,-1,58,-1,34
1,<environment.Job instance at 0x7f7f0f2577d0>,20,28,[4 9],21,-1,75,-1,47
1,<environment.Job instance at 0x7f7f0f67bfa0>,19,23,[8 5],20,-1,70,-1,47
1,<environment.Job instance at 0x7f7f0f24fb90>,24,1,[14  4],25,-1,48,-1,47
1,<environment.Job instance at 0x7f7f0f597410>,28,25,[14  3],29,-1,77,-1,52
1,<environment.Job instance at 0x7f7f0f597460>,29,27,[14  3],30,-1,79,-1,52
1,<environment.Job instance at 0x7f7f0fbabb40>,35,15,[11  3],36,-1,82,-1,67
1,<environment.Job instance at 0x7f7f0f25c280>,36,28,[4 7],37,-1,107,-1,79
1,<environment.Job instance at 0x7f7f0f25cd70>,38,3,[ 4 13],39,-1,82,-1,79
1,<environment.Job instance at 0x7f7f0f25c460>,41,12,[13  1],42,-1,104,-1,92
1,<environment.Job instance at 0x7f7f0f25caa0>,43,13,[ 4 13],44,-1,108,-1,95
1,<environment.Job instance at 0x7f7f0f43ea00>,44,18,[11  5],45,-1,113,-1,95
1,<environment.Job instance at 0x7f7f0f24c9b0>,0,17,[3 6],1,-1,18,-1,1
1,<environment.Job instance at 0x7f7f0f24c280>,1,17,[ 4 10],2,-1,19,-1,2
1,<environment.Job instance at 0x7f7f0f148640>,6,19,[8 2],7,-1,27,-1,8
1,<environment.Job instance at 0x7f7f0f24ccd0>,7,13,[11  3],8,-1,21,-1,8
1,<environment.Job instance at 0x7f7f0f148410>,8,20,[9 1],9,-1,33,-1,13
1,<environment.Job instance at 0x7f7f0f148500>,12,17,[13  2],13,-1,30,-1,13
1,<environment.Job instance at 0x7f7f0f148b40>,26,22,[8 4],27,-1,106,-1,84
1,<environment.Job instance at 0x7f7f0ffeaf00>,30,12,[ 4 10],31,-1,110,-1,98
1,<environment.Job instance at 0x7f7f0ffeadc0>,36,1,[10  5],37,-1,99,-1,98
1,<environment.Job instance at 0x7f7f0ffeaaf0>,33,15,[5 8],34,-1,113,-1,98
1,<environment.Job instance at 0x7f7f0ffea7d0>,37,21,[3 7],38,-1,119,-1,98
1,<environment.Job instance at 0x7f7f0ffeaa50>,32,16,[11  2],33,-1,114,-1,98
1,<environment.Job instance at 0x7f7f0ffeae60>,39,28,[4 8],40,-1,132,-1,104
1,<environment.Job instance at 0x7f7f0f278b40>,3,19,[ 1 11],4,-1,23,-1,4
1,<environment.Job instance at 0x7f7f10445c30>,4,26,[5 3],5,-1,31,-1,5
1,<environment.Job instance at 0x7f7f10445d70>,5,27,[6 1],6,-1,33,-1,6
1,<environment.Job instance at 0x7f7f104451e0>,7,13,[11  3],8,-1,21,-1,8
1,<environment.Job instance at 0x7f7f10456280>,10,14,[ 2 11],11,-1,25,-1,11
1,<environment.Job instance at 0x7f7f10456eb0>,12,17,[13  2],13,-1,30,-1,13
1,<environment.Job instance at 0x7f7f10462c30>,13,20,[ 1 13],14,-1,34,-1,14
1,<environment.Job instance at 0x7f7f10462780>,14,18,[11  2],15,-1,33,-1,15
1,<environment.Job instance at 0x7f7f10442730>,15,26,[12  4],16,-1,42,-1,16
1,<environment.Job instance at 0x7f7f10442780>,16,14,[11  2],17,-1,31,-1,17
1,<environment.Job instance at 0x7f7f1046ca50>,19,13,[ 1 13],20,-1,39,-1,26
1,<environment.Job instance at 0x7f7f0f589be0>,23,2,[ 4 11],24,-1,44,-1,42
1,<environment.Job instance at 0x7f7f0f589190>,24,23,[ 2 11],25,-1,65,-1,42
1,<environment.Job instance at 0x7f7f1046a7d0>,32,16,[11  2],33,-1,76,-1,60
1,<environment.Job instance at 0x7f7f10447f00>,34,2,[13  2],35,-1,63,-1,61
1,<environment.Job instance at 0x7f7f0f5655a0>,38,26,[2 5],39,-1,107,-1,81
1,<environment.Job instance at 0x7f7f0f5655f0>,39,28,[4 8],40,-1,109,-1,81
1,<environment.Job instance at 0x7f7f0fb9f460>,40,28,[1 5],41,-1,109,-1,81
1,<environment.Job instance at 0x7f7f0f65d3c0>,42,3,[ 5 11],43,-1,84,-1,81
1,<environment.Job instance at 0x7f7f0f67b550>,43,13,[12  1],44,-1,94,-1,81
1,<environment.Job instance at 0x7f7f0ffeafa0>,49,15,[ 3 12],50,-1,101,-1,86
1,<environment.Job instance at 0x7f7f0f137aa0>,47,28,[ 1 10],48,-1,128,-1,100
1,<environment.Job instance at 0x7f7f0f148550>,51,26,[9 3],52,-1,126,-1,100
1,<environment.Job instance at 0x7f7f0f75bd20>,52,24,[1 7],53,-1,124,-1,100
1,<environment.Job instance at 0x7f7f0f75b730>,53,26,[4 7],54,-1,126,-1,100
1,<environment.Job instance at 0x7f7f0f359be0>,54,15,[14  1],55,-1,115,-1,100
1,<environment.Job instance at 0x7f7f0f359550>,55,25,[5 6],56,-1,125,-1,100
1,<environment.Job instance at 0x7f7f0f359a00>,56,28,[1 5],57,-1,128,-1,100
1,<environment.Job instance at 0x7f7f0f359d20>,57,2,[14  1],58,-1,102,-1,100
1,<environment.Job instance at 0x7f7f0f257fa0>,59,14,[11  3],60,-1,115,-1,101
1,<environment.Job instance at 0x7f7f34702910>,60,22,[11  4],61,-1,123,-1,101
1,<environment.Job instance at 0x7f7f0f457f50>,61,14,[ 4 14],62,-1,115,-1,101
1,<environment.Job instance at 0x7f7f0f759500>,62,17,[ 1 11],63,-1,118,-1,101
1,<environment.Job instance at 0x7f7f0f24ce60>,65,23,[ 5 14],66,-1,141,-1,118
1,<environment.Job instance at 0x7f7f0f28e500>,1,26,[5 6],2,-1,28,-1,2
1,<environment.Job instance at 0x7f7f0f9701e0>,7,18,[3 8],8,-1,27,-1,9
1,<environment.Job instance at 0x7f7f0f98bfa0>,8,22,[3 6],9,-1,31,-1,9
1,<environment.Job instance at 0x7f7f0f9703c0>,11,18,[ 3 12],12,-1,30,-1,12
1,<environment.Job instance at 0x7f7f0f9705a0>,12,20,[2 7],13,-1,33,-1,13
1,<environment.Job instance at 0x7f7f0f970640>,13,17,[7 2],14,-1,31,-1,14
1,<environment.Job instance at 0x7f7f0fa17d70>,0,27,[14  1],1,-1,28,-1,1
1,<environment.Job instance at 0x7f7f0f56e320>,1,26,[5 6],2,-1,28,-1,2
1,<environment.Job instance at 0x7f7f0f56ef50>,3,14,[ 1 13],4,-1,18,-1,4
1,<environment.Job instance at 0x7f7f0f56edc0>,5,26,[11  1],6,-1,32,-1,6
1,<environment.Job instance at 0x7f7f0f56efa0>,6,24,[12  2],7,-1,31,-1,7
1,<environment.Job instance at 0x7f7f0f56e280>,10,3,[ 5 14],11,-1,14,-1,11
1,<environment.Job instance at 0x7f7f0f56e2d0>,11,18,[ 3 12],12,-1,30,-1,12
1,<environment.Job instance at 0x7f7f1023f960>,16,23,[9 5],17,-1,41,-1,18
1,<environment.Job instance at 0x7f7f0f56e7d0>,15,23,[5 9],16,-1,41,-1,18
1,<environment.Job instance at 0x7f7f1023faa0>,18,26,[ 4 12],19,-1,45,-1,19
1,<environment.Job instance at 0x7f7f1023fd20>,19,1,[ 2 14],20,-1,21,-1,20
1,<environment.Job instance at 0x7f7f1023fcd0>,20,25,[12  5],21,-1,46,-1,21
1,<environment.Job instance at 0x7f7f1023f140>,23,17,[13  3],24,-1,52,-1,35
1,<environment.Job instance at 0x7f7f1023f780>,24,20,[ 4 11],25,-1,55,-1,35
1,<environment.Job instance at 0x7f7f1023f910>,27,25,[8 5],28,-1,77,-1,52
1,<environment.Job instance at 0x7f7f1023fbe0>,28,3,[11  3],29,-1,55,-1,52
1,<environment.Job instance at 0x7f7f1023f500>,29,27,[13  5],30,-1,79,-1,52
1,<environment.Job instance at 0x7f7f1023f190>,31,14,[ 4 13],32,-1,66,-1,52
1,<environment.Job instance at 0x7f7f1023f7d0>,34,25,[5 3],35,-1,78,-1,53
1,<environment.Job instance at 0x7f7f1023f230>,36,16,[ 3 11],37,-1,81,-1,65
1,<environment.Job instance at 0x7f7f1023f870>,37,28,[4 9],38,-1,93,-1,65
1,<environment.Job instance at 0x7f7f0f24caa0>,38,25,[11  1],39,-1,90,-1,65
1,<environment.Job instance at 0x7f7f0f457dc0>,41,12,[12  1],42,-1,78,-1,66
1,<environment.Job instance at 0x7f7f0f759500>,44,27,[ 3 14],45,-1,97,-1,70
1,<environment.Job instance at 0x7f7f0f759960>,45,2,[ 3 13],46,-1,72,-1,70
1,<environment.Job instance at 0x7f7f0f359e60>,46,28,[11  1],47,-1,98,-1,70
1,<environment.Job instance at 0x7f7f0f359dc0>,47,18,[ 4 11],48,-1,88,-1,70
1,<environment.Job instance at 0x7f7f0f359a00>,50,18,[12  3],51,-1,101,-1,83
1,<environment.Job instance at 0x7f7f0ffeacd0>,54,17,[ 3 13],55,-1,119,-1,102
1,<environment.Job instance at 0x7f7f104c0d20>,14,16,[8 4],15,-1,31,-1,15
1,<environment.Job instance at 0x7f7f104c00a0>,13,23,[14  5],14,-1,39,-1,16
1,<environment.Job instance at 0x7f7f0f9013c0>,18,14,[12  4],19,-1,35,-1,21
1,<environment.Job instance at 0x7f7f0f901d20>,20,25,[ 4 10],21,-1,46,-1,21
1,<environment.Job instance at 0x7f7f0f901690>,21,22,[9 1],22,-1,50,-1,28
1,<environment.Job instance at 0x7f7f0f901730>,17,14,[7 4],18,-1,42,-1,28
1,<environment.Job instance at 0x7f7f0f9016e0>,25,18,[ 2 11],26,-1,46,-1,28
1,<environment.Job instance at 0x7f7f0fd51f50>,0,14,[12  5],1,-1,15,-1,1
1,<environment.Job instance at 0x7f7f0f7fdc80>,5,22,[14  4],6,-1,28,-1,6
1,<environment.Job instance at 0x7f7f0f7fd0a0>,6,16,[14  2],7,-1,23,-1,7
1,<environment.Job instance at 0x7f7f0f7fd870>,9,2,[ 2 11],10,-1,12,-1,10
1,<environment.Job instance at 0x7f7f0f278c80>,13,23,[14  5],14,-1,37,-1,14
1,<environment.Job instance at 0x7f7f10445d70>,18,14,[12  4],19,-1,42,-1,28
1,<environment.Job instance at 0x7f7f104563c0>,20,25,[ 4 10],21,-1,58,-1,33
1,<environment.Job instance at 0x7f7f10442780>,24,14,[ 2 11],25,-1,59,-1,45
1,<environment.Job instance at 0x7f7f0f332280>,25,18,[ 2 11],26,-1,63,-1,45
1,<environment.Job instance at 0x7f7f1046c960>,26,18,[12  3],27,-1,63,-1,45
1,<environment.Job instance at 0x7f7f1046cfa0>,27,19,[ 2 12],28,-1,64,-1,45
1,<environment.Job instance at 0x7f7f0f5892d0>,30,17,[ 5 14],31,-1,63,-1,46
1,<environment.Job instance at 0x7f7f10448af0>,31,25,[ 1 11],32,-1,71,-1,46
1,<environment.Job instance at 0x7f7f1047e640>,35,23,[8 4],36,-1,84,-1,61
1,<environment.Job instance at 0x7f7f1046a730>,36,12,[12  1],37,-1,73,-1,61
1,<environment.Job instance at 0x7f7f1046a230>,37,2,[ 4 11],38,-1,63,-1,61
1,<environment.Job instance at 0x7f7f10475870>,40,25,[5 1],41,-1,86,-1,61
1,<environment.Job instance at 0x7f7f10475960>,41,2,[14  3],42,-1,63,-1,61
1,<environment.Job instance at 0x7f7f0f5655a0>,42,27,[10  5],43,-1,90,-1,63
1,<environment.Job instance at 0x7f7f0f5655f0>,43,1,[ 3 11],44,-1,64,-1,63
1,<environment.Job instance at 0x7f7f0f659f50>,46,16,[12  5],47,-1,79,-1,63
1,<environment.Job instance at 0x7f7f0f148780>,47,3,[ 1 13],48,-1,66,-1,63
1,<environment.Job instance at 0x7f7f0f137aa0>,48,26,[ 1 12],49,-1,89,-1,63
1,<environment.Job instance at 0x7f7f0f75bd20>,49,19,[12  1],50,-1,82,-1,63
1,<environment.Job instance at 0x7f7f0f75b230>,50,22,[ 2 12],51,-1,85,-1,63
1,<environment.Job instance at 0x7f7f0f359280>,52,20,[12  3],53,-1,84,-1,64
1,<environment.Job instance at 0x7f7f0f359550>,53,17,[14  4],54,-1,81,-1,64
1,<environment.Job instance at 0x7f7f0f359050>,54,17,[12  2],55,-1,81,-1,64
1,<environment.Job instance at 0x7f7f0f359640>,55,17,[ 2 13],56,-1,81,-1,64
1,<environment.Job instance at 0x7f7f0f257f00>,57,26,[ 3 14],58,-1,106,-1,80
1,<environment.Job instance at 0x7f7f0f457aa0>,59,26,[1 5],60,-1,107,-1,81
1,<environment.Job instance at 0x7f7f1023faf0>,61,18,[11  2],62,-1,99,-1,81
1,<environment.Job instance at 0x7f7f1023f0f0>,64,23,[7 1],65,-1,118,-1,95
1,<environment.Job instance at 0x7f7f1023f910>,65,12,[ 4 13],66,-1,107,-1,95
1,<environment.Job instance at 0x7f7f1023f410>,68,27,[ 3 12],69,-1,125,-1,98
1,<environment.Job instance at 0x7f7f1023fa00>,69,24,[7 1],70,-1,125,-1,101
1,<environment.Job instance at 0x7f7f1023f8c0>,71,2,[ 2 12],72,-1,103,-1,101
1,<environment.Job instance at 0x7f7f1023f820>,72,13,[ 3 11],73,-1,114,-1,101
1,<environment.Job instance at 0x7f7f0eca44b0>,4,16,[ 1 13],5,-1,27,-1,11
1,<environment.Job instance at 0x7f7f0eea8b40>,10,18,[5 5],11,-1,30,-1,12
1,<environment.Job instance at 0x7f7f0fa58a50>,0,13,[ 4 14],1,-1,14,-1,1
1,<environment.Job instance at 0x7f7f0fa580f0>,2,20,[ 2 11],3,-1,23,-1,3
1,<environment.Job instance at 0x7f7f0fa585a0>,4,16,[ 1 13],5,-1,21,-1,5
1,<environment.Job instance at 0x7f7f10648460>,9,12,[ 3 13],10,-1,22,-1,10
1,<environment.Job instance at 0x7f7f10648780>,12,28,[13  1],13,-1,48,-1,20
1,<environment.Job instance at 0x7f7f10648d20>,13,18,[ 2 14],14,-1,38,-1,20
1,<environment.Job instance at 0x7f7f0fc48410>,19,15,[ 2 12],20,-1,49,-1,34
1,<environment.Job instance at 0x7f7f0ef24320>,22,21,[13  1],23,-1,70,-1,49
1,<environment.Job instance at 0x7f7f10447d70>,26,1,[ 1 11],27,-1,54,-1,53
1,<environment.Job instance at 0x7f7f0f5893c0>,29,15,[14  4],30,-1,71,-1,56
1,<environment.Job instance at 0x7f7f0fd480f0>,32,27,[6 3],33,-1,101,-1,74
1,<environment.Job instance at 0x7f7f0eea89b0>,33,27,[ 3 11],34,-1,101,-1,74
1,<environment.Job instance at 0x7f7f10133a00>,35,16,[11  5],36,-1,90,-1,74
1,<environment.Job instance at 0x7f7f0fa378c0>,36,2,[12  2],37,-1,76,-1,74
1,<environment.Job instance at 0x7f7f0f87d640>,39,1,[11  5],40,-1,88,-1,87
1,<environment.Job instance at 0x7f7f0eef1a50>,40,28,[4 7],41,-1,116,-1,88
1,<environment.Job instance at 0x7f7f102fc5a0>,44,23,[5 8],45,-1,125,-1,102
1,<environment.Job instance at 0x7f7f102fcb40>,45,12,[14  5],46,-1,114,-1,102
1,<environment.Job instance at 0x7f7f102fc5f0>,46,17,[ 5 12],47,-1,119,-1,102
1,<environment.Job instance at 0x7f7f103fa820>,47,26,[9 4],48,-1,141,-1,115
1,<environment.Job instance at 0x7f7f1058bbe0>,51,12,[ 2 14],52,-1,128,-1,116
1,<environment.Job instance at 0x7f7f0fb040f0>,3,17,[11  5],4,-1,21,-1,4
1,<environment.Job instance at 0x7f7f10564cd0>,4,18,[3 7],5,-1,23,-1,5
1,<environment.Job instance at 0x7f7f10049960>,9,23,[4 6],10,-1,33,-1,10
1,<environment.Job instance at 0x7f7f0fcaeaf0>,17,18,[3 8],18,-1,43,-1,25
1,<environment.Job instance at 0x7f7f1047bb90>,18,22,[7 4],19,-1,80,-1,58
1,<environment.Job instance at 0x7f7f0fb04960>,12,18,[ 4 13],13,-1,77,-1,59
1,<environment.Job instance at 0x7f7f105a4730>,24,20,[ 3 10],25,-1,82,-1,62
1,<environment.Job instance at 0x7f7f0f56ea50>,22,17,[14  2],23,-1,79,-1,62
1,<environment.Job instance at 0x7f7f18bd3af0>,27,21,[9 3],28,-1,85,-1,64
1,<environment.Job instance at 0x7f7f10041690>,33,17,[9 4],34,-1,84,-1,67
1,<environment.Job instance at 0x7f7f18bd3190>,28,16,[11  5],29,-1,84,-1,68
1,<environment.Job instance at 0x7f7f1014ec30>,26,14,[11  5],27,-1,82,-1,68
1,<environment.Job instance at 0x7f7f0fabc9b0>,36,27,[ 1 13],37,-1,98,-1,71
1,<environment.Job instance at 0x7f7f0fabcf50>,35,23,[11  5],36,-1,94,-1,71
1,<environment.Job instance at 0x7f7f10033140>,38,17,[10  5],39,-1,88,-1,71
1,<environment.Job instance at 0x7f7f1054f730>,39,13,[8 3],40,-1,84,-1,71
1,<environment.Job instance at 0x7f7f0f38a1e0>,42,28,[8 3],43,-1,99,-1,71
1,<environment.Job instance at 0x7f7f0fcaea50>,15,21,[10  5],16,-1,92,-1,71
1,<environment.Job instance at 0x7f7f0f38a640>,44,14,[10  2],45,-1,85,-1,71
1,<environment.Job instance at 0x7f7f1054f0a0>,40,3,[8 3],41,-1,74,-1,71
1,<environment.Job instance at 0x7f7f100341e0>,46,14,[ 2 11],47,-1,85,-1,71
1,<environment.Job instance at 0x7f7f10034190>,48,16,[9 1],49,-1,87,-1,71
1,<environment.Job instance at 0x7f7f10034be0>,50,13,[11  1],51,-1,84,-1,71
1,<environment.Job instance at 0x7f7f10034e10>,51,28,[5 6],52,-1,99,-1,71
1,<environment.Job instance at 0x7f7f0f368a50>,52,14,[7 1],53,-1,85,-1,71
1,<environment.Job instance at 0x7f7f0f38a6e0>,41,14,[ 4 11],42,-1,85,-1,71
1,<environment.Job instance at 0x7f7f0f368c80>,53,18,[6 3],54,-1,89,-1,71
1,<environment.Job instance at 0x7f7f0f368af0>,56,17,[11  3],57,-1,88,-1,71
1,<environment.Job instance at 0x7f7f18c41b90>,3,17,[11  5],4,-1,21,-1,4
1,<environment.Job instance at 0x7f7f18c41370>,6,22,[ 4 11],7,-1,29,-1,7
1,<environment.Job instance at 0x7f7f18c41a50>,8,3,[13  5],9,-1,12,-1,9
1,<environment.Job instance at 0x7f7f18c419b0>,9,23,[4 6],10,-1,36,-1,13
1,<environment.Job instance at 0x7f7f100552d0>,12,18,[ 4 13],13,-1,32,-1,14
1,<environment.Job instance at 0x7f7f10055280>,14,12,[ 2 12],15,-1,28,-1,16
1,<environment.Job instance at 0x7f7f10055f50>,16,18,[ 1 13],17,-1,35,-1,17
1,<environment.Job instance at 0x7f7f10055780>,19,3,[13  1],20,-1,27,-1,24
1,<environment.Job instance at 0x7f7f1058e500>,22,17,[14  2],23,-1,41,-1,24
1,<environment.Job instance at 0x7f7f1058e820>,25,3,[13  4],26,-1,39,-1,36
1,<environment.Job instance at 0x7f7f1058eeb0>,26,14,[11  5],27,-1,50,-1,36
1,<environment.Job instance at 0x7f7f102f8050>,28,16,[11  5],29,-1,52,-1,36
1,<environment.Job instance at 0x7f7f102f8f50>,30,2,[ 1 14],31,-1,38,-1,36
1,<environment.Job instance at 0x7f7f102f8cd0>,35,23,[11  5],36,-1,63,-1,40
1,<environment.Job instance at 0x7f7f102f8910>,36,27,[ 1 13],37,-1,67,-1,40
1,<environment.Job instance at 0x7f7f1055eaf0>,41,14,[ 4 11],42,-1,77,-1,63
1,<environment.Job instance at 0x7f7f1055e780>,42,28,[8 3],43,-1,94,-1,66
1,<environment.Job instance at 0x7f7f1055eb90>,43,27,[ 4 14],44,-1,93,-1,66
1,<environment.Job instance at 0x7f7f1045a5f0>,46,14,[ 2 11],47,-1,85,-1,71
1,<environment.Job instance at 0x7f7f1055ee60>,49,13,[ 3 14],50,-1,94,-1,81
1,<environment.Job instance at 0x7f7f1055ef00>,50,13,[11  1],51,-1,94,-1,81
1,<environment.Job instance at 0x7f7f1058b2d0>,51,28,[5 6],52,-1,111,-1,83
1,<environment.Job instance at 0x7f7f0eef1a50>,56,17,[11  3],57,-1,117,-1,100
1,<environment.Job instance at 0x7f7f100e5730>,57,20,[ 4 13],58,-1,120,-1,100
1,<environment.Job instance at 0x7f7f0f0e1a00>,58,27,[13  4],59,-1,127,-1,100
1,<environment.Job instance at 0x7f7f102fc500>,59,14,[ 2 11],60,-1,114,-1,100
1,<environment.Job instance at 0x7f7f0fd480f0>,63,17,[ 2 11],64,-1,135,-1,118
1,<environment.Job instance at 0x7f7f0fa99a00>,64,1,[13  5],65,-1,119,-1,118
1,<environment.Job instance at 0x7f7f0f87d640>,65,1,[12  1],66,-1,119,-1,118
1,<environment.Job instance at 0x7fe9e3f88d20>,5,24,[1 5],6,-1,30,-1,6
1,<environment.Job instance at 0x7fe9e3f88b90>,6,20,[6 1],7,-1,27,-1,7
1,<environment.Job instance at 0x7fe9e3f88e60>,7,25,[6 2],8,-1,33,-1,8
1,<environment.Job instance at 0x7fe9e3f98fa0>,0,28,[9 3],1,-1,29,-1,1
1,<environment.Job instance at 0x7fe9e3fc0910>,1,22,[11  3],2,-1,24,-1,2
1,<environment.Job instance at 0x7fe9e3fdc280>,3,3,[ 4 14],4,-1,7,-1,4
1,<environment.Job instance at 0x7fe9e3fe03c0>,8,22,[14  3],9,-1,31,-1,9
1,<environment.Job instance at 0x7fe9e3f80d20>,9,18,[ 2 13],10,-1,28,-1,10
1,<environment.Job instance at 0x7fe9e3f80910>,10,18,[ 3 11],11,-1,29,-1,11
1,<environment.Job instance at 0x7fe9e3f80af0>,13,28,[ 4 14],14,-1,42,-1,14
1,<environment.Job instance at 0x7fe9e3fe0280>,5,24,[1 5],6,-1,43,-1,19
1,<environment.Job instance at 0x7fe9e41362d0>,7,25,[6 2],8,-1,50,-1,25
1,<environment.Job instance at 0x7fe9e4227b40>,17,28,[ 5 10],18,-1,54,-1,26
1,<environment.Job instance at 0x7fe9e4013eb0>,18,3,[ 4 13],19,-1,29,-1,26
1,<environment.Job instance at 0x7fe9e3f809b0>,19,14,[ 3 11],20,-1,40,-1,26
1,<environment.Job instance at 0x7fe9e408b3c0>,20,1,[13  5],21,-1,27,-1,26
1,<environment.Job instance at 0x7fe9e40ac2d0>,23,27,[ 1 14],24,-1,53,-1,26
1,<environment.Job instance at 0x7fe9e4057e10>,25,27,[8 1],26,-1,67,-1,40
1,<environment.Job instance at 0x7fe9e40982d0>,26,26,[5 5],27,-1,69,-1,43
1,<environment.Job instance at 0x7fe9e40ad140>,29,25,[ 4 11],30,-1,68,-1,43
1,<environment.Job instance at 0x7fe9e407abe0>,30,22,[ 5 13],31,-1,65,-1,43
1,<environment.Job instance at 0x7fe9e410d500>,28,25,[5 7],29,-1,68,-1,43
1,<environment.Job instance at 0x7fe9e41291e0>,33,1,[11  3],34,-1,44,-1,43
1,<environment.Job instance at 0x7fe9e404c140>,31,27,[4 8],32,-1,72,-1,45
1,<environment.Job instance at 0x7fe9e410f050>,37,13,[ 3 14],38,-1,58,-1,45
1,<environment.Job instance at 0x7fe9e410f0f0>,38,28,[ 2 12],39,-1,73,-1,45
1,<environment.Job instance at 0x7fe9e4130190>,40,24,[5 6],41,-1,71,-1,47
1,<environment.Job instance at 0x7fe9e41305f0>,42,27,[5 2],43,-1,74,-1,47
1,<environment.Job instance at 0x7fe9e4097f50>,45,24,[ 1 13],46,-1,80,-1,56
1,<environment.Job instance at 0x7fe9e4097dc0>,47,17,[12  2],48,-1,80,-1,63
1,<environment.Job instance at 0x7fe9e404a690>,50,16,[ 2 11],51,-1,87,-1,71
1,<environment.Job instance at 0x7fe9e404a730>,51,16,[12  2],52,-1,87,-1,71
1,<environment.Job instance at 0x7fe9e404a7d0>,53,27,[8 5],54,-1,103,-1,76
1,<environment.Job instance at 0x7fe9e404a4b0>,55,13,[13  1],56,-1,89,-1,76
1,<environment.Job instance at 0x7fe9e4135b90>,61,23,[1 5],62,-1,146,-1,123
1,<environment.Job instance at 0x7fe9e36d5230>,1,22,[7 5],2,-1,24,-1,2
1,<environment.Job instance at 0x7fe9e36d5640>,3,16,[ 3 10],4,-1,20,-1,4
1,<environment.Job instance at 0x7fe9e36d5820>,4,28,[5 6],5,-1,33,-1,5
1,<environment.Job instance at 0x7fe9e36d5780>,5,14,[ 2 10],6,-1,22,-1,8
1,<environment.Job instance at 0x7fe9e36d5f00>,8,12,[7 5],9,-1,21,-1,9
1,<environment.Job instance at 0x7fe9e36d5a50>,7,20,[14  5],8,-1,34,-1,14
1,<environment.Job instance at 0x7fe9e36d52d0>,6,19,[11  3],7,-1,33,-1,14
1,<environment.Job instance at 0x7fe9e36d6b90>,16,17,[14  2],17,-1,34,-1,17
1,<environment.Job instance at 0x7fe9e380e460>,26,17,[7 1],27,-1,44,-1,27
1,<environment.Job instance at 0x7fe9e36d65f0>,19,23,[ 1 14],20,-1,56,-1,33
1,<environment.Job instance at 0x7fe9e37b8280>,25,23,[1 7],26,-1,56,-1,33
1,<environment.Job instance at 0x7fe9e3840140>,31,18,[1 9],32,-1,51,-1,33
1,<environment.Job instance at 0x7fe9e3835be0>,32,22,[5 3],33,-1,55,-1,33
1,<environment.Job instance at 0x7fe9e37fa370>,43,18,[6 5],44,-1,101,-1,83
1,<environment.Job instance at 0x7fe9e3815140>,42,16,[6 4],43,-1,99,-1,83
1,<environment.Job instance at 0x7fe9e38350f0>,41,22,[2 9],42,-1,105,-1,83
1,<environment.Job instance at 0x7fe9e3557a50>,47,21,[ 3 10],48,-1,104,-1,83
1,<environment.Job instance at 0x7fe9e354f190>,48,25,[14  4],49,-1,111,-1,86
1,<environment.Job instance at 0x7fe9e353eeb0>,50,26,[10  5],51,-1,112,-1,86
1,<environment.Job instance at 0x7fe9e353e550>,51,13,[4 9],52,-1,99,-1,86
1,<environment.Job instance at 0x7fe9e35585f0>,46,24,[11  5],47,-1,110,-1,86
1,<environment.Job instance at 0x7fe9e3557af0>,49,14,[2 6],50,-1,101,-1,87
1,<environment.Job instance at 0x7fe9e3545370>,54,21,[ 4 12],55,-1,108,-1,87
1,<environment.Job instance at 0x7fe9e353ef00>,52,14,[2 9],53,-1,101,-1,87
1,<environment.Job instance at 0x7fe9e362c1e0>,58,21,[9 4],59,-1,108,-1,87
1,<environment.Job instance at 0x7fe9e36d6730>,12,22,[4 8],13,-1,118,-1,96
1,<environment.Job instance at 0x7fe9e357dcd0>,61,17,[12  2],62,-1,113,-1,96
1,<environment.Job instance at 0x7fe9e3733050>,60,18,[10  3],61,-1,115,-1,97
1,<environment.Job instance at 0x7fe9e362c730>,57,27,[2 9],58,-1,140,-1,113
1,<environment.Job instance at 0x7fe9e358bd20>,63,12,[1 7],64,-1,125,-1,113
1,<environment.Job instance at 0x7fe9e35e1be0>,44,19,[6 1],45,-1,132,-1,113
1,<environment.Job instance at 0x7fe9e3784230>,6,19,[11  3],7,-1,26,-1,7
1,<environment.Job instance at 0x7fe9e37b0e10>,7,20,[14  5],8,-1,28,-1,8
1,<environment.Job instance at 0x7fe9e37aefa0>,4,28,[5 6],5,-1,44,-1,16
1,<environment.Job instance at 0x7fe9e3784280>,9,3,[ 1 12],10,-1,19,-1,16
1,<environment.Job instance at 0x7fe9e37b0140>,10,16,[ 2 14],11,-1,32,-1,16
1,<environment.Job instance at 0x7fe9e37b0e60>,13,25,[6 1],14,-1,49,-1,24
1,<environment.Job instance at 0x7fe9e37b04b0>,14,20,[ 1 14],15,-1,44,-1,24
1,<environment.Job instance at 0x7fe9e37da1e0>,16,17,[14  2],17,-1,41,-1,24
1,<environment.Job instance at 0x7fe9e373ceb0>,18,1,[11  2],19,-1,38,-1,37
1,<environment.Job instance at 0x7fe9e373ce10>,19,23,[ 1 14],20,-1,60,-1,37
1,<environment.Job instance at 0x7fe9e37479b0>,22,14,[13  4],23,-1,52,-1,38
1,<environment.Job instance at 0x7fe9e3743140>,24,22,[12  4],25,-1,62,-1,40
1,<environment.Job instance at 0x7fe9e3743be0>,25,23,[1 7],26,-1,64,-1,41
1,<environment.Job instance at 0x7fe9e3753b40>,27,1,[ 2 14],28,-1,42,-1,41
1,<environment.Job instance at 0x7fe9e3740e10>,30,25,[9 3],31,-1,83,-1,58
1,<environment.Job instance at 0x7fe9e374b230>,34,14,[13  3],35,-1,80,-1,66
1,<environment.Job instance at 0x7fe9e374b780>,36,3,[ 2 12],37,-1,69,-1,66
1,<environment.Job instance at 0x7fe9e3791960>,38,1,[13  2],39,-1,80,-1,79
1,<environment.Job instance at 0x7fe9e3791730>,39,14,[11  3],40,-1,93,-1,79
1,<environment.Job instance at 0x7fe9e375ad70>,46,24,[11  5],47,-1,108,-1,84
1,<environment.Job instance at 0x7fe9e374fcd0>,48,25,[14  4],49,-1,124,-1,99
1,<environment.Job instance at 0x7fe9e374fc30>,50,26,[10  5],51,-1,144,-1,118
1,<environment.Job instance at 0x7fe9e3756e10>,53,2,[13  3],54,-1,120,-1,118
1,<environment.Job instance at 0x7fe9e3756190>,54,21,[ 4 12],55,-1,139,-1,118
1,<environment.Job instance at 0x7fe9e35386e0>,5,24,[1 5],6,-1,31,-1,7
1,<environment.Job instance at 0x7fe9ed745320>,8,21,[8 3],9,-1,30,-1,9
1,<environment.Job instance at 0x7fe9ed745af0>,9,26,[9 4],10,-1,36,-1,10
1,<environment.Job instance at 0x7fe9ed745550>,10,13,[4 5],11,-1,24,-1,11
1,<environment.Job instance at 0x7fe9ed745960>,13,17,[ 2 10],14,-1,40,-1,23
1,<environment.Job instance at 0x7fe9e35ac8c0>,0,25,[ 3 10],1,-1,26,-1,1
1,<environment.Job instance at 0x7fe9ed742a00>,2,27,[3 9],3,-1,30,-1,3
1,<environment.Job instance at 0x7fe9e35a6cd0>,4,12,[13  2],5,-1,17,-1,5
1,<environment.Job instance at 0x7fe9e3538460>,5,24,[1 5],6,-1,30,-1,6
1,<environment.Job instance at 0x7fe9e3538d20>,6,23,[3 6],7,-1,30,-1,7
1,<environment.Job instance at 0x7fe9e36b1050>,11,17,[12  5],12,-1,29,-1,12
1,<environment.Job instance at 0x7fe9e36b1dc0>,12,12,[13  5],13,-1,25,-1,13
1,<environment.Job instance at 0x7fe9e36b13c0>,14,25,[1 5],15,-1,40,-1,15
1,<environment.Job instance at 0x7fe9e36b1230>,17,15,[ 2 14],18,-1,36,-1,21
1,<environment.Job instance at 0x7fe9e3538eb0>,9,26,[9 4],10,-1,56,-1,30
1,<environment.Job instance at 0x7fe9e3589410>,20,14,[14  5],21,-1,44,-1,30
1,<environment.Job instance at 0x7fe9e3589140>,21,13,[ 5 13],22,-1,43,-1,30
1,<environment.Job instance at 0x7fe9e3589b40>,24,18,[11  3],25,-1,48,-1,30
1,<environment.Job instance at 0x7fe9e35893c0>,26,25,[5 2],27,-1,69,-1,44
1,<environment.Job instance at 0x7fe9e3589c80>,28,28,[5 3],29,-1,72,-1,44
1,<environment.Job instance at 0x7fe9e3589e10>,30,2,[ 1 11],31,-1,46,-1,44
1,<environment.Job instance at 0x7fe9e358d820>,33,24,[7 4],34,-1,86,-1,62
1,<environment.Job instance at 0x7fe9e358df00>,32,25,[9 5],33,-1,87,-1,62
1,<environment.Job instance at 0x7fe9e358de60>,38,16,[11  4],39,-1,79,-1,63
1,<environment.Job instance at 0x7fe9e358ddc0>,40,25,[4 5],41,-1,102,-1,77
1,<environment.Job instance at 0x7fe9e358dd70>,41,25,[6 3],42,-1,102,-1,77
1,<environment.Job instance at 0x7fe9e358daf0>,42,2,[11  1],43,-1,79,-1,77
1,<environment.Job instance at 0x7fe9e358dd20>,44,13,[12  4],45,-1,90,-1,77
1,<environment.Job instance at 0x7fe9e358d320>,46,13,[ 1 13],47,-1,92,-1,79
1,<environment.Job instance at 0x7fe9e358d460>,47,26,[ 1 13],48,-1,105,-1,79
1,<environment.Job instance at 0x7fe9e358d1e0>,49,16,[11  1],50,-1,97,-1,81
1,<environment.Job instance at 0x7fe9e358d280>,50,14,[14  2],51,-1,95,-1,81
1,<environment.Job instance at 0x7fe9e360d280>,54,25,[2 8],55,-1,107,-1,82
1,<environment.Job instance at 0x7fe9e360deb0>,56,2,[ 5 13],57,-1,94,-1,92
1,<environment.Job instance at 0x7fe9e360da50>,57,24,[2 7],58,-1,121,-1,97
1,<environment.Job instance at 0x7fe9e360de60>,58,16,[11  2],59,-1,113,-1,97
1,<environment.Job instance at 0x7fe9e360d1e0>,59,22,[ 2 12],60,-1,119,-1,97
1,<environment.Job instance at 0x7fe9e360daa0>,63,18,[12  1],64,-1,126,-1,108
1,<environment.Job instance at 0x7fe9e360dfa0>,66,25,[8 5],67,-1,148,-1,123
1,<environment.Job instance at 0x7fe9e3626370>,69,18,[ 2 14],70,-1,147,-1,129
1,<environment.Job instance at 0x7fe9e3bc3280>,0,26,[9 4],1,-1,27,-1,1
1,<environment.Job instance at 0x7fe9e35a2320>,3,17,[7 2],4,-1,22,-1,5
1,<environment.Job instance at 0x7fe9e35a2640>,5,20,[3 8],6,-1,26,-1,6
1,<environment.Job instance at 0x7fe9e35a2690>,9,17,[4 8],10,-1,27,-1,10
1,<environment.Job instance at 0x7fe9e35a21e0>,10,21,[7 4],11,-1,32,-1,11
1,<environment.Job instance at 0x7fe9e3556c30>,14,22,[1 7],15,-1,37,-1,15
1,<environment.Job instance at 0x7fe9e3556690>,24,17,[8 4],25,-1,42,-1,25
1,<environment.Job instance at 0x7fe9e3556d70>,17,17,[14  5],18,-1,57,-1,40
1,<environment.Job instance at 0x7fe9e3620e60>,32,16,[5 5],33,-1,56,-1,40
1,<environment.Job instance at 0x7fe9e36b1fa0>,0,26,[9 4],1,-1,27,-1,1
1,<environment.Job instance at 0x7fe9e36b1410>,4,22,[ 1 12],5,-1,27,-1,5
1,<environment.Job instance at 0x7fe9e36b1dc0>,6,26,[ 3 12],7,-1,33,-1,7
1,<environment.Job instance at 0x7fe9e35e16e0>,7,1,[ 2 14],8,-1,9,-1,8
1,<environment.Job instance at 0x7fe9e35567d0>,11,2,[ 2 14],12,-1,14,-1,12
1,<environment.Job instance at 0x7fe9e3556500>,12,17,[ 5 14],13,-1,30,-1,13
1,<environment.Job instance at 0x7fe9e3556b90>,13,3,[ 2 11],14,-1,17,-1,14
1,<environment.Job instance at 0x7fe9e3556730>,15,2,[12  2],16,-1,18,-1,16
1,<environment.Job instance at 0x7fe9e3a8e500>,17,17,[14  5],18,-1,39,-1,22
1,<environment.Job instance at 0x7fe9e3a8eeb0>,18,2,[13  3],19,-1,24,-1,22
1,<environment.Job instance at 0x7fe9e35803c0>,19,22,[12  3],20,-1,44,-1,22
1,<environment.Job instance at 0x7fe9e3ab8910>,25,28,[10  3],26,-1,72,-1,44
1,<environment.Job instance at 0x7fe9e35aca50>,30,25,[14  4],31,-1,69,-1,44
1,<environment.Job instance at 0x7fe9e3a4a140>,36,24,[14  2],37,-1,84,-1,60
1,<environment.Job instance at 0x7fe9e3a4a410>,37,3,[ 5 11],38,-1,63,-1,60
1,<environment.Job instance at 0x7fe9e3b0f2d0>,38,2,[ 2 12],39,-1,62,-1,60
1,<environment.Job instance at 0x7fe9e3b0f5f0>,39,23,[ 4 11],40,-1,83,-1,60
1,<environment.Job instance at 0x7fe9e423b2d0>,41,23,[ 3 13],42,-1,84,-1,61
1,<environment.Job instance at 0x7fe9e4400dc0>,44,24,[ 3 10],45,-1,101,-1,77
1,<environment.Job instance at 0x7fe9e36cc8c0>,49,14,[ 1 14],50,-1,98,-1,84
1,<environment.Job instance at 0x7fe9e36cc6e0>,50,25,[5 8],51,-1,124,-1,99
1,<environment.Job instance at 0x7fe9e36ccd20>,51,27,[7 4],52,-1,126,-1,99
1,<environment.Job instance at 0x7fe9e36cc4b0>,56,16,[12  4],57,-1,118,-1,102
1,<environment.Job instance at 0x7fe9e3fc7f50>,61,18,[ 4 13],62,-1,139,-1,121
1,<environment.Job instance at 0x7fe9e47bf320>,62,23,[11  2],63,-1,144,-1,121
1,<environment.Job instance at 0x7fe9e40d0190>,63,1,[11  5],64,-1,122,-1,121
1,<environment.Job instance at 0x7fe9e42b67d0>,65,19,[14  4],66,-1,143,-1,124
1,<environment.Job instance at 0x7fe9e4aa4af0>,67,14,[ 5 11],68,-1,138,-1,124
1,<environment.Job instance at 0x7fe9e46082d0>,0,20,[ 1 10],1,-1,22,-1,2
1,<environment.Job instance at 0x7fe9e3966690>,2,18,[3 9],3,-1,21,-1,3
1,<environment.Job instance at 0x7fe9e36b1280>,1,22,[5 3],2,-1,25,-1,3
1,<environment.Job instance at 0x7fe9e46088c0>,3,13,[10  4],4,-1,18,-1,5
1,<environment.Job instance at 0x7fe9e3966870>,5,22,[1 7],6,-1,28,-1,6
1,<environment.Job instance at 0x7fe9e39665f0>,4,16,[5 5],5,-1,22,-1,6
1,<environment.Job instance at 0x7fe9e39664b0>,6,20,[5 7],7,-1,27,-1,7
1,<environment.Job instance at 0x7fe9e3941b90>,23,25,[12  3],24,-1,59,-1,34
1,<environment.Job instance at 0x7fe9e3941910>,25,21,[7 1],26,-1,55,-1,34
1,<environment.Job instance at 0x7fe9e4ac6280>,26,14,[8 5],27,-1,48,-1,34
1,<environment.Job instance at 0x7fe9e39e4870>,27,17,[2 5],28,-1,51,-1,34
1,<environment.Job instance at 0x7fe9e3e35af0>,29,13,[3 9],30,-1,47,-1,34
1,<environment.Job instance at 0x7fe9e3941e60>,20,22,[5 9],21,-1,58,-1,36
1,<environment.Job instance at 0x7fe9e3940be0>,21,13,[ 4 10],22,-1,50,-1,37
1,<environment.Job instance at 0x7fe9e3e04410>,34,14,[ 5 12],35,-1,51,-1,37
1,<environment.Job instance at 0x7fe9e3952050>,36,25,[7 3],37,-1,62,-1,37
1,<environment.Job instance at 0x7fe9e4ab83c0>,32,26,[ 4 10],33,-1,63,-1,37
1,<environment.Job instance at 0x7fe9e39bc0a0>,37,18,[11  5],38,-1,56,-1,38
1,<environment.Job instance at 0x7fe9e3e085f0>,39,27,[1 5],40,-1,123,-1,96
1,<environment.Job instance at 0x7fe9e396efa0>,41,20,[2 9],42,-1,116,-1,96
1,<environment.Job instance at 0x7fe9e3e33320>,43,27,[12  4],44,-1,130,-1,103
1,<environment.Job instance at 0x7fe9e39c8e10>,44,14,[1 5],45,-1,117,-1,103
1,<environment.Job instance at 0x7fe9e3e012d0>,48,14,[14  1],49,-1,122,-1,108
1,<environment.Job instance at 0x7fe9e3e1d0f0>,50,14,[12  4],51,-1,123,-1,109
1,<environment.Job instance at 0x7fe9e3e1dd70>,51,18,[11  5],52,-1,128,-1,110
1,<environment.Job instance at 0x7fe9e40bc230>,7,15,[13  1],8,-1,36,-1,21
1,<environment.Job instance at 0x7fe9e459b820>,8,14,[12  4],9,-1,35,-1,21
1,<environment.Job instance at 0x7fe9e40bccd0>,11,25,[ 3 14],12,-1,46,-1,21
1,<environment.Job instance at 0x7fe9e45ac640>,12,14,[14  3],13,-1,35,-1,21
1,<environment.Job instance at 0x7fe9e45ac6e0>,14,14,[ 5 14],15,-1,36,-1,22
1,<environment.Job instance at 0x7fe9e43bf8c0>,19,24,[6 5],20,-1,80,-1,56
1,<environment.Job instance at 0x7fe9e46b3410>,22,1,[ 4 14],23,-1,57,-1,56
1,<environment.Job instance at 0x7fe9e3ddf500>,23,25,[12  3],24,-1,81,-1,56
1,<environment.Job instance at 0x7fe9e3ddfe10>,28,2,[ 5 14],29,-1,59,-1,57
1,<environment.Job instance at 0x7fe9e401d190>,30,1,[ 5 14],31,-1,71,-1,70
1,<environment.Job instance at 0x7fe9e401d690>,33,2,[ 4 11],34,-1,73,-1,71
1,<environment.Job instance at 0x7fe9e401d0a0>,34,14,[ 5 12],35,-1,85,-1,71
1,<environment.Job instance at 0x7fe9e401d7d0>,35,24,[ 5 11],36,-1,95,-1,71
1,<environment.Job instance at 0x7fe9e401d230>,32,26,[ 4 10],33,-1,109,-1,83
1,<environment.Job instance at 0x7fe9e3fe7fa0>,37,18,[11  5],38,-1,101,-1,83
1,<environment.Job instance at 0x7fe9e401d730>,36,25,[7 3],37,-1,108,-1,83
1,<environment.Job instance at 0x7fe9e41d1c30>,39,27,[1 5],40,-1,110,-1,83
1,<environment.Job instance at 0x7fe9e4af2730>,42,17,[ 2 13],43,-1,102,-1,85
1,<environment.Job instance at 0x7fe9e40a2f50>,43,27,[12  4],44,-1,112,-1,85
1,<environment.Job instance at 0x7fe9e4363eb0>,47,12,[ 5 12],48,-1,122,-1,110
1,<environment.Job instance at 0x7fe9e4643140>,48,14,[14  1],49,-1,124,-1,110
1,<environment.Job instance at 0x7fe9e401b410>,50,14,[12  4],51,-1,127,-1,113
1,<environment.Job instance at 0x7fe9e42b67d0>,51,18,[11  5],52,-1,131,-1,113
1,<environment.Job instance at 0x7fe9e43fd370>,53,12,[14  4],54,-1,134,-1,122
1,<environment.Job instance at 0x7fe9e4aa4af0>,55,25,[8 1],56,-1,153,-1,128
1,<environment.Job instance at 0x7fe9e4aa4690>,57,21,[ 5 14],58,-1,149,-1,128
1,<environment.Job instance at 0x7fe9e4acc910>,0,16,[9 2],1,-1,18,-1,2
1,<environment.Job instance at 0x7fe9e4accb90>,1,19,[12  1],2,-1,21,-1,2
1,<environment.Job instance at 0x7fe9e3e15d20>,4,21,[6 4],5,-1,26,-1,5
1,<environment.Job instance at 0x7fe9e4acc7d0>,11,12,[11  1],12,-1,24,-1,12
1,<environment.Job instance at 0x7fe9e3580780>,1,19,[12  1],2,-1,21,-1,2
1,<environment.Job instance at 0x7fe9e4a48870>,5,13,[ 2 12],6,-1,19,-1,6
1,<environment.Job instance at 0x7fe9f540c500>,8,26,[ 1 12],9,-1,35,-1,9
1,<environment.Job instance at 0x7fe9e3e15050>,11,12,[11  1],12,-1,24,-1,12
1,<environment.Job instance at 0x7fe9e3580b90>,6,25,[ 5 10],7,-1,42,-1,17
1,<environment.Job instance at 0x7fe9e3e15be0>,13,15,[13  2],14,-1,32,-1,17
1,<environment.Job instance at 0x7fe9e4acccd0>,14,17,[12  3],15,-1,34,-1,17
1,<environment.Job instance at 0x7fe9e4acc4b0>,15,2,[ 4 12],16,-1,19,-1,17
1,<environment.Job instance at 0x7fe9e46195a0>,7,26,[9 3],8,-1,43,-1,17
1,<environment.Job instance at 0x7fe9e40460f0>,9,28,[3 6],10,-1,45,-1,17
1,<environment.Job instance at 0x7fe9e3a343c0>,17,28,[3 6],18,-1,46,-1,18
1,<environment.Job instance at 0x7fe9e3a344b0>,19,19,[13  1],20,-1,39,-1,20
1,<environment.Job instance at 0x7fe9e3a34280>,24,28,[6 5],25,-1,62,-1,34
1,<environment.Job instance at 0x7fe9e40f7230>,32,25,[4 6],33,-1,86,-1,61
1,<environment.Job instance at 0x7fe9e40f74b0>,34,24,[7 5],35,-1,95,-1,71
1,<environment.Job instance at 0x7fe9e40f75f0>,36,21,[14  1],37,-1,92,-1,71
1,<environment.Job instance at 0x7fe9e40f7aa0>,38,16,[12  4],39,-1,87,-1,71
1,<environment.Job instance at 0x7fe9e40f7e60>,39,24,[4 9],40,-1,111,-1,87
1,<environment.Job instance at 0x7fe9e40f7960>,44,12,[ 1 14],45,-1,99,-1,87
1,<environment.Job instance at 0x7fe9e4792be0>,45,14,[13  4],46,-1,101,-1,87
1,<environment.Job instance at 0x7fe9e4792960>,47,13,[13  3],48,-1,114,-1,101
1,<environment.Job instance at 0x7fe9e4792c80>,49,27,[ 3 14],50,-1,130,-1,103
1,<environment.Job instance at 0x7fe9e4792230>,51,1,[ 5 13],52,-1,118,-1,117
1,<environment.Job instance at 0x7fe9e47929b0>,52,25,[13  4],53,-1,142,-1,117
1,<environment.Job instance at 0x7fe9e4792640>,53,3,[14  1],54,-1,120,-1,117
1,<environment.Job instance at 0x7fe9e47922d0>,55,26,[13  4],56,-1,143,-1,117
1,<environment.Job instance at 0x7fe9e4792460>,57,21,[ 2 13],58,-1,139,-1,118
1,<environment.Job instance at 0x7fe9e4792140>,58,16,[ 3 14],59,-1,134,-1,118
1,<environment.Job instance at 0x7fe9e4792aa0>,59,16,[ 1 11],60,-1,134,-1,118
1,<environment.Job instance at 0x7fe9e4792280>,61,24,[ 2 13],62,-1,143,-1,119
1,<environment.Job instance at 0x7fe9e4792050>,62,18,[13  3],63,-1,137,-1,119
1,<environment.Job instance at 0x7fe9e386a870>,1,19,[4 8],2,-1,22,-1,3
1,<environment.Job instance at 0x7fe9e3940b90>,2,16,[ 4 10],3,-1,21,-1,5
1,<environment.Job instance at 0x7fe9e3575910>,5,14,[11  2],6,-1,20,-1,6
1,<environment.Job instance at 0x7fe9e38e1e60>,24,17,[10  5],25,-1,46,-1,29
1,<environment.Job instance at 0x7fe9e3e4e8c0>,0,28,[13  5],1,-1,29,-1,1
1,<environment.Job instance at 0x7fe9e3e4ef00>,4,2,[ 2 14],5,-1,7,-1,5
1,<environment.Job instance at 0x7fe9e3e4edc0>,5,14,[11  2],6,-1,20,-1,6
1,<environment.Job instance at 0x7fe9e3bf7f00>,8,3,[14  5],9,-1,12,-1,9
1,<environment.Job instance at 0x7fe9e3bf71e0>,9,1,[ 3 12],10,-1,11,-1,10
1,<environment.Job instance at 0x7fe9e3bf7e60>,12,13,[ 2 13],13,-1,26,-1,13
1,<environment.Job instance at 0x7fe9e3bf78c0>,14,14,[ 3 13],15,-1,29,-1,15
1,<environment.Job instance at 0x7fe9e40db7d0>,13,23,[5 1],14,-1,44,-1,21
1,<environment.Job instance at 0x7fe9e40db960>,16,26,[ 1 12],17,-1,47,-1,21
1,<environment.Job instance at 0x7fe9e40dbe60>,20,24,[11  5],21,-1,47,-1,23
1,<environment.Job instance at 0x7fe9e477c550>,26,18,[14  2],27,-1,48,-1,30
1,<environment.Job instance at 0x7fe9e4782fa0>,29,21,[12  3],30,-1,61,-1,40
1,<environment.Job instance at 0x7fe9e4782820>,30,1,[ 5 12],31,-1,41,-1,40
1,<environment.Job instance at 0x7fe9e477c140>,27,27,[5 7],28,-1,76,-1,49
1,<environment.Job instance at 0x7fe9e4782c30>,32,16,[ 2 13],33,-1,65,-1,49
1,<environment.Job instance at 0x7fe9e47994b0>,35,13,[14  1],36,-1,62,-1,49
1,<environment.Job instance at 0x7fe9e4799eb0>,36,3,[ 5 13],37,-1,52,-1,49
1,<environment.Job instance at 0x7fe9e4799050>,37,20,[ 2 13],38,-1,69,-1,49
1,<environment.Job instance at 0x7fe9e4799d20>,38,27,[4 9],39,-1,89,-1,62
1,<environment.Job instance at 0x7fe9e4799f50>,39,3,[ 2 13],40,-1,65,-1,62
1,<environment.Job instance at 0x7fe9e4799fa0>,40,2,[ 4 12],41,-1,64,-1,62
1,<environment.Job instance at 0x7fe9e4792f50>,42,25,[2 7],43,-1,91,-1,66
1,<environment.Job instance at 0x7fe9e4792e60>,44,12,[11  5],45,-1,78,-1,66
1,<environment.Job instance at 0x7fe9e4792870>,47,21,[12  5],48,-1,96,-1,75
1,<environment.Job instance at 0x7fe9e4792230>,49,20,[11  5],50,-1,101,-1,81
1,<environment.Job instance at 0x7fe9e47928c0>,52,28,[5 7],53,-1,123,-1,95
1,<environment.Job instance at 0x7fe9e4792d70>,53,12,[ 4 11],54,-1,107,-1,95
1,<environment.Job instance at 0x7fe9e4792370>,54,25,[13  4],55,-1,120,-1,95
1,<environment.Job instance at 0x7fe9e4792190>,55,21,[ 1 12],56,-1,116,-1,95
1,<environment.Job instance at 0x7fe9e47925f0>,57,22,[13  5],58,-1,117,-1,95
1,<environment.Job instance at 0x7fe9e4792af0>,58,28,[13  2],59,-1,123,-1,95
1,<environment.Job instance at 0x7fe9e4792c30>,60,24,[7 3],61,-1,121,-1,97
1,<environment.Job instance at 0x7fe9e40f7dc0>,62,26,[5 8],63,-1,123,-1,97
1,<environment.Job instance at 0x7fe9e40f7aa0>,64,23,[1 5],65,-1,132,-1,109
1,<environment.Job instance at 0x7fe9e40f75f0>,66,2,[ 5 13],67,-1,111,-1,109
1,<environment.Job instance at 0x7fe9e40f7500>,67,13,[ 1 14],68,-1,122,-1,109
1,<environment.Job instance at 0x7fe9e40f7b90>,70,21,[13  2],71,-1,132,-1,111
1,<environment.Job instance at 0x7fe9e40f7730>,72,18,[ 2 11],73,-1,130,-1,112
1,<environment.Job instance at 0x7fe9e40f7690>,74,3,[11  2],75,-1,127,-1,124
1,<environment.Job instance at 0x7fe9e3600690>,75,3,[14  5],76,-1,127,-1,124
1,<environment.Job instance at 0x7fe9e47632d0>,79,18,[ 5 14],80,-1,143,-1,125
1,<environment.Job instance at 0x7fe9e47633c0>,80,17,[ 3 13],81,-1,142,-1,125
1,<environment.Job instance at 0x7fe9e475f550>,81,23,[13  3],82,-1,148,-1,125
1,<environment.Job instance at 0x7fe9e3952fa0>,82,18,[ 2 12],83,-1,143,-1,125
1,<environment.Job instance at 0x7fe9e4763dc0>,83,2,[11  1],84,-1,127,-1,125
1,<environment.Job instance at 0x7fe9e368d460>,1,16,[6 5],2,-1,18,-1,2
1,<environment.Job instance at 0x7fe9e368dc80>,3,12,[ 3 10],4,-1,16,-1,4
1,<environment.Job instance at 0x7fe9e368d0f0>,5,20,[3 7],6,-1,26,-1,6
1,<environment.Job instance at 0x7fe9e368df00>,6,12,[10  1],7,-1,20,-1,8
1,<environment.Job instance at 0x7fe9e368dfa0>,8,16,[9 2],9,-1,25,-1,9
1,<environment.Job instance at 0x7fe9e368d550>,13,12,[5 9],14,-1,26,-1,14
1,<environment.Job instance at 0x7fe9e368d190>,14,12,[6 4],15,-1,27,-1,15
1,<environment.Job instance at 0x7fe9e368daf0>,7,21,[1 7],8,-1,37,-1,16
1,<environment.Job instance at 0x7fe9e368d5a0>,17,17,[9 2],18,-1,39,-1,22
1,<environment.Job instance at 0x7fe9e4648460>,24,25,[6 2],25,-1,52,-1,27
1,<environment.Job instance at 0x7fe9e46480a0>,26,23,[8 2],27,-1,50,-1,27
1,<environment.Job instance at 0x7fe9e4648230>,23,16,[11  3],24,-1,44,-1,28
1,<environment.Job instance at 0x7fe9e368dbe0>,15,17,[14  2],16,-1,48,-1,31
1,<environment.Job instance at 0x7fe9e4648640>,32,17,[8 3],33,-1,51,-1,34
1,<environment.Job instance at 0x7fe9e46480f0>,31,18,[ 2 10],32,-1,52,-1,34
1,<environment.Job instance at 0x7fe9e43f59b0>,34,12,[4 8],35,-1,47,-1,35
1,<environment.Job instance at 0x7fe9e368d500>,19,27,[11  4],20,-1,75,-1,48
1,<environment.Job instance at 0x7fe9e43f54b0>,36,22,[7 2],37,-1,70,-1,48
1,<environment.Job instance at 0x7fe9e43f57d0>,38,27,[6 5],39,-1,77,-1,50
1,<environment.Job instance at 0x7fe9e43f5a00>,37,18,[5 9],38,-1,68,-1,50
1,<environment.Job instance at 0x7fe9e43f5dc0>,40,13,[11  1],41,-1,65,-1,52
1,<environment.Job instance at 0x7fe9e43f5320>,35,12,[14  3],36,-1,66,-1,54
1,<environment.Job instance at 0x7fe9e43f5410>,42,16,[5 4],43,-1,70,-1,54
1,<environment.Job instance at 0x7fe9e43f50f0>,39,14,[7 4],40,-1,69,-1,55
1,<environment.Job instance at 0x7fe9e43f5500>,43,17,[ 2 10],44,-1,72,-1,55
1,<environment.Job instance at 0x7fe9e43f5f50>,48,18,[9 2],49,-1,73,-1,55
1,<environment.Job instance at 0x7fe9e46485a0>,27,26,[ 2 11],28,-1,82,-1,56
1,<environment.Job instance at 0x7fe9e43f5c30>,46,19,[7 1],47,-1,76,-1,57
1,<environment.Job instance at 0x7fe9e39e45f0>,51,14,[5 5],52,-1,71,-1,57
1,<environment.Job instance at 0x7fe9e4648d20>,33,24,[13  5],34,-1,81,-1,57
1,<environment.Job instance at 0x7fe9e39e4cd0>,53,25,[ 5 10],54,-1,83,-1,58
1,<environment.Job instance at 0x7fe9e368aa50>,55,14,[11  2],56,-1,72,-1,58
1,<environment.Job instance at 0x7fe9e368a500>,56,15,[ 3 14],57,-1,73,-1,58
1,<environment.Job instance at 0x7fe9e436e190>,4,12,[11  4],5,-1,17,-1,5
1,<environment.Job instance at 0x7fe9e3579c80>,10,17,[ 2 14],11,-1,32,-1,15
1,<environment.Job instance at 0x7fe9e45bc910>,12,1,[13  4],13,-1,18,-1,17
1,<environment.Job instance at 0x7fe9e4046370>,15,17,[14  2],16,-1,36,-1,19
1,<environment.Job instance at 0x7fe9e3e151e0>,16,17,[ 1 12],17,-1,36,-1,19
1,<environment.Job instance at 0x7fe9e4792960>,19,27,[11  4],20,-1,58,-1,31
1,<environment.Job instance at 0x7fe9e4792d70>,20,15,[ 2 13],21,-1,46,-1,31
1,<environment.Job instance at 0x7fe9e4792fa0>,23,16,[11  3],24,-1,50,-1,34
1,<environment.Job instance at 0x7fe9e4792c80>,24,25,[6 2],25,-1,61,-1,36
1,<environment.Job instance at 0x7fe9e4792780>,25,17,[13  1],26,-1,53,-1,36
1,<environment.Job instance at 0x7fe9e47929b0>,26,23,[8 2],27,-1,59,-1,36
1,<environment.Job instance at 0x7fe9e4792b90>,27,26,[ 2 11],28,-1,62,-1,36
1,<environment.Job instance at 0x7fe9e47922d0>,29,1,[11  4],30,-1,37,-1,36
1,<environment.Job instance at 0x7fe9e4792460>,30,26,[2 7],31,-1,68,-1,42
1,<environment.Job instance at 0x7fe9e4792410>,33,24,[13  5],34,-1,66,-1,42
1,<environment.Job instance at 0x7fe9e3c2caa0>,35,12,[14  3],36,-1,61,-1,49
1,<environment.Job instance at 0x7fe9e4648370>,38,27,[6 5],39,-1,88,-1,61
1,<environment.Job instance at 0x7fe9e368aa00>,40,13,[11  1],41,-1,74,-1,61
1,<environment.Job instance at 0x7fe9e4648cd0>,41,3,[ 2 11],42,-1,64,-1,61
1,<environment.Job instance at 0x7fe9e398f0a0>,50,24,[4 5],51,-1,119,-1,95
1,<environment.Job instance at 0x7fe9e398fb40>,52,12,[13  3],53,-1,107,-1,95
1,<environment.Job instance at 0x7fe9e398fc30>,53,25,[ 5 10],54,-1,134,-1,109
1,<environment.Job instance at 0x7fe9e398f410>,55,14,[11  2],56,-1,123,-1,109
1,<environment.Job instance at 0x7fe9e398f960>,56,15,[ 3 14],57,-1,124,-1,109
1,<environment.Job instance at 0x7fe9e398f4b0>,58,27,[7 4],59,-1,136,-1,109
1,<environment.Job instance at 0x7fe9e3e4edc0>,63,2,[ 1 12],64,-1,128,-1,126
1,<environment.Job instance at 0x7fe9e3319f50>,7,26,[3 7],8,-1,34,-1,8
1,<environment.Job instance at 0x7fe9e3319140>,8,26,[4 6],9,-1,35,-1,9
1,<environment.Job instance at 0x7fe9e33194b0>,10,20,[4 9],11,-1,31,-1,11
1,<environment.Job instance at 0x7fe9e3319460>,13,20,[1 8],14,-1,35,-1,15
1,<environment.Job instance at 0x7fe9e3319500>,15,17,[7 2],16,-1,33,-1,16
1,<environment.Job instance at 0x7fe9e3319d20>,16,18,[ 4 10],17,-1,35,-1,17
1,<environment.Job instance at 0x7fe9e3319230>,18,14,[ 2 12],19,-1,33,-1,19
1,<environment.Job instance at 0x7fe9e3fd1aa0>,0,14,[14  1],1,-1,15,-1,1
1,<environment.Job instance at 0x7fe9e3fd12d0>,4,20,[ 2 11],5,-1,25,-1,5
1,<environment.Job instance at 0x7fe9e3fd1230>,9,14,[ 3 14],10,-1,24,-1,10
1,<environment.Job instance at 0x7fe9e3fd10f0>,7,26,[3 7],8,-1,44,-1,18
1,<environment.Job instance at 0x7fe9e3fd1b90>,8,26,[4 6],9,-1,44,-1,18
1,<environment.Job instance at 0x7fe9e3578280>,18,14,[ 2 12],19,-1,34,-1,20
1,<environment.Job instance at 0x7fe9e3f89eb0>,19,28,[11  4],20,-1,48,-1,20
1,<environment.Job instance at 0x7fe9e3f89730>,20,22,[ 5 12],21,-1,43,-1,21
1,<environment.Job instance at 0x7fe9e35a6e60>,22,25,[9 5],23,-1,58,-1,33
1,<environment.Job instance at 0x7fe9e47bc370>,26,22,[ 1 13],27,-1,57,-1,35
1,<environment.Job instance at 0x7fe9e47bcaa0>,27,3,[ 2 11],28,-1,38,-1,35
1,<environment.Job instance at 0x7fe9e47bccd0>,29,15,[ 5 14],30,-1,63,-1,48
1,<environment.Job instance at 0x7fe9e47bc410>,30,27,[3 6],31,-1,75,-1,48
1,<environment.Job instance at 0x7fe9e47bc9b0>,31,2,[12  1],32,-1,50,-1,48
1,<environment.Job instance at 0x7fe9e47f78c0>,33,18,[11  2],34,-1,66,-1,48
1,<environment.Job instance at 0x7fe9e47f7aa0>,35,27,[8 1],36,-1,87,-1,60
1,<environment.Job instance at 0x7fe9e3597410>,40,20,[14  2],41,-1,97,-1,77
1,<environment.Job instance at 0x7fe9e47eaa50>,42,1,[ 5 14],43,-1,78,-1,77
1,<environment.Job instance at 0x7fe9e47ea4b0>,43,16,[12  5],44,-1,93,-1,77
1,<environment.Job instance at 0x7fe9e47f6230>,45,18,[11  4],46,-1,96,-1,78
1,<environment.Job instance at 0x7fe9e47f6f50>,47,3,[ 4 11],48,-1,81,-1,78
1,<environment.Job instance at 0x7fe9e375ad20>,51,23,[2 9],52,-1,128,-1,105
1,<environment.Job instance at 0x7fe9e47d6460>,53,24,[7 4],54,-1,132,-1,108
1,<environment.Job instance at 0x7fe9e375afa0>,54,3,[13  3],55,-1,111,-1,108
1,<environment.Job instance at 0x7fe9e47d6370>,52,26,[7 4],53,-1,134,-1,108
1,<environment.Job instance at 0x7fe9e37728c0>,56,14,[13  2],57,-1,122,-1,108
1,<environment.Job instance at 0x7fe9e3772460>,58,2,[ 4 14],59,-1,110,-1,108
1,<environment.Job instance at 0x7fe9e373ec30>,61,14,[ 4 14],62,-1,123,-1,109
1,<environment.Job instance at 0x7fe9e43da500>,0,22,[5 4],1,-1,23,-1,1
1,<environment.Job instance at 0x7fe9e43da280>,4,18,[ 1 11],5,-1,23,-1,5
1,<environment.Job instance at 0x7fe9e43daa50>,6,17,[7 5],7,-1,24,-1,7
1,<environment.Job instance at 0x7fe9e43da320>,8,17,[10  1],9,-1,26,-1,9
1,<environment.Job instance at 0x7fe9e43da2d0>,12,20,[9 5],13,-1,34,-1,14
1,<environment.Job instance at 0x7fe9e43dac30>,13,15,[11  4],14,-1,30,-1,15
1,<environment.Job instance at 0x7fe9e3cec640>,19,18,[4 9],20,-1,38,-1,20
1,<environment.Job instance at 0x7fe9e3cec5a0>,20,25,[1 7],21,-1,49,-1,24
1,<environment.Job instance at 0x7fe9e3cec320>,24,14,[5 4],25,-1,39,-1,25
1,<environment.Job instance at 0x7fe9e3cec8c0>,25,27,[3 8],26,-1,64,-1,37
1,<environment.Job instance at 0x7fe9e3cecbe0>,29,28,[7 1],30,-1,65,-1,37
1,<environment.Job instance at 0x7fe9e3cec370>,30,26,[10  3],31,-1,63,-1,37
1,<environment.Job instance at 0x7fe9e3cec1e0>,31,27,[5 2],32,-1,65,-1,38
1,<environment.Job instance at 0x7fe9e43da9b0>,15,26,[10  5],16,-1,69,-1,43
1,<environment.Job instance at 0x7fe9e47eecd0>,4,18,[ 1 11],5,-1,23,-1,5
1,<environment.Job instance at 0x7fe9e421c9b0>,9,16,[ 2 13],10,-1,34,-1,18
1,<environment.Job instance at 0x7fe9e4aff3c0>,10,16,[ 5 12],11,-1,34,-1,18
1,<environment.Job instance at 0x7fe9e4affb40>,11,12,[11  1],12,-1,30,-1,18
1,<environment.Job instance at 0x7fe9e37748c0>,13,15,[11  4],14,-1,36,-1,21
1,<environment.Job instance at 0x7fe9e3774190>,14,17,[ 2 14],15,-1,38,-1,21
1,<environment.Job instance at 0x7fe9e4ae76e0>,15,26,[10  5],16,-1,47,-1,21
1,<environment.Job instance at 0x7fe9e475c5f0>,20,25,[1 7],21,-1,61,-1,36
1,<environment.Job instance at 0x7fe9e3fa3a00>,25,27,[3 8],26,-1,93,-1,66
1,<environment.Job instance at 0x7fe9e3fa3320>,29,28,[7 1],30,-1,97,-1,69
1,<environment.Job instance at 0x7fe9e3fa32d0>,28,28,[2 6],29,-1,106,-1,78
1,<environment.Job instance at 0x7fe9e474e2d0>,31,27,[5 2],32,-1,105,-1,78
1,<environment.Job instance at 0x7fe9e4217640>,32,12,[ 3 13],33,-1,90,-1,78
1,<environment.Job instance at 0x7fe9e35815f0>,33,17,[14  5],34,-1,95,-1,78
1,<environment.Job instance at 0x7fe9e4755f50>,34,15,[14  2],35,-1,93,-1,78
1,<environment.Job instance at 0x7fe9e3581e60>,35,15,[ 1 12],36,-1,93,-1,78
1,<environment.Job instance at 0x7fe9e474e7d0>,30,26,[10  3],31,-1,104,-1,78
1,<environment.Job instance at 0x7fe9e3775c80>,39,12,[ 1 12],40,-1,92,-1,80
1,<environment.Job instance at 0x7fe9e3744d70>,46,21,[11  3],47,-1,129,-1,108
1,<environment.Job instance at 0x7fe9e3749aa0>,50,12,[11  2],51,-1,122,-1,110
1,<environment.Job instance at 0x7fe9e373ec30>,51,18,[ 3 11],52,-1,128,-1,110
1,<environment.Job instance at 0x7fe9e375a1e0>,0,28,[6 1],1,-1,29,-1,1
1,<environment.Job instance at 0x7fe9e375a690>,1,20,[8 3],2,-1,23,-1,3
1,<environment.Job instance at 0x7fe9e375adc0>,2,22,[5 2],3,-1,26,-1,4
1,<environment.Job instance at 0x7fe9e362ca50>,12,18,[10  4],13,-1,35,-1,17
1,<environment.Job instance at 0x7fe9e362ce10>,17,22,[1 5],18,-1,40,-1,18
1,<environment.Job instance at 0x7fe9e440b3c0>,0,28,[6 1],1,-1,29,-1,1
1,<environment.Job instance at 0x7fe9e440b370>,3,23,[11  1],4,-1,27,-1,4
1,<environment.Job instance at 0x7fe9e440b960>,5,18,[ 1 13],6,-1,24,-1,6
1,<environment.Job instance at 0x7fe9e440b050>,7,13,[11  3],8,-1,21,-1,8
1,<environment.Job instance at 0x7fe9e440b140>,10,2,[14  5],11,-1,13,-1,11
1,<environment.Job instance at 0x7fe9e43dad20>,11,26,[13  1],12,-1,38,-1,12
1,<environment.Job instance at 0x7fe9e440bdc0>,8,28,[7 5],9,-1,50,-1,22
1,<environment.Job instance at 0x7fe9e39e8e10>,18,26,[ 5 12],19,-1,51,-1,25
1,<environment.Job instance at 0x7fe9e39e88c0>,19,26,[2 8],20,-1,51,-1,25
1,<environment.Job instance at 0x7fe9e39e8e60>,22,16,[ 2 13],23,-1,41,-1,25
1,<environment.Job instance at 0x7fe9e3cc8f00>,24,13,[13  4],25,-1,38,-1,25
1,<environment.Job instance at 0x7fe9e43f0fa0>,25,18,[14  3],26,-1,44,-1,26
1,<environment.Job instance at 0x7fe9ed187eb0>,23,23,[7 1],24,-1,51,-1,28
1,<environment.Job instance at 0x7fe9e3c64910>,27,24,[14  5],28,-1,52,-1,28
1,<environment.Job instance at 0x7fe9e3f89730>,28,25,[ 4 12],29,-1,54,-1,29
1,<environment.Job instance at 0x7fe9e35a6500>,30,18,[12  3],31,-1,49,-1,31
1,<environment.Job instance at 0x7fe9e35a6dc0>,32,18,[ 2 11],33,-1,51,-1,33
1,<environment.Job instance at 0x7fe9e47bccd0>,33,13,[11  3],34,-1,47,-1,34
1,<environment.Job instance at 0x7fe9e47bc280>,34,18,[13  2],35,-1,53,-1,35
1,<environment.Job instance at 0x7fe9e47bc320>,36,23,[ 5 13],37,-1,65,-1,42
1,<environment.Job instance at 0x7fe9e47f7280>,37,23,[2 7],38,-1,65,-1,42
1,<environment.Job instance at 0x7fe9e47f7af0>,38,28,[ 1 10],39,-1,71,-1,43
1,<environment.Job instance at 0x7fe9e47f7190>,40,12,[ 4 14],41,-1,55,-1,43
1,<environment.Job instance at 0x7fe9e47f6190>,46,18,[ 5 11],47,-1,79,-1,61
1,<environment.Job instance at 0x7fe9e47d6460>,48,1,[12  3],49,-1,62,-1,61
1,<environment.Job instance at 0x7fe9e3772460>,49,25,[13  1],50,-1,86,-1,61
1,<environment.Job instance at 0x7fe9e3772690>,53,1,[14  4],54,-1,62,-1,61
1,<environment.Job instance at 0x7fe9e373eaa0>,54,17,[13  5],55,-1,78,-1,61
1,<environment.Job instance at 0x7fe9e373e140>,56,13,[ 4 11],57,-1,75,-1,62
1,<environment.Job instance at 0x7fe9e3744d70>,60,28,[ 3 10],61,-1,126,-1,98
1,<environment.Job instance at 0x7fe9e338c5f0>,10,19,[ 3 10],11,-1,32,-1,13
1,<environment.Job instance at 0x7fe9e4564550>,12,20,[10  3],13,-1,46,-1,26
1,<environment.Job instance at 0x7fe9e4564eb0>,19,18,[ 5 12],20,-1,75,-1,57
1,<environment.Job instance at 0x7fe9e4564050>,18,22,[13  4],19,-1,79,-1,57
1,<environment.Job instance at 0x7fe9e4564f00>,26,26,[2 8],27,-1,83,-1,57
1,<environment.Job instance at 0x7fe9e45646e0>,25,22,[6 2],26,-1,79,-1,57
1,<environment.Job instance at 0x7fe9e4564370>,28,12,[10  2],29,-1,69,-1,57
1,<environment.Job instance at 0x7fe9e45645f0>,21,26,[10  2],22,-1,83,-1,57
1,<environment.Job instance at 0x7fe9e45649b0>,27,1,[4 7],28,-1,58,-1,57
1,<environment.Job instance at 0x7fe9ed1a4d20>,30,16,[3 6],31,-1,73,-1,57
1,<environment.Job instance at 0x7fe9e3f22cd0>,0,23,[ 5 11],1,-1,24,-1,1
1,<environment.Job instance at 0x7fe9e33d0e60>,1,24,[9 1],2,-1,26,-1,2
1,<environment.Job instance at 0x7fe9e3f2ce60>,6,26,[11  3],7,-1,33,-1,7
1,<environment.Job instance at 0x7fe9e3f2c9b0>,9,3,[ 3 11],10,-1,13,-1,10
1,<environment.Job instance at 0x7fe9e3f2cc30>,8,24,[7 1],9,-1,43,-1,19
1,<environment.Job instance at 0x7fe9e49c0eb0>,13,27,[7 2],14,-1,46,-1,19
1,<environment.Job instance at 0x7fe9e49c0c80>,14,12,[13  2],15,-1,31,-1,19
1,<environment.Job instance at 0x7fe9e3f07b40>,16,12,[ 2 14],17,-1,31,-1,19
1,<environment.Job instance at 0x7fe9e3f07be0>,17,17,[ 1 12],18,-1,36,-1,19
1,<environment.Job instance at 0x7fe9e3efa690>,18,22,[13  4],19,-1,41,-1,19
1,<environment.Job instance at 0x7fe9e3efa410>,19,18,[ 5 12],20,-1,38,-1,20
1,<environment.Job instance at 0x7fe9e3efabe0>,20,25,[12  1],21,-1,46,-1,21
1,<environment.Job instance at 0x7fe9e3f0e0f0>,21,26,[10  2],22,-1,48,-1,22
1,<environment.Job instance at 0x7fe9e3f0e7d0>,24,12,[13  2],25,-1,37,-1,25
1,<environment.Job instance at 0x7fe9e3f18050>,26,26,[2 8],27,-1,58,-1,32
1,<environment.Job instance at 0x7fe9e3f34500>,29,14,[ 2 13],30,-1,46,-1,32
1,<environment.Job instance at 0x7fe9e3f267d0>,33,27,[ 1 13],34,-1,62,-1,35
1,<environment.Job instance at 0x7fe9e3f34410>,34,18,[11  3],35,-1,53,-1,35
1,<environment.Job instance at 0x7fe9e3448690>,37,12,[12  5],38,-1,60,-1,48
1,<environment.Job instance at 0x7fe9e3f140a0>,38,12,[ 3 12],39,-1,60,-1,48
1,<environment.Job instance at 0x7fe9e3f14eb0>,41,25,[ 2 14],42,-1,76,-1,51
1,<environment.Job instance at 0x7fe9e3f0d8c0>,47,16,[12  2],48,-1,83,-1,67
1,<environment.Job instance at 0x7fe9e3bbacd0>,48,2,[ 2 13],49,-1,69,-1,67
1,<environment.Job instance at 0x7fe9e3bbae60>,49,27,[5 5],50,-1,96,-1,69
1,<environment.Job instance at 0x7fe9e44729b0>,55,2,[12  1],56,-1,83,-1,81
1,<environment.Job instance at 0x7fe9e44675a0>,56,27,[ 5 11],57,-1,108,-1,81
1,<environment.Job instance at 0x7fe9e445db40>,59,19,[ 4 13],60,-1,113,-1,94
1,<environment.Job instance at 0x7fe9e3b2aeb0>,60,25,[11  3],61,-1,119,-1,94
1,<environment.Job instance at 0x7fe9e33e30f0>,65,17,[ 2 12],66,-1,129,-1,112
1,<environment.Job instance at 0x7fe9e33daa50>,66,28,[5 9],67,-1,156,-1,128
1,<environment.Job instance at 0x7fe9e33e3410>,69,25,[11  1],70,-1,153,-1,128
1,<environment.Job instance at 0x7fe9e49a9550>,0,19,[3 5],1,-1,20,-1,1
1,<environment.Job instance at 0x7fe9e49a9050>,1,18,[8 2],2,-1,21,-1,3
1,<environment.Job instance at 0x7fe9e49a98c0>,2,15,[8 4],3,-1,18,-1,3
1,<environment.Job instance at 0x7fe9e49a9d70>,3,25,[ 5 10],4,-1,29,-1,4
1,<environment.Job instance at 0x7fe9e49a9500>,10,21,[9 1],11,-1,34,-1,13
1,<environment.Job instance at 0x7fe9e49a9320>,12,25,[10  4],13,-1,38,-1,13
1,<environment.Job instance at 0x7fe9e49a95f0>,15,18,[8 3],16,-1,34,-1,16
1,<environment.Job instance at 0x7fe9e49a95a0>,16,13,[9 5],17,-1,30,-1,17
1,<environment.Job instance at 0x7fe9e40caeb0>,4,2,[12  3],5,-1,7,-1,5
1,<environment.Job instance at 0x7fe9e40ca2d0>,5,20,[ 4 11],6,-1,26,-1,6
1,<environment.Job instance at 0x7fe9e40ebf50>,7,15,[14  2],8,-1,23,-1,8
1,<environment.Job instance at 0x7fe9e3f6bc80>,8,12,[13  3],9,-1,21,-1,9
1,<environment.Job instance at 0x7fe9e3f6b0f0>,12,25,[10  4],13,-1,45,-1,20
1,<environment.Job instance at 0x7fe9e40ee960>,3,25,[ 5 10],4,-1,51,-1,26
1,<environment.Job instance at 0x7fe9e3f49730>,18,20,[12  2],19,-1,58,-1,38
1,<environment.Job instance at 0x7fe9e3f49550>,20,28,[8 4],21,-1,89,-1,61
1,<environment.Job instance at 0x7fe9e49c0c80>,24,2,[13  1],25,-1,63,-1,61
1,<environment.Job instance at 0x7fe9e426e320>,27,3,[12  1],28,-1,67,-1,64
1,<environment.Job instance at 0x7fe9e33d0f50>,29,19,[13  2],30,-1,86,-1,67
1,<environment.Job instance at 0x7fe9e49a9640>,32,1,[ 2 13],33,-1,81,-1,80
1,<environment.Job instance at 0x7fe9e4636500>,33,24,[ 4 10],34,-1,119,-1,95
1,<environment.Job instance at 0x7fe9e3f44b40>,35,1,[ 4 11],36,-1,96,-1,95
1,<environment.Job instance at 0x7fe9e3f44960>,39,24,[4 6],40,-1,130,-1,106
1,<environment.Job instance at 0x7fe9e3f44af0>,40,23,[13  5],41,-1,129,-1,106
1,<environment.Job instance at 0x7fe9e3b19370>,41,28,[14  2],42,-1,134,-1,106
1,<environment.Job instance at 0x7fe9e3b241e0>,46,22,[13  1],47,-1,128,-1,106
1,<environment.Job instance at 0x7fe9e3f62aa0>,48,22,[ 2 12],49,-1,132,-1,110
1,<environment.Job instance at 0x7fe9e3f540a0>,53,20,[ 1 14],54,-1,147,-1,127
1,<environment.Job instance at 0x7fe9e393c0f0>,5,16,[9 5],6,-1,22,-1,6
1,<environment.Job instance at 0x7fe9e393c5a0>,6,13,[1 6],7,-1,20,-1,7
1,<environment.Job instance at 0x7fe9e393c3c0>,4,16,[4 7],5,-1,25,-1,9
1,<environment.Job instance at 0x7fe9e3f51230>,2,26,[ 1 12],3,-1,29,-1,3
1,<environment.Job instance at 0x7fe9e3f51500>,3,28,[ 3 14],4,-1,32,-1,4
1,<environment.Job instance at 0x7fe9e3f51fa0>,7,20,[12  1],8,-1,28,-1,8
1,<environment.Job instance at 0x7fe9e3f51b40>,8,24,[ 5 13],9,-1,33,-1,9
1,<environment.Job instance at 0x7fe9e3f54640>,11,24,[ 5 13],12,-1,36,-1,12
1,<environment.Job instance at 0x7fe9e3f51870>,9,23,[8 5],10,-1,37,-1,14
1,<environment.Job instance at 0x7fe9e3f54140>,14,1,[14  4],15,-1,16,-1,15
1,<environment.Job instance at 0x7fe9e3f51820>,10,28,[4 9],11,-1,49,-1,21
1,<environment.Job instance at 0x7fea09996c80>,18,25,[14  3],19,-1,52,-1,27
1,<environment.Job instance at 0x7fe9e3f62be0>,19,27,[14  3],20,-1,54,-1,27
1,<environment.Job instance at 0x7fe9e3f44870>,25,15,[11  3],26,-1,61,-1,46
1,<environment.Job instance at 0x7fe9e3f440f0>,26,28,[4 7],27,-1,81,-1,53
1,<environment.Job instance at 0x7fe9e44eff50>,28,3,[ 4 13],29,-1,56,-1,53
1,<environment.Job instance at 0x7fe9e3f44910>,31,12,[13  1],32,-1,78,-1,66
1,<environment.Job instance at 0x7fe9e3f49820>,33,13,[ 4 13],34,-1,87,-1,74
1,<environment.Job instance at 0x7fe9e3f496e0>,34,18,[11  5],35,-1,92,-1,74
1,<environment.Job instance at 0x7fe9e3f6bb40>,37,24,[10  4],38,-1,119,-1,95
1,<environment.Job instance at 0x7fe9e3f6b690>,38,25,[5 1],39,-1,120,-1,95
1,<environment.Job instance at 0x7fe9e3f6bb90>,40,13,[ 5 13],41,-1,108,-1,95
1,<environment.Job instance at 0x7fe9e3f6be10>,43,23,[7 5],44,-1,122,-1,99
1,<environment.Job instance at 0x7fe9e41030f0>,44,26,[ 5 13],45,-1,125,-1,99
1,<environment.Job instance at 0x7fe9e40e2b40>,48,23,[3 5],49,-1,139,-1,116
1,<environment.Job instance at 0x7fe9e36a6f50>,1,17,[ 4 10],2,-1,19,-1,2
1,<environment.Job instance at 0x7fe9e36835f0>,5,18,[5 3],6,-1,25,-1,7
1,<environment.Job instance at 0x7fe9e36a69b0>,6,22,[8 4],7,-1,29,-1,7
1,<environment.Job instance at 0x7fe9e3683640>,11,17,[6 1],12,-1,30,-1,13
1,<environment.Job instance at 0x7fe9e3fd1730>,13,15,[5 8],14,-1,29,-1,14
1,<environment.Job instance at 0x7fe9e3683370>,12,16,[11  2],13,-1,30,-1,14
1,<environment.Job instance at 0x7fe9e494a0a0>,17,21,[3 7],18,-1,39,-1,18
1,<environment.Job instance at 0x7fe9e4400960>,18,26,[2 5],19,-1,45,-1,19
1,<environment.Job instance at 0x7fe9e44bab40>,19,28,[4 8],20,-1,48,-1,20
1,<environment.Job instance at 0x7fe9e44bae60>,20,28,[1 5],21,-1,49,-1,21
1,<environment.Job instance at 0x7fe9ed5fc050>,24,20,[8 1],25,-1,46,-1,26
1,<environment.Job instance at 0x7fe9ed5fc2d0>,26,22,[7 4],27,-1,49,-1,27
1,<environment.Job instance at 0x7fe9ed5fc9b0>,28,18,[5 5],29,-1,47,-1,29
1,<environment.Job instance at 0x7fe9e44a6500>,30,19,[ 5 10],31,-1,55,-1,36
1,<environment.Job instance at 0x7fe9e44ba6e0>,25,19,[4 6],26,-1,55,-1,36
1,<environment.Job instance at 0x7fe9ed5fc0f0>,27,28,[ 1 10],28,-1,64,-1,36
1,<environment.Job instance at 0x7fe9e44a6f50>,35,25,[5 6],36,-1,62,-1,37
1,<environment.Job instance at 0x7fe9e44a6d20>,38,21,[9 4],39,-1,60,-1,39
1,<environment.Job instance at 0x7fe9e3be7d70>,3,2,[ 4 11],4,-1,6,-1,4
1,<environment.Job instance at 0x7fe9e31f7a50>,4,23,[ 2 11],5,-1,28,-1,5
1,<environment.Job instance at 0x7fe9e38055a0>,12,16,[11  2],13,-1,32,-1,16
1,<environment.Job instance at 0x7fe9e3e1ee10>,14,2,[13  2],15,-1,21,-1,19
1,<environment.Job instance at 0x7fe9e322f410>,18,26,[2 5],19,-1,57,-1,31
1,<environment.Job instance at 0x7fe9e322f370>,19,28,[4 8],20,-1,59,-1,31
1,<environment.Job instance at 0x7fe9e322f780>,20,28,[1 5],21,-1,59,-1,31
1,<environment.Job instance at 0x7fe9e322f320>,22,3,[ 5 11],23,-1,34,-1,31
1,<environment.Job instance at 0x7fe9e3bb95a0>,23,13,[12  1],24,-1,44,-1,31
1,<environment.Job instance at 0x7fe9e39ef230>,27,28,[ 1 10],28,-1,74,-1,46
1,<environment.Job instance at 0x7fe9e36d08c0>,29,15,[ 3 12],30,-1,61,-1,46
1,<environment.Job instance at 0x7fe9e44362d0>,32,24,[1 7],33,-1,73,-1,49
1,<environment.Job instance at 0x7fe9e35eac30>,33,26,[4 7],34,-1,75,-1,49
1,<environment.Job instance at 0x7fe9e35eafa0>,34,15,[14  1],35,-1,64,-1,49
1,<environment.Job instance at 0x7fe9e4b57780>,35,25,[5 6],36,-1,74,-1,49
1,<environment.Job instance at 0x7fe9e36b7eb0>,36,28,[1 5],37,-1,77,-1,49
1,<environment.Job instance at 0x7fe9e36b7af0>,37,2,[14  1],38,-1,51,-1,49
1,<environment.Job instance at 0x7fe9e493b7d0>,31,26,[9 3],32,-1,76,-1,50
1,<environment.Job instance at 0x7fe9e39bcaf0>,39,14,[11  3],40,-1,64,-1,50
1,<environment.Job instance at 0x7fe9e39bc410>,40,22,[11  4],41,-1,72,-1,50
1,<environment.Job instance at 0x7fe9e39bc910>,41,14,[ 4 14],42,-1,64,-1,50
1,<environment.Job instance at 0x7fe9e39bc7d0>,42,17,[ 1 11],43,-1,67,-1,50
1,<environment.Job instance at 0x7fe9e3bcbeb0>,44,23,[9 5],45,-1,76,-1,53
1,<environment.Job instance at 0x7fe9e3bcb4b0>,45,23,[ 5 14],46,-1,76,-1,53
1,<environment.Job instance at 0x7fe9e3212aa0>,48,12,[13  4],49,-1,76,-1,64
1,<environment.Job instance at 0x7fe9e3a020a0>,53,13,[ 1 13],54,-1,96,-1,83
1,<environment.Job instance at 0x7fe9e3a2bdc0>,56,13,[12  1],57,-1,108,-1,95
1,<environment.Job instance at 0x7fe9e3a18230>,59,27,[2 7],60,-1,143,-1,116
1,<environment.Job instance at 0x7fe9e3a18e10>,58,26,[ 5 10],59,-1,143,-1,117
1,<environment.Job instance at 0x7fe9e31fd1e0>,63,13,[12  2],64,-1,132,-1,119
1,<environment.Job instance at 0x7fe9e31fddc0>,65,26,[11  4],66,-1,146,-1,120
1,<environment.Job instance at 0x7fe9e31fdcd0>,67,1,[ 4 11],68,-1,130,-1,129
1,<environment.Job instance at 0x7fe9e31fd370>,68,3,[12  1],69,-1,132,-1,129
1,<environment.Job instance at 0x7fe9e3ba8d70>,0,22,[10  4],1,-1,24,-1,2
1,<environment.Job instance at 0x7fe9e37f9d20>,2,18,[3 6],3,-1,21,-1,3
1,<environment.Job instance at 0x7fe9e37f9f00>,4,25,[5 3],5,-1,30,-1,5
1,<environment.Job instance at 0x7fe9e37f9370>,5,19,[9 2],6,-1,25,-1,6
1,<environment.Job instance at 0x7fe9e37f9780>,6,16,[ 3 11],7,-1,23,-1,7
1,<environment.Job instance at 0x7fe9e37f91e0>,7,28,[4 9],8,-1,36,-1,8
1,<environment.Job instance at 0x7fe9e37f9410>,9,20,[1 6],10,-1,30,-1,10
1,<environment.Job instance at 0x7fe9e3bb1910>,1,14,[ 4 13],2,-1,32,-1,18
1,<environment.Job instance at 0x7fe9e37f9c30>,14,27,[ 3 14],15,-1,54,-1,27
1,<environment.Job instance at 0x7fe9e4431c30>,20,18,[12  3],21,-1,47,-1,29
1,<environment.Job instance at 0x7fe9e4431d20>,19,17,[7 5],20,-1,46,-1,29
1,<environment.Job instance at 0x7fe9e4431f50>,16,28,[11  1],17,-1,58,-1,30
1,<environment.Job instance at 0x7fe9e44311e0>,23,18,[1 8],24,-1,48,-1,30
1,<environment.Job instance at 0x7fe9e4431b90>,17,18,[ 4 11],18,-1,48,-1,30
1,<environment.Job instance at 0x7fe9e4431820>,28,12,[4 8],29,-1,47,-1,35
1,<environment.Job instance at 0x7fe9e4431960>,24,17,[ 3 13],25,-1,52,-1,35
1,<environment.Job instance at 0x7fe9e4431a00>,30,16,[10  3],31,-1,54,-1,38
1,<environment.Job instance at 0x7fe9e4431370>,31,24,[5 3],32,-1,64,-1,40
1,<environment.Job instance at 0x7fe9e3e08140>,34,19,[12  3],35,-1,60,-1,41
1,<environment.Job instance at 0x7fe9e3e08730>,33,12,[9 4],34,-1,53,-1,41
1,<environment.Job instance at 0x7fe9e44312d0>,21,15,[4 9],22,-1,56,-1,41
1,<environment.Job instance at 0x7fe9e4431640>,29,17,[7 1],30,-1,58,-1,41
1,<environment.Job instance at 0x7fe9e3e08e60>,38,28,[4 6],39,-1,69,-1,41
1,<environment.Job instance at 0x7fe9e3e08a50>,39,15,[5 7],40,-1,56,-1,41
1,<environment.Job instance at 0x7fe9e3e087d0>,40,18,[11  5],41,-1,59,-1,41
1,<environment.Job instance at 0x7fe9e3e081e0>,36,15,[5 2],37,-1,56,-1,41
1,<environment.Job instance at 0x7fe9e3e08690>,41,23,[ 1 10],42,-1,66,-1,43
1,<environment.Job instance at 0x7fe9e3e08050>,42,17,[ 3 14],43,-1,61,-1,44
1,<environment.Job instance at 0x7fe9e3e080a0>,44,28,[4 7],45,-1,73,-1,45
1,<environment.Job instance at 0x7fe9e3e08e10>,35,25,[2 6],36,-1,71,-1,46
1,<environment.Job instance at 0x7fe9e3e08af0>,45,13,[ 3 10],46,-1,63,-1,50
1,<environment.Job instance at 0x7fe9e3e086e0>,48,14,[10  3],49,-1,65,-1,51
1,<environment.Job instance at 0x7fe9e3e08f00>,49,18,[8 2],50,-1,78,-1,60
1,<environment.Job instance at 0x7fe9e3be3cd0>,51,17,[5 4],52,-1,77,-1,60
1,<environment.Job instance at 0x7fe9e3e08230>,50,24,[9 4],51,-1,84,-1,60
1,<environment.Job instance at 0x7fe9e3be33c0>,55,12,[ 2 12],56,-1,72,-1,60
1,<environment.Job instance at 0x7fe9e3be38c0>,54,14,[3 7],55,-1,74,-1,60
1,<environment.Job instance at 0x7fe9e3be3b90>,58,16,[7 1],59,-1,76,-1,60
1,<environment.Job instance at 0x7fe9e3be3e60>,59,15,[ 4 10],60,-1,75,-1,60
1,<environment.Job instance at 0x7fe9e3be3d70>,63,17,[13  3],64,-1,141,-1,124
1,<environment.Job instance at 0x7fe9e3725dc0>,1,14,[ 4 13],2,-1,16,-1,2
1,<environment.Job instance at 0x7fe9e37042d0>,6,16,[ 3 11],7,-1,23,-1,7
1,<environment.Job instance at 0x7fe9e37049b0>,8,25,[11  1],9,-1,34,-1,9
1,<environment.Job instance at 0x7fe9e3725140>,4,25,[5 3],5,-1,46,-1,21
1,<environment.Job instance at 0x7fe9e37048c0>,7,28,[4 9],8,-1,49,-1,21
1,<environment.Job instance at 0x7fe9e3703730>,11,12,[12  1],12,-1,33,-1,21
1,<environment.Job instance at 0x7fe9e36f60a0>,14,27,[ 3 14],15,-1,48,-1,21
1,<environment.Job instance at 0x7fe9e36f6dc0>,15,2,[ 3 13],16,-1,23,-1,21
1,<environment.Job instance at 0x7fe9e372d550>,16,28,[11  1],17,-1,49,-1,21
1,<environment.Job instance at 0x7fe9e372d7d0>,17,18,[ 4 11],18,-1,39,-1,21
1,<environment.Job instance at 0x7fe9e3a09d70>,20,18,[12  3],21,-1,41,-1,23
1,<environment.Job instance at 0x7fe9e3a14aa0>,24,17,[ 3 13],25,-1,50,-1,33
1,<environment.Job instance at 0x7fe9e3228730>,31,24,[5 3],32,-1,100,-1,76
1,<environment.Job instance at 0x7fe9e443ec80>,34,19,[12  3],35,-1,96,-1,77
1,<environment.Job instance at 0x7fe9e35c79b0>,35,25,[2 6],36,-1,105,-1,80
1,<environment.Job instance at 0x7fe9e4431e60>,38,28,[4 6],39,-1,120,-1,92
1,<environment.Job instance at 0x7fe9e3e08820>,40,18,[11  5],41,-1,110,-1,92
1,<environment.Job instance at 0x7fe9e3be3af0>,42,17,[ 3 14],43,-1,112,-1,95
1,<environment.Job instance at 0x7fe9e3e08c30>,41,23,[ 1 10],42,-1,130,-1,107
1,<environment.Job instance at 0x7fe9e3e08190>,44,28,[4 7],45,-1,135,-1,107
1,<environment.Job instance at 0x7fe9e39b9b90>,46,24,[11  4],47,-1,131,-1,107
1,<environment.Job instance at 0x7fe9e39b9730>,50,24,[9 4],51,-1,148,-1,124
1,<environment.Job instance at 0x7fe9e3bd2960>,52,2,[ 3 12],53,-1,126,-1,124
1,<environment.Job instance at 0x7fe9e39b9f50>,53,20,[12  3],54,-1,144,-1,124
1,<environment.Job instance at 0x7fe9e39065f0>,0,25,[5 1],1,-1,26,-1,1
1,<environment.Job instance at 0x7fe9e46b72d0>,2,27,[10  5],3,-1,30,-1,3
1,<environment.Job instance at 0x7fe9e46b7c30>,18,17,[3 5],19,-1,37,-1,20
1,<environment.Job instance at 0x7fe9e46b7a50>,13,17,[14  4],14,-1,37,-1,20
1,<environment.Job instance at 0x7fe9e46b7f00>,19,26,[1 5],20,-1,46,-1,20
1,<environment.Job instance at 0x7fe9e390bd70>,12,20,[12  3],13,-1,67,-1,47
1,<environment.Job instance at 0x7fe9e46c1140>,21,18,[11  2],22,-1,69,-1,51
1,<environment.Job instance at 0x7fe9e46c15f0>,28,27,[ 3 12],29,-1,84,-1,57
1,<environment.Job instance at 0x7fe9e46b7e10>,17,26,[ 3 14],18,-1,83,-1,57
1,<environment.Job instance at 0x7fe9e46c1550>,27,15,[10  5],28,-1,72,-1,57
1,<environment.Job instance at 0x7fe9e46c1b40>,33,17,[ 1 10],34,-1,76,-1,59
1,<environment.Job instance at 0x7fe9e46c1690>,29,24,[7 1],30,-1,83,-1,59
1,<environment.Job instance at 0x7fe9e46c1d70>,38,17,[9 4],39,-1,83,-1,66
1,<environment.Job instance at 0x7fe9e46c1c30>,36,15,[13  1],37,-1,91,-1,76
1,<environment.Job instance at 0x7fe9e46ab050>,43,16,[2 8],44,-1,94,-1,78
1,<environment.Job instance at 0x7fe9e46c1f50>,41,18,[2 9],42,-1,96,-1,78
1,<environment.Job instance at 0x7fe9e45b0b90>,0,25,[5 1],1,-1,26,-1,1
1,<environment.Job instance at 0x7fe9e45b0780>,1,2,[14  3],2,-1,4,-1,2
1,<environment.Job instance at 0x7fe9e45b0f50>,2,27,[10  5],3,-1,30,-1,3
1,<environment.Job instance at 0x7fe9e45b0e60>,3,1,[ 3 11],4,-1,5,-1,4
1,<environment.Job instance at 0x7fe9e3a07be0>,6,16,[12  5],7,-1,23,-1,7
1,<environment.Job instance at 0x7fe9e3a07b90>,7,3,[ 1 13],8,-1,11,-1,8
1,<environment.Job instance at 0x7fe9e3a07960>,8,26,[ 1 12],9,-1,35,-1,9
1,<environment.Job instance at 0x7fe9e3a07140>,9,19,[12  1],10,-1,29,-1,10
1,<environment.Job instance at 0x7fe9e3a07c80>,10,22,[ 2 12],11,-1,33,-1,11
1,<environment.Job instance at 0x7fe9e3a07870>,12,20,[12  3],13,-1,33,-1,13
1,<environment.Job instance at 0x7fe9e35e1cd0>,13,17,[14  4],14,-1,31,-1,14
1,<environment.Job instance at 0x7fe9e35e1aa0>,14,17,[12  2],15,-1,32,-1,15
1,<environment.Job instance at 0x7fe9e35e16e0>,15,17,[ 2 13],16,-1,33,-1,16
1,<environment.Job instance at 0x7fe9e35e1690>,17,26,[ 3 14],18,-1,44,-1,18
1,<environment.Job instance at 0x7fe9e3a07190>,19,26,[1 5],20,-1,46,-1,20
1,<environment.Job instance at 0x7fe9e391e960>,21,18,[11  2],22,-1,40,-1,22
1,<environment.Job instance at 0x7fe9e407c0a0>,24,23,[7 1],25,-1,50,-1,27
1,<environment.Job instance at 0x7fe9e407cdc0>,25,12,[ 4 13],26,-1,39,-1,27
1,<environment.Job instance at 0x7fe9e49909b0>,28,27,[ 3 12],29,-1,56,-1,29
1,<environment.Job instance at 0x7fe9e404b550>,29,24,[7 1],30,-1,54,-1,30
1,<environment.Job instance at 0x7fe9e34b0e60>,31,2,[ 2 12],32,-1,34,-1,32
1,<environment.Job instance at 0x7fe9e404baf0>,32,13,[ 3 11],33,-1,46,-1,33
1,<environment.Job instance at 0x7fe9e362b5a0>,36,15,[13  1],37,-1,60,-1,45
1,<environment.Job instance at 0x7fe9e3cb1910>,40,2,[12  4],41,-1,62,-1,60
1,<environment.Job instance at 0x7fe9e3b44190>,42,2,[12  3],43,-1,66,-1,64
1,<environment.Job instance at 0x7fe9e3b87910>,46,19,[14  5],47,-1,107,-1,88
1,<environment.Job instance at 0x7fe9e3be2c80>,48,24,[ 5 12],49,-1,115,-1,91
1,<environment.Job instance at 0x7fe9e44db7d0>,49,25,[9 4],50,-1,131,-1,106
1,<environment.Job instance at 0x7fe9e3ce58c0>,54,15,[14  5],55,-1,133,-1,118
1,<environment.Job instance at 0x7fe9e35bfd20>,3,13,[10  2],4,-1,18,-1,5
1,<environment.Job instance at 0x7fe9e35bf370>,4,12,[13  4],5,-1,17,-1,5
1,<environment.Job instance at 0x7fe9e38c1e60>,13,19,[2 5],14,-1,42,-1,23
1,<environment.Job instance at 0x7fe9e4a31140>,22,28,[9 5],23,-1,60,-1,32
1,<environment.Job instance at 0x7fe9e3a865a0>,10,28,[ 5 12],11,-1,62,-1,34
1,<environment.Job instance at 0x7fe9e4b81690>,28,28,[6 2],29,-1,62,-1,34
1,<environment.Job instance at 0x7fe9e4a31320>,21,15,[10  1],22,-1,51,-1,36
1,<environment.Job instance at 0x7fe9e4b813c0>,29,17,[8 3],30,-1,53,-1,36
1,<environment.Job instance at 0x7fe9e4a31b90>,18,18,[2 5],19,-1,54,-1,36
1,<environment.Job instance at 0x7fe9e4b81a00>,33,21,[5 8],34,-1,57,-1,36
1,<environment.Job instance at 0x7fe9e36d2d70>,36,18,[5 6],37,-1,55,-1,37
1,<environment.Job instance at 0x7fe9e36d2c80>,38,20,[3 9],39,-1,59,-1,39
1,<environment.Job instance at 0x7fe9e46ab230>,1,12,[ 2 14],2,-1,14,-1,2
1,<environment.Job instance at 0x7fe9e46a2e60>,4,12,[13  4],5,-1,17,-1,5
1,<environment.Job instance at 0x7fe9e35fea50>,6,14,[ 3 12],7,-1,21,-1,7
1,<environment.Job instance at 0x7fe9e406aa50>,7,1,[13  2],8,-1,9,-1,8
1,<environment.Job instance at 0x7fe9e370efa0>,10,28,[ 5 12],11,-1,39,-1,11
1,<environment.Job instance at 0x7fe9e36f6eb0>,17,25,[12  1],18,-1,47,-1,22
1,<environment.Job instance at 0x7fe9e3701640>,22,28,[9 5],23,-1,83,-1,55
1,<environment.Job instance at 0x7fe9e4b57780>,24,1,[11  1],25,-1,56,-1,55
1,<environment.Job instance at 0x7fe9e3729be0>,25,1,[12  5],26,-1,56,-1,55
1,<environment.Job instance at 0x7fe9e3bcbeb0>,28,28,[6 2],29,-1,86,-1,58
1,<environment.Job instance at 0x7fe9e3e08fa0>,35,25,[5 3],36,-1,89,-1,64
1,<environment.Job instance at 0x7fe9e3be3460>,37,2,[14  1],38,-1,66,-1,64
1,<environment.Job instance at 0x7fe9e3be3190>,39,15,[ 2 13],40,-1,89,-1,74
1,<environment.Job instance at 0x7fe9e4431c80>,34,28,[ 4 10],35,-1,102,-1,74
1,<environment.Job instance at 0x7fe9e39b96e0>,43,24,[5 8],44,-1,101,-1,77
1,<environment.Job instance at 0x7fe9e39b9500>,45,24,[ 4 11],46,-1,101,-1,77
1,<environment.Job instance at 0x7fe9e39c7410>,47,28,[8 4],48,-1,106,-1,78
1,<environment.Job instance at 0x7fe9e3be7dc0>,52,24,[13  3],53,-1,120,-1,96
1,<environment.Job instance at 0x7fe9e3ce5d70>,53,16,[ 5 12],54,-1,112,-1,96
1,<environment.Job instance at 0x7fe9e3ce5b90>,54,2,[13  5],55,-1,98,-1,96
1,<environment.Job instance at 0x7fe9e3ce58c0>,55,22,[ 3 12],56,-1,118,-1,96
1,<environment.Job instance at 0x7fe9e45c9960>,56,13,[14  4],57,-1,109,-1,96
1,<environment.Job instance at 0x7fe9e3a22870>,57,24,[ 2 14],58,-1,120,-1,96
1,<environment.Job instance at 0x7fe9e45ba410>,62,20,[13  3],63,-1,143,-1,123
1,<environment.Job instance at 0x7fe9e362b230>,64,17,[13  1],65,-1,141,-1,124
1,<environment.Job instance at 0x7fe9e33fb370>,0,18,[6 4],1,-1,19,-1,1
1,<environment.Job instance at 0x7fe9e3243af0>,2,15,[ 3 10],3,-1,19,-1,4
1,<environment.Job instance at 0x7fe9e465f280>,3,17,[ 2 11],4,-1,22,-1,5
1,<environment.Job instance at 0x7fe9e4623be0>,10,14,[4 9],11,-1,25,-1,11
1,<environment.Job instance at 0x7fe9e4623050>,11,17,[10  4],12,-1,30,-1,13
1,<environment.Job instance at 0x7fe9e42a4c30>,12,17,[13  5],13,-1,30,-1,13
1,<environment.Job instance at 0x7fe9e45fc230>,14,22,[5 1],15,-1,37,-1,15
1,<environment.Job instance at 0x7fe9e4aae500>,16,26,[9 2],17,-1,43,-1,17
1,<environment.Job instance at 0x7fe9e3b2fc80>,17,24,[9 2],18,-1,42,-1,18
1,<environment.Job instance at 0x7fe9e3b2f3c0>,18,12,[9 2],19,-1,32,-1,20
1,<environment.Job instance at 0x7fe9e4aae870>,19,25,[6 2],20,-1,45,-1,20
1,<environment.Job instance at 0x7fe9e40f2d20>,20,22,[9 5],21,-1,43,-1,21
1,<environment.Job instance at 0x7fe9e40f2690>,21,24,[2 5],22,-1,46,-1,22
1,<environment.Job instance at 0x7fe9e40f2370>,29,25,[ 4 14],30,-1,55,-1,30
1,<environment.Job instance at 0x7fe9e39ef410>,3,17,[ 2 11],4,-1,21,-1,4
1,<environment.Job instance at 0x7fe9ed1363c0>,4,1,[13  5],5,-1,6,-1,5
1,<environment.Job instance at 0x7fe9e3df9c80>,5,1,[12  1],6,-1,7,-1,6
1,<environment.Job instance at 0x7fe9e3e08820>,7,3,[ 3 12],8,-1,11,-1,8
1,<environment.Job instance at 0x7fe9e44317d0>,12,17,[13  5],13,-1,35,-1,18
1,<environment.Job instance at 0x7fe9e35fe0f0>,16,26,[9 2],17,-1,47,-1,21
1,<environment.Job instance at 0x7fe9e46c10a0>,17,24,[9 2],18,-1,45,-1,21
1,<environment.Job instance at 0x7fe9e3b24550>,19,25,[6 2],20,-1,46,-1,21
1,<environment.Job instance at 0x7fe9e45fc910>,21,24,[2 5],22,-1,46,-1,22
1,<environment.Job instance at 0x7fe9e3b2f460>,23,21,[ 5 13],24,-1,45,-1,24
1,<environment.Job instance at 0x7fe9e3f340f0>,24,12,[ 1 12],25,-1,37,-1,25
1,<environment.Job instance at 0x7fe9e46239b0>,25,22,[12  4],26,-1,48,-1,26
1,<environment.Job instance at 0x7fe9e3f341e0>,26,27,[ 1 13],27,-1,54,-1,27
1,<environment.Job instance at 0x7fe9e3f34320>,27,18,[ 2 12],28,-1,46,-1,28
1,<environment.Job instance at 0x7fe9e3f44690>,29,25,[ 4 14],30,-1,55,-1,30
1,<environment.Job instance at 0x7fe9e4b623c0>,30,19,[ 3 14],31,-1,50,-1,31
1,<environment.Job instance at 0x7fe9e498d140>,32,17,[ 2 11],33,-1,50,-1,33
1,<environment.Job instance at 0x7fe9e3fbec80>,38,23,[5 6],39,-1,74,-1,51
1,<environment.Job instance at 0x7fe9e3fbe780>,43,2,[ 4 11],44,-1,69,-1,67
1,<environment.Job instance at 0x7fe9e3fbe6e0>,45,12,[ 1 14],46,-1,81,-1,69
1,<environment.Job instance at 0x7fe9e3fbeb40>,47,28,[ 1 14],48,-1,110,-1,82
1,<environment.Job instance at 0x7fe9e3fbe870>,48,23,[5 6],49,-1,106,-1,83
1,<environment.Job instance at 0x7fe9e3fbe460>,49,24,[ 4 14],50,-1,107,-1,83
1,<environment.Job instance at 0x7fe9e4217aa0>,50,12,[ 4 14],51,-1,95,-1,83
1,<environment.Job instance at 0x7fe9e4217e10>,51,23,[11  2],52,-1,106,-1,83
1,<environment.Job instance at 0x7fe9e4217eb0>,53,14,[12  1],54,-1,97,-1,83
1,<environment.Job instance at 0x7fe9e42178c0>,54,27,[ 5 10],55,-1,125,-1,98
1,<environment.Job instance at 0x7fe9e4217dc0>,55,28,[13  4],56,-1,126,-1,98
1,<environment.Job instance at 0x7fe9e42170f0>,56,24,[5 2],57,-1,122,-1,98
1,<environment.Job instance at 0x7fe9e377e2d0>,57,18,[ 4 12],58,-1,116,-1,98
1,<environment.Job instance at 0x7fe9e377e780>,58,25,[11  1],59,-1,123,-1,98
1,<environment.Job instance at 0x7fe9e377e7d0>,59,20,[11  4],60,-1,118,-1,98
1,<environment.Job instance at 0x7fe9e377e4b0>,60,28,[6 5],61,-1,126,-1,98
1,<environment.Job instance at 0x7fe9e377ecd0>,61,26,[2 6],62,-1,124,-1,98
1,<environment.Job instance at 0x7fe9e377ee10>,65,23,[2 8],66,-1,135,-1,112
1,<environment.Job instance at 0x7fe9e377ebe0>,66,25,[ 4 13],67,-1,137,-1,112
1,<environment.Job instance at 0x7fe9e3906960>,67,28,[1 6],68,-1,140,-1,112
1,<environment.Job instance at 0x7fe9e3906820>,69,22,[ 3 13],70,-1,134,-1,112
1,<environment.Job instance at 0x7fe9e3906460>,70,15,[13  3],71,-1,127,-1,112
1,<environment.Job instance at 0x7fe9e3906f00>,71,1,[ 1 13],72,-1,113,-1,112
1,<environment.Job instance at 0x7fe9e3906e10>,72,13,[12  5],73,-1,125,-1,112
1,<environment.Job instance at 0x7fe9e3906320>,75,26,[12  4],76,-1,138,-1,112
1,<environment.Job instance at 0x7fe9e3906af0>,76,19,[ 5 12],77,-1,131,-1,112
1,<environment.Job instance at 0x7fe9e3c0b230>,79,27,[10  2],80,-1,144,-1,117
1,<environment.Job instance at 0x7fe9e3c0b460>,80,26,[ 3 13],81,-1,143,-1,117
1,<environment.Job instance at 0x7fe9e3c0bd70>,81,28,[9 5],82,-1,148,-1,120
1,<environment.Job instance at 0x7fe9e3c0b6e0>,82,24,[8 5],83,-1,144,-1,120
1,<environment.Job instance at 0x7fe9e3f14910>,0,17,[8 5],1,-1,18,-1,1
1,<environment.Job instance at 0x7fe9e390f9b0>,1,27,[8 1],2,-1,29,-1,2
1,<environment.Job instance at 0x7fe9e40970f0>,2,27,[7 2],3,-1,30,-1,3
1,<environment.Job instance at 0x7fe9e40978c0>,3,15,[10  5],4,-1,20,-1,5
1,<environment.Job instance at 0x7fe9ed136af0>,4,23,[10  3],5,-1,28,-1,5
1,<environment.Job instance at 0x7fe9e385c280>,7,22,[9 4],8,-1,31,-1,9
1,<environment.Job instance at 0x7fe9e495cf00>,9,27,[4 6],10,-1,37,-1,10
1,<environment.Job instance at 0x7fe9e4aff5f0>,11,17,[2 8],12,-1,30,-1,13
1,<environment.Job instance at 0x7fe9e4aff960>,13,24,[9 1],14,-1,38,-1,14
1,<environment.Job instance at 0x7fe9e4aff820>,14,1,[6 3],15,-1,16,-1,15
1,<environment.Job instance at 0x7fe9e495c5a0>,12,18,[5 5],13,-1,33,-1,15
1,<environment.Job instance at 0x7fe9e4affa50>,15,18,[8 2],16,-1,35,-1,17
1,<environment.Job instance at 0x7fe9e3ef4410>,17,15,[4 8],18,-1,33,-1,18
1,<environment.Job instance at 0x7fe9e3851e60>,16,16,[ 1 10],17,-1,34,-1,18
1,<environment.Job instance at 0x7fe9e49ee2d0>,22,28,[6 5],23,-1,51,-1,23
1,<environment.Job instance at 0x7fe9e493d050>,24,18,[8 4],25,-1,43,-1,25
1,<environment.Job instance at 0x7fe9e3fd1a00>,25,25,[5 3],26,-1,51,-1,26
1,<environment.Job instance at 0x7fe9e3fd1d70>,27,17,[7 4],28,-1,45,-1,28
1,<environment.Job instance at 0x7fe9e4b66690>,35,23,[5 2],36,-1,60,-1,37
1,<environment.Job instance at 0x7fe9e4b30960>,37,28,[10  4],38,-1,66,-1,38
1,<environment.Job instance at 0x7fe9e4b30a00>,39,22,[10  5],40,-1,62,-1,40
1,<environment.Job instance at 0x7fe9e4b30a50>,40,15,[11  1],41,-1,56,-1,41
1,<environment.Job instance at 0x7fe9e35b8780>,41,19,[ 1 12],42,-1,61,-1,42
1,<environment.Job instance at 0x7fe9e35b80a0>,42,17,[7 4],43,-1,60,-1,43
1,<environment.Job instance at 0x7fe9e35b8640>,43,13,[ 2 11],44,-1,57,-1,44
1,<environment.Job instance at 0x7fe9e35d4e10>,44,20,[ 3 12],45,-1,65,-1,45
1,<environment.Job instance at 0x7fe9e4b68f50>,46,20,[7 4],47,-1,67,-1,47
1,<environment.Job instance at 0x7fe9e4b686e0>,47,20,[1 9],48,-1,68,-1,48
1,<environment.Job instance at 0x7fe9e35eff00>,36,17,[ 5 14],37,-1,65,-1,48
1,<environment.Job instance at 0x7fe9e4b33a00>,54,14,[5 6],55,-1,70,-1,56
1,<environment.Job instance at 0x7fe9e4b33b90>,56,24,[10  5],57,-1,81,-1,57
1,<environment.Job instance at 0x7fe9e4b338c0>,58,16,[3 6],59,-1,77,-1,61
1,<environment.Job instance at 0x7fe9e4b33cd0>,55,19,[13  5],56,-1,81,-1,62
1,<environment.Job instance at 0x7fe9ed745320>,2,27,[7 2],3,-1,30,-1,3
1,<environment.Job instance at 0x7fe9e37f5f00>,9,27,[4 6],10,-1,39,-1,12
1,<environment.Job instance at 0x7fe9e37f5f50>,1,27,[8 1],2,-1,45,-1,18
1,<environment.Job instance at 0x7fe9e39f00a0>,13,24,[9 1],14,-1,42,-1,18
1,<environment.Job instance at 0x7fe9e37f5910>,4,23,[10  3],5,-1,41,-1,18
1,<environment.Job instance at 0x7fe9e4ac0460>,22,28,[6 5],23,-1,74,-1,46
1,<environment.Job instance at 0x7fe9e4ac0960>,25,25,[5 3],26,-1,76,-1,51
1,<environment.Job instance at 0x7fe9e3c0b410>,30,13,[11  2],31,-1,68,-1,55
1,<environment.Job instance at 0x7fe9e3c0b6e0>,35,23,[5 2],36,-1,98,-1,75
1,<environment.Job instance at 0x7fe9e3c0b0a0>,36,17,[ 5 14],37,-1,92,-1,75
1,<environment.Job instance at 0x7fe9e3c0b640>,37,28,[10  4],38,-1,103,-1,75
1,<environment.Job instance at 0x7fe9e3c0bc30>,40,15,[11  1],41,-1,92,-1,77
1,<environment.Job instance at 0x7fe9e3906280>,41,19,[ 1 12],42,-1,96,-1,77
1,<environment.Job instance at 0x7fe9e3906dc0>,43,13,[ 2 11],44,-1,90,-1,77
1,<environment.Job instance at 0x7fe9e3906500>,44,20,[ 3 12],45,-1,97,-1,77
1,<environment.Job instance at 0x7fe9e3906960>,48,27,[ 5 10],49,-1,120,-1,93
1,<environment.Job instance at 0x7fe9e3906be0>,50,18,[12  3],51,-1,111,-1,93
1,<environment.Job instance at 0x7fe9e377efa0>,53,12,[14  1],54,-1,105,-1,93
1,<environment.Job instance at 0x7fe9e377e640>,55,19,[13  5],56,-1,112,-1,93
1,<environment.Job instance at 0x7fe9e377e2d0>,57,22,[12  2],58,-1,115,-1,93
1,<environment.Job instance at 0x7fe9e377e730>,59,15,[13  2],60,-1,122,-1,107
1,<environment.Job instance at 0x7fe9e4217dc0>,60,26,[9 4],61,-1,135,-1,109
1,<environment.Job instance at 0x7fe9e377e370>,56,24,[10  5],57,-1,133,-1,109
1,<environment.Job instance at 0x7fe9e4217eb0>,62,26,[12  1],63,-1,135,-1,109
1,<environment.Job instance at 0x7f786d204a50>,2,22,[4 8],3,-1,26,-1,4
1,<environment.Job instance at 0x7f786d204c80>,4,14,[1 6],5,-1,20,-1,6
1,<environment.Job instance at 0x7f786d204b90>,5,24,[1 5],6,-1,30,-1,6
1,<environment.Job instance at 0x7f786d209050>,10,18,[ 3 11],11,-1,36,-1,18
1,<environment.Job instance at 0x7f786d209640>,17,28,[ 5 10],18,-1,48,-1,20
1,<environment.Job instance at 0x7f786d209aa0>,25,27,[8 1],26,-1,53,-1,26
1,<environment.Job instance at 0x7f786d209d20>,26,26,[5 5],27,-1,53,-1,27
1,<environment.Job instance at 0x7f786d209d70>,27,18,[1 8],28,-1,46,-1,28
1,<environment.Job instance at 0x7f786d209f00>,28,25,[5 7],29,-1,59,-1,34
1,<environment.Job instance at 0x7f786d2098c0>,0,28,[9 3],1,-1,29,-1,1
1,<environment.Job instance at 0x7f786d20b3c0>,1,22,[11  3],2,-1,24,-1,2
1,<environment.Job instance at 0x7f786d3123c0>,3,3,[ 4 14],4,-1,7,-1,4
1,<environment.Job instance at 0x7f786d204a00>,8,22,[14  3],9,-1,31,-1,9
1,<environment.Job instance at 0x7f786d1fcc30>,9,18,[ 2 13],10,-1,28,-1,10
1,<environment.Job instance at 0x7f786d1fc7d0>,10,18,[ 3 11],11,-1,29,-1,11
1,<environment.Job instance at 0x7f786d1fc190>,13,28,[ 4 14],14,-1,42,-1,14
1,<environment.Job instance at 0x7f786d204be0>,5,24,[1 5],6,-1,43,-1,19
1,<environment.Job instance at 0x7f786d1fc8c0>,7,25,[6 2],8,-1,50,-1,25
1,<environment.Job instance at 0x7f786d1fc960>,17,28,[ 5 10],18,-1,54,-1,26
1,<environment.Job instance at 0x7f786d1fc910>,18,3,[ 4 13],19,-1,29,-1,26
1,<environment.Job instance at 0x7f786d32f2d0>,19,14,[ 3 11],20,-1,40,-1,26
1,<environment.Job instance at 0x7f786d32f8c0>,20,1,[13  5],21,-1,27,-1,26
1,<environment.Job instance at 0x7f786d329410>,23,27,[ 1 14],24,-1,53,-1,26
1,<environment.Job instance at 0x7f786d329a50>,25,27,[8 1],26,-1,67,-1,40
1,<environment.Job instance at 0x7f786d2f6a50>,26,26,[5 5],27,-1,69,-1,43
1,<environment.Job instance at 0x7f786d324730>,29,25,[ 4 11],30,-1,68,-1,43
1,<environment.Job instance at 0x7f786d324eb0>,30,22,[ 5 13],31,-1,65,-1,43
1,<environment.Job instance at 0x7f786d3289b0>,28,25,[5 7],29,-1,68,-1,43
1,<environment.Job instance at 0x7f786d31e500>,33,1,[11  3],34,-1,44,-1,43
1,<environment.Job instance at 0x7f786d3242d0>,31,27,[4 8],32,-1,72,-1,45
1,<environment.Job instance at 0x7f786d2a97d0>,37,13,[ 3 14],38,-1,58,-1,45
1,<environment.Job instance at 0x7f786d2a9f50>,38,28,[ 2 12],39,-1,73,-1,45
1,<environment.Job instance at 0x7f786d2c6690>,40,24,[5 6],41,-1,71,-1,47
1,<environment.Job instance at 0x7f786d2c65f0>,42,27,[5 2],43,-1,74,-1,47
1,<environment.Job instance at 0x7f786d2c6870>,45,24,[ 1 13],46,-1,80,-1,56
1,<environment.Job instance at 0x7f786d2c6050>,47,17,[12  2],48,-1,80,-1,63
1,<environment.Job instance at 0x7f786d3b17d0>,50,16,[ 2 11],51,-1,87,-1,71
1,<environment.Job instance at 0x7f786d3b12d0>,51,16,[12  2],52,-1,87,-1,71
1,<environment.Job instance at 0x7f786d35a8c0>,53,27,[8 5],54,-1,103,-1,76
1,<environment.Job instance at 0x7f786d3ae140>,55,13,[13  1],56,-1,89,-1,76
1,<environment.Job instance at 0x7f786d3ac370>,61,23,[1 5],62,-1,146,-1,123
1,<environment.Job instance at 0x7f786d3200a0>,66,13,[ 2 14],67,-1,152,-1,139
1,<environment.Job instance at 0x7f786c9516e0>,2,22,[4 8],3,-1,25,-1,3
1,<environment.Job instance at 0x7f786ca2cc80>,0,16,[ 2 14],1,-1,17,-1,1
1,<environment.Job instance at 0x7f786ca2f6e0>,3,25,[6 1],4,-1,29,-1,4
1,<environment.Job instance at 0x7f786ca2fd20>,4,20,[ 1 14],5,-1,25,-1,5
1,<environment.Job instance at 0x7f786ca2faf0>,6,17,[14  2],7,-1,24,-1,7
1,<environment.Job instance at 0x7f786ca2fc80>,8,1,[11  2],9,-1,10,-1,9
1,<environment.Job instance at 0x7f786c9b3f50>,9,23,[ 1 14],10,-1,33,-1,10
1,<environment.Job instance at 0x7f786c9bb640>,12,14,[13  4],13,-1,27,-1,13
1,<environment.Job instance at 0x7f786c9bb4b0>,14,22,[12  4],15,-1,37,-1,15
1,<environment.Job instance at 0x7f786c9bf500>,15,23,[1 7],16,-1,41,-1,18
1,<environment.Job instance at 0x7f786c9bf460>,17,1,[ 2 14],18,-1,19,-1,18
1,<environment.Job instance at 0x7f786c9c3f50>,20,25,[9 3],21,-1,50,-1,25
1,<environment.Job instance at 0x7f786c9c7050>,24,14,[13  3],25,-1,40,-1,26
1,<environment.Job instance at 0x7f786c9ca730>,26,3,[ 2 12],27,-1,41,-1,38
1,<environment.Job instance at 0x7f786c9d1690>,28,1,[13  2],29,-1,40,-1,39
1,<environment.Job instance at 0x7f786c9d17d0>,29,14,[11  3],30,-1,53,-1,39
1,<environment.Job instance at 0x7f786c9cd370>,36,24,[11  5],37,-1,80,-1,56
1,<environment.Job instance at 0x7f786c9cdeb0>,38,25,[14  4],39,-1,81,-1,56
1,<environment.Job instance at 0x7f786c9cde10>,40,26,[10  5],41,-1,99,-1,73
1,<environment.Job instance at 0x7f786c9d5910>,43,2,[13  3],44,-1,75,-1,73
1,<environment.Job instance at 0x7f786c9d5550>,44,21,[ 4 12],45,-1,94,-1,73
1,<environment.Job instance at 0x7f786c9db410>,47,27,[2 9],48,-1,113,-1,86
1,<environment.Job instance at 0x7f786cb68be0>,51,17,[12  2],52,-1,110,-1,93
1,<environment.Job instance at 0x7f786cab3c30>,52,28,[2 8],53,-1,134,-1,106
1,<environment.Job instance at 0x7f786ca19d20>,62,24,[7 5],63,-1,155,-1,131
1,<environment.Job instance at 0x7f786ca19410>,64,28,[2 7],65,-1,164,-1,136
1,<environment.Job instance at 0x7f786c806690>,6,25,[5 2],7,-1,32,-1,7
1,<environment.Job instance at 0x7f786c8068c0>,8,28,[5 3],9,-1,37,-1,9
1,<environment.Job instance at 0x7f786c830af0>,5,20,[10  2],6,-1,31,-1,11
1,<environment.Job instance at 0x7f786c806e10>,11,18,[8 2],12,-1,31,-1,13
1,<environment.Job instance at 0x7f786c806dc0>,12,25,[9 5],13,-1,38,-1,13
1,<environment.Job instance at 0x7f786c806f00>,13,24,[7 4],14,-1,39,-1,15
1,<environment.Job instance at 0x7f786c809fa0>,18,16,[11  4],19,-1,35,-1,19
1,<environment.Job instance at 0x7f786c809640>,19,15,[8 2],20,-1,35,-1,20
1,<environment.Job instance at 0x7f786c8092d0>,20,25,[4 5],21,-1,46,-1,21
1,<environment.Job instance at 0x7f786c809d70>,21,25,[6 3],22,-1,47,-1,22
1,<environment.Job instance at 0x7f786c809aa0>,23,17,[9 4],24,-1,41,-1,24
1,<environment.Job instance at 0x7f786c806b40>,0,14,[14  5],1,-1,15,-1,1
1,<environment.Job instance at 0x7f786c809b90>,1,13,[ 5 13],2,-1,15,-1,2
1,<environment.Job instance at 0x7f786c830190>,4,18,[11  3],5,-1,23,-1,5
1,<environment.Job instance at 0x7f786c809cd0>,6,25,[5 2],7,-1,32,-1,7
1,<environment.Job instance at 0x7f786c7f5b90>,8,28,[5 3],9,-1,38,-1,10
1,<environment.Job instance at 0x7f786c7f5140>,10,2,[ 1 11],11,-1,13,-1,11
1,<environment.Job instance at 0x7f786c7f5c30>,12,25,[9 5],13,-1,43,-1,18
1,<environment.Job instance at 0x7f786c7f5960>,13,24,[7 4],14,-1,42,-1,18
1,<environment.Job instance at 0x7f786c7f58c0>,18,16,[11  4],19,-1,35,-1,19
1,<environment.Job instance at 0x7f786c871280>,21,25,[6 3],22,-1,53,-1,28
1,<environment.Job instance at 0x7f786c871460>,22,2,[11  1],23,-1,30,-1,28
1,<environment.Job instance at 0x7f786c871d70>,20,25,[4 5],21,-1,58,-1,33
1,<environment.Job instance at 0x7f786c871140>,24,13,[12  4],25,-1,46,-1,33
1,<environment.Job instance at 0x7f786c871500>,26,13,[ 1 13],27,-1,46,-1,33
1,<environment.Job instance at 0x7f786c8715f0>,27,26,[ 1 13],28,-1,59,-1,33
1,<environment.Job instance at 0x7f786c871320>,29,16,[11  1],30,-1,51,-1,35
1,<environment.Job instance at 0x7f786c871e10>,30,14,[14  2],31,-1,49,-1,35
1,<environment.Job instance at 0x7f786c871550>,34,25,[2 8],35,-1,61,-1,36
1,<environment.Job instance at 0x7f786c86e910>,36,2,[ 5 13],37,-1,39,-1,37
1,<environment.Job instance at 0x7f786c86e690>,37,24,[2 7],38,-1,62,-1,38
1,<environment.Job instance at 0x7f786c86e960>,38,16,[11  2],39,-1,55,-1,39
1,<environment.Job instance at 0x7f786c86e6e0>,39,22,[ 2 12],40,-1,62,-1,40
1,<environment.Job instance at 0x7f786c86ec30>,43,18,[12  1],44,-1,70,-1,52
1,<environment.Job instance at 0x7f786c85f500>,46,25,[8 5],47,-1,91,-1,66
1,<environment.Job instance at 0x7f786c85f5f0>,49,18,[ 2 14],50,-1,85,-1,67
1,<environment.Job instance at 0x7f786c85f0f0>,50,24,[9 1],51,-1,107,-1,83
1,<environment.Job instance at 0x7f786c85f690>,51,25,[7 1],52,-1,108,-1,83
1,<environment.Job instance at 0x7f786c85f820>,52,24,[12  5],53,-1,107,-1,83
1,<environment.Job instance at 0x7f786c85fe10>,53,23,[10  2],54,-1,106,-1,83
1,<environment.Job instance at 0x7f786c83fb90>,54,15,[ 1 11],55,-1,98,-1,83
1,<environment.Job instance at 0x7f786c83faa0>,55,16,[ 5 12],56,-1,99,-1,83
1,<environment.Job instance at 0x7f786c83f230>,56,27,[ 4 14],57,-1,110,-1,83
1,<environment.Job instance at 0x7f786c83f320>,57,23,[2 9],58,-1,106,-1,83
1,<environment.Job instance at 0x7f786c83f550>,59,15,[13  1],60,-1,98,-1,83
1,<environment.Job instance at 0x7f786c83f780>,64,12,[ 4 12],65,-1,109,-1,97
1,<environment.Job instance at 0x7f786c917d70>,66,22,[ 4 13],67,-1,121,-1,99
1,<environment.Job instance at 0x7f786c917730>,67,16,[14  5],68,-1,115,-1,99
1,<environment.Job instance at 0x7f786c917c30>,65,26,[10  2],66,-1,129,-1,103
1,<environment.Job instance at 0x7f786c917320>,71,2,[13  1],72,-1,105,-1,103
1,<environment.Job instance at 0x7f786c917f00>,72,27,[1 9],73,-1,144,-1,117
1,<environment.Job instance at 0x7f786c917e10>,76,27,[9 5],77,-1,148,-1,121
1,<environment.Job instance at 0x7f786d7513c0>,10,16,[3 8],11,-1,28,-1,12
1,<environment.Job instance at 0x7f786d751140>,13,15,[5 8],14,-1,29,-1,14
1,<environment.Job instance at 0x7f786d751960>,14,24,[ 3 10],15,-1,39,-1,15
1,<environment.Job instance at 0x7f786d751640>,11,23,[ 3 13],12,-1,38,-1,15
1,<environment.Job instance at 0x7f786d69ce10>,18,18,[4 7],19,-1,37,-1,19
1,<environment.Job instance at 0x7f786d69c4b0>,21,27,[7 4],22,-1,58,-1,31
1,<environment.Job instance at 0x7f786d363c30>,31,18,[ 4 13],32,-1,85,-1,67
1,<environment.Job instance at 0x7f786c959a00>,0,25,[14  4],1,-1,26,-1,1
1,<environment.Job instance at 0x7f786c959870>,6,24,[14  2],7,-1,31,-1,7
1,<environment.Job instance at 0x7f786c959d70>,7,3,[ 5 11],8,-1,11,-1,8
1,<environment.Job instance at 0x7f786c959fa0>,8,2,[ 2 12],9,-1,11,-1,9
1,<environment.Job instance at 0x7f786c959910>,9,23,[ 4 11],10,-1,33,-1,10
1,<environment.Job instance at 0x7f786c959eb0>,11,23,[ 3 13],12,-1,35,-1,12
1,<environment.Job instance at 0x7f786c9170a0>,19,14,[ 1 14],20,-1,38,-1,24
1,<environment.Job instance at 0x7f786c917eb0>,20,25,[5 8],21,-1,52,-1,27
1,<environment.Job instance at 0x7f786c917be0>,21,27,[7 4],22,-1,54,-1,27
1,<environment.Job instance at 0x7f786c959e60>,14,24,[ 3 10],15,-1,62,-1,38
1,<environment.Job instance at 0x7f786c917320>,26,16,[12  4],27,-1,54,-1,38
1,<environment.Job instance at 0x7f786c917d70>,31,18,[ 4 13],32,-1,63,-1,45
1,<environment.Job instance at 0x7f786c917460>,32,23,[11  2],33,-1,68,-1,45
1,<environment.Job instance at 0x7f786c85f820>,33,1,[11  5],34,-1,46,-1,45
1,<environment.Job instance at 0x7f786c85f690>,35,19,[14  4],36,-1,71,-1,52
1,<environment.Job instance at 0x7f786c85f6e0>,37,14,[ 5 11],38,-1,72,-1,58
1,<environment.Job instance at 0x7f786c85f4b0>,40,18,[14  2],41,-1,85,-1,67
1,<environment.Job instance at 0x7f786c871230>,41,16,[ 5 11],42,-1,83,-1,67
1,<environment.Job instance at 0x7f786c871140>,45,28,[2 8],46,-1,100,-1,72
1,<environment.Job instance at 0x7f786c871640>,46,3,[ 5 14],47,-1,75,-1,72
1,<environment.Job instance at 0x7f786c871e60>,44,25,[3 8],45,-1,97,-1,72
1,<environment.Job instance at 0x7f786c8713c0>,48,15,[13  3],49,-1,87,-1,72
1,<environment.Job instance at 0x7f786c871370>,47,27,[9 3],48,-1,110,-1,83
1,<environment.Job instance at 0x7f786c8712d0>,50,12,[ 3 12],51,-1,95,-1,83
1,<environment.Job instance at 0x7f786c8714b0>,51,1,[ 3 11],52,-1,84,-1,83
1,<environment.Job instance at 0x7f786c7f55a0>,55,12,[ 2 12],56,-1,95,-1,83
1,<environment.Job instance at 0x7f786c7f5460>,56,27,[ 1 13],57,-1,110,-1,83
1,<environment.Job instance at 0x7f786c7f5140>,60,2,[13  5],61,-1,88,-1,86
1,<environment.Job instance at 0x7f786c7f5050>,63,24,[11  3],64,-1,123,-1,99
1,<environment.Job instance at 0x7f786c7f5910>,64,18,[13  3],65,-1,117,-1,99
1,<environment.Job instance at 0x7f786c7f52d0>,67,23,[10  3],68,-1,158,-1,135
1,<environment.Job instance at 0x7f786d7ca730>,0,17,[1 9],1,-1,18,-1,1
1,<environment.Job instance at 0x7f786d7cae60>,1,20,[2 9],2,-1,23,-1,3
1,<environment.Job instance at 0x7f786cbe9960>,6,18,[1 7],7,-1,25,-1,7
1,<environment.Job instance at 0x7f786cbe9a50>,7,12,[ 5 12],8,-1,20,-1,8
1,<environment.Job instance at 0x7f786d2852d0>,2,17,[ 2 13],3,-1,20,-1,3
1,<environment.Job instance at 0x7f786d285fa0>,3,27,[12  4],4,-1,31,-1,4
1,<environment.Job instance at 0x7f786d2c2a50>,7,12,[ 5 12],8,-1,20,-1,8
1,<environment.Job instance at 0x7f786d2c2b90>,8,14,[14  1],9,-1,23,-1,9
1,<environment.Job instance at 0x7f786d2c27d0>,10,14,[12  4],11,-1,25,-1,11
1,<environment.Job instance at 0x7f786d28adc0>,11,18,[11  5],12,-1,30,-1,12
1,<environment.Job instance at 0x7f786d8bf320>,13,12,[14  4],14,-1,30,-1,18
1,<environment.Job instance at 0x7f786de08be0>,15,25,[8 1],16,-1,45,-1,20
1,<environment.Job instance at 0x7f786d2d3500>,17,21,[ 5 14],18,-1,41,-1,20
1,<environment.Job instance at 0x7f786d5085f0>,25,28,[ 1 13],26,-1,75,-1,47
1,<environment.Job instance at 0x7f786d4f15a0>,22,27,[9 3],23,-1,86,-1,59
1,<environment.Job instance at 0x7f786d2431e0>,28,2,[ 4 11],29,-1,61,-1,59
1,<environment.Job instance at 0x7f786d458b90>,29,26,[9 4],30,-1,85,-1,59
1,<environment.Job instance at 0x7f786cd268c0>,30,28,[2 7],31,-1,87,-1,59
1,<environment.Job instance at 0x7f786dc5cc80>,32,22,[ 5 14],33,-1,81,-1,59
1,<environment.Job instance at 0x7f786dc5cb40>,33,20,[14  1],34,-1,79,-1,59
1,<environment.Job instance at 0x7f786dca2be0>,20,28,[2 8],21,-1,92,-1,64
1,<environment.Job instance at 0x7f786cc1bd70>,44,26,[1 5],45,-1,105,-1,79
1,<environment.Job instance at 0x7f786cc1b0f0>,45,22,[11  4],46,-1,101,-1,79
1,<environment.Job instance at 0x7f786d614050>,46,21,[11  3],47,-1,100,-1,79
1,<environment.Job instance at 0x7f786d6ac500>,48,19,[14  3],49,-1,98,-1,79
1,<environment.Job instance at 0x7f786d2cb870>,47,23,[ 4 10],48,-1,118,-1,95
1,<environment.Job instance at 0x7f786d2cbfa0>,50,15,[11  4],51,-1,110,-1,95
1,<environment.Job instance at 0x7f786d320550>,51,17,[11  1],52,-1,112,-1,95
1,<environment.Job instance at 0x7f786d69c410>,52,2,[ 1 14],53,-1,97,-1,95
1,<environment.Job instance at 0x7f786d69c5f0>,53,12,[13  2],54,-1,107,-1,95
1,<environment.Job instance at 0x7f786c7f5320>,55,15,[ 2 11],56,-1,110,-1,95
1,<environment.Job instance at 0x7f786c7f5c30>,56,23,[7 4],57,-1,118,-1,95
1,<environment.Job instance at 0x7f786c7f5a50>,65,25,[12  3],66,-1,149,-1,124
1,<environment.Job instance at 0x7f786cca8f50>,0,20,[5 6],1,-1,21,-1,1
1,<environment.Job instance at 0x7f786cca8320>,13,15,[ 1 10],14,-1,35,-1,20
1,<environment.Job instance at 0x7f786d08b0a0>,17,26,[8 4],18,-1,46,-1,20
1,<environment.Job instance at 0x7f786d08be60>,18,16,[ 3 13],19,-1,75,-1,59
1,<environment.Job instance at 0x7f786d08beb0>,22,28,[2 6],23,-1,98,-1,70
1,<environment.Job instance at 0x7f786cca8be0>,11,24,[ 2 13],12,-1,95,-1,71
1,<environment.Job instance at 0x7f786d08bf00>,21,28,[ 5 12],22,-1,103,-1,75
1,<environment.Job instance at 0x7f786d08b320>,28,16,[ 5 10],29,-1,91,-1,75
1,<environment.Job instance at 0x7f786cca85f0>,12,18,[13  3],13,-1,93,-1,75
1,<environment.Job instance at 0x7f786d08b4b0>,27,14,[13  5],28,-1,90,-1,76
1,<environment.Job instance at 0x7f786dd56320>,39,16,[2 9],40,-1,95,-1,79
1,<environment.Job instance at 0x7f786dd56460>,36,22,[5 5],37,-1,118,-1,96
1,<environment.Job instance at 0x7f786dd569b0>,40,18,[7 5],41,-1,118,-1,100
1,<environment.Job instance at 0x7f786dd56690>,44,18,[ 1 10],45,-1,120,-1,102
1,<environment.Job instance at 0x7f786dd565f0>,48,18,[10  5],49,-1,139,-1,121
1,<environment.Job instance at 0x7f786cc45640>,53,25,[5 6],54,-1,149,-1,124
1,<environment.Job instance at 0x7f786d002c80>,1,1,[ 5 13],2,-1,3,-1,2
1,<environment.Job instance at 0x7f786d002b40>,2,25,[13  4],3,-1,28,-1,3
1,<environment.Job instance at 0x7f786d002b90>,3,3,[14  1],4,-1,7,-1,4
1,<environment.Job instance at 0x7f786cbe9aa0>,5,26,[13  4],6,-1,32,-1,6
1,<environment.Job instance at 0x7f786d299550>,7,21,[ 2 13],8,-1,29,-1,8
1,<environment.Job instance at 0x7f786cbbeaf0>,8,16,[ 3 14],9,-1,25,-1,9
1,<environment.Job instance at 0x7f786d0027d0>,9,16,[ 1 11],10,-1,26,-1,10
1,<environment.Job instance at 0x7f786cbbe190>,11,24,[ 2 13],12,-1,36,-1,12
1,<environment.Job instance at 0x7f786cc1b870>,12,18,[13  3],13,-1,31,-1,13
1,<environment.Job instance at 0x7f786cc1b910>,15,16,[ 1 12],16,-1,32,-1,16
1,<environment.Job instance at 0x7f786d616190>,17,26,[8 4],18,-1,45,-1,19
1,<environment.Job instance at 0x7f786d616870>,18,16,[ 3 13],19,-1,35,-1,19
1,<environment.Job instance at 0x7f786d73daa0>,21,28,[ 5 12],22,-1,50,-1,22
1,<environment.Job instance at 0x7f786d729780>,22,28,[2 6],23,-1,60,-1,32
1,<environment.Job instance at 0x7f786d092af0>,24,28,[ 1 11],25,-1,60,-1,32
1,<environment.Job instance at 0x7f786cc7e370>,26,23,[11  3],27,-1,55,-1,32
1,<environment.Job instance at 0x7f786d3886e0>,27,14,[13  5],28,-1,46,-1,32
1,<environment.Job instance at 0x7f786d376460>,31,13,[12  5],32,-1,49,-1,36
1,<environment.Job instance at 0x7f786d350b40>,33,16,[11  4],34,-1,66,-1,50
1,<environment.Job instance at 0x7f786d389e10>,34,3,[ 5 14],35,-1,53,-1,50
1,<environment.Job instance at 0x7f786d389af0>,35,27,[6 1],36,-1,78,-1,51
1,<environment.Job instance at 0x7f786cca8960>,38,3,[13  4],39,-1,67,-1,64
1,<environment.Job instance at 0x7f786d1b3d70>,41,27,[5 1],42,-1,92,-1,65
1,<environment.Job instance at 0x7f78765d90a0>,46,12,[14  1],47,-1,110,-1,98
1,<environment.Job instance at 0x7f786dbe0d20>,47,18,[ 3 13],48,-1,116,-1,98
1,<environment.Job instance at 0x7f786cab9460>,50,22,[ 1 12],51,-1,133,-1,111
1,<environment.Job instance at 0x7f787674e690>,52,3,[ 4 11],53,-1,120,-1,117
1,<environment.Job instance at 0x7f786d162e10>,54,26,[ 3 12],55,-1,146,-1,120
1,<environment.Job instance at 0x7f786d0f5050>,55,2,[ 4 13],56,-1,122,-1,120
1,<environment.Job instance at 0x7f786d99fd70>,53,25,[5 6],54,-1,152,-1,127
1,<environment.Job instance at 0x7f7876386500>,57,27,[5 7],58,-1,154,-1,127
1,<environment.Job instance at 0x7f786d10c730>,58,20,[ 4 14],59,-1,147,-1,127
1,<environment.Job instance at 0x7f786d168c30>,61,23,[11  4],62,-1,158,-1,135
1,<environment.Job instance at 0x7f786d8b39b0>,2,26,[5 8],3,-1,29,-1,3
1,<environment.Job instance at 0x7f786d3638c0>,4,23,[1 5],5,-1,28,-1,5
1,<environment.Job instance at 0x7f786d37c960>,16,12,[5 4],17,-1,30,-1,18
1,<environment.Job instance at 0x7f786d37cfa0>,18,16,[ 4 10],19,-1,35,-1,19
1,<environment.Job instance at 0x7f786d37c0f0>,23,2,[11  1],24,-1,35,-1,33
1,<environment.Job instance at 0x7f786d37c820>,19,18,[ 5 14],20,-1,55,-1,37
1,<environment.Job instance at 0x7f786d37c4b0>,25,12,[9 4],26,-1,49,-1,37
1,<environment.Job instance at 0x7f786cdfa7d0>,26,26,[7 4],27,-1,63,-1,37
1,<environment.Job instance at 0x7f786d34fe60>,24,21,[6 5],25,-1,61,-1,40
1,<environment.Job instance at 0x7f786d37cbe0>,21,23,[13  3],22,-1,63,-1,40
1,<environment.Job instance at 0x7f786ddad0f0>,31,13,[14  4],32,-1,54,-1,41
1,<environment.Job instance at 0x7f786ddade10>,32,16,[14  2],33,-1,59,-1,43
1,<environment.Job instance at 0x7f786ce24820>,29,15,[4 9],30,-1,58,-1,43
1,<environment.Job instance at 0x7f786d6c38c0>,30,15,[7 5],31,-1,59,-1,44
1,<environment.Job instance at 0x7f786d6b2cd0>,35,17,[9 3],36,-1,61,-1,44
1,<environment.Job instance at 0x7f78763e9870>,37,1,[ 3 14],38,-1,45,-1,44
1,<environment.Job instance at 0x7f786d37cb40>,20,17,[ 3 13],21,-1,61,-1,44
1,<environment.Job instance at 0x7f78763e9190>,40,28,[5 2],41,-1,72,-1,44
1,<environment.Job instance at 0x7f786d6b2e10>,36,24,[5 9],37,-1,68,-1,44
1,<environment.Job instance at 0x7f786d3932d0>,43,15,[4 7],44,-1,59,-1,44
1,<environment.Job instance at 0x7f786d3938c0>,44,26,[5 7],45,-1,71,-1,45
1,<environment.Job instance at 0x7f786d393500>,42,24,[8 1],43,-1,70,-1,46
1,<environment.Job instance at 0x7f786ddc2f50>,46,17,[ 4 10],47,-1,65,-1,48
1,<environment.Job instance at 0x7f786ddd61e0>,48,20,[9 5],49,-1,69,-1,49
1,<environment.Job instance at 0x7f786dde6c80>,49,26,[7 3],50,-1,76,-1,50
1,<environment.Job instance at 0x7f786ddc8640>,55,14,[ 1 10],56,-1,70,-1,56
1,<environment.Job instance at 0x7f786dde6d20>,52,15,[7 5],53,-1,72,-1,57
1,<environment.Job instance at 0x7f786ce25b40>,38,17,[2 7],39,-1,74,-1,57
1,<environment.Job instance at 0x7f786d093dc0>,0,24,[7 3],1,-1,25,-1,1
1,<environment.Job instance at 0x7f786d078410>,4,23,[1 5],5,-1,28,-1,5
1,<environment.Job instance at 0x7f786d075e60>,6,2,[ 5 13],7,-1,9,-1,7
1,<environment.Job instance at 0x7f786cbd1140>,7,13,[ 1 14],8,-1,21,-1,8
1,<environment.Job instance at 0x7f786d7518c0>,10,21,[13  2],11,-1,32,-1,11
1,<environment.Job instance at 0x7f786d751820>,12,18,[ 2 11],13,-1,31,-1,13
1,<environment.Job instance at 0x7f786d093500>,2,26,[5 8],3,-1,41,-1,15
1,<environment.Job instance at 0x7f786d7512d0>,14,3,[11  2],15,-1,18,-1,15
1,<environment.Job instance at 0x7f786c798c30>,15,3,[14  5],16,-1,19,-1,16
1,<environment.Job instance at 0x7f786dbd5780>,19,18,[ 5 14],20,-1,38,-1,20
1,<environment.Job instance at 0x7f786db55140>,20,17,[ 3 13],21,-1,38,-1,21
1,<environment.Job instance at 0x7f786d7618c0>,21,23,[13  3],22,-1,45,-1,22
1,<environment.Job instance at 0x7f786d761370>,22,18,[ 2 12],23,-1,41,-1,23
1,<environment.Job instance at 0x7f7876447910>,23,2,[11  1],24,-1,26,-1,24
1,<environment.Job instance at 0x7f786cf16960>,27,1,[13  4],28,-1,29,-1,28
1,<environment.Job instance at 0x7f786d2684b0>,28,13,[ 2 12],29,-1,42,-1,29
1,<environment.Job instance at 0x7f786cb98460>,26,26,[7 4],27,-1,62,-1,36
1,<environment.Job instance at 0x7f786d2686e0>,31,13,[14  4],32,-1,49,-1,36
1,<environment.Job instance at 0x7f786d268780>,32,16,[14  2],33,-1,52,-1,36
1,<environment.Job instance at 0x7f786d10c4b0>,36,24,[5 9],37,-1,65,-1,41
1,<environment.Job instance at 0x7f786d9287d0>,37,1,[ 3 14],38,-1,42,-1,41
1,<environment.Job instance at 0x7f786d10c730>,39,28,[14  4],40,-1,69,-1,41
1,<environment.Job instance at 0x7f786cab9460>,40,28,[5 2],41,-1,78,-1,50
1,<environment.Job instance at 0x7f78763860f0>,42,24,[8 1],43,-1,80,-1,56
1,<environment.Job instance at 0x7f787674e5a0>,44,26,[5 7],45,-1,84,-1,58
1,<environment.Job instance at 0x7f78765d94b0>,45,3,[ 1 12],46,-1,61,-1,58
1,<environment.Job instance at 0x7f786d729780>,50,2,[ 5 12],51,-1,79,-1,77
1,<environment.Job instance at 0x7f786cc81230>,49,26,[7 3],50,-1,103,-1,77
1,<environment.Job instance at 0x7f786dc1b730>,53,2,[14  5],54,-1,79,-1,77
1,<environment.Job instance at 0x7f786d616870>,54,2,[13  2],55,-1,79,-1,77
1,<environment.Job instance at 0x7f786cc1ba50>,60,17,[ 1 13],61,-1,112,-1,95
1,<environment.Job instance at 0x7f786cc1bd70>,61,25,[4 9],62,-1,131,-1,106
1,<environment.Job instance at 0x7f786d02bc80>,63,14,[13  3],64,-1,120,-1,106
1,<environment.Job instance at 0x7f786d73dfa0>,15,22,[2 6],16,-1,38,-1,16
1,<environment.Job instance at 0x7f786d73d8c0>,17,17,[7 4],18,-1,35,-1,18
1,<environment.Job instance at 0x7f786d73d780>,18,23,[5 5],19,-1,42,-1,19
1,<environment.Job instance at 0x7f786d73d640>,24,16,[4 9],25,-1,51,-1,35
1,<environment.Job instance at 0x7f786ce3e730>,33,17,[10  3],34,-1,52,-1,35
1,<environment.Job instance at 0x7f786ce3e410>,35,16,[8 4],36,-1,63,-1,47
1,<environment.Job instance at 0x7f786d6f9870>,1,23,[ 4 13],2,-1,25,-1,2
1,<environment.Job instance at 0x7f786ca250a0>,2,19,[11  1],3,-1,22,-1,3
1,<environment.Job instance at 0x7f786ca20aa0>,3,3,[ 4 11],4,-1,7,-1,4
1,<environment.Job instance at 0x7f786d67fdc0>,6,13,[ 3 13],7,-1,20,-1,7
1,<environment.Job instance at 0x7f786d1bb910>,9,16,[14  5],10,-1,26,-1,10
1,<environment.Job instance at 0x7f78765d9550>,12,1,[14  3],13,-1,14,-1,13
1,<environment.Job instance at 0x7f786d751280>,18,23,[5 5],19,-1,45,-1,22
1,<environment.Job instance at 0x7f786d7514b0>,20,14,[11  3],21,-1,36,-1,22
1,<environment.Job instance at 0x7f786d616280>,22,1,[11  2],23,-1,24,-1,23
1,<environment.Job instance at 0x7f78768a2870>,30,2,[14  2],31,-1,47,-1,45
1,<environment.Job instance at 0x7f786d73de10>,32,23,[ 3 10],33,-1,80,-1,57
1,<environment.Job instance at 0x7f786caa68c0>,36,14,[13  2],37,-1,77,-1,63
1,<environment.Job instance at 0x7f786d5375f0>,38,24,[ 1 14],39,-1,93,-1,69
1,<environment.Job instance at 0x7f786cb482d0>,44,23,[5 5],45,-1,110,-1,87
1,<environment.Job instance at 0x7f786cb484b0>,45,23,[ 2 12],46,-1,110,-1,87
1,<environment.Job instance at 0x7f786cb48af0>,47,25,[7 3],48,-1,123,-1,98
1,<environment.Job instance at 0x7f786cb48280>,48,1,[12  5],49,-1,99,-1,98
1,<environment.Job instance at 0x7f786cb48190>,49,13,[11  2],50,-1,111,-1,98
1,<environment.Job instance at 0x7f786cc54d70>,50,27,[5 2],51,-1,125,-1,98
1,<environment.Job instance at 0x7f786d3e9b40>,59,3,[ 3 11],60,-1,131,-1,128
1,<environment.Job instance at 0x7f786d3e94b0>,60,14,[14  1],61,-1,142,-1,128
1,<environment.Job instance at 0x7f786c6840f0>,3,20,[10  3],4,-1,26,-1,6
1,<environment.Job instance at 0x7f786c684c30>,5,26,[13  3],6,-1,32,-1,6
1,<environment.Job instance at 0x7f786c684910>,11,25,[9 5],12,-1,107,-1,82
1,<environment.Job instance at 0x7f786c6845f0>,18,23,[10  3],19,-1,105,-1,82
1,<environment.Job instance at 0x7f786c578910>,24,18,[ 2 10],25,-1,100,-1,82
1,<environment.Job instance at 0x7f786c578460>,22,23,[ 2 12],23,-1,105,-1,82
1,<environment.Job instance at 0x7f786c578c30>,27,14,[8 5],28,-1,107,-1,93
1,<environment.Job instance at 0x7f786c578870>,32,28,[ 5 13],33,-1,121,-1,93
1,<environment.Job instance at 0x7f786c578e10>,28,25,[9 4],29,-1,121,-1,96
1,<environment.Job instance at 0x7f786c578190>,36,26,[4 9],37,-1,124,-1,98
1,<environment.Job instance at 0x7f786c578230>,37,27,[10  5],38,-1,125,-1,98
1,<environment.Job instance at 0x7f786c5787d0>,33,15,[12  1],34,-1,114,-1,99
1,<environment.Job instance at 0x7f786c578c80>,38,18,[5 4],39,-1,118,-1,100
1,<environment.Job instance at 0x7f786c5780f0>,35,16,[2 9],36,-1,116,-1,100
1,<environment.Job instance at 0x7f786c686370>,43,18,[9 3],44,-1,118,-1,100
1,<environment.Job instance at 0x7f786c686320>,44,16,[ 5 12],45,-1,116,-1,100
1,<environment.Job instance at 0x7f786c686d70>,45,21,[5 6],46,-1,121,-1,100
1,<environment.Job instance at 0x7f786c578cd0>,39,14,[8 4],40,-1,114,-1,100
1,<environment.Job instance at 0x7f786c686960>,46,19,[2 7],47,-1,119,-1,100
1,<environment.Job instance at 0x7f786c686460>,57,13,[4 8],58,-1,140,-1,127
1,<environment.Job instance at 0x7f786c686b90>,58,17,[10  1],59,-1,145,-1,128
1,<environment.Job instance at 0x7f786c7b88c0>,0,27,[ 5 14],1,-1,28,-1,1
1,<environment.Job instance at 0x7f786c7b8b90>,1,17,[14  2],2,-1,19,-1,2
1,<environment.Job instance at 0x7f786c7b8960>,2,15,[12  2],3,-1,18,-1,3
1,<environment.Job instance at 0x7f786c82daf0>,5,26,[13  3],6,-1,32,-1,6
1,<environment.Job instance at 0x7f786c7c49b0>,10,18,[11  2],11,-1,29,-1,11
1,<environment.Job instance at 0x7f786c7c48c0>,6,23,[9 5],7,-1,47,-1,24
1,<environment.Job instance at 0x7f786c7c4230>,14,2,[ 5 12],15,-1,26,-1,24
1,<environment.Job instance at 0x7f786c8287d0>,15,23,[6 1],16,-1,47,-1,24
1,<environment.Job instance at 0x7f786c82da50>,7,27,[7 3],8,-1,51,-1,24
1,<environment.Job instance at 0x7f786c825640>,17,2,[ 4 14],18,-1,26,-1,24
1,<environment.Job instance at 0x7f786c8280f0>,18,23,[10  3],19,-1,47,-1,24
1,<environment.Job instance at 0x7f786c828c30>,19,14,[ 1 11],20,-1,38,-1,24
1,<environment.Job instance at 0x7f786c7c4370>,11,25,[9 5],12,-1,49,-1,24
1,<environment.Job instance at 0x7f786c7b3be0>,22,23,[ 2 12],23,-1,47,-1,24
1,<environment.Job instance at 0x7f786c7b3c80>,23,27,[8 3],24,-1,51,-1,24
1,<environment.Job instance at 0x7f786c805b90>,28,25,[9 4],29,-1,70,-1,45
1,<environment.Job instance at 0x7f786c7fbcd0>,32,28,[ 5 13],33,-1,87,-1,59
1,<environment.Job instance at 0x7f786c7fbeb0>,33,15,[12  1],34,-1,74,-1,59
1,<environment.Job instance at 0x7f786c7fbc30>,34,3,[ 5 14],35,-1,62,-1,59
1,<environment.Job instance at 0x7f786c807640>,36,26,[4 9],37,-1,107,-1,81
1,<environment.Job instance at 0x7f786c807c80>,37,27,[10  5],38,-1,108,-1,81
1,<environment.Job instance at 0x7f786c4a1eb0>,42,16,[13  4],43,-1,97,-1,81
1,<environment.Job instance at 0x7f786ce5a550>,44,16,[ 5 12],45,-1,99,-1,83
1,<environment.Job instance at 0x7f786c7e3320>,48,12,[ 2 12],49,-1,104,-1,92
1,<environment.Job instance at 0x7f786c7e37d0>,54,18,[ 1 11],55,-1,115,-1,97
1,<environment.Job instance at 0x7f786da0ba50>,59,16,[ 2 13],60,-1,132,-1,116
1,<environment.Job instance at 0x7f786d5613c0>,60,16,[ 5 12],61,-1,132,-1,116
1,<environment.Job instance at 0x7f786c7e3230>,61,12,[11  1],62,-1,128,-1,116
1,<environment.Job instance at 0x7f786c7e3730>,63,15,[11  4],64,-1,138,-1,123
1,<environment.Job instance at 0x7f786c7ea960>,64,17,[ 2 14],65,-1,140,-1,123
1,<environment.Job instance at 0x7f786d2c84b0>,65,26,[10  5],66,-1,159,-1,133
1,<environment.Job instance at 0x7f786d9fee60>,1,18,[3 9],2,-1,20,-1,2
1,<environment.Job instance at 0x7f786d6f95f0>,11,26,[ 2 10],12,-1,44,-1,18
1,<environment.Job instance at 0x7f786d24d780>,16,26,[ 5 13],17,-1,47,-1,21
1,<environment.Job instance at 0x7f786d24d9b0>,14,17,[5 5],15,-1,38,-1,21
1,<environment.Job instance at 0x7f786d24d960>,15,16,[3 6],16,-1,37,-1,21
1,<environment.Job instance at 0x7f786c7de730>,2,14,[ 3 13],3,-1,17,-1,3
1,<environment.Job instance at 0x7f786c7de2d0>,3,23,[6 1],4,-1,27,-1,4
1,<environment.Job instance at 0x7f786d170050>,6,16,[13  3],7,-1,23,-1,7
1,<environment.Job instance at 0x7f786d1706e0>,11,26,[ 2 10],12,-1,46,-1,20
1,<environment.Job instance at 0x7f786d924dc0>,16,26,[ 5 13],17,-1,58,-1,32
1,<environment.Job instance at 0x7f786c7b7550>,18,15,[11  1],19,-1,51,-1,36
1,<environment.Job instance at 0x7f786c9cd1e0>,29,16,[11  3],30,-1,81,-1,65
1,<environment.Job instance at 0x7f786c9cddc0>,30,16,[11  5],31,-1,81,-1,65
1,<environment.Job instance at 0x7f786c7a4d20>,32,1,[ 3 12],33,-1,69,-1,68
1,<environment.Job instance at 0x7f786ce2f820>,24,23,[ 5 10],25,-1,104,-1,81
1,<environment.Job instance at 0x7f786d2c1be0>,34,14,[ 5 12],35,-1,95,-1,81
1,<environment.Job instance at 0x7f786cbda190>,35,20,[ 3 14],36,-1,101,-1,81
1,<environment.Job instance at 0x7f786ce599b0>,36,24,[13  2],37,-1,105,-1,81
1,<environment.Job instance at 0x7f786d57adc0>,39,14,[11  5],40,-1,95,-1,81
1,<environment.Job instance at 0x7f786dd817d0>,28,24,[10  4],29,-1,107,-1,83
1,<environment.Job instance at 0x7f786d2c84b0>,40,28,[6 1],41,-1,112,-1,84
1,<environment.Job instance at 0x7f786d5613c0>,43,23,[11  1],44,-1,107,-1,84
1,<environment.Job instance at 0x7f786d52a870>,33,25,[10  3],34,-1,110,-1,85
1,<environment.Job instance at 0x7f786c7e3be0>,45,18,[ 1 13],46,-1,103,-1,85
1,<environment.Job instance at 0x7f786c7e3730>,47,13,[11  3],48,-1,98,-1,85
1,<environment.Job instance at 0x7f786c7e3d70>,48,28,[7 5],49,-1,113,-1,85
1,<environment.Job instance at 0x7f786c7e3870>,50,2,[14  5],51,-1,87,-1,85
1,<environment.Job instance at 0x7f786c7e3230>,51,26,[13  1],52,-1,111,-1,85
1,<environment.Job instance at 0x7f786d15f640>,58,26,[ 5 12],59,-1,147,-1,121
1,<environment.Job instance at 0x7f786c8303c0>,59,26,[2 8],60,-1,149,-1,123
1,<environment.Job instance at 0x7f786c7fa910>,62,16,[ 2 13],63,-1,139,-1,123
1,<environment.Job instance at 0x7f786c7fad70>,64,13,[13  4],65,-1,136,-1,123
1,<environment.Job instance at 0x7f786c807c80>,65,18,[14  3],66,-1,141,-1,123
1,<environment.Job instance at 0x7f786c7fa1e0>,63,23,[7 1],64,-1,149,-1,126
1,<environment.Job instance at 0x7f786c7fbeb0>,67,24,[14  5],68,-1,150,-1,126
1,<environment.Job instance at 0x7f786c7fbcd0>,68,25,[ 4 12],69,-1,151,-1,126
1,<environment.Job instance at 0x7f786c7fbc80>,70,18,[12  3],71,-1,144,-1,126
1,<environment.Job instance at 0x7f786c9c4a00>,1,16,[10  4],2,-1,19,-1,3
1,<environment.Job instance at 0x7f786d76c0f0>,2,16,[9 2],3,-1,19,-1,3
1,<environment.Job instance at 0x7f786c9c4500>,3,17,[3 9],4,-1,21,-1,4
1,<environment.Job instance at 0x7f786c7d4460>,5,24,[5 9],6,-1,30,-1,6
1,<environment.Job instance at 0x7f786c7d4f00>,10,23,[2 9],11,-1,35,-1,12
1,<environment.Job instance at 0x7f786d4704b0>,12,17,[4 9],13,-1,30,-1,13
1,<environment.Job instance at 0x7f786d470690>,15,20,[1 5],16,-1,40,-1,20
1,<environment.Job instance at 0x7f786d470870>,21,14,[9 2],22,-1,37,-1,23
1,<environment.Job instance at 0x7f786d470f00>,24,26,[4 8],25,-1,51,-1,25
1,<environment.Job instance at 0x7f786d470960>,25,18,[3 6],26,-1,44,-1,26
1,<environment.Job instance at 0x7f786d4701e0>,26,20,[2 9],27,-1,47,-1,27
1,<environment.Job instance at 0x7f786d470050>,27,15,[4 9],28,-1,43,-1,28
1,<environment.Job instance at 0x7f786d4efaf0>,4,23,[14  2],5,-1,28,-1,5
1,<environment.Job instance at 0x7f7876746870>,7,28,[ 2 11],8,-1,36,-1,8
1,<environment.Job instance at 0x7f7876746910>,8,3,[14  3],9,-1,12,-1,9
1,<environment.Job instance at 0x7f786d4ef0f0>,5,24,[5 9],6,-1,45,-1,21
1,<environment.Job instance at 0x7f7876746a50>,10,23,[2 9],11,-1,44,-1,21
1,<environment.Job instance at 0x7f786d9fe050>,16,3,[13  3],17,-1,34,-1,31
1,<environment.Job instance at 0x7f78767461e0>,17,1,[ 4 14],18,-1,32,-1,31
1,<environment.Job instance at 0x7f7876746190>,18,14,[ 3 14],19,-1,45,-1,31
1,<environment.Job instance at 0x7f786ca0bb40>,20,16,[14  1],21,-1,47,-1,31
1,<environment.Job instance at 0x7f786d24d050>,23,1,[ 5 13],24,-1,37,-1,36
1,<environment.Job instance at 0x7f786d057e10>,24,26,[4 8],25,-1,67,-1,41
1,<environment.Job instance at 0x7f786c7c4f00>,30,23,[ 5 11],31,-1,89,-1,66
1,<environment.Job instance at 0x7f786c7c4140>,31,24,[9 1],32,-1,95,-1,71
1,<environment.Job instance at 0x7f786c828af0>,36,26,[11  3],37,-1,110,-1,84
1,<environment.Job instance at 0x7f786c8287d0>,39,3,[ 3 11],40,-1,89,-1,86
1,<environment.Job instance at 0x7f786c825640>,38,24,[7 1],39,-1,111,-1,87
1,<environment.Job instance at 0x7f786c8050a0>,43,27,[7 2],44,-1,126,-1,99
1,<environment.Job instance at 0x7f786c805140>,44,12,[13  2],45,-1,111,-1,99
1,<environment.Job instance at 0x7f786c805fa0>,46,12,[ 2 14],47,-1,111,-1,99
1,<environment.Job instance at 0x7f786c805370>,47,17,[ 1 12],48,-1,116,-1,99
1,<environment.Job instance at 0x7f786c8053c0>,48,22,[13  4],49,-1,121,-1,99
1,<environment.Job instance at 0x7f786c805b90>,49,18,[ 5 12],50,-1,117,-1,99
1,<environment.Job instance at 0x7f786c805be0>,50,25,[12  1],51,-1,124,-1,99
1,<environment.Job instance at 0x7f786c8051e0>,51,26,[10  2],52,-1,125,-1,99
1,<environment.Job instance at 0x7f786c7fb5f0>,54,12,[13  2],55,-1,113,-1,101
1,<environment.Job instance at 0x7f786c807640>,56,26,[2 8],57,-1,143,-1,117
1,<environment.Job instance at 0x7f786c7fa910>,59,14,[ 2 13],60,-1,132,-1,118
1,<environment.Job instance at 0x7f786c7e3fa0>,63,27,[ 1 13],64,-1,161,-1,134
1,<environment.Job instance at 0x7f786c7e3cd0>,64,18,[11  3],65,-1,152,-1,134
1,<environment.Job instance at 0x7f786c7e3370>,67,12,[12  5],68,-1,147,-1,135
1,<environment.Job instance at 0x7f786c7e3870>,68,12,[ 3 12],69,-1,147,-1,135
1,<environment.Job instance at 0x7f786db66410>,1,18,[1 7],2,-1,20,-1,2
1,<environment.Job instance at 0x7f786db660a0>,2,19,[4 6],3,-1,22,-1,3
1,<environment.Job instance at 0x7f786db66b40>,6,13,[5 2],7,-1,21,-1,8
1,<environment.Job instance at 0x7f786db660f0>,8,15,[9 5],9,-1,24,-1,9
1,<environment.Job instance at 0x7f786db66dc0>,9,14,[1 7],10,-1,24,-1,10
1,<environment.Job instance at 0x7f786db66460>,10,19,[4 5],11,-1,30,-1,11
1,<environment.Job instance at 0x7f786db66820>,12,20,[5 9],13,-1,33,-1,13
1,<environment.Job instance at 0x7f786db66190>,14,13,[9 1],15,-1,28,-1,15
1,<environment.Job instance at 0x7f786db66550>,15,18,[3 9],16,-1,34,-1,16
1,<environment.Job instance at 0x7f786c64a0a0>,16,12,[1 7],17,-1,29,-1,17
1,<environment.Job instance at 0x7f786c64ab40>,19,13,[5 6],20,-1,33,-1,20
1,<environment.Job instance at 0x7f786c64a320>,20,19,[3 5],21,-1,40,-1,21
1,<environment.Job instance at 0x7f786c64a7d0>,21,18,[8 2],22,-1,40,-1,22
1,<environment.Job instance at 0x7f786c64a820>,22,15,[8 4],23,-1,38,-1,23
1,<environment.Job instance at 0x7f786c64a3c0>,23,25,[ 5 10],24,-1,49,-1,24
1,<environment.Job instance at 0x7f786c64a460>,25,20,[ 4 11],26,-1,47,-1,27
1,<environment.Job instance at 0x7f786c64a9b0>,29,17,[6 1],30,-1,47,-1,30
1,<environment.Job instance at 0x7f786c64a550>,30,21,[9 1],31,-1,54,-1,33
1,<environment.Job instance at 0x7f786d8e1640>,35,18,[8 3],36,-1,54,-1,36
1,<environment.Job instance at 0x7f786d8e15f0>,36,13,[9 5],37,-1,50,-1,37
1,<environment.Job instance at 0x7f786d8e1af0>,32,25,[10  4],33,-1,68,-1,43
1,<environment.Job instance at 0x7f786d8e10a0>,34,18,[6 1],35,-1,76,-1,58
1,<environment.Job instance at 0x7f786d8e1dc0>,41,17,[3 8],42,-1,75,-1,58
1,<environment.Job instance at 0x7f786d573280>,54,19,[8 1],55,-1,113,-1,94
1,<environment.Job instance at 0x7f786d573c80>,49,19,[13  2],50,-1,118,-1,99
1,<environment.Job instance at 0x7f786da66dc0>,0,27,[ 1 14],1,-1,28,-1,1
1,<environment.Job instance at 0x7f786d90b870>,3,28,[ 5 13],4,-1,32,-1,4
1,<environment.Job instance at 0x7f786da69c30>,11,1,[ 2 13],12,-1,21,-1,20
1,<environment.Job instance at 0x7f786da558c0>,17,2,[11  1],18,-1,26,-1,24
1,<environment.Job instance at 0x7f786d9149b0>,23,25,[ 5 10],24,-1,76,-1,51
1,<environment.Job instance at 0x7f786d8d9730>,24,2,[12  3],25,-1,53,-1,51
1,<environment.Job instance at 0x7f786d8d9820>,25,20,[ 4 11],26,-1,71,-1,51
1,<environment.Job instance at 0x7f786d90ca50>,27,15,[14  2],28,-1,66,-1,51
1,<environment.Job instance at 0x7f786d90ca00>,28,12,[13  3],29,-1,63,-1,51
1,<environment.Job instance at 0x7f786d8d86e0>,32,25,[10  4],33,-1,106,-1,81
1,<environment.Job instance at 0x7f786d8f2a00>,38,20,[12  2],39,-1,105,-1,85
1,<environment.Job instance at 0x7f786d8d1dc0>,40,28,[8 4],41,-1,143,-1,115
1,<environment.Job instance at 0x7f786d8f7230>,44,2,[13  1],45,-1,117,-1,115
1,<environment.Job instance at 0x7f786d8f7f00>,47,3,[12  1],48,-1,121,-1,118
1,<environment.Job instance at 0x7f786d8f7c30>,49,19,[13  2],50,-1,150,-1,131
1,<environment.Job instance at 0x7f786cccfe10>,0,26,[5 7],1,-1,27,-1,1
1,<environment.Job instance at 0x7f786cccf7d0>,1,16,[ 2 10],2,-1,21,-1,5
1,<environment.Job instance at 0x7f786cccf140>,4,20,[5 9],5,-1,46,-1,26
1,<environment.Job instance at 0x7f786cccf960>,9,27,[5 9],10,-1,59,-1,32
1,<environment.Job instance at 0x7f786cccfd20>,8,18,[5 6],9,-1,51,-1,33
1,<environment.Job instance at 0x7f786c9fcb40>,15,16,[9 5],16,-1,50,-1,34
1,<environment.Job instance at 0x7f786cccf370>,3,15,[10  1],4,-1,49,-1,34
1,<environment.Job instance at 0x7f786c9fcaa0>,17,20,[12  1],18,-1,54,-1,34
1,<environment.Job instance at 0x7f786c9fca00>,18,24,[ 5 13],19,-1,58,-1,34
1,<environment.Job instance at 0x7f786c9fc2d0>,20,28,[4 9],21,-1,62,-1,34
1,<environment.Job instance at 0x7f786c9fc0f0>,21,24,[ 5 13],22,-1,60,-1,36
1,<environment.Job instance at 0x7f786c9fcb90>,22,19,[8 4],23,-1,62,-1,43
1,<environment.Job instance at 0x7f786c9fccd0>,14,16,[4 7],15,-1,60,-1,44
1,<environment.Job instance at 0x7f786c9fc7d0>,19,23,[8 5],20,-1,67,-1,44
1,<environment.Job instance at 0x7f786cccf0a0>,12,26,[ 1 12],13,-1,73,-1,47
1,<environment.Job instance at 0x7f786c9fce60>,34,14,[8 5],35,-1,61,-1,47
1,<environment.Job instance at 0x7f786c9fc1e0>,30,18,[1 9],31,-1,66,-1,48
1,<environment.Job instance at 0x7f786d4addc0>,35,15,[11  3],36,-1,64,-1,49
1,<environment.Job instance at 0x7f786d4ad9b0>,39,17,[7 5],40,-1,69,-1,52
1,<environment.Job instance at 0x7f786d4adcd0>,41,12,[13  1],42,-1,69,-1,57
1,<environment.Job instance at 0x7f786d4ad0a0>,40,14,[4 6],41,-1,71,-1,57
1,<environment.Job instance at 0x7f786d4adaf0>,44,18,[11  5],45,-1,75,-1,57
1,<environment.Job instance at 0x7f786c9fca50>,33,15,[10  2],34,-1,72,-1,57
1,<environment.Job instance at 0x7f786cc8d230>,0,26,[5 7],1,-1,27,-1,1
1,<environment.Job instance at 0x7f786ca08190>,5,25,[1 6],6,-1,43,-1,18
1,<environment.Job instance at 0x7f786c8ad460>,9,27,[5 9],10,-1,45,-1,18
1,<environment.Job instance at 0x7f786dcbf2d0>,12,26,[ 1 12],13,-1,44,-1,18
1,<environment.Job instance at 0x7f786dcbf050>,13,28,[ 3 14],14,-1,46,-1,18
1,<environment.Job instance at 0x7f786c4b70f0>,17,20,[12  1],18,-1,53,-1,33
1,<environment.Job instance at 0x7f786cc3e550>,18,24,[ 5 13],19,-1,57,-1,33
1,<environment.Job instance at 0x7f786d4230a0>,21,24,[ 5 13],22,-1,58,-1,34
1,<environment.Job instance at 0x7f786d685870>,20,28,[4 9],21,-1,75,-1,47
1,<environment.Job instance at 0x7f786dcbf1e0>,19,23,[8 5],20,-1,70,-1,47
1,<environment.Job instance at 0x7f786cab80f0>,24,1,[14  4],25,-1,48,-1,47
1,<environment.Job instance at 0x7f786d2e47d0>,28,25,[14  3],29,-1,77,-1,52
1,<environment.Job instance at 0x7f786d006f00>,29,27,[14  3],30,-1,79,-1,52
1,<environment.Job instance at 0x7f786d0063c0>,35,15,[11  3],36,-1,82,-1,67
1,<environment.Job instance at 0x7f786d0065f0>,36,28,[4 7],37,-1,107,-1,79
1,<environment.Job instance at 0x7f786ccb6a50>,38,3,[ 4 13],39,-1,82,-1,79
1,<environment.Job instance at 0x7f786ddd10f0>,41,12,[13  1],42,-1,104,-1,92
1,<environment.Job instance at 0x7f786dc78280>,43,13,[ 4 13],44,-1,108,-1,95
1,<environment.Job instance at 0x7f786d6653c0>,44,18,[11  5],45,-1,113,-1,95
1,<environment.Job instance at 0x7f786d545fa0>,47,24,[10  4],48,-1,145,-1,121
1,<environment.Job instance at 0x7f786d2e37d0>,48,25,[5 1],49,-1,146,-1,121
1,<environment.Job instance at 0x7f786d8b1690>,50,13,[ 5 13],51,-1,134,-1,121
1,<environment.Job instance at 0x7f786d0202d0>,53,23,[7 5],54,-1,144,-1,121
1,<environment.Job instance at 0x7f786d2f9730>,54,26,[ 5 13],55,-1,147,-1,121
1,<environment.Job instance at 0x7f786cc1dfa0>,1,17,[ 4 10],2,-1,19,-1,2
1,<environment.Job instance at 0x7f786cc1d4b0>,6,22,[8 4],7,-1,30,-1,8
1,<environment.Job instance at 0x7f786cc1d5f0>,10,12,[ 4 10],11,-1,23,-1,11
1,<environment.Job instance at 0x7f786c7d41e0>,7,15,[5 1],8,-1,26,-1,11
1,<environment.Job instance at 0x7f786cc1d050>,12,16,[11  2],13,-1,29,-1,13
1,<environment.Job instance at 0x7f786cc1dcd0>,13,15,[5 8],14,-1,29,-1,14
1,<environment.Job instance at 0x7f786d2d7d20>,17,21,[3 7],18,-1,39,-1,18
1,<environment.Job instance at 0x7f786cc1d780>,18,26,[2 5],19,-1,45,-1,19
1,<environment.Job instance at 0x7f786da3a410>,19,28,[4 8],20,-1,48,-1,20
1,<environment.Job instance at 0x7f786dcccb40>,24,20,[8 1],25,-1,45,-1,25
1,<environment.Job instance at 0x7f786dccc0f0>,25,19,[4 6],26,-1,45,-1,26
1,<environment.Job instance at 0x7f786dccc3c0>,26,22,[7 4],27,-1,49,-1,27
1,<environment.Job instance at 0x7f786dccc8c0>,28,18,[5 5],29,-1,50,-1,32
1,<environment.Job instance at 0x7f786cedb280>,32,24,[1 7],33,-1,89,-1,65
1,<environment.Job instance at 0x7f786cedb3c0>,34,15,[14  1],35,-1,80,-1,65
1,<environment.Job instance at 0x7f786cedb820>,40,22,[11  4],41,-1,87,-1,65
1,<environment.Job instance at 0x7f786cedb0a0>,39,14,[11  3],40,-1,79,-1,65
1,<environment.Job instance at 0x7f786cedb190>,41,14,[ 4 14],42,-1,79,-1,65
1,<environment.Job instance at 0x7f786cedb910>,43,21,[7 3],44,-1,86,-1,65
1,<environment.Job instance at 0x7f786cedbaa0>,38,21,[9 4],39,-1,86,-1,65
1,<environment.Job instance at 0x7f786cedb6e0>,42,17,[ 1 11],43,-1,82,-1,65
1,<environment.Job instance at 0x7f786d86fdc0>,45,23,[ 5 14],46,-1,88,-1,65
1,<environment.Job instance at 0x7f786d86faf0>,44,23,[9 5],45,-1,88,-1,65
1,<environment.Job instance at 0x7f786d86faa0>,50,16,[ 3 10],51,-1,98,-1,82
1,<environment.Job instance at 0x7f786cedbb40>,30,19,[ 5 10],31,-1,107,-1,88
1,<environment.Job instance at 0x7f786d86fc80>,57,20,[10  4],58,-1,110,-1,90
1,<environment.Job instance at 0x7f786d76c410>,58,26,[ 5 10],59,-1,116,-1,90
1,<environment.Job instance at 0x7f786d76c5f0>,59,27,[2 7],60,-1,117,-1,90
1,<environment.Job instance at 0x7f786d86f780>,60,20,[2 6],61,-1,110,-1,90
1,<environment.Job instance at 0x7f786d4772d0>,3,2,[ 4 11],4,-1,6,-1,4
1,<environment.Job instance at 0x7f786daf40a0>,4,23,[ 2 11],5,-1,28,-1,5
1,<environment.Job instance at 0x7f786c4c1550>,12,16,[11  2],13,-1,32,-1,16
1,<environment.Job instance at 0x7f786d514fa0>,14,2,[13  2],15,-1,21,-1,19
1,<environment.Job instance at 0x7f786c71c8c0>,18,26,[2 5],19,-1,57,-1,31
1,<environment.Job instance at 0x7f786c71cd70>,19,28,[4 8],20,-1,59,-1,31
1,<environment.Job instance at 0x7f786c71cf00>,20,28,[1 5],21,-1,59,-1,31
1,<environment.Job instance at 0x7f786c71c370>,22,3,[ 5 11],23,-1,34,-1,31
1,<environment.Job instance at 0x7f786c71cf50>,23,13,[12  1],24,-1,44,-1,31
1,<environment.Job instance at 0x7f786c71caa0>,27,28,[ 1 10],28,-1,74,-1,46
1,<environment.Job instance at 0x7f786c71ce10>,29,15,[ 3 12],30,-1,61,-1,46
1,<environment.Job instance at 0x7f786d1c9dc0>,32,24,[1 7],33,-1,73,-1,49
1,<environment.Job instance at 0x7f786dc78280>,33,26,[4 7],34,-1,75,-1,49
1,<environment.Job instance at 0x7f786ca74b90>,34,15,[14  1],35,-1,64,-1,49
1,<environment.Job instance at 0x7f786ca74320>,35,25,[5 6],36,-1,74,-1,49
1,<environment.Job instance at 0x7f786ddd1b40>,36,28,[1 5],37,-1,77,-1,49
1,<environment.Job instance at 0x7f786d64e370>,37,2,[14  1],38,-1,51,-1,49
1,<environment.Job instance at 0x7f786d682f00>,31,26,[9 3],32,-1,76,-1,50
1,<environment.Job instance at 0x7f786c91aaf0>,39,14,[11  3],40,-1,64,-1,50
1,<environment.Job instance at 0x7f786ccb6550>,40,22,[11  4],41,-1,72,-1,50
1,<environment.Job instance at 0x7f786ccb6370>,41,14,[ 4 14],42,-1,64,-1,50
1,<environment.Job instance at 0x7f786ccb6f50>,42,17,[ 1 11],43,-1,67,-1,50
1,<environment.Job instance at 0x7f786d006690>,44,23,[9 5],45,-1,76,-1,53
1,<environment.Job instance at 0x7f786d0061e0>,45,23,[ 5 14],46,-1,76,-1,53
1,<environment.Job instance at 0x7f786d006f50>,48,12,[13  4],49,-1,76,-1,64
1,<environment.Job instance at 0x7f786c7b9280>,53,13,[ 1 13],54,-1,96,-1,83
1,<environment.Job instance at 0x7f787674e730>,56,13,[12  1],57,-1,108,-1,95
1,<environment.Job instance at 0x7f7876605b40>,59,27,[2 7],60,-1,143,-1,116
1,<environment.Job instance at 0x7f786ccf8e10>,58,26,[ 5 10],59,-1,143,-1,117
1,<environment.Job instance at 0x7f786d66e410>,63,13,[12  2],64,-1,132,-1,119
1,<environment.Job instance at 0x7f786d86fa50>,65,26,[11  4],66,-1,146,-1,120
1,<environment.Job instance at 0x7f7876420550>,67,1,[ 4 11],68,-1,130,-1,129
1,<environment.Job instance at 0x7f786c978cd0>,68,3,[12  1],69,-1,132,-1,129
1,<environment.Job instance at 0x7f786d89b550>,72,18,[ 1 13],73,-1,153,-1,135
1,<environment.Job instance at 0x7f786d89b910>,73,12,[12  2],74,-1,147,-1,135
1,<environment.Job instance at 0x7f786dd84640>,0,21,[7 1],1,-1,23,-1,2
1,<environment.Job instance at 0x7f786d20ab90>,1,12,[12  1],2,-1,14,-1,2
1,<environment.Job instance at 0x7f786d212460>,8,15,[5 4],9,-1,24,-1,9
1,<environment.Job instance at 0x7f786dc49a50>,7,18,[ 4 11],8,-1,27,-1,9
1,<environment.Job instance at 0x7f786d212500>,9,17,[7 5],10,-1,28,-1,11
1,<environment.Job instance at 0x7f786d2126e0>,10,18,[12  3],11,-1,29,-1,11
1,<environment.Job instance at 0x7f786d2123c0>,13,18,[1 8],14,-1,33,-1,15
1,<environment.Job instance at 0x7f786d212140>,14,17,[ 3 13],15,-1,32,-1,15
1,<environment.Job instance at 0x7f786d2121e0>,16,15,[8 5],17,-1,32,-1,17
1,<environment.Job instance at 0x7f786d4c8230>,20,16,[10  3],21,-1,37,-1,21
1,<environment.Job instance at 0x7f786d4c8500>,21,24,[5 3],22,-1,46,-1,22
1,<environment.Job instance at 0x7f786c877c30>,25,25,[2 6],26,-1,54,-1,29
1,<environment.Job instance at 0x7f786c877960>,28,28,[4 6],29,-1,58,-1,30
1,<environment.Job instance at 0x7f786c877aa0>,30,18,[11  5],31,-1,56,-1,38
1,<environment.Job instance at 0x7f786c875280>,29,15,[5 7],30,-1,54,-1,39
1,<environment.Job instance at 0x7f786d2124b0>,12,13,[1 8],13,-1,52,-1,39
1,<environment.Job instance at 0x7f786c875eb0>,34,28,[4 7],35,-1,67,-1,39
1,<environment.Job instance at 0x7f786c875460>,33,14,[4 9],34,-1,54,-1,40
1,<environment.Job instance at 0x7f786c875370>,38,14,[10  3],39,-1,67,-1,53
1,<environment.Job instance at 0x7f786c8759b0>,40,24,[9 4],41,-1,77,-1,53
1,<environment.Job instance at 0x7f786c8755f0>,41,17,[5 4],42,-1,70,-1,53
1,<environment.Job instance at 0x7f786dcfa5f0>,1,12,[12  1],2,-1,14,-1,2
1,<environment.Job instance at 0x7f786d621c80>,4,27,[ 3 14],5,-1,32,-1,5
1,<environment.Job instance at 0x7f786d633f00>,5,2,[ 3 13],6,-1,8,-1,6
1,<environment.Job instance at 0x7f786d626780>,6,28,[11  1],7,-1,35,-1,7
1,<environment.Job instance at 0x7f786d6266e0>,7,18,[ 4 11],8,-1,26,-1,8
1,<environment.Job instance at 0x7f786ddd8050>,10,18,[12  3],11,-1,29,-1,11
1,<environment.Job instance at 0x7f786d623cd0>,14,17,[ 3 13],15,-1,36,-1,19
1,<environment.Job instance at 0x7f786ccd2820>,21,24,[5 3],22,-1,83,-1,59
1,<environment.Job instance at 0x7f786d39b9b0>,24,19,[12  3],25,-1,79,-1,60
1,<environment.Job instance at 0x7f786ca51320>,25,25,[2 6],26,-1,86,-1,61
1,<environment.Job instance at 0x7f786d066820>,28,28,[4 6],29,-1,103,-1,75
1,<environment.Job instance at 0x7f786d0662d0>,30,18,[11  5],31,-1,93,-1,75
1,<environment.Job instance at 0x7f786d3ad230>,32,17,[ 3 14],33,-1,95,-1,78
1,<environment.Job instance at 0x7f786d066280>,31,23,[ 1 10],32,-1,113,-1,90
1,<environment.Job instance at 0x7f786ccbde10>,34,28,[4 7],35,-1,118,-1,90
1,<environment.Job instance at 0x7f786ccbd9b0>,36,24,[11  4],37,-1,114,-1,90
1,<environment.Job instance at 0x7f786ca41e60>,40,24,[9 4],41,-1,131,-1,107
1,<environment.Job instance at 0x7f786ca41f50>,42,2,[ 3 12],43,-1,109,-1,107
1,<environment.Job instance at 0x7f786ca3a870>,43,20,[12  3],44,-1,127,-1,107
1,<environment.Job instance at 0x7f786c94d960>,45,12,[ 2 12],46,-1,129,-1,117
1,<environment.Job instance at 0x7f786c956a00>,50,17,[ 3 14],51,-1,155,-1,138
1,<environment.Job instance at 0x7f786c9569b0>,51,16,[12  1],52,-1,154,-1,138
1,<environment.Job instance at 0x7f786ce8a410>,6,17,[4 6],7,-1,24,-1,7
1,<environment.Job instance at 0x7f786ce8aaa0>,7,15,[10  5],8,-1,24,-1,9
1,<environment.Job instance at 0x7f786ce8aa50>,9,24,[7 1],10,-1,34,-1,10
1,<environment.Job instance at 0x7f786ccf0e10>,15,15,[7 5],16,-1,31,-1,16
1,<environment.Job instance at 0x7f786ce8a140>,8,27,[ 3 12],9,-1,45,-1,18
1,<environment.Job instance at 0x7f786ccf0c30>,18,17,[9 4],19,-1,37,-1,20
1,<environment.Job instance at 0x7f786ccf0eb0>,21,18,[2 9],22,-1,40,-1,22
1,<environment.Job instance at 0x7f786ccf0af0>,23,16,[2 8],24,-1,40,-1,24
1,<environment.Job instance at 0x7f786ccf01e0>,19,12,[3 7],20,-1,37,-1,25
1,<environment.Job instance at 0x7f786d649910>,26,19,[14  5],27,-1,46,-1,27
1,<environment.Job instance at 0x7f786d649c30>,25,14,[7 2],26,-1,42,-1,28
1,<environment.Job instance at 0x7f786d6491e0>,29,25,[9 4],30,-1,55,-1,30
1,<environment.Job instance at 0x7f786ce8a640>,13,17,[ 1 10],14,-1,56,-1,39
1,<environment.Job instance at 0x7f786d6498c0>,37,13,[10  1],38,-1,55,-1,42
1,<environment.Job instance at 0x7f786d649690>,36,13,[10  2],37,-1,55,-1,42
1,<environment.Job instance at 0x7f786cd7eb40>,1,18,[11  2],2,-1,20,-1,2
1,<environment.Job instance at 0x7f786c9659b0>,4,23,[7 1],5,-1,29,-1,6
1,<environment.Job instance at 0x7f786cd7e050>,5,12,[ 4 13],6,-1,18,-1,6
1,<environment.Job instance at 0x7f786cd835a0>,8,27,[ 3 12],9,-1,36,-1,9
1,<environment.Job instance at 0x7f786cd830a0>,11,2,[ 2 12],12,-1,14,-1,12
1,<environment.Job instance at 0x7f786c722c30>,12,13,[ 3 11],13,-1,26,-1,13
1,<environment.Job instance at 0x7f786ccf0b90>,16,15,[13  1],17,-1,32,-1,17
1,<environment.Job instance at 0x7f786cc7fd70>,9,24,[7 1],10,-1,54,-1,30
1,<environment.Job instance at 0x7f786d61f410>,20,2,[12  4],21,-1,32,-1,30
1,<environment.Job instance at 0x7f786d61f5f0>,22,2,[12  3],23,-1,36,-1,34
1,<environment.Job instance at 0x7f786d649f00>,26,19,[14  5],27,-1,77,-1,58
1,<environment.Job instance at 0x7f786ce8a230>,28,24,[ 5 12],29,-1,85,-1,61
1,<environment.Job instance at 0x7f786ce8a370>,29,25,[9 4],30,-1,101,-1,76
1,<environment.Job instance at 0x7f786ce8a3c0>,34,15,[14  5],35,-1,103,-1,88
1,<environment.Job instance at 0x7f786d3b1820>,39,20,[ 4 14],40,-1,134,-1,114
1,<environment.Job instance at 0x7f786d3b1be0>,40,2,[14  1],41,-1,116,-1,114
1,<environment.Job instance at 0x7f786ca514b0>,41,16,[13  2],42,-1,130,-1,114
1,<environment.Job instance at 0x7f786ca51d20>,45,2,[ 1 12],46,-1,123,-1,121
1,<environment.Job instance at 0x7f786ca51140>,47,20,[ 1 13],48,-1,143,-1,123
1,<environment.Job instance at 0x7f786ca51e60>,49,23,[ 3 11],50,-1,154,-1,131
1,<environment.Job instance at 0x7f786c94d050>,51,16,[ 1 14],52,-1,148,-1,132
1,<environment.Job instance at 0x7f786c940640>,0,22,[4 9],1,-1,23,-1,1
1,<environment.Job instance at 0x7f786dc6caf0>,3,21,[5 8],4,-1,25,-1,4
1,<environment.Job instance at 0x7f786dc6cb90>,4,28,[ 4 10],5,-1,33,-1,5
1,<environment.Job instance at 0x7f786dc6ca00>,5,25,[5 3],6,-1,31,-1,6
1,<environment.Job instance at 0x7f786dc6cc30>,6,18,[5 6],7,-1,25,-1,7
1,<environment.Job instance at 0x7f786dc6cd70>,8,20,[3 9],9,-1,29,-1,9
1,<environment.Job instance at 0x7f786dc64280>,13,24,[5 8],14,-1,38,-1,14
1,<environment.Job instance at 0x7f786dc643c0>,14,20,[5 5],15,-1,35,-1,15
1,<environment.Job instance at 0x7f786dc64410>,16,16,[ 2 10],17,-1,34,-1,18
1,<environment.Job instance at 0x7f786cd8e410>,17,28,[8 4],18,-1,46,-1,18
1,<environment.Job instance at 0x7f786dc644b0>,18,17,[10  4],19,-1,37,-1,20
1,<environment.Job instance at 0x7f786dc64690>,20,13,[10  3],21,-1,34,-1,21
1,<environment.Job instance at 0x7f786dc64730>,21,18,[10  5],22,-1,40,-1,22
1,<environment.Job instance at 0x7f786dc64550>,19,16,[ 5 10],20,-1,41,-1,25
1,<environment.Job instance at 0x7f786dc64af0>,26,13,[14  4],27,-1,69,-1,56
1,<environment.Job instance at 0x7f786dc64e60>,32,20,[13  3],33,-1,82,-1,62
1,<environment.Job instance at 0x7f786dc66370>,40,12,[5 9],41,-1,74,-1,62
1,<environment.Job instance at 0x7f786dc649b0>,27,24,[ 2 14],28,-1,86,-1,62
1,<environment.Job instance at 0x7f786dc66550>,43,17,[11  5],44,-1,79,-1,62
1,<environment.Job instance at 0x7f786dc66410>,41,12,[ 4 10],42,-1,74,-1,62
1,<environment.Job instance at 0x7f786dc66a00>,46,22,[ 4 11],47,-1,84,-1,62
1,<environment.Job instance at 0x7f786dc66aa0>,47,13,[8 4],48,-1,76,-1,63
1,<environment.Job instance at 0x7f786dc66b90>,49,23,[4 6],50,-1,87,-1,64
1,<environment.Job instance at 0x7f786dc665f0>,44,18,[3 7],45,-1,82,-1,64
1,<environment.Job instance at 0x7f786dc66c30>,51,15,[6 4],52,-1,79,-1,64
1,<environment.Job instance at 0x7f786dc662d0>,39,24,[3 6],40,-1,88,-1,64
1,<environment.Job instance at 0x7f786dc66870>,50,3,[2 9],51,-1,67,-1,64
1,<environment.Job instance at 0x7f786dc66e60>,54,12,[ 2 12],55,-1,76,-1,64
1,<environment.Job instance at 0x7f786dc66b40>,55,21,[10  5],56,-1,85,-1,64
1,<environment.Job instance at 0x7f786d780af0>,7,2,[14  1],8,-1,10,-1,8
1,<environment.Job instance at 0x7f786d780690>,5,25,[5 3],6,-1,42,-1,17
1,<environment.Job instance at 0x7f786d780320>,9,15,[ 2 13],10,-1,32,-1,17
1,<environment.Job instance at 0x7f786c65cf50>,13,24,[5 8],14,-1,47,-1,23
1,<environment.Job instance at 0x7f786cd64d20>,15,24,[ 4 11],16,-1,47,-1,23
1,<environment.Job instance at 0x7f786cd64be0>,17,28,[8 4],18,-1,51,-1,23
1,<environment.Job instance at 0x7f786d0ba320>,4,28,[ 4 10],5,-1,64,-1,36
1,<environment.Job instance at 0x7f786d83e410>,22,24,[13  3],23,-1,60,-1,36
1,<environment.Job instance at 0x7f786d83ed70>,23,16,[ 5 12],24,-1,52,-1,36
1,<environment.Job instance at 0x7f786cd610a0>,24,2,[13  5],25,-1,38,-1,36
1,<environment.Job instance at 0x7f786ddda780>,25,22,[ 3 12],26,-1,58,-1,36
1,<environment.Job instance at 0x7f786dddaaa0>,26,13,[14  4],27,-1,49,-1,36
1,<environment.Job instance at 0x7f786cd5a190>,27,24,[ 2 14],28,-1,60,-1,36
1,<environment.Job instance at 0x7f786d14f730>,32,20,[13  3],33,-1,72,-1,52
1,<environment.Job instance at 0x7f786d14f5a0>,34,17,[13  1],35,-1,72,-1,55
1,<environment.Job instance at 0x7f786d14f6e0>,37,12,[12  5],38,-1,81,-1,69
1,<environment.Job instance at 0x7f786d14faf0>,39,24,[3 6],40,-1,103,-1,79
1,<environment.Job instance at 0x7f786da3b1e0>,43,17,[11  5],44,-1,110,-1,93
1,<environment.Job instance at 0x7f786dc0caf0>,46,22,[ 4 11],47,-1,120,-1,98
1,<environment.Job instance at 0x7f786dc0c2d0>,48,3,[13  5],49,-1,102,-1,99
1,<environment.Job instance at 0x7f786d640370>,49,23,[4 6],50,-1,133,-1,110
1,<environment.Job instance at 0x7f786d18fd20>,52,18,[ 4 13],53,-1,129,-1,111
1,<environment.Job instance at 0x7f786d7dce10>,54,12,[ 2 12],55,-1,126,-1,114
1,<environment.Job instance at 0x7f786d770b90>,56,18,[ 1 13],57,-1,132,-1,114
1,<environment.Job instance at 0x7f786d75ea00>,59,3,[13  1],60,-1,132,-1,129
1,<environment.Job instance at 0x7f786d75ea50>,62,17,[14  2],63,-1,146,-1,129
1,<environment.Job instance at 0x7f786d9ee320>,0,16,[3 7],1,-1,17,-1,1
1,<environment.Job instance at 0x7f786c6fba50>,1,13,[9 1],2,-1,17,-1,4
1,<environment.Job instance at 0x7f786cc85a00>,2,18,[10  3],3,-1,22,-1,4
1,<environment.Job instance at 0x7f786d03a1e0>,6,16,[1 7],7,-1,24,-1,8
1,<environment.Job instance at 0x7f786d03ad70>,8,23,[5 6],9,-1,32,-1,9
1,<environment.Job instance at 0x7f786d03a870>,12,18,[3 6],13,-1,31,-1,13
1,<environment.Job instance at 0x7f786d03a960>,14,27,[ 5 10],15,-1,47,-1,20
1,<environment.Job instance at 0x7f786d03a8c0>,19,20,[11  4],20,-1,40,-1,20
1,<environment.Job instance at 0x7f786d03a500>,15,28,[13  4],16,-1,48,-1,20
1,<environment.Job instance at 0x7f786c954370>,20,28,[6 5],21,-1,49,-1,21
1,<environment.Job instance at 0x7f786c9545a0>,21,26,[2 6],22,-1,48,-1,22
1,<environment.Job instance at 0x7f786c954d70>,22,20,[8 4],23,-1,43,-1,23
1,<environment.Job instance at 0x7f786da0c280>,3,2,[ 4 11],4,-1,6,-1,4
1,<environment.Job instance at 0x7f786dc66730>,5,12,[ 1 14],6,-1,18,-1,6
1,<environment.Job instance at 0x7f786dc64a00>,7,28,[ 1 14],8,-1,36,-1,8
1,<environment.Job instance at 0x7f786cd7ed70>,9,24,[ 4 14],10,-1,34,-1,10
1,<environment.Job instance at 0x7f786c9658c0>,10,12,[ 4 14],11,-1,23,-1,11
1,<environment.Job instance at 0x7f786c965e60>,11,23,[11  2],12,-1,35,-1,12
1,<environment.Job instance at 0x7f786c965a00>,13,14,[12  1],14,-1,28,-1,14
1,<environment.Job instance at 0x7f786cd7eaf0>,8,23,[5 6],9,-1,40,-1,17
1,<environment.Job instance at 0x7f786cb4c0f0>,15,28,[13  4],16,-1,45,-1,17
1,<environment.Job instance at 0x7f786cd83140>,16,24,[5 2],17,-1,41,-1,17
1,<environment.Job instance at 0x7f786cd835a0>,17,18,[ 4 12],18,-1,36,-1,18
1,<environment.Job instance at 0x7f786c722b40>,18,25,[11  1],19,-1,44,-1,19
1,<environment.Job instance at 0x7f786ddd8050>,19,20,[11  4],20,-1,40,-1,20
1,<environment.Job instance at 0x7f786d63a1e0>,20,28,[6 5],21,-1,51,-1,23
1,<environment.Job instance at 0x7f786c6fd640>,21,26,[2 6],22,-1,49,-1,23
1,<environment.Job instance at 0x7f786d61fcd0>,25,23,[2 8],26,-1,53,-1,30
1,<environment.Job instance at 0x7f786d61f5f0>,26,25,[ 4 13],27,-1,55,-1,30
1,<environment.Job instance at 0x7f786d649870>,27,28,[1 6],28,-1,58,-1,30
1,<environment.Job instance at 0x7f786ccd2820>,14,27,[ 5 10],15,-1,57,-1,30
1,<environment.Job instance at 0x7f786d3b16e0>,29,22,[ 3 13],30,-1,52,-1,30
1,<environment.Job instance at 0x7f786d3b1a50>,30,15,[13  3],31,-1,46,-1,31
1,<environment.Job instance at 0x7f786d3b1be0>,31,1,[ 1 13],32,-1,33,-1,32
1,<environment.Job instance at 0x7f786d3b1690>,32,13,[12  5],33,-1,46,-1,33
1,<environment.Job instance at 0x7f786ca51910>,35,26,[12  4],36,-1,67,-1,41
1,<environment.Job instance at 0x7f786ca51140>,36,19,[ 5 12],37,-1,60,-1,41
1,<environment.Job instance at 0x7f786ca51f00>,39,27,[10  2],40,-1,68,-1,41
1,<environment.Job instance at 0x7f786ca51d20>,40,26,[ 3 13],41,-1,67,-1,41
1,<environment.Job instance at 0x7f786ca51f50>,41,28,[9 5],42,-1,72,-1,44
1,<environment.Job instance at 0x7f786ca51370>,42,24,[8 5],43,-1,68,-1,44
1,<environment.Job instance at 0x7f786c65b8c0>,51,25,[ 3 13],52,-1,99,-1,74
1,<environment.Job instance at 0x7f786c65b190>,52,1,[12  1],53,-1,75,-1,74
1,<environment.Job instance at 0x7f786d75ef50>,54,28,[14  1],55,-1,105,-1,77
1,<environment.Job instance at 0x7f786de53190>,55,23,[5 5],56,-1,100,-1,77
1,<environment.Job instance at 0x7f786d75ee60>,56,28,[ 5 12],57,-1,105,-1,77
1,<environment.Job instance at 0x7f786d770050>,58,24,[ 2 11],59,-1,101,-1,77
1,<environment.Job instance at 0x7f786da3b1e0>,60,13,[13  4],61,-1,90,-1,77
1,<environment.Job instance at 0x7f786ddda500>,61,15,[ 4 12],62,-1,92,-1,77
1,<environment.Job instance at 0x7f786d83e410>,62,23,[1 5],63,-1,100,-1,77
1,<environment.Job instance at 0x7f786d83e7d0>,63,20,[12  2],64,-1,97,-1,77
1,<environment.Job instance at 0x7f786cd64aa0>,65,28,[13  4],66,-1,105,-1,77
1,<environment.Job instance at 0x7f786cd64af0>,66,16,[13  2],67,-1,93,-1,77
1,<environment.Job instance at 0x7f786cd64500>,67,16,[ 5 12],68,-1,93,-1,77
1,<environment.Job instance at 0x7f786c65cf50>,70,24,[ 5 13],71,-1,117,-1,93
1,<environment.Job instance at 0x7f786d1757d0>,71,13,[ 4 14],72,-1,106,-1,93
1,<environment.Job instance at 0x7f786d780730>,74,18,[ 5 13],75,-1,113,-1,95
1,<environment.Job instance at 0x7f786d780a00>,75,26,[1 5],76,-1,122,-1,96
1,<environment.Job instance at 0x7f786d780320>,76,3,[ 4 11],77,-1,99,-1,96
1,<environment.Job instance at 0x7f786cda2b90>,78,25,[9 4],79,-1,123,-1,98
1,<environment.Job instance at 0x7f786c9548c0>,81,13,[11  4],82,-1,128,-1,115
1,<environment.Job instance at 0x7f786cf42eb0>,83,24,[13  5],84,-1,140,-1,116
1,<environment.Job instance at 0x7f786d9ee640>,84,27,[2 8],85,-1,160,-1,133
1,<environment.Job instance at 0x7f786d9ee0a0>,85,26,[4 6],86,-1,159,-1,133
1,<environment.Job instance at 0x7f786c6fbc30>,86,15,[ 4 14],87,-1,148,-1,133
1,<environment.Job instance at 0x7f786c6fbaa0>,87,26,[ 1 13],88,-1,159,-1,133
1,<environment.Job instance at 0x7f786d15fcd0>,89,27,[10  2],90,-1,161,-1,134
1,<environment.Job instance at 0x7f78765bdeb0>,1,19,[1 5],2,-1,22,-1,3
1,<environment.Job instance at 0x7f786dde84b0>,0,18,[12  3],1,-1,19,-1,1
1,<environment.Job instance at 0x7f786cf426e0>,3,12,[14  1],4,-1,16,-1,4
1,<environment.Job instance at 0x7f786c83e280>,5,19,[13  5],6,-1,25,-1,6
1,<environment.Job instance at 0x7f786d75e230>,6,24,[10  5],7,-1,31,-1,7
1,<environment.Job instance at 0x7f786d75ea50>,7,22,[12  2],8,-1,30,-1,8
1,<environment.Job instance at 0x7f786db6fe60>,9,15,[13  2],10,-1,25,-1,10
1,<environment.Job instance at 0x7f786c94daa0>,10,26,[9 4],11,-1,37,-1,11
1,<environment.Job instance at 0x7f786c94d780>,12,26,[12  1],13,-1,39,-1,13
1,<environment.Job instance at 0x7f786ce25640>,18,14,[12  5],19,-1,44,-1,30
1,<environment.Job instance at 0x7f786ce4c780>,20,16,[12  5],21,-1,46,-1,30
1,<environment.Job instance at 0x7f786ce4c5a0>,28,24,[5 9],29,-1,100,-1,76
1,<environment.Job instance at 0x7f786ce4c140>,29,18,[ 1 12],30,-1,94,-1,76
1,<environment.Job instance at 0x7f786ce4ce10>,30,28,[9 5],31,-1,104,-1,76
1,<environment.Job instance at 0x7f78763d31e0>,34,24,[6 4],35,-1,113,-1,89
1,<environment.Job instance at 0x7f78763d38c0>,36,25,[8 5],37,-1,114,-1,89
1,<environment.Job instance at 0x7f78763d3190>,38,13,[ 2 14],39,-1,102,-1,89
1,<environment.Job instance at 0x7f78763d30a0>,39,13,[13  3],40,-1,102,-1,89
1,<environment.Job instance at 0x7f78763d3050>,40,22,[11  5],41,-1,111,-1,89
1,<environment.Job instance at 0x7f78763d3a00>,41,26,[11  5],42,-1,115,-1,89
1,<environment.Job instance at 0x7f78763d3d20>,42,28,[5 8],43,-1,118,-1,90
1,<environment.Job instance at 0x7f786c9b0be0>,43,27,[1 7],44,-1,117,-1,90
1,<environment.Job instance at 0x7f786c9b0910>,45,14,[ 1 13],46,-1,104,-1,90
1,<environment.Job instance at 0x7f786c9b0870>,48,13,[ 1 12],49,-1,115,-1,102
1,<environment.Job instance at 0x7f786c9b00a0>,49,23,[8 2],50,-1,128,-1,105
1,<environment.Job instance at 0x7f786c9b0f00>,50,23,[2 8],51,-1,128,-1,105
1,<environment.Job instance at 0x7f786c9b0dc0>,52,13,[11  2],53,-1,118,-1,105
1,<environment.Job instance at 0x7f786c9b01e0>,56,19,[ 1 11],57,-1,140,-1,121
1,<environment.Job instance at 0x7f786cc0be60>,57,24,[ 1 13],58,-1,145,-1,121
1,<environment.Job instance at 0x7f786cc0baa0>,60,14,[14  5],61,-1,137,-1,123
1,<environment.Job instance at 0x7f787678b8c0>,1,26,[8 5],2,-1,28,-1,2
1,<environment.Job instance at 0x7f786ce177d0>,4,18,[5 4],5,-1,23,-1,5
1,<environment.Job instance at 0x7f786dde8d70>,6,26,[ 5 11],7,-1,33,-1,7
1,<environment.Job instance at 0x7f786d7f55a0>,16,18,[3 6],17,-1,35,-1,17
1,<environment.Job instance at 0x7f786dd84730>,26,17,[9 5],27,-1,123,-1,106
1,<environment.Job instance at 0x7f786db720a0>,23,20,[ 2 12],24,-1,126,-1,106
1,<environment.Job instance at 0x7f786d2f9e60>,29,20,[3 6],30,-1,130,-1,110
1,<environment.Job instance at 0x7f786d423230>,25,27,[10  4],26,-1,137,-1,110
1,<environment.Job instance at 0x7f78769b6aa0>,32,21,[5 3],33,-1,131,-1,110
1,<environment.Job instance at 0x7f786dd84280>,27,24,[9 5],28,-1,134,-1,110
1,<environment.Job instance at 0x7f786cdde7d0>,43,23,[8 4],44,-1,151,-1,128
1,<environment.Job instance at 0x7f786ccf48c0>,38,22,[4 7],39,-1,150,-1,128
1,<environment.Job instance at 0x7f786cd00d20>,45,18,[10  2],46,-1,148,-1,130
1,<environment.Job instance at 0x7f78769b6320>,31,15,[1 9],32,-1,145,-1,130
1,<environment.Job instance at 0x7f786cd000a0>,44,20,[3 9],45,-1,150,-1,130
1,<environment.Job instance at 0x7f786dcd6370>,50,19,[7 3],51,-1,149,-1,130
1,<environment.Job instance at 0x7f786cde8c30>,51,26,[7 4],52,-1,156,-1,130
1,<environment.Job instance at 0x7f786cd248c0>,47,14,[5 6],48,-1,147,-1,133
1,<environment.Job instance at 0x7f786ccf3a00>,54,27,[ 2 11],55,-1,160,-1,133
1,<environment.Job instance at 0x7f786ccf3280>,55,18,[3 8],56,-1,151,-1,133
1,<environment.Job instance at 0x7f786d488eb0>,1,26,[8 5],2,-1,28,-1,2
1,<environment.Job instance at 0x7f786d488960>,3,13,[ 2 13],4,-1,17,-1,4
1,<environment.Job instance at 0x7f786d0028c0>,5,27,[13  2],6,-1,33,-1,6
1,<environment.Job instance at 0x7f786d488dc0>,6,26,[ 5 11],7,-1,33,-1,7
1,<environment.Job instance at 0x7f786d488f50>,7,17,[13  2],8,-1,25,-1,8
1,<environment.Job instance at 0x7f786d488050>,8,27,[11  3],9,-1,36,-1,9
1,<environment.Job instance at 0x7f786d488230>,10,15,[ 5 13],11,-1,26,-1,11
1,<environment.Job instance at 0x7f78763e93c0>,12,2,[14  4],13,-1,15,-1,13
1,<environment.Job instance at 0x7f78763e9320>,13,12,[12  3],14,-1,26,-1,14
1,<environment.Job instance at 0x7f78763e9e60>,15,26,[5 5],16,-1,43,-1,17
1,<environment.Job instance at 0x7f78763e95a0>,17,15,[12  1],18,-1,33,-1,18
1,<environment.Job instance at 0x7f78763e9460>,18,13,[12  3],19,-1,32,-1,19
1,<environment.Job instance at 0x7f78763e9410>,20,12,[14  1],21,-1,33,-1,21
1,<environment.Job instance at 0x7f786d901c80>,22,16,[ 2 12],23,-1,39,-1,23
1,<environment.Job instance at 0x7f786d901320>,23,20,[ 2 12],24,-1,44,-1,24
1,<environment.Job instance at 0x7f786d901910>,24,27,[1 6],25,-1,52,-1,25
1,<environment.Job instance at 0x7f78763e97d0>,25,27,[10  4],26,-1,56,-1,29
1,<environment.Job instance at 0x7f786d901640>,27,24,[9 5],28,-1,53,-1,29
1,<environment.Job instance at 0x7f786d9015a0>,30,13,[11  1],31,-1,44,-1,31
1,<environment.Job instance at 0x7f786cbfa320>,33,22,[ 2 11],34,-1,60,-1,38
1,<environment.Job instance at 0x7f786cbfa500>,34,1,[ 1 13],35,-1,39,-1,38
1,<environment.Job instance at 0x7f786cbfa460>,37,24,[10  4],38,-1,62,-1,38
1,<environment.Job instance at 0x7f786cbfad20>,39,2,[ 2 13],40,-1,42,-1,40
1,<environment.Job instance at 0x7f786cbfa0f0>,41,2,[ 3 11],42,-1,46,-1,44
1,<environment.Job instance at 0x7f786cbfa730>,42,3,[ 4 14],43,-1,47,-1,44
1,<environment.Job instance at 0x7f786d0c80a0>,46,27,[6 1],47,-1,88,-1,61
1,<environment.Job instance at 0x7f786cbfa870>,43,23,[8 4],44,-1,84,-1,61
1,<environment.Job instance at 0x7f786d0c8fa0>,52,3,[14  4],53,-1,69,-1,66
1,<environment.Job instance at 0x7f786cc0b230>,53,12,[ 5 14],54,-1,78,-1,66
1,<environment.Job instance at 0x7f786cc0b870>,54,27,[ 2 11],55,-1,93,-1,66
1,<environment.Job instance at 0x7f786d0c80f0>,51,26,[7 4],52,-1,110,-1,84
1,<environment.Job instance at 0x7f786cc0bb90>,57,12,[13  2],58,-1,96,-1,84
1,<environment.Job instance at 0x7f786cc0b8c0>,58,25,[14  3],59,-1,109,-1,84
1,<environment.Job instance at 0x7f786cc0b0a0>,59,2,[ 1 13],60,-1,86,-1,84
1,<environment.Job instance at 0x7f786cc0bc30>,61,14,[12  2],62,-1,98,-1,84
1,<environment.Job instance at 0x7f786cc0b370>,63,27,[9 3],64,-1,129,-1,102
1,<environment.Job instance at 0x7f786cc0b640>,65,1,[ 1 11],66,-1,103,-1,102
1,<environment.Job instance at 0x7f786cc0bb40>,68,21,[ 4 12],69,-1,125,-1,104
1,<environment.Job instance at 0x7f786c9b0960>,72,17,[13  2],73,-1,137,-1,120
1,<environment.Job instance at 0x7f90977a3a50>,2,22,[4 8],3,-1,29,-1,7
1,<environment.Job instance at 0x7f90977a3d70>,7,25,[6 2],8,-1,33,-1,8
1,<environment.Job instance at 0x7f90977a75f0>,16,16,[3 5],17,-1,36,-1,20
1,<environment.Job instance at 0x7f90977a7230>,13,28,[ 4 14],14,-1,50,-1,22
1,<environment.Job instance at 0x7f90977e2460>,0,28,[9 3],1,-1,29,-1,1
1,<environment.Job instance at 0x7f90a0e23780>,1,22,[11  3],2,-1,24,-1,2
1,<environment.Job instance at 0x7f90977e27d0>,3,3,[ 4 14],4,-1,7,-1,4
1,<environment.Job instance at 0x7f909779bd20>,8,22,[14  3],9,-1,31,-1,9
1,<environment.Job instance at 0x7f909779b050>,9,18,[ 2 13],10,-1,28,-1,10
1,<environment.Job instance at 0x7f909779b190>,10,18,[ 3 11],11,-1,29,-1,11
1,<environment.Job instance at 0x7f9097836eb0>,13,28,[ 4 14],14,-1,42,-1,14
1,<environment.Job instance at 0x7f909779b410>,5,24,[1 5],6,-1,43,-1,19
1,<environment.Job instance at 0x7f909779bd70>,7,25,[6 2],8,-1,50,-1,25
1,<environment.Job instance at 0x7f90978b2a00>,17,28,[ 5 10],18,-1,54,-1,26
1,<environment.Job instance at 0x7f9097945370>,18,3,[ 4 13],19,-1,29,-1,26
1,<environment.Job instance at 0x7f90978c70a0>,19,14,[ 3 11],20,-1,40,-1,26
1,<environment.Job instance at 0x7f90978c7be0>,20,1,[13  5],21,-1,27,-1,26
1,<environment.Job instance at 0x7f90978cee10>,23,27,[ 1 14],24,-1,53,-1,26
1,<environment.Job instance at 0x7f90978bd960>,25,27,[8 1],26,-1,67,-1,40
1,<environment.Job instance at 0x7f90978c8d20>,26,26,[5 5],27,-1,69,-1,43
1,<environment.Job instance at 0x7f909794b6e0>,29,25,[ 4 11],30,-1,68,-1,43
1,<environment.Job instance at 0x7f90979c2c80>,30,22,[ 5 13],31,-1,65,-1,43
1,<environment.Job instance at 0x7f9097899d20>,28,25,[5 7],29,-1,68,-1,43
1,<environment.Job instance at 0x7f909794bd70>,33,1,[11  3],34,-1,44,-1,43
1,<environment.Job instance at 0x7f9097951050>,31,27,[4 8],32,-1,72,-1,45
1,<environment.Job instance at 0x7f9097848e60>,37,13,[ 3 14],38,-1,58,-1,45
1,<environment.Job instance at 0x7f9097848dc0>,38,28,[ 2 12],39,-1,73,-1,45
1,<environment.Job instance at 0x7f9097865550>,40,24,[5 6],41,-1,71,-1,47
1,<environment.Job instance at 0x7f9097865eb0>,42,27,[5 2],43,-1,74,-1,47
1,<environment.Job instance at 0x7f9097865d70>,45,24,[ 1 13],46,-1,80,-1,56
1,<environment.Job instance at 0x7f90978f9730>,47,17,[12  2],48,-1,80,-1,63
1,<environment.Job instance at 0x7f90978654b0>,50,16,[ 2 11],51,-1,87,-1,71
1,<environment.Job instance at 0x7f90979500f0>,51,16,[12  2],52,-1,87,-1,71
1,<environment.Job instance at 0x7f9097950cd0>,53,27,[8 5],54,-1,103,-1,76
1,<environment.Job instance at 0x7f9097837230>,55,13,[13  1],56,-1,89,-1,76
1,<environment.Job instance at 0x7f90978b1f00>,61,23,[1 5],62,-1,146,-1,123
1,<environment.Job instance at 0x7f90978605a0>,66,13,[ 2 14],67,-1,152,-1,139
1,<environment.Job instance at 0x7f9096ef4820>,9,17,[3 7],10,-1,27,-1,10
1,<environment.Job instance at 0x7f9096ef4b40>,11,18,[1 9],12,-1,31,-1,13
1,<environment.Job instance at 0x7f9096ef5910>,17,21,[1 9],18,-1,39,-1,18
1,<environment.Job instance at 0x7f9096fccdc0>,2,14,[13  4],3,-1,17,-1,3
1,<environment.Job instance at 0x7f9096fce3c0>,4,22,[12  4],5,-1,27,-1,5
1,<environment.Job instance at 0x7f9096fce190>,5,23,[1 7],6,-1,29,-1,6
1,<environment.Job instance at 0x7f9096fced20>,7,1,[ 2 14],8,-1,9,-1,8
1,<environment.Job instance at 0x7f9096f638c0>,14,14,[13  3],15,-1,29,-1,15
1,<environment.Job instance at 0x7f9096f63820>,16,3,[ 2 12],17,-1,27,-1,24
1,<environment.Job instance at 0x7f9096f94af0>,10,25,[9 3],11,-1,51,-1,26
1,<environment.Job instance at 0x7f9096f5b190>,18,1,[13  2],19,-1,27,-1,26
1,<environment.Job instance at 0x7f9096f5bb90>,19,14,[11  3],20,-1,40,-1,26
1,<environment.Job instance at 0x7f9096fb0b90>,26,24,[11  5],27,-1,52,-1,28
1,<environment.Job instance at 0x7f9096fb0690>,28,25,[14  4],29,-1,66,-1,41
1,<environment.Job instance at 0x7f9096f66690>,30,26,[10  5],31,-1,85,-1,59
1,<environment.Job instance at 0x7f9096f5fb40>,33,2,[13  3],34,-1,61,-1,59
1,<environment.Job instance at 0x7f9096f5fb90>,34,21,[ 4 12],35,-1,80,-1,59
1,<environment.Job instance at 0x7f9096f6a5f0>,37,27,[2 9],38,-1,95,-1,68
1,<environment.Job instance at 0x7f9096f6afa0>,41,17,[12  2],42,-1,87,-1,70
1,<environment.Job instance at 0x7f9096f71550>,42,28,[2 8],43,-1,112,-1,84
1,<environment.Job instance at 0x7f9096f7aa00>,54,28,[2 7],55,-1,156,-1,128
1,<environment.Job instance at 0x7f9096f7a370>,52,24,[7 5],53,-1,152,-1,128
1,<environment.Job instance at 0x7f909700edc0>,55,28,[9 2],56,-1,157,-1,129
1,<environment.Job instance at 0x7f909718fc30>,60,20,[ 3 13],61,-1,151,-1,131
1,<environment.Job instance at 0x7f909713e6e0>,61,1,[ 2 14],62,-1,132,-1,131
1,<environment.Job instance at 0x7f9096f9f5a0>,62,2,[12  2],63,-1,133,-1,131
1,<environment.Job instance at 0x7f9096f7efa0>,65,16,[11  1],66,-1,151,-1,135
1,<environment.Job instance at 0x7f9096ff09b0>,68,17,[11  3],69,-1,165,-1,148
1,<environment.Job instance at 0x7f90a0e15730>,0,25,[4 5],1,-1,26,-1,1
1,<environment.Job instance at 0x7f90a0e15af0>,1,25,[6 3],2,-1,27,-1,2
1,<environment.Job instance at 0x7f90a0e15fa0>,3,17,[9 4],4,-1,22,-1,5
1,<environment.Job instance at 0x7f90a0e15410>,4,13,[12  4],5,-1,18,-1,5
1,<environment.Job instance at 0x7f90a0e15230>,8,22,[3 9],9,-1,32,-1,10
1,<environment.Job instance at 0x7f90a0e15320>,9,16,[11  1],10,-1,27,-1,11
1,<environment.Job instance at 0x7f9096d564b0>,15,18,[10  5],16,-1,34,-1,16
1,<environment.Job instance at 0x7f9096d56050>,17,24,[2 7],18,-1,43,-1,19
1,<environment.Job instance at 0x7f90a0e15050>,18,16,[11  2],19,-1,35,-1,19
1,<environment.Job instance at 0x7f9096d561e0>,21,17,[5 5],22,-1,40,-1,23
1,<environment.Job instance at 0x7f9096d54d20>,0,25,[4 5],1,-1,26,-1,1
1,<environment.Job instance at 0x7f9096d542d0>,1,25,[6 3],2,-1,27,-1,2
1,<environment.Job instance at 0x7f9096d541e0>,2,2,[11  1],3,-1,5,-1,3
1,<environment.Job instance at 0x7f9096db6f00>,4,13,[12  4],5,-1,18,-1,5
1,<environment.Job instance at 0x7f9096db6780>,6,13,[ 1 13],7,-1,20,-1,7
1,<environment.Job instance at 0x7f9096db60f0>,7,26,[ 1 13],8,-1,34,-1,8
1,<environment.Job instance at 0x7f9096d548c0>,9,16,[11  1],10,-1,26,-1,10
1,<environment.Job instance at 0x7f9096da8d20>,10,14,[14  2],11,-1,25,-1,11
1,<environment.Job instance at 0x7f9096da88c0>,16,2,[ 5 13],17,-1,23,-1,21
1,<environment.Job instance at 0x7f9096da8cd0>,18,16,[11  2],19,-1,37,-1,21
1,<environment.Job instance at 0x7f9096da85f0>,19,22,[ 2 12],20,-1,43,-1,21
1,<environment.Job instance at 0x7f9096da8d70>,17,24,[2 7],18,-1,55,-1,31
1,<environment.Job instance at 0x7f9096da8320>,14,25,[2 8],15,-1,56,-1,31
1,<environment.Job instance at 0x7f9096da8280>,23,18,[12  1],24,-1,49,-1,31
1,<environment.Job instance at 0x7f9096daa320>,26,25,[8 5],27,-1,70,-1,45
1,<environment.Job instance at 0x7f9096daa190>,29,18,[ 2 14],30,-1,63,-1,45
1,<environment.Job instance at 0x7f9096daacd0>,30,24,[9 1],31,-1,70,-1,46
1,<environment.Job instance at 0x7f9096daa910>,31,25,[7 1],32,-1,71,-1,46
1,<environment.Job instance at 0x7f9096daafa0>,32,24,[12  5],33,-1,70,-1,46
1,<environment.Job instance at 0x7f9096daa6e0>,33,23,[10  2],34,-1,69,-1,46
1,<environment.Job instance at 0x7f9096daaf00>,34,15,[ 1 11],35,-1,61,-1,46
1,<environment.Job instance at 0x7f9096daadc0>,35,16,[ 5 12],36,-1,62,-1,46
1,<environment.Job instance at 0x7f9096de51e0>,36,27,[ 4 14],37,-1,73,-1,46
1,<environment.Job instance at 0x7f9096daaeb0>,37,23,[2 9],38,-1,70,-1,47
1,<environment.Job instance at 0x7f9096de1870>,39,15,[13  1],40,-1,62,-1,47
1,<environment.Job instance at 0x7f9096de1e10>,44,12,[ 4 12],45,-1,75,-1,63
1,<environment.Job instance at 0x7f9096de1730>,45,26,[10  2],46,-1,92,-1,66
1,<environment.Job instance at 0x7f9096de15a0>,46,22,[ 4 13],47,-1,88,-1,66
1,<environment.Job instance at 0x7f9096de1050>,47,16,[14  5],48,-1,82,-1,66
1,<environment.Job instance at 0x7f9096e2d0f0>,51,2,[13  1],52,-1,68,-1,66
1,<environment.Job instance at 0x7f9096e2d500>,52,27,[1 9],53,-1,107,-1,80
1,<environment.Job instance at 0x7f9096e2dcd0>,56,27,[9 5],57,-1,110,-1,83
1,<environment.Job instance at 0x7f9096e2d5a0>,65,25,[ 5 10],66,-1,162,-1,137
1,<environment.Job instance at 0x7f9096e3f500>,68,20,[14  4],69,-1,157,-1,137
1,<environment.Job instance at 0x7f9096e3f6e0>,71,25,[12  4],72,-1,162,-1,137
1,<environment.Job instance at 0x7f909829aaa0>,0,16,[10  4],1,-1,18,-1,2
1,<environment.Job instance at 0x7f9097d5fbe0>,4,19,[8 2],5,-1,24,-1,5
1,<environment.Job instance at 0x7f9097d5f7d0>,8,12,[8 5],9,-1,21,-1,9
1,<environment.Job instance at 0x7f9097d5fe10>,9,21,[9 2],10,-1,31,-1,10
1,<environment.Job instance at 0x7f90971ec230>,1,18,[ 4 13],2,-1,29,-1,11
1,<environment.Job instance at 0x7f9097d5f820>,11,16,[ 5 11],12,-1,28,-1,12
1,<environment.Job instance at 0x7f9097d5f9b0>,12,2,[1 8],13,-1,15,-1,13
1,<environment.Job instance at 0x7f9096e9a370>,14,25,[3 8],15,-1,40,-1,15
1,<environment.Job instance at 0x7f9097d5faf0>,15,28,[2 8],16,-1,71,-1,43
1,<environment.Job instance at 0x7f9096e9a280>,17,27,[9 3],18,-1,70,-1,43
1,<environment.Job instance at 0x7f9097338a00>,28,19,[6 3],29,-1,62,-1,43
1,<environment.Job instance at 0x7f90973386e0>,27,13,[1 9],28,-1,56,-1,43
1,<environment.Job instance at 0x7f90972bd780>,32,16,[10  3],33,-1,59,-1,43
1,<environment.Job instance at 0x7f9096d952d0>,1,18,[ 4 13],2,-1,20,-1,2
1,<environment.Job instance at 0x7f9096d99870>,2,23,[11  2],3,-1,26,-1,3
1,<environment.Job instance at 0x7f9096d993c0>,3,1,[11  5],4,-1,5,-1,4
1,<environment.Job instance at 0x7f909807a8c0>,5,19,[14  4],6,-1,25,-1,6
1,<environment.Job instance at 0x7f9096d990f0>,7,14,[ 5 11],8,-1,22,-1,8
1,<environment.Job instance at 0x7f9096d99050>,10,18,[14  2],11,-1,29,-1,11
1,<environment.Job instance at 0x7f9096d99910>,11,16,[ 5 11],12,-1,28,-1,12
1,<environment.Job instance at 0x7f9096d99280>,14,25,[3 8],15,-1,42,-1,17
1,<environment.Job instance at 0x7f9096d99cd0>,15,28,[2 8],16,-1,45,-1,17
1,<environment.Job instance at 0x7f9097338960>,16,3,[ 5 14],17,-1,20,-1,17
1,<environment.Job instance at 0x7f9098292780>,18,15,[13  3],19,-1,34,-1,19
1,<environment.Job instance at 0x7f90982922d0>,17,27,[9 3],18,-1,56,-1,29
1,<environment.Job instance at 0x7f9097aa3cd0>,20,12,[ 3 12],21,-1,41,-1,29
1,<environment.Job instance at 0x7f9097aa3f50>,21,1,[ 3 11],22,-1,30,-1,29
1,<environment.Job instance at 0x7f90972bd4b0>,25,12,[ 2 12],26,-1,41,-1,29
1,<environment.Job instance at 0x7f90971ec3c0>,26,27,[ 1 13],27,-1,56,-1,29
1,<environment.Job instance at 0x7f90978e7a50>,30,2,[13  5],31,-1,33,-1,31
1,<environment.Job instance at 0x7f90a0e16af0>,33,24,[11  3],34,-1,68,-1,44
1,<environment.Job instance at 0x7f90a0e16b40>,34,18,[13  3],35,-1,62,-1,44
1,<environment.Job instance at 0x7f90a0989780>,37,23,[10  3],38,-1,103,-1,80
1,<environment.Job instance at 0x7f9097895c80>,42,24,[7 5],43,-1,116,-1,92
1,<environment.Job instance at 0x7f9097895410>,43,20,[14  5],44,-1,112,-1,92
1,<environment.Job instance at 0x7f9097f7a5f0>,45,18,[14  1],46,-1,110,-1,92
1,<environment.Job instance at 0x7f9097824230>,46,27,[5 5],47,-1,120,-1,93
1,<environment.Job instance at 0x7f9097b764b0>,49,13,[14  1],50,-1,120,-1,107
1,<environment.Job instance at 0x7f90978ec8c0>,51,3,[ 5 12],52,-1,110,-1,107
1,<environment.Job instance at 0x7f9097e23be0>,53,21,[ 2 11],54,-1,129,-1,108
1,<environment.Job instance at 0x7f9097a7a820>,54,1,[14  3],55,-1,109,-1,108
1,<environment.Job instance at 0x7f9097555a50>,57,19,[11  1],58,-1,130,-1,111
1,<environment.Job instance at 0x7f9097555af0>,61,27,[1 8],62,-1,154,-1,127
1,<environment.Job instance at 0x7f9097555640>,62,19,[ 5 14],63,-1,146,-1,127
1,<environment.Job instance at 0x7f9097555f00>,64,3,[13  1],65,-1,130,-1,127
1,<environment.Job instance at 0x7f909821e9b0>,68,3,[ 1 13],69,-1,146,-1,143
1,<environment.Job instance at 0x7f9097c316e0>,0,18,[7 1],1,-1,20,-1,2
1,<environment.Job instance at 0x7f9097f6be10>,1,16,[1 8],2,-1,18,-1,2
1,<environment.Job instance at 0x7f90982eaf50>,3,18,[ 3 10],4,-1,23,-1,5
1,<environment.Job instance at 0x7f90982eac30>,5,22,[11  4],6,-1,28,-1,6
1,<environment.Job instance at 0x7f90982eaa00>,4,26,[1 5],5,-1,32,-1,6
1,<environment.Job instance at 0x7f90982f8320>,10,15,[11  4],11,-1,27,-1,12
1,<environment.Job instance at 0x7f90982f2500>,15,15,[ 2 11],16,-1,31,-1,16
1,<environment.Job instance at 0x7f90982f2690>,16,23,[7 4],17,-1,40,-1,17
1,<environment.Job instance at 0x7f90982f25f0>,17,22,[9 4],18,-1,40,-1,18
1,<environment.Job instance at 0x7f9098301dc0>,18,17,[5 5],19,-1,36,-1,19
1,<environment.Job instance at 0x7f90983019b0>,20,15,[9 4],21,-1,36,-1,21
1,<environment.Job instance at 0x7f9098301d20>,23,20,[5 4],24,-1,44,-1,24
1,<environment.Job instance at 0x7f9097c36af0>,5,22,[11  4],6,-1,28,-1,6
1,<environment.Job instance at 0x7f90972a0cd0>,6,21,[11  3],7,-1,28,-1,7
1,<environment.Job instance at 0x7f90972a0f00>,8,19,[14  3],9,-1,28,-1,9
1,<environment.Job instance at 0x7f90972a0be0>,10,15,[11  4],11,-1,26,-1,11
1,<environment.Job instance at 0x7f9097c684b0>,11,17,[11  1],12,-1,29,-1,12
1,<environment.Job instance at 0x7f9097c68e60>,12,2,[ 1 14],13,-1,15,-1,13
1,<environment.Job instance at 0x7f9097afaa00>,13,12,[13  2],14,-1,26,-1,14
1,<environment.Job instance at 0x7f9097bc2cd0>,4,26,[1 5],5,-1,42,-1,16
1,<environment.Job instance at 0x7f9097afa280>,15,15,[ 2 11],16,-1,31,-1,16
1,<environment.Job instance at 0x7f9097e58d70>,16,23,[7 4],17,-1,40,-1,17
1,<environment.Job instance at 0x7f90972a0870>,7,23,[ 4 10],8,-1,41,-1,18
1,<environment.Job instance at 0x7f90978b29b0>,25,25,[12  3],26,-1,61,-1,36
1,<environment.Job instance at 0x7f90978b2cd0>,24,28,[10  3],25,-1,79,-1,51
1,<environment.Job instance at 0x7f90977fb8c0>,30,16,[14  3],31,-1,67,-1,51
1,<environment.Job instance at 0x7f90978520a0>,36,21,[12  5],37,-1,86,-1,65
1,<environment.Job instance at 0x7f9097852320>,39,24,[11  4],40,-1,102,-1,78
1,<environment.Job instance at 0x7f9097852d20>,38,25,[6 1],39,-1,105,-1,80
1,<environment.Job instance at 0x7f9097ade690>,41,27,[5 1],42,-1,107,-1,80
1,<environment.Job instance at 0x7f90978529b0>,43,17,[14  5],44,-1,97,-1,80
1,<environment.Job instance at 0x7f90979f7fa0>,46,25,[8 3],47,-1,122,-1,97
1,<environment.Job instance at 0x7f9097ea57d0>,47,13,[13  1],48,-1,110,-1,97
1,<environment.Job instance at 0x7f9097ea52d0>,51,19,[12  1],52,-1,132,-1,113
1,<environment.Job instance at 0x7f9097802370>,55,13,[ 2 12],56,-1,142,-1,129
1,<environment.Job instance at 0x7f90978029b0>,56,25,[ 5 10],57,-1,165,-1,140
1,<environment.Job instance at 0x7f9097802a00>,58,26,[ 1 12],59,-1,167,-1,141
1,<environment.Job instance at 0x7f90978021e0>,59,28,[3 6],60,-1,171,-1,143
1,<environment.Job instance at 0x7f9097db6960>,61,12,[11  1],62,-1,155,-1,143
1,<environment.Job instance at 0x7f909791a0f0>,63,15,[13  2],64,-1,158,-1,143
1,<environment.Job instance at 0x7f9097859370>,64,17,[12  3],65,-1,160,-1,143
1,<environment.Job instance at 0x7f90978d7a00>,65,2,[ 4 12],66,-1,145,-1,143
1,<environment.Job instance at 0x7f9097802cd0>,57,26,[9 3],58,-1,173,-1,147
1,<environment.Job instance at 0x7f90978d7640>,67,28,[3 6],68,-1,175,-1,147
1,<environment.Job instance at 0x7f90978d7320>,69,19,[13  1],70,-1,166,-1,147
1,<environment.Job instance at 0x7f90975c7b90>,1,15,[10  4],2,-1,19,-1,4
1,<environment.Job instance at 0x7f90975c7b40>,3,25,[5 6],4,-1,29,-1,4
1,<environment.Job instance at 0x7f90975baa50>,10,17,[9 4],11,-1,29,-1,12
1,<environment.Job instance at 0x7f90975c7870>,11,23,[11  4],12,-1,35,-1,12
1,<environment.Job instance at 0x7f90975ba690>,12,18,[4 8],13,-1,32,-1,14
1,<environment.Job instance at 0x7f9097c097d0>,0,22,[ 1 12],1,-1,23,-1,1
1,<environment.Job instance at 0x7f9097c093c0>,2,3,[ 4 11],3,-1,6,-1,3
1,<environment.Job instance at 0x7f90971536e0>,3,25,[5 6],4,-1,29,-1,4
1,<environment.Job instance at 0x7f9098303c80>,4,26,[ 3 12],5,-1,31,-1,5
1,<environment.Job instance at 0x7f90982f80f0>,5,2,[ 4 13],6,-1,8,-1,6
1,<environment.Job instance at 0x7f90982f2960>,7,27,[5 7],8,-1,35,-1,8
1,<environment.Job instance at 0x7f9097aa3f50>,8,20,[ 4 14],9,-1,29,-1,9
1,<environment.Job instance at 0x7f90978c8dc0>,11,23,[11  4],12,-1,35,-1,12
1,<environment.Job instance at 0x7f90971ecdc0>,14,15,[12  4],15,-1,30,-1,15
1,<environment.Job instance at 0x7f90979f7fa0>,15,2,[ 1 12],16,-1,18,-1,16
1,<environment.Job instance at 0x7f9097aa3410>,13,23,[2 7],14,-1,40,-1,17
1,<environment.Job instance at 0x7f90979f70a0>,18,28,[6 4],19,-1,47,-1,19
1,<environment.Job instance at 0x7f90979142d0>,19,14,[14  3],20,-1,34,-1,20
1,<environment.Job instance at 0x7f90971d2c80>,21,25,[ 2 14],22,-1,47,-1,22
1,<environment.Job instance at 0x7f90975ba140>,25,3,[ 3 14],26,-1,40,-1,37
1,<environment.Job instance at 0x7f90975c7c30>,26,27,[10  1],27,-1,73,-1,46
1,<environment.Job instance at 0x7f90971da550>,30,28,[13  5],31,-1,86,-1,58
1,<environment.Job instance at 0x7f90978f98c0>,34,2,[ 2 14],35,-1,77,-1,75
1,<environment.Job instance at 0x7f90978f9b40>,35,14,[11  2],36,-1,89,-1,75
1,<environment.Job instance at 0x7f90978f94b0>,38,3,[14  5],39,-1,86,-1,83
1,<environment.Job instance at 0x7f90978f9dc0>,39,1,[ 3 12],40,-1,84,-1,83
1,<environment.Job instance at 0x7f90978f90f0>,42,13,[ 2 13],43,-1,109,-1,96
1,<environment.Job instance at 0x7f90978f92d0>,43,23,[5 1],44,-1,119,-1,96
1,<environment.Job instance at 0x7f90978f9b90>,44,14,[ 3 13],45,-1,110,-1,96
1,<environment.Job instance at 0x7f90978f9320>,46,26,[ 1 12],47,-1,122,-1,96
1,<environment.Job instance at 0x7f90978f9f50>,50,24,[11  5],51,-1,127,-1,103
1,<environment.Job instance at 0x7f909724caf0>,56,18,[14  2],57,-1,142,-1,124
1,<environment.Job instance at 0x7f909724ca50>,57,27,[5 7],58,-1,154,-1,127
1,<environment.Job instance at 0x7f909724c8c0>,59,21,[12  3],60,-1,148,-1,127
1,<environment.Job instance at 0x7f909724c780>,60,1,[ 5 12],61,-1,128,-1,127
1,<environment.Job instance at 0x7f909724c0f0>,62,16,[ 2 13],63,-1,143,-1,127
1,<environment.Job instance at 0x7f909724c9b0>,65,13,[14  1],66,-1,153,-1,140
1,<environment.Job instance at 0x7f909724c6e0>,66,3,[ 5 13],67,-1,143,-1,140
1,<environment.Job instance at 0x7f909724c410>,67,20,[ 2 13],68,-1,160,-1,140
1,<environment.Job instance at 0x7f909724c050>,68,27,[4 9],69,-1,173,-1,146
1,<environment.Job instance at 0x7f909724c0a0>,69,3,[ 2 13],70,-1,149,-1,146
1,<environment.Job instance at 0x7f909724c4b0>,70,2,[ 4 12],71,-1,148,-1,146
1,<environment.Job instance at 0x7f90971e2f00>,8,20,[5 6],9,-1,29,-1,9
1,<environment.Job instance at 0x7f90971e2e60>,9,15,[10  1],10,-1,26,-1,11
1,<environment.Job instance at 0x7f90971e2be0>,11,16,[6 5],12,-1,28,-1,12
1,<environment.Job instance at 0x7f90971e20f0>,13,12,[ 3 10],14,-1,26,-1,14
1,<environment.Job instance at 0x7f90971e2550>,15,20,[3 7],16,-1,36,-1,16
1,<environment.Job instance at 0x7f90971e2af0>,17,21,[1 7],18,-1,39,-1,18
1,<environment.Job instance at 0x7f90971e25f0>,18,16,[9 2],19,-1,35,-1,19
1,<environment.Job instance at 0x7f9097692a00>,25,17,[14  2],26,-1,45,-1,28
1,<environment.Job instance at 0x7f9096d80280>,27,17,[9 2],28,-1,49,-1,32
1,<environment.Job instance at 0x7f90978480a0>,0,17,[ 1 13],1,-1,18,-1,1
1,<environment.Job instance at 0x7f9097180fa0>,1,25,[4 9],2,-1,27,-1,2
1,<environment.Job instance at 0x7f9097180410>,3,14,[13  3],4,-1,18,-1,4
1,<environment.Job instance at 0x7f90978ee5a0>,14,12,[11  4],15,-1,33,-1,21
1,<environment.Job instance at 0x7f90978ee640>,20,17,[ 2 14],21,-1,52,-1,35
1,<environment.Job instance at 0x7f90978ee500>,22,1,[13  4],23,-1,38,-1,37
1,<environment.Job instance at 0x7f90978fcb90>,25,17,[14  2],26,-1,64,-1,47
1,<environment.Job instance at 0x7f90978fc730>,26,17,[ 1 12],27,-1,64,-1,47
1,<environment.Job instance at 0x7f90978fc320>,29,27,[11  4],30,-1,86,-1,59
1,<environment.Job instance at 0x7f90978fcbe0>,30,15,[ 2 13],31,-1,74,-1,59
1,<environment.Job instance at 0x7f90978fc820>,33,16,[11  3],34,-1,78,-1,62
1,<environment.Job instance at 0x7f90978fc050>,34,25,[6 2],35,-1,88,-1,63
1,<environment.Job instance at 0x7f90978fcf00>,35,17,[13  1],36,-1,80,-1,63
1,<environment.Job instance at 0x7f90978fc5a0>,36,23,[8 2],37,-1,86,-1,63
1,<environment.Job instance at 0x7f90978fc690>,37,26,[ 2 11],38,-1,89,-1,63
1,<environment.Job instance at 0x7f90978fc6e0>,39,1,[11  4],40,-1,64,-1,63
1,<environment.Job instance at 0x7f90978fc280>,40,26,[2 7],41,-1,90,-1,64
1,<environment.Job instance at 0x7f90978fc500>,43,24,[13  5],44,-1,88,-1,64
1,<environment.Job instance at 0x7f909724ce10>,45,12,[14  3],46,-1,91,-1,79
1,<environment.Job instance at 0x7f909724c410>,48,27,[6 5],49,-1,122,-1,95
1,<environment.Job instance at 0x7f909724c050>,50,13,[11  1],51,-1,108,-1,95
1,<environment.Job instance at 0x7f909724cdc0>,51,3,[ 2 11],52,-1,98,-1,95
1,<environment.Job instance at 0x7f909724cfa0>,60,24,[4 5],61,-1,157,-1,133
1,<environment.Job instance at 0x7f909724ceb0>,62,12,[13  3],63,-1,145,-1,133
1,<environment.Job instance at 0x7f90978f95f0>,63,25,[ 5 10],64,-1,167,-1,142
1,<environment.Job instance at 0x7f90978f9910>,65,14,[11  2],66,-1,156,-1,142
1,<environment.Job instance at 0x7f90978f9cd0>,66,15,[ 3 14],67,-1,157,-1,142
1,<environment.Job instance at 0x7f90978f9320>,68,27,[7 4],69,-1,174,-1,147
1,<environment.Job instance at 0x7f9097ae9c80>,0,20,[4 9],1,-1,21,-1,1
1,<environment.Job instance at 0x7f9097ae9550>,3,20,[1 8],4,-1,25,-1,5
1,<environment.Job instance at 0x7f9097ae9730>,5,17,[7 2],6,-1,23,-1,6
1,<environment.Job instance at 0x7f9097ae96e0>,6,18,[ 4 10],7,-1,25,-1,7
1,<environment.Job instance at 0x7f90973ee2d0>,7,13,[7 2],8,-1,21,-1,8
1,<environment.Job instance at 0x7f9097ae9820>,9,28,[11  4],10,-1,39,-1,11
1,<environment.Job instance at 0x7f90973ee7d0>,8,14,[ 2 12],9,-1,25,-1,11
1,<environment.Job instance at 0x7f90973eedc0>,11,15,[10  5],12,-1,32,-1,17
1,<environment.Job instance at 0x7f90973ee190>,13,22,[3 8],14,-1,65,-1,43
1,<environment.Job instance at 0x7f90973ee820>,12,25,[9 5],13,-1,101,-1,76
1,<environment.Job instance at 0x7f90971da190>,8,14,[ 2 12],9,-1,23,-1,9
1,<environment.Job instance at 0x7f90978f9820>,9,28,[11  4],10,-1,38,-1,10
1,<environment.Job instance at 0x7f90978f9870>,10,22,[ 5 12],11,-1,33,-1,11
1,<environment.Job instance at 0x7f90974a2910>,12,25,[9 5],13,-1,46,-1,21
1,<environment.Job instance at 0x7f90978f9370>,16,22,[ 1 13],17,-1,45,-1,23
1,<environment.Job instance at 0x7f90978f9a50>,17,3,[ 2 11],18,-1,26,-1,23
1,<environment.Job instance at 0x7f90978f9d20>,19,15,[ 5 14],20,-1,49,-1,34
1,<environment.Job instance at 0x7f90978f9230>,20,27,[3 6],21,-1,61,-1,34
1,<environment.Job instance at 0x7f90978f9cd0>,21,2,[12  1],22,-1,36,-1,34
1,<environment.Job instance at 0x7f90978f9c30>,23,18,[11  2],24,-1,52,-1,34
1,<environment.Job instance at 0x7f90978f9af0>,25,27,[8 1],26,-1,73,-1,46
1,<environment.Job instance at 0x7f909724cd20>,30,20,[14  2],31,-1,83,-1,63
1,<environment.Job instance at 0x7f909724caa0>,32,1,[ 5 14],33,-1,64,-1,63
1,<environment.Job instance at 0x7f909724cc80>,33,16,[12  5],34,-1,79,-1,63
1,<environment.Job instance at 0x7f909724c910>,35,18,[11  4],36,-1,82,-1,64
1,<environment.Job instance at 0x7f909724cdc0>,37,3,[ 4 11],38,-1,67,-1,64
1,<environment.Job instance at 0x7f909724ce10>,42,26,[7 4],43,-1,117,-1,91
1,<environment.Job instance at 0x7f909724c370>,43,24,[7 4],44,-1,115,-1,91
1,<environment.Job instance at 0x7f909724cd70>,44,3,[13  3],45,-1,94,-1,91
1,<environment.Job instance at 0x7f909724c640>,41,23,[2 9],42,-1,114,-1,91
1,<environment.Job instance at 0x7f9097374b40>,46,14,[13  2],47,-1,105,-1,91
1,<environment.Job instance at 0x7f9097ae9230>,48,2,[ 4 14],49,-1,93,-1,91
1,<environment.Job instance at 0x7f90981dc820>,51,14,[ 4 14],52,-1,106,-1,92
1,<environment.Job instance at 0x7f90981dcaa0>,55,28,[9 1],56,-1,147,-1,119
1,<environment.Job instance at 0x7f9098368fa0>,1,27,[5 2],2,-1,29,-1,2
1,<environment.Job instance at 0x7f9096be4960>,12,22,[8 3],13,-1,35,-1,13
1,<environment.Job instance at 0x7f9096be4d70>,15,21,[5 8],16,-1,37,-1,16
1,<environment.Job instance at 0x7f9097f645f0>,0,26,[10  3],1,-1,27,-1,1
1,<environment.Job instance at 0x7f9097f64730>,1,27,[5 2],2,-1,29,-1,2
1,<environment.Job instance at 0x7f9097f647d0>,2,12,[ 3 13],3,-1,15,-1,3
1,<environment.Job instance at 0x7f9097f643c0>,3,17,[14  5],4,-1,21,-1,4
1,<environment.Job instance at 0x7f9097f64dc0>,4,15,[14  2],5,-1,20,-1,5
1,<environment.Job instance at 0x7f9097f64320>,5,15,[ 1 12],6,-1,21,-1,6
1,<environment.Job instance at 0x7f9097f64190>,9,12,[ 1 12],10,-1,22,-1,10
1,<environment.Job instance at 0x7f90977528c0>,16,21,[11  3],17,-1,42,-1,21
1,<environment.Job instance at 0x7f9097752c30>,20,12,[11  2],21,-1,33,-1,21
1,<environment.Job instance at 0x7f9097752f00>,21,18,[ 3 11],22,-1,40,-1,22
1,<environment.Job instance at 0x7f9096f631e0>,24,24,[2 8],25,-1,62,-1,38
1,<environment.Job instance at 0x7f9096b7bf00>,25,24,[5 7],26,-1,62,-1,38
1,<environment.Job instance at 0x7f9097493370>,26,13,[14  2],27,-1,51,-1,38
1,<environment.Job instance at 0x7f9097752870>,27,12,[ 5 14],28,-1,50,-1,38
1,<environment.Job instance at 0x7f90977521e0>,28,28,[11  4],29,-1,66,-1,38
1,<environment.Job instance at 0x7f9097fb8550>,30,26,[1 8],31,-1,65,-1,39
1,<environment.Job instance at 0x7f9097f87050>,36,15,[ 1 14],37,-1,67,-1,52
1,<environment.Job instance at 0x7f9097f87230>,37,1,[ 3 13],38,-1,53,-1,52
1,<environment.Job instance at 0x7f9097f87e10>,38,23,[11  4],39,-1,75,-1,52
1,<environment.Job instance at 0x7f9097abee10>,35,24,[5 3],36,-1,79,-1,55
1,<environment.Job instance at 0x7f90977dd2d0>,44,26,[9 3],45,-1,97,-1,71
1,<environment.Job instance at 0x7f909786f5a0>,46,2,[14  4],47,-1,74,-1,72
1,<environment.Job instance at 0x7f909788dd20>,49,14,[14  2],50,-1,95,-1,81
1,<environment.Job instance at 0x7f909788dc30>,50,2,[14  4],51,-1,83,-1,81
1,<environment.Job instance at 0x7f9097f960f0>,51,15,[ 4 12],52,-1,96,-1,81
1,<environment.Job instance at 0x7f9097f96b40>,53,26,[8 3],54,-1,114,-1,88
1,<environment.Job instance at 0x7f9097868c30>,55,24,[3 9],56,-1,124,-1,100
1,<environment.Job instance at 0x7f909787b3c0>,58,13,[13  2],59,-1,113,-1,100
1,<environment.Job instance at 0x7f909787be10>,62,14,[ 3 13],63,-1,129,-1,115
1,<environment.Job instance at 0x7f9097898280>,63,23,[6 1],64,-1,139,-1,116
1,<environment.Job instance at 0x7f9097898410>,66,16,[13  3],67,-1,133,-1,117
1,<environment.Job instance at 0x7f9097fb4eb0>,71,26,[ 2 10],72,-1,174,-1,148
1,<environment.Job instance at 0x7f90977d4870>,7,17,[5 9],8,-1,25,-1,8
1,<environment.Job instance at 0x7f90977d4410>,8,17,[9 4],9,-1,28,-1,11
1,<environment.Job instance at 0x7f9097950230>,11,14,[9 5],12,-1,26,-1,12
1,<environment.Job instance at 0x7f9097950050>,13,16,[3 8],14,-1,30,-1,14
1,<environment.Job instance at 0x7f9097950af0>,14,18,[ 5 10],15,-1,33,-1,15
1,<environment.Job instance at 0x7f90979504b0>,15,15,[1 8],16,-1,31,-1,16
1,<environment.Job instance at 0x7f9097950d20>,16,22,[ 1 10],17,-1,39,-1,17
1,<environment.Job instance at 0x7f90979509b0>,17,21,[1 8],18,-1,39,-1,18
1,<environment.Job instance at 0x7f9097950500>,18,20,[2 9],19,-1,39,-1,19
1,<environment.Job instance at 0x7f9097950960>,19,27,[1 9],20,-1,47,-1,20
1,<environment.Job instance at 0x7f90977d4960>,10,28,[ 3 10],11,-1,52,-1,24
1,<environment.Job instance at 0x7f9097845550>,3,1,[14  4],4,-1,5,-1,4
1,<environment.Job instance at 0x7f909780be10>,4,17,[13  5],5,-1,22,-1,5
1,<environment.Job instance at 0x7f9097b29e10>,6,13,[ 4 11],7,-1,20,-1,7
1,<environment.Job instance at 0x7f909780b820>,10,28,[ 3 10],11,-1,42,-1,14
1,<environment.Job instance at 0x7f9097870190>,19,27,[1 9],20,-1,67,-1,40
1,<environment.Job instance at 0x7f9097870410>,20,25,[ 3 12],21,-1,65,-1,40
1,<environment.Job instance at 0x7f90a0e23910>,22,20,[ 1 13],23,-1,60,-1,40
1,<environment.Job instance at 0x7f90977e43c0>,25,15,[ 2 11],26,-1,58,-1,43
1,<environment.Job instance at 0x7f9097f83690>,28,26,[2 5],29,-1,70,-1,44
1,<environment.Job instance at 0x7f90977e47d0>,24,23,[10  3],25,-1,78,-1,55
1,<environment.Job instance at 0x7f9097f56960>,35,1,[14  3],36,-1,75,-1,74
1,<environment.Job instance at 0x7f9097e2d500>,36,14,[11  1],37,-1,88,-1,74
1,<environment.Job instance at 0x7f9098097690>,38,18,[14  5],39,-1,100,-1,82
1,<environment.Job instance at 0x7f9096eeac30>,39,15,[ 1 12],40,-1,97,-1,82
1,<environment.Job instance at 0x7f9097bc7cd0>,43,14,[ 5 11],44,-1,107,-1,93
1,<environment.Job instance at 0x7f90972e1b40>,47,16,[14  4],48,-1,134,-1,118
1,<environment.Job instance at 0x7f909839caa0>,49,16,[ 3 14],50,-1,136,-1,120
1,<environment.Job instance at 0x7f9097ae88c0>,54,23,[14  2],55,-1,172,-1,149
1,<environment.Job instance at 0x7f909823b910>,0,18,[10  5],1,-1,19,-1,1
1,<environment.Job instance at 0x7f909765ee10>,8,19,[5 9],9,-1,29,-1,10
1,<environment.Job instance at 0x7f9096c5df50>,11,17,[9 5],12,-1,29,-1,12
1,<environment.Job instance at 0x7f90970aedc0>,15,15,[ 1 10],16,-1,31,-1,16
1,<environment.Job instance at 0x7f90970ae870>,16,15,[7 1],17,-1,32,-1,17
1,<environment.Job instance at 0x7f90970ae960>,17,16,[8 4],18,-1,34,-1,18
1,<environment.Job instance at 0x7f90970aec80>,18,17,[5 5],19,-1,36,-1,19
1,<environment.Job instance at 0x7f9097b03a50>,27,19,[10  4],28,-1,47,-1,28
1,<environment.Job instance at 0x7f90970ae5a0>,24,18,[ 2 10],25,-1,49,-1,31
1,<environment.Job instance at 0x7f9097a82960>,29,24,[8 2],30,-1,55,-1,31
1,<environment.Job instance at 0x7f9097aab500>,9,15,[10  1],10,-1,48,-1,33
1,<environment.Job instance at 0x7f9097763f00>,36,23,[5 3],37,-1,82,-1,59
1,<environment.Job instance at 0x7f9097a820a0>,32,15,[14  1],33,-1,74,-1,59
1,<environment.Job instance at 0x7f90a09b35f0>,1,1,[13  2],2,-1,3,-1,2
1,<environment.Job instance at 0x7f90978689b0>,2,14,[13  2],3,-1,17,-1,3
1,<environment.Job instance at 0x7f9097868c30>,4,26,[4 7],5,-1,45,-1,19
1,<environment.Job instance at 0x7f9096eec410>,13,20,[ 1 14],14,-1,41,-1,21
1,<environment.Job instance at 0x7f90a0b73b40>,14,1,[ 3 14],15,-1,22,-1,21
1,<environment.Job instance at 0x7f90978295a0>,20,20,[ 5 13],21,-1,59,-1,39
1,<environment.Job instance at 0x7f9097829be0>,21,1,[ 5 13],22,-1,40,-1,39
1,<environment.Job instance at 0x7f9097829af0>,22,15,[ 3 13],23,-1,54,-1,39
1,<environment.Job instance at 0x7f9097883550>,30,25,[5 8],31,-1,108,-1,83
1,<environment.Job instance at 0x7f9097883410>,31,15,[11  2],32,-1,98,-1,83
1,<environment.Job instance at 0x7f909786f3c0>,32,15,[14  1],33,-1,98,-1,83
1,<environment.Job instance at 0x7f909786f820>,33,25,[ 2 10],34,-1,108,-1,83
1,<environment.Job instance at 0x7f9097883870>,29,24,[8 2],30,-1,107,-1,83
1,<environment.Job instance at 0x7f909786f5a0>,35,23,[7 1],36,-1,106,-1,83
1,<environment.Job instance at 0x7f909786f050>,36,23,[5 3],37,-1,106,-1,83
1,<environment.Job instance at 0x7f90974cf910>,37,26,[1 7],38,-1,109,-1,83
1,<environment.Job instance at 0x7f909788d6e0>,39,13,[ 2 12],40,-1,96,-1,83
1,<environment.Job instance at 0x7f909786f780>,40,27,[ 1 14],41,-1,110,-1,83
1,<environment.Job instance at 0x7f909788d550>,43,28,[ 5 13],44,-1,113,-1,85
1,<environment.Job instance at 0x7f909788ddc0>,51,1,[ 2 13],52,-1,116,-1,115
1,<environment.Job instance at 0x7f9097d85e10>,57,2,[11  1],58,-1,134,-1,132
1,<environment.Job instance at 0x7f9097bd33c0>,0,17,[2 8],1,-1,18,-1,1
1,<environment.Job instance at 0x7f9097bd3870>,2,12,[10  3],3,-1,17,-1,5
1,<environment.Job instance at 0x7f9097bd37d0>,4,16,[13  2],5,-1,21,-1,5
1,<environment.Job instance at 0x7f9097bd3640>,5,13,[9 5],6,-1,21,-1,8
1,<environment.Job instance at 0x7f9097bd3460>,8,18,[5 3],9,-1,27,-1,9
1,<environment.Job instance at 0x7f9097bd3be0>,9,15,[9 3],10,-1,25,-1,10
1,<environment.Job instance at 0x7f9097bd3410>,7,13,[9 3],8,-1,23,-1,10
1,<environment.Job instance at 0x7f9096e3f7d0>,15,15,[ 1 10],16,-1,32,-1,17
1,<environment.Job instance at 0x7f9096e3f500>,17,23,[3 5],18,-1,41,-1,18
1,<environment.Job instance at 0x7f9096e3f1e0>,23,21,[7 4],24,-1,46,-1,25
1,<environment.Job instance at 0x7f9096e3ff00>,25,15,[5 9],26,-1,42,-1,27
1,<environment.Job instance at 0x7f9096e3f550>,28,18,[ 1 11],29,-1,53,-1,35
1,<environment.Job instance at 0x7f9097bd3550>,16,22,[1 8],17,-1,57,-1,35
1,<environment.Job instance at 0x7f9096e3fa50>,29,12,[9 1],30,-1,49,-1,37
1,<environment.Job instance at 0x7f9096e3fbe0>,30,26,[5 7],31,-1,63,-1,37
1,<environment.Job instance at 0x7f9096e3f9b0>,24,22,[10  1],25,-1,65,-1,43
1,<environment.Job instance at 0x7f9096e3f640>,14,15,[11  3],15,-1,58,-1,43
1,<environment.Job instance at 0x7f9096c56190>,34,20,[5 9],35,-1,63,-1,43
1,<environment.Job instance at 0x7f9096c56730>,36,12,[10  3],37,-1,59,-1,47
1,<environment.Job instance at 0x7f9096e3fcd0>,33,15,[10  1],34,-1,63,-1,48
1,<environment.Job instance at 0x7f9096e3f2d0>,18,17,[12  3],19,-1,65,-1,48
1,<environment.Job instance at 0x7f9096c56f00>,38,18,[5 6],39,-1,72,-1,54
1,<environment.Job instance at 0x7f9096c560a0>,44,16,[4 7],45,-1,83,-1,67
1,<environment.Job instance at 0x7f9096c56910>,37,15,[1 7],38,-1,82,-1,67
1,<environment.Job instance at 0x7f9096c56d70>,47,20,[12  1],48,-1,87,-1,67
1,<environment.Job instance at 0x7f9096c560f0>,48,24,[ 5 13],49,-1,91,-1,67
1,<environment.Job instance at 0x7f9096c56b90>,49,23,[8 5],50,-1,92,-1,69
1,<environment.Job instance at 0x7f9096e3f6e0>,20,13,[13  2],21,-1,82,-1,69
1,<environment.Job instance at 0x7f9096c56dc0>,50,28,[4 9],51,-1,97,-1,69
1,<environment.Job instance at 0x7f9096c56b40>,51,24,[ 5 13],52,-1,93,-1,69
1,<environment.Job instance at 0x7f9096c56050>,52,19,[8 4],53,-1,88,-1,69
1,<environment.Job instance at 0x7f9096c56280>,55,12,[3 8],56,-1,81,-1,69
1,<environment.Job instance at 0x7f90a09bbcd0>,56,17,[3 9],57,-1,86,-1,69
1,<environment.Job instance at 0x7f9096c56550>,43,28,[ 3 14],44,-1,97,-1,69
1,<environment.Job instance at 0x7f9096c56690>,39,27,[5 9],40,-1,100,-1,73
1,<environment.Job instance at 0x7f90a09bb780>,58,25,[14  3],59,-1,98,-1,73
1,<environment.Job instance at 0x7f90a09bbdc0>,59,27,[14  3],60,-1,100,-1,73
1,<environment.Job instance at 0x7f9096c56e10>,35,25,[1 6],36,-1,98,-1,73
1,<environment.Job instance at 0x7f9096c567d0>,45,16,[9 5],46,-1,89,-1,73
1,<environment.Job instance at 0x7f90a09bbb40>,65,15,[11  3],66,-1,90,-1,75
1,<environment.Job instance at 0x7f90a09bb910>,63,15,[10  2],64,-1,90,-1,75
1,<environment.Job instance at 0x7f90a09bbf50>,61,14,[7 5],62,-1,89,-1,75
1,<environment.Job instance at 0x7f90a09bb190>,66,28,[4 7],67,-1,104,-1,76
1,<environment.Job instance at 0x7f90a09bb230>,69,17,[7 5],70,-1,93,-1,76
1,<environment.Job instance at 0x7f90a09bb870>,72,13,[5 9],73,-1,89,-1,76
1,<environment.Job instance at 0x7f909829baf0>,74,18,[11  5],75,-1,94,-1,76
1,<environment.Job instance at 0x7f90a09bba00>,60,18,[1 9],61,-1,95,-1,77
1,<environment.Job instance at 0x7f909829b4b0>,77,24,[10  4],78,-1,102,-1,78
1,<environment.Job instance at 0x7f90a09bb1e0>,67,13,[5 9],68,-1,91,-1,78
1,<environment.Job instance at 0x7f909829b280>,78,25,[5 1],79,-1,104,-1,79
1,<environment.Job instance at 0x7f909829b730>,79,17,[1 8],80,-1,97,-1,80
1,<environment.Job instance at 0x7f909794e7d0>,80,13,[ 5 13],81,-1,95,-1,82
1,<environment.Job instance at 0x7f909829bf50>,81,19,[8 4],82,-1,107,-1,88
1,<environment.Job instance at 0x7f909829bcd0>,73,13,[ 4 13],74,-1,101,-1,88
1,<environment.Job instance at 0x7f909794edc0>,82,15,[2 6],83,-1,103,-1,88
1,<environment.Job instance at 0x7f9097dbda00>,85,17,[ 2 10],86,-1,105,-1,88
1,<environment.Job instance at 0x7f9097dbde10>,86,16,[7 1],87,-1,104,-1,88
1,<environment.Job instance at 0x7f9097dbd870>,87,17,[3 8],88,-1,105,-1,88
1,<environment.Job instance at 0x7f9097a40190>,4,16,[13  2],5,-1,21,-1,5
1,<environment.Job instance at 0x7f9097883820>,1,25,[2 8],2,-1,43,-1,18
1,<environment.Job instance at 0x7f9096ecd0f0>,11,3,[ 1 13],12,-1,21,-1,18
1,<environment.Job instance at 0x7f909723d460>,13,16,[ 4 14],14,-1,36,-1,20
1,<environment.Job instance at 0x7f9097be19b0>,14,15,[11  3],15,-1,35,-1,20
1,<environment.Job instance at 0x7f9097a2daa0>,17,23,[3 5],18,-1,50,-1,27
1,<environment.Job instance at 0x7f9098133230>,18,17,[12  3],19,-1,44,-1,27
1,<environment.Job instance at 0x7f9096ea16e0>,20,13,[13  2],21,-1,40,-1,27
1,<environment.Job instance at 0x7f909736e0a0>,27,2,[11  4],28,-1,57,-1,55
1,<environment.Job instance at 0x7f909736eaf0>,28,18,[ 1 11],29,-1,73,-1,55
1,<environment.Job instance at 0x7f9097ce9870>,30,26,[5 7],31,-1,94,-1,68
1,<environment.Job instance at 0x7f9097cbfc30>,35,25,[1 6],36,-1,109,-1,84
1,<environment.Job instance at 0x7f9097cc0b40>,39,27,[5 9],40,-1,126,-1,99
1,<environment.Job instance at 0x7f9097cc9960>,42,26,[ 1 12],43,-1,131,-1,105
1,<environment.Job instance at 0x7f9097cc94b0>,43,28,[ 3 14],44,-1,133,-1,105
1,<environment.Job instance at 0x7f9097ce4d70>,47,20,[12  1],48,-1,138,-1,118
1,<environment.Job instance at 0x7f9097ce4f00>,48,24,[ 5 13],49,-1,142,-1,118
1,<environment.Job instance at 0x7f9097ce4e60>,49,23,[8 5],50,-1,154,-1,131
1,<environment.Job instance at 0x7f9097cae9b0>,50,28,[4 9],51,-1,159,-1,131
1,<environment.Job instance at 0x7f9097caea00>,51,24,[ 5 13],52,-1,155,-1,131
1,<environment.Job instance at 0x7f909777a9b0>,54,1,[14  4],55,-1,133,-1,132
1,<environment.Job instance at 0x7f9097cdfb90>,58,25,[14  3],59,-1,172,-1,147
1,<environment.Job instance at 0x7f9097cdfc80>,59,27,[14  3],60,-1,174,-1,147
1,<environment.Job instance at 0x7f909777e870>,0,17,[3 6],1,-1,18,-1,1
1,<environment.Job instance at 0x7f909777e550>,1,17,[ 4 10],2,-1,19,-1,2
1,<environment.Job instance at 0x7f909777e0a0>,6,19,[8 2],7,-1,27,-1,8
1,<environment.Job instance at 0x7f909777ecd0>,7,13,[11  3],8,-1,21,-1,8
1,<environment.Job instance at 0x7f909777e410>,8,20,[9 1],9,-1,32,-1,12
1,<environment.Job instance at 0x7f9097be8fa0>,26,22,[8 4],27,-1,98,-1,76
1,<environment.Job instance at 0x7f9097bb6550>,31,17,[6 1],32,-1,94,-1,77
1,<environment.Job instance at 0x7f9097bb6b40>,32,16,[11  2],33,-1,104,-1,88
1,<environment.Job instance at 0x7f9097bb6e10>,33,15,[5 8],34,-1,123,-1,108
1,<environment.Job instance at 0x7f9097bb68c0>,37,21,[3 7],38,-1,130,-1,109
1,<environment.Job instance at 0x7f909777ed20>,15,26,[12  4],16,-1,150,-1,124
1,<environment.Job instance at 0x7f9097bb6e60>,39,28,[4 8],40,-1,165,-1,137
1,<environment.Job instance at 0x7f9097cae280>,50,19,[ 5 10],51,-1,164,-1,145
1,<environment.Job instance at 0x7f909821abe0>,3,19,[ 1 11],4,-1,23,-1,4
1,<environment.Job instance at 0x7f9098211690>,4,26,[5 3],5,-1,31,-1,5
1,<environment.Job instance at 0x7f90982110f0>,5,27,[6 1],6,-1,33,-1,6
1,<environment.Job instance at 0x7f9098211550>,7,13,[11  3],8,-1,21,-1,8
1,<environment.Job instance at 0x7f9098228d70>,10,14,[ 2 11],11,-1,25,-1,11
1,<environment.Job instance at 0x7f90982282d0>,12,17,[13  2],13,-1,30,-1,13
1,<environment.Job instance at 0x7f90982170a0>,13,20,[ 1 13],14,-1,34,-1,14
1,<environment.Job instance at 0x7f9098217f00>,14,18,[11  2],15,-1,33,-1,15
1,<environment.Job instance at 0x7f9098217050>,15,26,[12  4],16,-1,42,-1,16
1,<environment.Job instance at 0x7f9098217d20>,16,14,[11  2],17,-1,31,-1,17
1,<environment.Job instance at 0x7f9098137aa0>,19,13,[ 1 13],20,-1,39,-1,26
1,<environment.Job instance at 0x7f90981f5050>,23,2,[ 4 11],24,-1,44,-1,42
1,<environment.Job instance at 0x7f9097d16690>,24,23,[ 2 11],25,-1,65,-1,42
1,<environment.Job instance at 0x7f9096ecd0f0>,32,16,[11  2],33,-1,76,-1,60
1,<environment.Job instance at 0x7f9097bbcf50>,34,2,[13  2],35,-1,63,-1,61
1,<environment.Job instance at 0x7f9096ec0b40>,38,26,[2 5],39,-1,107,-1,81
1,<environment.Job instance at 0x7f909778b6e0>,39,28,[4 8],40,-1,109,-1,81
1,<environment.Job instance at 0x7f9097cc7eb0>,40,28,[1 5],41,-1,109,-1,81
1,<environment.Job instance at 0x7f9097be8410>,42,3,[ 5 11],43,-1,84,-1,81
1,<environment.Job instance at 0x7f9097be80f0>,43,13,[12  1],44,-1,94,-1,81
1,<environment.Job instance at 0x7f9097cae8c0>,49,15,[ 3 12],50,-1,101,-1,86
1,<environment.Job instance at 0x7f9097044fa0>,47,28,[ 1 10],48,-1,128,-1,100
1,<environment.Job instance at 0x7f9097cae410>,51,26,[9 3],52,-1,126,-1,100
1,<environment.Job instance at 0x7f9097caea50>,52,24,[1 7],53,-1,124,-1,100
1,<environment.Job instance at 0x7f9097cdfd20>,53,26,[4 7],54,-1,126,-1,100
1,<environment.Job instance at 0x7f9097cdf500>,54,15,[14  1],55,-1,115,-1,100
1,<environment.Job instance at 0x7f9097cdf280>,55,25,[5 6],56,-1,125,-1,100
1,<environment.Job instance at 0x7f9097cdf230>,56,28,[1 5],57,-1,128,-1,100
1,<environment.Job instance at 0x7f9097cdfc80>,57,2,[14  1],58,-1,102,-1,100
1,<environment.Job instance at 0x7f9097ce4cd0>,59,14,[11  3],60,-1,115,-1,101
1,<environment.Job instance at 0x7f9097ce4a00>,60,22,[11  4],61,-1,123,-1,101
1,<environment.Job instance at 0x7f9097ce40f0>,61,14,[ 4 14],62,-1,115,-1,101
1,<environment.Job instance at 0x7f9097ce4050>,62,17,[ 1 11],63,-1,118,-1,101
1,<environment.Job instance at 0x7f9097a60820>,65,23,[ 5 14],66,-1,141,-1,118
1,<environment.Job instance at 0x7f9097a60050>,64,23,[9 5],65,-1,149,-1,126
1,<environment.Job instance at 0x7f9097cd76e0>,68,12,[13  4],69,-1,139,-1,127
1,<environment.Job instance at 0x7f9097fea460>,73,13,[ 1 13],74,-1,159,-1,146
1,<environment.Job instance at 0x7f9096bdd500>,0,22,[10  4],1,-1,23,-1,1
1,<environment.Job instance at 0x7f9097e97190>,4,25,[5 3],5,-1,30,-1,5
1,<environment.Job instance at 0x7f9097e974b0>,5,19,[9 2],6,-1,26,-1,7
1,<environment.Job instance at 0x7f9096bfc9b0>,6,16,[ 3 11],7,-1,23,-1,7
1,<environment.Job instance at 0x7f9097e97910>,7,28,[4 9],8,-1,36,-1,8
1,<environment.Job instance at 0x7f9097e96dc0>,10,21,[7 1],11,-1,32,-1,11
1,<environment.Job instance at 0x7f9097e96460>,12,16,[7 1],13,-1,29,-1,13
1,<environment.Job instance at 0x7f9097e96910>,9,20,[1 6],10,-1,35,-1,15
1,<environment.Job instance at 0x7f9097c355a0>,1,14,[ 4 13],2,-1,16,-1,2
1,<environment.Job instance at 0x7f9097050dc0>,6,16,[ 3 11],7,-1,23,-1,7
1,<environment.Job instance at 0x7f9096bec550>,8,25,[11  1],9,-1,34,-1,9
1,<environment.Job instance at 0x7f9098158870>,4,25,[5 3],5,-1,46,-1,21
1,<environment.Job instance at 0x7f9096bec640>,7,28,[4 9],8,-1,49,-1,21
1,<environment.Job instance at 0x7f9096beca50>,11,12,[12  1],12,-1,33,-1,21
1,<environment.Job instance at 0x7f9096beccd0>,14,27,[ 3 14],15,-1,48,-1,21
1,<environment.Job instance at 0x7f9096bec370>,15,2,[ 3 13],16,-1,23,-1,21
1,<environment.Job instance at 0x7f9097c424b0>,16,28,[11  1],17,-1,49,-1,21
1,<environment.Job instance at 0x7f9097c42f50>,17,18,[ 4 11],18,-1,39,-1,21
1,<environment.Job instance at 0x7f90981434b0>,20,18,[12  3],21,-1,41,-1,23
1,<environment.Job instance at 0x7f9096f92050>,24,17,[ 3 13],25,-1,50,-1,33
1,<environment.Job instance at 0x7f9097a40a00>,31,24,[5 3],32,-1,100,-1,76
1,<environment.Job instance at 0x7f9097cc0c30>,34,19,[12  3],35,-1,96,-1,77
1,<environment.Job instance at 0x7f9097cc9410>,35,25,[2 6],36,-1,105,-1,80
1,<environment.Job instance at 0x7f9097cc9960>,38,28,[4 6],39,-1,120,-1,92
1,<environment.Job instance at 0x7f9097cd75a0>,40,18,[11  5],41,-1,110,-1,92
1,<environment.Job instance at 0x7f9097cd7b40>,42,17,[ 3 14],43,-1,112,-1,95
1,<environment.Job instance at 0x7f9097cd7f00>,41,23,[ 1 10],42,-1,130,-1,107
1,<environment.Job instance at 0x7f9097cd7140>,44,28,[4 7],45,-1,135,-1,107
1,<environment.Job instance at 0x7f9097a60820>,46,24,[11  4],47,-1,131,-1,107
1,<environment.Job instance at 0x7f9097ce4e60>,50,24,[9 4],51,-1,148,-1,124
1,<environment.Job instance at 0x7f9097cdfc80>,52,2,[ 3 12],53,-1,126,-1,124
1,<environment.Job instance at 0x7f9097cdf280>,53,20,[12  3],54,-1,144,-1,124
1,<environment.Job instance at 0x7f9097cdf500>,55,12,[ 2 12],56,-1,146,-1,134
1,<environment.Job instance at 0x7f90970c2500>,6,17,[4 6],7,-1,24,-1,7
1,<environment.Job instance at 0x7f90970c2370>,7,15,[10  5],8,-1,24,-1,9
1,<environment.Job instance at 0x7f90970c2410>,9,24,[7 1],10,-1,34,-1,10
1,<environment.Job instance at 0x7f9097ede0a0>,13,17,[ 1 10],14,-1,31,-1,14
1,<environment.Job instance at 0x7f9097e7bf00>,15,15,[7 5],16,-1,31,-1,16
1,<environment.Job instance at 0x7f90974d80a0>,8,27,[ 3 12],9,-1,43,-1,16
1,<environment.Job instance at 0x7f90973d4a50>,18,17,[9 4],19,-1,36,-1,19
1,<environment.Job instance at 0x7f9097eb1be0>,21,18,[2 9],22,-1,44,-1,26
1,<environment.Job instance at 0x7f90973db050>,16,15,[13  1],17,-1,42,-1,27
1,<environment.Job instance at 0x7f90973f8eb0>,26,19,[14  5],27,-1,46,-1,27
1,<environment.Job instance at 0x7f90973f8640>,25,14,[7 2],26,-1,41,-1,27
1,<environment.Job instance at 0x7f90973f8f00>,27,13,[10  2],28,-1,41,-1,28
1,<environment.Job instance at 0x7f90973f8a50>,29,25,[9 4],30,-1,55,-1,30
1,<environment.Job instance at 0x7f90973f8cd0>,30,20,[7 2],31,-1,52,-1,32
1,<environment.Job instance at 0x7f9097601e10>,31,16,[1 9],32,-1,49,-1,33
1,<environment.Job instance at 0x7f9097601280>,33,16,[5 3],34,-1,51,-1,35
1,<environment.Job instance at 0x7f90973f8b90>,28,24,[ 5 12],29,-1,59,-1,35
1,<environment.Job instance at 0x7f9097601910>,34,15,[14  5],35,-1,51,-1,36
1,<environment.Job instance at 0x7f90973fb730>,24,12,[3 6],25,-1,49,-1,37
1,<environment.Job instance at 0x7f9097601a50>,36,13,[10  2],37,-1,55,-1,42
1,<environment.Job instance at 0x7f90976014b0>,35,18,[2 8],36,-1,60,-1,42
1,<environment.Job instance at 0x7f90973da690>,42,21,[3 6],43,-1,64,-1,43
1,<environment.Job instance at 0x7f90973da730>,46,18,[6 5],47,-1,66,-1,48
1,<environment.Job instance at 0x7f90973dad20>,41,16,[13  2],42,-1,152,-1,136
1,<environment.Job instance at 0x7f90973da7d0>,51,16,[ 1 14],52,-1,152,-1,136
1,<environment.Job instance at 0x7f90976013c0>,39,20,[ 4 14],40,-1,156,-1,136
1,<environment.Job instance at 0x7f90973daaf0>,53,17,[12  2],54,-1,153,-1,136
1,<environment.Job instance at 0x7f9097600af0>,57,19,[8 2],58,-1,163,-1,144
1,<environment.Job instance at 0x7f9097600910>,59,25,[5 5],60,-1,169,-1,144
1,<environment.Job instance at 0x7f9097600550>,61,18,[4 7],62,-1,164,-1,146
1,<environment.Job instance at 0x7f9097600c30>,58,14,[5 6],59,-1,160,-1,146
1,<environment.Job instance at 0x7f9097600780>,63,16,[10  1],64,-1,165,-1,149
1,<environment.Job instance at 0x7f9097bbcf50>,1,18,[11  2],2,-1,20,-1,2
1,<environment.Job instance at 0x7f9097cdfaf0>,4,23,[7 1],5,-1,29,-1,6
1,<environment.Job instance at 0x7f90982170f0>,5,12,[ 4 13],6,-1,18,-1,6
1,<environment.Job instance at 0x7f9097cdf2d0>,8,27,[ 3 12],9,-1,36,-1,9
1,<environment.Job instance at 0x7f9097ce4f00>,11,2,[ 2 12],12,-1,14,-1,12
1,<environment.Job instance at 0x7f9097357640>,12,13,[ 3 11],13,-1,26,-1,13
1,<environment.Job instance at 0x7f90975c3320>,16,15,[13  1],17,-1,32,-1,17
1,<environment.Job instance at 0x7f9097ce4a00>,9,24,[7 1],10,-1,54,-1,30
1,<environment.Job instance at 0x7f909778a5f0>,20,2,[12  4],21,-1,32,-1,30
1,<environment.Job instance at 0x7f90977aeaa0>,22,2,[12  3],23,-1,36,-1,34
1,<environment.Job instance at 0x7f90982dcbe0>,26,19,[14  5],27,-1,77,-1,58
1,<environment.Job instance at 0x7f90982dc2d0>,28,24,[ 5 12],29,-1,85,-1,61
1,<environment.Job instance at 0x7f90a0f5bb90>,29,25,[9 4],30,-1,101,-1,76
1,<environment.Job instance at 0x7f9097901730>,34,15,[14  5],35,-1,103,-1,88
1,<environment.Job instance at 0x7f9097901cd0>,39,20,[ 4 14],40,-1,134,-1,114
1,<environment.Job instance at 0x7f9097cbdbe0>,40,2,[14  1],41,-1,116,-1,114
1,<environment.Job instance at 0x7f9097cbd5f0>,41,16,[13  2],42,-1,130,-1,114
1,<environment.Job instance at 0x7f9097cc7960>,45,2,[ 1 12],46,-1,123,-1,121
1,<environment.Job instance at 0x7f9098228d70>,47,20,[ 1 13],48,-1,143,-1,123
1,<environment.Job instance at 0x7f9098228550>,49,23,[ 3 11],50,-1,154,-1,131
1,<environment.Job instance at 0x7f9098228050>,51,16,[ 1 14],52,-1,148,-1,132
1,<environment.Job instance at 0x7f9098228c30>,53,17,[12  2],54,-1,158,-1,141
1,<environment.Job instance at 0x7f9098228f00>,55,17,[ 1 13],56,-1,162,-1,145
1,<environment.Job instance at 0x7f909725d280>,3,24,[5 8],4,-1,28,-1,4
1,<environment.Job instance at 0x7f909725db40>,4,20,[5 5],5,-1,25,-1,5
1,<environment.Job instance at 0x7f90a0ce5eb0>,6,16,[ 2 10],7,-1,24,-1,8
1,<environment.Job instance at 0x7f909821ad20>,7,28,[8 4],8,-1,36,-1,8
1,<environment.Job instance at 0x7f90a0ce5280>,8,17,[10  4],9,-1,27,-1,10
1,<environment.Job instance at 0x7f90a0ce56e0>,10,13,[10  3],11,-1,24,-1,11
1,<environment.Job instance at 0x7f90a0ce5e60>,11,18,[10  5],12,-1,30,-1,12
1,<environment.Job instance at 0x7f90a0ce5aa0>,13,16,[ 5 12],14,-1,30,-1,14
1,<environment.Job instance at 0x7f9097e587d0>,27,12,[12  5],28,-1,47,-1,35
1,<environment.Job instance at 0x7f90a0ce5820>,9,16,[ 5 10],10,-1,54,-1,38
1,<environment.Job instance at 0x7f9097e58c30>,28,14,[5 5],29,-1,52,-1,38
1,<environment.Job instance at 0x7f9097e58e60>,29,24,[3 6],30,-1,62,-1,38
1,<environment.Job instance at 0x7f9097e58f00>,33,17,[11  5],34,-1,55,-1,38
1,<environment.Job instance at 0x7f9097e585a0>,34,18,[3 7],35,-1,56,-1,38
1,<environment.Job instance at 0x7f9098228fa0>,3,24,[5 8],4,-1,28,-1,4
1,<environment.Job instance at 0x7f90982282d0>,5,24,[ 4 11],6,-1,30,-1,6
1,<environment.Job instance at 0x7f9097bbcf50>,7,28,[8 4],8,-1,51,-1,23
1,<environment.Job instance at 0x7f90970fd230>,12,24,[13  3],13,-1,47,-1,23
1,<environment.Job instance at 0x7f90982170a0>,13,16,[ 5 12],14,-1,39,-1,23
1,<environment.Job instance at 0x7f9098250410>,14,2,[13  5],15,-1,25,-1,23
1,<environment.Job instance at 0x7f909772efa0>,15,22,[ 3 12],16,-1,45,-1,23
1,<environment.Job instance at 0x7f9098217e10>,16,13,[14  4],17,-1,36,-1,23
1,<environment.Job instance at 0x7f9097cdacd0>,17,24,[ 2 14],18,-1,47,-1,23
1,<environment.Job instance at 0x7f9097b75b90>,22,20,[13  3],23,-1,55,-1,35
1,<environment.Job instance at 0x7f9098001370>,24,17,[13  1],25,-1,56,-1,39
1,<environment.Job instance at 0x7f90979a4a00>,27,12,[12  5],28,-1,64,-1,52
1,<environment.Job instance at 0x7f9097db7a00>,29,24,[3 6],30,-1,88,-1,64
1,<environment.Job instance at 0x7f9097fd65f0>,33,17,[11  5],34,-1,93,-1,76
1,<environment.Job instance at 0x7f9097b79be0>,36,22,[ 4 11],37,-1,103,-1,81
1,<environment.Job instance at 0x7f90974e9320>,38,3,[13  5],39,-1,93,-1,90
1,<environment.Job instance at 0x7f90974e9d70>,39,23,[4 6],40,-1,114,-1,91
1,<environment.Job instance at 0x7f90971368c0>,42,18,[ 4 13],43,-1,112,-1,94
1,<environment.Job instance at 0x7f9097679690>,44,12,[ 2 12],45,-1,110,-1,98
1,<environment.Job instance at 0x7f9097136960>,46,18,[ 1 13],47,-1,128,-1,110
1,<environment.Job instance at 0x7f9098155690>,49,3,[13  1],50,-1,114,-1,111
1,<environment.Job instance at 0x7f90977578c0>,52,17,[14  2],53,-1,142,-1,125
1,<environment.Job instance at 0x7f90976788c0>,55,3,[13  4],56,-1,130,-1,127
1,<environment.Job instance at 0x7f9097757370>,56,14,[11  5],57,-1,141,-1,127
1,<environment.Job instance at 0x7f9097695a50>,58,16,[11  5],59,-1,145,-1,129
1,<environment.Job instance at 0x7f9097751910>,60,2,[ 1 14],61,-1,131,-1,129
1,<environment.Job instance at 0x7f90977a7a50>,65,23,[11  5],66,-1,166,-1,143
1,<environment.Job instance at 0x7f9097f38960>,66,27,[ 1 13],67,-1,170,-1,143
1,<environment.Job instance at 0x7f9097a50960>,0,28,[6 5],1,-1,29,-1,1
1,<environment.Job instance at 0x7f9097a50a00>,1,26,[2 6],2,-1,28,-1,2
1,<environment.Job instance at 0x7f909829e1e0>,2,20,[8 4],3,-1,23,-1,3
1,<environment.Job instance at 0x7f909715e8c0>,4,17,[7 3],5,-1,23,-1,6
1,<environment.Job instance at 0x7f90983f2af0>,14,21,[9 2],15,-1,36,-1,15
1,<environment.Job instance at 0x7f90983f2dc0>,16,19,[ 5 12],17,-1,54,-1,35
1,<environment.Job instance at 0x7f90983f2370>,22,24,[8 5],23,-1,59,-1,35
1,<environment.Job instance at 0x7f90983f25f0>,21,28,[9 5],22,-1,63,-1,35
1,<environment.Job instance at 0x7f90a0d71af0>,5,23,[2 8],6,-1,59,-1,36
1,<environment.Job instance at 0x7f90983f2d70>,20,26,[ 3 13],21,-1,62,-1,36
1,<environment.Job instance at 0x7f90983f25a0>,19,27,[10  2],20,-1,63,-1,36
1,<environment.Job instance at 0x7f90972e4af0>,0,28,[6 5],1,-1,29,-1,1
1,<environment.Job instance at 0x7f90972e4910>,1,26,[2 6],2,-1,28,-1,2
1,<environment.Job instance at 0x7f90972f2550>,5,23,[2 8],6,-1,30,-1,7
1,<environment.Job instance at 0x7f90977902d0>,6,25,[ 4 13],7,-1,32,-1,7
1,<environment.Job instance at 0x7f9096a43370>,9,22,[ 3 13],10,-1,32,-1,10
1,<environment.Job instance at 0x7f9096a43910>,10,15,[13  3],11,-1,26,-1,11
1,<environment.Job instance at 0x7f9096f6a7d0>,11,1,[ 1 13],12,-1,13,-1,12
1,<environment.Job instance at 0x7f9096f6afa0>,12,13,[12  5],13,-1,26,-1,13
1,<environment.Job instance at 0x7f9096ec0320>,15,26,[12  4],16,-1,42,-1,16
1,<environment.Job instance at 0x7f90983f6320>,16,19,[ 5 12],17,-1,36,-1,17
1,<environment.Job instance at 0x7f9097790050>,7,28,[1 6],8,-1,51,-1,23
1,<environment.Job instance at 0x7f90983f6280>,20,26,[ 3 13],21,-1,49,-1,23
1,<environment.Job instance at 0x7f90983f6b90>,19,27,[10  2],20,-1,51,-1,24
1,<environment.Job instance at 0x7f9097d0fdc0>,22,24,[8 5],23,-1,49,-1,25
1,<environment.Job instance at 0x7f9097d0f9b0>,21,28,[9 5],22,-1,53,-1,25
1,<environment.Job instance at 0x7f90978fd370>,31,25,[ 3 13],32,-1,66,-1,41
1,<environment.Job instance at 0x7f90978fd5f0>,32,1,[12  1],33,-1,42,-1,41
1,<environment.Job instance at 0x7f9098147280>,34,28,[14  1],35,-1,71,-1,43
1,<environment.Job instance at 0x7f9097a40870>,35,23,[5 5],36,-1,66,-1,43
1,<environment.Job instance at 0x7f909769d1e0>,36,28,[ 5 12],37,-1,71,-1,43
1,<environment.Job instance at 0x7f90982170f0>,38,24,[ 2 11],39,-1,67,-1,43
1,<environment.Job instance at 0x7f909837d640>,40,13,[13  4],41,-1,58,-1,45
1,<environment.Job instance at 0x7f9096a805a0>,41,15,[ 4 12],42,-1,60,-1,45
1,<environment.Job instance at 0x7f90972e2d70>,42,23,[1 5],43,-1,68,-1,45
1,<environment.Job instance at 0x7f90972e2730>,43,20,[12  2],44,-1,65,-1,45
1,<environment.Job instance at 0x7f909765bfa0>,45,28,[13  4],46,-1,74,-1,46
1,<environment.Job instance at 0x7f909765b2d0>,46,16,[13  2],47,-1,63,-1,47
1,<environment.Job instance at 0x7f909765b1e0>,47,16,[ 5 12],48,-1,64,-1,48
1,<environment.Job instance at 0x7f909765b910>,50,24,[ 5 13],51,-1,75,-1,51
1,<environment.Job instance at 0x7f9096a5e4b0>,51,13,[ 4 14],52,-1,65,-1,52
1,<environment.Job instance at 0x7f9096a5e460>,54,18,[ 5 13],55,-1,78,-1,60
1,<environment.Job instance at 0x7f9097514f50>,55,26,[1 5],56,-1,86,-1,60
1,<environment.Job instance at 0x7f9097dd9aa0>,56,3,[ 4 11],57,-1,63,-1,60
1,<environment.Job instance at 0x7f90974d8410>,58,25,[9 4],59,-1,87,-1,62
1,<environment.Job instance at 0x7f9097b772d0>,61,13,[11  4],62,-1,75,-1,62
1,<environment.Job instance at 0x7f90a0cea550>,63,24,[13  5],64,-1,105,-1,81
1,<environment.Job instance at 0x7f9097c731e0>,64,27,[2 8],65,-1,108,-1,81
1,<environment.Job instance at 0x7f9097c73820>,65,26,[4 6],66,-1,107,-1,81
1,<environment.Job instance at 0x7f9097074f00>,66,15,[ 4 14],67,-1,96,-1,81
1,<environment.Job instance at 0x7f9097a50d70>,67,26,[ 1 13],68,-1,107,-1,81
1,<environment.Job instance at 0x7f9096eeaa50>,69,27,[10  2],70,-1,125,-1,98
1,<environment.Job instance at 0x7f9097f70fa0>,72,27,[7 2],73,-1,142,-1,115
1,<environment.Job instance at 0x7f90974a2190>,71,27,[8 1],72,-1,142,-1,115
1,<environment.Job instance at 0x7f9097a3f550>,74,23,[10  3],75,-1,138,-1,115
1,<environment.Job instance at 0x7f9097b57460>,79,27,[4 6],80,-1,159,-1,132
1,<environment.Job instance at 0x7f9097e75500>,83,24,[9 1],84,-1,160,-1,136
1,<environment.Job instance at 0x7f90970fd280>,0,28,[9 5],1,-1,29,-1,1
1,<environment.Job instance at 0x7f9097f3fcd0>,4,24,[6 4],5,-1,29,-1,5
1,<environment.Job instance at 0x7f9097f3ff50>,6,25,[8 5],7,-1,32,-1,7
1,<environment.Job instance at 0x7f9097f3fd70>,7,18,[5 5],8,-1,26,-1,8
1,<environment.Job instance at 0x7f90974aeaa0>,13,27,[1 7],14,-1,55,-1,28
1,<environment.Job instance at 0x7f90974ae190>,20,23,[2 8],21,-1,51,-1,28
1,<environment.Job instance at 0x7f90974aedc0>,19,23,[8 2],20,-1,52,-1,29
1,<environment.Job instance at 0x7f9097d8c190>,23,15,[10  3],24,-1,44,-1,29
1,<environment.Job instance at 0x7f9097d8c2d0>,25,18,[9 5],26,-1,47,-1,29
1,<environment.Job instance at 0x7f9097f3f780>,12,28,[5 8],13,-1,57,-1,29
1,<environment.Job instance at 0x7f909816c3c0>,0,28,[9 5],1,-1,29,-1,1
1,<environment.Job instance at 0x7f9097ce35a0>,8,13,[ 2 14],9,-1,22,-1,9
1,<environment.Job instance at 0x7f9097cb2b90>,9,13,[13  3],10,-1,23,-1,10
1,<environment.Job instance at 0x7f9096bd1460>,10,22,[11  5],11,-1,33,-1,11
1,<environment.Job instance at 0x7f9096bd10f0>,11,26,[11  5],12,-1,38,-1,12
1,<environment.Job instance at 0x7f90971d5be0>,4,24,[6 4],5,-1,39,-1,15
1,<environment.Job instance at 0x7f9096bd1b40>,13,27,[1 7],14,-1,42,-1,15
1,<environment.Job instance at 0x7f90971f2280>,6,25,[8 5],7,-1,40,-1,15
1,<environment.Job instance at 0x7f909776c870>,12,28,[5 8],13,-1,43,-1,15
1,<environment.Job instance at 0x7f909776c500>,15,14,[ 1 13],16,-1,30,-1,16
1,<environment.Job instance at 0x7f9097abd460>,18,13,[ 1 12],19,-1,32,-1,19
1,<environment.Job instance at 0x7f90983a8550>,19,23,[8 2],20,-1,44,-1,21
1,<environment.Job instance at 0x7f9096a74320>,22,13,[11  2],23,-1,36,-1,23
1,<environment.Job instance at 0x7f9097abd050>,20,23,[2 8],21,-1,60,-1,37
1,<environment.Job instance at 0x7f9096c55a00>,26,19,[ 1 11],27,-1,56,-1,37
1,<environment.Job instance at 0x7f9096c55b40>,27,24,[ 1 13],28,-1,61,-1,37
1,<environment.Job instance at 0x7f9096c55c80>,30,14,[14  5],31,-1,51,-1,37
1,<environment.Job instance at 0x7f9096c55190>,34,12,[ 3 14],35,-1,61,-1,49
1,<environment.Job instance at 0x7f9096c55a50>,37,23,[ 5 12],38,-1,90,-1,67
1,<environment.Job instance at 0x7f909787b0a0>,40,28,[10  5],41,-1,109,-1,81
1,<environment.Job instance at 0x7f9096a55230>,42,28,[ 3 14],43,-1,109,-1,81
1,<environment.Job instance at 0x7f9096a55500>,45,2,[14  4],46,-1,84,-1,82
1,<environment.Job instance at 0x7f90981ff500>,47,23,[5 7],48,-1,118,-1,95
1,<environment.Job instance at 0x7f9096a550a0>,48,28,[14  5],49,-1,123,-1,95
1,<environment.Job instance at 0x7f90982147d0>,49,23,[10  5],50,-1,118,-1,95
1,<environment.Job instance at 0x7f90977aa460>,50,23,[3 7],51,-1,118,-1,95
1,<environment.Job instance at 0x7f90982149b0>,51,24,[2 9],52,-1,119,-1,95
1,<environment.Job instance at 0x7f9097f58eb0>,52,17,[14  1],53,-1,112,-1,95
1,<environment.Job instance at 0x7f9097f58960>,53,22,[11  3],54,-1,117,-1,95
1,<environment.Job instance at 0x7f9097e75500>,55,28,[ 2 14],56,-1,123,-1,95
1,<environment.Job instance at 0x7f9097e753c0>,56,23,[13  5],57,-1,118,-1,95
1,<environment.Job instance at 0x7f9098097190>,57,12,[ 4 13],58,-1,107,-1,95
1,<environment.Job instance at 0x7f9098097140>,58,20,[ 1 13],59,-1,115,-1,95
1,<environment.Job instance at 0x7f9097b576e0>,59,2,[11  2],60,-1,97,-1,95
1,<environment.Job instance at 0x7f9097a3f550>,61,22,[ 1 14],62,-1,117,-1,95
1,<environment.Job instance at 0x7f9097b574b0>,63,19,[ 3 14],64,-1,129,-1,110
1,<environment.Job instance at 0x7f90974a2190>,64,18,[ 4 14],65,-1,128,-1,110
1,<environment.Job instance at 0x7f9097edf050>,65,1,[12  2],66,-1,111,-1,110
1,<environment.Job instance at 0x7f90980fd870>,68,26,[6 4],69,-1,137,-1,111
1,<environment.Job instance at 0x7f9097a50d70>,71,24,[10  1],72,-1,148,-1,124
1,<environment.Job instance at 0x7f9097b772d0>,75,28,[8 3],76,-1,164,-1,136
1,<environment.Job instance at 0x7f90982c1140>,76,14,[ 1 12],77,-1,150,-1,136
1,<environment.Job instance at 0x7f9097514410>,78,17,[11  1],79,-1,153,-1,136
1,<environment.Job instance at 0x7f9096a5ee60>,80,16,[ 4 13],81,-1,153,-1,137
1,<environment.Job instance at 0x7f9096a5eeb0>,81,26,[8 4],82,-1,172,-1,146
1,<environment.Job instance at 0x7f9096a5e320>,83,18,[12  4],84,-1,164,-1,146
1,<environment.Job instance at 0x7f9096a5e460>,84,27,[9 3],85,-1,173,-1,146
1,<environment.Job instance at 0x7f9097cd7dc0>,4,20,[3 9],5,-1,26,-1,6
1,<environment.Job instance at 0x7f9097885640>,5,18,[10  2],6,-1,24,-1,6
1,<environment.Job instance at 0x7f909773ba00>,10,19,[7 3],11,-1,31,-1,12
1,<environment.Job instance at 0x7f9097ce3d70>,11,26,[7 4],12,-1,38,-1,12
1,<environment.Job instance at 0x7f9098186f00>,15,18,[3 8],16,-1,34,-1,16
1,<environment.Job instance at 0x7f90972f2910>,1,2,[ 3 11],2,-1,4,-1,2
1,<environment.Job instance at 0x7f9096a439b0>,2,3,[ 4 14],3,-1,6,-1,3
1,<environment.Job instance at 0x7f9096a43dc0>,3,23,[8 4],4,-1,27,-1,4
1,<environment.Job instance at 0x7f909829b0a0>,6,27,[6 1],7,-1,51,-1,24
1,<environment.Job instance at 0x7f9097b772d0>,11,26,[7 4],12,-1,50,-1,24
1,<environment.Job instance at 0x7f909826fa50>,12,3,[14  4],13,-1,27,-1,24
1,<environment.Job instance at 0x7f90a0cea550>,13,12,[ 5 14],14,-1,36,-1,24
1,<environment.Job instance at 0x7f9097c73820>,14,27,[ 2 11],15,-1,51,-1,24
1,<environment.Job instance at 0x7f90977915a0>,17,12,[13  2],18,-1,36,-1,24
1,<environment.Job instance at 0x7f9097a3f550>,18,25,[14  3],19,-1,49,-1,24
1,<environment.Job instance at 0x7f9097edf9b0>,19,2,[ 1 13],20,-1,26,-1,24
1,<environment.Job instance at 0x7f9097e75500>,21,14,[12  2],22,-1,39,-1,25
1,<environment.Job instance at 0x7f9097f58690>,23,27,[9 3],24,-1,54,-1,27
1,<environment.Job instance at 0x7f909787baa0>,25,1,[ 1 11],26,-1,28,-1,27
1,<environment.Job instance at 0x7f9098161320>,28,21,[ 4 12],29,-1,50,-1,29
1,<environment.Job instance at 0x7f90a0b73e10>,32,17,[13  2],33,-1,59,-1,42
1,<environment.Job instance at 0x7f909811ef50>,37,12,[11  3],38,-1,72,-1,60
1,<environment.Job instance at 0x7f9097885460>,46,27,[4 6],47,-1,113,-1,86
1,<environment.Job instance at 0x7f9096b502d0>,53,3,[ 1 14],54,-1,101,-1,98
1,<environment.Job instance at 0x7f9096b50f50>,54,1,[13  3],55,-1,99,-1,98
1,<environment.Job instance at 0x7f9096be00a0>,57,19,[ 2 11],58,-1,129,-1,110
1,<environment.Job instance at 0x7f9096be06e0>,60,28,[8 2],61,-1,168,-1,140
1,<environment.Job instance at 0x7f9096be07d0>,55,27,[10  1],56,-1,167,-1,140
1,<environment.Job instance at 0x7f909808a370>,63,18,[14  3],64,-1,158,-1,140
1,<environment.Job instance at 0x7f909808a5a0>,64,15,[13  2],65,-1,155,-1,140
1,<environment.Job instance at 0x7f909808a910>,66,2,[ 3 13],67,-1,142,-1,140
1,<environment.Job instance at 0x7f9097dbdc30>,0,26,[5 2],1,-1,27,-1,1
1,<environment.Job instance at 0x7f9096af16e0>,5,21,[3 7],6,-1,27,-1,6
1,<environment.Job instance at 0x7f9096af17d0>,6,25,[5 5],7,-1,32,-1,7
1,<environment.Job instance at 0x7f9096af15a0>,7,18,[ 5 11],8,-1,27,-1,9
1,<environment.Job instance at 0x7f9096af1960>,10,21,[5 6],11,-1,32,-1,11
1,<environment.Job instance at 0x7f9096af1aa0>,11,17,[10  4],12,-1,29,-1,12
1,<environment.Job instance at 0x7f9096af1b90>,13,17,[8 3],14,-1,31,-1,14
1,<environment.Job instance at 0x7f9096af1e60>,16,26,[3 5],17,-1,43,-1,17
1,<environment.Job instance at 0x7f9096af1820>,17,15,[3 5],18,-1,33,-1,18
1,<environment.Job instance at 0x7f9096ae95f0>,33,23,[8 1],34,-1,80,-1,57
1,<environment.Job instance at 0x7f90978c70a0>,0,26,[5 2],1,-1,27,-1,1
1,<environment.Job instance at 0x7f90a0e173c0>,2,14,[11  2],3,-1,17,-1,3
1,<environment.Job instance at 0x7f90a0e170a0>,4,1,[ 1 13],5,-1,6,-1,5
1,<environment.Job instance at 0x7f90978c7e60>,6,25,[5 5],7,-1,32,-1,7
1,<environment.Job instance at 0x7f9097ea7af0>,7,18,[ 5 11],8,-1,26,-1,8
1,<environment.Job instance at 0x7f9097ea74b0>,12,2,[14  2],13,-1,15,-1,13
1,<environment.Job instance at 0x7f9097ea7f50>,14,3,[14  1],15,-1,20,-1,17
1,<environment.Job instance at 0x7f9097ea7410>,15,17,[ 5 13],16,-1,34,-1,17
1,<environment.Job instance at 0x7f9097ea7230>,16,26,[3 5],17,-1,43,-1,17
1,<environment.Job instance at 0x7f9097ea70f0>,19,27,[ 4 13],20,-1,47,-1,20
1,<environment.Job instance at 0x7f90977691e0>,20,26,[12  1],21,-1,47,-1,21
1,<environment.Job instance at 0x7f9097769410>,23,23,[ 2 13],24,-1,56,-1,33
1,<environment.Job instance at 0x7f9097769960>,29,17,[13  3],30,-1,66,-1,49
1,<environment.Job instance at 0x7f9097769fa0>,30,25,[5 5],31,-1,74,-1,49
1,<environment.Job instance at 0x7f9097d6fcd0>,33,23,[8 1],34,-1,73,-1,50
1,<environment.Job instance at 0x7f9097d6f820>,36,21,[14  3],37,-1,83,-1,62
1,<environment.Job instance at 0x7f9097d6f3c0>,37,2,[ 2 13],38,-1,64,-1,62
1,<environment.Job instance at 0x7f9097d6f0a0>,34,26,[4 9],35,-1,91,-1,65
1,<environment.Job instance at 0x7f9097d6f8c0>,43,25,[14  2],44,-1,92,-1,67
1,<environment.Job instance at 0x7f9097d6f230>,44,3,[14  1],45,-1,70,-1,67
1,<environment.Job instance at 0x7f9098105550>,50,25,[ 5 14],51,-1,109,-1,84
1,<environment.Job instance at 0x7f9098105280>,51,18,[ 5 14],52,-1,102,-1,84
1,<environment.Job instance at 0x7f9098105190>,53,12,[ 3 13],54,-1,108,-1,96
1,<environment.Job instance at 0x7f90981052d0>,54,23,[6 5],55,-1,123,-1,100
1,<environment.Job instance at 0x7f909837d500>,58,16,[13  4],59,-1,127,-1,111
1,<environment.Job instance at 0x7f909837d780>,59,2,[ 3 13],60,-1,113,-1,111
1,<environment.Job instance at 0x7f909837d960>,60,16,[13  3],61,-1,127,-1,111
1,<environment.Job instance at 0x7f909837d230>,67,13,[ 5 11],68,-1,134,-1,121
1,<environment.Job instance at 0x7f909808a3c0>,69,24,[ 1 10],70,-1,161,-1,137
1,<environment.Job instance at 0x7f909808a5a0>,71,26,[5 7],72,-1,165,-1,139
1,<environment.Job instance at 0x7f909808aa50>,72,28,[ 4 13],73,-1,167,-1,139
1,<environment.Job instance at 0x7f9096be06e0>,75,28,[ 4 11],76,-1,167,-1,139
1,<environment.Job instance at 0x7f9096be0370>,77,16,[14  4],78,-1,158,-1,142
1,<environment.Job instance at 0x7f9096be0690>,78,23,[ 3 10],79,-1,167,-1,144
1,<environment.Job instance at 0x7f9096be0be0>,80,12,[12  5],81,-1,160,-1,148
1,<environment.Job instance at 0x7fe07ca82a50>,2,22,[4 8],3,-1,28,-1,6
1,<environment.Job instance at 0x7fe07ca82b90>,7,25,[6 2],8,-1,33,-1,8
1,<environment.Job instance at 0x7fe07ca87690>,17,28,[ 5 10],18,-1,51,-1,23
1,<environment.Job instance at 0x7fe07ca87c80>,26,26,[5 5],27,-1,94,-1,68
1,<environment.Job instance at 0x7fe07ca82c30>,5,24,[1 5],6,-1,93,-1,69
1,<environment.Job instance at 0x7fe07ca82f00>,8,22,[14  3],9,-1,100,-1,78
1,<environment.Job instance at 0x7fe07ca87e10>,29,25,[ 4 11],30,-1,105,-1,80
1,<environment.Job instance at 0x7fe07ca87640>,27,18,[1 8],28,-1,98,-1,80
1,<environment.Job instance at 0x7fe07ca87d70>,28,25,[5 7],29,-1,105,-1,80
1,<environment.Job instance at 0x7fe07ca8a730>,39,20,[ 1 10],40,-1,115,-1,95
1,<environment.Job instance at 0x7fe07ca8a870>,41,15,[10  3],42,-1,110,-1,95
1,<environment.Job instance at 0x7fe07ca8a910>,42,27,[5 2],43,-1,122,-1,95
1,<environment.Job instance at 0x7fe07ca8a5f0>,36,15,[9 5],37,-1,110,-1,95
1,<environment.Job instance at 0x7fe07ca8a9b0>,43,20,[4 6],44,-1,115,-1,95
1,<environment.Job instance at 0x7fe07ca87eb0>,30,22,[ 5 13],31,-1,144,-1,122
1,<environment.Job instance at 0x7fe07ca8ae10>,48,20,[6 5],49,-1,143,-1,123
1,<environment.Job instance at 0x7fe07ca8afa0>,51,16,[12  2],52,-1,139,-1,123
1,<environment.Job instance at 0x7fe07ca8af50>,52,20,[5 3],53,-1,143,-1,123
1,<environment.Job instance at 0x7fe07ca8af00>,53,27,[8 5],54,-1,150,-1,123
1,<environment.Job instance at 0x7fe07ca881e0>,54,17,[5 7],55,-1,141,-1,124
1,<environment.Job instance at 0x7fe07ca8ab90>,44,18,[5 5],45,-1,142,-1,124
1,<environment.Job instance at 0x7fe07ca8adc0>,50,16,[ 2 11],51,-1,141,-1,125
1,<environment.Job instance at 0x7fe07ca88370>,56,20,[ 3 10],57,-1,146,-1,126
1,<environment.Job instance at 0x7fe07ca8ad70>,49,15,[10  1],50,-1,141,-1,126
1,<environment.Job instance at 0x7fe07ca87b40>,23,27,[ 1 14],24,-1,153,-1,126
1,<environment.Job instance at 0x7fe07ca884b0>,58,18,[2 8],59,-1,144,-1,126
1,<environment.Job instance at 0x7fe07ca88410>,57,17,[8 5],58,-1,144,-1,127
1,<environment.Job instance at 0x7fe07ca88690>,63,14,[8 1],64,-1,141,-1,127
1,<environment.Job instance at 0x7fe07ca88780>,64,20,[10  2],65,-1,149,-1,129
1,<environment.Job instance at 0x7fe07ca886e0>,60,17,[1 6],61,-1,156,-1,139
1,<environment.Job instance at 0x7fe07ca88a00>,70,13,[ 3 12],71,-1,167,-1,154
1,<environment.Job instance at 0x7fe07ca88c80>,72,28,[5 1],73,-1,183,-1,155
1,<environment.Job instance at 0x7fe07ca88be0>,71,21,[10  2],72,-1,176,-1,155
1,<environment.Job instance at 0x7fe07ca88500>,61,23,[1 5],62,-1,178,-1,155
1,<environment.Job instance at 0x7fe07ca88dc0>,74,13,[6 3],75,-1,168,-1,155
1,<environment.Job instance at 0x7fe07ca88e60>,75,14,[5 1],76,-1,169,-1,155
1,<environment.Job instance at 0x7fe07ca88fa0>,77,19,[4 8],78,-1,175,-1,156
1,<environment.Job instance at 0x7fe07ca88f00>,76,14,[ 4 11],77,-1,170,-1,156
1,<environment.Job instance at 0x7fe07ca88960>,67,18,[3 8],68,-1,174,-1,156
1,<environment.Job instance at 0x7fe07ca8f0a0>,79,12,[10  2],80,-1,168,-1,156
1,<environment.Job instance at 0x7fe07ca8f640>,81,14,[2 6],82,-1,170,-1,156
1,<environment.Job instance at 0x7fe07ca8f140>,78,13,[8 5],79,-1,169,-1,156
1,<environment.Job instance at 0x7fe07ca8f730>,83,16,[ 4 10],84,-1,172,-1,156
1,<environment.Job instance at 0x7fe07ca8f870>,85,18,[ 3 14],86,-1,174,-1,156
1,<environment.Job instance at 0x7fe07ca8f9b0>,0,28,[9 3],1,-1,29,-1,1
1,<environment.Job instance at 0x7fe07cb401e0>,1,22,[11  3],2,-1,24,-1,2
1,<environment.Job instance at 0x7fe07cb49be0>,3,3,[ 4 14],4,-1,7,-1,4
1,<environment.Job instance at 0x7fe07cb447d0>,8,22,[14  3],9,-1,31,-1,9
1,<environment.Job instance at 0x7fe07cb44050>,9,18,[ 2 13],10,-1,28,-1,10
1,<environment.Job instance at 0x7fe07cb44370>,10,18,[ 3 11],11,-1,29,-1,11
1,<environment.Job instance at 0x7fe07cb44af0>,13,28,[ 4 14],14,-1,42,-1,14
1,<environment.Job instance at 0x7fe07cb44c30>,5,24,[1 5],6,-1,43,-1,19
1,<environment.Job instance at 0x7fe07cb44d70>,7,25,[6 2],8,-1,50,-1,25
1,<environment.Job instance at 0x7fe0860cc7d0>,17,28,[ 5 10],18,-1,54,-1,26
1,<environment.Job instance at 0x7fe07cb442d0>,18,3,[ 4 13],19,-1,29,-1,26
1,<environment.Job instance at 0x7fe07ca82c80>,19,14,[ 3 11],20,-1,40,-1,26
1,<environment.Job instance at 0x7fe07ca82910>,20,1,[13  5],21,-1,27,-1,26
1,<environment.Job instance at 0x7fe07cb8ed70>,23,27,[ 1 14],24,-1,53,-1,26
1,<environment.Job instance at 0x7fe07cb8e280>,25,27,[8 1],26,-1,67,-1,40
1,<environment.Job instance at 0x7fe07cc23e10>,26,26,[5 5],27,-1,69,-1,43
1,<environment.Job instance at 0x7fe07cb430a0>,29,25,[ 4 11],30,-1,68,-1,43
1,<environment.Job instance at 0x7fe07cb435a0>,30,22,[ 5 13],31,-1,65,-1,43
1,<environment.Job instance at 0x7fe07cc23640>,28,25,[5 7],29,-1,68,-1,43
1,<environment.Job instance at 0x7fe07cb43f50>,33,1,[11  3],34,-1,44,-1,43
1,<environment.Job instance at 0x7fe07cb435f0>,31,27,[4 8],32,-1,72,-1,45
1,<environment.Job instance at 0x7fe07cb43280>,37,13,[ 3 14],38,-1,58,-1,45
1,<environment.Job instance at 0x7fe07cb436e0>,38,28,[ 2 12],39,-1,73,-1,45
1,<environment.Job instance at 0x7fe07cb3f370>,40,24,[5 6],41,-1,71,-1,47
1,<environment.Job instance at 0x7fe07cb3f6e0>,42,27,[5 2],43,-1,74,-1,47
1,<environment.Job instance at 0x7fe07cb3faf0>,45,24,[ 1 13],46,-1,80,-1,56
1,<environment.Job instance at 0x7fe07cb3fc80>,47,17,[12  2],48,-1,80,-1,63
1,<environment.Job instance at 0x7fe07cb3fe60>,50,16,[ 2 11],51,-1,87,-1,71
1,<environment.Job instance at 0x7fe07cba65f0>,51,16,[12  2],52,-1,87,-1,71
1,<environment.Job instance at 0x7fe07cbd8af0>,53,27,[8 5],54,-1,103,-1,76
1,<environment.Job instance at 0x7fe07cbd80a0>,55,13,[13  1],56,-1,89,-1,76
1,<environment.Job instance at 0x7fe07cba21e0>,61,23,[1 5],62,-1,146,-1,123
1,<environment.Job instance at 0x7fe07cab1c80>,66,13,[ 2 14],67,-1,152,-1,139
1,<environment.Job instance at 0x7fe07caba910>,68,27,[ 1 10],69,-1,186,-1,159
1,<environment.Job instance at 0x7fe07cab1910>,70,13,[ 3 12],71,-1,172,-1,159
1,<environment.Job instance at 0x7fe07c1d5f50>,1,18,[1 9],2,-1,21,-1,3
1,<environment.Job instance at 0x7fe07ca8a7d0>,2,22,[5 3],3,-1,25,-1,3
1,<environment.Job instance at 0x7fe07c1d59b0>,7,21,[1 9],8,-1,33,-1,12
1,<environment.Job instance at 0x7fe07c1caeb0>,12,16,[6 4],13,-1,29,-1,13
1,<environment.Job instance at 0x7fe07c1cafa0>,13,18,[6 5],14,-1,32,-1,14
1,<environment.Job instance at 0x7fe07c1ca9b0>,15,16,[ 2 10],16,-1,32,-1,16
1,<environment.Job instance at 0x7fe07c1d5a50>,9,14,[11  3],10,-1,33,-1,19
1,<environment.Job instance at 0x7fe07c1cad20>,17,21,[ 3 10],18,-1,40,-1,19
1,<environment.Job instance at 0x7fe07c1ca140>,11,22,[2 9],12,-1,42,-1,20
1,<environment.Job instance at 0x7fe07c1ca820>,19,14,[2 6],20,-1,35,-1,21
1,<environment.Job instance at 0x7fe07c1d4d70>,21,13,[4 9],22,-1,35,-1,22
1,<environment.Job instance at 0x7fe07c1d4eb0>,22,14,[2 9],23,-1,37,-1,23
1,<environment.Job instance at 0x7fe07c1d4cd0>,20,26,[10  5],21,-1,49,-1,23
1,<environment.Job instance at 0x7fe07c1d4af0>,24,21,[ 4 12],25,-1,47,-1,26
1,<environment.Job instance at 0x7fe07c1d4a50>,26,1,[5 9],27,-1,29,-1,28
1,<environment.Job instance at 0x7fe07c30ab40>,28,21,[9 4],29,-1,50,-1,29
1,<environment.Job instance at 0x7fe07c30a0a0>,29,12,[9 3],30,-1,42,-1,30
1,<environment.Job instance at 0x7fe07c346c30>,27,27,[2 9],28,-1,57,-1,30
1,<environment.Job instance at 0x7fe07c1d50f0>,18,25,[14  4],19,-1,82,-1,57
1,<environment.Job instance at 0x7fe07c30a730>,30,18,[10  3],31,-1,75,-1,57
1,<environment.Job instance at 0x7fe07c1d5690>,4,14,[13  3],5,-1,71,-1,57
1,<environment.Job instance at 0x7fe07c2b5050>,37,20,[5 3],38,-1,77,-1,57
1,<environment.Job instance at 0x7fe07c2b55f0>,39,21,[6 1],40,-1,78,-1,57
1,<environment.Job instance at 0x7fe07c2b5190>,42,24,[7 5],43,-1,81,-1,57
1,<environment.Job instance at 0x7fe07c3ff5a0>,32,28,[2 8],33,-1,86,-1,58
1,<environment.Job instance at 0x7fe07c31caf0>,44,28,[2 7],45,-1,86,-1,58
1,<environment.Job instance at 0x7fe07c31c4b0>,45,28,[9 2],46,-1,86,-1,58
1,<environment.Job instance at 0x7fe07c1ca5f0>,16,24,[11  5],17,-1,82,-1,58
1,<environment.Job instance at 0x7fe07c31cd70>,47,15,[3 7],48,-1,73,-1,58
1,<environment.Job instance at 0x7fe07c2b50a0>,41,14,[2 7],42,-1,72,-1,58
1,<environment.Job instance at 0x7fe07c31cdc0>,46,22,[6 1],47,-1,80,-1,58
1,<environment.Job instance at 0x7fe07c31c410>,54,13,[9 4],55,-1,71,-1,58
1,<environment.Job instance at 0x7fe07c31c910>,55,16,[11  1],56,-1,74,-1,58
1,<environment.Job instance at 0x7fe07c31ca00>,56,17,[3 8],57,-1,75,-1,58
1,<environment.Job instance at 0x7fe07c077050>,57,19,[10  5],58,-1,77,-1,58
1,<environment.Job instance at 0x7fe086217f00>,58,17,[11  3],59,-1,76,-1,59
1,<environment.Job instance at 0x7fe07c0398c0>,60,25,[6 2],61,-1,86,-1,61
1,<environment.Job instance at 0x7fe07c049b40>,61,18,[12  4],62,-1,80,-1,62
1,<environment.Job instance at 0x7fe07c049eb0>,62,14,[6 1],63,-1,77,-1,63
1,<environment.Job instance at 0x7fe07c041460>,63,26,[11  5],64,-1,90,-1,64
1,<environment.Job instance at 0x7fe07c123960>,64,16,[3 8],65,-1,81,-1,65
1,<environment.Job instance at 0x7fe07c123640>,65,14,[10  1],66,-1,80,-1,66
1,<environment.Job instance at 0x7fe07c1232d0>,66,16,[9 2],67,-1,83,-1,67
1,<environment.Job instance at 0x7fe07c1230a0>,67,15,[13  5],68,-1,83,-1,68
1,<environment.Job instance at 0x7fe07c123500>,68,13,[6 3],69,-1,82,-1,69
1,<environment.Job instance at 0x7fe07c039960>,59,14,[ 1 10],60,-1,84,-1,70
1,<environment.Job instance at 0x7fe07c1d2230>,71,20,[1 7],72,-1,92,-1,72
1,<environment.Job instance at 0x7fe07c0c3e10>,72,26,[ 4 10],73,-1,99,-1,73
1,<environment.Job instance at 0x7fe07c1b1b90>,82,20,[9 3],83,-1,135,-1,115
1,<environment.Job instance at 0x7fe07ca9eaf0>,0,25,[9 3],1,-1,26,-1,1
1,<environment.Job instance at 0x7fe07ca9e8c0>,4,14,[13  3],5,-1,19,-1,5
1,<environment.Job instance at 0x7fe07ca9e640>,6,3,[ 2 12],7,-1,10,-1,7
1,<environment.Job instance at 0x7fe07ca9e820>,8,1,[13  2],9,-1,10,-1,9
1,<environment.Job instance at 0x7fe07ca9e460>,9,14,[11  3],10,-1,24,-1,10
1,<environment.Job instance at 0x7fe07ca92eb0>,16,24,[11  5],17,-1,46,-1,22
1,<environment.Job instance at 0x7fe0860cc780>,18,25,[14  4],19,-1,50,-1,25
1,<environment.Job instance at 0x7fe07cb44230>,23,2,[13  3],24,-1,40,-1,38
1,<environment.Job instance at 0x7fe07cb44f50>,24,21,[ 4 12],25,-1,59,-1,38
1,<environment.Job instance at 0x7fe07cb44cd0>,27,27,[2 9],28,-1,71,-1,44
1,<environment.Job instance at 0x7fe07cb444b0>,20,26,[10  5],21,-1,82,-1,56
1,<environment.Job instance at 0x7fe07c272460>,31,17,[12  2],32,-1,73,-1,56
1,<environment.Job instance at 0x7fe07cb44c30>,32,28,[2 8],33,-1,84,-1,56
1,<environment.Job instance at 0x7fe07c2ac230>,42,24,[7 5],43,-1,110,-1,86
1,<environment.Job instance at 0x7fe07c3ad370>,44,28,[2 7],45,-1,127,-1,99
1,<environment.Job instance at 0x7fe07c2307d0>,50,20,[ 3 13],51,-1,128,-1,108
1,<environment.Job instance at 0x7fe07c2ea500>,51,1,[ 2 14],52,-1,109,-1,108
1,<environment.Job instance at 0x7fe07c2eab40>,52,2,[12  2],53,-1,110,-1,108
1,<environment.Job instance at 0x7fe07c2ac960>,45,28,[9 2],46,-1,142,-1,114
1,<environment.Job instance at 0x7fe07c270a00>,55,16,[11  1],56,-1,130,-1,114
1,<environment.Job instance at 0x7fe07c244c30>,58,17,[11  3],59,-1,146,-1,129
1,<environment.Job instance at 0x7fe07c240500>,60,25,[6 2],61,-1,169,-1,144
1,<environment.Job instance at 0x7fe07c240e60>,61,18,[12  4],62,-1,162,-1,144
1,<environment.Job instance at 0x7fe07c247af0>,63,26,[11  5],64,-1,171,-1,145
1,<environment.Job instance at 0x7fe07c09faf0>,1,17,[5 5],2,-1,19,-1,2
1,<environment.Job instance at 0x7fe086237a00>,6,25,[8 5],7,-1,32,-1,7
1,<environment.Job instance at 0x7fe086237b40>,7,17,[ 1 10],8,-1,25,-1,8
1,<environment.Job instance at 0x7fe07c0804b0>,16,27,[ 4 14],17,-1,68,-1,41
1,<environment.Job instance at 0x7fe07c0a3230>,25,26,[10  2],26,-1,67,-1,41
1,<environment.Job instance at 0x7fe07c4283c0>,3,18,[12  1],4,-1,22,-1,4
1,<environment.Job instance at 0x7fe07d1268c0>,6,25,[8 5],7,-1,43,-1,18
1,<environment.Job instance at 0x7fe07c4059b0>,9,18,[ 2 14],10,-1,36,-1,18
1,<environment.Job instance at 0x7fe07d2c84b0>,10,24,[9 1],11,-1,42,-1,18
1,<environment.Job instance at 0x7fe07cebe410>,11,25,[7 1],12,-1,43,-1,18
1,<environment.Job instance at 0x7fe07d2cc690>,12,24,[12  5],13,-1,42,-1,18
1,<environment.Job instance at 0x7fe07c4007d0>,13,23,[10  2],14,-1,41,-1,18
1,<environment.Job instance at 0x7fe07c400d20>,14,15,[ 1 11],15,-1,33,-1,18
1,<environment.Job instance at 0x7fe07c36ddc0>,15,16,[ 5 12],16,-1,34,-1,18
1,<environment.Job instance at 0x7fe07cf47910>,16,27,[ 4 14],17,-1,45,-1,18
1,<environment.Job instance at 0x7fe07c36d3c0>,17,23,[2 9],18,-1,41,-1,18
1,<environment.Job instance at 0x7fe085fc41e0>,19,15,[13  1],20,-1,35,-1,20
1,<environment.Job instance at 0x7fe07c4a3780>,24,12,[ 4 12],25,-1,44,-1,32
1,<environment.Job instance at 0x7fe07ce89320>,25,26,[10  2],26,-1,60,-1,34
1,<environment.Job instance at 0x7fe085c94280>,26,22,[ 4 13],27,-1,56,-1,34
1,<environment.Job instance at 0x7fe085c94f50>,27,16,[14  5],28,-1,50,-1,34
1,<environment.Job instance at 0x7fe07c3fb640>,31,2,[13  1],32,-1,36,-1,34
1,<environment.Job instance at 0x7fe07c3fbf50>,32,27,[1 9],33,-1,62,-1,35
1,<environment.Job instance at 0x7fe07c4d03c0>,36,27,[9 5],37,-1,80,-1,53
1,<environment.Job instance at 0x7fe07c4a27d0>,48,20,[14  4],49,-1,108,-1,88
1,<environment.Job instance at 0x7fe07c4a2c30>,50,27,[ 4 10],51,-1,131,-1,104
1,<environment.Job instance at 0x7fe07c4a2460>,51,25,[12  4],52,-1,129,-1,104
1,<environment.Job instance at 0x7fe07c4a2230>,45,25,[ 5 10],46,-1,129,-1,104
1,<environment.Job instance at 0x7fe07c2c9c80>,53,27,[3 8],54,-1,131,-1,104
1,<environment.Job instance at 0x7fe07c2c93c0>,54,13,[11  5],55,-1,117,-1,104
1,<environment.Job instance at 0x7fe07c1b10f0>,55,24,[8 4],56,-1,128,-1,104
1,<environment.Job instance at 0x7fe07c1b1f50>,58,3,[13  2],59,-1,107,-1,104
1,<environment.Job instance at 0x7fe07c1b1af0>,61,17,[12  4],62,-1,123,-1,106
1,<environment.Job instance at 0x7fe07c1b1a00>,65,3,[12  3],66,-1,115,-1,112
1,<environment.Job instance at 0x7fe07c1b1410>,66,12,[ 5 14],67,-1,124,-1,112
1,<environment.Job instance at 0x7fe07c4c9c80>,70,26,[9 4],71,-1,159,-1,133
1,<environment.Job instance at 0x7fe07c362b40>,74,22,[ 1 12],75,-1,158,-1,136
1,<environment.Job instance at 0x7fe07c8a8910>,76,26,[ 3 12],77,-1,172,-1,146
1,<environment.Job instance at 0x7fe07c3624b0>,77,1,[ 2 14],78,-1,147,-1,146
1,<environment.Job instance at 0x7fe07c58aaa0>,2,16,[10  3],3,-1,21,-1,5
1,<environment.Job instance at 0x7fe07c049f00>,5,13,[6 4],6,-1,19,-1,6
1,<environment.Job instance at 0x7fe07c049280>,6,14,[10  3],7,-1,21,-1,7
1,<environment.Job instance at 0x7fe07c049320>,7,23,[10  3],8,-1,31,-1,8
1,<environment.Job instance at 0x7fe07c2a7e10>,8,19,[1 5],9,-1,28,-1,9
1,<environment.Job instance at 0x7fe07c58a5a0>,3,24,[11  3],4,-1,182,-1,158
1,<environment.Job instance at 0x7fe07c889280>,0,2,[13  5],1,-1,3,-1,1
1,<environment.Job instance at 0x7fe07c71b230>,3,24,[11  3],4,-1,28,-1,4
1,<environment.Job instance at 0x7fe07c71b7d0>,4,18,[13  3],5,-1,23,-1,5
1,<environment.Job instance at 0x7fe07c71a5a0>,7,23,[10  3],8,-1,42,-1,19
1,<environment.Job instance at 0x7fe07c5a8960>,12,24,[7 5],13,-1,43,-1,19
1,<environment.Job instance at 0x7fe07c4cda50>,13,20,[14  5],14,-1,39,-1,19
1,<environment.Job instance at 0x7fe07c7a9320>,15,18,[14  1],16,-1,37,-1,19
1,<environment.Job instance at 0x7fe07c6c2550>,16,27,[5 5],17,-1,59,-1,32
1,<environment.Job instance at 0x7fe07c6c2fa0>,19,13,[14  1],20,-1,45,-1,32
1,<environment.Job instance at 0x7fe07c6dec30>,21,3,[ 5 12],22,-1,36,-1,33
1,<environment.Job instance at 0x7fe07c4ce730>,23,21,[ 2 11],24,-1,56,-1,35
1,<environment.Job instance at 0x7fe07c4cea50>,24,1,[14  3],25,-1,36,-1,35
1,<environment.Job instance at 0x7fe07c4875f0>,27,19,[11  1],28,-1,66,-1,47
1,<environment.Job instance at 0x7fe07d345050>,31,27,[1 8],32,-1,82,-1,55
1,<environment.Job instance at 0x7fe07c424f00>,32,19,[ 5 14],33,-1,74,-1,55
1,<environment.Job instance at 0x7fe07c424460>,34,3,[13  1],35,-1,58,-1,55
1,<environment.Job instance at 0x7fe07c4c9140>,38,3,[ 1 13],39,-1,68,-1,65
1,<environment.Job instance at 0x7fe07c3fb690>,47,15,[13  1],48,-1,121,-1,106
1,<environment.Job instance at 0x7fe07c4d0960>,48,14,[12  4],49,-1,120,-1,106
1,<environment.Job instance at 0x7fe085c94f50>,51,25,[ 3 14],52,-1,136,-1,111
1,<environment.Job instance at 0x7fe085bf7f50>,52,14,[14  3],53,-1,125,-1,111
1,<environment.Job instance at 0x7fe07c4007d0>,54,14,[ 5 14],55,-1,133,-1,119
1,<environment.Job instance at 0x7fe07d56bbe0>,59,24,[6 5],60,-1,171,-1,147
1,<environment.Job instance at 0x7fe07d2bed20>,62,1,[ 4 14],63,-1,152,-1,151
1,<environment.Job instance at 0x7fe07d34d4b0>,63,25,[12  3],64,-1,176,-1,151
1,<environment.Job instance at 0x7fe07d1d9aa0>,1,27,[5 1],2,-1,29,-1,2
1,<environment.Job instance at 0x7fe07c894c80>,2,21,[1 6],3,-1,24,-1,3
1,<environment.Job instance at 0x7fe07c8a67d0>,9,18,[7 3],10,-1,28,-1,10
1,<environment.Job instance at 0x7fe07c8a6c30>,10,16,[9 2],11,-1,27,-1,11
1,<environment.Job instance at 0x7fe07c89efa0>,17,26,[9 3],18,-1,72,-1,46
1,<environment.Job instance at 0x7fe07c880910>,19,28,[3 6],20,-1,74,-1,46
1,<environment.Job instance at 0x7fe07c8aba00>,24,17,[12  3],25,-1,66,-1,49
1,<environment.Job instance at 0x7fe07c8ab230>,23,15,[13  2],24,-1,77,-1,62
1,<environment.Job instance at 0x7fe07c8f7a00>,27,28,[3 6],28,-1,90,-1,62
1,<environment.Job instance at 0x7fe07c197c80>,30,16,[3 7],31,-1,79,-1,63
1,<environment.Job instance at 0x7fe07c1970a0>,31,16,[1 9],32,-1,79,-1,63
1,<environment.Job instance at 0x7fe07c904a00>,36,21,[7 3],37,-1,91,-1,70
1,<environment.Job instance at 0x7fe07c924aa0>,35,16,[7 5],36,-1,87,-1,71
1,<environment.Job instance at 0x7fe07c880690>,18,26,[ 1 12],19,-1,105,-1,79
1,<environment.Job instance at 0x7fe07c527fa0>,37,18,[1 7],38,-1,97,-1,79
1,<environment.Job instance at 0x7fe07c89e0f0>,15,13,[ 2 12],16,-1,92,-1,79
1,<environment.Job instance at 0x7fe07d5cbe60>,38,13,[3 8],39,-1,92,-1,79
1,<environment.Job instance at 0x7fe07d5b5370>,42,25,[4 6],43,-1,104,-1,79
1,<environment.Job instance at 0x7fe07c8a6870>,7,13,[13  1],8,-1,92,-1,79
1,<environment.Job instance at 0x7fe07d5b5410>,45,16,[5 8],46,-1,95,-1,79
1,<environment.Job instance at 0x7fe07d5c1870>,32,16,[3 5],33,-1,95,-1,79
1,<environment.Job instance at 0x7fe07c89f140>,46,21,[14  1],47,-1,100,-1,79
1,<environment.Job instance at 0x7fe07c89f190>,48,16,[12  4],49,-1,95,-1,79
1,<environment.Job instance at 0x7fe07c89f960>,47,17,[1 7],48,-1,96,-1,79
1,<environment.Job instance at 0x7fe07c89fb40>,50,14,[6 1],51,-1,93,-1,79
1,<environment.Job instance at 0x7fe07c921c80>,51,20,[6 3],52,-1,100,-1,80
1,<environment.Job instance at 0x7fe07c921910>,49,24,[4 9],50,-1,105,-1,81
1,<environment.Job instance at 0x7fe07d5daa50>,52,17,[10  4],53,-1,98,-1,81
1,<environment.Job instance at 0x7fe07d5b90a0>,41,14,[3 6],42,-1,95,-1,81
1,<environment.Job instance at 0x7fe07d5e1eb0>,56,18,[10  3],57,-1,99,-1,81
1,<environment.Job instance at 0x7fe07d5e1e10>,58,18,[3 6],59,-1,99,-1,81
1,<environment.Job instance at 0x7fe07c719c30>,1,27,[5 1],2,-1,29,-1,2
1,<environment.Job instance at 0x7fe07c09c1e0>,3,17,[14  5],4,-1,21,-1,4
1,<environment.Job instance at 0x7fe07c09cfa0>,6,25,[8 3],7,-1,33,-1,8
1,<environment.Job instance at 0x7fe07c5ec5f0>,7,13,[13  1],8,-1,21,-1,8
1,<environment.Job instance at 0x7fe07c5eca50>,11,19,[12  1],12,-1,31,-1,12
1,<environment.Job instance at 0x7fe07c5ec780>,15,13,[ 2 12],16,-1,37,-1,24
1,<environment.Job instance at 0x7fe07c5ec320>,16,25,[ 5 10],17,-1,53,-1,28
1,<environment.Job instance at 0x7fe07c5eca00>,17,26,[9 3],18,-1,54,-1,28
1,<environment.Job instance at 0x7fe07c5ecd20>,18,26,[ 1 12],19,-1,54,-1,28
1,<environment.Job instance at 0x7fe07c5ecf50>,19,28,[3 6],20,-1,56,-1,28
1,<environment.Job instance at 0x7fe07c4c1eb0>,21,12,[11  1],22,-1,40,-1,28
1,<environment.Job instance at 0x7fe07c4c1cd0>,23,15,[13  2],24,-1,43,-1,28
1,<environment.Job instance at 0x7fe07c4c1c30>,24,17,[12  3],25,-1,45,-1,28
1,<environment.Job instance at 0x7fe07c4c1320>,25,2,[ 4 12],26,-1,30,-1,28
1,<environment.Job instance at 0x7fe07c4c1050>,27,28,[3 6],28,-1,68,-1,40
1,<environment.Job instance at 0x7fe086245f50>,29,19,[13  1],30,-1,59,-1,40
1,<environment.Job instance at 0x7fe0860f4460>,34,28,[6 5],35,-1,84,-1,56
1,<environment.Job instance at 0x7fe07c22f460>,42,25,[4 6],43,-1,114,-1,89
1,<environment.Job instance at 0x7fe07c22fcd0>,44,24,[7 5],45,-1,126,-1,102
1,<environment.Job instance at 0x7fe07c22fdc0>,46,21,[14  1],47,-1,123,-1,102
1,<environment.Job instance at 0x7fe07c22ffa0>,48,16,[12  4],49,-1,118,-1,102
1,<environment.Job instance at 0x7fe07c22f730>,49,24,[4 9],50,-1,142,-1,118
1,<environment.Job instance at 0x7fe07c0a3870>,54,12,[ 1 14],55,-1,130,-1,118
1,<environment.Job instance at 0x7fe08623ec80>,55,14,[13  4],56,-1,132,-1,118
1,<environment.Job instance at 0x7fe07c0a3e60>,57,13,[13  3],58,-1,145,-1,132
1,<environment.Job instance at 0x7fe07c097690>,59,27,[ 3 14],60,-1,161,-1,134
1,<environment.Job instance at 0x7fe07c097370>,61,1,[ 5 13],62,-1,149,-1,148
1,<environment.Job instance at 0x7fe07c097a50>,62,25,[13  4],63,-1,173,-1,148
1,<environment.Job instance at 0x7fe07c0970f0>,63,3,[14  1],64,-1,151,-1,148
1,<environment.Job instance at 0x7fe07c097140>,65,26,[13  4],66,-1,174,-1,148
1,<environment.Job instance at 0x7fe07c316960>,67,21,[ 2 13],68,-1,170,-1,149
1,<environment.Job instance at 0x7fe07c316d70>,68,16,[ 3 14],69,-1,165,-1,149
1,<environment.Job instance at 0x7fe07c316c80>,69,16,[ 1 11],70,-1,165,-1,149
1,<environment.Job instance at 0x7fe07c316dc0>,71,24,[ 2 13],72,-1,174,-1,150
1,<environment.Job instance at 0x7fe07c316550>,72,18,[13  3],73,-1,168,-1,150
1,<environment.Job instance at 0x7fe07c4b40a0>,4,17,[10  5],5,-1,23,-1,6
1,<environment.Job instance at 0x7fe07c4b4fa0>,7,27,[5 7],8,-1,35,-1,8
1,<environment.Job instance at 0x7fe07d3e0230>,13,15,[3 8],14,-1,29,-1,14
1,<environment.Job instance at 0x7fe07cee0910>,0,24,[11  5],1,-1,25,-1,1
1,<environment.Job instance at 0x7fe0880798c0>,6,18,[14  2],7,-1,25,-1,7
1,<environment.Job instance at 0x7fe07c362550>,9,21,[12  3],10,-1,31,-1,10
1,<environment.Job instance at 0x7fe07c4a2f50>,10,1,[ 5 12],11,-1,12,-1,11
1,<environment.Job instance at 0x7fe07c894c30>,12,16,[ 2 13],13,-1,29,-1,13
1,<environment.Job instance at 0x7fe07d093230>,7,27,[5 7],8,-1,49,-1,22
1,<environment.Job instance at 0x7fe07ccf1aa0>,15,13,[14  1],16,-1,35,-1,22
1,<environment.Job instance at 0x7fe07ccf1960>,16,3,[ 5 13],17,-1,25,-1,22
1,<environment.Job instance at 0x7fe07d3e0320>,17,20,[ 2 13],18,-1,42,-1,22
1,<environment.Job instance at 0x7fe07d3e0460>,18,27,[4 9],19,-1,49,-1,22
1,<environment.Job instance at 0x7fe085ff4c80>,19,3,[ 2 13],20,-1,25,-1,22
1,<environment.Job instance at 0x7fe07c2c9050>,20,2,[ 4 12],21,-1,24,-1,22
1,<environment.Job instance at 0x7fe07d277dc0>,22,25,[2 7],23,-1,49,-1,24
1,<environment.Job instance at 0x7fe07ca6c5f0>,24,12,[11  5],25,-1,37,-1,25
1,<environment.Job instance at 0x7fe07ce5eaa0>,27,21,[12  5],28,-1,56,-1,35
1,<environment.Job instance at 0x7fe07d264dc0>,29,20,[11  5],30,-1,55,-1,35
1,<environment.Job instance at 0x7fe07d264320>,32,28,[5 7],33,-1,76,-1,48
1,<environment.Job instance at 0x7fe07c6402d0>,33,12,[ 4 11],34,-1,60,-1,48
1,<environment.Job instance at 0x7fe07c0253c0>,34,25,[13  4],35,-1,73,-1,48
1,<environment.Job instance at 0x7fe07c340280>,35,21,[ 1 12],36,-1,69,-1,48
1,<environment.Job instance at 0x7fe07cfdba00>,37,22,[13  5],38,-1,70,-1,48
1,<environment.Job instance at 0x7fe07cfdb500>,38,28,[13  2],39,-1,76,-1,48
1,<environment.Job instance at 0x7fe07c5815a0>,40,24,[7 3],41,-1,85,-1,61
1,<environment.Job instance at 0x7fe07d28ec80>,42,26,[5 8],43,-1,90,-1,64
1,<environment.Job instance at 0x7fe07d28e7d0>,44,23,[1 5],45,-1,87,-1,64
1,<environment.Job instance at 0x7fe07d28eaa0>,46,2,[ 5 13],47,-1,66,-1,64
1,<environment.Job instance at 0x7fe07c1fcaa0>,47,13,[ 1 14],48,-1,77,-1,64
1,<environment.Job instance at 0x7fe07c727280>,50,21,[13  2],51,-1,98,-1,77
1,<environment.Job instance at 0x7fe07ca663c0>,52,18,[ 2 11],53,-1,96,-1,78
1,<environment.Job instance at 0x7fe07ca667d0>,54,3,[11  2],55,-1,82,-1,79
1,<environment.Job instance at 0x7fe07ca660a0>,55,3,[14  5],56,-1,82,-1,79
1,<environment.Job instance at 0x7fe07d5d22d0>,59,18,[ 5 14],60,-1,100,-1,82
1,<environment.Job instance at 0x7fe07d5d25a0>,60,17,[ 3 13],61,-1,99,-1,82
1,<environment.Job instance at 0x7fe07d5e1190>,61,23,[13  3],62,-1,105,-1,82
1,<environment.Job instance at 0x7fe07d5e1fa0>,62,18,[ 2 12],63,-1,100,-1,82
1,<environment.Job instance at 0x7fe07d5e10f0>,63,2,[11  1],64,-1,84,-1,82
1,<environment.Job instance at 0x7fe07c8a0a00>,66,26,[7 4],67,-1,122,-1,96
1,<environment.Job instance at 0x7fe07c8a0a50>,67,1,[13  4],68,-1,97,-1,96
1,<environment.Job instance at 0x7fe07c8a0640>,68,13,[ 2 12],69,-1,109,-1,96
1,<environment.Job instance at 0x7fe07c8a9d70>,71,13,[14  4],72,-1,118,-1,105
1,<environment.Job instance at 0x7fe07c8a9870>,72,16,[14  2],73,-1,121,-1,105
1,<environment.Job instance at 0x7fe07c7f6c80>,77,1,[ 3 14],78,-1,118,-1,117
1,<environment.Job instance at 0x7fe07c509e60>,76,24,[5 9],77,-1,155,-1,131
1,<environment.Job instance at 0x7fe07cd385a0>,79,28,[14  4],80,-1,159,-1,131
1,<environment.Job instance at 0x7fe085c045f0>,80,28,[5 2],81,-1,159,-1,131
1,<environment.Job instance at 0x7fe07c2b1be0>,82,24,[8 1],83,-1,156,-1,132
1,<environment.Job instance at 0x7fe07c88fcd0>,84,26,[5 7],85,-1,159,-1,133
1,<environment.Job instance at 0x7fe07d5da3c0>,85,3,[ 1 12],86,-1,136,-1,133
1,<environment.Job instance at 0x7fe07d26db40>,89,26,[7 3],90,-1,175,-1,149
1,<environment.Job instance at 0x7fe07d26d820>,90,2,[ 5 12],91,-1,151,-1,149
1,<environment.Job instance at 0x7fe07d26d960>,93,2,[14  5],94,-1,154,-1,152
1,<environment.Job instance at 0x7fe07c0c23c0>,94,2,[13  2],95,-1,154,-1,152
1,<environment.Job instance at 0x7fe07d289550>,0,24,[4 5],1,-1,25,-1,1
1,<environment.Job instance at 0x7fe07c48bf50>,7,18,[1 5],8,-1,26,-1,8
1,<environment.Job instance at 0x7fe07c48b0f0>,8,27,[7 4],9,-1,36,-1,9
1,<environment.Job instance at 0x7fe07c6aa2d0>,6,15,[ 3 14],7,-1,34,-1,19
1,<environment.Job instance at 0x7fe07c48baf0>,16,14,[ 4 12],17,-1,33,-1,19
1,<environment.Job instance at 0x7fe07c48b230>,11,15,[4 8],12,-1,35,-1,20
1,<environment.Job instance at 0x7fe07c48bbe0>,15,18,[6 2],16,-1,38,-1,20
1,<environment.Job instance at 0x7fe07c681870>,19,14,[11  5],20,-1,34,-1,20
1,<environment.Job instance at 0x7fe07c6aaf00>,10,16,[10  2],11,-1,36,-1,20
1,<environment.Job instance at 0x7fe07c48ba50>,17,13,[7 5],18,-1,33,-1,20
1,<environment.Job instance at 0x7fe07c681af0>,21,23,[ 4 13],22,-1,45,-1,22
1,<environment.Job instance at 0x7fe07c684af0>,26,13,[ 3 13],27,-1,51,-1,38
1,<environment.Job instance at 0x7fe07c6a0910>,28,22,[6 4],29,-1,60,-1,38
1,<environment.Job instance at 0x7fe07c4cf5a0>,29,16,[14  5],30,-1,55,-1,39
1,<environment.Job instance at 0x7fe07c6812d0>,22,19,[11  1],23,-1,58,-1,39
1,<environment.Job instance at 0x7fe07c547410>,35,22,[2 6],36,-1,64,-1,42
1,<environment.Job instance at 0x7fe07c48b370>,12,12,[1 8],13,-1,58,-1,46
1,<environment.Job instance at 0x7fe07ce11460>,38,23,[5 5],39,-1,69,-1,46
1,<environment.Job instance at 0x7fe07d6a25f0>,39,2,[6 2],40,-1,48,-1,46
1,<environment.Job instance at 0x7fe07ce113c0>,37,17,[7 4],38,-1,65,-1,48
1,<environment.Job instance at 0x7fe07c474e10>,40,14,[11  3],41,-1,62,-1,48
1,<environment.Job instance at 0x7fe07c4e67d0>,44,16,[4 9],45,-1,64,-1,48
1,<environment.Job instance at 0x7fe07ce130a0>,30,13,[3 6],31,-1,61,-1,48
1,<environment.Job instance at 0x7fe07c48bc30>,18,25,[ 1 14],19,-1,73,-1,48
1,<environment.Job instance at 0x7fe07ce28d20>,27,15,[8 5],28,-1,63,-1,48
1,<environment.Job instance at 0x7fe07c4d1af0>,46,15,[7 1],47,-1,64,-1,49
1,<environment.Job instance at 0x7fe07d682c80>,49,18,[5 9],50,-1,68,-1,50
1,<environment.Job instance at 0x7fe07c491b90>,53,17,[10  3],54,-1,71,-1,54
1,<environment.Job instance at 0x7fe07c491a00>,55,16,[8 4],56,-1,72,-1,56
1,<environment.Job instance at 0x7fe07c471280>,56,14,[13  2],57,-1,71,-1,57
1,<environment.Job instance at 0x7fe07c471730>,57,22,[5 7],58,-1,80,-1,58
1,<environment.Job instance at 0x7fe07c471780>,58,24,[ 1 14],59,-1,83,-1,59
1,<environment.Job instance at 0x7fe07c4e68c0>,45,22,[6 1],46,-1,87,-1,65
1,<environment.Job instance at 0x7fe07d692640>,63,1,[7 1],64,-1,67,-1,66
1,<environment.Job instance at 0x7fe07c4719b0>,64,23,[5 5],65,-1,89,-1,66
1,<environment.Job instance at 0x7fe07c491d70>,52,23,[ 3 10],53,-1,89,-1,66
1,<environment.Job instance at 0x7fe07d6926e0>,66,14,[9 5],67,-1,81,-1,67
1,<environment.Job instance at 0x7fe07d692780>,67,25,[7 3],68,-1,93,-1,68
1,<environment.Job instance at 0x7fe07d692550>,65,23,[ 2 12],66,-1,93,-1,70
1,<environment.Job instance at 0x7fe07d6709b0>,47,14,[3 8],48,-1,84,-1,70
1,<environment.Job instance at 0x7fe07d6928c0>,69,13,[11  2],70,-1,83,-1,70
1,<environment.Job instance at 0x7fe07d692960>,70,27,[5 2],71,-1,98,-1,71
1,<environment.Job instance at 0x7fe07d6925a0>,71,17,[6 4],72,-1,89,-1,72
1,<environment.Job instance at 0x7fe07d692b40>,72,17,[4 7],73,-1,90,-1,73
1,<environment.Job instance at 0x7fe07d692c80>,74,13,[10  5],75,-1,88,-1,75
1,<environment.Job instance at 0x7fe07c471aa0>,61,13,[8 3],62,-1,90,-1,77
1,<environment.Job instance at 0x7fe07d6931e0>,77,21,[7 1],78,-1,102,-1,81
1,<environment.Job instance at 0x7fe07d693910>,86,15,[ 4 10],87,-1,103,-1,88
1,<environment.Job instance at 0x7fe07d693550>,87,26,[3 7],88,-1,114,-1,88
1,<environment.Job instance at 0x7fe07d693aa0>,88,26,[4 6],89,-1,116,-1,90
1,<environment.Job instance at 0x7fe07d6933c0>,80,14,[14  1],81,-1,105,-1,91
1,<environment.Job instance at 0x7fe07c4715a0>,62,17,[8 5],63,-1,108,-1,91
1,<environment.Job instance at 0x7fe07d693b40>,90,20,[4 9],91,-1,111,-1,91
1,<environment.Job instance at 0x7fe07d693d70>,93,20,[1 8],94,-1,114,-1,94
1,<environment.Job instance at 0x7fe07d693960>,89,14,[ 3 14],90,-1,109,-1,95
1,<environment.Job instance at 0x7fe07d693eb0>,94,18,[5 4],95,-1,114,-1,96
1,<environment.Job instance at 0x7fe07d680140>,96,18,[ 4 10],97,-1,115,-1,97
1,<environment.Job instance at 0x7fe07d6801e0>,97,13,[7 2],98,-1,111,-1,98
1,<environment.Job instance at 0x7fe07d680460>,101,15,[10  5],102,-1,123,-1,108
1,<environment.Job instance at 0x7fe07c4e75f0>,0,24,[4 5],1,-1,25,-1,1
1,<environment.Job instance at 0x7fe07c529cd0>,2,12,[13  3],3,-1,15,-1,3
1,<environment.Job instance at 0x7fe07c529e10>,3,25,[ 5 10],4,-1,29,-1,4
1,<environment.Job instance at 0x7fe07c529550>,5,14,[11  2],6,-1,20,-1,6
1,<environment.Job instance at 0x7fe07d5d6730>,6,15,[ 3 14],7,-1,22,-1,7
1,<environment.Job instance at 0x7fe07c0c2aa0>,8,27,[7 4],9,-1,43,-1,16
1,<environment.Job instance at 0x7fe07d26d960>,13,2,[ 1 12],14,-1,18,-1,16
1,<environment.Job instance at 0x7fe07cf29a00>,16,14,[ 4 12],17,-1,35,-1,21
1,<environment.Job instance at 0x7fe07c339a00>,18,25,[ 1 14],19,-1,51,-1,26
1,<environment.Job instance at 0x7fe07c339640>,19,14,[11  5],20,-1,40,-1,26
1,<environment.Job instance at 0x7fe07ca42b40>,21,23,[ 4 13],22,-1,51,-1,28
1,<environment.Job instance at 0x7fe07ca420a0>,22,19,[11  1],23,-1,47,-1,28
1,<environment.Job instance at 0x7fe07d5e16e0>,23,3,[ 4 11],24,-1,31,-1,28
1,<environment.Job instance at 0x7fe07c7278c0>,26,13,[ 3 13],27,-1,54,-1,41
1,<environment.Job instance at 0x7fe07ca662d0>,29,16,[14  5],30,-1,60,-1,44
1,<environment.Job instance at 0x7fe07d28e6e0>,32,1,[14  3],33,-1,55,-1,54
1,<environment.Job instance at 0x7fe07c340280>,38,23,[5 5],39,-1,88,-1,65
1,<environment.Job instance at 0x7fe07c7fd320>,40,14,[11  3],41,-1,79,-1,65
1,<environment.Job instance at 0x7fe07cdff690>,42,1,[11  2],43,-1,68,-1,67
1,<environment.Job instance at 0x7fe07ca2d230>,50,2,[14  2],51,-1,100,-1,98
1,<environment.Job instance at 0x7fe07cecd370>,52,23,[ 3 10],53,-1,133,-1,110
1,<environment.Job instance at 0x7fe07c89e140>,56,14,[13  2],57,-1,137,-1,123
1,<environment.Job instance at 0x7fe07c8a6d70>,58,24,[ 1 14],59,-1,150,-1,126
1,<environment.Job instance at 0x7fe07d25db90>,64,23,[5 5],65,-1,166,-1,143
1,<environment.Job instance at 0x7fe07d25d3c0>,65,23,[ 2 12],66,-1,166,-1,143
1,<environment.Job instance at 0x7fe07d25dcd0>,67,25,[7 3],68,-1,177,-1,152
1,<environment.Job instance at 0x7fe07c023190>,68,1,[12  5],69,-1,153,-1,152
1,<environment.Job instance at 0x7fe07c023320>,69,13,[11  2],70,-1,165,-1,152
1,<environment.Job instance at 0x7fe07c023c80>,70,27,[5 2],71,-1,179,-1,152
1,<environment.Job instance at 0x7fe07ca11410>,3,20,[10  3],4,-1,26,-1,6
1,<environment.Job instance at 0x7fe07ca110f0>,5,26,[13  3],6,-1,32,-1,6
1,<environment.Job instance at 0x7fe07ca11050>,11,25,[9 5],12,-1,85,-1,60
1,<environment.Job instance at 0x7fe07d25f2d0>,24,18,[ 2 10],25,-1,83,-1,65
1,<environment.Job instance at 0x7fe07d25f780>,25,17,[5 5],26,-1,83,-1,66
1,<environment.Job instance at 0x7fe07d25f9b0>,27,14,[8 5],28,-1,80,-1,66
1,<environment.Job instance at 0x7fe07d25ffa0>,22,23,[ 2 12],23,-1,89,-1,66
1,<environment.Job instance at 0x7fe07d25f640>,28,25,[9 4],29,-1,91,-1,66
1,<environment.Job instance at 0x7fe07d25f140>,26,14,[9 5],27,-1,80,-1,66
1,<environment.Job instance at 0x7fe07d613a00>,0,27,[ 5 14],1,-1,28,-1,1
1,<environment.Job instance at 0x7fe07c6d8410>,1,17,[14  2],2,-1,19,-1,2
1,<environment.Job instance at 0x7fe07c6d8f00>,2,15,[12  2],3,-1,18,-1,3
1,<environment.Job instance at 0x7fe07c630870>,5,26,[13  3],6,-1,32,-1,6
1,<environment.Job instance at 0x7fe07ca6c5f0>,10,18,[11  2],11,-1,29,-1,11
1,<environment.Job instance at 0x7fe07c6304b0>,6,23,[9 5],7,-1,47,-1,24
1,<environment.Job instance at 0x7fe07d3e0320>,14,2,[ 5 12],15,-1,26,-1,24
1,<environment.Job instance at 0x7fe07cc7daa0>,15,23,[6 1],16,-1,47,-1,24
1,<environment.Job instance at 0x7fe07c630410>,7,27,[7 3],8,-1,51,-1,24
1,<environment.Job instance at 0x7fe07d3e05a0>,17,2,[ 4 14],18,-1,26,-1,24
1,<environment.Job instance at 0x7fe07c493320>,18,23,[10  3],19,-1,47,-1,24
1,<environment.Job instance at 0x7fe07c493be0>,19,14,[ 1 11],20,-1,38,-1,24
1,<environment.Job instance at 0x7fe07ca6c280>,11,25,[9 5],12,-1,49,-1,24
1,<environment.Job instance at 0x7fe07cc74320>,22,23,[ 2 12],23,-1,47,-1,24
1,<environment.Job instance at 0x7fe07c4a2280>,23,27,[8 3],24,-1,51,-1,24
1,<environment.Job instance at 0x7fe07c4a2230>,28,25,[9 4],29,-1,70,-1,45
1,<environment.Job instance at 0x7fe07cd087d0>,32,28,[ 5 13],33,-1,87,-1,59
1,<environment.Job instance at 0x7fe07c8e4e60>,33,15,[12  1],34,-1,74,-1,59
1,<environment.Job instance at 0x7fe07c24bc80>,34,3,[ 5 14],35,-1,62,-1,59
1,<environment.Job instance at 0x7fe07c96de10>,36,26,[4 9],37,-1,107,-1,81
1,<environment.Job instance at 0x7fe07c96d8c0>,37,27,[10  5],38,-1,108,-1,81
1,<environment.Job instance at 0x7fe07d5fc3c0>,42,16,[13  4],43,-1,97,-1,81
1,<environment.Job instance at 0x7fe07d25d960>,44,16,[ 5 12],45,-1,99,-1,83
1,<environment.Job instance at 0x7fe07cb3d460>,48,12,[ 2 12],49,-1,104,-1,92
1,<environment.Job instance at 0x7fe07c581aa0>,54,18,[ 1 11],55,-1,115,-1,97
1,<environment.Job instance at 0x7fe07c708e10>,59,16,[ 2 13],60,-1,132,-1,116
1,<environment.Job instance at 0x7fe07d25f3c0>,60,16,[ 5 12],61,-1,132,-1,116
1,<environment.Job instance at 0x7fe07cbef320>,61,12,[11  1],62,-1,128,-1,116
1,<environment.Job instance at 0x7fe07c5c2f00>,63,15,[11  4],64,-1,138,-1,123
1,<environment.Job instance at 0x7fe07d25f320>,64,17,[ 2 14],65,-1,140,-1,123
1,<environment.Job instance at 0x7fe07c2da370>,65,26,[10  5],66,-1,159,-1,133
1,<environment.Job instance at 0x7fe07c49c8c0>,70,25,[1 7],71,-1,177,-1,152
1,<environment.Job instance at 0x7fe07bf65a00>,0,20,[5 5],1,-1,21,-1,1
1,<environment.Job instance at 0x7fe07bf6baf0>,4,23,[ 5 10],5,-1,28,-1,5
1,<environment.Job instance at 0x7fe07bf6b190>,8,24,[10  4],9,-1,33,-1,9
1,<environment.Job instance at 0x7fe07bf6ba00>,11,16,[8 5],12,-1,28,-1,12
1,<environment.Job instance at 0x7fe07c4a2f50>,4,23,[ 5 10],5,-1,29,-1,6
1,<environment.Job instance at 0x7fe07ce6b910>,9,16,[11  3],10,-1,26,-1,10
1,<environment.Job instance at 0x7fe07d11f910>,10,16,[11  5],11,-1,27,-1,11
1,<environment.Job instance at 0x7fe07c963910>,8,24,[10  4],9,-1,42,-1,18
1,<environment.Job instance at 0x7fe07d1242d0>,12,1,[ 3 12],13,-1,19,-1,18
1,<environment.Job instance at 0x7fe07d1247d0>,13,25,[10  3],14,-1,43,-1,18
1,<environment.Job instance at 0x7fe07c99ab40>,14,14,[ 5 12],15,-1,32,-1,18
1,<environment.Job instance at 0x7fe07c99a0f0>,15,20,[ 3 14],16,-1,38,-1,18
1,<environment.Job instance at 0x7fe07c99a230>,16,24,[13  2],17,-1,42,-1,18
1,<environment.Job instance at 0x7fe07c99aaf0>,19,14,[11  5],20,-1,34,-1,20
1,<environment.Job instance at 0x7fe07c9862d0>,20,28,[6 1],21,-1,49,-1,21
1,<environment.Job instance at 0x7fe07c986d70>,23,23,[11  1],24,-1,47,-1,24
1,<environment.Job instance at 0x7fe07c986460>,25,18,[ 1 13],26,-1,48,-1,30
1,<environment.Job instance at 0x7fe07c98d410>,27,13,[11  3],28,-1,43,-1,30
1,<environment.Job instance at 0x7fe07c98d5f0>,28,28,[7 5],29,-1,58,-1,30
1,<environment.Job instance at 0x7fe07c970460>,30,2,[14  5],31,-1,33,-1,31
1,<environment.Job instance at 0x7fe07c9702d0>,31,26,[13  1],32,-1,58,-1,32
1,<environment.Job instance at 0x7fe07c984e60>,38,26,[ 5 12],39,-1,72,-1,46
1,<environment.Job instance at 0x7fe07c984050>,39,26,[2 8],40,-1,75,-1,49
1,<environment.Job instance at 0x7fe07c993be0>,42,16,[ 2 13],43,-1,65,-1,49
1,<environment.Job instance at 0x7fe07c9933c0>,44,13,[13  4],45,-1,62,-1,49
1,<environment.Job instance at 0x7fe07c10f870>,45,18,[14  3],46,-1,67,-1,49
1,<environment.Job instance at 0x7fe07c9935a0>,43,23,[7 1],44,-1,75,-1,52
1,<environment.Job instance at 0x7fe07c125c80>,47,24,[14  5],48,-1,76,-1,52
1,<environment.Job instance at 0x7fe07c125e60>,48,25,[ 4 12],49,-1,77,-1,52
1,<environment.Job instance at 0x7fe07c125cd0>,50,18,[12  3],51,-1,70,-1,52
1,<environment.Job instance at 0x7fe07c117f50>,52,18,[ 2 11],53,-1,72,-1,54
1,<environment.Job instance at 0x7fe07c1177d0>,53,13,[11  3],54,-1,67,-1,54
1,<environment.Job instance at 0x7fe07c980050>,54,18,[13  2],55,-1,73,-1,55
1,<environment.Job instance at 0x7fe07c980c30>,56,23,[ 5 13],57,-1,90,-1,67
1,<environment.Job instance at 0x7fe07d5da8c0>,57,23,[2 7],58,-1,92,-1,69
1,<environment.Job instance at 0x7fe07d5dafa0>,58,28,[ 1 10],59,-1,97,-1,69
1,<environment.Job instance at 0x7fe07c115c30>,60,12,[ 4 14],61,-1,81,-1,69
1,<environment.Job instance at 0x7fe07c85ddc0>,66,18,[ 5 11],67,-1,104,-1,86
1,<environment.Job instance at 0x7fe07ceb4eb0>,68,1,[12  3],69,-1,91,-1,90
1,<environment.Job instance at 0x7fe07ce8a910>,69,25,[13  1],70,-1,115,-1,90
1,<environment.Job instance at 0x7fe07d4b3550>,73,1,[14  4],74,-1,102,-1,101
1,<environment.Job instance at 0x7fe07c94e320>,74,17,[13  5],75,-1,118,-1,101
1,<environment.Job instance at 0x7fe07cea4aa0>,76,13,[ 4 11],77,-1,115,-1,102
1,<environment.Job instance at 0x7fe07d0b2eb0>,80,28,[ 3 10],81,-1,157,-1,129
1,<environment.Job instance at 0x7fe07cebd4b0>,0,19,[ 3 10],1,-1,20,-1,1
1,<environment.Job instance at 0x7fe07cebd140>,2,20,[10  3],3,-1,23,-1,3
1,<environment.Job instance at 0x7fe07cebde60>,3,27,[7 2],4,-1,31,-1,4
1,<environment.Job instance at 0x7fe07cebd910>,5,21,[10  1],6,-1,29,-1,8
1,<environment.Job instance at 0x7fe07d4cc370>,9,18,[ 5 12],10,-1,28,-1,10
1,<environment.Job instance at 0x7fe07d4cc640>,13,16,[ 5 10],14,-1,37,-1,21
1,<environment.Job instance at 0x7fe07c998c80>,4,12,[13  2],5,-1,17,-1,5
1,<environment.Job instance at 0x7fe07c9989b0>,6,12,[ 2 14],7,-1,19,-1,7
1,<environment.Job instance at 0x7fe07c998140>,7,17,[ 1 12],8,-1,25,-1,8
1,<environment.Job instance at 0x7fe07c998550>,8,22,[13  4],9,-1,31,-1,9
1,<environment.Job instance at 0x7fe085cbdd70>,9,18,[ 5 12],10,-1,28,-1,10
1,<environment.Job instance at 0x7fe085cbdeb0>,10,25,[12  1],11,-1,36,-1,11
1,<environment.Job instance at 0x7fe07c9980f0>,3,27,[7 2],4,-1,50,-1,23
1,<environment.Job instance at 0x7fe07bf850f0>,14,12,[13  2],15,-1,35,-1,23
1,<environment.Job instance at 0x7fe07bf85b40>,16,26,[2 8],17,-1,49,-1,23
1,<environment.Job instance at 0x7fe085cbdb40>,11,26,[10  2],12,-1,49,-1,23
1,<environment.Job instance at 0x7fe07c973410>,19,14,[ 2 13],20,-1,37,-1,23
1,<environment.Job instance at 0x7fe07c973280>,23,27,[ 1 13],24,-1,51,-1,24
1,<environment.Job instance at 0x7fe07ce69a00>,24,18,[11  3],25,-1,43,-1,25
1,<environment.Job instance at 0x7fe07c648370>,27,12,[12  5],28,-1,47,-1,35
1,<environment.Job instance at 0x7fe07c648550>,28,12,[ 3 12],29,-1,47,-1,35
1,<environment.Job instance at 0x7fe07c83a0f0>,31,25,[ 2 14],32,-1,62,-1,37
1,<environment.Job instance at 0x7fe07d4ab0a0>,37,16,[12  2],38,-1,69,-1,53
1,<environment.Job instance at 0x7fe07d4ab550>,38,2,[ 2 13],39,-1,55,-1,53
1,<environment.Job instance at 0x7fe07c72c730>,39,27,[5 5],40,-1,80,-1,53
1,<environment.Job instance at 0x7fe07c559230>,45,2,[12  1],46,-1,68,-1,66
1,<environment.Job instance at 0x7fe07c2cb6e0>,46,27,[ 5 11],47,-1,93,-1,66
1,<environment.Job instance at 0x7fe07cf15190>,49,19,[ 4 13],50,-1,98,-1,79
1,<environment.Job instance at 0x7fe07cf153c0>,50,25,[11  3],51,-1,104,-1,79
1,<environment.Job instance at 0x7fe07d0a9690>,55,17,[ 2 12],56,-1,113,-1,96
1,<environment.Job instance at 0x7fe07d4b3e10>,57,26,[9 4],58,-1,135,-1,109
1,<environment.Job instance at 0x7fe07ce8a910>,59,25,[11  1],60,-1,134,-1,109
1,<environment.Job instance at 0x7fe07c94e320>,56,28,[5 9],57,-1,139,-1,111
1,<environment.Job instance at 0x7fe07ceb4eb0>,61,1,[13  2],62,-1,112,-1,111
1,<environment.Job instance at 0x7fe07ceb5d70>,62,14,[13  2],63,-1,125,-1,111
1,<environment.Job instance at 0x7fe07c0f6820>,64,26,[4 7],65,-1,149,-1,123
1,<environment.Job instance at 0x7fe07c9800f0>,73,20,[ 1 14],74,-1,167,-1,147
1,<environment.Job instance at 0x7fe07c980c30>,74,1,[ 3 14],75,-1,148,-1,147
1,<environment.Job instance at 0x7fe07c56caa0>,2,22,[5 4],3,-1,26,-1,4
1,<environment.Job instance at 0x7fe07c049690>,3,19,[7 5],4,-1,23,-1,4
1,<environment.Job instance at 0x7fe07c56c2d0>,4,17,[ 4 10],5,-1,26,-1,9
1,<environment.Job instance at 0x7fe07c56c370>,14,21,[10  2],15,-1,178,-1,157
1,<environment.Job instance at 0x7fe07c340820>,35,21,[5 6],36,-1,178,-1,157
1,<environment.Job instance at 0x7fe085ff92d0>,0,23,[13  5],1,-1,24,-1,1
1,<environment.Job instance at 0x7fe07c59a9b0>,1,28,[14  2],2,-1,30,-1,2
1,<environment.Job instance at 0x7fe07c59a230>,6,22,[13  1],7,-1,29,-1,7
1,<environment.Job instance at 0x7fe07d4cc5f0>,8,22,[ 2 12],9,-1,31,-1,9
1,<environment.Job instance at 0x7fe07ce6bdc0>,13,20,[ 1 14],14,-1,45,-1,25
1,<environment.Job instance at 0x7fe07cebd320>,15,12,[ 1 14],16,-1,37,-1,25
1,<environment.Job instance at 0x7fe07c4a2460>,16,14,[ 3 11],17,-1,39,-1,25
1,<environment.Job instance at 0x7fe07c4a20f0>,18,12,[ 3 13],19,-1,37,-1,25
1,<environment.Job instance at 0x7fe07c963d70>,22,15,[ 4 11],23,-1,43,-1,28
1,<environment.Job instance at 0x7fe07ce574b0>,23,26,[7 4],24,-1,69,-1,43
1,<environment.Job instance at 0x7fe07d11f910>,25,2,[ 5 11],26,-1,45,-1,43
1,<environment.Job instance at 0x7fe07c99a230>,27,25,[5 8],28,-1,68,-1,43
1,<environment.Job instance at 0x7fe07c986d20>,36,28,[ 3 11],37,-1,100,-1,72
1,<environment.Job instance at 0x7fe07c98d8c0>,38,16,[14  5],39,-1,88,-1,72
1,<environment.Job instance at 0x7fe07c98d820>,40,13,[14  3],41,-1,86,-1,73
1,<environment.Job instance at 0x7fe07c98daf0>,39,28,[6 3],40,-1,111,-1,83
1,<environment.Job instance at 0x7fe07c98d550>,42,14,[ 2 12],43,-1,97,-1,83
1,<environment.Job instance at 0x7fe07c970a00>,44,21,[ 3 14],45,-1,104,-1,83
1,<environment.Job instance at 0x7fe07c976410>,46,23,[3 9],47,-1,113,-1,90
1,<environment.Job instance at 0x7fe07c993be0>,48,25,[ 1 14],49,-1,115,-1,90
1,<environment.Job instance at 0x7fe07c125dc0>,51,25,[2 8],52,-1,130,-1,105
1,<environment.Job instance at 0x7fe07c117e10>,54,16,[13  2],55,-1,121,-1,105
1,<environment.Job instance at 0x7fe07c0f29b0>,61,3,[ 1 13],62,-1,146,-1,143
1,<environment.Job instance at 0x7fe07c0f66e0>,63,16,[ 4 14],64,-1,161,-1,145
1,<environment.Job instance at 0x7fe07ce8a910>,64,15,[11  3],65,-1,160,-1,145
1,<environment.Job instance at 0x7fe07cdc20f0>,3,20,[5 2],4,-1,25,-1,5
1,<environment.Job instance at 0x7fe07c3516e0>,9,14,[8 5],10,-1,24,-1,10
1,<environment.Job instance at 0x7fe07c351fa0>,12,19,[ 4 10],13,-1,32,-1,13
1,<environment.Job instance at 0x7fe07c351140>,15,22,[7 1],16,-1,42,-1,20
1,<environment.Job instance at 0x7fe07c351910>,19,25,[6 4],20,-1,45,-1,20
1,<environment.Job instance at 0x7fe07cf085a0>,1,24,[1 9],2,-1,26,-1,2
1,<environment.Job instance at 0x7fe07cee6f50>,5,15,[14  2],6,-1,21,-1,6
1,<environment.Job instance at 0x7fe07c7a0eb0>,7,2,[ 5 11],8,-1,10,-1,8
1,<environment.Job instance at 0x7fe07cedff00>,8,12,[12  2],9,-1,21,-1,9
1,<environment.Job instance at 0x7fe07cedf550>,10,2,[ 4 14],11,-1,13,-1,11
1,<environment.Job instance at 0x7fe07cef8280>,13,14,[ 2 11],14,-1,28,-1,14
1,<environment.Job instance at 0x7fe07cf03410>,17,25,[1 7],18,-1,43,-1,18
1,<environment.Job instance at 0x7fe07cf03c80>,19,25,[6 4],20,-1,54,-1,29
1,<environment.Job instance at 0x7fe07d527320>,20,25,[14  3],21,-1,54,-1,29
1,<environment.Job instance at 0x7fe07d527eb0>,21,27,[8 1],22,-1,59,-1,32
1,<environment.Job instance at 0x7fe07d527280>,23,20,[ 3 12],24,-1,52,-1,32
1,<environment.Job instance at 0x7fe07d54a780>,25,23,[5 2],26,-1,55,-1,32
1,<environment.Job instance at 0x7fe07d54a910>,26,23,[1 6],27,-1,56,-1,33
1,<environment.Job instance at 0x7fe07c792f00>,27,23,[10  4],28,-1,56,-1,33
1,<environment.Job instance at 0x7fe07d52a190>,30,28,[8 5],31,-1,64,-1,36
1,<environment.Job instance at 0x7fe07d53ec80>,36,26,[ 5 10],37,-1,77,-1,51
1,<environment.Job instance at 0x7fe07d53e7d0>,38,1,[12  4],39,-1,52,-1,51
1,<environment.Job instance at 0x7fe07c287b90>,43,19,[ 1 11],44,-1,101,-1,82
1,<environment.Job instance at 0x7fe07cee4eb0>,44,26,[5 3],45,-1,118,-1,92
1,<environment.Job instance at 0x7fe07c312640>,45,27,[6 1],46,-1,119,-1,92
1,<environment.Job instance at 0x7fe07cee44b0>,47,13,[11  3],48,-1,105,-1,92
1,<environment.Job instance at 0x7fe07c303690>,50,14,[ 2 11],51,-1,106,-1,92
1,<environment.Job instance at 0x7fe07c776730>,52,17,[13  2],53,-1,110,-1,93
1,<environment.Job instance at 0x7fe07c77c8c0>,53,20,[ 1 13],54,-1,113,-1,93
1,<environment.Job instance at 0x7fe07c77c050>,54,18,[11  2],55,-1,111,-1,93
1,<environment.Job instance at 0x7fe07cada0f0>,55,26,[12  4],56,-1,119,-1,93
1,<environment.Job instance at 0x7fe07cadab40>,56,14,[11  2],57,-1,107,-1,93
1,<environment.Job instance at 0x7fe07d529410>,59,13,[ 1 13],60,-1,112,-1,99
1,<environment.Job instance at 0x7fe07c7a4280>,63,2,[ 4 11],64,-1,123,-1,121
1,<environment.Job instance at 0x7fe07d414a00>,64,23,[ 2 11],65,-1,144,-1,121
1,<environment.Job instance at 0x7fe07d52e0f0>,72,16,[11  2],73,-1,169,-1,153
1,<environment.Job instance at 0x7fe07cad1cd0>,74,2,[13  2],75,-1,157,-1,155
1,<environment.Job instance at 0x7fe07d2c3910>,1,26,[5 6],2,-1,28,-1,2
1,<environment.Job instance at 0x7fe07d2c3dc0>,7,18,[3 8],8,-1,27,-1,9
1,<environment.Job instance at 0x7fe07d2c3870>,8,22,[3 6],9,-1,31,-1,9
1,<environment.Job instance at 0x7fe07d2c30a0>,11,18,[ 3 12],12,-1,30,-1,12
1,<environment.Job instance at 0x7fe07d2c33c0>,12,20,[2 7],13,-1,33,-1,13
1,<environment.Job instance at 0x7fe07d2c3190>,13,17,[7 2],14,-1,31,-1,14
1,<environment.Job instance at 0x7fe07d2bd730>,16,23,[9 5],17,-1,42,-1,19
1,<environment.Job instance at 0x7fe07d2bd910>,21,20,[10  5],22,-1,42,-1,22
1,<environment.Job instance at 0x7fe07d2bd820>,14,18,[1 8],15,-1,41,-1,23
1,<environment.Job instance at 0x7fe07d2e8960>,0,27,[14  1],1,-1,28,-1,1
1,<environment.Job instance at 0x7fe07d2e88c0>,1,26,[5 6],2,-1,28,-1,2
1,<environment.Job instance at 0x7fe07d2e0d70>,3,14,[ 1 13],4,-1,18,-1,4
1,<environment.Job instance at 0x7fe07d2e1e60>,5,26,[11  1],6,-1,32,-1,6
1,<environment.Job instance at 0x7fe07d2e1230>,6,24,[12  2],7,-1,31,-1,7
1,<environment.Job instance at 0x7fe07d2ee640>,10,3,[ 5 14],11,-1,14,-1,11
1,<environment.Job instance at 0x7fe07d2b55f0>,11,18,[ 3 12],12,-1,30,-1,12
1,<environment.Job instance at 0x7fe07d2c7aa0>,16,23,[9 5],17,-1,41,-1,18
1,<environment.Job instance at 0x7fe07d2b5cd0>,15,23,[5 9],16,-1,41,-1,18
1,<environment.Job instance at 0x7fe07cada0f0>,18,26,[ 4 12],19,-1,45,-1,19
1,<environment.Job instance at 0x7fe07cabc730>,19,1,[ 2 14],20,-1,21,-1,20
1,<environment.Job instance at 0x7fe07c635460>,20,25,[12  5],21,-1,46,-1,21
1,<environment.Job instance at 0x7fe07c663820>,23,17,[13  3],24,-1,52,-1,35
1,<environment.Job instance at 0x7fe07c312e60>,24,20,[ 4 11],25,-1,55,-1,35
1,<environment.Job instance at 0x7fe07d2bdb40>,27,25,[8 5],28,-1,77,-1,52
1,<environment.Job instance at 0x7fe07d2c3230>,28,3,[11  3],29,-1,55,-1,52
1,<environment.Job instance at 0x7fe07d2c3c30>,29,27,[13  5],30,-1,79,-1,52
1,<environment.Job instance at 0x7fe07d2c3370>,31,14,[ 4 13],32,-1,66,-1,52
1,<environment.Job instance at 0x7fe07d2dfe60>,34,25,[5 3],35,-1,78,-1,53
1,<environment.Job instance at 0x7fe07d2df730>,36,16,[ 3 11],37,-1,81,-1,65
1,<environment.Job instance at 0x7fe07d439140>,37,28,[4 9],38,-1,93,-1,65
1,<environment.Job instance at 0x7fe07d439550>,38,25,[11  1],39,-1,90,-1,65
1,<environment.Job instance at 0x7fe07d439190>,41,12,[12  1],42,-1,78,-1,66
1,<environment.Job instance at 0x7fe07d439050>,44,27,[ 3 14],45,-1,97,-1,70
1,<environment.Job instance at 0x7fe07d4390f0>,45,2,[ 3 13],46,-1,72,-1,70
1,<environment.Job instance at 0x7fe07d439780>,46,28,[11  1],47,-1,98,-1,70
1,<environment.Job instance at 0x7fe07d439640>,47,18,[ 4 11],48,-1,88,-1,70
1,<environment.Job instance at 0x7fe07d436550>,50,18,[12  3],51,-1,101,-1,83
1,<environment.Job instance at 0x7fe07d436f50>,54,17,[ 3 13],55,-1,119,-1,102
1,<environment.Job instance at 0x7fe07d4367d0>,61,24,[5 3],62,-1,170,-1,146
1,<environment.Job instance at 0x7fe07d4361e0>,64,19,[12  3],65,-1,165,-1,146
1,<environment.Job instance at 0x7fe07d436be0>,65,25,[2 6],66,-1,172,-1,147
1,<environment.Job instance at 0x7fe07bf84500>,0,25,[5 1],1,-1,26,-1,1
1,<environment.Job instance at 0x7fe07bfa39b0>,11,15,[10  2],12,-1,27,-1,12
1,<environment.Job instance at 0x7fe07bfa34b0>,9,19,[12  1],10,-1,31,-1,12
1,<environment.Job instance at 0x7fe07c8b3d70>,6,16,[12  5],7,-1,96,-1,80
1,<environment.Job instance at 0x7fe07bfa3230>,17,26,[ 3 14],18,-1,107,-1,81
1,<environment.Job instance at 0x7fe07bfa31e0>,12,20,[12  3],13,-1,123,-1,103
1,<environment.Job instance at 0x7fe07bfa30f0>,16,15,[3 8],17,-1,118,-1,103
1,<environment.Job instance at 0x7fe07bd6d690>,35,15,[7 5],36,-1,121,-1,106
1,<environment.Job instance at 0x7fe07bd6d460>,36,15,[13  1],37,-1,121,-1,106
1,<environment.Job instance at 0x7fe07bd6d550>,37,15,[5 5],38,-1,122,-1,107
1,<environment.Job instance at 0x7fe07c6992d0>,38,17,[9 4],39,-1,125,-1,108
1,<environment.Job instance at 0x7fe07c699640>,39,12,[3 7],40,-1,120,-1,108
1,<environment.Job instance at 0x7fe07c699be0>,41,18,[2 9],42,-1,127,-1,109
1,<environment.Job instance at 0x7fe07bd6da00>,33,17,[ 1 10],34,-1,126,-1,109
1,<environment.Job instance at 0x7fe07c699370>,43,16,[2 8],44,-1,125,-1,109
1,<environment.Job instance at 0x7fe07bfa3fa0>,18,17,[3 5],19,-1,131,-1,114
1,<environment.Job instance at 0x7fe07c6991e0>,47,13,[10  2],48,-1,127,-1,114
1,<environment.Job instance at 0x7fe07c6997d0>,49,25,[9 4],50,-1,139,-1,114
1,<environment.Job instance at 0x7fe07c699cd0>,50,20,[7 2],51,-1,134,-1,114
1,<environment.Job instance at 0x7fe07c6993c0>,48,24,[ 5 12],49,-1,138,-1,114
1,<environment.Job instance at 0x7fe07c699d20>,45,14,[7 2],46,-1,128,-1,114
1,<environment.Job instance at 0x7fe07c699a50>,53,16,[5 3],54,-1,130,-1,114
1,<environment.Job instance at 0x7fe07c699e10>,54,15,[14  5],55,-1,130,-1,115
1,<environment.Job instance at 0x7fe07c699780>,55,18,[2 8],56,-1,133,-1,115
1,<environment.Job instance at 0x7fe07c699af0>,56,13,[10  2],57,-1,128,-1,115
1,<environment.Job instance at 0x7fe07c699910>,57,13,[10  1],58,-1,128,-1,115
1,<environment.Job instance at 0x7fe07bcf8f00>,62,21,[3 6],63,-1,148,-1,127
1,<environment.Job instance at 0x7fe07bcf8730>,66,18,[6 5],67,-1,152,-1,134
1,<environment.Job instance at 0x7fe07cf0a230>,0,25,[5 1],1,-1,26,-1,1
1,<environment.Job instance at 0x7fe07cd0dfa0>,1,2,[14  3],2,-1,4,-1,2
1,<environment.Job instance at 0x7fe07d2dfcd0>,2,27,[10  5],3,-1,30,-1,3
1,<environment.Job instance at 0x7fe07d2dfe60>,3,1,[ 3 11],4,-1,5,-1,4
1,<environment.Job instance at 0x7fe07d2dfe10>,6,16,[12  5],7,-1,23,-1,7
1,<environment.Job instance at 0x7fe07d2c3140>,7,3,[ 1 13],8,-1,11,-1,8
1,<environment.Job instance at 0x7fe07d2c3370>,8,26,[ 1 12],9,-1,35,-1,9
1,<environment.Job instance at 0x7fe085c72780>,9,19,[12  1],10,-1,29,-1,10
1,<environment.Job instance at 0x7fe07d2bd050>,10,22,[ 2 12],11,-1,33,-1,11
1,<environment.Job instance at 0x7fe07d2bd960>,12,20,[12  3],13,-1,33,-1,13
1,<environment.Job instance at 0x7fe07c287190>,13,17,[14  4],14,-1,31,-1,14
1,<environment.Job instance at 0x7fe07c312e60>,14,17,[12  2],15,-1,32,-1,15
1,<environment.Job instance at 0x7fe07d2ef730>,15,17,[ 2 13],16,-1,33,-1,16
1,<environment.Job instance at 0x7fe07d2c7aa0>,17,26,[ 3 14],18,-1,44,-1,18
1,<environment.Job instance at 0x7fe07d2c7870>,19,26,[1 5],20,-1,46,-1,20
1,<environment.Job instance at 0x7fe07d2b5c30>,21,18,[11  2],22,-1,40,-1,22
1,<environment.Job instance at 0x7fe07d2b5230>,24,23,[7 1],25,-1,50,-1,27
1,<environment.Job instance at 0x7fe07d2ee5f0>,25,12,[ 4 13],26,-1,39,-1,27
1,<environment.Job instance at 0x7fe07d2e8960>,28,27,[ 3 12],29,-1,56,-1,29
1,<environment.Job instance at 0x7fe07d2e1410>,29,24,[7 1],30,-1,54,-1,30
1,<environment.Job instance at 0x7fe07d2e0dc0>,31,2,[ 2 12],32,-1,34,-1,32
1,<environment.Job instance at 0x7fe07c8b3c30>,32,13,[ 3 11],33,-1,46,-1,33
1,<environment.Job instance at 0x7fe07bfa3f50>,36,15,[13  1],37,-1,60,-1,45
1,<environment.Job instance at 0x7fe07be6bd20>,40,2,[12  4],41,-1,62,-1,60
1,<environment.Job instance at 0x7fe07bd8b690>,42,2,[12  3],43,-1,66,-1,64
1,<environment.Job instance at 0x7fe07cd9cc30>,46,19,[14  5],47,-1,107,-1,88
1,<environment.Job instance at 0x7fe07cd23550>,48,24,[ 5 12],49,-1,115,-1,91
1,<environment.Job instance at 0x7fe07d56b690>,49,25,[9 4],50,-1,131,-1,106
1,<environment.Job instance at 0x7fe07c614a00>,54,15,[14  5],55,-1,133,-1,118
1,<environment.Job instance at 0x7fe07c5aea00>,59,20,[ 4 14],60,-1,164,-1,144
1,<environment.Job instance at 0x7fe07bf84690>,60,2,[14  1],61,-1,146,-1,144
1,<environment.Job instance at 0x7fe07bf84460>,61,16,[13  2],62,-1,160,-1,144
1,<environment.Job instance at 0x7fe07be841e0>,65,2,[ 1 12],66,-1,153,-1,151
1,<environment.Job instance at 0x7fe07cb966e0>,67,20,[ 1 13],68,-1,173,-1,153
1,<environment.Job instance at 0x7fe07d0d2be0>,0,22,[4 9],1,-1,23,-1,1
1,<environment.Job instance at 0x7fe07d0d2140>,3,21,[5 8],4,-1,25,-1,4
1,<environment.Job instance at 0x7fe07d0d2370>,4,28,[ 4 10],5,-1,33,-1,5
1,<environment.Job instance at 0x7fe07d0d2640>,5,25,[5 3],6,-1,31,-1,6
1,<environment.Job instance at 0x7fe07d0d2320>,6,18,[5 6],7,-1,25,-1,7
1,<environment.Job instance at 0x7fe07d09c410>,8,20,[3 9],9,-1,29,-1,9
1,<environment.Job instance at 0x7fe085e52d20>,13,24,[5 8],14,-1,38,-1,14
1,<environment.Job instance at 0x7fe07d53bdc0>,14,20,[5 5],15,-1,35,-1,15
1,<environment.Job instance at 0x7fe07d53b3c0>,16,16,[ 2 10],17,-1,34,-1,18
1,<environment.Job instance at 0x7fe07d0d21e0>,17,28,[8 4],18,-1,46,-1,18
1,<environment.Job instance at 0x7fe07d53b140>,18,17,[10  4],19,-1,37,-1,20
1,<environment.Job instance at 0x7fe07d6d53c0>,20,13,[10  3],21,-1,34,-1,21
1,<environment.Job instance at 0x7fe07d6d5640>,21,18,[10  5],22,-1,40,-1,22
1,<environment.Job instance at 0x7fe07d6d5320>,19,16,[ 5 10],20,-1,41,-1,25
1,<environment.Job instance at 0x7fe07d0cbe10>,32,20,[13  3],33,-1,82,-1,62
1,<environment.Job instance at 0x7fe07d0cb0f0>,39,24,[3 6],40,-1,86,-1,62
1,<environment.Job instance at 0x7fe07d0cba00>,37,12,[12  5],38,-1,74,-1,62
1,<environment.Job instance at 0x7fe07d0cbc30>,41,12,[ 4 10],42,-1,76,-1,64
1,<environment.Job instance at 0x7fe07d0cbfa0>,27,24,[ 2 14],28,-1,90,-1,66
1,<environment.Job instance at 0x7fe07d0b2a50>,46,22,[ 4 11],47,-1,126,-1,104
1,<environment.Job instance at 0x7fe07d0b2550>,55,21,[10  5],56,-1,125,-1,104
1,<environment.Job instance at 0x7fe07c764cd0>,7,2,[14  1],8,-1,10,-1,8
1,<environment.Job instance at 0x7fe07ce4b780>,5,25,[5 3],6,-1,42,-1,17
1,<environment.Job instance at 0x7fe07c760af0>,9,15,[ 2 13],10,-1,32,-1,17
1,<environment.Job instance at 0x7fe07c153820>,13,24,[5 8],14,-1,47,-1,23
1,<environment.Job instance at 0x7fe07c153e10>,15,24,[ 4 11],16,-1,47,-1,23
1,<environment.Job instance at 0x7fe07ce79eb0>,17,28,[8 4],18,-1,51,-1,23
1,<environment.Job instance at 0x7fe07c261640>,4,28,[ 4 10],5,-1,64,-1,36
1,<environment.Job instance at 0x7fe07d1a5a50>,22,24,[13  3],23,-1,60,-1,36
1,<environment.Job instance at 0x7fe07d1c60f0>,23,16,[ 5 12],24,-1,52,-1,36
1,<environment.Job instance at 0x7fe07c7686e0>,24,2,[13  5],25,-1,38,-1,36
1,<environment.Job instance at 0x7fe07d1cb500>,25,22,[ 3 12],26,-1,58,-1,36
1,<environment.Job instance at 0x7fe07d296d20>,26,13,[14  4],27,-1,49,-1,36
1,<environment.Job instance at 0x7fe07d2960a0>,27,24,[ 2 14],28,-1,60,-1,36
1,<environment.Job instance at 0x7fe07d292410>,32,20,[13  3],33,-1,72,-1,52
1,<environment.Job instance at 0x7fe07c16cb40>,34,17,[13  1],35,-1,72,-1,55
1,<environment.Job instance at 0x7fe07c53b500>,37,12,[12  5],38,-1,81,-1,69
1,<environment.Job instance at 0x7fe07c2a13c0>,39,24,[3 6],40,-1,103,-1,79
1,<environment.Job instance at 0x7fe07c291fa0>,43,17,[11  5],44,-1,110,-1,93
1,<environment.Job instance at 0x7fe07c2910a0>,46,22,[ 4 11],47,-1,120,-1,98
1,<environment.Job instance at 0x7fe07c299370>,48,3,[13  5],49,-1,102,-1,99
1,<environment.Job instance at 0x7fe07c29d320>,49,23,[4 6],50,-1,133,-1,110
1,<environment.Job instance at 0x7fe07d1cfb90>,52,18,[ 4 13],53,-1,129,-1,111
1,<environment.Job instance at 0x7fe07d217140>,54,12,[ 2 12],55,-1,126,-1,114
1,<environment.Job instance at 0x7fe07c288280>,56,18,[ 1 13],57,-1,132,-1,114
1,<environment.Job instance at 0x7fe07c13fc80>,59,3,[13  1],60,-1,132,-1,129
1,<environment.Job instance at 0x7fe07c13fc30>,62,17,[14  2],63,-1,146,-1,129
1,<environment.Job instance at 0x7fe07c69c370>,65,3,[13  4],66,-1,145,-1,142
1,<environment.Job instance at 0x7fe07c69cfa0>,66,14,[11  5],67,-1,156,-1,142
1,<environment.Job instance at 0x7fe07c69f1e0>,68,16,[11  5],69,-1,162,-1,146
1,<environment.Job instance at 0x7fe07c6796e0>,70,2,[ 1 14],71,-1,161,-1,159
1,<environment.Job instance at 0x7fe07c27a550>,0,28,[6 5],1,-1,29,-1,1
1,<environment.Job instance at 0x7fe07c27a640>,2,20,[8 4],3,-1,25,-1,5
1,<environment.Job instance at 0x7fe07c27ae60>,4,17,[7 3],5,-1,22,-1,5
1,<environment.Job instance at 0x7fe07c299960>,21,28,[9 5],22,-1,85,-1,57
1,<environment.Job instance at 0x7fe07c2998c0>,20,26,[ 3 13],21,-1,87,-1,61
1,<environment.Job instance at 0x7fe07c299a50>,22,24,[8 5],23,-1,85,-1,61
1,<environment.Job instance at 0x7fe07c299d70>,23,15,[6 5],24,-1,76,-1,61
1,<environment.Job instance at 0x7fe07c2a6d70>,15,26,[12  4],16,-1,88,-1,62
1,<environment.Job instance at 0x7fe07c299e10>,25,21,[10  2],26,-1,83,-1,62
1,<environment.Job instance at 0x7fe07c299910>,29,18,[ 3 10],30,-1,80,-1,62
1,<environment.Job instance at 0x7fe07c2911e0>,31,25,[ 3 13],32,-1,89,-1,64
1,<environment.Job instance at 0x7fe07c2990a0>,28,17,[3 5],29,-1,81,-1,64
1,<environment.Job instance at 0x7fe07c2910f0>,35,23,[5 5],36,-1,87,-1,64
1,<environment.Job instance at 0x7fe07c291eb0>,39,21,[4 5],40,-1,85,-1,64
1,<environment.Job instance at 0x7fe07c291780>,40,13,[13  4],41,-1,77,-1,64
1,<environment.Job instance at 0x7fe07c291aa0>,41,15,[ 4 12],42,-1,79,-1,64
1,<environment.Job instance at 0x7fe07c291c80>,42,23,[1 5],43,-1,87,-1,64
1,<environment.Job instance at 0x7fe07c291f00>,43,20,[12  2],44,-1,84,-1,64
1,<environment.Job instance at 0x7fe07c291e60>,44,16,[1 8],45,-1,80,-1,64
1,<environment.Job instance at 0x7fe07c291b40>,45,28,[13  4],46,-1,92,-1,64
1,<environment.Job instance at 0x7fe07c291d20>,46,16,[13  2],47,-1,80,-1,64
1,<environment.Job instance at 0x7fe07c291b90>,47,16,[ 5 12],48,-1,80,-1,64
1,<environment.Job instance at 0x7fe07d1b0f00>,48,18,[10  3],49,-1,82,-1,64
1,<environment.Job instance at 0x7fe07c2917d0>,32,1,[12  1],33,-1,65,-1,64
1,<environment.Job instance at 0x7fe07d1b0410>,50,24,[ 5 13],51,-1,88,-1,64
1,<environment.Job instance at 0x7fe07d1b0460>,51,13,[ 4 14],52,-1,77,-1,64
1,<environment.Job instance at 0x7fe07d1b0d20>,49,19,[2 5],50,-1,83,-1,64
1,<environment.Job instance at 0x7fe07c2a6640>,19,27,[10  2],20,-1,91,-1,64
1,<environment.Job instance at 0x7fe07d1b0550>,54,18,[ 5 13],55,-1,83,-1,65
1,<environment.Job instance at 0x7fe07c2a6550>,9,22,[ 3 13],10,-1,87,-1,65
1,<environment.Job instance at 0x7fe07d1b0e60>,58,25,[9 4],59,-1,91,-1,66
1,<environment.Job instance at 0x7fe07d1b0870>,59,22,[ 4 10],60,-1,90,-1,68
1,<environment.Job instance at 0x7fe07d1b0190>,60,19,[1 9],61,-1,87,-1,68
1,<environment.Job instance at 0x7fe07c2919b0>,38,24,[ 2 11],39,-1,109,-1,85
1,<environment.Job instance at 0x7fe07c2a6b90>,10,15,[13  3],11,-1,103,-1,88
1,<environment.Job instance at 0x7fe07d1b00a0>,63,24,[13  5],64,-1,113,-1,89
1,<environment.Job instance at 0x7fe07c291730>,34,28,[14  1],35,-1,119,-1,91
1,<environment.Job instance at 0x7fe07c2a6910>,6,25,[ 4 13],7,-1,118,-1,93
1,<environment.Job instance at 0x7fe07bcfcaa0>,68,21,[5 7],69,-1,119,-1,98
1,<environment.Job instance at 0x7fe07bcfc820>,70,17,[8 5],71,-1,116,-1,99
1,<environment.Job instance at 0x7fe07bcfca50>,71,27,[8 1],72,-1,126,-1,99
1,<environment.Job instance at 0x7fe07d1b0780>,55,26,[1 5],56,-1,125,-1,99
1,<environment.Job instance at 0x7fe07bcfc320>,64,27,[2 8],65,-1,128,-1,101
1,<environment.Job instance at 0x7fe07bcfcd70>,77,22,[9 4],78,-1,123,-1,101
1,<environment.Job instance at 0x7fe07bcfc7d0>,74,23,[10  3],75,-1,124,-1,101
1,<environment.Job instance at 0x7fe07bcfc050>,73,15,[10  5],74,-1,117,-1,102
1,<environment.Job instance at 0x7fe07bcfc230>,81,17,[2 8],82,-1,119,-1,102
1,<environment.Job instance at 0x7fe07d28e050>,83,24,[9 1],84,-1,126,-1,102
1,<environment.Job instance at 0x7fe07c291f50>,36,28,[ 5 12],37,-1,130,-1,102
1,<environment.Job instance at 0x7fe07d28e320>,85,18,[8 2],86,-1,120,-1,102
1,<environment.Job instance at 0x7fe07bcfce10>,65,26,[4 6],66,-1,128,-1,102
1,<environment.Job instance at 0x7fe07d28e730>,86,16,[ 1 10],87,-1,118,-1,102
1,<environment.Job instance at 0x7fe07bcfc870>,69,27,[10  2],70,-1,129,-1,102
1,<environment.Job instance at 0x7fe07d28ea00>,92,28,[6 5],93,-1,133,-1,105
1,<environment.Job instance at 0x7fe07bcfc6e0>,67,26,[ 1 13],68,-1,131,-1,105
1,<environment.Job instance at 0x7fe07bcfc500>,66,15,[ 4 14],67,-1,120,-1,105
1,<environment.Job instance at 0x7fe07d28e410>,82,18,[5 5],83,-1,125,-1,107
1,<environment.Job instance at 0x7fe07d28ec80>,94,18,[8 4],95,-1,126,-1,108
1,<environment.Job instance at 0x7fe07bcfc190>,72,27,[7 2],73,-1,135,-1,108
1,<environment.Job instance at 0x7fe07d28e0a0>,87,15,[4 8],88,-1,123,-1,108
1,<environment.Job instance at 0x7fe07d28e6e0>,97,17,[7 4],98,-1,125,-1,108
1,<environment.Job instance at 0x7fe07d1a5230>,105,23,[5 2],106,-1,135,-1,112
1,<environment.Job instance at 0x7fe07d28edc0>,95,25,[5 3],96,-1,137,-1,112
1,<environment.Job instance at 0x7fe07d1a5c80>,107,28,[10  4],108,-1,140,-1,112
1,<environment.Job instance at 0x7fe07d1c6280>,109,22,[10  5],110,-1,134,-1,112
1,<environment.Job instance at 0x7fe07d212a50>,0,28,[6 5],1,-1,29,-1,1
1,<environment.Job instance at 0x7fe07d2120f0>,1,26,[2 6],2,-1,28,-1,2
1,<environment.Job instance at 0x7fe07c679280>,5,23,[2 8],6,-1,30,-1,7
1,<environment.Job instance at 0x7fe07d292410>,6,25,[ 4 13],7,-1,32,-1,7
1,<environment.Job instance at 0x7fe07d1f0190>,9,22,[ 3 13],10,-1,32,-1,10
1,<environment.Job instance at 0x7fe07c69c370>,10,15,[13  3],11,-1,26,-1,11
1,<environment.Job instance at 0x7fe07c2a6320>,11,1,[ 1 13],12,-1,13,-1,12
1,<environment.Job instance at 0x7fe07c2a6730>,12,13,[12  5],13,-1,26,-1,13
1,<environment.Job instance at 0x7fe07c2a6e10>,15,26,[12  4],16,-1,42,-1,16
1,<environment.Job instance at 0x7fe07c2a6d20>,16,19,[ 5 12],17,-1,36,-1,17
1,<environment.Job instance at 0x7fe07c29d410>,7,28,[1 6],8,-1,51,-1,23
1,<environment.Job instance at 0x7fe07c299140>,20,26,[ 3 13],21,-1,49,-1,23
1,<environment.Job instance at 0x7fe07c299c30>,19,27,[10  2],20,-1,51,-1,24
1,<environment.Job instance at 0x7fe07cd512d0>,22,24,[8 5],23,-1,49,-1,25
1,<environment.Job instance at 0x7fe07c299370>,21,28,[9 5],22,-1,53,-1,25
1,<environment.Job instance at 0x7fe07c80eaf0>,31,25,[ 3 13],32,-1,66,-1,41
1,<environment.Job instance at 0x7fe07bcfc280>,32,1,[12  1],33,-1,42,-1,41
1,<environment.Job instance at 0x7fe07bcfc1e0>,34,28,[14  1],35,-1,71,-1,43
1,<environment.Job instance at 0x7fe07bcfc5a0>,35,23,[5 5],36,-1,66,-1,43
1,<environment.Job instance at 0x7fe07cd21640>,36,28,[ 5 12],37,-1,71,-1,43
1,<environment.Job instance at 0x7fe07d28ea50>,38,24,[ 2 11],39,-1,67,-1,43
1,<environment.Job instance at 0x7fe07d2618c0>,40,13,[13  4],41,-1,58,-1,45
1,<environment.Job instance at 0x7fe07d261050>,41,15,[ 4 12],42,-1,60,-1,45
1,<environment.Job instance at 0x7fe07cd4e2d0>,42,23,[1 5],43,-1,68,-1,45
1,<environment.Job instance at 0x7fe07ced41e0>,43,20,[12  2],44,-1,65,-1,45
1,<environment.Job instance at 0x7fe07d1a5af0>,45,28,[13  4],46,-1,74,-1,46
1,<environment.Job instance at 0x7fe07d1a5e10>,46,16,[13  2],47,-1,63,-1,47
1,<environment.Job instance at 0x7fe07d1a5d70>,47,16,[ 5 12],48,-1,64,-1,48
1,<environment.Job instance at 0x7fe07d1a54b0>,50,24,[ 5 13],51,-1,75,-1,51
1,<environment.Job instance at 0x7fe07c1cdf00>,51,13,[ 4 14],52,-1,65,-1,52
1,<environment.Job instance at 0x7fe07c1cda00>,54,18,[ 5 13],55,-1,78,-1,60
1,<environment.Job instance at 0x7fe07c1cde60>,55,26,[1 5],56,-1,86,-1,60
1,<environment.Job instance at 0x7fe07cf415f0>,56,3,[ 4 11],57,-1,63,-1,60
1,<environment.Job instance at 0x7fe07c27a500>,58,25,[9 4],59,-1,87,-1,62
1,<environment.Job instance at 0x7fe07c27a4b0>,61,13,[11  4],62,-1,75,-1,62
1,<environment.Job instance at 0x7fe07c27ac30>,63,24,[13  5],64,-1,105,-1,81
1,<environment.Job instance at 0x7fe07cb6bdc0>,64,27,[2 8],65,-1,108,-1,81
1,<environment.Job instance at 0x7fe07cb6bfa0>,65,26,[4 6],66,-1,107,-1,81
1,<environment.Job instance at 0x7fe07cb6b230>,66,15,[ 4 14],67,-1,96,-1,81
1,<environment.Job instance at 0x7fe07cb6bb40>,67,26,[ 1 13],68,-1,107,-1,81
1,<environment.Job instance at 0x7fe07cb6b500>,69,27,[10  2],70,-1,125,-1,98
1,<environment.Job instance at 0x7fe07cc7a140>,72,27,[7 2],73,-1,142,-1,115
1,<environment.Job instance at 0x7fe07cc7aa00>,71,27,[8 1],72,-1,142,-1,115
1,<environment.Job instance at 0x7fe07cb45140>,74,23,[10  3],75,-1,138,-1,115
1,<environment.Job instance at 0x7fe07cf14230>,79,27,[4 6],80,-1,159,-1,132
1,<environment.Job instance at 0x7fe07c81f410>,83,24,[9 1],84,-1,160,-1,136
1,<environment.Job instance at 0x7fe07d176dc0>,11,18,[3 8],12,-1,36,-1,18
1,<environment.Job instance at 0x7fe07d17e230>,14,20,[5 6],15,-1,38,-1,18
1,<environment.Job instance at 0x7fe07d17e2d0>,15,18,[9 5],16,-1,36,-1,18
1,<environment.Job instance at 0x7fe07c67a190>,0,22,[11  5],1,-1,23,-1,1
1,<environment.Job instance at 0x7fe07c67aa50>,1,26,[11  5],2,-1,28,-1,2
1,<environment.Job instance at 0x7fe07c67a230>,2,28,[5 8],3,-1,31,-1,3
1,<environment.Job instance at 0x7fe07c67a0a0>,3,27,[1 7],4,-1,31,-1,4
1,<environment.Job instance at 0x7fe07c69baa0>,5,14,[ 1 13],6,-1,20,-1,6
1,<environment.Job instance at 0x7fe07c736870>,8,13,[ 1 12],9,-1,22,-1,9
1,<environment.Job instance at 0x7fe07c6902d0>,9,23,[8 2],10,-1,33,-1,10
1,<environment.Job instance at 0x7fe07c6900a0>,10,23,[2 8],11,-1,34,-1,11
1,<environment.Job instance at 0x7fe07c690cd0>,12,13,[11  2],13,-1,26,-1,13
1,<environment.Job instance at 0x7fe07c67a730>,16,19,[ 1 11],17,-1,36,-1,17
1,<environment.Job instance at 0x7fe07c684960>,17,24,[ 1 13],18,-1,42,-1,18
1,<environment.Job instance at 0x7fe07c1b9320>,20,14,[14  5],21,-1,40,-1,26
1,<environment.Job instance at 0x7fe07c1b9eb0>,24,12,[ 3 14],25,-1,42,-1,30
1,<environment.Job instance at 0x7fe07c1ed460>,27,23,[ 5 12],28,-1,67,-1,44
1,<environment.Job instance at 0x7fe07c67f960>,30,28,[10  5],31,-1,99,-1,71
1,<environment.Job instance at 0x7fe07c67fe60>,32,28,[ 3 14],33,-1,99,-1,71
1,<environment.Job instance at 0x7fe07cf26eb0>,35,2,[14  4],36,-1,73,-1,71
1,<environment.Job instance at 0x7fe07cf33140>,37,23,[5 7],38,-1,108,-1,85
1,<environment.Job instance at 0x7fe07cf332d0>,38,28,[14  5],39,-1,113,-1,85
1,<environment.Job instance at 0x7fe07cf33230>,39,23,[10  5],40,-1,108,-1,85
1,<environment.Job instance at 0x7fe07cf335f0>,40,23,[3 7],41,-1,108,-1,85
1,<environment.Job instance at 0x7fe07c1cc910>,41,24,[2 9],42,-1,109,-1,85
1,<environment.Job instance at 0x7fe07c1ccaf0>,42,17,[14  1],43,-1,102,-1,85
1,<environment.Job instance at 0x7fe07d2816e0>,43,22,[11  3],44,-1,107,-1,85
1,<environment.Job instance at 0x7fe07c1cce60>,45,28,[ 2 14],46,-1,113,-1,85
1,<environment.Job instance at 0x7fe07c1cc730>,46,23,[13  5],47,-1,108,-1,85
1,<environment.Job instance at 0x7fe07c68aeb0>,47,12,[ 4 13],48,-1,97,-1,85
1,<environment.Job instance at 0x7fe07c68a500>,48,20,[ 1 13],49,-1,105,-1,85
1,<environment.Job instance at 0x7fe07c68a690>,49,2,[11  2],50,-1,87,-1,85
1,<environment.Job instance at 0x7fe07c1d1690>,51,22,[ 1 14],52,-1,107,-1,85
1,<environment.Job instance at 0x7fe07c1e3c30>,53,19,[ 3 14],54,-1,117,-1,98
1,<environment.Job instance at 0x7fe07c1e3c80>,54,18,[ 4 14],55,-1,116,-1,98
1,<environment.Job instance at 0x7fe07c1e3be0>,55,1,[12  2],56,-1,99,-1,98
1,<environment.Job instance at 0x7fe07bee64b0>,58,26,[6 4],59,-1,140,-1,114
1,<environment.Job instance at 0x7fe07bee6140>,61,24,[10  1],62,-1,151,-1,127
1,<environment.Job instance at 0x7fe07bee67d0>,65,28,[8 3],66,-1,156,-1,128
1,<environment.Job instance at 0x7fe07cf0d7d0>,66,14,[ 1 12],67,-1,142,-1,128
1,<environment.Job instance at 0x7fe07c81f190>,68,17,[11  1],69,-1,145,-1,128
1,<environment.Job instance at 0x7fe07d432780>,70,16,[ 4 13],71,-1,149,-1,133
1,<environment.Job instance at 0x7fe07cb45140>,73,18,[12  4],74,-1,152,-1,134
1,<environment.Job instance at 0x7fe07cb7cbe0>,71,26,[8 4],72,-1,167,-1,141
1,<environment.Job instance at 0x7fe07cb457d0>,74,27,[9 3],75,-1,168,-1,141
1,<environment.Job instance at 0x7fe07cc7a230>,77,26,[5 6],78,-1,170,-1,144
1,<environment.Job instance at 0x7fe07cc7a140>,78,26,[3 9],79,-1,175,-1,149
1,<environment.Job instance at 0x7fe07cb6b9b0>,81,27,[3 6],82,-1,179,-1,152
1,<environment.Job instance at 0x7fe07cb6bcd0>,83,18,[11  3],84,-1,170,-1,152
1,<environment.Job instance at 0x7fe07cb6bfa0>,84,15,[14  5],85,-1,167,-1,152
1,<environment.Job instance at 0x7fe07c27a6e0>,85,3,[11  5],86,-1,155,-1,152
1,<environment.Job instance at 0x7fe07cb6bdc0>,86,3,[12  3],87,-1,155,-1,152
1,<environment.Job instance at 0x7fe07c27ab40>,87,3,[14  3],88,-1,155,-1,152
1,<environment.Job instance at 0x7fe07cd5f0f0>,0,18,[3 9],1,-1,19,-1,1
1,<environment.Job instance at 0x7fe07d62a410>,2,16,[ 2 10],3,-1,20,-1,4
1,<environment.Job instance at 0x7fe07c67a690>,3,27,[9 3],4,-1,31,-1,4
1,<environment.Job instance at 0x7fe07cd083c0>,11,15,[ 2 10],12,-1,28,-1,13
1,<environment.Job instance at 0x7fe07cd08140>,14,17,[7 4],15,-1,32,-1,15
1,<environment.Job instance at 0x7fe07d62a6e0>,12,17,[13  2],13,-1,35,-1,18
1,<environment.Job instance at 0x7fe07cd08370>,21,21,[3 9],22,-1,44,-1,23
1,<environment.Job instance at 0x7fe07c8cb8c0>,26,27,[4 6],27,-1,54,-1,27
1,<environment.Job instance at 0x7fe07cd08960>,22,12,[9 5],23,-1,40,-1,28
1,<environment.Job instance at 0x7fe07c8cb4b0>,28,17,[10  2],29,-1,46,-1,29
1,<environment.Job instance at 0x7fe07c8cb5a0>,27,14,[3 5],28,-1,44,-1,30
1,<environment.Job instance at 0x7fe07c8cbf50>,30,20,[3 5],31,-1,51,-1,31
1,<environment.Job instance at 0x7fe07c8cb870>,29,16,[ 5 10],30,-1,47,-1,31
1,<environment.Job instance at 0x7fe085bb7640>,40,28,[8 2],41,-1,71,-1,43
1,<environment.Job instance at 0x7fe085bb71e0>,38,13,[6 4],39,-1,56,-1,43
1,<environment.Job instance at 0x7fe07c8cb910>,32,12,[6 2],33,-1,56,-1,44
1,<environment.Job instance at 0x7fe07c8cbfa0>,35,27,[10  1],36,-1,73,-1,46
1,<environment.Job instance at 0x7fe085bb7780>,43,18,[14  3],44,-1,64,-1,46
1,<environment.Job instance at 0x7fe085bb7f50>,42,15,[8 3],43,-1,61,-1,46
1,<environment.Job instance at 0x7fe085bb70a0>,39,16,[4 8],40,-1,62,-1,46
1,<environment.Job instance at 0x7fe085bb7b90>,44,15,[13  2],45,-1,69,-1,54
1,<environment.Job instance at 0x7fe07cdd0370>,50,21,[ 4 11],51,-1,77,-1,56
1,<environment.Job instance at 0x7fe085bb7e60>,45,18,[ 5 10],46,-1,74,-1,56
1,<environment.Job instance at 0x7fe07cdd0c80>,51,16,[ 1 12],52,-1,73,-1,57
1,<environment.Job instance at 0x7fe085bb7c30>,41,22,[5 8],42,-1,79,-1,57
1,<environment.Job instance at 0x7fe07cdd02d0>,52,17,[2 5],53,-1,75,-1,58
1,<environment.Job instance at 0x7fe07cdd0e10>,54,26,[5 7],55,-1,88,-1,62
1,<environment.Job instance at 0x7fe07cdd0be0>,55,26,[11  1],56,-1,88,-1,62
1,<environment.Job instance at 0x7fe07cdd0460>,56,24,[12  1],57,-1,86,-1,62
1,<environment.Job instance at 0x7fe07cdd0aa0>,53,14,[14  4],54,-1,76,-1,62
1,<environment.Job instance at 0x7fe085bb7910>,49,22,[ 3 10],50,-1,84,-1,62
1,<environment.Job instance at 0x7fe07cdd0320>,58,18,[ 1 11],59,-1,80,-1,62
1,<environment.Job instance at 0x7fe07cdd0c30>,60,14,[7 2],61,-1,77,-1,63
1,<environment.Job instance at 0x7fe07cdd0550>,59,17,[9 2],60,-1,80,-1,63
1,<environment.Job instance at 0x7fe07cdd0f00>,57,28,[6 4],58,-1,92,-1,64
1,<environment.Job instance at 0x7fe07cdd0140>,64,18,[5 4],65,-1,84,-1,66
1,<environment.Job instance at 0x7fe085bb78c0>,47,26,[7 2],48,-1,95,-1,69
1,<environment.Job instance at 0x7fe07cdd0960>,65,12,[1 8],66,-1,81,-1,69
1,<environment.Job instance at 0x7fe07c792c30>,69,24,[13  2],70,-1,94,-1,70
1,<environment.Job instance at 0x7fe07c792d20>,70,16,[14  5],71,-1,87,-1,71
1,<environment.Job instance at 0x7fe07c792730>,68,16,[7 5],69,-1,88,-1,72
1,<environment.Job instance at 0x7fe07c792140>,71,23,[ 1 13],72,-1,96,-1,73
1,<environment.Job instance at 0x7fe07c777730>,75,21,[6 2],76,-1,97,-1,76
1,<environment.Job instance at 0x7fe07c777050>,78,17,[10  2],79,-1,96,-1,79
1,<environment.Job instance at 0x7fe07c777c80>,79,22,[13  1],80,-1,102,-1,80
1,<environment.Job instance at 0x7fe07c3c2230>,84,22,[8 5],85,-1,107,-1,85
1,<environment.Job instance at 0x7fe07cd6d870>,1,14,[12  2],2,-1,16,-1,2
1,<environment.Job instance at 0x7fe07cd6dd20>,3,27,[9 3],4,-1,31,-1,4
1,<environment.Job instance at 0x7fe07d188730>,5,1,[ 1 11],6,-1,7,-1,6
1,<environment.Job instance at 0x7fe07d176aa0>,8,21,[ 4 12],9,-1,30,-1,9
1,<environment.Job instance at 0x7fe07d5cc370>,12,17,[13  2],13,-1,30,-1,13
1,<environment.Job instance at 0x7fe07ce79280>,17,12,[11  3],18,-1,38,-1,26
1,<environment.Job instance at 0x7fe07c291190>,26,27,[4 6],27,-1,87,-1,60
1,<environment.Job instance at 0x7fe07d28eb90>,33,3,[ 1 14],34,-1,67,-1,64
1,<environment.Job instance at 0x7fe07d28ef00>,34,1,[13  3],35,-1,65,-1,64
1,<environment.Job instance at 0x7fe07d261050>,35,27,[10  1],36,-1,103,-1,76
1,<environment.Job instance at 0x7fe07cd4e2d0>,37,19,[ 2 11],38,-1,95,-1,76
1,<environment.Job instance at 0x7fe07d1a5a50>,40,28,[8 2],41,-1,119,-1,91
1,<environment.Job instance at 0x7fe07cf41c30>,43,18,[14  3],44,-1,109,-1,91
1,<environment.Job instance at 0x7fe07d1a5910>,44,15,[13  2],45,-1,106,-1,91
1,<environment.Job instance at 0x7fe07d432780>,46,2,[ 3 13],47,-1,107,-1,105
1,<environment.Job instance at 0x7fe07cf0d7d0>,47,26,[7 2],48,-1,131,-1,105
1,<environment.Job instance at 0x7fe07cc7a280>,50,21,[ 4 11],51,-1,127,-1,106
1,<environment.Job instance at 0x7fe07bee69b0>,51,16,[ 1 12],52,-1,122,-1,106
1,<environment.Job instance at 0x7fe07ce06eb0>,53,14,[14  4],54,-1,120,-1,106
1,<environment.Job instance at 0x7fe07bee6fa0>,55,26,[11  1],56,-1,145,-1,119
1,<environment.Job instance at 0x7fe07bee6820>,56,24,[12  1],57,-1,143,-1,119
1,<environment.Job instance at 0x7fe07bee6690>,54,26,[5 7],55,-1,148,-1,122
1,<environment.Job instance at 0x7fe07c1e3c80>,58,18,[ 1 11],59,-1,140,-1,122
1,<environment.Job instance at 0x7fe07c1e3be0>,57,28,[6 4],58,-1,164,-1,136
1,<environment.Job instance at 0x7fe07c1d13c0>,61,28,[ 1 12],62,-1,164,-1,136
1,<environment.Job instance at 0x7fe07c68a690>,63,23,[1 5],64,-1,162,-1,139
1,<environment.Job instance at 0x7fe07bfeff00>,0,25,[5 5],1,-1,26,-1,1
1,<environment.Job instance at 0x7fe07d05f8c0>,4,26,[4 9],5,-1,31,-1,5
1,<environment.Job instance at 0x7fe07d05fb40>,5,17,[5 5],6,-1,23,-1,6
1,<environment.Job instance at 0x7fe07c00df00>,12,22,[10  5],13,-1,35,-1,13
1,<environment.Job instance at 0x7fe07c884cd0>,15,15,[ 3 10],16,-1,31,-1,16
1,<environment.Job instance at 0x7fe07d095960>,41,26,[5 7],42,-1,149,-1,123
1,<environment.Job instance at 0x7fe07cf055f0>,28,16,[13  4],29,-1,139,-1,123
1,<environment.Job instance at 0x7fe07d179eb0>,0,25,[5 5],1,-1,26,-1,1
1,<environment.Job instance at 0x7fe07cf26f00>,3,23,[8 1],4,-1,27,-1,4
1,<environment.Job instance at 0x7fe07c1e36e0>,4,26,[4 9],5,-1,32,-1,6
1,<environment.Job instance at 0x7fe07ce062d0>,6,21,[14  3],7,-1,28,-1,7
1,<environment.Job instance at 0x7fe07c1e3230>,7,2,[ 2 13],8,-1,10,-1,8
1,<environment.Job instance at 0x7fe07cc7a9b0>,13,25,[14  2],14,-1,39,-1,14
1,<environment.Job instance at 0x7fe07d1a5f00>,14,3,[14  1],15,-1,18,-1,15
1,<environment.Job instance at 0x7fe07d1f0190>,20,25,[ 5 14],21,-1,56,-1,31
1,<environment.Job instance at 0x7fe07c299c30>,21,18,[ 5 14],22,-1,49,-1,31
1,<environment.Job instance at 0x7fe07cd6dc30>,23,12,[ 3 13],24,-1,45,-1,33
1,<environment.Job instance at 0x7fe07d05f460>,24,23,[6 5],25,-1,70,-1,47
1,<environment.Job instance at 0x7fe07c0f2be0>,28,16,[13  4],29,-1,65,-1,49
1,<environment.Job instance at 0x7fe07c99dcd0>,29,2,[ 3 13],30,-1,51,-1,49
1,<environment.Job instance at 0x7fe07c0f2d20>,30,16,[13  3],31,-1,65,-1,49
1,<environment.Job instance at 0x7fe07d0cc550>,37,13,[ 5 11],38,-1,72,-1,59
1,<environment.Job instance at 0x7fe07cd76460>,39,24,[ 1 10],40,-1,87,-1,63
1,<environment.Job instance at 0x7fe07cb9e6e0>,42,28,[ 4 13],43,-1,93,-1,65
1,<environment.Job instance at 0x7fe07d2c83c0>,45,28,[ 4 11],46,-1,101,-1,73
1,<environment.Job instance at 0x7fe07d2c89b0>,47,16,[14  4],48,-1,90,-1,74
1,<environment.Job instance at 0x7fe07d2c8eb0>,48,23,[ 3 10],49,-1,106,-1,83
1,<environment.Job instance at 0x7fe07d2c8c80>,50,12,[12  5],51,-1,95,-1,83
1,<environment.Job instance at 0x7fe07bf5d910>,41,26,[5 7],42,-1,112,-1,86
1,<environment.Job instance at 0x7fe07d6a4cd0>,54,14,[ 1 11],55,-1,100,-1,86
1,<environment.Job instance at 0x7fe07d6735f0>,57,12,[ 2 12],58,-1,100,-1,88
1,<environment.Job instance at 0x7fe07d673550>,60,18,[12  1],61,-1,110,-1,92
1,<environment.Job instance at 0x7fe07d6737d0>,63,23,[7 1],64,-1,129,-1,106
1,<environment.Job instance at 0x7fe07cf10820>,67,24,[8 4],68,-1,144,-1,120
1,<environment.Job instance at 0x7fe07cf10730>,69,27,[7 2],70,-1,156,-1,129
1,<environment.Job instance at 0x7fe07cf10a50>,74,13,[ 1 12],75,-1,156,-1,143
1,<environment.Job instance at 0x7fe07cf10c30>,77,21,[14  3],78,-1,165,-1,144
1,<environment.Job instance at 0x7fe07be1e9b0>,0,17,[2 7],1,-1,18,-1,1
1,<environment.Job instance at 0x7fe07cc776e0>,4,18,[2 8],5,-1,23,-1,5
1,<environment.Job instance at 0x7fe07cc77aa0>,5,18,[3 8],6,-1,24,-1,6
1,<environment.Job instance at 0x7fe07d51bc80>,12,22,[9 5],13,-1,36,-1,14
1,<environment.Job instance at 0x7fe07c14a640>,16,18,[ 5 13],17,-1,42,-1,24
1,<environment.Job instance at 0x7fe07ca87c30>,19,15,[11  2],20,-1,43,-1,28
1,<environment.Job instance at 0x7fe07d24a2d0>,11,16,[ 3 13],12,-1,44,-1,28
1,<environment.Job instance at 0x7fe07d4b5e60>,21,27,[3 7],22,-1,55,-1,28
1,<environment.Job instance at 0x7fe07cd10af0>,26,25,[13  5],27,-1,53,-1,28
1,<environment.Job instance at 0x7fe07cd106e0>,27,25,[6 4],28,-1,53,-1,28
1,<environment.Job instance at 0x7fe07d240b40>,28,25,[8 1],29,-1,58,-1,33
1,<environment.Job instance at 0x7fe07cd10690>,30,17,[10  3],31,-1,50,-1,33
1,<environment.Job instance at 0x7fe07d59d370>,23,17,[ 5 10],24,-1,50,-1,33
1,<environment.Job instance at 0x7fe07cd10550>,31,25,[4 6],32,-1,58,-1,33
1,<environment.Job instance at 0x7fe07c649960>,29,14,[14  1],30,-1,48,-1,34
1,<environment.Job instance at 0x7fe07d682e10>,33,12,[2 8],34,-1,47,-1,35
1,<environment.Job instance at 0x7fe07d2455f0>,35,23,[10  1],36,-1,59,-1,36
1,<environment.Job instance at 0x7fe07c9512d0>,32,17,[ 2 10],33,-1,54,-1,37
1,<environment.Job instance at 0x7fe07d245e10>,36,14,[5 8],37,-1,55,-1,41
1,<environment.Job instance at 0x7fe07d520dc0>,24,15,[5 6],25,-1,56,-1,41
1,<environment.Job instance at 0x7fe07d241cd0>,37,26,[10  2],38,-1,67,-1,41
1,<environment.Job instance at 0x7fe07d21b820>,42,25,[10  1],43,-1,68,-1,43
1,<environment.Job instance at 0x7fe07c642f00>,44,16,[6 1],45,-1,61,-1,45
1,<environment.Job instance at 0x7fe07d6788c0>,45,24,[4 8],46,-1,70,-1,46
1,<environment.Job instance at 0x7fe07c9517d0>,34,27,[10  1],35,-1,74,-1,47
1,<environment.Job instance at 0x7fe07d6783c0>,46,17,[5 8],47,-1,64,-1,47
1,<environment.Job instance at 0x7fe07c164cd0>,3,20,[14  1],4,-1,24,-1,4
1,<environment.Job instance at 0x7fe07c887460>,10,3,[14  1],11,-1,20,-1,17
1,<environment.Job instance at 0x7fe07c887500>,11,16,[ 3 13],12,-1,33,-1,17
1,<environment.Job instance at 0x7fe07ce79910>,9,23,[ 3 10],10,-1,41,-1,18
1,<environment.Job instance at 0x7fe07c887910>,14,21,[11  3],15,-1,39,-1,18
1,<environment.Job instance at 0x7fe07c8871e0>,15,25,[8 1],16,-1,44,-1,19
1,<environment.Job instance at 0x7fe07c887870>,16,18,[ 5 13],17,-1,37,-1,19
1,<environment.Job instance at 0x7fe07c887cd0>,17,1,[ 2 14],18,-1,20,-1,19
1,<environment.Job instance at 0x7fe07c887140>,19,15,[11  2],20,-1,35,-1,20
1,<environment.Job instance at 0x7fe07c887b40>,20,28,[1 8],21,-1,59,-1,31
1,<environment.Job instance at 0x7fe07c887320>,21,27,[3 7],22,-1,58,-1,31
1,<environment.Job instance at 0x7fe07c8875f0>,22,1,[ 3 14],23,-1,32,-1,31
1,<environment.Job instance at 0x7fe07c049640>,25,1,[11  3],26,-1,49,-1,48
1,<environment.Job instance at 0x7fe07c049960>,26,25,[13  5],27,-1,73,-1,48
1,<environment.Job instance at 0x7fe07c049b90>,27,25,[6 4],28,-1,73,-1,48
1,<environment.Job instance at 0x7fe07c049f00>,28,25,[8 1],29,-1,73,-1,48
1,<environment.Job instance at 0x7fe07c049280>,29,14,[14  1],30,-1,62,-1,48
1,<environment.Job instance at 0x7fe07c049140>,31,25,[4 6],32,-1,88,-1,63
1,<environment.Job instance at 0x7fe07c049e60>,34,27,[10  1],35,-1,107,-1,80
1,<environment.Job instance at 0x7fe07c049aa0>,35,23,[10  1],36,-1,103,-1,80
1,<environment.Job instance at 0x7fe07c09f730>,37,26,[10  2],38,-1,118,-1,92
1,<environment.Job instance at 0x7fe07c09fb90>,38,3,[ 3 12],39,-1,95,-1,92
1,<environment.Job instance at 0x7fe07c09fa00>,42,25,[10  1],43,-1,131,-1,106
1,<environment.Job instance at 0x7fe07d10feb0>,45,24,[4 8],46,-1,131,-1,107
1,<environment.Job instance at 0x7fe07d10f8c0>,47,2,[12  5],48,-1,109,-1,107
1,<environment.Job instance at 0x7fe07d10f370>,49,14,[ 2 11],50,-1,136,-1,122
1,<environment.Job instance at 0x7fe07d10f730>,52,13,[12  1],53,-1,136,-1,123
1,<environment.Job instance at 0x7fe07d10f690>,53,28,[13  1],54,-1,151,-1,123
1,<environment.Job instance at 0x7fe07d10f230>,56,16,[ 4 14],57,-1,140,-1,124
1,<environment.Job instance at 0x7fe07cc909b0>,59,25,[9 1],60,-1,180,-1,155
1,<environment.Job instance at 0x7fe07cc90460>,61,13,[13  1],62,-1,168,-1,155
1,<environment.Job instance at 0x7fe07cc90910>,62,17,[ 2 12],63,-1,172,-1,155
1,<environment.Job instance at 0x7fe07cc900f0>,63,14,[11  1],64,-1,169,-1,155
1,<environment.Job instance at 0x7fe07cf10140>,64,26,[14  4],65,-1,181,-1,155
1,<environment.Job instance at 0x7f63d388da50>,2,22,[4 8],3,-1,28,-1,6
1,<environment.Job instance at 0x7f63d388db90>,7,25,[6 2],8,-1,33,-1,8
1,<environment.Job instance at 0x7f63d38925f0>,17,28,[ 5 10],18,-1,166,-1,138
1,<environment.Job instance at 0x7f63d38926e0>,19,14,[ 3 11],20,-1,152,-1,138
1,<environment.Job instance at 0x7f63d3892910>,23,27,[ 1 14],24,-1,165,-1,138
1,<environment.Job instance at 0x7f63d38929b0>,24,18,[ 4 10],25,-1,156,-1,138
1,<environment.Job instance at 0x7f63d3892a50>,25,27,[8 1],26,-1,165,-1,138
1,<environment.Job instance at 0x7f63d3892410>,15,18,[2 8],16,-1,156,-1,138
1,<environment.Job instance at 0x7f63d3892b90>,27,18,[1 8],28,-1,156,-1,138
1,<environment.Job instance at 0x7f63d3892af0>,26,26,[5 5],27,-1,164,-1,138
1,<environment.Job instance at 0x7f63d3892cd0>,29,25,[ 4 11],30,-1,163,-1,138
1,<environment.Job instance at 0x7f63d3892d70>,30,22,[ 5 13],31,-1,160,-1,138
1,<environment.Job instance at 0x7f63d3892e10>,31,27,[4 8],32,-1,165,-1,138
1,<environment.Job instance at 0x7f63d3892eb0>,32,20,[5 5],33,-1,158,-1,138
1,<environment.Job instance at 0x7f63d3893050>,34,16,[2 8],35,-1,154,-1,138
1,<environment.Job instance at 0x7f63d3893190>,36,15,[9 5],37,-1,154,-1,139
1,<environment.Job instance at 0x7f63d3893230>,37,13,[ 3 14],38,-1,152,-1,139
1,<environment.Job instance at 0x7f63d38932d0>,38,28,[ 2 12],39,-1,167,-1,139
1,<environment.Job instance at 0x7f63d3893370>,39,20,[ 1 10],40,-1,159,-1,139
1,<environment.Job instance at 0x7f63d3892c30>,28,25,[5 7],29,-1,164,-1,139
1,<environment.Job instance at 0x7f63d3893410>,40,24,[5 6],41,-1,163,-1,139
1,<environment.Job instance at 0x7f63d3893550>,42,27,[5 2],43,-1,166,-1,139
1,<environment.Job instance at 0x7f63d38935f0>,43,20,[4 6],44,-1,159,-1,139
1,<environment.Job instance at 0x7f63d3893690>,44,18,[5 5],45,-1,157,-1,139
1,<environment.Job instance at 0x7f63d38934b0>,41,15,[10  3],42,-1,154,-1,139
1,<environment.Job instance at 0x7f63d3893730>,45,24,[ 1 13],46,-1,163,-1,139
1,<environment.Job instance at 0x7f63d3893870>,47,17,[12  2],48,-1,156,-1,139
1,<environment.Job instance at 0x7f63d3893910>,48,20,[6 5],49,-1,159,-1,139
1,<environment.Job instance at 0x7f63d38939b0>,49,15,[10  1],50,-1,154,-1,139
1,<environment.Job instance at 0x7f63d3893a50>,50,16,[ 2 11],51,-1,155,-1,139
1,<environment.Job instance at 0x7f63d3893af0>,51,16,[12  2],52,-1,155,-1,139
1,<environment.Job instance at 0x7f63d38930f0>,35,2,[1 8],36,-1,141,-1,139
1,<environment.Job instance at 0x7f63d3893c30>,53,27,[8 5],54,-1,166,-1,139
1,<environment.Job instance at 0x7f63d3893cd0>,54,17,[5 7],55,-1,156,-1,139
1,<environment.Job instance at 0x7f63d3932d70>,0,28,[9 3],1,-1,29,-1,1
1,<environment.Job instance at 0x7f63d3932eb0>,1,22,[11  3],2,-1,24,-1,2
1,<environment.Job instance at 0x7f63dced77d0>,3,3,[ 4 14],4,-1,7,-1,4
1,<environment.Job instance at 0x7f63d394fe10>,8,22,[14  3],9,-1,31,-1,9
1,<environment.Job instance at 0x7f63d394f550>,9,18,[ 2 13],10,-1,28,-1,10
1,<environment.Job instance at 0x7f63d394f410>,10,18,[ 3 11],11,-1,29,-1,11
1,<environment.Job instance at 0x7f63d394fc30>,13,28,[ 4 14],14,-1,42,-1,14
1,<environment.Job instance at 0x7f63d388dc80>,5,24,[1 5],6,-1,43,-1,19
1,<environment.Job instance at 0x7f63d394f730>,7,25,[6 2],8,-1,50,-1,25
1,<environment.Job instance at 0x7f63d394f4b0>,17,28,[ 5 10],18,-1,54,-1,26
1,<environment.Job instance at 0x7f63d394fa00>,18,3,[ 4 13],19,-1,29,-1,26
1,<environment.Job instance at 0x7f63d3a35e60>,19,14,[ 3 11],20,-1,40,-1,26
1,<environment.Job instance at 0x7f63d3a35b40>,20,1,[13  5],21,-1,27,-1,26
1,<environment.Job instance at 0x7f63d399cbe0>,23,27,[ 1 14],24,-1,53,-1,26
1,<environment.Job instance at 0x7f63d399c4b0>,25,27,[8 1],26,-1,67,-1,40
1,<environment.Job instance at 0x7f63d399cf00>,26,26,[5 5],27,-1,69,-1,43
1,<environment.Job instance at 0x7f63d3a3a7d0>,29,25,[ 4 11],30,-1,68,-1,43
1,<environment.Job instance at 0x7f63d394a2d0>,30,22,[ 5 13],31,-1,65,-1,43
1,<environment.Job instance at 0x7f63d3a3a550>,28,25,[5 7],29,-1,68,-1,43
1,<environment.Job instance at 0x7f63d394a460>,33,1,[11  3],34,-1,44,-1,43
1,<environment.Job instance at 0x7f63d394a140>,31,27,[4 8],32,-1,72,-1,45
1,<environment.Job instance at 0x7f63d394aa00>,37,13,[ 3 14],38,-1,58,-1,45
1,<environment.Job instance at 0x7f63d394ac30>,38,28,[ 2 12],39,-1,73,-1,45
1,<environment.Job instance at 0x7f63d394a500>,40,24,[5 6],41,-1,71,-1,47
1,<environment.Job instance at 0x7f63d39215a0>,42,27,[5 2],43,-1,74,-1,47
1,<environment.Job instance at 0x7f63d394e730>,45,24,[ 1 13],46,-1,80,-1,56
1,<environment.Job instance at 0x7f63d394ed70>,47,17,[12  2],48,-1,80,-1,63
1,<environment.Job instance at 0x7f63d39a77d0>,50,16,[ 2 11],51,-1,87,-1,71
1,<environment.Job instance at 0x7f63d394eaf0>,51,16,[12  2],52,-1,87,-1,71
1,<environment.Job instance at 0x7f63d39ada00>,53,27,[8 5],54,-1,103,-1,76
1,<environment.Job instance at 0x7f63d39ad7d0>,55,13,[13  1],56,-1,89,-1,76
1,<environment.Job instance at 0x7f63d39b8a50>,61,23,[1 5],62,-1,146,-1,123
1,<environment.Job instance at 0x7f63d3943370>,66,13,[ 2 14],67,-1,152,-1,139
1,<environment.Job instance at 0x7f63d38bc0f0>,68,27,[ 1 10],69,-1,186,-1,159
1,<environment.Job instance at 0x7f63d38bca00>,70,13,[ 3 12],71,-1,172,-1,159
1,<environment.Job instance at 0x7f63d38bc730>,72,28,[5 1],73,-1,189,-1,161
1,<environment.Job instance at 0x7f63d38f95a0>,76,14,[ 4 11],77,-1,179,-1,165
1,<environment.Job instance at 0x7f63d2fd69b0>,1,22,[2 9],2,-1,25,-1,3
1,<environment.Job instance at 0x7f63d2fd6af0>,3,18,[6 5],4,-1,22,-1,4
1,<environment.Job instance at 0x7f63d3893fa0>,2,16,[6 4],3,-1,20,-1,4
1,<environment.Job instance at 0x7f63d2fdf2d0>,5,16,[ 2 10],6,-1,24,-1,8
1,<environment.Job instance at 0x7f63d31606e0>,10,26,[10  5],11,-1,37,-1,11
1,<environment.Job instance at 0x7f63d32e04b0>,18,21,[9 4],19,-1,46,-1,25
1,<environment.Job instance at 0x7f63d320b0f0>,20,18,[10  3],21,-1,43,-1,25
1,<environment.Job instance at 0x7f63d30c0640>,27,20,[5 3],28,-1,60,-1,40
1,<environment.Job instance at 0x7f63d314b0a0>,29,21,[6 1],30,-1,61,-1,40
1,<environment.Job instance at 0x7f63d30c05f0>,31,14,[2 7],32,-1,54,-1,40
1,<environment.Job instance at 0x7f63d31755f0>,32,24,[7 5],33,-1,64,-1,40
1,<environment.Job instance at 0x7f63d3131cd0>,34,28,[2 7],35,-1,68,-1,40
1,<environment.Job instance at 0x7f63d3131c80>,35,28,[9 2],36,-1,68,-1,40
1,<environment.Job instance at 0x7f63d2fd6dc0>,6,24,[11  5],7,-1,64,-1,40
1,<environment.Job instance at 0x7f63d38ac7d0>,6,24,[11  5],7,-1,31,-1,7
1,<environment.Job instance at 0x7f63d38aca50>,8,25,[14  4],9,-1,34,-1,9
1,<environment.Job instance at 0x7f63d394f230>,13,2,[13  3],14,-1,26,-1,24
1,<environment.Job instance at 0x7f63d394fb90>,14,21,[ 4 12],15,-1,45,-1,24
1,<environment.Job instance at 0x7f63d38ac0f0>,10,26,[10  5],11,-1,63,-1,37
1,<environment.Job instance at 0x7f63d394f910>,17,27,[2 9],18,-1,65,-1,38
1,<environment.Job instance at 0x7f63d394fa00>,21,17,[12  2],22,-1,55,-1,38
1,<environment.Job instance at 0x7f63d394f9b0>,22,28,[2 8],23,-1,67,-1,39
1,<environment.Job instance at 0x7f63d30b77d0>,32,24,[7 5],33,-1,88,-1,64
1,<environment.Job instance at 0x7f63d30b7960>,34,28,[2 7],35,-1,95,-1,67
1,<environment.Job instance at 0x7f63d30b7aa0>,35,28,[9 2],36,-1,95,-1,67
1,<environment.Job instance at 0x7f63d30ba8c0>,40,20,[ 3 13],41,-1,98,-1,78
1,<environment.Job instance at 0x7f63d30ba5f0>,41,1,[ 2 14],42,-1,79,-1,78
1,<environment.Job instance at 0x7f63d303e9b0>,42,2,[12  2],43,-1,80,-1,78
1,<environment.Job instance at 0x7f63d304e5f0>,45,16,[11  1],46,-1,100,-1,84
1,<environment.Job instance at 0x7f63d3047a00>,48,17,[11  3],49,-1,114,-1,97
1,<environment.Job instance at 0x7f63d304ab40>,50,25,[6 2],51,-1,135,-1,110
1,<environment.Job instance at 0x7f63d304a7d0>,51,18,[12  4],52,-1,128,-1,110
1,<environment.Job instance at 0x7f63d3052e60>,53,26,[11  5],54,-1,136,-1,110
1,<environment.Job instance at 0x7f63d3055c80>,57,15,[13  5],58,-1,146,-1,131
1,<environment.Job instance at 0x7f63d3055190>,60,27,[14  3],61,-1,174,-1,147
1,<environment.Job instance at 0x7f63d3066050>,62,26,[ 4 10],63,-1,194,-1,168
1,<environment.Job instance at 0x7f63d305d500>,64,1,[12  1],65,-1,169,-1,168
1,<environment.Job instance at 0x7f63d305db90>,65,19,[ 2 13],66,-1,187,-1,168
1,<environment.Job instance at 0x7f63d305dc80>,66,22,[11  1],67,-1,190,-1,168
1,<environment.Job instance at 0x7f63d305da50>,67,22,[ 1 13],68,-1,190,-1,168
1,<environment.Job instance at 0x7f63d2e40960>,0,17,[10  3],1,-1,19,-1,2
1,<environment.Job instance at 0x7f63d2e91aa0>,3,14,[1 5],4,-1,18,-1,4
1,<environment.Job instance at 0x7f63d2e91c30>,10,14,[ 3 10],11,-1,25,-1,11
1,<environment.Job instance at 0x7f63d2e91e10>,12,27,[1 9],13,-1,52,-1,25
1,<environment.Job instance at 0x7f63d2ebd280>,20,17,[7 5],21,-1,42,-1,25
1,<environment.Job instance at 0x7f63d2ebd690>,22,21,[4 8],23,-1,56,-1,35
1,<environment.Job instance at 0x7f63d2ebd0f0>,16,27,[9 5],17,-1,62,-1,35
1,<environment.Job instance at 0x7f63d2ebda50>,18,22,[5 2],19,-1,58,-1,36
1,<environment.Job instance at 0x7f63d2ebd8c0>,23,15,[4 6],24,-1,51,-1,36
1,<environment.Job instance at 0x7f63d2e91be0>,6,22,[ 4 13],7,-1,58,-1,36
1,<environment.Job instance at 0x7f63d2ebdc30>,25,25,[ 5 10],26,-1,61,-1,36
1,<environment.Job instance at 0x7f63d2ebdaa0>,24,21,[3 8],25,-1,57,-1,36
1,<environment.Job instance at 0x7f63d2ebd640>,19,12,[ 5 10],20,-1,51,-1,39
1,<environment.Job instance at 0x7f63d2ebdb90>,27,18,[1 5],28,-1,57,-1,39
1,<environment.Job instance at 0x7f63d2ebdf50>,30,27,[ 4 10],31,-1,66,-1,39
1,<environment.Job instance at 0x7f63d2e94a50>,33,27,[3 8],34,-1,66,-1,39
1,<environment.Job instance at 0x7f63d2ebd4b0>,29,13,[1 7],30,-1,52,-1,39
1,<environment.Job instance at 0x7f63d2ebddc0>,28,20,[14  4],29,-1,59,-1,39
1,<environment.Job instance at 0x7f63d2e94410>,34,13,[11  5],35,-1,52,-1,39
1,<environment.Job instance at 0x7f63d2e94960>,35,24,[8 4],36,-1,63,-1,39
1,<environment.Job instance at 0x7f63dca6ed70>,4,12,[ 4 12],5,-1,17,-1,5
1,<environment.Job instance at 0x7f63d34c4410>,6,22,[ 4 13],7,-1,29,-1,7
1,<environment.Job instance at 0x7f63d3698d20>,7,16,[14  5],8,-1,24,-1,8
1,<environment.Job instance at 0x7f63d32b0fa0>,11,2,[13  1],12,-1,14,-1,12
1,<environment.Job instance at 0x7f63d43e3820>,5,26,[10  2],6,-1,44,-1,18
1,<environment.Job instance at 0x7f63d32b0280>,16,27,[9 5],17,-1,45,-1,18
1,<environment.Job instance at 0x7f63d32b06e0>,12,27,[1 9],13,-1,45,-1,18
1,<environment.Job instance at 0x7f63dca27320>,28,20,[14  4],29,-1,64,-1,44
1,<environment.Job instance at 0x7f63d31959b0>,31,25,[12  4],32,-1,82,-1,57
1,<environment.Job instance at 0x7f63d3195370>,30,27,[ 4 10],31,-1,93,-1,66
1,<environment.Job instance at 0x7f63d3195730>,33,27,[3 8],34,-1,93,-1,66
1,<environment.Job instance at 0x7f63d3195230>,34,13,[11  5],35,-1,79,-1,66
1,<environment.Job instance at 0x7f63d3292aa0>,35,24,[8 4],36,-1,90,-1,66
1,<environment.Job instance at 0x7f63d320b7d0>,25,25,[ 5 10],26,-1,91,-1,66
1,<environment.Job instance at 0x7f63d32924b0>,38,3,[13  2],39,-1,69,-1,66
1,<environment.Job instance at 0x7f63d2fe3690>,41,17,[12  4],42,-1,89,-1,72
1,<environment.Job instance at 0x7f63d3294550>,45,3,[12  3],46,-1,81,-1,78
1,<environment.Job instance at 0x7f63d310ab90>,46,12,[ 5 14],47,-1,90,-1,78
1,<environment.Job instance at 0x7f63d31d4960>,50,26,[9 4],51,-1,131,-1,105
1,<environment.Job instance at 0x7f63d3101820>,54,22,[ 1 12],55,-1,127,-1,105
1,<environment.Job instance at 0x7f63d3271a00>,56,26,[ 3 12],57,-1,131,-1,105
1,<environment.Job instance at 0x7f63d3271550>,57,1,[ 2 14],58,-1,106,-1,105
1,<environment.Job instance at 0x7f63d3232cd0>,61,2,[ 2 14],62,-1,119,-1,117
1,<environment.Job instance at 0x7f63d32327d0>,62,17,[ 5 14],63,-1,134,-1,117
1,<environment.Job instance at 0x7f63d3232aa0>,63,3,[ 2 11],64,-1,120,-1,117
1,<environment.Job instance at 0x7f63d3151eb0>,65,2,[12  2],66,-1,129,-1,127
1,<environment.Job instance at 0x7f63d31510f0>,67,17,[14  5],68,-1,151,-1,134
1,<environment.Job instance at 0x7f63d30e80a0>,68,2,[13  3],69,-1,136,-1,134
1,<environment.Job instance at 0x7f63d30e8fa0>,69,22,[12  3],70,-1,156,-1,134
1,<environment.Job instance at 0x7f63d2ea3c80>,3,22,[10  2],4,-1,29,-1,7
1,<environment.Job instance at 0x7f63d2ea3f50>,7,18,[5 9],8,-1,26,-1,8
1,<environment.Job instance at 0x7f63d2ea35a0>,9,18,[8 4],10,-1,28,-1,10
1,<environment.Job instance at 0x7f63d2ea3370>,10,20,[ 1 10],11,-1,31,-1,11
1,<environment.Job instance at 0x7f63d2ea3b40>,11,22,[5 3],12,-1,34,-1,12
1,<environment.Job instance at 0x7f63d2ea3dc0>,12,18,[3 9],13,-1,31,-1,13
1,<environment.Job instance at 0x7f63d3524960>,13,13,[10  4],14,-1,27,-1,14
1,<environment.Job instance at 0x7f63d3524be0>,14,16,[5 5],15,-1,31,-1,15
1,<environment.Job instance at 0x7f63d35248c0>,15,22,[1 7],16,-1,38,-1,16
1,<environment.Job instance at 0x7f63d35249b0>,16,20,[5 7],17,-1,37,-1,17
1,<environment.Job instance at 0x7f63d3524640>,19,18,[3 6],20,-1,38,-1,20
1,<environment.Job instance at 0x7f63d34ea7d0>,1,27,[1 8],2,-1,29,-1,2
1,<environment.Job instance at 0x7f63d32da820>,2,19,[ 5 14],3,-1,22,-1,3
1,<environment.Job instance at 0x7f63d32dd140>,4,3,[13  1],5,-1,8,-1,5
1,<environment.Job instance at 0x7f63d320caa0>,8,3,[ 1 13],9,-1,12,-1,9
1,<environment.Job instance at 0x7f63d3271fa0>,17,15,[13  1],18,-1,42,-1,27
1,<environment.Job instance at 0x7f63d32b7820>,18,14,[12  4],19,-1,41,-1,27
1,<environment.Job instance at 0x7f63d31d4af0>,21,25,[ 3 14],22,-1,64,-1,39
1,<environment.Job instance at 0x7f63d31d4cd0>,22,14,[14  3],23,-1,53,-1,39
1,<environment.Job instance at 0x7f63dca7dc80>,24,14,[ 5 14],25,-1,54,-1,40
1,<environment.Job instance at 0x7f63d32925f0>,29,24,[6 5],30,-1,99,-1,75
1,<environment.Job instance at 0x7f63dca27320>,32,1,[ 4 14],33,-1,76,-1,75
1,<environment.Job instance at 0x7f63dcaac780>,33,25,[12  3],34,-1,100,-1,75
1,<environment.Job instance at 0x7f63dd1105a0>,38,2,[ 5 14],39,-1,95,-1,93
1,<environment.Job instance at 0x7f63d3698d20>,40,1,[ 5 14],41,-1,107,-1,106
1,<environment.Job instance at 0x7f63d3697eb0>,42,26,[ 4 10],43,-1,145,-1,119
1,<environment.Job instance at 0x7f63d32b0dc0>,43,2,[ 4 11],44,-1,121,-1,119
1,<environment.Job instance at 0x7f63d32b0280>,44,14,[ 5 12],45,-1,133,-1,119
1,<environment.Job instance at 0x7f63d32b08c0>,45,24,[ 5 11],46,-1,143,-1,119
1,<environment.Job instance at 0x7f63d32b0fa0>,46,25,[7 3],47,-1,144,-1,119
1,<environment.Job instance at 0x7f63d34c4410>,47,18,[11  5],48,-1,137,-1,119
1,<environment.Job instance at 0x7f63d440a8c0>,49,27,[1 5],50,-1,146,-1,119
1,<environment.Job instance at 0x7f63d2e62050>,52,17,[ 2 13],53,-1,140,-1,123
1,<environment.Job instance at 0x7f63d4388280>,53,27,[12  4],54,-1,150,-1,123
1,<environment.Job instance at 0x7f63d2ea3550>,57,12,[ 5 12],58,-1,149,-1,137
1,<environment.Job instance at 0x7f63d2ea3d20>,58,14,[14  1],59,-1,151,-1,137
1,<environment.Job instance at 0x7f63d33a9cd0>,60,14,[12  4],61,-1,161,-1,147
1,<environment.Job instance at 0x7f63d33a9a50>,61,18,[11  5],62,-1,165,-1,147
1,<environment.Job instance at 0x7f63d33a9780>,63,12,[14  4],64,-1,164,-1,152
1,<environment.Job instance at 0x7f63d33a90a0>,65,25,[8 1],66,-1,187,-1,162
1,<environment.Job instance at 0x7f63dcf018c0>,67,21,[ 5 14],68,-1,183,-1,162
1,<environment.Job instance at 0x7f63d36ba230>,2,25,[4 6],3,-1,28,-1,3
1,<environment.Job instance at 0x7f63d36ba4b0>,4,24,[7 5],5,-1,29,-1,5
1,<environment.Job instance at 0x7f63d36baa50>,5,16,[5 8],6,-1,22,-1,6
1,<environment.Job instance at 0x7f63d36baaa0>,7,17,[1 7],8,-1,25,-1,8
1,<environment.Job instance at 0x7f63d36a5140>,11,20,[6 3],12,-1,33,-1,13
1,<environment.Job instance at 0x7f63d36a5190>,13,14,[3 9],14,-1,28,-1,14
1,<environment.Job instance at 0x7f63d36a0cd0>,16,18,[10  3],17,-1,54,-1,36
1,<environment.Job instance at 0x7f63d36a0410>,22,25,[13  4],23,-1,168,-1,143
1,<environment.Job instance at 0x7f63d32e8820>,37,26,[8 4],38,-1,169,-1,143
1,<environment.Job instance at 0x7f63d369dc30>,35,16,[ 1 12],36,-1,159,-1,143
1,<environment.Job instance at 0x7f63d369f230>,32,18,[13  3],33,-1,166,-1,148
1,<environment.Job instance at 0x7f63d43b8d20>,40,18,[9 5],41,-1,166,-1,148
1,<environment.Job instance at 0x7f63d43b85a0>,41,28,[ 5 12],42,-1,176,-1,148
1,<environment.Job instance at 0x7f63d32e8320>,38,16,[ 3 13],39,-1,166,-1,150
1,<environment.Job instance at 0x7f63d3240af0>,39,14,[3 6],40,-1,164,-1,150
1,<environment.Job instance at 0x7f63d3defaf0>,2,25,[4 6],3,-1,29,-1,4
1,<environment.Job instance at 0x7f63d3deff50>,4,24,[7 5],5,-1,29,-1,5
1,<environment.Job instance at 0x7f63d3a3d9b0>,6,21,[14  1],7,-1,28,-1,7
1,<environment.Job instance at 0x7f63d3fe48c0>,8,16,[12  4],9,-1,25,-1,9
1,<environment.Job instance at 0x7f63d3a3d640>,9,24,[4 9],10,-1,46,-1,22
1,<environment.Job instance at 0x7f63d3913a00>,14,12,[ 1 14],15,-1,34,-1,22
1,<environment.Job instance at 0x7f63d3913cd0>,15,14,[13  4],16,-1,36,-1,22
1,<environment.Job instance at 0x7f63d38ec730>,17,13,[13  3],18,-1,35,-1,22
1,<environment.Job instance at 0x7f63d38ec190>,19,27,[ 3 14],20,-1,49,-1,22
1,<environment.Job instance at 0x7f63d38ecaf0>,21,1,[ 5 13],22,-1,26,-1,25
1,<environment.Job instance at 0x7f63d3b3f230>,22,25,[13  4],23,-1,50,-1,25
1,<environment.Job instance at 0x7f63d38ecbe0>,23,3,[14  1],24,-1,28,-1,25
1,<environment.Job instance at 0x7f63d3a3eb40>,25,26,[13  4],26,-1,52,-1,26
1,<environment.Job instance at 0x7f63d3951f00>,27,21,[ 2 13],28,-1,57,-1,36
1,<environment.Job instance at 0x7f63d39514b0>,28,16,[ 3 14],29,-1,52,-1,36
1,<environment.Job instance at 0x7f63d39515f0>,29,16,[ 1 11],30,-1,52,-1,36
1,<environment.Job instance at 0x7f63d39432d0>,31,24,[ 2 13],32,-1,67,-1,43
1,<environment.Job instance at 0x7f63d3d32960>,32,18,[13  3],33,-1,61,-1,43
1,<environment.Job instance at 0x7f63d3c041e0>,35,16,[ 1 12],36,-1,69,-1,53
1,<environment.Job instance at 0x7f63d3c04730>,37,26,[8 4],38,-1,96,-1,70
1,<environment.Job instance at 0x7f63d3a14c80>,38,16,[ 3 13],39,-1,86,-1,70
1,<environment.Job instance at 0x7f63d3a14be0>,41,28,[ 5 12],42,-1,99,-1,71
1,<environment.Job instance at 0x7f63d3a142d0>,42,28,[2 6],43,-1,100,-1,72
1,<environment.Job instance at 0x7f63d399d0f0>,44,28,[ 1 11],45,-1,100,-1,72
1,<environment.Job instance at 0x7f63d399da50>,46,23,[11  3],47,-1,106,-1,83
1,<environment.Job instance at 0x7f63d3f5ff50>,47,14,[13  5],48,-1,97,-1,83
1,<environment.Job instance at 0x7f63d39f9cd0>,51,13,[12  5],52,-1,99,-1,86
1,<environment.Job instance at 0x7f63d39f9e60>,53,16,[11  4],54,-1,103,-1,87
1,<environment.Job instance at 0x7f63d39f94b0>,54,3,[ 5 14],55,-1,90,-1,87
1,<environment.Job instance at 0x7f63d38f1c30>,55,27,[6 1],56,-1,128,-1,101
1,<environment.Job instance at 0x7f63d38f1780>,58,3,[13  4],59,-1,104,-1,101
1,<environment.Job instance at 0x7f63d3baebe0>,61,27,[5 1],62,-1,142,-1,115
1,<environment.Job instance at 0x7f63d32df4b0>,66,12,[14  1],67,-1,161,-1,149
1,<environment.Job instance at 0x7f63d32df870>,67,18,[ 3 13],68,-1,167,-1,149
1,<environment.Job instance at 0x7f63d3f3b5a0>,70,22,[ 1 12],71,-1,172,-1,150
1,<environment.Job instance at 0x7f63d3bb2870>,72,3,[ 4 11],73,-1,170,-1,167
1,<environment.Job instance at 0x7f63d39212d0>,73,25,[5 6],74,-1,193,-1,168
1,<environment.Job instance at 0x7f63d3c68190>,74,26,[ 3 12],75,-1,194,-1,168
1,<environment.Job instance at 0x7f63d4429f00>,75,2,[ 4 13],76,-1,170,-1,168
1,<environment.Job instance at 0x7f63d39cd960>,8,16,[ 4 10],9,-1,25,-1,9
1,<environment.Job instance at 0x7f63d39cdcd0>,14,21,[6 5],15,-1,36,-1,15
1,<environment.Job instance at 0x7f63d39cd0f0>,16,26,[7 4],17,-1,43,-1,17
1,<environment.Job instance at 0x7f63d39cd1e0>,20,15,[7 5],21,-1,37,-1,22
1,<environment.Job instance at 0x7f63d36a09b0>,0,21,[13  2],1,-1,22,-1,1
1,<environment.Job instance at 0x7f63d36a08c0>,2,18,[ 2 11],3,-1,21,-1,3
1,<environment.Job instance at 0x7f63d36bab90>,4,3,[11  2],5,-1,8,-1,5
1,<environment.Job instance at 0x7f63d3b51320>,5,3,[14  5],6,-1,9,-1,6
1,<environment.Job instance at 0x7f63d3801140>,9,18,[ 5 14],10,-1,28,-1,10
1,<environment.Job instance at 0x7f63d3cf20f0>,10,17,[ 3 13],11,-1,28,-1,11
1,<environment.Job instance at 0x7f63d3cf2190>,11,23,[13  3],12,-1,35,-1,12
1,<environment.Job instance at 0x7f63d3cf20a0>,12,18,[ 2 12],13,-1,31,-1,13
1,<environment.Job instance at 0x7f63d3cf2910>,13,2,[11  1],14,-1,16,-1,14
1,<environment.Job instance at 0x7f63d3cf2820>,17,1,[13  4],18,-1,19,-1,18
1,<environment.Job instance at 0x7f63d39513c0>,16,26,[7 4],17,-1,45,-1,19
1,<environment.Job instance at 0x7f63d3cf2460>,18,13,[ 2 12],19,-1,32,-1,19
1,<environment.Job instance at 0x7f63d39cd230>,21,13,[14  4],22,-1,35,-1,22
1,<environment.Job instance at 0x7f63d39cd690>,22,16,[14  2],23,-1,39,-1,23
1,<environment.Job instance at 0x7f63d39f18c0>,26,24,[5 9],27,-1,59,-1,35
1,<environment.Job instance at 0x7f63d357df50>,27,1,[ 3 14],28,-1,36,-1,35
1,<environment.Job instance at 0x7f63d39f1500>,29,28,[14  4],30,-1,63,-1,35
1,<environment.Job instance at 0x7f63d3718e10>,30,28,[5 2],31,-1,64,-1,36
1,<environment.Job instance at 0x7f63d3718d70>,32,24,[8 1],33,-1,74,-1,50
1,<environment.Job instance at 0x7f63d36a8c30>,34,26,[5 7],35,-1,78,-1,52
1,<environment.Job instance at 0x7f63d36a8410>,35,3,[ 1 12],36,-1,55,-1,52
1,<environment.Job instance at 0x7f63d39fc9b0>,39,26,[7 3],40,-1,95,-1,69
1,<environment.Job instance at 0x7f63d39fcf50>,40,2,[ 5 12],41,-1,71,-1,69
1,<environment.Job instance at 0x7f63d39fcbe0>,43,2,[14  5],44,-1,71,-1,69
1,<environment.Job instance at 0x7f63d3ed1730>,44,2,[13  2],45,-1,71,-1,69
1,<environment.Job instance at 0x7f63d4046690>,50,17,[ 1 13],51,-1,104,-1,87
1,<environment.Job instance at 0x7f63d4389870>,51,25,[4 9],52,-1,126,-1,101
1,<environment.Job instance at 0x7f63d3e901e0>,53,14,[13  3],54,-1,115,-1,101
1,<environment.Job instance at 0x7f63d3f3c9b0>,64,12,[11  4],65,-1,147,-1,135
1,<environment.Job instance at 0x7f63d30e8730>,70,17,[ 2 14],71,-1,177,-1,160
1,<environment.Job instance at 0x7f63d30e8a00>,72,1,[13  4],73,-1,162,-1,161
1,<environment.Job instance at 0x7f63d30e8640>,75,17,[14  2],76,-1,180,-1,163
1,<environment.Job instance at 0x7f63d30e8500>,76,17,[ 1 12],77,-1,180,-1,163
1,<environment.Job instance at 0x7f63d3d02640>,2,17,[8 5],3,-1,20,-1,3
1,<environment.Job instance at 0x7f63d32bbe60>,4,23,[5 5],5,-1,28,-1,5
1,<environment.Job instance at 0x7f63d32bb140>,6,14,[9 5],7,-1,22,-1,8
1,<environment.Job instance at 0x7f63dd04c410>,7,25,[7 3],8,-1,33,-1,8
1,<environment.Job instance at 0x7f63d32c1fa0>,14,13,[10  5],15,-1,36,-1,23
1,<environment.Job instance at 0x7f63d32f3050>,22,15,[8 1],23,-1,43,-1,28
1,<environment.Job instance at 0x7f63d3173190>,26,15,[ 4 10],27,-1,43,-1,28
1,<environment.Job instance at 0x7f63d2e6caf0>,28,26,[4 6],29,-1,57,-1,31
1,<environment.Job instance at 0x7f63d2e6c190>,30,20,[4 9],31,-1,61,-1,41
1,<environment.Job instance at 0x7f63d32f2a00>,24,20,[ 2 11],25,-1,153,-1,133
1,<environment.Job instance at 0x7f63d31bacd0>,27,26,[3 7],28,-1,166,-1,140
1,<environment.Job instance at 0x7f63d2fd9fa0>,36,18,[ 4 10],37,-1,158,-1,140
1,<environment.Job instance at 0x7f63d326c550>,4,23,[5 5],5,-1,28,-1,5
1,<environment.Job instance at 0x7f63d326c820>,5,23,[ 2 12],6,-1,29,-1,6
1,<environment.Job instance at 0x7f63d3243e60>,7,25,[7 3],8,-1,33,-1,8
1,<environment.Job instance at 0x7f63d43c6f50>,8,1,[12  5],9,-1,10,-1,9
1,<environment.Job instance at 0x7f63d43c6050>,9,13,[11  2],10,-1,23,-1,10
1,<environment.Job instance at 0x7f63d43c6320>,10,27,[5 2],11,-1,38,-1,11
1,<environment.Job instance at 0x7f63d2e2baa0>,19,3,[ 3 11],20,-1,35,-1,32
1,<environment.Job instance at 0x7f63d41e7be0>,20,14,[14  1],21,-1,46,-1,32
1,<environment.Job instance at 0x7f63d39b2550>,24,20,[ 2 11],25,-1,55,-1,35
1,<environment.Job instance at 0x7f63d2e210f0>,27,26,[3 7],28,-1,77,-1,51
1,<environment.Job instance at 0x7f63d2e20a50>,28,26,[4 6],29,-1,77,-1,51
1,<environment.Job instance at 0x7f63d440daf0>,29,14,[ 3 14],30,-1,65,-1,51
1,<environment.Job instance at 0x7f63d30e8a00>,38,14,[ 2 12],39,-1,85,-1,71
1,<environment.Job instance at 0x7f63d447e910>,39,28,[11  4],40,-1,99,-1,71
1,<environment.Job instance at 0x7f63d3e36af0>,40,22,[ 5 12],41,-1,93,-1,71
1,<environment.Job instance at 0x7f63d447e550>,42,25,[9 5],43,-1,126,-1,101
1,<environment.Job instance at 0x7f63d4046690>,46,22,[ 1 13],47,-1,123,-1,101
1,<environment.Job instance at 0x7f63d37253c0>,47,3,[ 2 11],48,-1,104,-1,101
1,<environment.Job instance at 0x7f63d38604b0>,49,15,[ 5 14],50,-1,116,-1,101
1,<environment.Job instance at 0x7f63d3ed1730>,50,27,[3 6],51,-1,128,-1,101
1,<environment.Job instance at 0x7f63d3588d20>,51,2,[12  1],52,-1,103,-1,101
1,<environment.Job instance at 0x7f63d3692320>,53,18,[11  2],54,-1,119,-1,101
1,<environment.Job instance at 0x7f63dd0a3140>,55,27,[8 1],56,-1,143,-1,116
1,<environment.Job instance at 0x7f63d357df50>,60,20,[14  2],61,-1,154,-1,134
1,<environment.Job instance at 0x7f63d40830f0>,62,1,[ 5 14],63,-1,136,-1,135
1,<environment.Job instance at 0x7f63d3718910>,63,16,[12  5],64,-1,151,-1,135
1,<environment.Job instance at 0x7f63d3c63410>,65,18,[11  4],66,-1,160,-1,142
1,<environment.Job instance at 0x7f63d40444b0>,67,3,[ 4 11],68,-1,156,-1,153
1,<environment.Job instance at 0x7f63d3845cd0>,1,13,[9 3],2,-1,16,-1,3
1,<environment.Job instance at 0x7f63d3845a50>,3,14,[ 3 10],4,-1,18,-1,4
1,<environment.Job instance at 0x7f63d38454b0>,5,27,[3 8],6,-1,33,-1,6
1,<environment.Job instance at 0x7f63d38457d0>,2,19,[2 5],3,-1,27,-1,8
1,<environment.Job instance at 0x7f63d3845050>,8,28,[2 6],9,-1,37,-1,9
1,<environment.Job instance at 0x7f63d43b9fa0>,9,28,[7 1],10,-1,38,-1,10
1,<environment.Job instance at 0x7f63d43b90f0>,10,26,[10  3],11,-1,37,-1,11
1,<environment.Job instance at 0x7f63d43b9050>,11,27,[5 2],12,-1,39,-1,12
1,<environment.Job instance at 0x7f63d43b93c0>,21,16,[ 1 10],22,-1,38,-1,22
1,<environment.Job instance at 0x7f63d43b9500>,22,22,[8 3],23,-1,45,-1,23
1,<environment.Job instance at 0x7f63d43b9af0>,24,12,[9 2],25,-1,37,-1,25
1,<environment.Job instance at 0x7f63d43b9190>,25,21,[5 8],26,-1,47,-1,26
1,<environment.Job instance at 0x7f63d43bd8c0>,0,25,[1 7],1,-1,26,-1,1
1,<environment.Job instance at 0x7f63d3238e10>,5,27,[3 8],6,-1,42,-1,15
1,<environment.Job instance at 0x7f63d3614af0>,8,28,[2 6],9,-1,43,-1,15
1,<environment.Job instance at 0x7f63dca0a370>,9,28,[7 1],10,-1,43,-1,15
1,<environment.Job instance at 0x7f63dca0a870>,10,26,[10  3],11,-1,41,-1,15
1,<environment.Job instance at 0x7f63dd0a3140>,11,27,[5 2],12,-1,42,-1,15
1,<environment.Job instance at 0x7f63d3ed1730>,12,12,[ 3 13],13,-1,27,-1,15
1,<environment.Job instance at 0x7f63d2ecfb90>,13,17,[14  5],14,-1,32,-1,15
1,<environment.Job instance at 0x7f63d38604b0>,14,15,[14  2],15,-1,30,-1,15
1,<environment.Job instance at 0x7f63d4030870>,15,15,[ 1 12],16,-1,31,-1,16
1,<environment.Job instance at 0x7f63d447e910>,19,12,[ 1 12],20,-1,32,-1,20
1,<environment.Job instance at 0x7f63dcaa95f0>,26,21,[11  3],27,-1,62,-1,41
1,<environment.Job instance at 0x7f63d3845460>,30,12,[11  2],31,-1,55,-1,43
1,<environment.Job instance at 0x7f63d3845410>,31,18,[ 3 11],32,-1,61,-1,43
1,<environment.Job instance at 0x7f63d3096c80>,34,24,[2 8],35,-1,94,-1,70
1,<environment.Job instance at 0x7f63d30962d0>,35,24,[5 7],36,-1,94,-1,70
1,<environment.Job instance at 0x7f63d3096870>,36,13,[14  2],37,-1,83,-1,70
1,<environment.Job instance at 0x7f63d424f550>,37,12,[ 5 14],38,-1,82,-1,70
1,<environment.Job instance at 0x7f63d424fb40>,38,28,[11  4],39,-1,98,-1,70
1,<environment.Job instance at 0x7f63d3b1e8c0>,40,26,[1 8],41,-1,97,-1,71
1,<environment.Job instance at 0x7f63d40c71e0>,46,15,[ 1 14],47,-1,100,-1,85
1,<environment.Job instance at 0x7f63d40c7e60>,47,1,[ 3 13],48,-1,86,-1,85
1,<environment.Job instance at 0x7f63d40c7c30>,48,23,[11  4],49,-1,108,-1,85
1,<environment.Job instance at 0x7f63d40c79b0>,45,24,[5 3],46,-1,111,-1,87
1,<environment.Job instance at 0x7f63d3b3a7d0>,54,26,[9 3],55,-1,130,-1,104
1,<environment.Job instance at 0x7f63d3cd2780>,56,2,[14  4],57,-1,107,-1,105
1,<environment.Job instance at 0x7f63d405eaa0>,59,14,[14  2],60,-1,132,-1,118
1,<environment.Job instance at 0x7f63d3219e60>,60,2,[14  4],61,-1,120,-1,118
1,<environment.Job instance at 0x7f63d36f1640>,61,15,[ 4 12],62,-1,133,-1,118
1,<environment.Job instance at 0x7f63d41ef0f0>,63,26,[8 3],64,-1,147,-1,121
1,<environment.Job instance at 0x7f63d41ef320>,65,24,[3 9],66,-1,158,-1,134
1,<environment.Job instance at 0x7f63d3261f50>,68,13,[13  2],69,-1,147,-1,134
1,<environment.Job instance at 0x7f63d3b649b0>,72,14,[ 3 13],73,-1,163,-1,149
1,<environment.Job instance at 0x7f63d357df50>,73,23,[6 1],74,-1,172,-1,149
1,<environment.Job instance at 0x7f63d3b64410>,76,16,[13  3],77,-1,167,-1,151
1,<environment.Job instance at 0x7f63d2cf0aa0>,1,14,[9 5],2,-1,17,-1,3
1,<environment.Job instance at 0x7f63d2d751e0>,3,16,[3 8],4,-1,20,-1,4
1,<environment.Job instance at 0x7f63d2d75dc0>,4,18,[ 5 10],5,-1,23,-1,5
1,<environment.Job instance at 0x7f63d2d75690>,5,15,[1 8],6,-1,21,-1,6
1,<environment.Job instance at 0x7f63d2d752d0>,6,22,[ 1 10],7,-1,29,-1,7
1,<environment.Job instance at 0x7f63d2d759b0>,7,21,[1 8],8,-1,29,-1,8
1,<environment.Job instance at 0x7f63d2d75320>,8,20,[2 9],9,-1,29,-1,9
1,<environment.Job instance at 0x7f63d2d75870>,11,12,[9 1],12,-1,35,-1,23
1,<environment.Job instance at 0x7f63d2d75140>,19,13,[5 8],20,-1,36,-1,23
1,<environment.Job instance at 0x7f63d2d75190>,18,26,[2 5],19,-1,49,-1,23
1,<environment.Job instance at 0x7f63d2d75e60>,20,18,[6 2],21,-1,41,-1,23
1,<environment.Job instance at 0x7f63d2d75f00>,22,15,[2 5],23,-1,41,-1,26
1,<environment.Job instance at 0x7f63d2d75d70>,24,22,[8 1],25,-1,48,-1,26
1,<environment.Job instance at 0x7f63d2ccf5a0>,27,20,[5 1],28,-1,49,-1,29
1,<environment.Job instance at 0x7f63d2ccf5f0>,42,16,[9 2],43,-1,135,-1,119
1,<environment.Job instance at 0x7f63d2ccf8c0>,37,16,[14  4],38,-1,147,-1,131
1,<environment.Job instance at 0x7f63d2ccf9b0>,39,16,[ 3 14],40,-1,149,-1,133
1,<environment.Job instance at 0x7f63d2ccf0a0>,43,17,[3 9],44,-1,156,-1,139
1,<environment.Job instance at 0x7f63d2ccf500>,41,16,[10  4],42,-1,155,-1,139
1,<environment.Job instance at 0x7f63d2d33690>,50,23,[2 9],51,-1,163,-1,140
1,<environment.Job instance at 0x7f63d2d33460>,52,17,[4 9],53,-1,163,-1,146
1,<environment.Job instance at 0x7f63d2ccf6e0>,45,24,[5 9],46,-1,170,-1,146
1,<environment.Job instance at 0x7f63d2ccfdc0>,44,23,[14  2],45,-1,180,-1,157
1,<environment.Job instance at 0x7f63d2d33f00>,60,16,[14  1],61,-1,173,-1,157
1,<environment.Job instance at 0x7f63d2d33550>,55,20,[1 5],56,-1,177,-1,157
1,<environment.Job instance at 0x7f63d2d33780>,62,15,[3 7],63,-1,172,-1,157
1,<environment.Job instance at 0x7f63d2d33500>,64,26,[4 8],65,-1,183,-1,157
1,<environment.Job instance at 0x7f63d2d33aa0>,65,18,[3 6],66,-1,176,-1,158
1,<environment.Job instance at 0x7f63d2d33960>,66,20,[2 9],67,-1,178,-1,158
1,<environment.Job instance at 0x7f63d2d333c0>,67,15,[4 9],68,-1,173,-1,158
1,<environment.Job instance at 0x7f63d2d335f0>,59,15,[1 9],60,-1,173,-1,158
1,<environment.Job instance at 0x7f63d35844b0>,69,22,[2 9],70,-1,180,-1,158
1,<environment.Job instance at 0x7f63d2d33410>,47,28,[ 2 11],48,-1,186,-1,158
1,<environment.Job instance at 0x7f63d3584b40>,71,24,[9 1],72,-1,183,-1,159
1,<environment.Job instance at 0x7f63d3584410>,70,23,[ 5 11],71,-1,182,-1,159
1,<environment.Job instance at 0x7f63d3584870>,73,15,[9 3],74,-1,174,-1,159
1,<environment.Job instance at 0x7f63d3124e60>,78,24,[7 1],79,-1,193,-1,169
1,<environment.Job instance at 0x7f63dcdcdaf0>,80,19,[ 3 10],81,-1,188,-1,169
1,<environment.Job instance at 0x7f63dcdcd870>,81,12,[5 8],82,-1,181,-1,169
1,<environment.Job instance at 0x7f63d357c870>,0,28,[ 3 10],1,-1,29,-1,1
1,<environment.Job instance at 0x7f63d3154910>,9,27,[1 9],10,-1,43,-1,16
1,<environment.Job instance at 0x7f63d357cbe0>,10,25,[ 3 12],11,-1,41,-1,16
1,<environment.Job instance at 0x7f63d4021c80>,12,20,[ 1 13],13,-1,36,-1,16
1,<environment.Job instance at 0x7f63d4021230>,15,15,[ 2 11],16,-1,31,-1,16
1,<environment.Job instance at 0x7f63d4021d70>,14,23,[10  3],15,-1,40,-1,17
1,<environment.Job instance at 0x7f63d4021eb0>,18,26,[2 5],19,-1,45,-1,19
1,<environment.Job instance at 0x7f63d40033c0>,25,1,[14  3],26,-1,50,-1,49
1,<environment.Job instance at 0x7f63d4003be0>,26,14,[11  1],27,-1,63,-1,49
1,<environment.Job instance at 0x7f63d4003280>,28,18,[14  5],29,-1,67,-1,49
1,<environment.Job instance at 0x7f63d4003e10>,29,15,[ 1 12],30,-1,64,-1,49
1,<environment.Job instance at 0x7f63d3ff8410>,33,14,[ 5 11],34,-1,87,-1,73
1,<environment.Job instance at 0x7f63d346daf0>,37,16,[14  4],38,-1,105,-1,89
1,<environment.Job instance at 0x7f63d34485f0>,39,16,[ 3 14],40,-1,119,-1,103
1,<environment.Job instance at 0x7f63d3ff3910>,44,23,[14  2],45,-1,157,-1,134
1,<environment.Job instance at 0x7f63d334a050>,45,24,[5 9],46,-1,162,-1,138
1,<environment.Job instance at 0x7f63d3ff3f50>,47,28,[ 2 11],48,-1,166,-1,138
1,<environment.Job instance at 0x7f63d3ff3fa0>,48,3,[14  3],49,-1,141,-1,138
1,<environment.Job instance at 0x7f63d3fef190>,50,23,[2 9],51,-1,178,-1,155
1,<environment.Job instance at 0x7f63d3467280>,56,3,[13  3],57,-1,171,-1,168
1,<environment.Job instance at 0x7f63d3467500>,57,1,[ 4 14],58,-1,169,-1,168
1,<environment.Job instance at 0x7f63d3467c30>,58,14,[ 3 14],59,-1,182,-1,168
1,<environment.Job instance at 0x7f63d41f8f50>,0,25,[5 8],1,-1,26,-1,1
1,<environment.Job instance at 0x7f63d3bc8190>,5,23,[7 1],6,-1,30,-1,7
1,<environment.Job instance at 0x7f63d3bc8460>,7,26,[1 7],8,-1,34,-1,8
1,<environment.Job instance at 0x7f63d3bc8230>,12,19,[4 6],13,-1,32,-1,13
1,<environment.Job instance at 0x7f63d3bc8550>,14,17,[2 8],15,-1,46,-1,29
1,<environment.Job instance at 0x7f63d39e6640>,22,20,[5 9],23,-1,52,-1,32
1,<environment.Job instance at 0x7f63d3bc8b90>,17,17,[2 8],18,-1,49,-1,32
1,<environment.Job instance at 0x7f63d39e6370>,25,18,[3 9],26,-1,50,-1,32
1,<environment.Job instance at 0x7f63d39e6f50>,24,13,[9 1],25,-1,45,-1,32
1,<environment.Job instance at 0x7f63d3bc8730>,3,25,[ 2 10],4,-1,60,-1,35
1,<environment.Job instance at 0x7f63d41f8230>,6,23,[5 3],7,-1,58,-1,35
1,<environment.Job instance at 0x7f63d3fea960>,0,25,[5 8],1,-1,26,-1,1
1,<environment.Job instance at 0x7f63d335b2d0>,1,15,[11  2],2,-1,17,-1,2
1,<environment.Job instance at 0x7f63d3fea550>,2,15,[14  1],3,-1,18,-1,3
1,<environment.Job instance at 0x7f63d43c55a0>,3,25,[ 2 10],4,-1,29,-1,4
1,<environment.Job instance at 0x7f63d43c5e10>,5,23,[7 1],6,-1,29,-1,6
1,<environment.Job instance at 0x7f63d3ff3500>,6,23,[5 3],7,-1,30,-1,7
1,<environment.Job instance at 0x7f63d3ff3f50>,7,26,[1 7],8,-1,34,-1,8
1,<environment.Job instance at 0x7f63d3ff3b40>,9,13,[ 2 12],10,-1,23,-1,10
1,<environment.Job instance at 0x7f63d4003b40>,10,27,[ 1 14],11,-1,38,-1,11
1,<environment.Job instance at 0x7f63d399f5a0>,13,28,[ 5 13],14,-1,42,-1,14
1,<environment.Job instance at 0x7f63d3121280>,21,1,[ 2 13],22,-1,25,-1,24
1,<environment.Job instance at 0x7f63d3f0bf00>,27,2,[11  1],28,-1,41,-1,39
1,<environment.Job instance at 0x7f63d3827820>,33,25,[ 5 10],34,-1,87,-1,62
1,<environment.Job instance at 0x7f63d3827dc0>,34,2,[12  3],35,-1,64,-1,62
1,<environment.Job instance at 0x7f63d3ae7870>,35,20,[ 4 11],36,-1,82,-1,62
1,<environment.Job instance at 0x7f63d3e89c80>,37,15,[14  2],38,-1,77,-1,62
1,<environment.Job instance at 0x7f63d3e5c5f0>,38,12,[13  3],39,-1,74,-1,62
1,<environment.Job instance at 0x7f63d3feb280>,42,25,[10  4],43,-1,119,-1,94
1,<environment.Job instance at 0x7f63d3698910>,48,20,[12  2],49,-1,135,-1,115
1,<environment.Job instance at 0x7f63d3feb910>,50,28,[8 4],51,-1,157,-1,129
1,<environment.Job instance at 0x7f63d44880a0>,54,2,[13  1],55,-1,134,-1,132
1,<environment.Job instance at 0x7f63d3f90a50>,57,3,[12  1],58,-1,141,-1,138
1,<environment.Job instance at 0x7f63d3b41af0>,59,19,[13  2],60,-1,167,-1,148
1,<environment.Job instance at 0x7f63d3442b90>,62,1,[ 2 13],63,-1,163,-1,162
1,<environment.Job instance at 0x7f63d4400690>,63,24,[ 4 10],64,-1,190,-1,166
1,<environment.Job instance at 0x7f63d3442640>,65,1,[ 4 11],66,-1,167,-1,166
1,<environment.Job instance at 0x7f63d3635b90>,0,28,[4 9],1,-1,29,-1,1
1,<environment.Job instance at 0x7f63d36241e0>,2,19,[8 4],3,-1,25,-1,6
1,<environment.Job instance at 0x7f63d3c10fa0>,6,17,[3 9],7,-1,24,-1,7
1,<environment.Job instance at 0x7f63d3c10500>,5,12,[3 8],6,-1,22,-1,10
1,<environment.Job instance at 0x7f63d36249b0>,10,18,[1 9],11,-1,30,-1,12
1,<environment.Job instance at 0x7f63d3c10a00>,11,14,[7 5],12,-1,26,-1,12
1,<environment.Job instance at 0x7f63d3c109b0>,13,15,[10  2],14,-1,29,-1,14
1,<environment.Job instance at 0x7f63d3c105a0>,14,14,[8 5],15,-1,29,-1,15
1,<environment.Job instance at 0x7f63d3c10190>,15,15,[11  3],16,-1,31,-1,16
1,<environment.Job instance at 0x7f63d3c10370>,16,28,[4 7],17,-1,45,-1,17
1,<environment.Job instance at 0x7f63d3c10050>,24,18,[11  5],25,-1,43,-1,25
1,<environment.Job instance at 0x7f63d4001a00>,0,28,[4 9],1,-1,29,-1,1
1,<environment.Job instance at 0x7f63d4001320>,1,24,[ 5 13],2,-1,26,-1,2
1,<environment.Job instance at 0x7f63d346a9b0>,4,1,[14  4],5,-1,6,-1,5
1,<environment.Job instance at 0x7f63d3483a00>,8,25,[14  3],9,-1,34,-1,9
1,<environment.Job instance at 0x7f63d334a050>,9,27,[14  3],10,-1,37,-1,10
1,<environment.Job instance at 0x7f63d34670f0>,15,15,[11  3],16,-1,37,-1,22
1,<environment.Job instance at 0x7f63d3467b40>,16,28,[4 7],17,-1,50,-1,22
1,<environment.Job instance at 0x7f63d34480f0>,18,3,[ 4 13],19,-1,25,-1,22
1,<environment.Job instance at 0x7f63d3448f00>,21,12,[13  1],22,-1,48,-1,36
1,<environment.Job instance at 0x7f63d34486e0>,23,13,[ 4 13],24,-1,62,-1,49
1,<environment.Job instance at 0x7f63d3fef4b0>,24,18,[11  5],25,-1,67,-1,49
1,<environment.Job instance at 0x7f63d3fef730>,28,25,[5 1],29,-1,90,-1,65
1,<environment.Job instance at 0x7f63d3118500>,30,13,[ 5 13],31,-1,87,-1,74
1,<environment.Job instance at 0x7f63d3fef2d0>,27,24,[10  4],28,-1,103,-1,79
1,<environment.Job instance at 0x7f63d40214b0>,33,23,[7 5],34,-1,102,-1,79
1,<environment.Job instance at 0x7f63d40218c0>,34,26,[ 5 13],35,-1,105,-1,79
1,<environment.Job instance at 0x7f63d3fe95a0>,38,23,[3 5],39,-1,117,-1,94
1,<environment.Job instance at 0x7f63d3fe9b90>,41,23,[5 3],42,-1,145,-1,122
1,<environment.Job instance at 0x7f63d3dca0f0>,44,27,[5 6],45,-1,166,-1,139
1,<environment.Job instance at 0x7f63d4004780>,47,26,[ 2 12],48,-1,165,-1,139
1,<environment.Job instance at 0x7f63d4004b40>,49,3,[ 2 11],50,-1,144,-1,141
1,<environment.Job instance at 0x7f63d4004460>,51,16,[14  5],52,-1,170,-1,154
1,<environment.Job instance at 0x7f63d3ff85f0>,52,24,[5 1],53,-1,178,-1,154
1,<environment.Job instance at 0x7f63d3ff8690>,53,17,[ 5 12],54,-1,171,-1,154
1,<environment.Job instance at 0x7f63d3e90f50>,0,16,[ 3 10],1,-1,18,-1,2
1,<environment.Job instance at 0x7f63d3e90870>,1,13,[8 2],2,-1,17,-1,4
1,<environment.Job instance at 0x7f63d3f3a0f0>,7,20,[10  4],8,-1,29,-1,9
1,<environment.Job instance at 0x7f63d3f3a230>,9,27,[2 7],10,-1,37,-1,10
1,<environment.Job instance at 0x7f63d3f3a4b0>,10,20,[2 6],11,-1,31,-1,11
1,<environment.Job instance at 0x7f63d3f3a8c0>,11,2,[ 1 10],12,-1,14,-1,12
1,<environment.Job instance at 0x7f63d3f3af50>,12,1,[ 1 10],13,-1,14,-1,13
1,<environment.Job instance at 0x7f63d3f3aeb0>,14,15,[4 7],15,-1,30,-1,15
1,<environment.Job instance at 0x7f63d3f3af00>,16,15,[ 5 10],17,-1,32,-1,17
1,<environment.Job instance at 0x7f63d3f3a870>,21,16,[7 5],22,-1,38,-1,22
1,<environment.Job instance at 0x7f63d3f3a3c0>,8,26,[ 5 10],9,-1,121,-1,95
1,<environment.Job instance at 0x7f63d3a96410>,32,28,[ 1 12],33,-1,149,-1,121
1,<environment.Job instance at 0x7f63d3a96eb0>,35,19,[7 3],36,-1,140,-1,121
1,<environment.Job instance at 0x7f63d3a96c80>,40,21,[2 8],41,-1,143,-1,122
1,<environment.Job instance at 0x7f63d3a96640>,38,17,[1 6],39,-1,139,-1,122
1,<environment.Job instance at 0x7f63d3a966e0>,43,19,[10  1],44,-1,141,-1,122
1,<environment.Job instance at 0x7f63d3a96e10>,37,17,[9 3],38,-1,139,-1,122
1,<environment.Job instance at 0x7f63d3a96500>,47,17,[8 2],48,-1,139,-1,122
1,<environment.Job instance at 0x7f63d43bdc30>,49,16,[4 7],50,-1,139,-1,123
1,<environment.Job instance at 0x7f63d43bde10>,51,26,[5 6],52,-1,151,-1,125
1,<environment.Job instance at 0x7f63d3a96230>,42,17,[5 2],43,-1,142,-1,125
1,<environment.Job instance at 0x7f63d3a96820>,39,12,[10  1],40,-1,137,-1,125
1,<environment.Job instance at 0x7f63d43bd320>,56,24,[12  2],57,-1,149,-1,125
1,<environment.Job instance at 0x7f63d43bddc0>,57,18,[3 8],58,-1,143,-1,125
1,<environment.Job instance at 0x7f63d43bdfa0>,55,26,[11  1],56,-1,151,-1,125
1,<environment.Job instance at 0x7f63d43bd280>,58,22,[3 6],59,-1,147,-1,125
1,<environment.Job instance at 0x7f63d2cd11e0>,61,18,[ 3 12],62,-1,143,-1,125
1,<environment.Job instance at 0x7f63d2cd1f00>,62,20,[2 7],63,-1,145,-1,125
1,<environment.Job instance at 0x7f63d43bd500>,53,14,[ 1 13],54,-1,139,-1,125
1,<environment.Job instance at 0x7f63d2cd1a00>,63,17,[7 2],64,-1,142,-1,125
1,<environment.Job instance at 0x7f63d2cd1320>,66,23,[9 5],67,-1,152,-1,129
1,<environment.Job instance at 0x7f63d2cd10a0>,67,18,[1 8],68,-1,147,-1,129
1,<environment.Job instance at 0x7f63d2cd1c80>,68,26,[ 4 12],69,-1,155,-1,129
1,<environment.Job instance at 0x7f63d2cd16e0>,70,25,[12  5],71,-1,155,-1,130
1,<environment.Job instance at 0x7f63d2cd1640>,65,23,[5 9],66,-1,153,-1,130
1,<environment.Job instance at 0x7f63d2cd17d0>,71,20,[10  5],72,-1,150,-1,130
1,<environment.Job instance at 0x7f63d2cd1050>,74,20,[ 4 11],75,-1,158,-1,138
1,<environment.Job instance at 0x7f63d2cd1370>,73,17,[13  3],74,-1,155,-1,138
1,<environment.Job instance at 0x7f63dd047050>,76,20,[8 2],77,-1,158,-1,138
1,<environment.Job instance at 0x7f63d2cd1910>,72,18,[1 6],73,-1,156,-1,138
1,<environment.Job instance at 0x7f63dd0474b0>,77,25,[8 5],78,-1,163,-1,138
1,<environment.Job instance at 0x7f63dd047a00>,75,16,[4 6],76,-1,154,-1,138
1,<environment.Job instance at 0x7f63d3fbd690>,3,13,[ 1 13],4,-1,17,-1,4
1,<environment.Job instance at 0x7f63d3b52b40>,6,13,[12  1],7,-1,20,-1,7
1,<environment.Job instance at 0x7f63d3b52d70>,9,27,[2 7],10,-1,44,-1,17
1,<environment.Job instance at 0x7f63d3b529b0>,8,26,[ 5 10],9,-1,43,-1,17
1,<environment.Job instance at 0x7f63d3679a00>,13,13,[12  2],14,-1,30,-1,17
1,<environment.Job instance at 0x7f63d3b52aa0>,15,26,[11  4],16,-1,43,-1,17
1,<environment.Job instance at 0x7f63d33fbdc0>,17,1,[ 4 11],18,-1,19,-1,18
1,<environment.Job instance at 0x7f63d3b18370>,18,3,[12  1],19,-1,22,-1,19
1,<environment.Job instance at 0x7f63d40f38c0>,22,18,[ 1 13],23,-1,41,-1,23
1,<environment.Job instance at 0x7f63d40f3b40>,23,12,[12  2],24,-1,36,-1,24
1,<environment.Job instance at 0x7f63d40c0f00>,29,3,[ 5 12],30,-1,54,-1,51
1,<environment.Job instance at 0x7f63d40e4960>,32,28,[ 1 12],33,-1,94,-1,66
1,<environment.Job instance at 0x7f63d40d57d0>,44,1,[ 4 12],45,-1,117,-1,116
1,<environment.Job instance at 0x7f63d3891eb0>,48,17,[ 3 12],49,-1,153,-1,136
1,<environment.Job instance at 0x7f63d3891870>,50,27,[14  1],51,-1,163,-1,136
1,<environment.Job instance at 0x7f63d3891e10>,51,26,[5 6],52,-1,178,-1,152
1,<environment.Job instance at 0x7f63d3891780>,53,14,[ 1 13],54,-1,166,-1,152
1,<environment.Job instance at 0x7f63d3fc1820>,55,26,[11  1],56,-1,178,-1,152
1,<environment.Job instance at 0x7f63d3891730>,56,24,[12  2],57,-1,176,-1,152
1,<environment.Job instance at 0x7f63d3b1d2d0>,60,3,[ 5 14],61,-1,170,-1,167
1,<environment.Job instance at 0x7f63d384a730>,61,18,[ 3 12],62,-1,185,-1,167
1,<environment.Job instance at 0x7f63d388e4b0>,14,16,[8 4],15,-1,32,-1,16
1,<environment.Job instance at 0x7f63d30a5fa0>,6,16,[14  2],7,-1,33,-1,17
1,<environment.Job instance at 0x7f63d30a5a00>,12,15,[3 8],13,-1,32,-1,17
1,<environment.Job instance at 0x7f63d388eb40>,15,12,[6 4],16,-1,29,-1,17
1,<environment.Job instance at 0x7f63d388ee60>,17,14,[7 4],18,-1,32,-1,18
1,<environment.Job instance at 0x7f63d388e780>,20,25,[ 4 10],21,-1,46,-1,21
1,<environment.Job instance at 0x7f63d388ebe0>,21,22,[9 1],22,-1,44,-1,22
1,<environment.Job instance at 0x7f63d388e870>,22,14,[7 5],23,-1,37,-1,23
1,<environment.Job instance at 0x7f63d388e8c0>,24,14,[ 2 11],25,-1,40,-1,26
1,<environment.Job instance at 0x7f63d388e320>,25,18,[ 2 11],26,-1,44,-1,26
1,<environment.Job instance at 0x7f63d34019b0>,33,15,[5 7],34,-1,70,-1,55
1,<environment.Job instance at 0x7f63d3401a00>,31,25,[ 1 11],32,-1,80,-1,55
1,<environment.Job instance at 0x7f63d3401140>,35,23,[8 4],36,-1,85,-1,62
1,<environment.Job instance at 0x7f63d34016e0>,42,27,[10  5],43,-1,93,-1,66
1,<environment.Job instance at 0x7f63d3893b90>,46,16,[12  5],47,-1,82,-1,66
1,<environment.Job instance at 0x7f63d30a5500>,13,23,[14  5],14,-1,89,-1,66
1,<environment.Job instance at 0x7f63d388eb90>,18,14,[12  4],19,-1,99,-1,85
1,<environment.Job instance at 0x7f63d3893550>,48,26,[ 1 12],49,-1,111,-1,85
1,<environment.Job instance at 0x7f63d38931e0>,50,22,[ 2 12],51,-1,107,-1,85
1,<environment.Job instance at 0x7f63d3401fa0>,40,25,[5 1],41,-1,110,-1,85
1,<environment.Job instance at 0x7f63d3893460>,53,17,[14  4],54,-1,103,-1,86
1,<environment.Job instance at 0x7f63d38934b0>,49,19,[12  1],50,-1,107,-1,88
1,<environment.Job instance at 0x7f63d38930f0>,52,20,[12  3],53,-1,111,-1,91
1,<environment.Job instance at 0x7f63d3893aa0>,56,15,[3 8],57,-1,106,-1,91
1,<environment.Job instance at 0x7f63d3fdcb40>,61,18,[11  2],62,-1,126,-1,108
1,<environment.Job instance at 0x7f63d3893500>,57,26,[ 3 14],58,-1,134,-1,108
1,<environment.Job instance at 0x7f63d3fdc870>,59,26,[1 5],60,-1,135,-1,109
1,<environment.Job instance at 0x7f63d3893870>,55,17,[ 2 13],56,-1,126,-1,109
1,<environment.Job instance at 0x7f63d3fdcd20>,67,15,[10  5],68,-1,124,-1,109
1,<environment.Job instance at 0x7f63d3fdc370>,68,27,[ 3 12],69,-1,142,-1,115
1,<environment.Job instance at 0x7f63d3fdc960>,65,12,[ 4 13],66,-1,128,-1,116
1,<environment.Job instance at 0x7f63d3fdc910>,64,23,[7 1],65,-1,139,-1,116
1,<environment.Job instance at 0x7f63d2cc4230>,73,17,[ 1 10],74,-1,134,-1,117
1,<environment.Job instance at 0x7f63d3fdcf00>,66,17,[4 6],67,-1,134,-1,117
1,<environment.Job instance at 0x7f63d38936e0>,54,17,[12  2],55,-1,134,-1,117
1,<environment.Job instance at 0x7f63d2cc45a0>,74,14,[5 4],75,-1,132,-1,118
1,<environment.Job instance at 0x7f63d2cc4eb0>,75,15,[7 5],76,-1,133,-1,118
1,<environment.Job instance at 0x7f63d2cc4c30>,78,17,[9 4],79,-1,135,-1,118
1,<environment.Job instance at 0x7f63d2cc4e60>,72,13,[ 3 11],73,-1,135,-1,122
1,<environment.Job instance at 0x7f63d2cc40a0>,81,18,[2 9],82,-1,140,-1,122
1,<environment.Job instance at 0x7f63d2cc4550>,77,15,[5 5],78,-1,137,-1,122
1,<environment.Job instance at 0x7f63d2cc42d0>,83,16,[2 8],84,-1,138,-1,122
1,<environment.Job instance at 0x7f63d2cc4e10>,85,14,[7 2],86,-1,136,-1,122
1,<environment.Job instance at 0x7f63d2cc4dc0>,86,19,[14  5],87,-1,141,-1,122
1,<environment.Job instance at 0x7f63d2cc4a50>,87,13,[10  2],88,-1,135,-1,122
1,<environment.Job instance at 0x7f63d2cc4fa0>,88,24,[ 5 12],89,-1,146,-1,122
1,<environment.Job instance at 0x7f63d2cc4910>,89,25,[9 4],90,-1,147,-1,122
1,<environment.Job instance at 0x7f63d3820140>,90,20,[7 2],91,-1,142,-1,122
1,<environment.Job instance at 0x7f63d3820f50>,91,16,[1 9],92,-1,138,-1,122
1,<environment.Job instance at 0x7f63d2cc4f50>,76,15,[13  1],77,-1,137,-1,122
1,<environment.Job instance at 0x7f63d3820280>,94,15,[14  5],95,-1,137,-1,122
1,<environment.Job instance at 0x7f63d38206e0>,93,16,[5 3],94,-1,138,-1,122
1,<environment.Job instance at 0x7f63d3820fa0>,97,13,[10  1],98,-1,136,-1,123
1,<environment.Job instance at 0x7f63d3820690>,95,18,[2 8],96,-1,142,-1,124
1,<environment.Job instance at 0x7f63d3531eb0>,0,14,[12  5],1,-1,15,-1,1
1,<environment.Job instance at 0x7f63d2e5a9b0>,5,22,[14  4],6,-1,28,-1,6
1,<environment.Job instance at 0x7f63d38b42d0>,6,16,[14  2],7,-1,23,-1,7
1,<environment.Job instance at 0x7f63d421eb40>,9,2,[ 2 11],10,-1,12,-1,10
1,<environment.Job instance at 0x7f63d35f99b0>,13,23,[14  5],14,-1,37,-1,14
1,<environment.Job instance at 0x7f63d2eb5be0>,18,14,[12  4],19,-1,42,-1,28
1,<environment.Job instance at 0x7f63dcbd7870>,20,25,[ 4 10],21,-1,58,-1,33
1,<environment.Job instance at 0x7f63d3676eb0>,24,14,[ 2 11],25,-1,59,-1,45
1,<environment.Job instance at 0x7f63d3676af0>,25,18,[ 2 11],26,-1,63,-1,45
1,<environment.Job instance at 0x7f63d3240c30>,26,18,[12  3],27,-1,63,-1,45
1,<environment.Job instance at 0x7f63d3240cd0>,27,19,[ 2 12],28,-1,64,-1,45
1,<environment.Job instance at 0x7f63d3dcb460>,30,17,[ 5 14],31,-1,63,-1,46
1,<environment.Job instance at 0x7f63d2eabcd0>,31,25,[ 1 11],32,-1,71,-1,46
1,<environment.Job instance at 0x7f63d40d38c0>,35,23,[8 4],36,-1,84,-1,61
1,<environment.Job instance at 0x7f63d3a7f7d0>,36,12,[12  1],37,-1,73,-1,61
1,<environment.Job instance at 0x7f63d3a7f1e0>,37,2,[ 4 11],38,-1,63,-1,61
1,<environment.Job instance at 0x7f63d40eb370>,40,25,[5 1],41,-1,86,-1,61
1,<environment.Job instance at 0x7f63d40eb500>,41,2,[14  3],42,-1,63,-1,61
1,<environment.Job instance at 0x7f63d40ebeb0>,42,27,[10  5],43,-1,90,-1,63
1,<environment.Job instance at 0x7f63d40eb6e0>,43,1,[ 3 11],44,-1,64,-1,63
1,<environment.Job instance at 0x7f63d3d28410>,46,16,[12  5],47,-1,79,-1,63
1,<environment.Job instance at 0x7f63d38f9870>,47,3,[ 1 13],48,-1,66,-1,63
1,<environment.Job instance at 0x7f63d3d28910>,48,26,[ 1 12],49,-1,89,-1,63
1,<environment.Job instance at 0x7f63d3d28460>,49,19,[12  1],50,-1,82,-1,63
1,<environment.Job instance at 0x7f63d4249a50>,50,22,[ 2 12],51,-1,85,-1,63
1,<environment.Job instance at 0x7f63d4249050>,52,20,[12  3],53,-1,84,-1,64
1,<environment.Job instance at 0x7f63d4249320>,53,17,[14  4],54,-1,81,-1,64
1,<environment.Job instance at 0x7f63d39a75a0>,54,17,[12  2],55,-1,81,-1,64
1,<environment.Job instance at 0x7f63d39a7280>,55,17,[ 2 13],56,-1,81,-1,64
1,<environment.Job instance at 0x7f63d2cc0b90>,57,26,[ 3 14],58,-1,106,-1,80
1,<environment.Job instance at 0x7f63d2cc0f50>,59,26,[1 5],60,-1,107,-1,81
1,<environment.Job instance at 0x7f63d2ce2820>,61,18,[11  2],62,-1,99,-1,81
1,<environment.Job instance at 0x7f63d386bdc0>,64,23,[7 1],65,-1,118,-1,95
1,<environment.Job instance at 0x7f63d3806e10>,65,12,[ 4 13],66,-1,107,-1,95
1,<environment.Job instance at 0x7f63d3990f00>,68,27,[ 3 12],69,-1,125,-1,98
1,<environment.Job instance at 0x7f63d3990730>,69,24,[7 1],70,-1,125,-1,101
1,<environment.Job instance at 0x7f63d39902d0>,71,2,[ 2 12],72,-1,103,-1,101
1,<environment.Job instance at 0x7f63d4259780>,72,13,[ 3 11],73,-1,114,-1,101
1,<environment.Job instance at 0x7f63d4259d70>,76,15,[13  1],77,-1,135,-1,120
1,<environment.Job instance at 0x7f63dd04a960>,80,2,[12  4],81,-1,141,-1,139
1,<environment.Job instance at 0x7f63d360e9b0>,82,2,[12  3],83,-1,152,-1,150
1,<environment.Job instance at 0x7f63d39f6b90>,86,19,[14  5],87,-1,185,-1,166
1,<environment.Job instance at 0x7f63d40e6fa0>,2,15,[8 2],3,-1,19,-1,4
1,<environment.Job instance at 0x7f63d302e410>,3,13,[10  2],4,-1,17,-1,4
1,<environment.Job instance at 0x7f63d388ae60>,16,16,[1 7],17,-1,33,-1,17
1,<environment.Job instance at 0x7f63d388aaf0>,19,18,[2 9],20,-1,47,-1,29
1,<environment.Job instance at 0x7f63d442aa00>,29,17,[8 3],30,-1,47,-1,30
1,<environment.Job instance at 0x7f63d442aaf0>,30,22,[4 9],31,-1,53,-1,31
1,<environment.Job instance at 0x7f63d388acd0>,21,15,[10  1],22,-1,48,-1,33
1,<environment.Job instance at 0x7f63d442ac80>,22,28,[9 5],23,-1,67,-1,39
1,<environment.Job instance at 0x7f63d3b7aa50>,35,25,[5 3],36,-1,64,-1,39
1,<environment.Job instance at 0x7f63d3b7a690>,36,18,[5 6],37,-1,59,-1,41
1,<environment.Job instance at 0x7f63d388aa00>,6,14,[ 3 12],7,-1,55,-1,41
1,<environment.Job instance at 0x7f63d32f2410>,43,24,[5 8],44,-1,71,-1,47
1,<environment.Job instance at 0x7f63d442a730>,33,21,[5 8],34,-1,68,-1,47
1,<environment.Job instance at 0x7f63d442a4b0>,34,28,[ 4 10],35,-1,75,-1,47
1,<environment.Job instance at 0x7f63d32f2190>,44,20,[5 5],45,-1,68,-1,48
1,<environment.Job instance at 0x7f63d32f20f0>,48,17,[10  4],49,-1,77,-1,60
1,<environment.Job instance at 0x7f63d32f2e10>,47,28,[8 4],48,-1,89,-1,61
1,<environment.Job instance at 0x7f63d32f2910>,49,16,[ 5 10],50,-1,82,-1,66
1,<environment.Job instance at 0x7f63d32f2c30>,45,24,[ 4 11],46,-1,91,-1,67
1,<environment.Job instance at 0x7f63d32f2f00>,51,18,[10  5],52,-1,85,-1,67
1,<environment.Job instance at 0x7f63d3e6b960>,1,12,[ 2 14],2,-1,14,-1,2
1,<environment.Job instance at 0x7f63d3e6b7d0>,4,12,[13  4],5,-1,17,-1,5
1,<environment.Job instance at 0x7f63d39835f0>,6,14,[ 3 12],7,-1,21,-1,7
1,<environment.Job instance at 0x7f63d300ab90>,7,1,[13  2],8,-1,9,-1,8
1,<environment.Job instance at 0x7f63d332f280>,10,28,[ 5 12],11,-1,39,-1,11
1,<environment.Job instance at 0x7f63d2f86730>,17,25,[12  1],18,-1,47,-1,22
1,<environment.Job instance at 0x7f63d385ba50>,22,28,[9 5],23,-1,83,-1,55
1,<environment.Job instance at 0x7f63dd0509b0>,24,1,[11  1],25,-1,56,-1,55
1,<environment.Job instance at 0x7f63d3f31be0>,25,1,[12  5],26,-1,56,-1,55
1,<environment.Job instance at 0x7f63d34b85a0>,28,28,[6 2],29,-1,86,-1,58
1,<environment.Job instance at 0x7f63d4259c80>,35,25,[5 3],36,-1,89,-1,64
1,<environment.Job instance at 0x7f63d4259d70>,37,2,[14  1],38,-1,66,-1,64
1,<environment.Job instance at 0x7f63d4259730>,39,15,[ 2 13],40,-1,89,-1,74
1,<environment.Job instance at 0x7f63d39f65f0>,34,28,[ 4 10],35,-1,102,-1,74
1,<environment.Job instance at 0x7f63d38f9eb0>,43,24,[5 8],44,-1,101,-1,77
1,<environment.Job instance at 0x7f63d2e88460>,45,24,[ 4 11],46,-1,101,-1,77
1,<environment.Job instance at 0x7f63d2fd9c80>,47,28,[8 4],48,-1,106,-1,78
1,<environment.Job instance at 0x7f63dcbd7870>,52,24,[13  3],53,-1,120,-1,96
1,<environment.Job instance at 0x7f63dcbd7d20>,53,16,[ 5 12],54,-1,112,-1,96
1,<environment.Job instance at 0x7f63d2edd6e0>,54,2,[13  5],55,-1,98,-1,96
1,<environment.Job instance at 0x7f63d36255a0>,55,22,[ 3 12],56,-1,118,-1,96
1,<environment.Job instance at 0x7f63d2e5a9b0>,56,13,[14  4],57,-1,109,-1,96
1,<environment.Job instance at 0x7f63d35f98c0>,57,24,[ 2 14],58,-1,120,-1,96
1,<environment.Job instance at 0x7f63d3f1fb40>,62,20,[13  3],63,-1,143,-1,123
1,<environment.Job instance at 0x7f63dca6fa50>,64,17,[13  1],65,-1,141,-1,124
1,<environment.Job instance at 0x7f63d2f16870>,67,12,[12  5],68,-1,150,-1,138
1,<environment.Job instance at 0x7f63d3b7a960>,69,24,[3 6],70,-1,176,-1,152
1,<environment.Job instance at 0x7f63dce13c80>,73,17,[11  5],74,-1,182,-1,165
1,<environment.Job instance at 0x7f63d32f29b0>,76,22,[ 4 11],77,-1,189,-1,167
1,<environment.Job instance at 0x7f63d32f2320>,78,3,[13  5],79,-1,171,-1,168
1,<environment.Job instance at 0x7f63d3fcceb0>,0,16,[3 7],1,-1,18,-1,2
1,<environment.Job instance at 0x7f63d3fcc780>,1,13,[9 1],2,-1,15,-1,2
1,<environment.Job instance at 0x7f63d3fccb90>,2,18,[10  3],3,-1,23,-1,5
1,<environment.Job instance at 0x7f63d37ae5f0>,6,16,[1 7],7,-1,23,-1,7
1,<environment.Job instance at 0x7f63d37aef00>,8,23,[5 6],9,-1,32,-1,9
1,<environment.Job instance at 0x7f63d428eeb0>,3,2,[ 4 11],4,-1,6,-1,4
1,<environment.Job instance at 0x7f63dce13500>,5,12,[ 1 14],6,-1,18,-1,6
1,<environment.Job instance at 0x7f63d442aeb0>,7,28,[ 1 14],8,-1,36,-1,8
1,<environment.Job instance at 0x7f63d442a190>,9,24,[ 4 14],10,-1,34,-1,10
1,<environment.Job instance at 0x7f63d388a550>,10,12,[ 4 14],11,-1,23,-1,11
1,<environment.Job instance at 0x7f63d388a8c0>,11,23,[11  2],12,-1,35,-1,12
1,<environment.Job instance at 0x7f63d38703c0>,13,14,[12  1],14,-1,28,-1,14
1,<environment.Job instance at 0x7f63dce13410>,8,23,[5 6],9,-1,40,-1,17
1,<environment.Job instance at 0x7f63d3baa3c0>,15,28,[13  4],16,-1,45,-1,17
1,<environment.Job instance at 0x7f63d353d5a0>,16,24,[5 2],17,-1,41,-1,17
1,<environment.Job instance at 0x7f63d3d710f0>,17,18,[ 4 12],18,-1,36,-1,18
1,<environment.Job instance at 0x7f63d385d0a0>,18,25,[11  1],19,-1,44,-1,19
1,<environment.Job instance at 0x7f63d2ef18c0>,19,20,[11  4],20,-1,40,-1,20
1,<environment.Job instance at 0x7f63d2ef1e60>,20,28,[6 5],21,-1,51,-1,23
1,<environment.Job instance at 0x7f63d353ddc0>,21,26,[2 6],22,-1,49,-1,23
1,<environment.Job instance at 0x7f63d2ef1690>,25,23,[2 8],26,-1,53,-1,30
1,<environment.Job instance at 0x7f63d2ef1f50>,26,25,[ 4 13],27,-1,55,-1,30
1,<environment.Job instance at 0x7f63d3173460>,27,28,[1 6],28,-1,58,-1,30
1,<environment.Job instance at 0x7f63d388a190>,14,27,[ 5 10],15,-1,57,-1,30
1,<environment.Job instance at 0x7f63d3577050>,29,22,[ 3 13],30,-1,52,-1,30
1,<environment.Job instance at 0x7f63d3577550>,30,15,[13  3],31,-1,46,-1,31
1,<environment.Job instance at 0x7f63d2ee6320>,31,1,[ 1 13],32,-1,33,-1,32
1,<environment.Job instance at 0x7f63d35a20f0>,32,13,[12  5],33,-1,46,-1,33
1,<environment.Job instance at 0x7f63d2fe0500>,35,26,[12  4],36,-1,67,-1,41
1,<environment.Job instance at 0x7f63d3ba6910>,36,19,[ 5 12],37,-1,60,-1,41
1,<environment.Job instance at 0x7f63d353e690>,39,27,[10  2],40,-1,68,-1,41
1,<environment.Job instance at 0x7f63d32e1140>,40,26,[ 3 13],41,-1,67,-1,41
1,<environment.Job instance at 0x7f63d353e960>,41,28,[9 5],42,-1,72,-1,44
1,<environment.Job instance at 0x7f63d3d85fa0>,42,24,[8 5],43,-1,68,-1,44
1,<environment.Job instance at 0x7f63d42949b0>,51,25,[ 3 13],52,-1,99,-1,74
1,<environment.Job instance at 0x7f63d4294460>,52,1,[12  1],53,-1,75,-1,74
1,<environment.Job instance at 0x7f63d2ec1640>,54,28,[14  1],55,-1,105,-1,77
1,<environment.Job instance at 0x7f63d2ec1870>,55,23,[5 5],56,-1,100,-1,77
1,<environment.Job instance at 0x7f63d2ec16e0>,56,28,[ 5 12],57,-1,105,-1,77
1,<environment.Job instance at 0x7f63d35427d0>,58,24,[ 2 11],59,-1,101,-1,77
1,<environment.Job instance at 0x7f63d3542aa0>,60,13,[13  4],61,-1,90,-1,77
1,<environment.Job instance at 0x7f63d3542cd0>,61,15,[ 4 12],62,-1,92,-1,77
1,<environment.Job instance at 0x7f63d2edaf00>,62,23,[1 5],63,-1,100,-1,77
1,<environment.Job instance at 0x7f63d2edaaf0>,63,20,[12  2],64,-1,97,-1,77
1,<environment.Job instance at 0x7f63d3542c80>,65,28,[13  4],66,-1,105,-1,77
1,<environment.Job instance at 0x7f63d2ebd190>,66,16,[13  2],67,-1,93,-1,77
1,<environment.Job instance at 0x7f63d2ebd8c0>,67,16,[ 5 12],68,-1,93,-1,77
1,<environment.Job instance at 0x7f63d2ef62d0>,70,24,[ 5 13],71,-1,117,-1,93
1,<environment.Job instance at 0x7f63d2ef6b90>,71,13,[ 4 14],72,-1,106,-1,93
1,<environment.Job instance at 0x7f63d2ef6320>,74,18,[ 5 13],75,-1,113,-1,95
1,<environment.Job instance at 0x7f63d3b78fa0>,75,26,[1 5],76,-1,122,-1,96
1,<environment.Job instance at 0x7f63d3b78e60>,76,3,[ 4 11],77,-1,99,-1,96
1,<environment.Job instance at 0x7f63d356c6e0>,78,25,[9 4],79,-1,123,-1,98
1,<environment.Job instance at 0x7f63d3b70e10>,81,13,[11  4],82,-1,128,-1,115
1,<environment.Job instance at 0x7f63d3b70e60>,83,24,[13  5],84,-1,140,-1,116
1,<environment.Job instance at 0x7f63d3b727d0>,84,27,[2 8],85,-1,160,-1,133
1,<environment.Job instance at 0x7f63d3b72a50>,85,26,[4 6],86,-1,159,-1,133
1,<environment.Job instance at 0x7f63d3b72640>,86,15,[ 4 14],87,-1,148,-1,133
1,<environment.Job instance at 0x7f63d3b845f0>,87,26,[ 1 13],88,-1,159,-1,133
1,<environment.Job instance at 0x7f63d3b72820>,89,27,[10  2],90,-1,161,-1,134
1,<environment.Job instance at 0x7f63d3b61cd0>,91,27,[8 1],92,-1,178,-1,151
1,<environment.Job instance at 0x7f63d3b61190>,92,27,[7 2],93,-1,178,-1,151
1,<environment.Job instance at 0x7f63d3b613c0>,94,23,[10  3],95,-1,189,-1,166
1,<environment.Job instance at 0x7f63d3b82af0>,99,27,[4 6],100,-1,196,-1,169
1,<environment.Job instance at 0x7f63d3b781e0>,0,28,[9 5],1,-1,29,-1,1
1,<environment.Job instance at 0x7f63d3b619b0>,4,24,[6 4],5,-1,29,-1,5
1,<environment.Job instance at 0x7f63d3b61dc0>,6,25,[8 5],7,-1,32,-1,7
1,<environment.Job instance at 0x7f63d3b61050>,7,18,[5 5],8,-1,26,-1,8
1,<environment.Job instance at 0x7f63d3b618c0>,13,27,[1 7],14,-1,52,-1,25
1,<environment.Job instance at 0x7f63d2eedc30>,21,18,[3 8],22,-1,44,-1,26
1,<environment.Job instance at 0x7f63d2eed280>,20,23,[2 8],21,-1,49,-1,26
1,<environment.Job instance at 0x7f63d2eed4b0>,24,20,[5 6],25,-1,46,-1,26
1,<environment.Job instance at 0x7f63d3b61690>,12,28,[5 8],13,-1,54,-1,26
1,<environment.Job instance at 0x7f63d2eed370>,23,15,[10  3],24,-1,41,-1,26
1,<environment.Job instance at 0x7f63d39da780>,0,28,[9 5],1,-1,29,-1,1
1,<environment.Job instance at 0x7f63d39da1e0>,8,13,[ 2 14],9,-1,22,-1,9
1,<environment.Job instance at 0x7f63d39da500>,9,13,[13  3],10,-1,23,-1,10
1,<environment.Job instance at 0x7f63d32726e0>,10,22,[11  5],11,-1,33,-1,11
1,<environment.Job instance at 0x7f63d323e320>,11,26,[11  5],12,-1,38,-1,12
1,<environment.Job instance at 0x7f63d39da3c0>,4,24,[6 4],5,-1,39,-1,15
1,<environment.Job instance at 0x7f63d323e370>,13,27,[1 7],14,-1,42,-1,15
1,<environment.Job instance at 0x7f63d39da0f0>,6,25,[8 5],7,-1,40,-1,15
1,<environment.Job instance at 0x7f63d3272730>,12,28,[5 8],13,-1,43,-1,15
1,<environment.Job instance at 0x7f63d3244eb0>,15,14,[ 1 13],16,-1,30,-1,16
1,<environment.Job instance at 0x7f63d326caa0>,18,13,[ 1 12],19,-1,32,-1,19
1,<environment.Job instance at 0x7f63d326caf0>,19,23,[8 2],20,-1,44,-1,21
1,<environment.Job instance at 0x7f63d3243780>,22,13,[11  2],23,-1,36,-1,23
1,<environment.Job instance at 0x7f63d3243f50>,20,23,[2 8],21,-1,60,-1,37
1,<environment.Job instance at 0x7f63d3245a00>,26,19,[ 1 11],27,-1,56,-1,37
1,<environment.Job instance at 0x7f63d3b8b780>,27,24,[ 1 13],28,-1,61,-1,37
1,<environment.Job instance at 0x7f63d3267d70>,30,14,[14  5],31,-1,51,-1,37
1,<environment.Job instance at 0x7f63d3267d20>,34,12,[ 3 14],35,-1,61,-1,49
1,<environment.Job instance at 0x7f63d3b8c280>,37,23,[ 5 12],38,-1,90,-1,67
1,<environment.Job instance at 0x7f63d3b6c870>,40,28,[10  5],41,-1,109,-1,81
1,<environment.Job instance at 0x7f63d3b82b90>,42,28,[ 3 14],43,-1,109,-1,81
1,<environment.Job instance at 0x7f63d3b7ca50>,45,2,[14  4],46,-1,84,-1,82
1,<environment.Job instance at 0x7f63d3b68a50>,47,23,[5 7],48,-1,118,-1,95
1,<environment.Job instance at 0x7f63d3b68960>,48,28,[14  5],49,-1,123,-1,95
1,<environment.Job instance at 0x7f63d3b727d0>,49,23,[10  5],50,-1,118,-1,95
1,<environment.Job instance at 0x7f63d3b845a0>,50,23,[3 7],51,-1,118,-1,95
1,<environment.Job instance at 0x7f63d3b72230>,51,24,[2 9],52,-1,119,-1,95
1,<environment.Job instance at 0x7f63d3b72a50>,52,17,[14  1],53,-1,112,-1,95
1,<environment.Job instance at 0x7f63d3b72870>,53,22,[11  3],54,-1,117,-1,95
1,<environment.Job instance at 0x7f63d3b70d20>,55,28,[ 2 14],56,-1,123,-1,95
1,<environment.Job instance at 0x7f63d2ebd8c0>,56,23,[13  5],57,-1,118,-1,95
1,<environment.Job instance at 0x7f63d2ebd190>,57,12,[ 4 13],58,-1,107,-1,95
1,<environment.Job instance at 0x7f63d2ebd870>,58,20,[ 1 13],59,-1,115,-1,95
1,<environment.Job instance at 0x7f63d32e1140>,59,2,[11  2],60,-1,97,-1,95
1,<environment.Job instance at 0x7f63d4291140>,61,22,[ 1 14],62,-1,117,-1,95
1,<environment.Job instance at 0x7f63d35a25a0>,63,19,[ 3 14],64,-1,129,-1,110
1,<environment.Job instance at 0x7f63d385d780>,64,18,[ 4 14],65,-1,128,-1,110
1,<environment.Job instance at 0x7f63d38703c0>,65,1,[12  2],66,-1,111,-1,110
1,<environment.Job instance at 0x7f63d3b61820>,68,26,[6 4],69,-1,137,-1,111
1,<environment.Job instance at 0x7f63d2eedeb0>,71,24,[10  1],72,-1,148,-1,124
1,<environment.Job instance at 0x7f63d3b788c0>,75,28,[8 3],76,-1,164,-1,136
1,<environment.Job instance at 0x7f63d3b78410>,76,14,[ 1 12],77,-1,150,-1,136
1,<environment.Job instance at 0x7f63d3b78e60>,78,17,[11  1],79,-1,153,-1,136
1,<environment.Job instance at 0x7f63d3867a50>,80,16,[ 4 13],81,-1,153,-1,137
1,<environment.Job instance at 0x7f63d3867f50>,81,26,[8 4],82,-1,172,-1,146
1,<environment.Job instance at 0x7f63d3867910>,83,18,[12  4],84,-1,164,-1,146
1,<environment.Job instance at 0x7f63d355b0f0>,84,27,[9 3],85,-1,173,-1,146
1,<environment.Job instance at 0x7f63d355b6e0>,87,26,[5 6],88,-1,179,-1,153
1,<environment.Job instance at 0x7f63d355b320>,88,26,[3 9],89,-1,179,-1,153
1,<environment.Job instance at 0x7f63d355b690>,91,27,[3 6],92,-1,194,-1,167
1,<environment.Job instance at 0x7f63d355b960>,93,18,[11  3],94,-1,187,-1,169
1,<environment.Job instance at 0x7f63d355bc80>,94,15,[14  5],95,-1,184,-1,169
1,<environment.Job instance at 0x7f63d355b050>,95,3,[11  5],96,-1,172,-1,169
1,<environment.Job instance at 0x7f63d355bd20>,96,3,[12  3],97,-1,172,-1,169
1,<environment.Job instance at 0x7f63d355b500>,97,3,[14  3],98,-1,172,-1,169
1,<environment.Job instance at 0x7f63d2f31140>,0,18,[3 9],1,-1,19,-1,1
1,<environment.Job instance at 0x7f63d3c38e60>,2,16,[ 2 10],3,-1,20,-1,4
1,<environment.Job instance at 0x7f63d3bbea00>,3,27,[9 3],4,-1,31,-1,4
1,<environment.Job instance at 0x7f63d3c446e0>,11,15,[ 2 10],12,-1,27,-1,12
1,<environment.Job instance at 0x7f63d3c44820>,14,17,[7 4],15,-1,32,-1,15
1,<environment.Job instance at 0x7f63d3c44be0>,21,21,[3 9],22,-1,43,-1,22
1,<environment.Job instance at 0x7f63d3c44fa0>,22,12,[9 5],23,-1,39,-1,27
1,<environment.Job instance at 0x7f63d3c194b0>,26,27,[4 6],27,-1,54,-1,27
1,<environment.Job instance at 0x7f63d3c195a0>,28,17,[10  2],29,-1,46,-1,29
1,<environment.Job instance at 0x7f63d3c195f0>,27,14,[3 5],28,-1,44,-1,30
1,<environment.Job instance at 0x7f63d3c19730>,29,16,[ 5 10],30,-1,46,-1,30
1,<environment.Job instance at 0x7f63d3c44910>,17,12,[11  3],18,-1,43,-1,31
1,<environment.Job instance at 0x7f63d3c193c0>,30,20,[3 5],31,-1,51,-1,31
1,<environment.Job instance at 0x7f63d3c19be0>,36,13,[8 5],37,-1,50,-1,37
1,<environment.Job instance at 0x7f63d3bd37d0>,1,14,[12  2],2,-1,16,-1,2
1,<environment.Job instance at 0x7f63d312c0f0>,3,27,[9 3],4,-1,31,-1,4
1,<environment.Job instance at 0x7f63d44e05a0>,5,1,[ 1 11],6,-1,7,-1,6
1,<environment.Job instance at 0x7f63d313bbe0>,8,21,[ 4 12],9,-1,30,-1,9
1,<environment.Job instance at 0x7f63d313bdc0>,12,17,[13  2],13,-1,30,-1,13
1,<environment.Job instance at 0x7f63dca0d280>,17,12,[11  3],18,-1,38,-1,26
1,<environment.Job instance at 0x7f63d3572730>,26,27,[4 6],27,-1,87,-1,60
1,<environment.Job instance at 0x7f63d3572500>,33,3,[ 1 14],34,-1,67,-1,64
1,<environment.Job instance at 0x7f63d3572f50>,34,1,[13  3],35,-1,65,-1,64
1,<environment.Job instance at 0x7f63d35725a0>,35,27,[10  1],36,-1,103,-1,76
1,<environment.Job instance at 0x7f63d3849d70>,37,19,[ 2 11],38,-1,95,-1,76
1,<environment.Job instance at 0x7f63d3849eb0>,40,28,[8 2],41,-1,119,-1,91
1,<environment.Job instance at 0x7f63d38492d0>,43,18,[14  3],44,-1,109,-1,91
1,<environment.Job instance at 0x7f63d3849c80>,44,15,[13  2],45,-1,106,-1,91
1,<environment.Job instance at 0x7f63d3849460>,46,2,[ 3 13],47,-1,107,-1,105
1,<environment.Job instance at 0x7f63d3849730>,47,26,[7 2],48,-1,131,-1,105
1,<environment.Job instance at 0x7f63d3849140>,50,21,[ 4 11],51,-1,127,-1,106
1,<environment.Job instance at 0x7f63d355bd70>,51,16,[ 1 12],52,-1,122,-1,106
1,<environment.Job instance at 0x7f63d355bc30>,53,14,[14  4],54,-1,120,-1,106
1,<environment.Job instance at 0x7f63d355ba50>,55,26,[11  1],56,-1,145,-1,119
1,<environment.Job instance at 0x7f63d355b320>,56,24,[12  1],57,-1,143,-1,119
1,<environment.Job instance at 0x7f63d355b640>,54,26,[5 7],55,-1,148,-1,122
1,<environment.Job instance at 0x7f63d355bdc0>,58,18,[ 1 11],59,-1,140,-1,122
1,<environment.Job instance at 0x7f63d355b6e0>,57,28,[6 4],58,-1,164,-1,136
1,<environment.Job instance at 0x7f63d355b0f0>,61,28,[ 1 12],62,-1,164,-1,136
1,<environment.Job instance at 0x7f63d3867f50>,63,23,[1 5],64,-1,162,-1,139
1,<environment.Job instance at 0x7f63d3b78fa0>,69,24,[13  2],70,-1,186,-1,162
1,<environment.Job instance at 0x7f63d2eed550>,70,16,[14  5],71,-1,178,-1,162
1,<environment.Job instance at 0x7f63d38703c0>,71,23,[ 1 13],72,-1,185,-1,162
1,<environment.Job instance at 0x7f63d2eedeb0>,74,1,[ 5 11],75,-1,166,-1,165
1,<environment.Job instance at 0x7f63d42668c0>,2,22,[10  5],3,-1,27,-1,5
1,<environment.Job instance at 0x7f63d4266690>,3,25,[14  2],4,-1,30,-1,5
1,<environment.Job instance at 0x7f63d427a5f0>,5,15,[ 3 10],6,-1,22,-1,7
1,<environment.Job instance at 0x7f63d427ae10>,7,14,[ 2 10],8,-1,22,-1,8
1,<environment.Job instance at 0x7f63d427ab90>,8,16,[5 5],9,-1,25,-1,9
1,<environment.Job instance at 0x7f63d427a3c0>,9,16,[4 8],10,-1,26,-1,10
1,<environment.Job instance at 0x7f63d427a460>,14,23,[6 5],15,-1,38,-1,15
1,<environment.Job instance at 0x7f63d3ec50a0>,22,18,[7 3],23,-1,50,-1,32
1,<environment.Job instance at 0x7f63d3c1c500>,3,25,[14  2],4,-1,29,-1,4
1,<environment.Job instance at 0x7f63d42afc30>,4,3,[14  1],5,-1,8,-1,5
1,<environment.Job instance at 0x7f63d3c44dc0>,10,25,[ 5 14],11,-1,41,-1,16
1,<environment.Job instance at 0x7f63d2dfe9b0>,11,18,[ 5 14],12,-1,34,-1,16
1,<environment.Job instance at 0x7f63d3c44190>,13,12,[ 3 13],14,-1,28,-1,16
1,<environment.Job instance at 0x7f63d3c443c0>,14,23,[6 5],15,-1,44,-1,21
1,<environment.Job instance at 0x7f63d39da3c0>,18,16,[13  4],19,-1,38,-1,22
1,<environment.Job instance at 0x7f63d39da280>,19,2,[ 3 13],20,-1,24,-1,22
1,<environment.Job instance at 0x7f63d39daf00>,20,16,[13  3],21,-1,38,-1,22
1,<environment.Job instance at 0x7f63d3244eb0>,27,13,[ 5 11],28,-1,54,-1,41
1,<environment.Job instance at 0x7f63d326c370>,29,24,[ 1 10],30,-1,81,-1,57
1,<environment.Job instance at 0x7f63d3243780>,31,26,[5 7],32,-1,85,-1,59
1,<environment.Job instance at 0x7f63d3243640>,32,28,[ 4 13],33,-1,87,-1,59
1,<environment.Job instance at 0x7f63d32419b0>,35,28,[ 4 11],36,-1,87,-1,59
1,<environment.Job instance at 0x7f63d32459b0>,37,16,[14  4],38,-1,77,-1,61
1,<environment.Job instance at 0x7f63d3b8b7d0>,38,23,[ 3 10],39,-1,86,-1,63
1,<environment.Job instance at 0x7f63d3b8be60>,40,12,[12  5],41,-1,75,-1,63
1,<environment.Job instance at 0x7f63d3267050>,44,14,[ 1 11],45,-1,83,-1,69
1,<environment.Job instance at 0x7f63d32670a0>,47,12,[ 2 12],48,-1,95,-1,83
1,<environment.Job instance at 0x7f63d3b8c410>,50,18,[12  1],51,-1,103,-1,85
1,<environment.Job instance at 0x7f63d32671e0>,53,23,[7 1],54,-1,124,-1,101
1,<environment.Job instance at 0x7f63d3b7ca50>,57,24,[8 4],58,-1,151,-1,127
1,<environment.Job instance at 0x7f63d3b68fa0>,59,27,[7 2],60,-1,154,-1,127
1,<environment.Job instance at 0x7f63d3b727d0>,64,13,[ 1 12],65,-1,143,-1,130
1,<environment.Job instance at 0x7f63d4298a00>,67,21,[14  3],68,-1,164,-1,143
1,<environment.Job instance at 0x7f63d2e87b90>,70,18,[ 3 11],71,-1,164,-1,146
1,<environment.Job instance at 0x7f63d4291140>,71,27,[1 8],72,-1,185,-1,158
1,<environment.Job instance at 0x7f63d42916e0>,72,3,[ 5 12],73,-1,161,-1,158
1,<environment.Job instance at 0x7f63d38703c0>,73,2,[ 5 14],74,-1,160,-1,158
1,<environment.Job instance at 0x7f63d3b61cd0>,74,12,[11  4],75,-1,170,-1,158
1,<environment.Job instance at 0x7f63d3b61820>,76,17,[ 5 11],77,-1,175,-1,158
1,<environment.Job instance at 0x7f63d2acb8c0>,3,17,[ 5 10],4,-1,22,-1,5
1,<environment.Job instance at 0x7f63d3c6baf0>,11,25,[4 6],12,-1,52,-1,27
1,<environment.Job instance at 0x7f63d3c6b910>,15,23,[10  1],16,-1,50,-1,27
1,<environment.Job instance at 0x7f63d3c6b500>,17,26,[10  2],18,-1,57,-1,31
1,<environment.Job instance at 0x7f63d3c6b140>,20,16,[ 1 10],21,-1,47,-1,31
1,<environment.Job instance at 0x7f63d3c6bf50>,19,15,[5 2],20,-1,46,-1,31
1,<environment.Job instance at 0x7f63d3c935f0>,22,25,[10  1],23,-1,65,-1,40
1,<environment.Job instance at 0x7f63d3c6b820>,16,14,[5 8],17,-1,54,-1,40
1,<environment.Job instance at 0x7f63d2f4d320>,25,24,[4 8],26,-1,64,-1,40
1,<environment.Job instance at 0x7f63d2f4d8c0>,26,17,[5 8],27,-1,59,-1,42
1,<environment.Job instance at 0x7f63d2d7c910>,0,28,[1 8],1,-1,29,-1,1
1,<environment.Job instance at 0x7f63d2ccb370>,1,27,[3 7],2,-1,29,-1,2
1,<environment.Job instance at 0x7f63d2ccbcd0>,2,1,[ 3 14],3,-1,4,-1,3
1,<environment.Job instance at 0x7f63d38c5c30>,5,1,[11  3],6,-1,7,-1,6
1,<environment.Job instance at 0x7f63d2ccb2d0>,6,25,[13  5],7,-1,32,-1,7
1,<environment.Job instance at 0x7f63d2ccb190>,7,25,[6 4],8,-1,33,-1,8
1,<environment.Job instance at 0x7f63d3681690>,8,25,[8 1],9,-1,34,-1,9
1,<environment.Job instance at 0x7f63d2beaa00>,9,14,[14  1],10,-1,24,-1,10
1,<environment.Job instance at 0x7f63d3681a50>,11,25,[4 6],12,-1,46,-1,21
1,<environment.Job instance at 0x7f63d427a820>,15,23,[10  1],16,-1,51,-1,28
1,<environment.Job instance at 0x7f63dca0d280>,17,26,[10  2],18,-1,54,-1,28
1,<environment.Job instance at 0x7f63dca0d7d0>,18,3,[ 3 12],19,-1,31,-1,28
1,<environment.Job instance at 0x7f63d3b40730>,14,27,[10  1],15,-1,55,-1,28
1,<environment.Job instance at 0x7f63dca0d870>,22,25,[10  1],23,-1,68,-1,43
1,<environment.Job instance at 0x7f63d2eed3c0>,25,24,[4 8],26,-1,68,-1,44
1,<environment.Job instance at 0x7f63d2eedf50>,27,2,[12  5],28,-1,46,-1,44
1,<environment.Job instance at 0x7f63d2ebd8c0>,29,14,[ 2 11],30,-1,58,-1,44
1,<environment.Job instance at 0x7f63d3b8b820>,32,13,[12  1],33,-1,73,-1,60
1,<environment.Job instance at 0x7f63d3b8b730>,33,28,[13  1],34,-1,88,-1,60
1,<environment.Job instance at 0x7f63d323efa0>,36,16,[ 4 14],37,-1,77,-1,61
1,<environment.Job instance at 0x7f63d39daf00>,39,25,[9 1],40,-1,105,-1,80
1,<environment.Job instance at 0x7f63d39da3c0>,41,13,[13  1],42,-1,93,-1,80
1,<environment.Job instance at 0x7f63d39da1e0>,42,17,[ 2 12],43,-1,97,-1,80
1,<environment.Job instance at 0x7f63d369d370>,43,14,[11  1],44,-1,94,-1,80
1,<environment.Job instance at 0x7f63d42cc870>,44,26,[14  4],45,-1,106,-1,80
1,<environment.Job instance at 0x7f63d33c41e0>,48,13,[ 2 11],49,-1,106,-1,93
1,<environment.Job instance at 0x7f63d39da460>,49,28,[1 7],50,-1,123,-1,95
1,<environment.Job instance at 0x7f63d39d0b90>,50,15,[ 3 12],51,-1,110,-1,95
1,<environment.Job instance at 0x7f63d3c6b870>,47,25,[10  1],48,-1,134,-1,109
1,<environment.Job instance at 0x7f63d33c4780>,53,3,[ 5 14],54,-1,112,-1,109
1,<environment.Job instance at 0x7f63d33c47d0>,54,28,[14  2],55,-1,137,-1,109
1,<environment.Job instance at 0x7f63dcf79cd0>,55,20,[ 5 11],56,-1,129,-1,109
1,<environment.Job instance at 0x7f63dcf79b90>,59,14,[12  2],60,-1,126,-1,112
1,<environment.Job instance at 0x7f63dca033c0>,64,28,[ 3 11],65,-1,158,-1,130
1,<environment.Job instance at 0x7f63dca03370>,65,1,[ 3 12],66,-1,131,-1,130
1,<environment.Job instance at 0x7f63dca03640>,66,14,[11  2],67,-1,144,-1,130
1,<environment.Job instance at 0x7f63dca030a0>,71,23,[1 8],72,-1,187,-1,164
1,<environment.Job instance at 0x7f63dca034b0>,73,15,[ 2 14],74,-1,179,-1,164
1,<environment.Job instance at 0x7f63dca03fa0>,74,27,[ 4 13],75,-1,191,-1,164
1,<environment.Job instance at 0x7f63dca730a0>,0,18,[4 9],1,-1,19,-1,1
1,<environment.Job instance at 0x7f63d3a82e60>,6,17,[2 8],7,-1,25,-1,8
1,<environment.Job instance at 0x7f63d3a82780>,8,15,[5 6],9,-1,24,-1,9
1,<environment.Job instance at 0x7f63d3a11af0>,16,21,[8 5],17,-1,62,-1,41
1,<environment.Job instance at 0x7f63d3a11f00>,20,25,[ 1 14],21,-1,73,-1,48
1,<environment.Job instance at 0x7f63d43a86e0>,13,21,[4 8],14,-1,73,-1,52
1,<environment.Job instance at 0x7f63d317df50>,27,12,[10  4],28,-1,64,-1,52
1,<environment.Job instance at 0x7f63d3e79050>,23,15,[12  2],24,-1,67,-1,52
1,<environment.Job instance at 0x7f63d3e791e0>,24,18,[5 8],25,-1,71,-1,53
1,<environment.Job instance at 0x7f63dca02af0>,32,19,[5 8],33,-1,72,-1,53
1,<environment.Job instance at 0x7f63d43a8e10>,14,16,[9 1],15,-1,69,-1,53
1,<environment.Job instance at 0x7f63dca02730>,30,18,[7 1],31,-1,71,-1,53
1,<environment.Job instance at 0x7f63d31ec820>,33,16,[7 4],34,-1,69,-1,53
1,<environment.Job instance at 0x7f63d37499b0>,2,13,[ 2 14],3,-1,16,-1,3
1,<environment.Job instance at 0x7f63d3749730>,4,23,[ 4 11],5,-1,28,-1,5
1,<environment.Job instance at 0x7f63d2b927d0>,5,27,[5 3],6,-1,33,-1,6
1,<environment.Job instance at 0x7f63d2b924b0>,9,15,[11  2],10,-1,25,-1,10
1,<environment.Job instance at 0x7f63d2b922d0>,10,17,[11  4],11,-1,28,-1,11
1,<environment.Job instance at 0x7f63d2b92e10>,18,24,[7 5],19,-1,66,-1,42
1,<environment.Job instance at 0x7f63d2b92870>,20,25,[ 1 14],21,-1,67,-1,42
1,<environment.Job instance at 0x7f63d2b92e60>,23,15,[12  2],24,-1,63,-1,48
1,<environment.Job instance at 0x7f63d3dd28c0>,29,25,[9 5],30,-1,97,-1,72
1,<environment.Job instance at 0x7f63d3dd2e60>,31,25,[1 7],32,-1,106,-1,81
1,<environment.Job instance at 0x7f63d3dd25f0>,34,1,[11  2],35,-1,82,-1,81
1,<environment.Job instance at 0x7f63d3dd2500>,35,2,[ 5 11],36,-1,83,-1,81
1,<environment.Job instance at 0x7f63d3dd24b0>,36,14,[13  2],37,-1,95,-1,81
1,<environment.Job instance at 0x7f63d3caff50>,38,13,[13  3],39,-1,97,-1,84
1,<environment.Job instance at 0x7f63d3caf2d0>,39,25,[ 3 11],40,-1,109,-1,84
1,<environment.Job instance at 0x7f63d3caf050>,40,26,[8 4],41,-1,122,-1,96
1,<environment.Job instance at 0x7f63d3caf190>,43,14,[12  3],44,-1,111,-1,97
1,<environment.Job instance at 0x7f63d3cafaa0>,47,3,[12  5],48,-1,115,-1,112
1,<environment.Job instance at 0x7f63d3caf8c0>,48,23,[ 4 10],49,-1,151,-1,128
1,<environment.Job instance at 0x7f63d3caf870>,50,19,[ 4 14],51,-1,147,-1,128
1,<environment.Job instance at 0x7f63d3caf3c0>,51,20,[14  5],52,-1,148,-1,128
1,<environment.Job instance at 0x7f63d39ab320>,55,2,[11  2],56,-1,133,-1,131
1,<environment.Job instance at 0x7f63d39abd70>,56,14,[14  2],57,-1,145,-1,131
1,<environment.Job instance at 0x7f63d39aba50>,54,28,[5 8],55,-1,172,-1,144
1,<environment.Job instance at 0x7f63d39abb90>,58,27,[ 5 13],59,-1,171,-1,144
1,<environment.Job instance at 0x7f63d2c0e5f0>,60,27,[1 5],61,-1,171,-1,144
1,<environment.Job instance at 0x7f63d2c0e7d0>,62,18,[13  5],63,-1,164,-1,146
1,<environment.Job instance at 0x7f63d2c0efa0>,63,12,[ 3 13],64,-1,158,-1,146
1,<environment.Job instance at 0x7f63d2c0e960>,64,13,[ 1 13],65,-1,159,-1,146
1,<environment.Job instance at 0x7f63d2c0eeb0>,65,28,[ 1 11],66,-1,174,-1,146
1,<environment.Job instance at 0x7f63d2c0e230>,67,26,[13  4],68,-1,175,-1,149
1,<environment.Job instance at 0x7f63d2c0e870>,69,14,[13  1],70,-1,163,-1,149
1,<environment.Job instance at 0x7f63d2c0ecd0>,70,12,[14  5],71,-1,161,-1,149
1,<environment.Job instance at 0x7f63d2c0e780>,71,20,[ 2 14],72,-1,169,-1,149
1,<environment.Job instance at 0x7f63d2c0ef50>,73,14,[14  2],74,-1,163,-1,149
1,<environment.Job instance at 0x7f63d2c0e190>,74,27,[8 2],75,-1,177,-1,150
1,<environment.Job instance at 0x7f443ea1ed20>,5,24,[1 5],6,-1,30,-1,6
1,<environment.Job instance at 0x7f443ea1edc0>,6,20,[6 1],7,-1,27,-1,7
1,<environment.Job instance at 0x7f443ea1ee60>,7,25,[6 2],8,-1,33,-1,8
1,<environment.Job instance at 0x7f443ea1ec30>,13,28,[ 4 14],14,-1,45,-1,17
1,<environment.Job instance at 0x7f443ea223c0>,16,16,[3 5],17,-1,33,-1,17
1,<environment.Job instance at 0x7f443ebbe0a0>,0,28,[9 3],1,-1,29,-1,1
1,<environment.Job instance at 0x7f443ea16b90>,1,22,[11  3],2,-1,24,-1,2
1,<environment.Job instance at 0x7f443ea16aa0>,3,3,[ 4 14],4,-1,7,-1,4
1,<environment.Job instance at 0x7f443ea16af0>,8,22,[14  3],9,-1,31,-1,9
1,<environment.Job instance at 0x7f443ea165f0>,9,18,[ 2 13],10,-1,28,-1,10
1,<environment.Job instance at 0x7f443eab8aa0>,10,18,[ 3 11],11,-1,29,-1,11
1,<environment.Job instance at 0x7f443ecd2cd0>,13,28,[ 4 14],14,-1,42,-1,14
1,<environment.Job instance at 0x7f443ea16d70>,5,24,[1 5],6,-1,43,-1,19
1,<environment.Job instance at 0x7f443ea16050>,7,25,[6 2],8,-1,50,-1,25
1,<environment.Job instance at 0x7f443eae2dc0>,17,28,[ 5 10],18,-1,54,-1,26
1,<environment.Job instance at 0x7f443eae2780>,18,3,[ 4 13],19,-1,29,-1,26
1,<environment.Job instance at 0x7f443eb424b0>,19,14,[ 3 11],20,-1,40,-1,26
1,<environment.Job instance at 0x7f443eb42e60>,20,1,[13  5],21,-1,27,-1,26
1,<environment.Job instance at 0x7f443eaa98c0>,23,27,[ 1 14],24,-1,53,-1,26
1,<environment.Job instance at 0x7f443eb55b40>,25,27,[8 1],26,-1,67,-1,40
1,<environment.Job instance at 0x7f443eb49b90>,26,26,[5 5],27,-1,69,-1,43
1,<environment.Job instance at 0x7f443eac3d70>,29,25,[ 4 11],30,-1,68,-1,43
1,<environment.Job instance at 0x7f443ebc6d70>,30,22,[ 5 13],31,-1,65,-1,43
1,<environment.Job instance at 0x7f443eb3a1e0>,28,25,[5 7],29,-1,68,-1,43
1,<environment.Job instance at 0x7f443ebc6230>,33,1,[11  3],34,-1,44,-1,43
1,<environment.Job instance at 0x7f443ebc6b40>,31,27,[4 8],32,-1,72,-1,45
1,<environment.Job instance at 0x7f443eae09b0>,37,13,[ 3 14],38,-1,58,-1,45
1,<environment.Job instance at 0x7f443eae0f50>,38,28,[ 2 12],39,-1,73,-1,45
1,<environment.Job instance at 0x7f443eae00f0>,40,24,[5 6],41,-1,71,-1,47
1,<environment.Job instance at 0x7f443eae0af0>,42,27,[5 2],43,-1,74,-1,47
1,<environment.Job instance at 0x7f443eb74550>,45,24,[ 1 13],46,-1,80,-1,56
1,<environment.Job instance at 0x7f443eae0410>,47,17,[12  2],48,-1,80,-1,63
1,<environment.Job instance at 0x7f443eb2c4b0>,50,16,[ 2 11],51,-1,87,-1,71
1,<environment.Job instance at 0x7f443eb2cc30>,51,16,[12  2],52,-1,87,-1,71
1,<environment.Job instance at 0x7f443eb14d20>,53,27,[8 5],54,-1,103,-1,76
1,<environment.Job instance at 0x7f443ebcbcd0>,55,13,[13  1],56,-1,89,-1,76
1,<environment.Job instance at 0x7f443eadb640>,61,23,[1 5],62,-1,146,-1,123
1,<environment.Job instance at 0x7f443eb2d140>,66,13,[ 2 14],67,-1,152,-1,139
1,<environment.Job instance at 0x7f443eadb6e0>,68,27,[ 1 10],69,-1,186,-1,159
1,<environment.Job instance at 0x7f443eb2a280>,70,13,[ 3 12],71,-1,172,-1,159
1,<environment.Job instance at 0x7f443eb2a190>,72,28,[5 1],73,-1,189,-1,161
1,<environment.Job instance at 0x7f443eba55f0>,76,14,[ 4 11],77,-1,179,-1,165
1,<environment.Job instance at 0x7f443e173870>,0,26,[10  5],1,-1,27,-1,1
1,<environment.Job instance at 0x7f443e173b90>,4,21,[ 4 12],5,-1,26,-1,5
1,<environment.Job instance at 0x7f443e173460>,7,27,[2 9],8,-1,35,-1,8
1,<environment.Job instance at 0x7f443e1692d0>,8,21,[9 4],9,-1,30,-1,9
1,<environment.Job instance at 0x7f443e169eb0>,9,12,[9 3],10,-1,22,-1,10
1,<environment.Job instance at 0x7f443e169050>,10,18,[10  3],11,-1,29,-1,11
1,<environment.Job instance at 0x7f443e2aa3c0>,17,20,[5 3],18,-1,38,-1,18
1,<environment.Job instance at 0x7f443e2c7eb0>,21,14,[2 7],22,-1,36,-1,22
1,<environment.Job instance at 0x7f443e2c7a00>,22,24,[7 5],23,-1,47,-1,23
1,<environment.Job instance at 0x7f443e28c7d0>,29,22,[2 7],30,-1,64,-1,42
1,<environment.Job instance at 0x7f443e252d20>,34,13,[9 4],35,-1,55,-1,42
1,<environment.Job instance at 0x7f443dff4550>,37,19,[10  5],38,-1,61,-1,42
1,<environment.Job instance at 0x7f443ea305f0>,35,16,[11  1],36,-1,61,-1,45
1,<environment.Job instance at 0x7f443dff3eb0>,40,25,[6 2],41,-1,71,-1,46
1,<environment.Job instance at 0x7f443dff3550>,41,18,[12  4],42,-1,65,-1,47
1,<environment.Job instance at 0x7f443e2c7c30>,24,28,[2 7],25,-1,75,-1,47
1,<environment.Job instance at 0x7f443dff46e0>,39,14,[ 1 10],40,-1,61,-1,47
1,<environment.Job instance at 0x7f443e013cd0>,42,14,[6 1],43,-1,61,-1,47
1,<environment.Job instance at 0x7f443dff35a0>,43,26,[11  5],44,-1,73,-1,47
1,<environment.Job instance at 0x7f443e2520a0>,30,20,[ 3 13],31,-1,77,-1,57
1,<environment.Job instance at 0x7f443dff43c0>,38,17,[11  3],39,-1,74,-1,57
1,<environment.Job instance at 0x7f443dfe1d20>,47,15,[13  5],48,-1,72,-1,57
1,<environment.Job instance at 0x7f44480ae370>,36,17,[3 8],37,-1,74,-1,57
1,<environment.Job instance at 0x7f443dfec960>,44,16,[3 8],45,-1,73,-1,57
1,<environment.Job instance at 0x7f44481e1dc0>,52,26,[ 4 10],53,-1,83,-1,57
1,<environment.Job instance at 0x7f443dfec320>,45,14,[10  1],46,-1,71,-1,57
1,<environment.Job instance at 0x7f443dfda410>,51,20,[1 7],52,-1,77,-1,57
1,<environment.Job instance at 0x7f443e1d0690>,0,26,[10  5],1,-1,27,-1,1
1,<environment.Job instance at 0x7f443e24afa0>,3,2,[13  3],4,-1,6,-1,4
1,<environment.Job instance at 0x7f443e1cce60>,4,21,[ 4 12],5,-1,26,-1,5
1,<environment.Job instance at 0x7f443e1ccd70>,7,27,[2 9],8,-1,42,-1,15
1,<environment.Job instance at 0x7f443e27e780>,11,17,[12  2],12,-1,32,-1,15
1,<environment.Job instance at 0x7f443e27e5f0>,12,28,[2 8],13,-1,43,-1,15
1,<environment.Job instance at 0x7f443e1d9910>,22,24,[7 5],23,-1,59,-1,35
1,<environment.Job instance at 0x7f443e1dcdc0>,25,28,[9 2],26,-1,69,-1,41
1,<environment.Job instance at 0x7f443e1d9f50>,24,28,[2 7],25,-1,76,-1,48
1,<environment.Job instance at 0x7f443e248870>,30,20,[ 3 13],31,-1,68,-1,48
1,<environment.Job instance at 0x7f443e1e49b0>,31,1,[ 2 14],32,-1,49,-1,48
1,<environment.Job instance at 0x7f443e2485a0>,32,2,[12  2],33,-1,50,-1,48
1,<environment.Job instance at 0x7f443e1e8780>,35,16,[11  1],36,-1,66,-1,50
1,<environment.Job instance at 0x7f443e1dfbe0>,38,17,[11  3],39,-1,70,-1,53
1,<environment.Job instance at 0x7f443e1ef8c0>,40,25,[6 2],41,-1,91,-1,66
1,<environment.Job instance at 0x7f443e1f3e10>,41,18,[12  4],42,-1,84,-1,66
1,<environment.Job instance at 0x7f443e1f30a0>,43,26,[11  5],44,-1,92,-1,66
1,<environment.Job instance at 0x7f443e1f30f0>,47,15,[13  5],48,-1,95,-1,80
1,<environment.Job instance at 0x7f443e1eb0f0>,50,27,[14  3],51,-1,122,-1,95
1,<environment.Job instance at 0x7f443e1eb140>,53,26,[8 3],54,-1,142,-1,116
1,<environment.Job instance at 0x7f443e1eb230>,54,1,[12  1],55,-1,117,-1,116
1,<environment.Job instance at 0x7f443e269d70>,55,19,[ 2 13],56,-1,135,-1,116
1,<environment.Job instance at 0x7f443e4494b0>,56,22,[11  1],57,-1,138,-1,116
1,<environment.Job instance at 0x7f443e469280>,57,22,[ 1 13],58,-1,138,-1,116
1,<environment.Job instance at 0x7f443e1ebdc0>,52,26,[ 4 10],53,-1,150,-1,124
1,<environment.Job instance at 0x7f443e368f00>,60,23,[7 3],61,-1,155,-1,132
1,<environment.Job instance at 0x7f443e226230>,63,24,[14  3],64,-1,156,-1,132
1,<environment.Job instance at 0x7f443e277410>,65,21,[12  3],66,-1,154,-1,133
1,<environment.Job instance at 0x7f443e38afa0>,67,28,[4 5],68,-1,167,-1,139
1,<environment.Job instance at 0x7f443e22b8c0>,69,22,[14  1],70,-1,161,-1,139
1,<environment.Job instance at 0x7f443e22baf0>,70,3,[11  3],71,-1,142,-1,139
1,<environment.Job instance at 0x7f443e1fe280>,71,27,[ 4 13],72,-1,166,-1,139
1,<environment.Job instance at 0x7f443e296370>,72,26,[8 4],73,-1,168,-1,142
1,<environment.Job instance at 0x7f443e1fe320>,75,16,[14  1],76,-1,171,-1,155
1,<environment.Job instance at 0x7f4448067f00>,0,17,[7 5],1,-1,18,-1,1
1,<environment.Job instance at 0x7f443dfec190>,2,21,[4 8],3,-1,24,-1,3
1,<environment.Job instance at 0x7f443dfecdc0>,4,21,[3 8],5,-1,26,-1,5
1,<environment.Job instance at 0x7f443dfec640>,5,25,[ 5 10],6,-1,31,-1,6
1,<environment.Job instance at 0x7f443dfec910>,7,18,[1 5],8,-1,26,-1,8
1,<environment.Job instance at 0x7f44481d33c0>,24,16,[10  4],25,-1,76,-1,60
1,<environment.Job instance at 0x7f443e026730>,30,26,[9 4],31,-1,91,-1,65
1,<environment.Job instance at 0x7f44481d3af0>,21,17,[12  4],22,-1,83,-1,66
1,<environment.Job instance at 0x7f443e0263c0>,36,26,[ 3 12],37,-1,92,-1,66
1,<environment.Job instance at 0x7f443e026140>,29,18,[9 5],30,-1,84,-1,66
1,<environment.Job instance at 0x7f443e0268c0>,35,20,[3 8],36,-1,86,-1,66
1,<environment.Job instance at 0x7f443e029b40>,40,21,[7 4],41,-1,87,-1,66
1,<environment.Job instance at 0x7f443e029640>,39,17,[4 8],40,-1,87,-1,70
1,<environment.Job instance at 0x7f443e029c80>,44,22,[1 7],45,-1,92,-1,70
1,<environment.Job instance at 0x7f443f319c30>,8,20,[14  4],9,-1,34,-1,14
1,<environment.Job instance at 0x7f443f399780>,5,25,[ 5 10],6,-1,39,-1,14
1,<environment.Job instance at 0x7f443f574960>,10,27,[ 4 10],11,-1,41,-1,14
1,<environment.Job instance at 0x7f443e5480a0>,11,25,[12  4],12,-1,39,-1,14
1,<environment.Job instance at 0x7f4447c04eb0>,13,27,[3 8],14,-1,43,-1,16
1,<environment.Job instance at 0x7f4447c047d0>,14,13,[11  5],15,-1,29,-1,16
1,<environment.Job instance at 0x7f4447bd4780>,15,24,[8 4],16,-1,40,-1,16
1,<environment.Job instance at 0x7f443e466050>,18,3,[13  2],19,-1,32,-1,29
1,<environment.Job instance at 0x7f443e466230>,21,17,[12  4],22,-1,48,-1,31
1,<environment.Job instance at 0x7f443e24c640>,25,3,[12  3],26,-1,39,-1,36
1,<environment.Job instance at 0x7f443e24c7d0>,26,12,[ 5 14],27,-1,48,-1,36
1,<environment.Job instance at 0x7f443e3c7460>,30,26,[9 4],31,-1,96,-1,70
1,<environment.Job instance at 0x7f443e2aabe0>,34,22,[ 1 12],35,-1,92,-1,70
1,<environment.Job instance at 0x7f443e261870>,36,26,[ 3 12],37,-1,96,-1,70
1,<environment.Job instance at 0x7f443e28c1e0>,37,1,[ 2 14],38,-1,71,-1,70
1,<environment.Job instance at 0x7f443e25c050>,41,2,[ 2 14],42,-1,91,-1,89
1,<environment.Job instance at 0x7f443e25ccd0>,42,17,[ 5 14],43,-1,106,-1,89
1,<environment.Job instance at 0x7f443e426320>,43,3,[ 2 11],44,-1,92,-1,89
1,<environment.Job instance at 0x7f443e426e10>,45,2,[12  2],46,-1,91,-1,89
1,<environment.Job instance at 0x7f443e4265a0>,47,17,[14  5],48,-1,106,-1,89
1,<environment.Job instance at 0x7f443e469280>,48,2,[13  3],49,-1,91,-1,89
1,<environment.Job instance at 0x7f443e469370>,49,22,[12  3],50,-1,111,-1,89
1,<environment.Job instance at 0x7f443e44b9b0>,55,28,[10  3],56,-1,145,-1,117
1,<environment.Job instance at 0x7f443e302be0>,60,25,[14  4],61,-1,156,-1,131
1,<environment.Job instance at 0x7f443e16daf0>,66,24,[14  2],67,-1,169,-1,145
1,<environment.Job instance at 0x7f443e16d460>,67,3,[ 5 11],68,-1,148,-1,145
1,<environment.Job instance at 0x7f443e342280>,68,2,[ 2 12],69,-1,147,-1,145
1,<environment.Job instance at 0x7f443e373c30>,69,23,[ 4 11],70,-1,168,-1,145
1,<environment.Job instance at 0x7f443e16d5f0>,71,23,[ 3 13],72,-1,171,-1,148
1,<environment.Job instance at 0x7f443e3a0f50>,74,24,[ 3 10],75,-1,190,-1,166
1,<environment.Job instance at 0x7f443e2ec6e0>,79,14,[ 1 14],80,-1,187,-1,173
1,<environment.Job instance at 0x7f443ef365a0>,0,22,[5 9],1,-1,23,-1,1
1,<environment.Job instance at 0x7f443ef36820>,4,19,[6 3],5,-1,25,-1,6
1,<environment.Job instance at 0x7f443e39e3c0>,5,21,[7 1],6,-1,27,-1,6
1,<environment.Job instance at 0x7f443ef36960>,7,17,[2 5],8,-1,25,-1,8
1,<environment.Job instance at 0x7f443ed75230>,9,13,[3 9],10,-1,23,-1,10
1,<environment.Job instance at 0x7f443ed75eb0>,12,26,[ 4 10],13,-1,39,-1,13
1,<environment.Job instance at 0x7f443e6a1d70>,35,25,[8 1],36,-1,180,-1,155
1,<environment.Job instance at 0x7f443ed759b0>,21,20,[2 9],22,-1,175,-1,155
1,<environment.Job instance at 0x7f443e6a1140>,37,21,[ 5 14],38,-1,176,-1,155
1,<environment.Job instance at 0x7f443e743aa0>,2,1,[ 4 14],3,-1,4,-1,3
1,<environment.Job instance at 0x7f443e46dd70>,3,25,[12  3],4,-1,29,-1,4
1,<environment.Job instance at 0x7f443e907eb0>,8,2,[ 5 14],9,-1,11,-1,9
1,<environment.Job instance at 0x7f443e907460>,10,1,[ 5 14],11,-1,24,-1,23
1,<environment.Job instance at 0x7f443e676be0>,13,2,[ 4 11],14,-1,26,-1,24
1,<environment.Job instance at 0x7f443e6ba230>,14,14,[ 5 12],15,-1,38,-1,24
1,<environment.Job instance at 0x7f443e6ba370>,15,24,[ 5 11],16,-1,48,-1,24
1,<environment.Job instance at 0x7f443e6baa00>,16,25,[7 3],17,-1,50,-1,25
1,<environment.Job instance at 0x7f443e657b90>,17,18,[11  5],18,-1,43,-1,25
1,<environment.Job instance at 0x7f443e676e10>,12,26,[ 4 10],13,-1,62,-1,36
1,<environment.Job instance at 0x7f443e657910>,19,27,[1 5],20,-1,63,-1,36
1,<environment.Job instance at 0x7f443e6b97d0>,22,17,[ 2 13],23,-1,53,-1,36
1,<environment.Job instance at 0x7f443e4cc230>,23,27,[12  4],24,-1,63,-1,36
1,<environment.Job instance at 0x7f443e684a00>,27,12,[ 5 12],28,-1,60,-1,48
1,<environment.Job instance at 0x7f443e3af640>,28,14,[14  1],29,-1,62,-1,48
1,<environment.Job instance at 0x7f443e3a0f00>,30,14,[12  4],31,-1,65,-1,51
1,<environment.Job instance at 0x7f443e3a0410>,31,18,[11  5],32,-1,69,-1,51
1,<environment.Job instance at 0x7f443e3a0f50>,33,12,[14  4],34,-1,73,-1,61
1,<environment.Job instance at 0x7f443e16de60>,35,25,[8 1],36,-1,88,-1,63
1,<environment.Job instance at 0x7f443e16d3c0>,37,21,[ 5 14],38,-1,84,-1,63
1,<environment.Job instance at 0x7f443e44b2d0>,42,27,[9 3],43,-1,122,-1,95
1,<environment.Job instance at 0x7f443e469460>,45,28,[ 1 13],46,-1,123,-1,95
1,<environment.Job instance at 0x7f443e16d730>,40,28,[2 8],41,-1,126,-1,98
1,<environment.Job instance at 0x7f443e3c71e0>,48,2,[ 4 11],49,-1,100,-1,98
1,<environment.Job instance at 0x7f4447b93c80>,49,26,[9 4],50,-1,135,-1,109
1,<environment.Job instance at 0x7f443e469280>,52,22,[ 5 14],53,-1,131,-1,109
1,<environment.Job instance at 0x7f443e825be0>,53,20,[14  1],54,-1,129,-1,109
1,<environment.Job instance at 0x7f443e469370>,50,28,[2 7],51,-1,143,-1,115
1,<environment.Job instance at 0x7f443f588c30>,65,22,[11  4],66,-1,159,-1,137
1,<environment.Job instance at 0x7f443e8235a0>,66,21,[11  3],67,-1,158,-1,137
1,<environment.Job instance at 0x7f443f574960>,64,26,[1 5],65,-1,169,-1,143
1,<environment.Job instance at 0x7f4447f560f0>,68,19,[14  3],69,-1,162,-1,143
1,<environment.Job instance at 0x7f443f3160f0>,67,23,[ 4 10],68,-1,176,-1,153
1,<environment.Job instance at 0x7f443e548500>,70,15,[11  4],71,-1,168,-1,153
1,<environment.Job instance at 0x7f443f576b40>,71,17,[11  1],72,-1,170,-1,153
1,<environment.Job instance at 0x7f443edf0820>,72,2,[ 1 14],73,-1,155,-1,153
1,<environment.Job instance at 0x7f443e548320>,73,12,[13  2],74,-1,165,-1,153
1,<environment.Job instance at 0x7f443e6a1e10>,75,15,[ 2 11],76,-1,168,-1,153
1,<environment.Job instance at 0x7f443e6a1780>,76,23,[7 4],77,-1,177,-1,154
1,<environment.Job instance at 0x7f443ef9bc30>,0,18,[9 5],1,-1,19,-1,1
1,<environment.Job instance at 0x7f443ee6c550>,8,16,[ 5 10],9,-1,27,-1,11
1,<environment.Job instance at 0x7f443ee6b0f0>,6,23,[11  3],7,-1,40,-1,17
1,<environment.Job instance at 0x7f443ee7bd20>,16,22,[5 5],17,-1,39,-1,17
1,<environment.Job instance at 0x7f443ee7baf0>,15,27,[6 1],16,-1,48,-1,21
1,<environment.Job instance at 0x7f443ee72910>,21,27,[5 1],22,-1,49,-1,22
1,<environment.Job instance at 0x7f443ee72d20>,22,16,[ 2 10],23,-1,39,-1,23
1,<environment.Job instance at 0x7f443ee721e0>,23,17,[4 5],24,-1,41,-1,24
1,<environment.Job instance at 0x7f443ee6cf00>,11,13,[12  5],12,-1,185,-1,172
1,<environment.Job instance at 0x7f443f577550>,37,27,[5 7],38,-1,201,-1,174
1,<environment.Job instance at 0x7f44480915f0>,1,28,[ 5 12],2,-1,30,-1,2
1,<environment.Job instance at 0x7f44480910a0>,2,28,[2 6],3,-1,31,-1,3
1,<environment.Job instance at 0x7f443f213f50>,4,28,[ 1 11],5,-1,33,-1,5
1,<environment.Job instance at 0x7f443eba59b0>,6,23,[11  3],7,-1,30,-1,7
1,<environment.Job instance at 0x7f443f120b90>,7,14,[13  5],8,-1,22,-1,8
1,<environment.Job instance at 0x7f443f1203c0>,11,13,[12  5],12,-1,25,-1,12
1,<environment.Job instance at 0x7f443f120410>,13,16,[11  4],14,-1,35,-1,19
1,<environment.Job instance at 0x7f443f120190>,14,3,[ 5 14],15,-1,22,-1,19
1,<environment.Job instance at 0x7f443eaf10f0>,15,27,[6 1],16,-1,47,-1,20
1,<environment.Job instance at 0x7f443f1218c0>,18,3,[13  4],19,-1,23,-1,20
1,<environment.Job instance at 0x7f443eb2e870>,21,27,[5 1],22,-1,50,-1,23
1,<environment.Job instance at 0x7f443eb8a6e0>,26,12,[14  1],27,-1,65,-1,53
1,<environment.Job instance at 0x7f443eb19aa0>,27,18,[ 3 13],28,-1,71,-1,53
1,<environment.Job instance at 0x7f443e87bb40>,30,22,[ 1 12],31,-1,77,-1,55
1,<environment.Job instance at 0x7f443eaa4a00>,32,3,[ 4 11],33,-1,61,-1,58
1,<environment.Job instance at 0x7f443eb21cd0>,33,25,[5 6],34,-1,95,-1,70
1,<environment.Job instance at 0x7f443eb219b0>,34,26,[ 3 12],35,-1,96,-1,70
1,<environment.Job instance at 0x7f443eb215f0>,35,2,[ 4 13],36,-1,72,-1,70
1,<environment.Job instance at 0x7f443eb21d70>,38,20,[ 4 14],39,-1,93,-1,73
1,<environment.Job instance at 0x7f443eb217d0>,37,27,[5 7],38,-1,113,-1,86
1,<environment.Job instance at 0x7f443eb21a50>,41,23,[11  4],42,-1,109,-1,86
1,<environment.Job instance at 0x7f443eb2d500>,43,23,[2 7],44,-1,116,-1,93
1,<environment.Job instance at 0x7f443eb2d5a0>,44,15,[12  4],45,-1,108,-1,93
1,<environment.Job instance at 0x7f443eb2dc80>,45,2,[ 1 12],46,-1,95,-1,93
1,<environment.Job instance at 0x7f443ea9f3c0>,48,28,[6 4],49,-1,134,-1,106
1,<environment.Job instance at 0x7f443ea9f730>,49,14,[14  3],50,-1,120,-1,106
1,<environment.Job instance at 0x7f443ea9f4b0>,51,25,[ 2 14],52,-1,131,-1,106
1,<environment.Job instance at 0x7f443ea9f1e0>,55,3,[ 3 14],56,-1,131,-1,128
1,<environment.Job instance at 0x7f443ec72be0>,56,27,[10  1],57,-1,164,-1,137
1,<environment.Job instance at 0x7f443eb665a0>,60,28,[13  5],61,-1,177,-1,149
1,<environment.Job instance at 0x7f443ea86dc0>,64,2,[ 2 14],65,-1,169,-1,167
1,<environment.Job instance at 0x7f443eab8870>,65,14,[11  2],66,-1,181,-1,167
1,<environment.Job instance at 0x7f443e533d20>,68,3,[14  5],69,-1,180,-1,177
1,<environment.Job instance at 0x7f443ef363c0>,69,1,[ 3 12],70,-1,178,-1,177
1,<environment.Job instance at 0x7f443e4caa50>,8,20,[5 6],9,-1,29,-1,9
1,<environment.Job instance at 0x7f443e4ca550>,9,15,[10  1],10,-1,27,-1,12
1,<environment.Job instance at 0x7f443e4ca320>,11,16,[6 5],12,-1,28,-1,12
1,<environment.Job instance at 0x7f443e4ca960>,3,14,[13  3],4,-1,29,-1,15
1,<environment.Job instance at 0x7f443e4ca5a0>,13,12,[ 3 10],14,-1,27,-1,15
1,<environment.Job instance at 0x7f443e4caeb0>,15,20,[3 7],16,-1,36,-1,16
1,<environment.Job instance at 0x7f443e4cae10>,16,12,[10  1],17,-1,29,-1,17
1,<environment.Job instance at 0x7f443e4caaa0>,17,21,[1 7],18,-1,39,-1,18
1,<environment.Job instance at 0x7f443f21af50>,18,16,[9 2],19,-1,35,-1,19
1,<environment.Job instance at 0x7f443f21a320>,23,12,[5 9],24,-1,36,-1,24
1,<environment.Job instance at 0x7f443f21a3c0>,29,27,[11  4],30,-1,112,-1,85
1,<environment.Job instance at 0x7f443e4c80a0>,36,23,[8 2],37,-1,108,-1,85
1,<environment.Job instance at 0x7f443e4c8d20>,40,26,[2 7],41,-1,111,-1,85
1,<environment.Job instance at 0x7f443e4c8f00>,41,18,[ 2 10],42,-1,103,-1,85
1,<environment.Job instance at 0x7f443e4c8050>,42,17,[8 3],43,-1,102,-1,85
1,<environment.Job instance at 0x7f443e4c8b40>,43,24,[13  5],44,-1,109,-1,85
1,<environment.Job instance at 0x7f443e4c8230>,46,22,[7 2],47,-1,107,-1,85
1,<environment.Job instance at 0x7f443e4c8140>,47,18,[5 9],48,-1,105,-1,87
1,<environment.Job instance at 0x7f443e4c8f50>,48,27,[6 5],49,-1,114,-1,87
1,<environment.Job instance at 0x7f443e4c84b0>,49,14,[7 4],50,-1,101,-1,87
1,<environment.Job instance at 0x7f443e4c8be0>,50,13,[11  1],51,-1,100,-1,87
1,<environment.Job instance at 0x7f443e4c8690>,52,16,[5 4],53,-1,103,-1,87
1,<environment.Job instance at 0x7f443e4c89b0>,53,17,[ 2 10],54,-1,105,-1,88
1,<environment.Job instance at 0x7f443e4c86e0>,44,12,[4 8],45,-1,100,-1,88
1,<environment.Job instance at 0x7f443f221eb0>,56,19,[7 1],57,-1,107,-1,88
1,<environment.Job instance at 0x7f443f2213c0>,58,18,[9 2],59,-1,106,-1,88
1,<environment.Job instance at 0x7f443f221640>,59,19,[2 7],60,-1,109,-1,90
1,<environment.Job instance at 0x7f443f221fa0>,60,24,[4 5],61,-1,114,-1,90
1,<environment.Job instance at 0x7f443f221820>,62,12,[13  3],63,-1,105,-1,93
1,<environment.Job instance at 0x7f443f221e10>,63,25,[ 5 10],64,-1,119,-1,94
1,<environment.Job instance at 0x7f443f221cd0>,66,15,[ 3 14],67,-1,109,-1,94
1,<environment.Job instance at 0x7f443f221500>,65,14,[11  2],66,-1,108,-1,94
1,<environment.Job instance at 0x7f443f221730>,68,27,[7 4],69,-1,121,-1,94
1,<environment.Job instance at 0x7f443f221870>,69,12,[6 3],70,-1,106,-1,94
1,<environment.Job instance at 0x7f443f2216e0>,70,16,[10  2],71,-1,110,-1,94
1,<environment.Job instance at 0x7f443f221050>,71,15,[4 8],72,-1,109,-1,94
1,<environment.Job instance at 0x7f443f2210f0>,72,12,[1 8],73,-1,106,-1,94
1,<environment.Job instance at 0x7f443e4c8370>,37,26,[ 2 11],38,-1,121,-1,95
1,<environment.Job instance at 0x7f443f21aa50>,34,25,[6 2],35,-1,120,-1,95
1,<environment.Job instance at 0x7f443f21a690>,20,17,[ 2 14],21,-1,152,-1,135
1,<environment.Job instance at 0x7f443f21a8c0>,26,17,[ 1 12],27,-1,152,-1,135
1,<environment.Job instance at 0x7f443f22b8c0>,81,23,[ 4 13],82,-1,158,-1,135
1,<environment.Job instance at 0x7f443f22baf0>,82,19,[11  1],83,-1,154,-1,135
1,<environment.Job instance at 0x7f443f22b410>,79,14,[11  5],80,-1,149,-1,135
1,<environment.Job instance at 0x7f443f22b370>,80,15,[7 3],81,-1,150,-1,135
1,<environment.Job instance at 0x7f443e4c8dc0>,45,12,[14  3],46,-1,147,-1,135
1,<environment.Job instance at 0x7f443f22bf00>,86,13,[ 3 13],87,-1,148,-1,135
1,<environment.Job instance at 0x7f443f22b5f0>,87,15,[8 5],88,-1,150,-1,135
1,<environment.Job instance at 0x7f443f221460>,76,14,[ 4 12],77,-1,149,-1,135
1,<environment.Job instance at 0x7f443f22b780>,89,16,[14  5],90,-1,152,-1,136
1,<environment.Job instance at 0x7f443f22bd70>,88,22,[6 4],89,-1,158,-1,136
1,<environment.Job instance at 0x7f443e408960>,97,17,[7 4],98,-1,167,-1,150
1,<environment.Job instance at 0x7f443e4080f0>,100,14,[11  3],101,-1,164,-1,150
1,<environment.Job instance at 0x7f443e408820>,104,16,[4 9],105,-1,167,-1,151
1,<environment.Job instance at 0x7f443e408b40>,107,14,[3 8],108,-1,180,-1,166
1,<environment.Job instance at 0x7f443e408be0>,95,22,[2 6],96,-1,188,-1,166
1,<environment.Job instance at 0x7f443e408870>,105,22,[6 1],106,-1,188,-1,166
1,<environment.Job instance at 0x7f443e81bcd0>,112,23,[ 3 10],113,-1,192,-1,169
1,<environment.Job instance at 0x7f443e81bf50>,113,17,[10  3],114,-1,186,-1,169
1,<environment.Job instance at 0x7f443e81b0a0>,115,16,[8 4],116,-1,194,-1,178
1,<environment.Job instance at 0x7f443e408f00>,108,12,[5 9],109,-1,190,-1,178
1,<environment.Job instance at 0x7f443e81b410>,118,24,[ 1 14],119,-1,202,-1,178
1,<environment.Job instance at 0x7f443f21acd0>,0,17,[ 1 13],1,-1,18,-1,1
1,<environment.Job instance at 0x7f443f21a9b0>,1,25,[4 9],2,-1,27,-1,2
1,<environment.Job instance at 0x7f443f21a7d0>,3,14,[13  3],4,-1,18,-1,4
1,<environment.Job instance at 0x7f443e116fa0>,14,12,[11  4],15,-1,33,-1,21
1,<environment.Job instance at 0x7f443ee72870>,20,17,[ 2 14],21,-1,52,-1,35
1,<environment.Job instance at 0x7f443e4caaf0>,22,1,[13  4],23,-1,38,-1,37
1,<environment.Job instance at 0x7f443ee6cd20>,25,17,[14  2],26,-1,64,-1,47
1,<environment.Job instance at 0x7f443e469460>,26,17,[ 1 12],27,-1,64,-1,47
1,<environment.Job instance at 0x7f443e469b90>,29,27,[11  4],30,-1,86,-1,59
1,<environment.Job instance at 0x7f4447c047d0>,30,15,[ 2 13],31,-1,74,-1,59
1,<environment.Job instance at 0x7f443e6a1fa0>,33,16,[11  3],34,-1,78,-1,62
1,<environment.Job instance at 0x7f443f60a870>,34,25,[6 2],35,-1,88,-1,63
1,<environment.Job instance at 0x7f443f0b9d20>,35,17,[13  1],36,-1,80,-1,63
1,<environment.Job instance at 0x7f443eab8870>,36,23,[8 2],37,-1,86,-1,63
1,<environment.Job instance at 0x7f443eab8a00>,37,26,[ 2 11],38,-1,89,-1,63
1,<environment.Job instance at 0x7f443ec72be0>,39,1,[11  4],40,-1,64,-1,63
1,<environment.Job instance at 0x7f443e87bf00>,40,26,[2 7],41,-1,90,-1,64
1,<environment.Job instance at 0x7f443e7fc280>,43,24,[13  5],44,-1,88,-1,64
1,<environment.Job instance at 0x7f443e7fc190>,45,12,[14  3],46,-1,91,-1,79
1,<environment.Job instance at 0x7f443ea1e780>,48,27,[6 5],49,-1,122,-1,95
1,<environment.Job instance at 0x7f443f449370>,50,13,[11  1],51,-1,108,-1,95
1,<environment.Job instance at 0x7f443f4490a0>,51,3,[ 2 11],52,-1,98,-1,95
1,<environment.Job instance at 0x7f443e6491e0>,60,24,[4 5],61,-1,157,-1,133
1,<environment.Job instance at 0x7f443e649be0>,62,12,[13  3],63,-1,145,-1,133
1,<environment.Job instance at 0x7f443e7f81e0>,63,25,[ 5 10],64,-1,167,-1,142
1,<environment.Job instance at 0x7f443e649690>,65,14,[11  2],66,-1,156,-1,142
1,<environment.Job instance at 0x7f443e7f87d0>,66,15,[ 3 14],67,-1,157,-1,142
1,<environment.Job instance at 0x7f443f0f8140>,68,27,[7 4],69,-1,174,-1,147
1,<environment.Job instance at 0x7f443e255370>,73,2,[ 1 12],74,-1,177,-1,175
1,<environment.Job instance at 0x7f443e814780>,1,22,[10  5],2,-1,26,-1,4
1,<environment.Job instance at 0x7f443e487d20>,3,16,[12  5],4,-1,20,-1,4
1,<environment.Job instance at 0x7f443e5dbe60>,4,12,[ 1 10],5,-1,18,-1,6
1,<environment.Job instance at 0x7f443e6dcd20>,5,18,[11  4],6,-1,24,-1,6
1,<environment.Job instance at 0x7f443e45ac80>,11,23,[2 9],12,-1,35,-1,12
1,<environment.Job instance at 0x7f443e45a960>,12,26,[7 4],13,-1,39,-1,13
1,<environment.Job instance at 0x7f443e45a780>,13,24,[7 4],14,-1,38,-1,14
1,<environment.Job instance at 0x7f443e47e2d0>,17,18,[1 9],18,-1,36,-1,18
1,<environment.Job instance at 0x7f443e46f910>,22,17,[3 7],23,-1,40,-1,23
1,<environment.Job instance at 0x7f443e46f500>,24,14,[7 5],25,-1,40,-1,26
1,<environment.Job instance at 0x7f443e6ce1e0>,26,20,[ 2 10],27,-1,47,-1,27
1,<environment.Job instance at 0x7f443e6ce230>,27,18,[2 9],28,-1,46,-1,28
1,<environment.Job instance at 0x7f443e6ce690>,28,18,[5 5],29,-1,47,-1,29
1,<environment.Job instance at 0x7f443e385a50>,29,14,[ 1 10],30,-1,44,-1,30
1,<environment.Job instance at 0x7f443ee40fa0>,30,19,[3 9],31,-1,50,-1,31
1,<environment.Job instance at 0x7f443e34df50>,31,18,[5 2],32,-1,50,-1,32
1,<environment.Job instance at 0x7f443e33eb90>,32,16,[7 5],33,-1,49,-1,33
1,<environment.Job instance at 0x7f443f3f2690>,35,25,[9 4],36,-1,61,-1,36
1,<environment.Job instance at 0x7f443e33c230>,38,23,[4 8],39,-1,62,-1,39
1,<environment.Job instance at 0x7f443f233af0>,39,13,[9 1],40,-1,53,-1,40
1,<environment.Job instance at 0x7f443e45ceb0>,0,20,[14  2],1,-1,21,-1,1
1,<environment.Job instance at 0x7f443e45c320>,2,1,[ 5 14],3,-1,4,-1,3
1,<environment.Job instance at 0x7f443e45c140>,3,16,[12  5],4,-1,20,-1,4
1,<environment.Job instance at 0x7f443e45c460>,5,18,[11  4],6,-1,24,-1,6
1,<environment.Job instance at 0x7f443e45cc80>,7,3,[ 4 11],8,-1,11,-1,8
1,<environment.Job instance at 0x7f443e45ce60>,11,23,[2 9],12,-1,40,-1,17
1,<environment.Job instance at 0x7f443e3eb2d0>,13,24,[7 4],14,-1,48,-1,24
1,<environment.Job instance at 0x7f443e3eba00>,14,3,[13  3],15,-1,27,-1,24
1,<environment.Job instance at 0x7f443e3eb820>,12,26,[7 4],13,-1,50,-1,24
1,<environment.Job instance at 0x7f443e3eb960>,16,14,[13  2],17,-1,38,-1,24
1,<environment.Job instance at 0x7f443f578280>,18,2,[ 4 14],19,-1,26,-1,24
1,<environment.Job instance at 0x7f443e3ee9b0>,21,14,[ 4 14],22,-1,39,-1,25
1,<environment.Job instance at 0x7f443e813d70>,25,28,[9 1],26,-1,80,-1,52
1,<environment.Job instance at 0x7f443f1b6c30>,37,2,[12  3],38,-1,88,-1,86
1,<environment.Job instance at 0x7f443e255a50>,38,23,[4 8],39,-1,112,-1,89
1,<environment.Job instance at 0x7f443e255d20>,40,27,[ 5 14],41,-1,116,-1,89
1,<environment.Job instance at 0x7f443e255500>,41,17,[14  2],42,-1,106,-1,89
1,<environment.Job instance at 0x7f443f0f85f0>,42,15,[12  2],43,-1,104,-1,89
1,<environment.Job instance at 0x7f443dfc4460>,35,25,[9 4],36,-1,115,-1,90
1,<environment.Job instance at 0x7f443f0f80f0>,45,26,[13  3],46,-1,116,-1,90
1,<environment.Job instance at 0x7f443e7f8cd0>,46,23,[9 5],47,-1,113,-1,90
1,<environment.Job instance at 0x7f443ecd5140>,47,27,[7 3],48,-1,117,-1,90
1,<environment.Job instance at 0x7f443e7f87d0>,50,18,[11  2],51,-1,110,-1,92
1,<environment.Job instance at 0x7f443e87bb40>,51,25,[9 5],52,-1,117,-1,92
1,<environment.Job instance at 0x7f443eab8870>,54,2,[ 5 12],55,-1,94,-1,92
1,<environment.Job instance at 0x7f443e7f85f0>,55,23,[6 1],56,-1,128,-1,105
1,<environment.Job instance at 0x7f443ee7ba50>,57,2,[ 4 14],58,-1,107,-1,105
1,<environment.Job instance at 0x7f4447c04eb0>,59,14,[ 1 11],60,-1,120,-1,106
1,<environment.Job instance at 0x7f4447c047d0>,58,23,[10  3],59,-1,143,-1,120
1,<environment.Job instance at 0x7f443e879190>,62,23,[ 2 12],63,-1,143,-1,120
1,<environment.Job instance at 0x7f443e788280>,63,27,[8 3],64,-1,147,-1,120
1,<environment.Job instance at 0x7f443e3ac7d0>,68,25,[9 4],69,-1,162,-1,137
1,<environment.Job instance at 0x7f443e895a00>,72,28,[ 5 13],73,-1,168,-1,140
1,<environment.Job instance at 0x7f443ef65f00>,73,15,[12  1],74,-1,155,-1,140
1,<environment.Job instance at 0x7f443e823b40>,74,3,[ 5 14],75,-1,143,-1,140
1,<environment.Job instance at 0x7f443ea82500>,76,26,[4 9],77,-1,184,-1,158
1,<environment.Job instance at 0x7f443e723190>,82,16,[13  4],83,-1,194,-1,178
1,<environment.Job instance at 0x7f443e7f7730>,84,16,[ 5 12],85,-1,194,-1,178
1,<environment.Job instance at 0x7f443e72d0a0>,1,18,[3 9],2,-1,20,-1,2
1,<environment.Job instance at 0x7f443e72d370>,10,12,[1 7],11,-1,24,-1,12
1,<environment.Job instance at 0x7f443e72d910>,12,18,[10  5],13,-1,31,-1,13
1,<environment.Job instance at 0x7f443e72d3c0>,14,17,[5 5],15,-1,32,-1,15
1,<environment.Job instance at 0x7f443f4e9eb0>,15,16,[3 6],16,-1,32,-1,16
1,<environment.Job instance at 0x7f443f4e9730>,17,19,[6 2],18,-1,37,-1,18
1,<environment.Job instance at 0x7f443f4e90a0>,19,19,[8 1],20,-1,45,-1,26
1,<environment.Job instance at 0x7f443f4e9aa0>,27,15,[6 2],28,-1,43,-1,28
1,<environment.Job instance at 0x7f443f4e9f50>,29,16,[11  3],30,-1,75,-1,59
1,<environment.Job instance at 0x7f443f54fcd0>,2,14,[ 3 13],3,-1,17,-1,3
1,<environment.Job instance at 0x7f443f54f500>,3,23,[6 1],4,-1,27,-1,4
1,<environment.Job instance at 0x7f443e96dd70>,6,16,[13  3],7,-1,23,-1,7
1,<environment.Job instance at 0x7f443f21ae10>,11,26,[ 2 10],12,-1,46,-1,20
1,<environment.Job instance at 0x7f443e60fc30>,16,26,[ 5 13],17,-1,58,-1,32
1,<environment.Job instance at 0x7f4447f681e0>,18,15,[11  1],19,-1,51,-1,36
1,<environment.Job instance at 0x7f443e879190>,29,16,[11  3],30,-1,81,-1,65
1,<environment.Job instance at 0x7f443e2f5a50>,30,16,[11  5],31,-1,81,-1,65
1,<environment.Job instance at 0x7f443eab80f0>,32,1,[ 3 12],33,-1,69,-1,68
1,<environment.Job instance at 0x7f443e7f77d0>,24,23,[ 5 10],25,-1,104,-1,81
1,<environment.Job instance at 0x7f443e7f8960>,34,14,[ 5 12],35,-1,95,-1,81
1,<environment.Job instance at 0x7f443e8675a0>,35,20,[ 3 14],36,-1,101,-1,81
1,<environment.Job instance at 0x7f443e7f87d0>,36,24,[13  2],37,-1,105,-1,81
1,<environment.Job instance at 0x7f443f0f8be0>,39,14,[11  5],40,-1,95,-1,81
1,<environment.Job instance at 0x7f443f60a870>,28,24,[10  4],29,-1,107,-1,83
1,<environment.Job instance at 0x7f443f0f86e0>,40,28,[6 1],41,-1,112,-1,84
1,<environment.Job instance at 0x7f443e3eeaa0>,43,23,[11  1],44,-1,107,-1,84
1,<environment.Job instance at 0x7f443eab8a00>,33,25,[10  3],34,-1,110,-1,85
1,<environment.Job instance at 0x7f443e3eb2d0>,45,18,[ 1 13],46,-1,103,-1,85
1,<environment.Job instance at 0x7f443e3eba00>,47,13,[11  3],48,-1,98,-1,85
1,<environment.Job instance at 0x7f443e3eb820>,48,28,[7 5],49,-1,113,-1,85
1,<environment.Job instance at 0x7f443e45c910>,50,2,[14  5],51,-1,87,-1,85
1,<environment.Job instance at 0x7f443e45c230>,51,26,[13  1],52,-1,111,-1,85
1,<environment.Job instance at 0x7f443e880780>,58,26,[ 5 12],59,-1,147,-1,121
1,<environment.Job instance at 0x7f443e9e1140>,59,26,[2 8],60,-1,149,-1,123
1,<environment.Job instance at 0x7f443e4b5280>,62,16,[ 2 13],63,-1,139,-1,123
1,<environment.Job instance at 0x7f443e978320>,64,13,[13  4],65,-1,136,-1,123
1,<environment.Job instance at 0x7f443f4e9be0>,65,18,[14  3],66,-1,141,-1,123
1,<environment.Job instance at 0x7f443e978690>,63,23,[7 1],64,-1,149,-1,126
1,<environment.Job instance at 0x7f443e7fc190>,67,24,[14  5],68,-1,150,-1,126
1,<environment.Job instance at 0x7f443e7fc8c0>,68,25,[ 4 12],69,-1,151,-1,126
1,<environment.Job instance at 0x7f4447fac0a0>,70,18,[12  3],71,-1,144,-1,126
1,<environment.Job instance at 0x7f443edddf50>,72,18,[ 2 11],73,-1,159,-1,141
1,<environment.Job instance at 0x7f443f4b8d70>,73,13,[11  3],74,-1,154,-1,141
1,<environment.Job instance at 0x7f443f4b8190>,74,18,[13  2],75,-1,159,-1,141
1,<environment.Job instance at 0x7f443e72d190>,76,23,[ 5 13],77,-1,168,-1,145
1,<environment.Job instance at 0x7f443e72d5a0>,77,23,[2 7],78,-1,170,-1,147
1,<environment.Job instance at 0x7f443e72db40>,78,28,[ 1 10],79,-1,175,-1,147
1,<environment.Job instance at 0x7f443e72dc30>,80,12,[ 4 14],81,-1,159,-1,147
1,<environment.Job instance at 0x7f443ed7ee60>,86,18,[ 5 11],87,-1,183,-1,165
1,<environment.Job instance at 0x7f443e44caf0>,88,1,[12  3],89,-1,180,-1,179
1,<environment.Job instance at 0x7f443e44c320>,89,25,[13  1],90,-1,204,-1,179
1,<environment.Job instance at 0x7f443dea7d70>,0,19,[ 3 10],1,-1,21,-1,2
1,<environment.Job instance at 0x7f443dea7730>,2,20,[10  3],3,-1,23,-1,3
1,<environment.Job instance at 0x7f443de650f0>,3,27,[7 2],4,-1,31,-1,4
1,<environment.Job instance at 0x7f443de65140>,5,21,[10  1],6,-1,29,-1,8
1,<environment.Job instance at 0x7f443de65e60>,13,16,[ 5 10],14,-1,33,-1,17
1,<environment.Job instance at 0x7f443de65a00>,16,26,[2 8],17,-1,54,-1,28
1,<environment.Job instance at 0x7f443de65500>,7,17,[ 1 12],8,-1,45,-1,28
1,<environment.Job instance at 0x7f443de65d70>,19,14,[ 2 13],20,-1,42,-1,28
1,<environment.Job instance at 0x7f443de65a50>,23,27,[ 1 13],24,-1,55,-1,28
1,<environment.Job instance at 0x7f443decbd20>,24,18,[11  3],25,-1,47,-1,29
1,<environment.Job instance at 0x7f443de65fa0>,20,16,[3 6],21,-1,45,-1,29
1,<environment.Job instance at 0x7f443de650a0>,9,18,[ 5 12],10,-1,47,-1,29
1,<environment.Job instance at 0x7f443de65190>,21,15,[1 6],22,-1,46,-1,31
1,<environment.Job instance at 0x7f443decb320>,30,15,[8 4],31,-1,52,-1,37
1,<environment.Job instance at 0x7f443e37baf0>,4,12,[13  2],5,-1,17,-1,5
1,<environment.Job instance at 0x7f443e21e2d0>,6,12,[ 2 14],7,-1,19,-1,7
1,<environment.Job instance at 0x7f443e29d320>,7,17,[ 1 12],8,-1,25,-1,8
1,<environment.Job instance at 0x7f443e29da00>,8,22,[13  4],9,-1,31,-1,9
1,<environment.Job instance at 0x7f443e29d140>,9,18,[ 5 12],10,-1,28,-1,10
1,<environment.Job instance at 0x7f443e29d8c0>,10,25,[12  1],11,-1,36,-1,11
1,<environment.Job instance at 0x7f443e21ef50>,3,27,[7 2],4,-1,50,-1,23
1,<environment.Job instance at 0x7f443efcde10>,14,12,[13  2],15,-1,35,-1,23
1,<environment.Job instance at 0x7f443efbd2d0>,16,26,[2 8],17,-1,49,-1,23
1,<environment.Job instance at 0x7f443e29d410>,11,26,[10  2],12,-1,49,-1,23
1,<environment.Job instance at 0x7f443e2a0280>,19,14,[ 2 13],20,-1,37,-1,23
1,<environment.Job instance at 0x7f443e2a0370>,23,27,[ 1 13],24,-1,51,-1,24
1,<environment.Job instance at 0x7f443e2a02d0>,24,18,[11  3],25,-1,43,-1,25
1,<environment.Job instance at 0x7f443efb1550>,27,12,[12  5],28,-1,47,-1,35
1,<environment.Job instance at 0x7f443efd36e0>,28,12,[ 3 12],29,-1,47,-1,35
1,<environment.Job instance at 0x7f443efd3640>,31,25,[ 2 14],32,-1,62,-1,37
1,<environment.Job instance at 0x7f443efeba00>,37,16,[12  2],38,-1,69,-1,53
1,<environment.Job instance at 0x7f443efeb730>,38,2,[ 2 13],39,-1,55,-1,53
1,<environment.Job instance at 0x7f443efdfd20>,39,27,[5 5],40,-1,80,-1,53
1,<environment.Job instance at 0x7f443f3dbc30>,45,2,[12  1],46,-1,68,-1,66
1,<environment.Job instance at 0x7f443efd6910>,46,27,[ 5 11],47,-1,93,-1,66
1,<environment.Job instance at 0x7f443e866b40>,49,19,[ 4 13],50,-1,98,-1,79
1,<environment.Job instance at 0x7f443e866e60>,50,25,[11  3],51,-1,104,-1,79
1,<environment.Job instance at 0x7f443f583eb0>,55,17,[ 2 12],56,-1,113,-1,96
1,<environment.Job instance at 0x7f443e3697d0>,57,26,[9 4],58,-1,135,-1,109
1,<environment.Job instance at 0x7f443f5a56e0>,59,25,[11  1],60,-1,134,-1,109
1,<environment.Job instance at 0x7f443e9489b0>,56,28,[5 9],57,-1,139,-1,111
1,<environment.Job instance at 0x7f443f3cc0f0>,61,1,[13  2],62,-1,112,-1,111
1,<environment.Job instance at 0x7f443f3ccaa0>,62,14,[13  2],63,-1,125,-1,111
1,<environment.Job instance at 0x7f443e4e8a50>,64,26,[4 7],65,-1,149,-1,123
1,<environment.Job instance at 0x7f443e28d820>,73,20,[ 1 14],74,-1,167,-1,147
1,<environment.Job instance at 0x7f443e92c780>,74,1,[ 3 14],75,-1,148,-1,147
1,<environment.Job instance at 0x7f443f13e320>,3,26,[7 4],4,-1,30,-1,4
1,<environment.Job instance at 0x7f443f13eaf0>,4,22,[10  3],5,-1,29,-1,7
1,<environment.Job instance at 0x7f443f13e500>,7,25,[5 8],8,-1,33,-1,8
1,<environment.Job instance at 0x7f443f13ea00>,9,14,[5 7],10,-1,24,-1,10
1,<environment.Job instance at 0x7f443f13e640>,6,22,[4 9],7,-1,32,-1,10
1,<environment.Job instance at 0x7f443e3aaaa0>,13,12,[10  5],14,-1,27,-1,15
1,<environment.Job instance at 0x7f443f13edc0>,14,17,[10  4],15,-1,32,-1,15
1,<environment.Job instance at 0x7f443e3aaaf0>,15,21,[5 6],16,-1,37,-1,16
1,<environment.Job instance at 0x7f4447c59c30>,2,15,[ 4 11],3,-1,18,-1,3
1,<environment.Job instance at 0x7f443f3161e0>,5,2,[ 5 11],6,-1,8,-1,6
1,<environment.Job instance at 0x7f443e23d820>,3,26,[7 4],4,-1,40,-1,14
1,<environment.Job instance at 0x7f4447b9b730>,7,25,[5 8],8,-1,39,-1,14
1,<environment.Job instance at 0x7f443f3cc1e0>,16,28,[ 3 11],17,-1,59,-1,31
1,<environment.Job instance at 0x7f443e93bb40>,18,16,[14  5],19,-1,47,-1,31
1,<environment.Job instance at 0x7f443ef9bb40>,19,28,[6 3],20,-1,60,-1,32
1,<environment.Job instance at 0x7f443e8955a0>,20,13,[14  3],21,-1,45,-1,32
1,<environment.Job instance at 0x7f443e1fb050>,22,14,[ 2 12],23,-1,46,-1,32
1,<environment.Job instance at 0x7f443e2bc5a0>,24,21,[ 3 14],25,-1,54,-1,33
1,<environment.Job instance at 0x7f443e2c5c30>,28,25,[ 1 14],29,-1,68,-1,43
1,<environment.Job instance at 0x7f443e2c5fa0>,26,23,[3 9],27,-1,66,-1,43
1,<environment.Job instance at 0x7f443e2c5550>,31,25,[2 8],32,-1,74,-1,49
1,<environment.Job instance at 0x7f443e2c5730>,34,16,[13  2],35,-1,71,-1,55
1,<environment.Job instance at 0x7f443f5a5190>,41,3,[ 1 13],42,-1,95,-1,92
1,<environment.Job instance at 0x7f443f5a5820>,43,16,[ 4 14],44,-1,108,-1,92
1,<environment.Job instance at 0x7f443e0ffeb0>,44,15,[11  3],45,-1,107,-1,92
1,<environment.Job instance at 0x7f443e454c80>,47,23,[3 5],48,-1,130,-1,107
1,<environment.Job instance at 0x7f443f58cd20>,48,17,[12  3],49,-1,124,-1,107
1,<environment.Job instance at 0x7f443e29a2d0>,50,13,[13  2],51,-1,120,-1,107
1,<environment.Job instance at 0x7f443e29a780>,57,2,[11  4],58,-1,158,-1,156
1,<environment.Job instance at 0x7f443df078c0>,58,18,[ 1 11],59,-1,174,-1,156
1,<environment.Job instance at 0x7f443eab1140>,60,26,[5 7],61,-1,186,-1,160
1,<environment.Job instance at 0x7f443f031c80>,0,17,[3 6],1,-1,18,-1,1
1,<environment.Job instance at 0x7f443f031af0>,1,17,[ 4 10],2,-1,21,-1,4
1,<environment.Job instance at 0x7f443ec10780>,4,26,[5 3],5,-1,31,-1,5
1,<environment.Job instance at 0x7f443ec10e60>,5,27,[6 1],6,-1,33,-1,6
1,<environment.Job instance at 0x7f443ec10af0>,6,19,[8 2],7,-1,26,-1,7
1,<environment.Job instance at 0x7f443e444af0>,3,19,[ 1 11],4,-1,26,-1,7
1,<environment.Job instance at 0x7f443ec10730>,8,20,[9 1],9,-1,30,-1,10
1,<environment.Job instance at 0x7f443ec100a0>,11,16,[5 5],12,-1,28,-1,12
1,<environment.Job instance at 0x7f443efbd320>,3,19,[ 1 11],4,-1,23,-1,4
1,<environment.Job instance at 0x7f443efbda50>,4,26,[5 3],5,-1,31,-1,5
1,<environment.Job instance at 0x7f443efbd0a0>,5,27,[6 1],6,-1,33,-1,6
1,<environment.Job instance at 0x7f443e0d5eb0>,7,13,[11  3],8,-1,21,-1,8
1,<environment.Job instance at 0x7f443e0d5a00>,10,14,[ 2 11],11,-1,25,-1,11
1,<environment.Job instance at 0x7f443e7e5410>,12,17,[13  2],13,-1,30,-1,13
1,<environment.Job instance at 0x7f443efcdf50>,13,20,[ 1 13],14,-1,34,-1,14
1,<environment.Job instance at 0x7f443efcdf00>,14,18,[11  2],15,-1,33,-1,15
1,<environment.Job instance at 0x7f443efcd9b0>,15,26,[12  4],16,-1,42,-1,16
1,<environment.Job instance at 0x7f443efcde10>,16,14,[11  2],17,-1,31,-1,17
1,<environment.Job instance at 0x7f443e4dd2d0>,19,13,[ 1 13],20,-1,39,-1,26
1,<environment.Job instance at 0x7f443efd6fa0>,23,2,[ 4 11],24,-1,44,-1,42
1,<environment.Job instance at 0x7f443efd63c0>,24,23,[ 2 11],25,-1,65,-1,42
1,<environment.Job instance at 0x7f443e299f50>,32,16,[11  2],33,-1,76,-1,60
1,<environment.Job instance at 0x7f443e299a00>,34,2,[13  2],35,-1,63,-1,61
1,<environment.Job instance at 0x7f443efb9b90>,38,26,[2 5],39,-1,107,-1,81
1,<environment.Job instance at 0x7f443efb9c80>,39,28,[4 8],40,-1,109,-1,81
1,<environment.Job instance at 0x7f443efb9140>,40,28,[1 5],41,-1,109,-1,81
1,<environment.Job instance at 0x7f443efdf870>,42,3,[ 5 11],43,-1,84,-1,81
1,<environment.Job instance at 0x7f443e105cd0>,43,13,[12  1],44,-1,94,-1,81
1,<environment.Job instance at 0x7f4447be7460>,49,15,[ 3 12],50,-1,101,-1,86
1,<environment.Job instance at 0x7f443f593f00>,47,28,[ 1 10],48,-1,128,-1,100
1,<environment.Job instance at 0x7f443e2a0b40>,51,26,[9 3],52,-1,126,-1,100
1,<environment.Job instance at 0x7f443e2a0780>,52,24,[1 7],53,-1,124,-1,100
1,<environment.Job instance at 0x7f443e2a0640>,53,26,[4 7],54,-1,126,-1,100
1,<environment.Job instance at 0x7f443e2a0730>,54,15,[14  1],55,-1,115,-1,100
1,<environment.Job instance at 0x7f443e2a08c0>,55,25,[5 6],56,-1,125,-1,100
1,<environment.Job instance at 0x7f443e2a07d0>,56,28,[1 5],57,-1,128,-1,100
1,<environment.Job instance at 0x7f443e2a01e0>,57,2,[14  1],58,-1,102,-1,100
1,<environment.Job instance at 0x7f443e2466e0>,59,14,[11  3],60,-1,115,-1,101
1,<environment.Job instance at 0x7f443f5884b0>,60,22,[11  4],61,-1,123,-1,101
1,<environment.Job instance at 0x7f443f588050>,61,14,[ 4 14],62,-1,115,-1,101
1,<environment.Job instance at 0x7f443f588280>,62,17,[ 1 11],63,-1,118,-1,101
1,<environment.Job instance at 0x7f443ec108c0>,65,23,[ 5 14],66,-1,141,-1,118
1,<environment.Job instance at 0x7f443ec10410>,64,23,[9 5],65,-1,149,-1,126
1,<environment.Job instance at 0x7f443ec106e0>,68,12,[13  4],69,-1,139,-1,127
1,<environment.Job instance at 0x7f443e3d9050>,73,13,[ 1 13],74,-1,159,-1,146
1,<environment.Job instance at 0x7f443e29de60>,76,13,[12  1],77,-1,170,-1,157
1,<environment.Job instance at 0x7f443e29d8c0>,78,26,[ 5 10],79,-1,196,-1,170
1,<environment.Job instance at 0x7f443e29d410>,79,27,[2 7],80,-1,197,-1,170
1,<environment.Job instance at 0x7f443dd02af0>,0,16,[10  3],1,-1,18,-1,2
1,<environment.Job instance at 0x7f443dd02eb0>,1,24,[5 3],2,-1,26,-1,2
1,<environment.Job instance at 0x7f443e44dd20>,3,12,[9 4],4,-1,17,-1,5
1,<environment.Job instance at 0x7f443dd02c80>,4,19,[12  3],5,-1,24,-1,5
1,<environment.Job instance at 0x7f443e44d8c0>,5,25,[2 6],6,-1,31,-1,6
1,<environment.Job instance at 0x7f443e44dd70>,8,28,[4 6],9,-1,38,-1,10
1,<environment.Job instance at 0x7f443e44d820>,10,18,[11  5],11,-1,29,-1,11
1,<environment.Job instance at 0x7f443e44d780>,11,23,[ 1 10],12,-1,35,-1,12
1,<environment.Job instance at 0x7f443e44d960>,9,15,[5 7],10,-1,28,-1,13
1,<environment.Job instance at 0x7f443e44de10>,14,28,[4 7],15,-1,43,-1,15
1,<environment.Job instance at 0x7f443e04c2d0>,18,14,[10  3],19,-1,34,-1,20
1,<environment.Job instance at 0x7f443e04ccd0>,20,24,[9 4],21,-1,45,-1,21
1,<environment.Job instance at 0x7f443e44dcd0>,19,18,[8 2],20,-1,39,-1,21
1,<environment.Job instance at 0x7f443e04ca00>,24,14,[3 7],25,-1,39,-1,25
1,<environment.Job instance at 0x7f443e04c190>,29,15,[ 4 10],30,-1,46,-1,31
1,<environment.Job instance at 0x7f443de6f9b0>,1,24,[5 3],2,-1,26,-1,2
1,<environment.Job instance at 0x7f443de6f960>,4,19,[12  3],5,-1,24,-1,5
1,<environment.Job instance at 0x7f443de76a50>,5,25,[2 6],6,-1,31,-1,6
1,<environment.Job instance at 0x7f443de52410>,10,18,[11  5],11,-1,29,-1,11
1,<environment.Job instance at 0x7f443ed238c0>,8,28,[4 6],9,-1,45,-1,17
1,<environment.Job instance at 0x7f443de52780>,12,17,[ 3 14],13,-1,34,-1,17
1,<environment.Job instance at 0x7f443de52320>,11,23,[ 1 10],12,-1,40,-1,17
1,<environment.Job instance at 0x7f443de6bc80>,14,28,[4 7],15,-1,45,-1,17
1,<environment.Job instance at 0x7f443e9e6e60>,16,24,[11  4],17,-1,41,-1,17
1,<environment.Job instance at 0x7f443de4eeb0>,20,24,[9 4],21,-1,59,-1,35
1,<environment.Job instance at 0x7f443f1a2b40>,22,2,[ 3 12],23,-1,37,-1,35
1,<environment.Job instance at 0x7f443f1805a0>,23,20,[12  3],24,-1,55,-1,35
1,<environment.Job instance at 0x7f443f1803c0>,25,12,[ 2 12],26,-1,47,-1,35
1,<environment.Job instance at 0x7f443f1a1550>,30,17,[ 3 14],31,-1,75,-1,58
1,<environment.Job instance at 0x7f443f1a1500>,31,16,[12  1],32,-1,74,-1,58
1,<environment.Job instance at 0x7f443f1a15f0>,33,17,[13  3],34,-1,82,-1,65
1,<environment.Job instance at 0x7f443e794410>,38,12,[ 3 11],39,-1,91,-1,79
1,<environment.Job instance at 0x7f443f19e0a0>,39,27,[13  4],40,-1,106,-1,79
1,<environment.Job instance at 0x7f443f19e4b0>,40,15,[ 3 14],41,-1,94,-1,79
1,<environment.Job instance at 0x7f443e9eb280>,43,14,[13  2],44,-1,105,-1,91
1,<environment.Job instance at 0x7f443f19eaf0>,45,27,[3 8],46,-1,129,-1,102
1,<environment.Job instance at 0x7f443de59f50>,48,15,[ 4 12],49,-1,117,-1,102
1,<environment.Job instance at 0x7f443f1da820>,52,19,[14  4],53,-1,139,-1,120
1,<environment.Job instance at 0x7f443e9f3280>,54,26,[ 2 10],55,-1,149,-1,123
1,<environment.Job instance at 0x7f443ea0a870>,57,17,[14  4],58,-1,141,-1,124
1,<environment.Job instance at 0x7f443f194a50>,58,3,[14  4],59,-1,127,-1,124
1,<environment.Job instance at 0x7f443f194640>,60,14,[12  5],61,-1,141,-1,127
1,<environment.Job instance at 0x7f443f1dd140>,65,22,[14  4],66,-1,162,-1,140
1,<environment.Job instance at 0x7f443de77a50>,66,16,[14  2],67,-1,156,-1,140
1,<environment.Job instance at 0x7f443de77af0>,69,2,[ 2 11],70,-1,159,-1,157
1,<environment.Job instance at 0x7f443de77960>,73,23,[14  5],74,-1,192,-1,169
1,<environment.Job instance at 0x7f443e7700a0>,1,18,[4 7],2,-1,21,-1,3
1,<environment.Job instance at 0x7f443e770460>,3,16,[10  1],4,-1,20,-1,4
1,<environment.Job instance at 0x7f443e770e60>,5,19,[6 4],6,-1,25,-1,6
1,<environment.Job instance at 0x7f443e7815a0>,8,17,[9 1],9,-1,26,-1,9
1,<environment.Job instance at 0x7f443e781c30>,10,18,[5 5],11,-1,29,-1,11
1,<environment.Job instance at 0x7f443e781fa0>,11,17,[ 1 10],12,-1,29,-1,12
1,<environment.Job instance at 0x7f443e781190>,15,17,[2 9],16,-1,42,-1,25
1,<environment.Job instance at 0x7f443e7629b0>,23,19,[10  2],24,-1,65,-1,46
1,<environment.Job instance at 0x7f443edc95f0>,0,13,[ 4 14],1,-1,14,-1,1
1,<environment.Job instance at 0x7f443edc9820>,2,20,[ 2 11],3,-1,23,-1,3
1,<environment.Job instance at 0x7f443edc45a0>,4,16,[ 1 13],5,-1,21,-1,5
1,<environment.Job instance at 0x7f443e245e10>,9,12,[ 3 13],10,-1,22,-1,10
1,<environment.Job instance at 0x7f443e5b72d0>,12,28,[13  1],13,-1,48,-1,20
1,<environment.Job instance at 0x7f443effb190>,13,18,[ 2 14],14,-1,38,-1,20
1,<environment.Job instance at 0x7f443e9e6500>,19,15,[ 2 12],20,-1,49,-1,34
1,<environment.Job instance at 0x7f443dfd17d0>,22,21,[13  1],23,-1,70,-1,49
1,<environment.Job instance at 0x7f4447c36fa0>,26,1,[ 1 11],27,-1,54,-1,53
1,<environment.Job instance at 0x7f443eb92a50>,29,15,[14  4],30,-1,71,-1,56
1,<environment.Job instance at 0x7f443e9d7820>,32,27,[6 3],33,-1,101,-1,74
1,<environment.Job instance at 0x7f4447c37be0>,33,27,[ 3 11],34,-1,101,-1,74
1,<environment.Job instance at 0x7f443e9d70f0>,35,16,[11  5],36,-1,90,-1,74
1,<environment.Job instance at 0x7f443e9d7cd0>,36,2,[12  2],37,-1,76,-1,74
1,<environment.Job instance at 0x7f443ebc9a50>,39,1,[11  5],40,-1,88,-1,87
1,<environment.Job instance at 0x7f443e594c80>,40,28,[4 7],41,-1,116,-1,88
1,<environment.Job instance at 0x7f443ef12c30>,44,23,[5 8],45,-1,125,-1,102
1,<environment.Job instance at 0x7f443ef12870>,45,12,[14  5],46,-1,114,-1,102
1,<environment.Job instance at 0x7f4448090f00>,46,17,[ 5 12],47,-1,119,-1,102
1,<environment.Job instance at 0x7f4448090a00>,47,26,[9 4],48,-1,141,-1,115
1,<environment.Job instance at 0x7f443e041af0>,51,12,[ 2 14],52,-1,128,-1,116
1,<environment.Job instance at 0x7f443f5c6d20>,54,12,[13  4],55,-1,141,-1,129
1,<environment.Job instance at 0x7f44481db9b0>,56,14,[ 3 12],57,-1,146,-1,132
1,<environment.Job instance at 0x7f443e550f50>,57,1,[13  2],58,-1,133,-1,132
1,<environment.Job instance at 0x7f443ec07e60>,60,28,[ 5 12],61,-1,173,-1,145
1,<environment.Job instance at 0x7f443ececa00>,67,25,[12  1],68,-1,180,-1,155
1,<environment.Job instance at 0x7f443f288730>,72,28,[9 5],73,-1,207,-1,179
1,<environment.Job instance at 0x7f443f01ecd0>,74,1,[11  1],75,-1,180,-1,179
1,<environment.Job instance at 0x7f443f01eeb0>,75,1,[12  5],76,-1,180,-1,179
1,<environment.Job instance at 0x7f443e7947d0>,0,18,[6 4],1,-1,19,-1,1
1,<environment.Job instance at 0x7f443e07edc0>,2,15,[ 3 10],3,-1,18,-1,3
1,<environment.Job instance at 0x7f443e245aa0>,11,17,[10  4],12,-1,30,-1,13
1,<environment.Job instance at 0x7f443e770aa0>,12,17,[13  5],13,-1,30,-1,13
1,<environment.Job instance at 0x7f443e245c80>,14,22,[5 1],15,-1,37,-1,15
1,<environment.Job instance at 0x7f443e245500>,17,24,[9 2],18,-1,119,-1,95
1,<environment.Job instance at 0x7f443e59f500>,3,17,[ 2 11],4,-1,21,-1,4
1,<environment.Job instance at 0x7f443dea72d0>,4,1,[13  5],5,-1,6,-1,5
1,<environment.Job instance at 0x7f443dea78c0>,5,1,[12  1],6,-1,7,-1,6
1,<environment.Job instance at 0x7f443f01a140>,7,3,[ 3 12],8,-1,11,-1,8
1,<environment.Job instance at 0x7f443de749b0>,12,17,[13  5],13,-1,35,-1,18
1,<environment.Job instance at 0x7f443e3a6b90>,16,26,[9 2],17,-1,47,-1,21
1,<environment.Job instance at 0x7f443e3a6640>,17,24,[9 2],18,-1,45,-1,21
1,<environment.Job instance at 0x7f443f2f5140>,19,25,[6 2],20,-1,46,-1,21
1,<environment.Job instance at 0x7f4447c303c0>,21,24,[2 5],22,-1,46,-1,22
1,<environment.Job instance at 0x7f4447c30910>,23,21,[ 5 13],24,-1,45,-1,24
1,<environment.Job instance at 0x7f443f59f1e0>,24,12,[ 1 12],25,-1,37,-1,25
1,<environment.Job instance at 0x7f443e34e6e0>,25,22,[12  4],26,-1,48,-1,26
1,<environment.Job instance at 0x7f443e34ef50>,26,27,[ 1 13],27,-1,54,-1,27
1,<environment.Job instance at 0x7f443f59f190>,27,18,[ 2 12],28,-1,46,-1,28
1,<environment.Job instance at 0x7f443e34e500>,29,25,[ 4 14],30,-1,55,-1,30
1,<environment.Job instance at 0x7f443f3f2780>,30,19,[ 3 14],31,-1,50,-1,31
1,<environment.Job instance at 0x7f443f3f2820>,32,17,[ 2 11],33,-1,50,-1,33
1,<environment.Job instance at 0x7f443f45deb0>,38,23,[5 6],39,-1,74,-1,51
1,<environment.Job instance at 0x7f443f01e370>,43,2,[ 4 11],44,-1,69,-1,67
1,<environment.Job instance at 0x7f443f288370>,45,12,[ 1 14],46,-1,81,-1,69
1,<environment.Job instance at 0x7f443ec075f0>,47,28,[ 1 14],48,-1,110,-1,82
1,<environment.Job instance at 0x7f44481db9b0>,48,23,[5 6],49,-1,106,-1,83
1,<environment.Job instance at 0x7f443ec072d0>,49,24,[ 4 14],50,-1,107,-1,83
1,<environment.Job instance at 0x7f443ec079b0>,50,12,[ 4 14],51,-1,95,-1,83
1,<environment.Job instance at 0x7f443dcf8190>,51,23,[11  2],52,-1,106,-1,83
1,<environment.Job instance at 0x7f443e550dc0>,53,14,[12  1],54,-1,97,-1,83
1,<environment.Job instance at 0x7f443e0410f0>,54,27,[ 5 10],55,-1,125,-1,98
1,<environment.Job instance at 0x7f443f5c6f50>,55,28,[13  4],56,-1,126,-1,98
1,<environment.Job instance at 0x7f443e041d70>,56,24,[5 2],57,-1,122,-1,98
1,<environment.Job instance at 0x7f443e041af0>,57,18,[ 4 12],58,-1,116,-1,98
1,<environment.Job instance at 0x7f443edec640>,58,25,[11  1],59,-1,123,-1,98
1,<environment.Job instance at 0x7f4448090870>,59,20,[11  4],60,-1,118,-1,98
1,<environment.Job instance at 0x7f44480905a0>,60,28,[6 5],61,-1,126,-1,98
1,<environment.Job instance at 0x7f443ef12870>,61,26,[2 6],62,-1,124,-1,98
1,<environment.Job instance at 0x7f4447c37be0>,65,23,[2 8],66,-1,135,-1,112
1,<environment.Job instance at 0x7f443ef12280>,66,25,[ 4 13],67,-1,137,-1,112
1,<environment.Job instance at 0x7f443e01cd70>,67,28,[1 6],68,-1,140,-1,112
1,<environment.Job instance at 0x7f443df12aa0>,69,22,[ 3 13],70,-1,134,-1,112
1,<environment.Job instance at 0x7f443e01c9b0>,70,15,[13  3],71,-1,127,-1,112
1,<environment.Job instance at 0x7f443ee407d0>,71,1,[ 1 13],72,-1,113,-1,112
1,<environment.Job instance at 0x7f443ea3e410>,72,13,[12  5],73,-1,125,-1,112
1,<environment.Job instance at 0x7f4447c367d0>,75,26,[12  4],76,-1,138,-1,112
1,<environment.Job instance at 0x7f443e5b72d0>,76,19,[ 5 12],77,-1,131,-1,112
1,<environment.Job instance at 0x7f443e5b7960>,79,27,[10  2],80,-1,144,-1,117
1,<environment.Job instance at 0x7f443e245e10>,80,26,[ 3 13],81,-1,143,-1,117
1,<environment.Job instance at 0x7f443e94caf0>,81,28,[9 5],82,-1,148,-1,120
1,<environment.Job instance at 0x7f443eb42140>,82,24,[8 5],83,-1,144,-1,120
1,<environment.Job instance at 0x7f443e1595a0>,91,25,[ 3 13],92,-1,189,-1,164
1,<environment.Job instance at 0x7f443e426e60>,92,1,[12  1],93,-1,165,-1,164
1,<environment.Job instance at 0x7f443e07e7d0>,94,28,[14  1],95,-1,194,-1,166
1,<environment.Job instance at 0x7f443e7bf4b0>,95,23,[5 5],96,-1,191,-1,168
1,<environment.Job instance at 0x7f443dcf0370>,96,28,[ 5 12],97,-1,196,-1,168
1,<environment.Job instance at 0x7f4447fac190>,98,24,[ 2 11],99,-1,192,-1,168
1,<environment.Job instance at 0x7f443f5952d0>,100,13,[13  4],101,-1,184,-1,171
1,<environment.Job instance at 0x7f443eb75cd0>,101,15,[ 4 12],102,-1,186,-1,171
1,<environment.Job instance at 0x7f443f370be0>,102,23,[1 5],103,-1,197,-1,174
1,<environment.Job instance at 0x7f443f4bc320>,103,20,[12  2],104,-1,194,-1,174
1,<environment.Job instance at 0x7f443e04c3c0>,105,28,[13  4],106,-1,202,-1,174
1,<environment.Job instance at 0x7f443e5bb230>,106,16,[13  2],107,-1,190,-1,174
1,<environment.Job instance at 0x7f4447b9ed70>,107,16,[ 5 12],108,-1,190,-1,174
1,<environment.Job instance at 0x7f443eb786e0>,1,19,[1 5],2,-1,22,-1,3
1,<environment.Job instance at 0x7f443e5ba0a0>,0,18,[12  3],1,-1,19,-1,1
1,<environment.Job instance at 0x7f443e5a8500>,3,12,[14  1],4,-1,16,-1,4
1,<environment.Job instance at 0x7f443e5ba870>,5,19,[13  5],6,-1,25,-1,6
1,<environment.Job instance at 0x7f443e5a85a0>,6,24,[10  5],7,-1,31,-1,7
1,<environment.Job instance at 0x7f443e5a8410>,7,22,[12  2],8,-1,30,-1,8
1,<environment.Job instance at 0x7f443ef23410>,9,15,[13  2],10,-1,25,-1,10
1,<environment.Job instance at 0x7f443f10ff00>,10,26,[9 4],11,-1,37,-1,11
1,<environment.Job instance at 0x7f443e5a8a50>,12,26,[12  1],13,-1,39,-1,13
1,<environment.Job instance at 0x7f443f11c370>,18,14,[12  5],19,-1,44,-1,30
1,<environment.Job instance at 0x7f443e27eb40>,20,16,[12  5],21,-1,46,-1,30
1,<environment.Job instance at 0x7f443de30a00>,28,24,[5 9],29,-1,100,-1,76
1,<environment.Job instance at 0x7f443ef1e9b0>,29,18,[ 1 12],30,-1,94,-1,76
1,<environment.Job instance at 0x7f443f11e5f0>,30,28,[9 5],31,-1,104,-1,76
1,<environment.Job instance at 0x7f443de30f00>,34,24,[6 4],35,-1,113,-1,89
1,<environment.Job instance at 0x7f443e58f910>,36,25,[8 5],37,-1,114,-1,89
1,<environment.Job instance at 0x7f443ee0b050>,38,13,[ 2 14],39,-1,102,-1,89
1,<environment.Job instance at 0x7f443de3faa0>,39,13,[13  3],40,-1,102,-1,89
1,<environment.Job instance at 0x7f443de3f140>,40,22,[11  5],41,-1,111,-1,89
1,<environment.Job instance at 0x7f443ee0b320>,41,26,[11  5],42,-1,115,-1,89
1,<environment.Job instance at 0x7f443ee23870>,42,28,[5 8],43,-1,118,-1,90
1,<environment.Job instance at 0x7f443ee23550>,43,27,[1 7],44,-1,117,-1,90
1,<environment.Job instance at 0x7f443ee23b90>,45,14,[ 1 13],46,-1,104,-1,90
1,<environment.Job instance at 0x7f443e5bdc80>,48,13,[ 1 12],49,-1,115,-1,102
1,<environment.Job instance at 0x7f443e5bdf00>,49,23,[8 2],50,-1,128,-1,105
1,<environment.Job instance at 0x7f443f634820>,50,23,[2 8],51,-1,128,-1,105
1,<environment.Job instance at 0x7f443f634870>,52,13,[11  2],53,-1,118,-1,105
1,<environment.Job instance at 0x7f443e5987d0>,56,19,[ 1 11],57,-1,140,-1,121
1,<environment.Job instance at 0x7f443e598a50>,57,24,[ 1 13],58,-1,145,-1,121
1,<environment.Job instance at 0x7f443f612460>,60,14,[14  5],61,-1,137,-1,123
1,<environment.Job instance at 0x7f443f1118c0>,64,12,[ 3 14],65,-1,158,-1,146
1,<environment.Job instance at 0x7f443f615dc0>,67,23,[ 5 12],68,-1,185,-1,162
1,<environment.Job instance at 0x7f443f636370>,72,28,[ 3 14],73,-1,205,-1,177
1,<environment.Job instance at 0x7f443eee9870>,3,23,[8 4],4,-1,27,-1,4
1,<environment.Job instance at 0x7f443eee9050>,4,20,[3 9],5,-1,26,-1,6
1,<environment.Job instance at 0x7f443e08baf0>,5,18,[10  2],6,-1,24,-1,6
1,<environment.Job instance at 0x7f443eee9eb0>,6,27,[6 1],7,-1,34,-1,7
1,<environment.Job instance at 0x7f443eee9d70>,10,19,[7 3],11,-1,31,-1,12
1,<environment.Job instance at 0x7f443eee95a0>,11,26,[7 4],12,-1,38,-1,12
1,<environment.Job instance at 0x7f443e7d9640>,15,18,[3 8],16,-1,34,-1,16
1,<environment.Job instance at 0x7f443e7d9820>,22,16,[ 2 10],23,-1,40,-1,24
1,<environment.Job instance at 0x7f443e7d9e10>,23,27,[9 3],24,-1,51,-1,24
1,<environment.Job instance at 0x7f443e7d9280>,29,21,[4 6],30,-1,106,-1,85
1,<environment.Job instance at 0x7f443de4bc30>,46,27,[4 6],47,-1,114,-1,87
1,<environment.Job instance at 0x7f443ef17e10>,48,17,[10  2],49,-1,104,-1,87
1,<environment.Job instance at 0x7f443de4b6e0>,31,15,[ 2 10],32,-1,102,-1,87
1,<environment.Job instance at 0x7f443ef17410>,49,16,[ 5 10],50,-1,103,-1,87
1,<environment.Job instance at 0x7f443dcb77d0>,1,2,[ 3 11],2,-1,4,-1,2
1,<environment.Job instance at 0x7f443dcb7c80>,2,3,[ 4 14],3,-1,6,-1,3
1,<environment.Job instance at 0x7f443e2e76e0>,3,23,[8 4],4,-1,27,-1,4
1,<environment.Job instance at 0x7f443dcb7b40>,6,27,[6 1],7,-1,51,-1,24
1,<environment.Job instance at 0x7f443e2ff960>,11,26,[7 4],12,-1,50,-1,24
1,<environment.Job instance at 0x7f443e2ff7d0>,12,3,[14  4],13,-1,27,-1,24
1,<environment.Job instance at 0x7f443f6300a0>,13,12,[ 5 14],14,-1,36,-1,24
1,<environment.Job instance at 0x7f443e7d65a0>,14,27,[ 2 11],15,-1,51,-1,24
1,<environment.Job instance at 0x7f443e86af50>,17,12,[13  2],18,-1,36,-1,24
1,<environment.Job instance at 0x7f443e86aaa0>,18,25,[14  3],19,-1,49,-1,24
1,<environment.Job instance at 0x7f443f5e7370>,19,2,[ 1 13],20,-1,26,-1,24
1,<environment.Job instance at 0x7f443f5e7e60>,21,14,[12  2],22,-1,39,-1,25
1,<environment.Job instance at 0x7f443f5e7910>,23,27,[9 3],24,-1,54,-1,27
1,<environment.Job instance at 0x7f443e7d9050>,25,1,[ 1 11],26,-1,28,-1,27
1,<environment.Job instance at 0x7f443de4b320>,28,21,[ 4 12],29,-1,50,-1,29
1,<environment.Job instance at 0x7f443e05f500>,32,17,[13  2],33,-1,59,-1,42
1,<environment.Job instance at 0x7f443e2725f0>,37,12,[11  3],38,-1,72,-1,60
1,<environment.Job instance at 0x7f443f636f50>,46,27,[4 6],47,-1,113,-1,86
1,<environment.Job instance at 0x7f443ef3d7d0>,53,3,[ 1 14],54,-1,101,-1,98
1,<environment.Job instance at 0x7f443ef3d870>,54,1,[13  3],55,-1,99,-1,98
1,<environment.Job instance at 0x7f443eb63cd0>,57,19,[ 2 11],58,-1,129,-1,110
1,<environment.Job instance at 0x7f443eee9c30>,60,28,[8 2],61,-1,168,-1,140
1,<environment.Job instance at 0x7f443e39e5f0>,55,27,[10  1],56,-1,167,-1,140
1,<environment.Job instance at 0x7f443e04d6e0>,63,18,[14  3],64,-1,158,-1,140
1,<environment.Job instance at 0x7f443e04de10>,64,15,[13  2],65,-1,155,-1,140
1,<environment.Job instance at 0x7f443e04db90>,66,2,[ 3 13],67,-1,142,-1,140
1,<environment.Job instance at 0x7f443ed57e60>,67,26,[7 2],68,-1,177,-1,151
1,<environment.Job instance at 0x7f443e63c730>,70,21,[ 4 11],71,-1,173,-1,152
1,<environment.Job instance at 0x7f443e308c30>,71,16,[ 1 12],72,-1,168,-1,152
1,<environment.Job instance at 0x7f443e620aa0>,73,14,[14  4],74,-1,166,-1,152
1,<environment.Job instance at 0x7f443e308640>,74,26,[5 7],75,-1,181,-1,155
1,<environment.Job instance at 0x7f443e308d20>,75,26,[11  1],76,-1,181,-1,155
1,<environment.Job instance at 0x7f443e6201e0>,76,24,[12  1],77,-1,179,-1,155
1,<environment.Job instance at 0x7f443e306050>,77,28,[6 4],78,-1,183,-1,155
1,<environment.Job instance at 0x7f443e306b90>,78,18,[ 1 11],79,-1,173,-1,155
1,<environment.Job instance at 0x7f443ed5b0f0>,81,28,[ 1 12],82,-1,194,-1,166
1,<environment.Job instance at 0x7f443ed5b0a0>,83,23,[1 5],84,-1,194,-1,171
1,<environment.Job instance at 0x7f443e85df50>,0,25,[5 5],1,-1,26,-1,1
1,<environment.Job instance at 0x7f443ebdde60>,12,22,[10  5],13,-1,35,-1,13
1,<environment.Job instance at 0x7f443ebddfa0>,15,15,[ 3 10],16,-1,32,-1,17
1,<environment.Job instance at 0x7f443ebcd140>,17,14,[ 2 10],18,-1,32,-1,18
1,<environment.Job instance at 0x7f443ebcd1e0>,18,16,[5 5],19,-1,35,-1,19
1,<environment.Job instance at 0x7f443ebcd280>,19,16,[4 8],20,-1,36,-1,20
1,<environment.Job instance at 0x7f443e7cfd70>,0,25,[5 5],1,-1,26,-1,1
1,<environment.Job instance at 0x7f443e7cf640>,3,23,[8 1],4,-1,27,-1,4
1,<environment.Job instance at 0x7f443e7cf8c0>,4,26,[4 9],5,-1,32,-1,6
1,<environment.Job instance at 0x7f443e1a2780>,6,21,[14  3],7,-1,28,-1,7
1,<environment.Job instance at 0x7f443e1a2fa0>,7,2,[ 2 13],8,-1,10,-1,8
1,<environment.Job instance at 0x7f443f5f4500>,13,25,[14  2],14,-1,39,-1,14
1,<environment.Job instance at 0x7f443f5f4050>,14,3,[14  1],15,-1,18,-1,15
1,<environment.Job instance at 0x7f443f61de60>,20,25,[ 5 14],21,-1,56,-1,31
1,<environment.Job instance at 0x7f443f61d8c0>,21,18,[ 5 14],22,-1,49,-1,31
1,<environment.Job instance at 0x7f443f61deb0>,23,12,[ 3 13],24,-1,45,-1,33
1,<environment.Job instance at 0x7f443f61d280>,24,23,[6 5],25,-1,70,-1,47
1,<environment.Job instance at 0x7f443f6370a0>,28,16,[13  4],29,-1,65,-1,49
1,<environment.Job instance at 0x7f443f637230>,29,2,[ 3 13],30,-1,51,-1,49
1,<environment.Job instance at 0x7f443f637140>,30,16,[13  3],31,-1,65,-1,49
1,<environment.Job instance at 0x7f443e5bddc0>,37,13,[ 5 11],38,-1,72,-1,59
1,<environment.Job instance at 0x7f443e5bdc30>,39,24,[ 1 10],40,-1,87,-1,63
1,<environment.Job instance at 0x7f443f609eb0>,42,28,[ 4 13],43,-1,93,-1,65
1,<environment.Job instance at 0x7f443f6134b0>,45,28,[ 4 11],46,-1,101,-1,73
1,<environment.Job instance at 0x7f443f613c80>,47,16,[14  4],48,-1,90,-1,74
1,<environment.Job instance at 0x7f443f612fa0>,48,23,[ 3 10],49,-1,106,-1,83
1,<environment.Job instance at 0x7f443f6122d0>,50,12,[12  5],51,-1,95,-1,83
1,<environment.Job instance at 0x7f443f609d20>,41,26,[5 7],42,-1,112,-1,86
1,<environment.Job instance at 0x7f443e302410>,54,14,[ 1 11],55,-1,100,-1,86
1,<environment.Job instance at 0x7f443e884b40>,57,12,[ 2 12],58,-1,100,-1,88
1,<environment.Job instance at 0x7f443e2e9190>,60,18,[12  1],61,-1,110,-1,92
1,<environment.Job instance at 0x7f443e2e9e60>,63,23,[7 1],64,-1,129,-1,106
1,<environment.Job instance at 0x7f443e2d32d0>,67,24,[8 4],68,-1,144,-1,120
1,<environment.Job instance at 0x7f443e2ee3c0>,69,27,[7 2],70,-1,156,-1,129
1,<environment.Job instance at 0x7f443ed5b870>,74,13,[ 1 12],75,-1,156,-1,143
1,<environment.Job instance at 0x7f443ed5b140>,77,21,[14  3],78,-1,165,-1,144
1,<environment.Job instance at 0x7f443e3060f0>,80,18,[ 3 11],81,-1,180,-1,162
1,<environment.Job instance at 0x7f443e306cd0>,81,27,[1 8],82,-1,189,-1,162
1,<environment.Job instance at 0x7f443e306050>,82,3,[ 5 12],83,-1,165,-1,162
1,<environment.Job instance at 0x7f443e308d70>,83,2,[ 5 14],84,-1,164,-1,162
1,<environment.Job instance at 0x7f443e63c730>,84,12,[11  4],85,-1,174,-1,162
1,<environment.Job instance at 0x7f443e3080f0>,86,17,[ 5 11],87,-1,184,-1,167
1,<environment.Job instance at 0x7f443e7cf870>,3,17,[ 5 10],4,-1,21,-1,4
1,<environment.Job instance at 0x7f443e395dc0>,25,24,[4 8],26,-1,123,-1,99
1,<environment.Job instance at 0x7f443e395f00>,26,17,[5 8],27,-1,116,-1,99
1,<environment.Job instance at 0x7f443e3957d0>,24,16,[6 1],25,-1,131,-1,115
1,<environment.Job instance at 0x7f443e395e10>,17,26,[10  2],18,-1,143,-1,117
1,<environment.Job instance at 0x7f443dcf0af0>,35,17,[8 2],36,-1,134,-1,117
1,<environment.Job instance at 0x7f443dcf0fa0>,34,19,[8 2],35,-1,136,-1,117
1,<environment.Job instance at 0x7f443dcf0140>,36,16,[ 4 14],37,-1,133,-1,117
1,<environment.Job instance at 0x7f443dcf00f0>,38,16,[ 1 10],39,-1,133,-1,117
1,<environment.Job instance at 0x7f443dcf0230>,39,25,[9 1],40,-1,142,-1,117
1,<environment.Job instance at 0x7f443dcf0280>,37,18,[9 1],38,-1,135,-1,117
1,<environment.Job instance at 0x7f443f4d2910>,0,28,[1 8],1,-1,29,-1,1
1,<environment.Job instance at 0x7f443f4d2230>,1,27,[3 7],2,-1,29,-1,2
1,<environment.Job instance at 0x7f443f4d2f50>,2,1,[ 3 14],3,-1,4,-1,3
1,<environment.Job instance at 0x7f443f4d2be0>,5,1,[11  3],6,-1,7,-1,6
1,<environment.Job instance at 0x7f443f4d2960>,6,25,[13  5],7,-1,32,-1,7
1,<environment.Job instance at 0x7f443f4d2a00>,7,25,[6 4],8,-1,33,-1,8
1,<environment.Job instance at 0x7f443f434820>,8,25,[8 1],9,-1,34,-1,9
1,<environment.Job instance at 0x7f443f4341e0>,9,14,[14  1],10,-1,24,-1,10
1,<environment.Job instance at 0x7f443f4d2500>,11,25,[4 6],12,-1,46,-1,21
1,<environment.Job instance at 0x7f443f4dc410>,15,23,[10  1],16,-1,51,-1,28
1,<environment.Job instance at 0x7f443f4dc1e0>,17,26,[10  2],18,-1,54,-1,28
1,<environment.Job instance at 0x7f443f4dc2d0>,18,3,[ 3 12],19,-1,31,-1,28
1,<environment.Job instance at 0x7f443f4dc5f0>,14,27,[10  1],15,-1,55,-1,28
1,<environment.Job instance at 0x7f443ebdd410>,22,25,[10  1],23,-1,68,-1,43
1,<environment.Job instance at 0x7f443ebddaa0>,25,24,[4 8],26,-1,68,-1,44
1,<environment.Job instance at 0x7f443dcb7910>,27,2,[12  5],28,-1,46,-1,44
1,<environment.Job instance at 0x7f443e2e7b40>,29,14,[ 2 11],30,-1,58,-1,44
1,<environment.Job instance at 0x7f443e2d2280>,32,13,[12  1],33,-1,73,-1,60
1,<environment.Job instance at 0x7f443e2d21e0>,33,28,[13  1],34,-1,88,-1,60
1,<environment.Job instance at 0x7f443f630050>,36,16,[ 4 14],37,-1,77,-1,61
1,<environment.Job instance at 0x7f443e86aaa0>,39,25,[9 1],40,-1,105,-1,80
1,<environment.Job instance at 0x7f443f5e7c30>,41,13,[13  1],42,-1,93,-1,80
1,<environment.Job instance at 0x7f443f5e70a0>,42,17,[ 2 12],43,-1,97,-1,80
1,<environment.Job instance at 0x7f443e7d93c0>,43,14,[11  1],44,-1,94,-1,80
1,<environment.Job instance at 0x7f443f5e7cd0>,44,26,[14  4],45,-1,106,-1,80
1,<environment.Job instance at 0x7f443ef17640>,48,13,[ 2 11],49,-1,106,-1,93
1,<environment.Job instance at 0x7f443e645e10>,49,28,[1 7],50,-1,123,-1,95
1,<environment.Job instance at 0x7f443e645c30>,50,15,[ 3 12],51,-1,110,-1,95
1,<environment.Job instance at 0x7f443de4baf0>,47,25,[10  1],48,-1,134,-1,109
1,<environment.Job instance at 0x7f443e2725f0>,53,3,[ 5 14],54,-1,112,-1,109
1,<environment.Job instance at 0x7f443e272780>,54,28,[14  2],55,-1,137,-1,109
1,<environment.Job instance at 0x7f443f11edc0>,55,20,[ 5 11],56,-1,129,-1,109
1,<environment.Job instance at 0x7f443f6363c0>,59,14,[12  2],60,-1,126,-1,112
1,<environment.Job instance at 0x7f443f636f50>,64,28,[ 3 11],65,-1,158,-1,130
1,<environment.Job instance at 0x7f443e04de10>,65,1,[ 3 12],66,-1,131,-1,130
1,<environment.Job instance at 0x7f443e04de60>,66,14,[11  2],67,-1,144,-1,130
1,<environment.Job instance at 0x7f443e306050>,71,23,[1 8],72,-1,187,-1,164
1,<environment.Job instance at 0x7f443e3060a0>,73,15,[ 2 14],74,-1,179,-1,164
1,<environment.Job instance at 0x7f443e3060f0>,74,27,[ 4 13],75,-1,191,-1,164
1,<environment.Job instance at 0x7f443ed5bbe0>,76,23,[3 9],77,-1,201,-1,178
1,<environment.Job instance at 0x7f443ed5baf0>,78,3,[14  1],79,-1,181,-1,178
1,<environment.Job instance at 0x7f443dc5e050>,1,16,[ 2 10],2,-1,19,-1,3
1,<environment.Job instance at 0x7f4447bf3f50>,3,21,[4 8],4,-1,25,-1,4
1,<environment.Job instance at 0x7f443e0a7dc0>,4,16,[9 1],5,-1,21,-1,5
1,<environment.Job instance at 0x7f443dc5e690>,2,17,[5 1],3,-1,23,-1,6
1,<environment.Job instance at 0x7f443e0a7140>,6,21,[8 5],7,-1,30,-1,9
1,<environment.Job instance at 0x7f443dc5e960>,8,24,[7 5],9,-1,33,-1,9
1,<environment.Job instance at 0x7f443ed52190>,14,18,[5 8],15,-1,33,-1,15
1,<environment.Job instance at 0x7f443eac36e0>,17,12,[10  4],18,-1,31,-1,19
1,<environment.Job instance at 0x7f443eac30f0>,19,25,[9 5],20,-1,45,-1,20
1,<environment.Job instance at 0x7f443e368f50>,20,18,[7 1],21,-1,39,-1,21
1,<environment.Job instance at 0x7f443e3684b0>,21,25,[1 7],22,-1,47,-1,22
1,<environment.Job instance at 0x7f443e368d20>,22,19,[5 8],23,-1,42,-1,23
1,<environment.Job instance at 0x7f443e368780>,23,16,[7 4],24,-1,40,-1,24
1,<environment.Job instance at 0x7f443e8260f0>,30,26,[8 4],31,-1,62,-1,36
1,<environment.Job instance at 0x7f443edb9dc0>,18,17,[4 7],19,-1,53,-1,36
1,<environment.Job instance at 0x7f443f0d9370>,35,17,[9 3],36,-1,54,-1,37
1,<environment.Job instance at 0x7f443f009cd0>,38,23,[ 4 10],39,-1,62,-1,39
1,<environment.Job instance at 0x7f443f0d9190>,41,20,[14  5],42,-1,84,-1,64
1,<environment.Job instance at 0x7f443e7c7960>,32,13,[8 1],33,-1,77,-1,64
1,<environment.Job instance at 0x7f443f399050>,36,20,[ 1 10],37,-1,84,-1,64
1,<environment.Job instance at 0x7f443df704b0>,52,18,[13  5],53,-1,192,-1,174
1,<environment.Job instance at 0x7f443eabe640>,0,17,[11  4],1,-1,18,-1,1
1,<environment.Job instance at 0x7f443f612640>,10,25,[ 1 14],11,-1,43,-1,18
1,<environment.Job instance at 0x7f443e5bd4b0>,8,24,[7 5],9,-1,42,-1,18
1,<environment.Job instance at 0x7f443e302dc0>,13,15,[12  2],14,-1,33,-1,18
1,<environment.Job instance at 0x7f443e306cd0>,19,25,[9 5],20,-1,61,-1,36
1,<environment.Job instance at 0x7f443e841370>,21,25,[1 7],22,-1,61,-1,36
1,<environment.Job instance at 0x7f443f2565f0>,24,1,[11  2],25,-1,49,-1,48
1,<environment.Job instance at 0x7f443f319460>,25,2,[ 5 11],26,-1,50,-1,48
1,<environment.Job instance at 0x7f443e794eb0>,26,14,[13  2],27,-1,62,-1,48
1,<environment.Job instance at 0x7f443dd9b230>,28,13,[13  3],29,-1,61,-1,48
1,<environment.Job instance at 0x7f443f380460>,29,25,[ 3 11],30,-1,73,-1,48
1,<environment.Job instance at 0x7f443dd9beb0>,30,26,[8 4],31,-1,78,-1,52
1,<environment.Job instance at 0x7f443f63f820>,33,14,[12  3],34,-1,78,-1,64
1,<environment.Job instance at 0x7f443f213320>,37,3,[12  5],38,-1,80,-1,77
1,<environment.Job instance at 0x7f443f2136e0>,38,23,[ 4 10],39,-1,100,-1,77
1,<environment.Job instance at 0x7f443dc91f00>,40,19,[ 4 14],41,-1,96,-1,77
1,<environment.Job instance at 0x7f443dc918c0>,41,20,[14  5],42,-1,97,-1,77
1,<environment.Job instance at 0x7f443dc91a50>,44,28,[5 8],45,-1,123,-1,95
1,<environment.Job instance at 0x7f443dc91730>,45,2,[11  2],46,-1,97,-1,95
1,<environment.Job instance at 0x7f443dc5e6e0>,46,14,[14  2],47,-1,109,-1,95
1,<environment.Job instance at 0x7f443e0a2c30>,48,27,[ 5 13],49,-1,122,-1,95
1,<environment.Job instance at 0x7f443dccb6e0>,50,27,[1 5],51,-1,125,-1,98
1,<environment.Job instance at 0x7f443dccbb90>,52,18,[13  5],53,-1,116,-1,98
1,<environment.Job instance at 0x7f443dccbcd0>,53,12,[ 3 13],54,-1,110,-1,98
1,<environment.Job instance at 0x7f443dccb0a0>,54,13,[ 1 13],55,-1,111,-1,98
1,<environment.Job instance at 0x7f443dccb410>,55,28,[ 1 11],56,-1,126,-1,98
1,<environment.Job instance at 0x7f443dccb9b0>,57,26,[13  4],58,-1,125,-1,99
1,<environment.Job instance at 0x7f443eb8a1e0>,59,14,[13  1],60,-1,114,-1,100
1,<environment.Job instance at 0x7f443eb8a320>,60,12,[14  5],61,-1,112,-1,100
1,<environment.Job instance at 0x7f443eb8a500>,61,20,[ 2 14],62,-1,120,-1,100
1,<environment.Job instance at 0x7f443eb8aaa0>,63,14,[14  2],64,-1,114,-1,100
1,<environment.Job instance at 0x7f443eb8adc0>,64,27,[8 2],65,-1,143,-1,116
1,<environment.Job instance at 0x7f443e2ff960>,74,14,[13  1],75,-1,164,-1,150
1,<environment.Job instance at 0x7f443e2ff730>,75,16,[ 1 11],76,-1,166,-1,150
1,<environment.Job instance at 0x7f443e2ffc30>,76,19,[14  4],77,-1,169,-1,150
1,<environment.Job instance at 0x7f443e2ff1e0>,79,24,[ 5 10],80,-1,192,-1,168
1,<environment.Job instance at 0x7f443e2ff5a0>,81,18,[12  5],82,-1,186,-1,168
1,<environment.Job instance at 0x7f443e2ff690>,82,26,[5 8],83,-1,204,-1,178
1,<environment.Job instance at 0x7f443dca3a50>,85,1,[13  2],86,-1,180,-1,179
1,<environment.Job instance at 0x7f443eea2dc0>,1,22,[9 3],2,-1,25,-1,3
1,<environment.Job instance at 0x7f443eabe410>,2,27,[6 1],3,-1,30,-1,3
1,<environment.Job instance at 0x7f443e5b7e60>,0,13,[11  4],1,-1,14,-1,1
1,<environment.Job instance at 0x7f443e5b7640>,2,27,[6 1],3,-1,30,-1,3
1,<environment.Job instance at 0x7f443e5b7c30>,3,15,[11  2],4,-1,19,-1,4
1,<environment.Job instance at 0x7f443e0af910>,5,23,[ 2 14],6,-1,29,-1,6
1,<environment.Job instance at 0x7f443e0afeb0>,9,24,[ 1 14],10,-1,34,-1,10
1,<environment.Job instance at 0x7f443e3c3230>,10,19,[12  3],11,-1,30,-1,11
1,<environment.Job instance at 0x7f443e3c3be0>,11,25,[12  5],12,-1,37,-1,12
1,<environment.Job instance at 0x7f443e0afa50>,13,13,[14  3],14,-1,27,-1,14
1,<environment.Job instance at 0x7f443e3c33c0>,16,2,[ 2 12],17,-1,19,-1,17
1,<environment.Job instance at 0x7f443e0af0f0>,6,27,[8 4],7,-1,51,-1,24
1,<environment.Job instance at 0x7f443ea120a0>,22,27,[12  2],23,-1,69,-1,42
1,<environment.Job instance at 0x7f443ea12280>,23,25,[7 3],24,-1,67,-1,42
1,<environment.Job instance at 0x7f443ea12370>,24,23,[11  3],25,-1,65,-1,42
1,<environment.Job instance at 0x7f443dd33e60>,27,27,[ 5 14],28,-1,77,-1,50
1,<environment.Job instance at 0x7f443dd339b0>,28,26,[ 3 13],29,-1,76,-1,50
1,<environment.Job instance at 0x7f443dd333c0>,29,15,[ 5 12],30,-1,65,-1,50
1,<environment.Job instance at 0x7f443ea12230>,25,27,[9 4],26,-1,83,-1,56
1,<environment.Job instance at 0x7f443dd33640>,32,15,[ 1 13],33,-1,71,-1,56
1,<environment.Job instance at 0x7f443dd334b0>,33,23,[ 2 14],34,-1,79,-1,56
1,<environment.Job instance at 0x7f443e3cbaa0>,35,13,[13  1],36,-1,72,-1,59
1,<environment.Job instance at 0x7f443e3cba00>,36,14,[11  1],37,-1,73,-1,59
1,<environment.Job instance at 0x7f443e3cba50>,37,25,[ 3 14],38,-1,84,-1,59
1,<environment.Job instance at 0x7f443e72d910>,41,24,[ 2 10],42,-1,104,-1,80
1,<environment.Job instance at 0x7f443e72d5f0>,43,12,[ 1 14],44,-1,92,-1,80
1,<environment.Job instance at 0x7f443e5af4b0>,47,22,[11  3],48,-1,116,-1,94
1,<environment.Job instance at 0x7f443e5afc30>,48,23,[ 5 12],49,-1,117,-1,94
1,<environment.Job instance at 0x7f443e5af410>,50,28,[11  3],51,-1,135,-1,107
1,<environment.Job instance at 0x7f443e5af3c0>,51,1,[11  4],52,-1,108,-1,107
1,<environment.Job instance at 0x7f443e5af370>,52,27,[7 1],53,-1,134,-1,107
1,<environment.Job instance at 0x7f443e5af0a0>,54,16,[13  3],55,-1,123,-1,107
1,<environment.Job instance at 0x7f443e5afb40>,57,23,[ 3 11],58,-1,143,-1,120
1,<environment.Job instance at 0x7f443e550910>,58,24,[8 3],59,-1,147,-1,123
1,<environment.Job instance at 0x7f443e550e60>,61,20,[13  3],62,-1,143,-1,123
1,<environment.Job instance at 0x7f443e1d00a0>,63,14,[14  2],64,-1,137,-1,123
1,<environment.Job instance at 0x7f443e1d0b90>,64,2,[13  4],65,-1,125,-1,123
1,<environment.Job instance at 0x7f443e1d0aa0>,65,27,[5 1],66,-1,150,-1,123
1,<environment.Job instance at 0x7f4447f68460>,69,27,[ 1 13],70,-1,166,-1,139
1,<environment.Job instance at 0x7f4447f684b0>,70,23,[9 1],71,-1,164,-1,141
1,<environment.Job instance at 0x7f443dca3960>,72,20,[11  1],73,-1,161,-1,141
1,<environment.Job instance at 0x7f443dca3a00>,73,16,[13  1],74,-1,157,-1,141
1,<environment.Job instance at 0x7f443dca3820>,75,12,[ 2 13],76,-1,155,-1,143
1,<environment.Job instance at 0x7f4447f68140>,68,23,[2 9],69,-1,176,-1,153
1,<environment.Job instance at 0x7f443dca38c0>,76,28,[6 4],77,-1,188,-1,160
1,<environment.Job instance at 0x7f443dca3230>,79,25,[ 5 10],80,-1,191,-1,166
1,<environment.Job instance at 0x7f443e2ff140>,82,16,[ 3 11],83,-1,182,-1,166
1,<environment.Job instance at 0x7f443e2ff4b0>,85,17,[13  3],86,-1,183,-1,166
1,<environment.Job instance at 0x7f443e2ff2d0>,89,18,[12  4],90,-1,197,-1,179
1,<environment.Job instance at 0x7f443e2fff00>,90,15,[11  1],91,-1,194,-1,179
1,<environment.Job instance at 0x7fa9b4180a50>,2,22,[4 8],3,-1,25,-1,3
1,<environment.Job instance at 0x7fa9b4180c30>,5,24,[1 5],6,-1,30,-1,6
1,<environment.Job instance at 0x7fa9b4180b90>,7,25,[6 2],8,-1,33,-1,8
1,<environment.Job instance at 0x7fa9b41bf460>,0,28,[9 3],1,-1,29,-1,1
1,<environment.Job instance at 0x7fa9b41d8af0>,1,22,[11  3],2,-1,24,-1,2
1,<environment.Job instance at 0x7fa9b42ca780>,3,3,[ 4 14],4,-1,7,-1,4
1,<environment.Job instance at 0x7fa9b4178e60>,8,22,[14  3],9,-1,31,-1,9
1,<environment.Job instance at 0x7fa9b41787d0>,9,18,[ 2 13],10,-1,28,-1,10
1,<environment.Job instance at 0x7fa9b41789b0>,10,18,[ 3 11],11,-1,29,-1,11
1,<environment.Job instance at 0x7fa9b4178050>,13,28,[ 4 14],14,-1,42,-1,14
1,<environment.Job instance at 0x7fa9b4320c80>,5,24,[1 5],6,-1,43,-1,19
1,<environment.Job instance at 0x7fa9b4178410>,7,25,[6 2],8,-1,50,-1,25
1,<environment.Job instance at 0x7fa9b42a4d70>,17,28,[ 5 10],18,-1,54,-1,26
1,<environment.Job instance at 0x7fa9b42a4c80>,18,3,[ 4 13],19,-1,29,-1,26
1,<environment.Job instance at 0x7fa9b4253d20>,19,14,[ 3 11],20,-1,40,-1,26
1,<environment.Job instance at 0x7fa9b4253870>,20,1,[13  5],21,-1,27,-1,26
1,<environment.Job instance at 0x7fa9b4305140>,23,27,[ 1 14],24,-1,53,-1,26
1,<environment.Job instance at 0x7fa9b420bbe0>,25,27,[8 1],26,-1,67,-1,40
1,<environment.Job instance at 0x7fa9b424ff00>,26,26,[5 5],27,-1,69,-1,43
1,<environment.Job instance at 0x7fa9b4435be0>,29,25,[ 4 11],30,-1,68,-1,43
1,<environment.Job instance at 0x7fa9b4244aa0>,30,22,[ 5 13],31,-1,65,-1,43
1,<environment.Job instance at 0x7fa9b42891e0>,28,25,[5 7],29,-1,68,-1,43
1,<environment.Job instance at 0x7fa9b4225e60>,33,1,[11  3],34,-1,44,-1,43
1,<environment.Job instance at 0x7fa9b439fc80>,31,27,[4 8],32,-1,72,-1,45
1,<environment.Job instance at 0x7fa9b4328cd0>,37,13,[ 3 14],38,-1,58,-1,45
1,<environment.Job instance at 0x7fa9b4328280>,38,28,[ 2 12],39,-1,73,-1,45
1,<environment.Job instance at 0x7fa9b4242730>,40,24,[5 6],41,-1,71,-1,47
1,<environment.Job instance at 0x7fa9b42429b0>,42,27,[5 2],43,-1,74,-1,47
1,<environment.Job instance at 0x7fa9b4242e10>,45,24,[ 1 13],46,-1,80,-1,56
1,<environment.Job instance at 0x7fa9b4242370>,47,17,[12  2],48,-1,80,-1,63
1,<environment.Job instance at 0x7fa9b4242410>,50,16,[ 2 11],51,-1,87,-1,71
1,<environment.Job instance at 0x7fa9b42d6230>,51,16,[12  2],52,-1,87,-1,71
1,<environment.Job instance at 0x7fa9b432df50>,53,27,[8 5],54,-1,103,-1,76
1,<environment.Job instance at 0x7fa9b432d2d0>,55,13,[13  1],56,-1,89,-1,76
1,<environment.Job instance at 0x7fa9b42a0500>,61,23,[1 5],62,-1,146,-1,123
1,<environment.Job instance at 0x7fa9b42a0910>,66,13,[ 2 14],67,-1,152,-1,139
1,<environment.Job instance at 0x7fa9b423d2d0>,68,27,[ 1 10],69,-1,186,-1,159
1,<environment.Job instance at 0x7fa9b423d5a0>,70,13,[ 3 12],71,-1,172,-1,159
1,<environment.Job instance at 0x7fa9b423d500>,72,28,[5 1],73,-1,189,-1,161
1,<environment.Job instance at 0x7fa9b4272230>,76,14,[ 4 11],77,-1,179,-1,165
1,<environment.Job instance at 0x7fa9b38cc820>,0,18,[10  3],1,-1,20,-1,2
1,<environment.Job instance at 0x7fa9b38cc4b0>,1,17,[12  2],2,-1,19,-1,2
1,<environment.Job instance at 0x7fa9b3b89550>,7,20,[5 3],8,-1,29,-1,9
1,<environment.Job instance at 0x7fa9b39bc320>,8,3,[10  1],9,-1,12,-1,9
1,<environment.Job instance at 0x7fa9b3b02050>,11,14,[2 7],12,-1,27,-1,13
1,<environment.Job instance at 0x7fa9b38d1820>,12,24,[7 5],13,-1,37,-1,13
1,<environment.Job instance at 0x7fa9b3a1a5f0>,27,19,[10  5],28,-1,47,-1,28
1,<environment.Job instance at 0x7fa9b3753b90>,43,26,[8 3],44,-1,162,-1,136
1,<environment.Job instance at 0x7fa9b3753b40>,46,22,[11  1],47,-1,177,-1,155
1,<environment.Job instance at 0x7fa9b419daf0>,1,17,[12  2],2,-1,19,-1,2
1,<environment.Job instance at 0x7fa9b419d8c0>,2,28,[2 8],3,-1,31,-1,3
1,<environment.Job instance at 0x7fa9b3b28050>,12,24,[7 5],13,-1,43,-1,19
1,<environment.Job instance at 0x7fa9b419d0a0>,14,28,[2 7],15,-1,49,-1,21
1,<environment.Job instance at 0x7fa9b419d280>,15,28,[9 2],16,-1,50,-1,22
1,<environment.Job instance at 0x7fa9b392e640>,20,20,[ 3 13],21,-1,44,-1,24
1,<environment.Job instance at 0x7fa9b3a8c6e0>,21,1,[ 2 14],22,-1,25,-1,24
1,<environment.Job instance at 0x7fa9b398ff00>,22,2,[12  2],23,-1,26,-1,24
1,<environment.Job instance at 0x7fa9b3935690>,25,16,[11  1],26,-1,42,-1,26
1,<environment.Job instance at 0x7fa9b39326e0>,28,17,[11  3],29,-1,47,-1,30
1,<environment.Job instance at 0x7fa9b3932c80>,31,18,[12  4],32,-1,60,-1,42
1,<environment.Job instance at 0x7fa9b3932be0>,30,25,[6 2],31,-1,76,-1,51
1,<environment.Job instance at 0x7fa9b3949f00>,33,26,[11  5],34,-1,77,-1,51
1,<environment.Job instance at 0x7fa9b3941460>,37,15,[13  5],38,-1,80,-1,65
1,<environment.Job instance at 0x7fa9b39414b0>,40,27,[14  3],41,-1,99,-1,72
1,<environment.Job instance at 0x7fa9b394d960>,42,26,[ 4 10],43,-1,104,-1,78
1,<environment.Job instance at 0x7fa9b39461e0>,43,26,[8 3],44,-1,104,-1,78
1,<environment.Job instance at 0x7fa9b3946fa0>,44,1,[12  1],45,-1,79,-1,78
1,<environment.Job instance at 0x7fa9b3946870>,45,19,[ 2 13],46,-1,97,-1,78
1,<environment.Job instance at 0x7fa9b3946d70>,46,22,[11  1],47,-1,100,-1,78
1,<environment.Job instance at 0x7fa9b3aa3be0>,47,22,[ 1 13],48,-1,100,-1,78
1,<environment.Job instance at 0x7fa9b39574b0>,50,23,[7 3],51,-1,114,-1,91
1,<environment.Job instance at 0x7fa9b3950eb0>,53,24,[14  3],54,-1,115,-1,91
1,<environment.Job instance at 0x7fa9b3950460>,55,21,[12  3],56,-1,112,-1,91
1,<environment.Job instance at 0x7fa9b3950e10>,57,28,[4 5],58,-1,124,-1,96
1,<environment.Job instance at 0x7fa9b399b820>,59,22,[14  1],60,-1,118,-1,96
1,<environment.Job instance at 0x7fa9b399bc30>,60,3,[11  3],61,-1,99,-1,96
1,<environment.Job instance at 0x7fa9b399b5f0>,61,27,[ 4 13],62,-1,123,-1,96
1,<environment.Job instance at 0x7fa9b399baf0>,62,26,[8 4],63,-1,123,-1,97
1,<environment.Job instance at 0x7fa9b399b500>,65,16,[14  1],66,-1,125,-1,109
1,<environment.Job instance at 0x7fa9b39a3af0>,70,25,[ 3 10],71,-1,174,-1,149
1,<environment.Job instance at 0x7fa9b3a01640>,74,12,[13  2],75,-1,161,-1,149
1,<environment.Job instance at 0x7fa9b3ad0d70>,75,24,[1 5],76,-1,173,-1,149
1,<environment.Job instance at 0x7fa9b395d3c0>,76,23,[3 6],77,-1,172,-1,149
1,<environment.Job instance at 0x7fa9b39547d0>,72,27,[3 9],73,-1,176,-1,149
1,<environment.Job instance at 0x7fa9b39a8910>,81,17,[12  5],82,-1,170,-1,153
1,<environment.Job instance at 0x7fa9b39a8550>,82,12,[13  5],83,-1,165,-1,153
1,<environment.Job instance at 0x7fa9b395d460>,79,26,[9 4],80,-1,182,-1,156
1,<environment.Job instance at 0x7fa9b39a80a0>,84,25,[1 5],85,-1,181,-1,156
1,<environment.Job instance at 0x7fa9b39a8a50>,87,15,[ 2 14],88,-1,173,-1,158
1,<environment.Job instance at 0x7fa9b39a8dc0>,90,14,[14  5],91,-1,185,-1,171
1,<environment.Job instance at 0x7fa9b39a8690>,91,13,[ 5 13],92,-1,184,-1,171
1,<environment.Job instance at 0x7fa9b3adbb40>,94,18,[11  3],95,-1,205,-1,187
1,<environment.Job instance at 0x7fa9b38f3140>,96,25,[5 2],97,-1,213,-1,188
1,<environment.Job instance at 0x7fa9b3812500>,4,16,[10  4],5,-1,24,-1,8
1,<environment.Job instance at 0x7fa9b3812b90>,9,18,[9 5],10,-1,28,-1,10
1,<environment.Job instance at 0x7fa9b3812140>,10,26,[9 4],11,-1,37,-1,11
1,<environment.Job instance at 0x7fa9b3812320>,13,17,[7 2],14,-1,31,-1,14
1,<environment.Job instance at 0x7fa9b37b0460>,15,20,[3 8],16,-1,36,-1,16
1,<environment.Job instance at 0x7fa9b37b0f50>,19,17,[4 8],20,-1,37,-1,20
1,<environment.Job instance at 0x7fa9b37b0e10>,29,22,[12  3],30,-1,52,-1,30
1,<environment.Job instance at 0x7fa9b37b0320>,24,22,[1 7],25,-1,52,-1,30
1,<environment.Job instance at 0x7fa9b37b0960>,22,17,[ 5 14],23,-1,49,-1,32
1,<environment.Job instance at 0x7fa9b37b0370>,31,16,[5 9],32,-1,49,-1,33
1,<environment.Job instance at 0x7fa9b37b0f00>,20,21,[7 4],21,-1,55,-1,34
1,<environment.Job instance at 0x7fa9b37b0550>,16,26,[ 3 12],17,-1,60,-1,34
1,<environment.Job instance at 0x7fa9b380c9b0>,30,14,[ 5 10],31,-1,48,-1,34
1,<environment.Job instance at 0x7fa9b380caf0>,33,17,[5 1],34,-1,52,-1,35
1,<environment.Job instance at 0x7fa9b380ca00>,34,17,[8 4],35,-1,52,-1,35
1,<environment.Job instance at 0x7fa9b380c410>,37,13,[9 4],38,-1,53,-1,40
1,<environment.Job instance at 0x7fa9b380c140>,42,16,[5 5],43,-1,59,-1,43
1,<environment.Job instance at 0x7fa9b37dbe60>,54,24,[ 3 10],55,-1,96,-1,72
1,<environment.Job instance at 0x7fa9b37db7d0>,51,23,[ 3 13],52,-1,95,-1,72
1,<environment.Job instance at 0x7fa9b37dbd70>,49,23,[ 4 11],50,-1,96,-1,73
1,<environment.Job instance at 0x7fa9b37db410>,57,14,[5 7],58,-1,87,-1,73
1,<environment.Job instance at 0x7fa9b37db280>,60,25,[5 8],61,-1,98,-1,73
1,<environment.Job instance at 0x7fa9b37db820>,58,18,[4 7],59,-1,92,-1,74
1,<environment.Job instance at 0x7fa9b37db6e0>,63,21,[6 4],64,-1,97,-1,76
1,<environment.Job instance at 0x7fa9b380c730>,35,28,[10  3],36,-1,135,-1,107
1,<environment.Job instance at 0x7fa9b380ce10>,46,24,[14  2],47,-1,141,-1,117
1,<environment.Job instance at 0x7fa9b37dbd20>,59,14,[ 1 14],60,-1,132,-1,118
1,<environment.Job instance at 0x7fa9b37c2910>,66,16,[12  4],67,-1,136,-1,120
1,<environment.Job instance at 0x7fa9b37c2af0>,67,13,[10  3],68,-1,136,-1,123
1,<environment.Job instance at 0x7fa9b37c2dc0>,71,18,[ 4 13],72,-1,142,-1,124
1,<environment.Job instance at 0x7fa9b37c2050>,72,23,[11  2],73,-1,152,-1,129
1,<environment.Job instance at 0x7fa9b37c2b90>,68,13,[5 1],69,-1,142,-1,129
1,<environment.Job instance at 0x7fa9b37b0820>,27,17,[14  5],28,-1,146,-1,129
1,<environment.Job instance at 0x7fa9b37c2140>,73,1,[11  5],74,-1,132,-1,131
1,<environment.Job instance at 0x7fa9b3781cd0>,76,17,[7 4],77,-1,156,-1,139
1,<environment.Job instance at 0x7fa9b37c20a0>,74,19,[8 2],75,-1,158,-1,139
1,<environment.Job instance at 0x7fa9b3781a50>,80,18,[14  2],81,-1,171,-1,153
1,<environment.Job instance at 0x7fa9b3781b40>,83,16,[6 3],84,-1,169,-1,153
1,<environment.Job instance at 0x7fa9b3781370>,85,28,[2 8],86,-1,181,-1,153
1,<environment.Job instance at 0x7fa9b3781280>,87,27,[9 3],88,-1,189,-1,162
1,<environment.Job instance at 0x7fa9b37819b0>,79,21,[9 2],80,-1,183,-1,162
1,<environment.Job instance at 0x7fa9b37810f0>,88,15,[13  3],89,-1,177,-1,162
1,<environment.Job instance at 0x7fa9b4afbaa0>,1,17,[12  4],2,-1,19,-1,2
1,<environment.Job instance at 0x7fa9b3b67820>,5,3,[12  3],6,-1,9,-1,6
1,<environment.Job instance at 0x7fa9b3efe460>,6,12,[ 5 14],7,-1,19,-1,7
1,<environment.Job instance at 0x7fa9b48f4780>,10,26,[9 4],11,-1,47,-1,21
1,<environment.Job instance at 0x7fa9b3baa5a0>,14,22,[ 1 12],15,-1,43,-1,21
1,<environment.Job instance at 0x7fa9bd2f6f50>,16,26,[ 3 12],17,-1,47,-1,21
1,<environment.Job instance at 0x7fa9b3baa230>,17,1,[ 2 14],18,-1,22,-1,21
1,<environment.Job instance at 0x7fa9bd354aa0>,21,2,[ 2 14],22,-1,25,-1,23
1,<environment.Job instance at 0x7fa9b3bd6d20>,22,17,[ 5 14],23,-1,40,-1,23
1,<environment.Job instance at 0x7fa9b39c16e0>,23,3,[ 2 11],24,-1,27,-1,24
1,<environment.Job instance at 0x7fa9b3bab0f0>,25,2,[12  2],26,-1,28,-1,26
1,<environment.Job instance at 0x7fa9b3bd61e0>,27,17,[14  5],28,-1,45,-1,28
1,<environment.Job instance at 0x7fa9b3babeb0>,28,2,[13  3],29,-1,31,-1,29
1,<environment.Job instance at 0x7fa9b3babe10>,29,22,[12  3],30,-1,52,-1,30
1,<environment.Job instance at 0x7fa9bd366370>,35,28,[10  3],36,-1,90,-1,62
1,<environment.Job instance at 0x7fa9b3a91c80>,40,25,[14  4],41,-1,92,-1,67
1,<environment.Job instance at 0x7fa9b3ba81e0>,46,24,[14  2],47,-1,107,-1,83
1,<environment.Job instance at 0x7fa9b3ba8cd0>,47,3,[ 5 11],48,-1,86,-1,83
1,<environment.Job instance at 0x7fa9b3b8ff00>,48,2,[ 2 12],49,-1,85,-1,83
1,<environment.Job instance at 0x7fa9b3b8f5a0>,49,23,[ 4 11],50,-1,106,-1,83
1,<environment.Job instance at 0x7fa9b3b612d0>,51,23,[ 3 13],52,-1,109,-1,86
1,<environment.Job instance at 0x7fa9b3b610a0>,54,24,[ 3 10],55,-1,119,-1,95
1,<environment.Job instance at 0x7fa9b3b222d0>,59,14,[ 1 14],60,-1,126,-1,112
1,<environment.Job instance at 0x7fa9b3b615a0>,60,25,[5 8],61,-1,153,-1,128
1,<environment.Job instance at 0x7fa9b3b22d20>,61,27,[7 4],62,-1,155,-1,128
1,<environment.Job instance at 0x7fa9b3898410>,66,16,[12  4],67,-1,147,-1,131
1,<environment.Job instance at 0x7fa9b39bbc80>,71,18,[ 4 13],72,-1,163,-1,145
1,<environment.Job instance at 0x7fa9b39bbfa0>,72,23,[11  2],73,-1,168,-1,145
1,<environment.Job instance at 0x7fa9b3b2c320>,73,1,[11  5],74,-1,146,-1,145
1,<environment.Job instance at 0x7fa9b3b2c910>,75,19,[14  4],76,-1,167,-1,148
1,<environment.Job instance at 0x7fa9b3b25690>,77,14,[ 5 11],78,-1,175,-1,161
1,<environment.Job instance at 0x7fa9b3b25be0>,80,18,[14  2],81,-1,196,-1,178
1,<environment.Job instance at 0x7fa9b3b25c80>,81,16,[ 5 11],82,-1,194,-1,178
1,<environment.Job instance at 0x7fa9bd7c9d20>,0,14,[12  4],1,-1,15,-1,1
1,<environment.Job instance at 0x7fa9b3b66dc0>,1,18,[11  5],2,-1,20,-1,2
1,<environment.Job instance at 0x7fa9b3b66640>,3,12,[14  4],4,-1,16,-1,4
1,<environment.Job instance at 0x7fa9b3b66d20>,5,25,[8 1],6,-1,31,-1,6
1,<environment.Job instance at 0x7fa9b3b66280>,7,21,[ 5 14],8,-1,29,-1,8
1,<environment.Job instance at 0x7fa9b3b66c80>,10,28,[2 8],11,-1,39,-1,11
1,<environment.Job instance at 0x7fa9b3b66d70>,12,27,[9 3],13,-1,47,-1,20
1,<environment.Job instance at 0x7fa9b49dc500>,15,28,[ 1 13],16,-1,48,-1,20
1,<environment.Job instance at 0x7fa9b49dc6e0>,18,2,[ 4 11],19,-1,23,-1,21
1,<environment.Job instance at 0x7fa9b49dcb40>,20,28,[2 7],21,-1,50,-1,22
1,<environment.Job instance at 0x7fa9b49dc780>,19,26,[9 4],20,-1,59,-1,33
1,<environment.Job instance at 0x7fa9b3f4a0a0>,22,22,[ 5 14],23,-1,55,-1,33
1,<environment.Job instance at 0x7fa9b49dce60>,23,20,[14  1],24,-1,53,-1,33
1,<environment.Job instance at 0x7fa9b3db9730>,34,26,[1 5],35,-1,95,-1,69
1,<environment.Job instance at 0x7fa9b3ca91e0>,35,22,[11  4],36,-1,91,-1,69
1,<environment.Job instance at 0x7fa9b3e6aeb0>,36,21,[11  3],37,-1,90,-1,69
1,<environment.Job instance at 0x7fa9b3ca43c0>,37,23,[ 4 10],38,-1,101,-1,78
1,<environment.Job instance at 0x7fa9b3ca4640>,38,19,[14  3],39,-1,97,-1,78
1,<environment.Job instance at 0x7fa9b3bcf370>,40,15,[11  4],41,-1,93,-1,78
1,<environment.Job instance at 0x7fa9b3bcfaa0>,41,17,[11  1],42,-1,95,-1,78
1,<environment.Job instance at 0x7fa9b3a36730>,42,2,[ 1 14],43,-1,80,-1,78
1,<environment.Job instance at 0x7fa9b3a36550>,43,12,[13  2],44,-1,90,-1,78
1,<environment.Job instance at 0x7fa9b3bd03c0>,45,15,[ 2 11],46,-1,94,-1,79
1,<environment.Job instance at 0x7fa9b3bd0410>,46,23,[7 4],47,-1,102,-1,79
1,<environment.Job instance at 0x7fa9b3aae5f0>,54,28,[10  3],55,-1,133,-1,105
1,<environment.Job instance at 0x7fa9b3898b90>,55,25,[12  3],56,-1,130,-1,105
1,<environment.Job instance at 0x7fa9b3b222d0>,60,16,[14  3],61,-1,142,-1,126
1,<environment.Job instance at 0x7fa9b3b61a50>,66,21,[12  5],67,-1,178,-1,157
1,<environment.Job instance at 0x7fa9b3b61c30>,68,25,[6 1],69,-1,197,-1,172
1,<environment.Job instance at 0x7fa9b3b8f370>,69,24,[11  4],70,-1,196,-1,172
1,<environment.Job instance at 0x7fa9b3b61460>,71,27,[5 1],72,-1,212,-1,185
1,<environment.Job instance at 0x7fa9b3ba81e0>,73,17,[14  5],74,-1,203,-1,186
1,<environment.Job instance at 0x7fa9b3ba8550>,77,13,[13  1],78,-1,202,-1,189
1,<environment.Job instance at 0x7fa9b432e640>,0,17,[9 4],1,-1,19,-1,2
1,<environment.Job instance at 0x7fa9b3dfd2d0>,1,23,[11  4],2,-1,25,-1,2
1,<environment.Job instance at 0x7fa9b432e460>,2,18,[4 8],3,-1,21,-1,3
1,<environment.Job instance at 0x7fa9b45f4230>,7,15,[ 5 10],8,-1,23,-1,8
1,<environment.Job instance at 0x7fa9b45d21e0>,8,28,[6 4],9,-1,37,-1,9
1,<environment.Job instance at 0x7fa9b45f4a50>,11,25,[ 2 14],12,-1,43,-1,18
1,<environment.Job instance at 0x7fa9b45d59b0>,12,13,[5 8],13,-1,32,-1,19
1,<environment.Job instance at 0x7fa9b45d5a50>,16,27,[10  1],17,-1,52,-1,25
1,<environment.Job instance at 0x7fa9b45d5870>,18,15,[ 5 10],19,-1,42,-1,27
1,<environment.Job instance at 0x7fa9b45d5780>,19,17,[5 7],20,-1,45,-1,28
1,<environment.Job instance at 0x7fa9b45d5f50>,20,28,[13  5],21,-1,56,-1,28
1,<environment.Job instance at 0x7fa9b45e4320>,21,19,[4 8],22,-1,48,-1,29
1,<environment.Job instance at 0x7fa9b45d56e0>,14,18,[ 4 10],15,-1,47,-1,29
1,<environment.Job instance at 0x7fa9b4980370>,25,14,[11  2],26,-1,43,-1,29
1,<environment.Job instance at 0x7fa9b45f6c80>,27,18,[9 4],28,-1,53,-1,35
1,<environment.Job instance at 0x7fa9b45e4e60>,22,16,[ 4 10],23,-1,52,-1,36
1,<environment.Job instance at 0x7fa9b4975eb0>,30,16,[2 8],31,-1,52,-1,36
1,<environment.Job instance at 0x7fa9b4985190>,40,24,[11  5],41,-1,78,-1,54
1,<environment.Job instance at 0x7fa9b4cda730>,44,17,[10  5],45,-1,80,-1,63
1,<environment.Job instance at 0x7fa9b3b5d910>,32,13,[ 2 13],33,-1,76,-1,63
1,<environment.Job instance at 0x7fa9b4cda1e0>,46,18,[14  2],47,-1,81,-1,63
1,<environment.Job instance at 0x7fa9b45fb690>,47,27,[5 7],48,-1,91,-1,64
1,<environment.Job instance at 0x7fa9b4cc3140>,35,13,[5 1],36,-1,77,-1,64
1,<environment.Job instance at 0x7fa9b45fbd20>,48,16,[1 5],49,-1,80,-1,64
1,<environment.Job instance at 0x7fa9b4cda140>,45,17,[3 6],46,-1,81,-1,64
1,<environment.Job instance at 0x7fa9b4cd2f00>,50,1,[ 5 12],51,-1,65,-1,64
1,<environment.Job instance at 0x7fa9b3b5e870>,34,14,[ 3 13],35,-1,78,-1,64
1,<environment.Job instance at 0x7fa9b4cd5050>,52,16,[ 2 13],53,-1,80,-1,64
1,<environment.Job instance at 0x7fa9b4cd2230>,49,21,[12  3],50,-1,85,-1,64
1,<environment.Job instance at 0x7fa9b4cd5500>,51,13,[9 3],52,-1,77,-1,64
1,<environment.Job instance at 0x7fa9b4cba780>,55,13,[14  1],56,-1,77,-1,64
1,<environment.Job instance at 0x7fa9b4cbaeb0>,58,27,[4 9],59,-1,91,-1,64
1,<environment.Job instance at 0x7fa9b4cba730>,54,13,[6 5],55,-1,77,-1,64
1,<environment.Job instance at 0x7fa9b4cba0a0>,61,16,[2 8],62,-1,80,-1,64
1,<environment.Job instance at 0x7fa9b4cbaf00>,62,25,[2 7],63,-1,89,-1,64
1,<environment.Job instance at 0x7fa9b4cd3500>,64,12,[11  5],65,-1,77,-1,65
1,<environment.Job instance at 0x7fa9b4ce3870>,36,26,[ 1 12],37,-1,91,-1,65
1,<environment.Job instance at 0x7fa9b4cd3be0>,65,21,[9 4],66,-1,87,-1,66
1,<environment.Job instance at 0x7fa9b4cd3c80>,66,20,[5 9],67,-1,87,-1,67
1,<environment.Job instance at 0x7fa9b4cd3eb0>,71,18,[9 3],72,-1,98,-1,80
1,<environment.Job instance at 0x7fa9b4cd3f00>,69,20,[11  5],70,-1,100,-1,80
1,<environment.Job instance at 0x7fa9b3f743c0>,76,22,[ 4 10],77,-1,179,-1,157
1,<environment.Job instance at 0x7fa9b3f748c0>,82,26,[5 8],83,-1,183,-1,157
1,<environment.Job instance at 0x7fa9b3f74500>,78,28,[13  2],79,-1,188,-1,160
1,<environment.Job instance at 0x7fa9b3f74780>,83,13,[1 7],84,-1,173,-1,160
1,<environment.Job instance at 0x7fa9b3f74b40>,87,13,[ 1 14],88,-1,175,-1,162
1,<environment.Job instance at 0x7fa9b3f74460>,77,22,[13  5],78,-1,186,-1,164
1,<environment.Job instance at 0x7fa9b3f74c80>,89,13,[7 5],90,-1,177,-1,164
1,<environment.Job instance at 0x7fa9b3f74eb0>,92,18,[ 2 11],93,-1,182,-1,164
1,<environment.Job instance at 0x7fa9b3f74af0>,84,23,[1 5],85,-1,187,-1,164
1,<environment.Job instance at 0x7fa9b3f9e460>,97,14,[8 1],98,-1,178,-1,164
1,<environment.Job instance at 0x7fa9b3f9e0f0>,98,16,[ 4 10],99,-1,180,-1,164
1,<environment.Job instance at 0x7fa9b3f9e550>,99,18,[ 5 14],100,-1,182,-1,164
1,<environment.Job instance at 0x7fa9b3f9e500>,100,17,[ 3 13],101,-1,181,-1,164
1,<environment.Job instance at 0x7fa9b3f9e640>,101,23,[13  3],102,-1,187,-1,164
1,<environment.Job instance at 0x7fa9b3f9e730>,102,18,[ 2 12],103,-1,182,-1,164
1,<environment.Job instance at 0x7fa9b3f9e870>,104,21,[6 5],105,-1,185,-1,164
1,<environment.Job instance at 0x7fa9b3f74d20>,90,21,[13  2],91,-1,185,-1,164
1,<environment.Job instance at 0x7fa9b3f9e690>,106,26,[7 4],107,-1,190,-1,164
1,<environment.Job instance at 0x7fa9b3f9e320>,96,12,[5 4],97,-1,176,-1,164
1,<environment.Job instance at 0x7fa9b3f9ebe0>,109,15,[4 9],110,-1,179,-1,164
1,<environment.Job instance at 0x7fa9b3f9e910>,110,15,[7 5],111,-1,179,-1,164
1,<environment.Job instance at 0x7fa9b3b5da00>,1,23,[11  4],2,-1,25,-1,2
1,<environment.Job instance at 0x7fa9b3b5d9b0>,4,15,[12  4],5,-1,20,-1,5
1,<environment.Job instance at 0x7fa9b4cbac30>,5,2,[ 1 12],6,-1,8,-1,6
1,<environment.Job instance at 0x7fa9b4cba910>,9,14,[14  3],10,-1,24,-1,10
1,<environment.Job instance at 0x7fa9b45f4b40>,3,23,[2 7],4,-1,41,-1,18
1,<environment.Job instance at 0x7fa9b3f74e60>,11,25,[ 2 14],12,-1,43,-1,18
1,<environment.Job instance at 0x7fa9b4caa050>,8,28,[6 4],9,-1,46,-1,18
1,<environment.Job instance at 0x7fa9b3f7c140>,15,3,[ 3 14],16,-1,24,-1,21
1,<environment.Job instance at 0x7fa9b3b4c140>,16,27,[10  1],17,-1,58,-1,31
1,<environment.Job instance at 0x7fa9b453fd70>,20,28,[13  5],21,-1,71,-1,43
1,<environment.Job instance at 0x7fa9b42ec0f0>,24,2,[ 2 14],25,-1,60,-1,58
1,<environment.Job instance at 0x7fa9b42ec410>,25,14,[11  2],26,-1,72,-1,58
1,<environment.Job instance at 0x7fa9b42ecbe0>,28,3,[14  5],29,-1,65,-1,62
1,<environment.Job instance at 0x7fa9b42ecd70>,29,1,[ 3 12],30,-1,63,-1,62
1,<environment.Job instance at 0x7fa9b42ecaa0>,32,13,[ 2 13],33,-1,90,-1,77
1,<environment.Job instance at 0x7fa9b42ec460>,33,23,[5 1],34,-1,102,-1,79
1,<environment.Job instance at 0x7fa9b3c86050>,34,14,[ 3 13],35,-1,93,-1,79
1,<environment.Job instance at 0x7fa9b388a4b0>,36,26,[ 1 12],37,-1,105,-1,79
1,<environment.Job instance at 0x7fa9b42f2140>,40,24,[11  5],41,-1,111,-1,87
1,<environment.Job instance at 0x7fa9b42f2230>,46,18,[14  2],47,-1,124,-1,106
1,<environment.Job instance at 0x7fa9b42f2730>,47,27,[5 7],48,-1,136,-1,109
1,<environment.Job instance at 0x7fa9b42f28c0>,49,21,[12  3],50,-1,130,-1,109
1,<environment.Job instance at 0x7fa9b42f2280>,50,1,[ 5 12],51,-1,110,-1,109
1,<environment.Job instance at 0x7fa9b42f2d20>,52,16,[ 2 13],53,-1,131,-1,115
1,<environment.Job instance at 0x7fa9b42f2fa0>,55,13,[14  1],56,-1,141,-1,128
1,<environment.Job instance at 0x7fa9b42f2320>,56,3,[ 5 13],57,-1,131,-1,128
1,<environment.Job instance at 0x7fa9b42f2690>,57,20,[ 2 13],58,-1,148,-1,128
1,<environment.Job instance at 0x7fa9b4289e10>,58,27,[4 9],59,-1,159,-1,132
1,<environment.Job instance at 0x7fa9b42890f0>,59,3,[ 2 13],60,-1,135,-1,132
1,<environment.Job instance at 0x7fa9b4289a50>,60,2,[ 4 12],61,-1,134,-1,132
1,<environment.Job instance at 0x7fa9b42891e0>,62,25,[2 7],63,-1,166,-1,141
1,<environment.Job instance at 0x7fa9b4289d70>,64,12,[11  5],65,-1,153,-1,141
1,<environment.Job instance at 0x7fa9b4289640>,67,21,[12  5],68,-1,179,-1,158
1,<environment.Job instance at 0x7fa9b4289870>,69,20,[11  5],70,-1,178,-1,158
1,<environment.Job instance at 0x7fa9b42895a0>,72,28,[5 7],73,-1,192,-1,164
1,<environment.Job instance at 0x7fa9b4289730>,73,12,[ 4 11],74,-1,176,-1,164
1,<environment.Job instance at 0x7fa9b42b4dc0>,74,25,[13  4],75,-1,189,-1,164
1,<environment.Job instance at 0x7fa9b42b4280>,75,21,[ 1 12],76,-1,185,-1,164
1,<environment.Job instance at 0x7fa9b42b4820>,77,22,[13  5],78,-1,186,-1,164
1,<environment.Job instance at 0x7fa9b42b40f0>,78,28,[13  2],79,-1,192,-1,164
1,<environment.Job instance at 0x7fa9b42b4cd0>,80,24,[7 3],81,-1,196,-1,172
1,<environment.Job instance at 0x7fa9b42b4370>,82,26,[5 8],83,-1,211,-1,185
1,<environment.Job instance at 0x7fa9b41df050>,84,23,[1 5],85,-1,208,-1,185
1,<environment.Job instance at 0x7fa9b41df1e0>,86,2,[ 5 13],87,-1,187,-1,185
1,<environment.Job instance at 0x7fa9b41df370>,87,13,[ 1 14],88,-1,198,-1,185
1,<environment.Job instance at 0x7fa9b3bce0f0>,3,17,[ 2 10],4,-1,24,-1,7
1,<environment.Job instance at 0x7fa9b3bc1460>,6,19,[7 1],7,-1,27,-1,8
1,<environment.Job instance at 0x7fa9b3bc1780>,8,18,[9 2],9,-1,28,-1,10
1,<environment.Job instance at 0x7fa9b3bc0e10>,10,24,[4 5],11,-1,35,-1,11
1,<environment.Job instance at 0x7fa9b3bc01e0>,11,14,[5 5],12,-1,26,-1,12
1,<environment.Job instance at 0x7fa9b3bc0280>,13,25,[ 5 10],14,-1,39,-1,14
1,<environment.Job instance at 0x7fa9b3bc0460>,18,27,[7 4],19,-1,46,-1,19
1,<environment.Job instance at 0x7fa9b3bc18c0>,9,19,[2 7],10,-1,45,-1,26
1,<environment.Job instance at 0x7fa9b3dd0550>,31,23,[ 4 13],32,-1,122,-1,99
1,<environment.Job instance at 0x7fa9b4adee10>,45,22,[2 6],46,-1,121,-1,99
1,<environment.Job instance at 0x7fa9b4adef00>,47,17,[7 4],48,-1,118,-1,101
1,<environment.Job instance at 0x7fa9b4adefa0>,38,22,[6 4],39,-1,128,-1,106
1,<environment.Job instance at 0x7fa9b3bbf190>,37,15,[8 5],38,-1,121,-1,106
1,<environment.Job instance at 0x7fa9b4ade460>,49,2,[6 2],50,-1,108,-1,106
1,<environment.Job instance at 0x7fa9b4adec80>,53,3,[9 1],54,-1,109,-1,106
1,<environment.Job instance at 0x7fa9b4ade3c0>,50,14,[11  3],51,-1,121,-1,107
1,<environment.Job instance at 0x7fa9b4ade2d0>,54,16,[4 9],55,-1,128,-1,112
1,<environment.Job instance at 0x7fa9b4ade690>,48,23,[5 5],49,-1,135,-1,112
1,<environment.Job instance at 0x7fa9b4ade410>,55,22,[6 1],56,-1,135,-1,113
1,<environment.Job instance at 0x7fa9b4933780>,58,12,[5 9],59,-1,125,-1,113
1,<environment.Job instance at 0x7fa9b4933320>,60,2,[14  2],61,-1,115,-1,113
1,<environment.Job instance at 0x7fa9b4933910>,62,23,[ 3 10],63,-1,137,-1,114
1,<environment.Job instance at 0x7fa9b4933140>,59,18,[5 9],60,-1,132,-1,114
1,<environment.Job instance at 0x7fa9b4933d20>,63,17,[10  3],64,-1,131,-1,114
1,<environment.Job instance at 0x7fa9b49337d0>,65,16,[8 4],66,-1,132,-1,116
1,<environment.Job instance at 0x7fa9b4933690>,67,22,[5 7],68,-1,138,-1,116
1,<environment.Job instance at 0x7fa9b4bb1690>,72,17,[8 5],73,-1,173,-1,156
1,<environment.Job instance at 0x7fa9b4bb1a50>,74,23,[5 5],75,-1,179,-1,156
1,<environment.Job instance at 0x7fa9b4bb1e10>,80,27,[5 2],81,-1,183,-1,156
1,<environment.Job instance at 0x7fa9b4bb1be0>,76,14,[9 5],77,-1,170,-1,156
1,<environment.Job instance at 0x7fa9b4bb1d20>,81,17,[6 4],82,-1,173,-1,156
1,<environment.Job instance at 0x7fa9b4bb1370>,77,25,[7 3],78,-1,182,-1,157
1,<environment.Job instance at 0x7fa9b4bb1280>,82,17,[4 7],83,-1,174,-1,157
1,<environment.Job instance at 0x7fa9b4bb1eb0>,84,13,[10  5],85,-1,170,-1,157
1,<environment.Job instance at 0x7fa9b4bccb90>,92,15,[8 1],93,-1,172,-1,157
1,<environment.Job instance at 0x7fa9b4bb1c30>,87,21,[7 1],88,-1,178,-1,157
1,<environment.Job instance at 0x7fa9b4bccaa0>,94,20,[ 2 11],95,-1,178,-1,158
1,<environment.Job instance at 0x7fa9b4bcc050>,96,15,[ 4 10],97,-1,174,-1,159
1,<environment.Job instance at 0x7fa9b4bcce60>,97,26,[3 7],98,-1,185,-1,159
1,<environment.Job instance at 0x7fa9b4bccc80>,98,26,[4 6],99,-1,185,-1,159
1,<environment.Job instance at 0x7fa9b4bb19b0>,86,12,[5 1],87,-1,173,-1,161
1,<environment.Job instance at 0x7fa9b4adeeb0>,39,16,[14  5],40,-1,189,-1,173
1,<environment.Job instance at 0x7fa9b4bcc870>,100,20,[4 9],101,-1,195,-1,175
1,<environment.Job instance at 0x7fa9b4bcc190>,99,14,[ 3 14],100,-1,189,-1,175
1,<environment.Job instance at 0x7fa9b3bc0500>,15,14,[11  2],16,-1,189,-1,175
1,<environment.Job instance at 0x7fa9b4bccc30>,103,20,[1 8],104,-1,196,-1,176
1,<environment.Job instance at 0x7fa9b3de49b0>,106,18,[ 4 10],107,-1,195,-1,177
1,<environment.Job instance at 0x7fa9b3de4a50>,109,28,[11  4],110,-1,205,-1,177
1,<environment.Job instance at 0x7fa9b3de4aa0>,110,22,[ 5 12],111,-1,199,-1,177
1,<environment.Job instance at 0x7fa9b3de45f0>,111,15,[10  5],112,-1,192,-1,177
1,<environment.Job instance at 0x7fa9b3de43c0>,108,14,[ 2 12],109,-1,191,-1,177
1,<environment.Job instance at 0x7fa9b400d5a0>,113,22,[3 8],114,-1,201,-1,179
1,<environment.Job instance at 0x7fa9b4974aa0>,114,16,[4 7],115,-1,195,-1,179
1,<environment.Job instance at 0x7fa9b3de4be0>,112,25,[9 5],113,-1,204,-1,179
1,<environment.Job instance at 0x7fa9b3dd0a00>,0,13,[11  1],1,-1,14,-1,1
1,<environment.Job instance at 0x7fa9b3dd0d20>,1,3,[ 2 11],2,-1,5,-1,2
1,<environment.Job instance at 0x7fa9b4bac640>,12,12,[13  3],13,-1,33,-1,21
1,<environment.Job instance at 0x7fa9b4ade320>,10,24,[4 5],11,-1,46,-1,22
1,<environment.Job instance at 0x7fa9b49734b0>,13,25,[ 5 10],14,-1,47,-1,22
1,<environment.Job instance at 0x7fa9bd33bf00>,15,14,[11  2],16,-1,36,-1,22
1,<environment.Job instance at 0x7fa9b3f5e1e0>,16,15,[ 3 14],17,-1,37,-1,22
1,<environment.Job instance at 0x7fa9b429c370>,18,27,[7 4],19,-1,52,-1,25
1,<environment.Job instance at 0x7fa9b3bced70>,23,2,[ 1 12],24,-1,39,-1,37
1,<environment.Job instance at 0x7fa9b41df0f0>,26,14,[ 4 12],27,-1,54,-1,40
1,<environment.Job instance at 0x7fa9b41dfa00>,28,25,[ 1 14],29,-1,78,-1,53
1,<environment.Job instance at 0x7fa9b41dfbe0>,29,14,[11  5],30,-1,67,-1,53
1,<environment.Job instance at 0x7fa9b41df780>,31,23,[ 4 13],32,-1,81,-1,58
1,<environment.Job instance at 0x7fa9b4201cd0>,32,19,[11  1],33,-1,77,-1,58
1,<environment.Job instance at 0x7fa9b388a4b0>,33,3,[ 4 11],34,-1,61,-1,58
1,<environment.Job instance at 0x7fa9b453fd70>,36,13,[ 3 13],37,-1,81,-1,68
1,<environment.Job instance at 0x7fa9b3f7c320>,39,16,[14  5],40,-1,92,-1,76
1,<environment.Job instance at 0x7fa9b3f74e60>,42,1,[14  3],43,-1,82,-1,81
1,<environment.Job instance at 0x7fa9b3b5d9b0>,48,23,[5 5],49,-1,115,-1,92
1,<environment.Job instance at 0x7fa9b45f4c30>,50,14,[11  3],51,-1,106,-1,92
1,<environment.Job instance at 0x7fa9b4cb3870>,52,1,[11  2],53,-1,93,-1,92
1,<environment.Job instance at 0x7fa9b3bb0370>,60,2,[14  2],61,-1,129,-1,127
1,<environment.Job instance at 0x7fa9b3bb04b0>,62,23,[ 3 10],63,-1,166,-1,143
1,<environment.Job instance at 0x7fa9b3ad0c80>,66,14,[13  2],67,-1,159,-1,145
1,<environment.Job instance at 0x7fa9b3b01870>,68,24,[ 1 14],69,-1,179,-1,155
1,<environment.Job instance at 0x7fa9b45d3500>,74,23,[5 5],75,-1,198,-1,175
1,<environment.Job instance at 0x7fa9b45d34b0>,75,23,[ 2 12],76,-1,198,-1,175
1,<environment.Job instance at 0x7fa9b45ec690>,78,1,[12  5],79,-1,176,-1,175
1,<environment.Job instance at 0x7fa9b401e3c0>,79,13,[11  2],80,-1,188,-1,175
1,<environment.Job instance at 0x7fa9b4007d20>,77,25,[7 3],78,-1,214,-1,189
1,<environment.Job instance at 0x7fa9b45ed460>,80,27,[5 2],81,-1,216,-1,189
1,<environment.Job instance at 0x7fa9b42d7d70>,1,21,[2 6],2,-1,23,-1,2
1,<environment.Job instance at 0x7fa9b4993b90>,4,18,[ 2 10],5,-1,24,-1,6
1,<environment.Job instance at 0x7fa9b4993e60>,6,14,[9 5],7,-1,21,-1,7
1,<environment.Job instance at 0x7fa9b49943c0>,7,14,[8 5],8,-1,22,-1,8
1,<environment.Job instance at 0x7fa9b4994190>,8,25,[9 4],9,-1,34,-1,9
1,<environment.Job instance at 0x7fa9b495bc80>,10,17,[1 5],11,-1,28,-1,11
1,<environment.Job instance at 0x7fa9b4987aa0>,15,16,[2 9],16,-1,36,-1,20
1,<environment.Job instance at 0x7fa9b4987410>,22,16,[13  4],23,-1,41,-1,25
1,<environment.Job instance at 0x7fa9b4963b90>,23,18,[9 3],24,-1,43,-1,25
1,<environment.Job instance at 0x7fa9b495bdc0>,12,28,[ 5 13],13,-1,54,-1,26
1,<environment.Job instance at 0x7fa9b41df730>,5,17,[5 5],6,-1,44,-1,27
1,<environment.Job instance at 0x7fa9b4993eb0>,16,26,[4 9],17,-1,71,-1,45
1,<environment.Job instance at 0x7fa9b3be0c30>,33,13,[5 5],34,-1,58,-1,45
1,<environment.Job instance at 0x7fa9b4030f00>,25,21,[5 6],26,-1,68,-1,47
1,<environment.Job instance at 0x7fa9b4464e10>,28,12,[ 2 12],29,-1,60,-1,48
1,<environment.Job instance at 0x7fa9b478c320>,38,17,[10  1],39,-1,65,-1,48
1,<environment.Job instance at 0x7fa9b478d280>,39,16,[ 2 13],40,-1,64,-1,48
1,<environment.Job instance at 0x7fa9b4047050>,40,16,[ 5 12],41,-1,64,-1,48
1,<environment.Job instance at 0x7fa9b4047730>,41,12,[11  1],42,-1,60,-1,48
1,<environment.Job instance at 0x7fa9b3feb7d0>,42,20,[9 5],43,-1,68,-1,48
1,<environment.Job instance at 0x7fa9b3ba70f0>,34,18,[ 1 11],35,-1,66,-1,48
1,<environment.Job instance at 0x7fa9b3feb3c0>,43,15,[11  4],44,-1,63,-1,48
1,<environment.Job instance at 0x7fa9b3fc3be0>,36,17,[7 5],37,-1,66,-1,49
1,<environment.Job instance at 0x7fa9b4629190>,45,26,[10  5],46,-1,75,-1,49
1,<environment.Job instance at 0x7fa9b4963c30>,24,16,[ 5 12],25,-1,66,-1,50
1,<environment.Job instance at 0x7fa9b3feb4b0>,48,18,[4 5],49,-1,68,-1,50
1,<environment.Job instance at 0x7fa9b3ba7c30>,37,13,[4 8],38,-1,70,-1,57
1,<environment.Job instance at 0x7fa9b49876e0>,13,15,[12  1],14,-1,76,-1,61
1,<environment.Job instance at 0x7fa9b4770c80>,49,18,[4 9],50,-1,80,-1,62
1,<environment.Job instance at 0x7fa9b4770e10>,52,19,[2 5],53,-1,81,-1,62
1,<environment.Job instance at 0x7fa9b4767230>,53,14,[ 3 10],54,-1,76,-1,62
1,<environment.Job instance at 0x7fa9b4770d70>,51,13,[9 3],52,-1,75,-1,62
1,<environment.Job instance at 0x7fa9b47674b0>,55,27,[3 8],56,-1,90,-1,63
1,<environment.Job instance at 0x7fa9b4629e60>,44,17,[ 2 14],45,-1,80,-1,63
1,<environment.Job instance at 0x7fa9b477a190>,56,12,[1 9],57,-1,75,-1,63
1,<environment.Job instance at 0x7fa9b477a640>,58,28,[2 6],59,-1,91,-1,63
1,<environment.Job instance at 0x7fa9b477a500>,59,28,[7 1],60,-1,91,-1,63
1,<environment.Job instance at 0x7fa9b477a1e0>,60,26,[10  3],61,-1,89,-1,63
1,<environment.Job instance at 0x7fa9b477abe0>,61,27,[5 2],62,-1,90,-1,63
1,<environment.Job instance at 0x7fa9b477a410>,62,12,[ 3 13],63,-1,75,-1,63
1,<environment.Job instance at 0x7fa9b4770b40>,50,25,[1 7],51,-1,88,-1,63
1,<environment.Job instance at 0x7fa9b477acd0>,65,15,[ 1 12],66,-1,157,-1,142
1,<environment.Job instance at 0x7fa9b4616960>,72,22,[8 3],73,-1,164,-1,142
1,<environment.Job instance at 0x7fa9b46167d0>,70,19,[5 8],71,-1,161,-1,142
1,<environment.Job instance at 0x7fa9b4616b40>,75,21,[5 8],76,-1,163,-1,142
1,<environment.Job instance at 0x7fa9b4616d20>,78,17,[ 1 10],79,-1,159,-1,142
1,<environment.Job instance at 0x7fa9b4616aa0>,74,12,[9 2],75,-1,154,-1,142
1,<environment.Job instance at 0x7fa9b4616e60>,80,12,[11  2],81,-1,154,-1,142
1,<environment.Job instance at 0x7fa9b4616f00>,81,18,[ 3 11],82,-1,160,-1,142
1,<environment.Job instance at 0x7fa9b4616dc0>,79,16,[7 4],80,-1,158,-1,142
1,<environment.Job instance at 0x7fa9b4616fa0>,82,15,[3 6],83,-1,157,-1,142
1,<environment.Job instance at 0x7fa9b462e140>,84,24,[2 8],85,-1,166,-1,142
1,<environment.Job instance at 0x7fa9b462e1e0>,85,24,[5 7],86,-1,166,-1,142
1,<environment.Job instance at 0x7fa9b462e280>,86,13,[14  2],87,-1,157,-1,144
1,<environment.Job instance at 0x7fa9b462e0a0>,83,15,[1 7],84,-1,159,-1,144
1,<environment.Job instance at 0x7fa9b462e500>,90,26,[1 8],91,-1,181,-1,155
1,<environment.Job instance at 0x7fa9b462e640>,92,12,[5 2],93,-1,167,-1,155
1,<environment.Job instance at 0x7fa9b476d7d0>,68,17,[4 7],69,-1,173,-1,156
1,<environment.Job instance at 0x7fa9b4987f00>,17,27,[10  5],18,-1,183,-1,156
1,<environment.Job instance at 0x7fa9b462e6e0>,93,18,[7 1],94,-1,178,-1,160
1,<environment.Job instance at 0x7fa9b3de69b0>,2,23,[ 2 12],3,-1,26,-1,3
1,<environment.Job instance at 0x7fa9b3de6c80>,3,27,[8 3],4,-1,31,-1,4
1,<environment.Job instance at 0x7fa9b3de6550>,12,28,[ 5 13],13,-1,61,-1,33
1,<environment.Job instance at 0x7fa9b3dcd550>,13,15,[12  1],14,-1,48,-1,33
1,<environment.Job instance at 0x7fa9b3dcd140>,14,3,[ 5 14],15,-1,36,-1,33
1,<environment.Job instance at 0x7fa9b3de6870>,8,25,[9 4],9,-1,62,-1,37
1,<environment.Job instance at 0x7fa9b3dcdcd0>,17,27,[10  5],18,-1,64,-1,37
1,<environment.Job instance at 0x7fa9b3dcd690>,16,26,[4 9],17,-1,78,-1,52
1,<environment.Job instance at 0x7fa9b3dcdaa0>,22,16,[13  4],23,-1,68,-1,52
1,<environment.Job instance at 0x7fa9b3dcddc0>,24,16,[ 5 12],25,-1,70,-1,54
1,<environment.Job instance at 0x7fa9b4bca2d0>,28,12,[ 2 12],29,-1,69,-1,57
1,<environment.Job instance at 0x7fa9b3bee050>,34,18,[ 1 11],35,-1,86,-1,68
1,<environment.Job instance at 0x7fa9b3bff4b0>,39,16,[ 2 13],40,-1,99,-1,83
1,<environment.Job instance at 0x7fa9b39d7640>,40,16,[ 5 12],41,-1,99,-1,83
1,<environment.Job instance at 0x7fa9b4cd3280>,41,12,[11  1],42,-1,95,-1,83
1,<environment.Job instance at 0x7fa9b3bb09b0>,43,15,[11  4],44,-1,109,-1,94
1,<environment.Job instance at 0x7fa9b3bb05a0>,44,17,[ 2 14],45,-1,111,-1,94
1,<environment.Job instance at 0x7fa9b3bb0dc0>,45,26,[10  5],46,-1,126,-1,100
1,<environment.Job instance at 0x7fa9b45d5910>,50,25,[1 7],51,-1,143,-1,118
1,<environment.Job instance at 0x7fa9b3b5da00>,55,27,[3 8],56,-1,177,-1,150
1,<environment.Job instance at 0x7fa9b3f7c370>,58,28,[2 6],59,-1,178,-1,150
1,<environment.Job instance at 0x7fa9b3f7c140>,59,28,[7 1],60,-1,179,-1,151
1,<environment.Job instance at 0x7fa9b453fd70>,61,27,[5 2],62,-1,178,-1,151
1,<environment.Job instance at 0x7fa9b41df5a0>,62,12,[ 3 13],63,-1,163,-1,151
1,<environment.Job instance at 0x7fa9b41df410>,63,17,[14  5],64,-1,168,-1,151
1,<environment.Job instance at 0x7fa9b41df050>,64,15,[14  2],65,-1,166,-1,151
1,<environment.Job instance at 0x7fa9b41df1e0>,65,15,[ 1 12],66,-1,166,-1,151
1,<environment.Job instance at 0x7fa9b453f2d0>,60,26,[10  3],61,-1,191,-1,165
1,<environment.Job instance at 0x7fa9b429c050>,69,12,[ 1 12],70,-1,177,-1,165
1,<environment.Job instance at 0x7fa9b475d190>,1,17,[10  3],2,-1,20,-1,3
1,<environment.Job instance at 0x7fa9b4854e10>,3,13,[11  3],4,-1,17,-1,4
1,<environment.Job instance at 0x7fa9b3dc8a50>,2,18,[ 2 11],3,-1,29,-1,11
1,<environment.Job instance at 0x7fa9b48549b0>,14,22,[3 5],15,-1,51,-1,29
1,<environment.Job instance at 0x7fa9b3e1c320>,26,13,[ 4 11],27,-1,47,-1,34
1,<environment.Job instance at 0x7fa9b4854780>,16,18,[ 5 11],17,-1,71,-1,53
1,<environment.Job instance at 0x7fa9b4854550>,17,20,[9 5],18,-1,86,-1,66
1,<environment.Job instance at 0x7fa9b3e1c2d0>,27,17,[5 9],28,-1,84,-1,67
1,<environment.Job instance at 0x7fa9b3e1ce60>,31,14,[9 5],32,-1,81,-1,67
1,<environment.Job instance at 0x7fa9b48546e0>,19,25,[13  1],20,-1,92,-1,67
1,<environment.Job instance at 0x7fa9b3e1c050>,28,17,[9 4],29,-1,85,-1,68
1,<environment.Job instance at 0x7fa9b4854370>,6,23,[ 5 13],7,-1,91,-1,68
1,<environment.Job instance at 0x7fa9b3e1c870>,24,17,[13  5],25,-1,85,-1,68
1,<environment.Job instance at 0x7fa9b3e1c910>,35,15,[1 8],36,-1,84,-1,69
1,<environment.Job instance at 0x7fa9b3e1cdc0>,38,20,[2 9],39,-1,89,-1,69
1,<environment.Job instance at 0x7fa9b3e1cbe0>,39,27,[1 9],40,-1,117,-1,90
1,<environment.Job instance at 0x7fa9b42e66e0>,47,20,[5 3],48,-1,110,-1,90
1,<environment.Job instance at 0x7fa9b4baaa50>,0,18,[12  3],1,-1,19,-1,1
1,<environment.Job instance at 0x7fa9b4baa550>,2,18,[ 2 11],3,-1,21,-1,3
1,<environment.Job instance at 0x7fa9b4bb1e10>,3,13,[11  3],4,-1,17,-1,4
1,<environment.Job instance at 0x7fa9b4bb1640>,4,18,[13  2],5,-1,23,-1,5
1,<environment.Job instance at 0x7fa9b4bb1870>,6,23,[ 5 13],7,-1,30,-1,7
1,<environment.Job instance at 0x7fa9b3dd04b0>,7,23,[2 7],8,-1,31,-1,8
1,<environment.Job instance at 0x7fa9b3dd0eb0>,8,28,[ 1 10],9,-1,37,-1,9
1,<environment.Job instance at 0x7fa9b3e20fa0>,10,12,[ 4 14],11,-1,23,-1,11
1,<environment.Job instance at 0x7fa9b4933960>,16,18,[ 5 11],17,-1,35,-1,17
1,<environment.Job instance at 0x7fa9b4bcc910>,18,1,[12  3],19,-1,20,-1,19
1,<environment.Job instance at 0x7fa9b4a78280>,19,25,[13  1],20,-1,45,-1,20
1,<environment.Job instance at 0x7fa9b3e6ac80>,23,1,[14  4],24,-1,30,-1,29
1,<environment.Job instance at 0x7fa9b4924870>,24,17,[13  5],25,-1,46,-1,29
1,<environment.Job instance at 0x7fa9b43787d0>,26,13,[ 4 11],27,-1,43,-1,30
1,<environment.Job instance at 0x7fa9b3986a50>,30,28,[ 3 10],31,-1,72,-1,44
1,<environment.Job instance at 0x7fa9b45d0eb0>,39,27,[1 9],40,-1,114,-1,87
1,<environment.Job instance at 0x7fa9b3f5e1e0>,40,25,[ 3 12],41,-1,112,-1,87
1,<environment.Job instance at 0x7fa9b45d0a50>,42,20,[ 1 13],43,-1,107,-1,87
1,<environment.Job instance at 0x7fa9b3bb0410>,45,15,[ 2 11],46,-1,103,-1,88
1,<environment.Job instance at 0x7fa9b3bb0dc0>,48,26,[2 5],49,-1,119,-1,93
1,<environment.Job instance at 0x7fa9b3bb0370>,44,23,[10  3],45,-1,116,-1,93
1,<environment.Job instance at 0x7fa9b4bca7d0>,55,1,[14  3],56,-1,109,-1,108
1,<environment.Job instance at 0x7fa9b3dcdf50>,56,14,[11  1],57,-1,122,-1,108
1,<environment.Job instance at 0x7fa9b3dcdf00>,58,18,[14  5],59,-1,139,-1,121
1,<environment.Job instance at 0x7fa9b3dcd9b0>,59,15,[ 1 12],60,-1,136,-1,121
1,<environment.Job instance at 0x7fa9b3dcd5a0>,63,14,[ 5 11],64,-1,148,-1,134
1,<environment.Job instance at 0x7fa9b3dc8910>,67,16,[14  4],68,-1,167,-1,151
1,<environment.Job instance at 0x7fa9b3dc8af0>,69,16,[ 3 14],70,-1,167,-1,151
1,<environment.Job instance at 0x7fa9b4854690>,74,23,[14  2],75,-1,211,-1,188
1,<environment.Job instance at 0x7fa9b35d20a0>,3,18,[2 5],4,-1,23,-1,5
1,<environment.Job instance at 0x7fa9b35d2cd0>,7,19,[10  4],8,-1,27,-1,8
1,<environment.Job instance at 0x7fa9b35d2410>,9,24,[8 2],10,-1,34,-1,10
1,<environment.Job instance at 0x7fa9b35d2be0>,10,25,[5 8],11,-1,36,-1,11
1,<environment.Job instance at 0x7fa9b35c9730>,15,23,[7 1],16,-1,44,-1,21
1,<environment.Job instance at 0x7fa9b35c9320>,21,18,[1 7],22,-1,40,-1,22
1,<environment.Job instance at 0x7fa9b35c9aa0>,22,19,[4 6],23,-1,42,-1,23
1,<environment.Job instance at 0x7fa9b39b7af0>,0,20,[ 5 13],1,-1,21,-1,1
1,<environment.Job instance at 0x7fa9b39b7aa0>,1,1,[ 5 13],2,-1,3,-1,2
1,<environment.Job instance at 0x7fa9b39b7910>,2,15,[ 3 13],3,-1,18,-1,3
1,<environment.Job instance at 0x7fa9b39ba140>,9,24,[8 2],10,-1,46,-1,22
1,<environment.Job instance at 0x7fa9b3de75a0>,11,15,[11  2],12,-1,37,-1,22
1,<environment.Job instance at 0x7fa9b3de7cd0>,12,15,[14  1],13,-1,37,-1,22
1,<environment.Job instance at 0x7fa9b39baa50>,10,25,[5 8],11,-1,48,-1,23
1,<environment.Job instance at 0x7fa9b39ed910>,15,23,[7 1],16,-1,46,-1,23
1,<environment.Job instance at 0x7fa9b39ed960>,16,23,[5 3],17,-1,46,-1,23
1,<environment.Job instance at 0x7fa9b39e80a0>,17,26,[1 7],18,-1,49,-1,23
1,<environment.Job instance at 0x7fa9b39bab90>,13,25,[ 2 10],14,-1,48,-1,23
1,<environment.Job instance at 0x7fa9b39e8050>,19,13,[ 2 12],20,-1,36,-1,23
1,<environment.Job instance at 0x7fa9b39e89b0>,20,27,[ 1 14],21,-1,50,-1,23
1,<environment.Job instance at 0x7fa9b39cc6e0>,23,28,[ 5 13],24,-1,52,-1,24
1,<environment.Job instance at 0x7fa9b39d0230>,31,1,[ 2 13],32,-1,41,-1,40
1,<environment.Job instance at 0x7fa9b4106f50>,37,2,[11  1],38,-1,59,-1,57
1,<environment.Job instance at 0x7fa9b39c68c0>,43,25,[ 5 10],44,-1,111,-1,86
1,<environment.Job instance at 0x7fa9b39c6730>,44,2,[12  3],45,-1,88,-1,86
1,<environment.Job instance at 0x7fa9b39c66e0>,45,20,[ 4 11],46,-1,106,-1,86
1,<environment.Job instance at 0x7fa9b41248c0>,47,15,[14  2],48,-1,102,-1,87
1,<environment.Job instance at 0x7fa9b4124910>,48,12,[13  3],49,-1,99,-1,87
1,<environment.Job instance at 0x7fa9b39c9320>,52,25,[10  4],53,-1,145,-1,120
1,<environment.Job instance at 0x7fa9b3c75be0>,58,20,[12  2],59,-1,161,-1,141
1,<environment.Job instance at 0x7fa9b48feb40>,60,28,[8 4],61,-1,182,-1,154
1,<environment.Job instance at 0x7fa9b3c779b0>,64,2,[13  1],65,-1,156,-1,154
1,<environment.Job instance at 0x7fa9b42d9c30>,67,3,[12  1],68,-1,173,-1,170
1,<environment.Job instance at 0x7fa9b4ad41e0>,69,19,[13  2],70,-1,190,-1,171
1,<environment.Job instance at 0x7fa9b42cd9b0>,72,1,[ 2 13],73,-1,185,-1,184
1,<environment.Job instance at 0x7fa9b475c320>,0,18,[1 9],1,-1,19,-1,1
1,<environment.Job instance at 0x7fa9b475c460>,3,15,[10  2],4,-1,20,-1,5
1,<environment.Job instance at 0x7fa9b475c730>,5,15,[11  3],6,-1,21,-1,6
1,<environment.Job instance at 0x7fa9b475cd70>,6,28,[4 7],7,-1,35,-1,7
1,<environment.Job instance at 0x7fa9b475c1e0>,7,13,[5 9],8,-1,21,-1,8
1,<environment.Job instance at 0x7fa9b475faa0>,4,14,[8 5],5,-1,23,-1,9
1,<environment.Job instance at 0x7fa9b475cb40>,9,17,[7 5],10,-1,27,-1,10
1,<environment.Job instance at 0x7fa9b47dce60>,14,18,[11  5],15,-1,33,-1,15
1,<environment.Job instance at 0x7fa9b475ce60>,20,13,[ 5 13],21,-1,38,-1,25
1,<environment.Job instance at 0x7fa9b47dcf50>,19,17,[1 8],20,-1,43,-1,26
1,<environment.Job instance at 0x7fa9b47dc550>,27,17,[3 8],28,-1,45,-1,28
1,<environment.Job instance at 0x7fa9b47dc0a0>,25,17,[ 2 10],26,-1,47,-1,30
1,<environment.Job instance at 0x7fa9b47dcc30>,28,23,[3 5],29,-1,53,-1,30
1,<environment.Job instance at 0x7fa9b47dc370>,29,17,[9 2],30,-1,47,-1,30
1,<environment.Job instance at 0x7fa9b47dcaf0>,21,19,[8 4],22,-1,59,-1,40
1,<environment.Job instance at 0x7fa9b47dc6e0>,24,26,[ 5 13],25,-1,70,-1,44
1,<environment.Job instance at 0x7fa9b45d3460>,32,18,[9 5],33,-1,63,-1,45
1,<environment.Job instance at 0x7fa9b47dc230>,33,17,[5 1],34,-1,62,-1,45
1,<environment.Job instance at 0x7fa9b45d3c80>,34,27,[5 6],35,-1,72,-1,45
1,<environment.Job instance at 0x7fa9b47dc460>,31,23,[5 3],32,-1,68,-1,45
1,<environment.Job instance at 0x7fa9b45d3aa0>,35,15,[9 5],36,-1,60,-1,45
1,<environment.Job instance at 0x7fa9b45d3780>,37,26,[ 2 12],38,-1,71,-1,45
1,<environment.Job instance at 0x7fa9b47dc690>,30,13,[8 4],31,-1,58,-1,45
1,<environment.Job instance at 0x7fa9b47dc5f0>,18,25,[5 1],19,-1,70,-1,45
1,<environment.Job instance at 0x7fa9b45d3320>,42,24,[5 1],43,-1,69,-1,45
1,<environment.Job instance at 0x7fa9b45d32d0>,44,17,[5 7],45,-1,62,-1,45
1,<environment.Job instance at 0x7fa9b45d3d70>,47,19,[10  3],48,-1,67,-1,48
1,<environment.Job instance at 0x7fa9b45d3280>,43,17,[ 5 12],44,-1,107,-1,90
1,<environment.Job instance at 0x7fa9b42cc460>,58,12,[12  2],59,-1,102,-1,90
1,<environment.Job instance at 0x7fa9b42ccb90>,59,14,[8 5],60,-1,110,-1,96
1,<environment.Job instance at 0x7fa9b42ccdc0>,61,18,[6 1],62,-1,115,-1,97
1,<environment.Job instance at 0x7fa9b42cc2d0>,63,14,[ 2 11],64,-1,111,-1,97
1,<environment.Job instance at 0x7fa9b42ccaa0>,62,19,[ 4 10],63,-1,116,-1,97
1,<environment.Job instance at 0x7fa9b42cc730>,65,22,[7 1],66,-1,119,-1,97
1,<environment.Job instance at 0x7fa9b42cc0a0>,66,12,[3 5],67,-1,109,-1,97
1,<environment.Job instance at 0x7fa9b3fe28c0>,67,25,[1 7],68,-1,123,-1,98
1,<environment.Job instance at 0x7fa9b42cc4b0>,64,12,[9 4],65,-1,110,-1,98
1,<environment.Job instance at 0x7fa9b3fe26e0>,69,25,[6 4],70,-1,123,-1,98
1,<environment.Job instance at 0x7fa9b3fe2370>,71,27,[8 1],72,-1,125,-1,98
1,<environment.Job instance at 0x7fa9b3fe2a50>,73,20,[ 3 12],74,-1,118,-1,98
1,<environment.Job instance at 0x7fa9b3fe2d20>,75,23,[5 2],76,-1,121,-1,98
1,<environment.Job instance at 0x7fa9b3fe2230>,76,23,[1 6],77,-1,121,-1,98
1,<environment.Job instance at 0x7fa9b3fe2910>,77,23,[10  4],78,-1,121,-1,98
1,<environment.Job instance at 0x7fa9b3fe2320>,78,18,[5 2],79,-1,116,-1,98
1,<environment.Job instance at 0x7fa9b45904b0>,79,21,[ 2 10],80,-1,119,-1,98
1,<environment.Job instance at 0x7fa9b4590320>,80,28,[8 5],81,-1,126,-1,98
1,<environment.Job instance at 0x7fa9b4590370>,81,13,[9 4],82,-1,111,-1,98
1,<environment.Job instance at 0x7fa9b3fe20f0>,68,12,[3 5],69,-1,110,-1,98
1,<environment.Job instance at 0x7fa9b45903c0>,85,14,[10  1],86,-1,113,-1,99
1,<environment.Job instance at 0x7fa9b4590550>,84,18,[5 5],85,-1,124,-1,106
1,<environment.Job instance at 0x7fa9b4590f50>,87,14,[3 7],88,-1,120,-1,106
1,<environment.Job instance at 0x7fa9b4590cd0>,86,26,[ 5 10],87,-1,132,-1,106
1,<environment.Job instance at 0x7fa9b45900a0>,90,17,[3 6],91,-1,123,-1,106
1,<environment.Job instance at 0x7fa9b42cce60>,55,15,[14  2],56,-1,121,-1,106
1,<environment.Job instance at 0x7fa9b42cceb0>,51,24,[1 9],52,-1,130,-1,106
1,<environment.Job instance at 0x7fa9b47dc050>,23,23,[7 5],24,-1,129,-1,106
1,<environment.Job instance at 0x7fa9b4590aa0>,93,19,[ 1 11],94,-1,125,-1,106
1,<environment.Job instance at 0x7fa9b4590d70>,95,27,[6 1],96,-1,133,-1,106
1,<environment.Job instance at 0x7fa9b45909b0>,96,19,[8 2],97,-1,126,-1,107
1,<environment.Job instance at 0x7fa9b3db7730>,5,15,[11  3],6,-1,21,-1,6
1,<environment.Job instance at 0x7fa9b3db76e0>,8,3,[ 4 13],9,-1,19,-1,16
1,<environment.Job instance at 0x7fa9b3db77d0>,6,28,[4 7],7,-1,47,-1,19
1,<environment.Job instance at 0x7fa9b3db7190>,11,12,[13  1],12,-1,31,-1,19
1,<environment.Job instance at 0x7fa9b3db7aa0>,13,13,[ 4 13],14,-1,32,-1,19
1,<environment.Job instance at 0x7fa9b3db7c80>,14,18,[11  5],15,-1,37,-1,19
1,<environment.Job instance at 0x7fa9b3db7f00>,18,25,[5 1],19,-1,69,-1,44
1,<environment.Job instance at 0x7fa9b3dc0640>,20,13,[ 5 13],21,-1,57,-1,44
1,<environment.Job instance at 0x7fa9b3dc0320>,17,24,[10  4],18,-1,84,-1,60
1,<environment.Job instance at 0x7fa9b42bc9b0>,24,26,[ 5 13],25,-1,86,-1,60
1,<environment.Job instance at 0x7fa9bd6f2640>,23,23,[7 5],24,-1,83,-1,60
1,<environment.Job instance at 0x7fa9b42cd9b0>,28,23,[3 5],29,-1,97,-1,74
1,<environment.Job instance at 0x7fa9b42d46e0>,31,23,[5 3],32,-1,111,-1,88
1,<environment.Job instance at 0x7fa9b49150a0>,34,27,[5 6],35,-1,135,-1,108
1,<environment.Job instance at 0x7fa9b479ab40>,37,26,[ 2 12],38,-1,134,-1,108
1,<environment.Job instance at 0x7fa9b4793190>,39,3,[ 2 11],40,-1,111,-1,108
1,<environment.Job instance at 0x7fa9bd6c74b0>,41,16,[14  5],42,-1,126,-1,110
1,<environment.Job instance at 0x7fa9bd6c7e60>,42,24,[5 1],43,-1,144,-1,120
1,<environment.Job instance at 0x7fa9b3d8ceb0>,43,17,[ 5 12],44,-1,137,-1,120
1,<environment.Job instance at 0x7fa9b39c60a0>,51,24,[1 9],52,-1,165,-1,141
1,<environment.Job instance at 0x7fa9b39baaa0>,55,15,[14  2],56,-1,166,-1,151
1,<environment.Job instance at 0x7fa9b39ba6e0>,57,2,[ 5 11],58,-1,155,-1,153
1,<environment.Job instance at 0x7fa9b43ec0a0>,58,12,[12  2],59,-1,165,-1,153
1,<environment.Job instance at 0x7fa9b39ba410>,60,2,[ 4 14],61,-1,155,-1,153
1,<environment.Job instance at 0x7fa9b3dea730>,63,14,[ 2 11],64,-1,177,-1,163
1,<environment.Job instance at 0x7fa9b3deabe0>,67,25,[1 7],68,-1,205,-1,180
1,<environment.Job instance at 0x7fa9b4592c30>,69,25,[6 4],70,-1,205,-1,180
1,<environment.Job instance at 0x7fa9b3dea690>,70,25,[14  3],71,-1,205,-1,180
1,<environment.Job instance at 0x7fa9b3dea5f0>,71,27,[8 1],72,-1,207,-1,180
1,<environment.Job instance at 0x7fa9b41427d0>,73,20,[ 3 12],74,-1,200,-1,180
1,<environment.Job instance at 0x7fa9b478edc0>,75,23,[5 2],76,-1,204,-1,181
1,<environment.Job instance at 0x7fa9b43da730>,0,17,[5 7],1,-1,18,-1,1
1,<environment.Job instance at 0x7fa9b496d730>,3,15,[9 4],4,-1,21,-1,6
1,<environment.Job instance at 0x7fa9b496de60>,5,19,[7 3],6,-1,25,-1,6
1,<environment.Job instance at 0x7fa9b496deb0>,6,22,[3 5],7,-1,29,-1,7
1,<environment.Job instance at 0x7fa9b496ddc0>,7,17,[9 3],8,-1,26,-1,9
1,<environment.Job instance at 0x7fa9b496de10>,9,12,[10  1],10,-1,22,-1,10
1,<environment.Job instance at 0x7fa9b496d870>,10,21,[2 8],11,-1,32,-1,11
1,<environment.Job instance at 0x7fa9b496dcd0>,8,17,[1 6],9,-1,29,-1,12
1,<environment.Job instance at 0x7fa9b496d370>,13,19,[10  1],14,-1,33,-1,14
1,<environment.Job instance at 0x7fa9b496d3c0>,15,18,[1 5],16,-1,34,-1,16
1,<environment.Job instance at 0x7fa9b496d5f0>,17,17,[8 2],18,-1,36,-1,19
1,<environment.Job instance at 0x7fa9b496d280>,18,17,[ 3 12],19,-1,36,-1,19
1,<environment.Job instance at 0x7fa9b34549b0>,19,16,[4 7],20,-1,37,-1,21
1,<environment.Job instance at 0x7fa9b3454d20>,20,27,[14  1],21,-1,48,-1,21
1,<environment.Job instance at 0x7fa9b3454f00>,21,26,[5 6],22,-1,48,-1,22
1,<environment.Job instance at 0x7fa9b34546e0>,27,18,[3 8],28,-1,47,-1,29
1,<environment.Job instance at 0x7fa9b4991230>,35,23,[5 9],36,-1,62,-1,39
1,<environment.Job instance at 0x7fa9b49916e0>,37,18,[1 8],38,-1,57,-1,39
1,<environment.Job instance at 0x7fa9b45b1b40>,2,28,[ 1 12],3,-1,31,-1,3
1,<environment.Job instance at 0x7fa9b39e9f50>,14,1,[ 4 12],15,-1,22,-1,21
1,<environment.Job instance at 0x7fa9b45885a0>,18,17,[ 3 12],19,-1,56,-1,39
1,<environment.Job instance at 0x7fa9b39eda50>,20,27,[14  1],21,-1,66,-1,39
1,<environment.Job instance at 0x7fa9b39ed4b0>,21,26,[5 6],22,-1,67,-1,41
1,<environment.Job instance at 0x7fa9b39ed3c0>,23,14,[ 1 13],24,-1,55,-1,41
1,<environment.Job instance at 0x7fa9b41240a0>,25,26,[11  1],26,-1,67,-1,41
1,<environment.Job instance at 0x7fa9b4124320>,26,24,[12  2],27,-1,65,-1,41
1,<environment.Job instance at 0x7fa9b45b2140>,30,3,[ 5 14],31,-1,59,-1,56
1,<environment.Job instance at 0x7fa9b4038870>,31,18,[ 3 12],32,-1,74,-1,56
1,<environment.Job instance at 0x7fa9b39cc9b0>,36,23,[9 5],37,-1,111,-1,88
1,<environment.Job instance at 0x7fa9b39a5a50>,38,26,[ 4 12],39,-1,114,-1,88
1,<environment.Job instance at 0x7fa9b3ec1910>,39,1,[ 2 14],40,-1,89,-1,88
1,<environment.Job instance at 0x7fa9b399c550>,40,25,[12  5],41,-1,113,-1,88
1,<environment.Job instance at 0x7fa9b39ccbe0>,35,23,[5 9],36,-1,129,-1,106
1,<environment.Job instance at 0x7fa9b39b0f00>,43,17,[13  3],44,-1,123,-1,106
1,<environment.Job instance at 0x7fa9b39b06e0>,44,20,[ 4 11],45,-1,126,-1,106
1,<environment.Job instance at 0x7fa9b4a54910>,48,3,[11  3],49,-1,114,-1,111
1,<environment.Job instance at 0x7fa9b4a54690>,49,27,[13  5],50,-1,138,-1,111
1,<environment.Job instance at 0x7fa9b39b78c0>,51,14,[ 4 13],52,-1,136,-1,122
1,<environment.Job instance at 0x7fa9b4a54a00>,47,25,[8 5],48,-1,167,-1,142
1,<environment.Job instance at 0x7fa9b39b7960>,54,25,[5 3],55,-1,167,-1,142
1,<environment.Job instance at 0x7fa9b39b7af0>,56,16,[ 3 11],57,-1,160,-1,144
1,<environment.Job instance at 0x7fa9b465a960>,57,28,[4 9],58,-1,175,-1,147
1,<environment.Job instance at 0x7fa9b465a7d0>,58,25,[11  1],59,-1,172,-1,147
1,<environment.Job instance at 0x7fa9b39b4c80>,61,12,[12  1],62,-1,161,-1,149
1,<environment.Job instance at 0x7fa9b39e86e0>,64,27,[ 3 14],65,-1,193,-1,166
1,<environment.Job instance at 0x7fa9bd3373c0>,65,2,[ 3 13],66,-1,168,-1,166
1,<environment.Job instance at 0x7fa9bd70e190>,66,28,[11  1],67,-1,194,-1,166
1,<environment.Job instance at 0x7fa9b39e8820>,67,18,[ 4 11],68,-1,184,-1,166
1,<environment.Job instance at 0x7fa9b475faf0>,70,18,[12  3],71,-1,190,-1,172
1,<environment.Job instance at 0x7fa9bd54b550>,2,20,[12  3],3,-1,23,-1,3
1,<environment.Job instance at 0x7fa9bd54b5f0>,3,17,[14  4],4,-1,21,-1,4
1,<environment.Job instance at 0x7fa9bd54b140>,1,15,[10  2],2,-1,20,-1,5
1,<environment.Job instance at 0x7fa9bd54b5a0>,4,17,[12  2],5,-1,22,-1,5
1,<environment.Job instance at 0x7fa9b41803c0>,28,17,[9 4],29,-1,114,-1,97
1,<environment.Job instance at 0x7fa9b4180fa0>,31,18,[2 9],32,-1,119,-1,101
1,<environment.Job instance at 0x7fa9b4180190>,33,16,[2 8],34,-1,117,-1,101
1,<environment.Job instance at 0x7fa9b4180d20>,26,15,[13  1],27,-1,116,-1,101
1,<environment.Job instance at 0x7fa9b4180640>,34,12,[3 6],35,-1,113,-1,101
1,<environment.Job instance at 0x7fa9b43e8e10>,18,27,[ 3 12],19,-1,128,-1,101
1,<environment.Job instance at 0x7fa9b4180aa0>,37,13,[10  2],38,-1,114,-1,101
1,<environment.Job instance at 0x7fa9bd6f2b40>,39,25,[9 4],40,-1,126,-1,101
1,<environment.Job instance at 0x7fa9bd6f2dc0>,40,20,[7 2],41,-1,121,-1,101
1,<environment.Job instance at 0x7fa9b4180a50>,38,24,[ 5 12],39,-1,125,-1,101
1,<environment.Job instance at 0x7fa9bd6f29b0>,42,12,[6 3],43,-1,113,-1,101
1,<environment.Job instance at 0x7fa9bd6f2870>,41,16,[1 9],42,-1,117,-1,101
1,<environment.Job instance at 0x7fa9bd6f2d20>,43,16,[5 3],44,-1,117,-1,101
1,<environment.Job instance at 0x7fa9bd6f2910>,45,18,[2 8],46,-1,119,-1,101
1,<environment.Job instance at 0x7fa9bd6f25f0>,46,13,[10  2],47,-1,114,-1,101
1,<environment.Job instance at 0x7fa9bd6f2460>,47,13,[10  1],48,-1,114,-1,101
1,<environment.Job instance at 0x7fa9b479aa50>,50,2,[14  1],51,-1,103,-1,101
1,<environment.Job instance at 0x7fa9bd6f2af0>,48,1,[1 8],49,-1,102,-1,101
1,<environment.Job instance at 0x7fa9b347e320>,52,21,[3 6],53,-1,124,-1,103
1,<environment.Job instance at 0x7fa9b347eeb0>,54,14,[7 4],55,-1,117,-1,103
1,<environment.Job instance at 0x7fa9b347e0a0>,59,23,[ 3 11],60,-1,127,-1,104
1,<environment.Job instance at 0x7fa9b347e3c0>,60,16,[1 9],61,-1,123,-1,107
1,<environment.Job instance at 0x7fa9b479a8c0>,49,20,[ 4 14],50,-1,127,-1,107
1,<environment.Job instance at 0x7fa9b347e9b0>,62,21,[6 2],63,-1,128,-1,107
1,<environment.Job instance at 0x7fa9b347ebe0>,63,17,[12  2],64,-1,124,-1,107
1,<environment.Job instance at 0x7fa9b347eb40>,68,14,[5 6],69,-1,129,-1,115
1,<environment.Job instance at 0x7fa9b347e640>,69,25,[5 5],70,-1,143,-1,118
1,<environment.Job instance at 0x7fa9b43e8c30>,17,15,[10  5],18,-1,133,-1,118
1,<environment.Job instance at 0x7fa9b3f83140>,71,18,[4 7],72,-1,136,-1,118
1,<environment.Job instance at 0x7fa9b347e410>,67,19,[8 2],68,-1,139,-1,120
1,<environment.Job instance at 0x7fa9b3f831e0>,75,19,[6 4],76,-1,139,-1,120
1,<environment.Job instance at 0x7fa9b3f83230>,73,16,[10  1],74,-1,141,-1,125
1,<environment.Job instance at 0x7fa9b3f83eb0>,78,17,[9 1],79,-1,142,-1,125
1,<environment.Job instance at 0x7fa9b3f83730>,80,18,[5 5],81,-1,144,-1,126
1,<environment.Job instance at 0x7fa9b3f83e60>,81,17,[ 1 10],82,-1,143,-1,126
1,<environment.Job instance at 0x7fa9b4ba0af0>,85,17,[2 9],86,-1,146,-1,129
1,<environment.Job instance at 0x7fa9b3e8faf0>,86,21,[8 4],87,-1,150,-1,129
1,<environment.Job instance at 0x7fa9b347ed20>,56,18,[6 5],57,-1,147,-1,129
1,<environment.Job instance at 0x7fa9b3f83280>,79,12,[ 3 13],80,-1,141,-1,129
1,<environment.Job instance at 0x7fa9b3e8f960>,89,15,[ 2 12],90,-1,148,-1,133
1,<environment.Job instance at 0x7fa9b4b9deb0>,91,18,[1 8],92,-1,152,-1,134
1,<environment.Job instance at 0x7fa9b4b97b40>,88,15,[ 3 10],89,-1,151,-1,136
1,<environment.Job instance at 0x7fa9b3f83a00>,70,13,[ 4 14],71,-1,152,-1,139
1,<environment.Job instance at 0x7fa9b43f3a50>,94,18,[8 3],95,-1,158,-1,140
1,<environment.Job instance at 0x7fa9b3849050>,0,22,[ 2 12],1,-1,23,-1,1
1,<environment.Job instance at 0x7fa9b4943f00>,2,20,[12  3],3,-1,23,-1,3
1,<environment.Job instance at 0x7fa9b41dd6e0>,3,17,[14  4],4,-1,21,-1,4
1,<environment.Job instance at 0x7fa9b493c780>,4,17,[12  2],5,-1,22,-1,5
1,<environment.Job instance at 0x7fa9b493c870>,5,17,[ 2 13],6,-1,23,-1,6
1,<environment.Job instance at 0x7fa9b493c640>,7,26,[ 3 14],8,-1,34,-1,8
1,<environment.Job instance at 0x7fa9b3862870>,9,26,[1 5],10,-1,36,-1,10
1,<environment.Job instance at 0x7fa9b493cdc0>,11,18,[11  2],12,-1,30,-1,12
1,<environment.Job instance at 0x7fa9b494b230>,14,23,[7 1],15,-1,40,-1,17
1,<environment.Job instance at 0x7fa9b494b7d0>,15,12,[ 4 13],16,-1,29,-1,17
1,<environment.Job instance at 0x7fa9b494bdc0>,18,27,[ 3 12],19,-1,46,-1,19
1,<environment.Job instance at 0x7fa9b44c28c0>,19,24,[7 1],20,-1,44,-1,20
1,<environment.Job instance at 0x7fa9b491edc0>,21,2,[ 2 12],22,-1,24,-1,22
1,<environment.Job instance at 0x7fa9b4925780>,22,13,[ 3 11],23,-1,36,-1,23
1,<environment.Job instance at 0x7fa9b35befa0>,26,15,[13  1],27,-1,50,-1,35
1,<environment.Job instance at 0x7fa9b35e2be0>,30,2,[12  4],31,-1,52,-1,50
1,<environment.Job instance at 0x7fa9b35e2aa0>,32,2,[12  3],33,-1,56,-1,54
1,<environment.Job instance at 0x7fa9b35d3b40>,36,19,[14  5],37,-1,97,-1,78
1,<environment.Job instance at 0x7fa9b35d3e60>,38,24,[ 5 12],39,-1,105,-1,81
1,<environment.Job instance at 0x7fa9b35d3140>,39,25,[9 4],40,-1,121,-1,96
1,<environment.Job instance at 0x7fa9b4939b40>,44,15,[14  5],45,-1,123,-1,108
1,<environment.Job instance at 0x7fa9b35af0a0>,49,20,[ 4 14],50,-1,154,-1,134
1,<environment.Job instance at 0x7fa9b3429d70>,50,2,[14  1],51,-1,136,-1,134
1,<environment.Job instance at 0x7fa9b35af7d0>,51,16,[13  2],52,-1,150,-1,134
1,<environment.Job instance at 0x7fa9b3e32500>,55,2,[ 1 12],56,-1,143,-1,141
1,<environment.Job instance at 0x7fa9b468ab90>,57,20,[ 1 13],58,-1,163,-1,143
1,<environment.Job instance at 0x7fa9b4d1f230>,59,23,[ 3 11],60,-1,174,-1,151
1,<environment.Job instance at 0x7fa9b3855cd0>,61,16,[ 1 14],62,-1,168,-1,152
1,<environment.Job instance at 0x7fa9b41d9460>,63,17,[12  2],64,-1,178,-1,161
1,<environment.Job instance at 0x7fa9b4d22280>,65,17,[ 1 13],66,-1,178,-1,161
1,<environment.Job instance at 0x7fa9b49e2320>,70,13,[ 4 14],71,-1,182,-1,169
1,<environment.Job instance at 0x7fa9b35c4af0>,69,25,[5 5],70,-1,207,-1,182
1,<environment.Job instance at 0x7fa9b3854cd0>,72,20,[ 2 11],73,-1,202,-1,182
1,<environment.Job instance at 0x7fa9b3854a50>,74,16,[ 1 13],75,-1,198,-1,182
1,<environment.Job instance at 0x7fa9b44927d0>,3,17,[11  5],4,-1,21,-1,4
1,<environment.Job instance at 0x7fa9b4492370>,4,18,[3 7],5,-1,23,-1,5
1,<environment.Job instance at 0x7fa9b44921e0>,6,22,[ 4 11],7,-1,31,-1,9
1,<environment.Job instance at 0x7fa9b44924b0>,9,23,[4 6],10,-1,33,-1,10
1,<environment.Job instance at 0x7fa9b4492870>,11,15,[6 4],12,-1,27,-1,12
1,<environment.Job instance at 0x7fa9b4492460>,12,18,[ 4 13],13,-1,31,-1,13
1,<environment.Job instance at 0x7fa9b4492280>,14,12,[ 2 12],15,-1,27,-1,15
1,<environment.Job instance at 0x7fa9b4492eb0>,15,21,[10  5],16,-1,37,-1,16
1,<environment.Job instance at 0x7fa9b4492b90>,17,18,[3 8],18,-1,36,-1,18
1,<environment.Job instance at 0x7fa9b4492780>,18,22,[7 4],19,-1,41,-1,19
1,<environment.Job instance at 0x7fa9b3bc1f50>,20,17,[5 8],21,-1,38,-1,21
1,<environment.Job instance at 0x7fa9b3bc1730>,21,16,[5 1],22,-1,38,-1,22
1,<environment.Job instance at 0x7fa9b3bc14b0>,24,20,[ 3 10],25,-1,45,-1,25
1,<environment.Job instance at 0x7fa9b3bc1d70>,27,21,[9 3],28,-1,50,-1,29
1,<environment.Job instance at 0x7fa9b47d0460>,33,17,[9 4],34,-1,51,-1,34
1,<environment.Job instance at 0x7fa9b47d05a0>,34,14,[3 9],35,-1,49,-1,35
1,<environment.Job instance at 0x7fa9b47d0c30>,38,17,[10  5],39,-1,56,-1,39
1,<environment.Job instance at 0x7fa9b47d0500>,39,13,[8 3],40,-1,53,-1,40
1,<environment.Job instance at 0x7fa9b3bc1f00>,28,16,[11  5],29,-1,56,-1,40
1,<environment.Job instance at 0x7fa9b47d0eb0>,41,14,[ 4 11],42,-1,65,-1,51
1,<environment.Job instance at 0x7fa9b47d01e0>,36,27,[ 1 13],37,-1,80,-1,53
1,<environment.Job instance at 0x7fa9b47d0910>,43,27,[ 4 14],44,-1,83,-1,56
1,<environment.Job instance at 0x7fa9b47d0b90>,42,28,[8 3],43,-1,85,-1,57
1,<environment.Job instance at 0x7fa9b47d0a00>,50,13,[11  1],51,-1,71,-1,58
1,<environment.Job instance at 0x7fa9b47d0730>,49,13,[ 3 14],50,-1,71,-1,58
1,<environment.Job instance at 0x7fa9b47d02d0>,48,16,[9 1],49,-1,74,-1,58
1,<environment.Job instance at 0x7fa9b3909370>,53,18,[6 3],54,-1,76,-1,58
1,<environment.Job instance at 0x7fa9bd5505a0>,3,17,[11  5],4,-1,21,-1,4
1,<environment.Job instance at 0x7fa9b3713500>,6,22,[ 4 11],7,-1,29,-1,7
1,<environment.Job instance at 0x7fa9b3c35af0>,8,3,[13  5],9,-1,12,-1,9
1,<environment.Job instance at 0x7fa9b34186e0>,9,23,[4 6],10,-1,36,-1,13
1,<environment.Job instance at 0x7fa9b4773aa0>,12,18,[ 4 13],13,-1,32,-1,14
1,<environment.Job instance at 0x7fa9b4cc4500>,14,12,[ 2 12],15,-1,28,-1,16
1,<environment.Job instance at 0x7fa9b4cc4190>,16,18,[ 1 13],17,-1,35,-1,17
1,<environment.Job instance at 0x7fa9b495d320>,19,3,[13  1],20,-1,27,-1,24
1,<environment.Job instance at 0x7fa9b4cc4730>,22,17,[14  2],23,-1,41,-1,24
1,<environment.Job instance at 0x7fa9b3e6e370>,25,3,[13  4],26,-1,39,-1,36
1,<environment.Job instance at 0x7fa9b46b5140>,26,14,[11  5],27,-1,50,-1,36
1,<environment.Job instance at 0x7fa9b46b5960>,28,16,[11  5],29,-1,52,-1,36
1,<environment.Job instance at 0x7fa9bd322c30>,30,2,[ 1 14],31,-1,38,-1,36
1,<environment.Job instance at 0x7fa9b3e2caa0>,35,23,[11  5],36,-1,63,-1,40
1,<environment.Job instance at 0x7fa9b3e2cf50>,36,27,[ 1 13],37,-1,67,-1,40
1,<environment.Job instance at 0x7fa9b3e2ca50>,41,14,[ 4 11],42,-1,77,-1,63
1,<environment.Job instance at 0x7fa9b45a81e0>,42,28,[8 3],43,-1,94,-1,66
1,<environment.Job instance at 0x7fa9b4b42690>,43,27,[ 4 14],44,-1,93,-1,66
1,<environment.Job instance at 0x7fa9bd343c30>,46,14,[ 2 11],47,-1,85,-1,71
1,<environment.Job instance at 0x7fa9b49e2320>,49,13,[ 3 14],50,-1,94,-1,81
1,<environment.Job instance at 0x7fa9b49e2e60>,50,13,[11  1],51,-1,94,-1,81
1,<environment.Job instance at 0x7fa9b3df2820>,51,28,[5 6],52,-1,111,-1,83
1,<environment.Job instance at 0x7fa9b3df7cd0>,56,17,[11  3],57,-1,117,-1,100
1,<environment.Job instance at 0x7fa9b3e2a280>,57,20,[ 4 13],58,-1,120,-1,100
1,<environment.Job instance at 0x7fa9b3e2e140>,58,27,[13  4],59,-1,127,-1,100
1,<environment.Job instance at 0x7fa9b3e2ed70>,59,14,[ 2 11],60,-1,114,-1,100
1,<environment.Job instance at 0x7fa9b4d1c140>,63,17,[ 2 11],64,-1,135,-1,118
1,<environment.Job instance at 0x7fa9b4d1cf50>,64,1,[13  5],65,-1,119,-1,118
1,<environment.Job instance at 0x7fa9b4ad5640>,65,1,[12  1],66,-1,119,-1,118
1,<environment.Job instance at 0x7fa9b4ad5410>,67,3,[ 3 12],68,-1,123,-1,120
1,<environment.Job instance at 0x7fa9b48c5b90>,72,17,[13  5],73,-1,153,-1,136
1,<environment.Job instance at 0x7fa9b48981e0>,76,26,[9 2],77,-1,172,-1,146
1,<environment.Job instance at 0x7fa9b48a4e10>,77,24,[9 2],78,-1,170,-1,146
1,<environment.Job instance at 0x7fa9b44c28c0>,79,25,[6 2],80,-1,177,-1,152
1,<environment.Job instance at 0x7fa9b44c2e10>,81,24,[2 5],82,-1,183,-1,159
1,<environment.Job instance at 0x7fa9b44c22d0>,83,21,[ 5 13],84,-1,180,-1,159
1,<environment.Job instance at 0x7fa9b44c2140>,84,12,[ 1 12],85,-1,171,-1,159
1,<environment.Job instance at 0x7fa9b3e67050>,85,22,[12  4],86,-1,181,-1,159
1,<environment.Job instance at 0x7fa9b3e673c0>,86,27,[ 1 13],87,-1,186,-1,159
1,<environment.Job instance at 0x7fa9b3e67b90>,87,18,[ 2 12],88,-1,177,-1,159
1,<environment.Job instance at 0x7fa9b49b2d20>,89,25,[ 4 14],90,-1,195,-1,170
1,<environment.Job instance at 0x7fa9b49b28c0>,90,19,[ 3 14],91,-1,189,-1,170
1,<environment.Job instance at 0x7fa9b49b2e60>,92,17,[ 2 11],93,-1,187,-1,170
1,<environment.Job instance at 0x7fa9b4515280>,0,17,[8 5],1,-1,18,-1,1
1,<environment.Job instance at 0x7fa9b3912050>,1,27,[8 1],2,-1,29,-1,2
1,<environment.Job instance at 0x7fa9b40c3370>,2,27,[7 2],3,-1,30,-1,3
1,<environment.Job instance at 0x7fa9b40c3c80>,3,15,[10  5],4,-1,20,-1,5
1,<environment.Job instance at 0x7fa9b441fb40>,4,23,[10  3],5,-1,28,-1,5
1,<environment.Job instance at 0x7fa9b3eb46e0>,7,22,[9 4],8,-1,30,-1,8
1,<environment.Job instance at 0x7fa9b3eb4eb0>,9,27,[4 6],10,-1,37,-1,10
1,<environment.Job instance at 0x7fa9b3eb4c30>,11,17,[2 8],12,-1,29,-1,12
1,<environment.Job instance at 0x7fa9b3eb45a0>,12,18,[5 5],13,-1,31,-1,13
1,<environment.Job instance at 0x7fa9b35d8a50>,16,16,[ 1 10],17,-1,33,-1,17
1,<environment.Job instance at 0x7fa9b35d8500>,17,15,[4 8],18,-1,33,-1,18
1,<environment.Job instance at 0x7fa9b35d8eb0>,21,17,[2 5],22,-1,39,-1,22
1,<environment.Job instance at 0x7fa9b35d80a0>,22,28,[6 5],23,-1,51,-1,23
1,<environment.Job instance at 0x7fa9b35d8c80>,24,18,[8 4],25,-1,43,-1,25
1,<environment.Job instance at 0x7fa9b35d8140>,25,25,[5 3],26,-1,51,-1,26
1,<environment.Job instance at 0x7fa9b35d8f50>,27,17,[7 4],28,-1,46,-1,29
1,<environment.Job instance at 0x7fa9b35d8690>,30,13,[11  2],31,-1,44,-1,31
1,<environment.Job instance at 0x7fa9b3fda410>,35,23,[5 2],36,-1,59,-1,36
1,<environment.Job instance at 0x7fa9b4afe280>,2,27,[7 2],3,-1,30,-1,3
1,<environment.Job instance at 0x7fa9b4525910>,9,27,[4 6],10,-1,39,-1,12
1,<environment.Job instance at 0x7fa9bd9b0e10>,1,27,[8 1],2,-1,45,-1,18
1,<environment.Job instance at 0x7fa9b3812fa0>,13,24,[9 1],14,-1,42,-1,18
1,<environment.Job instance at 0x7fa9b4375190>,4,23,[10  3],5,-1,41,-1,18
1,<environment.Job instance at 0x7fa9bd39abe0>,22,28,[6 5],23,-1,74,-1,46
1,<environment.Job instance at 0x7fa9b4434230>,25,25,[5 3],26,-1,76,-1,51
1,<environment.Job instance at 0x7fa9b3bd9550>,30,13,[11  2],31,-1,68,-1,55
1,<environment.Job instance at 0x7fa9b4b38be0>,35,23,[5 2],36,-1,98,-1,75
1,<environment.Job instance at 0x7fa9b3e67f50>,36,17,[ 5 14],37,-1,92,-1,75
1,<environment.Job instance at 0x7fa9b3e67a00>,37,28,[10  4],38,-1,103,-1,75
1,<environment.Job instance at 0x7fa9b3e2a140>,40,15,[11  1],41,-1,92,-1,77
1,<environment.Job instance at 0x7fa9b4d1c7d0>,41,19,[ 1 12],42,-1,96,-1,77
1,<environment.Job instance at 0x7fa9b4d1c6e0>,43,13,[ 2 11],44,-1,90,-1,77
1,<environment.Job instance at 0x7fa9b3e2ef50>,44,20,[ 3 12],45,-1,97,-1,77
1,<environment.Job instance at 0x7fa9b3df7140>,48,27,[ 5 10],49,-1,120,-1,93
1,<environment.Job instance at 0x7fa9b38d72d0>,50,18,[12  3],51,-1,111,-1,93
1,<environment.Job instance at 0x7fa9b4d06050>,53,12,[14  1],54,-1,105,-1,93
1,<environment.Job instance at 0x7fa9b4b43b90>,55,19,[13  5],56,-1,112,-1,93
1,<environment.Job instance at 0x7fa9b35eb960>,57,22,[12  2],58,-1,115,-1,93
1,<environment.Job instance at 0x7fa9b4863f00>,59,15,[13  2],60,-1,122,-1,107
1,<environment.Job instance at 0x7fa9b3e4f500>,60,26,[9 4],61,-1,135,-1,109
1,<environment.Job instance at 0x7fa9b3e2c2d0>,56,24,[10  5],57,-1,133,-1,109
1,<environment.Job instance at 0x7fa9b4d56870>,62,26,[12  1],63,-1,135,-1,109
1,<environment.Job instance at 0x7fa9b4cc4550>,68,14,[12  5],69,-1,147,-1,133
1,<environment.Job instance at 0x7fa9b4cc43c0>,70,16,[12  5],71,-1,160,-1,144
1,<environment.Job instance at 0x7fa9b3439b90>,1,26,[8 5],2,-1,28,-1,2
1,<environment.Job instance at 0x7fa9b3439640>,4,18,[5 4],5,-1,23,-1,5
1,<environment.Job instance at 0x7fa9b34480f0>,6,26,[ 5 11],7,-1,33,-1,7
1,<environment.Job instance at 0x7fa9b346a690>,16,18,[3 6],17,-1,35,-1,17
1,<environment.Job instance at 0x7fa9b346a820>,15,26,[5 5],16,-1,61,-1,35
1,<environment.Job instance at 0x7fa9b346a0a0>,22,16,[ 2 12],23,-1,68,-1,52
1,<environment.Job instance at 0x7fa9b3f34a00>,23,20,[ 2 12],24,-1,76,-1,56
1,<environment.Job instance at 0x7fa9b346a410>,19,13,[2 9],20,-1,73,-1,60
1,<environment.Job instance at 0x7fa9b384e960>,26,17,[9 5],27,-1,80,-1,63
1,<environment.Job instance at 0x7fa9bd944460>,29,20,[3 6],30,-1,83,-1,63
1,<environment.Job instance at 0x7fa9b3f34c30>,27,24,[9 5],28,-1,87,-1,63
1,<environment.Job instance at 0x7fa9bd944b40>,33,22,[ 2 11],34,-1,85,-1,63
1,<environment.Job instance at 0x7fa9b44c65f0>,10,15,[ 5 13],11,-1,78,-1,63
1,<environment.Job instance at 0x7fa9b3f09aa0>,35,22,[7 1],36,-1,86,-1,64
1,<environment.Job instance at 0x7fa9b3f09a50>,32,21,[5 3],33,-1,85,-1,64
1,<environment.Job instance at 0x7fa9b3f09a00>,36,20,[8 2],37,-1,84,-1,64
1,<environment.Job instance at 0x7fa9b3f09d20>,37,24,[10  4],38,-1,88,-1,64
1,<environment.Job instance at 0x7fa9b3efe5a0>,44,20,[3 9],45,-1,91,-1,71
1,<environment.Job instance at 0x7fa9b3efe280>,45,18,[10  2],46,-1,89,-1,71
1,<environment.Job instance at 0x7fa9b3efe370>,46,27,[6 1],47,-1,98,-1,71
1,<environment.Job instance at 0x7fa9b3efe690>,43,23,[8 4],44,-1,94,-1,71
1,<environment.Job instance at 0x7fa9b34392d0>,7,17,[13  2],8,-1,91,-1,74
1,<environment.Job instance at 0x7fa9b3efe550>,50,19,[7 3],51,-1,93,-1,74
1,<environment.Job instance at 0x7fa9b3f09320>,38,22,[4 7],39,-1,96,-1,74
1,<environment.Job instance at 0x7fa9b3efe870>,47,14,[5 6],48,-1,88,-1,74
1,<environment.Job instance at 0x7fa9b3efebe0>,51,26,[7 4],52,-1,100,-1,74
1,<environment.Job instance at 0x7fa9b3f26dc0>,55,18,[3 8],56,-1,93,-1,75
1,<environment.Job instance at 0x7fa9b3b0a230>,1,26,[8 5],2,-1,28,-1,2
1,<environment.Job instance at 0x7fa9b3cffbe0>,3,13,[ 2 13],4,-1,17,-1,4
1,<environment.Job instance at 0x7fa9b40fce60>,5,27,[13  2],6,-1,33,-1,6
1,<environment.Job instance at 0x7fa9b3b12c30>,6,26,[ 5 11],7,-1,33,-1,7
1,<environment.Job instance at 0x7fa9b3d2d190>,7,17,[13  2],8,-1,25,-1,8
1,<environment.Job instance at 0x7fa9b3a52c80>,8,27,[11  3],9,-1,36,-1,9
1,<environment.Job instance at 0x7fa9b3580be0>,10,15,[ 5 13],11,-1,26,-1,11
1,<environment.Job instance at 0x7fa9b3af3cd0>,12,2,[14  4],13,-1,15,-1,13
1,<environment.Job instance at 0x7fa9b3a52a50>,13,12,[12  3],14,-1,26,-1,14
1,<environment.Job instance at 0x7fa9b3b1f550>,15,26,[5 5],16,-1,43,-1,17
1,<environment.Job instance at 0x7fa9b4b47f00>,17,15,[12  1],18,-1,33,-1,18
1,<environment.Job instance at 0x7fa9b4b477d0>,18,13,[12  3],19,-1,32,-1,19
1,<environment.Job instance at 0x7fa9b366d5a0>,20,12,[14  1],21,-1,33,-1,21
1,<environment.Job instance at 0x7fa9b3a59230>,22,16,[ 2 12],23,-1,39,-1,23
1,<environment.Job instance at 0x7fa9b4bb20f0>,23,20,[ 2 12],24,-1,44,-1,24
1,<environment.Job instance at 0x7fa9b4ba5aa0>,24,27,[1 6],25,-1,52,-1,25
1,<environment.Job instance at 0x7fa9b3663500>,25,27,[10  4],26,-1,56,-1,29
1,<environment.Job instance at 0x7fa9b3cf4e10>,27,24,[9 5],28,-1,53,-1,29
1,<environment.Job instance at 0x7fa9b3cf46e0>,30,13,[11  1],31,-1,44,-1,31
1,<environment.Job instance at 0x7fa9b3ede8c0>,33,22,[ 2 11],34,-1,60,-1,38
1,<environment.Job instance at 0x7fa9b3edebe0>,34,1,[ 1 13],35,-1,39,-1,38
1,<environment.Job instance at 0x7fa9b3cfe0f0>,37,24,[10  4],38,-1,62,-1,38
1,<environment.Job instance at 0x7fa9b3a81410>,39,2,[ 2 13],40,-1,42,-1,40
1,<environment.Job instance at 0x7fa9b3cfe140>,41,2,[ 3 11],42,-1,46,-1,44
1,<environment.Job instance at 0x7fa9b3a8c370>,42,3,[ 4 14],43,-1,47,-1,44
1,<environment.Job instance at 0x7fa9b4cab3c0>,46,27,[6 1],47,-1,88,-1,61
1,<environment.Job instance at 0x7fa9b3a8c6e0>,43,23,[8 4],44,-1,84,-1,61
1,<environment.Job instance at 0x7fa9b4cad410>,52,3,[14  4],53,-1,69,-1,66
1,<environment.Job instance at 0x7fa9b4cad2d0>,53,12,[ 5 14],54,-1,78,-1,66
1,<environment.Job instance at 0x7fa9b4cade10>,54,27,[ 2 11],55,-1,93,-1,66
1,<environment.Job instance at 0x7fa9b4cb6730>,51,26,[7 4],52,-1,110,-1,84
1,<environment.Job instance at 0x7fa9b4cdc820>,57,12,[13  2],58,-1,96,-1,84
1,<environment.Job instance at 0x7fa9b4cdc5f0>,58,25,[14  3],59,-1,109,-1,84
1,<environment.Job instance at 0x7fa9b4cdc5a0>,59,2,[ 1 13],60,-1,86,-1,84
1,<environment.Job instance at 0x7fa9b4cbfeb0>,61,14,[12  2],62,-1,98,-1,84
1,<environment.Job instance at 0x7fa9b3d0c320>,63,27,[9 3],64,-1,129,-1,102
1,<environment.Job instance at 0x7fa9b3d0c140>,65,1,[ 1 11],66,-1,103,-1,102
1,<environment.Job instance at 0x7fa9b3b876e0>,68,21,[ 4 12],69,-1,125,-1,104
1,<environment.Job instance at 0x7fa9b3cf55a0>,72,17,[13  2],73,-1,137,-1,120
1,<environment.Job instance at 0x7fa9b3cf55f0>,77,12,[11  3],78,-1,156,-1,144
1,<environment.Job instance at 0x7fa9b4caf190>,86,27,[4 6],87,-1,208,-1,181
1,<environment.Job instance at 0x7fa9b4828a00>,0,26,[5 2],1,-1,27,-1,1
1,<environment.Job instance at 0x7fa9b3a98370>,5,21,[3 7],6,-1,27,-1,6
1,<environment.Job instance at 0x7fa9b3a98460>,6,25,[5 5],7,-1,32,-1,7
1,<environment.Job instance at 0x7fa9b3a98230>,7,18,[ 5 11],8,-1,27,-1,9
1,<environment.Job instance at 0x7fa9b3a98a50>,10,21,[5 6],11,-1,32,-1,11
1,<environment.Job instance at 0x7fa9b3a98550>,11,17,[10  4],12,-1,29,-1,12
1,<environment.Job instance at 0x7fa9b3a98500>,13,17,[8 3],14,-1,31,-1,14
1,<environment.Job instance at 0x7fa9b3b87be0>,16,26,[3 5],17,-1,43,-1,17
1,<environment.Job instance at 0x7fa9b3b872d0>,17,15,[3 5],18,-1,33,-1,18
1,<environment.Job instance at 0x7fa9b3b39690>,0,26,[5 2],1,-1,27,-1,1
1,<environment.Job instance at 0x7fa9b41df3c0>,2,14,[11  2],3,-1,17,-1,3
1,<environment.Job instance at 0x7fa9b41df0a0>,4,1,[ 1 13],5,-1,6,-1,5
1,<environment.Job instance at 0x7fa9b35ea780>,6,25,[5 5],7,-1,32,-1,7
1,<environment.Job instance at 0x7fa9b41ae230>,7,18,[ 5 11],8,-1,26,-1,8
1,<environment.Job instance at 0x7fa9b41ae280>,12,2,[14  2],13,-1,15,-1,13
1,<environment.Job instance at 0x7fa9b3b35fa0>,14,3,[14  1],15,-1,20,-1,17
1,<environment.Job instance at 0x7fa9b3fe5640>,15,17,[ 5 13],16,-1,34,-1,17
1,<environment.Job instance at 0x7fa9b3fe5e60>,16,26,[3 5],17,-1,43,-1,17
1,<environment.Job instance at 0x7fa9b3657870>,19,27,[ 4 13],20,-1,47,-1,20
1,<environment.Job instance at 0x7fa9b3657500>,20,26,[12  1],21,-1,47,-1,21
1,<environment.Job instance at 0x7fa9b3657190>,23,23,[ 2 13],24,-1,56,-1,33
1,<environment.Job instance at 0x7fa9b3b6ca50>,29,17,[13  3],30,-1,66,-1,49
1,<environment.Job instance at 0x7fa9b3b6cd20>,30,25,[5 5],31,-1,74,-1,49
1,<environment.Job instance at 0x7fa9b3b2ed70>,33,23,[8 1],34,-1,73,-1,50
1,<environment.Job instance at 0x7fa9b3b2ecd0>,36,21,[14  3],37,-1,83,-1,62
1,<environment.Job instance at 0x7fa9b4cadd70>,37,2,[ 2 13],38,-1,64,-1,62
1,<environment.Job instance at 0x7fa9b4cade60>,34,26,[4 9],35,-1,91,-1,65
1,<environment.Job instance at 0x7fa9b3580be0>,43,25,[14  2],44,-1,92,-1,67
1,<environment.Job instance at 0x7fa9b3a52c80>,44,3,[14  1],45,-1,70,-1,67
1,<environment.Job instance at 0x7fa9b3a98820>,50,25,[ 5 14],51,-1,109,-1,84
1,<environment.Job instance at 0x7fa9b3b87a50>,51,18,[ 5 14],52,-1,102,-1,84
1,<environment.Job instance at 0x7fa9b3b87050>,53,12,[ 3 13],54,-1,108,-1,96
1,<environment.Job instance at 0x7fa9b4cddc30>,54,23,[6 5],55,-1,123,-1,100
1,<environment.Job instance at 0x7fa9b4cdd370>,58,16,[13  4],59,-1,127,-1,111
1,<environment.Job instance at 0x7fa9b4cdd0a0>,59,2,[ 3 13],60,-1,113,-1,111
1,<environment.Job instance at 0x7fa9b4cdda50>,60,16,[13  3],61,-1,127,-1,111
1,<environment.Job instance at 0x7fa9b3cee5a0>,67,13,[ 5 11],68,-1,134,-1,121
1,<environment.Job instance at 0x7fa9b4817d20>,69,24,[ 1 10],70,-1,161,-1,137
1,<environment.Job instance at 0x7fa9b36f0a00>,71,26,[5 7],72,-1,165,-1,139
1,<environment.Job instance at 0x7fa9b44e88c0>,72,28,[ 4 13],73,-1,167,-1,139
1,<environment.Job instance at 0x7fa9b40d9320>,75,28,[ 4 11],76,-1,167,-1,139
1,<environment.Job instance at 0x7fa9b40d95f0>,77,16,[14  4],78,-1,158,-1,142
1,<environment.Job instance at 0x7fa9b3cafb40>,78,23,[ 3 10],79,-1,167,-1,144
1,<environment.Job instance at 0x7fa9b447ac80>,80,12,[12  5],81,-1,160,-1,148
1,<environment.Job instance at 0x7fa9b44698c0>,84,14,[ 1 11],85,-1,169,-1,155
1,<environment.Job instance at 0x7fa9b4a47230>,87,12,[ 2 12],88,-1,183,-1,171
1,<environment.Job instance at 0x7fa9b4cf3b90>,90,18,[12  1],91,-1,198,-1,180
1,<environment.Job instance at 0x7fa9b3abd320>,0,17,[2 7],1,-1,18,-1,1
1,<environment.Job instance at 0x7fa9b466c910>,2,21,[2 7],3,-1,24,-1,3
1,<environment.Job instance at 0x7fa9b466ca00>,4,18,[2 8],5,-1,23,-1,5
1,<environment.Job instance at 0x7fa9b466cb40>,5,18,[3 8],6,-1,24,-1,6
1,<environment.Job instance at 0x7fa9b466cf50>,9,23,[ 3 10],10,-1,33,-1,10
1,<environment.Job instance at 0x7fa9b414a0f0>,12,22,[9 5],13,-1,36,-1,14
1,<environment.Job instance at 0x7fa9b414a370>,16,18,[ 5 13],17,-1,39,-1,21
1,<environment.Job instance at 0x7fa9b414a5f0>,21,27,[3 7],22,-1,49,-1,22
1,<environment.Job instance at 0x7fa9b414a050>,11,16,[ 3 13],12,-1,42,-1,26
1,<environment.Job instance at 0x7fa9b414a690>,20,28,[1 8],21,-1,61,-1,33
1,<environment.Job instance at 0x7fa9b414aaf0>,26,25,[13  5],27,-1,58,-1,33
1,<environment.Job instance at 0x7fa9b414aaa0>,27,25,[6 4],28,-1,59,-1,34
1,<environment.Job instance at 0x7fa9b414a730>,23,17,[ 5 10],24,-1,52,-1,35
1,<environment.Job instance at 0x7fa9b414acd0>,30,17,[10  3],31,-1,52,-1,35
1,<environment.Job instance at 0x7fa9b414a2d0>,15,25,[8 1],16,-1,60,-1,35
1,<environment.Job instance at 0x7fa9b3b4f780>,3,20,[14  1],4,-1,24,-1,4
1,<environment.Job instance at 0x7fa9b3adeb90>,10,3,[14  1],11,-1,20,-1,17
1,<environment.Job instance at 0x7fa9b3ade690>,11,16,[ 3 13],12,-1,33,-1,17
1,<environment.Job instance at 0x7fa9b3ade0a0>,9,23,[ 3 10],10,-1,41,-1,18
1,<environment.Job instance at 0x7fa9b3b580a0>,14,21,[11  3],15,-1,39,-1,18
1,<environment.Job instance at 0x7fa9b3b58e60>,15,25,[8 1],16,-1,44,-1,19
1,<environment.Job instance at 0x7fa9b3b58dc0>,16,18,[ 5 13],17,-1,37,-1,19
1,<environment.Job instance at 0x7fa9b3b58a50>,17,1,[ 2 14],18,-1,20,-1,19
1,<environment.Job instance at 0x7fa9b366d780>,19,15,[11  2],20,-1,35,-1,20
1,<environment.Job instance at 0x7fa9b4cd44b0>,20,28,[1 8],21,-1,59,-1,31
1,<environment.Job instance at 0x7fa9b366d730>,21,27,[3 7],22,-1,58,-1,31
1,<environment.Job instance at 0x7fa9b4cd4370>,22,1,[ 3 14],23,-1,32,-1,31
1,<environment.Job instance at 0x7fa9b3b340f0>,25,1,[11  3],26,-1,49,-1,48
1,<environment.Job instance at 0x7fa9b3b34a50>,26,25,[13  5],27,-1,73,-1,48
1,<environment.Job instance at 0x7fa9b3b34690>,27,25,[6 4],28,-1,73,-1,48
1,<environment.Job instance at 0x7fa9b3b6ef50>,28,25,[8 1],29,-1,73,-1,48
1,<environment.Job instance at 0x7fa9b3b6e5a0>,29,14,[14  1],30,-1,62,-1,48
1,<environment.Job instance at 0x7fa9b3fb3050>,31,25,[4 6],32,-1,88,-1,63
1,<environment.Job instance at 0x7fa9b3ac90a0>,34,27,[10  1],35,-1,107,-1,80
1,<environment.Job instance at 0x7fa9b3b33f00>,35,23,[10  1],36,-1,103,-1,80
1,<environment.Job instance at 0x7fa9b3b334b0>,37,26,[10  2],38,-1,118,-1,92
1,<environment.Job instance at 0x7fa9b3fec960>,38,3,[ 3 12],39,-1,95,-1,92
1,<environment.Job instance at 0x7fa9b41d7dc0>,42,25,[10  1],43,-1,131,-1,106
1,<environment.Job instance at 0x7fa9b4821f50>,45,24,[4 8],46,-1,131,-1,107
1,<environment.Job instance at 0x7fa9b44dcfa0>,47,2,[12  5],48,-1,109,-1,107
1,<environment.Job instance at 0x7fa9b3706960>,49,14,[ 2 11],50,-1,136,-1,122
1,<environment.Job instance at 0x7fa9b3706690>,52,13,[12  1],53,-1,136,-1,123
1,<environment.Job instance at 0x7fa9b3706910>,53,28,[13  1],54,-1,151,-1,123
1,<environment.Job instance at 0x7fa9b40bf190>,56,16,[ 4 14],57,-1,140,-1,124
1,<environment.Job instance at 0x7fa9b40bf8c0>,59,25,[9 1],60,-1,180,-1,155
1,<environment.Job instance at 0x7fa9b4480690>,61,13,[13  1],62,-1,168,-1,155
1,<environment.Job instance at 0x7fa9b41d1780>,62,17,[ 2 12],63,-1,172,-1,155
1,<environment.Job instance at 0x7fa9b4453aa0>,63,14,[11  1],64,-1,169,-1,155
1,<environment.Job instance at 0x7fa9b4480be0>,64,26,[14  4],65,-1,181,-1,155
1,<environment.Job instance at 0x7fa9b46d3960>,67,25,[10  1],68,-1,197,-1,172
1,<environment.Job instance at 0x7fa9b46d3b90>,68,13,[ 2 11],69,-1,185,-1,172
1,<environment.Job instance at 0x7fa9b46d32d0>,69,28,[1 7],70,-1,200,-1,172
1,<environment.Job instance at 0x7fa9b46d3dc0>,70,15,[ 3 12],71,-1,187,-1,172
1,<environment.Job instance at 0x7fa9b46d31e0>,73,3,[ 5 14],74,-1,175,-1,172
1,<environment.Job instance at 0x7fa9b46d3280>,74,28,[14  2],75,-1,200,-1,172
1,<environment.Job instance at 0x7fa9b46d3820>,75,20,[ 5 11],76,-1,192,-1,172
1,<environment.Job instance at 0x7fa9b41b4c30>,79,14,[12  2],80,-1,203,-1,189
1,<environment.Job instance at 0x7fa9b3716a00>,0,18,[4 9],1,-1,19,-1,1
1,<environment.Job instance at 0x7fa9b3c96b90>,6,17,[2 8],7,-1,25,-1,8
1,<environment.Job instance at 0x7fa9b3c96d70>,8,15,[5 6],9,-1,24,-1,9
1,<environment.Job instance at 0x7fa9b47e2140>,16,21,[8 5],17,-1,38,-1,17
1,<environment.Job instance at 0x7fa9b47e2870>,18,24,[7 5],19,-1,44,-1,20
1,<environment.Job instance at 0x7fa9b466c7d0>,2,13,[ 2 14],3,-1,16,-1,3
1,<environment.Job instance at 0x7fa9b413b690>,4,23,[ 4 11],5,-1,28,-1,5
1,<environment.Job instance at 0x7fa9b465e500>,5,27,[5 3],6,-1,33,-1,6
1,<environment.Job instance at 0x7fa9b40da140>,9,15,[11  2],10,-1,25,-1,10
1,<environment.Job instance at 0x7fa9b465ee10>,10,17,[11  4],11,-1,28,-1,11
1,<environment.Job instance at 0x7fa9b41ae190>,18,24,[7 5],19,-1,66,-1,42
1,<environment.Job instance at 0x7fa9b3fe5d20>,20,25,[ 1 14],21,-1,67,-1,42
1,<environment.Job instance at 0x7fa9b3b35460>,23,15,[12  2],24,-1,63,-1,48
1,<environment.Job instance at 0x7fa9b3b6c870>,29,25,[9 5],30,-1,97,-1,72
1,<environment.Job instance at 0x7fa9b3b2efa0>,31,25,[1 7],32,-1,106,-1,81
1,<environment.Job instance at 0x7fa9b4cade60>,34,1,[11  2],35,-1,82,-1,81
1,<environment.Job instance at 0x7fa9b3b2e0a0>,35,2,[ 5 11],36,-1,83,-1,81
1,<environment.Job instance at 0x7fa9b4cb8550>,36,14,[13  2],37,-1,95,-1,81
1,<environment.Job instance at 0x7fa9b3663500>,38,13,[13  3],39,-1,97,-1,84
1,<environment.Job instance at 0x7fa9b4cabe10>,39,25,[ 3 11],40,-1,109,-1,84
1,<environment.Job instance at 0x7fa9b4cab370>,40,26,[8 4],41,-1,122,-1,96
1,<environment.Job instance at 0x7fa9b3b87c30>,43,14,[12  3],44,-1,111,-1,97
1,<environment.Job instance at 0x7fa9b4cdd0f0>,47,3,[12  5],48,-1,115,-1,112
1,<environment.Job instance at 0x7fa9b4cdd690>,48,23,[ 4 10],49,-1,151,-1,128
1,<environment.Job instance at 0x7fa9b4cdd280>,50,19,[ 4 14],51,-1,147,-1,128
1,<environment.Job instance at 0x7fa9b4cdd7d0>,51,20,[14  5],52,-1,148,-1,128
1,<environment.Job instance at 0x7fa9b4cb6280>,55,2,[11  2],56,-1,133,-1,131
1,<environment.Job instance at 0x7fa9b3645f50>,56,14,[14  2],57,-1,145,-1,131
1,<environment.Job instance at 0x7fa9b3b42690>,54,28,[5 8],55,-1,172,-1,144
1,<environment.Job instance at 0x7fa9b3ceed20>,58,27,[ 5 13],59,-1,171,-1,144
1,<environment.Job instance at 0x7fa9b44f79b0>,60,27,[1 5],61,-1,171,-1,144
1,<environment.Job instance at 0x7fa9b40d9550>,62,18,[13  5],63,-1,164,-1,146
1,<environment.Job instance at 0x7fa9b41b7f50>,63,12,[ 3 13],64,-1,158,-1,146
1,<environment.Job instance at 0x7fa9b4a471e0>,64,13,[ 1 13],65,-1,159,-1,146
1,<environment.Job instance at 0x7fa9b4469460>,65,28,[ 1 11],66,-1,174,-1,146
1,<environment.Job instance at 0x7fa9b4cf39b0>,67,26,[13  4],68,-1,175,-1,149
1,<environment.Job instance at 0x7fa9b3dc88c0>,69,14,[13  1],70,-1,163,-1,149
1,<environment.Job instance at 0x7fa9b41e0be0>,70,12,[14  5],71,-1,161,-1,149
1,<environment.Job instance at 0x7fa9b41e04b0>,71,20,[ 2 14],72,-1,169,-1,149
1,<environment.Job instance at 0x7fa9b41b4c30>,73,14,[14  2],74,-1,163,-1,149
1,<environment.Job instance at 0x7fa9b41e0550>,74,27,[8 2],75,-1,177,-1,150
1,<environment.Job instance at 0x7fa9b40990f0>,1,22,[9 3],2,-1,25,-1,3
1,<environment.Job instance at 0x7fa9b40990a0>,2,27,[6 1],3,-1,30,-1,3
1,<environment.Job instance at 0x7fa9b35af140>,0,13,[11  4],1,-1,14,-1,1
1,<environment.Job instance at 0x7fa9b35af960>,2,27,[6 1],3,-1,30,-1,3
1,<environment.Job instance at 0x7fa9b49b1690>,3,15,[11  2],4,-1,19,-1,4
1,<environment.Job instance at 0x7fa9b49b1d20>,5,23,[ 2 14],6,-1,29,-1,6
1,<environment.Job instance at 0x7fa9b49b15a0>,9,24,[ 1 14],10,-1,34,-1,10
1,<environment.Job instance at 0x7fa9b49b1050>,10,19,[12  3],11,-1,30,-1,11
1,<environment.Job instance at 0x7fa9b49b1730>,11,25,[12  5],12,-1,37,-1,12
1,<environment.Job instance at 0x7fa9b49b1a50>,13,13,[14  3],14,-1,27,-1,14
1,<environment.Job instance at 0x7fa9b49b17d0>,16,2,[ 2 12],17,-1,19,-1,17
1,<environment.Job instance at 0x7fa9b49b16e0>,6,27,[8 4],7,-1,51,-1,24
1,<environment.Job instance at 0x7fa9b41d76e0>,22,27,[12  2],23,-1,69,-1,42
1,<environment.Job instance at 0x7fa9b41d1780>,23,25,[7 3],24,-1,67,-1,42
1,<environment.Job instance at 0x7fa9b4469460>,24,23,[11  3],25,-1,65,-1,42
1,<environment.Job instance at 0x7fa9b3cee5a0>,27,27,[ 5 14],28,-1,77,-1,50
1,<environment.Job instance at 0x7fa9b3ceed20>,28,26,[ 3 13],29,-1,76,-1,50
1,<environment.Job instance at 0x7fa9b3645230>,29,15,[ 5 12],30,-1,65,-1,50
1,<environment.Job instance at 0x7fa9b40bfe60>,25,27,[9 4],26,-1,83,-1,56
1,<environment.Job instance at 0x7fa9b41dfd20>,32,15,[ 1 13],33,-1,71,-1,56
1,<environment.Job instance at 0x7fa9b41df3c0>,33,23,[ 2 14],34,-1,79,-1,56
1,<environment.Job instance at 0x7fa9b3fcea50>,35,13,[13  1],36,-1,72,-1,59
1,<environment.Job instance at 0x7fa9b465ee60>,36,14,[11  1],37,-1,73,-1,59
1,<environment.Job instance at 0x7fa9b491ed20>,37,25,[ 3 14],38,-1,84,-1,59
1,<environment.Job instance at 0x7fa9b40adf50>,41,24,[ 2 10],42,-1,104,-1,80
1,<environment.Job instance at 0x7fa9b40ad500>,43,12,[ 1 14],44,-1,92,-1,80
1,<environment.Job instance at 0x7fa9b422aeb0>,47,22,[11  3],48,-1,116,-1,94
1,<environment.Job instance at 0x7fa9b354d5a0>,48,23,[ 5 12],49,-1,117,-1,94
1,<environment.Job instance at 0x7fa9b354d8c0>,50,28,[11  3],51,-1,135,-1,107
1,<environment.Job instance at 0x7fa9b354d910>,51,1,[11  4],52,-1,108,-1,107
1,<environment.Job instance at 0x7fa9b4099be0>,52,27,[7 1],53,-1,134,-1,107
1,<environment.Job instance at 0x7fa9b354d0f0>,54,16,[13  3],55,-1,123,-1,107
1,<environment.Job instance at 0x7fa9b4796eb0>,57,23,[ 3 11],58,-1,143,-1,120
1,<environment.Job instance at 0x7fa9b4796c30>,58,24,[8 3],59,-1,147,-1,123
1,<environment.Job instance at 0x7fa9b47967d0>,61,20,[13  3],62,-1,143,-1,123
1,<environment.Job instance at 0x7fa9b4796370>,63,14,[14  2],64,-1,137,-1,123
1,<environment.Job instance at 0x7fa9b4796690>,64,2,[13  4],65,-1,125,-1,123
1,<environment.Job instance at 0x7fa9b47963c0>,65,27,[5 1],66,-1,150,-1,123
1,<environment.Job instance at 0x7fa9b4796230>,69,27,[ 1 13],70,-1,166,-1,139
1,<environment.Job instance at 0x7fa9b3c00960>,70,23,[9 1],71,-1,164,-1,141
1,<environment.Job instance at 0x7fa9b3c00aa0>,72,20,[11  1],73,-1,161,-1,141
1,<environment.Job instance at 0x7fa9b3c000a0>,73,16,[13  1],74,-1,157,-1,141
1,<environment.Job instance at 0x7fa9b3c00820>,75,12,[ 2 13],76,-1,155,-1,143
1,<environment.Job instance at 0x7fa9b4796050>,68,23,[2 9],69,-1,176,-1,153
1,<environment.Job instance at 0x7fa9b3c00500>,76,28,[6 4],77,-1,188,-1,160
1,<environment.Job instance at 0x7fa9b3c006e0>,79,25,[ 5 10],80,-1,191,-1,166
1,<environment.Job instance at 0x7fa9b3640820>,82,16,[ 3 11],83,-1,182,-1,166
1,<environment.Job instance at 0x7fa9b3640370>,85,17,[13  3],86,-1,183,-1,166
1,<environment.Job instance at 0x7fa9b38cd9b0>,89,18,[12  4],90,-1,197,-1,179
1,<environment.Job instance at 0x7fa9b38cd460>,90,15,[11  1],91,-1,194,-1,179
1,<environment.Job instance at 0x7fa9b4740f00>,0,16,[7 4],1,-1,17,-1,1
1,<environment.Job instance at 0x7fa9b49470a0>,6,18,[4 9],7,-1,26,-1,8
1,<environment.Job instance at 0x7fa9bd86fbe0>,10,18,[5 7],11,-1,29,-1,11
1,<environment.Job instance at 0x7fa9b4c1e730>,16,13,[8 5],17,-1,40,-1,27
1,<environment.Job instance at 0x7fa9b4a70a00>,15,16,[4 9],16,-1,44,-1,28
1,<environment.Job instance at 0x7fa9b43da7d0>,22,19,[9 4],23,-1,47,-1,28
1,<environment.Job instance at 0x7fa9b4050410>,1,2,[ 1 12],2,-1,4,-1,2
1,<environment.Job instance at 0x7fa9b4050230>,2,27,[7 1],3,-1,30,-1,3
1,<environment.Job instance at 0x7fa9b4050050>,3,25,[7 3],4,-1,29,-1,4
1,<environment.Job instance at 0x7fa9b3b85d20>,5,18,[ 5 13],6,-1,24,-1,6
1,<environment.Job instance at 0x7fa9b4050640>,7,25,[ 3 13],8,-1,33,-1,8
1,<environment.Job instance at 0x7fa9b4050280>,9,25,[14  4],10,-1,35,-1,10
1,<environment.Job instance at 0x7fa9b3f34c30>,11,2,[14  2],12,-1,14,-1,12
1,<environment.Job instance at 0x7fa9b3f34820>,12,21,[ 1 12],13,-1,34,-1,13
1,<environment.Job instance at 0x7fa9bd938960>,18,21,[ 3 14],19,-1,46,-1,25
1,<environment.Job instance at 0x7fa9bd9387d0>,20,25,[14  3],21,-1,52,-1,27
1,<environment.Job instance at 0x7fa9bd6c76e0>,24,26,[5 3],25,-1,62,-1,36
1,<environment.Job instance at 0x7fa9bd6c7b90>,25,14,[14  3],26,-1,50,-1,36
1,<environment.Job instance at 0x7fa9bd6c7500>,26,24,[ 4 13],27,-1,60,-1,36
1,<environment.Job instance at 0x7fa9bd6c7870>,27,28,[ 4 14],28,-1,64,-1,36
1,<environment.Job instance at 0x7fa9b3bdb960>,30,13,[ 4 12],31,-1,49,-1,36
1,<environment.Job instance at 0x7fa9b3bdbcd0>,31,24,[5 6],32,-1,61,-1,37
1,<environment.Job instance at 0x7fa9b3bdb3c0>,32,14,[13  2],33,-1,51,-1,37
1,<environment.Job instance at 0x7fa9b3bdbc80>,37,15,[11  3],38,-1,60,-1,45
1,<environment.Job instance at 0x7fa9b3d0adc0>,39,3,[12  4],40,-1,60,-1,57
1,<environment.Job instance at 0x7fa9b3d0a1e0>,41,27,[5 1],42,-1,92,-1,65
1,<environment.Job instance at 0x7fa9b3d0a410>,42,23,[13  3],43,-1,88,-1,65
1,<environment.Job instance at 0x7fa9b3d0ac80>,44,28,[10  1],45,-1,97,-1,69
1,<environment.Job instance at 0x7fa9b3d0a550>,49,1,[11  5],50,-1,73,-1,72
1,<environment.Job instance at 0x7fa9b4513be0>,51,18,[ 1 14],52,-1,98,-1,80
1,<environment.Job instance at 0x7fa9b4513af0>,52,12,[ 3 13],53,-1,92,-1,80
1,<environment.Job instance at 0x7fa9b3d0a0a0>,48,23,[3 9],49,-1,125,-1,102
1,<environment.Job instance at 0x7fa9b3fd13c0>,55,17,[11  4],56,-1,119,-1,102
1,<environment.Job instance at 0x7fa9b3fd14b0>,59,19,[ 3 12],60,-1,121,-1,102
1,<environment.Job instance at 0x7fa9b3fd1a00>,61,24,[10  3],62,-1,141,-1,117
1,<environment.Job instance at 0x7fa9b3d75a50>,65,26,[ 1 11],66,-1,143,-1,117
1,<environment.Job instance at 0x7fa9b3d75280>,66,12,[11  1],67,-1,129,-1,117
1,<environment.Job instance at 0x7fa9b3d75550>,67,25,[6 1],68,-1,143,-1,118
1,<environment.Job instance at 0x7fa9b3cb6730>,68,24,[7 4],69,-1,142,-1,118
1,<environment.Job instance at 0x7fa9b3cb61e0>,73,28,[5 9],74,-1,162,-1,134
1,<environment.Job instance at 0x7fa9b38cdb40>,74,12,[12  3],75,-1,146,-1,134
1,<environment.Job instance at 0x7fa9b38cd1e0>,75,12,[11  3],76,-1,146,-1,134
1,<environment.Job instance at 0x7fa9b38cda00>,78,25,[3 7],79,-1,175,-1,150
1,<environment.Job instance at 0x7fa9b38cddc0>,79,24,[5 8],80,-1,174,-1,150
1,<environment.Job instance at 0x7fa9b36403c0>,86,25,[4 8],87,-1,195,-1,170
1,<environment.Job instance at 0x7f2127870960>,3,22,[2 5],4,-1,26,-1,4
1,<environment.Job instance at 0x7f2127870c80>,7,26,[9 3],8,-1,35,-1,9
1,<environment.Job instance at 0x7f2127870dc0>,10,22,[8 1],11,-1,33,-1,11
1,<environment.Job instance at 0x7f21278742d0>,16,18,[7 3],17,-1,35,-1,17
1,<environment.Job instance at 0x7f2127874190>,18,26,[7 4],19,-1,45,-1,19
1,<environment.Job instance at 0x7f21278746e0>,21,18,[9 4],22,-1,40,-1,22
1,<environment.Job instance at 0x7f21278740a0>,14,21,[8 1],15,-1,45,-1,24
1,<environment.Job instance at 0x7f21278749b0>,27,17,[4 6],28,-1,45,-1,28
1,<environment.Job instance at 0x7f2127874e10>,28,17,[ 1 13],29,-1,47,-1,30
1,<environment.Job instance at 0x7f2127874cd0>,30,26,[9 4],31,-1,57,-1,31
1,<environment.Job instance at 0x7f2127870e60>,13,18,[5 9],14,-1,49,-1,31
1,<environment.Job instance at 0x7f2127874eb0>,29,24,[4 7],30,-1,55,-1,31
1,<environment.Job instance at 0x7f2127876140>,32,21,[5 9],33,-1,54,-1,33
1,<environment.Job instance at 0x7f21278748c0>,23,16,[12  2],24,-1,51,-1,35
1,<environment.Job instance at 0x7f2127876050>,35,16,[1 9],36,-1,53,-1,37
1,<environment.Job instance at 0x7f21278745f0>,19,25,[5 9],20,-1,63,-1,38
1,<environment.Job instance at 0x7f2127878230>,6,15,[ 2 14],7,-1,22,-1,7
1,<environment.Job instance at 0x7f2127878500>,8,2,[ 1 14],9,-1,11,-1,9
1,<environment.Job instance at 0x7f21278785a0>,7,26,[9 3],8,-1,44,-1,18
1,<environment.Job instance at 0x7f2127878730>,12,23,[12  4],13,-1,41,-1,18
1,<environment.Job instance at 0x7f2127878d70>,18,26,[7 4],19,-1,56,-1,30
1,<environment.Job instance at 0x7f2127878af0>,19,25,[5 9],20,-1,66,-1,41
1,<environment.Job instance at 0x7f2127878f50>,23,16,[12  2],24,-1,57,-1,41
1,<environment.Job instance at 0x7f212787c410>,28,17,[ 1 13],29,-1,65,-1,48
1,<environment.Job instance at 0x7f2127364500>,5,15,[5 4],6,-1,23,-1,8
1,<environment.Job instance at 0x7f212736a190>,9,21,[9 1],10,-1,31,-1,10
1,<environment.Job instance at 0x7f212736a280>,10,14,[ 2 10],11,-1,25,-1,11
1,<environment.Job instance at 0x7f2127496690>,13,21,[5 5],14,-1,35,-1,14
1,<environment.Job instance at 0x7f21273d39b0>,15,15,[5 5],16,-1,31,-1,16
1,<environment.Job instance at 0x7f21274888c0>,18,14,[6 4],19,-1,33,-1,19
1,<environment.Job instance at 0x7f21274881e0>,19,14,[9 4],20,-1,34,-1,20
1,<environment.Job instance at 0x7f212747d410>,20,22,[ 3 10],21,-1,43,-1,21
1,<environment.Job instance at 0x7f212747de60>,21,16,[6 5],22,-1,38,-1,22
1,<environment.Job instance at 0x7f212747daf0>,22,14,[2 6],23,-1,37,-1,23
1,<environment.Job instance at 0x7f21273a8c80>,23,1,[5 3],24,-1,25,-1,24
1,<environment.Job instance at 0x7f21274eb500>,26,13,[10  1],27,-1,43,-1,30
1,<environment.Job instance at 0x7f212736a140>,8,28,[10  3],9,-1,61,-1,33
1,<environment.Job instance at 0x7f212736a2d0>,7,17,[ 2 14],8,-1,50,-1,33
1,<environment.Job instance at 0x7f21273a80f0>,25,28,[ 2 10],26,-1,61,-1,33
1,<environment.Job instance at 0x7f2127333640>,32,21,[4 8],33,-1,54,-1,33
1,<environment.Job instance at 0x7f21273333c0>,33,18,[ 3 10],34,-1,52,-1,34
1,<environment.Job instance at 0x7f2127333870>,31,14,[8 5],32,-1,48,-1,34
1,<environment.Job instance at 0x7f21273330a0>,35,15,[1 7],36,-1,51,-1,36
1,<environment.Job instance at 0x7f2127333370>,30,19,[5 5],31,-1,57,-1,38
1,<environment.Job instance at 0x7f2127394a00>,38,16,[4 9],39,-1,55,-1,39
1,<environment.Job instance at 0x7f2127394c30>,40,22,[9 2],41,-1,64,-1,42
1,<environment.Job instance at 0x7f2127394dc0>,42,23,[9 1],43,-1,66,-1,43
1,<environment.Job instance at 0x7f212787cf00>,0,13,[ 4 12],1,-1,14,-1,1
1,<environment.Job instance at 0x7f212787cc80>,3,12,[ 3 14],4,-1,16,-1,4
1,<environment.Job instance at 0x7f212787c9b0>,4,3,[ 3 13],5,-1,8,-1,5
1,<environment.Job instance at 0x7f212787c730>,7,17,[ 2 14],8,-1,25,-1,8
1,<environment.Job instance at 0x7f212787c780>,11,2,[ 1 12],12,-1,17,-1,15
1,<environment.Job instance at 0x7f212787c460>,8,28,[10  3],9,-1,52,-1,24
1,<environment.Job instance at 0x7f212787c190>,16,28,[3 6],17,-1,52,-1,24
1,<environment.Job instance at 0x7f2127018910>,0,28,[5 9],1,-1,29,-1,1
1,<environment.Job instance at 0x7f21270bab40>,5,16,[7 5],6,-1,23,-1,7
1,<environment.Job instance at 0x7f21270baeb0>,14,19,[9 2],15,-1,38,-1,19
1,<environment.Job instance at 0x7f21270ba050>,13,17,[5 1],14,-1,36,-1,19
1,<environment.Job instance at 0x7f2127011910>,20,24,[8 1],21,-1,45,-1,21
1,<environment.Job instance at 0x7f212700eeb0>,30,16,[3 9],31,-1,49,-1,33
1,<environment.Job instance at 0x7f212700e910>,32,18,[10  4],33,-1,51,-1,33
1,<environment.Job instance at 0x7f21270181e0>,0,28,[5 9],1,-1,29,-1,1
1,<environment.Job instance at 0x7f2127018dc0>,1,15,[ 2 13],2,-1,17,-1,2
1,<environment.Job instance at 0x7f2127018190>,2,13,[11  4],3,-1,16,-1,3
1,<environment.Job instance at 0x7f212700a780>,6,22,[ 4 14],7,-1,29,-1,7
1,<environment.Job instance at 0x7f2127007370>,9,27,[ 3 11],10,-1,37,-1,10
1,<environment.Job instance at 0x7f2127007320>,10,23,[5 1],11,-1,34,-1,11
1,<environment.Job instance at 0x7f2127007d70>,11,17,[12  4],12,-1,29,-1,12
1,<environment.Job instance at 0x7f21270078c0>,19,12,[13  1],20,-1,38,-1,26
1,<environment.Job instance at 0x7f2127007fa0>,20,24,[8 1],21,-1,53,-1,29
1,<environment.Job instance at 0x7f2127007910>,21,2,[ 5 14],22,-1,31,-1,29
1,<environment.Job instance at 0x7f21270048c0>,22,25,[1 8],23,-1,54,-1,29
1,<environment.Job instance at 0x7f2127004cd0>,31,13,[ 3 14],32,-1,56,-1,43
1,<environment.Job instance at 0x7f2126ffb0a0>,1,22,[5 6],2,-1,24,-1,2
1,<environment.Job instance at 0x7f2126e61aa0>,2,26,[6 4],3,-1,29,-1,3
1,<environment.Job instance at 0x7f2126e619b0>,3,17,[5 8],4,-1,21,-1,4
1,<environment.Job instance at 0x7f2126e61b40>,4,15,[ 2 10],5,-1,21,-1,6
1,<environment.Job instance at 0x7f2126e63190>,11,20,[10  5],12,-1,32,-1,12
1,<environment.Job instance at 0x7f2126e63320>,14,22,[5 6],15,-1,37,-1,15
1,<environment.Job instance at 0x7f2126e63640>,19,17,[4 7],20,-1,37,-1,20
1,<environment.Job instance at 0x7f2126e639b0>,22,24,[3 7],23,-1,47,-1,23
1,<environment.Job instance at 0x7f2126e63a50>,23,19,[3 8],24,-1,43,-1,24
1,<environment.Job instance at 0x7f2126e63d20>,26,16,[8 4],27,-1,61,-1,45
1,<environment.Job instance at 0x7f2127011fa0>,5,25,[ 3 13],6,-1,73,-1,48
1,<environment.Job instance at 0x7f2126fff370>,5,25,[ 3 13],6,-1,31,-1,6
1,<environment.Job instance at 0x7f2126fff910>,7,25,[ 2 11],8,-1,33,-1,8
1,<environment.Job instance at 0x7f2127004b40>,8,1,[14  3],9,-1,10,-1,9
1,<environment.Job instance at 0x7f2126fffd70>,2,26,[6 4],3,-1,47,-1,21
1,<environment.Job instance at 0x7f2127004960>,12,22,[ 2 11],13,-1,43,-1,21
1,<environment.Job instance at 0x7f2127004e10>,13,2,[13  5],14,-1,23,-1,21
1,<environment.Job instance at 0x7f2127004050>,15,13,[ 5 14],16,-1,34,-1,21
1,<environment.Job instance at 0x7f21270045f0>,21,25,[14  5],22,-1,51,-1,26
1,<environment.Job instance at 0x7f2127004d70>,22,24,[3 7],23,-1,60,-1,36
1,<environment.Job instance at 0x7f2127007910>,25,27,[ 3 13],26,-1,63,-1,36
1,<environment.Job instance at 0x7f2127007b40>,28,2,[12  2],29,-1,41,-1,39
1,<environment.Job instance at 0x7f21270073c0>,30,18,[12  2],31,-1,59,-1,41
1,<environment.Job instance at 0x7f2127904dc0>,1,17,[2 7],2,-1,19,-1,2
1,<environment.Job instance at 0x7f21279048c0>,4,17,[ 5 10],5,-1,22,-1,5
1,<environment.Job instance at 0x7f2127904aa0>,5,16,[5 6],6,-1,22,-1,6
1,<environment.Job instance at 0x7f2127904be0>,6,15,[ 2 10],7,-1,23,-1,8
1,<environment.Job instance at 0x7f2126ffffa0>,7,15,[11  5],8,-1,23,-1,8
1,<environment.Job instance at 0x7f2127904870>,9,17,[3 6],10,-1,27,-1,10
1,<environment.Job instance at 0x7f21279070f0>,18,25,[4 8],19,-1,51,-1,26
1,<environment.Job instance at 0x7f21272d1a50>,0,2,[11  3],1,-1,3,-1,1
1,<environment.Job instance at 0x7f21279074b0>,7,15,[11  5],8,-1,23,-1,8
1,<environment.Job instance at 0x7f2126fffaf0>,8,1,[14  4],9,-1,10,-1,9
1,<environment.Job instance at 0x7f2126fff5a0>,11,1,[ 4 14],12,-1,18,-1,17
1,<environment.Job instance at 0x7f2127958a00>,12,16,[ 5 12],13,-1,33,-1,17
1,<environment.Job instance at 0x7f21279042d0>,14,16,[ 1 14],15,-1,35,-1,19
1,<environment.Job instance at 0x7f2127904730>,15,18,[ 1 14],16,-1,37,-1,19
1,<environment.Job instance at 0x7f2127954cd0>,16,23,[1 9],17,-1,42,-1,19
1,<environment.Job instance at 0x7f2127954e60>,19,3,[11  3],20,-1,33,-1,30
1,<environment.Job instance at 0x7f21279544b0>,20,15,[14  2],21,-1,45,-1,30
1,<environment.Job instance at 0x7f21279546e0>,21,18,[11  1],22,-1,48,-1,30
1,<environment.Job instance at 0x7f2127954d70>,18,25,[4 8],19,-1,59,-1,34
1,<environment.Job instance at 0x7f2127946460>,23,17,[12  1],24,-1,51,-1,34
1,<environment.Job instance at 0x7f2127946d70>,27,13,[ 4 11],28,-1,60,-1,47
1,<environment.Job instance at 0x7f2127946d20>,28,16,[14  3],29,-1,63,-1,47
1,<environment.Job instance at 0x7f2126b106e0>,0,23,[1 8],1,-1,25,-1,2
1,<environment.Job instance at 0x7f2126b101e0>,1,27,[5 6],2,-1,29,-1,2
1,<environment.Job instance at 0x7f2126b44320>,8,15,[8 1],9,-1,24,-1,9
1,<environment.Job instance at 0x7f2126f9e500>,5,28,[14  4],6,-1,40,-1,12
1,<environment.Job instance at 0x7f2126b44500>,13,18,[ 1 10],14,-1,32,-1,14
1,<environment.Job instance at 0x7f2126b444b0>,9,17,[10  2],10,-1,32,-1,15
1,<environment.Job instance at 0x7f2126b0ef50>,15,22,[3 7],16,-1,38,-1,16
1,<environment.Job instance at 0x7f2126b0e780>,16,21,[5 5],17,-1,38,-1,17
1,<environment.Job instance at 0x7f2126b0ed20>,17,14,[9 1],18,-1,32,-1,18
1,<environment.Job instance at 0x7f2126b4f8c0>,24,17,[8 4],25,-1,46,-1,29
1,<environment.Job instance at 0x7f2126b0e3c0>,19,28,[ 2 10],20,-1,60,-1,32
1,<environment.Job instance at 0x7f2126b4f960>,23,20,[5 8],24,-1,52,-1,32
1,<environment.Job instance at 0x7f2126c0d460>,29,20,[ 4 10],30,-1,52,-1,32
1,<environment.Job instance at 0x7f2126b44fa0>,11,26,[5 3],12,-1,58,-1,32
1,<environment.Job instance at 0x7f2126b4f500>,26,20,[11  2],27,-1,56,-1,36
1,<environment.Job instance at 0x7f2126c0d820>,32,16,[7 5],33,-1,58,-1,42
1,<environment.Job instance at 0x7f2126b0e8c0>,22,15,[7 5],23,-1,57,-1,42
1,<environment.Job instance at 0x7f2126af7dc0>,36,13,[8 4],37,-1,57,-1,44
1,<environment.Job instance at 0x7f2126af73c0>,37,14,[12  2],38,-1,58,-1,44
1,<environment.Job instance at 0x7f2126c0d0a0>,30,15,[9 2],31,-1,59,-1,44
1,<environment.Job instance at 0x7f2126b28960>,41,15,[7 2],42,-1,59,-1,44
1,<environment.Job instance at 0x7f2126b280a0>,43,27,[2 7],44,-1,71,-1,44
1,<environment.Job instance at 0x7f2126b44a50>,7,20,[ 4 11],8,-1,65,-1,45
1,<environment.Job instance at 0x7f2126b287d0>,42,12,[8 3],43,-1,57,-1,45
1,<environment.Job instance at 0x7f2126c08d70>,46,12,[5 5],47,-1,60,-1,48
1,<environment.Job instance at 0x7f2127af9d20>,0,23,[1 8],1,-1,24,-1,1
1,<environment.Job instance at 0x7f21279460f0>,1,27,[5 6],2,-1,29,-1,2
1,<environment.Job instance at 0x7f21279469b0>,3,18,[ 1 11],4,-1,22,-1,4
1,<environment.Job instance at 0x7f2127946e10>,4,26,[ 2 13],5,-1,31,-1,5
1,<environment.Job instance at 0x7f2127946af0>,5,28,[14  4],6,-1,34,-1,6
1,<environment.Job instance at 0x7f21279465a0>,7,20,[ 4 11],8,-1,28,-1,8
1,<environment.Job instance at 0x7f2126d190a0>,10,27,[1 5],11,-1,38,-1,11
1,<environment.Job instance at 0x7f2127954dc0>,14,15,[14  2],15,-1,30,-1,15
1,<environment.Job instance at 0x7f2127954be0>,11,26,[5 3],12,-1,49,-1,23
1,<environment.Job instance at 0x7f2126b4f4b0>,19,28,[ 2 10],20,-1,60,-1,32
1,<environment.Job instance at 0x7f21272d1a50>,20,2,[13  1],21,-1,34,-1,32
1,<environment.Job instance at 0x7f2127f5feb0>,26,20,[11  2],27,-1,58,-1,38
1,<environment.Job instance at 0x7f2127f5f910>,27,26,[2 8],28,-1,65,-1,39
1,<environment.Job instance at 0x7f2127ebf8c0>,0,18,[1 7],1,-1,19,-1,1
1,<environment.Job instance at 0x7f21277eeb40>,9,21,[8 2],10,-1,33,-1,12
1,<environment.Job instance at 0x7f212742ac30>,14,25,[5 6],15,-1,40,-1,15
1,<environment.Job instance at 0x7f2126fe7b90>,15,20,[1 8],16,-1,36,-1,16
1,<environment.Job instance at 0x7f21273f1be0>,17,18,[5 6],18,-1,36,-1,18
1,<environment.Job instance at 0x7f2126fe75f0>,11,18,[ 1 11],12,-1,38,-1,20
1,<environment.Job instance at 0x7f2126b43870>,21,16,[ 4 10],22,-1,38,-1,22
1,<environment.Job instance at 0x7f21273f1af0>,18,16,[8 3],19,-1,39,-1,23
1,<environment.Job instance at 0x7f2126b432d0>,22,20,[5 8],23,-1,43,-1,23
1,<environment.Job instance at 0x7f2127ac7910>,27,28,[7 4],28,-1,58,-1,30
1,<environment.Job instance at 0x7f2127ad1b90>,28,27,[4 6],29,-1,57,-1,30
1,<environment.Job instance at 0x7f2127ad7a00>,30,20,[4 9],31,-1,51,-1,31
1,<environment.Job instance at 0x7f21277eeaf0>,13,16,[ 5 10],14,-1,48,-1,32
1,<environment.Job instance at 0x7f21282e7a50>,2,17,[13  5],3,-1,20,-1,3
1,<environment.Job instance at 0x7f21282a22d0>,3,13,[ 5 14],4,-1,17,-1,4
1,<environment.Job instance at 0x7f2126c08d20>,11,18,[ 1 11],12,-1,34,-1,16
1,<environment.Job instance at 0x7f2126c08870>,14,25,[5 6],15,-1,47,-1,22
1,<environment.Job instance at 0x7f2127c66a50>,16,14,[11  4],17,-1,36,-1,22
1,<environment.Job instance at 0x7f2126b4f4b0>,19,28,[11  2],20,-1,59,-1,31
1,<environment.Job instance at 0x7f2127979820>,23,27,[ 4 13],24,-1,72,-1,45
1,<environment.Job instance at 0x7f2126e89280>,1,25,[7 5],2,-1,27,-1,2
1,<environment.Job instance at 0x7f2127e82190>,7,28,[8 2],8,-1,36,-1,8
1,<environment.Job instance at 0x7f2127e822d0>,8,26,[8 3],9,-1,35,-1,9
1,<environment.Job instance at 0x7f2127e820f0>,12,21,[ 5 10],13,-1,34,-1,13
1,<environment.Job instance at 0x7f2127e20550>,19,14,[2 8],20,-1,34,-1,20
1,<environment.Job instance at 0x7f2127ef7b40>,23,20,[7 1],24,-1,44,-1,24
1,<environment.Job instance at 0x7f2127ef7f50>,24,25,[4 9],25,-1,50,-1,25
1,<environment.Job instance at 0x7f2127ef7960>,25,26,[6 1],26,-1,52,-1,26
1,<environment.Job instance at 0x7f2127ef7be0>,26,28,[5 9],27,-1,55,-1,27
1,<environment.Job instance at 0x7f2127ef7140>,27,24,[4 8],28,-1,52,-1,28
1,<environment.Job instance at 0x7f2127ef7fa0>,28,20,[5 5],29,-1,49,-1,29
1,<environment.Job instance at 0x7f2127439370>,11,15,[ 3 13],12,-1,46,-1,31
1,<environment.Job instance at 0x7f2130e05cd0>,40,18,[10  5],41,-1,59,-1,41
1,<environment.Job instance at 0x7f2126b41550>,41,25,[8 3],42,-1,67,-1,42
1,<environment.Job instance at 0x7f21277ee550>,1,25,[7 5],2,-1,27,-1,2
1,<environment.Job instance at 0x7f2127946e10>,4,25,[2 8],5,-1,30,-1,5
1,<environment.Job instance at 0x7f21279465a0>,10,27,[ 3 11],11,-1,38,-1,11
1,<environment.Job instance at 0x7f21279042d0>,11,15,[ 3 13],12,-1,27,-1,12
1,<environment.Job instance at 0x7f2127979820>,7,28,[8 2],8,-1,47,-1,19
1,<environment.Job instance at 0x7f2127946a50>,8,26,[8 3],9,-1,45,-1,19
1,<environment.Job instance at 0x7f2127e25aa0>,18,18,[ 5 14],19,-1,38,-1,20
1,<environment.Job instance at 0x7f2126c08140>,20,19,[ 2 11],21,-1,40,-1,21
1,<environment.Job instance at 0x7f2128492a50>,25,26,[6 1],26,-1,63,-1,37
1,<environment.Job instance at 0x7f212803d1e0>,30,2,[ 2 12],31,-1,40,-1,38
1,<environment.Job instance at 0x7f21271da370>,27,24,[4 8],28,-1,70,-1,46
1,<environment.Job instance at 0x7f2127e82d20>,32,24,[7 4],33,-1,70,-1,46
1,<environment.Job instance at 0x7f21282a22d0>,24,25,[4 9],25,-1,71,-1,46
1,<environment.Job instance at 0x7f2126b58fa0>,26,28,[5 9],27,-1,74,-1,46
1,<environment.Job instance at 0x7f2127e20460>,38,19,[12  4],39,-1,65,-1,46
1,<environment.Job instance at 0x7f2127e208c0>,39,14,[ 5 12],40,-1,60,-1,46
1,<environment.Job instance at 0x7f21279300a0>,12,13,[10  4],13,-1,30,-1,17
1,<environment.Job instance at 0x7f21279306e0>,14,13,[ 3 14],15,-1,30,-1,17
1,<environment.Job instance at 0x7f2127930370>,13,23,[9 4],14,-1,42,-1,19
1,<environment.Job instance at 0x7f2127930690>,15,24,[ 4 14],16,-1,44,-1,20
1,<environment.Job instance at 0x7f2127930a50>,18,27,[9 5],19,-1,47,-1,20
1,<environment.Job instance at 0x7f2127930b90>,19,22,[7 5],20,-1,42,-1,20
1,<environment.Job instance at 0x7f2127f7b820>,8,20,[4 9],9,-1,41,-1,21
1,<environment.Job instance at 0x7f2127930e10>,21,26,[6 2],22,-1,50,-1,24
1,<environment.Job instance at 0x7f2130f01f00>,1,15,[11  2],2,-1,17,-1,2
1,<environment.Job instance at 0x7f2126c08460>,2,13,[ 1 12],3,-1,16,-1,3
1,<environment.Job instance at 0x7f2126c08870>,5,16,[ 4 11],6,-1,22,-1,6
1,<environment.Job instance at 0x7f2127946b90>,6,17,[13  3],7,-1,24,-1,7
1,<environment.Job instance at 0x7f2127946460>,7,22,[ 3 11],8,-1,30,-1,8
1,<environment.Job instance at 0x7f2126d190a0>,9,13,[ 5 12],10,-1,23,-1,10
1,<environment.Job instance at 0x7f2127946320>,10,1,[ 5 11],11,-1,12,-1,11
1,<environment.Job instance at 0x7f2127f7bb90>,11,1,[12  4],12,-1,13,-1,12
1,<environment.Job instance at 0x7f2127946c80>,13,23,[9 4],14,-1,38,-1,15
1,<environment.Job instance at 0x7f2127930780>,14,13,[ 3 14],15,-1,28,-1,15
1,<environment.Job instance at 0x7f2127930dc0>,15,24,[ 4 14],16,-1,40,-1,16
1,<environment.Job instance at 0x7f2127029f00>,20,14,[ 3 13],21,-1,35,-1,21
1,<environment.Job instance at 0x7f2126f0aaf0>,17,24,[7 3],18,-1,54,-1,30
1,<environment.Job instance at 0x7f2127029be0>,18,27,[9 5],19,-1,57,-1,30
1,<environment.Job instance at 0x7f2127d50f50>,23,23,[12  5],24,-1,53,-1,30
1,<environment.Job instance at 0x7f2127d502d0>,24,13,[ 4 14],25,-1,43,-1,30
1,<environment.Job instance at 0x7f2127d500f0>,25,19,[13  2],26,-1,49,-1,30
1,<environment.Job instance at 0x7f2127d50af0>,21,26,[6 2],22,-1,56,-1,30
1,<environment.Job instance at 0x7f2128457d70>,31,18,[ 2 13],32,-1,50,-1,32
1,<environment.Job instance at 0x7f2127d1e460>,3,18,[9 5],4,-1,24,-1,6
1,<environment.Job instance at 0x7f2128456a50>,15,15,[ 4 10],16,-1,31,-1,16
1,<environment.Job instance at 0x7f2126b0eb40>,1,26,[ 3 12],2,-1,28,-1,2
1,<environment.Job instance at 0x7f2126f0aaa0>,2,14,[ 3 14],3,-1,17,-1,3
1,<environment.Job instance at 0x7f2127d1e780>,6,2,[ 5 14],7,-1,9,-1,7
1,<environment.Job instance at 0x7f2126e53cd0>,9,2,[ 4 11],10,-1,12,-1,10
1,<environment.Job instance at 0x7f2126e53370>,13,12,[12  2],14,-1,34,-1,22
1,<environment.Job instance at 0x7f2126e53780>,14,12,[14  2],15,-1,34,-1,22
1,<environment.Job instance at 0x7f21281d2690>,16,13,[14  5],17,-1,35,-1,22
1,<environment.Job instance at 0x7f2128163a50>,18,16,[ 1 14],19,-1,38,-1,22
1,<environment.Job instance at 0x7f21281d2320>,17,25,[7 3],18,-1,50,-1,25
1,<environment.Job instance at 0x7f212765c690>,20,12,[ 2 13],21,-1,37,-1,25
1,<environment.Job instance at 0x7f212798cfa0>,27,24,[10  3],28,-1,63,-1,39
1,<environment.Job instance at 0x7f212798c5a0>,28,18,[11  2],29,-1,57,-1,39
1,<environment.Job instance at 0x7f21272893c0>,30,14,[ 5 13],31,-1,53,-1,39
1,<environment.Job instance at 0x7f2127e61780>,31,24,[14  5],32,-1,63,-1,39
1,<environment.Job instance at 0x7f2127e61e60>,32,12,[ 4 11],33,-1,51,-1,39
1,<environment.Job instance at 0x7f2126dabd70>,1,16,[10  1],2,-1,19,-1,3
1,<environment.Job instance at 0x7f2127ff20f0>,3,17,[7 2],4,-1,21,-1,4
1,<environment.Job instance at 0x7f2127ff2cd0>,8,18,[ 1 14],9,-1,30,-1,12
1,<environment.Job instance at 0x7f2127ff2550>,6,19,[2 7],7,-1,31,-1,12
1,<environment.Job instance at 0x7f2127ff2820>,13,17,[2 7],14,-1,33,-1,16
1,<environment.Job instance at 0x7f2127ff2aa0>,10,14,[14  2],11,-1,31,-1,17
1,<environment.Job instance at 0x7f2127ff2a00>,16,27,[8 2],17,-1,44,-1,17
1,<environment.Job instance at 0x7f2127ff2eb0>,17,16,[5 9],18,-1,34,-1,18
1,<environment.Job instance at 0x7f2127ff2be0>,18,18,[5 8],19,-1,37,-1,19
1,<environment.Job instance at 0x7f2127fd9280>,21,23,[11  4],22,-1,45,-1,22
1,<environment.Job instance at 0x7f2127fd94b0>,24,27,[2 8],25,-1,52,-1,25
1,<environment.Job instance at 0x7f2127fd9190>,25,18,[ 1 13],26,-1,45,-1,27
1,<environment.Job instance at 0x7f2127fd9550>,28,17,[13  4],29,-1,47,-1,30
1,<environment.Job instance at 0x7f2127ff22d0>,5,25,[7 5],6,-1,57,-1,32
1,<environment.Job instance at 0x7f2127fd99b0>,29,13,[14  2],30,-1,45,-1,32
1,<environment.Job instance at 0x7f2127fd98c0>,30,13,[1 6],31,-1,45,-1,32
1,<environment.Job instance at 0x7f2127fd9960>,32,15,[1 6],33,-1,48,-1,33
1,<environment.Job instance at 0x7f2127fd9a50>,34,16,[ 2 10],35,-1,51,-1,35
1,<environment.Job instance at 0x7f2127fd9b90>,33,13,[5 2],34,-1,50,-1,37
1,<environment.Job instance at 0x7f2127ff2d20>,9,19,[14  4],10,-1,59,-1,40
1,<environment.Job instance at 0x7f2127feb050>,39,21,[5 3],40,-1,62,-1,41
1,<environment.Job instance at 0x7f2127feb320>,41,17,[4 9],42,-1,59,-1,42
1,<environment.Job instance at 0x7f2127feb190>,42,19,[5 7],43,-1,63,-1,44
1,<environment.Job instance at 0x7f2127feb410>,44,16,[1 7],45,-1,61,-1,45
1,<environment.Job instance at 0x7f2127feb550>,45,18,[8 2],46,-1,65,-1,47
1,<environment.Job instance at 0x7f2127feb870>,47,15,[2 7],48,-1,63,-1,48
1,<environment.Job instance at 0x7f2127b3a460>,4,24,[ 5 13],5,-1,29,-1,5
1,<environment.Job instance at 0x7f2130db5e60>,7,3,[ 5 13],8,-1,11,-1,8
1,<environment.Job instance at 0x7f2127b9d230>,8,18,[ 1 14],9,-1,27,-1,9
1,<environment.Job instance at 0x7f21282cad20>,9,19,[14  4],10,-1,29,-1,10
1,<environment.Job instance at 0x7f21282cab40>,10,14,[14  2],11,-1,25,-1,11
1,<environment.Job instance at 0x7f2130db5e10>,5,25,[7 5],6,-1,39,-1,14
1,<environment.Job instance at 0x7f212798cfa0>,16,27,[8 2],17,-1,57,-1,30
1,<environment.Job instance at 0x7f2126e63d70>,0,14,[10  3],1,-1,16,-1,2
1,<environment.Job instance at 0x7f21276f0140>,3,12,[3 9],4,-1,16,-1,4
1,<environment.Job instance at 0x7f21276f0500>,5,21,[5 6],6,-1,27,-1,6
1,<environment.Job instance at 0x7f21276f00f0>,6,14,[ 3 10],7,-1,21,-1,7
1,<environment.Job instance at 0x7f2128418c30>,9,16,[1 5],10,-1,26,-1,10
1,<environment.Job instance at 0x7f2128418cd0>,10,18,[4 9],11,-1,29,-1,11
1,<environment.Job instance at 0x7f2128418640>,12,18,[10  5],13,-1,31,-1,13
1,<environment.Job instance at 0x7f2126e63550>,2,22,[ 5 13],3,-1,25,-1,3
1,<environment.Job instance at 0x7f2126e63aa0>,4,27,[11  2],5,-1,32,-1,5
1,<environment.Job instance at 0x7f2126e46320>,8,22,[ 4 12],9,-1,31,-1,9
1,<environment.Job instance at 0x7f2126e460f0>,11,27,[10  1],12,-1,47,-1,20
1,<environment.Job instance at 0x7f2127b35f50>,13,13,[ 5 11],14,-1,33,-1,20
1,<environment.Job instance at 0x7f2127b350f0>,14,27,[12  2],15,-1,47,-1,20
1,<environment.Job instance at 0x7f2127b35140>,17,24,[1 9],18,-1,57,-1,33
1,<environment.Job instance at 0x7f2127b35b90>,20,27,[ 1 14],21,-1,60,-1,33
1,<environment.Job instance at 0x7f2127b35aa0>,21,12,[12  1],22,-1,45,-1,33
1,<environment.Job instance at 0x7f2127b35dc0>,24,23,[3 6],25,-1,71,-1,48
1,<environment.Job instance at 0x7f2127bb8230>,1,14,[8 4],2,-1,17,-1,3
1,<environment.Job instance at 0x7f2127bb8d20>,2,14,[9 2],3,-1,17,-1,3
1,<environment.Job instance at 0x7f2127794d20>,9,18,[6 2],10,-1,29,-1,11
1,<environment.Job instance at 0x7f2127794a50>,11,25,[3 9],12,-1,37,-1,12
1,<environment.Job instance at 0x7f2127bb81e0>,10,19,[6 3],11,-1,32,-1,13
1,<environment.Job instance at 0x7f2127794e60>,14,23,[2 8],15,-1,40,-1,17
1,<environment.Job instance at 0x7f2126b2df00>,20,16,[9 2],21,-1,38,-1,22
1,<environment.Job instance at 0x7f2128376500>,22,15,[9 1],23,-1,38,-1,23
1,<environment.Job instance at 0x7f2128376050>,23,15,[11  4],24,-1,39,-1,24
1,<environment.Job instance at 0x7f2127794dc0>,19,24,[13  2],20,-1,49,-1,25
1,<environment.Job instance at 0x7f2126e858c0>,24,17,[5 2],25,-1,42,-1,25
1,<environment.Job instance at 0x7f2126b2d190>,25,13,[5 4],26,-1,39,-1,26
1,<environment.Job instance at 0x7f2126b2d870>,21,15,[10  3],22,-1,42,-1,27
1,<environment.Job instance at 0x7f2126d82f00>,0,20,[ 2 11],1,-1,21,-1,1
1,<environment.Job instance at 0x7f2126d82730>,4,25,[3 7],5,-1,32,-1,7
1,<environment.Job instance at 0x7f2127b141e0>,14,23,[2 8],15,-1,47,-1,24
1,<environment.Job instance at 0x7f21280b5b90>,11,25,[3 9],12,-1,54,-1,29
1,<environment.Job instance at 0x7f2127a73a00>,17,27,[5 7],18,-1,59,-1,32
1,<environment.Job instance at 0x7f2127750dc0>,19,24,[13  2],20,-1,56,-1,32
1,<environment.Job instance at 0x7f2126ace230>,23,15,[11  4],24,-1,48,-1,33
1,<environment.Job instance at 0x7f2127931f00>,0,18,[ 2 10],1,-1,20,-1,2
1,<environment.Job instance at 0x7f2126dcbb40>,1,14,[8 3],2,-1,16,-1,2
1,<environment.Job instance at 0x7f2127901e60>,3,13,[10  2],4,-1,18,-1,5
1,<environment.Job instance at 0x7f2127f2e820>,5,17,[2 5],6,-1,23,-1,6
1,<environment.Job instance at 0x7f212765fe60>,4,12,[10  4],5,-1,22,-1,10
1,<environment.Job instance at 0x7f2127f2eeb0>,10,2,[12  2],11,-1,13,-1,11
1,<environment.Job instance at 0x7f2127590960>,11,15,[5 6],12,-1,28,-1,13
1,<environment.Job instance at 0x7f21275908c0>,12,26,[9 4],13,-1,39,-1,13
1,<environment.Job instance at 0x7f212757bfa0>,17,17,[ 4 10],18,-1,35,-1,18
1,<environment.Job instance at 0x7f212757b140>,23,21,[4 8],24,-1,45,-1,24
1,<environment.Job instance at 0x7f212757b190>,24,23,[3 9],25,-1,48,-1,25
1,<environment.Job instance at 0x7f2127585d70>,31,15,[4 7],32,-1,58,-1,43
1,<environment.Job instance at 0x7f2127585e10>,25,13,[10  5],26,-1,56,-1,43
1,<environment.Job instance at 0x7f21279085a0>,2,24,[12  4],3,-1,27,-1,3
1,<environment.Job instance at 0x7f2127908b40>,8,27,[12  2],9,-1,43,-1,16
1,<environment.Job instance at 0x7f21279080f0>,10,2,[12  2],11,-1,21,-1,19
1,<environment.Job instance at 0x7f2127908d20>,12,26,[9 4],13,-1,54,-1,28
1,<environment.Job instance at 0x7f21277eee60>,13,21,[12  2],14,-1,49,-1,28
1,<environment.Job instance at 0x7f2127908eb0>,14,25,[6 2],15,-1,53,-1,28
1,<environment.Job instance at 0x7f2126d144b0>,19,14,[ 5 13],20,-1,49,-1,35
1,<environment.Job instance at 0x7f2126d143c0>,21,22,[ 4 13],22,-1,57,-1,35
1,<environment.Job instance at 0x7f2127ea4820>,1,26,[6 3],2,-1,28,-1,2
1,<environment.Job instance at 0x7f2126c36dc0>,5,22,[10  2],6,-1,31,-1,9
1,<environment.Job instance at 0x7f2130a92f00>,9,21,[5 4],10,-1,31,-1,10
1,<environment.Job instance at 0x7f2126c36aa0>,8,12,[10  1],9,-1,24,-1,12
1,<environment.Job instance at 0x7f2126ef0780>,17,19,[4 9],18,-1,39,-1,20
1,<environment.Job instance at 0x7f2126ef0f00>,0,1,[ 2 11],1,-1,2,-1,1
1,<environment.Job instance at 0x7f2127d04410>,1,26,[6 3],2,-1,28,-1,2
1,<environment.Job instance at 0x7f2127ea4d70>,4,16,[13  3],5,-1,21,-1,5
1,<environment.Job instance at 0x7f212829faf0>,6,2,[ 2 13],7,-1,9,-1,7
1,<environment.Job instance at 0x7f212829fe60>,7,15,[ 2 12],8,-1,23,-1,8
1,<environment.Job instance at 0x7f2127bbe780>,11,3,[ 3 13],12,-1,15,-1,12
1,<environment.Job instance at 0x7f2127bbe550>,12,18,[14  1],13,-1,31,-1,13
1,<environment.Job instance at 0x7f2127bbecd0>,13,24,[14  1],14,-1,38,-1,14
1,<environment.Job instance at 0x7f2127bbeb90>,16,18,[ 1 12],17,-1,35,-1,17
1,<environment.Job instance at 0x7f2127bbe910>,15,25,[9 2],16,-1,53,-1,28
1,<environment.Job instance at 0x7f2127bbe820>,21,20,[ 3 12],22,-1,50,-1,30
1,<environment.Job instance at 0x7f21383631e0>,24,3,[13  1],25,-1,45,-1,42
1,<environment.Job instance at 0x7f2127bbea50>,26,19,[13  1],27,-1,61,-1,42
1,<environment.Job instance at 0x7f212839fd70>,2,17,[ 1 10],3,-1,21,-1,4
1,<environment.Job instance at 0x7f212839fa00>,4,14,[9 2],5,-1,19,-1,5
1,<environment.Job instance at 0x7f212839f4b0>,5,14,[2 7],6,-1,20,-1,6
1,<environment.Job instance at 0x7f212839f820>,7,14,[10  1],8,-1,22,-1,8
1,<environment.Job instance at 0x7f212839f1e0>,3,19,[6 2],4,-1,28,-1,9
1,<environment.Job instance at 0x7f2128020410>,1,24,[12  4],2,-1,26,-1,2
1,<environment.Job instance at 0x7f2127bbec30>,10,13,[ 5 11],11,-1,33,-1,20
1,<environment.Job instance at 0x7f2127bbeaf0>,11,12,[ 3 14],12,-1,32,-1,20
1,<environment.Job instance at 0x7f2127bbe320>,9,25,[10  1],10,-1,50,-1,25
1,<environment.Job instance at 0x7f2127bbe820>,13,13,[ 2 13],14,-1,38,-1,25
1,<environment.Job instance at 0x7f2127bbe6e0>,14,14,[13  2],15,-1,39,-1,25
1,<environment.Job instance at 0x7f2127bbedc0>,15,18,[11  2],16,-1,43,-1,25
1,<environment.Job instance at 0x7f2127bbe1e0>,17,2,[ 2 12],18,-1,27,-1,25
1,<environment.Job instance at 0x7f2127bbe7d0>,16,25,[ 1 10],17,-1,59,-1,34
1,<environment.Job instance at 0x7f2127bbecd0>,22,23,[2 8],23,-1,62,-1,39
1,<environment.Job instance at 0x7f2127d04230>,23,16,[ 2 13],24,-1,55,-1,39
1,<environment.Job instance at 0x7f21275d5050>,0,18,[9 1],1,-1,21,-1,3
1,<environment.Job instance at 0x7f212743b410>,5,20,[3 9],6,-1,26,-1,6
1,<environment.Job instance at 0x7f2126e4b230>,16,18,[ 1 10],17,-1,35,-1,17
1,<environment.Job instance at 0x7f212743ba50>,8,19,[6 5],9,-1,36,-1,17
1,<environment.Job instance at 0x7f21275375f0>,14,16,[10  3],15,-1,37,-1,21
1,<environment.Job instance at 0x7f2126e4d190>,18,18,[5 9],19,-1,39,-1,21
1,<environment.Job instance at 0x7f2126e4d690>,27,17,[5 3],28,-1,51,-1,34
1,<environment.Job instance at 0x7f2126e4baf0>,20,18,[3 7],21,-1,55,-1,37
1,<environment.Job instance at 0x7f2126e4da00>,19,27,[10  4],20,-1,65,-1,38
1,<environment.Job instance at 0x7f212839f910>,1,3,[ 1 13],2,-1,5,-1,2
1,<environment.Job instance at 0x7f2126b5d690>,3,14,[ 1 12],4,-1,18,-1,4
1,<environment.Job instance at 0x7f2126b5d780>,4,15,[ 4 14],5,-1,20,-1,5
1,<environment.Job instance at 0x7f212839fb40>,6,28,[ 4 14],7,-1,35,-1,7
1,<environment.Job instance at 0x7f2127a810f0>,7,21,[ 5 12],8,-1,29,-1,8
1,<environment.Job instance at 0x7f2127a814b0>,11,27,[3 8],12,-1,44,-1,17
1,<environment.Job instance at 0x7f2128375b40>,19,27,[10  4],20,-1,47,-1,20
1,<environment.Job instance at 0x7f2128375190>,21,27,[ 1 14],22,-1,49,-1,22
1,<environment.Job instance at 0x7f2127eecaf0>,23,15,[11  1],24,-1,39,-1,24
1,<environment.Job instance at 0x7f2126ab7d20>,24,3,[ 3 13],25,-1,28,-1,25
1,<environment.Job instance at 0x7f2126ad76e0>,26,21,[ 4 14],27,-1,48,-1,27
1,<environment.Job instance at 0x7f21280b5870>,30,18,[ 2 11],31,-1,56,-1,38
1,<environment.Job instance at 0x7f21280b5050>,31,17,[11  4],32,-1,55,-1,38
1,<environment.Job instance at 0x7f21280b5a50>,32,14,[ 4 14],33,-1,52,-1,38
1,<environment.Job instance at 0x7f21279dbe10>,33,28,[12  5],34,-1,66,-1,38
1,<environment.Job instance at 0x7f21279084b0>,34,13,[12  5],35,-1,51,-1,38
1,<environment.Job instance at 0x7f2127d5cf00>,35,12,[11  5],36,-1,50,-1,38
1,<environment.Job instance at 0x7f21276560a0>,0,20,[5 3],1,-1,21,-1,1
1,<environment.Job instance at 0x7f2128087a00>,9,23,[1 6],10,-1,33,-1,10
1,<environment.Job instance at 0x7f2128087550>,11,12,[10  2],12,-1,26,-1,14
1,<environment.Job instance at 0x7f2128087dc0>,14,22,[10  1],15,-1,37,-1,15
1,<environment.Job instance at 0x7f212745e370>,21,15,[10  3],22,-1,42,-1,27
1,<environment.Job instance at 0x7f212745e410>,23,13,[11  5],24,-1,41,-1,28
1,<environment.Job instance at 0x7f212745e1e0>,24,19,[ 3 11],25,-1,47,-1,28
1,<environment.Job instance at 0x7f212745e730>,25,21,[10  3],26,-1,49,-1,28
1,<environment.Job instance at 0x7f212745e280>,26,13,[8 5],27,-1,41,-1,28
1,<environment.Job instance at 0x7f212745e460>,27,23,[10  4],28,-1,51,-1,28
1,<environment.Job instance at 0x7f2128087140>,17,20,[3 8],18,-1,52,-1,32
1,<environment.Job instance at 0x7f2128087b90>,13,13,[11  1],14,-1,45,-1,32
1,<environment.Job instance at 0x7f212745ec30>,31,17,[1 8],32,-1,50,-1,33
1,<environment.Job instance at 0x7f212745e7d0>,32,13,[4 7],33,-1,48,-1,35
1,<environment.Job instance at 0x7f212745e6e0>,33,26,[3 6],34,-1,61,-1,35
1,<environment.Job instance at 0x7f2128087050>,20,22,[3 6],21,-1,57,-1,35
1,<environment.Job instance at 0x7f2128087780>,5,26,[3 6],6,-1,61,-1,35
1,<environment.Job instance at 0x7f212745eb40>,30,16,[6 3],31,-1,51,-1,35
1,<environment.Job instance at 0x7f2127f44cd0>,36,23,[4 9],37,-1,60,-1,37
1,<environment.Job instance at 0x7f212745ee60>,19,13,[9 2],20,-1,56,-1,43
1,<environment.Job instance at 0x7f2127f44c30>,38,21,[1 5],39,-1,64,-1,43
1,<environment.Job instance at 0x7f2127f448c0>,43,22,[4 8],44,-1,66,-1,44
1,<environment.Job instance at 0x7f21280b5a50>,1,16,[ 2 13],2,-1,18,-1,2
1,<environment.Job instance at 0x7f2126ab7a50>,5,26,[3 6],6,-1,32,-1,6
1,<environment.Job instance at 0x7f2127eec8c0>,8,2,[ 4 12],9,-1,11,-1,9
1,<environment.Job instance at 0x7f2127eec190>,9,23,[1 6],10,-1,33,-1,10
1,<environment.Job instance at 0x7f2127eecbe0>,12,2,[13  1],13,-1,23,-1,21
1,<environment.Job instance at 0x7f212746bc80>,13,13,[11  1],14,-1,34,-1,21
1,<environment.Job instance at 0x7f2127febb40>,15,16,[13  1],16,-1,39,-1,23
1,<environment.Job instance at 0x7f2127a814b0>,18,3,[11  4],19,-1,27,-1,24
1,<environment.Job instance at 0x7f212745eb90>,23,13,[11  5],24,-1,50,-1,37
1,<environment.Job instance at 0x7f2127a81d20>,24,19,[ 3 11],25,-1,56,-1,37
1,<environment.Job instance at 0x7f212785e870>,1,21,[4 8],2,-1,23,-1,2
1,<environment.Job instance at 0x7f21274749b0>,7,14,[10  4],8,-1,23,-1,9
1,<environment.Job instance at 0x7f2127474640>,9,20,[8 4],10,-1,30,-1,10
1,<environment.Job instance at 0x7f2127d93e10>,12,27,[1 6],13,-1,40,-1,13
1,<environment.Job instance at 0x7f2127474af0>,13,27,[8 5],14,-1,41,-1,14
1,<environment.Job instance at 0x7f21280afeb0>,15,17,[1 5],16,-1,33,-1,16
1,<environment.Job instance at 0x7f2126ae8cd0>,18,17,[3 5],19,-1,36,-1,19
1,<environment.Job instance at 0x7f2128068eb0>,19,16,[5 2],20,-1,36,-1,20
1,<environment.Job instance at 0x7f2130a68e10>,20,27,[5 2],21,-1,48,-1,21
1,<environment.Job instance at 0x7f21280af5a0>,23,26,[10  5],24,-1,55,-1,29
1,<environment.Job instance at 0x7f212785ea00>,8,17,[ 3 11],9,-1,51,-1,34
1,<environment.Job instance at 0x7f2127937a50>,29,15,[ 2 13],30,-1,51,-1,36
1,<environment.Job instance at 0x7f2127937f00>,30,18,[11  2],31,-1,54,-1,36
1,<environment.Job instance at 0x7f2127937780>,31,14,[10  1],32,-1,50,-1,36
1,<environment.Job instance at 0x7f21279371e0>,28,24,[4 6],29,-1,60,-1,36
1,<environment.Job instance at 0x7f2127af6730>,21,13,[13  5],22,-1,51,-1,38
1,<environment.Job instance at 0x7f21279a2820>,33,18,[14  1],34,-1,57,-1,39
1,<environment.Job instance at 0x7f2127585820>,34,23,[ 1 11],35,-1,62,-1,39
1,<environment.Job instance at 0x7f2127474190>,5,14,[13  3],6,-1,54,-1,40
1,<environment.Job instance at 0x7f2127cb0050>,2,13,[14  2],3,-1,16,-1,3
1,<environment.Job instance at 0x7f2127cb0190>,3,16,[ 4 14],4,-1,20,-1,4
1,<environment.Job instance at 0x7f2130ac8370>,5,14,[13  3],6,-1,20,-1,6
1,<environment.Job instance at 0x7f2127cb05a0>,8,17,[ 3 11],9,-1,26,-1,9
1,<environment.Job instance at 0x7f2126efafa0>,12,27,[1 6],13,-1,42,-1,15
1,<environment.Job instance at 0x7f2128068910>,13,27,[8 5],14,-1,42,-1,15
1,<environment.Job instance at 0x7f2127937b90>,16,13,[ 3 14],17,-1,30,-1,17
1,<environment.Job instance at 0x7f21272f1c30>,20,27,[5 2],21,-1,59,-1,32
1,<environment.Job instance at 0x7f21272f1550>,21,13,[13  5],22,-1,45,-1,32
1,<environment.Job instance at 0x7f21272f1c80>,22,17,[13  3],23,-1,49,-1,32
1,<environment.Job instance at 0x7f21272f1640>,23,26,[10  5],24,-1,58,-1,32
1,<environment.Job instance at 0x7f21272f11e0>,25,2,[ 2 12],26,-1,34,-1,32
1,<environment.Job instance at 0x7f21272f1690>,27,17,[11  4],28,-1,52,-1,35
1,<environment.Job instance at 0x7f21272f1230>,29,15,[ 2 13],30,-1,53,-1,38
1,<environment.Job instance at 0x7f21272f14b0>,30,18,[11  2],31,-1,56,-1,38
1,<environment.Job instance at 0x7f21272f16e0>,28,24,[4 6],29,-1,69,-1,45
1,<environment.Job instance at 0x7f21272f12d0>,33,18,[14  1],34,-1,63,-1,45
1,<environment.Job instance at 0x7f21272f1aa0>,34,23,[ 1 11],35,-1,68,-1,45
1,<environment.Job instance at 0x7f21272f1280>,35,1,[ 3 12],36,-1,46,-1,45
1,<environment.Job instance at 0x7f2126fd6a00>,4,16,[6 5],5,-1,21,-1,5
1,<environment.Job instance at 0x7f2126fd6960>,7,19,[2 6],8,-1,28,-1,9
1,<environment.Job instance at 0x7f212816fbe0>,9,17,[6 2],10,-1,27,-1,10
1,<environment.Job instance at 0x7f212816fd20>,10,25,[8 2],11,-1,36,-1,11
1,<environment.Job instance at 0x7f2126d953c0>,12,14,[ 2 12],13,-1,27,-1,13
1,<environment.Job instance at 0x7f2127867230>,14,18,[3 5],15,-1,33,-1,15
1,<environment.Job instance at 0x7f212723a140>,15,12,[1 6],16,-1,28,-1,16
1,<environment.Job instance at 0x7f212723a730>,16,18,[6 4],17,-1,35,-1,17
1,<environment.Job instance at 0x7f2130c503c0>,17,19,[9 2],18,-1,37,-1,18
1,<environment.Job instance at 0x7f2126d34af0>,19,14,[9 1],20,-1,34,-1,20
1,<environment.Job instance at 0x7f2126e1b3c0>,20,28,[ 3 10],21,-1,49,-1,21
1,<environment.Job instance at 0x7f2127bd2320>,21,25,[9 5],22,-1,47,-1,22
1,<environment.Job instance at 0x7f2127bd2e60>,22,18,[5 6],23,-1,41,-1,23
1,<environment.Job instance at 0x7f21281daa50>,23,18,[2 7],24,-1,42,-1,24
1,<environment.Job instance at 0x7f2127bb9910>,26,17,[2 7],27,-1,44,-1,27
1,<environment.Job instance at 0x7f2127b2a190>,27,21,[4 5],28,-1,49,-1,28
1,<environment.Job instance at 0x7f2127b2ac30>,28,21,[1 9],29,-1,50,-1,29
1,<environment.Job instance at 0x7f2126eedbe0>,29,24,[7 4],30,-1,54,-1,30
1,<environment.Job instance at 0x7f2130a2a0a0>,8,27,[7 5],9,-1,57,-1,30
1,<environment.Job instance at 0x7f2128173dc0>,30,18,[1 9],31,-1,51,-1,33
1,<environment.Job instance at 0x7f2126e1ea50>,33,17,[6 1],34,-1,51,-1,34
1,<environment.Job instance at 0x7f2126d40500>,32,17,[9 4],33,-1,52,-1,35
1,<environment.Job instance at 0x7f21272f1d20>,1,19,[12  5],2,-1,21,-1,2
1,<environment.Job instance at 0x7f2126ad76e0>,8,27,[7 5],9,-1,40,-1,13
1,<environment.Job instance at 0x7f21272f1230>,10,25,[8 2],11,-1,41,-1,16
1,<environment.Job instance at 0x7f2126fd6b40>,12,14,[ 2 12],13,-1,30,-1,16
1,<environment.Job instance at 0x7f21272f1640>,6,25,[10  4],7,-1,56,-1,31
1,<environment.Job instance at 0x7f2128375190>,18,20,[ 1 13],19,-1,51,-1,31
1,<environment.Job instance at 0x7f2127a85870>,20,28,[ 3 10],21,-1,73,-1,45
1,<environment.Job instance at 0x7f2127a853c0>,21,25,[9 5],22,-1,70,-1,45
1,<environment.Job instance at 0x7fa4adbd5820>,2,14,[ 2 10],3,-1,18,-1,4
1,<environment.Job instance at 0x7fa4b722baa0>,3,22,[2 5],4,-1,26,-1,4
1,<environment.Job instance at 0x7fa4adbd5d20>,10,22,[8 1],11,-1,35,-1,13
1,<environment.Job instance at 0x7fa4adbd5f50>,13,18,[5 9],14,-1,32,-1,14
1,<environment.Job instance at 0x7fa4adbd8320>,16,18,[7 3],17,-1,35,-1,17
1,<environment.Job instance at 0x7fa4adbd8190>,18,26,[7 4],19,-1,45,-1,19
1,<environment.Job instance at 0x7fa4adbd8550>,19,25,[5 9],20,-1,45,-1,20
1,<environment.Job instance at 0x7fa4adbd85f0>,21,18,[9 4],22,-1,40,-1,22
1,<environment.Job instance at 0x7fa4adbd5f00>,12,23,[12  4],13,-1,46,-1,23
1,<environment.Job instance at 0x7fa4adbd8b90>,26,12,[8 5],27,-1,40,-1,28
1,<environment.Job instance at 0x7fa4adbd8d70>,29,24,[4 7],30,-1,54,-1,30
1,<environment.Job instance at 0x7fa4adbd8e10>,30,26,[9 4],31,-1,57,-1,31
1,<environment.Job instance at 0x7fa4adbd8f50>,32,21,[5 9],33,-1,54,-1,33
1,<environment.Job instance at 0x7fa4adbdb190>,33,26,[3 6],34,-1,60,-1,34
1,<environment.Job instance at 0x7fa4adbdb230>,35,16,[1 9],36,-1,52,-1,36
1,<environment.Job instance at 0x7fa4adbdb370>,36,20,[7 5],37,-1,57,-1,37
1,<environment.Job instance at 0x7fa4adbdb320>,37,14,[5 8],38,-1,52,-1,38
1,<environment.Job instance at 0x7fa4adbdea00>,6,15,[ 2 14],7,-1,22,-1,7
1,<environment.Job instance at 0x7fa4adbdeb90>,8,2,[ 1 14],9,-1,11,-1,9
1,<environment.Job instance at 0x7fa4adbdec30>,7,26,[9 3],8,-1,44,-1,18
1,<environment.Job instance at 0x7fa4adbdedc0>,12,23,[12  4],13,-1,41,-1,18
1,<environment.Job instance at 0x7fa4adbe1460>,18,26,[7 4],19,-1,56,-1,30
1,<environment.Job instance at 0x7fa4adbe1190>,19,25,[5 9],20,-1,66,-1,41
1,<environment.Job instance at 0x7fa4adbe1690>,23,16,[12  2],24,-1,57,-1,41
1,<environment.Job instance at 0x7fa4adbe1aa0>,28,17,[ 1 13],29,-1,65,-1,48
1,<environment.Job instance at 0x7fa4adbe18c0>,29,24,[4 7],30,-1,75,-1,51
1,<environment.Job instance at 0x7fa4adbe1c80>,30,26,[9 4],31,-1,77,-1,51
1,<environment.Job instance at 0x7fa4adbe1b90>,31,1,[ 2 14],32,-1,52,-1,51
1,<environment.Job instance at 0x7fa4ad6ce320>,3,21,[5 5],4,-1,25,-1,4
1,<environment.Job instance at 0x7fa4ad6ce190>,5,15,[5 5],6,-1,21,-1,6
1,<environment.Job instance at 0x7fa4ad6ce370>,6,28,[3 6],7,-1,35,-1,7
1,<environment.Job instance at 0x7fa4ad6ce3c0>,7,16,[1 9],8,-1,24,-1,8
1,<environment.Job instance at 0x7fa4ad6ce960>,8,14,[6 4],9,-1,23,-1,9
1,<environment.Job instance at 0x7fa4ad6ce5f0>,9,14,[9 4],10,-1,24,-1,10
1,<environment.Job instance at 0x7fa4ad6ce780>,10,22,[ 3 10],11,-1,33,-1,11
1,<environment.Job instance at 0x7fa4ad6ce870>,11,16,[6 5],12,-1,28,-1,12
1,<environment.Job instance at 0x7fa4ad7aee10>,17,16,[8 1],18,-1,36,-1,20
1,<environment.Job instance at 0x7fa4ad7e7a00>,20,19,[5 5],21,-1,40,-1,21
1,<environment.Job instance at 0x7fa4ad7d4690>,21,14,[8 5],22,-1,36,-1,22
1,<environment.Job instance at 0x7fa4ad7e2690>,22,21,[4 8],23,-1,44,-1,23
1,<environment.Job instance at 0x7fa4ad7e2820>,23,18,[ 3 10],24,-1,42,-1,24
1,<environment.Job instance at 0x7fa4ad7e74b0>,19,19,[12  3],20,-1,44,-1,25
1,<environment.Job instance at 0x7fa4ad75b5a0>,25,15,[1 7],26,-1,43,-1,28
1,<environment.Job instance at 0x7fa4ad698820>,28,16,[4 9],29,-1,45,-1,29
1,<environment.Job instance at 0x7fa4ad698550>,32,23,[9 1],33,-1,71,-1,48
1,<environment.Job instance at 0x7fa4ad694820>,42,13,[11  4],43,-1,67,-1,54
1,<environment.Job instance at 0x7fa4ad6944b0>,43,16,[1 9],44,-1,70,-1,54
1,<environment.Job instance at 0x7fa4adbe34b0>,1,2,[ 1 12],2,-1,4,-1,2
1,<environment.Job instance at 0x7fa4ad42b190>,6,28,[3 6],7,-1,43,-1,15
1,<environment.Job instance at 0x7fa4ad3fa4b0>,15,28,[ 2 10],16,-1,82,-1,54
1,<environment.Job instance at 0x7fa4ad39cfa0>,19,19,[12  3],20,-1,73,-1,54
1,<environment.Job instance at 0x7fa4ad3681e0>,10,16,[3 9],11,-1,27,-1,11
1,<environment.Job instance at 0x7fa4ad368460>,12,18,[10  4],13,-1,33,-1,15
1,<environment.Job instance at 0x7fa4ad368f50>,15,15,[8 3],16,-1,31,-1,16
1,<environment.Job instance at 0x7fa4ad368050>,18,24,[6 5],19,-1,43,-1,19
1,<environment.Job instance at 0x7fa4ad376140>,23,26,[7 2],24,-1,63,-1,37
1,<environment.Job instance at 0x7fa4ad376910>,29,17,[5 7],30,-1,54,-1,37
1,<environment.Job instance at 0x7fa4ad3737d0>,33,17,[5 8],34,-1,58,-1,41
1,<environment.Job instance at 0x7fa4ad3683c0>,0,24,[8 1],1,-1,25,-1,1
1,<environment.Job instance at 0x7fa4ad368a50>,1,2,[ 5 14],2,-1,4,-1,2
1,<environment.Job instance at 0x7fa4ad376fa0>,2,25,[1 8],3,-1,28,-1,3
1,<environment.Job instance at 0x7fa4ad380410>,11,13,[ 3 14],12,-1,25,-1,12
1,<environment.Job instance at 0x7fa4ad36c910>,17,28,[ 2 10],18,-1,59,-1,31
1,<environment.Job instance at 0x7fa4ad36c190>,18,24,[6 5],19,-1,55,-1,31
1,<environment.Job instance at 0x7fa4ad36c460>,20,1,[ 3 11],21,-1,32,-1,31
1,<environment.Job instance at 0x7fa4ad365910>,22,15,[ 2 13],23,-1,47,-1,32
1,<environment.Job instance at 0x7fa4ad365960>,23,26,[7 2],24,-1,58,-1,32
1,<environment.Job instance at 0x7fa4ad365a00>,24,20,[13  4],25,-1,52,-1,32
1,<environment.Job instance at 0x7fa4ad1ca280>,4,21,[9 3],5,-1,27,-1,6
1,<environment.Job instance at 0x7fa4ad44d550>,5,17,[9 1],6,-1,23,-1,6
1,<environment.Job instance at 0x7fa4ad1ca4b0>,8,19,[5 3],9,-1,29,-1,10
1,<environment.Job instance at 0x7fa4ad35c870>,0,18,[12  2],1,-1,19,-1,1
1,<environment.Job instance at 0x7fa4ad35c8c0>,1,27,[8 3],2,-1,29,-1,2
1,<environment.Job instance at 0x7fa4ad35c230>,3,19,[12  2],4,-1,23,-1,4
1,<environment.Job instance at 0x7fa4ad35ca00>,7,27,[ 3 12],8,-1,35,-1,8
1,<environment.Job instance at 0x7fa4ad35fb40>,11,15,[ 2 14],12,-1,39,-1,24
1,<environment.Job instance at 0x7fa4ad35f370>,14,15,[13  1],15,-1,41,-1,26
1,<environment.Job instance at 0x7fa4ad35f6e0>,13,26,[3 9],14,-1,62,-1,36
1,<environment.Job instance at 0x7fa4ad35f0f0>,20,2,[11  3],21,-1,38,-1,36
1,<environment.Job instance at 0x7fa4add71320>,1,13,[9 2],2,-1,16,-1,3
1,<environment.Job instance at 0x7fa4add231e0>,3,27,[6 1],4,-1,31,-1,4
1,<environment.Job instance at 0x7fa4add23640>,9,16,[5 8],10,-1,26,-1,10
1,<environment.Job instance at 0x7fa4add23410>,10,23,[1 8],11,-1,34,-1,11
1,<environment.Job instance at 0x7fa4add232d0>,11,27,[5 6],12,-1,39,-1,12
1,<environment.Job instance at 0x7fa4add23910>,12,20,[5 1],13,-1,33,-1,13
1,<environment.Job instance at 0x7fa4add23d20>,18,15,[8 1],19,-1,37,-1,22
1,<environment.Job instance at 0x7fa4add23e10>,19,17,[10  2],20,-1,61,-1,44
1,<environment.Job instance at 0x7fa4adcacc80>,26,21,[5 5],27,-1,65,-1,44
1,<environment.Job instance at 0x7fa4adcacd20>,27,14,[9 1],28,-1,60,-1,46
1,<environment.Job instance at 0x7fa4ad36c910>,4,27,[ 4 13],5,-1,32,-1,5
1,<environment.Job instance at 0x7fa4ad36cb40>,6,27,[11  1],7,-1,34,-1,7
1,<environment.Job instance at 0x7fa4ad1ca3c0>,3,27,[6 1],4,-1,40,-1,13
1,<environment.Job instance at 0x7fa4ad36c0f0>,7,24,[6 2],8,-1,37,-1,13
1,<environment.Job instance at 0x7fa4ad36cd20>,10,23,[1 8],11,-1,36,-1,13
1,<environment.Job instance at 0x7fa4ad36ceb0>,11,27,[5 6],12,-1,40,-1,13
1,<environment.Job instance at 0x7fa4add23f50>,13,18,[ 1 11],14,-1,32,-1,14
1,<environment.Job instance at 0x7fa4add23460>,14,26,[ 2 13],15,-1,41,-1,15
1,<environment.Job instance at 0x7fa4add71730>,15,28,[14  4],16,-1,44,-1,16
1,<environment.Job instance at 0x7fa4add42b90>,17,20,[ 4 11],18,-1,38,-1,18
1,<environment.Job instance at 0x7fa4add83e60>,20,27,[1 5],21,-1,54,-1,27
1,<environment.Job instance at 0x7fa4add830a0>,21,26,[5 3],22,-1,53,-1,27
1,<environment.Job instance at 0x7fa4add83500>,24,15,[14  2],25,-1,43,-1,28
1,<environment.Job instance at 0x7fa4addf3690>,30,2,[13  1],31,-1,51,-1,49
1,<environment.Job instance at 0x7fa4ace77f00>,0,18,[1 7],1,-1,19,-1,1
1,<environment.Job instance at 0x7fa4ae3ea410>,9,21,[8 2],10,-1,33,-1,12
1,<environment.Job instance at 0x7fa4ae08b050>,14,25,[5 6],15,-1,40,-1,15
1,<environment.Job instance at 0x7fa4ae08bc80>,15,20,[1 8],16,-1,36,-1,16
1,<environment.Job instance at 0x7fa4ae08bfa0>,16,14,[11  4],17,-1,31,-1,17
1,<environment.Job instance at 0x7fa4ad04af00>,17,18,[5 6],18,-1,36,-1,18
1,<environment.Job instance at 0x7fa4ae3ea870>,11,18,[ 1 11],12,-1,37,-1,19
1,<environment.Job instance at 0x7fa4ad04a4b0>,18,16,[8 3],19,-1,36,-1,20
1,<environment.Job instance at 0x7fa4ade975f0>,19,28,[11  2],20,-1,50,-1,22
1,<environment.Job instance at 0x7fa4ade979b0>,21,16,[ 4 10],22,-1,39,-1,23
1,<environment.Job instance at 0x7fa4addf0a00>,22,20,[5 8],23,-1,43,-1,23
1,<environment.Job instance at 0x7fa4adc69690>,2,17,[13  5],3,-1,20,-1,3
1,<environment.Job instance at 0x7fa4adc6d5a0>,3,13,[ 5 14],4,-1,17,-1,4
1,<environment.Job instance at 0x7fa4add42b90>,11,18,[ 1 11],12,-1,34,-1,16
1,<environment.Job instance at 0x7fa4add83d20>,14,25,[5 6],15,-1,47,-1,22
1,<environment.Job instance at 0x7fa4add83e60>,16,14,[11  4],17,-1,36,-1,22
1,<environment.Job instance at 0x7fa4adaaee10>,19,28,[11  2],20,-1,59,-1,31
1,<environment.Job instance at 0x7fa4ae3eaa00>,23,27,[ 4 13],24,-1,72,-1,45
1,<environment.Job instance at 0x7fa4ae08b7d0>,25,12,[13  4],26,-1,65,-1,53
1,<environment.Job instance at 0x7fa4ae08b640>,26,12,[ 5 12],27,-1,65,-1,53
1,<environment.Job instance at 0x7fa4adfc03c0>,27,28,[7 4],28,-1,81,-1,53
1,<environment.Job instance at 0x7fa4ace6b690>,28,27,[4 6],29,-1,80,-1,53
1,<environment.Job instance at 0x7fa4ae6ade10>,24,28,[1 8],25,-1,81,-1,53
1,<environment.Job instance at 0x7fa4ad40c910>,32,27,[12  5],33,-1,80,-1,53
1,<environment.Job instance at 0x7fa4ae69fbe0>,2,21,[ 5 10],3,-1,27,-1,6
1,<environment.Job instance at 0x7fa4adbb8d70>,16,28,[5 9],17,-1,45,-1,17
1,<environment.Job instance at 0x7fa4ad35c910>,17,24,[4 8],18,-1,42,-1,18
1,<environment.Job instance at 0x7fa4ad35c2d0>,18,20,[5 5],19,-1,39,-1,19
1,<environment.Job instance at 0x7fa4adbc0d70>,22,24,[7 4],23,-1,47,-1,23
1,<environment.Job instance at 0x7fa4ad739550>,25,18,[10  4],26,-1,44,-1,26
1,<environment.Job instance at 0x7fa4adb86370>,26,15,[1 9],27,-1,42,-1,27
1,<environment.Job instance at 0x7fa4ad3af5f0>,14,25,[4 9],15,-1,54,-1,29
1,<environment.Job instance at 0x7fa4ad91dc30>,10,19,[ 2 11],11,-1,49,-1,30
1,<environment.Job instance at 0x7fa4ad739dc0>,28,19,[12  4],29,-1,49,-1,30
1,<environment.Job instance at 0x7fa4adb86d70>,30,18,[10  5],31,-1,49,-1,31
1,<environment.Job instance at 0x7fa4adb862d0>,31,25,[8 3],32,-1,57,-1,32
1,<environment.Job instance at 0x7fa4adb86aa0>,27,13,[1 7],28,-1,46,-1,33
1,<environment.Job instance at 0x7fa4ad3813c0>,0,27,[ 3 11],1,-1,28,-1,1
1,<environment.Job instance at 0x7fa4ad381140>,1,15,[ 3 13],2,-1,17,-1,2
1,<environment.Job instance at 0x7fa4ad3819b0>,8,18,[ 5 14],9,-1,27,-1,9
1,<environment.Job instance at 0x7fa4ad2063c0>,10,19,[ 2 11],11,-1,30,-1,11
1,<environment.Job instance at 0x7fa4ad7494b0>,14,25,[4 9],15,-1,49,-1,24
1,<environment.Job instance at 0x7fa4ad338aa0>,16,28,[5 9],17,-1,52,-1,24
1,<environment.Job instance at 0x7fa4adc50c30>,17,24,[4 8],18,-1,48,-1,24
1,<environment.Job instance at 0x7fa4adec9c30>,15,26,[6 1],16,-1,50,-1,24
1,<environment.Job instance at 0x7fa4adf44460>,20,2,[ 2 12],21,-1,26,-1,24
1,<environment.Job instance at 0x7fa4addf05f0>,22,24,[7 4],23,-1,49,-1,25
1,<environment.Job instance at 0x7fa4add23f50>,28,19,[12  4],29,-1,55,-1,36
1,<environment.Job instance at 0x7fa4adf0d730>,29,14,[ 5 12],30,-1,50,-1,36
1,<environment.Job instance at 0x7fa4adc690a0>,31,25,[8 3],32,-1,74,-1,49
1,<environment.Job instance at 0x7fa4adc69320>,32,16,[ 2 11],33,-1,65,-1,49
1,<environment.Job instance at 0x7fa4adc69e10>,33,28,[ 3 11],34,-1,77,-1,49
1,<environment.Job instance at 0x7fa4adc6d870>,35,24,[2 7],36,-1,82,-1,58
1,<environment.Job instance at 0x7fa4adc6d730>,36,16,[14  5],37,-1,74,-1,58
1,<environment.Job instance at 0x7fa4adc6d050>,38,27,[14  3],39,-1,85,-1,58
1,<environment.Job instance at 0x7fa4ade63780>,39,18,[ 1 14],40,-1,76,-1,58
1,<environment.Job instance at 0x7fa4ae1a00a0>,8,17,[9 4],9,-1,27,-1,10
1,<environment.Job instance at 0x7fa4ad943320>,10,20,[10  2],11,-1,31,-1,11
1,<environment.Job instance at 0x7fa4ae68d3c0>,0,14,[ 3 13],1,-1,15,-1,1
1,<environment.Job instance at 0x7fa4ad3af410>,1,26,[6 2],2,-1,28,-1,2
1,<environment.Job instance at 0x7fa4ad93d8c0>,3,23,[12  5],4,-1,27,-1,4
1,<environment.Job instance at 0x7fa4adc6de60>,4,13,[ 4 14],5,-1,18,-1,5
1,<environment.Job instance at 0x7fa4adc6dbe0>,5,19,[13  2],6,-1,25,-1,6
1,<environment.Job instance at 0x7fa4addf0b90>,11,18,[ 2 13],12,-1,30,-1,12
1,<environment.Job instance at 0x7fa4adec9c30>,16,17,[12  4],17,-1,45,-1,28
1,<environment.Job instance at 0x7fa4ae6d52d0>,17,25,[6 4],18,-1,53,-1,28
1,<environment.Job instance at 0x7fa4ad338dc0>,19,3,[14  5],20,-1,31,-1,28
1,<environment.Job instance at 0x7fa4ad7494b0>,21,24,[5 5],22,-1,65,-1,41
1,<environment.Job instance at 0x7fa4b6e11460>,23,14,[ 2 11],24,-1,55,-1,41
1,<environment.Job instance at 0x7fa4ad2063c0>,25,28,[ 5 10],26,-1,71,-1,43
1,<environment.Job instance at 0x7fa4ad206230>,27,13,[ 5 11],28,-1,56,-1,43
1,<environment.Job instance at 0x7fa4ae1a0cd0>,29,19,[ 4 14],30,-1,63,-1,44
1,<environment.Job instance at 0x7fa4ae43da50>,31,26,[ 3 12],32,-1,84,-1,58
1,<environment.Job instance at 0x7fa4adddcbe0>,32,14,[ 3 14],33,-1,72,-1,58
1,<environment.Job instance at 0x7fa4ad146fa0>,6,25,[5 3],7,-1,32,-1,7
1,<environment.Job instance at 0x7fa4ad1467d0>,9,27,[4 8],10,-1,37,-1,10
1,<environment.Job instance at 0x7fa4ad146500>,10,18,[5 2],11,-1,30,-1,12
1,<environment.Job instance at 0x7fa4ad146820>,0,14,[ 5 13],1,-1,15,-1,1
1,<environment.Job instance at 0x7fa4ad146550>,1,24,[14  5],2,-1,26,-1,2
1,<environment.Job instance at 0x7fa4ad00dfa0>,2,12,[ 4 11],3,-1,15,-1,3
1,<environment.Job instance at 0x7fa4ad1465a0>,4,14,[ 1 13],5,-1,19,-1,5
1,<environment.Job instance at 0x7fa4acfd9c80>,6,25,[5 3],7,-1,47,-1,22
1,<environment.Job instance at 0x7fa4ad011c80>,12,20,[ 3 11],13,-1,42,-1,22
1,<environment.Job instance at 0x7fa4ad011d70>,14,14,[13  3],15,-1,36,-1,22
1,<environment.Job instance at 0x7fa4acfd99b0>,9,27,[4 8],10,-1,56,-1,29
1,<environment.Job instance at 0x7fa4ad0112d0>,19,15,[ 5 14],20,-1,49,-1,34
1,<environment.Job instance at 0x7fa4ad0113c0>,24,24,[ 5 13],25,-1,80,-1,56
1,<environment.Job instance at 0x7fa4acf931e0>,0,14,[10  2],1,-1,16,-1,2
1,<environment.Job instance at 0x7fa4acf935a0>,2,19,[5 7],3,-1,22,-1,3
1,<environment.Job instance at 0x7fa4acf93eb0>,1,17,[4 9],2,-1,20,-1,3
1,<environment.Job instance at 0x7fa4acf93870>,4,16,[1 7],5,-1,21,-1,5
1,<environment.Job instance at 0x7fa4acf93730>,5,18,[8 2],6,-1,25,-1,7
1,<environment.Job instance at 0x7fa4acf93c80>,7,15,[2 7],8,-1,23,-1,8
1,<environment.Job instance at 0x7fa4acf93e10>,8,16,[6 1],9,-1,25,-1,9
1,<environment.Job instance at 0x7fa4acf939b0>,9,17,[2 6],10,-1,27,-1,10
1,<environment.Job instance at 0x7fa4acf93b90>,10,14,[10  3],11,-1,25,-1,11
1,<environment.Job instance at 0x7fa4ae6da7d0>,11,18,[4 7],12,-1,30,-1,12
1,<environment.Job instance at 0x7fa4ae6da0f0>,15,21,[5 6],16,-1,37,-1,16
1,<environment.Job instance at 0x7fa4ae6dafa0>,16,14,[ 3 10],17,-1,31,-1,17
1,<environment.Job instance at 0x7fa4ae6dae10>,17,13,[4 5],18,-1,31,-1,18
1,<environment.Job instance at 0x7fa4ae6da320>,19,16,[1 5],20,-1,36,-1,20
1,<environment.Job instance at 0x7fa4ae6dad70>,20,18,[4 9],21,-1,39,-1,21
1,<environment.Job instance at 0x7fa4ae6daf50>,22,18,[10  5],23,-1,41,-1,23
1,<environment.Job instance at 0x7fa4ae601d70>,12,22,[ 5 13],13,-1,42,-1,20
1,<environment.Job instance at 0x7fa4ae601780>,14,27,[11  2],15,-1,60,-1,33
1,<environment.Job instance at 0x7fa4ae601230>,18,22,[ 4 12],19,-1,59,-1,37
1,<environment.Job instance at 0x7fa4ae6a8e10>,1,14,[8 4],2,-1,17,-1,3
1,<environment.Job instance at 0x7fa4ad875be0>,2,14,[9 2],3,-1,18,-1,4
1,<environment.Job instance at 0x7fa4ace5acd0>,7,18,[6 2],8,-1,28,-1,10
1,<environment.Job instance at 0x7fa4ace5ab90>,10,19,[6 3],11,-1,30,-1,11
1,<environment.Job instance at 0x7fa4ace5afa0>,11,25,[3 9],12,-1,37,-1,12
1,<environment.Job instance at 0x7fa4ad256370>,14,23,[2 8],15,-1,38,-1,15
1,<environment.Job instance at 0x7fa4ad2566e0>,17,27,[5 7],18,-1,45,-1,18
1,<environment.Job instance at 0x7fa4ace5ae60>,9,18,[6 2],10,-1,36,-1,18
1,<environment.Job instance at 0x7fa4ad2568c0>,20,16,[9 2],21,-1,38,-1,22
1,<environment.Job instance at 0x7fa4ad256780>,21,15,[10  3],22,-1,37,-1,22
1,<environment.Job instance at 0x7fa4ad2569b0>,23,15,[11  4],24,-1,39,-1,24
1,<environment.Job instance at 0x7fa4ad256960>,22,15,[9 1],23,-1,46,-1,31
1,<environment.Job instance at 0x7fa4ad3571e0>,30,15,[12  2],31,-1,49,-1,34
1,<environment.Job instance at 0x7fa4ad357550>,33,20,[2 7],34,-1,55,-1,35
1,<environment.Job instance at 0x7fa4ad3570a0>,29,28,[9 2],30,-1,65,-1,37
1,<environment.Job instance at 0x7fa4ad357640>,34,17,[6 2],35,-1,54,-1,37
1,<environment.Job instance at 0x7fa4ad357500>,35,17,[5 2],36,-1,55,-1,38
1,<environment.Job instance at 0x7fa4ad357af0>,41,16,[8 2],42,-1,58,-1,42
1,<environment.Job instance at 0x7fa4ad3579b0>,40,16,[6 2],41,-1,59,-1,43
1,<environment.Job instance at 0x7fa4ad357d20>,42,14,[11  4],43,-1,57,-1,43
1,<environment.Job instance at 0x7fa4ad357e10>,44,16,[7 4],45,-1,62,-1,46
1,<environment.Job instance at 0x7fa4ad357f50>,46,18,[ 3 12],47,-1,65,-1,47
1,<environment.Job instance at 0x7fa4ad357b40>,45,18,[ 4 11],46,-1,69,-1,51
1,<environment.Job instance at 0x7fa4ae2f7cd0>,0,20,[ 2 11],1,-1,21,-1,1
1,<environment.Job instance at 0x7fa4ace78230>,4,25,[3 7],5,-1,32,-1,7
1,<environment.Job instance at 0x7fa4ace784b0>,14,23,[2 8],15,-1,47,-1,24
1,<environment.Job instance at 0x7fa4ace78cd0>,11,25,[3 9],12,-1,54,-1,29
1,<environment.Job instance at 0x7fa4ace78b40>,17,27,[5 7],18,-1,59,-1,32
1,<environment.Job instance at 0x7fa4ace78be0>,19,24,[13  2],20,-1,56,-1,32
1,<environment.Job instance at 0x7fa4ad7433c0>,23,15,[11  4],24,-1,48,-1,33
1,<environment.Job instance at 0x7fa4ad31d0a0>,26,14,[ 4 13],27,-1,65,-1,51
1,<environment.Job instance at 0x7fa4ad4dae10>,2,26,[9 4],3,-1,29,-1,3
1,<environment.Job instance at 0x7fa4ad4da4b0>,7,17,[ 4 10],8,-1,25,-1,8
1,<environment.Job instance at 0x7fa4ae07c910>,10,17,[3 5],11,-1,28,-1,11
1,<environment.Job instance at 0x7fa4ae07ce60>,12,14,[6 5],13,-1,28,-1,14
1,<environment.Job instance at 0x7fa4ad92c0f0>,13,21,[4 8],14,-1,35,-1,14
1,<environment.Job instance at 0x7fa4ad92c190>,14,23,[3 9],15,-1,39,-1,16
1,<environment.Job instance at 0x7fa4ae839690>,20,18,[6 4],21,-1,39,-1,21
1,<environment.Job instance at 0x7fa4ad332460>,23,17,[8 4],24,-1,41,-1,24
1,<environment.Job instance at 0x7fa4ad3325f0>,24,16,[1 7],25,-1,41,-1,25
1,<environment.Job instance at 0x7fa4ad332320>,25,15,[ 2 12],26,-1,44,-1,29
1,<environment.Job instance at 0x7fa4ad575910>,32,28,[10  4],33,-1,61,-1,33
1,<environment.Job instance at 0x7fa4ad067910>,33,16,[ 4 10],34,-1,50,-1,34
1,<environment.Job instance at 0x7fa4ad3573c0>,0,2,[12  2],1,-1,3,-1,1
1,<environment.Job instance at 0x7fa4ad3577d0>,2,26,[9 4],3,-1,29,-1,3
1,<environment.Job instance at 0x7fa4ad256f00>,3,21,[12  2],4,-1,25,-1,4
1,<environment.Job instance at 0x7fa4ad256280>,4,25,[6 2],5,-1,30,-1,5
1,<environment.Job instance at 0x7fa4ae601730>,9,14,[ 5 13],10,-1,24,-1,10
1,<environment.Job instance at 0x7fa4ae601190>,11,22,[ 4 13],12,-1,34,-1,12
1,<environment.Job instance at 0x7fa4ae6018c0>,14,23,[3 9],15,-1,51,-1,28
1,<environment.Job instance at 0x7fa4ad358a50>,17,13,[ 2 11],18,-1,41,-1,28
1,<environment.Job instance at 0x7fa4ad3589b0>,19,28,[9 2],20,-1,59,-1,31
1,<environment.Job instance at 0x7fa4ad4dacd0>,25,15,[ 2 12],26,-1,60,-1,45
1,<environment.Job instance at 0x7fa4ad067690>,26,24,[ 1 11],27,-1,69,-1,45
1,<environment.Job instance at 0x7fa4ae67e5a0>,2,19,[10  1],3,-1,25,-1,6
1,<environment.Job instance at 0x7fa4ae102370>,7,16,[9 1],8,-1,24,-1,8
1,<environment.Job instance at 0x7fa4ae1021e0>,8,28,[4 5],9,-1,37,-1,9
1,<environment.Job instance at 0x7fa4ae102050>,10,12,[9 3],11,-1,23,-1,11
1,<environment.Job instance at 0x7fa4ad9e0410>,14,17,[2 6],15,-1,32,-1,15
1,<environment.Job instance at 0x7fa4ae1d9640>,15,17,[5 4],16,-1,33,-1,16
1,<environment.Job instance at 0x7fa4ae1d9a50>,16,26,[7 1],17,-1,43,-1,17
1,<environment.Job instance at 0x7fa4ae1d9f00>,17,22,[8 3],18,-1,40,-1,18
1,<environment.Job instance at 0x7fa4ae1d9c80>,19,17,[8 2],20,-1,37,-1,20
1,<environment.Job instance at 0x7fa4ad7515f0>,23,27,[9 5],24,-1,51,-1,24
1,<environment.Job instance at 0x7fa4ad751050>,25,18,[1 9],26,-1,44,-1,26
1,<environment.Job instance at 0x7fa4ad678370>,26,23,[5 9],27,-1,50,-1,27
1,<environment.Job instance at 0x7fa4ae355320>,1,20,[ 3 12],2,-1,22,-1,2
1,<environment.Job instance at 0x7fa4ae3559b0>,4,3,[13  1],5,-1,8,-1,5
1,<environment.Job instance at 0x7fa4ae355550>,6,19,[13  1],7,-1,26,-1,7
1,<environment.Job instance at 0x7fa4ae355fa0>,8,28,[4 5],9,-1,46,-1,18
1,<environment.Job instance at 0x7fa4ae086460>,16,26,[7 1],17,-1,59,-1,33
1,<environment.Job instance at 0x7fa4b722b870>,20,3,[ 2 12],21,-1,36,-1,33
1,<environment.Job instance at 0x7fa4ad4dacd0>,22,18,[14  5],23,-1,53,-1,35
1,<environment.Job instance at 0x7fa4acfd7730>,24,14,[ 3 12],25,-1,49,-1,35
1,<environment.Job instance at 0x7fa4ad4daa50>,23,27,[9 5],24,-1,75,-1,48
1,<environment.Job instance at 0x7fa4ae1d90f0>,26,23,[5 9],27,-1,71,-1,48
1,<environment.Job instance at 0x7fa4ae67e2d0>,27,16,[ 5 13],28,-1,64,-1,48
1,<environment.Job instance at 0x7fa4ad3bd190>,28,22,[ 2 14],29,-1,70,-1,48
1,<environment.Job instance at 0x7fa4ad7519b0>,31,24,[12  4],32,-1,76,-1,52
1,<environment.Job instance at 0x7fa4ae092370>,0,20,[2 7],1,-1,21,-1,1
1,<environment.Job instance at 0x7fa4ad86e690>,2,20,[4 8],3,-1,23,-1,3
1,<environment.Job instance at 0x7fa4adf0dfa0>,4,16,[8 4],5,-1,23,-1,7
1,<environment.Job instance at 0x7fa4adf0da00>,6,25,[5 4],7,-1,32,-1,7
1,<environment.Job instance at 0x7fa4adf0db90>,8,23,[6 5],9,-1,32,-1,9
1,<environment.Job instance at 0x7fa4adf0d820>,9,18,[ 2 10],10,-1,29,-1,11
1,<environment.Job instance at 0x7fa4adf0d8c0>,10,13,[13  3],11,-1,24,-1,11
1,<environment.Job instance at 0x7fa4adf291e0>,13,17,[ 5 13],14,-1,46,-1,29
1,<environment.Job instance at 0x7fa4adf0d5f0>,11,25,[ 5 14],12,-1,54,-1,29
1,<environment.Job instance at 0x7fa4adf29910>,20,18,[9 1],21,-1,48,-1,30
1,<environment.Job instance at 0x7fa4adf29b90>,15,17,[ 4 11],16,-1,47,-1,30
1,<environment.Job instance at 0x7fa4adf293c0>,22,14,[2 8],23,-1,46,-1,32
1,<environment.Job instance at 0x7fa4adf29eb0>,19,16,[4 5],20,-1,48,-1,32
1,<environment.Job instance at 0x7fa4adf292d0>,24,15,[ 4 14],25,-1,47,-1,32
1,<environment.Job instance at 0x7fa4ad88c0a0>,25,20,[3 9],26,-1,56,-1,36
1,<environment.Job instance at 0x7fa4ad88c4b0>,27,21,[ 5 12],28,-1,57,-1,36
1,<environment.Job instance at 0x7fa4ad88ce60>,26,28,[ 4 14],27,-1,66,-1,38
1,<environment.Job instance at 0x7fa4ad88cbe0>,28,19,[6 5],29,-1,57,-1,38
1,<environment.Job instance at 0x7fa4adef0a50>,31,27,[3 8],32,-1,65,-1,38
1,<environment.Job instance at 0x7fa4adefde10>,36,18,[ 1 10],37,-1,59,-1,41
1,<environment.Job instance at 0x7fa4ae717be0>,38,18,[5 9],39,-1,69,-1,51
1,<environment.Job instance at 0x7fa4adf299b0>,18,23,[12  4],19,-1,78,-1,55
1,<environment.Job instance at 0x7fa4ad72f8c0>,40,18,[3 7],41,-1,73,-1,55
1,<environment.Job instance at 0x7fa4ae094690>,41,27,[ 1 14],42,-1,84,-1,57
1,<environment.Job instance at 0x7fa4adefcc80>,46,21,[ 4 14],47,-1,80,-1,59
1,<environment.Job instance at 0x7fa4acfd0b40>,35,22,[7 5],36,-1,81,-1,59
1,<environment.Job instance at 0x7fa4acfbd910>,49,21,[9 2],50,-1,80,-1,59
1,<environment.Job instance at 0x7fa4ae839280>,1,26,[ 4 14],2,-1,28,-1,2
1,<environment.Job instance at 0x7fa4ad4daa50>,3,3,[ 4 12],4,-1,7,-1,4
1,<environment.Job instance at 0x7fa4ae355550>,6,25,[5 4],7,-1,46,-1,21
1,<environment.Job instance at 0x7fa4ae355c80>,10,13,[13  3],11,-1,34,-1,21
1,<environment.Job instance at 0x7fa4ae355e60>,11,25,[ 5 14],12,-1,46,-1,21
1,<environment.Job instance at 0x7fa4ae3551e0>,12,27,[5 5],13,-1,48,-1,21
1,<environment.Job instance at 0x7fa4adf1da50>,13,17,[ 5 13],14,-1,38,-1,21
1,<environment.Job instance at 0x7fa4ae3550a0>,8,23,[6 5],9,-1,44,-1,21
1,<environment.Job instance at 0x7fa4ae355230>,15,17,[ 4 11],16,-1,38,-1,21
1,<environment.Job instance at 0x7fa4ae27b140>,16,14,[14  5],17,-1,35,-1,21
1,<environment.Job instance at 0x7fa4adaed820>,17,27,[8 5],18,-1,48,-1,21
1,<environment.Job instance at 0x7fa4ae28f550>,18,23,[12  4],19,-1,44,-1,21
1,<environment.Job instance at 0x7fa4ad52eaf0>,21,3,[ 1 13],22,-1,25,-1,22
1,<environment.Job instance at 0x7fa4ad116500>,23,14,[ 1 12],24,-1,38,-1,24
1,<environment.Job instance at 0x7fa4ad116d20>,24,15,[ 4 14],25,-1,40,-1,25
1,<environment.Job instance at 0x7fa4ad52e870>,26,28,[ 4 14],27,-1,64,-1,36
1,<environment.Job instance at 0x7fa4ae2a0910>,27,21,[ 5 12],28,-1,57,-1,36
1,<environment.Job instance at 0x7fa4ada4f730>,31,27,[3 8],32,-1,66,-1,39
1,<environment.Job instance at 0x7fa4ad9c7730>,2,20,[2 9],3,-1,24,-1,4
1,<environment.Job instance at 0x7fa4ae67e320>,3,26,[8 5],4,-1,32,-1,6
1,<environment.Job instance at 0x7fa4ad9bb500>,7,17,[5 8],8,-1,25,-1,8
1,<environment.Job instance at 0x7fa4ae239730>,0,14,[ 4 11],1,-1,15,-1,1
1,<environment.Job instance at 0x7fa4ad53a5f0>,1,18,[ 3 12],2,-1,20,-1,2
1,<environment.Job instance at 0x7fa4ad125f00>,3,26,[8 5],4,-1,30,-1,4
1,<environment.Job instance at 0x7fa4ad125d20>,5,18,[13  1],6,-1,24,-1,6
1,<environment.Job instance at 0x7fa4ad2e7050>,11,16,[ 2 13],12,-1,28,-1,12
1,<environment.Job instance at 0x7fa4ad1e1190>,8,24,[8 5],9,-1,51,-1,27
1,<environment.Job instance at 0x7fa4ad54c6e0>,15,26,[3 6],16,-1,53,-1,27
1,<environment.Job instance at 0x7fa4b7397d20>,18,2,[ 4 12],19,-1,32,-1,30
1,<environment.Job instance at 0x7fa4ad9edfa0>,19,23,[1 6],20,-1,55,-1,32
1,<environment.Job instance at 0x7fa4ada4f230>,22,2,[13  1],23,-1,46,-1,44
1,<environment.Job instance at 0x7fa4ad116a50>,23,13,[11  1],24,-1,57,-1,44
1,<environment.Job instance at 0x7fa4ad116410>,25,16,[13  1],26,-1,62,-1,46
1,<environment.Job instance at 0x7fa4ad116500>,28,3,[11  4],29,-1,50,-1,47
1,<environment.Job instance at 0x7fa4add41690>,1,21,[4 8],2,-1,23,-1,2
1,<environment.Job instance at 0x7fa4adb62fa0>,7,14,[10  4],8,-1,23,-1,9
1,<environment.Job instance at 0x7fa4adb623c0>,9,20,[8 4],10,-1,30,-1,10
1,<environment.Job instance at 0x7fa4adb62af0>,12,27,[1 6],13,-1,40,-1,13
1,<environment.Job instance at 0x7fa4adb62500>,13,27,[8 5],14,-1,41,-1,14
1,<environment.Job instance at 0x7fa4adb62f50>,15,17,[1 5],16,-1,33,-1,16
1,<environment.Job instance at 0x7fa4ad3ed500>,17,15,[2 7],18,-1,33,-1,18
1,<environment.Job instance at 0x7fa4ad3eda00>,18,17,[3 5],19,-1,36,-1,19
1,<environment.Job instance at 0x7fa4ad3ed0a0>,20,27,[5 2],21,-1,48,-1,21
1,<environment.Job instance at 0x7fa4add41dc0>,8,17,[ 3 11],9,-1,57,-1,40
1,<environment.Job instance at 0x7fa4ad3ed9b0>,21,13,[13  5],22,-1,53,-1,40
1,<environment.Job instance at 0x7fa4adb62b40>,23,26,[10  5],24,-1,66,-1,40
1,<environment.Job instance at 0x7fa4ad3ed5a0>,29,15,[ 2 13],30,-1,56,-1,41
1,<environment.Job instance at 0x7fa4ad3ede60>,30,18,[11  2],31,-1,63,-1,45
1,<environment.Job instance at 0x7fa4add4a2d0>,31,14,[10  1],32,-1,59,-1,45
1,<environment.Job instance at 0x7fa4add4a280>,33,18,[14  1],34,-1,63,-1,45
1,<environment.Job instance at 0x7fa4add4ae10>,34,23,[ 1 11],35,-1,68,-1,45
1,<environment.Job instance at 0x7fa4add4ab40>,37,18,[7 2],38,-1,63,-1,45
1,<environment.Job instance at 0x7fa4add4ab90>,38,12,[5 2],39,-1,57,-1,45
1,<environment.Job instance at 0x7fa4add4aa50>,39,13,[ 3 11],40,-1,58,-1,45
1,<environment.Job instance at 0x7fa4adb62be0>,5,14,[13  3],6,-1,59,-1,45
1,<environment.Job instance at 0x7fa4add4a640>,42,15,[11  2],43,-1,60,-1,45
1,<environment.Job instance at 0x7fa4add4af00>,36,16,[5 4],37,-1,61,-1,45
1,<environment.Job instance at 0x7fa4ad3ed640>,28,24,[4 6],29,-1,69,-1,45
1,<environment.Job instance at 0x7fa4add4afa0>,45,18,[ 5 10],46,-1,64,-1,46
1,<environment.Job instance at 0x7fa4ae355960>,2,13,[14  2],3,-1,16,-1,3
1,<environment.Job instance at 0x7fa4ad3e7280>,3,16,[ 4 14],4,-1,20,-1,4
1,<environment.Job instance at 0x7fa4adb79dc0>,5,14,[13  3],6,-1,20,-1,6
1,<environment.Job instance at 0x7fa4b6dfd2d0>,8,17,[ 3 11],9,-1,26,-1,9
1,<environment.Job instance at 0x7fa4ae4338c0>,12,27,[1 6],13,-1,42,-1,15
1,<environment.Job instance at 0x7fa4ae433140>,13,27,[8 5],14,-1,42,-1,15
1,<environment.Job instance at 0x7fa4ae57c9b0>,16,13,[ 3 14],17,-1,30,-1,17
1,<environment.Job instance at 0x7fa4ae57c0a0>,20,27,[5 2],21,-1,59,-1,32
1,<environment.Job instance at 0x7fa4ae2bbf50>,21,13,[13  5],22,-1,45,-1,32
1,<environment.Job instance at 0x7fa4ae57ce10>,22,17,[13  3],23,-1,49,-1,32
1,<environment.Job instance at 0x7fa4ae57c820>,23,26,[10  5],24,-1,58,-1,32
1,<environment.Job instance at 0x7fa4adbd8a00>,25,2,[ 2 12],26,-1,34,-1,32
1,<environment.Job instance at 0x7fa4ad214500>,27,17,[11  4],28,-1,52,-1,35
1,<environment.Job instance at 0x7fa4ad2142d0>,29,15,[ 2 13],30,-1,53,-1,38
1,<environment.Job instance at 0x7fa4ad214f00>,30,18,[11  2],31,-1,56,-1,38
1,<environment.Job instance at 0x7fa4ad2140f0>,28,24,[4 6],29,-1,69,-1,45
1,<environment.Job instance at 0x7fa4ae539cd0>,33,18,[14  1],34,-1,63,-1,45
1,<environment.Job instance at 0x7fa4ae539320>,34,23,[ 1 11],35,-1,68,-1,45
1,<environment.Job instance at 0x7fa4ae5392d0>,35,1,[ 3 12],36,-1,46,-1,45
1,<environment.Job instance at 0x7fa4ad77c230>,5,12,[1 6],6,-1,18,-1,6
1,<environment.Job instance at 0x7fa4b6dc1b40>,6,18,[6 4],7,-1,25,-1,7
1,<environment.Job instance at 0x7fa4adb9d140>,7,19,[9 2],8,-1,27,-1,8
1,<environment.Job instance at 0x7fa4adb9d9b0>,9,14,[9 1],10,-1,25,-1,11
1,<environment.Job instance at 0x7fa4ad2d30a0>,11,25,[9 5],12,-1,37,-1,12
1,<environment.Job instance at 0x7fa4ad77c9b0>,10,28,[ 3 10],11,-1,40,-1,12
1,<environment.Job instance at 0x7fa4ad48dc80>,12,18,[5 6],13,-1,31,-1,13
1,<environment.Job instance at 0x7fa4ad2d39b0>,13,18,[2 7],14,-1,34,-1,16
1,<environment.Job instance at 0x7fa4ad2d3280>,16,17,[2 7],17,-1,34,-1,17
1,<environment.Job instance at 0x7fa4ad2d31e0>,17,21,[4 5],18,-1,39,-1,18
1,<environment.Job instance at 0x7fa4b6d7c550>,18,21,[1 9],19,-1,40,-1,19
1,<environment.Job instance at 0x7fa4ace5a640>,19,24,[7 4],20,-1,44,-1,20
1,<environment.Job instance at 0x7fa4ad0caf00>,20,18,[1 9],21,-1,39,-1,21
1,<environment.Job instance at 0x7fa4ad0ca550>,22,17,[9 4],23,-1,41,-1,24
1,<environment.Job instance at 0x7fa4adea4d20>,30,19,[8 3],31,-1,51,-1,32
1,<environment.Job instance at 0x7fa4ae4d6aa0>,27,13,[7 3],28,-1,48,-1,35
1,<environment.Job instance at 0x7fa4ad46d280>,34,15,[4 7],35,-1,54,-1,39
1,<environment.Job instance at 0x7fa4ae6d6960>,36,25,[9 1],37,-1,64,-1,39
1,<environment.Job instance at 0x7fa4ae079820>,31,22,[10  3],32,-1,62,-1,40
1,<environment.Job instance at 0x7fa4ae5cf4b0>,26,19,[2 9],27,-1,59,-1,40
1,<environment.Job instance at 0x7fa4ad118730>,37,17,[5 9],38,-1,58,-1,41
1,<environment.Job instance at 0x7fa4ad77c1e0>,2,14,[ 2 12],3,-1,57,-1,43
1,<environment.Job instance at 0x7fa4adb9d3c0>,8,20,[ 1 13],9,-1,63,-1,43
1,<environment.Job instance at 0x7fa4b6dea7d0>,41,17,[1 6],42,-1,60,-1,43
1,<environment.Job instance at 0x7fa4ad9f6fa0>,43,18,[ 3 10],44,-1,76,-1,58
1,<environment.Job instance at 0x7fa4ae41d230>,39,22,[14  2],40,-1,80,-1,58
1,<environment.Job instance at 0x7fa4ae57c0a0>,0,25,[8 2],1,-1,26,-1,1
1,<environment.Job instance at 0x7fa4ae57cf00>,2,14,[ 2 12],3,-1,17,-1,3
1,<environment.Job instance at 0x7fa4ae772b90>,8,20,[ 1 13],9,-1,29,-1,9
1,<environment.Job instance at 0x7fa4ae7df410>,11,25,[9 5],12,-1,59,-1,34
1,<environment.Job instance at 0x7fa4b6d1b1e0>,2,17,[8 4],3,-1,20,-1,3
1,<environment.Job instance at 0x7fa4ace61cd0>,6,1,[ 5 12],7,-1,8,-1,7
1,<environment.Job instance at 0x7fa4ace61aa0>,7,22,[13  5],8,-1,30,-1,8
1,<environment.Job instance at 0x7fa4ace615f0>,8,27,[5 3],9,-1,36,-1,9
1,<environment.Job instance at 0x7fa4ace61e60>,9,13,[8 5],10,-1,23,-1,10
1,<environment.Job instance at 0x7fa4ace61b90>,10,18,[5 4],11,-1,29,-1,11
1,<environment.Job instance at 0x7fa4ace61140>,11,24,[5 4],12,-1,36,-1,12
1,<environment.Job instance at 0x7fa4ace610f0>,13,15,[4 7],14,-1,29,-1,14
1,<environment.Job instance at 0x7fa4ace61be0>,20,14,[5 9],21,-1,35,-1,21
1,<environment.Job instance at 0x7fa4ad6c9280>,27,27,[6 5],28,-1,70,-1,43
1,<environment.Job instance at 0x7fa4ad6c9910>,30,17,[14  4],31,-1,65,-1,48
1,<environment.Job instance at 0x7fa4ad6c9b90>,29,18,[9 1],30,-1,67,-1,49
1,<environment.Job instance at 0x7fa4ad6c9820>,23,24,[7 4],24,-1,73,-1,49
1,<environment.Job instance at 0x7fa4ad6c9410>,34,25,[4 7],35,-1,77,-1,52
1,<environment.Job instance at 0x7fa4ad6c9d20>,35,18,[2 9],36,-1,70,-1,52
1,<environment.Job instance at 0x7fa4ace61550>,15,17,[ 5 13],16,-1,73,-1,56
1,<environment.Job instance at 0x7fa4ae1de5f0>,38,27,[5 3],39,-1,83,-1,56
1,<environment.Job instance at 0x7fa4ad8c7aa0>,3,2,[ 4 12],4,-1,6,-1,4
1,<environment.Job instance at 0x7fa4ad89a0f0>,6,1,[ 5 12],7,-1,8,-1,7
1,<environment.Job instance at 0x7fa4ae342190>,7,22,[13  5],8,-1,30,-1,8
1,<environment.Job instance at 0x7fa4b7274550>,11,24,[5 4],12,-1,43,-1,19
1,<environment.Job instance at 0x7fa4acec6e10>,12,18,[12  1],13,-1,37,-1,19
1,<environment.Job instance at 0x7fa4ae1bf4b0>,8,27,[5 3],9,-1,46,-1,19
1,<environment.Job instance at 0x7fa4ae39edc0>,14,13,[ 5 14],15,-1,32,-1,19
1,<environment.Job instance at 0x7fa4ad266af0>,15,17,[ 5 13],16,-1,36,-1,19
1,<environment.Job instance at 0x7fa4ae4ab190>,16,3,[12  5],17,-1,22,-1,19
1,<environment.Job instance at 0x7fa4ad23f050>,18,27,[5 1],19,-1,47,-1,20
1,<environment.Job instance at 0x7fa4adc47190>,21,2,[ 5 12],22,-1,35,-1,33
1,<environment.Job instance at 0x7fa4ad2f2690>,23,24,[7 4],24,-1,70,-1,46
1,<environment.Job instance at 0x7fa4adb55c80>,26,12,[12  3],27,-1,58,-1,46
1,<environment.Job instance at 0x7fa4ae0015a0>,27,27,[6 5],28,-1,74,-1,47
1,<environment.Job instance at 0x7fa4b6dac280>,30,17,[14  4],31,-1,64,-1,47
1,<environment.Job instance at 0x7fa4ae538230>,1,18,[10  4],2,-1,21,-1,3
1,<environment.Job instance at 0x7fa4ae5387d0>,5,19,[3 6],6,-1,25,-1,6
1,<environment.Job instance at 0x7fa4ae538b40>,7,13,[9 3],8,-1,21,-1,8
1,<environment.Job instance at 0x7fa4ae538910>,2,28,[4 9],3,-1,38,-1,10
1,<environment.Job instance at 0x7fa4b73a0b40>,14,20,[ 5 12],15,-1,75,-1,55
1,<environment.Job instance at 0x7fa4ada7beb0>,22,21,[4 5],23,-1,80,-1,59
1,<environment.Job instance at 0x7fa4ace615a0>,0,14,[ 2 13],1,-1,15,-1,1
1,<environment.Job instance at 0x7fa4acfee410>,2,28,[4 9],3,-1,31,-1,3
1,<environment.Job instance at 0x7fa4ad7ae5f0>,3,28,[ 5 11],4,-1,32,-1,4
1,<environment.Job instance at 0x7fa4b6d80fa0>,6,18,[13  5],7,-1,25,-1,7
1,<environment.Job instance at 0x7fa4ae39edc0>,10,14,[11  2],11,-1,25,-1,11
1,<environment.Job instance at 0x7fa4ad896550>,11,15,[12  2],12,-1,27,-1,12
1,<environment.Job instance at 0x7fa4b7274550>,13,19,[14  2],14,-1,39,-1,20
1,<environment.Job instance at 0x7fa4ad894b90>,14,20,[ 5 12],15,-1,40,-1,20
1,<environment.Job instance at 0x7fa4ada17d70>,17,17,[ 4 11],18,-1,41,-1,24
1,<environment.Job instance at 0x7fa4ae362410>,0,21,[3 9],1,-1,22,-1,1
1,<environment.Job instance at 0x7fa4ad01b280>,6,16,[8 3],7,-1,24,-1,8
1,<environment.Job instance at 0x7fa4ae8084b0>,18,24,[4 7],19,-1,50,-1,26
1,<environment.Job instance at 0x7fa4acedbbe0>,3,22,[12  2],4,-1,26,-1,4
1,<environment.Job instance at 0x7fa4ae808c80>,8,26,[14  5],9,-1,35,-1,9
1,<environment.Job instance at 0x7fa4add36050>,9,12,[11  4],10,-1,22,-1,10
1,<environment.Job instance at 0x7fa4ad2e9230>,4,27,[7 4],5,-1,46,-1,19
1,<environment.Job instance at 0x7fa4ad5ee960>,10,26,[8 3],11,-1,45,-1,19
1,<environment.Job instance at 0x7fa4adbe42d0>,14,18,[14  4],15,-1,37,-1,19
1,<environment.Job instance at 0x7fa4ae5a70f0>,18,24,[4 7],19,-1,65,-1,41
1,<environment.Job instance at 0x7fa4ae5a7500>,21,2,[12  1],22,-1,52,-1,50
1,<environment.Job instance at 0x7fa4adc09910>,23,23,[ 4 12],24,-1,76,-1,53
1,<environment.Job instance at 0x7fa4adc09550>,24,26,[ 4 14],25,-1,79,-1,53
1,<environment.Job instance at 0x7fa4adbfb050>,25,15,[ 1 14],26,-1,68,-1,53
1,<environment.Job instance at 0x7fa4adbfbcd0>,26,14,[11  2],27,-1,67,-1,53
1,<environment.Job instance at 0x7fa4adbfb3c0>,27,13,[13  4],28,-1,66,-1,53
1,<environment.Job instance at 0x7fa4ae71b140>,29,27,[ 4 13],30,-1,81,-1,54
1,<environment.Job instance at 0x7fa4ae71b370>,30,23,[ 4 10],31,-1,80,-1,57
1,<environment.Job instance at 0x7fa4ada26870>,31,15,[ 4 12],32,-1,72,-1,57
1,<environment.Job instance at 0x7fa4ae6cd230>,33,1,[ 5 11],34,-1,58,-1,57
1,<environment.Job instance at 0x7f7288ceab90>,2,14,[ 2 10],3,-1,18,-1,4
1,<environment.Job instance at 0x7f72923348c0>,3,22,[2 5],4,-1,26,-1,4
1,<environment.Job instance at 0x7f7288cee0f0>,10,22,[8 1],11,-1,35,-1,13
1,<environment.Job instance at 0x7f7288cee190>,12,23,[12  4],13,-1,36,-1,13
1,<environment.Job instance at 0x7f7288cee320>,13,18,[5 9],14,-1,32,-1,14
1,<environment.Job instance at 0x7f7288cee1e0>,14,21,[8 1],15,-1,38,-1,17
1,<environment.Job instance at 0x7f7288cee690>,17,12,[5 1],18,-1,30,-1,18
1,<environment.Job instance at 0x7f7288cee550>,16,18,[7 3],17,-1,36,-1,18
1,<environment.Job instance at 0x7f7288cee8c0>,21,18,[9 4],22,-1,55,-1,37
1,<environment.Job instance at 0x7f7288cf01e0>,30,26,[9 4],31,-1,63,-1,37
1,<environment.Job instance at 0x7f7288cf0230>,32,21,[5 9],33,-1,58,-1,37
1,<environment.Job instance at 0x7f7288cf02d0>,33,26,[3 6],34,-1,63,-1,37
1,<environment.Job instance at 0x7f7288ceef00>,28,17,[ 1 13],29,-1,54,-1,37
1,<environment.Job instance at 0x7f7288ceefa0>,29,24,[4 7],30,-1,61,-1,37
1,<environment.Job instance at 0x7f7288cf04b0>,36,20,[7 5],37,-1,58,-1,38
1,<environment.Job instance at 0x7f7288cf0410>,35,16,[1 9],36,-1,54,-1,38
1,<environment.Job instance at 0x7f7288cf0550>,39,18,[9 4],40,-1,58,-1,40
1,<environment.Job instance at 0x7f7288cf61e0>,6,15,[ 2 14],7,-1,22,-1,7
1,<environment.Job instance at 0x7f7288cf64b0>,8,2,[ 1 14],9,-1,11,-1,9
1,<environment.Job instance at 0x7f7288cf6550>,7,26,[9 3],8,-1,44,-1,18
1,<environment.Job instance at 0x7f7288cf66e0>,12,23,[12  4],13,-1,41,-1,18
1,<environment.Job instance at 0x7f7288cf6d20>,18,26,[7 4],19,-1,56,-1,30
1,<environment.Job instance at 0x7f7288cf6aa0>,19,25,[5 9],20,-1,66,-1,41
1,<environment.Job instance at 0x7f7288cf6f00>,23,16,[12  2],24,-1,57,-1,41
1,<environment.Job instance at 0x7f7288cf83c0>,28,17,[ 1 13],29,-1,65,-1,48
1,<environment.Job instance at 0x7f7288cf8190>,29,24,[4 7],30,-1,75,-1,51
1,<environment.Job instance at 0x7f7288cf85a0>,30,26,[9 4],31,-1,77,-1,51
1,<environment.Job instance at 0x7f7288cf84b0>,31,1,[ 2 14],32,-1,52,-1,51
1,<environment.Job instance at 0x7f7288cf8410>,33,26,[3 6],34,-1,86,-1,60
1,<environment.Job instance at 0x7f7288cf8960>,38,24,[13  2],39,-1,87,-1,63
1,<environment.Job instance at 0x7f72884323c0>,0,22,[ 3 10],1,-1,24,-1,2
1,<environment.Job instance at 0x7f72884324b0>,1,16,[6 5],2,-1,18,-1,2
1,<environment.Job instance at 0x7f72884317d0>,7,16,[8 1],8,-1,26,-1,10
1,<environment.Job instance at 0x7f7288431370>,9,19,[12  3],10,-1,29,-1,10
1,<environment.Job instance at 0x7f72884319b0>,10,19,[5 5],11,-1,30,-1,11
1,<environment.Job instance at 0x7f7288431af0>,11,14,[8 5],12,-1,27,-1,13
1,<environment.Job instance at 0x7f7288431190>,13,18,[ 3 10],14,-1,32,-1,14
1,<environment.Job instance at 0x7f72884301e0>,15,15,[1 7],16,-1,31,-1,16
1,<environment.Job instance at 0x7f72884302d0>,17,18,[7 1],18,-1,36,-1,18
1,<environment.Job instance at 0x7f72884307d0>,18,16,[4 9],19,-1,35,-1,19
1,<environment.Job instance at 0x7f7288430960>,20,22,[9 2],21,-1,43,-1,21
1,<environment.Job instance at 0x7f72885b6a00>,21,15,[9 1],22,-1,37,-1,22
1,<environment.Job instance at 0x7f72886bbb90>,22,23,[9 1],23,-1,46,-1,23
1,<environment.Job instance at 0x7f7288594640>,25,16,[8 4],26,-1,50,-1,34
1,<environment.Job instance at 0x7f7288591460>,35,16,[7 5],36,-1,52,-1,36
1,<environment.Job instance at 0x7f7288cf8730>,9,19,[12  3],10,-1,40,-1,21
1,<environment.Job instance at 0x7f7288cf8190>,5,28,[ 2 10],6,-1,51,-1,23
1,<environment.Job instance at 0x7f7288508f00>,19,17,[ 5 14],20,-1,55,-1,38
1,<environment.Job instance at 0x7f728850faa0>,23,25,[ 1 13],24,-1,77,-1,52
1,<environment.Job instance at 0x7f728850f0a0>,24,21,[14  5],25,-1,73,-1,52
1,<environment.Job instance at 0x7f728850f9b0>,22,23,[9 1],23,-1,90,-1,67
1,<environment.Job instance at 0x7f728829b5a0>,1,14,[ 3 10],2,-1,17,-1,3
1,<environment.Job instance at 0x7f728829b910>,3,26,[7 2],4,-1,30,-1,4
1,<environment.Job instance at 0x7f72883018c0>,11,22,[5 6],12,-1,34,-1,12
1,<environment.Job instance at 0x7f7288301a50>,12,26,[6 4],13,-1,39,-1,13
1,<environment.Job instance at 0x7f7288301690>,13,17,[5 8],14,-1,31,-1,14
1,<environment.Job instance at 0x7f7288301cd0>,14,15,[ 2 10],15,-1,30,-1,15
1,<environment.Job instance at 0x7f72883012d0>,21,20,[10  5],22,-1,42,-1,22
1,<environment.Job instance at 0x7f7288301e60>,27,20,[8 1],28,-1,51,-1,31
1,<environment.Job instance at 0x7f728829baf0>,2,15,[ 2 13],3,-1,46,-1,31
1,<environment.Job instance at 0x7f72883017d0>,17,25,[ 2 11],18,-1,56,-1,31
1,<environment.Job instance at 0x7f7288301500>,22,22,[ 2 11],23,-1,53,-1,31
1,<environment.Job instance at 0x7f729249f730>,30,13,[5 7],31,-1,44,-1,31
1,<environment.Job instance at 0x7f729249f9b0>,29,17,[4 7],30,-1,52,-1,35
1,<environment.Job instance at 0x7f7288311b40>,33,19,[3 8],34,-1,54,-1,35
1,<environment.Job instance at 0x7f729249ffa0>,28,14,[ 5 10],29,-1,56,-1,42
1,<environment.Job instance at 0x7f7288311190>,36,16,[8 4],37,-1,58,-1,42
1,<environment.Job instance at 0x7f7288311c80>,43,19,[12  2],44,-1,72,-1,53
1,<environment.Job instance at 0x7f7288311280>,41,27,[8 3],42,-1,84,-1,57
1,<environment.Job instance at 0x7f7288311e10>,44,21,[9 3],45,-1,78,-1,57
1,<environment.Job instance at 0x7f7288311dc0>,47,27,[ 3 12],48,-1,84,-1,57
1,<environment.Job instance at 0x7f7288311500>,40,18,[12  2],41,-1,75,-1,57
1,<environment.Job instance at 0x7f7288311960>,49,17,[9 5],50,-1,74,-1,57
1,<environment.Job instance at 0x7f72924a2190>,0,1,[ 3 11],1,-1,2,-1,1
1,<environment.Job instance at 0x7f729249fa00>,2,15,[ 2 13],3,-1,18,-1,3
1,<environment.Job instance at 0x7f7288301dc0>,3,26,[7 2],4,-1,30,-1,4
1,<environment.Job instance at 0x7f72924a2230>,4,20,[13  4],5,-1,25,-1,5
1,<environment.Job instance at 0x7f728829be10>,15,25,[ 3 13],16,-1,46,-1,21
1,<environment.Job instance at 0x7f72882e2b90>,12,26,[6 4],13,-1,48,-1,22
1,<environment.Job instance at 0x7f72882e6a00>,17,25,[ 2 11],18,-1,47,-1,22
1,<environment.Job instance at 0x7f72882e6960>,18,1,[14  3],19,-1,23,-1,22
1,<environment.Job instance at 0x7f72882e6c80>,22,22,[ 2 11],23,-1,55,-1,33
1,<environment.Job instance at 0x7f72882e6fa0>,23,2,[13  5],24,-1,35,-1,33
1,<environment.Job instance at 0x7f728836cdc0>,25,13,[ 5 14],26,-1,46,-1,33
1,<environment.Job instance at 0x7f728836c9b0>,31,25,[14  5],32,-1,76,-1,51
1,<environment.Job instance at 0x7f728836cbe0>,32,24,[3 7],33,-1,77,-1,53
1,<environment.Job instance at 0x7f728836c0a0>,35,27,[ 3 13],36,-1,80,-1,53
1,<environment.Job instance at 0x7f728836cc30>,38,2,[12  2],39,-1,66,-1,64
1,<environment.Job instance at 0x7f728836c320>,40,18,[12  2],41,-1,84,-1,66
1,<environment.Job instance at 0x7f7288490d70>,4,16,[ 1 14],5,-1,25,-1,9
1,<environment.Job instance at 0x7f7288301aa0>,8,25,[4 8],9,-1,40,-1,15
1,<environment.Job instance at 0x7f7288311730>,11,18,[11  1],12,-1,33,-1,15
1,<environment.Job instance at 0x7f7288301a50>,7,17,[8 5],8,-1,32,-1,15
1,<environment.Job instance at 0x7f7288311be0>,12,15,[8 5],13,-1,38,-1,23
1,<environment.Job instance at 0x7f7288505690>,14,20,[10  2],15,-1,43,-1,23
1,<environment.Job instance at 0x7f7288505640>,15,12,[4 8],16,-1,35,-1,23
1,<environment.Job instance at 0x7f728879b050>,18,16,[14  3],19,-1,40,-1,24
1,<environment.Job instance at 0x7f7288505870>,19,19,[ 5 10],20,-1,44,-1,25
1,<environment.Job instance at 0x7f728879bbe0>,20,22,[ 4 10],21,-1,48,-1,26
1,<environment.Job instance at 0x7f7288505190>,17,13,[ 4 11],18,-1,39,-1,26
1,<environment.Job instance at 0x7f7288490960>,5,18,[ 1 14],6,-1,44,-1,26
1,<environment.Job instance at 0x7f728879b910>,23,16,[8 4],24,-1,42,-1,26
1,<environment.Job instance at 0x7f728879b780>,22,13,[4 8],23,-1,39,-1,26
1,<environment.Job instance at 0x7f728879b7d0>,21,14,[1 7],22,-1,40,-1,26
1,<environment.Job instance at 0x7f728879bb90>,28,13,[ 5 11],29,-1,42,-1,29
1,<environment.Job instance at 0x7f7288505050>,16,19,[4 7],17,-1,50,-1,31
1,<environment.Job instance at 0x7f728879beb0>,30,12,[ 5 10],31,-1,43,-1,31
1,<environment.Job instance at 0x7f72882e21e0>,33,27,[6 1],34,-1,61,-1,34
1,<environment.Job instance at 0x7f72882e2640>,34,27,[ 4 13],35,-1,62,-1,35
1,<environment.Job instance at 0x7f72882e26e0>,35,14,[10  3],36,-1,50,-1,36
1,<environment.Job instance at 0x7f728879b820>,29,13,[8 1],30,-1,50,-1,37
1,<environment.Job instance at 0x7f72882e2460>,37,24,[6 2],38,-1,62,-1,38
1,<environment.Job instance at 0x7f72882e25f0>,38,13,[3 5],39,-1,52,-1,39
1,<environment.Job instance at 0x7f72882e28c0>,39,16,[5 8],40,-1,56,-1,40
1,<environment.Job instance at 0x7f72882e2be0>,40,23,[1 8],41,-1,64,-1,41
1,<environment.Job instance at 0x7f72882e20f0>,41,27,[5 6],42,-1,69,-1,42
1,<environment.Job instance at 0x7f72882e5c30>,48,15,[8 1],49,-1,69,-1,54
1,<environment.Job instance at 0x7f72882e51e0>,49,17,[10  2],50,-1,71,-1,54
1,<environment.Job instance at 0x7f72882e5690>,50,27,[1 5],51,-1,81,-1,54
1,<environment.Job instance at 0x7f72882e55f0>,51,26,[5 3],52,-1,80,-1,54
1,<environment.Job instance at 0x7f72882e5c80>,53,18,[ 1 10],54,-1,72,-1,54
1,<environment.Job instance at 0x7f729235c8c0>,55,22,[3 7],56,-1,78,-1,56
1,<environment.Job instance at 0x7f7288311690>,1,1,[ 4 14],2,-1,3,-1,2
1,<environment.Job instance at 0x7f7288301370>,2,16,[ 5 12],3,-1,19,-1,3
1,<environment.Job instance at 0x7f7288301190>,4,16,[ 1 14],5,-1,21,-1,5
1,<environment.Job instance at 0x7f728879b730>,5,18,[ 1 14],6,-1,24,-1,6
1,<environment.Job instance at 0x7f72882e2190>,9,3,[11  3],10,-1,13,-1,10
1,<environment.Job instance at 0x7f72882e2230>,10,15,[14  2],11,-1,26,-1,11
1,<environment.Job instance at 0x7f72882e2500>,11,18,[11  1],12,-1,30,-1,12
1,<environment.Job instance at 0x7f72882e2b90>,6,23,[1 9],7,-1,37,-1,14
1,<environment.Job instance at 0x7f72882e2dc0>,8,25,[4 8],9,-1,39,-1,14
1,<environment.Job instance at 0x7f72882e27d0>,13,17,[12  1],14,-1,31,-1,14
1,<environment.Job instance at 0x7f7288490690>,17,13,[ 4 11],18,-1,31,-1,18
1,<environment.Job instance at 0x7f7288303460>,18,16,[14  3],19,-1,35,-1,19
1,<environment.Job instance at 0x7f72883032d0>,24,1,[13  1],25,-1,30,-1,29
1,<environment.Job instance at 0x7f7288303c30>,25,2,[ 1 12],26,-1,31,-1,29
1,<environment.Job instance at 0x7f72883037d0>,28,13,[ 5 11],29,-1,50,-1,37
1,<environment.Job instance at 0x7f7288303eb0>,33,27,[6 1],34,-1,92,-1,65
1,<environment.Job instance at 0x7f7288cf8b90>,34,27,[ 4 13],35,-1,92,-1,65
1,<environment.Job instance at 0x7f7288cf8a00>,36,27,[11  1],37,-1,92,-1,65
1,<environment.Job instance at 0x7f7288cf8aa0>,37,24,[6 2],38,-1,89,-1,65
1,<environment.Job instance at 0x7f72884d75a0>,0,15,[9 2],1,-1,18,-1,3
1,<environment.Job instance at 0x7f7288407410>,2,16,[7 5],3,-1,19,-1,3
1,<environment.Job instance at 0x7f7288a2cbe0>,5,27,[9 5],6,-1,33,-1,6
1,<environment.Job instance at 0x7f7288a25320>,13,27,[2 7],14,-1,41,-1,14
1,<environment.Job instance at 0x7f7288a25a00>,14,13,[8 2],15,-1,29,-1,16
1,<environment.Job instance at 0x7f7288a23a00>,16,12,[5 5],17,-1,30,-1,18
1,<environment.Job instance at 0x7f7288a2c820>,15,27,[1 5],16,-1,61,-1,34
1,<environment.Job instance at 0x7f7288a23280>,19,18,[9 5],20,-1,52,-1,34
1,<environment.Job instance at 0x7f7288a25140>,17,15,[14  2],18,-1,49,-1,34
1,<environment.Job instance at 0x7f7288af5820>,26,14,[7 1],27,-1,48,-1,34
1,<environment.Job instance at 0x7f7288a23b40>,25,16,[5 3],26,-1,53,-1,37
1,<environment.Job instance at 0x7f7288770be0>,29,21,[8 2],30,-1,60,-1,39
1,<environment.Job instance at 0x7f7288759f50>,31,18,[ 1 11],32,-1,58,-1,40
1,<environment.Job instance at 0x7f72887595f0>,32,13,[6 5],33,-1,53,-1,40
1,<environment.Job instance at 0x7f7288a23370>,22,17,[13  5],23,-1,59,-1,42
1,<environment.Job instance at 0x7f7288764a00>,34,25,[5 6],35,-1,69,-1,44
1,<environment.Job instance at 0x7f7288bd6fa0>,35,20,[1 8],36,-1,66,-1,46
1,<environment.Job instance at 0x7f7288baf410>,33,16,[ 5 10],34,-1,65,-1,49
1,<environment.Job instance at 0x7f7288763730>,37,18,[5 6],38,-1,67,-1,49
1,<environment.Job instance at 0x7f7289825910>,38,16,[8 3],39,-1,67,-1,51
1,<environment.Job instance at 0x7f7288b984b0>,41,16,[ 4 10],42,-1,67,-1,51
1,<environment.Job instance at 0x7f7288bd56e0>,36,14,[11  4],37,-1,66,-1,52
1,<environment.Job instance at 0x7f7288bb7eb0>,43,27,[ 4 13],44,-1,79,-1,52
1,<environment.Job instance at 0x7f7288a527d0>,44,28,[1 8],45,-1,80,-1,52
1,<environment.Job instance at 0x7f7288bb5e60>,42,20,[5 8],43,-1,72,-1,52
1,<environment.Job instance at 0x7f7288a421e0>,47,28,[7 4],48,-1,80,-1,52
1,<environment.Job instance at 0x7f7288bd6d20>,39,28,[11  2],40,-1,81,-1,53
1,<environment.Job instance at 0x7f7288a52320>,48,27,[4 6],49,-1,80,-1,53
1,<environment.Job instance at 0x7f7288a42cd0>,50,20,[4 9],51,-1,75,-1,55
1,<environment.Job instance at 0x7f7288a42e60>,49,13,[2 9],50,-1,71,-1,58
1,<environment.Job instance at 0x7f7288a37e60>,57,15,[ 2 10],58,-1,73,-1,58
1,<environment.Job instance at 0x7f7288a53820>,59,23,[5 8],60,-1,83,-1,60
1,<environment.Job instance at 0x7f7288a533c0>,60,17,[5 9],61,-1,78,-1,61
1,<environment.Job instance at 0x7f7288a53640>,62,21,[ 4 14],63,-1,84,-1,63
1,<environment.Job instance at 0x7f7288791f50>,64,20,[2 5],65,-1,85,-1,65
1,<environment.Job instance at 0x7f7288a53410>,61,17,[7 1],62,-1,82,-1,65
1,<environment.Job instance at 0x7f728850ba50>,5,27,[9 5],6,-1,43,-1,16
1,<environment.Job instance at 0x7f72884351e0>,7,14,[12  2],8,-1,30,-1,16
1,<environment.Job instance at 0x7f7288435dc0>,8,2,[ 4 11],9,-1,18,-1,16
1,<environment.Job instance at 0x7f72882f3b90>,13,27,[2 7],14,-1,47,-1,20
1,<environment.Job instance at 0x7f72882f3be0>,15,27,[1 5],16,-1,59,-1,32
1,<environment.Job instance at 0x7f72882f3410>,17,15,[14  2],18,-1,47,-1,32
1,<environment.Job instance at 0x7f72882f3820>,22,17,[13  5],23,-1,55,-1,38
1,<environment.Job instance at 0x7f72882f3cd0>,23,13,[ 5 14],24,-1,51,-1,38
1,<environment.Job instance at 0x7f7288bad140>,1,25,[7 5],2,-1,27,-1,2
1,<environment.Job instance at 0x7f7288b985f0>,7,28,[8 2],8,-1,36,-1,8
1,<environment.Job instance at 0x7f7288b98cd0>,8,26,[8 3],9,-1,35,-1,9
1,<environment.Job instance at 0x7f7288b988c0>,12,21,[ 5 10],13,-1,34,-1,13
1,<environment.Job instance at 0x7f7289811eb0>,19,14,[2 8],20,-1,34,-1,20
1,<environment.Job instance at 0x7f72898110a0>,20,19,[ 2 11],21,-1,40,-1,21
1,<environment.Job instance at 0x7f7289811960>,23,20,[7 1],24,-1,44,-1,24
1,<environment.Job instance at 0x7f7289811820>,24,25,[4 9],25,-1,50,-1,25
1,<environment.Job instance at 0x7f72898111e0>,25,26,[6 1],26,-1,52,-1,26
1,<environment.Job instance at 0x7f7289811500>,26,28,[5 9],27,-1,55,-1,27
1,<environment.Job instance at 0x7f7289811190>,27,24,[4 8],28,-1,52,-1,28
1,<environment.Job instance at 0x7f7289811e10>,28,20,[5 5],29,-1,49,-1,29
1,<environment.Job instance at 0x7f7289811dc0>,32,24,[7 4],33,-1,57,-1,33
1,<environment.Job instance at 0x7f7289811af0>,35,18,[10  4],36,-1,54,-1,36
1,<environment.Job instance at 0x7f728982a780>,36,15,[1 9],37,-1,52,-1,37
1,<environment.Job instance at 0x7f7288407460>,1,25,[7 5],2,-1,27,-1,2
1,<environment.Job instance at 0x7f728850baa0>,4,25,[2 8],5,-1,30,-1,5
1,<environment.Job instance at 0x7f7288303960>,10,27,[ 3 11],11,-1,38,-1,11
1,<environment.Job instance at 0x7f7288303be0>,11,15,[ 3 13],12,-1,27,-1,12
1,<environment.Job instance at 0x7f7288303460>,7,28,[8 2],8,-1,47,-1,19
1,<environment.Job instance at 0x7f728850ba50>,8,26,[8 3],9,-1,45,-1,19
1,<environment.Job instance at 0x7f7288303aa0>,18,18,[ 5 14],19,-1,38,-1,20
1,<environment.Job instance at 0x7f72883034b0>,20,19,[ 2 11],21,-1,40,-1,21
1,<environment.Job instance at 0x7f728982aa50>,25,26,[6 1],26,-1,63,-1,37
1,<environment.Job instance at 0x7f7288bad640>,30,2,[ 2 12],31,-1,40,-1,38
1,<environment.Job instance at 0x7f7289811aa0>,27,24,[4 8],28,-1,70,-1,46
1,<environment.Job instance at 0x7f728982de10>,32,24,[7 4],33,-1,70,-1,46
1,<environment.Job instance at 0x7f7288b98820>,24,25,[4 9],25,-1,71,-1,46
1,<environment.Job instance at 0x7f72898115a0>,26,28,[5 9],27,-1,74,-1,46
1,<environment.Job instance at 0x7f728982dd70>,38,19,[12  4],39,-1,65,-1,46
1,<environment.Job instance at 0x7f728982da50>,39,14,[ 5 12],40,-1,60,-1,46
1,<environment.Job instance at 0x7f728982d410>,42,16,[ 2 11],43,-1,75,-1,59
1,<environment.Job instance at 0x7f728982d550>,43,28,[ 3 11],44,-1,87,-1,59
1,<environment.Job instance at 0x7f728982dbe0>,41,25,[8 3],42,-1,91,-1,66
1,<environment.Job instance at 0x7f728982d370>,46,16,[14  5],47,-1,82,-1,66
1,<environment.Job instance at 0x7f728982d730>,48,27,[14  3],49,-1,93,-1,66
1,<environment.Job instance at 0x7f728982d0f0>,49,18,[ 1 14],50,-1,84,-1,66
1,<environment.Job instance at 0x7f72886cff00>,1,26,[6 2],2,-1,28,-1,2
1,<environment.Job instance at 0x7f72898b25a0>,8,17,[9 4],9,-1,27,-1,10
1,<environment.Job instance at 0x7f72898b29b0>,15,14,[10  2],16,-1,34,-1,20
1,<environment.Job instance at 0x7f72898b24b0>,10,20,[10  2],11,-1,40,-1,20
1,<environment.Job instance at 0x7f72898b2a50>,17,25,[6 4],18,-1,45,-1,20
1,<environment.Job instance at 0x7f72898b2b40>,18,19,[3 6],19,-1,39,-1,20
1,<environment.Job instance at 0x7f72898b2c80>,20,13,[ 4 10],21,-1,34,-1,21
1,<environment.Job instance at 0x7f72898b2e60>,21,24,[5 5],22,-1,46,-1,22
1,<environment.Job instance at 0x7f72886ac910>,0,14,[ 3 13],1,-1,15,-1,1
1,<environment.Job instance at 0x7f72886aceb0>,1,26,[6 2],2,-1,28,-1,2
1,<environment.Job instance at 0x7f72886acf50>,3,23,[12  5],4,-1,27,-1,4
1,<environment.Job instance at 0x7f72886ace10>,4,13,[ 4 14],5,-1,18,-1,5
1,<environment.Job instance at 0x7f72886ac730>,5,19,[13  2],6,-1,25,-1,6
1,<environment.Job instance at 0x7f72886ac500>,11,18,[ 2 13],12,-1,30,-1,12
1,<environment.Job instance at 0x7f728982d3c0>,16,17,[12  4],17,-1,45,-1,28
1,<environment.Job instance at 0x7f728982d0a0>,17,25,[6 4],18,-1,53,-1,28
1,<environment.Job instance at 0x7f728982df50>,19,3,[14  5],20,-1,31,-1,28
1,<environment.Job instance at 0x7f728982dcd0>,21,24,[5 5],22,-1,65,-1,41
1,<environment.Job instance at 0x7f728982d320>,23,14,[ 2 11],24,-1,55,-1,41
1,<environment.Job instance at 0x7f728982ddc0>,25,28,[ 5 10],26,-1,71,-1,43
1,<environment.Job instance at 0x7f728982d2d0>,27,13,[ 5 11],28,-1,56,-1,43
1,<environment.Job instance at 0x7f728982df00>,29,19,[ 4 14],30,-1,63,-1,44
1,<environment.Job instance at 0x7f728982aa50>,31,26,[ 3 12],32,-1,84,-1,58
1,<environment.Job instance at 0x7f7288badbe0>,32,14,[ 3 14],33,-1,72,-1,58
1,<environment.Job instance at 0x7f72898112d0>,36,2,[ 5 14],37,-1,65,-1,63
1,<environment.Job instance at 0x7f72887e1640>,5,19,[10  2],6,-1,26,-1,7
1,<environment.Job instance at 0x7f72887e13c0>,7,15,[5 7],8,-1,23,-1,8
1,<environment.Job instance at 0x7f72887e1f00>,8,15,[6 5],9,-1,24,-1,9
1,<environment.Job instance at 0x7f72887e15f0>,11,16,[10  1],12,-1,28,-1,12
1,<environment.Job instance at 0x7f72887e1cd0>,12,16,[7 1],13,-1,29,-1,13
1,<environment.Job instance at 0x7f72887e1be0>,13,17,[7 2],14,-1,31,-1,14
1,<environment.Job instance at 0x7f72887e1960>,15,25,[7 5],16,-1,41,-1,16
1,<environment.Job instance at 0x7f72887e1140>,16,19,[2 7],17,-1,36,-1,17
1,<environment.Job instance at 0x7f728850baa0>,2,20,[ 3 11],3,-1,23,-1,3
1,<environment.Job instance at 0x7f72886b5aa0>,4,14,[13  3],5,-1,19,-1,5
1,<environment.Job instance at 0x7f728982de10>,9,15,[ 5 14],10,-1,30,-1,15
1,<environment.Job instance at 0x7f728982d690>,14,24,[ 5 13],15,-1,56,-1,32
1,<environment.Job instance at 0x7f728982da50>,15,25,[7 5],16,-1,67,-1,42
1,<environment.Job instance at 0x7f728982dbe0>,17,3,[ 5 13],18,-1,45,-1,42
1,<environment.Job instance at 0x7f728982dd70>,18,18,[ 1 14],19,-1,60,-1,42
1,<environment.Job instance at 0x7f728982d3c0>,19,19,[14  4],20,-1,61,-1,42
1,<environment.Job instance at 0x7f728982d7d0>,20,14,[14  2],21,-1,56,-1,42
1,<environment.Job instance at 0x7f72886ac500>,26,27,[8 2],27,-1,90,-1,63
1,<environment.Job instance at 0x7f7291ec4cd0>,0,18,[4 9],1,-1,19,-1,1
1,<environment.Job instance at 0x7f7291ec42d0>,2,18,[10  5],3,-1,22,-1,4
1,<environment.Job instance at 0x7f7291ec4d70>,5,13,[10  1],6,-1,19,-1,6
1,<environment.Job instance at 0x7f7291ec4dc0>,7,24,[1 9],8,-1,32,-1,8
1,<environment.Job instance at 0x7f7291ec4140>,8,14,[6 5],9,-1,23,-1,9
1,<environment.Job instance at 0x7f7291ec4910>,9,12,[9 3],10,-1,22,-1,10
1,<environment.Job instance at 0x7f728822e280>,20,21,[ 2 10],21,-1,44,-1,23
1,<environment.Job instance at 0x7f728822eb90>,22,26,[7 3],23,-1,54,-1,28
1,<environment.Job instance at 0x7f728822e7d0>,23,24,[8 2],24,-1,52,-1,28
1,<environment.Job instance at 0x7f7291ec4e60>,10,27,[ 1 14],11,-1,55,-1,28
1,<environment.Job instance at 0x7f7289700fa0>,25,12,[11  1],26,-1,42,-1,30
1,<environment.Job instance at 0x7f72897003c0>,26,17,[11  3],27,-1,48,-1,31
1,<environment.Job instance at 0x7f728822eb40>,21,15,[10  2],22,-1,46,-1,31
1,<environment.Job instance at 0x7f728822e6e0>,24,16,[2 8],25,-1,47,-1,31
1,<environment.Job instance at 0x7f728822e820>,17,26,[ 3 10],18,-1,57,-1,31
1,<environment.Job instance at 0x7f7289700730>,29,28,[13  1],30,-1,61,-1,33
1,<environment.Job instance at 0x7f7289700910>,27,16,[12  1],28,-1,49,-1,33
1,<environment.Job instance at 0x7f72897007d0>,30,24,[4 7],31,-1,57,-1,33
1,<environment.Job instance at 0x7f7289700870>,32,26,[7 3],33,-1,59,-1,33
1,<environment.Job instance at 0x7f72897001e0>,31,12,[6 4],32,-1,46,-1,34
1,<environment.Job instance at 0x7f7289700aa0>,33,18,[9 3],34,-1,52,-1,34
1,<environment.Job instance at 0x7f7289700c30>,34,15,[ 3 10],35,-1,51,-1,36
1,<environment.Job instance at 0x7f7289700230>,35,17,[10  2],36,-1,55,-1,38
1,<environment.Job instance at 0x7f7289700190>,40,20,[ 2 11],41,-1,67,-1,47
1,<environment.Job instance at 0x7f7289700d20>,39,13,[ 5 12],40,-1,60,-1,47
1,<environment.Job instance at 0x7f72897000a0>,41,14,[8 4],42,-1,61,-1,47
1,<environment.Job instance at 0x7f7289700550>,42,14,[9 2],43,-1,61,-1,47
1,<environment.Job instance at 0x7f7288fc9780>,47,18,[6 2],48,-1,76,-1,58
1,<environment.Job instance at 0x7f7288fc9370>,49,18,[6 2],50,-1,81,-1,63
1,<environment.Job instance at 0x7f7288fc9280>,51,25,[3 9],52,-1,88,-1,63
1,<environment.Job instance at 0x7f7288fc9320>,50,19,[6 3],51,-1,82,-1,63
1,<environment.Job instance at 0x7f7288fc9960>,54,23,[2 8],55,-1,87,-1,64
1,<environment.Job instance at 0x7f7288fc9870>,52,15,[6 1],53,-1,79,-1,64
1,<environment.Job instance at 0x7f7288fc99b0>,57,27,[5 7],58,-1,92,-1,65
1,<environment.Job instance at 0x7f72920bf5f0>,60,16,[9 2],61,-1,83,-1,67
1,<environment.Job instance at 0x7f7288fc9dc0>,59,24,[13  2],60,-1,92,-1,68
1,<environment.Job instance at 0x7f7288ae4f00>,1,27,[10  1],2,-1,29,-1,2
1,<environment.Job instance at 0x7f7288e1e960>,3,13,[ 5 11],4,-1,17,-1,4
1,<environment.Job instance at 0x7f728842d1e0>,4,27,[12  2],5,-1,32,-1,5
1,<environment.Job instance at 0x7f72886ad3c0>,7,24,[1 9],8,-1,43,-1,19
1,<environment.Job instance at 0x7f72883d1e10>,10,27,[ 1 14],11,-1,46,-1,19
1,<environment.Job instance at 0x7f72883d1370>,11,12,[12  1],12,-1,31,-1,19
1,<environment.Job instance at 0x7f7288896c30>,14,23,[3 6],15,-1,44,-1,21
1,<environment.Job instance at 0x7f728888eb40>,16,27,[7 1],17,-1,48,-1,21
1,<environment.Job instance at 0x7f7289939dc0>,18,2,[ 3 13],19,-1,23,-1,21
1,<environment.Job instance at 0x7f728888e230>,17,26,[ 3 10],18,-1,50,-1,24
1,<environment.Job instance at 0x7f7288db1d20>,23,24,[8 2],24,-1,57,-1,33
1,<environment.Job instance at 0x7f72889d6d70>,22,26,[7 3],23,-1,59,-1,33
1,<environment.Job instance at 0x7f72888b2370>,25,12,[11  1],26,-1,45,-1,33
1,<environment.Job instance at 0x7f72889d65f0>,26,17,[11  3],27,-1,50,-1,33
1,<environment.Job instance at 0x7f72888b29b0>,27,16,[12  1],28,-1,49,-1,33
1,<environment.Job instance at 0x7f729235c4b0>,28,15,[ 4 13],29,-1,48,-1,33
1,<environment.Job instance at 0x7f7288bf75f0>,29,28,[13  1],30,-1,61,-1,33
1,<environment.Job instance at 0x7f72888b2410>,30,24,[4 7],31,-1,57,-1,33
1,<environment.Job instance at 0x7f7288f09370>,32,26,[7 3],33,-1,65,-1,39
1,<environment.Job instance at 0x7f7288e51500>,6,18,[4 9],7,-1,25,-1,7
1,<environment.Job instance at 0x7f7288e517d0>,10,16,[6 2],11,-1,27,-1,11
1,<environment.Job instance at 0x7f72890417d0>,11,16,[8 2],12,-1,28,-1,12
1,<environment.Job instance at 0x7f72888c83c0>,15,18,[ 4 11],16,-1,35,-1,17
1,<environment.Job instance at 0x7f7291ecdaf0>,16,18,[ 3 12],17,-1,40,-1,22
1,<environment.Job instance at 0x7f72888c8c80>,20,18,[ 2 10],21,-1,42,-1,24
1,<environment.Job instance at 0x7f72888c8640>,18,24,[13  4],19,-1,56,-1,32
1,<environment.Job instance at 0x7f72888c8c30>,22,24,[12  4],23,-1,56,-1,32
1,<environment.Job instance at 0x7f7288764d20>,0,15,[12  2],1,-1,16,-1,1
1,<environment.Job instance at 0x7f72886a3050>,12,14,[11  4],13,-1,38,-1,24
1,<environment.Job instance at 0x7f72886a3550>,13,14,[14  5],14,-1,38,-1,24
1,<environment.Job instance at 0x7f7288dfa460>,15,18,[ 4 11],16,-1,42,-1,24
1,<environment.Job instance at 0x7f7288dfab40>,16,18,[ 3 12],17,-1,42,-1,24
1,<environment.Job instance at 0x7f7288bf75f0>,18,24,[13  4],19,-1,49,-1,25
1,<environment.Job instance at 0x7f72898fcaa0>,19,19,[ 2 13],20,-1,44,-1,25
1,<environment.Job instance at 0x7f72888b2410>,22,24,[12  4],23,-1,60,-1,36
1,<environment.Job instance at 0x7f7288b06780>,28,27,[12  2],29,-1,95,-1,68
1,<environment.Job instance at 0x7f7288fa2780>,1,26,[6 3],2,-1,28,-1,2
1,<environment.Job instance at 0x7f72890c0460>,5,22,[10  2],6,-1,32,-1,10
1,<environment.Job instance at 0x7f72890c0690>,9,21,[5 4],10,-1,33,-1,12
1,<environment.Job instance at 0x7f7288755910>,17,19,[4 9],18,-1,46,-1,27
1,<environment.Job instance at 0x7f7288b24aa0>,26,19,[13  1],27,-1,66,-1,47
1,<environment.Job instance at 0x7f7288e48960>,28,28,[4 5],29,-1,75,-1,47
1,<environment.Job instance at 0x7f7288e48c30>,27,16,[9 1],28,-1,66,-1,50
1,<environment.Job instance at 0x7f7288498c30>,32,14,[5 2],33,-1,73,-1,59
1,<environment.Job instance at 0x7f72889775f0>,30,12,[9 3],31,-1,73,-1,61
1,<environment.Job instance at 0x7f7288b57aa0>,36,26,[7 1],37,-1,87,-1,61
1,<environment.Job instance at 0x7f7288b571e0>,37,22,[8 3],38,-1,83,-1,61
1,<environment.Job instance at 0x7f7289700730>,38,15,[5 5],39,-1,77,-1,62
1,<environment.Job instance at 0x7f72883c8410>,39,17,[8 2],40,-1,79,-1,62
1,<environment.Job instance at 0x7f7288755eb0>,22,19,[10  1],23,-1,81,-1,62
1,<environment.Job instance at 0x7f7288b570f0>,35,17,[5 4],36,-1,79,-1,62
1,<environment.Job instance at 0x7f72883c8b40>,43,27,[9 5],44,-1,89,-1,62
1,<environment.Job instance at 0x7f72883c8cd0>,41,21,[6 2],42,-1,83,-1,62
1,<environment.Job instance at 0x7f72883c8eb0>,45,18,[1 9],46,-1,80,-1,62
1,<environment.Job instance at 0x7f7288a650a0>,46,23,[5 9],47,-1,86,-1,63
1,<environment.Job instance at 0x7f7288a65aa0>,47,16,[ 5 13],48,-1,79,-1,63
1,<environment.Job instance at 0x7f7288a65c80>,48,22,[ 2 14],49,-1,85,-1,63
1,<environment.Job instance at 0x7f7288a65960>,49,17,[7 4],50,-1,80,-1,63
1,<environment.Job instance at 0x7f7289805140>,0,1,[ 2 11],1,-1,2,-1,1
1,<environment.Job instance at 0x7f7289805280>,1,26,[6 3],2,-1,28,-1,2
1,<environment.Job instance at 0x7f7288977370>,4,16,[13  3],5,-1,21,-1,5
1,<environment.Job instance at 0x7f7288977aa0>,6,2,[ 2 13],7,-1,9,-1,7
1,<environment.Job instance at 0x7f7288a84be0>,7,15,[ 2 12],8,-1,23,-1,8
1,<environment.Job instance at 0x7f7288e33550>,11,3,[ 3 13],12,-1,15,-1,12
1,<environment.Job instance at 0x7f7291ea1dc0>,12,18,[14  1],13,-1,31,-1,13
1,<environment.Job instance at 0x7f7288e33cd0>,13,24,[14  1],14,-1,38,-1,14
1,<environment.Job instance at 0x7f72883d11e0>,16,18,[ 1 12],17,-1,35,-1,17
1,<environment.Job instance at 0x7f7288e33280>,15,25,[9 2],16,-1,53,-1,28
1,<environment.Job instance at 0x7f7288896c30>,21,20,[ 3 12],22,-1,50,-1,30
1,<environment.Job instance at 0x7f72886fca50>,24,3,[13  1],25,-1,45,-1,42
1,<environment.Job instance at 0x7f72888b2730>,26,19,[13  1],27,-1,61,-1,42
1,<environment.Job instance at 0x7f7288f09370>,28,28,[4 5],29,-1,82,-1,54
1,<environment.Job instance at 0x7f728846b050>,2,23,[2 8],3,-1,26,-1,3
1,<environment.Job instance at 0x7f728846bc80>,6,18,[1 7],7,-1,25,-1,7
1,<environment.Job instance at 0x7f728846be10>,7,14,[1 7],8,-1,22,-1,8
1,<environment.Job instance at 0x7f728846b910>,8,14,[8 5],9,-1,25,-1,11
1,<environment.Job instance at 0x7f728846b0f0>,10,20,[2 7],11,-1,31,-1,11
1,<environment.Job instance at 0x7f728846b960>,12,20,[4 8],13,-1,34,-1,14
1,<environment.Job instance at 0x7f7289545280>,14,16,[8 4],15,-1,33,-1,17
1,<environment.Job instance at 0x7f72895451e0>,17,21,[5 5],18,-1,39,-1,18
1,<environment.Job instance at 0x7f72895455f0>,18,23,[6 5],19,-1,42,-1,19
1,<environment.Job instance at 0x7f72895452d0>,19,18,[ 2 10],20,-1,38,-1,20
1,<environment.Job instance at 0x7f72895450a0>,22,27,[5 5],23,-1,50,-1,23
1,<environment.Job instance at 0x7f72895459b0>,16,25,[5 4],17,-1,49,-1,24
1,<environment.Job instance at 0x7f72897a03c0>,27,27,[8 5],28,-1,74,-1,47
1,<environment.Job instance at 0x7f728894c820>,30,18,[9 1],31,-1,65,-1,47
1,<environment.Job instance at 0x7f72896c9eb0>,34,15,[ 4 14],35,-1,62,-1,47
1,<environment.Job instance at 0x7f7288529a00>,32,14,[2 8],33,-1,64,-1,50
1,<environment.Job instance at 0x7f72889876e0>,3,16,[ 2 13],4,-1,20,-1,4
1,<environment.Job instance at 0x7f72890008c0>,2,23,[2 8],3,-1,36,-1,13
1,<environment.Job instance at 0x7f72894d8fa0>,11,26,[ 4 14],12,-1,40,-1,14
1,<environment.Job instance at 0x7f72894d7cd0>,13,3,[ 4 12],14,-1,18,-1,15
1,<environment.Job instance at 0x7f72894d7280>,16,25,[5 4],17,-1,55,-1,30
1,<environment.Job instance at 0x7f7288bbfb90>,18,23,[6 5],19,-1,53,-1,30
1,<environment.Job instance at 0x7f72894d58c0>,20,13,[13  3],21,-1,43,-1,30
1,<environment.Job instance at 0x7f72894d5a00>,21,25,[ 5 14],22,-1,55,-1,30
1,<environment.Job instance at 0x7f72894d5050>,22,27,[5 5],23,-1,57,-1,30
1,<environment.Job instance at 0x7f72894d5320>,23,17,[ 5 13],24,-1,47,-1,30
1,<environment.Job instance at 0x7f72894ef320>,25,17,[ 4 11],26,-1,47,-1,30
1,<environment.Job instance at 0x7f72894efc30>,26,14,[14  5],27,-1,44,-1,30
1,<environment.Job instance at 0x7f7288bada50>,28,23,[12  4],29,-1,54,-1,31
1,<environment.Job instance at 0x7f72894efdc0>,27,27,[8 5],28,-1,68,-1,41
1,<environment.Job instance at 0x7f728862c410>,31,3,[ 1 13],32,-1,44,-1,41
1,<environment.Job instance at 0x7f72894e90a0>,33,14,[ 1 12],34,-1,60,-1,46
1,<environment.Job instance at 0x7f72894e9b40>,34,15,[ 4 14],35,-1,61,-1,46
1,<environment.Job instance at 0x7f72894e9aa0>,36,28,[ 4 14],37,-1,74,-1,46
1,<environment.Job instance at 0x7f7288d88640>,37,21,[ 5 12],38,-1,67,-1,46
1,<environment.Job instance at 0x7f728873b370>,41,27,[3 8],42,-1,87,-1,60
1,<environment.Job instance at 0x7f7289395370>,2,20,[2 9],3,-1,24,-1,4
1,<environment.Job instance at 0x7f728905deb0>,3,26,[8 5],4,-1,32,-1,6
1,<environment.Job instance at 0x7f72893ab320>,7,17,[5 8],8,-1,25,-1,8
1,<environment.Job instance at 0x7f7288dc1640>,0,14,[ 4 11],1,-1,15,-1,1
1,<environment.Job instance at 0x7f7289007cd0>,1,18,[ 3 12],2,-1,20,-1,2
1,<environment.Job instance at 0x7f7289861cd0>,3,26,[8 5],4,-1,30,-1,4
1,<environment.Job instance at 0x7f7288a78460>,5,18,[13  1],6,-1,24,-1,6
1,<environment.Job instance at 0x7f728831b960>,11,16,[ 2 13],12,-1,28,-1,12
1,<environment.Job instance at 0x7f7291e5f230>,8,24,[8 5],9,-1,51,-1,27
1,<environment.Job instance at 0x7f72885e8870>,15,26,[3 6],16,-1,53,-1,27
1,<environment.Job instance at 0x7f72889146e0>,18,2,[ 4 12],19,-1,32,-1,30
1,<environment.Job instance at 0x7f7288914b40>,19,23,[1 6],20,-1,55,-1,32
1,<environment.Job instance at 0x7f7288df6dc0>,22,2,[13  1],23,-1,46,-1,44
1,<environment.Job instance at 0x7f7288df6960>,23,13,[11  1],24,-1,57,-1,44
1,<environment.Job instance at 0x7f7287efeaf0>,25,16,[13  1],26,-1,62,-1,46
1,<environment.Job instance at 0x7f72886b9960>,28,3,[11  4],29,-1,50,-1,47
1,<environment.Job instance at 0x7f7288539eb0>,33,13,[11  5],34,-1,76,-1,63
1,<environment.Job instance at 0x7f72885390a0>,34,19,[ 3 11],35,-1,82,-1,63
1,<environment.Job instance at 0x7f7288c9da50>,2,27,[1 6],3,-1,30,-1,3
1,<environment.Job instance at 0x7f7288c9d050>,3,27,[8 5],4,-1,31,-1,4
1,<environment.Job instance at 0x7f7288c9d730>,5,17,[1 5],6,-1,23,-1,6
1,<environment.Job instance at 0x7f72885b6d70>,10,27,[5 2],11,-1,38,-1,11
1,<environment.Job instance at 0x7f7288f9c6e0>,2,27,[1 6],3,-1,30,-1,3
1,<environment.Job instance at 0x7f7288f9c190>,3,27,[8 5],4,-1,31,-1,4
1,<environment.Job instance at 0x7f728902a870>,6,13,[ 3 14],7,-1,20,-1,7
1,<environment.Job instance at 0x7f7289193550>,11,13,[13  5],12,-1,25,-1,12
1,<environment.Job instance at 0x7f7289193820>,12,17,[13  3],13,-1,30,-1,13
1,<environment.Job instance at 0x7f72886b6b90>,15,2,[ 2 12],16,-1,18,-1,16
1,<environment.Job instance at 0x7f7289193870>,10,27,[5 2],11,-1,50,-1,23
1,<environment.Job instance at 0x7f7288539eb0>,17,17,[11  4],18,-1,40,-1,23
1,<environment.Job instance at 0x7f7288539050>,18,24,[4 6],19,-1,47,-1,23
1,<environment.Job instance at 0x7f72886e4d70>,19,15,[ 2 13],20,-1,38,-1,23
1,<environment.Job instance at 0x7f72886b94b0>,20,18,[11  2],21,-1,41,-1,23
1,<environment.Job instance at 0x7f72892fd3c0>,13,26,[10  5],14,-1,49,-1,23
1,<environment.Job instance at 0x7f7287efe4b0>,23,18,[14  1],24,-1,42,-1,24
1,<environment.Job instance at 0x7f7288df6960>,24,23,[ 1 11],25,-1,48,-1,25
1,<environment.Job instance at 0x7f7288df6dc0>,25,1,[ 3 12],26,-1,27,-1,26
1,<environment.Job instance at 0x7f72889146e0>,29,13,[ 3 11],30,-1,48,-1,35
1,<environment.Job instance at 0x7f7288cd84b0>,32,15,[11  2],33,-1,63,-1,48
1,<environment.Job instance at 0x7f72886b74b0>,34,25,[7 2],35,-1,84,-1,59
1,<environment.Job instance at 0x7f72885e8190>,36,12,[ 3 12],37,-1,71,-1,59
1,<environment.Job instance at 0x7f7289861cd0>,37,15,[11  5],38,-1,74,-1,59
1,<environment.Job instance at 0x7f7288b9e230>,39,16,[13  2],40,-1,75,-1,59
1,<environment.Job instance at 0x7f72885b65f0>,41,19,[12  5],42,-1,78,-1,59
1,<environment.Job instance at 0x7f72882d2c80>,0,18,[1 9],1,-1,19,-1,1
1,<environment.Job instance at 0x7f7288809500>,2,17,[9 4],3,-1,20,-1,3
1,<environment.Job instance at 0x7f728860f780>,6,19,[2 9],7,-1,27,-1,8
1,<environment.Job instance at 0x7f728860fb90>,9,17,[9 2],10,-1,28,-1,11
1,<environment.Job instance at 0x7f728860fc80>,11,22,[10  3],12,-1,34,-1,12
1,<environment.Job instance at 0x7f728860f9b0>,13,13,[2 7],14,-1,27,-1,14
1,<environment.Job instance at 0x7f72887ef730>,14,15,[4 7],15,-1,30,-1,15
1,<environment.Job instance at 0x7f728860f190>,10,19,[8 3],11,-1,35,-1,16
1,<environment.Job instance at 0x7f72887ed960>,17,17,[5 9],18,-1,36,-1,19
1,<environment.Job instance at 0x7f72887ef410>,18,18,[ 5 14],19,-1,38,-1,20
1,<environment.Job instance at 0x7f72887edf00>,21,17,[1 6],22,-1,40,-1,23
1,<environment.Job instance at 0x7f728860b2d0>,23,18,[ 3 10],24,-1,42,-1,24
1,<environment.Job instance at 0x7f728860b0f0>,25,27,[5 4],26,-1,53,-1,26
1,<environment.Job instance at 0x7f728860b690>,26,28,[7 5],27,-1,55,-1,27
1,<environment.Job instance at 0x7f728860b9b0>,27,1,[4 8],28,-1,29,-1,28
1,<environment.Job instance at 0x7f728860b550>,29,16,[2 5],30,-1,52,-1,36
1,<environment.Job instance at 0x7f72888e1be0>,4,17,[ 3 13],5,-1,22,-1,5
1,<environment.Job instance at 0x7f72888e1320>,5,14,[14  2],6,-1,20,-1,6
1,<environment.Job instance at 0x7f72888e14b0>,8,2,[ 5 11],9,-1,11,-1,9
1,<environment.Job instance at 0x7f728890bd70>,15,1,[12  1],16,-1,31,-1,30
1,<environment.Job instance at 0x7f728890bf50>,16,25,[9 1],17,-1,58,-1,33
1,<environment.Job instance at 0x7f7288902e60>,18,18,[ 5 14],19,-1,51,-1,33
1,<environment.Job instance at 0x7f7288902280>,19,22,[14  2],20,-1,55,-1,33
1,<environment.Job instance at 0x7f72888dad70>,25,27,[5 4],26,-1,90,-1,63
1,<environment.Job instance at 0x7f72888da6e0>,26,28,[7 5],27,-1,91,-1,63
1,<environment.Job instance at 0x7f72888f45a0>,28,28,[14  2],29,-1,91,-1,63
1,<environment.Job instance at 0x7f72887e8410>,5,18,[2 9],6,-1,25,-1,7
1,<environment.Job instance at 0x7f7288999fa0>,16,22,[5 3],17,-1,39,-1,17
1,<environment.Job instance at 0x7f7288809af0>,12,26,[3 7],13,-1,45,-1,19
1,<environment.Job instance at 0x7f7288999e10>,20,26,[5 1],21,-1,47,-1,21
1,<environment.Job instance at 0x7f7288999910>,19,18,[2 8],20,-1,41,-1,23
1,<environment.Job instance at 0x7f72887e82d0>,0,17,[14  4],1,-1,18,-1,1
1,<environment.Job instance at 0x7f72884dbb90>,3,16,[ 1 13],4,-1,20,-1,4
1,<environment.Job instance at 0x7f72884dbb40>,6,12,[13  5],7,-1,19,-1,7
1,<environment.Job instance at 0x7f72884db3c0>,7,22,[14  4],8,-1,30,-1,8
1,<environment.Job instance at 0x7f72884db9b0>,4,25,[4 7],5,-1,40,-1,15
1,<environment.Job instance at 0x7f72884dbeb0>,8,27,[5 3],9,-1,42,-1,15
1,<environment.Job instance at 0x7f7288cf3e10>,12,26,[3 7],13,-1,41,-1,15
1,<environment.Job instance at 0x7f7288cf34b0>,14,1,[ 4 11],15,-1,16,-1,15
1,<environment.Job instance at 0x7f7288cf3280>,18,14,[13  1],19,-1,33,-1,19
1,<environment.Job instance at 0x7f7288cf3320>,20,26,[5 1],21,-1,56,-1,30
1,<environment.Job instance at 0x7f7288cf37d0>,23,28,[13  1],24,-1,58,-1,30
1,<environment.Job instance at 0x7f7288cf3cd0>,22,27,[7 3],23,-1,72,-1,45
1,<environment.Job instance at 0x7f7288cf3b90>,24,25,[3 8],25,-1,72,-1,47
1,<environment.Job instance at 0x7f7288a89960>,29,22,[11  1],30,-1,69,-1,47
1,<environment.Job instance at 0x7f7288a894b0>,30,14,[ 2 13],31,-1,61,-1,47
1,<environment.Job instance at 0x7f7288a89aa0>,28,24,[7 5],29,-1,84,-1,60
1,<environment.Job instance at 0x7f7288a89dc0>,32,28,[4 9],33,-1,88,-1,60
1,<environment.Job instance at 0x7f7288a89500>,33,28,[ 5 11],34,-1,88,-1,60
1,<environment.Job instance at 0x7f7288a89e10>,36,18,[13  5],37,-1,78,-1,60
1,<environment.Job instance at 0x7f72898fdd70>,0,17,[2 6],1,-1,18,-1,1
1,<environment.Job instance at 0x7f7288e02280>,1,28,[7 3],2,-1,30,-1,2
1,<environment.Job instance at 0x7f7288e029b0>,2,19,[1 7],3,-1,22,-1,3
1,<environment.Job instance at 0x7f7288e02870>,5,18,[ 2 11],6,-1,28,-1,10
1,<environment.Job instance at 0x7f7288809690>,10,15,[9 4],11,-1,26,-1,11
1,<environment.Job instance at 0x7f7288809f50>,11,15,[4 7],12,-1,27,-1,12
1,<environment.Job instance at 0x7f7288809640>,12,23,[9 2],13,-1,36,-1,13
1,<environment.Job instance at 0x7f7288809320>,15,15,[4 8],16,-1,31,-1,16
1,<environment.Job instance at 0x7f7288809500>,18,17,[7 4],19,-1,36,-1,19
1,<environment.Job instance at 0x7f72891870a0>,20,21,[3 9],21,-1,47,-1,26
1,<environment.Job instance at 0x7f72892fd960>,1,28,[7 3],2,-1,30,-1,2
1,<environment.Job instance at 0x7f72892fda50>,5,18,[ 2 11],6,-1,24,-1,6
1,<environment.Job instance at 0x7f72892fd230>,8,20,[ 4 13],9,-1,29,-1,9
1,<environment.Job instance at 0x7f72892fd370>,9,17,[11  4],10,-1,27,-1,10
1,<environment.Job instance at 0x7f72892fd280>,3,25,[1 5],4,-1,43,-1,18
1,<environment.Job instance at 0x7f72892fdaa0>,12,23,[9 2],13,-1,43,-1,20
1,<environment.Job instance at 0x7f72898fda00>,4,25,[ 3 10],5,-1,63,-1,38
1,<environment.Job instance at 0x7f729235ef50>,19,27,[ 1 14],20,-1,65,-1,38
1,<environment.Job instance at 0x7f729235e3c0>,23,22,[12  2],24,-1,62,-1,40
1,<environment.Job instance at 0x7f729235e280>,24,27,[7 4],25,-1,68,-1,41
1,<environment.Job instance at 0x7f7288eaaeb0>,28,26,[14  5],29,-1,70,-1,44
1,<environment.Job instance at 0x7f7288eaacd0>,29,12,[11  4],30,-1,56,-1,44
1,<environment.Job instance at 0x7f7288eaa230>,30,26,[8 3],31,-1,85,-1,59
1,<environment.Job instance at 0x7f7288eaa0a0>,34,18,[14  4],35,-1,77,-1,59
1,<environment.Job instance at 0x7f728836b460>,1,14,[11  1],2,-1,16,-1,2
1,<environment.Job instance at 0x7f728836b410>,2,23,[ 2 11],3,-1,26,-1,3
1,<environment.Job instance at 0x7f728836bd70>,3,21,[ 1 11],4,-1,25,-1,4
1,<environment.Job instance at 0x7f728836b640>,4,1,[ 2 14],5,-1,6,-1,5
1,<environment.Job instance at 0x7f728836bd20>,7,15,[13  2],8,-1,23,-1,8
1,<environment.Job instance at 0x7f728836bb90>,8,1,[ 5 11],9,-1,10,-1,9
1,<environment.Job instance at 0x7f7288018f50>,9,3,[13  4],10,-1,13,-1,10
1,<environment.Job instance at 0x7f72880181e0>,10,15,[ 3 14],11,-1,26,-1,11
1,<environment.Job instance at 0x7f72880187d0>,11,18,[13  2],12,-1,30,-1,12
1,<environment.Job instance at 0x7f7288018b90>,12,1,[12  5],13,-1,14,-1,13
1,<environment.Job instance at 0x7f72892332d0>,17,12,[ 4 14],18,-1,30,-1,18
1,<environment.Job instance at 0x7f7288018320>,19,18,[14  1],20,-1,38,-1,20
1,<environment.Job instance at 0x7f7288018cd0>,21,15,[12  1],22,-1,37,-1,22
1,<environment.Job instance at 0x7f7288018140>,22,13,[ 5 12],23,-1,36,-1,23
1,<environment.Job instance at 0x7f7292261a00>,27,28,[9 4],28,-1,65,-1,37
1,<environment.Job instance at 0x7f7288eaa690>,29,1,[ 3 13],30,-1,38,-1,37
1,<environment.Job instance at 0x7f7288eaa230>,30,23,[6 2],31,-1,62,-1,39
1,<environment.Job instance at 0x7f7288eaaf00>,34,24,[3 9],35,-1,70,-1,46
1,<environment.Job instance at 0x7f7288eaa960>,35,18,[ 3 12],36,-1,64,-1,46
1,<environment.Job instance at 0x7f729235ed70>,36,18,[13  3],37,-1,64,-1,46
1,<environment.Job instance at 0x7f729235e1e0>,40,24,[7 4],41,-1,79,-1,55
1,<environment.Job instance at 0x7f729235e8c0>,41,19,[ 5 13],42,-1,74,-1,55
1,<environment.Job instance at 0x7f7288eaadc0>,33,24,[10  4],34,-1,79,-1,55
1,<environment.Job instance at 0x7f729235e960>,0,23,[ 5 10],1,-1,24,-1,1
1,<environment.Job instance at 0x7f729235e1e0>,2,22,[ 1 14],3,-1,25,-1,3
1,<environment.Job instance at 0x7f729235ef50>,3,3,[11  2],4,-1,7,-1,4
1,<environment.Job instance at 0x7f729235e3c0>,4,25,[ 1 14],5,-1,30,-1,5
1,<environment.Job instance at 0x7f729235e280>,5,25,[12  3],6,-1,31,-1,6
1,<environment.Job instance at 0x7f729235e8c0>,6,27,[ 4 11],7,-1,34,-1,7
1,<environment.Job instance at 0x7f7292261b90>,10,3,[ 3 11],11,-1,14,-1,11
1,<environment.Job instance at 0x7f72892fd1e0>,11,21,[ 4 11],12,-1,33,-1,12
1,<environment.Job instance at 0x7f72892fd9b0>,12,28,[2 8],13,-1,41,-1,13
1,<environment.Job instance at 0x7f72892fd780>,13,25,[ 1 12],14,-1,39,-1,14
1,<environment.Job instance at 0x7f72892fde60>,14,16,[ 5 13],15,-1,31,-1,15
1,<environment.Job instance at 0x7f72892fd960>,15,23,[5 5],16,-1,39,-1,16
1,<environment.Job instance at 0x7f72892fd280>,16,3,[ 4 14],17,-1,20,-1,17
1,<environment.Job instance at 0x7f72892fd0a0>,17,15,[14  4],18,-1,33,-1,18
1,<environment.Job instance at 0x7f72892fdfa0>,19,25,[4 7],20,-1,45,-1,20
1,<environment.Job instance at 0x7f72892fd370>,20,3,[11  5],21,-1,24,-1,21
1,<environment.Job instance at 0x7f72892fdeb0>,21,3,[ 4 14],22,-1,25,-1,22
1,<environment.Job instance at 0x7f72892fd6e0>,22,28,[ 4 11],23,-1,51,-1,23
1,<environment.Job instance at 0x7f72893a8dc0>,24,18,[11  1],25,-1,43,-1,25
1,<environment.Job instance at 0x7f7292261af0>,28,27,[3 6],29,-1,59,-1,32
1,<environment.Job instance at 0x7f7288766870>,34,27,[4 5],35,-1,66,-1,39
1,<environment.Job instance at 0x7f728815b5a0>,35,16,[11  1],36,-1,55,-1,39
1,<environment.Job instance at 0x7f728865cbe0>,36,16,[ 1 12],37,-1,55,-1,39
1,<environment.Job instance at 0x7f728865c050>,37,28,[10  5],38,-1,67,-1,39
1,<environment.Job instance at 0x7f728865cb90>,38,25,[8 4],39,-1,64,-1,39
1,<environment.Job instance at 0x7f72893a8c80>,26,24,[3 8],27,-1,64,-1,40
1,<environment.Job instance at 0x7f728865cc30>,40,18,[13  1],41,-1,59,-1,41
1,<environment.Job instance at 0x7f728865c7d0>,42,14,[ 1 14],43,-1,57,-1,43
1,<environment.Job instance at 0x7f728865caf0>,45,25,[8 3],46,-1,79,-1,54
1,<environment.Job instance at 0x7f728865c910>,48,24,[11  1],49,-1,80,-1,56
1,<environment.Job instance at 0x7f728865c6e0>,51,25,[5 7],52,-1,93,-1,68
1,<environment.Job instance at 0x7f728865cf00>,53,18,[11  2],54,-1,86,-1,68
1,<environment.Job instance at 0x7f7288e4ccd0>,12,21,[3 7],13,-1,35,-1,14
1,<environment.Job instance at 0x7f7288165f00>,1,26,[ 5 11],2,-1,28,-1,2
1,<environment.Job instance at 0x7f7288165c30>,3,23,[10  4],4,-1,27,-1,4
1,<environment.Job instance at 0x7f7288165cd0>,4,26,[2 7],5,-1,31,-1,5
1,<environment.Job instance at 0x7f72881655f0>,8,26,[5 4],9,-1,37,-1,11
1,<environment.Job instance at 0x7f728865c910>,14,28,[14  3],15,-1,50,-1,22
1,<environment.Job instance at 0x7f7288165280>,9,26,[ 1 10],10,-1,51,-1,25
1,<environment.Job instance at 0x7f728865c0f0>,19,17,[ 2 12],20,-1,42,-1,25
1,<environment.Job instance at 0x7f728865c190>,22,13,[ 5 11],23,-1,40,-1,27
1,<environment.Job instance at 0x7f728878c410>,25,2,[ 4 11],26,-1,39,-1,37
1,<environment.Job instance at 0x7f7288766910>,26,24,[8 5],27,-1,63,-1,39
1,<environment.Job instance at 0x7f728815b5a0>,29,17,[13  2],30,-1,69,-1,52
1,<environment.Job instance at 0x7f728865c140>,30,23,[9 3],31,-1,90,-1,67
1,<environment.Job instance at 0x7f39f3178c80>,3,22,[2 5],4,-1,27,-1,5
1,<environment.Job instance at 0x7f39f3178f00>,7,26,[9 3],8,-1,34,-1,8
1,<environment.Job instance at 0x7f39f317d1e0>,10,22,[8 1],11,-1,33,-1,11
1,<environment.Job instance at 0x7f39f317d4b0>,13,18,[5 9],14,-1,32,-1,14
1,<environment.Job instance at 0x7f39f317d3c0>,14,21,[8 1],15,-1,36,-1,15
1,<environment.Job instance at 0x7f39f317d5a0>,16,18,[7 3],17,-1,35,-1,17
1,<environment.Job instance at 0x7f39f317d690>,18,26,[7 4],19,-1,45,-1,19
1,<environment.Job instance at 0x7f39f317d8c0>,19,25,[5 9],20,-1,45,-1,20
1,<environment.Job instance at 0x7f39f317d960>,21,18,[9 4],22,-1,40,-1,22
1,<environment.Job instance at 0x7f39f317ddc0>,27,17,[4 6],28,-1,45,-1,28
1,<environment.Job instance at 0x7f39f317f0f0>,29,24,[4 7],30,-1,54,-1,30
1,<environment.Job instance at 0x7f39f317f280>,30,26,[9 4],31,-1,57,-1,31
1,<environment.Job instance at 0x7f39f317f3c0>,32,21,[5 9],33,-1,54,-1,33
1,<environment.Job instance at 0x7f39f317f460>,33,26,[3 6],34,-1,60,-1,34
1,<environment.Job instance at 0x7f39f317f550>,38,24,[13  2],39,-1,96,-1,72
1,<environment.Job instance at 0x7f39f317fb90>,43,16,[1 8],44,-1,89,-1,73
1,<environment.Job instance at 0x7f39f317fe10>,46,14,[6 5],47,-1,87,-1,73
1,<environment.Job instance at 0x7f39f3185320>,6,15,[ 2 14],7,-1,22,-1,7
1,<environment.Job instance at 0x7f39f3185780>,8,2,[ 1 14],9,-1,11,-1,9
1,<environment.Job instance at 0x7f39f3185820>,7,26,[9 3],8,-1,44,-1,18
1,<environment.Job instance at 0x7f39f3185f00>,12,23,[12  4],13,-1,41,-1,18
1,<environment.Job instance at 0x7f39f31895a0>,18,26,[7 4],19,-1,56,-1,30
1,<environment.Job instance at 0x7f39f3189320>,19,25,[5 9],20,-1,66,-1,41
1,<environment.Job instance at 0x7f39f31897d0>,23,16,[12  2],24,-1,57,-1,41
1,<environment.Job instance at 0x7f39fc7ecfa0>,28,17,[ 1 13],29,-1,65,-1,48
1,<environment.Job instance at 0x7f39f31b7960>,29,24,[4 7],30,-1,75,-1,51
1,<environment.Job instance at 0x7f39f31b7640>,30,26,[9 4],31,-1,77,-1,51
1,<environment.Job instance at 0x7f39f31d0640>,31,1,[ 2 14],32,-1,52,-1,51
1,<environment.Job instance at 0x7f39f3284640>,33,26,[3 6],34,-1,86,-1,60
1,<environment.Job instance at 0x7f39f3170410>,38,24,[13  2],39,-1,87,-1,63
1,<environment.Job instance at 0x7f39f3170aa0>,40,26,[ 1 14],41,-1,100,-1,74
1,<environment.Job instance at 0x7f39f28c22d0>,0,19,[5 5],1,-1,20,-1,1
1,<environment.Job instance at 0x7f39f28c2e10>,2,21,[4 8],3,-1,24,-1,3
1,<environment.Job instance at 0x7f39f28c2f50>,3,18,[ 3 10],4,-1,22,-1,4
1,<environment.Job instance at 0x7f39f28c27d0>,5,15,[1 7],6,-1,21,-1,6
1,<environment.Job instance at 0x7f39f28c2870>,7,18,[7 1],8,-1,27,-1,9
1,<environment.Job instance at 0x7f39f317dbe0>,8,16,[4 9],9,-1,25,-1,9
1,<environment.Job instance at 0x7f39f28c0d70>,10,22,[9 2],11,-1,33,-1,11
1,<environment.Job instance at 0x7f39f28c02d0>,11,15,[9 1],12,-1,28,-1,13
1,<environment.Job instance at 0x7f39f28c2a50>,12,23,[9 1],13,-1,36,-1,13
1,<environment.Job instance at 0x7f39f28c1eb0>,22,13,[11  4],23,-1,40,-1,27
1,<environment.Job instance at 0x7f39f292dbe0>,9,17,[ 5 14],10,-1,34,-1,17
1,<environment.Job instance at 0x7f39f2927910>,12,23,[9 1],13,-1,43,-1,20
1,<environment.Job instance at 0x7f39f2927fa0>,13,25,[ 1 13],14,-1,45,-1,20
1,<environment.Job instance at 0x7f39f2927f50>,14,21,[14  5],15,-1,41,-1,20
1,<environment.Job instance at 0x7f39f292ae60>,19,2,[13  5],20,-1,37,-1,35
1,<environment.Job instance at 0x7f39f299ad70>,20,28,[5 9],21,-1,66,-1,38
1,<environment.Job instance at 0x7f39f299a5f0>,21,15,[ 2 13],22,-1,53,-1,38
1,<environment.Job instance at 0x7f39f299af50>,22,13,[11  4],23,-1,51,-1,38
1,<environment.Job instance at 0x7f39f293db40>,26,22,[ 4 14],27,-1,62,-1,40
1,<environment.Job instance at 0x7f39f2939230>,29,27,[ 3 11],30,-1,69,-1,42
1,<environment.Job instance at 0x7f39f2939cd0>,30,23,[5 1],31,-1,68,-1,45
1,<environment.Job instance at 0x7f39f2939dc0>,31,17,[12  4],32,-1,62,-1,45
1,<environment.Job instance at 0x7f39f2940320>,39,12,[13  1],40,-1,82,-1,70
1,<environment.Job instance at 0x7f39f29400f0>,41,2,[ 5 14],42,-1,77,-1,75
1,<environment.Job instance at 0x7f39f29405f0>,40,24,[8 1],41,-1,99,-1,75
1,<environment.Job instance at 0x7f39fc935aa0>,1,20,[10  5],2,-1,22,-1,2
1,<environment.Job instance at 0x7f39fc9359b0>,4,22,[5 6],5,-1,28,-1,6
1,<environment.Job instance at 0x7f39fc9350a0>,7,20,[8 1],8,-1,30,-1,10
1,<environment.Job instance at 0x7f39f278dd70>,10,13,[5 7],11,-1,24,-1,11
1,<environment.Job instance at 0x7f39f278dcd0>,12,24,[3 7],13,-1,37,-1,13
1,<environment.Job instance at 0x7f39f278d910>,13,19,[3 8],14,-1,33,-1,14
1,<environment.Job instance at 0x7f39f278d370>,16,16,[8 4],17,-1,33,-1,17
1,<environment.Job instance at 0x7f39f278daa0>,9,17,[4 7],10,-1,36,-1,19
1,<environment.Job instance at 0x7f39f278d0f0>,19,17,[3 5],20,-1,38,-1,21
1,<environment.Job instance at 0x7f39f278d640>,20,18,[12  2],21,-1,39,-1,21
1,<environment.Job instance at 0x7f39f2811f00>,2,22,[ 2 11],3,-1,25,-1,3
1,<environment.Job instance at 0x7f39fc92edc0>,3,2,[13  5],4,-1,6,-1,4
1,<environment.Job instance at 0x7f39f2791500>,5,13,[ 5 14],6,-1,19,-1,6
1,<environment.Job instance at 0x7f39f2785f00>,11,25,[14  5],12,-1,38,-1,13
1,<environment.Job instance at 0x7f39f27856e0>,12,24,[3 7],13,-1,40,-1,16
1,<environment.Job instance at 0x7f39f2785a00>,15,27,[ 3 13],16,-1,43,-1,16
1,<environment.Job instance at 0x7f39fc932e10>,18,2,[12  2],19,-1,24,-1,22
1,<environment.Job instance at 0x7f39fc932050>,20,18,[12  2],21,-1,40,-1,22
1,<environment.Job instance at 0x7f39fc9323c0>,23,19,[12  2],24,-1,48,-1,29
1,<environment.Job instance at 0x7f39fc932320>,21,27,[8 3],22,-1,66,-1,39
1,<environment.Job instance at 0x7f39fc932910>,27,27,[ 3 12],28,-1,68,-1,41
1,<environment.Job instance at 0x7f39f2885dc0>,31,15,[ 2 14],32,-1,70,-1,55
1,<environment.Job instance at 0x7f39f2885910>,33,26,[3 9],34,-1,86,-1,60
1,<environment.Job instance at 0x7f39f28857d0>,34,15,[13  1],35,-1,75,-1,60
1,<environment.Job instance at 0x7f39f2b86c80>,1,13,[9 2],2,-1,16,-1,3
1,<environment.Job instance at 0x7f39f2b86550>,3,27,[6 1],4,-1,31,-1,4
1,<environment.Job instance at 0x7f39f2b86cd0>,7,24,[6 2],8,-1,34,-1,10
1,<environment.Job instance at 0x7f39f2b860a0>,10,23,[1 8],11,-1,34,-1,11
1,<environment.Job instance at 0x7f39f2b862d0>,11,27,[5 6],12,-1,39,-1,12
1,<environment.Job instance at 0x7f39f2b860f0>,12,20,[5 1],13,-1,33,-1,13
1,<environment.Job instance at 0x7f39f27851e0>,4,27,[ 4 13],5,-1,32,-1,5
1,<environment.Job instance at 0x7f39f2785780>,6,27,[11  1],7,-1,34,-1,7
1,<environment.Job instance at 0x7f39f2785320>,3,27,[6 1],4,-1,40,-1,13
1,<environment.Job instance at 0x7f39f2785b90>,7,24,[6 2],8,-1,37,-1,13
1,<environment.Job instance at 0x7f39f2791af0>,10,23,[1 8],11,-1,36,-1,13
1,<environment.Job instance at 0x7f39f2b86820>,11,27,[5 6],12,-1,40,-1,13
1,<environment.Job instance at 0x7f39f2b866e0>,13,18,[ 1 11],14,-1,32,-1,14
1,<environment.Job instance at 0x7f39f2d22730>,14,26,[ 2 13],15,-1,41,-1,15
1,<environment.Job instance at 0x7f39f2d22b40>,15,28,[14  4],16,-1,44,-1,16
1,<environment.Job instance at 0x7f39f2d22140>,17,20,[ 4 11],18,-1,38,-1,18
1,<environment.Job instance at 0x7f39f2c6e640>,20,27,[1 5],21,-1,54,-1,27
1,<environment.Job instance at 0x7f39f2c6ef50>,21,26,[5 3],22,-1,53,-1,27
1,<environment.Job instance at 0x7f39f2c6e690>,24,15,[14  2],25,-1,43,-1,28
1,<environment.Job instance at 0x7f39f2c6ec80>,30,2,[13  1],31,-1,51,-1,49
1,<environment.Job instance at 0x7f39fc934690>,29,28,[ 2 10],30,-1,90,-1,62
1,<environment.Job instance at 0x7f39f278d690>,36,20,[11  2],37,-1,82,-1,62
1,<environment.Job instance at 0x7f39f278ddc0>,37,26,[2 8],38,-1,91,-1,65
1,<environment.Job instance at 0x7f39f2bbee60>,1,16,[ 4 10],2,-1,18,-1,2
1,<environment.Job instance at 0x7f39f300f1e0>,2,20,[5 8],3,-1,23,-1,3
1,<environment.Job instance at 0x7f39f3128e60>,3,27,[ 4 13],4,-1,31,-1,4
1,<environment.Job instance at 0x7f39fc9324b0>,5,12,[13  4],6,-1,18,-1,6
1,<environment.Job instance at 0x7f39fc932c30>,6,12,[ 5 12],7,-1,19,-1,7
1,<environment.Job instance at 0x7f39fc932690>,7,28,[7 4],8,-1,36,-1,8
1,<environment.Job instance at 0x7f39fc932280>,4,28,[1 8],5,-1,46,-1,18
1,<environment.Job instance at 0x7f39fc9329b0>,12,27,[12  5],13,-1,45,-1,18
1,<environment.Job instance at 0x7f39fc932f00>,8,27,[4 6],9,-1,45,-1,18
1,<environment.Job instance at 0x7f39f2866f00>,18,3,[12  2],19,-1,23,-1,20
1,<environment.Job instance at 0x7f39f28661e0>,19,23,[5 8],20,-1,44,-1,21
1,<environment.Job instance at 0x7f39f2866c30>,22,21,[ 4 14],23,-1,45,-1,24
1,<environment.Job instance at 0x7f39fc934690>,25,13,[12  1],26,-1,40,-1,27
1,<environment.Job instance at 0x7f39f2866d20>,26,12,[14  3],27,-1,39,-1,27
1,<environment.Job instance at 0x7f39f278da50>,27,1,[ 4 11],28,-1,29,-1,28
1,<environment.Job instance at 0x7f39f278ddc0>,31,25,[7 5],32,-1,70,-1,45
1,<environment.Job instance at 0x7f39f278d820>,34,25,[2 8],35,-1,71,-1,46
1,<environment.Job instance at 0x7f39f278dfa0>,37,28,[8 2],38,-1,87,-1,59
1,<environment.Job instance at 0x7f39f278d9b0>,38,26,[8 3],39,-1,85,-1,59
1,<environment.Job instance at 0x7f39f2c6e140>,40,27,[ 3 11],41,-1,86,-1,59
1,<environment.Job instance at 0x7f39f2c6e050>,41,15,[ 3 13],42,-1,74,-1,59
1,<environment.Job instance at 0x7f39f2f72af0>,5,16,[ 4 11],6,-1,23,-1,7
1,<environment.Job instance at 0x7f39f2b3f3c0>,6,17,[13  3],7,-1,24,-1,7
1,<environment.Job instance at 0x7f39f2f72e10>,8,20,[4 9],9,-1,30,-1,10
1,<environment.Job instance at 0x7f39f2f720f0>,17,24,[7 3],18,-1,42,-1,18
1,<environment.Job instance at 0x7f39f2b2b4b0>,18,27,[9 5],19,-1,46,-1,19
1,<environment.Job instance at 0x7f39f2f72820>,13,23,[9 4],14,-1,43,-1,20
1,<environment.Job instance at 0x7f39f2f72e60>,7,22,[ 3 11],8,-1,43,-1,21
1,<environment.Job instance at 0x7f39f2b2b280>,19,22,[7 5],20,-1,44,-1,22
1,<environment.Job instance at 0x7f39f2f729b0>,15,24,[ 4 14],16,-1,46,-1,22
1,<environment.Job instance at 0x7f39f2b28640>,1,15,[11  2],2,-1,17,-1,2
1,<environment.Job instance at 0x7f39f2b865f0>,2,13,[ 1 12],3,-1,16,-1,3
1,<environment.Job instance at 0x7f39f2b86820>,5,16,[ 4 11],6,-1,22,-1,6
1,<environment.Job instance at 0x7f39f2c6e640>,6,17,[13  3],7,-1,24,-1,7
1,<environment.Job instance at 0x7f39f2c6e690>,7,22,[ 3 11],8,-1,30,-1,8
1,<environment.Job instance at 0x7f39f2c6eaf0>,9,13,[ 5 12],10,-1,23,-1,10
1,<environment.Job instance at 0x7f39f2c6e280>,10,1,[ 5 11],11,-1,12,-1,11
1,<environment.Job instance at 0x7f39f2c6ea00>,11,1,[12  4],12,-1,13,-1,12
1,<environment.Job instance at 0x7f39f2c6e140>,13,23,[9 4],14,-1,38,-1,15
1,<environment.Job instance at 0x7f39f2c6e5f0>,14,13,[ 3 14],15,-1,28,-1,15
1,<environment.Job instance at 0x7f39f3128e60>,15,24,[ 4 14],16,-1,40,-1,16
1,<environment.Job instance at 0x7f39fc932550>,20,14,[ 3 13],21,-1,35,-1,21
1,<environment.Job instance at 0x7f39f3128410>,17,24,[7 3],18,-1,54,-1,30
1,<environment.Job instance at 0x7f39fc932050>,18,27,[9 5],19,-1,57,-1,30
1,<environment.Job instance at 0x7f39fc932f00>,23,23,[12  5],24,-1,53,-1,30
1,<environment.Job instance at 0x7f39f3007690>,24,13,[ 4 14],25,-1,43,-1,30
1,<environment.Job instance at 0x7f39f2b3be60>,25,19,[13  2],26,-1,49,-1,30
1,<environment.Job instance at 0x7f39fc9324b0>,21,26,[6 2],22,-1,56,-1,30
1,<environment.Job instance at 0x7f3a17e49500>,31,18,[ 2 13],32,-1,50,-1,32
1,<environment.Job instance at 0x7f39f2b3f870>,36,17,[12  4],37,-1,73,-1,56
1,<environment.Job instance at 0x7f39f2bf1cd0>,37,25,[6 4],38,-1,90,-1,65
1,<environment.Job instance at 0x7f39f2bf1dc0>,39,3,[14  5],40,-1,68,-1,65
1,<environment.Job instance at 0x7f39f2bf1320>,41,24,[5 5],42,-1,100,-1,76
1,<environment.Job instance at 0x7f39f2bf16e0>,43,14,[ 2 11],44,-1,90,-1,76
1,<environment.Job instance at 0x7f39f3963870>,6,25,[5 3],7,-1,32,-1,7
1,<environment.Job instance at 0x7f39f3963c80>,9,27,[4 8],10,-1,37,-1,10
1,<environment.Job instance at 0x7f39f3963d70>,10,18,[5 2],11,-1,29,-1,11
1,<environment.Job instance at 0x7f39f3963eb0>,13,12,[7 5],14,-1,27,-1,15
1,<environment.Job instance at 0x7f39f398c1e0>,18,15,[6 5],19,-1,37,-1,22
1,<environment.Job instance at 0x7f39f398c050>,15,19,[10  2],16,-1,44,-1,25
1,<environment.Job instance at 0x7f39f398c500>,21,16,[10  1],22,-1,42,-1,26
1,<environment.Job instance at 0x7f39f3963e10>,12,20,[ 3 11],13,-1,55,-1,35
1,<environment.Job instance at 0x7f39f398c410>,19,15,[ 5 14],20,-1,50,-1,35
1,<environment.Job instance at 0x7f39f398c460>,20,13,[7 3],21,-1,48,-1,35
1,<environment.Job instance at 0x7f39f398c640>,24,24,[ 5 13],25,-1,59,-1,35
1,<environment.Job instance at 0x7f39f35e8c30>,14,14,[13  3],15,-1,50,-1,36
1,<environment.Job instance at 0x7f39f398c730>,25,25,[7 5],26,-1,62,-1,37
1,<environment.Job instance at 0x7f39f398c7d0>,26,19,[2 7],27,-1,56,-1,37
1,<environment.Job instance at 0x7f39f398c960>,29,19,[14  4],30,-1,56,-1,37
1,<environment.Job instance at 0x7f39f398caa0>,31,13,[5 5],32,-1,52,-1,39
1,<environment.Job instance at 0x7f39f398c8c0>,28,18,[ 1 14],29,-1,57,-1,39
1,<environment.Job instance at 0x7f39f398cbe0>,33,17,[2 7],34,-1,56,-1,39
1,<environment.Job instance at 0x7f39f398ca00>,30,14,[14  2],31,-1,54,-1,40
1,<environment.Job instance at 0x7f39f398cd20>,34,14,[2 7],35,-1,54,-1,40
1,<environment.Job instance at 0x7f39f398cdc0>,36,27,[8 2],37,-1,69,-1,42
1,<environment.Job instance at 0x7f39f398cf50>,38,18,[5 8],39,-1,67,-1,49
1,<environment.Job instance at 0x7f39f39755f0>,47,27,[13  4],48,-1,95,-1,68
1,<environment.Job instance at 0x7f39f3975500>,48,17,[13  4],49,-1,85,-1,68
1,<environment.Job instance at 0x7f39f2c21780>,0,14,[ 5 13],1,-1,15,-1,1
1,<environment.Job instance at 0x7f39f2c21eb0>,1,24,[14  5],2,-1,26,-1,2
1,<environment.Job instance at 0x7f39f2c21a00>,2,12,[ 4 11],3,-1,15,-1,3
1,<environment.Job instance at 0x7f39f2c21960>,4,14,[ 1 13],5,-1,19,-1,5
1,<environment.Job instance at 0x7f39f2c21a50>,6,25,[5 3],7,-1,47,-1,22
1,<environment.Job instance at 0x7f39f2c218c0>,12,20,[ 3 11],13,-1,42,-1,22
1,<environment.Job instance at 0x7f39f2c21be0>,14,14,[13  3],15,-1,36,-1,22
1,<environment.Job instance at 0x7f39f2c21230>,9,27,[4 8],10,-1,56,-1,29
1,<environment.Job instance at 0x7f39f2bf1be0>,19,15,[ 5 14],20,-1,49,-1,34
1,<environment.Job instance at 0x7f39f2bf1aa0>,24,24,[ 5 13],25,-1,80,-1,56
1,<environment.Job instance at 0x7f39f2bf1910>,25,25,[7 5],26,-1,87,-1,62
1,<environment.Job instance at 0x7f39f2bf13c0>,27,3,[ 5 13],28,-1,65,-1,62
1,<environment.Job instance at 0x7f39f2bf1140>,28,18,[ 1 14],29,-1,80,-1,62
1,<environment.Job instance at 0x7f39f2bf1320>,29,19,[14  4],30,-1,81,-1,62
1,<environment.Job instance at 0x7f39f2bf11e0>,30,14,[14  2],31,-1,76,-1,62
1,<environment.Job instance at 0x7f39f356c640>,0,18,[4 9],1,-1,19,-1,1
1,<environment.Job instance at 0x7f39f356cfa0>,2,18,[10  5],3,-1,22,-1,4
1,<environment.Job instance at 0x7f39f356ca50>,5,13,[10  1],6,-1,19,-1,6
1,<environment.Job instance at 0x7f39f356cb90>,7,24,[1 9],8,-1,32,-1,8
1,<environment.Job instance at 0x7f39f356cb40>,8,14,[6 5],9,-1,23,-1,9
1,<environment.Job instance at 0x7f39f356ca00>,9,12,[9 3],10,-1,22,-1,10
1,<environment.Job instance at 0x7f39f323cf00>,23,24,[8 2],24,-1,56,-1,32
1,<environment.Job instance at 0x7f39f323cfa0>,24,16,[2 8],25,-1,49,-1,33
1,<environment.Job instance at 0x7f39f323c320>,15,17,[5 6],16,-1,55,-1,38
1,<environment.Job instance at 0x7f39f2b86fa0>,1,27,[10  1],2,-1,29,-1,2
1,<environment.Job instance at 0x7f39f39754b0>,3,13,[ 5 11],4,-1,17,-1,4
1,<environment.Job instance at 0x7f39fc9328c0>,4,27,[12  2],5,-1,32,-1,5
1,<environment.Job instance at 0x7f39fc932e10>,7,24,[1 9],8,-1,43,-1,19
1,<environment.Job instance at 0x7f3a17e49500>,10,27,[ 1 14],11,-1,46,-1,19
1,<environment.Job instance at 0x7f39f2cd4780>,11,12,[12  1],12,-1,31,-1,19
1,<environment.Job instance at 0x7f39fc932140>,14,23,[3 6],15,-1,44,-1,21
1,<environment.Job instance at 0x7f39f2f72aa0>,16,27,[7 1],17,-1,48,-1,21
1,<environment.Job instance at 0x7f39f2f6d280>,18,2,[ 3 13],19,-1,23,-1,21
1,<environment.Job instance at 0x7f39f2f72780>,17,26,[ 3 10],18,-1,50,-1,24
1,<environment.Job instance at 0x7f39f2bf1780>,23,24,[8 2],24,-1,57,-1,33
1,<environment.Job instance at 0x7f39f2bf1690>,22,26,[7 3],23,-1,59,-1,33
1,<environment.Job instance at 0x7f39f2bf1910>,25,12,[11  1],26,-1,45,-1,33
1,<environment.Job instance at 0x7f39f2bf1aa0>,26,17,[11  3],27,-1,50,-1,33
1,<environment.Job instance at 0x7f39f2bf1190>,27,16,[12  1],28,-1,49,-1,33
1,<environment.Job instance at 0x7f39f2bf1410>,28,15,[ 4 13],29,-1,48,-1,33
1,<environment.Job instance at 0x7f39f2bf19b0>,29,28,[13  1],30,-1,61,-1,33
1,<environment.Job instance at 0x7f39f2bf1870>,30,24,[4 7],31,-1,57,-1,33
1,<environment.Job instance at 0x7f39f2bf18c0>,32,26,[7 3],33,-1,65,-1,39
1,<environment.Job instance at 0x7f39f2c21690>,38,24,[2 6],39,-1,95,-1,71
1,<environment.Job instance at 0x7f39f2c218c0>,39,13,[ 5 12],40,-1,84,-1,71
1,<environment.Job instance at 0x7f39f2c21c30>,40,20,[ 2 11],41,-1,91,-1,71
1,<environment.Job instance at 0x7f39f26baaf0>,5,18,[ 4 11],6,-1,26,-1,8
1,<environment.Job instance at 0x7f39f26ba8c0>,10,18,[ 2 10],11,-1,29,-1,11
1,<environment.Job instance at 0x7f3a177f8230>,6,18,[ 3 12],7,-1,34,-1,16
1,<environment.Job instance at 0x7f39f26ba0f0>,12,24,[12  4],13,-1,41,-1,17
1,<environment.Job instance at 0x7f39f3ba5b40>,16,13,[5 8],17,-1,30,-1,17
1,<environment.Job instance at 0x7f39f26bab90>,13,13,[10  2],14,-1,34,-1,21
1,<environment.Job instance at 0x7f39f3ba5190>,18,27,[12  2],19,-1,48,-1,21
1,<environment.Job instance at 0x7f39f26ba3c0>,15,17,[2 5],16,-1,39,-1,22
1,<environment.Job instance at 0x7f39fc392050>,2,14,[11  4],3,-1,17,-1,3
1,<environment.Job instance at 0x7f39fc392b40>,3,14,[14  5],4,-1,18,-1,4
1,<environment.Job instance at 0x7f39fc392d20>,5,18,[ 4 11],6,-1,24,-1,6
1,<environment.Job instance at 0x7f39f336a5f0>,6,18,[ 3 12],7,-1,25,-1,7
1,<environment.Job instance at 0x7f39f2c19320>,8,24,[13  4],9,-1,33,-1,9
1,<environment.Job instance at 0x7f39f2c19640>,9,19,[ 2 13],10,-1,29,-1,10
1,<environment.Job instance at 0x7f39f3435be0>,12,24,[12  4],13,-1,37,-1,13
1,<environment.Job instance at 0x7f39f3953500>,18,27,[12  2],19,-1,72,-1,45
1,<environment.Job instance at 0x7f39f30a7d70>,20,2,[12  2],21,-1,47,-1,45
1,<environment.Job instance at 0x7f39f2f919b0>,23,21,[12  2],24,-1,69,-1,48
1,<environment.Job instance at 0x7f39f2f91a50>,24,25,[6 2],25,-1,84,-1,59
1,<environment.Job instance at 0x7f39f30a7d20>,22,26,[9 4],23,-1,85,-1,59
1,<environment.Job instance at 0x7f39f2935c80>,29,14,[ 5 13],30,-1,74,-1,60
1,<environment.Job instance at 0x7f39f2935be0>,31,22,[ 4 13],32,-1,85,-1,63
1,<environment.Job instance at 0x7f39f325b820>,2,19,[10  1],3,-1,25,-1,6
1,<environment.Job instance at 0x7f39f286a140>,5,14,[9 2],6,-1,20,-1,6
1,<environment.Job instance at 0x7f39f286a8c0>,7,16,[9 1],8,-1,25,-1,9
1,<environment.Job instance at 0x7f39f286a550>,12,14,[5 2],13,-1,27,-1,13
1,<environment.Job instance at 0x7f39f32e1fa0>,14,17,[2 6],15,-1,32,-1,15
1,<environment.Job instance at 0x7f39f32e1190>,15,17,[5 4],16,-1,33,-1,16
1,<environment.Job instance at 0x7f39f32e1e60>,16,26,[7 1],17,-1,43,-1,17
1,<environment.Job instance at 0x7f39f32e1960>,17,22,[8 3],18,-1,40,-1,18
1,<environment.Job instance at 0x7f39f32e11e0>,18,15,[5 5],19,-1,34,-1,19
1,<environment.Job instance at 0x7f39f32e1c80>,19,17,[8 2],20,-1,37,-1,20
1,<environment.Job instance at 0x7f39f32e1460>,21,21,[6 2],22,-1,43,-1,22
1,<environment.Job instance at 0x7f39f3b13280>,23,27,[9 5],24,-1,51,-1,24
1,<environment.Job instance at 0x7f39f3b13d70>,26,23,[5 9],27,-1,50,-1,27
1,<environment.Job instance at 0x7f39f3c44370>,1,20,[ 3 12],2,-1,22,-1,2
1,<environment.Job instance at 0x7f39f36b6dc0>,4,3,[13  1],5,-1,8,-1,5
1,<environment.Job instance at 0x7f39f2605230>,6,19,[13  1],7,-1,26,-1,7
1,<environment.Job instance at 0x7f39f3189b90>,8,28,[4 5],9,-1,46,-1,18
1,<environment.Job instance at 0x7f39f3d15230>,16,26,[7 1],17,-1,59,-1,33
1,<environment.Job instance at 0x7f39fc862f50>,20,3,[ 2 12],21,-1,36,-1,33
1,<environment.Job instance at 0x7f39fc862fa0>,22,18,[14  5],23,-1,53,-1,35
1,<environment.Job instance at 0x7f39f2935b90>,24,14,[ 3 12],25,-1,49,-1,35
1,<environment.Job instance at 0x7f39f2935730>,23,27,[9 5],24,-1,75,-1,48
1,<environment.Job instance at 0x7f39f2f91050>,26,23,[5 9],27,-1,71,-1,48
1,<environment.Job instance at 0x7f39f2f919b0>,27,16,[ 5 13],28,-1,64,-1,48
1,<environment.Job instance at 0x7f39f2f91690>,28,22,[ 2 14],29,-1,70,-1,48
1,<environment.Job instance at 0x7f39f3435a50>,31,24,[12  4],32,-1,76,-1,52
1,<environment.Job instance at 0x7f39f2e267d0>,0,18,[9 1],1,-1,21,-1,3
1,<environment.Job instance at 0x7f39f2fcb780>,5,20,[3 9],6,-1,26,-1,6
1,<environment.Job instance at 0x7f39f2915fa0>,8,19,[6 5],9,-1,35,-1,16
1,<environment.Job instance at 0x7f39fc6ffaa0>,16,18,[ 1 10],17,-1,35,-1,17
1,<environment.Job instance at 0x7f39f2915640>,14,16,[10  3],15,-1,38,-1,22
1,<environment.Job instance at 0x7f39f29d9f00>,18,18,[5 9],19,-1,40,-1,22
1,<environment.Job instance at 0x7f39f355d3c0>,1,3,[ 1 13],2,-1,5,-1,2
1,<environment.Job instance at 0x7f39f355d190>,3,14,[ 1 12],4,-1,18,-1,4
1,<environment.Job instance at 0x7f39f355d370>,4,15,[ 4 14],5,-1,20,-1,5
1,<environment.Job instance at 0x7f39f2fa4500>,6,28,[ 4 14],7,-1,35,-1,7
1,<environment.Job instance at 0x7f39f355dd20>,7,21,[ 5 12],8,-1,29,-1,8
1,<environment.Job instance at 0x7f39f3465be0>,11,27,[3 8],12,-1,44,-1,17
1,<environment.Job instance at 0x7f39f325ba00>,19,27,[10  4],20,-1,47,-1,20
1,<environment.Job instance at 0x7f39f286af50>,21,27,[ 1 14],22,-1,49,-1,22
1,<environment.Job instance at 0x7f39f2c19640>,23,15,[11  1],24,-1,39,-1,24
1,<environment.Job instance at 0x7f39f2c19320>,24,3,[ 3 13],25,-1,28,-1,25
1,<environment.Job instance at 0x7f39fc392050>,26,21,[ 4 14],27,-1,48,-1,27
1,<environment.Job instance at 0x7f39f2f91a50>,30,18,[ 2 11],31,-1,56,-1,38
1,<environment.Job instance at 0x7f39f27e4820>,31,17,[11  4],32,-1,55,-1,38
1,<environment.Job instance at 0x7f39f27e4870>,32,14,[ 4 14],33,-1,52,-1,38
1,<environment.Job instance at 0x7f39fc862f00>,33,28,[12  5],34,-1,66,-1,38
1,<environment.Job instance at 0x7f39fc862f50>,34,13,[12  5],35,-1,51,-1,38
1,<environment.Job instance at 0x7f39fc862fa0>,35,12,[11  5],36,-1,50,-1,38
1,<environment.Job instance at 0x7f39f3d15a00>,40,14,[ 4 11],41,-1,69,-1,55
1,<environment.Job instance at 0x7f39f3d15500>,41,18,[ 3 12],42,-1,73,-1,55
1,<environment.Job instance at 0x7f39f3d15280>,43,26,[8 5],44,-1,84,-1,58
1,<environment.Job instance at 0x7f39f36b6dc0>,45,18,[13  1],46,-1,76,-1,58
1,<environment.Job instance at 0x7f39fc587af0>,48,24,[8 5],49,-1,103,-1,79
1,<environment.Job instance at 0x7f39f2bdf050>,1,17,[1 8],2,-1,19,-1,2
1,<environment.Job instance at 0x7f39f2bdfd70>,3,26,[3 6],4,-1,30,-1,4
1,<environment.Job instance at 0x7f39f2bdf910>,6,23,[4 9],7,-1,30,-1,7
1,<environment.Job instance at 0x7f39f2b9f050>,7,24,[5 2],8,-1,32,-1,8
1,<environment.Job instance at 0x7f39f2b9f460>,8,21,[1 5],9,-1,30,-1,9
1,<environment.Job instance at 0x7f39f2b9fa50>,10,25,[2 9],11,-1,36,-1,11
1,<environment.Job instance at 0x7f39f2b9f0f0>,11,19,[9 3],12,-1,31,-1,12
1,<environment.Job instance at 0x7f39f2a9ca00>,13,22,[4 8],14,-1,36,-1,14
1,<environment.Job instance at 0x7f39f2a9ceb0>,14,12,[9 1],15,-1,29,-1,17
1,<environment.Job instance at 0x7f39f2a9c230>,17,16,[ 2 10],18,-1,34,-1,18
1,<environment.Job instance at 0x7f39f29cf8c0>,21,21,[4 8],22,-1,43,-1,22
1,<environment.Job instance at 0x7f39f3067730>,33,27,[8 5],34,-1,88,-1,61
1,<environment.Job instance at 0x7f39f2a9c050>,19,21,[ 3 13],20,-1,82,-1,61
1,<environment.Job instance at 0x7f39f3815690>,3,26,[3 6],4,-1,43,-1,17
1,<environment.Job instance at 0x7f39f3b575f0>,9,17,[ 1 14],10,-1,34,-1,17
1,<environment.Job instance at 0x7f39f3b7a460>,7,24,[5 2],8,-1,41,-1,17
1,<environment.Job instance at 0x7f39f3b57c80>,10,25,[2 9],11,-1,44,-1,19
1,<environment.Job instance at 0x7f39f3b7ac80>,6,23,[4 9],7,-1,42,-1,19
1,<environment.Job instance at 0x7f39f3b6eb40>,18,27,[ 3 11],19,-1,46,-1,19
1,<environment.Job instance at 0x7f39f3b53cd0>,19,21,[ 3 13],20,-1,41,-1,20
1,<environment.Job instance at 0x7f39f3b85f50>,22,13,[14  2],23,-1,45,-1,32
1,<environment.Job instance at 0x7f39f3b85500>,23,16,[ 4 14],24,-1,48,-1,32
1,<environment.Job instance at 0x7f39f3b79690>,25,14,[13  3],26,-1,46,-1,32
1,<environment.Job instance at 0x7f39f3b739b0>,28,17,[ 3 11],29,-1,67,-1,50
1,<environment.Job instance at 0x7f39f2e600a0>,32,27,[1 6],33,-1,79,-1,52
1,<environment.Job instance at 0x7f39f2e60140>,33,27,[8 5],34,-1,82,-1,55
1,<environment.Job instance at 0x7f39f2e60a50>,36,13,[ 3 14],37,-1,68,-1,55
1,<environment.Job instance at 0x7f39f2e3ef00>,40,27,[5 2],41,-1,97,-1,70
1,<environment.Job instance at 0x7f39f2e3eb40>,41,13,[13  5],42,-1,83,-1,70
1,<environment.Job instance at 0x7f39f2e3e500>,42,17,[13  3],43,-1,87,-1,70
1,<environment.Job instance at 0x7f39f2e40be0>,43,26,[10  5],44,-1,105,-1,79
1,<environment.Job instance at 0x7f39f2e40a50>,45,2,[ 2 12],46,-1,81,-1,79
1,<environment.Job instance at 0x7f39f2e317d0>,47,17,[11  4],48,-1,96,-1,79
1,<environment.Job instance at 0x7f39f3b0c870>,0,25,[8 2],1,-1,26,-1,1
1,<environment.Job instance at 0x7f39f3b0cbe0>,4,18,[3 5],5,-1,23,-1,5
1,<environment.Job instance at 0x7f39f3b0c730>,6,18,[6 4],7,-1,26,-1,8
1,<environment.Job instance at 0x7f39f288cdc0>,7,19,[9 2],8,-1,27,-1,8
1,<environment.Job instance at 0x7f39f3b0ceb0>,9,14,[9 1],10,-1,25,-1,11
1,<environment.Job instance at 0x7f39f3b0c0a0>,11,25,[9 5],12,-1,37,-1,12
1,<environment.Job instance at 0x7f39f3b0c050>,12,18,[5 6],13,-1,31,-1,13
1,<environment.Job instance at 0x7f39f2c3f690>,13,18,[2 7],14,-1,32,-1,14
1,<environment.Job instance at 0x7f39f2c3f960>,16,17,[2 7],17,-1,34,-1,17
1,<environment.Job instance at 0x7f39f2c3f730>,17,21,[4 5],18,-1,39,-1,18
1,<environment.Job instance at 0x7f39f2c3f410>,18,21,[1 9],19,-1,40,-1,19
1,<environment.Job instance at 0x7f39f2c3f280>,19,24,[7 4],20,-1,44,-1,20
1,<environment.Job instance at 0x7f39f2c3faf0>,20,18,[1 9],21,-1,39,-1,21
1,<environment.Job instance at 0x7f39f2c3f820>,21,14,[1 6],22,-1,36,-1,22
1,<environment.Job instance at 0x7f39f2c3f050>,22,17,[9 4],23,-1,40,-1,23
1,<environment.Job instance at 0x7f39f2c3f2d0>,23,17,[6 1],24,-1,41,-1,24
1,<environment.Job instance at 0x7f39f2c3f140>,26,19,[2 9],27,-1,46,-1,27
1,<environment.Job instance at 0x7f39f3b0cc30>,29,17,[9 2],30,-1,49,-1,32
1,<environment.Job instance at 0x7f39f3b0cf00>,10,28,[ 3 10],11,-1,66,-1,38
1,<environment.Job instance at 0x7f39f31be1e0>,37,17,[5 9],38,-1,56,-1,39
1,<environment.Job instance at 0x7f39f2a9ae60>,0,25,[8 2],1,-1,26,-1,1
1,<environment.Job instance at 0x7f39f2a9a280>,2,14,[ 2 12],3,-1,17,-1,3
1,<environment.Job instance at 0x7f39f28a29b0>,8,20,[ 1 13],9,-1,29,-1,9
1,<environment.Job instance at 0x7f39f2c2a690>,11,25,[9 5],12,-1,59,-1,34
1,<environment.Job instance at 0x7f39f28de960>,19,24,[7 4],20,-1,87,-1,63
1,<environment.Job instance at 0x7f39f3b445f0>,24,17,[ 3 13],25,-1,80,-1,63
1,<environment.Job instance at 0x7f39f25fe1e0>,25,14,[14  2],26,-1,77,-1,63
1,<environment.Job instance at 0x7f39f28d7fa0>,28,2,[ 5 11],29,-1,65,-1,63
1,<environment.Job instance at 0x7f39f25fe550>,3,24,[7 4],4,-1,28,-1,4
1,<environment.Job instance at 0x7f39f306f410>,4,19,[6 3],5,-1,24,-1,5
1,<environment.Job instance at 0x7f39f3077d70>,9,18,[9 1],10,-1,29,-1,11
1,<environment.Job instance at 0x7f39f2ce9050>,10,17,[14  4],11,-1,28,-1,11
1,<environment.Job instance at 0x7f39f30efa00>,14,25,[4 7],15,-1,40,-1,15
1,<environment.Job instance at 0x7f39f30ef870>,15,18,[2 9],16,-1,34,-1,16
1,<environment.Job instance at 0x7f39f346db40>,26,22,[5 3],27,-1,50,-1,28
1,<environment.Job instance at 0x7f39f3cb3690>,1,2,[ 5 12],2,-1,4,-1,2
1,<environment.Job instance at 0x7f39f2d048c0>,3,24,[7 4],4,-1,30,-1,6
1,<environment.Job instance at 0x7f39f310d5f0>,6,12,[12  3],7,-1,19,-1,7
1,<environment.Job instance at 0x7f39f3430d70>,10,17,[14  4],11,-1,28,-1,11
1,<environment.Job instance at 0x7f39f3430c80>,7,27,[6 5],8,-1,42,-1,15
1,<environment.Job instance at 0x7f39f3ca3050>,13,16,[ 1 13],14,-1,31,-1,15
1,<environment.Job instance at 0x7f39f2d06820>,14,25,[4 7],15,-1,40,-1,15
1,<environment.Job instance at 0x7f39f2d067d0>,16,12,[13  5],17,-1,29,-1,17
1,<environment.Job instance at 0x7f39f2d06280>,17,22,[14  4],18,-1,40,-1,18
1,<environment.Job instance at 0x7f39f2cf6c80>,18,27,[5 3],19,-1,53,-1,26
1,<environment.Job instance at 0x7f39f309ffa0>,22,26,[3 7],23,-1,58,-1,32
1,<environment.Job instance at 0x7f39f2ce9cd0>,24,1,[ 4 11],25,-1,33,-1,32
1,<environment.Job instance at 0x7f39f3cc7d70>,28,14,[13  1],29,-1,47,-1,33
1,<environment.Job instance at 0x7f39f352d460>,30,26,[5 1],31,-1,73,-1,47
1,<environment.Job instance at 0x7f39f299a6e0>,32,27,[7 3],33,-1,85,-1,58
1,<environment.Job instance at 0x7f39f2bdf320>,33,28,[13  1],34,-1,86,-1,58
1,<environment.Job instance at 0x7f39f28a2550>,34,25,[3 8],35,-1,83,-1,58
1,<environment.Job instance at 0x7f39f3098190>,38,24,[7 5],39,-1,103,-1,79
1,<environment.Job instance at 0x7f39f3098050>,39,22,[11  1],40,-1,101,-1,79
1,<environment.Job instance at 0x7f39f3098c30>,40,14,[ 2 13],41,-1,93,-1,79
1,<environment.Job instance at 0x7f39f3098550>,43,28,[ 5 11],44,-1,107,-1,79
1,<environment.Job instance at 0x7f39f37905f0>,0,17,[2 6],1,-1,18,-1,1
1,<environment.Job instance at 0x7f39f3790960>,1,28,[7 3],2,-1,30,-1,2
1,<environment.Job instance at 0x7f39f248e8c0>,2,19,[1 7],3,-1,22,-1,3
1,<environment.Job instance at 0x7f39f248edc0>,9,17,[11  4],10,-1,33,-1,16
1,<environment.Job instance at 0x7f39f248eeb0>,10,15,[9 4],11,-1,33,-1,18
1,<environment.Job instance at 0x7f39f248ed20>,12,23,[9 2],13,-1,41,-1,18
1,<environment.Job instance at 0x7f39f248ec80>,8,20,[ 4 13],9,-1,43,-1,23
1,<environment.Job instance at 0x7f39f24a46e0>,20,21,[3 9],21,-1,44,-1,23
1,<environment.Job instance at 0x7f39f24a4c80>,26,16,[8 3],27,-1,47,-1,31
1,<environment.Job instance at 0x7f39f24a4fa0>,30,26,[8 3],31,-1,57,-1,31
1,<environment.Job instance at 0x7f39f24a4e60>,29,12,[11  4],30,-1,47,-1,35
1,<environment.Job instance at 0x7f39f24a4320>,19,27,[ 1 14],20,-1,63,-1,36
1,<environment.Job instance at 0x7f39f24a4d20>,31,17,[5 5],32,-1,53,-1,36
1,<environment.Job instance at 0x7f39f2469190>,33,17,[3 8],34,-1,53,-1,36
1,<environment.Job instance at 0x7f39f24a4dc0>,28,26,[14  5],29,-1,62,-1,36
1,<environment.Job instance at 0x7f39f2469320>,35,16,[3 7],36,-1,53,-1,37
1,<environment.Job instance at 0x7f39f3067c30>,1,28,[7 3],2,-1,30,-1,2
1,<environment.Job instance at 0x7f39f3067500>,5,18,[ 2 11],6,-1,24,-1,6
1,<environment.Job instance at 0x7f39f3067d20>,8,20,[ 4 13],9,-1,29,-1,9
1,<environment.Job instance at 0x7f39f3067640>,9,17,[11  4],10,-1,27,-1,10
1,<environment.Job instance at 0x7f39f30677d0>,3,25,[1 5],4,-1,43,-1,18
1,<environment.Job instance at 0x7f39f3067f50>,12,23,[9 2],13,-1,43,-1,20
1,<environment.Job instance at 0x7f39f3067730>,4,25,[ 3 10],5,-1,63,-1,38
1,<environment.Job instance at 0x7f39f3b52be0>,19,27,[ 1 14],20,-1,65,-1,38
1,<environment.Job instance at 0x7f39f3098eb0>,23,22,[12  2],24,-1,62,-1,40
1,<environment.Job instance at 0x7f39f3098140>,24,27,[7 4],25,-1,68,-1,41
1,<environment.Job instance at 0x7f39f30985f0>,28,26,[14  5],29,-1,70,-1,44
1,<environment.Job instance at 0x7f39f3098550>,29,12,[11  4],30,-1,56,-1,44
1,<environment.Job instance at 0x7f39f3098af0>,30,26,[8 3],31,-1,85,-1,59
1,<environment.Job instance at 0x7f39f3098190>,34,18,[14  4],35,-1,77,-1,59
1,<environment.Job instance at 0x7f39f29d71e0>,6,21,[9 5],7,-1,29,-1,8
1,<environment.Job instance at 0x7f39f29d7c30>,8,18,[4 5],9,-1,27,-1,9
1,<environment.Job instance at 0x7f39f29d7f00>,20,23,[6 2],21,-1,44,-1,21
1,<environment.Job instance at 0x7f39f29d7f50>,21,22,[1 9],22,-1,44,-1,22
1,<environment.Job instance at 0x7f39f25fa910>,0,15,[ 3 14],1,-1,16,-1,1
1,<environment.Job instance at 0x7f39f25fa780>,1,18,[13  2],2,-1,20,-1,2
1,<environment.Job instance at 0x7f39f37f8190>,2,1,[12  5],3,-1,4,-1,3
1,<environment.Job instance at 0x7f39f310d5f0>,7,12,[ 4 14],8,-1,20,-1,8
1,<environment.Job instance at 0x7f39f248d460>,9,18,[14  1],10,-1,28,-1,10
1,<environment.Job instance at 0x7f39f248d5a0>,11,15,[12  1],12,-1,27,-1,12
1,<environment.Job instance at 0x7f39f29b25a0>,12,13,[ 5 12],13,-1,26,-1,13
1,<environment.Job instance at 0x7f39f2491280>,17,28,[9 4],18,-1,55,-1,27
1,<environment.Job instance at 0x7f39f2491550>,19,1,[ 3 13],20,-1,28,-1,27
1,<environment.Job instance at 0x7f39f2bd3b40>,20,23,[6 2],21,-1,52,-1,29
1,<environment.Job instance at 0x7f39f2bd3c80>,24,24,[3 9],25,-1,60,-1,36
1,<environment.Job instance at 0x7f39f2bd3d70>,25,18,[ 3 12],26,-1,54,-1,36
1,<environment.Job instance at 0x7f39f2bd3140>,26,18,[13  3],27,-1,54,-1,36
1,<environment.Job instance at 0x7f39f2bd39b0>,30,24,[7 4],31,-1,69,-1,45
1,<environment.Job instance at 0x7f39f2bd3550>,31,19,[ 5 13],32,-1,64,-1,45
1,<environment.Job instance at 0x7f39f2bd3dc0>,23,24,[10  4],24,-1,69,-1,45
1,<environment.Job instance at 0x7f39f2814780>,3,16,[4 8],4,-1,21,-1,5
1,<environment.Job instance at 0x7f3a177f8230>,4,18,[11  1],5,-1,23,-1,5
1,<environment.Job instance at 0x7f39f2814460>,5,18,[10  3],6,-1,25,-1,7
1,<environment.Job instance at 0x7f39f2814c30>,6,24,[3 8],7,-1,32,-1,8
1,<environment.Job instance at 0x7f39f2814f50>,9,18,[7 4],10,-1,31,-1,13
1,<environment.Job instance at 0x7f39f2814500>,12,21,[10  1],13,-1,34,-1,13
1,<environment.Job instance at 0x7f39f2bcc690>,0,3,[11  5],1,-1,4,-1,1
1,<environment.Job instance at 0x7f39f2bccb90>,1,3,[ 4 14],2,-1,5,-1,2
1,<environment.Job instance at 0x7f39f2bcc190>,2,28,[ 4 11],3,-1,31,-1,3
1,<environment.Job instance at 0x7f39f2bcce60>,4,18,[11  1],5,-1,23,-1,5
1,<environment.Job instance at 0x7f39f2bccdc0>,6,24,[3 8],7,-1,44,-1,20
1,<environment.Job instance at 0x7f39f2bcc960>,8,27,[3 6],9,-1,47,-1,20
1,<environment.Job instance at 0x7f39f2bb30a0>,15,16,[11  1],16,-1,40,-1,24
1,<environment.Job instance at 0x7f39f2bb3500>,16,16,[ 1 12],17,-1,40,-1,24
1,<environment.Job instance at 0x7f39f2bb3960>,17,28,[10  5],18,-1,52,-1,24
1,<environment.Job instance at 0x7f39f2bb3460>,18,25,[8 4],19,-1,49,-1,24
1,<environment.Job instance at 0x7f39f2bb3820>,14,27,[4 5],15,-1,51,-1,24
1,<environment.Job instance at 0x7f39f2bd3910>,20,18,[13  1],21,-1,42,-1,24
1,<environment.Job instance at 0x7f39f2bd3550>,22,14,[ 1 14],23,-1,38,-1,24
1,<environment.Job instance at 0x7f39f2bd3140>,25,25,[8 3],26,-1,64,-1,39
1,<environment.Job instance at 0x7f39f2bd3b90>,28,24,[11  1],29,-1,65,-1,41
1,<environment.Job instance at 0x7f39f2bd3e10>,31,25,[5 7],32,-1,73,-1,48
1,<environment.Job instance at 0x7f39f2bd30f0>,33,18,[11  2],34,-1,66,-1,48
1,<environment.Job instance at 0x7f39f29d70f0>,36,14,[12  3],37,-1,67,-1,53
1,<environment.Job instance at 0x7f39f310d140>,39,28,[4 5],40,-1,106,-1,78
1,<environment.Job instance at 0x7f39f324fe10>,4,15,[8 2],5,-1,20,-1,5
1,<environment.Job instance at 0x7f39f324f0a0>,6,22,[5 6],7,-1,29,-1,7
1,<environment.Job instance at 0x7f39f2bcc140>,7,18,[1 6],8,-1,26,-1,8
1,<environment.Job instance at 0x7f39f324c8c0>,9,12,[5 9],10,-1,22,-1,10
1,<environment.Job instance at 0x7f39f324c7d0>,10,16,[1 8],11,-1,27,-1,11
1,<environment.Job instance at 0x7f39f324cf50>,11,19,[9 3],12,-1,31,-1,12
1,<environment.Job instance at 0x7f39f324cc30>,13,20,[1 5],14,-1,35,-1,15
1,<environment.Job instance at 0x7f39f324ceb0>,15,20,[2 8],16,-1,36,-1,16
1,<environment.Job instance at 0x7f39f324c140>,17,19,[5 5],18,-1,37,-1,18
1,<environment.Job instance at 0x7f39f24a6eb0>,19,18,[8 1],20,-1,38,-1,20
1,<environment.Job instance at 0x7f39f326d050>,26,19,[13  5],27,-1,71,-1,52
1,<environment.Job instance at 0x7f39f250eeb0>,27,16,[10  3],28,-1,68,-1,52
1,<environment.Job instance at 0x7f39f324f410>,14,14,[ 1 14],15,-1,72,-1,58
1,<environment.Job instance at 0x7f39f324ce10>,12,21,[12  2],13,-1,79,-1,58
1,<environment.Job instance at 0x7f39f32630f0>,20,13,[12  5],21,-1,71,-1,58
1,<environment.Job instance at 0x7f39f326d0f0>,25,14,[14  2],26,-1,72,-1,58
1,<environment.Job instance at 0x7f39f277e820>,35,20,[3 6],36,-1,78,-1,58
1,<environment.Job instance at 0x7f39f277eb40>,38,16,[ 3 10],39,-1,76,-1,60
1,<environment.Job instance at 0x7f39f2751f50>,34,25,[ 4 11],35,-1,85,-1,60
1,<environment.Job instance at 0x7f39f277e500>,36,26,[13  2],37,-1,86,-1,60
1,<environment.Job instance at 0x7f39f3c1a820>,39,14,[10  5],40,-1,74,-1,60
1,<environment.Job instance at 0x7f39f272c500>,31,26,[5 1],32,-1,86,-1,60
1,<environment.Job instance at 0x7f39f279ff00>,43,19,[ 5 11],44,-1,79,-1,60
1,<environment.Job instance at 0x7f39f251b190>,42,22,[8 5],43,-1,83,-1,61
1,<environment.Job instance at 0x7f39f3c10370>,46,17,[10  3],47,-1,79,-1,62
1,<environment.Job instance at 0x7f39f251b780>,41,12,[11  2],42,-1,74,-1,62
1,<environment.Job instance at 0x7f39f273f410>,44,14,[8 2],45,-1,76,-1,62
1,<environment.Job instance at 0x7f39f3255f00>,51,23,[8 1],52,-1,85,-1,62
1,<environment.Job instance at 0x7f39f27632d0>,52,15,[14  5],53,-1,77,-1,62
1,<environment.Job instance at 0x7f39f2763370>,53,19,[12  4],54,-1,81,-1,62
1,<environment.Job instance at 0x7f39f32552d0>,50,20,[5 4],51,-1,82,-1,62
1,<environment.Job instance at 0x7f39f2763280>,54,19,[11  1],55,-1,81,-1,62
1,<environment.Job instance at 0x7f39f279ecd0>,29,17,[ 1 13],30,-1,81,-1,64
1,<environment.Job instance at 0x7f39f2763c30>,58,22,[4 5],59,-1,86,-1,64
1,<environment.Job instance at 0x7f39f2763a50>,61,27,[ 1 10],62,-1,92,-1,65
1,<environment.Job instance at 0x7f39f3255640>,48,12,[9 4],49,-1,82,-1,70
1,<environment.Job instance at 0x7f39f274b050>,63,17,[ 4 10],64,-1,87,-1,70
1,<environment.Job instance at 0x7f39f33f1e60>,0,23,[9 3],1,-1,24,-1,1
1,<environment.Job instance at 0x7f39f3463820>,5,3,[ 5 14],6,-1,9,-1,6
1,<environment.Job instance at 0x7f39f3463410>,8,25,[10  1],9,-1,41,-1,16
1,<environment.Job instance at 0x7f39f3463b40>,12,21,[12  2],13,-1,37,-1,16
1,<environment.Job instance at 0x7f39f3463370>,14,14,[ 1 14],15,-1,30,-1,16
1,<environment.Job instance at 0x7f39f3463eb0>,16,15,[12  3],17,-1,32,-1,17
1,<environment.Job instance at 0x7f39f3463550>,18,3,[ 5 14],19,-1,29,-1,26
1,<environment.Job instance at 0x7f39f3463f00>,20,13,[12  5],21,-1,39,-1,26
1,<environment.Job instance at 0x7f39f3463910>,21,12,[12  3],22,-1,38,-1,26
1,<environment.Job instance at 0x7f39f2bbbf00>,24,22,[13  3],25,-1,53,-1,31
1,<environment.Job instance at 0x7f39f2a4eb40>,25,14,[14  2],26,-1,45,-1,31
1,<environment.Job instance at 0x7f39f2814050>,26,19,[13  5],27,-1,50,-1,31
1,<environment.Job instance at 0x7f39f29d7c80>,29,17,[ 1 13],30,-1,56,-1,39
1,<environment.Job instance at 0x7f39f29d7870>,30,23,[ 3 11],31,-1,62,-1,39
1,<environment.Job instance at 0x7f39f2bd3820>,31,26,[5 1],32,-1,74,-1,48
1,<environment.Job instance at 0x7f39f2bd30f0>,32,25,[ 1 10],33,-1,80,-1,55
1,<environment.Job instance at 0x7f39f2bd3730>,34,25,[ 4 11],35,-1,80,-1,55
1,<environment.Job instance at 0x7f39f2bd3fa0>,36,26,[13  2],37,-1,82,-1,56
1,<environment.Job instance at 0x7f39f2bd3a50>,37,2,[ 2 13],38,-1,58,-1,56
1,<environment.Job instance at 0x7f39f2bd30a0>,41,12,[11  2],42,-1,85,-1,73
1,<environment.Job instance at 0x7f39f2bd3d20>,43,19,[ 5 11],44,-1,94,-1,75
1,<environment.Job instance at 0x7f39f2bb35f0>,45,1,[ 1 12],46,-1,78,-1,77
1,<environment.Job instance at 0x7f39f2d8ab90>,0,24,[5 6],1,-1,25,-1,1
1,<environment.Job instance at 0x7f39f2d8a4b0>,4,23,[8 5],5,-1,28,-1,5
1,<environment.Job instance at 0x7f39f2d8a370>,9,28,[2 5],10,-1,38,-1,10
1,<environment.Job instance at 0x7f39f39c08c0>,11,22,[9 4],12,-1,34,-1,12
1,<environment.Job instance at 0x7f39f39c0820>,14,14,[3 7],15,-1,29,-1,15
1,<environment.Job instance at 0x7f39f39c0370>,25,24,[10  1],26,-1,55,-1,31
1,<environment.Job instance at 0x7f39f39c0af0>,20,23,[10  4],21,-1,56,-1,33
1,<environment.Job instance at 0x7f39f39c0230>,26,26,[5 8],27,-1,61,-1,35
1,<environment.Job instance at 0x7f39f2d8ac80>,19,16,[5 8],20,-1,51,-1,35
1,<environment.Job instance at 0x7f39f3c3b500>,28,16,[4 6],29,-1,52,-1,36
1,<environment.Job instance at 0x7f39f3c3b0f0>,30,21,[6 4],31,-1,58,-1,37
1,<environment.Job instance at 0x7f39f324f2d0>,0,24,[5 6],1,-1,25,-1,1
1,<environment.Job instance at 0x7f39f324f3c0>,3,17,[ 3 14],4,-1,21,-1,4
1,<environment.Job instance at 0x7f39f2bb30a0>,4,23,[8 5],5,-1,28,-1,5
1,<environment.Job instance at 0x7f39f310d5f0>,9,28,[2 5],10,-1,38,-1,10
1,<environment.Job instance at 0x7f39f2bb3b90>,10,28,[ 2 14],11,-1,39,-1,11
1,<environment.Job instance at 0x7f39f34634b0>,13,24,[10  1],14,-1,41,-1,17
1,<environment.Job instance at 0x7f39f3463910>,15,27,[5 8],16,-1,44,-1,17
1,<environment.Job instance at 0x7f39f3463280>,17,12,[13  5],18,-1,30,-1,18
1,<environment.Job instance at 0x7f39f3463d20>,18,15,[ 5 12],19,-1,34,-1,19
1,<environment.Job instance at 0x7f39f3463320>,20,23,[10  4],21,-1,45,-1,22
1,<environment.Job instance at 0x7f39f34630a0>,26,26,[5 8],27,-1,60,-1,34
1,<environment.Job instance at 0x7f39f39c0870>,29,16,[ 3 14],30,-1,52,-1,36
1,<environment.Job instance at 0x7f39f24f3d70>,32,15,[13  3],33,-1,62,-1,47
1,<environment.Job instance at 0x7f39f2d7dd70>,34,26,[6 2],35,-1,74,-1,48
1,<environment.Job instance at 0x7f39f34630f0>,25,24,[10  1],26,-1,85,-1,61
1,<environment.Job instance at 0x7f39f251b4b0>,37,26,[13  4],38,-1,87,-1,61
1,<environment.Job instance at 0x7f39f251b550>,39,23,[14  1],40,-1,84,-1,61
1,<environment.Job instance at 0x7f39f251b500>,40,14,[ 1 12],41,-1,75,-1,61
1,<environment.Job instance at 0x7f39f251b870>,41,17,[14  4],42,-1,78,-1,61
1,<environment.Job instance at 0x7f39f251b3c0>,45,24,[8 2],46,-1,99,-1,75
1,<environment.Job instance at 0x7f39f251b6e0>,46,27,[ 3 13],47,-1,102,-1,75
1,<environment.Job instance at 0x7f39f39ac370>,47,18,[ 2 12],48,-1,93,-1,75
1,<environment.Job instance at 0x7f39f2d8bf00>,0,16,[8 1],1,-1,18,-1,2
1,<environment.Job instance at 0x7f39f27c0eb0>,2,17,[4 8],3,-1,20,-1,3
1,<environment.Job instance at 0x7f39f27c0f50>,3,18,[5 5],4,-1,22,-1,4
1,<environment.Job instance at 0x7f39f274b140>,1,25,[ 5 10],2,-1,30,-1,5
1,<environment.Job instance at 0x7f39f2773230>,1,25,[ 5 10],2,-1,27,-1,2
1,<environment.Job instance at 0x7f39f27c3a00>,4,17,[ 2 14],5,-1,22,-1,5
1,<environment.Job instance at 0x7f39f39acb40>,5,13,[13  4],6,-1,19,-1,6
1,<environment.Job instance at 0x7f39f39acaa0>,6,3,[12  2],7,-1,10,-1,7
1,<environment.Job instance at 0x7f39f39acbe0>,10,1,[ 1 13],11,-1,12,-1,11
1,<environment.Job instance at 0x7f39f39ac410>,12,12,[12  3],13,-1,25,-1,13
1,<environment.Job instance at 0x7f39f39ac0a0>,17,13,[11  2],18,-1,43,-1,30
1,<environment.Job instance at 0x7f39f39ac870>,19,13,[12  4],20,-1,44,-1,31
1,<environment.Job instance at 0x7f39f39ac820>,20,24,[12  2],21,-1,55,-1,31
1,<environment.Job instance at 0x7f39f39ac460>,21,12,[ 2 12],22,-1,43,-1,31
1,<environment.Job instance at 0x7f39f39c0190>,30,14,[ 4 13],31,-1,68,-1,54
1,<environment.Job instance at 0x7f1abf484b90>,2,14,[ 2 10],3,-1,18,-1,4
1,<environment.Job instance at 0x7f1ac8ace8c0>,3,22,[2 5],4,-1,26,-1,4
1,<environment.Job instance at 0x7f1abf488640>,18,26,[7 4],19,-1,70,-1,44
1,<environment.Job instance at 0x7f1abf488460>,13,18,[5 9],14,-1,62,-1,44
1,<environment.Job instance at 0x7f1abf484960>,6,15,[ 2 14],7,-1,22,-1,7
1,<environment.Job instance at 0x7f1abf4932d0>,8,2,[ 1 14],9,-1,11,-1,9
1,<environment.Job instance at 0x7f1abf493320>,7,26,[9 3],8,-1,44,-1,18
1,<environment.Job instance at 0x7f1abf4934b0>,12,23,[12  4],13,-1,41,-1,18
1,<environment.Job instance at 0x7f1abf493af0>,18,26,[7 4],19,-1,56,-1,30
1,<environment.Job instance at 0x7f1abf493870>,19,25,[5 9],20,-1,66,-1,41
1,<environment.Job instance at 0x7f1abf4cfa50>,23,16,[12  2],24,-1,57,-1,41
1,<environment.Job instance at 0x7f1abf625140>,28,17,[ 1 13],29,-1,65,-1,48
1,<environment.Job instance at 0x7f1abf47ca00>,29,24,[4 7],30,-1,75,-1,51
1,<environment.Job instance at 0x7f1abf47c8c0>,30,26,[9 4],31,-1,77,-1,51
1,<environment.Job instance at 0x7f1abf47c410>,31,1,[ 2 14],32,-1,52,-1,51
1,<environment.Job instance at 0x7f1abf47cb90>,33,26,[3 6],34,-1,86,-1,60
1,<environment.Job instance at 0x7f1abf5877d0>,38,24,[13  2],39,-1,87,-1,63
1,<environment.Job instance at 0x7f1abf609050>,40,26,[ 1 14],41,-1,100,-1,74
1,<environment.Job instance at 0x7f1abf5a9460>,42,12,[ 5 12],43,-1,92,-1,80
1,<environment.Job instance at 0x7f1abebc4410>,0,22,[9 2],1,-1,24,-1,2
1,<environment.Job instance at 0x7f1abebc4820>,2,23,[9 1],3,-1,27,-1,4
1,<environment.Job instance at 0x7f1abebc9690>,10,28,[5 9],11,-1,42,-1,14
1,<environment.Job instance at 0x7f1abed6c550>,13,16,[1 9],14,-1,30,-1,14
1,<environment.Job instance at 0x7f1abebc4aa0>,3,25,[ 1 13],4,-1,41,-1,16
1,<environment.Job instance at 0x7f1abed4f2d0>,11,15,[ 2 13],12,-1,31,-1,16
1,<environment.Job instance at 0x7f1abedf9140>,15,16,[7 5],16,-1,32,-1,16
1,<environment.Job instance at 0x7f1abed2f910>,20,23,[5 1],21,-1,45,-1,22
1,<environment.Job instance at 0x7f1abedf9a50>,21,17,[12  4],22,-1,40,-1,23
1,<environment.Job instance at 0x7f1abed70140>,27,22,[10  3],28,-1,51,-1,29
1,<environment.Job instance at 0x7f1abeda36e0>,3,25,[ 1 13],4,-1,29,-1,4
1,<environment.Job instance at 0x7f1abeca6d20>,4,21,[14  5],5,-1,26,-1,5
1,<environment.Job instance at 0x7f1abeca6370>,2,23,[9 1],3,-1,46,-1,23
1,<environment.Job instance at 0x7f1abed847d0>,9,2,[13  5],10,-1,25,-1,23
1,<environment.Job instance at 0x7f1abecea5a0>,10,28,[5 9],11,-1,51,-1,23
1,<environment.Job instance at 0x7f1abeca92d0>,11,15,[ 2 13],12,-1,38,-1,23
1,<environment.Job instance at 0x7f1abeca9cd0>,12,13,[11  4],13,-1,36,-1,23
1,<environment.Job instance at 0x7f1abec36c80>,16,22,[ 4 14],17,-1,46,-1,24
1,<environment.Job instance at 0x7f1abec3e280>,19,27,[ 3 11],20,-1,54,-1,27
1,<environment.Job instance at 0x7f1abec3efa0>,20,23,[5 1],21,-1,52,-1,29
1,<environment.Job instance at 0x7f1abec3e370>,21,17,[12  4],22,-1,46,-1,29
1,<environment.Job instance at 0x7f1abec931e0>,29,12,[13  1],30,-1,56,-1,44
1,<environment.Job instance at 0x7f1abec45910>,30,24,[8 1],31,-1,78,-1,54
1,<environment.Job instance at 0x7f1abec45730>,31,2,[ 5 14],32,-1,56,-1,54
1,<environment.Job instance at 0x7f1abec93730>,32,25,[1 8],33,-1,85,-1,60
1,<environment.Job instance at 0x7f1abec48eb0>,41,13,[ 3 14],42,-1,78,-1,65
1,<environment.Job instance at 0x7f1abec4f2d0>,47,28,[ 2 10],48,-1,114,-1,86
1,<environment.Job instance at 0x7f1abee1a6e0>,48,24,[6 5],49,-1,110,-1,86
1,<environment.Job instance at 0x7f1abecc33c0>,50,1,[ 3 11],51,-1,87,-1,86
1,<environment.Job instance at 0x7f1abeccf3c0>,52,15,[ 2 13],53,-1,101,-1,86
1,<environment.Job instance at 0x7f1abea4b0a0>,4,21,[9 3],5,-1,27,-1,6
1,<environment.Job instance at 0x7f1ac8b75820>,5,17,[9 1],6,-1,23,-1,6
1,<environment.Job instance at 0x7f1abea4baa0>,8,19,[5 3],9,-1,29,-1,10
1,<environment.Job instance at 0x7f1abea4b9b0>,9,17,[9 5],10,-1,27,-1,10
1,<environment.Job instance at 0x7f1abea4b820>,16,18,[1 7],17,-1,49,-1,31
1,<environment.Job instance at 0x7f1abea4b500>,7,27,[ 3 12],8,-1,62,-1,35
1,<environment.Job instance at 0x7f1abea4b780>,18,20,[4 9],19,-1,56,-1,36
1,<environment.Job instance at 0x7f1abea4bc80>,13,26,[3 9],14,-1,62,-1,36
1,<environment.Job instance at 0x7f1abea83c80>,21,17,[2 7],22,-1,53,-1,36
1,<environment.Job instance at 0x7f1abea83b90>,22,16,[5 3],23,-1,52,-1,36
1,<environment.Job instance at 0x7f1abea83d20>,24,17,[ 5 10],25,-1,53,-1,36
1,<environment.Job instance at 0x7f1abea4b730>,19,13,[7 2],20,-1,73,-1,60
1,<environment.Job instance at 0x7f1abea836e0>,26,15,[ 2 10],27,-1,75,-1,60
1,<environment.Job instance at 0x7f1ac8b75460>,3,19,[12  2],4,-1,79,-1,60
1,<environment.Job instance at 0x7f1abea83730>,23,13,[7 1],24,-1,73,-1,60
1,<environment.Job instance at 0x7f1abea831e0>,30,13,[2 5],31,-1,73,-1,60
1,<environment.Job instance at 0x7f1abea83a50>,32,16,[ 5 12],33,-1,76,-1,60
1,<environment.Job instance at 0x7f1abea83fa0>,29,17,[3 6],30,-1,77,-1,60
1,<environment.Job instance at 0x7f1abea80780>,34,16,[ 1 14],35,-1,77,-1,61
1,<environment.Job instance at 0x7f1abea80870>,35,18,[ 1 14],36,-1,85,-1,67
1,<environment.Job instance at 0x7f1abea809b0>,37,17,[8 5],38,-1,87,-1,70
1,<environment.Job instance at 0x7f1abea804b0>,36,23,[1 9],37,-1,93,-1,70
1,<environment.Job instance at 0x7f1abea80910>,38,25,[4 8],39,-1,95,-1,70
1,<environment.Job instance at 0x7f1abea80b40>,40,15,[14  2],41,-1,85,-1,70
1,<environment.Job instance at 0x7f1abea835a0>,27,15,[11  5],28,-1,87,-1,72
1,<environment.Job instance at 0x7f1abea843c0>,43,17,[12  1],44,-1,89,-1,72
1,<environment.Job instance at 0x7f1abea846e0>,44,20,[10  2],45,-1,93,-1,73
1,<environment.Job instance at 0x7f1abea80dc0>,42,15,[8 5],43,-1,88,-1,73
1,<environment.Job instance at 0x7f1abea84f50>,45,12,[4 8],46,-1,85,-1,73
1,<environment.Job instance at 0x7f1abea80820>,33,21,[1 6],34,-1,94,-1,73
1,<environment.Job instance at 0x7f1abea84d20>,49,19,[ 5 10],50,-1,92,-1,73
1,<environment.Job instance at 0x7f1abea84dc0>,47,13,[ 4 11],48,-1,86,-1,73
1,<environment.Job instance at 0x7f1abea84eb0>,51,14,[1 7],52,-1,87,-1,73
1,<environment.Job instance at 0x7f1abea84b40>,46,19,[4 7],47,-1,92,-1,73
1,<environment.Job instance at 0x7f1abea842d0>,52,13,[4 8],53,-1,86,-1,73
1,<environment.Job instance at 0x7f1abea84550>,54,1,[13  1],55,-1,74,-1,73
1,<environment.Job instance at 0x7f1abea84500>,50,22,[ 4 10],51,-1,95,-1,73
1,<environment.Job instance at 0x7f1abea84230>,53,16,[8 4],54,-1,89,-1,73
1,<environment.Job instance at 0x7f1abea84870>,60,12,[ 5 10],61,-1,96,-1,84
1,<environment.Job instance at 0x7f1abeab4690>,61,13,[9 2],62,-1,97,-1,84
1,<environment.Job instance at 0x7f1abea80e10>,41,18,[11  1],42,-1,105,-1,87
1,<environment.Job instance at 0x7f1abea84a00>,59,13,[8 1],60,-1,100,-1,87
1,<environment.Job instance at 0x7f1abeab4af0>,64,27,[ 4 13],65,-1,116,-1,89
1,<environment.Job instance at 0x7f1abeab4910>,0,18,[12  2],1,-1,19,-1,1
1,<environment.Job instance at 0x7f1abeab4870>,1,27,[8 3],2,-1,29,-1,2
1,<environment.Job instance at 0x7f1abeb04870>,3,19,[12  2],4,-1,23,-1,4
1,<environment.Job instance at 0x7f1ac8b75cd0>,7,27,[ 3 12],8,-1,35,-1,8
1,<environment.Job instance at 0x7f1abeab9be0>,11,15,[ 2 14],12,-1,39,-1,24
1,<environment.Job instance at 0x7f1abeab92d0>,14,15,[13  1],15,-1,41,-1,26
1,<environment.Job instance at 0x7f1abeab9870>,13,26,[3 9],14,-1,62,-1,36
1,<environment.Job instance at 0x7f1abeb28690>,20,2,[11  3],21,-1,38,-1,36
1,<environment.Job instance at 0x7f1abeb281e0>,27,15,[11  5],28,-1,86,-1,71
1,<environment.Job instance at 0x7f1abeb28b40>,28,1,[14  4],29,-1,72,-1,71
1,<environment.Job instance at 0x7f1abeb28320>,31,1,[ 4 14],32,-1,88,-1,87
1,<environment.Job instance at 0x7f1abeb285a0>,32,16,[ 5 12],33,-1,103,-1,87
1,<environment.Job instance at 0x7f1abeb280a0>,34,16,[ 1 14],35,-1,103,-1,87
1,<environment.Job instance at 0x7f1abeb28b90>,35,18,[ 1 14],36,-1,105,-1,87
1,<environment.Job instance at 0x7f1abeb283c0>,36,23,[1 9],37,-1,110,-1,87
1,<environment.Job instance at 0x7f1abf0113c0>,3,20,[5 8],4,-1,24,-1,4
1,<environment.Job instance at 0x7f1abf011280>,4,17,[8 4],5,-1,22,-1,5
1,<environment.Job instance at 0x7f1abf8a78c0>,9,20,[ 4 10],10,-1,30,-1,10
1,<environment.Job instance at 0x7f1abf8a7370>,10,15,[9 2],11,-1,28,-1,13
1,<environment.Job instance at 0x7f1abf8a7870>,12,16,[7 5],13,-1,31,-1,15
1,<environment.Job instance at 0x7f1abf8a73c0>,16,13,[8 4],17,-1,31,-1,18
1,<environment.Job instance at 0x7f1abf924b40>,23,27,[2 7],24,-1,51,-1,24
1,<environment.Job instance at 0x7f1abf924640>,24,13,[8 2],25,-1,38,-1,25
1,<environment.Job instance at 0x7f1abf9240f0>,25,27,[1 5],26,-1,53,-1,26
1,<environment.Job instance at 0x7f1abf924aa0>,26,12,[5 5],27,-1,39,-1,27
1,<environment.Job instance at 0x7f1abf924be0>,29,18,[9 5],30,-1,48,-1,30
1,<environment.Job instance at 0x7f1abf924b90>,30,18,[1 7],31,-1,49,-1,31
1,<environment.Job instance at 0x7f1abf924dc0>,31,14,[3 8],32,-1,46,-1,32
1,<environment.Job instance at 0x7f1abf8a7d70>,17,14,[12  2],18,-1,46,-1,32
1,<environment.Job instance at 0x7f1ac8c48140>,0,2,[13  1],1,-1,3,-1,1
1,<environment.Job instance at 0x7f1abf5e3eb0>,6,20,[11  2],7,-1,27,-1,7
1,<environment.Job instance at 0x7f1abf011cd0>,7,26,[2 8],8,-1,50,-1,24
1,<environment.Job instance at 0x7f1abf5d3a00>,15,27,[9 5],16,-1,68,-1,41
1,<environment.Job instance at 0x7f1abf5d36e0>,17,14,[12  2],18,-1,55,-1,41
1,<environment.Job instance at 0x7f1abf5d3b90>,18,2,[ 4 11],19,-1,43,-1,41
1,<environment.Job instance at 0x7f1abf5d3780>,23,27,[2 7],24,-1,79,-1,52
1,<environment.Job instance at 0x7f1abf5d3dc0>,25,27,[1 5],26,-1,86,-1,59
1,<environment.Job instance at 0x7f1abf5d3d20>,27,15,[14  2],28,-1,74,-1,59
1,<environment.Job instance at 0x7f1abf5616e0>,32,17,[13  5],33,-1,98,-1,81
1,<environment.Job instance at 0x7f1abf561aa0>,33,13,[ 5 14],34,-1,94,-1,81
1,<environment.Job instance at 0x7f1abee69190>,2,21,[ 5 10],3,-1,27,-1,6
1,<environment.Job instance at 0x7f1abee69960>,9,14,[2 8],10,-1,25,-1,11
1,<environment.Job instance at 0x7f1abee4ad70>,13,20,[7 1],14,-1,37,-1,17
1,<environment.Job instance at 0x7f1abee4a410>,16,28,[5 9],17,-1,57,-1,29
1,<environment.Job instance at 0x7f1abee52e10>,17,24,[4 8],18,-1,53,-1,29
1,<environment.Job instance at 0x7f1abee4a6e0>,8,18,[ 5 14],9,-1,48,-1,30
1,<environment.Job instance at 0x7f1abf330c80>,22,24,[7 4],23,-1,55,-1,31
1,<environment.Job instance at 0x7f1abffd6b90>,25,18,[10  4],26,-1,49,-1,31
1,<environment.Job instance at 0x7f1abf1ccb90>,26,15,[1 9],27,-1,48,-1,33
1,<environment.Job instance at 0x7f1abf3309b0>,21,13,[ 5 10],22,-1,46,-1,33
1,<environment.Job instance at 0x7f1abf2a7140>,30,18,[10  5],31,-1,51,-1,33
1,<environment.Job instance at 0x7f1abee6d640>,33,28,[ 3 11],34,-1,84,-1,56
1,<environment.Job instance at 0x7f1abee4aeb0>,14,25,[4 9],15,-1,81,-1,56
1,<environment.Job instance at 0x7f1abf1e2be0>,38,27,[14  3],39,-1,89,-1,62
1,<environment.Job instance at 0x7f1abf1e2500>,36,16,[14  5],37,-1,78,-1,62
1,<environment.Job instance at 0x7f1abf1b75a0>,45,16,[ 4 11],46,-1,92,-1,76
1,<environment.Job instance at 0x7f1abf1b7d70>,47,22,[ 3 11],48,-1,111,-1,89
1,<environment.Job instance at 0x7f1abee87f00>,0,27,[ 3 11],1,-1,28,-1,1
1,<environment.Job instance at 0x7f1abee87e10>,1,15,[ 3 13],2,-1,17,-1,2
1,<environment.Job instance at 0x7f1abee87190>,8,18,[ 5 14],9,-1,27,-1,9
1,<environment.Job instance at 0x7f1abefe33c0>,10,19,[ 2 11],11,-1,30,-1,11
1,<environment.Job instance at 0x7f1abefe3eb0>,14,25,[4 9],15,-1,49,-1,24
1,<environment.Job instance at 0x7f1abef11870>,16,28,[5 9],17,-1,52,-1,24
1,<environment.Job instance at 0x7f1abef11a50>,17,24,[4 8],18,-1,48,-1,24
1,<environment.Job instance at 0x7f1abefe3cd0>,15,26,[6 1],16,-1,50,-1,24
1,<environment.Job instance at 0x7f1abf5f18c0>,20,2,[ 2 12],21,-1,26,-1,24
1,<environment.Job instance at 0x7f1abf5f15a0>,22,24,[7 4],23,-1,49,-1,25
1,<environment.Job instance at 0x7f1abf5f1f50>,28,19,[12  4],29,-1,55,-1,36
1,<environment.Job instance at 0x7f1abf5f10a0>,29,14,[ 5 12],30,-1,50,-1,36
1,<environment.Job instance at 0x7f1abf5f1c80>,31,25,[8 3],32,-1,74,-1,49
1,<environment.Job instance at 0x7f1abf5f1a50>,32,16,[ 2 11],33,-1,65,-1,49
1,<environment.Job instance at 0x7f1abf5f11e0>,33,28,[ 3 11],34,-1,77,-1,49
1,<environment.Job instance at 0x7f1abf5f1d70>,35,24,[2 7],36,-1,82,-1,58
1,<environment.Job instance at 0x7f1abf5612d0>,36,16,[14  5],37,-1,74,-1,58
1,<environment.Job instance at 0x7f1abf561e60>,38,27,[14  3],39,-1,85,-1,58
1,<environment.Job instance at 0x7f1abf561eb0>,39,18,[ 1 14],40,-1,76,-1,58
1,<environment.Job instance at 0x7f1abf561550>,41,15,[11  2],42,-1,79,-1,64
1,<environment.Job instance at 0x7f1abf561a50>,42,13,[ 1 12],43,-1,77,-1,64
1,<environment.Job instance at 0x7f1abf5616e0>,45,16,[ 4 11],46,-1,94,-1,78
1,<environment.Job instance at 0x7f1abf5614b0>,46,17,[13  3],47,-1,95,-1,78
1,<environment.Job instance at 0x7f1abf561a00>,47,22,[ 3 11],48,-1,100,-1,78
1,<environment.Job instance at 0x7f1abf561b90>,49,13,[ 5 12],50,-1,93,-1,80
1,<environment.Job instance at 0x7f1abf561780>,50,1,[ 5 11],51,-1,81,-1,80
1,<environment.Job instance at 0x7f1abf561730>,51,1,[12  4],52,-1,81,-1,80
1,<environment.Job instance at 0x7f1abf5d3140>,54,13,[ 3 14],55,-1,97,-1,84
1,<environment.Job instance at 0x7f1abf5d3780>,55,24,[ 4 14],56,-1,108,-1,84
1,<environment.Job instance at 0x7f1abffc3550>,3,18,[9 5],4,-1,24,-1,6
1,<environment.Job instance at 0x7f1abf30fe60>,15,15,[ 4 10],16,-1,31,-1,16
1,<environment.Job instance at 0x7f1abee4aaf0>,1,26,[ 3 12],2,-1,28,-1,2
1,<environment.Job instance at 0x7f1abf561b90>,2,14,[ 3 14],3,-1,17,-1,3
1,<environment.Job instance at 0x7f1abf3105f0>,6,2,[ 5 14],7,-1,9,-1,7
1,<environment.Job instance at 0x7f1abf561c80>,9,2,[ 4 11],10,-1,12,-1,10
1,<environment.Job instance at 0x7f1abf561370>,13,12,[12  2],14,-1,34,-1,22
1,<environment.Job instance at 0x7f1abf561870>,14,12,[14  2],15,-1,34,-1,22
1,<environment.Job instance at 0x7f1abf5610f0>,16,13,[14  5],17,-1,35,-1,22
1,<environment.Job instance at 0x7f1abef11870>,18,16,[ 1 14],19,-1,38,-1,22
1,<environment.Job instance at 0x7f1abef11280>,17,25,[7 3],18,-1,50,-1,25
1,<environment.Job instance at 0x7f1abf30fd70>,20,12,[ 2 13],21,-1,37,-1,25
1,<environment.Job instance at 0x7f1abf8a74b0>,27,24,[10  3],28,-1,63,-1,39
1,<environment.Job instance at 0x7f1abf8a7b90>,28,18,[11  2],29,-1,57,-1,39
1,<environment.Job instance at 0x7f1abffc3230>,30,14,[ 5 13],31,-1,53,-1,39
1,<environment.Job instance at 0x7f1abffc3370>,31,24,[14  5],32,-1,63,-1,39
1,<environment.Job instance at 0x7f1abf2f59b0>,32,12,[ 4 11],33,-1,51,-1,39
1,<environment.Job instance at 0x7f1abf2f5230>,34,14,[ 1 13],35,-1,67,-1,53
1,<environment.Job instance at 0x7f1abf2f5aa0>,36,25,[5 3],37,-1,78,-1,53
1,<environment.Job instance at 0x7f1abf2f5c30>,39,27,[4 8],40,-1,92,-1,65
1,<environment.Job instance at 0x7f1abf2f5e10>,42,20,[ 3 11],43,-1,87,-1,67
1,<environment.Job instance at 0x7f1abffd8f00>,44,14,[13  3],45,-1,85,-1,71
1,<environment.Job instance at 0x7f1abef19e10>,0,14,[10  2],1,-1,16,-1,2
1,<environment.Job instance at 0x7f1abee60460>,1,17,[4 9],2,-1,19,-1,2
1,<environment.Job instance at 0x7f1abef19370>,2,19,[5 7],3,-1,22,-1,3
1,<environment.Job instance at 0x7f1abf083e10>,4,16,[1 7],5,-1,21,-1,5
1,<environment.Job instance at 0x7f1abf083cd0>,5,18,[8 2],6,-1,25,-1,7
1,<environment.Job instance at 0x7f1abf0ad0a0>,7,15,[2 7],8,-1,23,-1,8
1,<environment.Job instance at 0x7f1abf0ad140>,8,16,[6 1],9,-1,25,-1,9
1,<environment.Job instance at 0x7f1abf0ad1e0>,9,17,[2 6],10,-1,27,-1,10
1,<environment.Job instance at 0x7f1abf0ad280>,10,14,[10  3],11,-1,25,-1,11
1,<environment.Job instance at 0x7f1abf0ad320>,11,18,[4 7],12,-1,30,-1,12
1,<environment.Job instance at 0x7f1abf0ad690>,15,21,[5 6],16,-1,37,-1,16
1,<environment.Job instance at 0x7f1abf0ad5a0>,16,14,[ 3 10],17,-1,31,-1,17
1,<environment.Job instance at 0x7f1abf0ad9b0>,19,16,[1 5],20,-1,36,-1,20
1,<environment.Job instance at 0x7f1abf0ad8c0>,20,18,[4 9],21,-1,39,-1,21
1,<environment.Job instance at 0x7f1abf1c2af0>,12,22,[ 5 13],13,-1,42,-1,20
1,<environment.Job instance at 0x7f1abf1c2140>,14,27,[11  2],15,-1,60,-1,33
1,<environment.Job instance at 0x7f1abf1ef910>,18,22,[ 4 12],19,-1,59,-1,37
1,<environment.Job instance at 0x7f1abf1eff50>,21,27,[10  1],22,-1,90,-1,63
1,<environment.Job instance at 0x7f1abf1efbe0>,23,13,[ 5 11],24,-1,76,-1,63
1,<environment.Job instance at 0x7f1abf1eff00>,24,27,[12  2],25,-1,90,-1,63
1,<environment.Job instance at 0x7f1abffd8690>,27,24,[1 9],28,-1,96,-1,72
1,<environment.Job instance at 0x7f1abffd8a50>,30,27,[ 1 14],31,-1,103,-1,76
1,<environment.Job instance at 0x7f1abffd8050>,31,12,[12  1],32,-1,88,-1,76
1,<environment.Job instance at 0x7f1abffd8410>,34,23,[3 6],35,-1,109,-1,86
1,<environment.Job instance at 0x7f1abffd8b40>,36,27,[7 1],37,-1,115,-1,88
1,<environment.Job instance at 0x7f1abffd8f00>,38,2,[ 3 13],39,-1,90,-1,88
1,<environment.Job instance at 0x7f1abef19500>,6,18,[4 9],7,-1,25,-1,7
1,<environment.Job instance at 0x7f1abf635b90>,10,16,[6 2],11,-1,28,-1,12
1,<environment.Job instance at 0x7f1abf6094b0>,11,16,[8 2],12,-1,28,-1,12
1,<environment.Job instance at 0x7f1abf6356e0>,18,24,[13  4],19,-1,43,-1,19
1,<environment.Job instance at 0x7f1abedc35a0>,19,19,[ 2 13],20,-1,44,-1,25
1,<environment.Job instance at 0x7f1abedc3780>,24,12,[10  4],25,-1,37,-1,25
1,<environment.Job instance at 0x7f1abedc34b0>,21,14,[8 3],22,-1,39,-1,25
1,<environment.Job instance at 0x7f1abedc31e0>,20,18,[ 2 10],21,-1,43,-1,25
1,<environment.Job instance at 0x7f1abedc3050>,26,13,[5 8],27,-1,40,-1,27
1,<environment.Job instance at 0x7f1abedc3c30>,28,27,[12  2],29,-1,56,-1,29
1,<environment.Job instance at 0x7f1abedc3e60>,32,26,[9 4],33,-1,73,-1,47
1,<environment.Job instance at 0x7f1abf635c30>,13,14,[14  5],14,-1,61,-1,47
1,<environment.Job instance at 0x7f1abedc3730>,23,13,[10  2],24,-1,60,-1,47
1,<environment.Job instance at 0x7f1abf567140>,33,21,[12  2],34,-1,69,-1,48
1,<environment.Job instance at 0x7f1abf5672d0>,36,16,[5 4],37,-1,67,-1,51
1,<environment.Job instance at 0x7f1abf567500>,37,17,[ 4 10],38,-1,84,-1,67
1,<environment.Job instance at 0x7f1abf567e10>,45,13,[10  5],46,-1,80,-1,67
1,<environment.Job instance at 0x7f1abf567e60>,49,28,[9 2],50,-1,98,-1,70
1,<environment.Job instance at 0x7f1abedc3820>,16,18,[ 3 12],17,-1,88,-1,70
1,<environment.Job instance at 0x7f1abf567cd0>,47,13,[ 2 11],48,-1,84,-1,71
1,<environment.Job instance at 0x7f1abee1f8c0>,50,18,[6 4],51,-1,89,-1,71
1,<environment.Job instance at 0x7f1abee1f280>,51,15,[4 7],52,-1,86,-1,71
1,<environment.Job instance at 0x7f1abee1ff50>,53,17,[8 4],54,-1,88,-1,71
1,<environment.Job instance at 0x7f1abf5676e0>,41,22,[ 4 13],42,-1,93,-1,71
1,<environment.Job instance at 0x7f1abee1fa50>,54,16,[1 7],55,-1,87,-1,71
1,<environment.Job instance at 0x7f1abee1fd20>,55,15,[ 2 12],56,-1,93,-1,78
1,<environment.Job instance at 0x7f1abf567050>,39,14,[ 5 13],40,-1,92,-1,78
1,<environment.Job instance at 0x7f1abee1f870>,56,24,[ 1 11],57,-1,102,-1,78
1,<environment.Job instance at 0x7f1abee1f3c0>,61,13,[6 4],62,-1,93,-1,80
1,<environment.Job instance at 0x7f1abec55eb0>,62,28,[10  4],63,-1,108,-1,80
1,<environment.Job instance at 0x7f1abec55e60>,63,16,[ 4 10],64,-1,96,-1,80
1,<environment.Job instance at 0x7f1abec55dc0>,64,15,[5 5],65,-1,95,-1,80
1,<environment.Job instance at 0x7f1abec55f50>,65,18,[ 1 10],66,-1,98,-1,80
1,<environment.Job instance at 0x7f1abec559b0>,67,16,[8 4],68,-1,97,-1,81
1,<environment.Job instance at 0x7f1abec55d70>,69,18,[6 4],70,-1,99,-1,81
1,<environment.Job instance at 0x7f1abec551e0>,71,26,[6 3],72,-1,107,-1,81
1,<environment.Job instance at 0x7f1abee1f690>,52,12,[1 7],53,-1,93,-1,81
1,<environment.Job instance at 0x7f1abec550a0>,75,22,[10  2],76,-1,103,-1,81
1,<environment.Job instance at 0x7f1abec24be0>,77,15,[ 2 12],78,-1,96,-1,81
1,<environment.Job instance at 0x7f1abec24d20>,78,12,[10  1],79,-1,93,-1,81
1,<environment.Job instance at 0x7f1abec249b0>,79,21,[5 4],80,-1,102,-1,81
1,<environment.Job instance at 0x7f1abedc3e10>,22,24,[12  4],23,-1,105,-1,81
1,<environment.Job instance at 0x7f1abf0a4af0>,0,15,[12  2],1,-1,16,-1,1
1,<environment.Job instance at 0x7f1abf30f1e0>,12,14,[11  4],13,-1,38,-1,24
1,<environment.Job instance at 0x7f1abf30f320>,13,14,[14  5],14,-1,38,-1,24
1,<environment.Job instance at 0x7f1abffbc4b0>,15,18,[ 4 11],16,-1,42,-1,24
1,<environment.Job instance at 0x7f1abf31e5a0>,16,18,[ 3 12],17,-1,42,-1,24
1,<environment.Job instance at 0x7f1abffd8370>,18,24,[13  4],19,-1,49,-1,25
1,<environment.Job instance at 0x7f1abffd86e0>,19,19,[ 2 13],20,-1,44,-1,25
1,<environment.Job instance at 0x7f1abffd8320>,22,24,[12  4],23,-1,60,-1,36
1,<environment.Job instance at 0x7f1abf1efc30>,28,27,[12  2],29,-1,95,-1,68
1,<environment.Job instance at 0x7f1abf1eff50>,30,2,[12  2],31,-1,83,-1,81
1,<environment.Job instance at 0x7f1abf1ef0a0>,33,21,[12  2],34,-1,104,-1,83
1,<environment.Job instance at 0x7f1ac0001af0>,2,19,[10  1],3,-1,25,-1,6
1,<environment.Job instance at 0x7f1ac00018c0>,7,16,[9 1],8,-1,24,-1,8
1,<environment.Job instance at 0x7f1ac00013c0>,8,28,[4 5],9,-1,37,-1,9
1,<environment.Job instance at 0x7f1abf365370>,12,14,[5 2],13,-1,27,-1,13
1,<environment.Job instance at 0x7f1abf3656e0>,14,17,[2 6],15,-1,32,-1,15
1,<environment.Job instance at 0x7f1abf365050>,15,17,[5 4],16,-1,33,-1,16
1,<environment.Job instance at 0x7f1abf365fa0>,16,26,[7 1],17,-1,43,-1,17
1,<environment.Job instance at 0x7f1abf3657d0>,17,22,[8 3],18,-1,40,-1,18
1,<environment.Job instance at 0x7f1abf3653c0>,18,15,[5 5],19,-1,34,-1,19
1,<environment.Job instance at 0x7f1abf365960>,19,17,[8 2],20,-1,37,-1,20
1,<environment.Job instance at 0x7f1abf365e10>,21,21,[6 2],22,-1,43,-1,22
1,<environment.Job instance at 0x7f1ac0001e10>,5,14,[9 2],6,-1,37,-1,23
1,<environment.Job instance at 0x7f1abf38c5f0>,1,20,[ 3 12],2,-1,22,-1,2
1,<environment.Job instance at 0x7f1abf9efd70>,4,3,[13  1],5,-1,8,-1,5
1,<environment.Job instance at 0x7f1abedfd370>,6,19,[13  1],7,-1,26,-1,7
1,<environment.Job instance at 0x7f1abec55b90>,8,28,[4 5],9,-1,46,-1,18
1,<environment.Job instance at 0x7f1ac8626f00>,16,26,[7 1],17,-1,59,-1,33
1,<environment.Job instance at 0x7f1abfc6cb40>,20,3,[ 2 12],21,-1,36,-1,33
1,<environment.Job instance at 0x7f1abf0f0dc0>,22,18,[14  5],23,-1,53,-1,35
1,<environment.Job instance at 0x7f1ac8671190>,24,14,[ 3 12],25,-1,49,-1,35
1,<environment.Job instance at 0x7f1abec91b40>,23,27,[9 5],24,-1,75,-1,48
1,<environment.Job instance at 0x7f1abedf2cd0>,26,23,[5 9],27,-1,71,-1,48
1,<environment.Job instance at 0x7f1abedf2fa0>,27,16,[ 5 13],28,-1,64,-1,48
1,<environment.Job instance at 0x7f1abedf2f00>,28,22,[ 2 14],29,-1,70,-1,48
1,<environment.Job instance at 0x7f1abedf2320>,31,24,[12  4],32,-1,76,-1,52
1,<environment.Job instance at 0x7f1ac8650b40>,4,16,[10  3],5,-1,22,-1,6
1,<environment.Job instance at 0x7f1abee07c80>,5,22,[7 5],6,-1,28,-1,6
1,<environment.Job instance at 0x7f1ac8650f00>,6,18,[ 1 10],7,-1,27,-1,9
1,<environment.Job instance at 0x7f1abec12780>,1,27,[3 8],2,-1,29,-1,2
1,<environment.Job instance at 0x7f1abfa33640>,11,27,[ 1 14],12,-1,45,-1,18
1,<environment.Job instance at 0x7f1abfb31aa0>,9,27,[10  4],10,-1,55,-1,28
1,<environment.Job instance at 0x7f1abf90bbe0>,13,15,[11  1],14,-1,43,-1,28
1,<environment.Job instance at 0x7f1abf089550>,14,3,[ 3 13],15,-1,31,-1,28
1,<environment.Job instance at 0x7f1abf922aa0>,16,21,[ 4 14],17,-1,49,-1,28
1,<environment.Job instance at 0x7f1abf09b190>,20,18,[ 2 11],21,-1,54,-1,36
1,<environment.Job instance at 0x7f1abf0935a0>,21,17,[11  4],22,-1,53,-1,36
1,<environment.Job instance at 0x7f1abf093fa0>,22,14,[ 4 14],23,-1,50,-1,36
1,<environment.Job instance at 0x7f1abe8949b0>,23,28,[12  5],24,-1,64,-1,36
1,<environment.Job instance at 0x7f1abf23de10>,24,13,[12  5],25,-1,49,-1,36
1,<environment.Job instance at 0x7f1abf23dc80>,25,12,[11  5],26,-1,48,-1,36
1,<environment.Job instance at 0x7f1abfc8e960>,30,14,[ 4 11],31,-1,61,-1,47
1,<environment.Job instance at 0x7f1abed44870>,31,18,[ 3 12],32,-1,65,-1,47
1,<environment.Job instance at 0x7f1abfc8e1e0>,33,26,[8 5],34,-1,74,-1,48
1,<environment.Job instance at 0x7f1abfc6ce10>,35,18,[13  1],36,-1,66,-1,48
1,<environment.Job instance at 0x7f1ac89f6640>,38,24,[8 5],39,-1,74,-1,50
1,<environment.Job instance at 0x7f1ac89f6dc0>,41,16,[ 2 13],42,-1,67,-1,51
1,<environment.Job instance at 0x7f1abec556e0>,45,26,[3 6],46,-1,101,-1,75
1,<environment.Job instance at 0x7f1abec55870>,48,2,[ 4 12],49,-1,84,-1,82
1,<environment.Job instance at 0x7f1abf0f8140>,1,21,[4 8],2,-1,23,-1,2
1,<environment.Job instance at 0x7f1abe95f640>,7,14,[10  4],8,-1,23,-1,9
1,<environment.Job instance at 0x7f1abe95fc30>,9,20,[8 4],10,-1,30,-1,10
1,<environment.Job instance at 0x7f1abe95f190>,12,27,[1 6],13,-1,40,-1,13
1,<environment.Job instance at 0x7f1abf9b96e0>,13,27,[8 5],14,-1,41,-1,14
1,<environment.Job instance at 0x7f1abf9b9c80>,15,17,[1 5],16,-1,33,-1,16
1,<environment.Job instance at 0x7f1abee92550>,18,17,[3 5],19,-1,36,-1,19
1,<environment.Job instance at 0x7f1abf9b9550>,19,16,[5 2],20,-1,36,-1,20
1,<environment.Job instance at 0x7f1abf9b90a0>,20,27,[5 2],21,-1,48,-1,21
1,<environment.Job instance at 0x7f1abee923c0>,23,26,[10  5],24,-1,55,-1,29
1,<environment.Job instance at 0x7f1abf0b97d0>,27,17,[11  4],28,-1,46,-1,29
1,<environment.Job instance at 0x7f1abf592690>,8,17,[ 3 11],9,-1,46,-1,29
1,<environment.Job instance at 0x7f1abf3d0410>,30,18,[11  2],31,-1,50,-1,32
1,<environment.Job instance at 0x7f1abea79140>,32,12,[9 5],33,-1,45,-1,33
1,<environment.Job instance at 0x7f1abed45500>,2,13,[14  2],3,-1,16,-1,3
1,<environment.Job instance at 0x7f1ac8604050>,3,16,[ 4 14],4,-1,20,-1,4
1,<environment.Job instance at 0x7f1abf794370>,5,14,[13  3],6,-1,20,-1,6
1,<environment.Job instance at 0x7f1abee92960>,8,17,[ 3 11],9,-1,26,-1,9
1,<environment.Job instance at 0x7f1abfc80cd0>,12,27,[1 6],13,-1,42,-1,15
1,<environment.Job instance at 0x7f1abec551e0>,13,27,[8 5],14,-1,42,-1,15
1,<environment.Job instance at 0x7f1abec55c30>,16,13,[ 3 14],17,-1,30,-1,17
1,<environment.Job instance at 0x7f1ac89f6640>,20,27,[5 2],21,-1,59,-1,32
1,<environment.Job instance at 0x7f1abfc6cd70>,21,13,[13  5],22,-1,45,-1,32
1,<environment.Job instance at 0x7f1abfc6c1e0>,22,17,[13  3],23,-1,49,-1,32
1,<environment.Job instance at 0x7f1abfc8e280>,23,26,[10  5],24,-1,58,-1,32
1,<environment.Job instance at 0x7f1abe8949b0>,25,2,[ 2 12],26,-1,34,-1,32
1,<environment.Job instance at 0x7f1abea5d280>,27,17,[11  4],28,-1,52,-1,35
1,<environment.Job instance at 0x7f1ac869fc30>,29,15,[ 2 13],30,-1,53,-1,38
1,<environment.Job instance at 0x7f1abff3f5f0>,30,18,[11  2],31,-1,56,-1,38
1,<environment.Job instance at 0x7f1abfa33640>,28,24,[4 6],29,-1,69,-1,45
1,<environment.Job instance at 0x7f1abf136aa0>,33,18,[14  1],34,-1,63,-1,45
1,<environment.Job instance at 0x7f1ac8671e60>,34,23,[ 1 11],35,-1,68,-1,45
1,<environment.Job instance at 0x7f1abedd2c30>,35,1,[ 3 12],36,-1,46,-1,45
1,<environment.Job instance at 0x7f1abf3d0a00>,39,13,[ 3 11],40,-1,78,-1,65
1,<environment.Job instance at 0x7f1abfea3be0>,42,15,[11  2],43,-1,94,-1,79
1,<environment.Job instance at 0x7f1ac88590a0>,44,25,[7 2],45,-1,114,-1,89
1,<environment.Job instance at 0x7f1abeee6c30>,46,12,[ 3 12],47,-1,101,-1,89
1,<environment.Job instance at 0x7f1abf6f74b0>,47,15,[11  5],48,-1,104,-1,89
1,<environment.Job instance at 0x7f1abe91f370>,49,16,[13  2],50,-1,105,-1,89
1,<environment.Job instance at 0x7f1abfdde6e0>,0,19,[8 3],1,-1,21,-1,2
1,<environment.Job instance at 0x7f1abfdde7d0>,1,22,[10  3],2,-1,24,-1,2
1,<environment.Job instance at 0x7f1abe643e10>,4,15,[4 7],5,-1,20,-1,5
1,<environment.Job instance at 0x7f1abe643550>,7,17,[5 9],8,-1,25,-1,8
1,<environment.Job instance at 0x7f1ac89c0320>,11,17,[1 6],12,-1,29,-1,12
1,<environment.Job instance at 0x7f1ac89c07d0>,12,18,[5 5],13,-1,31,-1,13
1,<environment.Job instance at 0x7f1ac89c05a0>,13,18,[ 3 10],14,-1,32,-1,14
1,<environment.Job instance at 0x7f1ac89c0fa0>,15,27,[5 4],16,-1,43,-1,16
1,<environment.Job instance at 0x7f1abf223230>,5,1,[12  1],6,-1,7,-1,6
1,<environment.Job instance at 0x7f1abf231a50>,8,18,[ 5 14],9,-1,27,-1,9
1,<environment.Job instance at 0x7f1abf231050>,9,22,[14  2],10,-1,32,-1,10
1,<environment.Job instance at 0x7f1abf2233c0>,6,25,[9 1],7,-1,45,-1,20
1,<environment.Job instance at 0x7f1abf219690>,15,27,[5 4],16,-1,59,-1,32
1,<environment.Job instance at 0x7f1abf21a3c0>,16,28,[7 5],17,-1,73,-1,45
1,<environment.Job instance at 0x7f1abf21a410>,18,28,[14  2],19,-1,73,-1,45
1,<environment.Job instance at 0x7f1abf21aa50>,21,22,[ 5 14],22,-1,68,-1,46
1,<environment.Job instance at 0x7f1abf1fe500>,22,26,[8 5],23,-1,75,-1,49
1,<environment.Job instance at 0x7f1abf1fea00>,25,13,[13  5],26,-1,72,-1,59
1,<environment.Job instance at 0x7f1abfef4f50>,26,14,[ 2 13],27,-1,73,-1,59
1,<environment.Job instance at 0x7f1abfef41e0>,28,1,[13  3],29,-1,60,-1,59
1,<environment.Job instance at 0x7f1abf20a370>,33,2,[ 4 12],34,-1,82,-1,80
1,<environment.Job instance at 0x7f1abf88cc80>,1,18,[10  4],2,-1,21,-1,3
1,<environment.Job instance at 0x7f1abf88cfa0>,5,19,[3 6],6,-1,25,-1,6
1,<environment.Job instance at 0x7f1abf88cb40>,7,13,[9 3],8,-1,21,-1,8
1,<environment.Job instance at 0x7f1abf9d52d0>,2,28,[4 9],3,-1,38,-1,10
1,<environment.Job instance at 0x7f1abf744140>,14,20,[ 5 12],15,-1,38,-1,18
1,<environment.Job instance at 0x7f1abf744230>,17,17,[ 4 11],18,-1,38,-1,21
1,<environment.Job instance at 0x7f1abf744fa0>,23,16,[10  1],24,-1,40,-1,24
1,<environment.Job instance at 0x7f1abf744320>,24,18,[8 2],25,-1,43,-1,25
1,<environment.Job instance at 0x7f1abf744780>,25,18,[2 8],26,-1,47,-1,29
1,<environment.Job instance at 0x7f1abf520640>,0,14,[ 2 13],1,-1,15,-1,1
1,<environment.Job instance at 0x7f1abf5205a0>,2,28,[4 9],3,-1,31,-1,3
1,<environment.Job instance at 0x7f1abf527a00>,3,28,[ 5 11],4,-1,32,-1,4
1,<environment.Job instance at 0x7f1abf520690>,6,18,[13  5],7,-1,25,-1,7
1,<environment.Job instance at 0x7f1abf17e140>,10,14,[11  2],11,-1,25,-1,11
1,<environment.Job instance at 0x7f1abebca9b0>,11,15,[12  2],12,-1,27,-1,12
1,<environment.Job instance at 0x7f1abebcab90>,13,19,[14  2],14,-1,39,-1,20
1,<environment.Job instance at 0x7f1abebcaf00>,14,20,[ 5 12],15,-1,40,-1,20
1,<environment.Job instance at 0x7f1abeb14b90>,17,17,[ 4 11],18,-1,41,-1,24
1,<environment.Job instance at 0x7f1abf925550>,31,3,[ 4 13],32,-1,69,-1,66
1,<environment.Job instance at 0x7f1abe70e230>,34,20,[ 4 11],35,-1,101,-1,81
1,<environment.Job instance at 0x7f1abe70e870>,35,15,[ 5 14],36,-1,96,-1,81
1,<environment.Job instance at 0x7f1abf4cae10>,37,12,[11  5],38,-1,93,-1,81
1,<environment.Job instance at 0x7f1abf8bf460>,0,23,[ 4 10],1,-1,24,-1,1
1,<environment.Job instance at 0x7f1abf8bf140>,2,15,[10  5],3,-1,20,-1,5
1,<environment.Job instance at 0x7f1abf8bf1e0>,4,28,[7 3],5,-1,33,-1,5
1,<environment.Job instance at 0x7f1ac00a64b0>,7,16,[1 8],8,-1,26,-1,10
1,<environment.Job instance at 0x7f1abe79deb0>,10,17,[2 5],11,-1,28,-1,11
1,<environment.Job instance at 0x7f1abf2db960>,13,17,[3 8],14,-1,35,-1,18
1,<environment.Job instance at 0x7f1abf8bfc30>,6,23,[5 9],7,-1,41,-1,18
1,<environment.Job instance at 0x7f1ac86d0c30>,12,12,[11  5],13,-1,34,-1,22
1,<environment.Job instance at 0x7f1abe77b730>,19,17,[4 9],20,-1,39,-1,22
1,<environment.Job instance at 0x7f1abf53e910>,0,23,[ 4 10],1,-1,24,-1,1
1,<environment.Job instance at 0x7f1abf53e690>,1,15,[ 4 12],2,-1,17,-1,2
1,<environment.Job instance at 0x7f1abf53ed20>,3,1,[ 5 11],4,-1,5,-1,4
1,<environment.Job instance at 0x7f1abf53eeb0>,5,27,[3 8],6,-1,33,-1,6
1,<environment.Job instance at 0x7f1abf53e370>,6,23,[5 9],7,-1,30,-1,7
1,<environment.Job instance at 0x7f1abec7b730>,11,13,[11  4],12,-1,25,-1,12
1,<environment.Job instance at 0x7f1abf526910>,12,12,[11  5],13,-1,25,-1,13
1,<environment.Job instance at 0x7f1abf53eaa0>,4,28,[7 3],5,-1,46,-1,18
1,<environment.Job instance at 0x7f1abfaeccd0>,15,1,[ 4 12],16,-1,19,-1,18
1,<environment.Job instance at 0x7f1abf526be0>,16,3,[ 4 14],17,-1,21,-1,18
1,<environment.Job instance at 0x7f1abf5265f0>,17,15,[14  3],18,-1,33,-1,18
1,<environment.Job instance at 0x7f1abe70e0f0>,21,14,[11  1],22,-1,49,-1,35
1,<environment.Job instance at 0x7f1abebefe60>,22,23,[ 2 11],23,-1,58,-1,35
1,<environment.Job instance at 0x7f1abebef8c0>,23,21,[ 1 11],24,-1,56,-1,35
1,<environment.Job instance at 0x7f1abfa9ec80>,24,1,[ 2 14],25,-1,36,-1,35
1,<environment.Job instance at 0x7f1abebca460>,27,15,[13  2],28,-1,53,-1,38
1,<environment.Job instance at 0x7f1abf527cd0>,28,1,[ 5 11],29,-1,39,-1,38
1,<environment.Job instance at 0x7f1abf8bff00>,29,3,[13  4],30,-1,41,-1,38
1,<environment.Job instance at 0x7f1ac00a65f0>,30,15,[ 3 14],31,-1,53,-1,38
1,<environment.Job instance at 0x7f1abf5279b0>,31,18,[13  2],32,-1,56,-1,38
1,<environment.Job instance at 0x7f1abf4b0140>,32,1,[12  5],33,-1,39,-1,38
1,<environment.Job instance at 0x7f1abff36640>,37,12,[ 4 14],38,-1,71,-1,59
1,<environment.Job instance at 0x7f1abff36e10>,39,18,[14  1],40,-1,77,-1,59
1,<environment.Job instance at 0x7f1abe742c80>,41,15,[12  1],42,-1,74,-1,59
1,<environment.Job instance at 0x7f1abf520640>,42,13,[ 5 12],43,-1,72,-1,59
1,<environment.Job instance at 0x7f1abff1a960>,47,28,[9 4],48,-1,94,-1,66
1,<environment.Job instance at 0x7f1abff1a5f0>,49,1,[ 3 13],50,-1,67,-1,66
1,<environment.Job instance at 0x7f1abff1aa00>,50,23,[6 2],51,-1,96,-1,73
1,<environment.Job instance at 0x7f1abff1a140>,54,24,[3 9],55,-1,105,-1,81
1,<environment.Job instance at 0x7f1abff1a730>,55,18,[ 3 12],56,-1,99,-1,81
1,<environment.Job instance at 0x7f1abff1a550>,56,18,[13  3],57,-1,99,-1,81
1,<environment.Job instance at 0x7f1abff1a780>,60,24,[7 4],61,-1,113,-1,89
1,<environment.Job instance at 0x7f1abff1a3c0>,61,19,[ 5 13],62,-1,108,-1,89
1,<environment.Job instance at 0x7f1abff1a190>,53,24,[10  4],54,-1,113,-1,89
1,<environment.Job instance at 0x7f1abf7a2d70>,22,28,[ 4 11],23,-1,82,-1,54
1,<environment.Job instance at 0x7f1abf7a2640>,12,28,[2 8],13,-1,87,-1,59
1,<environment.Job instance at 0x7f1abf7a2f50>,23,16,[4 8],24,-1,80,-1,64
1,<environment.Job instance at 0x7f1abf7a2f00>,25,18,[10  3],26,-1,82,-1,64
1,<environment.Job instance at 0x7f1abf7a2fa0>,26,24,[3 8],27,-1,88,-1,64
1,<environment.Job instance at 0x7f1abf7c23c0>,28,27,[3 6],29,-1,93,-1,66
1,<environment.Job instance at 0x7f1abf7c2050>,29,18,[7 4],30,-1,85,-1,67
1,<environment.Job instance at 0x7f1abf7a2eb0>,24,18,[11  1],25,-1,85,-1,67
1,<environment.Job instance at 0x7f1abf7c2be0>,32,21,[10  1],33,-1,99,-1,78
1,<environment.Job instance at 0x7f1abf7c26e0>,38,25,[8 4],39,-1,110,-1,85
1,<environment.Job instance at 0x7f1ac0073f00>,0,23,[ 5 10],1,-1,24,-1,1
1,<environment.Job instance at 0x7f1ac00734b0>,2,22,[ 1 14],3,-1,25,-1,3
1,<environment.Job instance at 0x7f1abff1c550>,3,3,[11  2],4,-1,7,-1,4
1,<environment.Job instance at 0x7f1abff1c190>,4,25,[ 1 14],5,-1,30,-1,5
1,<environment.Job instance at 0x7f1abff1c6e0>,5,25,[12  3],6,-1,31,-1,6
1,<environment.Job instance at 0x7f1abff1cf00>,6,27,[ 4 11],7,-1,34,-1,7
1,<environment.Job instance at 0x7f1abff1c1e0>,10,3,[ 3 11],11,-1,14,-1,11
1,<environment.Job instance at 0x7f1abff1c500>,11,21,[ 4 11],12,-1,33,-1,12
1,<environment.Job instance at 0x7f1abff1c140>,12,28,[2 8],13,-1,41,-1,13
1,<environment.Job instance at 0x7f1abff1cc80>,13,25,[ 1 12],14,-1,39,-1,14
1,<environment.Job instance at 0x7f1abff1c690>,14,16,[ 5 13],15,-1,31,-1,15
1,<environment.Job instance at 0x7f1abff1c370>,15,23,[5 5],16,-1,39,-1,16
1,<environment.Job instance at 0x7f1abff1ca00>,16,3,[ 4 14],17,-1,20,-1,17
1,<environment.Job instance at 0x7f1abff1c820>,17,15,[14  4],18,-1,33,-1,18
1,<environment.Job instance at 0x7f1abff1c960>,19,25,[4 7],20,-1,45,-1,20
1,<environment.Job instance at 0x7f1abff1a780>,20,3,[11  5],21,-1,24,-1,21
1,<environment.Job instance at 0x7f1abff1a820>,21,3,[ 4 14],22,-1,25,-1,22
1,<environment.Job instance at 0x7f1abff1a0a0>,22,28,[ 4 11],23,-1,51,-1,23
1,<environment.Job instance at 0x7f1abff1a230>,24,18,[11  1],25,-1,43,-1,25
1,<environment.Job instance at 0x7f1abff1ab40>,28,27,[3 6],29,-1,59,-1,32
1,<environment.Job instance at 0x7f1abff1adc0>,34,27,[4 5],35,-1,66,-1,39
1,<environment.Job instance at 0x7f1abff1a320>,35,16,[11  1],36,-1,55,-1,39
1,<environment.Job instance at 0x7f1abff29d20>,36,16,[ 1 12],37,-1,55,-1,39
1,<environment.Job instance at 0x7f1abf88d1e0>,37,28,[10  5],38,-1,67,-1,39
1,<environment.Job instance at 0x7f1abff1aeb0>,38,25,[8 4],39,-1,64,-1,39
1,<environment.Job instance at 0x7f1abff1ca50>,26,24,[3 8],27,-1,64,-1,40
1,<environment.Job instance at 0x7f1abff36e10>,40,18,[13  1],41,-1,59,-1,41
1,<environment.Job instance at 0x7f1ac00a1780>,42,14,[ 1 14],43,-1,57,-1,43
1,<environment.Job instance at 0x7f1abec37cd0>,45,25,[8 3],46,-1,79,-1,54
1,<environment.Job instance at 0x7f1abf8bfa00>,48,24,[11  1],49,-1,80,-1,56
1,<environment.Job instance at 0x7f1abf5277d0>,51,25,[5 7],52,-1,93,-1,68
1,<environment.Job instance at 0x7f1abebca320>,53,18,[11  2],54,-1,86,-1,68
1,<environment.Job instance at 0x7f1abebefa00>,56,14,[12  3],57,-1,89,-1,75
1,<environment.Job instance at 0x7f1abeb34cd0>,3,22,[1 8],4,-1,27,-1,5
1,<environment.Job instance at 0x7f1abeb3f550>,6,24,[8 5],7,-1,31,-1,7
1,<environment.Job instance at 0x7f1abeb3f6e0>,7,18,[4 6],8,-1,26,-1,8
1,<environment.Job instance at 0x7f1abeb349b0>,4,18,[2 5],5,-1,26,-1,8
1,<environment.Job instance at 0x7f1abeb3f5f0>,10,23,[9 3],11,-1,39,-1,16
1,<environment.Job instance at 0x7f1abeb3fbe0>,16,22,[5 6],17,-1,39,-1,17
1,<environment.Job instance at 0x7f1abeb3faa0>,17,18,[1 6],18,-1,36,-1,18
1,<environment.Job instance at 0x7f1abf79f050>,23,20,[1 5],24,-1,60,-1,40
1,<environment.Job instance at 0x7f1abeb3faf0>,20,16,[1 8],21,-1,57,-1,41
1,<environment.Job instance at 0x7f1abf79f370>,25,20,[2 8],26,-1,62,-1,42
1,<environment.Job instance at 0x7f1abf79fcd0>,27,19,[5 5],28,-1,62,-1,43
1,<environment.Job instance at 0x7f1abf7b00a0>,29,18,[8 1],30,-1,61,-1,43
1,<environment.Job instance at 0x7f1abf7b0cd0>,32,20,[5 5],33,-1,64,-1,44
1,<environment.Job instance at 0x7f1abf53ef50>,2,13,[ 5 11],3,-1,16,-1,3
1,<environment.Job instance at 0x7f1abeeebf00>,5,2,[ 4 11],6,-1,8,-1,6
1,<environment.Job instance at 0x7f1abf4b0140>,9,17,[13  2],10,-1,30,-1,13
1,<environment.Job instance at 0x7f1abfaec140>,6,24,[8 5],7,-1,37,-1,13
1,<environment.Job instance at 0x7f1abe70ec80>,10,23,[9 3],11,-1,37,-1,14
1,<environment.Job instance at 0x7f1abeb3fa50>,15,3,[ 5 14],16,-1,28,-1,25
1,<environment.Job instance at 0x7f1abeb6c190>,18,25,[10  1],19,-1,67,-1,42
1,<environment.Job instance at 0x7f1abf7bf690>,22,21,[12  2],23,-1,63,-1,42
1,<environment.Job instance at 0x7f1abf7bfa00>,24,14,[ 1 14],25,-1,66,-1,52
1,<environment.Job instance at 0x7f1abeb342d0>,26,15,[12  3],27,-1,67,-1,52
1,<environment.Job instance at 0x7f1abeb34dc0>,28,3,[ 5 14],29,-1,56,-1,53
1,<environment.Job instance at 0x7f1abeb608c0>,30,13,[12  5],31,-1,66,-1,53
1,<environment.Job instance at 0x7f1abeb60eb0>,31,12,[12  3],32,-1,65,-1,53
1,<environment.Job instance at 0x7f1abeb60b40>,34,22,[13  3],35,-1,88,-1,66
1,<environment.Job instance at 0x7f1abeb600f0>,35,14,[14  2],36,-1,80,-1,66
1,<environment.Job instance at 0x7f1abeb602d0>,36,19,[13  5],37,-1,85,-1,66
1,<environment.Job instance at 0x7f1abeb60690>,39,17,[ 1 13],40,-1,99,-1,82
1,<environment.Job instance at 0x7f1abeb60c30>,40,23,[ 3 11],41,-1,105,-1,82
1,<environment.Job instance at 0x7f1abeb60af0>,41,26,[5 1],42,-1,109,-1,83
1,<environment.Job instance at 0x7f1abeb70cd0>,0,24,[5 6],1,-1,25,-1,1
1,<environment.Job instance at 0x7f1abf0a16e0>,4,23,[8 5],5,-1,28,-1,5
1,<environment.Job instance at 0x7f1abfcdf410>,9,28,[2 5],10,-1,38,-1,10
1,<environment.Job instance at 0x7f1abfcdff00>,11,22,[9 4],12,-1,34,-1,12
1,<environment.Job instance at 0x7f1abefb40a0>,0,24,[5 6],1,-1,25,-1,1
1,<environment.Job instance at 0x7f1abffd8190>,3,17,[ 3 14],4,-1,21,-1,4
1,<environment.Job instance at 0x7f1abf0a1a00>,4,23,[8 5],5,-1,28,-1,5
1,<environment.Job instance at 0x7f1abebf85a0>,9,28,[2 5],10,-1,38,-1,10
1,<environment.Job instance at 0x7f1abebf8690>,10,28,[ 2 14],11,-1,39,-1,11
1,<environment.Job instance at 0x7f1abebf8b90>,13,24,[10  1],14,-1,41,-1,17
1,<environment.Job instance at 0x7f1ac869f230>,15,27,[5 8],16,-1,44,-1,17
1,<environment.Job instance at 0x7f1ac869f8c0>,17,12,[13  5],18,-1,30,-1,18
1,<environment.Job instance at 0x7f1ac869fc30>,18,15,[ 5 12],19,-1,34,-1,19
1,<environment.Job instance at 0x7f1ac869f6e0>,20,23,[10  4],21,-1,45,-1,22
1,<environment.Job instance at 0x7f1ac869f550>,26,26,[5 8],27,-1,60,-1,34
1,<environment.Job instance at 0x7f1ac869f1e0>,29,16,[ 3 14],30,-1,52,-1,36
1,<environment.Job instance at 0x7f1abf7b9910>,32,15,[13  3],33,-1,62,-1,47
1,<environment.Job instance at 0x7f1abf7b9dc0>,34,26,[6 2],35,-1,74,-1,48
1,<environment.Job instance at 0x7f1ac869ff50>,25,24,[10  1],26,-1,85,-1,61
1,<environment.Job instance at 0x7f1abf7b9230>,37,26,[13  4],38,-1,87,-1,61
1,<environment.Job instance at 0x7f1abf7b9c30>,39,23,[14  1],40,-1,84,-1,61
1,<environment.Job instance at 0x7f1abf7b9e60>,40,14,[ 1 12],41,-1,75,-1,61
1,<environment.Job instance at 0x7f1abf7b9fa0>,41,17,[14  4],42,-1,78,-1,61
1,<environment.Job instance at 0x7f1abf7b9870>,45,24,[8 2],46,-1,99,-1,75
1,<environment.Job instance at 0x7f1abf7b9640>,46,27,[ 3 13],47,-1,102,-1,75
1,<environment.Job instance at 0x7f1abf7b9370>,47,18,[ 2 12],48,-1,93,-1,75
1,<environment.Job instance at 0x7f1abf1c2a50>,4,17,[9 1],5,-1,23,-1,6
1,<environment.Job instance at 0x7f1abf1c66e0>,21,21,[6 4],22,-1,62,-1,41
1,<environment.Job instance at 0x7f1abf1c65f0>,26,23,[3 9],27,-1,78,-1,55
1,<environment.Job instance at 0x7f1abe860500>,0,1,[ 1 13],1,-1,2,-1,1
1,<environment.Job instance at 0x7f1abe6950a0>,2,12,[12  3],3,-1,15,-1,3
1,<environment.Job instance at 0x7f1abe695780>,7,13,[11  2],8,-1,21,-1,8
1,<environment.Job instance at 0x7f1abe695c80>,9,13,[12  4],10,-1,23,-1,10
1,<environment.Job instance at 0x7f1abeec4640>,10,24,[12  2],11,-1,35,-1,11
1,<environment.Job instance at 0x7f1abeec4550>,11,12,[ 2 12],12,-1,24,-1,12
1,<environment.Job instance at 0x7f1abeec4d20>,20,14,[ 4 13],21,-1,39,-1,25
1,<environment.Job instance at 0x7f1abfeb7640>,27,24,[ 4 14],28,-1,74,-1,50
1,<environment.Job instance at 0x7f1abfeb7780>,26,23,[3 9],27,-1,85,-1,62
1,<environment.Job instance at 0x7f1abfeb72d0>,29,13,[ 4 13],30,-1,75,-1,62
1,<environment.Job instance at 0x7f1abfeb7e10>,28,23,[9 5],29,-1,85,-1,62
1,<environment.Job instance at 0x7f1abfeb7370>,31,14,[ 1 11],32,-1,76,-1,62
1,<environment.Job instance at 0x7f1abf7b93c0>,32,24,[7 4],33,-1,86,-1,62
1,<environment.Job instance at 0x7f1abf7b9370>,37,12,[14  4],38,-1,76,-1,64
1,<environment.Job instance at 0x7f1abedf0820>,0,22,[ 4 10],1,-1,23,-1,1
1,<environment.Job instance at 0x7f1abedf0550>,1,28,[6 3],2,-1,30,-1,2
1,<environment.Job instance at 0x7f1abedf05a0>,2,19,[1 6],3,-1,22,-1,3
1,<environment.Job instance at 0x7f1abedf04b0>,5,24,[1 7],6,-1,30,-1,6
1,<environment.Job instance at 0x7f1abedf0af0>,8,17,[10  2],9,-1,28,-1,11
1,<environment.Job instance at 0x7f1abedcc190>,11,21,[5 5],12,-1,33,-1,12
1,<environment.Job instance at 0x7f1abedccaa0>,12,13,[ 5 10],13,-1,26,-1,13
1,<environment.Job instance at 0x7f1abedccf00>,14,18,[7 5],15,-1,33,-1,15
1,<environment.Job instance at 0x7f1abedcc280>,16,16,[6 3],17,-1,33,-1,17
1,<environment.Job instance at 0x7f1abedccc30>,18,17,[5 3],19,-1,39,-1,22
1,<environment.Job instance at 0x7f1abf1c9f00>,1,28,[6 3],2,-1,30,-1,2
1,<environment.Job instance at 0x7f1abedcc910>,4,2,[13  2],5,-1,7,-1,5
1,<environment.Job instance at 0x7f1abedcc370>,6,27,[ 5 12],7,-1,34,-1,7
1,<environment.Job instance at 0x7f1abf54d8c0>,7,17,[ 1 11],8,-1,25,-1,8
1,<environment.Job instance at 0x7f1abf2ba460>,5,24,[1 7],6,-1,47,-1,23
1,<environment.Job instance at 0x7f1abf8bc910>,13,23,[ 4 11],14,-1,46,-1,23
1,<environment.Job instance at 0x7f1abf8bc5f0>,17,17,[11  3],18,-1,52,-1,35
1,<environment.Job instance at 0x7f1abf8bc640>,21,25,[3 6],22,-1,76,-1,51
1,<environment.Job instance at 0x7f1abf8bc0f0>,22,1,[ 2 12],23,-1,52,-1,51
1,<environment.Job instance at 0x7f1abf8bc8c0>,23,14,[14  4],24,-1,65,-1,51
1,<environment.Job instance at 0x7f1abf8bc320>,24,17,[ 3 14],25,-1,68,-1,51
1,<environment.Job instance at 0x7f1abf8bc500>,31,23,[13  2],32,-1,102,-1,79
1,<environment.Job instance at 0x7f1abf8bc870>,32,14,[12  4],33,-1,93,-1,79
1,<environment.Job instance at 0x7f1abf8bc780>,34,24,[14  1],35,-1,106,-1,82
1,<environment.Job instance at 0x7f1abfab3cd0>,36,25,[14  2],37,-1,107,-1,82
1,<environment.Job instance at 0x7f1abe95bd70>,0,18,[3 7],1,-1,19,-1,1
1,<environment.Job instance at 0x7f1abeddc730>,3,18,[3 6],4,-1,22,-1,4
1,<environment.Job instance at 0x7f1abeddc5f0>,5,17,[2 5],6,-1,25,-1,8
1,<environment.Job instance at 0x7f1abeddc910>,7,24,[10  3],8,-1,32,-1,8
1,<environment.Job instance at 0x7f1abeddca50>,11,18,[2 9],12,-1,31,-1,13
1,<environment.Job instance at 0x7f1abeddcb90>,12,26,[5 5],13,-1,39,-1,13
1,<environment.Job instance at 0x7f1abeddce10>,14,15,[8 4],15,-1,31,-1,16
1,<environment.Job instance at 0x7f1abedcfeb0>,1,1,[12  5],2,-1,3,-1,2
1,<environment.Job instance at 0x7f1abedcf410>,4,26,[ 2 12],5,-1,31,-1,5
1,<environment.Job instance at 0x7f1abedcfb40>,6,1,[ 3 12],7,-1,8,-1,7
1,<environment.Job instance at 0x7f1abedcf2d0>,7,24,[10  3],8,-1,32,-1,8
1,<environment.Job instance at 0x7f1abedcfc30>,9,3,[11  1],10,-1,13,-1,10
1,<environment.Job instance at 0x7f1abfa99c80>,13,21,[13  1],14,-1,35,-1,14
1,<environment.Job instance at 0x7f1abedcf690>,12,26,[5 5],13,-1,45,-1,19
1,<environment.Job instance at 0x7f1abfa997d0>,22,26,[ 3 11],23,-1,63,-1,37
1,<environment.Job instance at 0x7f1abfa994b0>,21,25,[9 4],22,-1,63,-1,38
1,<environment.Job instance at 0x7f1abfa990f0>,24,26,[12  4],25,-1,64,-1,38
1,<environment.Job instance at 0x7f1abfa99a00>,25,1,[12  4],26,-1,39,-1,38
1,<environment.Job instance at 0x7f1abfa99690>,26,26,[5 2],27,-1,64,-1,38
1,<environment.Job instance at 0x7f1abfa99cd0>,27,24,[9 3],28,-1,62,-1,38
1,<environment.Job instance at 0x7f1abfa99280>,28,26,[6 3],29,-1,64,-1,38
1,<environment.Job instance at 0x7f1abfab39b0>,30,20,[14  3],31,-1,58,-1,38
1,<environment.Job instance at 0x7f1abfab3f50>,38,25,[1 6],39,-1,109,-1,84
1,<environment.Job instance at 0x7f1abfab3550>,36,26,[2 6],37,-1,110,-1,84
1,<environment.Job instance at 0x7f1abf8bc780>,43,16,[13  3],44,-1,100,-1,84
1,<environment.Job instance at 0x7ff49a698b90>,2,14,[ 2 10],3,-1,18,-1,4
1,<environment.Job instance at 0x7ff4a3ce28c0>,3,22,[2 5],4,-1,26,-1,4
1,<environment.Job instance at 0x7ff49a69c1e0>,10,22,[8 1],11,-1,35,-1,13
1,<environment.Job instance at 0x7ff49a69c0a0>,12,23,[12  4],13,-1,36,-1,13
1,<environment.Job instance at 0x7ff49a69c3c0>,13,18,[5 9],14,-1,32,-1,14
1,<environment.Job instance at 0x7ff49a69c2d0>,14,21,[8 1],15,-1,38,-1,17
1,<environment.Job instance at 0x7ff49a69c6e0>,17,12,[5 1],18,-1,30,-1,18
1,<environment.Job instance at 0x7ff49a69c5a0>,16,18,[7 3],17,-1,36,-1,18
1,<environment.Job instance at 0x7ff49a69c7d0>,19,25,[5 9],20,-1,53,-1,28
1,<environment.Job instance at 0x7ff49a6a0140>,29,24,[4 7],30,-1,54,-1,30
1,<environment.Job instance at 0x7ff49a69c870>,21,18,[9 4],22,-1,57,-1,39
1,<environment.Job instance at 0x7ff49a6a0320>,32,21,[5 9],33,-1,61,-1,40
1,<environment.Job instance at 0x7ff49a698af0>,6,15,[ 2 14],7,-1,22,-1,7
1,<environment.Job instance at 0x7ff49a6d03c0>,8,2,[ 1 14],9,-1,11,-1,9
1,<environment.Job instance at 0x7ff49a693050>,7,26,[9 3],8,-1,44,-1,18
1,<environment.Job instance at 0x7ff49a6ec820>,12,23,[12  4],13,-1,41,-1,18
1,<environment.Job instance at 0x7ff49a690c30>,18,26,[7 4],19,-1,56,-1,30
1,<environment.Job instance at 0x7ff49a690e60>,19,25,[5 9],20,-1,66,-1,41
1,<environment.Job instance at 0x7ff49a8b2e60>,23,16,[12  2],24,-1,57,-1,41
1,<environment.Job instance at 0x7ff49a78a230>,28,17,[ 1 13],29,-1,65,-1,48
1,<environment.Job instance at 0x7ff49a71eb40>,29,24,[4 7],30,-1,75,-1,51
1,<environment.Job instance at 0x7ff49a7e0280>,30,26,[9 4],31,-1,77,-1,51
1,<environment.Job instance at 0x7ff49a7b82d0>,31,1,[ 2 14],32,-1,52,-1,51
1,<environment.Job instance at 0x7ff49a839910>,33,26,[3 6],34,-1,86,-1,60
1,<environment.Job instance at 0x7ff49a7bdb90>,38,24,[13  2],39,-1,87,-1,63
1,<environment.Job instance at 0x7ff49a7bdbe0>,40,26,[ 1 14],41,-1,100,-1,74
1,<environment.Job instance at 0x7ff49a7a49b0>,42,12,[ 5 12],43,-1,92,-1,80
1,<environment.Job instance at 0x7ff49a840e60>,45,12,[ 3 14],46,-1,104,-1,92
1,<environment.Job instance at 0x7ff499de2550>,0,28,[5 9],1,-1,29,-1,1
1,<environment.Job instance at 0x7ff49a75a050>,0,28,[5 9],1,-1,29,-1,1
1,<environment.Job instance at 0x7ff4a3ce27d0>,1,15,[ 2 13],2,-1,17,-1,2
1,<environment.Job instance at 0x7ff49a75ac30>,2,13,[11  4],3,-1,16,-1,3
1,<environment.Job instance at 0x7ff499fdde60>,6,22,[ 4 14],7,-1,29,-1,7
1,<environment.Job instance at 0x7ff499ea8c30>,9,27,[ 3 11],10,-1,37,-1,10
1,<environment.Job instance at 0x7ff499ea80a0>,10,23,[5 1],11,-1,34,-1,11
1,<environment.Job instance at 0x7ff499ea8870>,11,17,[12  4],12,-1,29,-1,12
1,<environment.Job instance at 0x7ff499eba280>,19,12,[13  1],20,-1,38,-1,26
1,<environment.Job instance at 0x7ff499eba370>,20,24,[8 1],21,-1,53,-1,29
1,<environment.Job instance at 0x7ff499e95b90>,21,2,[ 5 14],22,-1,31,-1,29
1,<environment.Job instance at 0x7ff499eb8410>,22,25,[1 8],23,-1,54,-1,29
1,<environment.Job instance at 0x7ff499e49190>,31,13,[ 3 14],32,-1,56,-1,43
1,<environment.Job instance at 0x7ff499ebda50>,37,28,[ 2 10],38,-1,87,-1,59
1,<environment.Job instance at 0x7ff499ebd190>,38,24,[6 5],39,-1,83,-1,59
1,<environment.Job instance at 0x7ff499eab2d0>,40,1,[ 3 11],41,-1,60,-1,59
1,<environment.Job instance at 0x7ff499eab6e0>,42,15,[ 2 13],43,-1,74,-1,59
1,<environment.Job instance at 0x7ff499e4db40>,43,26,[7 2],44,-1,98,-1,72
1,<environment.Job instance at 0x7ff499e4d960>,44,20,[13  4],45,-1,92,-1,72
1,<environment.Job instance at 0x7ff499eef2d0>,52,26,[6 4],53,-1,116,-1,90
1,<environment.Job instance at 0x7ff499cb4320>,1,17,[2 7],2,-1,19,-1,2
1,<environment.Job instance at 0x7ff499cb4d20>,4,17,[ 5 10],5,-1,22,-1,5
1,<environment.Job instance at 0x7ff499cb45f0>,5,16,[5 6],6,-1,22,-1,6
1,<environment.Job instance at 0x7ff499cb4cd0>,6,15,[ 2 10],7,-1,23,-1,8
1,<environment.Job instance at 0x7ff499cb4b40>,7,15,[11  5],8,-1,23,-1,8
1,<environment.Job instance at 0x7ff499cb4050>,9,17,[3 6],10,-1,27,-1,10
1,<environment.Job instance at 0x7ff499cb4e10>,14,16,[ 1 14],15,-1,47,-1,31
1,<environment.Job instance at 0x7ff499cb4280>,18,25,[4 8],19,-1,56,-1,31
1,<environment.Job instance at 0x7ff499d210a0>,22,15,[8 5],23,-1,46,-1,31
1,<environment.Job instance at 0x7ff499d21a00>,24,20,[10  2],25,-1,51,-1,31
1,<environment.Job instance at 0x7ff499d21c30>,26,19,[4 7],27,-1,51,-1,32
1,<environment.Job instance at 0x7ff499d21b40>,23,17,[12  1],24,-1,49,-1,32
1,<environment.Job instance at 0x7ff499d21910>,28,16,[14  3],29,-1,49,-1,33
1,<environment.Job instance at 0x7ff499d211e0>,29,19,[ 5 10],30,-1,52,-1,33
1,<environment.Job instance at 0x7ff499d210f0>,30,22,[ 4 10],31,-1,55,-1,33
1,<environment.Job instance at 0x7ff499d21190>,31,14,[1 7],32,-1,47,-1,33
1,<environment.Job instance at 0x7ff499cb4eb0>,21,18,[11  1],22,-1,51,-1,33
1,<environment.Job instance at 0x7ff499d21be0>,32,13,[4 8],33,-1,46,-1,33
1,<environment.Job instance at 0x7ff499d21370>,33,16,[8 4],34,-1,50,-1,34
1,<environment.Job instance at 0x7ff499cb40a0>,17,17,[8 5],18,-1,59,-1,42
1,<environment.Job instance at 0x7ff499d219b0>,38,13,[ 5 11],39,-1,68,-1,55
1,<environment.Job instance at 0x7ff499d21410>,39,13,[8 1],40,-1,68,-1,55
1,<environment.Job instance at 0x7ff499d38910>,43,27,[6 1],44,-1,93,-1,66
1,<environment.Job instance at 0x7ff499d38140>,45,14,[10  3],46,-1,80,-1,66
1,<environment.Job instance at 0x7ff499cb46e0>,15,18,[ 1 14],16,-1,84,-1,66
1,<environment.Job instance at 0x7ff499d38e10>,47,24,[6 2],48,-1,90,-1,66
1,<environment.Job instance at 0x7ff499d38870>,49,16,[5 8],50,-1,86,-1,70
1,<environment.Job instance at 0x7ff499d38d70>,50,23,[1 8],51,-1,93,-1,70
1,<environment.Job instance at 0x7ff499d38190>,51,27,[5 6],52,-1,97,-1,70
1,<environment.Job instance at 0x7ff499d38460>,52,20,[5 1],53,-1,90,-1,70
1,<environment.Job instance at 0x7ff4a3ce27d0>,0,2,[11  3],1,-1,3,-1,1
1,<environment.Job instance at 0x7ff499cb3b90>,7,15,[11  5],8,-1,23,-1,8
1,<environment.Job instance at 0x7ff499ca4aa0>,8,1,[14  4],9,-1,10,-1,9
1,<environment.Job instance at 0x7ff499ca4c30>,11,1,[ 4 14],12,-1,18,-1,17
1,<environment.Job instance at 0x7ff499ca4e10>,12,16,[ 5 12],13,-1,33,-1,17
1,<environment.Job instance at 0x7ff499cb4aa0>,14,16,[ 1 14],15,-1,35,-1,19
1,<environment.Job instance at 0x7ff499cb4960>,15,18,[ 1 14],16,-1,37,-1,19
1,<environment.Job instance at 0x7ff499cb43c0>,16,23,[1 9],17,-1,42,-1,19
1,<environment.Job instance at 0x7ff499cb47d0>,19,3,[11  3],20,-1,33,-1,30
1,<environment.Job instance at 0x7ff499d344b0>,20,15,[14  2],21,-1,45,-1,30
1,<environment.Job instance at 0x7ff499c96c80>,21,18,[11  1],22,-1,48,-1,30
1,<environment.Job instance at 0x7ff499d34af0>,18,25,[4 8],19,-1,59,-1,34
1,<environment.Job instance at 0x7ff499c96fa0>,23,17,[12  1],24,-1,51,-1,34
1,<environment.Job instance at 0x7ff499c968c0>,27,13,[ 4 11],28,-1,60,-1,47
1,<environment.Job instance at 0x7ff499c96410>,28,16,[14  3],29,-1,63,-1,47
1,<environment.Job instance at 0x7ff499c98730>,34,1,[13  1],35,-1,60,-1,59
1,<environment.Job instance at 0x7ff499c98140>,35,2,[ 1 12],36,-1,61,-1,59
1,<environment.Job instance at 0x7ff499c984b0>,38,13,[ 5 11],39,-1,85,-1,72
1,<environment.Job instance at 0x7ff499c98870>,44,27,[ 4 13],45,-1,116,-1,89
1,<environment.Job instance at 0x7ff49a1fa320>,0,18,[1 7],1,-1,19,-1,1
1,<environment.Job instance at 0x7ff49a1faaf0>,9,21,[8 2],10,-1,33,-1,12
1,<environment.Job instance at 0x7ff49a314aa0>,14,25,[5 6],15,-1,40,-1,15
1,<environment.Job instance at 0x7ff49a3140a0>,15,20,[1 8],16,-1,36,-1,16
1,<environment.Job instance at 0x7ff49a314dc0>,17,18,[5 6],18,-1,36,-1,18
1,<environment.Job instance at 0x7ff49a314c80>,18,16,[8 3],19,-1,35,-1,19
1,<environment.Job instance at 0x7ff49a314690>,22,20,[5 8],23,-1,43,-1,23
1,<environment.Job instance at 0x7ff49a314d20>,24,28,[1 8],25,-1,63,-1,35
1,<environment.Job instance at 0x7ff49a197820>,28,27,[4 6],29,-1,62,-1,35
1,<environment.Job instance at 0x7ff49a3143c0>,13,16,[ 5 10],14,-1,51,-1,35
1,<environment.Job instance at 0x7ff49a197c30>,30,20,[4 9],31,-1,55,-1,35
1,<environment.Job instance at 0x7ff49a314cd0>,11,18,[ 1 11],12,-1,53,-1,35
1,<environment.Job instance at 0x7ff49a197be0>,31,12,[2 7],32,-1,47,-1,35
1,<environment.Job instance at 0x7ff49a197280>,32,27,[12  5],33,-1,62,-1,35
1,<environment.Job instance at 0x7ff49a197eb0>,29,13,[2 9],30,-1,48,-1,35
1,<environment.Job instance at 0x7ff49a314370>,16,14,[11  4],17,-1,49,-1,35
1,<environment.Job instance at 0x7ff49a0ad0f0>,39,23,[5 8],40,-1,64,-1,41
1,<environment.Job instance at 0x7ff49a197960>,27,28,[7 4],28,-1,69,-1,41
1,<environment.Job instance at 0x7ff49a0adb40>,37,15,[ 2 10],38,-1,56,-1,41
1,<environment.Job instance at 0x7ff49a0ad780>,41,17,[7 1],42,-1,59,-1,42
1,<environment.Job instance at 0x7ff499c98410>,2,17,[13  5],3,-1,20,-1,3
1,<environment.Job instance at 0x7ff499c98d20>,3,13,[ 5 14],4,-1,17,-1,4
1,<environment.Job instance at 0x7ff499c96eb0>,11,18,[ 1 11],12,-1,34,-1,16
1,<environment.Job instance at 0x7ff499c96b40>,14,25,[5 6],15,-1,47,-1,22
1,<environment.Job instance at 0x7ff499cb3b90>,16,14,[11  4],17,-1,36,-1,22
1,<environment.Job instance at 0x7ff499c96fa0>,19,28,[11  2],20,-1,59,-1,31
1,<environment.Job instance at 0x7ff49a314af0>,23,27,[ 4 13],24,-1,72,-1,45
1,<environment.Job instance at 0x7ff49a0ada00>,25,12,[13  4],26,-1,65,-1,53
1,<environment.Job instance at 0x7ff49a0adb90>,26,12,[ 5 12],27,-1,65,-1,53
1,<environment.Job instance at 0x7ff4a3e55690>,27,28,[7 4],28,-1,81,-1,53
1,<environment.Job instance at 0x7ff499cadc30>,28,27,[4 6],29,-1,80,-1,53
1,<environment.Job instance at 0x7ff49a314550>,24,28,[1 8],25,-1,81,-1,53
1,<environment.Job instance at 0x7ff499cc5dc0>,32,27,[12  5],33,-1,80,-1,53
1,<environment.Job instance at 0x7ff49a1faf50>,38,3,[12  2],39,-1,75,-1,72
1,<environment.Job instance at 0x7ff49a1fa8c0>,39,23,[5 8],40,-1,101,-1,78
1,<environment.Job instance at 0x7ff49a1ac320>,42,21,[ 4 14],43,-1,99,-1,78
1,<environment.Job instance at 0x7ff49a1acdc0>,45,13,[12  1],46,-1,106,-1,93
1,<environment.Job instance at 0x7ff49a1accd0>,46,12,[14  3],47,-1,105,-1,93
1,<environment.Job instance at 0x7ff49a1ac960>,47,1,[ 4 11],48,-1,94,-1,93
1,<environment.Job instance at 0x7ff49a1aca50>,51,25,[7 5],52,-1,121,-1,96
1,<environment.Job instance at 0x7ff49a545500>,5,16,[ 4 11],6,-1,23,-1,7
1,<environment.Job instance at 0x7ff499c98f50>,6,17,[13  3],7,-1,24,-1,7
1,<environment.Job instance at 0x7ff49a0c9780>,8,20,[4 9],9,-1,30,-1,10
1,<environment.Job instance at 0x7ff49a0f7230>,12,13,[10  4],13,-1,26,-1,13
1,<environment.Job instance at 0x7ff49a0e2460>,13,23,[9 4],14,-1,37,-1,14
1,<environment.Job instance at 0x7ff49a0fc190>,20,14,[ 3 13],21,-1,43,-1,29
1,<environment.Job instance at 0x7ff49a0f7d20>,18,27,[9 5],19,-1,63,-1,36
1,<environment.Job instance at 0x7ff49a0cb910>,23,23,[12  5],24,-1,62,-1,39
1,<environment.Job instance at 0x7ff49a0f7690>,16,18,[5 5],17,-1,57,-1,39
1,<environment.Job instance at 0x7ff499c46be0>,1,15,[11  2],2,-1,17,-1,2
1,<environment.Job instance at 0x7ff499c46d70>,2,13,[ 1 12],3,-1,16,-1,3
1,<environment.Job instance at 0x7ff499c46c30>,5,16,[ 4 11],6,-1,22,-1,6
1,<environment.Job instance at 0x7ff499c463c0>,6,17,[13  3],7,-1,24,-1,7
1,<environment.Job instance at 0x7ff499c46dc0>,7,22,[ 3 11],8,-1,30,-1,8
1,<environment.Job instance at 0x7ff499c46c80>,9,13,[ 5 12],10,-1,23,-1,10
1,<environment.Job instance at 0x7ff499cb2960>,10,1,[ 5 11],11,-1,12,-1,11
1,<environment.Job instance at 0x7ff499cb22d0>,11,1,[12  4],12,-1,13,-1,12
1,<environment.Job instance at 0x7ff499c46eb0>,13,23,[9 4],14,-1,38,-1,15
1,<environment.Job instance at 0x7ff499cb2af0>,14,13,[ 3 14],15,-1,28,-1,15
1,<environment.Job instance at 0x7ff499cb2b90>,15,24,[ 4 14],16,-1,40,-1,16
1,<environment.Job instance at 0x7ff499cb21e0>,20,14,[ 3 13],21,-1,35,-1,21
1,<environment.Job instance at 0x7ff499cb24b0>,17,24,[7 3],18,-1,54,-1,30
1,<environment.Job instance at 0x7ff499cb2870>,18,27,[9 5],19,-1,57,-1,30
1,<environment.Job instance at 0x7ff499cb2f50>,23,23,[12  5],24,-1,53,-1,30
1,<environment.Job instance at 0x7ff499cb2a00>,24,13,[ 4 14],25,-1,43,-1,30
1,<environment.Job instance at 0x7ff499cb28c0>,25,19,[13  2],26,-1,49,-1,30
1,<environment.Job instance at 0x7ff499cb20a0>,21,26,[6 2],22,-1,56,-1,30
1,<environment.Job instance at 0x7ff49a245780>,31,18,[ 2 13],32,-1,50,-1,32
1,<environment.Job instance at 0x7ff49a32ad20>,36,17,[12  4],37,-1,73,-1,56
1,<environment.Job instance at 0x7ff49a1fa870>,37,25,[6 4],38,-1,90,-1,65
1,<environment.Job instance at 0x7ff49a1fa730>,39,3,[14  5],40,-1,68,-1,65
1,<environment.Job instance at 0x7ff49a1fa9b0>,41,24,[5 5],42,-1,100,-1,76
1,<environment.Job instance at 0x7ff499cc5320>,43,14,[ 2 11],44,-1,90,-1,76
1,<environment.Job instance at 0x7ff499cc5dc0>,45,28,[ 5 10],46,-1,117,-1,89
1,<environment.Job instance at 0x7ff499d2e0f0>,47,13,[ 5 11],48,-1,102,-1,89
1,<environment.Job instance at 0x7ff4a3e55640>,49,19,[ 4 14],50,-1,108,-1,89
1,<environment.Job instance at 0x7ff49a0adb90>,51,26,[ 3 12],52,-1,116,-1,90
1,<environment.Job instance at 0x7ff49a197870>,52,14,[ 3 14],53,-1,104,-1,90
1,<environment.Job instance at 0x7ff49a3e2410>,1,16,[10  1],2,-1,19,-1,3
1,<environment.Job instance at 0x7ff49a3e2910>,2,16,[7 1],3,-1,19,-1,3
1,<environment.Job instance at 0x7ff49a3e29b0>,5,25,[7 5],6,-1,31,-1,6
1,<environment.Job instance at 0x7ff49a512320>,6,19,[2 7],7,-1,27,-1,8
1,<environment.Job instance at 0x7ff49a5120a0>,13,17,[2 7],14,-1,34,-1,17
1,<environment.Job instance at 0x7ff49a512960>,17,16,[5 9],18,-1,34,-1,18
1,<environment.Job instance at 0x7ff49a5123c0>,18,18,[5 8],19,-1,37,-1,19
1,<environment.Job instance at 0x7ff499c96280>,4,24,[ 5 13],5,-1,29,-1,5
1,<environment.Job instance at 0x7ff499c965f0>,7,3,[ 5 13],8,-1,11,-1,8
1,<environment.Job instance at 0x7ff499c961e0>,8,18,[ 1 14],9,-1,27,-1,9
1,<environment.Job instance at 0x7ff499c96d70>,9,19,[14  4],10,-1,29,-1,10
1,<environment.Job instance at 0x7ff499c96fa0>,10,14,[14  2],11,-1,25,-1,11
1,<environment.Job instance at 0x7ff499c96af0>,5,25,[7 5],6,-1,39,-1,14
1,<environment.Job instance at 0x7ff49a0ad050>,16,27,[8 2],17,-1,57,-1,30
1,<environment.Job instance at 0x7ff49b1e9050>,21,23,[11  4],22,-1,75,-1,52
1,<environment.Job instance at 0x7ff49b1e9f50>,22,2,[ 5 13],23,-1,54,-1,52
1,<environment.Job instance at 0x7ff49a3e2b90>,23,1,[13  2],24,-1,53,-1,52
1,<environment.Job instance at 0x7ff49a3e23c0>,24,27,[2 8],25,-1,85,-1,58
1,<environment.Job instance at 0x7ff49a3e27d0>,25,18,[ 1 13],26,-1,76,-1,58
1,<environment.Job instance at 0x7ff49a10b2d0>,27,27,[13  4],28,-1,85,-1,58
1,<environment.Job instance at 0x7ff49a10baa0>,28,17,[13  4],29,-1,75,-1,58
1,<environment.Job instance at 0x7ff49a10b4b0>,29,13,[14  2],30,-1,71,-1,58
1,<environment.Job instance at 0x7ff49a10b910>,31,24,[10  1],32,-1,94,-1,70
1,<environment.Job instance at 0x7ff49a10b190>,37,1,[11  3],38,-1,75,-1,74
1,<environment.Job instance at 0x7ff49a10bd20>,38,25,[2 7],39,-1,108,-1,83
1,<environment.Job instance at 0x7ff49a109230>,1,14,[8 4],2,-1,17,-1,3
1,<environment.Job instance at 0x7ff49a3784b0>,4,25,[3 7],5,-1,30,-1,5
1,<environment.Job instance at 0x7ff49b1c8870>,2,14,[9 2],3,-1,19,-1,5
1,<environment.Job instance at 0x7ff49a378960>,9,18,[6 2],10,-1,28,-1,10
1,<environment.Job instance at 0x7ff49a378a50>,10,19,[6 3],11,-1,30,-1,11
1,<environment.Job instance at 0x7ff49a378af0>,11,25,[3 9],12,-1,37,-1,12
1,<environment.Job instance at 0x7ff49a3721e0>,20,16,[9 2],21,-1,37,-1,21
1,<environment.Job instance at 0x7ff49a372230>,21,15,[10  3],22,-1,43,-1,28
1,<environment.Job instance at 0x7ff49a372500>,26,14,[ 4 13],27,-1,42,-1,28
1,<environment.Job instance at 0x7ff49a378f50>,19,24,[13  2],20,-1,52,-1,28
1,<environment.Job instance at 0x7ff49a047190>,0,20,[ 2 11],1,-1,21,-1,1
1,<environment.Job instance at 0x7ff49a047f50>,4,25,[3 7],5,-1,32,-1,7
1,<environment.Job instance at 0x7ff49a138500>,14,23,[2 8],15,-1,47,-1,24
1,<environment.Job instance at 0x7ff49a047820>,11,25,[3 9],12,-1,54,-1,29
1,<environment.Job instance at 0x7ff49a138dc0>,17,27,[5 7],18,-1,59,-1,32
1,<environment.Job instance at 0x7ff49a138780>,19,24,[13  2],20,-1,56,-1,32
1,<environment.Job instance at 0x7ff49a1388c0>,23,15,[11  4],24,-1,48,-1,33
1,<environment.Job instance at 0x7ff49a138e60>,26,14,[ 4 13],27,-1,65,-1,51
1,<environment.Job instance at 0x7ff49a081370>,30,15,[12  2],31,-1,79,-1,64
1,<environment.Job instance at 0x7ff49a1385a0>,29,28,[9 2],30,-1,93,-1,65
1,<environment.Job instance at 0x7ff49a0815a0>,42,14,[11  4],43,-1,112,-1,98
1,<environment.Job instance at 0x7ff49a0810a0>,43,14,[14  5],44,-1,112,-1,98
1,<environment.Job instance at 0x7ff49a311140>,1,26,[6 3],2,-1,28,-1,2
1,<environment.Job instance at 0x7ff49a311a00>,9,21,[5 4],10,-1,37,-1,16
1,<environment.Job instance at 0x7ff49a524190>,15,25,[9 2],16,-1,43,-1,18
1,<environment.Job instance at 0x7ff49a524550>,17,19,[4 9],18,-1,37,-1,18
1,<environment.Job instance at 0x7ff49a524eb0>,12,18,[14  1],13,-1,39,-1,21
1,<environment.Job instance at 0x7ff49a524460>,13,24,[14  1],14,-1,47,-1,23
1,<environment.Job instance at 0x7ff49acf4500>,21,20,[ 3 12],22,-1,47,-1,27
1,<environment.Job instance at 0x7ff49acf4eb0>,19,12,[10  1],20,-1,40,-1,28
1,<environment.Job instance at 0x7ff49acf4190>,22,19,[10  1],23,-1,47,-1,28
1,<environment.Job instance at 0x7ff49a5249b0>,16,18,[ 1 12],17,-1,46,-1,28
1,<environment.Job instance at 0x7ff49acf4f50>,27,16,[9 1],28,-1,47,-1,31
1,<environment.Job instance at 0x7ff49a1f7b90>,30,12,[9 3],31,-1,47,-1,35
1,<environment.Job instance at 0x7ff49a1f70f0>,34,17,[2 6],35,-1,53,-1,36
1,<environment.Job instance at 0x7ff49acf42d0>,26,19,[13  1],27,-1,56,-1,37
1,<environment.Job instance at 0x7ff49a1f7e10>,35,17,[5 4],36,-1,54,-1,37
1,<environment.Job instance at 0x7ff49a1f7870>,37,22,[8 3],38,-1,60,-1,38
1,<environment.Job instance at 0x7ff49a1f7be0>,36,26,[7 1],37,-1,65,-1,39
1,<environment.Job instance at 0x7ff49acf4870>,20,17,[6 3],21,-1,56,-1,39
1,<environment.Job instance at 0x7ff49a1f7690>,33,12,[6 4],34,-1,51,-1,39
1,<environment.Job instance at 0x7ff49a1f7aa0>,39,17,[8 2],40,-1,57,-1,40
1,<environment.Job instance at 0x7ff49a1f7640>,41,21,[6 2],42,-1,63,-1,42
1,<environment.Job instance at 0x7ff49a1f7eb0>,38,15,[5 5],39,-1,58,-1,43
1,<environment.Job instance at 0x7ff49a1f7b40>,46,23,[5 9],47,-1,70,-1,47
1,<environment.Job instance at 0x7ff49a372050>,0,1,[ 2 11],1,-1,2,-1,1
1,<environment.Job instance at 0x7ff49a3722d0>,1,26,[6 3],2,-1,28,-1,2
1,<environment.Job instance at 0x7ff49a4cc460>,4,16,[13  3],5,-1,21,-1,5
1,<environment.Job instance at 0x7ff49a4ea460>,6,2,[ 2 13],7,-1,9,-1,7
1,<environment.Job instance at 0x7ff49a0f7730>,7,15,[ 2 12],8,-1,23,-1,8
1,<environment.Job instance at 0x7ff49a5125a0>,11,3,[ 3 13],12,-1,15,-1,12
1,<environment.Job instance at 0x7ff49a1385a0>,12,18,[14  1],13,-1,31,-1,13
1,<environment.Job instance at 0x7ff49a1387d0>,13,24,[14  1],14,-1,38,-1,14
1,<environment.Job instance at 0x7ff49a138c30>,16,18,[ 1 12],17,-1,35,-1,17
1,<environment.Job instance at 0x7ff49a16cfa0>,15,25,[9 2],16,-1,53,-1,28
1,<environment.Job instance at 0x7ff49a138690>,21,20,[ 3 12],22,-1,50,-1,30
1,<environment.Job instance at 0x7ff49a1385f0>,24,3,[13  1],25,-1,45,-1,42
1,<environment.Job instance at 0x7ff49a138a00>,26,19,[13  1],27,-1,61,-1,42
1,<environment.Job instance at 0x7ff49a138b90>,28,28,[4 5],29,-1,82,-1,54
1,<environment.Job instance at 0x7ff49a047b40>,36,26,[7 1],37,-1,105,-1,79
1,<environment.Job instance at 0x7ff49a047320>,40,3,[ 2 12],41,-1,91,-1,88
1,<environment.Job instance at 0x7ff49a047640>,42,18,[14  5],43,-1,114,-1,96
1,<environment.Job instance at 0x7ff499da3370>,0,18,[9 1],1,-1,21,-1,3
1,<environment.Job instance at 0x7ff499da3c80>,5,20,[3 9],6,-1,26,-1,6
1,<environment.Job instance at 0x7ff499da3d20>,8,19,[6 5],9,-1,35,-1,16
1,<environment.Job instance at 0x7ff49a9c6aa0>,16,18,[ 1 10],17,-1,35,-1,17
1,<environment.Job instance at 0x7ff49a9c6140>,18,18,[5 9],19,-1,37,-1,19
1,<environment.Job instance at 0x7ff49a9c6190>,20,18,[3 7],21,-1,40,-1,22
1,<environment.Job instance at 0x7ff49a575190>,23,15,[11  1],24,-1,41,-1,26
1,<environment.Job instance at 0x7ff499f66a50>,25,22,[2 5],26,-1,48,-1,26
1,<environment.Job instance at 0x7ff49a06a690>,1,3,[ 1 13],2,-1,5,-1,2
1,<environment.Job instance at 0x7ff49a395af0>,3,14,[ 1 12],4,-1,18,-1,4
1,<environment.Job instance at 0x7ff49a57e1e0>,4,15,[ 4 14],5,-1,20,-1,5
1,<environment.Job instance at 0x7ff49a8057d0>,6,28,[ 4 14],7,-1,35,-1,7
1,<environment.Job instance at 0x7ff49a57ef00>,7,21,[ 5 12],8,-1,29,-1,8
1,<environment.Job instance at 0x7ff49a2da460>,11,27,[3 8],12,-1,44,-1,17
1,<environment.Job instance at 0x7ff499e42eb0>,19,27,[10  4],20,-1,47,-1,20
1,<environment.Job instance at 0x7ff49aa150a0>,21,27,[ 1 14],22,-1,49,-1,22
1,<environment.Job instance at 0x7ff49ad98af0>,23,15,[11  1],24,-1,39,-1,24
1,<environment.Job instance at 0x7ff49ad98500>,24,3,[ 3 13],25,-1,28,-1,25
1,<environment.Job instance at 0x7ff49ae9d0a0>,26,21,[ 4 14],27,-1,48,-1,27
1,<environment.Job instance at 0x7ff49ad98690>,30,18,[ 2 11],31,-1,56,-1,38
1,<environment.Job instance at 0x7ff49a036910>,31,17,[11  4],32,-1,55,-1,38
1,<environment.Job instance at 0x7ff499c3f2d0>,32,14,[ 4 14],33,-1,52,-1,38
1,<environment.Job instance at 0x7ff4a38205f0>,33,28,[12  5],34,-1,66,-1,38
1,<environment.Job instance at 0x7ff49a3f7730>,34,13,[12  5],35,-1,51,-1,38
1,<environment.Job instance at 0x7ff49a3c90a0>,35,12,[11  5],36,-1,50,-1,38
1,<environment.Job instance at 0x7ff499d668c0>,40,14,[ 4 11],41,-1,69,-1,55
1,<environment.Job instance at 0x7ff49a719690>,41,18,[ 3 12],42,-1,73,-1,55
1,<environment.Job instance at 0x7ff49ae87d70>,43,26,[8 5],44,-1,84,-1,58
1,<environment.Job instance at 0x7ff49aa073c0>,45,18,[13  1],46,-1,76,-1,58
1,<environment.Job instance at 0x7ff49b20b9b0>,48,24,[8 5],49,-1,103,-1,79
1,<environment.Job instance at 0x7ff49a0ad050>,51,16,[ 2 13],52,-1,96,-1,80
1,<environment.Job instance at 0x7ff4a3888190>,1,21,[4 8],2,-1,23,-1,2
1,<environment.Job instance at 0x7ff4a3888280>,7,14,[10  4],8,-1,23,-1,9
1,<environment.Job instance at 0x7ff499de61e0>,9,20,[8 4],10,-1,30,-1,10
1,<environment.Job instance at 0x7ff499de6b40>,12,27,[1 6],13,-1,40,-1,13
1,<environment.Job instance at 0x7ff49ac8bd20>,13,27,[8 5],14,-1,41,-1,14
1,<environment.Job instance at 0x7ff49ac8b0a0>,15,17,[1 5],16,-1,33,-1,16
1,<environment.Job instance at 0x7ff49ac8b730>,18,17,[3 5],19,-1,36,-1,19
1,<environment.Job instance at 0x7ff49ac8b4b0>,19,16,[5 2],20,-1,36,-1,20
1,<environment.Job instance at 0x7ff49ac8b640>,20,27,[5 2],21,-1,48,-1,21
1,<environment.Job instance at 0x7ff49ac8b550>,28,24,[4 6],29,-1,53,-1,29
1,<environment.Job instance at 0x7ff499de6cd0>,23,26,[10  5],24,-1,69,-1,43
1,<environment.Job instance at 0x7ff49a77bd20>,8,17,[ 3 11],9,-1,60,-1,43
1,<environment.Job instance at 0x7ff49ac8bb90>,30,18,[11  2],31,-1,61,-1,43
1,<environment.Job instance at 0x7ff49a372050>,2,13,[14  2],3,-1,16,-1,3
1,<environment.Job instance at 0x7ff49a0adb90>,3,16,[ 4 14],4,-1,20,-1,4
1,<environment.Job instance at 0x7ff49a91caf0>,5,14,[13  3],6,-1,20,-1,6
1,<environment.Job instance at 0x7ff49a0ad8c0>,8,17,[ 3 11],9,-1,26,-1,9
1,<environment.Job instance at 0x7ff49a0231e0>,12,27,[1 6],13,-1,42,-1,15
1,<environment.Job instance at 0x7ff49a3c90a0>,13,27,[8 5],14,-1,42,-1,15
1,<environment.Job instance at 0x7ff49ad98e10>,16,13,[ 3 14],17,-1,30,-1,17
1,<environment.Job instance at 0x7ff49988ee60>,20,27,[5 2],21,-1,59,-1,32
1,<environment.Job instance at 0x7ff4998f9190>,21,13,[13  5],22,-1,45,-1,32
1,<environment.Job instance at 0x7ff4998f8dc0>,22,17,[13  3],23,-1,49,-1,32
1,<environment.Job instance at 0x7ff49a3d3f50>,23,26,[10  5],24,-1,58,-1,32
1,<environment.Job instance at 0x7ff4998b26e0>,25,2,[ 2 12],26,-1,34,-1,32
1,<environment.Job instance at 0x7ff4a384d8c0>,27,17,[11  4],28,-1,52,-1,35
1,<environment.Job instance at 0x7ff4a384daa0>,29,15,[ 2 13],30,-1,53,-1,38
1,<environment.Job instance at 0x7ff49a161140>,30,18,[11  2],31,-1,56,-1,38
1,<environment.Job instance at 0x7ff4a384d550>,28,24,[4 6],29,-1,69,-1,45
1,<environment.Job instance at 0x7ff49a16c640>,33,18,[14  1],34,-1,63,-1,45
1,<environment.Job instance at 0x7ff499b24d70>,34,23,[ 1 11],35,-1,68,-1,45
1,<environment.Job instance at 0x7ff499b24140>,35,1,[ 3 12],36,-1,46,-1,45
1,<environment.Job instance at 0x7ff49a95ad70>,39,13,[ 3 11],40,-1,78,-1,65
1,<environment.Job instance at 0x7ff49b20b910>,42,15,[11  2],43,-1,94,-1,79
1,<environment.Job instance at 0x7ff49a1834b0>,44,25,[7 2],45,-1,114,-1,89
1,<environment.Job instance at 0x7ff49a6a0dc0>,46,12,[ 3 12],47,-1,101,-1,89
1,<environment.Job instance at 0x7ff49a4c87d0>,47,15,[11  5],48,-1,104,-1,89
1,<environment.Job instance at 0x7ff49b1ece60>,49,16,[13  2],50,-1,105,-1,89
1,<environment.Job instance at 0x7ff4a3837f50>,51,19,[12  5],52,-1,113,-1,94
1,<environment.Job instance at 0x7ff499b83410>,0,17,[6 4],1,-1,18,-1,1
1,<environment.Job instance at 0x7ff499b83aa0>,1,17,[1 6],2,-1,19,-1,2
1,<environment.Job instance at 0x7ff499b83280>,2,18,[5 5],3,-1,21,-1,3
1,<environment.Job instance at 0x7ff499b83f00>,3,18,[ 3 10],4,-1,23,-1,5
1,<environment.Job instance at 0x7ff49a2fa690>,5,27,[5 4],6,-1,33,-1,6
1,<environment.Job instance at 0x7ff49a2fa0a0>,6,28,[7 5],7,-1,35,-1,7
1,<environment.Job instance at 0x7ff49ae942d0>,4,13,[8 4],5,-1,21,-1,8
1,<environment.Job instance at 0x7ff499d1cf50>,9,16,[2 5],10,-1,27,-1,11
1,<environment.Job instance at 0x7ff499d1c7d0>,12,26,[8 5],13,-1,39,-1,13
1,<environment.Job instance at 0x7ff499d1cc30>,14,14,[3 7],15,-1,29,-1,15
1,<environment.Job instance at 0x7ff49afeeaa0>,19,17,[2 9],20,-1,37,-1,20
1,<environment.Job instance at 0x7ff4a387ec30>,22,17,[8 4],23,-1,40,-1,23
1,<environment.Job instance at 0x7ff49abf5af0>,28,27,[5 3],29,-1,98,-1,71
1,<environment.Job instance at 0x7ff499f020a0>,32,18,[12  1],33,-1,89,-1,71
1,<environment.Job instance at 0x7ff49a239b40>,38,27,[5 1],39,-1,99,-1,72
1,<environment.Job instance at 0x7ff499f02910>,31,24,[5 4],32,-1,96,-1,72
1,<environment.Job instance at 0x7ff49a2391e0>,39,15,[5 5],40,-1,87,-1,72
1,<environment.Job instance at 0x7ff49a20cc80>,37,14,[4 6],38,-1,86,-1,72
1,<environment.Job instance at 0x7ff49aa6c5f0>,44,19,[6 3],45,-1,91,-1,72
1,<environment.Job instance at 0x7ff49a5524b0>,47,27,[6 5],48,-1,99,-1,72
1,<environment.Job instance at 0x7ff49aa6c820>,41,2,[ 5 12],42,-1,74,-1,72
1,<environment.Job instance at 0x7ff49aa6c3c0>,40,14,[5 9],41,-1,89,-1,75
1,<environment.Job instance at 0x7ff499facd70>,50,17,[14  4],51,-1,94,-1,77
1,<environment.Job instance at 0x7ff49a2da6e0>,35,17,[ 5 13],36,-1,94,-1,77
1,<environment.Job instance at 0x7ff49a552370>,49,18,[9 1],50,-1,95,-1,77
1,<environment.Job instance at 0x7ff499fac780>,53,16,[ 1 13],54,-1,93,-1,77
1,<environment.Job instance at 0x7ff499fac820>,54,25,[4 7],55,-1,102,-1,77
1,<environment.Job instance at 0x7ff499fac230>,55,18,[2 9],56,-1,95,-1,77
1,<environment.Job instance at 0x7ff499fac140>,56,12,[13  5],57,-1,89,-1,77
1,<environment.Job instance at 0x7ff499facaf0>,57,22,[14  4],58,-1,99,-1,77
1,<environment.Job instance at 0x7ff499fac190>,58,27,[5 3],59,-1,104,-1,77
1,<environment.Job instance at 0x7ff49aa6c2d0>,43,24,[7 4],44,-1,102,-1,78
1,<environment.Job instance at 0x7ff49a6d7be0>,61,13,[7 1],62,-1,91,-1,78
1,<environment.Job instance at 0x7ff499ecadc0>,63,13,[2 9],64,-1,91,-1,78
1,<environment.Job instance at 0x7ff49a886050>,65,13,[1 6],66,-1,92,-1,79
1,<environment.Job instance at 0x7ff49a886f00>,66,22,[5 3],67,-1,101,-1,79
1,<environment.Job instance at 0x7ff49a886eb0>,67,14,[4 6],68,-1,93,-1,79
1,<environment.Job instance at 0x7ff49afee050>,15,13,[13  5],16,-1,92,-1,79
1,<environment.Job instance at 0x7ff49a5b6460>,68,14,[13  1],69,-1,93,-1,79
1,<environment.Job instance at 0x7ff49abf5230>,27,22,[13  5],28,-1,101,-1,79
1,<environment.Job instance at 0x7ff499fac870>,51,14,[5 7],52,-1,93,-1,79
1,<environment.Job instance at 0x7ff49a5b6b90>,69,18,[2 8],70,-1,97,-1,79
1,<environment.Job instance at 0x7ff49a5b65a0>,70,26,[5 1],71,-1,105,-1,79
1,<environment.Job instance at 0x7ff49a552f00>,48,18,[6 4],49,-1,97,-1,79
1,<environment.Job instance at 0x7ff49a9c62d0>,72,27,[7 3],73,-1,106,-1,79
1,<environment.Job instance at 0x7ff49a06a5f0>,74,25,[3 8],75,-1,104,-1,79
1,<environment.Job instance at 0x7ff49a06afa0>,71,15,[7 1],72,-1,95,-1,80
1,<environment.Job instance at 0x7ff49acd26e0>,76,17,[7 4],77,-1,98,-1,81
1,<environment.Job instance at 0x7ff49aa1b370>,75,17,[7 1],76,-1,98,-1,81
1,<environment.Job instance at 0x7ff499f6db90>,78,24,[7 5],79,-1,105,-1,81
1,<environment.Job instance at 0x7ff49ad78e10>,5,27,[5 4],6,-1,45,-1,18
1,<environment.Job instance at 0x7ff49a7eb4b0>,8,28,[14  2],9,-1,46,-1,18
1,<environment.Job instance at 0x7ff49a3c33c0>,11,22,[ 5 14],12,-1,41,-1,19
1,<environment.Job instance at 0x7ff499cc55f0>,12,26,[8 5],13,-1,57,-1,31
1,<environment.Job instance at 0x7ff49ad780a0>,6,28,[7 5],7,-1,59,-1,31
1,<environment.Job instance at 0x7ff49b1ece60>,15,13,[13  5],16,-1,44,-1,31
1,<environment.Job instance at 0x7ff499d28f00>,16,14,[ 2 13],17,-1,45,-1,31
1,<environment.Job instance at 0x7ff4998b27d0>,18,1,[13  3],19,-1,33,-1,32
1,<environment.Job instance at 0x7ff49ad98500>,23,2,[ 4 12],24,-1,48,-1,46
1,<environment.Job instance at 0x7ff49ad98e10>,26,1,[ 5 12],27,-1,54,-1,53
1,<environment.Job instance at 0x7ff49ad981e0>,27,22,[13  5],28,-1,75,-1,53
1,<environment.Job instance at 0x7ff499cafaa0>,28,27,[5 3],29,-1,87,-1,60
1,<environment.Job instance at 0x7ff49a0231e0>,31,24,[5 4],32,-1,98,-1,74
1,<environment.Job instance at 0x7ff49a0361e0>,32,18,[12  1],33,-1,92,-1,74
1,<environment.Job instance at 0x7ff49aa6c690>,34,13,[ 5 14],35,-1,87,-1,74
1,<environment.Job instance at 0x7ff49a6d7c30>,35,17,[ 5 13],36,-1,91,-1,74
1,<environment.Job instance at 0x7ff49abf5d70>,36,3,[12  5],37,-1,77,-1,74
1,<environment.Job instance at 0x7ff49a06af50>,38,27,[5 1],39,-1,110,-1,83
1,<environment.Job instance at 0x7ff499f6dbe0>,41,2,[ 5 12],42,-1,99,-1,97
1,<environment.Job instance at 0x7ff49affab90>,2,21,[4 5],3,-1,24,-1,3
1,<environment.Job instance at 0x7ff49affa2d0>,3,16,[10  1],4,-1,21,-1,5
1,<environment.Job instance at 0x7ff49aad3d20>,4,18,[8 2],5,-1,23,-1,5
1,<environment.Job instance at 0x7ff49affab40>,5,18,[2 8],6,-1,24,-1,6
1,<environment.Job instance at 0x7ff49ae42b40>,10,18,[9 1],11,-1,29,-1,11
1,<environment.Job instance at 0x7ff49ae42820>,12,12,[9 1],13,-1,26,-1,14
1,<environment.Job instance at 0x7ff49ae421e0>,14,20,[ 4 11],15,-1,35,-1,15
1,<environment.Job instance at 0x7ff49affa190>,13,19,[1 9],14,-1,36,-1,17
1,<environment.Job instance at 0x7ff49ae42f00>,19,21,[4 5],20,-1,42,-1,21
1,<environment.Job instance at 0x7ff49ade7aa0>,24,25,[ 3 10],25,-1,94,-1,69
1,<environment.Job instance at 0x7ff49a7b8280>,11,3,[ 4 13],12,-1,25,-1,22
1,<environment.Job instance at 0x7ff49a7b80a0>,14,20,[ 4 11],15,-1,57,-1,37
1,<environment.Job instance at 0x7ff49a7b8af0>,15,15,[ 5 14],16,-1,52,-1,37
1,<environment.Job instance at 0x7ff49a7b8820>,17,12,[11  5],18,-1,50,-1,38
1,<environment.Job instance at 0x7ff49a822550>,23,25,[1 5],24,-1,82,-1,57
1,<environment.Job instance at 0x7ff49a4ec0f0>,25,18,[ 2 11],26,-1,76,-1,58
1,<environment.Job instance at 0x7ff49a4ec050>,24,25,[ 3 10],25,-1,83,-1,58
1,<environment.Job instance at 0x7ff49a7ad9b0>,28,20,[ 4 13],29,-1,78,-1,58
1,<environment.Job instance at 0x7ff49a7ad960>,29,17,[11  4],30,-1,75,-1,58
1,<environment.Job instance at 0x7ff49a8226e0>,21,28,[7 3],22,-1,95,-1,67
1,<environment.Job instance at 0x7ff49a4e5280>,32,23,[9 2],33,-1,90,-1,67
1,<environment.Job instance at 0x7ff49a7c6140>,18,28,[8 5],19,-1,95,-1,67
1,<environment.Job instance at 0x7ff49a4efaf0>,39,27,[ 1 14],40,-1,112,-1,85
1,<environment.Job instance at 0x7ff49a4e76e0>,43,22,[12  2],44,-1,112,-1,90
1,<environment.Job instance at 0x7ff49a4e7780>,44,27,[7 4],45,-1,118,-1,91
1,<environment.Job instance at 0x7ff49a6cf9b0>,6,21,[9 5],7,-1,29,-1,8
1,<environment.Job instance at 0x7ff49a6cf280>,8,18,[4 5],9,-1,27,-1,9
1,<environment.Job instance at 0x7ff49a6cfc80>,14,17,[10  4],15,-1,43,-1,26
1,<environment.Job instance at 0x7ff49a6cf820>,21,22,[1 9],22,-1,48,-1,26
1,<environment.Job instance at 0x7ff49a6cf2d0>,20,23,[6 2],21,-1,49,-1,26
1,<environment.Job instance at 0x7ff49a6cf730>,17,28,[9 4],18,-1,54,-1,26
1,<environment.Job instance at 0x7ff49a11b9b0>,7,12,[ 4 14],8,-1,38,-1,26
1,<environment.Job instance at 0x7ff49a6f10f0>,24,24,[3 9],25,-1,51,-1,27
1,<environment.Job instance at 0x7ff49a6f18c0>,23,24,[10  4],24,-1,51,-1,27
1,<environment.Job instance at 0x7ff49a6cffa0>,9,18,[14  1],10,-1,45,-1,27
1,<environment.Job instance at 0x7ff49a6f1690>,25,18,[ 3 12],26,-1,45,-1,27
1,<environment.Job instance at 0x7ff49a6f1dc0>,28,21,[9 5],29,-1,50,-1,29
1,<environment.Job instance at 0x7ff49a6f1a50>,29,17,[10  3],30,-1,47,-1,30
1,<environment.Job instance at 0x7ff49a6f1c80>,30,24,[7 4],31,-1,55,-1,31
1,<environment.Job instance at 0x7ff49a6cff50>,12,13,[ 5 12],13,-1,47,-1,34
1,<environment.Job instance at 0x7ff49a09ce10>,34,17,[3 8],35,-1,52,-1,35
1,<environment.Job instance at 0x7ff49a09cbe0>,35,15,[ 5 10],36,-1,51,-1,36
1,<environment.Job instance at 0x7ff49a6f11e0>,33,15,[6 4],34,-1,51,-1,36
1,<environment.Job instance at 0x7ff49a09cf50>,36,19,[5 4],37,-1,57,-1,38
1,<environment.Job instance at 0x7ff49a02c460>,39,18,[9 2],40,-1,58,-1,40
1,<environment.Job instance at 0x7ff49b2e7b90>,40,24,[5 9],41,-1,65,-1,41
1,<environment.Job instance at 0x7ff49b2e7c30>,41,16,[10  3],42,-1,58,-1,42
1,<environment.Job instance at 0x7ff49b2e7a50>,42,23,[3 9],43,-1,66,-1,43
1,<environment.Job instance at 0x7ff49b2e74b0>,43,26,[8 5],44,-1,70,-1,44
1,<environment.Job instance at 0x7ff49a02c7d0>,45,15,[6 5],46,-1,64,-1,49
1,<environment.Job instance at 0x7ff4a38b24b0>,52,20,[3 6],53,-1,73,-1,53
1,<environment.Job instance at 0x7ff4a38b25f0>,53,18,[ 3 10],54,-1,72,-1,54
1,<environment.Job instance at 0x7ff499e305a0>,0,15,[ 3 14],1,-1,16,-1,1
1,<environment.Job instance at 0x7ff499d58370>,1,18,[13  2],2,-1,20,-1,2
1,<environment.Job instance at 0x7ff499d58910>,2,1,[12  5],3,-1,4,-1,3
1,<environment.Job instance at 0x7ff49a12f870>,7,12,[ 4 14],8,-1,20,-1,8
1,<environment.Job instance at 0x7ff49a1f39b0>,9,18,[14  1],10,-1,28,-1,10
1,<environment.Job instance at 0x7ff49a12fe10>,11,15,[12  1],12,-1,27,-1,12
1,<environment.Job instance at 0x7ff49a342690>,12,13,[ 5 12],13,-1,26,-1,13
1,<environment.Job instance at 0x7ff49b206e60>,17,28,[9 4],18,-1,55,-1,27
1,<environment.Job instance at 0x7ff49b21bf50>,19,1,[ 3 13],20,-1,28,-1,27
1,<environment.Job instance at 0x7ff49a1f5a00>,20,23,[6 2],21,-1,52,-1,29
1,<environment.Job instance at 0x7ff49a1fcaf0>,24,24,[3 9],25,-1,60,-1,36
1,<environment.Job instance at 0x7ff49a11eb40>,25,18,[ 3 12],26,-1,54,-1,36
1,<environment.Job instance at 0x7ff49acb20f0>,26,18,[13  3],27,-1,54,-1,36
1,<environment.Job instance at 0x7ff49a1ed140>,30,24,[7 4],31,-1,69,-1,45
1,<environment.Job instance at 0x7ff49a1ed8c0>,31,19,[ 5 13],32,-1,64,-1,45
1,<environment.Job instance at 0x7ff49b21b410>,23,24,[10  4],24,-1,69,-1,45
1,<environment.Job instance at 0x7ff49a1f8050>,40,24,[5 9],41,-1,107,-1,83
1,<environment.Job instance at 0x7ff499f4d870>,7,17,[3 7],8,-1,25,-1,8
1,<environment.Job instance at 0x7ff499e15d20>,9,18,[2 6],10,-1,29,-1,11
1,<environment.Job instance at 0x7ff49a214a00>,11,25,[5 7],12,-1,37,-1,12
1,<environment.Job instance at 0x7ff49a214500>,12,17,[1 6],13,-1,30,-1,13
1,<environment.Job instance at 0x7ff499d7b8c0>,0,18,[13  1],1,-1,19,-1,1
1,<environment.Job instance at 0x7ff49aa96230>,2,14,[ 1 14],3,-1,17,-1,3
1,<environment.Job instance at 0x7ff499e26370>,5,25,[8 3],6,-1,32,-1,7
1,<environment.Job instance at 0x7ff499e26050>,8,24,[11  1],9,-1,33,-1,9
1,<environment.Job instance at 0x7ff499eb7af0>,11,25,[5 7],12,-1,40,-1,15
1,<environment.Job instance at 0x7ff49ad3f780>,13,18,[11  2],14,-1,33,-1,15
1,<environment.Job instance at 0x7ff499e305a0>,16,14,[12  3],17,-1,31,-1,17
1,<environment.Job instance at 0x7ff499d58fa0>,19,28,[4 5],20,-1,68,-1,40
1,<environment.Job instance at 0x7ff49a2144b0>,24,24,[14  3],25,-1,74,-1,50
1,<environment.Job instance at 0x7ff49b1eceb0>,26,2,[14  2],27,-1,53,-1,51
1,<environment.Job instance at 0x7ff49b284460>,31,26,[ 5 11],32,-1,97,-1,71
1,<environment.Job instance at 0x7ff49b284280>,34,26,[2 7],35,-1,98,-1,72
1,<environment.Job instance at 0x7ff49b284230>,39,26,[ 1 10],40,-1,113,-1,87
1,<environment.Job instance at 0x7ff49b284730>,38,26,[5 4],39,-1,118,-1,92
1,<environment.Job instance at 0x7ff49b2845f0>,33,23,[10  4],34,-1,115,-1,92
1,<environment.Job instance at 0x7ff49b284e60>,44,28,[14  3],45,-1,120,-1,92
1,<environment.Job instance at 0x7ff499f84af0>,2,22,[8 5],3,-1,26,-1,4
1,<environment.Job instance at 0x7ff499f84f00>,4,14,[8 2],5,-1,19,-1,5
1,<environment.Job instance at 0x7ff499f75550>,6,17,[10  3],7,-1,24,-1,7
1,<environment.Job instance at 0x7ff499f75a00>,8,12,[9 4],9,-1,21,-1,9
1,<environment.Job instance at 0x7ff499f75aa0>,9,18,[5 3],10,-1,28,-1,10
1,<environment.Job instance at 0x7ff499f67780>,10,20,[5 4],11,-1,31,-1,11
1,<environment.Job instance at 0x7ff499d3c550>,11,23,[8 1],12,-1,35,-1,12
1,<environment.Job instance at 0x7ff499d33f00>,18,22,[4 5],19,-1,41,-1,19
1,<environment.Job instance at 0x7ff49ab70f50>,19,23,[3 6],20,-1,43,-1,20
1,<environment.Job instance at 0x7ff49b2bafa0>,1,12,[11  2],2,-1,14,-1,2
1,<environment.Job instance at 0x7ff49b28c4b0>,3,19,[ 5 11],4,-1,23,-1,4
1,<environment.Job instance at 0x7ff49b2ba6e0>,5,1,[ 1 12],6,-1,7,-1,6
1,<environment.Job instance at 0x7ff49b292910>,12,15,[14  5],13,-1,36,-1,21
1,<environment.Job instance at 0x7ff49b292fa0>,13,19,[12  4],14,-1,40,-1,21
1,<environment.Job instance at 0x7ff49b292050>,14,19,[11  1],15,-1,40,-1,21
1,<environment.Job instance at 0x7ff49b2920f0>,11,23,[8 1],12,-1,48,-1,25
1,<environment.Job instance at 0x7ff49b28ef50>,17,2,[ 3 14],18,-1,27,-1,25
1,<environment.Job instance at 0x7ff49b2bd910>,19,23,[3 6],20,-1,49,-1,26
1,<environment.Job instance at 0x7ff49a66ee10>,20,2,[ 3 13],21,-1,28,-1,26
1,<environment.Job instance at 0x7ff49b2bd9b0>,21,27,[ 1 10],22,-1,53,-1,26
1,<environment.Job instance at 0x7ff49a8008c0>,22,18,[ 2 14],23,-1,44,-1,26
1,<environment.Job instance at 0x7ff49b298cd0>,26,25,[ 2 14],27,-1,53,-1,28
1,<environment.Job instance at 0x7ff49b29feb0>,30,21,[14  4],31,-1,61,-1,40
1,<environment.Job instance at 0x7ff49a7f04b0>,31,18,[ 4 13],32,-1,58,-1,40
1,<environment.Job instance at 0x7ff49a7f0e60>,34,26,[8 3],35,-1,84,-1,58
1,<environment.Job instance at 0x7ff49a7f0cd0>,35,18,[11  1],36,-1,76,-1,58
1,<environment.Job instance at 0x7ff499b3b0a0>,36,12,[ 4 12],37,-1,70,-1,58
1,<environment.Job instance at 0x7ff499b3b050>,37,27,[4 8],38,-1,85,-1,58
1,<environment.Job instance at 0x7ff49a804aa0>,40,24,[5 6],41,-1,92,-1,68
1,<environment.Job instance at 0x7ff49a80f190>,43,17,[ 3 14],44,-1,93,-1,76
1,<environment.Job instance at 0x7ff49a80fe60>,44,23,[8 5],45,-1,108,-1,85
1,<environment.Job instance at 0x7ff49a5ad410>,49,28,[2 5],50,-1,121,-1,93
1,<environment.Job instance at 0x7ff49a7f4230>,50,28,[ 2 14],51,-1,121,-1,93
1,<environment.Job instance at 0x7ff499921780>,1,15,[9 5],2,-1,19,-1,4
1,<environment.Job instance at 0x7ff499921d20>,3,18,[8 5],4,-1,22,-1,4
1,<environment.Job instance at 0x7ff49992d1e0>,10,18,[2 9],11,-1,30,-1,12
1,<environment.Job instance at 0x7ff49992d690>,12,16,[10  2],13,-1,30,-1,14
1,<environment.Job instance at 0x7ff49992d960>,13,15,[13  4],14,-1,29,-1,14
1,<environment.Job instance at 0x7ff49992d4b0>,15,21,[4 8],16,-1,38,-1,17
1,<environment.Job instance at 0x7ff49992dd20>,16,16,[11  4],17,-1,34,-1,18
1,<environment.Job instance at 0x7ff49993e5f0>,22,17,[4 8],23,-1,51,-1,34
1,<environment.Job instance at 0x7ff49993ed70>,33,13,[9 2],34,-1,48,-1,35
1,<environment.Job instance at 0x7ff49993e780>,24,17,[ 2 14],25,-1,53,-1,36
1,<environment.Job instance at 0x7ff49993cc80>,34,17,[9 1],35,-1,53,-1,36
1,<environment.Job instance at 0x7ff499921140>,7,20,[ 4 11],8,-1,58,-1,38
1,<environment.Job instance at 0x7ff49993ce10>,35,16,[3 8],36,-1,54,-1,38
1,<environment.Job instance at 0x7ff49993c460>,39,13,[12  4],40,-1,55,-1,42
1,<environment.Job instance at 0x7ff49993c550>,44,20,[2 5],45,-1,65,-1,45
1,<environment.Job instance at 0x7ff499d9f3c0>,46,17,[10  3],47,-1,64,-1,47
1,<environment.Job instance at 0x7ff49993c410>,40,24,[12  2],41,-1,75,-1,51
1,<environment.Job instance at 0x7ff499d9f820>,47,17,[ 3 10],48,-1,69,-1,52
1,<environment.Job instance at 0x7ff49993c2d0>,37,13,[11  2],38,-1,65,-1,52
1,<environment.Job instance at 0x7ff49992d5f0>,23,18,[5 5],24,-1,70,-1,52
1,<environment.Job instance at 0x7ff499d9f460>,48,16,[9 2],49,-1,68,-1,52
1,<environment.Job instance at 0x7ff49992d730>,21,25,[ 5 10],22,-1,77,-1,52
1,<environment.Job instance at 0x7ff499d9fa00>,51,21,[6 4],52,-1,73,-1,52
1,<environment.Job instance at 0x7ff49992de10>,5,21,[ 2 14],6,-1,27,-1,6
1,<environment.Job instance at 0x7ff49993ee60>,6,18,[13  5],7,-1,25,-1,7
1,<environment.Job instance at 0x7ff49993ec30>,7,20,[ 4 11],8,-1,28,-1,8
1,<environment.Job instance at 0x7ff499da7410>,13,15,[13  4],14,-1,32,-1,17
1,<environment.Job instance at 0x7ff49993cf50>,16,16,[11  4],17,-1,37,-1,21
1,<environment.Job instance at 0x7ff49993cdc0>,18,15,[ 4 11],19,-1,36,-1,21
1,<environment.Job instance at 0x7ff49ab17b40>,21,25,[ 5 10],22,-1,66,-1,41
1,<environment.Job instance at 0x7ff499921af0>,24,17,[ 2 14],25,-1,58,-1,41
1,<environment.Job instance at 0x7ff499934be0>,25,13,[13  4],26,-1,54,-1,41
1,<environment.Job instance at 0x7ff4999340f0>,26,3,[12  2],27,-1,44,-1,41
1,<environment.Job instance at 0x7ff499d3c0a0>,30,1,[ 1 13],31,-1,43,-1,42
1,<environment.Job instance at 0x7ff499d3c280>,32,12,[12  3],33,-1,55,-1,43
1,<environment.Job instance at 0x7ff499d3c410>,37,13,[11  2],38,-1,76,-1,63
1,<environment.Job instance at 0x7ff499d3c370>,39,13,[12  4],40,-1,78,-1,65
1,<environment.Job instance at 0x7ff499d3cd20>,40,24,[12  2],41,-1,89,-1,65
1,<environment.Job instance at 0x7ff499d3cf00>,41,12,[ 2 12],42,-1,77,-1,65
1,<environment.Job instance at 0x7ff49ab74be0>,50,14,[ 4 13],51,-1,105,-1,91
1,<environment.Job instance at 0x7ff49b0c2730>,1,18,[9 2],2,-1,21,-1,3
1,<environment.Job instance at 0x7ff49b0ce8c0>,3,17,[ 3 11],4,-1,22,-1,5
1,<environment.Job instance at 0x7ff49b0cee10>,6,23,[5 5],7,-1,30,-1,7
1,<environment.Job instance at 0x7ff49b0ce9b0>,7,12,[11  3],8,-1,28,-1,16
1,<environment.Job instance at 0x7ff49a401a50>,14,17,[2 7],15,-1,41,-1,24
1,<environment.Job instance at 0x7ff49b0d7320>,16,20,[10  2],17,-1,44,-1,24
1,<environment.Job instance at 0x7ff49b0d7d20>,17,15,[ 4 10],18,-1,39,-1,24
1,<environment.Job instance at 0x7ff49b0d76e0>,18,27,[3 6],19,-1,51,-1,24
1,<environment.Job instance at 0x7ff49aac47d0>,3,17,[ 3 11],4,-1,21,-1,4
1,<environment.Job instance at 0x7ff49ab743c0>,4,15,[ 5 11],5,-1,20,-1,5
1,<environment.Job instance at 0x7ff49ab74820>,5,28,[ 2 11],6,-1,34,-1,6
1,<environment.Job instance at 0x7ff49ab745a0>,6,23,[5 5],7,-1,30,-1,7
1,<environment.Job instance at 0x7ff49ab74b40>,7,12,[11  3],8,-1,20,-1,8
1,<environment.Job instance at 0x7ff49ab74640>,8,26,[ 4 12],9,-1,35,-1,9
1,<environment.Job instance at 0x7ff49ab74910>,9,12,[ 4 12],10,-1,22,-1,10
1,<environment.Job instance at 0x7ff49ab74cd0>,11,18,[14  4],12,-1,30,-1,12
1,<environment.Job instance at 0x7ff49ab742d0>,13,15,[ 2 12],14,-1,29,-1,14
1,<environment.Job instance at 0x7ff49ab74050>,15,28,[13  2],16,-1,44,-1,16
1,<environment.Job instance at 0x7ff49ab74be0>,18,27,[3 6],19,-1,47,-1,20
1,<environment.Job instance at 0x7ff49b0c2b90>,24,2,[13  2],25,-1,37,-1,35
1,<environment.Job instance at 0x7ff49a641460>,21,28,[6 3],22,-1,71,-1,43
1,<environment.Job instance at 0x7ff49b0c2f50>,26,27,[ 5 12],27,-1,70,-1,43
1,<environment.Job instance at 0x7ff49b0c2e60>,27,17,[ 1 11],28,-1,60,-1,43
1,<environment.Job instance at 0x7ff49b0c28c0>,25,24,[1 7],26,-1,67,-1,43
1,<environment.Job instance at 0x7ff49a1b3410>,33,23,[ 4 11],34,-1,78,-1,55
1,<environment.Job instance at 0x7ff49a1b3870>,37,17,[11  3],38,-1,90,-1,73
1,<environment.Job instance at 0x7ff49ae38460>,8,16,[6 2],9,-1,25,-1,9
1,<environment.Job instance at 0x7ff49a9e0780>,9,20,[1 9],10,-1,30,-1,10
1,<environment.Job instance at 0x7ff49a9e0960>,10,18,[3 7],11,-1,29,-1,11
1,<environment.Job instance at 0x7ff49abfaaf0>,13,18,[3 6],14,-1,32,-1,14
1,<environment.Job instance at 0x7ff49ac1ec30>,21,18,[2 9],22,-1,41,-1,23
1,<environment.Job instance at 0x7ff4999c6d70>,22,26,[5 5],23,-1,49,-1,23
1,<environment.Job instance at 0x7ff499a45410>,30,12,[10  3],31,-1,60,-1,48
1,<environment.Job instance at 0x7ff499a2b500>,34,26,[12  4],35,-1,74,-1,48
1,<environment.Job instance at 0x7ff49a559e60>,31,25,[9 4],32,-1,100,-1,75
1,<environment.Job instance at 0x7ff49aace780>,38,26,[6 3],39,-1,102,-1,76
1,<environment.Job instance at 0x7ff49aacedc0>,37,24,[9 3],38,-1,100,-1,76
1,<environment.Job instance at 0x7ff49a585dc0>,40,20,[14  3],41,-1,101,-1,81
1,<environment.Job instance at 0x7ff49ac1eb90>,25,22,[10  5],26,-1,103,-1,81
1,<environment.Job instance at 0x7ff499a415a0>,43,22,[3 8],44,-1,103,-1,81
1,<environment.Job instance at 0x7ff499a41d20>,44,17,[5 8],45,-1,98,-1,81
1,<environment.Job instance at 0x7ff49aace370>,36,26,[5 2],37,-1,107,-1,81
1,<environment.Job instance at 0x7ff49abe6c30>,46,26,[2 6],47,-1,107,-1,81
1,<environment.Job instance at 0x7ff499a41f00>,45,16,[8 5],46,-1,97,-1,81
1,<environment.Job instance at 0x7ff49abe6320>,47,21,[6 2],48,-1,102,-1,81
1,<environment.Job instance at 0x7ff499a153c0>,49,15,[ 2 10],50,-1,96,-1,81
1,<environment.Job instance at 0x7ff499a15460>,50,22,[2 7],51,-1,103,-1,81
1,<environment.Job instance at 0x7ff499a217d0>,52,12,[1 9],53,-1,93,-1,81
1,<environment.Job instance at 0x7ff4999e2eb0>,42,14,[5 8],43,-1,95,-1,81
1,<environment.Job instance at 0x7ff499a215f0>,53,16,[13  3],54,-1,99,-1,83
1,<environment.Job instance at 0x7ff499a21500>,55,22,[7 2],56,-1,105,-1,83
1,<environment.Job instance at 0x7ff49abe6910>,48,25,[1 6],49,-1,108,-1,83
1,<environment.Job instance at 0x7ff4999e2140>,41,16,[ 1 10],42,-1,99,-1,83
1,<environment.Job instance at 0x7ff49b0dd730>,2,16,[ 4 14],3,-1,19,-1,3
1,<environment.Job instance at 0x7ff49b0dd6e0>,4,16,[ 2 12],5,-1,21,-1,5
1,<environment.Job instance at 0x7ff49b0ddc30>,5,17,[13  4],6,-1,23,-1,6
1,<environment.Job instance at 0x7ff49b0dd2d0>,6,1,[ 5 11],7,-1,8,-1,7
1,<environment.Job instance at 0x7ff49b0aa730>,11,1,[12  5],12,-1,13,-1,12
1,<environment.Job instance at 0x7ff49b0aa780>,14,26,[ 2 12],15,-1,41,-1,15
1,<environment.Job instance at 0x7ff4a3d89e60>,16,1,[ 3 12],17,-1,19,-1,18
1,<environment.Job instance at 0x7ff49b0c0fa0>,19,3,[11  1],20,-1,24,-1,21
1,<environment.Job instance at 0x7ff4a3d89960>,17,24,[10  3],18,-1,57,-1,33
1,<environment.Job instance at 0x7ff49b0c0500>,22,26,[5 5],23,-1,59,-1,33
1,<environment.Job instance at 0x7ff49b0c0f00>,23,21,[13  1],24,-1,54,-1,33
1,<environment.Job instance at 0x7ff4a37ed6e0>,32,26,[ 3 11],33,-1,77,-1,51
1,<environment.Job instance at 0x7ff4a37ed640>,31,25,[9 4],32,-1,93,-1,68
1,<environment.Job instance at 0x7ff49a128fa0>,34,26,[12  4],35,-1,94,-1,68
1,<environment.Job instance at 0x7ff49a128550>,35,1,[12  4],36,-1,69,-1,68
1,<environment.Job instance at 0x7ff49a128aa0>,36,26,[5 2],37,-1,94,-1,68
1,<environment.Job instance at 0x7ff49a1280a0>,37,24,[9 3],38,-1,92,-1,68
1,<environment.Job instance at 0x7ff49a128230>,38,26,[6 3],39,-1,94,-1,68
1,<environment.Job instance at 0x7ff49a1281e0>,40,20,[14  3],41,-1,88,-1,68
1,<environment.Job instance at 0x7ff49a641460>,46,26,[2 6],47,-1,122,-1,96
1,<environment.Job instance at 0x7ff49b0c21e0>,48,25,[1 6],49,-1,121,-1,96
1,<environment.Job instance at 0x7ff49ad973c0>,10,18,[2 9],11,-1,30,-1,12
1,<environment.Job instance at 0x7ff49ad97f00>,14,25,[4 6],15,-1,40,-1,15
1,<environment.Job instance at 0x7ff49a9e0140>,1,12,[ 5 14],2,-1,14,-1,2
1,<environment.Job instance at 0x7ff49a4014b0>,4,25,[ 5 14],5,-1,30,-1,5
1,<environment.Job instance at 0x7ff49ae384b0>,5,15,[12  1],6,-1,21,-1,6
1,<environment.Job instance at 0x7ff49b0c0230>,8,2,[ 3 12],9,-1,11,-1,9
1,<environment.Job instance at 0x7ff49ad97370>,14,25,[4 6],15,-1,45,-1,20
1,<environment.Job instance at 0x7ff49a550550>,15,21,[ 5 11],16,-1,41,-1,20
1,<environment.Job instance at 0x7ff49ad87410>,19,18,[ 3 14],20,-1,41,-1,23
1,<environment.Job instance at 0x7ff49ad872d0>,20,2,[14  4],21,-1,25,-1,23
1,<environment.Job instance at 0x7ff49a1465f0>,22,16,[12  2],23,-1,39,-1,23
1,<environment.Job instance at 0x7ff49a146190>,23,13,[ 4 14],24,-1,37,-1,24
1,<environment.Job instance at 0x7ff49a146230>,26,13,[14  3],27,-1,49,-1,36
1,<environment.Job instance at 0x7ff4999c7690>,31,12,[11  5],32,-1,63,-1,51
1,<environment.Job instance at 0x7ff4999c7550>,34,14,[ 5 11],35,-1,69,-1,55
1,<environment.Job instance at 0x7ff4999c7910>,35,17,[ 3 14],36,-1,72,-1,55
1,<environment.Job instance at 0x7ff4999c79b0>,36,23,[7 5],37,-1,90,-1,67
1,<environment.Job instance at 0x7ff4999c7d20>,38,23,[1 5],39,-1,90,-1,67
1,<environment.Job instance at 0x7ff49ad7b960>,40,26,[ 1 11],41,-1,93,-1,67
1,<environment.Job instance at 0x7ff49ad7bcd0>,41,12,[13  4],42,-1,79,-1,67
1,<environment.Job instance at 0x7ff49ad7bf00>,43,15,[ 1 11],44,-1,84,-1,69
1,<environment.Job instance at 0x7ff49ad7b910>,45,2,[13  4],46,-1,74,-1,72
1,<environment.Job instance at 0x7ff49ad7b5f0>,51,13,[13  4],52,-1,100,-1,87
1,<environment.Job instance at 0x7ff49ad7b230>,52,24,[ 1 10],53,-1,113,-1,89
1,<environment.Job instance at 0x7ff49a9dff50>,1,12,[ 4 12],2,-1,14,-1,2
1,<environment.Job instance at 0x7ff49a9df690>,3,28,[ 4 11],4,-1,32,-1,4
1,<environment.Job instance at 0x7ff49a9df320>,6,19,[ 2 11],7,-1,26,-1,7
1,<environment.Job instance at 0x7ff49a9df5a0>,7,12,[14  5],8,-1,20,-1,8
1,<environment.Job instance at 0x7ff49a9df410>,8,27,[10  1],9,-1,36,-1,9
1,<environment.Job instance at 0x7ff49a9df0f0>,10,18,[ 5 12],11,-1,29,-1,11
1,<environment.Job instance at 0x7ff49a9df370>,11,25,[11  3],12,-1,37,-1,12
1,<environment.Job instance at 0x7ff49ad8a870>,15,1,[13  4],16,-1,17,-1,16
1,<environment.Job instance at 0x7ff49ad8a410>,16,25,[13  3],17,-1,42,-1,17
1,<environment.Job instance at 0x7ff49ad8a8c0>,17,26,[ 3 13],18,-1,44,-1,18
1,<environment.Job instance at 0x7ff49a9dfc30>,14,23,[6 5],15,-1,45,-1,22
1,<environment.Job instance at 0x7ff49ad8a050>,21,20,[ 4 13],22,-1,42,-1,22
1,<environment.Job instance at 0x7ff49ad8a230>,18,23,[2 7],19,-1,45,-1,22
1,<environment.Job instance at 0x7ff49ad8afa0>,22,28,[6 1],23,-1,51,-1,23
1,<environment.Job instance at 0x7ff49ad8a7d0>,27,3,[ 5 11],28,-1,42,-1,39
1,<environment.Job instance at 0x7ff49ad8a0f0>,32,18,[ 3 12],33,-1,88,-1,70
1,<environment.Job instance at 0x7ff49ad8a820>,34,20,[14  4],35,-1,99,-1,79
1,<environment.Job instance at 0x7ff49ad7baa0>,36,26,[ 3 12],37,-1,108,-1,82
1,<environment.Job instance at 0x7ff49ad7b820>,37,12,[12  1],38,-1,94,-1,82
1,<environment.Job instance at 0x7ff49ad7b4b0>,39,20,[12  4],40,-1,102,-1,82
1,<environment.Job instance at 0x7f75af82eb90>,2,14,[ 2 10],3,-1,17,-1,3
1,<environment.Job instance at 0x7f75af82ec80>,3,22,[2 5],4,-1,27,-1,5
1,<environment.Job instance at 0x7f75af82eeb0>,7,26,[9 3],8,-1,34,-1,8
1,<environment.Job instance at 0x7f75b8e788c0>,4,13,[3 6],5,-1,22,-1,9
1,<environment.Job instance at 0x7f75af833190>,10,22,[8 1],11,-1,33,-1,11
1,<environment.Job instance at 0x7f75af833460>,13,18,[5 9],14,-1,32,-1,14
1,<environment.Job instance at 0x7f75af833370>,14,21,[8 1],15,-1,38,-1,17
1,<environment.Job instance at 0x7f75af833550>,16,18,[7 3],17,-1,35,-1,17
1,<environment.Job instance at 0x7f75af833820>,19,25,[5 9],20,-1,47,-1,22
1,<environment.Job instance at 0x7f75af833960>,21,18,[9 4],22,-1,40,-1,22
1,<environment.Job instance at 0x7f75af833fa0>,27,17,[4 6],28,-1,46,-1,29
1,<environment.Job instance at 0x7f75af835140>,29,24,[4 7],30,-1,54,-1,30
1,<environment.Job instance at 0x7f75af8353c0>,33,26,[3 6],34,-1,91,-1,65
1,<environment.Job instance at 0x7f75af879d70>,6,15,[ 2 14],7,-1,22,-1,7
1,<environment.Job instance at 0x7f75af826cd0>,8,2,[ 1 14],9,-1,11,-1,9
1,<environment.Job instance at 0x7f75af826d70>,7,26,[9 3],8,-1,44,-1,18
1,<environment.Job instance at 0x7f75af826a50>,12,23,[12  4],13,-1,41,-1,18
1,<environment.Job instance at 0x7f75af8c1230>,18,26,[7 4],19,-1,56,-1,30
1,<environment.Job instance at 0x7f75af9b3190>,19,25,[5 9],20,-1,66,-1,41
1,<environment.Job instance at 0x7f75afcfebe0>,23,16,[12  2],24,-1,57,-1,41
1,<environment.Job instance at 0x7f75af8f2b90>,28,17,[ 1 13],29,-1,65,-1,48
1,<environment.Job instance at 0x7f75af8f2dc0>,29,24,[4 7],30,-1,75,-1,51
1,<environment.Job instance at 0x7f75af94e9b0>,30,26,[9 4],31,-1,77,-1,51
1,<environment.Job instance at 0x7f75af94e410>,31,1,[ 2 14],32,-1,52,-1,51
1,<environment.Job instance at 0x7f75af9d62d0>,33,26,[3 6],34,-1,86,-1,60
1,<environment.Job instance at 0x7f75af8f0b90>,38,24,[13  2],39,-1,87,-1,63
1,<environment.Job instance at 0x7f75af8f09b0>,40,26,[ 1 14],41,-1,100,-1,74
1,<environment.Job instance at 0x7f75af8f0910>,42,12,[ 5 12],43,-1,92,-1,80
1,<environment.Job instance at 0x7f75af8f0f50>,45,12,[ 3 14],46,-1,104,-1,92
1,<environment.Job instance at 0x7f75af8f00f0>,47,14,[12  2],48,-1,118,-1,104
1,<environment.Job instance at 0x7f75af8f0870>,48,14,[ 1 11],49,-1,118,-1,104
1,<environment.Job instance at 0x7f75af9dbb90>,50,13,[ 4 12],51,-1,117,-1,104
1,<environment.Job instance at 0x7f75aef7b2d0>,0,23,[5 1],1,-1,24,-1,1
1,<environment.Job instance at 0x7f75aef7b230>,4,19,[9 2],5,-1,26,-1,7
1,<environment.Job instance at 0x7f75aef70be0>,7,22,[10  3],8,-1,31,-1,9
1,<environment.Job instance at 0x7f75aef70d20>,10,24,[8 1],11,-1,35,-1,11
1,<environment.Job instance at 0x7f75af0db820>,22,18,[10  4],23,-1,57,-1,39
1,<environment.Job instance at 0x7f75af0db4b0>,25,15,[8 3],26,-1,54,-1,39
1,<environment.Job instance at 0x7f75af0db280>,28,24,[6 5],29,-1,63,-1,39
1,<environment.Job instance at 0x7f75af0e6410>,29,13,[1 8],30,-1,52,-1,39
1,<environment.Job instance at 0x7f75af0c3d70>,33,26,[7 2],34,-1,65,-1,39
1,<environment.Job instance at 0x7f75af8f0a00>,0,23,[5 1],1,-1,24,-1,1
1,<environment.Job instance at 0x7f75af8f0550>,1,17,[12  4],2,-1,19,-1,2
1,<environment.Job instance at 0x7f75af035b90>,9,12,[13  1],10,-1,22,-1,10
1,<environment.Job instance at 0x7f75af035f00>,11,2,[ 5 14],12,-1,17,-1,15
1,<environment.Job instance at 0x7f75af035910>,12,25,[1 8],13,-1,42,-1,17
1,<environment.Job instance at 0x7f75af035c80>,10,24,[8 1],11,-1,48,-1,24
1,<environment.Job instance at 0x7f75af052910>,21,13,[ 3 14],22,-1,40,-1,27
1,<environment.Job instance at 0x7f75af04f5f0>,27,28,[ 2 10],28,-1,81,-1,53
1,<environment.Job instance at 0x7f75af05b7d0>,28,24,[6 5],29,-1,77,-1,53
1,<environment.Job instance at 0x7f75af05b410>,30,1,[ 3 11],31,-1,54,-1,53
1,<environment.Job instance at 0x7f75aefe3230>,32,15,[ 2 13],33,-1,71,-1,56
1,<environment.Job instance at 0x7f75aefebc80>,33,26,[7 2],34,-1,83,-1,57
1,<environment.Job instance at 0x7f75aefebcd0>,34,20,[13  4],35,-1,77,-1,57
1,<environment.Job instance at 0x7f75af0577d0>,42,26,[6 4],43,-1,111,-1,85
1,<environment.Job instance at 0x7f75aefe6f50>,45,25,[ 3 13],46,-1,110,-1,85
1,<environment.Job instance at 0x7f75aeff1460>,47,25,[ 2 11],48,-1,123,-1,98
1,<environment.Job instance at 0x7f75aeff1f50>,48,1,[14  3],49,-1,99,-1,98
1,<environment.Job instance at 0x7f75aeff6140>,52,22,[ 2 11],53,-1,124,-1,102
1,<environment.Job instance at 0x7f75aeff9640>,53,2,[13  5],54,-1,104,-1,102
1,<environment.Job instance at 0x7f75aee5b050>,4,20,[10  2],5,-1,26,-1,6
1,<environment.Job instance at 0x7f75aee5b230>,6,19,[4 7],7,-1,26,-1,7
1,<environment.Job instance at 0x7f75aee5ba50>,9,19,[ 5 10],10,-1,29,-1,10
1,<environment.Job instance at 0x7f75aee5b460>,10,22,[ 4 10],11,-1,33,-1,11
1,<environment.Job instance at 0x7f75b8fe00f0>,5,12,[4 8],6,-1,34,-1,22
1,<environment.Job instance at 0x7f75aee5bd70>,12,13,[4 8],13,-1,36,-1,23
1,<environment.Job instance at 0x7f75aee5b280>,20,12,[ 5 10],21,-1,35,-1,23
1,<environment.Job instance at 0x7f75aee5bf50>,23,27,[6 1],24,-1,51,-1,24
1,<environment.Job instance at 0x7f75af035eb0>,0,15,[14  2],1,-1,16,-1,1
1,<environment.Job instance at 0x7f75af035f00>,1,18,[11  1],2,-1,20,-1,2
1,<environment.Job instance at 0x7f75af154c80>,3,17,[12  1],4,-1,21,-1,4
1,<environment.Job instance at 0x7f75af035dc0>,7,13,[ 4 11],8,-1,21,-1,8
1,<environment.Job instance at 0x7f75aee5b820>,8,16,[14  3],9,-1,25,-1,9
1,<environment.Job instance at 0x7f75b8ff1d20>,14,1,[13  1],15,-1,19,-1,18
1,<environment.Job instance at 0x7f75b8ff1960>,15,2,[ 1 12],16,-1,20,-1,18
1,<environment.Job instance at 0x7f75b8ff1910>,18,13,[ 5 11],19,-1,32,-1,19
1,<environment.Job instance at 0x7f75aeeca5f0>,23,27,[6 1],24,-1,70,-1,43
1,<environment.Job instance at 0x7f75aeeca960>,24,27,[ 4 13],25,-1,70,-1,43
1,<environment.Job instance at 0x7f75aeecaf00>,26,27,[11  1],27,-1,70,-1,43
1,<environment.Job instance at 0x7f75aeecacd0>,27,24,[6 2],28,-1,67,-1,43
1,<environment.Job instance at 0x7f75aeecabe0>,30,23,[1 8],31,-1,79,-1,56
1,<environment.Job instance at 0x7f75aeeca410>,31,27,[5 6],32,-1,83,-1,56
1,<environment.Job instance at 0x7f75aeeca500>,33,18,[ 1 11],34,-1,74,-1,56
1,<environment.Job instance at 0x7f75aeeca190>,34,26,[ 2 13],35,-1,82,-1,56
1,<environment.Job instance at 0x7f75aeeca370>,35,28,[14  4],36,-1,84,-1,56
1,<environment.Job instance at 0x7f75aeecaeb0>,37,20,[ 4 11],38,-1,76,-1,56
1,<environment.Job instance at 0x7f75aee26870>,40,27,[1 5],41,-1,86,-1,59
1,<environment.Job instance at 0x7f75aee26370>,41,26,[5 3],42,-1,85,-1,59
1,<environment.Job instance at 0x7f75aee26500>,44,15,[14  2],45,-1,86,-1,71
1,<environment.Job instance at 0x7f75aee2d140>,50,2,[13  1],51,-1,105,-1,103
1,<environment.Job instance at 0x7f75aee2df00>,49,28,[ 2 10],50,-1,134,-1,106
1,<environment.Job instance at 0x7f75af345730>,0,20,[4 9],1,-1,21,-1,1
1,<environment.Job instance at 0x7f75af4bf7d0>,7,15,[ 2 10],8,-1,25,-1,10
1,<environment.Job instance at 0x7f75af4bfc80>,10,17,[5 9],11,-1,28,-1,11
1,<environment.Job instance at 0x7f75af4bf820>,11,17,[7 1],12,-1,29,-1,12
1,<environment.Job instance at 0x7f75af4bf8c0>,14,20,[2 5],15,-1,35,-1,15
1,<environment.Job instance at 0x7f75af4bf1e0>,18,14,[2 9],19,-1,33,-1,19
1,<environment.Job instance at 0x7f75b8ea0c30>,21,25,[7 5],22,-1,47,-1,22
1,<environment.Job instance at 0x7f75b8ea0050>,22,16,[5 2],23,-1,39,-1,23
1,<environment.Job instance at 0x7f75b8ea0d70>,24,25,[2 8],25,-1,50,-1,25
1,<environment.Job instance at 0x7f75b8ea05a0>,25,14,[3 6],26,-1,40,-1,26
1,<environment.Job instance at 0x7f75b8ea0f00>,27,28,[8 2],28,-1,56,-1,28
1,<environment.Job instance at 0x7f75b8ea02d0>,28,26,[8 3],29,-1,55,-1,29
1,<environment.Job instance at 0x7f75aee26910>,2,27,[12  5],3,-1,30,-1,3
1,<environment.Job instance at 0x7f75aee5b780>,8,3,[12  2],9,-1,12,-1,9
1,<environment.Job instance at 0x7f75af38f140>,12,21,[ 4 14],13,-1,36,-1,15
1,<environment.Job instance at 0x7f75af4bf910>,9,23,[5 8],10,-1,44,-1,21
1,<environment.Job instance at 0x7f75aee45870>,15,13,[12  1],16,-1,34,-1,21
1,<environment.Job instance at 0x7f75aee45280>,16,12,[14  3],17,-1,33,-1,21
1,<environment.Job instance at 0x7f75aee4feb0>,17,1,[ 4 11],18,-1,22,-1,21
1,<environment.Job instance at 0x7f75af345a00>,21,25,[7 5],22,-1,57,-1,32
1,<environment.Job instance at 0x7f75af327af0>,24,25,[2 8],25,-1,58,-1,33
1,<environment.Job instance at 0x7f75af327be0>,27,28,[8 2],28,-1,74,-1,46
1,<environment.Job instance at 0x7f75af327780>,28,26,[8 3],29,-1,72,-1,46
1,<environment.Job instance at 0x7f75af327d20>,30,27,[ 3 11],31,-1,73,-1,46
1,<environment.Job instance at 0x7f75af327550>,31,15,[ 3 13],32,-1,61,-1,46
1,<environment.Job instance at 0x7f75af381140>,38,18,[ 5 14],39,-1,67,-1,49
1,<environment.Job instance at 0x7f75af381b90>,40,19,[ 2 11],41,-1,71,-1,52
1,<environment.Job instance at 0x7f75aee46820>,45,26,[6 1],46,-1,91,-1,65
1,<environment.Job instance at 0x7f75aee46280>,46,28,[5 9],47,-1,106,-1,78
1,<environment.Job instance at 0x7f75af381370>,44,25,[4 9],45,-1,103,-1,78
1,<environment.Job instance at 0x7f75aee466e0>,50,2,[ 2 12],51,-1,80,-1,78
1,<environment.Job instance at 0x7f75aee46780>,47,24,[4 8],48,-1,102,-1,78
1,<environment.Job instance at 0x7f75aee46be0>,52,24,[7 4],53,-1,102,-1,78
1,<environment.Job instance at 0x7f75aee467d0>,58,19,[12  4],59,-1,100,-1,81
1,<environment.Job instance at 0x7f75aee46910>,59,14,[ 5 12],60,-1,95,-1,81
1,<environment.Job instance at 0x7f75aee3d4b0>,61,25,[8 3],62,-1,124,-1,99
1,<environment.Job instance at 0x7f75aee3dc30>,62,16,[ 2 11],63,-1,115,-1,99
1,<environment.Job instance at 0x7f75aee3d190>,63,28,[ 3 11],64,-1,127,-1,99
1,<environment.Job instance at 0x7f75aee3d690>,65,24,[2 7],66,-1,131,-1,107
1,<environment.Job instance at 0x7f75aee3d5a0>,66,16,[14  5],67,-1,123,-1,107
1,<environment.Job instance at 0x7f75aee3deb0>,68,27,[14  3],69,-1,134,-1,107
1,<environment.Job instance at 0x7f75aee3dd70>,69,18,[ 1 14],70,-1,125,-1,107
1,<environment.Job instance at 0x7f75af81f960>,1,24,[5 5],2,-1,26,-1,2
1,<environment.Job instance at 0x7f75af651690>,6,15,[9 5],7,-1,23,-1,8
1,<environment.Job instance at 0x7f75af651f50>,8,17,[7 5],9,-1,26,-1,9
1,<environment.Job instance at 0x7f75af65ae60>,7,13,[ 5 11],8,-1,25,-1,12
1,<environment.Job instance at 0x7f75af651280>,13,18,[9 5],14,-1,42,-1,24
1,<environment.Job instance at 0x7f75aefc4640>,1,24,[5 5],2,-1,26,-1,2
1,<environment.Job instance at 0x7f75aef9b0f0>,3,14,[ 2 11],4,-1,18,-1,4
1,<environment.Job instance at 0x7f75af1d2500>,7,13,[ 5 11],8,-1,21,-1,8
1,<environment.Job instance at 0x7f75af1d2780>,9,19,[ 4 14],10,-1,29,-1,10
1,<environment.Job instance at 0x7f75af1d20f0>,11,26,[ 3 12],12,-1,38,-1,12
1,<environment.Job instance at 0x7f75af1d2640>,12,14,[ 3 14],13,-1,27,-1,13
1,<environment.Job instance at 0x7f75aefc40a0>,5,28,[ 5 10],6,-1,42,-1,14
1,<environment.Job instance at 0x7f75aee57a50>,16,2,[ 5 14],17,-1,19,-1,17
1,<environment.Job instance at 0x7f75aee43d20>,19,2,[ 4 11],20,-1,24,-1,22
1,<environment.Job instance at 0x7f75aee431e0>,23,12,[12  2],24,-1,44,-1,32
1,<environment.Job instance at 0x7f75aee43550>,24,12,[14  2],25,-1,44,-1,32
1,<environment.Job instance at 0x7f75aee43960>,26,13,[14  5],27,-1,50,-1,37
1,<environment.Job instance at 0x7f75aee43c30>,27,25,[7 3],28,-1,70,-1,45
1,<environment.Job instance at 0x7f75aee43780>,28,16,[ 1 14],29,-1,61,-1,45
1,<environment.Job instance at 0x7f75aee3d870>,30,12,[ 2 13],31,-1,57,-1,45
1,<environment.Job instance at 0x7f75aee3d640>,37,24,[10  3],38,-1,86,-1,62
1,<environment.Job instance at 0x7f75aee3d0f0>,38,18,[11  2],39,-1,80,-1,62
1,<environment.Job instance at 0x7f75aee3da50>,40,14,[ 5 13],41,-1,76,-1,62
1,<environment.Job instance at 0x7f75aee46910>,41,24,[14  5],42,-1,86,-1,62
1,<environment.Job instance at 0x7f75aee467d0>,42,12,[ 4 11],43,-1,74,-1,62
1,<environment.Job instance at 0x7f75aee465f0>,44,14,[ 1 13],45,-1,76,-1,62
1,<environment.Job instance at 0x7f75aee46be0>,46,25,[5 3],47,-1,90,-1,65
1,<environment.Job instance at 0x7f75aee46dc0>,49,27,[4 8],50,-1,106,-1,79
1,<environment.Job instance at 0x7f75aee46d20>,52,20,[ 3 11],53,-1,99,-1,79
1,<environment.Job instance at 0x7f75aee46e60>,54,14,[13  3],55,-1,106,-1,92
1,<environment.Job instance at 0x7f75b038a690>,0,14,[10  3],1,-1,16,-1,2
1,<environment.Job instance at 0x7f75af97d960>,1,18,[4 7],2,-1,20,-1,2
1,<environment.Job instance at 0x7f75af2ab960>,6,14,[ 3 10],7,-1,21,-1,7
1,<environment.Job instance at 0x7f75af2abaf0>,9,16,[1 5],10,-1,27,-1,11
1,<environment.Job instance at 0x7f75af2ab4b0>,12,18,[10  5],13,-1,31,-1,13
1,<environment.Job instance at 0x7f75aee3d640>,2,22,[ 5 13],3,-1,25,-1,3
1,<environment.Job instance at 0x7f75af4a7370>,4,27,[11  2],5,-1,32,-1,5
1,<environment.Job instance at 0x7f75aee3dd70>,8,22,[ 4 12],9,-1,31,-1,9
1,<environment.Job instance at 0x7f75aee3deb0>,11,27,[10  1],12,-1,47,-1,20
1,<environment.Job instance at 0x7f75af2abe10>,13,13,[ 5 11],14,-1,33,-1,20
1,<environment.Job instance at 0x7f75b038acd0>,14,27,[12  2],15,-1,47,-1,20
1,<environment.Job instance at 0x7f75b038a1e0>,17,24,[1 9],18,-1,57,-1,33
1,<environment.Job instance at 0x7f75af2dad70>,20,27,[ 1 14],21,-1,60,-1,33
1,<environment.Job instance at 0x7f75af2dab90>,21,12,[12  1],22,-1,45,-1,33
1,<environment.Job instance at 0x7f75af2ba910>,24,23,[3 6],25,-1,71,-1,48
1,<environment.Job instance at 0x7f75af2bac80>,26,27,[7 1],27,-1,87,-1,60
1,<environment.Job instance at 0x7f75af2badc0>,28,2,[ 3 13],29,-1,62,-1,60
1,<environment.Job instance at 0x7f75af2baa50>,27,26,[ 3 10],28,-1,91,-1,65
1,<environment.Job instance at 0x7f75af2ba7d0>,32,26,[7 3],33,-1,105,-1,79
1,<environment.Job instance at 0x7f75af2ba370>,35,12,[11  1],36,-1,91,-1,79
1,<environment.Job instance at 0x7f75af2ba050>,36,17,[11  3],37,-1,96,-1,79
1,<environment.Job instance at 0x7f75af2ba140>,37,16,[12  1],38,-1,95,-1,79
1,<environment.Job instance at 0x7f75af2ba820>,38,15,[ 4 13],39,-1,94,-1,79
1,<environment.Job instance at 0x7f75af2ba2d0>,39,28,[13  1],40,-1,107,-1,79
1,<environment.Job instance at 0x7f75af2ba0f0>,40,24,[4 7],41,-1,103,-1,79
1,<environment.Job instance at 0x7f75af2bae60>,33,24,[8 2],34,-1,103,-1,79
1,<environment.Job instance at 0x7f75af2ba780>,42,26,[7 3],43,-1,105,-1,79
1,<environment.Job instance at 0x7f75af659b90>,2,26,[9 4],3,-1,29,-1,3
1,<environment.Job instance at 0x7f75af978140>,6,16,[5 4],7,-1,23,-1,7
1,<environment.Job instance at 0x7f75af2c5910>,7,17,[ 4 10],8,-1,25,-1,8
1,<environment.Job instance at 0x7f75af2db910>,13,21,[4 8],14,-1,36,-1,15
1,<environment.Job instance at 0x7f75af2db190>,15,13,[10  5],16,-1,29,-1,16
1,<environment.Job instance at 0x7f75af2dbaf0>,17,13,[ 2 11],18,-1,32,-1,19
1,<environment.Job instance at 0x7f75af2a1e10>,19,28,[9 2],20,-1,48,-1,20
1,<environment.Job instance at 0x7f75af971f00>,14,23,[3 9],15,-1,43,-1,20
1,<environment.Job instance at 0x7f75af2dbd70>,20,18,[6 4],21,-1,40,-1,22
1,<environment.Job instance at 0x7f75af988b40>,22,12,[1 7],23,-1,35,-1,23
1,<environment.Job instance at 0x7f75af988e60>,23,17,[8 4],24,-1,41,-1,24
1,<environment.Job instance at 0x7f75af9888c0>,24,16,[1 7],25,-1,41,-1,25
1,<environment.Job instance at 0x7f75af2dbd20>,26,24,[ 1 11],27,-1,71,-1,47
1,<environment.Job instance at 0x7f75afcba230>,33,16,[ 4 10],34,-1,63,-1,47
1,<environment.Job instance at 0x7f75af0e38c0>,41,26,[6 3],42,-1,88,-1,62
1,<environment.Job instance at 0x7f75af2db820>,21,15,[4 7],22,-1,77,-1,62
1,<environment.Job instance at 0x7f75af0deeb0>,45,22,[10  2],46,-1,84,-1,62
1,<environment.Job instance at 0x7f75af1177d0>,49,21,[5 4],50,-1,83,-1,62
1,<environment.Job instance at 0x7f75af0fbe60>,52,18,[14  1],53,-1,80,-1,62
1,<environment.Job instance at 0x7f75b8a0f140>,44,16,[13  3],45,-1,80,-1,64
1,<environment.Job instance at 0x7f75b8a1f500>,48,12,[10  1],49,-1,85,-1,73
1,<environment.Job instance at 0x7f75afcba910>,32,28,[10  4],33,-1,101,-1,73
1,<environment.Job instance at 0x7f75af2c5b90>,11,22,[ 4 13],12,-1,95,-1,73
1,<environment.Job instance at 0x7f75af10f7d0>,57,19,[4 9],58,-1,92,-1,73
1,<environment.Job instance at 0x7f75af0fbb90>,56,18,[ 1 12],57,-1,91,-1,73
1,<environment.Job instance at 0x7f75af10f500>,59,12,[10  1],60,-1,85,-1,73
1,<environment.Job instance at 0x7f75af0fbaa0>,55,25,[9 2],56,-1,99,-1,74
1,<environment.Job instance at 0x7f75af10f9b0>,61,20,[ 3 12],62,-1,94,-1,74
1,<environment.Job instance at 0x7f75af10f690>,58,13,[8 1],59,-1,87,-1,74
1,<environment.Job instance at 0x7f75afcbf640>,62,19,[10  1],63,-1,93,-1,74
1,<environment.Job instance at 0x7f75af0fbc30>,53,24,[14  1],54,-1,100,-1,76
1,<environment.Job instance at 0x7f75afcbf910>,65,14,[9 2],66,-1,92,-1,78
1,<environment.Job instance at 0x7f75af10f780>,60,17,[6 3],61,-1,95,-1,78
1,<environment.Job instance at 0x7f75afcbf9b0>,68,28,[4 5],69,-1,107,-1,79
1,<environment.Job instance at 0x7f75afcbfaa0>,67,16,[9 1],68,-1,95,-1,79
1,<environment.Job instance at 0x7f75b8a1f5a0>,47,15,[ 2 12],48,-1,96,-1,81
1,<environment.Job instance at 0x7f75aedfcaa0>,34,15,[5 5],35,-1,96,-1,81
1,<environment.Job instance at 0x7f75afcbf7d0>,72,14,[5 2],73,-1,95,-1,81
1,<environment.Job instance at 0x7f75afcbffa0>,75,17,[5 4],76,-1,98,-1,81
1,<environment.Job instance at 0x7f75afcbfcd0>,76,26,[7 1],77,-1,107,-1,81
1,<environment.Job instance at 0x7f75afcbfdc0>,77,22,[8 3],78,-1,103,-1,81
1,<environment.Job instance at 0x7f75afcbfaf0>,66,19,[13  1],67,-1,100,-1,81
1,<environment.Job instance at 0x7f75afcb5140>,78,15,[5 5],79,-1,96,-1,81
1,<environment.Job instance at 0x7f75afcb5050>,81,21,[6 2],82,-1,103,-1,82
1,<environment.Job instance at 0x7f75afcb55f0>,82,18,[14  5],83,-1,101,-1,83
1,<environment.Job instance at 0x7f75afcb5460>,83,27,[9 5],84,-1,111,-1,84
1,<environment.Job instance at 0x7f75afcb5730>,84,14,[ 3 12],85,-1,99,-1,85
1,<environment.Job instance at 0x7f75afcb57d0>,85,18,[1 9],86,-1,104,-1,86
1,<environment.Job instance at 0x7f75afcb5820>,86,23,[5 9],87,-1,110,-1,87
1,<environment.Job instance at 0x7f75afcbfe10>,73,12,[6 4],74,-1,100,-1,88
1,<environment.Job instance at 0x7f75afcb5910>,87,16,[ 5 13],88,-1,104,-1,88
1,<environment.Job instance at 0x7f75afcb5af0>,89,17,[7 4],90,-1,107,-1,90
1,<environment.Job instance at 0x7f75afcb5c80>,92,17,[ 1 10],93,-1,111,-1,94
1,<environment.Job instance at 0x7f75afcb5f00>,95,14,[2 7],96,-1,110,-1,96
1,<environment.Job instance at 0x7f75afcb5e60>,94,14,[9 2],95,-1,111,-1,97
1,<environment.Job instance at 0x7f75afce7050>,97,14,[10  1],98,-1,112,-1,98
1,<environment.Job instance at 0x7f75afcb5f50>,99,25,[10  1],100,-1,130,-1,105
1,<environment.Job instance at 0x7f75afce72d0>,101,12,[ 3 14],102,-1,120,-1,108
1,<environment.Job instance at 0x7f75af96ebe0>,0,2,[12  2],1,-1,3,-1,1
1,<environment.Job instance at 0x7f75af96e820>,2,26,[9 4],3,-1,29,-1,3
1,<environment.Job instance at 0x7f75af96e8c0>,3,21,[12  2],4,-1,25,-1,4
1,<environment.Job instance at 0x7f75af96eaa0>,4,25,[6 2],5,-1,30,-1,5
1,<environment.Job instance at 0x7f75af97b1e0>,9,14,[ 5 13],10,-1,24,-1,10
1,<environment.Job instance at 0x7f75af97bc30>,11,22,[ 4 13],12,-1,34,-1,12
1,<environment.Job instance at 0x7f75af97baf0>,14,23,[3 9],15,-1,51,-1,28
1,<environment.Job instance at 0x7f75af97b0a0>,17,13,[ 2 11],18,-1,41,-1,28
1,<environment.Job instance at 0x7f75af97bcd0>,19,28,[9 2],20,-1,59,-1,31
1,<environment.Job instance at 0x7f75af2ba960>,25,15,[ 2 12],26,-1,60,-1,45
1,<environment.Job instance at 0x7f75af2ba2d0>,26,24,[ 1 11],27,-1,69,-1,45
1,<environment.Job instance at 0x7f75af2ba050>,29,3,[ 3 14],30,-1,63,-1,60
1,<environment.Job instance at 0x7f75af2ba640>,32,28,[10  4],33,-1,119,-1,91
1,<environment.Job instance at 0x7f75af4a7370>,40,1,[ 2 11],41,-1,95,-1,94
1,<environment.Job instance at 0x7f75af2ba4b0>,41,26,[6 3],42,-1,121,-1,95
1,<environment.Job instance at 0x7f75af1b2960>,2,23,[2 8],3,-1,26,-1,3
1,<environment.Job instance at 0x7f75af1b2f50>,6,18,[1 7],7,-1,25,-1,7
1,<environment.Job instance at 0x7f75af1b2910>,7,14,[1 7],8,-1,22,-1,8
1,<environment.Job instance at 0x7f75af1b2780>,8,14,[8 5],9,-1,23,-1,9
1,<environment.Job instance at 0x7f75af1b2a00>,9,1,[6 2],10,-1,12,-1,11
1,<environment.Job instance at 0x7f75af1b2b90>,14,16,[8 4],15,-1,31,-1,15
1,<environment.Job instance at 0x7f75af1b2230>,16,25,[5 4],17,-1,42,-1,17
1,<environment.Job instance at 0x7f75af1b2460>,17,21,[5 5],18,-1,39,-1,18
1,<environment.Job instance at 0x7f75af1b20a0>,18,23,[6 5],19,-1,42,-1,19
1,<environment.Job instance at 0x7f75afbe5eb0>,10,20,[2 7],11,-1,40,-1,20
1,<environment.Job instance at 0x7f75af1b2550>,22,27,[5 5],23,-1,50,-1,23
1,<environment.Job instance at 0x7f75af083910>,27,27,[8 5],28,-1,60,-1,33
1,<environment.Job instance at 0x7f75af1b29b0>,12,20,[4 8],13,-1,53,-1,33
1,<environment.Job instance at 0x7f75af083c30>,30,18,[9 1],31,-1,51,-1,33
1,<environment.Job instance at 0x7f75af0835a0>,32,14,[2 8],33,-1,47,-1,33
1,<environment.Job instance at 0x7f75af083d20>,28,23,[12  4],29,-1,119,-1,96
1,<environment.Job instance at 0x7f75af083730>,33,14,[ 1 12],34,-1,110,-1,96
1,<environment.Job instance at 0x7f75af083780>,41,27,[3 8],42,-1,123,-1,96
1,<environment.Job instance at 0x7f75af083320>,36,28,[ 4 14],37,-1,124,-1,96
1,<environment.Job instance at 0x7f75af0830a0>,37,21,[ 5 12],38,-1,117,-1,96
1,<environment.Job instance at 0x7f75af1d7b40>,45,22,[7 5],46,-1,118,-1,96
1,<environment.Job instance at 0x7f75af1d7960>,48,18,[5 9],49,-1,114,-1,96
1,<environment.Job instance at 0x7f75af787f50>,3,16,[ 2 13],4,-1,20,-1,4
1,<environment.Job instance at 0x7f75af3d7cd0>,2,23,[2 8],3,-1,36,-1,13
1,<environment.Job instance at 0x7f75af050460>,11,26,[ 4 14],12,-1,40,-1,14
1,<environment.Job instance at 0x7f75af2ba730>,13,3,[ 4 12],14,-1,18,-1,15
1,<environment.Job instance at 0x7f75af2baaa0>,16,25,[5 4],17,-1,55,-1,30
1,<environment.Job instance at 0x7f75af2ba870>,18,23,[6 5],19,-1,53,-1,30
1,<environment.Job instance at 0x7f75af2ba190>,20,13,[13  3],21,-1,43,-1,30
1,<environment.Job instance at 0x7f75af2bac30>,21,25,[ 5 14],22,-1,55,-1,30
1,<environment.Job instance at 0x7f75af2ba7d0>,22,27,[5 5],23,-1,57,-1,30
1,<environment.Job instance at 0x7f75af2bad70>,23,17,[ 5 13],24,-1,47,-1,30
1,<environment.Job instance at 0x7f75af2ba8c0>,25,17,[ 4 11],26,-1,47,-1,30
1,<environment.Job instance at 0x7f75af2baf50>,26,14,[14  5],27,-1,44,-1,30
1,<environment.Job instance at 0x7f75af2ba9b0>,28,23,[12  4],29,-1,54,-1,31
1,<environment.Job instance at 0x7f75af255e60>,27,27,[8 5],28,-1,68,-1,41
1,<environment.Job instance at 0x7f75af083f50>,31,3,[ 1 13],32,-1,44,-1,41
1,<environment.Job instance at 0x7f75af1b2dc0>,33,14,[ 1 12],34,-1,60,-1,46
1,<environment.Job instance at 0x7f75af1d79b0>,34,15,[ 4 14],35,-1,61,-1,46
1,<environment.Job instance at 0x7f75b89f0cd0>,36,28,[ 4 14],37,-1,74,-1,46
1,<environment.Job instance at 0x7f75af711fa0>,37,21,[ 5 12],38,-1,67,-1,46
1,<environment.Job instance at 0x7f75afbe5730>,41,27,[3 8],42,-1,87,-1,60
1,<environment.Job instance at 0x7f75af1a2eb0>,49,27,[10  4],50,-1,116,-1,89
1,<environment.Job instance at 0x7f75af1a2230>,51,27,[ 1 14],52,-1,116,-1,89
1,<environment.Job instance at 0x7f75af1a2c80>,53,15,[11  1],54,-1,108,-1,93
1,<environment.Job instance at 0x7f75af1a2e60>,54,3,[ 3 13],55,-1,96,-1,93
1,<environment.Job instance at 0x7f75af1a25a0>,56,21,[ 4 14],57,-1,118,-1,97
1,<environment.Job instance at 0x7f75aecd1730>,1,17,[1 8],2,-1,19,-1,2
1,<environment.Job instance at 0x7f75aeb4c1e0>,3,26,[3 6],4,-1,30,-1,4
1,<environment.Job instance at 0x7f75aeb4c410>,6,23,[4 9],7,-1,30,-1,7
1,<environment.Job instance at 0x7f75aeaf5c80>,7,24,[5 2],8,-1,32,-1,8
1,<environment.Job instance at 0x7f75aeaf5e10>,8,21,[1 5],9,-1,30,-1,9
1,<environment.Job instance at 0x7f75aeaf5d20>,10,25,[2 9],11,-1,36,-1,11
1,<environment.Job instance at 0x7f75aeaf50f0>,11,19,[9 3],12,-1,31,-1,12
1,<environment.Job instance at 0x7f75aeaf5550>,13,22,[4 8],14,-1,36,-1,14
1,<environment.Job instance at 0x7f75aeaf58c0>,17,16,[ 2 10],18,-1,34,-1,18
1,<environment.Job instance at 0x7f75aeaf5820>,20,14,[4 8],21,-1,36,-1,22
1,<environment.Job instance at 0x7f75b010cb90>,3,26,[3 6],4,-1,43,-1,17
1,<environment.Job instance at 0x7f75af3eb3c0>,9,17,[ 1 14],10,-1,34,-1,17
1,<environment.Job instance at 0x7f75affeb690>,7,24,[5 2],8,-1,41,-1,17
1,<environment.Job instance at 0x7f75af3ebaf0>,10,25,[2 9],11,-1,44,-1,19
1,<environment.Job instance at 0x7f75af1b25a0>,6,23,[4 9],7,-1,42,-1,19
1,<environment.Job instance at 0x7f75af6c7f00>,18,27,[ 3 11],19,-1,46,-1,19
1,<environment.Job instance at 0x7f75af6c7be0>,19,21,[ 3 13],20,-1,41,-1,20
1,<environment.Job instance at 0x7f75af6a6870>,22,13,[14  2],23,-1,45,-1,32
1,<environment.Job instance at 0x7f75b029b5f0>,23,16,[ 4 14],24,-1,48,-1,32
1,<environment.Job instance at 0x7f75b029b640>,25,14,[13  3],26,-1,46,-1,32
1,<environment.Job instance at 0x7f75af6b3dc0>,28,17,[ 3 11],29,-1,67,-1,50
1,<environment.Job instance at 0x7f75afbebbe0>,32,27,[1 6],33,-1,79,-1,52
1,<environment.Job instance at 0x7f75afbeb230>,33,27,[8 5],34,-1,82,-1,55
1,<environment.Job instance at 0x7f75b0288640>,36,13,[ 3 14],37,-1,68,-1,55
1,<environment.Job instance at 0x7f75b028cfa0>,40,27,[5 2],41,-1,97,-1,70
1,<environment.Job instance at 0x7f75b028c4b0>,41,13,[13  5],42,-1,83,-1,70
1,<environment.Job instance at 0x7f75b02a30a0>,42,17,[13  3],43,-1,87,-1,70
1,<environment.Job instance at 0x7f75af05cc30>,43,26,[10  5],44,-1,105,-1,79
1,<environment.Job instance at 0x7f75b02a38c0>,45,2,[ 2 12],46,-1,81,-1,79
1,<environment.Job instance at 0x7f75af6c8cd0>,47,17,[11  4],48,-1,96,-1,79
1,<environment.Job instance at 0x7f75af6c84b0>,48,24,[4 6],49,-1,116,-1,92
1,<environment.Job instance at 0x7f75af6c87d0>,49,15,[ 2 13],50,-1,107,-1,92
1,<environment.Job instance at 0x7f75af6c89b0>,50,18,[11  2],51,-1,110,-1,92
1,<environment.Job instance at 0x7f75af6c8140>,53,18,[14  1],54,-1,110,-1,92
1,<environment.Job instance at 0x7f75af6c88c0>,54,23,[ 1 11],55,-1,115,-1,92
1,<environment.Job instance at 0x7f75b02ae8c0>,55,1,[ 3 12],56,-1,93,-1,92
1,<environment.Job instance at 0x7f75b02ae2d0>,59,13,[ 3 11],60,-1,120,-1,107
1,<environment.Job instance at 0x7f75afcd2b40>,0,19,[8 3],1,-1,21,-1,2
1,<environment.Job instance at 0x7f75afcd23c0>,1,22,[10  3],2,-1,24,-1,2
1,<environment.Job instance at 0x7f75afcd2320>,4,15,[4 7],5,-1,20,-1,5
1,<environment.Job instance at 0x7f75afcd2870>,7,17,[5 9],8,-1,25,-1,8
1,<environment.Job instance at 0x7f75afba5050>,10,17,[6 4],11,-1,28,-1,11
1,<environment.Job instance at 0x7f75afba5e10>,11,17,[1 6],12,-1,29,-1,12
1,<environment.Job instance at 0x7f75afba5730>,12,18,[5 5],13,-1,31,-1,13
1,<environment.Job instance at 0x7f75afba59b0>,13,18,[ 3 10],14,-1,32,-1,14
1,<environment.Job instance at 0x7f75afedd2d0>,5,1,[12  1],6,-1,7,-1,6
1,<environment.Job instance at 0x7f75b034efa0>,8,18,[ 5 14],9,-1,27,-1,9
1,<environment.Job instance at 0x7f75aff74820>,9,22,[14  2],10,-1,32,-1,10
1,<environment.Job instance at 0x7f75af6a5f50>,6,25,[9 1],7,-1,45,-1,20
1,<environment.Job instance at 0x7f75af1fc140>,15,27,[5 4],16,-1,59,-1,32
1,<environment.Job instance at 0x7f75af3a72d0>,16,28,[7 5],17,-1,73,-1,45
1,<environment.Job instance at 0x7f75af3a78c0>,18,28,[14  2],19,-1,73,-1,45
1,<environment.Job instance at 0x7f75af085550>,21,22,[ 5 14],22,-1,68,-1,46
1,<environment.Job instance at 0x7f75afec3dc0>,22,26,[8 5],23,-1,75,-1,49
1,<environment.Job instance at 0x7f75afbd1780>,25,13,[13  5],26,-1,72,-1,59
1,<environment.Job instance at 0x7f75b028ff50>,26,14,[ 2 13],27,-1,73,-1,59
1,<environment.Job instance at 0x7f75b028feb0>,28,1,[13  3],29,-1,60,-1,59
1,<environment.Job instance at 0x7f75b028b320>,33,2,[ 4 12],34,-1,82,-1,80
1,<environment.Job instance at 0x7f75b02b5960>,36,1,[ 5 12],37,-1,92,-1,91
1,<environment.Job instance at 0x7f75b02aee60>,37,22,[13  5],38,-1,113,-1,91
1,<environment.Job instance at 0x7f75b02ae050>,38,27,[5 3],39,-1,125,-1,98
1,<environment.Job instance at 0x7f75af67c0f0>,2,21,[4 5],3,-1,24,-1,3
1,<environment.Job instance at 0x7f75aedee870>,3,16,[10  1],4,-1,21,-1,5
1,<environment.Job instance at 0x7f75b0460aa0>,4,18,[8 2],5,-1,23,-1,5
1,<environment.Job instance at 0x7f75afd73640>,5,18,[2 8],6,-1,24,-1,6
1,<environment.Job instance at 0x7f75b89ae280>,10,18,[9 1],11,-1,29,-1,11
1,<environment.Job instance at 0x7f75b89aee10>,12,12,[9 1],13,-1,26,-1,14
1,<environment.Job instance at 0x7f75b89ae5f0>,14,20,[ 4 11],15,-1,35,-1,15
1,<environment.Job instance at 0x7f75afd731e0>,13,19,[1 9],14,-1,36,-1,17
1,<environment.Job instance at 0x7f75b0327b40>,20,17,[2 6],21,-1,39,-1,22
1,<environment.Job instance at 0x7f75b03276e0>,22,19,[1 7],23,-1,42,-1,23
1,<environment.Job instance at 0x7f75b0327730>,23,25,[1 5],24,-1,49,-1,24
1,<environment.Job instance at 0x7f75b0327820>,24,25,[ 3 10],25,-1,50,-1,25
1,<environment.Job instance at 0x7f75b0327190>,26,12,[ 1 10],27,-1,39,-1,27
1,<environment.Job instance at 0x7f75af085eb0>,32,23,[9 2],33,-1,64,-1,41
1,<environment.Job instance at 0x7f75af085640>,30,15,[9 4],31,-1,57,-1,42
1,<environment.Job instance at 0x7f75b0327320>,18,28,[8 5],19,-1,70,-1,42
1,<environment.Job instance at 0x7f75af085910>,35,15,[4 8],36,-1,57,-1,42
1,<environment.Job instance at 0x7f75af085410>,31,15,[4 7],32,-1,57,-1,42
1,<environment.Job instance at 0x7f75af41ca00>,38,17,[7 4],39,-1,62,-1,45
1,<environment.Job instance at 0x7f75af41c1e0>,39,27,[ 1 14],40,-1,72,-1,45
1,<environment.Job instance at 0x7f75af41c280>,40,21,[3 9],41,-1,67,-1,46
1,<environment.Job instance at 0x7f75af4f1dc0>,46,16,[8 3],47,-1,70,-1,54
1,<environment.Job instance at 0x7f75af1d7d20>,44,27,[7 4],45,-1,81,-1,54
1,<environment.Job instance at 0x7f75af826a00>,47,16,[4 6],48,-1,70,-1,54
1,<environment.Job instance at 0x7f75af1d7690>,48,26,[14  5],49,-1,84,-1,58
1,<environment.Job instance at 0x7f75afa238c0>,58,24,[4 7],59,-1,127,-1,103
1,<environment.Job instance at 0x7f75af6c75a0>,11,3,[ 4 13],12,-1,25,-1,22
1,<environment.Job instance at 0x7f75afbcebe0>,14,20,[ 4 11],15,-1,57,-1,37
1,<environment.Job instance at 0x7f75afbb7f00>,15,15,[ 5 14],16,-1,52,-1,37
1,<environment.Job instance at 0x7f75af6a66e0>,17,12,[11  5],18,-1,50,-1,38
1,<environment.Job instance at 0x7f75afbebbe0>,23,25,[1 5],24,-1,82,-1,57
1,<environment.Job instance at 0x7f75af6b34b0>,25,18,[ 2 11],26,-1,76,-1,58
1,<environment.Job instance at 0x7f75af6b33c0>,24,25,[ 3 10],25,-1,83,-1,58
1,<environment.Job instance at 0x7f75b0288910>,28,20,[ 4 13],29,-1,78,-1,58
1,<environment.Job instance at 0x7f75b028c4b0>,29,17,[11  4],30,-1,75,-1,58
1,<environment.Job instance at 0x7f75afbeba00>,21,28,[7 3],22,-1,95,-1,67
1,<environment.Job instance at 0x7f75b02a3a00>,32,23,[9 2],33,-1,90,-1,67
1,<environment.Job instance at 0x7f75afbb7230>,18,28,[8 5],19,-1,95,-1,67
1,<environment.Job instance at 0x7f75af6c84b0>,39,27,[ 1 14],40,-1,112,-1,85
1,<environment.Job instance at 0x7f75b02ae9b0>,43,22,[12  2],44,-1,112,-1,90
1,<environment.Job instance at 0x7f75b02aee60>,44,27,[7 4],45,-1,118,-1,91
1,<environment.Job instance at 0x7f75b02b5960>,48,26,[14  5],49,-1,132,-1,106
1,<environment.Job instance at 0x7f75b028b320>,49,12,[11  4],50,-1,118,-1,106
1,<environment.Job instance at 0x7f75b028b3c0>,50,26,[8 3],51,-1,135,-1,109
1,<environment.Job instance at 0x7f75b028f140>,54,18,[14  4],55,-1,127,-1,109
1,<environment.Job instance at 0x7f75b89a4870>,4,17,[10  4],5,-1,23,-1,6
1,<environment.Job instance at 0x7f75b89a48c0>,7,28,[9 4],8,-1,36,-1,8
1,<environment.Job instance at 0x7f75b89a4460>,8,16,[3 5],9,-1,25,-1,9
1,<environment.Job instance at 0x7f75b89a4190>,10,23,[6 2],11,-1,34,-1,11
1,<environment.Job instance at 0x7f75b89a4960>,11,22,[1 9],12,-1,34,-1,12
1,<environment.Job instance at 0x7f75b89a4f00>,13,24,[10  4],14,-1,38,-1,14
1,<environment.Job instance at 0x7f75afab2960>,14,24,[3 9],15,-1,39,-1,15
1,<environment.Job instance at 0x7f75afab2320>,18,21,[9 5],19,-1,40,-1,19
1,<environment.Job instance at 0x7f75b89a49b0>,20,24,[7 4],21,-1,54,-1,30
1,<environment.Job instance at 0x7f75afab2c30>,24,17,[3 8],25,-1,47,-1,30
1,<environment.Job instance at 0x7f75b03fbfa0>,29,18,[9 2],30,-1,49,-1,31
1,<environment.Job instance at 0x7f75afab2b90>,15,18,[ 3 12],16,-1,49,-1,31
1,<environment.Job instance at 0x7f75b03fb3c0>,30,24,[5 9],31,-1,58,-1,34
1,<environment.Job instance at 0x7f75b03fbe60>,31,16,[10  3],32,-1,50,-1,34
1,<environment.Job instance at 0x7f75b03fbe10>,32,23,[3 9],33,-1,57,-1,34
1,<environment.Job instance at 0x7f75b03fb050>,33,26,[8 5],34,-1,60,-1,34
1,<environment.Job instance at 0x7f75b03fb5f0>,35,15,[6 5],36,-1,51,-1,36
1,<environment.Job instance at 0x7f75b03fbc80>,27,17,[ 2 10],28,-1,88,-1,71
1,<environment.Job instance at 0x7f75b03fbaf0>,44,16,[ 3 14],45,-1,87,-1,71
1,<environment.Job instance at 0x7f75b03fb280>,45,24,[14  4],46,-1,97,-1,73
1,<environment.Job instance at 0x7f75af130e10>,46,13,[14  5],47,-1,90,-1,77
1,<environment.Job instance at 0x7f75b03fb4b0>,36,17,[10  1],37,-1,94,-1,77
1,<environment.Job instance at 0x7f75b03fbdc0>,43,18,[ 3 10],44,-1,95,-1,77
1,<environment.Job instance at 0x7f75af6d14b0>,1,15,[12  1],2,-1,17,-1,2
1,<environment.Job instance at 0x7f75af6d1fa0>,2,13,[ 5 12],3,-1,16,-1,3
1,<environment.Job instance at 0x7f75b89a47d0>,7,28,[9 4],8,-1,37,-1,9
1,<environment.Job instance at 0x7f75b89a4eb0>,9,1,[ 3 13],10,-1,11,-1,10
1,<environment.Job instance at 0x7f75af452dc0>,10,23,[6 2],11,-1,37,-1,14
1,<environment.Job instance at 0x7f75af4527d0>,13,24,[10  4],14,-1,38,-1,14
1,<environment.Job instance at 0x7f75af452690>,15,18,[ 3 12],16,-1,34,-1,16
1,<environment.Job instance at 0x7f75af452cd0>,16,18,[13  3],17,-1,35,-1,17
1,<environment.Job instance at 0x7f75af452eb0>,14,24,[3 9],15,-1,48,-1,24
1,<environment.Job instance at 0x7f75b8a814b0>,21,19,[ 5 13],22,-1,43,-1,24
1,<environment.Job instance at 0x7f75b8a81410>,20,24,[7 4],21,-1,54,-1,30
1,<environment.Job instance at 0x7f75afc91190>,30,24,[5 9],31,-1,80,-1,56
1,<environment.Job instance at 0x7f75afc91aa0>,32,23,[3 9],33,-1,96,-1,73
1,<environment.Job instance at 0x7f75afc91820>,33,26,[8 5],34,-1,104,-1,78
1,<environment.Job instance at 0x7f75afc91320>,37,3,[13  5],38,-1,81,-1,78
1,<environment.Job instance at 0x7f75af0ac0a0>,44,16,[ 3 14],45,-1,111,-1,95
1,<environment.Job instance at 0x7f75af0acf00>,45,24,[14  4],46,-1,119,-1,95
1,<environment.Job instance at 0x7f75af0acb90>,46,13,[14  5],47,-1,108,-1,95
1,<environment.Job instance at 0x7f75af2fcf00>,13,23,[10  4],14,-1,47,-1,24
1,<environment.Job instance at 0x7f75af166d70>,23,15,[ 3 10],24,-1,44,-1,29
1,<environment.Job instance at 0x7f75af166e10>,20,17,[4 6],21,-1,46,-1,29
1,<environment.Job instance at 0x7f75af166f50>,24,28,[14  3],25,-1,58,-1,30
1,<environment.Job instance at 0x7f75af1664b0>,25,20,[1 9],26,-1,51,-1,31
1,<environment.Job instance at 0x7f75af1659b0>,28,16,[10  1],29,-1,47,-1,31
1,<environment.Job instance at 0x7f75af166cd0>,29,17,[ 2 12],30,-1,48,-1,31
1,<environment.Job instance at 0x7f75af1667d0>,27,17,[5 6],28,-1,48,-1,31
1,<environment.Job instance at 0x7f75af165910>,31,12,[7 2],32,-1,74,-1,62
1,<environment.Job instance at 0x7f75af165af0>,36,24,[8 5],37,-1,88,-1,64
1,<environment.Job instance at 0x7f75af165a00>,37,18,[4 6],38,-1,82,-1,64
1,<environment.Job instance at 0x7f75af8ac5a0>,40,23,[9 3],41,-1,104,-1,81
1,<environment.Job instance at 0x7f75af165e10>,32,13,[ 5 11],33,-1,94,-1,81
1,<environment.Job instance at 0x7f75af2fc5f0>,14,26,[2 7],15,-1,107,-1,81
1,<environment.Job instance at 0x7f75af8acd20>,41,12,[1 9],42,-1,93,-1,81
1,<environment.Job instance at 0x7f75af8acf00>,45,3,[ 5 14],46,-1,84,-1,81
1,<environment.Job instance at 0x7f75af5fc140>,46,22,[5 6],47,-1,104,-1,82
1,<environment.Job instance at 0x7f75af5fc870>,47,18,[1 6],48,-1,100,-1,82
1,<environment.Job instance at 0x7f75af5fce10>,48,25,[10  1],49,-1,109,-1,84
1,<environment.Job instance at 0x7f75af5fc780>,49,12,[5 9],50,-1,96,-1,84
1,<environment.Job instance at 0x7f75af5fcaf0>,50,16,[1 8],51,-1,100,-1,84
1,<environment.Job instance at 0x7f75af5fcaa0>,51,19,[9 3],52,-1,103,-1,84
1,<environment.Job instance at 0x7f75af5fc280>,52,21,[12  2],53,-1,105,-1,84
1,<environment.Job instance at 0x7f75af8acaa0>,43,12,[ 3 10],44,-1,96,-1,84
1,<environment.Job instance at 0x7f75af5fc8c0>,54,14,[ 1 14],55,-1,98,-1,84
1,<environment.Job instance at 0x7f75af5fc4b0>,53,20,[1 5],54,-1,114,-1,94
1,<environment.Job instance at 0x7f75af5fc2d0>,55,20,[2 8],56,-1,114,-1,94
1,<environment.Job instance at 0x7f75af2fc410>,9,18,[ 3 10],10,-1,112,-1,94
1,<environment.Job instance at 0x7f75af5fc820>,57,19,[5 5],58,-1,114,-1,95
1,<environment.Job instance at 0x7f75af5fceb0>,59,18,[8 1],60,-1,113,-1,95
1,<environment.Job instance at 0x7f75b02e2be0>,62,20,[5 5],63,-1,115,-1,95
1,<environment.Job instance at 0x7f75af6b69b0>,4,24,[14  3],5,-1,29,-1,5
1,<environment.Job instance at 0x7f75af6b6050>,6,2,[14  2],7,-1,9,-1,7
1,<environment.Job instance at 0x7f75af6b6370>,11,26,[ 5 11],12,-1,38,-1,12
1,<environment.Job instance at 0x7f75af3aed70>,14,26,[2 7],15,-1,41,-1,15
1,<environment.Job instance at 0x7f75af3aedc0>,19,26,[ 1 10],20,-1,46,-1,20
1,<environment.Job instance at 0x7f75af3ae5f0>,18,26,[5 4],19,-1,59,-1,33
1,<environment.Job instance at 0x7f75af3aeeb0>,13,23,[10  4],14,-1,56,-1,33
1,<environment.Job instance at 0x7f75af3aef00>,24,28,[14  3],25,-1,61,-1,33
1,<environment.Job instance at 0x7f75af3aec80>,29,17,[ 2 12],30,-1,55,-1,38
1,<environment.Job instance at 0x7f75b8a81050>,32,13,[ 5 11],33,-1,54,-1,41
1,<environment.Job instance at 0x7f75b8a816e0>,35,2,[ 4 11],36,-1,53,-1,51
1,<environment.Job instance at 0x7f75b8a815f0>,36,24,[8 5],37,-1,77,-1,53
1,<environment.Job instance at 0x7f75af2fc1e0>,39,17,[13  2],40,-1,83,-1,66
1,<environment.Job instance at 0x7f75af2fc9b0>,40,23,[9 3],41,-1,104,-1,81
1,<environment.Job instance at 0x7f75af8ac140>,45,3,[ 5 14],46,-1,96,-1,93
1,<environment.Job instance at 0x7f75af8dd730>,0,21,[14  4],1,-1,22,-1,1
1,<environment.Job instance at 0x7f75af8dd5f0>,1,18,[ 4 13],2,-1,20,-1,2
1,<environment.Job instance at 0x7f75af8ddaf0>,5,18,[11  1],6,-1,24,-1,6
1,<environment.Job instance at 0x7f75af8e3370>,6,12,[ 4 12],7,-1,19,-1,7
1,<environment.Job instance at 0x7f75af8e3c80>,10,24,[5 6],11,-1,39,-1,15
1,<environment.Job instance at 0x7f75af8ddd20>,4,26,[8 3],5,-1,43,-1,17
1,<environment.Job instance at 0x7f75af8e3eb0>,13,17,[ 3 14],14,-1,34,-1,17
1,<environment.Job instance at 0x7f75af8e3e10>,14,23,[8 5],15,-1,40,-1,17
1,<environment.Job instance at 0x7f75af8e36e0>,7,27,[4 8],8,-1,44,-1,17
1,<environment.Job instance at 0x7f75b02f9cd0>,19,28,[2 5],20,-1,48,-1,20
1,<environment.Job instance at 0x7f75b02f9eb0>,20,28,[ 2 14],21,-1,49,-1,21
1,<environment.Job instance at 0x7f75b02f9870>,25,27,[5 8],26,-1,61,-1,34
1,<environment.Job instance at 0x7f75b02f99b0>,23,24,[10  1],24,-1,58,-1,34
1,<environment.Job instance at 0x7f75b02f9640>,27,12,[13  5],28,-1,46,-1,34
1,<environment.Job instance at 0x7f75b02f9140>,28,15,[ 5 12],29,-1,49,-1,34
1,<environment.Job instance at 0x7f75b02f9be0>,30,23,[10  4],31,-1,61,-1,38
1,<environment.Job instance at 0x7f75af8e1f00>,35,24,[10  1],36,-1,85,-1,61
1,<environment.Job instance at 0x7f75af8e1050>,36,26,[5 8],37,-1,87,-1,61
1,<environment.Job instance at 0x7f75af8e1690>,39,16,[ 3 14],40,-1,77,-1,61
1,<environment.Job instance at 0x7f75af8e1e60>,42,15,[13  3],43,-1,78,-1,63
1,<environment.Job instance at 0x7f75af1306e0>,44,26,[6 2],45,-1,99,-1,73
1,<environment.Job instance at 0x7f75b02e2c80>,47,26,[13  4],48,-1,103,-1,77
1,<environment.Job instance at 0x7f75af166050>,49,23,[14  1],50,-1,102,-1,79
1,<environment.Job instance at 0x7f75af8c99b0>,50,14,[ 1 12],51,-1,93,-1,79
1,<environment.Job instance at 0x7f75af8c9b90>,51,17,[14  4],52,-1,96,-1,79
1,<environment.Job instance at 0x7f75af2fce60>,55,24,[8 2],56,-1,118,-1,94
1,<environment.Job instance at 0x7f75af2fc9b0>,56,27,[ 3 13],57,-1,121,-1,94
1,<environment.Job instance at 0x7f75b8a815f0>,57,18,[ 2 12],58,-1,112,-1,94
1,<environment.Job instance at 0x7f75b8a810f0>,62,3,[11  4],63,-1,112,-1,109
1,<environment.Job instance at 0x7f75af3aee60>,63,24,[13  3],64,-1,133,-1,109
1,<environment.Job instance at 0x7f75af7d7410>,6,17,[10  3],7,-1,25,-1,8
1,<environment.Job instance at 0x7f75af7d7280>,8,16,[9 2],9,-1,25,-1,9
1,<environment.Job instance at 0x7f75af7d55a0>,11,21,[6 4],12,-1,33,-1,12
1,<environment.Job instance at 0x7f75af7d5410>,12,13,[ 4 10],13,-1,26,-1,13
1,<environment.Job instance at 0x7f75af7d5550>,13,15,[8 5],14,-1,29,-1,14
1,<environment.Job instance at 0x7f75af7cae10>,14,22,[3 9],15,-1,37,-1,15
1,<environment.Job instance at 0x7f75af7ca6e0>,15,12,[1 7],16,-1,28,-1,16
1,<environment.Job instance at 0x7f75af7a5f00>,16,23,[3 9],17,-1,40,-1,17
1,<environment.Job instance at 0x7f75af7a5be0>,18,23,[9 5],19,-1,42,-1,19
1,<environment.Job instance at 0x7f75af7a51e0>,19,13,[ 4 13],20,-1,33,-1,20
1,<environment.Job instance at 0x7f75af7a5500>,21,14,[ 1 11],22,-1,36,-1,22
1,<environment.Job instance at 0x7f75af7a55f0>,22,24,[7 4],23,-1,47,-1,23
1,<environment.Job instance at 0x7f75aff6a2d0>,29,20,[7 4],30,-1,50,-1,30
1,<environment.Job instance at 0x7f75af7a54b0>,30,18,[8 3],31,-1,49,-1,31
1,<environment.Job instance at 0x7f75aee803c0>,32,25,[6 2],33,-1,58,-1,33
1,<environment.Job instance at 0x7f75aee80730>,35,24,[5 6],36,-1,60,-1,36
1,<environment.Job instance at 0x7f75afe49eb0>,36,18,[ 1 10],37,-1,61,-1,43
1,<environment.Job instance at 0x7f75aebe5b90>,37,25,[ 2 13],38,-1,68,-1,43
1,<environment.Job instance at 0x7f75af6243c0>,7,17,[ 3 10],8,-1,60,-1,43
1,<environment.Job instance at 0x7f75af3c23c0>,43,26,[10  2],44,-1,70,-1,44
1,<environment.Job instance at 0x7f75afe49dc0>,42,18,[4 5],43,-1,63,-1,45
1,<environment.Job instance at 0x7f75af3a7d70>,47,17,[14  5],48,-1,65,-1,48
1,<environment.Job instance at 0x7f75afe49b40>,39,15,[ 4 11],40,-1,64,-1,49
1,<environment.Job instance at 0x7f75af7d3dc0>,10,14,[ 4 13],11,-1,63,-1,49
1,<environment.Job instance at 0x7f75af3c2910>,45,14,[9 3],46,-1,63,-1,49
1,<environment.Job instance at 0x7f75af752960>,49,21,[9 5],50,-1,71,-1,50
1,<environment.Job instance at 0x7f75af3aecd0>,0,24,[12  2],1,-1,25,-1,1
1,<environment.Job instance at 0x7f75af3ae730>,1,12,[ 2 12],2,-1,14,-1,2
1,<environment.Job instance at 0x7f75b8a81370>,10,14,[ 4 13],11,-1,25,-1,11
1,<environment.Job instance at 0x7f75b02f9be0>,16,23,[3 9],17,-1,60,-1,37
1,<environment.Job instance at 0x7f75b02f9b90>,17,24,[ 4 14],18,-1,61,-1,37
1,<environment.Job instance at 0x7f75b02f9640>,19,13,[ 4 13],20,-1,50,-1,37
1,<environment.Job instance at 0x7f75b02f9870>,21,14,[ 1 11],22,-1,51,-1,37
1,<environment.Job instance at 0x7f75b02f96e0>,22,24,[7 4],23,-1,64,-1,40
1,<environment.Job instance at 0x7f75b02f9fa0>,27,12,[14  4],28,-1,62,-1,50
1,<environment.Job instance at 0x7f75b02f9910>,18,23,[9 5],19,-1,76,-1,53
1,<environment.Job instance at 0x7f75aff270f0>,32,25,[6 2],33,-1,92,-1,67
1,<environment.Job instance at 0x7f75af60dc80>,33,2,[ 1 13],34,-1,69,-1,67
1,<environment.Job instance at 0x7f75af60d500>,35,24,[5 6],36,-1,94,-1,70
1,<environment.Job instance at 0x7f75afa3cf00>,37,25,[ 2 13],38,-1,95,-1,70
1,<environment.Job instance at 0x7f75afa3c320>,39,15,[ 4 11],40,-1,88,-1,73
1,<environment.Job instance at 0x7f75af30be60>,40,26,[6 2],41,-1,99,-1,73
1,<environment.Job instance at 0x7f75af30ba00>,43,26,[10  2],44,-1,106,-1,80
1,<environment.Job instance at 0x7f75b005f690>,47,17,[14  5],48,-1,114,-1,97
1,<environment.Job instance at 0x7f75aee40230>,0,20,[9 3],1,-1,21,-1,1
1,<environment.Job instance at 0x7f75aee40f50>,15,23,[7 5],16,-1,80,-1,57
1,<environment.Job instance at 0x7f75afc83c80>,17,18,[9 4],18,-1,75,-1,57
1,<environment.Job instance at 0x7f75aee40eb0>,7,16,[8 2],8,-1,73,-1,57
1,<environment.Job instance at 0x7f75afc83500>,27,18,[7 1],28,-1,75,-1,57
1,<environment.Job instance at 0x7f75afc83d70>,28,21,[8 2],29,-1,78,-1,57
1,<environment.Job instance at 0x7f75afc83870>,29,18,[6 5],30,-1,75,-1,57
1,<environment.Job instance at 0x7f75b8a7a7d0>,1,23,[13  2],2,-1,25,-1,2
1,<environment.Job instance at 0x7f75af8b5500>,2,14,[12  4],3,-1,17,-1,3
1,<environment.Job instance at 0x7f75aff112d0>,3,25,[ 2 10],4,-1,29,-1,4
1,<environment.Job instance at 0x7f75aff11af0>,4,24,[14  1],5,-1,29,-1,5
1,<environment.Job instance at 0x7f75b0451140>,6,25,[14  2],7,-1,32,-1,7
1,<environment.Job instance at 0x7f75aff11410>,8,28,[5 9],9,-1,37,-1,9
1,<environment.Job instance at 0x7f75af1430a0>,10,28,[6 1],11,-1,39,-1,11
1,<environment.Job instance at 0x7f75af46d2d0>,15,23,[7 5],16,-1,57,-1,34
1,<environment.Job instance at 0x7f75afc7ab40>,20,18,[ 5 11],21,-1,56,-1,38
1,<environment.Job instance at 0x7f75b8f1a9b0>,22,1,[14  4],23,-1,39,-1,38
1,<environment.Job instance at 0x7f75b02a3410>,23,3,[11  4],24,-1,41,-1,38
1,<environment.Job instance at 0x7f75af333280>,30,23,[13  4],31,-1,90,-1,67
1,<environment.Job instance at 0x7f75af3333c0>,31,17,[12  2],32,-1,84,-1,67
1,<environment.Job instance at 0x7f75b01ebeb0>,37,17,[14  5],38,-1,87,-1,70
1,<environment.Job instance at 0x7f75b01eb960>,38,12,[11  5],39,-1,82,-1,70
1,<environment.Job instance at 0x7f75afcd4d20>,43,12,[ 1 13],44,-1,111,-1,99
1,<environment.Job instance at 0x7f75af740c80>,44,14,[11  1],45,-1,113,-1,99
1,<environment.Job instance at 0x7f75af740eb0>,45,3,[14  1],46,-1,102,-1,99
1,<environment.Job instance at 0x7f75af650960>,2,14,[ 4 13],3,-1,17,-1,3
1,<environment.Job instance at 0x7f75b03a5b40>,3,13,[13  5],4,-1,17,-1,4
1,<environment.Job instance at 0x7f75aecd1b40>,5,16,[ 3 12],6,-1,22,-1,6
1,<environment.Job instance at 0x7f75b03a5230>,7,28,[14  1],8,-1,36,-1,8
1,<environment.Job instance at 0x7f75aecd14b0>,9,14,[ 1 14],10,-1,24,-1,10
1,<environment.Job instance at 0x7f75b8f1a1e0>,10,21,[ 1 14],11,-1,32,-1,11
1,<environment.Job instance at 0x7f75b8f1ad70>,8,25,[10  1],9,-1,45,-1,20
1,<environment.Job instance at 0x7f75af3497d0>,16,25,[9 4],17,-1,45,-1,20
1,<environment.Job instance at 0x7f75aee3dcd0>,21,28,[ 5 12],22,-1,50,-1,22
1,<environment.Job instance at 0x7f75aebbd140>,27,23,[10  1],28,-1,59,-1,36
1,<environment.Job instance at 0x7f75aebc82d0>,29,26,[14  1],30,-1,62,-1,36
1,<environment.Job instance at 0x7f75af502690>,35,18,[ 1 13],36,-1,67,-1,49
1,<environment.Job instance at 0x7f75aec882d0>,36,26,[ 3 10],37,-1,77,-1,51
1,<environment.Job instance at 0x7f75b02d2eb0>,38,22,[ 3 12],39,-1,73,-1,51
1,<environment.Job instance at 0x7f75af325320>,41,12,[ 5 14],42,-1,76,-1,64
1,<environment.Job instance at 0x7f75aff74550>,39,28,[8 3],40,-1,97,-1,69
1,<environment.Job instance at 0x7f75afbb7be0>,44,25,[ 5 14],45,-1,94,-1,69
1,<environment.Job instance at 0x7f75afedea00>,45,15,[12  1],46,-1,84,-1,69
1,<environment.Job instance at 0x7f75af247780>,48,2,[ 3 12],49,-1,72,-1,70
1,<environment.Job instance at 0x7f75af853640>,54,25,[4 6],55,-1,124,-1,99
1,<environment.Job instance at 0x7f75af8530a0>,55,21,[ 5 11],56,-1,120,-1,99
1,<environment.Job instance at 0x7f75af333c30>,59,18,[ 3 14],60,-1,118,-1,100
1,<environment.Job instance at 0x7f75af3338c0>,60,2,[14  4],61,-1,102,-1,100
1,<environment.Job instance at 0x7f75aebc9a00>,0,20,[9 1],1,-1,22,-1,2
1,<environment.Job instance at 0x7f75b027abe0>,1,22,[3 5],2,-1,24,-1,2
1,<environment.Job instance at 0x7f75aebe5b40>,3,18,[3 8],4,-1,24,-1,6
1,<environment.Job instance at 0x7f75aebe54b0>,5,17,[14  4],6,-1,23,-1,6
1,<environment.Job instance at 0x7f75aebe5870>,13,23,[ 1 10],14,-1,41,-1,18
1,<environment.Job instance at 0x7f75af804410>,18,19,[ 3 11],19,-1,38,-1,19
1,<environment.Job instance at 0x7f75af804960>,19,17,[5 7],20,-1,38,-1,21
1,<environment.Job instance at 0x7f75aebe5eb0>,10,17,[14  3],11,-1,38,-1,21
1,<environment.Job instance at 0x7f75aebe5500>,14,14,[1 5],15,-1,35,-1,21
1,<environment.Job instance at 0x7f75af8042d0>,21,28,[4 5],22,-1,50,-1,22
1,<environment.Job instance at 0x7f75af804550>,22,19,[8 5],23,-1,42,-1,23
1,<environment.Job instance at 0x7f75aebe5820>,12,25,[ 4 12],13,-1,52,-1,27
1,<environment.Job instance at 0x7f75af804be0>,20,15,[14  4],21,-1,49,-1,34
1,<environment.Job instance at 0x7f75af804b90>,28,22,[ 3 13],29,-1,56,-1,34
1,<environment.Job instance at 0x7f75af804870>,31,12,[ 4 12],32,-1,46,-1,34
1,<environment.Job instance at 0x7f75af804910>,25,20,[ 5 10],26,-1,57,-1,37
1,<environment.Job instance at 0x7f75af804e10>,33,28,[ 4 11],34,-1,66,-1,38
1,<environment.Job instance at 0x7f75af8040f0>,29,16,[6 4],30,-1,60,-1,44
1,<environment.Job instance at 0x7f75b0181410>,40,18,[ 5 12],41,-1,62,-1,44
1,<environment.Job instance at 0x7f75b0181140>,43,20,[5 9],44,-1,65,-1,45
1,<environment.Job instance at 0x7f75b01819b0>,41,25,[11  3],42,-1,94,-1,69
1,<environment.Job instance at 0x7f75b0181960>,44,23,[6 5],45,-1,92,-1,69
1,<environment.Job instance at 0x7f75b0181f00>,48,23,[2 7],49,-1,92,-1,69
1,<environment.Job instance at 0x7f75b0181730>,49,19,[8 5],50,-1,88,-1,69
1,<environment.Job instance at 0x7f75b0181550>,50,17,[10  5],51,-1,86,-1,69
1,<environment.Job instance at 0x7f75af8cb9b0>,2,12,[ 2 14],3,-1,15,-1,3
1,<environment.Job instance at 0x7f75aee2e870>,5,17,[14  4],6,-1,23,-1,6
1,<environment.Job instance at 0x7f75af2510a0>,6,12,[ 1 13],7,-1,19,-1,7
1,<environment.Job instance at 0x7f75aee448c0>,10,17,[14  3],11,-1,28,-1,11
1,<environment.Job instance at 0x7f75aee44730>,11,1,[ 1 13],12,-1,13,-1,12
1,<environment.Job instance at 0x7f75aee440a0>,12,25,[ 4 12],13,-1,38,-1,13
1,<environment.Job instance at 0x7f75aec50690>,15,13,[ 2 11],16,-1,35,-1,22
1,<environment.Job instance at 0x7f75af2280f0>,17,14,[14  1],18,-1,37,-1,23
1,<environment.Job instance at 0x7f75aee44870>,18,19,[ 3 11],19,-1,42,-1,23
1,<environment.Job instance at 0x7f75af83d730>,20,15,[14  4],21,-1,38,-1,23
1,<environment.Job instance at 0x7f75af83d6e0>,21,28,[4 5],22,-1,52,-1,24
1,<environment.Job instance at 0x7f75aec50af0>,13,23,[ 1 10],14,-1,47,-1,24
1,<environment.Job instance at 0x7f75afbeb500>,26,2,[12  3],27,-1,29,-1,27
1,<environment.Job instance at 0x7f75afbebbe0>,28,22,[ 3 13],29,-1,51,-1,29
1,<environment.Job instance at 0x7f75af14b5a0>,31,12,[ 4 12],32,-1,44,-1,32
1,<environment.Job instance at 0x7f75af22a910>,33,28,[ 4 11],34,-1,70,-1,42
1,<environment.Job instance at 0x7f75aef4c050>,36,19,[ 2 11],37,-1,63,-1,44
1,<environment.Job instance at 0x7f75aef4c550>,37,12,[14  5],38,-1,56,-1,44
1,<environment.Job instance at 0x7f75aef4c780>,38,27,[10  1],39,-1,73,-1,46
1,<environment.Job instance at 0x7f75aef4ca00>,40,18,[ 5 12],41,-1,64,-1,46
1,<environment.Job instance at 0x7f75af3338c0>,41,25,[11  3],42,-1,71,-1,46
1,<environment.Job instance at 0x7f75af343050>,45,1,[13  4],46,-1,59,-1,58
1,<environment.Job instance at 0x7f75af290c80>,46,25,[13  3],47,-1,83,-1,58
1,<environment.Job instance at 0x7f75af28f050>,47,26,[ 3 13],48,-1,84,-1,58
1,<environment.Job instance at 0x7f75af290730>,48,23,[2 7],49,-1,81,-1,58
1,<environment.Job instance at 0x7f75af8530a0>,44,23,[6 5],45,-1,81,-1,58
1,<environment.Job instance at 0x7f75aee82190>,51,20,[ 4 13],52,-1,78,-1,58
1,<environment.Job instance at 0x7f75b01a1dc0>,52,28,[6 1],53,-1,86,-1,58
1,<environment.Job instance at 0x7f75b8d70140>,57,3,[ 5 11],58,-1,75,-1,72
1,<environment.Job instance at 0x7f75b02d2780>,62,18,[ 3 12],63,-1,120,-1,102
1,<environment.Job instance at 0x7f75afbd5230>,64,20,[14  4],65,-1,123,-1,103
1,<environment.Job instance at 0x7f75afd84960>,6,22,[1 5],7,-1,30,-1,8
1,<environment.Job instance at 0x7f75afd6f140>,9,19,[5 3],10,-1,29,-1,10
1,<environment.Job instance at 0x7f75b01f7eb0>,0,15,[ 5 14],1,-1,16,-1,1
1,<environment.Job instance at 0x7f75afbebe60>,1,3,[ 2 14],2,-1,5,-1,2
1,<environment.Job instance at 0x7f75afbebf00>,2,14,[ 3 11],3,-1,17,-1,3
1,<environment.Job instance at 0x7f75af247780>,8,14,[ 2 14],9,-1,23,-1,9
1,<environment.Job instance at 0x7f75af1bf5a0>,10,23,[14  2],11,-1,34,-1,11
1,<environment.Job instance at 0x7f75b8a7ac80>,17,17,[ 4 14],18,-1,37,-1,20
1,<environment.Job instance at 0x7f75b8a7ab40>,19,17,[12  4],20,-1,49,-1,32
1,<environment.Job instance at 0x7f75af02b0f0>,20,14,[ 3 11],21,-1,46,-1,32
1,<environment.Job instance at 0x7f75afe0cc80>,21,16,[ 4 13],22,-1,48,-1,32
1,<environment.Job instance at 0x7f75afe0cf00>,22,24,[ 1 11],23,-1,56,-1,32
1,<environment.Job instance at 0x7f75afe0c500>,23,17,[ 4 11],24,-1,49,-1,32
1,<environment.Job instance at 0x7f75afb885f0>,25,2,[ 2 12],26,-1,34,-1,32
1,<environment.Job instance at 0x7f75aeef6140>,29,25,[8 1],30,-1,65,-1,40
1,<environment.Job instance at 0x7f75afbb3280>,33,28,[3 6],34,-1,91,-1,63
1,<environment.Job instance at 0x7f75af650960>,34,20,[14  5],35,-1,83,-1,63
1,<environment.Job instance at 0x7f75afb06be0>,28,27,[ 3 10],29,-1,90,-1,63
1,<environment.Job instance at 0x7f75afa9abe0>,36,17,[14  1],37,-1,80,-1,63
1,<environment.Job instance at 0x7f75afa9a5a0>,38,28,[4 5],39,-1,91,-1,63
1,<environment.Job instance at 0x7f75afd70230>,39,26,[1 7],40,-1,89,-1,63
1,<environment.Job instance at 0x7f75afbadeb0>,41,23,[6 2],42,-1,86,-1,63
1,<environment.Job instance at 0x7f75afd82640>,32,23,[5 4],33,-1,86,-1,63
1,<environment.Job instance at 0x7f75afb6c9b0>,44,27,[3 8],45,-1,91,-1,64
1,<environment.Job instance at 0x7f75afb6c0a0>,46,2,[ 4 13],47,-1,66,-1,64
1,<environment.Job instance at 0x7f75af8f05f0>,47,27,[10  5],48,-1,91,-1,64
1,<environment.Job instance at 0x7f75afa342d0>,52,18,[14  1],53,-1,98,-1,80
1,<environment.Job instance at 0x7f75aebc92d0>,56,24,[7 2],57,-1,122,-1,98
1,<environment.Job instance at 0x7f75aec6c780>,60,12,[ 3 14],61,-1,112,-1,100
1,<environment.Job instance at 0x7f75b041c780>,61,24,[9 4],62,-1,126,-1,102
1,<environment.Job instance at 0x7f75af21a4b0>,64,13,[12  1],65,-1,118,-1,105
1,<environment.Job instance at 0x7f75b007d690>,3,28,[10  2],4,-1,32,-1,4
1,<environment.Job instance at 0x7f75aefbb9b0>,6,18,[7 5],7,-1,25,-1,7
1,<environment.Job instance at 0x7f75af0feb40>,8,14,[3 7],9,-1,24,-1,10
1,<environment.Job instance at 0x7f75af0fe5f0>,10,26,[5 5],11,-1,37,-1,11
1,<environment.Job instance at 0x7f75af0fea00>,11,28,[3 7],12,-1,40,-1,12
1,<environment.Job instance at 0x7f75af93d140>,13,23,[ 2 10],14,-1,37,-1,14
1,<environment.Job instance at 0x7f75af93dcd0>,16,16,[4 6],17,-1,33,-1,17
1,<environment.Job instance at 0x7f75af826960>,3,28,[10  2],4,-1,32,-1,4
1,<environment.Job instance at 0x7f75af8265a0>,4,19,[ 2 12],5,-1,24,-1,5
1,<environment.Job instance at 0x7f75af62a500>,5,20,[ 2 11],6,-1,26,-1,6
1,<environment.Job instance at 0x7f75aeef0910>,10,26,[5 5],11,-1,49,-1,23
1,<environment.Job instance at 0x7f75afd004b0>,11,28,[3 7],12,-1,51,-1,23
1,<environment.Job instance at 0x7f75af28caf0>,13,23,[ 2 10],14,-1,46,-1,23
1,<environment.Job instance at 0x7f75affec4b0>,14,12,[13  5],15,-1,35,-1,23
1,<environment.Job instance at 0x7f75af5f1370>,19,14,[14  2],20,-1,42,-1,28
1,<environment.Job instance at 0x7f75af27c0a0>,20,28,[9 4],21,-1,64,-1,36
1,<environment.Job instance at 0x7f75af383820>,21,24,[ 1 13],22,-1,60,-1,36
1,<environment.Job instance at 0x7f75af3835f0>,22,14,[ 5 13],23,-1,50,-1,36
1,<environment.Job instance at 0x7f75aec6c1e0>,28,13,[ 3 12],29,-1,54,-1,41
1,<environment.Job instance at 0x7f75aebc9d70>,31,12,[ 5 12],32,-1,53,-1,41
1,<environment.Job instance at 0x7f75aeee26e0>,44,14,[ 1 14],45,-1,109,-1,95
1,<environment.Job instance at 0x7f75b8c577d0>,42,23,[ 4 10],43,-1,125,-1,102
1,<environment.Job instance at 0x7f75b8a7ac80>,46,14,[11  4],47,-1,116,-1,102
1,<environment.Job instance at 0x7f75af072370>,48,18,[ 4 12],49,-1,120,-1,102
1,<environment.Job instance at 0x7f1a4c6eeb90>,2,14,[ 2 10],3,-1,18,-1,4
1,<environment.Job instance at 0x7f1a4c6eea50>,4,13,[3 6],5,-1,18,-1,5
1,<environment.Job instance at 0x7f1a55d388c0>,3,22,[2 5],4,-1,27,-1,5
1,<environment.Job instance at 0x7f1a4c6f2460>,13,18,[5 9],14,-1,33,-1,15
1,<environment.Job instance at 0x7f1a4c6eecd0>,14,21,[8 1],15,-1,36,-1,15
1,<environment.Job instance at 0x7f1a4c6f2730>,19,25,[5 9],20,-1,45,-1,20
1,<environment.Job instance at 0x7f1a4c6f26e0>,21,18,[9 4],22,-1,41,-1,23
1,<environment.Job instance at 0x7f1a4c6f31e0>,30,26,[9 4],31,-1,73,-1,47
1,<environment.Job instance at 0x7f1a4c6f3500>,33,26,[3 6],34,-1,76,-1,50
1,<environment.Job instance at 0x7f1a4c6f3370>,32,21,[5 9],33,-1,73,-1,52
1,<environment.Job instance at 0x7f1a4c6f2140>,12,23,[12  4],13,-1,75,-1,52
1,<environment.Job instance at 0x7f1a4c6f35a0>,36,20,[7 5],37,-1,72,-1,52
1,<environment.Job instance at 0x7f1a4c6f37d0>,39,18,[9 4],40,-1,70,-1,52
1,<environment.Job instance at 0x7f1a4c6f3a50>,43,16,[1 8],44,-1,79,-1,63
1,<environment.Job instance at 0x7f1a55d7e280>,6,15,[ 2 14],7,-1,22,-1,7
1,<environment.Job instance at 0x7f1a4c6eea00>,8,2,[ 1 14],9,-1,11,-1,9
1,<environment.Job instance at 0x7f1a4c6ee960>,7,26,[9 3],8,-1,44,-1,18
1,<environment.Job instance at 0x7f1a4c88e410>,12,23,[12  4],13,-1,41,-1,18
1,<environment.Job instance at 0x7f1a4c6e6a50>,18,26,[7 4],19,-1,56,-1,30
1,<environment.Job instance at 0x7f1a4c6e6a00>,19,25,[5 9],20,-1,66,-1,41
1,<environment.Job instance at 0x7f1a4c7e9960>,23,16,[12  2],24,-1,57,-1,41
1,<environment.Job instance at 0x7f1a4c7f7c30>,28,17,[ 1 13],29,-1,65,-1,48
1,<environment.Job instance at 0x7f1a4c7f7eb0>,29,24,[4 7],30,-1,75,-1,51
1,<environment.Job instance at 0x7f1a4c7fc960>,30,26,[9 4],31,-1,77,-1,51
1,<environment.Job instance at 0x7f1a4c890320>,31,1,[ 2 14],32,-1,52,-1,51
1,<environment.Job instance at 0x7f1a4c782870>,33,26,[3 6],34,-1,86,-1,60
1,<environment.Job instance at 0x7f1a4c819e10>,38,24,[13  2],39,-1,87,-1,63
1,<environment.Job instance at 0x7f1a4c793410>,40,26,[ 1 14],41,-1,100,-1,74
1,<environment.Job instance at 0x7f1a4c793e10>,42,12,[ 5 12],43,-1,92,-1,80
1,<environment.Job instance at 0x7f1a4c7fd820>,45,12,[ 3 14],46,-1,104,-1,92
1,<environment.Job instance at 0x7f1a4c88fa00>,47,14,[12  2],48,-1,118,-1,104
1,<environment.Job instance at 0x7f1a4c7fd280>,48,14,[ 1 11],49,-1,118,-1,104
1,<environment.Job instance at 0x7f1a4c7b02d0>,50,13,[ 4 12],51,-1,117,-1,104
1,<environment.Job instance at 0x7f1a4c7b07d0>,53,12,[ 3 14],54,-1,130,-1,118
1,<environment.Job instance at 0x7f1a4c7b04b0>,54,3,[ 3 13],55,-1,121,-1,118
1,<environment.Job instance at 0x7f1a4be315a0>,2,25,[1 8],3,-1,28,-1,3
1,<environment.Job instance at 0x7f1a4be3bb40>,8,19,[1 7],9,-1,28,-1,9
1,<environment.Job instance at 0x7f1a4be3bf50>,10,16,[3 9],11,-1,27,-1,11
1,<environment.Job instance at 0x7f1a4bf740a0>,12,18,[10  4],13,-1,33,-1,15
1,<environment.Job instance at 0x7f1a4bf1f050>,15,15,[8 3],16,-1,31,-1,16
1,<environment.Job instance at 0x7f1a4bf70320>,18,24,[6 5],19,-1,43,-1,19
1,<environment.Job instance at 0x7f1a4bf9bfa0>,26,13,[10  5],27,-1,40,-1,27
1,<environment.Job instance at 0x7f1a4bf8dc80>,29,17,[5 7],30,-1,47,-1,30
1,<environment.Job instance at 0x7f1a4bfadb40>,14,12,[5 4],15,-1,43,-1,31
1,<environment.Job instance at 0x7f1a4bf70370>,17,28,[ 2 10],18,-1,63,-1,35
1,<environment.Job instance at 0x7f1a4bf8de60>,31,22,[5 6],32,-1,57,-1,35
1,<environment.Job instance at 0x7f1a4bf8dcd0>,33,17,[5 8],34,-1,52,-1,35
1,<environment.Job instance at 0x7f1a4bf88280>,34,15,[ 2 10],35,-1,50,-1,35
1,<environment.Job instance at 0x7f1a4bcbb780>,42,22,[ 2 11],43,-1,83,-1,61
1,<environment.Job instance at 0x7f1a4bcb7050>,44,22,[5 6],45,-1,85,-1,63
1,<environment.Job instance at 0x7f1a4bca5690>,47,20,[8 1],48,-1,83,-1,63
1,<environment.Job instance at 0x7f1a4bcbc1e0>,41,20,[10  5],42,-1,83,-1,63
1,<environment.Job instance at 0x7f1a4bca5780>,48,14,[ 5 10],49,-1,77,-1,63
1,<environment.Job instance at 0x7f1a4bf11280>,49,17,[4 7],50,-1,80,-1,63
1,<environment.Job instance at 0x7f1a4be87c30>,50,13,[5 7],51,-1,76,-1,63
1,<environment.Job instance at 0x7f1a4bcdcbe0>,52,24,[3 7],53,-1,87,-1,63
1,<environment.Job instance at 0x7f1a4bce6870>,53,19,[3 8],54,-1,82,-1,63
1,<environment.Job instance at 0x7f1a4be31320>,54,17,[5 1],55,-1,80,-1,63
1,<environment.Job instance at 0x7f1a4be3d780>,56,16,[8 4],57,-1,79,-1,63
1,<environment.Job instance at 0x7f1a4bce38c0>,51,25,[14  5],52,-1,109,-1,84
1,<environment.Job instance at 0x7f1a4bcf1140>,60,18,[12  2],61,-1,102,-1,84
1,<environment.Job instance at 0x7f1a4bcf16e0>,61,27,[8 3],62,-1,112,-1,85
1,<environment.Job instance at 0x7f1a4bcf1410>,62,21,[2 5],63,-1,106,-1,85
1,<environment.Job instance at 0x7f1a4bcbc4b0>,37,25,[ 2 11],38,-1,110,-1,85
1,<environment.Job instance at 0x7f1a4bcfe280>,63,19,[12  2],64,-1,107,-1,88
1,<environment.Job instance at 0x7f1a4bf88be0>,32,26,[6 4],33,-1,114,-1,88
1,<environment.Job instance at 0x7f1a4bcfe460>,65,17,[9 1],66,-1,105,-1,88
1,<environment.Job instance at 0x7f1a4bcfed70>,68,19,[5 3],69,-1,107,-1,88
1,<environment.Job instance at 0x7f1a4be3a230>,69,17,[9 5],70,-1,106,-1,89
1,<environment.Job instance at 0x7f1a4c7b0410>,0,24,[8 1],1,-1,25,-1,1
1,<environment.Job instance at 0x7f1a4c7b0af0>,1,2,[ 5 14],2,-1,4,-1,2
1,<environment.Job instance at 0x7f1a4c7b0870>,2,25,[1 8],3,-1,28,-1,3
1,<environment.Job instance at 0x7f1a4bef2780>,11,13,[ 3 14],12,-1,25,-1,12
1,<environment.Job instance at 0x7f1a4bf03050>,17,28,[ 2 10],18,-1,59,-1,31
1,<environment.Job instance at 0x7f1a4bf03f50>,18,24,[6 5],19,-1,55,-1,31
1,<environment.Job instance at 0x7f1a4bea32d0>,20,1,[ 3 11],21,-1,32,-1,31
1,<environment.Job instance at 0x7f1a4bf150a0>,22,15,[ 2 13],23,-1,47,-1,32
1,<environment.Job instance at 0x7f1a4bf15730>,23,26,[7 2],24,-1,58,-1,32
1,<environment.Job instance at 0x7f1a4bf15820>,24,20,[13  4],25,-1,52,-1,32
1,<environment.Job instance at 0x7f1a4beb45a0>,32,26,[6 4],33,-1,89,-1,63
1,<environment.Job instance at 0x7f1a4bea67d0>,35,25,[ 3 13],36,-1,101,-1,76
1,<environment.Job instance at 0x7f1a4bea6050>,37,25,[ 2 11],38,-1,101,-1,76
1,<environment.Job instance at 0x7f1a4bea6640>,38,1,[14  3],39,-1,77,-1,76
1,<environment.Job instance at 0x7f1a4beb9be0>,42,22,[ 2 11],43,-1,115,-1,93
1,<environment.Job instance at 0x7f1a4beb9a50>,43,2,[13  5],44,-1,95,-1,93
1,<environment.Job instance at 0x7f1a4beb99b0>,45,13,[ 5 14],46,-1,106,-1,93
1,<environment.Job instance at 0x7f1a4bebcb40>,51,25,[14  5],52,-1,138,-1,113
1,<environment.Job instance at 0x7f1a4bcb7c30>,1,13,[9 2],2,-1,16,-1,3
1,<environment.Job instance at 0x7f1a4bcb7aa0>,3,27,[6 1],4,-1,31,-1,4
1,<environment.Job instance at 0x7f1a4bc9c6e0>,5,14,[10  3],6,-1,25,-1,11
1,<environment.Job instance at 0x7f1a4bc9c320>,11,27,[5 6],12,-1,39,-1,12
1,<environment.Job instance at 0x7f1a4bc9ce60>,17,20,[ 4 11],18,-1,38,-1,18
1,<environment.Job instance at 0x7f1a4bc9cf00>,18,15,[8 1],19,-1,34,-1,19
1,<environment.Job instance at 0x7f1a4bc9caa0>,19,17,[10  2],20,-1,37,-1,20
1,<environment.Job instance at 0x7f1a4bc9c8c0>,6,27,[11  1],7,-1,52,-1,25
1,<environment.Job instance at 0x7f1a4bd25f00>,23,18,[ 1 10],24,-1,45,-1,27
1,<environment.Job instance at 0x7f1a4bc9cdc0>,26,21,[5 5],27,-1,60,-1,39
1,<environment.Job instance at 0x7f1a4bcb7190>,4,27,[ 4 13],5,-1,32,-1,5
1,<environment.Job instance at 0x7f1a4bcb7960>,6,27,[11  1],7,-1,34,-1,7
1,<environment.Job instance at 0x7f1a4bc9c690>,3,27,[6 1],4,-1,40,-1,13
1,<environment.Job instance at 0x7f1a4bd87aa0>,7,24,[6 2],8,-1,37,-1,13
1,<environment.Job instance at 0x7f1a4bd87960>,10,23,[1 8],11,-1,36,-1,13
1,<environment.Job instance at 0x7f1a4bd87690>,11,27,[5 6],12,-1,40,-1,13
1,<environment.Job instance at 0x7f1a4bd87a00>,13,18,[ 1 11],14,-1,32,-1,14
1,<environment.Job instance at 0x7f1a4bd870f0>,14,26,[ 2 13],15,-1,41,-1,15
1,<environment.Job instance at 0x7f1a4bd87dc0>,15,28,[14  4],16,-1,44,-1,16
1,<environment.Job instance at 0x7f1a4bd87460>,17,20,[ 4 11],18,-1,38,-1,18
1,<environment.Job instance at 0x7f1a4bd76960>,20,27,[1 5],21,-1,54,-1,27
1,<environment.Job instance at 0x7f1a4bd76e60>,21,26,[5 3],22,-1,53,-1,27
1,<environment.Job instance at 0x7f1a4bd76410>,24,15,[14  2],25,-1,43,-1,28
1,<environment.Job instance at 0x7f1a4bd76c30>,30,2,[13  1],31,-1,51,-1,49
1,<environment.Job instance at 0x7f1a4bd76230>,29,28,[ 2 10],30,-1,90,-1,62
1,<environment.Job instance at 0x7f1a4bd760a0>,36,20,[11  2],37,-1,82,-1,62
1,<environment.Job instance at 0x7f1a4be3a8c0>,37,26,[2 8],38,-1,91,-1,65
1,<environment.Job instance at 0x7f1a4bce6aa0>,47,14,[12  2],48,-1,113,-1,99
1,<environment.Job instance at 0x7f1a4bce6c80>,48,2,[ 4 11],49,-1,101,-1,99
1,<environment.Job instance at 0x7f1a4beb4050>,2,21,[ 5 10],3,-1,27,-1,6
1,<environment.Job instance at 0x7f1a71b34910>,10,19,[ 2 11],11,-1,53,-1,34
1,<environment.Job instance at 0x7f1a4bd678c0>,18,20,[5 5],19,-1,54,-1,34
1,<environment.Job instance at 0x7f1a4bd586e0>,0,27,[ 3 11],1,-1,28,-1,1
1,<environment.Job instance at 0x7f1a4bd58460>,1,15,[ 3 13],2,-1,17,-1,2
1,<environment.Job instance at 0x7f1a4bce1c80>,8,18,[ 5 14],9,-1,27,-1,9
1,<environment.Job instance at 0x7f1a4bce16e0>,10,19,[ 2 11],11,-1,30,-1,11
1,<environment.Job instance at 0x7f1a4bce1730>,14,25,[4 9],15,-1,49,-1,24
1,<environment.Job instance at 0x7f1a4bce3320>,16,28,[5 9],17,-1,52,-1,24
1,<environment.Job instance at 0x7f1a4bce3820>,17,24,[4 8],18,-1,48,-1,24
1,<environment.Job instance at 0x7f1a4bce1f00>,15,26,[6 1],16,-1,50,-1,24
1,<environment.Job instance at 0x7f1a4bce30f0>,20,2,[ 2 12],21,-1,26,-1,24
1,<environment.Job instance at 0x7f1a4bce34b0>,22,24,[7 4],23,-1,49,-1,25
1,<environment.Job instance at 0x7f1a4bce6320>,28,19,[12  4],29,-1,55,-1,36
1,<environment.Job instance at 0x7f1a4bce6cd0>,29,14,[ 5 12],30,-1,50,-1,36
1,<environment.Job instance at 0x7f1a4bce6c80>,31,25,[8 3],32,-1,74,-1,49
1,<environment.Job instance at 0x7f1a4bce6dc0>,32,16,[ 2 11],33,-1,65,-1,49
1,<environment.Job instance at 0x7f1a4bce6c30>,33,28,[ 3 11],34,-1,77,-1,49
1,<environment.Job instance at 0x7f1a4bce65a0>,35,24,[2 7],36,-1,82,-1,58
1,<environment.Job instance at 0x7f1a4bce6140>,36,16,[14  5],37,-1,74,-1,58
1,<environment.Job instance at 0x7f1a4bce6370>,38,27,[14  3],39,-1,85,-1,58
1,<environment.Job instance at 0x7f1a4bcec9b0>,39,18,[ 1 14],40,-1,76,-1,58
1,<environment.Job instance at 0x7f1a4bd67370>,41,15,[11  2],42,-1,79,-1,64
1,<environment.Job instance at 0x7f1a4bd67910>,42,13,[ 1 12],43,-1,77,-1,64
1,<environment.Job instance at 0x7f1a55ea3370>,45,16,[ 4 11],46,-1,94,-1,78
1,<environment.Job instance at 0x7f1a55ea3b90>,46,17,[13  3],47,-1,95,-1,78
1,<environment.Job instance at 0x7f1a55ea3780>,47,22,[ 3 11],48,-1,100,-1,78
1,<environment.Job instance at 0x7f1a4c638410>,49,13,[ 5 12],50,-1,93,-1,80
1,<environment.Job instance at 0x7f1a4c6382d0>,50,1,[ 5 11],51,-1,81,-1,80
1,<environment.Job instance at 0x7f1a4c6388c0>,51,1,[12  4],52,-1,81,-1,80
1,<environment.Job instance at 0x7f1a4bd56550>,54,13,[ 3 14],55,-1,97,-1,84
1,<environment.Job instance at 0x7f1a4bd56820>,55,24,[ 4 14],56,-1,108,-1,84
1,<environment.Job instance at 0x7f1a4bd56a50>,53,23,[9 4],54,-1,116,-1,93
1,<environment.Job instance at 0x7f1a4bd56be0>,57,24,[7 3],58,-1,117,-1,93
1,<environment.Job instance at 0x7f1a4bd56d20>,58,27,[9 5],59,-1,120,-1,93
1,<environment.Job instance at 0x7f1a4bd56af0>,60,14,[ 3 13],61,-1,107,-1,93
1,<environment.Job instance at 0x7f1a4bd56910>,61,26,[6 2],62,-1,119,-1,93
1,<environment.Job instance at 0x7f1a4bd56c30>,63,23,[12  5],64,-1,116,-1,93
1,<environment.Job instance at 0x7f1a4bd56320>,64,13,[ 4 14],65,-1,106,-1,93
1,<environment.Job instance at 0x7f1a4bd56fa0>,65,19,[13  2],66,-1,112,-1,93
1,<environment.Job instance at 0x7f1a4bd56e60>,71,18,[ 2 13],72,-1,136,-1,118
1,<environment.Job instance at 0x7f1a4d23ee10>,6,25,[5 3],7,-1,32,-1,7
1,<environment.Job instance at 0x7f1a4cb68910>,9,27,[4 8],10,-1,37,-1,10
1,<environment.Job instance at 0x7f1a4cb68550>,10,18,[5 2],11,-1,30,-1,12
1,<environment.Job instance at 0x7f1a55ea6730>,0,14,[ 5 13],1,-1,15,-1,1
1,<environment.Job instance at 0x7f1a4bd0a230>,1,24,[14  5],2,-1,26,-1,2
1,<environment.Job instance at 0x7f1a4bd0aaf0>,2,12,[ 4 11],3,-1,15,-1,3
1,<environment.Job instance at 0x7f1a4bd0ac30>,4,14,[ 1 13],5,-1,19,-1,5
1,<environment.Job instance at 0x7f1a4bd0acd0>,6,25,[5 3],7,-1,47,-1,22
1,<environment.Job instance at 0x7f1a4bd0ab90>,12,20,[ 3 11],13,-1,42,-1,22
1,<environment.Job instance at 0x7f1a4bd0aaa0>,14,14,[13  3],15,-1,36,-1,22
1,<environment.Job instance at 0x7f1a4bd0a0f0>,9,27,[4 8],10,-1,56,-1,29
1,<environment.Job instance at 0x7f1a4bc9ce10>,19,15,[ 5 14],20,-1,49,-1,34
1,<environment.Job instance at 0x7f1a4bc9c280>,24,24,[ 5 13],25,-1,80,-1,56
1,<environment.Job instance at 0x7f1a4bcbd550>,25,25,[7 5],26,-1,87,-1,62
1,<environment.Job instance at 0x7f1a4bcbd5a0>,27,3,[ 5 13],28,-1,65,-1,62
1,<environment.Job instance at 0x7f1a4bcbdd20>,28,18,[ 1 14],29,-1,80,-1,62
1,<environment.Job instance at 0x7f1a4bcbd640>,29,19,[14  4],30,-1,81,-1,62
1,<environment.Job instance at 0x7f1a4bcbd460>,30,14,[14  2],31,-1,76,-1,62
1,<environment.Job instance at 0x7f1a4bcbd5f0>,36,27,[8 2],37,-1,114,-1,87
1,<environment.Job instance at 0x7f1a4bd56050>,41,23,[11  4],42,-1,126,-1,103
1,<environment.Job instance at 0x7f1a4bd568c0>,42,2,[ 5 13],43,-1,105,-1,103
1,<environment.Job instance at 0x7f1a4bd56eb0>,43,1,[13  2],44,-1,104,-1,103
1,<environment.Job instance at 0x7f1a4bd56fa0>,44,27,[2 8],45,-1,132,-1,105
1,<environment.Job instance at 0x7f1a4bd56410>,45,18,[ 1 13],46,-1,123,-1,105
1,<environment.Job instance at 0x7f1a4bd565a0>,47,27,[13  4],48,-1,132,-1,105
1,<environment.Job instance at 0x7f1a4bd56280>,48,17,[13  4],49,-1,122,-1,105
1,<environment.Job instance at 0x7f1a4bd56b90>,49,13,[14  2],50,-1,118,-1,105
1,<environment.Job instance at 0x7f1a4c1461e0>,1,14,[8 4],2,-1,17,-1,3
1,<environment.Job instance at 0x7f1a4c12caf0>,10,19,[6 3],11,-1,30,-1,11
1,<environment.Job instance at 0x7f1a4c12c280>,17,27,[5 7],18,-1,49,-1,22
1,<environment.Job instance at 0x7f1a4c146230>,7,18,[6 2],8,-1,43,-1,25
1,<environment.Job instance at 0x7f1a4c12ca50>,20,16,[9 2],21,-1,41,-1,25
1,<environment.Job instance at 0x7f1a4c12ce10>,21,15,[10  3],22,-1,40,-1,25
1,<environment.Job instance at 0x7f1a4c12c8c0>,11,25,[3 9],12,-1,50,-1,25
1,<environment.Job instance at 0x7f1a4c12c640>,23,15,[11  4],24,-1,40,-1,25
1,<environment.Job instance at 0x7f1a4c12c140>,22,15,[9 1],23,-1,41,-1,26
1,<environment.Job instance at 0x7f1a4c12c460>,12,15,[6 1],13,-1,41,-1,26
1,<environment.Job instance at 0x7f1a4c12c910>,24,17,[5 2],25,-1,43,-1,26
1,<environment.Job instance at 0x7f1a4c12ca00>,25,13,[5 4],26,-1,39,-1,26
1,<environment.Job instance at 0x7f1a4c84e050>,36,18,[4 9],37,-1,58,-1,40
1,<environment.Job instance at 0x7f1a4c21f5a0>,0,20,[ 2 11],1,-1,21,-1,1
1,<environment.Job instance at 0x7f1a4c12c230>,4,25,[3 7],5,-1,32,-1,7
1,<environment.Job instance at 0x7f1a4c85d3c0>,14,23,[2 8],15,-1,47,-1,24
1,<environment.Job instance at 0x7f1a4c146a00>,11,25,[3 9],12,-1,54,-1,29
1,<environment.Job instance at 0x7f1a4c85d1e0>,17,27,[5 7],18,-1,59,-1,32
1,<environment.Job instance at 0x7f1a4c85d050>,19,24,[13  2],20,-1,56,-1,32
1,<environment.Job instance at 0x7f1a4c85d730>,23,15,[11  4],24,-1,48,-1,33
1,<environment.Job instance at 0x7f1a4c130aa0>,26,14,[ 4 13],27,-1,65,-1,51
1,<environment.Job instance at 0x7f1a4c130af0>,30,15,[12  2],31,-1,79,-1,64
1,<environment.Job instance at 0x7f1a4c130460>,29,28,[9 2],30,-1,93,-1,65
1,<environment.Job instance at 0x7f1a4c8400f0>,42,14,[11  4],43,-1,112,-1,98
1,<environment.Job instance at 0x7f1a4c8400a0>,43,14,[14  5],44,-1,112,-1,98
1,<environment.Job instance at 0x7f1a4c8404b0>,45,18,[ 4 11],46,-1,131,-1,113
1,<environment.Job instance at 0x7f1a4c8406e0>,46,18,[ 3 12],47,-1,131,-1,113
1,<environment.Job instance at 0x7f1a4c840af0>,48,24,[13  4],49,-1,137,-1,113
1,<environment.Job instance at 0x7f1a4c840370>,49,19,[ 2 13],50,-1,132,-1,113
1,<environment.Job instance at 0x7f1a4c122e10>,2,19,[10  1],3,-1,25,-1,6
1,<environment.Job instance at 0x7f1a4c1221e0>,5,14,[9 2],6,-1,20,-1,6
1,<environment.Job instance at 0x7f1a4c1222d0>,7,16,[9 1],8,-1,25,-1,9
1,<environment.Job instance at 0x7f1a4c14ebe0>,12,14,[5 2],13,-1,27,-1,13
1,<environment.Job instance at 0x7f1a4c14ef00>,13,12,[6 4],14,-1,26,-1,14
1,<environment.Job instance at 0x7f1a4c14e410>,14,17,[2 6],15,-1,32,-1,15
1,<environment.Job instance at 0x7f1a4c14eaa0>,15,17,[5 4],16,-1,33,-1,16
1,<environment.Job instance at 0x7f1a4c14e960>,16,26,[7 1],17,-1,43,-1,17
1,<environment.Job instance at 0x7f1a4c14ee60>,17,22,[8 3],18,-1,40,-1,18
1,<environment.Job instance at 0x7f1a4c14e280>,19,17,[8 2],20,-1,37,-1,20
1,<environment.Job instance at 0x7f1a4c122aa0>,8,28,[4 5],9,-1,49,-1,21
1,<environment.Job instance at 0x7f1a4c14e820>,21,21,[6 2],22,-1,44,-1,23
1,<environment.Job instance at 0x7f1a4c142d70>,22,18,[14  5],23,-1,41,-1,23
1,<environment.Job instance at 0x7f1a4c14da00>,26,23,[5 9],27,-1,51,-1,28
1,<environment.Job instance at 0x7f1a4c1421e0>,27,16,[ 5 13],28,-1,44,-1,28
1,<environment.Job instance at 0x7f1a4c125230>,1,20,[ 3 12],2,-1,22,-1,2
1,<environment.Job instance at 0x7f1a4c0cbfa0>,4,3,[13  1],5,-1,8,-1,5
1,<environment.Job instance at 0x7f1a4c1256e0>,6,19,[13  1],7,-1,26,-1,7
1,<environment.Job instance at 0x7f1a4c0cbb40>,8,28,[4 5],9,-1,46,-1,18
1,<environment.Job instance at 0x7f1a4c0cb1e0>,16,26,[7 1],17,-1,59,-1,33
1,<environment.Job instance at 0x7f1a4c8409b0>,20,3,[ 2 12],21,-1,36,-1,33
1,<environment.Job instance at 0x7f1a4c840410>,22,18,[14  5],23,-1,53,-1,35
1,<environment.Job instance at 0x7f1a4c840230>,24,14,[ 3 12],25,-1,49,-1,35
1,<environment.Job instance at 0x7f1a4c840870>,23,27,[9 5],24,-1,75,-1,48
1,<environment.Job instance at 0x7f1a4c840d20>,26,23,[5 9],27,-1,71,-1,48
1,<environment.Job instance at 0x7f1a4c8401e0>,27,16,[ 5 13],28,-1,64,-1,48
1,<environment.Job instance at 0x7f1a4c840c80>,28,22,[ 2 14],29,-1,70,-1,48
1,<environment.Job instance at 0x7f1a4c8406e0>,31,24,[12  4],32,-1,76,-1,52
1,<environment.Job instance at 0x7f1a4c840be0>,39,25,[10  1],40,-1,123,-1,98
1,<environment.Job instance at 0x7f1a4c830050>,40,13,[ 5 11],41,-1,111,-1,98
1,<environment.Job instance at 0x7f1a4c0b1f00>,41,12,[ 3 14],42,-1,110,-1,98
1,<environment.Job instance at 0x7f1a4c12c370>,43,13,[ 2 13],44,-1,111,-1,98
1,<environment.Job instance at 0x7f1a4c3081e0>,44,14,[13  2],45,-1,112,-1,98
1,<environment.Job instance at 0x7f1a4c692c80>,45,18,[11  2],46,-1,116,-1,98
1,<environment.Job instance at 0x7f1a4c5810a0>,46,25,[ 1 10],47,-1,131,-1,106
1,<environment.Job instance at 0x7f1a4c5dccd0>,47,2,[ 2 12],48,-1,108,-1,106
1,<environment.Job instance at 0x7f1a4cfe9500>,2,20,[2 9],3,-1,24,-1,4
1,<environment.Job instance at 0x7f1a4cfe9e10>,3,26,[8 5],4,-1,32,-1,6
1,<environment.Job instance at 0x7f1a4cfe95f0>,7,17,[5 8],8,-1,25,-1,8
1,<environment.Job instance at 0x7f1a4c344b90>,15,26,[3 6],16,-1,43,-1,17
1,<environment.Job instance at 0x7f1a4c344d20>,16,16,[6 3],17,-1,39,-1,23
1,<environment.Job instance at 0x7f1a4c51bcd0>,0,14,[ 4 11],1,-1,15,-1,1
1,<environment.Job instance at 0x7f1a4bfad320>,1,18,[ 3 12],2,-1,20,-1,2
1,<environment.Job instance at 0x7f1a4c066e60>,3,26,[8 5],4,-1,30,-1,4
1,<environment.Job instance at 0x7f1a4ca210f0>,5,18,[13  1],6,-1,24,-1,6
1,<environment.Job instance at 0x7f1a4c15e960>,11,16,[ 2 13],12,-1,28,-1,12
1,<environment.Job instance at 0x7f1a4ca1c4b0>,8,24,[8 5],9,-1,51,-1,27
1,<environment.Job instance at 0x7f1a4cfe9370>,15,26,[3 6],16,-1,53,-1,27
1,<environment.Job instance at 0x7f1a4c344be0>,18,2,[ 4 12],19,-1,32,-1,30
1,<environment.Job instance at 0x7f1a4c344dc0>,19,23,[1 6],20,-1,55,-1,32
1,<environment.Job instance at 0x7f1a4c5b3730>,22,2,[13  1],23,-1,46,-1,44
1,<environment.Job instance at 0x7f1a4c5b3be0>,23,13,[11  1],24,-1,57,-1,44
1,<environment.Job instance at 0x7f1a4cfcc190>,25,16,[13  1],26,-1,62,-1,46
1,<environment.Job instance at 0x7f1a4d2438c0>,28,3,[11  4],29,-1,50,-1,47
1,<environment.Job instance at 0x7f1a4d243230>,33,13,[11  5],34,-1,76,-1,63
1,<environment.Job instance at 0x7f1a4d2437d0>,34,19,[ 3 11],35,-1,82,-1,63
1,<environment.Job instance at 0x7f1a4d243c80>,37,23,[10  4],38,-1,132,-1,109
1,<environment.Job instance at 0x7f1a4c16d870>,43,26,[3 6],44,-1,135,-1,109
1,<environment.Job instance at 0x7f1a4c16d8c0>,47,24,[5 2],48,-1,135,-1,111
1,<environment.Job instance at 0x7f1a4c16ddc0>,49,17,[ 1 14],50,-1,128,-1,111
1,<environment.Job instance at 0x7f1a4c16dcd0>,50,25,[2 9],51,-1,138,-1,113
1,<environment.Job instance at 0x7f1a4c16dc30>,46,23,[4 9],47,-1,137,-1,114
1,<environment.Job instance at 0x7f1a4bb2a550>,0,25,[8 2],1,-1,26,-1,1
1,<environment.Job instance at 0x7f1a4bb2a690>,4,18,[3 5],5,-1,23,-1,5
1,<environment.Job instance at 0x7f1a4bb2aa00>,6,18,[6 4],7,-1,25,-1,7
1,<environment.Job instance at 0x7f1a4bb2aeb0>,7,19,[9 2],8,-1,27,-1,8
1,<environment.Job instance at 0x7f1a4bb2a730>,9,14,[9 1],10,-1,25,-1,11
1,<environment.Job instance at 0x7f1a4bb2ad20>,11,25,[9 5],12,-1,37,-1,12
1,<environment.Job instance at 0x7f1a4bb2ae60>,12,18,[5 6],13,-1,31,-1,13
1,<environment.Job instance at 0x7f1a4bb4d9b0>,13,18,[2 7],14,-1,32,-1,14
1,<environment.Job instance at 0x7f1a4bb4d870>,16,17,[2 7],17,-1,34,-1,17
1,<environment.Job instance at 0x7f1a4bb4d190>,17,21,[4 5],18,-1,39,-1,18
1,<environment.Job instance at 0x7f1a4bb4d550>,18,21,[1 9],19,-1,40,-1,19
1,<environment.Job instance at 0x7f1a4bb4d640>,19,24,[7 4],20,-1,44,-1,20
1,<environment.Job instance at 0x7f1a4bb4d370>,20,18,[1 9],21,-1,39,-1,21
1,<environment.Job instance at 0x7f1a4bb4d5f0>,21,14,[1 6],22,-1,36,-1,22
1,<environment.Job instance at 0x7f1a4bb4d8c0>,22,17,[9 4],23,-1,40,-1,23
1,<environment.Job instance at 0x7f1a4bb4daa0>,23,17,[6 1],24,-1,41,-1,24
1,<environment.Job instance at 0x7f1a4bb4da00>,26,19,[2 9],27,-1,46,-1,27
1,<environment.Job instance at 0x7f1a4bb4dbe0>,29,17,[9 2],30,-1,49,-1,32
1,<environment.Job instance at 0x7f1a4bb2a2d0>,10,28,[ 3 10],11,-1,63,-1,35
1,<environment.Job instance at 0x7f1a4bb8f0a0>,36,25,[9 1],37,-1,63,-1,38
1,<environment.Job instance at 0x7f1a4bc29d70>,0,25,[8 2],1,-1,26,-1,1
1,<environment.Job instance at 0x7f1a4bc299b0>,2,14,[ 2 12],3,-1,17,-1,3
1,<environment.Job instance at 0x7f1a7150af00>,8,20,[ 1 13],9,-1,29,-1,9
1,<environment.Job instance at 0x7f1a4bc29960>,11,25,[9 5],12,-1,59,-1,34
1,<environment.Job instance at 0x7f1a4c24afa0>,19,24,[7 4],20,-1,87,-1,63
1,<environment.Job instance at 0x7f1a4ca6c910>,24,17,[ 3 13],25,-1,80,-1,63
1,<environment.Job instance at 0x7f1a4ca6ce10>,25,14,[14  2],26,-1,77,-1,63
1,<environment.Job instance at 0x7f1a4c251b90>,28,2,[ 5 11],29,-1,65,-1,63
1,<environment.Job instance at 0x7f1a4bc295a0>,10,28,[ 3 10],11,-1,112,-1,84
1,<environment.Job instance at 0x7f1a4c2469b0>,35,1,[12  1],36,-1,85,-1,84
1,<environment.Job instance at 0x7f1a4c246a00>,36,25,[9 1],37,-1,123,-1,98
1,<environment.Job instance at 0x7f1a4c23b460>,38,18,[ 5 14],39,-1,116,-1,98
1,<environment.Job instance at 0x7f1a4c23bf50>,39,22,[14  2],40,-1,120,-1,98
1,<environment.Job instance at 0x7f1a4d092500>,1,18,[10  4],2,-1,21,-1,3
1,<environment.Job instance at 0x7f1a4d0927d0>,2,28,[4 9],3,-1,31,-1,3
1,<environment.Job instance at 0x7f1a4d0920f0>,6,18,[13  5],7,-1,64,-1,46
1,<environment.Job instance at 0x7f1a4ca5d780>,0,14,[ 2 13],1,-1,15,-1,1
1,<environment.Job instance at 0x7f1a4ca5dc30>,2,28,[4 9],3,-1,31,-1,3
1,<environment.Job instance at 0x7f1a4c6650f0>,3,28,[ 5 11],4,-1,32,-1,4
1,<environment.Job instance at 0x7f1a4c242190>,6,18,[13  5],7,-1,25,-1,7
1,<environment.Job instance at 0x7f1a4c25caf0>,10,14,[11  2],11,-1,25,-1,11
1,<environment.Job instance at 0x7f1a4c2423c0>,11,15,[12  2],12,-1,27,-1,12
1,<environment.Job instance at 0x7f1a4c2422d0>,13,19,[14  2],14,-1,39,-1,20
1,<environment.Job instance at 0x7f1a4c8265a0>,14,20,[ 5 12],15,-1,40,-1,20
1,<environment.Job instance at 0x7f1a4caac280>,17,17,[ 4 11],18,-1,41,-1,24
1,<environment.Job instance at 0x7f1a4c2053c0>,31,3,[ 4 13],32,-1,69,-1,66
1,<environment.Job instance at 0x7f1a4bead7d0>,34,20,[ 4 11],35,-1,101,-1,81
1,<environment.Job instance at 0x7f1a4beadaf0>,35,15,[ 5 14],36,-1,96,-1,81
1,<environment.Job instance at 0x7f1a4ca4e2d0>,37,12,[11  5],38,-1,93,-1,81
1,<environment.Job instance at 0x7f1a4ca4edc0>,38,28,[8 5],39,-1,120,-1,92
1,<environment.Job instance at 0x7f1a4c21ceb0>,43,25,[1 5],44,-1,117,-1,92
1,<environment.Job instance at 0x7f1a4c79da50>,41,28,[7 3],42,-1,132,-1,104
1,<environment.Job instance at 0x7f1a4cb68280>,45,18,[ 2 11],46,-1,122,-1,104
1,<environment.Job instance at 0x7f1a4c21cd70>,44,25,[ 3 10],45,-1,134,-1,109
1,<environment.Job instance at 0x7f1a4bf69fa0>,48,20,[ 4 13],49,-1,129,-1,109
1,<environment.Job instance at 0x7f1a4bf69c30>,49,17,[11  4],50,-1,126,-1,109
1,<environment.Job instance at 0x7f1a4c82c8c0>,6,21,[9 5],7,-1,28,-1,7
1,<environment.Job instance at 0x7f1a4c82c1e0>,8,18,[4 5],9,-1,27,-1,9
1,<environment.Job instance at 0x7f1a4c82d6e0>,23,24,[10  4],24,-1,81,-1,57
1,<environment.Job instance at 0x7f1a4c2e1690>,0,15,[ 3 14],1,-1,16,-1,1
1,<environment.Job instance at 0x7f1a4c2e1910>,1,18,[13  2],2,-1,20,-1,2
1,<environment.Job instance at 0x7f1a4c2e1960>,2,1,[12  5],3,-1,4,-1,3
1,<environment.Job instance at 0x7f1a4c2e1e60>,7,12,[ 4 14],8,-1,20,-1,8
1,<environment.Job instance at 0x7f1a4c8e3780>,9,18,[14  1],10,-1,28,-1,10
1,<environment.Job instance at 0x7f1a4c8e3960>,11,15,[12  1],12,-1,27,-1,12
1,<environment.Job instance at 0x7f1a4c8e3dc0>,12,13,[ 5 12],13,-1,26,-1,13
1,<environment.Job instance at 0x7f1a4d1b4550>,17,28,[9 4],18,-1,55,-1,27
1,<environment.Job instance at 0x7f1a4d092910>,19,1,[ 3 13],20,-1,28,-1,27
1,<environment.Job instance at 0x7f1a4ced8050>,20,23,[6 2],21,-1,52,-1,29
1,<environment.Job instance at 0x7f1a4c0be410>,24,24,[3 9],25,-1,60,-1,36
1,<environment.Job instance at 0x7f1a4c20be10>,25,18,[ 3 12],26,-1,54,-1,36
1,<environment.Job instance at 0x7f1a4cb36820>,26,18,[13  3],27,-1,54,-1,36
1,<environment.Job instance at 0x7f1a4cbafe10>,30,24,[7 4],31,-1,69,-1,45
1,<environment.Job instance at 0x7f1a4c24acd0>,31,19,[ 5 13],32,-1,64,-1,45
1,<environment.Job instance at 0x7f1a4c1fb910>,23,24,[10  4],24,-1,69,-1,45
1,<environment.Job instance at 0x7f1a4c251550>,40,24,[5 9],41,-1,107,-1,83
1,<environment.Job instance at 0x7f1a4c23f500>,42,23,[3 9],43,-1,123,-1,100
1,<environment.Job instance at 0x7f1a4cb24730>,43,26,[8 5],44,-1,136,-1,110
1,<environment.Job instance at 0x7f1a4c23b280>,47,3,[13  5],48,-1,113,-1,110
1,<environment.Job instance at 0x7f1a4d222640>,9,18,[ 3 10],10,-1,30,-1,12
1,<environment.Job instance at 0x7f1a4d222780>,12,21,[1 7],13,-1,34,-1,13
1,<environment.Job instance at 0x7f1a4d222500>,13,23,[10  4],14,-1,37,-1,14
1,<environment.Job instance at 0x7f1a4d222d20>,14,26,[2 7],15,-1,41,-1,15
1,<environment.Job instance at 0x7f1a4d222c30>,15,16,[5 4],16,-1,32,-1,16
1,<environment.Job instance at 0x7f1a4d222320>,11,26,[ 5 11],12,-1,43,-1,17
1,<environment.Job instance at 0x7f1a4d2224b0>,18,26,[5 4],19,-1,45,-1,19
1,<environment.Job instance at 0x7f1a4c13ef00>,20,17,[4 6],21,-1,38,-1,21
1,<environment.Job instance at 0x7f1a4c13e550>,23,15,[ 3 10],24,-1,40,-1,25
1,<environment.Job instance at 0x7f1a4c13ed20>,25,20,[1 9],26,-1,46,-1,26
1,<environment.Job instance at 0x7f1a4c13eaf0>,24,28,[14  3],25,-1,54,-1,26
1,<environment.Job instance at 0x7f1a4c13ec80>,27,17,[5 6],28,-1,45,-1,28
1,<environment.Job instance at 0x7f1a4c13ef50>,28,16,[10  1],29,-1,46,-1,30
1,<environment.Job instance at 0x7f1a4c13e6e0>,31,12,[7 2],32,-1,44,-1,32
1,<environment.Job instance at 0x7f1a4c13e690>,29,17,[ 2 12],30,-1,49,-1,32
1,<environment.Job instance at 0x7f1a4c13efa0>,32,13,[ 5 11],33,-1,47,-1,34
1,<environment.Job instance at 0x7f1a4c13e640>,33,22,[1 8],34,-1,56,-1,34
1,<environment.Job instance at 0x7f1a4c13e730>,34,18,[2 5],35,-1,53,-1,35
1,<environment.Job instance at 0x7f1a4bcdcb40>,36,24,[8 5],37,-1,61,-1,37
1,<environment.Job instance at 0x7f1a4bcdc140>,37,18,[4 6],38,-1,56,-1,38
1,<environment.Job instance at 0x7f1a4bcdcc80>,39,17,[13  2],40,-1,61,-1,44
1,<environment.Job instance at 0x7f1a4bcdcfa0>,40,23,[9 3],41,-1,68,-1,45
1,<environment.Job instance at 0x7f1a4bcdca00>,44,15,[8 2],45,-1,60,-1,45
1,<environment.Job instance at 0x7f1a4bcdc910>,46,22,[5 6],47,-1,80,-1,58
1,<environment.Job instance at 0x7f1a4bcdc050>,42,13,[8 3],43,-1,71,-1,58
1,<environment.Job instance at 0x7f1a4bcdc460>,47,18,[1 6],48,-1,76,-1,58
1,<environment.Job instance at 0x7f1a4bcdc960>,50,16,[1 8],51,-1,79,-1,63
1,<environment.Job instance at 0x7f1a4bcdc2d0>,49,12,[5 9],50,-1,75,-1,63
1,<environment.Job instance at 0x7f1a4bcdc640>,48,25,[10  1],49,-1,88,-1,63
1,<environment.Job instance at 0x7f1a4bcdc500>,51,19,[9 3],52,-1,82,-1,63
1,<environment.Job instance at 0x7f1a4bcdc550>,55,20,[2 8],56,-1,83,-1,63
1,<environment.Job instance at 0x7f1a4c4ab820>,57,19,[5 5],58,-1,82,-1,63
1,<environment.Job instance at 0x7f1a4c4ab140>,59,18,[8 1],60,-1,81,-1,63
1,<environment.Job instance at 0x7f1a4c4ab320>,60,13,[12  5],61,-1,76,-1,63
1,<environment.Job instance at 0x7f1a4c4abb40>,62,20,[5 5],63,-1,83,-1,63
1,<environment.Job instance at 0x7f1a4c4abdc0>,56,15,[12  3],57,-1,98,-1,83
1,<environment.Job instance at 0x7f1a4c4ab7d0>,66,19,[13  5],67,-1,102,-1,83
1,<environment.Job instance at 0x7f1a4bcdc780>,54,14,[ 1 14],55,-1,99,-1,85
1,<environment.Job instance at 0x7f1a4c4ab8c0>,64,22,[13  3],65,-1,107,-1,85
1,<environment.Job instance at 0x7f1a4c4abf00>,70,23,[ 3 11],71,-1,108,-1,85
1,<environment.Job instance at 0x7f1a4c4ab870>,69,17,[ 1 13],70,-1,103,-1,86
1,<environment.Job instance at 0x7f1a4c565aa0>,72,25,[ 1 10],73,-1,111,-1,86
1,<environment.Job instance at 0x7f1a4c4abe10>,67,16,[10  3],68,-1,102,-1,86
1,<environment.Job instance at 0x7f1a4ce99870>,74,25,[ 4 11],75,-1,111,-1,86
1,<environment.Job instance at 0x7f1a4cdbf730>,78,16,[ 3 10],79,-1,118,-1,102
1,<environment.Job instance at 0x7f1a4cefaf00>,79,14,[10  5],80,-1,116,-1,102
1,<environment.Job instance at 0x7f1a4bb590a0>,82,22,[8 5],83,-1,138,-1,116
1,<environment.Job instance at 0x7f1a4cd98910>,75,20,[3 6],76,-1,136,-1,116
1,<environment.Job instance at 0x7f1a4bb591e0>,83,19,[ 5 11],84,-1,135,-1,116
1,<environment.Job instance at 0x7f1a4c565dc0>,71,26,[5 1],72,-1,142,-1,116
1,<environment.Job instance at 0x7f1a4c4ab500>,61,12,[12  3],62,-1,128,-1,116
1,<environment.Job instance at 0x7f1a4bb3f1e0>,73,1,[8 4],74,-1,118,-1,117
1,<environment.Job instance at 0x7f1a4bb3b5f0>,87,13,[5 2],88,-1,131,-1,118
1,<environment.Job instance at 0x7f1a4bb59320>,86,17,[10  3],87,-1,135,-1,118
1,<environment.Job instance at 0x7f1a4cea3cd0>,88,12,[9 4],89,-1,130,-1,118
1,<environment.Job instance at 0x7f1a4bb599b0>,84,14,[8 2],85,-1,133,-1,119
1,<environment.Job instance at 0x7f1a4bb52050>,91,23,[8 1],92,-1,142,-1,119
1,<environment.Job instance at 0x7f1a4c3ad410>,4,24,[14  3],5,-1,29,-1,5
1,<environment.Job instance at 0x7f1a4c7aee10>,6,2,[14  2],7,-1,9,-1,7
1,<environment.Job instance at 0x7f1a4bf4a230>,11,26,[ 5 11],12,-1,38,-1,12
1,<environment.Job instance at 0x7f1a4bf4a690>,14,26,[2 7],15,-1,41,-1,15
1,<environment.Job instance at 0x7f1a4bf26c80>,19,26,[ 1 10],20,-1,46,-1,20
1,<environment.Job instance at 0x7f1a4bf26d20>,18,26,[5 4],19,-1,59,-1,33
1,<environment.Job instance at 0x7f1a4bf4ac30>,13,23,[10  4],14,-1,56,-1,33
1,<environment.Job instance at 0x7f1a4bf2bd70>,24,28,[14  3],25,-1,61,-1,33
1,<environment.Job instance at 0x7f1a4ca12190>,29,17,[ 2 12],30,-1,55,-1,38
1,<environment.Job instance at 0x7f1a4ca12eb0>,32,13,[ 5 11],33,-1,54,-1,41
1,<environment.Job instance at 0x7f1a4ca28550>,35,2,[ 4 11],36,-1,53,-1,51
1,<environment.Job instance at 0x7f1a4ca28460>,36,24,[8 5],37,-1,77,-1,53
1,<environment.Job instance at 0x7f1a4ca1d3c0>,39,17,[13  2],40,-1,83,-1,66
1,<environment.Job instance at 0x7f1a4ca28500>,40,23,[9 3],41,-1,104,-1,81
1,<environment.Job instance at 0x7f1a4d282690>,45,3,[ 5 14],46,-1,96,-1,93
1,<environment.Job instance at 0x7f1a4cb60cd0>,0,24,[5 6],1,-1,25,-1,1
1,<environment.Job instance at 0x7f1a4cbbf280>,4,23,[8 5],5,-1,28,-1,5
1,<environment.Job instance at 0x7f1a4cbbf730>,9,28,[2 5],10,-1,38,-1,10
1,<environment.Job instance at 0x7f1a4cbbf370>,11,22,[9 4],12,-1,34,-1,12
1,<environment.Job instance at 0x7f1a4cbbfb40>,15,27,[5 8],16,-1,43,-1,16
1,<environment.Job instance at 0x7f1a4cbbf3c0>,16,13,[5 8],17,-1,30,-1,17
1,<environment.Job instance at 0x7f1a4cf3a9b0>,19,16,[5 8],20,-1,37,-1,21
1,<environment.Job instance at 0x7f1a4cbbf9b0>,20,23,[10  4],21,-1,44,-1,21
1,<environment.Job instance at 0x7f1a4cf3ac30>,22,22,[3 8],23,-1,51,-1,29
1,<environment.Job instance at 0x7f1a4cf3a550>,28,16,[4 6],29,-1,46,-1,30
1,<environment.Job instance at 0x7f1a4cf3a640>,29,16,[ 3 14],30,-1,53,-1,37
1,<environment.Job instance at 0x7f1a4c7d9320>,30,21,[6 4],31,-1,58,-1,37
1,<environment.Job instance at 0x7f1a4c7d98c0>,34,26,[6 2],35,-1,69,-1,43
1,<environment.Job instance at 0x7f1a4c7d9f50>,35,22,[7 3],36,-1,65,-1,43
1,<environment.Job instance at 0x7f1a4c7d9eb0>,36,14,[8 4],37,-1,57,-1,43
1,<environment.Job instance at 0x7f1a4cb53460>,0,24,[5 6],1,-1,25,-1,1
1,<environment.Job instance at 0x7f1a4cb533c0>,3,17,[ 3 14],4,-1,21,-1,4
1,<environment.Job instance at 0x7f1a4cb44cd0>,4,23,[8 5],5,-1,28,-1,5
1,<environment.Job instance at 0x7f1a4cb61870>,9,28,[2 5],10,-1,38,-1,10
1,<environment.Job instance at 0x7f1a4cf2e780>,10,28,[ 2 14],11,-1,39,-1,11
1,<environment.Job instance at 0x7f1a4c363050>,13,24,[10  1],14,-1,41,-1,17
1,<environment.Job instance at 0x7f1a4cb61500>,15,27,[5 8],16,-1,44,-1,17
1,<environment.Job instance at 0x7f1a4cbbf7d0>,17,12,[13  5],18,-1,30,-1,18
1,<environment.Job instance at 0x7f1a4cbbfc30>,18,15,[ 5 12],19,-1,34,-1,19
1,<environment.Job instance at 0x7f1a4cf3a0a0>,20,23,[10  4],21,-1,45,-1,22
1,<environment.Job instance at 0x7f1a4cb607d0>,26,26,[5 8],27,-1,60,-1,34
1,<environment.Job instance at 0x7f1a4bba3eb0>,29,16,[ 3 14],30,-1,52,-1,36
1,<environment.Job instance at 0x7f1a4bba3320>,32,15,[13  3],33,-1,62,-1,47
1,<environment.Job instance at 0x7f1a4bba3c30>,34,26,[6 2],35,-1,74,-1,48
1,<environment.Job instance at 0x7f1a4cb60be0>,25,24,[10  1],26,-1,85,-1,61
1,<environment.Job instance at 0x7f1a4bba3af0>,37,26,[13  4],38,-1,87,-1,61
1,<environment.Job instance at 0x7f1a4c73d7d0>,39,23,[14  1],40,-1,84,-1,61
1,<environment.Job instance at 0x7f1a4c73d410>,40,14,[ 1 12],41,-1,75,-1,61
1,<environment.Job instance at 0x7f1a4c73d230>,41,17,[14  4],42,-1,78,-1,61
1,<environment.Job instance at 0x7f1a4c73d500>,45,24,[8 2],46,-1,99,-1,75
1,<environment.Job instance at 0x7f1a4c73dd20>,46,27,[ 3 13],47,-1,102,-1,75
1,<environment.Job instance at 0x7f1a4c73d1e0>,47,18,[ 2 12],48,-1,93,-1,75
1,<environment.Job instance at 0x7f1a4c73dbe0>,52,3,[11  4],53,-1,94,-1,91
1,<environment.Job instance at 0x7f1a4c73dd70>,53,24,[13  3],54,-1,115,-1,91
1,<environment.Job instance at 0x7f1a4cbedd20>,55,27,[7 4],56,-1,135,-1,108
1,<environment.Job instance at 0x7f1a4cbedc80>,56,26,[ 1 10],57,-1,137,-1,111
1,<environment.Job instance at 0x7f1a4cbed9b0>,59,18,[ 4 11],60,-1,129,-1,111
1,<environment.Job instance at 0x7f1a4cbedb40>,65,21,[ 2 14],66,-1,136,-1,115
1,<environment.Job instance at 0x7f1a4cbedeb0>,66,18,[13  5],67,-1,133,-1,115
1,<environment.Job instance at 0x7f1a4cbed500>,67,20,[ 4 11],68,-1,135,-1,115
1,<environment.Job instance at 0x7f1a4ccca550>,9,20,[7 4],10,-1,30,-1,10
1,<environment.Job instance at 0x7f1a4c961870>,10,18,[8 3],11,-1,29,-1,11
1,<environment.Job instance at 0x7f1a4c9617d0>,12,25,[6 2],13,-1,38,-1,13
1,<environment.Job instance at 0x7f1a4c9614b0>,15,24,[5 6],16,-1,40,-1,16
1,<environment.Job instance at 0x7f1a4c9612d0>,16,18,[ 1 10],17,-1,35,-1,17
1,<environment.Job instance at 0x7f1a4be64a00>,19,15,[ 4 11],20,-1,39,-1,24
1,<environment.Job instance at 0x7f1a4d225370>,24,17,[8 3],25,-1,42,-1,25
1,<environment.Job instance at 0x7f1a4d225690>,25,14,[9 3],26,-1,40,-1,26
1,<environment.Job instance at 0x7f1a4ccca690>,7,12,[14  4],8,-1,49,-1,37
1,<environment.Job instance at 0x7f1a4d2254b0>,30,28,[4 9],31,-1,66,-1,38
1,<environment.Job instance at 0x7f1a4d225f00>,33,15,[3 5],34,-1,54,-1,39
1,<environment.Job instance at 0x7f1a4d225c80>,22,18,[4 5],23,-1,57,-1,39
1,<environment.Job instance at 0x7f1a4c961aa0>,17,25,[ 2 13],18,-1,64,-1,39
1,<environment.Job instance at 0x7f1a4d225140>,35,28,[10  3],36,-1,67,-1,39
1,<environment.Job instance at 0x7f1a4d225cd0>,28,15,[3 7],29,-1,54,-1,39
1,<environment.Job instance at 0x7f1a4d225b40>,38,18,[5 5],39,-1,57,-1,39
1,<environment.Job instance at 0x7f1a4c308690>,39,15,[ 1 10],40,-1,55,-1,40
1,<environment.Job instance at 0x7f1a4c3085f0>,41,18,[9 2],42,-1,60,-1,42
1,<environment.Job instance at 0x7f1a4c308af0>,42,18,[10  4],43,-1,61,-1,43
1,<environment.Job instance at 0x7f1a4c308f50>,44,15,[ 5 11],45,-1,61,-1,46
1,<environment.Job instance at 0x7f1a55d7e550>,46,23,[5 5],47,-1,70,-1,47
1,<environment.Job instance at 0x7f1a4c99f410>,51,18,[14  4],52,-1,73,-1,55
1,<environment.Job instance at 0x7f1a4d225d70>,29,21,[9 5],30,-1,76,-1,55
1,<environment.Job instance at 0x7f1a4c308730>,45,28,[ 2 11],46,-1,90,-1,62
1,<environment.Job instance at 0x7f1a55d7eeb0>,48,26,[ 4 12],49,-1,103,-1,77
1,<environment.Job instance at 0x7f1a4c99f730>,55,28,[13  2],56,-1,105,-1,77
1,<environment.Job instance at 0x7f1a4c99f370>,58,27,[3 6],59,-1,104,-1,77
1,<environment.Job instance at 0x7f1a4c99f8c0>,54,17,[2 7],55,-1,94,-1,77
1,<environment.Job instance at 0x7f1a4c99fd20>,60,22,[ 4 10],61,-1,99,-1,77
1,<environment.Job instance at 0x7f1a4c99f5a0>,62,19,[1 6],63,-1,96,-1,77
1,<environment.Job instance at 0x7f1a4c99f2d0>,57,15,[ 4 10],58,-1,93,-1,78
1,<environment.Job instance at 0x7f1a4c308820>,43,17,[ 3 11],44,-1,95,-1,78
1,<environment.Job instance at 0x7f1a4c99f3c0>,59,18,[1 7],60,-1,96,-1,78
1,<environment.Job instance at 0x7f1a4ba8bd70>,66,27,[ 5 12],67,-1,105,-1,78
1,<environment.Job instance at 0x7f1a4ba8bc30>,67,17,[ 1 11],68,-1,95,-1,78
1,<environment.Job instance at 0x7f1a4ba8b780>,68,17,[10  2],69,-1,95,-1,78
1,<environment.Job instance at 0x7f1a4ba8bf50>,69,12,[3 7],70,-1,90,-1,78
1,<environment.Job instance at 0x7f1a4c99faa0>,56,20,[10  2],57,-1,100,-1,80
1,<environment.Job instance at 0x7f1a4c0d32d0>,70,13,[4 6],71,-1,93,-1,80
1,<environment.Job instance at 0x7f1a4c0d3960>,74,18,[7 5],75,-1,98,-1,80
1,<environment.Job instance at 0x7f1a4c0d35f0>,75,12,[1 8],76,-1,92,-1,80
1,<environment.Job instance at 0x7f1a4c0d34b0>,71,21,[5 5],72,-1,101,-1,80
1,<environment.Job instance at 0x7f1a4c0d3dc0>,76,16,[6 3],77,-1,96,-1,80
1,<environment.Job instance at 0x7f1a4cb510a0>,1,14,[ 1 11],2,-1,16,-1,2
1,<environment.Job instance at 0x7f1a4cb51c80>,2,24,[7 4],3,-1,27,-1,3
1,<environment.Job instance at 0x7f1a4c7e7a50>,7,12,[14  4],8,-1,20,-1,8
1,<environment.Job instance at 0x7f1a4c7e70f0>,12,25,[6 2],13,-1,44,-1,19
1,<environment.Job instance at 0x7f1a4c7e7f00>,13,2,[ 1 13],14,-1,21,-1,19
1,<environment.Job instance at 0x7f1a4c7e75f0>,15,24,[5 6],16,-1,44,-1,20
1,<environment.Job instance at 0x7f1a4c7e7780>,17,25,[ 2 13],18,-1,45,-1,20
1,<environment.Job instance at 0x7f1a4c7e7a00>,19,15,[ 4 11],20,-1,37,-1,22
1,<environment.Job instance at 0x7f1a4c7e7eb0>,20,26,[6 2],21,-1,48,-1,22
1,<environment.Job instance at 0x7f1a4cb61c30>,23,26,[10  2],24,-1,60,-1,34
1,<environment.Job instance at 0x7f1a4cb61870>,27,17,[14  5],28,-1,68,-1,51
1,<environment.Job instance at 0x7f1a4cb44c30>,31,1,[12  5],32,-1,67,-1,66
1,<environment.Job instance at 0x7f1a4c0011e0>,32,1,[ 2 14],33,-1,67,-1,66
1,<environment.Job instance at 0x7f1a4c961730>,34,2,[14  3],35,-1,68,-1,66
1,<environment.Job instance at 0x7f1a4cb536e0>,35,28,[10  3],36,-1,96,-1,68
1,<environment.Job instance at 0x7f1a4cb44cd0>,30,28,[4 9],31,-1,96,-1,68
1,<environment.Job instance at 0x7f1a4c99f280>,43,17,[ 3 11],44,-1,104,-1,87
1,<environment.Job instance at 0x7f1a4c981eb0>,44,15,[ 5 11],45,-1,102,-1,87
1,<environment.Job instance at 0x7f1a4c981af0>,45,28,[ 2 11],46,-1,115,-1,87
1,<environment.Job instance at 0x7f1a4bdb1460>,46,23,[5 5],47,-1,111,-1,88
1,<environment.Job instance at 0x7f1a4bdb17d0>,47,12,[11  3],48,-1,100,-1,88
1,<environment.Job instance at 0x7f1a4bdb1dc0>,48,26,[ 4 12],49,-1,114,-1,88
1,<environment.Job instance at 0x7f1a4bdb1050>,49,12,[ 4 12],50,-1,100,-1,88
1,<environment.Job instance at 0x7f1a4bba3b40>,51,18,[14  4],52,-1,106,-1,88
1,<environment.Job instance at 0x7f1a4bba3af0>,53,15,[ 2 12],54,-1,103,-1,88
1,<environment.Job instance at 0x7f1a4bba39b0>,55,28,[13  2],56,-1,118,-1,90
1,<environment.Job instance at 0x7f1a4bba3eb0>,58,27,[3 6],59,-1,132,-1,105
1,<environment.Job instance at 0x7f1a4ba27500>,3,22,[3 7],4,-1,27,-1,5
1,<environment.Job instance at 0x7f1a4ba27690>,6,14,[3 7],7,-1,21,-1,7
1,<environment.Job instance at 0x7f1a4ba275a0>,8,12,[11  5],9,-1,21,-1,9
1,<environment.Job instance at 0x7f1a4ba27780>,10,12,[9 1],11,-1,23,-1,11
1,<environment.Job instance at 0x7f1a4ba27910>,11,19,[6 2],12,-1,31,-1,12
1,<environment.Job instance at 0x7f1a4ba279b0>,12,18,[10  2],13,-1,31,-1,13
1,<environment.Job instance at 0x7f1a4bb1b0f0>,14,14,[11  1],15,-1,29,-1,15
1,<environment.Job instance at 0x7f1a4bb1b690>,16,24,[5 5],17,-1,41,-1,17
1,<environment.Job instance at 0x7f1a4bb1b230>,17,15,[ 4 11],18,-1,33,-1,18
1,<environment.Job instance at 0x7f1a4bacd6e0>,34,26,[ 2 12],35,-1,142,-1,116
1,<environment.Job instance at 0x7f1a4c887f00>,0,23,[13  4],1,-1,24,-1,1
1,<environment.Job instance at 0x7f1a4c8875a0>,1,17,[12  2],2,-1,19,-1,2
1,<environment.Job instance at 0x7f1a4c8902d0>,7,17,[14  5],8,-1,25,-1,8
1,<environment.Job instance at 0x7f1a4c12a140>,8,12,[11  5],9,-1,21,-1,9
1,<environment.Job instance at 0x7f1a4ce11050>,13,12,[ 1 13],14,-1,38,-1,26
1,<environment.Job instance at 0x7f1a4cc1c550>,14,14,[11  1],15,-1,40,-1,26
1,<environment.Job instance at 0x7f1a4c825d20>,15,3,[14  1],16,-1,29,-1,26
1,<environment.Job instance at 0x7f1a4c3525f0>,16,24,[5 5],17,-1,50,-1,26
1,<environment.Job instance at 0x7f1a4c337c30>,17,15,[ 4 11],18,-1,41,-1,26
1,<environment.Job instance at 0x7f1a4c827690>,19,21,[ 1 14],20,-1,47,-1,26
1,<environment.Job instance at 0x7f1a4c6d1c80>,22,16,[ 4 14],23,-1,45,-1,29
1,<environment.Job instance at 0x7f1a4c158690>,24,16,[ 2 12],25,-1,47,-1,31
1,<environment.Job instance at 0x7f1a4c6b8500>,25,17,[13  4],26,-1,48,-1,31
1,<environment.Job instance at 0x7f1a4c6b80a0>,26,1,[ 5 11],27,-1,32,-1,31
1,<environment.Job instance at 0x7f1a4c6e4690>,31,1,[12  5],32,-1,47,-1,46
1,<environment.Job instance at 0x7f1a4b9a8f50>,34,26,[ 2 12],35,-1,82,-1,56
1,<environment.Job instance at 0x7f1a4c718640>,36,1,[ 3 12],37,-1,60,-1,59
1,<environment.Job instance at 0x7f1a4c7051e0>,39,3,[11  1],40,-1,73,-1,70
1,<environment.Job instance at 0x7f1a4c718820>,37,24,[10  3],38,-1,99,-1,75
1,<environment.Job instance at 0x7f1a4c705b90>,42,26,[5 5],43,-1,102,-1,76
1,<environment.Job instance at 0x7f1a4c874460>,43,21,[13  1],44,-1,97,-1,76
1,<environment.Job instance at 0x7f1a4c71ae10>,52,26,[ 3 11],53,-1,129,-1,103
1,<environment.Job instance at 0x7f1a4c71ad20>,51,25,[9 4],52,-1,134,-1,109
1,<environment.Job instance at 0x7f1a4c6f6780>,54,26,[12  4],55,-1,135,-1,109
1,<environment.Job instance at 0x7f1a4c7137d0>,55,1,[12  4],56,-1,110,-1,109
1,<environment.Job instance at 0x7f1a4c713230>,56,26,[5 2],57,-1,135,-1,109
1,<environment.Job instance at 0x7f1a4c713870>,57,24,[9 3],58,-1,133,-1,109
1,<environment.Job instance at 0x7f1a4c8a10f0>,58,26,[6 3],59,-1,135,-1,109
1,<environment.Job instance at 0x7f1a4c8a1b40>,60,20,[14  3],61,-1,129,-1,109
1,<environment.Job instance at 0x7f1a4c6e4500>,10,18,[2 9],11,-1,29,-1,11
1,<environment.Job instance at 0x7f1a4c6daa50>,14,25,[4 6],15,-1,40,-1,15
1,<environment.Job instance at 0x7f1a4c6dae60>,21,18,[5 5],22,-1,42,-1,24
1,<environment.Job instance at 0x7f1a4c705aa0>,24,16,[5 6],25,-1,41,-1,25
1,<environment.Job instance at 0x7f1a4c6b74b0>,30,15,[5 5],31,-1,52,-1,37
1,<environment.Job instance at 0x7f1a4c6da190>,19,18,[ 3 14],20,-1,55,-1,37
1,<environment.Job instance at 0x7f1a4c6b7140>,32,18,[ 3 10],33,-1,55,-1,37
1,<environment.Job instance at 0x7f1a4c6b7320>,36,23,[7 5],37,-1,60,-1,37
1,<environment.Job instance at 0x7f1a4bcdf910>,1,12,[ 5 14],2,-1,14,-1,2
1,<environment.Job instance at 0x7f1a4bce2640>,4,25,[ 5 14],5,-1,30,-1,5
1,<environment.Job instance at 0x7f1a4bcfd0a0>,5,15,[12  1],6,-1,21,-1,6
1,<environment.Job instance at 0x7f1a4bcfd050>,8,2,[ 3 12],9,-1,11,-1,9
1,<environment.Job instance at 0x7f1a4bd0c280>,14,25,[4 6],15,-1,45,-1,20
1,<environment.Job instance at 0x7f1a4bd1b0a0>,15,21,[ 5 11],16,-1,41,-1,20
1,<environment.Job instance at 0x7f1a4c71b640>,19,18,[ 3 14],20,-1,41,-1,23
1,<environment.Job instance at 0x7f1a4c80baa0>,20,2,[14  4],21,-1,25,-1,23
1,<environment.Job instance at 0x7f1a4bcf4a00>,22,16,[12  2],23,-1,39,-1,23
1,<environment.Job instance at 0x7f1a4c6e6460>,23,13,[ 4 14],24,-1,37,-1,24
1,<environment.Job instance at 0x7f1a4c6e6c30>,26,13,[14  3],27,-1,49,-1,36
1,<environment.Job instance at 0x7f1a4bd05dc0>,31,12,[11  5],32,-1,63,-1,51
1,<environment.Job instance at 0x7f1a4c713a50>,34,14,[ 5 11],35,-1,69,-1,55
1,<environment.Job instance at 0x7f1a4c6f67d0>,35,17,[ 3 14],36,-1,72,-1,55
1,<environment.Job instance at 0x7f1a4c6f6690>,36,23,[7 5],37,-1,90,-1,67
1,<environment.Job instance at 0x7f1a4c6dfa00>,38,23,[1 5],39,-1,90,-1,67
1,<environment.Job instance at 0x7f1a4c71af00>,40,26,[ 1 11],41,-1,93,-1,67
1,<environment.Job instance at 0x7f1a4c718460>,41,12,[13  4],42,-1,79,-1,67
1,<environment.Job instance at 0x7f1a4cc0c050>,43,15,[ 1 11],44,-1,84,-1,69
1,<environment.Job instance at 0x7f1a4b9a80f0>,45,2,[13  4],46,-1,74,-1,72
1,<environment.Job instance at 0x7f1a4c825d20>,51,13,[13  4],52,-1,100,-1,87
1,<environment.Job instance at 0x7f1a4c8252d0>,52,24,[ 1 10],53,-1,113,-1,89
1,<environment.Job instance at 0x7f1a4c705910>,57,13,[11  1],58,-1,115,-1,102
1,<environment.Job instance at 0x7f1a4c705190>,58,17,[14  5],59,-1,119,-1,102
1,<environment.Job instance at 0x7f1a4c705fa0>,59,14,[13  2],60,-1,116,-1,102
1,<environment.Job instance at 0x7f1a4c705eb0>,60,16,[ 5 13],61,-1,118,-1,102
1,<environment.Job instance at 0x7f1a4c6b75f0>,61,28,[14  3],62,-1,130,-1,102
1,<environment.Job instance at 0x7f1a4c705320>,63,13,[ 3 13],64,-1,127,-1,114
1,<environment.Job instance at 0x7f1a4c6b8500>,65,24,[5 5],66,-1,138,-1,114
1,<environment.Job instance at 0x7f1a4c6b83c0>,66,18,[13  5],67,-1,132,-1,114
1,<environment.Job instance at 0x7f1a4c6e4640>,68,14,[ 5 14],69,-1,130,-1,116
1,<environment.Job instance at 0x7f1a4bf13820>,0,17,[10  5],1,-1,19,-1,2
1,<environment.Job instance at 0x7f1a4ce5be60>,2,28,[6 1],3,-1,31,-1,3
1,<environment.Job instance at 0x7f1a4ce5bf00>,3,14,[8 3],4,-1,18,-1,4
1,<environment.Job instance at 0x7f1a4ce5bfa0>,4,13,[10  2],5,-1,18,-1,5
1,<environment.Job instance at 0x7f1a4c6190a0>,5,17,[9 4],6,-1,23,-1,6
1,<environment.Job instance at 0x7f1a4c619140>,6,16,[10  4],7,-1,23,-1,7
1,<environment.Job instance at 0x7f1a4c619280>,8,14,[10  3],9,-1,23,-1,9
1,<environment.Job instance at 0x7f1a4c619370>,10,12,[1 9],11,-1,23,-1,11
1,<environment.Job instance at 0x7f1a4c6195f0>,11,12,[3 5],12,-1,24,-1,12
1,<environment.Job instance at 0x7f1a4c619500>,12,18,[ 3 12],13,-1,31,-1,13
1,<environment.Job instance at 0x7f1a4c619640>,13,16,[5 8],14,-1,30,-1,14
1,<environment.Job instance at 0x7f1a4c619780>,15,22,[4 5],16,-1,38,-1,16
1,<environment.Job instance at 0x7f1a4c619af0>,21,15,[9 5],22,-1,37,-1,22
1,<environment.Job instance at 0x7f1a4c619c80>,23,15,[9 3],24,-1,39,-1,24
1,<environment.Job instance at 0x7f1a4c619dc0>,25,16,[7 4],26,-1,42,-1,26
1,<environment.Job instance at 0x7f1a4bf137d0>,26,19,[8 2],27,-1,46,-1,27
1,<environment.Job instance at 0x7f1a4c60e0a0>,27,26,[7 5],28,-1,54,-1,28
1,<environment.Job instance at 0x7f1a4c60e1e0>,29,16,[7 5],30,-1,46,-1,30
1,<environment.Job instance at 0x7f1a4c60e280>,31,1,[1 8],32,-1,33,-1,32
1,<environment.Job instance at 0x7f1a4c60e410>,33,1,[6 5],34,-1,35,-1,34
1,<environment.Job instance at 0x7f1a4c60e690>,34,28,[5 5],35,-1,63,-1,35
1,<environment.Job instance at 0x7f1a4c32a730>,1,20,[ 4 13],2,-1,22,-1,2
1,<environment.Job instance at 0x7f1a4cc343c0>,2,28,[6 1],3,-1,46,-1,18
1,<environment.Job instance at 0x7f1a4cc34140>,7,3,[ 5 11],8,-1,21,-1,18
1,<environment.Job instance at 0x7f1a4c827910>,12,18,[ 3 12],13,-1,52,-1,34
1,<environment.Job instance at 0x7f1a4c827dc0>,14,20,[14  4],15,-1,63,-1,43
1,<environment.Job instance at 0x7f1a4c8274b0>,16,26,[ 3 12],17,-1,72,-1,46
1,<environment.Job instance at 0x7f1a4c827c30>,17,12,[12  1],18,-1,58,-1,46
1,<environment.Job instance at 0x7f1a4c827640>,19,20,[12  4],20,-1,66,-1,46
1,<environment.Job instance at 0x7f1a4c827d20>,27,26,[7 5],28,-1,107,-1,81
1,<environment.Job instance at 0x7f1a4c819780>,32,2,[13  5],33,-1,99,-1,97
1,<environment.Job instance at 0x7f1a4c8195f0>,34,28,[5 5],35,-1,127,-1,99
1,<environment.Job instance at 0x7f1a4c819c30>,35,15,[12  4],36,-1,114,-1,99
1,<environment.Job instance at 0x7f1a4c819cd0>,36,25,[9 3],37,-1,127,-1,102
1,<environment.Job instance at 0x7f1a4c6e4c80>,39,12,[ 4 14],40,-1,114,-1,102
1,<environment.Job instance at 0x7f1a7165ba00>,40,21,[ 4 14],41,-1,123,-1,102
1,<environment.Job instance at 0x7f1a4c3a9640>,41,14,[ 1 13],42,-1,116,-1,102
1,<environment.Job instance at 0x7f1a4c6e4690>,42,16,[12  5],43,-1,118,-1,102
1,<environment.Job instance at 0x7f1a4c6b85a0>,43,28,[4 5],44,-1,144,-1,116
1,<environment.Job instance at 0x7f1a4c6b75f0>,46,25,[ 2 14],47,-1,141,-1,116
1,<environment.Job instance at 0x7f1a4c705190>,47,1,[ 1 11],48,-1,117,-1,116
1,<environment.Job instance at 0x7f1a4c098fa0>,3,17,[9 1],4,-1,24,-1,7
1,<environment.Job instance at 0x7f1a4c0985a0>,9,18,[ 3 10],10,-1,28,-1,10
1,<environment.Job instance at 0x7f1a4c098c80>,10,23,[5 1],11,-1,34,-1,11
1,<environment.Job instance at 0x7f1a4c098a00>,11,18,[5 9],12,-1,30,-1,12
1,<environment.Job instance at 0x7f1a4c098550>,12,14,[9 2],13,-1,27,-1,13
1,<environment.Job instance at 0x7f1a4c0980f0>,13,17,[8 4],14,-1,31,-1,14
1,<environment.Job instance at 0x7f1a4d1ddc30>,14,24,[8 1],15,-1,39,-1,15
1,<environment.Job instance at 0x7f1a4d1dd5a0>,15,18,[9 4],16,-1,34,-1,16
1,<environment.Job instance at 0x7f1a4bbd8730>,20,15,[8 3],21,-1,41,-1,26
1,<environment.Job instance at 0x7f1a4c619320>,0,12,[ 3 14],1,-1,13,-1,1
1,<environment.Job instance at 0x7f1a4c619e10>,1,24,[9 4],2,-1,26,-1,2
1,<environment.Job instance at 0x7f1a4d174a50>,4,13,[12  1],5,-1,18,-1,5
1,<environment.Job instance at 0x7f1a4bce8230>,7,18,[13  5],8,-1,26,-1,8
1,<environment.Job instance at 0x7f1a4bce2640>,10,23,[5 1],11,-1,43,-1,20
1,<environment.Job instance at 0x7f1a4cc0cd20>,6,26,[9 5],7,-1,49,-1,23
1,<environment.Job instance at 0x7f1a4bd1baf0>,14,24,[8 1],15,-1,47,-1,23
1,<environment.Job instance at 0x7f1a4bd1bb40>,16,25,[12  2],17,-1,48,-1,23
1,<environment.Job instance at 0x7f1a4c71b640>,19,17,[13  1],20,-1,55,-1,38
1,<environment.Job instance at 0x7f1a4c80bd70>,22,12,[ 2 12],23,-1,53,-1,41
1,<environment.Job instance at 0x7f1a4c80b190>,23,15,[ 3 13],24,-1,56,-1,41
1,<environment.Job instance at 0x7f1a4c6e6c30>,24,16,[12  4],25,-1,57,-1,41
1,<environment.Job instance at 0x7f1a4c6e1aa0>,25,26,[14  3],26,-1,67,-1,41
1,<environment.Job instance at 0x7f1a4c6e6320>,28,24,[6 4],29,-1,81,-1,57
1,<environment.Job instance at 0x7f1a4bd05c30>,29,2,[ 2 13],30,-1,59,-1,57
1,<environment.Job instance at 0x7f1a4c713820>,32,24,[8 2],33,-1,81,-1,57
1,<environment.Job instance at 0x7f1a4c713640>,33,1,[ 2 13],34,-1,58,-1,57
1,<environment.Job instance at 0x7f1a4c6f6140>,35,23,[5 7],36,-1,83,-1,60
1,<environment.Job instance at 0x7f1a4c6df8c0>,38,3,[ 2 13],39,-1,65,-1,62
1,<environment.Job instance at 0x7f1a4c718460>,41,18,[ 5 13],42,-1,97,-1,79
1,<environment.Job instance at 0x7f1a4c6d1c80>,42,1,[12  2],43,-1,80,-1,79
1,<environment.Job instance at 0x7f1a4c6d1410>,43,2,[14  4],44,-1,81,-1,79
1,<environment.Job instance at 0x7f1a4c337b90>,45,15,[ 1 12],46,-1,94,-1,79
1,<environment.Job instance at 0x7f1a4c0644b0>,46,15,[14  5],47,-1,94,-1,79
1,<environment.Job instance at 0x7f1a4bd3e8c0>,3,21,[1 5],4,-1,25,-1,4
1,<environment.Job instance at 0x7f1a4bbb45a0>,5,14,[ 2 10],6,-1,20,-1,6
1,<environment.Job instance at 0x7f1a4bbb4820>,7,18,[2 7],8,-1,26,-1,8
1,<environment.Job instance at 0x7f1a4b92b730>,9,15,[8 5],10,-1,26,-1,11
1,<environment.Job instance at 0x7f1a4c693d20>,10,22,[9 3],11,-1,33,-1,11
1,<environment.Job instance at 0x7f1a4bc435a0>,19,21,[9 1],20,-1,44,-1,23
1,<environment.Job instance at 0x7f1a558b9a00>,18,22,[7 5],19,-1,46,-1,24
1,<environment.Job instance at 0x7f1a4bc43410>,23,20,[14  4],24,-1,44,-1,24
1,<environment.Job instance at 0x7f1a4bc392d0>,25,18,[12  4],26,-1,44,-1,26
1,<environment.Job instance at 0x7f1a4bc39370>,28,18,[5 9],29,-1,62,-1,44
1,<environment.Job instance at 0x7f1a4bc39140>,30,27,[6 5],31,-1,84,-1,57
1,<environment.Job instance at 0x7f1a4bc39d20>,32,18,[10  1],33,-1,75,-1,57
1,<environment.Job instance at 0x7f1a4d118320>,33,25,[9 4],34,-1,82,-1,57
1,<environment.Job instance at 0x7f1a558b9820>,15,21,[14  2],16,-1,80,-1,59
1,<environment.Job instance at 0x7f1a4d118eb0>,34,18,[3 9],35,-1,77,-1,59
1,<environment.Job instance at 0x7f1a4d118780>,39,16,[ 1 10],40,-1,75,-1,59
1,<environment.Job instance at 0x7f1a4c713640>,6,3,[ 3 11],7,-1,10,-1,7
1,<environment.Job instance at 0x7f1a4c6e1a50>,8,12,[ 1 13],9,-1,21,-1,9
1,<environment.Job instance at 0x7f1a4c80bd70>,11,28,[1 5],12,-1,45,-1,17
1,<environment.Job instance at 0x7f1a4bbb4e10>,12,12,[ 4 14],13,-1,29,-1,17
1,<environment.Job instance at 0x7f1a4c83e870>,15,21,[14  2],16,-1,41,-1,20
1,<environment.Job instance at 0x7f1a4bf34870>,13,28,[8 5],14,-1,53,-1,25
1,<environment.Job instance at 0x7f1a4c9885a0>,17,14,[ 2 11],18,-1,39,-1,25
1,<environment.Job instance at 0x7f1a4bc39a50>,20,28,[6 5],21,-1,53,-1,25
1,<environment.Job instance at 0x7f1a4c12c3c0>,23,20,[14  4],24,-1,45,-1,25
1,<environment.Job instance at 0x7f1a4bf4e780>,24,3,[14  3],25,-1,28,-1,25
1,<environment.Job instance at 0x7f1a4d139320>,25,18,[12  4],26,-1,44,-1,26
1,<environment.Job instance at 0x7f1a4ba68d20>,26,3,[ 4 13],27,-1,30,-1,27
1,<environment.Job instance at 0x7f1a4c3b0b40>,29,18,[ 4 11],30,-1,57,-1,39
1,<environment.Job instance at 0x7f1a4bd33a00>,30,27,[6 5],31,-1,77,-1,50
1,<environment.Job instance at 0x7f1a4bd330f0>,31,27,[ 3 13],32,-1,77,-1,50
1,<environment.Job instance at 0x7f1a4ca6cf00>,33,25,[9 4],34,-1,79,-1,54
1,<environment.Job instance at 0x7f1a4ca6c9b0>,37,27,[2 8],38,-1,106,-1,79
1,<environment.Job instance at 0x7f1a4ca6c640>,40,27,[8 1],41,-1,113,-1,86
1,<environment.Job instance at 0x7f1a4d0a0c30>,44,1,[14  3],45,-1,87,-1,86
1,<environment.Job instance at 0x7f1a4d0a0050>,45,25,[1 9],46,-1,121,-1,96
1,<environment.Job instance at 0x7f1a4d0a0820>,46,3,[ 4 12],47,-1,99,-1,96
1,<environment.Job instance at 0x7f1a4d0a0730>,47,27,[9 3],48,-1,123,-1,96
1,<environment.Job instance at 0x7f1a4d0a0640>,49,28,[6 2],50,-1,124,-1,96
1,<environment.Job instance at 0x7f1a4c7b8b40>,3,23,[8 3],4,-1,29,-1,6
1,<environment.Job instance at 0x7f1a4c8a5c80>,6,28,[8 4],7,-1,35,-1,7
1,<environment.Job instance at 0x7f1a55931320>,11,14,[ 2 10],12,-1,26,-1,12
1,<environment.Job instance at 0x7f1a4d138e60>,13,23,[6 3],14,-1,37,-1,14
1,<environment.Job instance at 0x7f1a4d138910>,14,17,[1 5],15,-1,32,-1,15
1,<environment.Job instance at 0x7f1a4c7b8aa0>,20,16,[14  3],21,-1,41,-1,25
1,<environment.Job instance at 0x7f1a4cdc07d0>,23,16,[ 4 13],24,-1,41,-1,25
1,<environment.Job instance at 0x7f1a4c8a5730>,5,14,[3 8],6,-1,39,-1,25
1,<environment.Job instance at 0x7f1a4cdc0c30>,24,14,[5 9],25,-1,40,-1,26
1,<environment.Job instance at 0x7f1a4cdc0960>,22,17,[4 6],23,-1,43,-1,26
1,<environment.Job instance at 0x7f1a4be6abe0>,2,17,[13  2],3,-1,20,-1,3
1,<environment.Job instance at 0x7f1a4d0b4b40>,3,23,[8 3],4,-1,27,-1,4
1,<environment.Job instance at 0x7f1a4d0b4be0>,4,1,[12  5],5,-1,6,-1,5
1,<environment.Job instance at 0x7f1a4be6a8c0>,7,16,[13  2],8,-1,24,-1,8
1,<environment.Job instance at 0x7f1a4d0b4820>,9,12,[ 5 14],10,-1,22,-1,10
1,<environment.Job instance at 0x7f1a4d0b4640>,10,14,[14  2],11,-1,25,-1,11
1,<environment.Job instance at 0x7f1a4d0b4050>,13,23,[6 3],14,-1,37,-1,14
1,<environment.Job instance at 0x7f1a4c83cc30>,15,21,[12  2],16,-1,37,-1,16
1,<environment.Job instance at 0x7f1a4d0b4f00>,16,21,[13  1],17,-1,38,-1,17
1,<environment.Job instance at 0x7f1a4d0b47d0>,6,28,[8 4],7,-1,48,-1,20
1,<environment.Job instance at 0x7f1a4c83cb90>,19,15,[12  3],20,-1,35,-1,20
1,<environment.Job instance at 0x7f1a4c83c460>,20,16,[14  3],21,-1,37,-1,21
1,<environment.Job instance at 0x7f1a4c83ce10>,23,16,[ 4 13],24,-1,40,-1,24
1,<environment.Job instance at 0x7f1a4c83c5f0>,25,17,[ 4 11],26,-1,49,-1,32
1,<environment.Job instance at 0x7f1a4c6655a0>,27,24,[2 5],28,-1,60,-1,36
1,<environment.Job instance at 0x7f1a4c6655f0>,28,23,[11  4],29,-1,59,-1,36
1,<environment.Job instance at 0x7f1a4c6653c0>,29,13,[ 1 11],30,-1,49,-1,36
1,<environment.Job instance at 0x7f1a4c665230>,30,3,[ 3 11],31,-1,39,-1,36
1,<environment.Job instance at 0x7f1a4c665c30>,34,13,[13  1],35,-1,49,-1,36
1,<environment.Job instance at 0x7f1a4c665820>,35,16,[ 2 13],36,-1,52,-1,36
1,<environment.Job instance at 0x7f1a4d095280>,37,16,[ 2 13],38,-1,60,-1,44
1,<environment.Job instance at 0x7f1a4d095f00>,42,28,[5 4],43,-1,91,-1,63
1,<environment.Job instance at 0x7f1a4d095410>,44,13,[ 4 14],45,-1,76,-1,63
1,<environment.Job instance at 0x7f1a4d0955a0>,45,17,[ 3 11],46,-1,80,-1,63
1,<environment.Job instance at 0x7f1a4d0958c0>,47,17,[ 2 14],48,-1,81,-1,64
1,<environment.Job instance at 0x7f1a4ca7ba00>,48,26,[12  5],49,-1,90,-1,64
1,<environment.Job instance at 0x7f1a4ca7b0a0>,51,28,[ 5 12],52,-1,95,-1,67
1,<environment.Job instance at 0x7f1a4ca7bdc0>,53,14,[ 3 12],54,-1,81,-1,67
1,<environment.Job instance at 0x7f1a4ca7b910>,56,26,[7 1],57,-1,107,-1,81
1,<environment.Job instance at 0x7f1a4ca7beb0>,57,13,[14  1],58,-1,94,-1,81
1,<environment.Job instance at 0x7f1a4ca7b8c0>,58,24,[7 2],59,-1,105,-1,81
1,<environment.Job instance at 0x7f1a4d0a0640>,59,24,[14  4],60,-1,105,-1,81
1,<environment.Job instance at 0x7f1a4d0a0500>,60,3,[12  5],61,-1,84,-1,81
1,<environment.Job instance at 0x7f1a4d0a0730>,61,25,[3 6],62,-1,107,-1,82
1,<environment.Job instance at 0x7f1a4d0a04b0>,64,16,[13  1],65,-1,98,-1,82
1,<environment.Job instance at 0x7f1a4ca6c320>,67,28,[5 8],68,-1,114,-1,86
1,<environment.Job instance at 0x7f1a4ca6cc80>,69,13,[14  5],70,-1,99,-1,86
1,<environment.Job instance at 0x7f1a4ca6cc30>,71,17,[13  3],72,-1,106,-1,89
1,<environment.Job instance at 0x7f1a4ca6c4b0>,73,27,[1 7],74,-1,130,-1,103
1,<environment.Job instance at 0x7f1a4bd330f0>,75,13,[12  4],76,-1,116,-1,103
1,<environment.Job instance at 0x7f1a4c3b0b40>,77,23,[8 1],78,-1,138,-1,115
1,<environment.Job instance at 0x7f1a4bf4e780>,79,16,[ 5 12],80,-1,131,-1,115
1,<environment.Job instance at 0x7f7e988cb0a0>,9,12,[8 2],10,-1,23,-1,11
1,<environment.Job instance at 0x7f7ea1f118c0>,10,22,[8 1],11,-1,33,-1,11
1,<environment.Job instance at 0x7f7e988cb3c0>,13,18,[5 9],14,-1,39,-1,21
1,<environment.Job instance at 0x7f7e988cb9b0>,21,18,[9 4],22,-1,40,-1,22
1,<environment.Job instance at 0x7f7e988cbb90>,23,16,[12  2],24,-1,44,-1,28
1,<environment.Job instance at 0x7f7e988cb7d0>,19,25,[5 9],20,-1,65,-1,40
1,<environment.Job instance at 0x7f7e988c7fa0>,7,26,[9 3],8,-1,67,-1,41
1,<environment.Job instance at 0x7f7e988cb280>,12,23,[12  4],13,-1,70,-1,47
1,<environment.Job instance at 0x7f7e988ce0a0>,28,17,[ 1 13],29,-1,64,-1,47
1,<environment.Job instance at 0x7f7e988cbd70>,29,24,[4 7],30,-1,72,-1,48
1,<environment.Job instance at 0x7f7e988ce140>,30,26,[9 4],31,-1,74,-1,48
1,<environment.Job instance at 0x7f7e988ce320>,33,26,[3 6],34,-1,76,-1,50
1,<environment.Job instance at 0x7f7e988ce280>,32,21,[5 9],33,-1,71,-1,50
1,<environment.Job instance at 0x7f7e988ce3c0>,34,14,[1 9],35,-1,64,-1,50
1,<environment.Job instance at 0x7f7e988ce500>,36,20,[7 5],37,-1,70,-1,50
1,<environment.Job instance at 0x7f7e988ce1e0>,31,1,[ 2 14],32,-1,51,-1,50
1,<environment.Job instance at 0x7f7e988ce640>,38,24,[13  2],39,-1,75,-1,51
1,<environment.Job instance at 0x7f7e988ce6e0>,39,18,[9 4],40,-1,69,-1,51
1,<environment.Job instance at 0x7f7e988ce460>,35,16,[1 9],36,-1,68,-1,52
1,<environment.Job instance at 0x7f7e988ce820>,40,26,[ 1 14],41,-1,78,-1,52
1,<environment.Job instance at 0x7f7e988ce5a0>,37,14,[5 8],38,-1,66,-1,52
1,<environment.Job instance at 0x7f7e988ce960>,43,16,[1 8],44,-1,68,-1,52
1,<environment.Job instance at 0x7f7e988cea00>,44,12,[9 3],45,-1,69,-1,57
1,<environment.Job instance at 0x7f7e988cebe0>,47,14,[12  2],48,-1,71,-1,57
1,<environment.Job instance at 0x7f7e988cec80>,48,14,[ 1 11],49,-1,71,-1,57
1,<environment.Job instance at 0x7f7e988ceb40>,46,14,[6 5],47,-1,71,-1,57
1,<environment.Job instance at 0x7f7e988ceaa0>,45,12,[ 3 14],46,-1,69,-1,57
1,<environment.Job instance at 0x7f7e988ce780>,42,12,[ 5 12],43,-1,70,-1,58
1,<environment.Job instance at 0x7f7e988cef50>,51,13,[5 6],52,-1,72,-1,59
1,<environment.Job instance at 0x7f7e988d20a0>,53,12,[ 3 14],54,-1,72,-1,60
1,<environment.Job instance at 0x7f7e988d2320>,52,21,[6 4],53,-1,81,-1,60
1,<environment.Job instance at 0x7f7e988ced20>,50,13,[ 4 12],51,-1,73,-1,60
1,<environment.Job instance at 0x7f7e988d21e0>,54,3,[ 3 13],55,-1,63,-1,60
1,<environment.Job instance at 0x7f7e988d26e0>,57,17,[ 2 14],58,-1,77,-1,60
1,<environment.Job instance at 0x7f7e988d2690>,58,28,[10  3],59,-1,93,-1,65
1,<environment.Job instance at 0x7f7e988d25a0>,59,21,[9 1],60,-1,86,-1,65
1,<environment.Job instance at 0x7f7e988d2780>,60,14,[ 2 10],61,-1,79,-1,65
1,<environment.Job instance at 0x7f7e988d2550>,61,2,[ 1 12],62,-1,67,-1,65
1,<environment.Job instance at 0x7f7e988d2960>,64,12,[5 6],65,-1,77,-1,65
1,<environment.Job instance at 0x7f7e988d2370>,55,15,[5 4],56,-1,81,-1,66
1,<environment.Job instance at 0x7f7e988d2a00>,65,15,[5 5],66,-1,81,-1,66
1,<environment.Job instance at 0x7f7e988d2af0>,67,16,[1 9],68,-1,85,-1,69
1,<environment.Job instance at 0x7f7e988d2d70>,66,28,[3 6],67,-1,98,-1,70
1,<environment.Job instance at 0x7f7e988d2e60>,69,14,[9 4],70,-1,84,-1,70
1,<environment.Job instance at 0x7f7e988d2cd0>,70,22,[ 3 10],71,-1,93,-1,71
1,<environment.Job instance at 0x7f7e988d40a0>,71,16,[6 5],72,-1,88,-1,72
1,<environment.Job instance at 0x7f7e988d2eb0>,68,14,[6 4],69,-1,87,-1,73
1,<environment.Job instance at 0x7f7e988d4640>,76,13,[10  1],77,-1,91,-1,78
1,<environment.Job instance at 0x7f7e988d44b0>,77,16,[8 1],78,-1,96,-1,80
1,<environment.Job instance at 0x7f7e988d4370>,79,19,[12  3],80,-1,101,-1,82
1,<environment.Job instance at 0x7f7e988cb4b0>,18,26,[7 4],19,-1,108,-1,82
1,<environment.Job instance at 0x7f7e988d4410>,75,28,[ 2 10],76,-1,111,-1,83
1,<environment.Job instance at 0x7f7e988d4780>,80,19,[5 5],81,-1,103,-1,84
1,<environment.Job instance at 0x7f7e988d4b40>,83,18,[ 3 10],84,-1,102,-1,84
1,<environment.Job instance at 0x7f7e988d4be0>,85,15,[1 7],86,-1,101,-1,86
1,<environment.Job instance at 0x7f7e988d4f50>,88,16,[4 9],89,-1,107,-1,91
1,<environment.Job instance at 0x7f7e988d4e60>,89,17,[ 5 14],90,-1,108,-1,91
1,<environment.Job instance at 0x7f7e988d28c0>,63,21,[5 5],64,-1,115,-1,94
1,<environment.Job instance at 0x7f7e988d90a0>,90,22,[9 2],91,-1,117,-1,95
1,<environment.Job instance at 0x7f7e988d9280>,93,25,[ 1 13],94,-1,126,-1,101
1,<environment.Job instance at 0x7f7e988d93c0>,94,21,[14  5],95,-1,124,-1,103
1,<environment.Job instance at 0x7f7e988d4960>,82,21,[4 8],83,-1,130,-1,109
1,<environment.Job instance at 0x7f7e988d9320>,96,18,[2 6],97,-1,128,-1,110
1,<environment.Job instance at 0x7f7e988d96e0>,100,28,[5 9],101,-1,138,-1,110
1,<environment.Job instance at 0x7f7e988d91e0>,92,23,[9 1],93,-1,133,-1,110
1,<environment.Job instance at 0x7f7e988d9aa0>,106,22,[ 4 14],107,-1,132,-1,110
1,<environment.Job instance at 0x7f7e988d9460>,95,16,[8 4],96,-1,126,-1,110
1,<environment.Job instance at 0x7f7e988d9d20>,109,27,[ 3 11],110,-1,137,-1,110
1,<environment.Job instance at 0x7f7ea1f57910>,111,17,[12  4],112,-1,129,-1,112
1,<environment.Job instance at 0x7f7e988d9820>,101,15,[ 2 13],102,-1,129,-1,114
1,<environment.Job instance at 0x7f7e98913f50>,110,23,[5 1],111,-1,137,-1,114
1,<environment.Job instance at 0x7f7e9891f460>,113,17,[5 1],114,-1,131,-1,114
1,<environment.Job instance at 0x7f7e9891fd20>,114,19,[9 2],115,-1,134,-1,115
1,<environment.Job instance at 0x7f7e989fed70>,116,12,[8 4],117,-1,130,-1,118
1,<environment.Job instance at 0x7f7e9899ad20>,117,22,[10  3],118,-1,140,-1,118
1,<environment.Job instance at 0x7f7e988d9140>,91,15,[9 1],92,-1,135,-1,120
1,<environment.Job instance at 0x7f7e988bf910>,120,24,[8 1],121,-1,145,-1,121
1,<environment.Job instance at 0x7f7e988bfd70>,122,25,[1 8],123,-1,148,-1,123
1,<environment.Job instance at 0x7f7e989d0870>,124,12,[1 5],125,-1,141,-1,129
1,<environment.Job instance at 0x7f7e98a4c280>,128,19,[1 7],129,-1,148,-1,129
1,<environment.Job instance at 0x7f7e988d2aa0>,6,15,[ 2 14],7,-1,22,-1,7
1,<environment.Job instance at 0x7f7e988d2c80>,8,2,[ 1 14],9,-1,11,-1,9
1,<environment.Job instance at 0x7f7e98a74a50>,7,26,[9 3],8,-1,44,-1,18
1,<environment.Job instance at 0x7f7e988c2460>,12,23,[12  4],13,-1,41,-1,18
1,<environment.Job instance at 0x7f7e988f86e0>,18,26,[7 4],19,-1,56,-1,30
1,<environment.Job instance at 0x7f7e9891f640>,19,25,[5 9],20,-1,66,-1,41
1,<environment.Job instance at 0x7f7e9895ac30>,23,16,[12  2],24,-1,57,-1,41
1,<environment.Job instance at 0x7f7e988bfc30>,28,17,[ 1 13],29,-1,65,-1,48
1,<environment.Job instance at 0x7f7e988c7e60>,29,24,[4 7],30,-1,75,-1,51
1,<environment.Job instance at 0x7f7e988c7d70>,30,26,[9 4],31,-1,77,-1,51
1,<environment.Job instance at 0x7f7e9896c7d0>,31,1,[ 2 14],32,-1,52,-1,51
1,<environment.Job instance at 0x7f7e98a75370>,33,26,[3 6],34,-1,86,-1,60
1,<environment.Job instance at 0x7f7e98989e10>,38,24,[13  2],39,-1,87,-1,63
1,<environment.Job instance at 0x7f7e989895f0>,40,26,[ 1 14],41,-1,100,-1,74
1,<environment.Job instance at 0x7f7e98989b90>,42,12,[ 5 12],43,-1,92,-1,80
1,<environment.Job instance at 0x7f7e98989cd0>,45,12,[ 3 14],46,-1,104,-1,92
1,<environment.Job instance at 0x7f7e989890f0>,47,14,[12  2],48,-1,118,-1,104
1,<environment.Job instance at 0x7f7e98a6f910>,48,14,[ 1 11],49,-1,118,-1,104
1,<environment.Job instance at 0x7f7e989d6140>,50,13,[ 4 12],51,-1,117,-1,104
1,<environment.Job instance at 0x7f7e989d6820>,53,12,[ 3 14],54,-1,130,-1,118
1,<environment.Job instance at 0x7f7e989e1a00>,54,3,[ 3 13],55,-1,121,-1,118
1,<environment.Job instance at 0x7f7e9800a190>,0,16,[3 9],1,-1,17,-1,1
1,<environment.Job instance at 0x7f7e9800a910>,2,18,[10  4],3,-1,24,-1,6
1,<environment.Job instance at 0x7f7e980742d0>,5,15,[8 3],6,-1,21,-1,6
1,<environment.Job instance at 0x7f7e98017910>,11,14,[ 3 10],12,-1,27,-1,13
1,<environment.Job instance at 0x7f7e98017550>,13,26,[7 2],14,-1,40,-1,14
1,<environment.Job instance at 0x7f7e98017690>,19,17,[5 7],20,-1,37,-1,20
1,<environment.Job instance at 0x7f7e980145a0>,21,22,[5 6],22,-1,44,-1,22
1,<environment.Job instance at 0x7f7e98014780>,22,26,[6 4],23,-1,49,-1,23
1,<environment.Job instance at 0x7f7e98014500>,23,17,[5 8],24,-1,41,-1,24
1,<environment.Job instance at 0x7f7e98015460>,33,2,[13  5],34,-1,39,-1,37
1,<environment.Job instance at 0x7f7e980151e0>,31,20,[10  5],32,-1,59,-1,39
1,<environment.Job instance at 0x7f7e98017370>,8,24,[6 5],9,-1,74,-1,50
1,<environment.Job instance at 0x7f7e980170f0>,12,15,[ 2 13],13,-1,65,-1,50
1,<environment.Job instance at 0x7f7e98014820>,27,25,[ 2 11],28,-1,76,-1,51
1,<environment.Job instance at 0x7f7e9800c320>,37,20,[8 1],38,-1,73,-1,53
1,<environment.Job instance at 0x7f7e981a9af0>,38,14,[ 5 10],39,-1,67,-1,53
1,<environment.Job instance at 0x7f7e97e84c80>,43,19,[3 8],44,-1,72,-1,53
1,<environment.Job instance at 0x7f7e981eb4b0>,1,13,[ 3 14],2,-1,15,-1,2
1,<environment.Job instance at 0x7f7e98082c30>,7,28,[ 2 10],8,-1,45,-1,17
1,<environment.Job instance at 0x7f7e9807b0f0>,10,1,[ 3 11],11,-1,20,-1,19
1,<environment.Job instance at 0x7f7e98082b40>,8,24,[6 5],9,-1,45,-1,21
1,<environment.Job instance at 0x7f7e9807b4b0>,12,15,[ 2 13],13,-1,36,-1,21
1,<environment.Job instance at 0x7f7e9807bf50>,13,26,[7 2],14,-1,47,-1,21
1,<environment.Job instance at 0x7f7e9807fd20>,14,20,[13  4],15,-1,41,-1,21
1,<environment.Job instance at 0x7f7e980efd70>,22,26,[6 4],23,-1,66,-1,40
1,<environment.Job instance at 0x7f7e98092690>,25,25,[ 3 13],26,-1,65,-1,40
1,<environment.Job instance at 0x7f7e9808ec30>,27,25,[ 2 11],28,-1,77,-1,52
1,<environment.Job instance at 0x7f7e9808e230>,28,1,[14  3],29,-1,53,-1,52
1,<environment.Job instance at 0x7f7e980f25a0>,32,22,[ 2 11],33,-1,88,-1,66
1,<environment.Job instance at 0x7f7e980f24b0>,33,2,[13  5],34,-1,68,-1,66
1,<environment.Job instance at 0x7f7e98095e10>,35,13,[ 5 14],36,-1,81,-1,68
1,<environment.Job instance at 0x7f7e98095f00>,41,25,[14  5],42,-1,105,-1,80
1,<environment.Job instance at 0x7f7e9808a730>,42,24,[3 7],43,-1,112,-1,88
1,<environment.Job instance at 0x7f7e98210fa0>,45,27,[ 3 13],46,-1,115,-1,88
1,<environment.Job instance at 0x7f7e98099b40>,48,2,[12  2],49,-1,107,-1,105
1,<environment.Job instance at 0x7f7e9809e640>,50,18,[12  2],51,-1,125,-1,107
1,<environment.Job instance at 0x7f7e982d76e0>,51,27,[8 3],52,-1,136,-1,109
1,<environment.Job instance at 0x7f7e98315d70>,53,19,[12  2],54,-1,129,-1,110
1,<environment.Job instance at 0x7f7e97fbc5f0>,1,26,[5 3],2,-1,28,-1,2
1,<environment.Job instance at 0x7f7e97e84fa0>,3,18,[ 1 10],4,-1,22,-1,4
1,<environment.Job instance at 0x7f7e97e84f50>,7,14,[9 1],8,-1,24,-1,10
1,<environment.Job instance at 0x7f7e97e84aa0>,12,15,[7 5],13,-1,28,-1,13
1,<environment.Job instance at 0x7f7e97e84730>,13,20,[5 8],14,-1,34,-1,14
1,<environment.Job instance at 0x7f7e97e84960>,14,17,[8 4],15,-1,32,-1,15
1,<environment.Job instance at 0x7f7e97e849b0>,15,15,[3 6],16,-1,31,-1,16
1,<environment.Job instance at 0x7f7e97e84af0>,17,26,[2 8],18,-1,44,-1,18
1,<environment.Job instance at 0x7f7e97e844b0>,18,15,[5 8],19,-1,34,-1,19
1,<environment.Job instance at 0x7f7e97e84b90>,19,20,[ 4 10],20,-1,40,-1,20
1,<environment.Job instance at 0x7f7e97e84320>,20,15,[9 2],21,-1,36,-1,21
1,<environment.Job instance at 0x7f7e97e84d70>,22,16,[7 5],23,-1,39,-1,23
1,<environment.Job instance at 0x7f7e97f52b90>,32,12,[8 3],33,-1,57,-1,45
1,<environment.Job instance at 0x7f7e97f52c80>,35,27,[1 5],36,-1,72,-1,45
1,<environment.Job instance at 0x7f7ea1fb8f00>,39,18,[9 5],40,-1,64,-1,46
1,<environment.Job instance at 0x7f7ea1fb8460>,40,18,[1 7],41,-1,67,-1,49
1,<environment.Job instance at 0x7f7ea1fb8960>,41,14,[3 8],42,-1,63,-1,49
1,<environment.Job instance at 0x7f7e9923a870>,0,27,[1 5],1,-1,28,-1,1
1,<environment.Job instance at 0x7f7ea1ae4140>,1,26,[5 3],2,-1,28,-1,2
1,<environment.Job instance at 0x7f7e985fd640>,4,15,[14  2],5,-1,20,-1,5
1,<environment.Job instance at 0x7f7e982a6500>,10,2,[13  1],11,-1,13,-1,11
1,<environment.Job instance at 0x7f7e982a64b0>,9,28,[ 2 10],10,-1,50,-1,22
1,<environment.Job instance at 0x7f7e990a8f50>,16,20,[11  2],17,-1,43,-1,23
1,<environment.Job instance at 0x7f7e98645f50>,17,26,[2 8],18,-1,54,-1,28
1,<environment.Job instance at 0x7f7e98164e10>,25,27,[9 5],26,-1,75,-1,48
1,<environment.Job instance at 0x7f7e98d73960>,27,14,[12  2],28,-1,62,-1,48
1,<environment.Job instance at 0x7f7ea208b3c0>,28,2,[ 4 11],29,-1,50,-1,48
1,<environment.Job instance at 0x7f7ea1dff500>,33,27,[2 7],34,-1,105,-1,78
1,<environment.Job instance at 0x7f7e983ea370>,35,27,[1 5],36,-1,107,-1,80
1,<environment.Job instance at 0x7f7e983eaeb0>,37,15,[14  2],38,-1,95,-1,80
1,<environment.Job instance at 0x7f7e980eae60>,42,17,[13  5],43,-1,114,-1,97
1,<environment.Job instance at 0x7f7e980ea050>,43,13,[ 5 14],44,-1,110,-1,97
1,<environment.Job instance at 0x7f7e980eaa50>,51,18,[ 1 11],52,-1,142,-1,124
1,<environment.Job instance at 0x7f7e984f94b0>,0,18,[10  5],1,-1,19,-1,1
1,<environment.Job instance at 0x7f7e9855f500>,1,25,[8 3],2,-1,27,-1,2
1,<environment.Job instance at 0x7f7e98418e10>,7,16,[4 5],8,-1,24,-1,8
1,<environment.Job instance at 0x7f7e982ea190>,2,16,[ 2 11],3,-1,19,-1,3
1,<environment.Job instance at 0x7f7e982eab90>,3,28,[ 3 11],4,-1,32,-1,4
1,<environment.Job instance at 0x7f7e9830c5f0>,5,24,[2 7],6,-1,30,-1,6
1,<environment.Job instance at 0x7f7e982a3f00>,6,16,[14  5],7,-1,23,-1,7
1,<environment.Job instance at 0x7f7e9830b320>,8,27,[14  3],9,-1,36,-1,9
1,<environment.Job instance at 0x7f7e982a3690>,9,18,[ 1 14],10,-1,28,-1,10
1,<environment.Job instance at 0x7f7e983d6c30>,11,15,[11  2],12,-1,27,-1,12
1,<environment.Job instance at 0x7f7e9830b230>,12,13,[ 1 12],13,-1,26,-1,13
1,<environment.Job instance at 0x7f7e982ead70>,1,25,[8 3],2,-1,44,-1,19
1,<environment.Job instance at 0x7f7e98268d20>,15,16,[ 4 11],16,-1,35,-1,19
1,<environment.Job instance at 0x7f7e982683c0>,16,17,[13  3],17,-1,36,-1,19
1,<environment.Job instance at 0x7f7e982682d0>,17,22,[ 3 11],18,-1,41,-1,19
1,<environment.Job instance at 0x7f7e982665f0>,19,13,[ 5 12],20,-1,33,-1,20
1,<environment.Job instance at 0x7f7e982660f0>,20,1,[ 5 11],21,-1,22,-1,21
1,<environment.Job instance at 0x7f7e98266820>,21,1,[12  4],22,-1,23,-1,22
1,<environment.Job instance at 0x7f7e982e42d0>,23,23,[9 4],24,-1,47,-1,24
1,<environment.Job instance at 0x7f7e982e48c0>,24,13,[ 3 14],25,-1,38,-1,25
1,<environment.Job instance at 0x7f7e991b7050>,25,24,[ 4 14],26,-1,50,-1,26
1,<environment.Job instance at 0x7f7e991b7780>,28,27,[9 5],29,-1,64,-1,37
1,<environment.Job instance at 0x7f7e98158230>,30,14,[ 3 13],31,-1,51,-1,37
1,<environment.Job instance at 0x7f7e981580a0>,31,26,[6 2],32,-1,63,-1,37
1,<environment.Job instance at 0x7f7e982e4460>,27,24,[7 3],28,-1,61,-1,37
1,<environment.Job instance at 0x7f7e981586e0>,33,23,[12  5],34,-1,60,-1,37
1,<environment.Job instance at 0x7f7e98310640>,34,13,[ 4 14],35,-1,50,-1,37
1,<environment.Job instance at 0x7f7e98310190>,35,19,[13  2],36,-1,56,-1,37
1,<environment.Job instance at 0x7f7e980eaaf0>,41,18,[ 2 13],42,-1,71,-1,53
1,<environment.Job instance at 0x7f7e980ea050>,46,17,[12  4],47,-1,83,-1,66
1,<environment.Job instance at 0x7f7e980eae60>,47,25,[6 4],48,-1,92,-1,67
1,<environment.Job instance at 0x7f7e980ea0f0>,49,3,[14  5],50,-1,71,-1,68
1,<environment.Job instance at 0x7f7e980ea230>,51,24,[5 5],52,-1,105,-1,81
1,<environment.Job instance at 0x7f7e983eaeb0>,53,14,[ 2 11],54,-1,95,-1,81
1,<environment.Job instance at 0x7f7e98fc8c30>,55,28,[ 5 10],56,-1,113,-1,85
1,<environment.Job instance at 0x7f7e990bdb40>,57,13,[ 5 11],58,-1,98,-1,85
1,<environment.Job instance at 0x7f7e990ce280>,59,19,[ 4 14],60,-1,107,-1,88
1,<environment.Job instance at 0x7f7e98d6fe10>,61,26,[ 3 12],62,-1,128,-1,102
1,<environment.Job instance at 0x7f7e990a8f50>,62,14,[ 3 14],63,-1,116,-1,102
1,<environment.Job instance at 0x7f7e994a10f0>,66,2,[ 5 14],67,-1,109,-1,107
1,<environment.Job instance at 0x7f7e9825dd20>,69,2,[ 4 11],70,-1,124,-1,122
1,<environment.Job instance at 0x7f7e98286c80>,4,27,[2 8],5,-1,32,-1,5
1,<environment.Job instance at 0x7f7e986ed3c0>,11,24,[10  1],12,-1,36,-1,12
1,<environment.Job instance at 0x7f7e986e8af0>,19,21,[5 3],20,-1,62,-1,41
1,<environment.Job instance at 0x7f7e986e1e10>,24,16,[1 7],25,-1,57,-1,41
1,<environment.Job instance at 0x7f7e986c3910>,21,17,[4 9],22,-1,58,-1,41
1,<environment.Job instance at 0x7f7e986e8f00>,20,14,[10  2],21,-1,55,-1,41
1,<environment.Job instance at 0x7f7e986e1a50>,25,18,[8 2],26,-1,74,-1,56
1,<environment.Job instance at 0x7f7e986c3b90>,22,19,[5 7],23,-1,75,-1,56
1,<environment.Job instance at 0x7f7e983ef370>,1,23,[11  4],2,-1,25,-1,2
1,<environment.Job instance at 0x7f7e9875c410>,2,2,[ 5 13],3,-1,5,-1,3
1,<environment.Job instance at 0x7f7e9875ccd0>,3,1,[13  2],4,-1,5,-1,4
1,<environment.Job instance at 0x7f7e9875ce60>,4,27,[2 8],5,-1,32,-1,5
1,<environment.Job instance at 0x7f7e9875cd20>,5,18,[ 1 13],6,-1,24,-1,6
1,<environment.Job instance at 0x7f7e9875c910>,7,27,[13  4],8,-1,35,-1,8
1,<environment.Job instance at 0x7f7e9875cbe0>,8,17,[13  4],9,-1,26,-1,9
1,<environment.Job instance at 0x7f7e9800c410>,9,13,[14  2],10,-1,23,-1,10
1,<environment.Job instance at 0x7f7e97f5f730>,17,1,[11  3],18,-1,19,-1,18
1,<environment.Job instance at 0x7f7e986d3050>,11,24,[10  1],12,-1,43,-1,19
1,<environment.Job instance at 0x7f7e97fd8690>,18,25,[2 7],19,-1,49,-1,24
1,<environment.Job instance at 0x7f7e97ee1e10>,32,22,[ 5 13],33,-1,84,-1,62
1,<environment.Job instance at 0x7f7e982c9a50>,34,27,[11  2],35,-1,100,-1,73
1,<environment.Job instance at 0x7f7e9845a640>,38,22,[ 4 12],39,-1,107,-1,85
1,<environment.Job instance at 0x7f7ea1ae4140>,41,27,[10  1],42,-1,128,-1,101
1,<environment.Job instance at 0x7f7e9825dd20>,43,13,[ 5 11],44,-1,114,-1,101
1,<environment.Job instance at 0x7f7e991bbb90>,44,27,[12  2],45,-1,128,-1,101
1,<environment.Job instance at 0x7f7e98249fa0>,47,24,[1 9],48,-1,152,-1,128
1,<environment.Job instance at 0x7f7e982a6320>,50,27,[ 1 14],51,-1,155,-1,128
1,<environment.Job instance at 0x7f7ea1a9b4b0>,51,12,[12  1],52,-1,140,-1,128
1,<environment.Job instance at 0x7f7e983260a0>,0,18,[ 2 10],1,-1,20,-1,2
1,<environment.Job instance at 0x7f7e98326780>,1,14,[8 3],2,-1,16,-1,2
1,<environment.Job instance at 0x7f7e98326a00>,3,13,[10  2],4,-1,18,-1,5
1,<environment.Job instance at 0x7f7e98351f50>,5,17,[2 5],6,-1,23,-1,6
1,<environment.Job instance at 0x7f7e98351a50>,10,2,[12  2],11,-1,13,-1,11
1,<environment.Job instance at 0x7f7e983269b0>,4,12,[10  4],5,-1,23,-1,11
1,<environment.Job instance at 0x7f7e98351e60>,11,15,[5 6],12,-1,28,-1,13
1,<environment.Job instance at 0x7f7e98351dc0>,12,26,[9 4],13,-1,39,-1,13
1,<environment.Job instance at 0x7f7e983516e0>,17,17,[ 4 10],18,-1,35,-1,18
1,<environment.Job instance at 0x7f7e98a0d640>,23,21,[4 8],24,-1,45,-1,24
1,<environment.Job instance at 0x7f7e98a0dd70>,24,23,[3 9],25,-1,51,-1,28
1,<environment.Job instance at 0x7f7e98351780>,21,22,[ 4 13],22,-1,53,-1,31
1,<environment.Job instance at 0x7f7e98a0ddc0>,25,13,[10  5],26,-1,46,-1,33
1,<environment.Job instance at 0x7f7e98a0dd20>,28,14,[2 6],29,-1,47,-1,33
1,<environment.Job instance at 0x7f7e98a0dfa0>,29,28,[9 2],30,-1,62,-1,34
1,<environment.Job instance at 0x7f7e98a0db40>,33,17,[8 4],34,-1,51,-1,34
1,<environment.Job instance at 0x7f7e98343460>,42,28,[10  4],43,-1,117,-1,89
1,<environment.Job instance at 0x7f7e98a0dc80>,30,18,[6 4],31,-1,108,-1,90
1,<environment.Job instance at 0x7f7e98343cd0>,47,16,[8 4],48,-1,106,-1,90
1,<environment.Job instance at 0x7f7e98343a00>,45,18,[ 1 10],46,-1,108,-1,90
1,<environment.Job instance at 0x7f7e9800cc80>,2,24,[12  4],3,-1,27,-1,3
1,<environment.Job instance at 0x7f7e98a0de60>,8,27,[12  2],9,-1,43,-1,16
1,<environment.Job instance at 0x7f7e98a0daf0>,10,2,[12  2],11,-1,21,-1,19
1,<environment.Job instance at 0x7f7e987467d0>,12,26,[9 4],13,-1,54,-1,28
1,<environment.Job instance at 0x7f7e987469b0>,13,21,[12  2],14,-1,49,-1,28
1,<environment.Job instance at 0x7f7e9876d410>,14,25,[6 2],15,-1,53,-1,28
1,<environment.Job instance at 0x7f7e9876d910>,19,14,[ 5 13],20,-1,49,-1,35
1,<environment.Job instance at 0x7f7e9835cdc0>,21,22,[ 4 13],22,-1,57,-1,35
1,<environment.Job instance at 0x7f7e9940eaf0>,24,23,[3 9],25,-1,81,-1,58
1,<environment.Job instance at 0x7f7e9940ecd0>,27,13,[ 2 11],28,-1,71,-1,58
1,<environment.Job instance at 0x7f7e99428f50>,29,28,[9 2],30,-1,88,-1,60
1,<environment.Job instance at 0x7f7e98749d20>,35,15,[ 2 12],36,-1,100,-1,85
1,<environment.Job instance at 0x7f7e98280e60>,36,24,[ 1 11],37,-1,109,-1,85
1,<environment.Job instance at 0x7f7e993b1cd0>,39,3,[ 3 14],40,-1,103,-1,100
1,<environment.Job instance at 0x7f7e982eb550>,2,20,[4 8],3,-1,23,-1,3
1,<environment.Job instance at 0x7f7e981a09b0>,4,16,[8 4],5,-1,21,-1,5
1,<environment.Job instance at 0x7f7e981a0a50>,6,25,[5 4],7,-1,32,-1,7
1,<environment.Job instance at 0x7f7e981a0cd0>,7,21,[5 5],8,-1,29,-1,8
1,<environment.Job instance at 0x7f7e981a0550>,8,23,[6 5],9,-1,32,-1,9
1,<environment.Job instance at 0x7f7e98cfd7d0>,9,18,[ 2 10],10,-1,29,-1,11
1,<environment.Job instance at 0x7f7e9872f910>,10,13,[13  3],11,-1,24,-1,11
1,<environment.Job instance at 0x7f7e981ae640>,12,27,[5 5],13,-1,40,-1,13
1,<environment.Job instance at 0x7f7e981aedc0>,18,23,[12  4],19,-1,42,-1,19
1,<environment.Job instance at 0x7f7e98638b90>,1,26,[ 4 14],2,-1,28,-1,2
1,<environment.Job instance at 0x7f7e98638fa0>,3,3,[ 4 12],4,-1,7,-1,4
1,<environment.Job instance at 0x7f7e98e0a0a0>,6,25,[5 4],7,-1,46,-1,21
1,<environment.Job instance at 0x7f7e98e0ae10>,10,13,[13  3],11,-1,34,-1,21
1,<environment.Job instance at 0x7f7e9808e500>,11,25,[ 5 14],12,-1,46,-1,21
1,<environment.Job instance at 0x7f7e9808eeb0>,12,27,[5 5],13,-1,48,-1,21
1,<environment.Job instance at 0x7f7e98e0a4b0>,13,17,[ 5 13],14,-1,38,-1,21
1,<environment.Job instance at 0x7f7e98de8dc0>,8,23,[6 5],9,-1,44,-1,21
1,<environment.Job instance at 0x7f7e98cec8c0>,15,17,[ 4 11],16,-1,38,-1,21
1,<environment.Job instance at 0x7f7e98689230>,16,14,[14  5],17,-1,35,-1,21
1,<environment.Job instance at 0x7f7e981c8960>,17,27,[8 5],18,-1,48,-1,21
1,<environment.Job instance at 0x7f7e981c8410>,18,23,[12  4],19,-1,44,-1,21
1,<environment.Job instance at 0x7f7e98530230>,21,3,[ 1 13],22,-1,25,-1,22
1,<environment.Job instance at 0x7f7e98695e60>,23,14,[ 1 12],24,-1,38,-1,24
1,<environment.Job instance at 0x7f7e97ee1370>,24,15,[ 4 14],25,-1,40,-1,25
1,<environment.Job instance at 0x7f7e97fb9d70>,26,28,[ 4 14],27,-1,64,-1,36
1,<environment.Job instance at 0x7f7e98616500>,27,21,[ 5 12],28,-1,57,-1,36
1,<environment.Job instance at 0x7f7e98abf0a0>,31,27,[3 8],32,-1,66,-1,39
1,<environment.Job instance at 0x7f7e98673fa0>,39,27,[10  4],40,-1,103,-1,76
1,<environment.Job instance at 0x7f7e98326320>,41,27,[ 1 14],42,-1,103,-1,76
1,<environment.Job instance at 0x7f7e983265f0>,43,15,[11  1],44,-1,91,-1,76
1,<environment.Job instance at 0x7f7e9940ecd0>,44,3,[ 3 13],45,-1,79,-1,76
1,<environment.Job instance at 0x7f7e9940ed20>,46,21,[ 4 14],47,-1,100,-1,79
1,<environment.Job instance at 0x7f7e9876d5f0>,50,18,[ 2 11],51,-1,105,-1,87
1,<environment.Job instance at 0x7f7e9876daf0>,51,17,[11  4],52,-1,104,-1,87
1,<environment.Job instance at 0x7f7e986f1b90>,52,14,[ 4 14],53,-1,101,-1,87
1,<environment.Job instance at 0x7f7e9876d6e0>,53,28,[12  5],54,-1,115,-1,87
1,<environment.Job instance at 0x7f7e9876d1e0>,54,13,[12  5],55,-1,100,-1,87
1,<environment.Job instance at 0x7f7e982ad3c0>,55,12,[11  5],56,-1,99,-1,87
1,<environment.Job instance at 0x7f7e989eb2d0>,60,14,[ 4 11],61,-1,128,-1,114
1,<environment.Job instance at 0x7f7e984ebe10>,61,18,[ 3 12],62,-1,132,-1,114
1,<environment.Job instance at 0x7f7e993b17d0>,63,26,[8 5],64,-1,142,-1,116
1,<environment.Job instance at 0x7f7e988f1320>,65,18,[13  1],66,-1,134,-1,116
1,<environment.Job instance at 0x7f7e98dd6320>,2,27,[1 6],3,-1,30,-1,3
1,<environment.Job instance at 0x7f7e98dd60a0>,3,27,[8 5],4,-1,31,-1,4
1,<environment.Job instance at 0x7f7e98dd61e0>,5,17,[1 5],6,-1,23,-1,6
1,<environment.Job instance at 0x7f7e98dd62d0>,10,27,[5 2],11,-1,38,-1,11
1,<environment.Job instance at 0x7f7e98e0cb90>,2,27,[1 6],3,-1,30,-1,3
1,<environment.Job instance at 0x7f7e98e290f0>,3,27,[8 5],4,-1,31,-1,4
1,<environment.Job instance at 0x7f7e98033960>,6,13,[ 3 14],7,-1,20,-1,7
1,<environment.Job instance at 0x7f7ea1ac6e10>,11,13,[13  5],12,-1,25,-1,12
1,<environment.Job instance at 0x7f7e98b7f870>,12,17,[13  3],13,-1,30,-1,13
1,<environment.Job instance at 0x7f7e98219aa0>,15,2,[ 2 12],16,-1,18,-1,16
1,<environment.Job instance at 0x7f7ea1b135f0>,10,27,[5 2],11,-1,50,-1,23
1,<environment.Job instance at 0x7f7e9835d9b0>,17,17,[11  4],18,-1,40,-1,23
1,<environment.Job instance at 0x7f7e98120c30>,18,24,[4 6],19,-1,47,-1,23
1,<environment.Job instance at 0x7f7e988a31e0>,19,15,[ 2 13],20,-1,38,-1,23
1,<environment.Job instance at 0x7f7e988a3410>,20,18,[11  2],21,-1,41,-1,23
1,<environment.Job instance at 0x7f7e98996cd0>,13,26,[10  5],14,-1,49,-1,23
1,<environment.Job instance at 0x7f7e9800cc80>,23,18,[14  1],24,-1,42,-1,24
1,<environment.Job instance at 0x7f7e9800caa0>,24,23,[ 1 11],25,-1,48,-1,25
1,<environment.Job instance at 0x7f7e98d91a50>,25,1,[ 3 12],26,-1,27,-1,26
1,<environment.Job instance at 0x7f7e98abf0a0>,29,13,[ 3 11],30,-1,48,-1,35
1,<environment.Job instance at 0x7f7e986351e0>,32,15,[11  2],33,-1,63,-1,48
1,<environment.Job instance at 0x7f7e992e05a0>,34,25,[7 2],35,-1,84,-1,59
1,<environment.Job instance at 0x7f7e98530a50>,36,12,[ 3 12],37,-1,71,-1,59
1,<environment.Job instance at 0x7f7e981c8410>,37,15,[11  5],38,-1,74,-1,59
1,<environment.Job instance at 0x7f7e98cecb40>,39,16,[13  2],40,-1,75,-1,59
1,<environment.Job instance at 0x7f7e98de8dc0>,41,19,[12  5],42,-1,78,-1,59
1,<environment.Job instance at 0x7f7e98e0a690>,48,27,[7 5],49,-1,122,-1,95
1,<environment.Job instance at 0x7f7e98197cd0>,50,25,[8 2],51,-1,128,-1,103
1,<environment.Job instance at 0x7f7e98d6f190>,52,14,[ 2 12],53,-1,117,-1,103
1,<environment.Job instance at 0x7f7e98e0a2d0>,46,25,[10  4],47,-1,137,-1,112
1,<environment.Job instance at 0x7f7e984e2eb0>,58,20,[ 1 13],59,-1,144,-1,124
1,<environment.Job instance at 0x7f7e993fcd20>,6,12,[12  3],7,-1,19,-1,7
1,<environment.Job instance at 0x7f7e9911ba50>,7,27,[6 5],8,-1,35,-1,8
1,<environment.Job instance at 0x7f7e9911baf0>,8,18,[6 4],9,-1,27,-1,9
1,<environment.Job instance at 0x7f7e9911b050>,9,18,[9 1],10,-1,29,-1,11
1,<environment.Job instance at 0x7f7e9911b640>,10,17,[14  4],11,-1,28,-1,11
1,<environment.Job instance at 0x7f7e9911b730>,14,25,[4 7],15,-1,40,-1,15
1,<environment.Job instance at 0x7f7e9911b280>,15,18,[2 9],16,-1,34,-1,16
1,<environment.Job instance at 0x7f7e9911beb0>,22,26,[3 7],23,-1,67,-1,41
1,<environment.Job instance at 0x7f7e98a3c410>,26,22,[5 3],27,-1,63,-1,41
1,<environment.Job instance at 0x7f7e98a3c6e0>,31,15,[7 1],32,-1,56,-1,41
1,<environment.Job instance at 0x7f7e98a3ce60>,32,27,[7 3],33,-1,68,-1,41
1,<environment.Job instance at 0x7f7e98a3c190>,30,26,[5 1],31,-1,67,-1,41
1,<environment.Job instance at 0x7f7e98a3c960>,34,25,[3 8],35,-1,68,-1,43
1,<environment.Job instance at 0x7f7e98a3cd70>,33,28,[13  1],34,-1,71,-1,43
1,<environment.Job instance at 0x7f7e98a3ccd0>,35,17,[7 1],36,-1,63,-1,46
1,<environment.Job instance at 0x7f7e9911bb90>,18,27,[5 3],19,-1,75,-1,48
1,<environment.Job instance at 0x7f7e993965a0>,1,2,[ 5 12],2,-1,4,-1,2
1,<environment.Job instance at 0x7f7e98b620f0>,3,24,[7 4],4,-1,30,-1,6
1,<environment.Job instance at 0x7f7e97b5cbe0>,6,12,[12  3],7,-1,19,-1,7
1,<environment.Job instance at 0x7f7e986b0140>,10,17,[14  4],11,-1,28,-1,11
1,<environment.Job instance at 0x7f7e986b0aa0>,7,27,[6 5],8,-1,42,-1,15
1,<environment.Job instance at 0x7f7e98690d20>,13,16,[ 1 13],14,-1,31,-1,15
1,<environment.Job instance at 0x7f7e98690500>,14,25,[4 7],15,-1,40,-1,15
1,<environment.Job instance at 0x7f7e99402050>,16,12,[13  5],17,-1,29,-1,17
1,<environment.Job instance at 0x7f7e986a7190>,17,22,[14  4],18,-1,40,-1,18
1,<environment.Job instance at 0x7f7e986a70a0>,18,27,[5 3],19,-1,53,-1,26
1,<environment.Job instance at 0x7f7e986a7af0>,22,26,[3 7],23,-1,58,-1,32
1,<environment.Job instance at 0x7f7e993f05f0>,24,1,[ 4 11],25,-1,33,-1,32
1,<environment.Job instance at 0x7f7e993f00f0>,28,14,[13  1],29,-1,47,-1,33
1,<environment.Job instance at 0x7f7e99425cd0>,30,26,[5 1],31,-1,73,-1,47
1,<environment.Job instance at 0x7f7e994115a0>,32,27,[7 3],33,-1,85,-1,58
1,<environment.Job instance at 0x7f7e99423690>,33,28,[13  1],34,-1,86,-1,58
1,<environment.Job instance at 0x7f7e99411fa0>,34,25,[3 8],35,-1,83,-1,58
1,<environment.Job instance at 0x7f7e9869e550>,38,24,[7 5],39,-1,103,-1,79
1,<environment.Job instance at 0x7f7e9869e410>,39,22,[11  1],40,-1,101,-1,79
1,<environment.Job instance at 0x7f7e993f4050>,40,14,[ 2 13],41,-1,93,-1,79
1,<environment.Job instance at 0x7f7e993f4d20>,43,28,[ 5 11],44,-1,107,-1,79
1,<environment.Job instance at 0x7f7e99415320>,46,18,[13  5],47,-1,115,-1,97
1,<environment.Job instance at 0x7f7e993f4c80>,42,28,[4 9],43,-1,125,-1,97
1,<environment.Job instance at 0x7f7e993f9780>,50,14,[11  2],51,-1,113,-1,99
1,<environment.Job instance at 0x7f7e993f9d20>,51,15,[12  2],52,-1,114,-1,99
1,<environment.Job instance at 0x7f7e97b6eeb0>,53,19,[14  2],54,-1,127,-1,108
1,<environment.Job instance at 0x7f7e97b6ea50>,54,20,[ 5 12],55,-1,128,-1,108
1,<environment.Job instance at 0x7f7e97b71f50>,57,17,[ 4 11],58,-1,129,-1,112
1,<environment.Job instance at 0x7f7e982ad960>,0,23,[ 4 10],1,-1,24,-1,1
1,<environment.Job instance at 0x7f7e982ad410>,2,15,[10  5],3,-1,20,-1,5
1,<environment.Job instance at 0x7f7e982ad6e0>,4,28,[7 3],5,-1,33,-1,5
1,<environment.Job instance at 0x7f7e982ad500>,6,23,[5 9],7,-1,31,-1,8
1,<environment.Job instance at 0x7f7e982ad5a0>,9,20,[ 1 10],10,-1,30,-1,10
1,<environment.Job instance at 0x7f7e982adc80>,10,17,[2 5],11,-1,28,-1,11
1,<environment.Job instance at 0x7f7e982add70>,13,17,[3 8],14,-1,31,-1,14
1,<environment.Job instance at 0x7f7e986137d0>,19,17,[4 9],20,-1,37,-1,20
1,<environment.Job instance at 0x7f7e99398370>,0,23,[ 4 10],1,-1,24,-1,1
1,<environment.Job instance at 0x7f7e99398410>,1,15,[ 4 12],2,-1,17,-1,2
1,<environment.Job instance at 0x7f7e993980f0>,3,1,[ 5 11],4,-1,5,-1,4
1,<environment.Job instance at 0x7f7ea1aad320>,5,27,[3 8],6,-1,33,-1,6
1,<environment.Job instance at 0x7f7e98f75050>,6,23,[5 9],7,-1,30,-1,7
1,<environment.Job instance at 0x7f7e991bf960>,11,13,[11  4],12,-1,25,-1,12
1,<environment.Job instance at 0x7f7e9899c4b0>,12,12,[11  5],13,-1,25,-1,13
1,<environment.Job instance at 0x7f7e98f751e0>,4,28,[7 3],5,-1,46,-1,18
1,<environment.Job instance at 0x7f7e9918ac30>,15,1,[ 4 12],16,-1,19,-1,18
1,<environment.Job instance at 0x7f7e994b88c0>,16,3,[ 4 14],17,-1,21,-1,18
1,<environment.Job instance at 0x7f7e9918ab40>,17,15,[14  3],18,-1,33,-1,18
1,<environment.Job instance at 0x7f7e98693960>,21,14,[11  1],22,-1,49,-1,35
1,<environment.Job instance at 0x7f7e989c0410>,22,23,[ 2 11],23,-1,58,-1,35
1,<environment.Job instance at 0x7f7e98693e10>,23,21,[ 1 11],24,-1,56,-1,35
1,<environment.Job instance at 0x7f7e98693eb0>,24,1,[ 2 14],25,-1,36,-1,35
1,<environment.Job instance at 0x7f7e98687cd0>,27,15,[13  2],28,-1,53,-1,38
1,<environment.Job instance at 0x7f7e98687280>,28,1,[ 5 11],29,-1,39,-1,38
1,<environment.Job instance at 0x7f7e98687be0>,29,3,[13  4],30,-1,41,-1,38
1,<environment.Job instance at 0x7f7e986875a0>,30,15,[ 3 14],31,-1,53,-1,38
1,<environment.Job instance at 0x7f7e98687e60>,31,18,[13  2],32,-1,56,-1,38
1,<environment.Job instance at 0x7f7e98687eb0>,32,1,[12  5],33,-1,39,-1,38
1,<environment.Job instance at 0x7f7e98687f50>,37,12,[ 4 14],38,-1,71,-1,59
1,<environment.Job instance at 0x7f7e98687af0>,39,18,[14  1],40,-1,77,-1,59
1,<environment.Job instance at 0x7f7ea1a49fa0>,41,15,[12  1],42,-1,74,-1,59
1,<environment.Job instance at 0x7f7e9839d8c0>,42,13,[ 5 12],43,-1,72,-1,59
1,<environment.Job instance at 0x7f7e99422230>,47,28,[9 4],48,-1,94,-1,66
1,<environment.Job instance at 0x7f7e988b3190>,49,1,[ 3 13],50,-1,67,-1,66
1,<environment.Job instance at 0x7f7e97b71320>,50,23,[6 2],51,-1,96,-1,73
1,<environment.Job instance at 0x7f7e97b719b0>,54,24,[3 9],55,-1,105,-1,81
1,<environment.Job instance at 0x7f7e97b71140>,55,18,[ 3 12],56,-1,99,-1,81
1,<environment.Job instance at 0x7f7e97b71780>,56,18,[13  3],57,-1,99,-1,81
1,<environment.Job instance at 0x7f7e97b6eeb0>,60,24,[7 4],61,-1,113,-1,89
1,<environment.Job instance at 0x7f7e993f9cd0>,61,19,[ 5 13],62,-1,108,-1,89
1,<environment.Job instance at 0x7f7e989c5dc0>,53,24,[10  4],54,-1,113,-1,89
1,<environment.Job instance at 0x7f7e98a16230>,7,17,[3 7],8,-1,25,-1,8
1,<environment.Job instance at 0x7f7e98a16e10>,9,18,[2 6],10,-1,29,-1,11
1,<environment.Job instance at 0x7f7e98a16780>,11,25,[5 7],12,-1,37,-1,12
1,<environment.Job instance at 0x7f7e98a16460>,12,17,[1 6],13,-1,30,-1,13
1,<environment.Job instance at 0x7f7e98f29d20>,10,18,[8 2],11,-1,48,-1,30
1,<environment.Job instance at 0x7f7e98a16690>,16,14,[12  3],17,-1,45,-1,31
1,<environment.Job instance at 0x7f7e98a16820>,17,15,[10  5],18,-1,46,-1,31
1,<environment.Job instance at 0x7f7e9835cdc0>,29,18,[ 3 10],30,-1,49,-1,31
1,<environment.Job instance at 0x7f7e9835ccd0>,27,18,[7 1],28,-1,49,-1,31
1,<environment.Job instance at 0x7f7e9835caf0>,31,26,[ 5 11],32,-1,59,-1,33
1,<environment.Job instance at 0x7f7e9835c910>,30,1,[5 8],31,-1,34,-1,33
1,<environment.Job instance at 0x7f7e98a167d0>,19,28,[4 5],20,-1,70,-1,42
1,<environment.Job instance at 0x7f7e9835c230>,33,23,[10  4],34,-1,70,-1,47
1,<environment.Job instance at 0x7f7e98a16870>,13,18,[11  2],14,-1,66,-1,48
1,<environment.Job instance at 0x7f7e98f29fa0>,5,25,[8 3],6,-1,73,-1,48
1,<environment.Job instance at 0x7f7e9835c9b0>,34,26,[2 7],35,-1,74,-1,48
1,<environment.Job instance at 0x7f7e9835cf50>,32,21,[1 7],33,-1,69,-1,48
1,<environment.Job instance at 0x7f7e9835cb90>,38,26,[5 4],39,-1,74,-1,48
1,<environment.Job instance at 0x7f7e9835cfa0>,39,26,[ 1 10],40,-1,74,-1,48
1,<environment.Job instance at 0x7f7e9835c640>,40,17,[4 6],41,-1,65,-1,48
1,<environment.Job instance at 0x7f7e9835c2d0>,42,21,[3 7],43,-1,69,-1,48
1,<environment.Job instance at 0x7f7e9908b500>,45,20,[1 9],46,-1,69,-1,49
1,<environment.Job instance at 0x7f7e9835c6e0>,35,16,[5 4],36,-1,65,-1,49
1,<environment.Job instance at 0x7f7e9908b780>,48,16,[10  1],49,-1,71,-1,55
1,<environment.Job instance at 0x7f7e9908b460>,47,17,[5 6],48,-1,72,-1,55
1,<environment.Job instance at 0x7f7e9835cbe0>,43,15,[ 3 10],44,-1,70,-1,55
1,<environment.Job instance at 0x7f7e9908ba00>,52,13,[ 5 11],53,-1,68,-1,55
1,<environment.Job instance at 0x7f7e9908ba50>,53,22,[1 8],54,-1,77,-1,55
1,<environment.Job instance at 0x7f7e9908b690>,49,17,[ 2 12],50,-1,73,-1,56
1,<environment.Job instance at 0x7f7e9908b640>,54,18,[2 5],55,-1,74,-1,56
1,<environment.Job instance at 0x7f7e9908be60>,56,24,[8 5],57,-1,81,-1,57
1,<environment.Job instance at 0x7f7e9908b910>,57,18,[4 6],58,-1,76,-1,58
1,<environment.Job instance at 0x7f7e9908be10>,55,2,[ 4 11],56,-1,65,-1,63
1,<environment.Job instance at 0x7f7e9908b730>,62,13,[8 3],63,-1,76,-1,63
1,<environment.Job instance at 0x7f7e9835c870>,44,28,[14  3],45,-1,92,-1,64
1,<environment.Job instance at 0x7f7e994b75f0>,63,12,[ 3 10],64,-1,77,-1,65
1,<environment.Job instance at 0x7f7e994b7960>,64,15,[8 2],65,-1,81,-1,66
1,<environment.Job instance at 0x7f7e9908b820>,61,12,[1 9],62,-1,78,-1,66
1,<environment.Job instance at 0x7f7e994b7a00>,66,22,[5 6],67,-1,89,-1,67
1,<environment.Job instance at 0x7f7e994b7320>,67,18,[1 6],68,-1,86,-1,68
1,<environment.Job instance at 0x7f7e994b7af0>,70,16,[1 8],71,-1,87,-1,71
1,<environment.Job instance at 0x7f7e994b7dc0>,71,19,[9 3],72,-1,91,-1,72
1,<environment.Job instance at 0x7f7e994b70f0>,72,21,[12  2],73,-1,94,-1,73
1,<environment.Job instance at 0x7f7e994b7460>,69,12,[5 9],70,-1,86,-1,74
1,<environment.Job instance at 0x7f7e98ab0910>,0,18,[13  1],1,-1,19,-1,1
1,<environment.Job instance at 0x7f7e982ad5f0>,2,14,[ 1 14],3,-1,17,-1,3
1,<environment.Job instance at 0x7f7e982add20>,5,25,[8 3],6,-1,32,-1,7
1,<environment.Job instance at 0x7f7ea1dfff00>,8,24,[11  1],9,-1,33,-1,9
1,<environment.Job instance at 0x7f7ea1e11690>,11,25,[5 7],12,-1,40,-1,15
1,<environment.Job instance at 0x7f7e98613f50>,13,18,[11  2],14,-1,33,-1,15
1,<environment.Job instance at 0x7f7e98b65870>,16,14,[12  3],17,-1,31,-1,17
1,<environment.Job instance at 0x7f7e98690550>,19,28,[4 5],20,-1,68,-1,40
1,<environment.Job instance at 0x7f7e986a71e0>,24,24,[14  3],25,-1,74,-1,50
1,<environment.Job instance at 0x7f7e993f0280>,26,2,[14  2],27,-1,53,-1,51
1,<environment.Job instance at 0x7f7e99425f50>,31,26,[ 5 11],32,-1,97,-1,71
1,<environment.Job instance at 0x7f7e99109b90>,34,26,[2 7],35,-1,98,-1,72
1,<environment.Job instance at 0x7f7e993f40a0>,39,26,[ 1 10],40,-1,113,-1,87
1,<environment.Job instance at 0x7f7e993f4140>,38,26,[5 4],39,-1,118,-1,92
1,<environment.Job instance at 0x7f7e99411550>,33,23,[10  4],34,-1,115,-1,92
1,<environment.Job instance at 0x7f7e993f9780>,44,28,[14  3],45,-1,120,-1,92
1,<environment.Job instance at 0x7f7e97b71e10>,49,17,[ 2 12],50,-1,122,-1,105
1,<environment.Job instance at 0x7f7e97b71140>,52,13,[ 5 11],53,-1,118,-1,105
1,<environment.Job instance at 0x7f7e98e14b40>,55,2,[ 4 11],56,-1,119,-1,117
1,<environment.Job instance at 0x7f7e994229b0>,56,24,[8 5],57,-1,141,-1,117
1,<environment.Job instance at 0x7f7e98759960>,8,17,[5 9],9,-1,32,-1,15
1,<environment.Job instance at 0x7f7e98759550>,20,28,[ 2 14],21,-1,60,-1,32
1,<environment.Job instance at 0x7f7e98759b90>,14,23,[8 5],15,-1,55,-1,32
1,<environment.Job instance at 0x7f7e97da0c30>,19,28,[2 5],20,-1,60,-1,32
1,<environment.Job instance at 0x7f7e97da0fa0>,23,24,[10  1],24,-1,56,-1,32
1,<environment.Job instance at 0x7f7e97da0730>,24,14,[3 7],25,-1,47,-1,33
1,<environment.Job instance at 0x7f7e97da0410>,25,27,[5 8],26,-1,61,-1,34
1,<environment.Job instance at 0x7f7e97da0b90>,21,22,[9 4],22,-1,56,-1,34
1,<environment.Job instance at 0x7f7e97da0190>,28,15,[ 5 12],29,-1,60,-1,45
1,<environment.Job instance at 0x7f7e98759780>,13,17,[ 3 14],14,-1,68,-1,51
1,<environment.Job instance at 0x7f7e990d48c0>,30,23,[10  4],31,-1,75,-1,52
1,<environment.Job instance at 0x7f7e98759500>,7,27,[4 8],8,-1,80,-1,53
1,<environment.Job instance at 0x7f7e97da08c0>,27,12,[13  5],28,-1,65,-1,53
1,<environment.Job instance at 0x7f7e990d4320>,32,22,[3 8],33,-1,76,-1,54
1,<environment.Job instance at 0x7f7e990d4c80>,29,16,[5 8],30,-1,70,-1,54
1,<environment.Job instance at 0x7f7e990d49b0>,36,26,[5 8],37,-1,80,-1,54
1,<environment.Job instance at 0x7f7e990d4e60>,33,14,[6 2],34,-1,68,-1,54
1,<environment.Job instance at 0x7f7e98dec820>,38,16,[4 6],39,-1,70,-1,54
1,<environment.Job instance at 0x7f7e98decd70>,39,16,[ 3 14],40,-1,70,-1,54
1,<environment.Job instance at 0x7f7e98dec640>,40,21,[6 4],41,-1,75,-1,54
1,<environment.Job instance at 0x7f7e98dec780>,41,14,[5 4],42,-1,68,-1,54
1,<environment.Job instance at 0x7f7e98decc80>,42,15,[13  3],43,-1,69,-1,54
1,<environment.Job instance at 0x7f7e98decb90>,43,12,[3 8],44,-1,66,-1,54
1,<environment.Job instance at 0x7f7e98decc30>,44,26,[6 2],45,-1,80,-1,54
1,<environment.Job instance at 0x7f7e98759e10>,4,26,[8 3],5,-1,80,-1,54
1,<environment.Job instance at 0x7f7e98decb40>,45,22,[7 3],46,-1,76,-1,54
1,<environment.Job instance at 0x7f7e98dec370>,47,26,[13  4],48,-1,80,-1,54
1,<environment.Job instance at 0x7f7e990d4c30>,37,12,[5 5],38,-1,66,-1,54
1,<environment.Job instance at 0x7f7e98dec960>,51,17,[14  4],52,-1,77,-1,60
1,<environment.Job instance at 0x7f7e98dec870>,48,12,[ 4 10],49,-1,72,-1,60
1,<environment.Job instance at 0x7f7e98dec3c0>,46,14,[8 4],47,-1,74,-1,60
1,<environment.Job instance at 0x7f7e98033be0>,56,27,[ 3 13],57,-1,87,-1,60
1,<environment.Job instance at 0x7f7e98033e10>,57,18,[ 2 12],58,-1,78,-1,60
1,<environment.Job instance at 0x7f7e98033d20>,58,15,[10  3],59,-1,77,-1,62
1,<environment.Job instance at 0x7f7e98033140>,59,18,[1 9],60,-1,80,-1,62
1,<environment.Job instance at 0x7f7e980336e0>,55,24,[8 2],56,-1,86,-1,62
1,<environment.Job instance at 0x7f7e98dec140>,52,20,[1 6],53,-1,82,-1,62
1,<environment.Job instance at 0x7f7e990d4910>,35,24,[10  1],36,-1,86,-1,62
1,<environment.Job instance at 0x7f7e98120500>,66,26,[ 1 10],67,-1,96,-1,70
1,<environment.Job instance at 0x7f7e980334b0>,60,17,[6 3],61,-1,87,-1,70
1,<environment.Job instance at 0x7f7e9951a780>,69,18,[ 4 11],70,-1,91,-1,73
1,<environment.Job instance at 0x7f7e9951aaf0>,71,15,[9 5],72,-1,88,-1,73
1,<environment.Job instance at 0x7f7e98fca690>,73,18,[8 5],74,-1,92,-1,74
1,<environment.Job instance at 0x7f7e980b8780>,0,21,[14  4],1,-1,22,-1,1
1,<environment.Job instance at 0x7f7e980b8190>,1,18,[ 4 13],2,-1,20,-1,2
1,<environment.Job instance at 0x7f7e980de960>,5,18,[11  1],6,-1,24,-1,6
1,<environment.Job instance at 0x7f7e980b8a50>,6,12,[ 4 12],7,-1,19,-1,7
1,<environment.Job instance at 0x7f7e980e62d0>,10,24,[5 6],11,-1,39,-1,15
1,<environment.Job instance at 0x7f7e981b56e0>,4,26,[8 3],5,-1,43,-1,17
1,<environment.Job instance at 0x7f7e980b7be0>,13,17,[ 3 14],14,-1,34,-1,17
1,<environment.Job instance at 0x7f7e990093c0>,14,23,[8 5],15,-1,40,-1,17
1,<environment.Job instance at 0x7f7e980e61e0>,7,27,[4 8],8,-1,44,-1,17
1,<environment.Job instance at 0x7f7e980c2fa0>,19,28,[2 5],20,-1,48,-1,20
1,<environment.Job instance at 0x7f7e981b75a0>,20,28,[ 2 14],21,-1,49,-1,21
1,<environment.Job instance at 0x7f7e98ff1aa0>,25,27,[5 8],26,-1,61,-1,34
1,<environment.Job instance at 0x7f7e980c2e60>,23,24,[10  1],24,-1,58,-1,34
1,<environment.Job instance at 0x7f7e98ff1960>,27,12,[13  5],28,-1,46,-1,34
1,<environment.Job instance at 0x7f7e981ddf00>,28,15,[ 5 12],29,-1,49,-1,34
1,<environment.Job instance at 0x7f7e980cfa50>,30,23,[10  4],31,-1,61,-1,38
1,<environment.Job instance at 0x7f7e981d5dc0>,35,24,[10  1],36,-1,85,-1,61
1,<environment.Job instance at 0x7f7e97f225f0>,36,26,[5 8],37,-1,87,-1,61
1,<environment.Job instance at 0x7f7e97f14f50>,39,16,[ 3 14],40,-1,77,-1,61
1,<environment.Job instance at 0x7f7e98fe6a50>,42,15,[13  3],43,-1,78,-1,63
1,<environment.Job instance at 0x7f7e98fe6820>,44,26,[6 2],45,-1,99,-1,73
1,<environment.Job instance at 0x7f7e97cfbdc0>,47,26,[13  4],48,-1,103,-1,77
1,<environment.Job instance at 0x7f7e980dc0f0>,49,23,[14  1],50,-1,102,-1,79
1,<environment.Job instance at 0x7f7e980d0a50>,50,14,[ 1 12],51,-1,93,-1,79
1,<environment.Job instance at 0x7f7e980dc4b0>,51,17,[14  4],52,-1,96,-1,79
1,<environment.Job instance at 0x7f7e98ce8d20>,55,24,[8 2],56,-1,118,-1,94
1,<environment.Job instance at 0x7f7e98ce8960>,56,27,[ 3 13],57,-1,121,-1,94
1,<environment.Job instance at 0x7f7e9900ee10>,57,18,[ 2 12],58,-1,112,-1,94
1,<environment.Job instance at 0x7f7e9948c690>,62,3,[11  4],63,-1,112,-1,109
1,<environment.Job instance at 0x7f7e97eb73c0>,63,24,[13  3],64,-1,133,-1,109
1,<environment.Job instance at 0x7f7e98cf43c0>,65,27,[7 4],66,-1,153,-1,126
1,<environment.Job instance at 0x7f7e98cf46e0>,66,26,[ 1 10],67,-1,153,-1,127
1,<environment.Job instance at 0x7f7e9892d4b0>,69,18,[ 4 11],70,-1,145,-1,127
1,<environment.Job instance at 0x7f7e981b7410>,9,20,[7 4],10,-1,30,-1,10
1,<environment.Job instance at 0x7f7e981b7e10>,10,18,[8 3],11,-1,29,-1,11
1,<environment.Job instance at 0x7f7e9862ffa0>,1,14,[ 1 11],2,-1,16,-1,2
1,<environment.Job instance at 0x7f7e97f2d690>,2,24,[7 4],3,-1,27,-1,3
1,<environment.Job instance at 0x7f7e97f2d2d0>,7,12,[14  4],8,-1,20,-1,8
1,<environment.Job instance at 0x7f7e985fc550>,12,25,[6 2],13,-1,44,-1,19
1,<environment.Job instance at 0x7f7e985fc9b0>,13,2,[ 1 13],14,-1,21,-1,19
1,<environment.Job instance at 0x7f7e97d04af0>,15,24,[5 6],16,-1,44,-1,20
1,<environment.Job instance at 0x7f7e98448140>,17,25,[ 2 13],18,-1,45,-1,20
1,<environment.Job instance at 0x7f7e9948cdc0>,19,15,[ 4 11],20,-1,37,-1,22
1,<environment.Job instance at 0x7f7e981d5dc0>,20,26,[6 2],21,-1,48,-1,22
1,<environment.Job instance at 0x7f7e97f090f0>,23,26,[10  2],24,-1,60,-1,34
1,<environment.Job instance at 0x7f7e97f09b40>,27,17,[14  5],28,-1,68,-1,51
1,<environment.Job instance at 0x7f7e97d10a50>,31,1,[12  5],32,-1,67,-1,66
1,<environment.Job instance at 0x7f7e99005e10>,32,1,[ 2 14],33,-1,67,-1,66
1,<environment.Job instance at 0x7f7e981dbeb0>,34,2,[14  3],35,-1,68,-1,66
1,<environment.Job instance at 0x7f7e9892dc30>,35,28,[10  3],36,-1,96,-1,68
1,<environment.Job instance at 0x7f7e97d10b90>,30,28,[4 9],31,-1,96,-1,68
1,<environment.Job instance at 0x7f7e981b7460>,43,17,[ 3 11],44,-1,104,-1,87
1,<environment.Job instance at 0x7f7e981b77d0>,44,15,[ 5 11],45,-1,102,-1,87
1,<environment.Job instance at 0x7f7e981b7aa0>,45,28,[ 2 11],46,-1,115,-1,87
1,<environment.Job instance at 0x7f7e981b7780>,46,23,[5 5],47,-1,111,-1,88
1,<environment.Job instance at 0x7f7e981b7370>,47,12,[11  3],48,-1,100,-1,88
1,<environment.Job instance at 0x7f7e98929eb0>,48,26,[ 4 12],49,-1,114,-1,88
1,<environment.Job instance at 0x7f7e989295f0>,49,12,[ 4 12],50,-1,100,-1,88
1,<environment.Job instance at 0x7f7e989299b0>,51,18,[14  4],52,-1,106,-1,88
1,<environment.Job instance at 0x7f7e98929550>,53,15,[ 2 12],54,-1,103,-1,88
1,<environment.Job instance at 0x7f7e98929a00>,55,28,[13  2],56,-1,118,-1,90
1,<environment.Job instance at 0x7f7e98929280>,58,27,[3 6],59,-1,132,-1,105
1,<environment.Job instance at 0x7f7e98929230>,61,28,[6 3],62,-1,150,-1,122
1,<environment.Job instance at 0x7f7e98929140>,64,2,[13  2],65,-1,124,-1,122
1,<environment.Job instance at 0x7f7e98929500>,65,24,[1 7],66,-1,147,-1,123
1,<environment.Job instance at 0x7f7e97f030a0>,66,27,[ 5 12],67,-1,150,-1,123
1,<environment.Job instance at 0x7f7e97f038c0>,67,17,[ 1 11],68,-1,140,-1,123
1,<environment.Job instance at 0x7f7e9873aaf0>,0,12,[9 1],1,-1,14,-1,2
1,<environment.Job instance at 0x7f7e981f59b0>,1,19,[6 2],2,-1,21,-1,2
1,<environment.Job instance at 0x7f7e986aa6e0>,2,18,[10  2],3,-1,22,-1,4
1,<environment.Job instance at 0x7f7e98d81960>,6,24,[5 5],7,-1,31,-1,7
1,<environment.Job instance at 0x7f7e97f035a0>,3,12,[ 1 13],4,-1,16,-1,4
1,<environment.Job instance at 0x7f7e97f03140>,4,14,[11  1],5,-1,19,-1,5
1,<environment.Job instance at 0x7f7e97f03f50>,5,3,[14  1],6,-1,9,-1,6
1,<environment.Job instance at 0x7f7e97f030f0>,7,15,[ 4 11],8,-1,23,-1,8
1,<environment.Job instance at 0x7f7e97f03d20>,9,21,[ 1 14],10,-1,31,-1,10
1,<environment.Job instance at 0x7f7e97f03230>,6,24,[5 5],7,-1,37,-1,13
1,<environment.Job instance at 0x7f7e97f03460>,12,16,[ 4 14],13,-1,29,-1,13
1,<environment.Job instance at 0x7f7e97f03820>,14,16,[ 2 12],15,-1,31,-1,15
1,<environment.Job instance at 0x7f7e981b7960>,15,17,[13  4],16,-1,33,-1,16
1,<environment.Job instance at 0x7f7e981b7230>,16,1,[ 5 11],17,-1,18,-1,17
1,<environment.Job instance at 0x7f7e981b75a0>,21,1,[12  5],22,-1,23,-1,22
1,<environment.Job instance at 0x7f7e97f1faf0>,24,26,[ 2 12],25,-1,58,-1,32
1,<environment.Job instance at 0x7f7e97f1f4b0>,26,1,[ 3 12],27,-1,33,-1,32
1,<environment.Job instance at 0x7f7e97f09a50>,29,3,[11  1],30,-1,40,-1,37
1,<environment.Job instance at 0x7f7e97f1fbe0>,27,24,[10  3],28,-1,79,-1,55
1,<environment.Job instance at 0x7f7e97f098c0>,32,26,[5 5],33,-1,81,-1,55
1,<environment.Job instance at 0x7f7e97f09910>,33,21,[13  1],34,-1,76,-1,55
1,<environment.Job instance at 0x7f7e9861b9b0>,41,25,[9 4],42,-1,98,-1,73
1,<environment.Job instance at 0x7f7e9861b2d0>,42,26,[ 3 11],43,-1,99,-1,73
1,<environment.Job instance at 0x7f7e97f2d2d0>,44,26,[12  4],45,-1,99,-1,73
1,<environment.Job instance at 0x7f7e97f2d190>,45,1,[12  4],46,-1,74,-1,73
1,<environment.Job instance at 0x7f7e9862ffa0>,46,26,[5 2],47,-1,111,-1,85
1,<environment.Job instance at 0x7f7e97f2df50>,47,24,[9 3],48,-1,109,-1,85
1,<environment.Job instance at 0x7f7e98880640>,48,26,[6 3],49,-1,111,-1,85
1,<environment.Job instance at 0x7f7e97f2d0f0>,50,20,[14  3],51,-1,105,-1,85
1,<environment.Job instance at 0x7f7e97c18640>,56,26,[2 6],57,-1,142,-1,116
1,<environment.Job instance at 0x7f7e99398870>,58,25,[1 6],59,-1,141,-1,116
1,<environment.Job instance at 0x7f7e9814a460>,1,18,[5 5],2,-1,21,-1,3
1,<environment.Job instance at 0x7f7e9814a6e0>,2,16,[12  2],3,-1,19,-1,3
1,<environment.Job instance at 0x7f7e9813f690>,12,18,[ 3 10],13,-1,32,-1,14
1,<environment.Job instance at 0x7f7e9813f9b0>,14,14,[ 5 11],15,-1,29,-1,15
1,<environment.Job instance at 0x7f7e97bb9280>,16,23,[7 5],17,-1,40,-1,17
1,<environment.Job instance at 0x7f7e97bb95f0>,17,20,[5 5],18,-1,38,-1,18
1,<environment.Job instance at 0x7f7e97bb9eb0>,18,23,[1 5],19,-1,42,-1,19
1,<environment.Job instance at 0x7f7ea1ae3af0>,0,2,[14  4],1,-1,3,-1,1
1,<environment.Job instance at 0x7f7ea1ae3370>,2,16,[12  2],3,-1,19,-1,3
1,<environment.Job instance at 0x7f7ea1ae3f00>,3,13,[ 4 14],4,-1,17,-1,4
1,<environment.Job instance at 0x7f7ea1ae3f50>,6,13,[14  3],7,-1,20,-1,7
1,<environment.Job instance at 0x7f7e97eb6be0>,11,12,[11  5],12,-1,32,-1,20
1,<environment.Job instance at 0x7f7e97eb61e0>,14,14,[ 5 11],15,-1,35,-1,21
1,<environment.Job instance at 0x7f7e97eb6a00>,15,17,[ 3 14],16,-1,38,-1,21
1,<environment.Job instance at 0x7f7e97eb6d70>,16,23,[7 5],17,-1,47,-1,24
1,<environment.Job instance at 0x7f7e97eb6d20>,18,23,[1 5],19,-1,47,-1,24
1,<environment.Job instance at 0x7f7e97eb6aa0>,20,26,[ 1 11],21,-1,50,-1,24
1,<environment.Job instance at 0x7f7e97eb6050>,21,12,[13  4],22,-1,36,-1,24
1,<environment.Job instance at 0x7f7e97eb60f0>,23,15,[ 1 11],24,-1,41,-1,26
1,<environment.Job instance at 0x7f7e99062050>,25,2,[13  4],26,-1,31,-1,29
1,<environment.Job instance at 0x7f7e9871c0a0>,31,13,[13  4],32,-1,55,-1,42
1,<environment.Job instance at 0x7f7e9871cf50>,32,24,[ 1 10],33,-1,80,-1,56
1,<environment.Job instance at 0x7f7e994790a0>,37,13,[11  1],38,-1,71,-1,58
1,<environment.Job instance at 0x7f7e97ec92d0>,38,17,[14  5],39,-1,75,-1,58
1,<environment.Job instance at 0x7f7e97ec9280>,39,14,[13  2],40,-1,72,-1,58
1,<environment.Job instance at 0x7f7e988a7b90>,40,16,[ 5 13],41,-1,74,-1,58
1,<environment.Job instance at 0x7f7e99395690>,41,28,[14  3],42,-1,86,-1,58
1,<environment.Job instance at 0x7f7e9883ea00>,43,13,[ 3 13],44,-1,72,-1,59
1,<environment.Job instance at 0x7f7e98704dc0>,45,24,[5 5],46,-1,95,-1,71
1,<environment.Job instance at 0x7f7e98ef0fa0>,46,18,[13  5],47,-1,89,-1,71
1,<environment.Job instance at 0x7f7e98894fa0>,48,14,[ 5 14],49,-1,85,-1,71
1,<environment.Job instance at 0x7f7e9802f5a0>,52,12,[ 2 14],53,-1,100,-1,88
1,<environment.Job instance at 0x7f7e99073640>,55,17,[14  4],56,-1,119,-1,102
1,<environment.Job instance at 0x7f7e9909b5a0>,56,12,[ 1 13],57,-1,114,-1,102
1,<environment.Job instance at 0x7f7e994a93c0>,60,17,[14  3],61,-1,122,-1,105
1,<environment.Job instance at 0x7f7e98d672d0>,61,1,[ 1 13],62,-1,106,-1,105
1,<environment.Job instance at 0x7f7e98d670a0>,62,25,[ 4 12],63,-1,130,-1,105
1,<environment.Job instance at 0x7f7e98d678c0>,65,13,[ 2 11],66,-1,130,-1,117
1,<environment.Job instance at 0x7f7e98007870>,67,14,[14  1],68,-1,132,-1,118
1,<environment.Job instance at 0x7f7e99084050>,68,19,[ 3 11],69,-1,137,-1,118
1,<environment.Job instance at 0x7f7e98d67500>,63,23,[ 1 10],64,-1,147,-1,124
1,<environment.Job instance at 0x7f7e99068280>,70,15,[14  4],71,-1,139,-1,124
1,<environment.Job instance at 0x7f7e987065f0>,71,28,[4 5],72,-1,152,-1,124
1,<environment.Job instance at 0x7f7e99084690>,4,28,[5 5],5,-1,33,-1,5
1,<environment.Job instance at 0x7f7e98500820>,2,2,[13  5],3,-1,5,-1,3
1,<environment.Job instance at 0x7f7e9852c050>,4,28,[5 5],5,-1,33,-1,5
1,<environment.Job instance at 0x7f7e9852ceb0>,5,15,[12  4],6,-1,21,-1,6
1,<environment.Job instance at 0x7f7e9852c2d0>,6,25,[9 3],7,-1,32,-1,7
1,<environment.Job instance at 0x7f7e9851afa0>,9,12,[ 4 14],10,-1,22,-1,10
1,<environment.Job instance at 0x7f7e9851aa50>,10,21,[ 4 14],11,-1,32,-1,11
1,<environment.Job instance at 0x7f7e9851a640>,11,14,[ 1 13],12,-1,26,-1,12
1,<environment.Job instance at 0x7f7e9851a050>,12,16,[12  5],13,-1,29,-1,13
1,<environment.Job instance at 0x7f7e9850dd70>,16,25,[ 2 14],17,-1,42,-1,17
1,<environment.Job instance at 0x7f7e98517870>,17,1,[ 1 11],18,-1,19,-1,18
1,<environment.Job instance at 0x7f7e984f85a0>,13,28,[4 5],14,-1,50,-1,22
1,<environment.Job instance at 0x7f7e98517eb0>,18,28,[1 8],19,-1,50,-1,22
1,<environment.Job instance at 0x7f7e98517e10>,24,27,[ 3 10],25,-1,56,-1,29
1,<environment.Job instance at 0x7f7e98710320>,28,16,[ 4 11],29,-1,45,-1,29
1,<environment.Job instance at 0x7f7e98710d70>,29,28,[ 4 13],30,-1,58,-1,30
1,<environment.Job instance at 0x7f7e985047d0>,30,15,[ 5 14],31,-1,46,-1,31
1,<environment.Job instance at 0x7f7e98504eb0>,31,3,[ 2 14],32,-1,35,-1,32
1,<environment.Job instance at 0x7f7e987227d0>,32,14,[ 3 11],33,-1,47,-1,33
1,<environment.Job instance at 0x7f7e99068820>,38,14,[ 2 14],39,-1,64,-1,50
1,<environment.Job instance at 0x7f7e98d678c0>,40,23,[14  2],41,-1,73,-1,50
1,<environment.Job instance at 0x7f7e98d67a00>,47,17,[ 4 14],48,-1,95,-1,78
1,<environment.Job instance at 0x7f7e98894fa0>,49,17,[12  4],50,-1,98,-1,81
1,<environment.Job instance at 0x7f7e98044b40>,50,14,[ 3 11],51,-1,95,-1,81
1,<environment.Job instance at 0x7f7e99395690>,51,16,[ 4 13],52,-1,97,-1,81
1,<environment.Job instance at 0x7f7e985810a0>,52,24,[ 1 11],53,-1,105,-1,81
1,<environment.Job instance at 0x7f7e98012910>,53,17,[ 4 11],54,-1,98,-1,81
1,<environment.Job instance at 0x7f7e982b6f50>,55,2,[ 2 12],56,-1,92,-1,90
1,<environment.Job instance at 0x7f7e98d6bdc0>,59,25,[8 1],60,-1,125,-1,100
1,<environment.Job instance at 0x7f7e98d6baf0>,58,27,[ 3 10],59,-1,135,-1,108
1,<environment.Job instance at 0x7f7e99073960>,62,23,[5 4],63,-1,131,-1,108
1,<environment.Job instance at 0x7f7ea1ae3fa0>,63,28,[3 6],64,-1,136,-1,108
1,<environment.Job instance at 0x7f7ea1ae3c30>,64,20,[14  5],65,-1,128,-1,108
1,<environment.Job instance at 0x7f7ea1ae3370>,66,17,[14  1],67,-1,125,-1,108
1,<environment.Job instance at 0x7f7ea1ae3960>,68,28,[4 5],69,-1,139,-1,111
1,<environment.Job instance at 0x7f7e99084a00>,69,26,[1 7],70,-1,137,-1,111
1,<environment.Job instance at 0x7f7e99084af0>,71,23,[6 2],72,-1,138,-1,115
1,<environment.Job instance at 0x7f7e9802f190>,74,27,[3 8],75,-1,143,-1,116
1,<environment.Job instance at 0x7f7e9802f5a0>,76,2,[ 4 13],77,-1,118,-1,116
1,<environment.Job instance at 0x7f7e98472780>,0,16,[10  3],1,-1,18,-1,2
1,<environment.Job instance at 0x7f7e97e83500>,2,1,[12  2],3,-1,4,-1,3
1,<environment.Job instance at 0x7f7e98472be0>,1,18,[ 5 13],2,-1,22,-1,4
1,<environment.Job instance at 0x7f7e97e83aa0>,9,16,[3 5],10,-1,26,-1,10
1,<environment.Job instance at 0x7f7e97e83be0>,11,14,[ 1 10],12,-1,28,-1,14
1,<environment.Job instance at 0x7f7e97e83dc0>,13,28,[10  2],14,-1,42,-1,14
1,<environment.Job instance at 0x7f7e97e83fa0>,16,18,[7 5],17,-1,36,-1,18
1,<environment.Job instance at 0x7f7e97e79140>,18,14,[3 7],19,-1,33,-1,19
1,<environment.Job instance at 0x7f7e97e79280>,20,26,[5 5],21,-1,47,-1,21
1,<environment.Job instance at 0x7f7e97e793c0>,21,28,[3 7],22,-1,50,-1,22
1,<environment.Job instance at 0x7f7e97e794b0>,23,23,[ 2 10],24,-1,47,-1,24
1,<environment.Job instance at 0x7f7e97e798c0>,28,13,[ 4 10],29,-1,45,-1,32
1,<environment.Job instance at 0x7f7e97e79a00>,29,14,[14  2],30,-1,62,-1,48
1,<environment.Job instance at 0x7f7e97e83eb0>,17,15,[6 3],18,-1,64,-1,49
1,<environment.Job instance at 0x7f7e97e79e10>,34,18,[7 5],35,-1,67,-1,49
1,<environment.Job instance at 0x7f7e97e795f0>,24,12,[13  5],25,-1,62,-1,50
1,<environment.Job instance at 0x7f7e97e79b90>,33,19,[3 5],34,-1,69,-1,50
1,<environment.Job instance at 0x7f7e97e79aa0>,30,28,[9 4],31,-1,78,-1,50
1,<environment.Job instance at 0x7f7e97e9f780>,50,13,[4 7],51,-1,99,-1,86
1,<environment.Job instance at 0x7f7e97e9fa50>,51,18,[4 6],52,-1,105,-1,87
1,<environment.Job instance at 0x7f7e97e9faf0>,52,23,[ 4 10],53,-1,111,-1,88
1,<environment.Job instance at 0x7f7e97e83e10>,14,19,[ 2 12],15,-1,143,-1,124
1,<environment.Job instance at 0x7f7e97e79af0>,31,24,[ 1 13],32,-1,148,-1,124
1,<environment.Job instance at 0x7f7e97e9fbe0>,58,18,[ 4 12],59,-1,142,-1,124
1,<environment.Job instance at 0x7f7e97e9ffa0>,57,17,[1 8],58,-1,141,-1,124
1,<environment.Job instance at 0x7f7e97e922d0>,61,25,[5 4],62,-1,149,-1,124
1,<environment.Job instance at 0x7f7e97e9ff00>,56,14,[11  4],57,-1,138,-1,124
1,<environment.Job instance at 0x7f7e97e79cd0>,38,13,[ 3 12],39,-1,137,-1,124
1,<environment.Job instance at 0x7f7e97e92280>,62,14,[5 6],63,-1,138,-1,124
1,<environment.Job instance at 0x7f7e97e92690>,65,16,[ 5 13],66,-1,140,-1,124
1,<environment.Job instance at 0x7f7e97e926e0>,66,17,[ 2 12],67,-1,141,-1,124
1,<environment.Job instance at 0x7f7e97e92780>,67,25,[9 2],68,-1,149,-1,124
1,<environment.Job instance at 0x7f7e9852c1e0>,69,22,[7 2],70,-1,146,-1,124
1,<environment.Job instance at 0x7f7e97e92230>,63,18,[10  1],64,-1,142,-1,124
1,<environment.Job instance at 0x7f7e99068fa0>,70,13,[6 5],71,-1,137,-1,124
1,<environment.Job instance at 0x7f7e97e770a0>,72,13,[3 9],73,-1,137,-1,124
1,<environment.Job instance at 0x7f7e97e92050>,59,13,[8 2],60,-1,137,-1,124
1,<environment.Job instance at 0x7f7e97e77d70>,74,16,[ 4 10],75,-1,140,-1,124
1,<environment.Job instance at 0x7f7e97e77b40>,77,13,[ 1 10],78,-1,137,-1,124
1,<environment.Job instance at 0x7f7e97e77140>,78,17,[1 6],79,-1,141,-1,124
1,<environment.Job instance at 0x7f7e9905c0a0>,79,16,[9 3],80,-1,140,-1,124
1,<environment.Job instance at 0x7f7e99044640>,81,15,[7 4],82,-1,142,-1,127
1,<environment.Job instance at 0x7f7e97e77fa0>,82,16,[7 2],83,-1,143,-1,127
1,<environment.Job instance at 0x7f7e98bc5c30>,83,21,[1 5],84,-1,148,-1,127
1,<environment.Job instance at 0x7f7e9840bbe0>,85,14,[ 2 10],86,-1,141,-1,127
1,<environment.Job instance at 0x7f7e9803c730>,1,18,[ 5 13],2,-1,20,-1,2
1,<environment.Job instance at 0x7f7e9803c550>,2,1,[12  2],3,-1,4,-1,3
1,<environment.Job instance at 0x7f7e9803c9b0>,3,2,[14  4],4,-1,6,-1,4
1,<environment.Job instance at 0x7f7e9949dd70>,5,15,[ 1 12],6,-1,21,-1,6
1,<environment.Job instance at 0x7f7e9949d370>,6,15,[14  5],7,-1,22,-1,7
1,<environment.Job instance at 0x7f7e9949d9b0>,14,19,[ 2 12],15,-1,45,-1,26
1,<environment.Job instance at 0x7f7e9949d5a0>,15,20,[ 2 11],16,-1,46,-1,26
1,<environment.Job instance at 0x7f7e9859e1e0>,20,26,[5 5],21,-1,75,-1,49
1,<environment.Job instance at 0x7f7e9949da00>,13,28,[10  2],14,-1,82,-1,54
1,<environment.Job instance at 0x7f7e9859e2d0>,23,23,[ 2 10],24,-1,77,-1,54
1,<environment.Job instance at 0x7f7e9859e8c0>,24,12,[13  5],25,-1,66,-1,54
1,<environment.Job instance at 0x7f7e9859eb90>,21,28,[3 7],22,-1,82,-1,54
1,<environment.Job instance at 0x7f7e98d5c190>,29,14,[14  2],30,-1,69,-1,55
1,<environment.Job instance at 0x7f7e98d5c2d0>,30,28,[9 4],31,-1,83,-1,55
1,<environment.Job instance at 0x7f7e98d5c870>,31,24,[ 1 13],32,-1,79,-1,55
1,<environment.Job instance at 0x7f7e98d5cc30>,32,14,[ 5 13],33,-1,69,-1,55
1,<environment.Job instance at 0x7f7e98d5c960>,38,13,[ 3 12],39,-1,82,-1,69
1,<environment.Job instance at 0x7f7e9802fa50>,41,12,[ 5 12],42,-1,81,-1,69
1,<environment.Job instance at 0x7f7e98d6bdc0>,54,14,[ 1 14],55,-1,128,-1,114
1,<environment.Job instance at 0x7f7e994790a0>,56,14,[11  4],57,-1,140,-1,126
1,<environment.Job instance at 0x7f7e98799a00>,7,15,[8 4],8,-1,24,-1,9
1,<environment.Job instance at 0x7f7e9803cdc0>,8,12,[4 9],9,-1,22,-1,10
1,<environment.Job instance at 0x7f7e98799dc0>,10,21,[6 3],11,-1,32,-1,11
1,<environment.Job instance at 0x7f7e97c6cd20>,17,25,[6 4],18,-1,43,-1,18
1,<environment.Job instance at 0x7f7e97c6c280>,19,1,[10  2],20,-1,21,-1,20
1,<environment.Job instance at 0x7f7e98799320>,14,21,[ 3 11],15,-1,41,-1,20
1,<environment.Job instance at 0x7f7e97c6c0f0>,21,27,[4 7],22,-1,49,-1,22
1,<environment.Job instance at 0x7f7e98d08d20>,29,24,[ 4 10],30,-1,57,-1,33
1,<environment.Job instance at 0x7f7e984ffcd0>,9,1,[13  2],10,-1,11,-1,10
1,<environment.Job instance at 0x7f7e9902cf50>,11,28,[11  1],12,-1,41,-1,13
1,<environment.Job instance at 0x7f7e98500d70>,13,26,[13  2],14,-1,40,-1,14
1,<environment.Job instance at 0x7f7e98500cd0>,14,21,[ 3 11],15,-1,36,-1,15
1,<environment.Job instance at 0x7f7e9852cc30>,17,25,[6 4],18,-1,45,-1,20
1,<environment.Job instance at 0x7f7e9851a550>,20,23,[10  1],21,-1,48,-1,25
1,<environment.Job instance at 0x7f7e984f8410>,23,3,[13  1],24,-1,30,-1,27
1,<environment.Job instance at 0x7f7e9851a960>,21,27,[4 7],22,-1,59,-1,32
1,<environment.Job instance at 0x7f7e985214b0>,26,12,[11  4],27,-1,44,-1,32
1,<environment.Job instance at 0x7f7e98710550>,29,24,[ 4 10],30,-1,60,-1,36
1,<environment.Job instance at 0x7f7e987105a0>,31,23,[ 4 10],32,-1,62,-1,39
1,<environment.Job instance at 0x7f7e9852d0a0>,32,27,[7 5],33,-1,66,-1,39
1,<environment.Job instance at 0x7f7e98710050>,33,13,[12  4],34,-1,52,-1,39
1,<environment.Job instance at 0x7f7e9852d0f0>,34,1,[ 2 14],35,-1,40,-1,39
1,<environment.Job instance at 0x7f7e98710910>,30,24,[9 1],31,-1,76,-1,52
1,<environment.Job instance at 0x7f7e990688c0>,39,1,[ 1 13],40,-1,53,-1,52
1,<environment.Job instance at 0x7f7e99068a00>,40,3,[ 5 11],41,-1,55,-1,52
1,<environment.Job instance at 0x7f7e99068820>,41,21,[ 3 14],42,-1,73,-1,52
1,<environment.Job instance at 0x7f7e9909b5a0>,45,16,[ 2 11],46,-1,71,-1,55
1,<environment.Job instance at 0x7f7e99080d20>,48,28,[5 3],49,-1,85,-1,57
1,<environment.Job instance at 0x7f7e98044b40>,49,13,[ 4 11],50,-1,70,-1,57
1,<environment.Job instance at 0x7f7e98581910>,52,19,[13  3],53,-1,76,-1,57
1,<environment.Job instance at 0x7f7e99073640>,55,15,[ 3 13],56,-1,84,-1,69
1,<environment.Job instance at 0x7f7ea1ae31e0>,61,17,[14  4],62,-1,104,-1,87
1,<environment.Job instance at 0x7f7e9802f870>,62,12,[12  2],63,-1,99,-1,87
1,<environment.Job instance at 0x7f7e9802f500>,64,23,[14  2],65,-1,110,-1,87
1,<environment.Job instance at 0x7f7e9802fd70>,65,25,[5 3],66,-1,113,-1,88
1,<environment.Job instance at 0x7f7e98d5cd70>,68,13,[ 4 13],69,-1,116,-1,103
1,<environment.Job instance at 0x7f7e98d5cfa0>,72,17,[13  2],73,-1,125,-1,108
1,<environment.Job instance at 0x7f7e98d5cc80>,73,23,[8 3],74,-1,131,-1,108
1,<environment.Job instance at 0x7f7e98d5cbe0>,74,1,[12  5],75,-1,109,-1,108
1,<environment.Job instance at 0x7f7e9859e8c0>,77,16,[13  2],78,-1,135,-1,119
1,<environment.Job instance at 0x7f7e9859e280>,79,12,[ 5 14],80,-1,134,-1,122
1,<environment.Job instance at 0x7f7e9859e910>,80,14,[14  2],81,-1,136,-1,122
1,<environment.Job instance at 0x7f7e9859e190>,76,28,[8 4],77,-1,156,-1,128
1,<environment.Job instance at 0x7f7e9859e050>,83,23,[6 3],84,-1,151,-1,128
1,<environment.Job instance at 0x7f7e9949d7d0>,85,21,[12  2],86,-1,149,-1,128
1,<environment.Job instance at 0x7f7e9949d460>,86,21,[13  1],87,-1,149,-1,128
1,<environment.Job instance at 0x7f7e97e71410>,1,25,[3 6],2,-1,27,-1,2
1,<environment.Job instance at 0x7f7e9946d370>,7,28,[5 8],8,-1,36,-1,8
1,<environment.Job instance at 0x7f7e98983be0>,8,16,[ 4 10],9,-1,25,-1,9
1,<environment.Job instance at 0x7f7e98983050>,10,18,[ 5 10],11,-1,30,-1,12
1,<environment.Job instance at 0x7f7e9946ddc0>,11,17,[13  3],12,-1,30,-1,13
1,<environment.Job instance at 0x7f7e97dc55a0>,26,28,[10  1],27,-1,78,-1,50
1,<environment.Job instance at 0x7f7e99294af0>,20,15,[9 1],21,-1,71,-1,56
1,<environment.Job instance at 0x7f7e97dc50f0>,29,18,[11  2],30,-1,75,-1,57
1,<environment.Job instance at 0x7f7e985fcaf0>,23,21,[3 8],24,-1,81,-1,60
1,<environment.Job instance at 0x7f7e97dc50a0>,31,13,[3 6],32,-1,76,-1,63
1,<environment.Job instance at 0x7f7e97dc5500>,32,17,[10  1],33,-1,90,-1,73
1,<environment.Job instance at 0x7f7e97dc5820>,33,12,[5 4],34,-1,85,-1,73
1,<environment.Job instance at 0x7f7e97dc5550>,30,21,[1 8],31,-1,96,-1,75
1,<environment.Job instance at 0x7f7e987f7af0>,34,17,[10  2],35,-1,92,-1,75
1,<environment.Job instance at 0x7f7e987f78c0>,36,18,[14  3],37,-1,93,-1,75
1,<environment.Job instance at 0x7f7e986e4d20>,43,23,[9 3],44,-1,98,-1,75
1,<environment.Job instance at 0x7f7e98fc9190>,45,16,[12  1],46,-1,91,-1,75
1,<environment.Job instance at 0x7f7e986e4b40>,42,2,[11  2],43,-1,77,-1,75
1,<environment.Job instance at 0x7f7e98fba910>,24,28,[13  1],25,-1,104,-1,76
1,<environment.Job instance at 0x7f7e98fc9910>,46,14,[5 4],47,-1,99,-1,85
1,<environment.Job instance at 0x7f7e987f7a00>,35,22,[7 5],36,-1,108,-1,86
1,<environment.Job instance at 0x7f7e99294230>,19,16,[ 5 12],20,-1,102,-1,86
1,<environment.Job instance at 0x7f7e980e1b40>,51,18,[12  1],52,-1,118,-1,100
1,<environment.Job instance at 0x7f7e982c3f00>,53,28,[2 9],54,-1,128,-1,100
1,<environment.Job instance at 0x7f7e98518640>,50,15,[4 8],51,-1,115,-1,100
1,<environment.Job instance at 0x7f7e9897b2d0>,54,25,[5 6],55,-1,125,-1,100
1,<environment.Job instance at 0x7f7e9897b640>,55,18,[2 7],56,-1,120,-1,102
1,<environment.Job instance at 0x7f7e982c3190>,52,18,[ 3 10],53,-1,121,-1,103
1,<environment.Job instance at 0x7f7e986e8a00>,56,16,[10  5],57,-1,119,-1,103
1,<environment.Job instance at 0x7f7e980e11e0>,47,18,[ 4 11],48,-1,124,-1,106
1,<environment.Job instance at 0x7f7e990fd6e0>,63,18,[10  1],64,-1,124,-1,106
1,<environment.Job instance at 0x7f7e98ef0730>,0,3,[12  5],1,-1,4,-1,1
1,<environment.Job instance at 0x7f7e98044b40>,1,25,[3 6],2,-1,27,-1,2
1,<environment.Job instance at 0x7f7e98d679b0>,4,16,[13  1],5,-1,21,-1,5
1,<environment.Job instance at 0x7f7e9902c3c0>,7,28,[5 8],8,-1,38,-1,10
1,<environment.Job instance at 0x7f7e9946df00>,9,13,[14  5],10,-1,23,-1,10
1,<environment.Job instance at 0x7f7e97ecf4b0>,11,17,[13  3],12,-1,29,-1,12
1,<environment.Job instance at 0x7f7ea1ae35f0>,15,13,[12  4],16,-1,29,-1,16
1,<environment.Job instance at 0x7f7e9902ca00>,13,27,[1 7],14,-1,53,-1,26
1,<environment.Job instance at 0x7f7ea1ae39b0>,17,23,[8 1],18,-1,49,-1,26
1,<environment.Job instance at 0x7f7e98fba5f0>,19,16,[ 5 12],20,-1,42,-1,26
1,<environment.Job instance at 0x7f7e98ccf910>,24,28,[13  1],25,-1,57,-1,29
1,<environment.Job instance at 0x7f7e98cfdc80>,26,28,[10  1],27,-1,65,-1,37
1,<environment.Job instance at 0x7f7e97cb0500>,29,18,[11  2],30,-1,55,-1,37
1,<environment.Job instance at 0x7f7e97bc4dc0>,36,18,[14  3],37,-1,80,-1,62
1,<environment.Job instance at 0x7f7e9820e140>,37,3,[ 3 12],38,-1,65,-1,62
1,<environment.Job instance at 0x7f7e97e18aa0>,38,21,[ 3 11],39,-1,83,-1,62
1,<environment.Job instance at 0x7f7e97e18e10>,39,17,[ 3 14],40,-1,79,-1,62
1,<environment.Job instance at 0x7f7e98219050>,42,2,[11  2],43,-1,68,-1,66
1,<environment.Job instance at 0x7f7e98219140>,43,23,[9 3],44,-1,92,-1,69
1,<environment.Job instance at 0x7f7e98219c80>,45,16,[12  1],46,-1,85,-1,69
1,<environment.Job instance at 0x7f7e98219f50>,47,18,[ 4 11],48,-1,89,-1,71
1,<environment.Job instance at 0x7f7e98d020f0>,51,18,[12  1],52,-1,101,-1,83
1,<environment.Job instance at 0x7f7e98d02b40>,54,25,[5 6],55,-1,131,-1,106
1,<environment.Job instance at 0x7f7e98d02c30>,53,28,[2 9],54,-1,134,-1,106
1,<environment.Job instance at 0x7f7e98536960>,4,15,[2 9],5,-1,21,-1,6
1,<environment.Job instance at 0x7f7e98536aa0>,6,18,[5 5],7,-1,25,-1,7
1,<environment.Job instance at 0x7f7e98572690>,7,16,[13  5],8,-1,24,-1,8
1,<environment.Job instance at 0x7f7e97c6cf50>,5,17,[3 8],6,-1,26,-1,9
1,<environment.Job instance at 0x7f7e988937d0>,10,18,[5 7],11,-1,29,-1,11
1,<environment.Job instance at 0x7f7e988e49b0>,19,28,[7 5],20,-1,116,-1,88
1,<environment.Job instance at 0x7f7e9943eb40>,33,28,[5 5],34,-1,123,-1,95
1,<environment.Job instance at 0x7f7e993bbf50>,29,23,[ 4 13],30,-1,118,-1,95
1,<environment.Job instance at 0x7f7e984563c0>,7,16,[13  5],8,-1,24,-1,8
1,<environment.Job instance at 0x7f7e984566e0>,9,14,[ 5 13],10,-1,24,-1,10
1,<environment.Job instance at 0x7f7e98456640>,12,13,[ 5 11],13,-1,31,-1,18
1,<environment.Job instance at 0x7f7e98456f00>,14,15,[14  4],15,-1,33,-1,18
1,<environment.Job instance at 0x7f7e98248cd0>,15,19,[ 3 11],16,-1,37,-1,18
1,<environment.Job instance at 0x7f7e98248410>,16,18,[11  3],17,-1,36,-1,18
1,<environment.Job instance at 0x7f7e98248640>,19,28,[7 5],20,-1,64,-1,36
1,<environment.Job instance at 0x7f7e98248d70>,20,28,[2 9],21,-1,64,-1,36
1,<environment.Job instance at 0x7f7e98bc03c0>,24,25,[2 8],25,-1,73,-1,48
1,<environment.Job instance at 0x7f7e98bc0a00>,25,2,[11  5],26,-1,50,-1,48
1,<environment.Job instance at 0x7f7e98bc0050>,27,1,[ 2 12],28,-1,49,-1,48
1,<environment.Job instance at 0x7f7e98bc0be0>,29,23,[ 4 13],30,-1,77,-1,54
1,<environment.Job instance at 0x7f7ea1ae1140>,33,28,[5 5],34,-1,100,-1,72
1,<environment.Job instance at 0x7f7ea1ae1320>,36,13,[ 3 11],37,-1,98,-1,85
1,<environment.Job instance at 0x7f7e98d10050>,38,21,[ 4 14],39,-1,108,-1,87
1,<environment.Job instance at 0x7f7e98d10b40>,40,18,[12  5],41,-1,107,-1,89
1,<environment.Job instance at 0x7f7e98d108c0>,42,15,[12  5],43,-1,104,-1,89
1,<environment.Job instance at 0x7f7e98d10870>,43,28,[13  5],44,-1,117,-1,89
1,<environment.Job instance at 0x7f7e98d105a0>,46,25,[3 6],47,-1,142,-1,117
1,<environment.Job instance at 0x7f8fa5394c80>,3,22,[2 5],4,-1,27,-1,5
1,<environment.Job instance at 0x7f8fa551b1e0>,6,15,[ 2 14],7,-1,22,-1,7
1,<environment.Job instance at 0x7f8fa538cd20>,8,2,[ 1 14],9,-1,11,-1,9
1,<environment.Job instance at 0x7f8fa538c8c0>,7,26,[9 3],8,-1,44,-1,18
1,<environment.Job instance at 0x7f8fa538c6e0>,12,23,[12  4],13,-1,41,-1,18
1,<environment.Job instance at 0x7f8fa5518960>,18,26,[7 4],19,-1,56,-1,30
1,<environment.Job instance at 0x7f8fa54a36e0>,19,25,[5 9],20,-1,66,-1,41
1,<environment.Job instance at 0x7f8fa54cb690>,23,16,[12  2],24,-1,57,-1,41
1,<environment.Job instance at 0x7f8fa54bfaa0>,28,17,[ 1 13],29,-1,65,-1,48
1,<environment.Job instance at 0x7f8fa54b8820>,29,24,[4 7],30,-1,75,-1,51
1,<environment.Job instance at 0x7f8fa54b91e0>,30,26,[9 4],31,-1,77,-1,51
1,<environment.Job instance at 0x7f8fa54b9730>,31,1,[ 2 14],32,-1,52,-1,51
1,<environment.Job instance at 0x7f8fa5439f50>,33,26,[3 6],34,-1,86,-1,60
1,<environment.Job instance at 0x7f8fa54a0050>,38,24,[13  2],39,-1,87,-1,63
1,<environment.Job instance at 0x7f8fa54a0c80>,40,26,[ 1 14],41,-1,100,-1,74
1,<environment.Job instance at 0x7f8fa5456550>,42,12,[ 5 12],43,-1,92,-1,80
1,<environment.Job instance at 0x7f8fa5456d70>,45,12,[ 3 14],46,-1,104,-1,92
1,<environment.Job instance at 0x7f8fa54562d0>,47,14,[12  2],48,-1,118,-1,104
1,<environment.Job instance at 0x7f8fa5456230>,48,14,[ 1 11],49,-1,118,-1,104
1,<environment.Job instance at 0x7f8fa5456a00>,50,13,[ 4 12],51,-1,117,-1,104
1,<environment.Job instance at 0x7f8fa553ccd0>,53,12,[ 3 14],54,-1,130,-1,118
1,<environment.Job instance at 0x7f8fa54ea4b0>,54,3,[ 3 13],55,-1,121,-1,118
1,<environment.Job instance at 0x7f8fa55415f0>,57,17,[ 2 14],58,-1,147,-1,130
1,<environment.Job instance at 0x7f8fa548ac30>,58,28,[10  3],59,-1,160,-1,132
1,<environment.Job instance at 0x7f8fa54ae960>,61,2,[ 1 12],62,-1,135,-1,133
1,<environment.Job instance at 0x7f8fa4ae4eb0>,6,13,[10  5],7,-1,23,-1,10
1,<environment.Job instance at 0x7f8fa4ae4550>,10,12,[5 1],11,-1,23,-1,11
1,<environment.Job instance at 0x7f8fa4ae40f0>,9,17,[5 7],10,-1,28,-1,11
1,<environment.Job instance at 0x7f8fa4ae4e10>,11,22,[5 6],12,-1,34,-1,12
1,<environment.Job instance at 0x7f8fa4ada410>,14,15,[ 2 10],15,-1,32,-1,17
1,<environment.Job instance at 0x7f8fa4b96be0>,0,1,[ 3 11],1,-1,2,-1,1
1,<environment.Job instance at 0x7f8fa4b43780>,2,15,[ 2 13],3,-1,18,-1,3
1,<environment.Job instance at 0x7f8fa4b4bc80>,3,26,[7 2],4,-1,30,-1,4
1,<environment.Job instance at 0x7f8fa4b4b550>,4,20,[13  4],5,-1,25,-1,5
1,<environment.Job instance at 0x7f8fa4b531e0>,15,25,[ 3 13],16,-1,46,-1,21
1,<environment.Job instance at 0x7f8fa4bbfc80>,12,26,[6 4],13,-1,48,-1,22
1,<environment.Job instance at 0x7f8fa4b53370>,17,25,[ 2 11],18,-1,47,-1,22
1,<environment.Job instance at 0x7f8fa4b57e60>,18,1,[14  3],19,-1,23,-1,22
1,<environment.Job instance at 0x7f8fa4b5a730>,22,22,[ 2 11],23,-1,55,-1,33
1,<environment.Job instance at 0x7f8fa4b57af0>,23,2,[13  5],24,-1,35,-1,33
1,<environment.Job instance at 0x7f8fa4b5d370>,25,13,[ 5 14],26,-1,46,-1,33
1,<environment.Job instance at 0x7f8fa4b61c30>,31,25,[14  5],32,-1,76,-1,51
1,<environment.Job instance at 0x7f8fa4b61730>,32,24,[3 7],33,-1,77,-1,53
1,<environment.Job instance at 0x7f8fa4b4f2d0>,35,27,[ 3 13],36,-1,80,-1,53
1,<environment.Job instance at 0x7f8fa4b65550>,38,2,[12  2],39,-1,66,-1,64
1,<environment.Job instance at 0x7f8fa4b65960>,40,18,[12  2],41,-1,84,-1,66
1,<environment.Job instance at 0x7f8fa4cd9d70>,41,27,[8 3],42,-1,107,-1,80
1,<environment.Job instance at 0x7f8fa4b6e6e0>,43,19,[12  2],44,-1,100,-1,81
1,<environment.Job instance at 0x7f8fa4bb96e0>,47,27,[ 3 12],48,-1,124,-1,97
1,<environment.Job instance at 0x7f8fa4bb0e10>,51,15,[ 2 14],52,-1,133,-1,118
1,<environment.Job instance at 0x7f8fa4bb0b90>,54,15,[13  1],55,-1,146,-1,131
1,<environment.Job instance at 0x7f8fa4bb0af0>,53,26,[3 9],54,-1,161,-1,135
1,<environment.Job instance at 0x7f8fa4985b40>,0,15,[9 2],1,-1,18,-1,3
1,<environment.Job instance at 0x7f8fa4985c30>,3,2,[5 7],4,-1,6,-1,4
1,<environment.Job instance at 0x7f8fa4985280>,2,16,[7 5],3,-1,21,-1,5
1,<environment.Job instance at 0x7f8fa4985230>,5,27,[9 5],6,-1,34,-1,7
1,<environment.Job instance at 0x7f8fa4a01460>,12,12,[8 3],13,-1,25,-1,13
1,<environment.Job instance at 0x7f8fa4a013c0>,13,27,[2 7],14,-1,41,-1,14
1,<environment.Job instance at 0x7f8fa4a01b40>,14,13,[8 2],15,-1,28,-1,15
1,<environment.Job instance at 0x7f8fa4a012d0>,15,27,[1 5],16,-1,43,-1,16
1,<environment.Job instance at 0x7f8fa4a01f50>,16,12,[5 5],17,-1,29,-1,17
1,<environment.Job instance at 0x7f8fa4a01e10>,19,18,[9 5],20,-1,38,-1,20
1,<environment.Job instance at 0x7f8fa4a01690>,20,18,[1 7],21,-1,39,-1,21
1,<environment.Job instance at 0x7f8fa49fef00>,29,21,[8 2],30,-1,56,-1,35
1,<environment.Job instance at 0x7f8fa49fe870>,5,27,[9 5],6,-1,43,-1,16
1,<environment.Job instance at 0x7f8fa4985b90>,7,14,[12  2],8,-1,30,-1,16
1,<environment.Job instance at 0x7f8fa49855a0>,8,2,[ 4 11],9,-1,18,-1,16
1,<environment.Job instance at 0x7f8fa4a3afa0>,13,27,[2 7],14,-1,47,-1,20
1,<environment.Job instance at 0x7f8fa4a3ac30>,15,27,[1 5],16,-1,59,-1,32
1,<environment.Job instance at 0x7f8fa4a3a1e0>,17,15,[14  2],18,-1,47,-1,32
1,<environment.Job instance at 0x7f8fa49e6e10>,22,17,[13  5],23,-1,55,-1,38
1,<environment.Job instance at 0x7f8fa49e66e0>,23,13,[ 5 14],24,-1,51,-1,38
1,<environment.Job instance at 0x7f8fa49d1a00>,31,18,[ 1 11],32,-1,93,-1,75
1,<environment.Job instance at 0x7f8fa49d1870>,34,25,[5 6],35,-1,106,-1,81
1,<environment.Job instance at 0x7f8fa49d1dc0>,36,14,[11  4],37,-1,95,-1,81
1,<environment.Job instance at 0x7f8fa4afc370>,39,28,[11  2],40,-1,116,-1,88
1,<environment.Job instance at 0x7f8fa4afc1e0>,43,27,[ 4 13],44,-1,131,-1,104
1,<environment.Job instance at 0x7f8fa4afcbe0>,45,12,[13  4],46,-1,125,-1,113
1,<environment.Job instance at 0x7f8fa4afc910>,46,12,[ 5 12],47,-1,125,-1,113
1,<environment.Job instance at 0x7f8fa4afc410>,47,28,[7 4],48,-1,141,-1,113
1,<environment.Job instance at 0x7f8fa4afcd20>,48,27,[4 6],49,-1,140,-1,113
1,<environment.Job instance at 0x7f8fa4afc190>,44,28,[1 8],45,-1,141,-1,113
1,<environment.Job instance at 0x7f8fa4afcf50>,52,27,[12  5],53,-1,140,-1,113
1,<environment.Job instance at 0x7f8fa4ae4820>,58,3,[12  2],59,-1,131,-1,128
1,<environment.Job instance at 0x7f8fa4ae4410>,59,23,[5 8],60,-1,161,-1,138
1,<environment.Job instance at 0x7f8fa4ae4280>,62,21,[ 4 14],63,-1,159,-1,138
1,<environment.Job instance at 0x7f8fa4e9dc80>,1,26,[6 2],2,-1,28,-1,2
1,<environment.Job instance at 0x7f8fa4e9d230>,8,17,[9 4],9,-1,36,-1,19
1,<environment.Job instance at 0x7f8fa4e9d8c0>,15,14,[10  2],16,-1,33,-1,19
1,<environment.Job instance at 0x7f8fa4e9dd20>,10,20,[10  2],11,-1,44,-1,24
1,<environment.Job instance at 0x7f8fa4e9d7d0>,13,17,[10  4],14,-1,41,-1,24
1,<environment.Job instance at 0x7f8fa4e93050>,18,19,[3 6],19,-1,46,-1,27
1,<environment.Job instance at 0x7f8fa4ef8f00>,0,14,[ 3 13],1,-1,15,-1,1
1,<environment.Job instance at 0x7f8fa52263c0>,1,26,[6 2],2,-1,28,-1,2
1,<environment.Job instance at 0x7f8fa521e6e0>,3,23,[12  5],4,-1,27,-1,4
1,<environment.Job instance at 0x7f8fa58a37d0>,4,13,[ 4 14],5,-1,18,-1,5
1,<environment.Job instance at 0x7f8fa4add230>,5,19,[13  2],6,-1,25,-1,6
1,<environment.Job instance at 0x7f8fa4add4b0>,11,18,[ 2 13],12,-1,30,-1,12
1,<environment.Job instance at 0x7f8fa4addcd0>,16,17,[12  4],17,-1,45,-1,28
1,<environment.Job instance at 0x7f8fa4add5a0>,17,25,[6 4],18,-1,53,-1,28
1,<environment.Job instance at 0x7f8fa4afc2d0>,19,3,[14  5],20,-1,31,-1,28
1,<environment.Job instance at 0x7f8fa4afceb0>,21,24,[5 5],22,-1,65,-1,41
1,<environment.Job instance at 0x7f8fa4afc4b0>,23,14,[ 2 11],24,-1,55,-1,41
1,<environment.Job instance at 0x7f8fa4afc960>,25,28,[ 5 10],26,-1,71,-1,43
1,<environment.Job instance at 0x7f8fa4afc410>,27,13,[ 5 11],28,-1,56,-1,43
1,<environment.Job instance at 0x7f8fa4afc640>,29,19,[ 4 14],30,-1,63,-1,44
1,<environment.Job instance at 0x7f8fa4afc0f0>,31,26,[ 3 12],32,-1,84,-1,58
1,<environment.Job instance at 0x7f8fa4afcc80>,32,14,[ 3 14],33,-1,72,-1,58
1,<environment.Job instance at 0x7f8fa4afcd70>,36,2,[ 5 14],37,-1,65,-1,63
1,<environment.Job instance at 0x7f8fa4e93cd0>,39,2,[ 4 11],40,-1,80,-1,78
1,<environment.Job instance at 0x7f8fa4946aa0>,43,12,[12  2],44,-1,100,-1,88
1,<environment.Job instance at 0x7f8fa4d96410>,44,12,[14  2],45,-1,100,-1,88
1,<environment.Job instance at 0x7f8fa4e48e10>,46,13,[14  5],47,-1,108,-1,95
1,<environment.Job instance at 0x7f8fa5a41320>,47,25,[7 3],48,-1,126,-1,101
1,<environment.Job instance at 0x7f8fa590d500>,48,16,[ 1 14],49,-1,117,-1,101
1,<environment.Job instance at 0x7f8fa594b4b0>,50,12,[ 2 13],51,-1,113,-1,101
1,<environment.Job instance at 0x7f8fa57d0c30>,0,18,[4 9],1,-1,19,-1,1
1,<environment.Job instance at 0x7f8fa51b7eb0>,2,18,[10  5],3,-1,22,-1,4
1,<environment.Job instance at 0x7f8fa51b70f0>,5,13,[10  1],6,-1,19,-1,6
1,<environment.Job instance at 0x7f8fa51b7960>,7,24,[1 9],8,-1,32,-1,8
1,<environment.Job instance at 0x7f8fa51ab3c0>,9,12,[9 3],10,-1,22,-1,10
1,<environment.Job instance at 0x7f8fa4df7320>,21,15,[10  2],22,-1,38,-1,23
1,<environment.Job instance at 0x7f8fa519c0f0>,23,24,[8 2],24,-1,48,-1,24
1,<environment.Job instance at 0x7f8fa5192140>,20,21,[ 2 10],21,-1,50,-1,29
1,<environment.Job instance at 0x7f8fa519c190>,22,26,[7 3],23,-1,57,-1,31
1,<environment.Job instance at 0x7f8fa51abf50>,10,27,[ 1 14],11,-1,58,-1,31
1,<environment.Job instance at 0x7f8fa51b7dc0>,16,27,[7 1],17,-1,59,-1,32
1,<environment.Job instance at 0x7f8fa519dc80>,27,16,[12  1],28,-1,53,-1,37
1,<environment.Job instance at 0x7f8fa519cf00>,25,12,[11  1],26,-1,49,-1,37
1,<environment.Job instance at 0x7f8fa57ebaf0>,28,15,[ 4 13],29,-1,52,-1,37
1,<environment.Job instance at 0x7f8fa51ab870>,17,26,[ 3 10],18,-1,66,-1,40
1,<environment.Job instance at 0x7f8fa57fa4b0>,32,26,[7 3],33,-1,66,-1,40
1,<environment.Job instance at 0x7f8fa4e00c30>,33,18,[9 3],34,-1,59,-1,41
1,<environment.Job instance at 0x7f8fa519d960>,26,17,[11  3],27,-1,58,-1,41
1,<environment.Job instance at 0x7f8fa57ebc30>,29,28,[13  1],30,-1,69,-1,41
1,<environment.Job instance at 0x7f8fa57fa2d0>,34,15,[ 3 10],35,-1,56,-1,41
1,<environment.Job instance at 0x7f8fa4e233c0>,38,24,[2 6],39,-1,65,-1,41
1,<environment.Job instance at 0x7f8fa57eb7d0>,30,24,[4 7],31,-1,65,-1,41
1,<environment.Job instance at 0x7f8fa549df00>,1,27,[10  1],2,-1,29,-1,2
1,<environment.Job instance at 0x7f8fa5a4f230>,3,13,[ 5 11],4,-1,17,-1,4
1,<environment.Job instance at 0x7f8fa546a690>,4,27,[12  2],5,-1,32,-1,5
1,<environment.Job instance at 0x7f8fa54522d0>,7,24,[1 9],8,-1,43,-1,19
1,<environment.Job instance at 0x7f8fa5452b90>,10,27,[ 1 14],11,-1,46,-1,19
1,<environment.Job instance at 0x7f8fa5452870>,11,12,[12  1],12,-1,31,-1,19
1,<environment.Job instance at 0x7f8fa5753410>,14,23,[3 6],15,-1,44,-1,21
1,<environment.Job instance at 0x7f8fa53e1b90>,16,27,[7 1],17,-1,48,-1,21
1,<environment.Job instance at 0x7f8fa53e1910>,18,2,[ 3 13],19,-1,23,-1,21
1,<environment.Job instance at 0x7f8fa53e1140>,17,26,[ 3 10],18,-1,50,-1,24
1,<environment.Job instance at 0x7f8fa54fbaf0>,23,24,[8 2],24,-1,57,-1,33
1,<environment.Job instance at 0x7f8fa54fb280>,22,26,[7 3],23,-1,59,-1,33
1,<environment.Job instance at 0x7f8fa54fbfa0>,25,12,[11  1],26,-1,45,-1,33
1,<environment.Job instance at 0x7f8fa54fb370>,26,17,[11  3],27,-1,50,-1,33
1,<environment.Job instance at 0x7f8fa54fb910>,27,16,[12  1],28,-1,49,-1,33
1,<environment.Job instance at 0x7f8fa53f37d0>,28,15,[ 4 13],29,-1,48,-1,33
1,<environment.Job instance at 0x7f8fa53f3c80>,29,28,[13  1],30,-1,61,-1,33
1,<environment.Job instance at 0x7f8fa5658820>,30,24,[4 7],31,-1,57,-1,33
1,<environment.Job instance at 0x7f8fa51e9050>,32,26,[7 3],33,-1,65,-1,39
1,<environment.Job instance at 0x7f8fa542e6e0>,38,24,[2 6],39,-1,95,-1,71
1,<environment.Job instance at 0x7f8fa51e91e0>,39,13,[ 5 12],40,-1,84,-1,71
1,<environment.Job instance at 0x7f8fa51e9460>,40,20,[ 2 11],41,-1,91,-1,71
1,<environment.Job instance at 0x7f8fa53d3aa0>,44,25,[3 7],45,-1,124,-1,99
1,<environment.Job instance at 0x7f8fa53fc8c0>,51,25,[3 9],52,-1,143,-1,118
1,<environment.Job instance at 0x7f8fa55ee550>,54,23,[2 8],55,-1,141,-1,118
1,<environment.Job instance at 0x7f8fa5463500>,57,27,[5 7],58,-1,158,-1,131
1,<environment.Job instance at 0x7f8fa5534aa0>,59,24,[13  2],60,-1,155,-1,131
1,<environment.Job instance at 0x7f8fa5ee54b0>,1,26,[6 3],2,-1,28,-1,2
1,<environment.Job instance at 0x7f8fa5ee52d0>,5,22,[10  2],6,-1,32,-1,10
1,<environment.Job instance at 0x7f8fa5ee50f0>,9,21,[5 4],10,-1,36,-1,15
1,<environment.Job instance at 0x7f8fa5ee5910>,15,25,[9 2],16,-1,42,-1,17
1,<environment.Job instance at 0x7f8fa4ac07d0>,17,19,[4 9],18,-1,37,-1,18
1,<environment.Job instance at 0x7f8fa4ac05a0>,19,12,[10  1],20,-1,32,-1,20
1,<environment.Job instance at 0x7f8fa4ac02d0>,20,17,[6 3],21,-1,38,-1,21
1,<environment.Job instance at 0x7f8fa4ac0690>,27,16,[9 1],28,-1,45,-1,29
1,<environment.Job instance at 0x7f8fa4ac0aa0>,16,18,[ 1 12],17,-1,47,-1,29
1,<environment.Job instance at 0x7f8fa5ee5730>,8,12,[10  1],9,-1,43,-1,31
1,<environment.Job instance at 0x7f8fa4ac0e60>,28,28,[4 5],29,-1,59,-1,31
1,<environment.Job instance at 0x7f8fa4ab5410>,34,17,[2 6],35,-1,64,-1,47
1,<environment.Job instance at 0x7f8fa4ab5c80>,36,26,[7 1],37,-1,77,-1,51
1,<environment.Job instance at 0x7f8fa4ab5370>,37,22,[8 3],38,-1,73,-1,51
1,<environment.Job instance at 0x7f8fa4ac0640>,30,12,[9 3],31,-1,63,-1,51
1,<environment.Job instance at 0x7f8fa4ab5d70>,39,17,[8 2],40,-1,68,-1,51
1,<environment.Job instance at 0x7f8fa4ac0780>,22,19,[10  1],23,-1,70,-1,51
1,<environment.Job instance at 0x7f8fa4ac0960>,26,19,[13  1],27,-1,70,-1,51
1,<environment.Job instance at 0x7f8fa4ab5550>,41,21,[6 2],42,-1,73,-1,52
1,<environment.Job instance at 0x7f8fa4ab5e10>,43,27,[9 5],44,-1,79,-1,52
1,<environment.Job instance at 0x7f8fa4ac00f0>,13,24,[14  1],14,-1,80,-1,56
1,<environment.Job instance at 0x7f8fa4ab5960>,40,3,[ 2 12],41,-1,59,-1,56
1,<environment.Job instance at 0x7f8fa4ab5190>,47,16,[ 5 13],48,-1,74,-1,58
1,<environment.Job instance at 0x7f8fa4ab59b0>,48,22,[ 2 14],49,-1,81,-1,59
1,<environment.Job instance at 0x7f8fa4ab5780>,42,18,[14  5],43,-1,77,-1,59
1,<environment.Job instance at 0x7f8fa4ab5a50>,49,17,[7 4],50,-1,76,-1,59
1,<environment.Job instance at 0x7f8fa4ab5730>,51,24,[12  4],52,-1,83,-1,59
1,<environment.Job instance at 0x7f8fa4ab5cd0>,46,23,[5 9],47,-1,82,-1,59
1,<environment.Job instance at 0x7f8fa4ab5280>,44,14,[ 3 12],45,-1,76,-1,62
1,<environment.Job instance at 0x7f8fa4ab5b40>,52,17,[ 1 10],53,-1,79,-1,62
1,<environment.Job instance at 0x7f8fa5ed1fa0>,56,14,[5 7],57,-1,78,-1,64
1,<environment.Job instance at 0x7f8fa5ed1e60>,57,14,[10  1],58,-1,78,-1,64
1,<environment.Job instance at 0x7f8fa4ab50a0>,45,18,[1 9],46,-1,83,-1,65
1,<environment.Job instance at 0x7f8fa5ed1280>,66,25,[ 1 10],67,-1,134,-1,109
1,<environment.Job instance at 0x7f8fa5ed15f0>,69,21,[4 8],70,-1,130,-1,109
1,<environment.Job instance at 0x7f8fa5ed17d0>,64,14,[13  2],65,-1,123,-1,109
1,<environment.Job instance at 0x7f8fa5ed1b40>,72,23,[2 8],73,-1,132,-1,109
1,<environment.Job instance at 0x7f8fa5ed1b90>,73,16,[ 2 13],74,-1,125,-1,109
1,<environment.Job instance at 0x7f8fa5ed11e0>,71,12,[3 7],72,-1,121,-1,109
1,<environment.Job instance at 0x7f8fa4a97190>,75,14,[7 2],76,-1,123,-1,109
1,<environment.Job instance at 0x7f8fa4a97230>,76,18,[1 7],77,-1,128,-1,110
1,<environment.Job instance at 0x7f8fa4a97960>,74,15,[6 2],75,-1,125,-1,110
1,<environment.Job instance at 0x7f8fa4a97320>,78,14,[8 5],79,-1,124,-1,110
1,<environment.Job instance at 0x7f8fa4a97780>,80,20,[2 7],81,-1,130,-1,110
1,<environment.Job instance at 0x7f8fa4a97640>,81,26,[ 4 14],82,-1,136,-1,110
1,<environment.Job instance at 0x7f8fa4a97dc0>,82,20,[4 8],83,-1,130,-1,110
1,<environment.Job instance at 0x7f8fa4a97c80>,84,16,[8 4],85,-1,126,-1,110
1,<environment.Job instance at 0x7f8fa4a97c30>,77,14,[1 7],78,-1,125,-1,111
1,<environment.Job instance at 0x7f8fa4a97140>,87,21,[5 5],88,-1,132,-1,111
1,<environment.Job instance at 0x7f8fa4a97a00>,88,23,[6 5],89,-1,134,-1,111
1,<environment.Job instance at 0x7f8fa5ed1f00>,55,14,[2 7],56,-1,126,-1,112
1,<environment.Job instance at 0x7f8fa4a979b0>,90,13,[13  3],91,-1,126,-1,113
1,<environment.Job instance at 0x7f8fa4a97280>,91,25,[ 5 14],92,-1,138,-1,113
1,<environment.Job instance at 0x7f8fa4a973c0>,89,18,[ 2 10],90,-1,131,-1,113
1,<environment.Job instance at 0x7f8fa4a97e10>,86,25,[5 4],87,-1,140,-1,115
1,<environment.Job instance at 0x7f8fa4abe370>,95,17,[ 4 11],96,-1,132,-1,115
1,<environment.Job instance at 0x7f8fa4abe280>,97,27,[8 5],98,-1,149,-1,122
1,<environment.Job instance at 0x7f8fa580a8c0>,100,18,[9 1],101,-1,142,-1,124
1,<environment.Job instance at 0x7f8fa4e09320>,0,1,[ 2 11],1,-1,2,-1,1
1,<environment.Job instance at 0x7f8fa519c3c0>,1,26,[6 3],2,-1,28,-1,2
1,<environment.Job instance at 0x7f8fa51b7230>,4,16,[13  3],5,-1,21,-1,5
1,<environment.Job instance at 0x7f8fa4de7fa0>,6,2,[ 2 13],7,-1,9,-1,7
1,<environment.Job instance at 0x7f8fa4d33370>,7,15,[ 2 12],8,-1,23,-1,8
1,<environment.Job instance at 0x7f8fa51ab190>,11,3,[ 3 13],12,-1,15,-1,12
1,<environment.Job instance at 0x7f8fa4e9df50>,12,18,[14  1],13,-1,31,-1,13
1,<environment.Job instance at 0x7f8fa566b0f0>,13,24,[14  1],14,-1,38,-1,14
1,<environment.Job instance at 0x7f8fa53fcaf0>,16,18,[ 1 12],17,-1,35,-1,17
1,<environment.Job instance at 0x7f8fa576bf00>,15,25,[9 2],16,-1,53,-1,28
1,<environment.Job instance at 0x7f8fa510a6e0>,21,20,[ 3 12],22,-1,50,-1,30
1,<environment.Job instance at 0x7f8fa54501e0>,24,3,[13  1],25,-1,45,-1,42
1,<environment.Job instance at 0x7f8fa4ac0410>,26,19,[13  1],27,-1,61,-1,42
1,<environment.Job instance at 0x7f8fa4ab55a0>,28,28,[4 5],29,-1,82,-1,54
1,<environment.Job instance at 0x7f8fa5ed1a50>,36,26,[7 1],37,-1,105,-1,79
1,<environment.Job instance at 0x7f8fa580ac30>,40,3,[ 2 12],41,-1,91,-1,88
1,<environment.Job instance at 0x7f8fa4fc3d20>,42,18,[14  5],43,-1,114,-1,96
1,<environment.Job instance at 0x7f8fa582ed70>,43,27,[9 5],44,-1,127,-1,100
1,<environment.Job instance at 0x7f8fa582e5a0>,44,14,[ 3 12],45,-1,114,-1,100
1,<environment.Job instance at 0x7f8fa5ee5820>,46,23,[5 9],47,-1,123,-1,100
1,<environment.Job instance at 0x7f8fa5ee5370>,47,16,[ 5 13],48,-1,116,-1,100
1,<environment.Job instance at 0x7f8fa5ee5140>,48,22,[ 2 14],49,-1,122,-1,100
1,<environment.Job instance at 0x7f8fa5ee5050>,51,24,[12  4],52,-1,135,-1,111
1,<environment.Job instance at 0x7f8fa5150aa0>,2,20,[2 9],3,-1,24,-1,4
1,<environment.Job instance at 0x7f8fa4d6e460>,3,26,[8 5],4,-1,32,-1,6
1,<environment.Job instance at 0x7f8fa4e7d0f0>,7,17,[5 8],8,-1,25,-1,8
1,<environment.Job instance at 0x7f8fa5158640>,15,26,[3 6],16,-1,42,-1,16
1,<environment.Job instance at 0x7f8fa4e7d050>,13,14,[10  1],14,-1,61,-1,47
1,<environment.Job instance at 0x7f8fa51585f0>,19,23,[1 6],20,-1,70,-1,47
1,<environment.Job instance at 0x7f8fa4e75e60>,25,16,[13  1],26,-1,63,-1,47
1,<environment.Job instance at 0x7f8fa5a1ddc0>,27,20,[3 8],28,-1,70,-1,50
1,<environment.Job instance at 0x7f8fa4c6ebe0>,29,13,[9 2],30,-1,64,-1,51
1,<environment.Job instance at 0x7f8fa4c6eb90>,30,22,[3 6],31,-1,73,-1,51
1,<environment.Job instance at 0x7f8fa4e75b40>,24,22,[10  1],25,-1,73,-1,51
1,<environment.Job instance at 0x7f8fa51f10f0>,33,13,[11  5],34,-1,77,-1,64
1,<environment.Job instance at 0x7f8fa5a0c190>,31,15,[10  3],32,-1,79,-1,64
1,<environment.Job instance at 0x7f8fa5363690>,35,21,[10  3],36,-1,85,-1,64
1,<environment.Job instance at 0x7f8fa51538c0>,5,18,[13  1],6,-1,82,-1,64
1,<environment.Job instance at 0x7f8fa4c4ae10>,37,23,[10  4],38,-1,119,-1,96
1,<environment.Job instance at 0x7f8fa51d1730>,41,17,[1 8],42,-1,113,-1,96
1,<environment.Job instance at 0x7f8fa51c8a50>,46,23,[4 9],47,-1,119,-1,96
1,<environment.Job instance at 0x7f8fa5151c30>,47,24,[5 2],48,-1,120,-1,96
1,<environment.Job instance at 0x7f8fa5316eb0>,0,14,[ 4 11],1,-1,15,-1,1
1,<environment.Job instance at 0x7f8fa4932730>,1,18,[ 3 12],2,-1,20,-1,2
1,<environment.Job instance at 0x7f8fa53162d0>,3,26,[8 5],4,-1,30,-1,4
1,<environment.Job instance at 0x7f8fae54ed20>,5,18,[13  1],6,-1,24,-1,6
1,<environment.Job instance at 0x7f8fa57a4cd0>,11,16,[ 2 13],12,-1,28,-1,12
1,<environment.Job instance at 0x7f8fa492f280>,8,24,[8 5],9,-1,51,-1,27
1,<environment.Job instance at 0x7f8fa4c491e0>,15,26,[3 6],16,-1,53,-1,27
1,<environment.Job instance at 0x7f8fa49e6be0>,18,2,[ 4 12],19,-1,32,-1,30
1,<environment.Job instance at 0x7f8fa49d4d20>,19,23,[1 6],20,-1,55,-1,32
1,<environment.Job instance at 0x7f8fa557df00>,22,2,[13  1],23,-1,46,-1,44
1,<environment.Job instance at 0x7f8fa5394410>,23,13,[11  1],24,-1,57,-1,44
1,<environment.Job instance at 0x7f8fa4df7d70>,25,16,[13  1],26,-1,62,-1,46
1,<environment.Job instance at 0x7f8fa57ca820>,28,3,[11  4],29,-1,50,-1,47
1,<environment.Job instance at 0x7f8fa566b0f0>,33,13,[11  5],34,-1,76,-1,63
1,<environment.Job instance at 0x7f8fa53fc640>,34,19,[ 3 11],35,-1,82,-1,63
1,<environment.Job instance at 0x7f8fa576b960>,37,23,[10  4],38,-1,132,-1,109
1,<environment.Job instance at 0x7f8fa51ab9b0>,43,26,[3 6],44,-1,135,-1,109
1,<environment.Job instance at 0x7f8fa54b02d0>,47,24,[5 2],48,-1,135,-1,111
1,<environment.Job instance at 0x7f8fa55b3fa0>,49,17,[ 1 14],50,-1,128,-1,111
1,<environment.Job instance at 0x7f8fa54b0cd0>,50,25,[2 9],51,-1,138,-1,113
1,<environment.Job instance at 0x7f8fa54b0730>,46,23,[4 9],47,-1,137,-1,114
1,<environment.Job instance at 0x7f8fa5518e60>,58,27,[ 3 11],59,-1,162,-1,135
1,<environment.Job instance at 0x7f8fa4ff8820>,59,21,[ 3 13],60,-1,156,-1,135
1,<environment.Job instance at 0x7f8fae578b40>,0,18,[1 9],1,-1,19,-1,1
1,<environment.Job instance at 0x7f8fae578d20>,2,17,[9 4],3,-1,21,-1,4
1,<environment.Job instance at 0x7f8fae578f00>,3,17,[6 1],4,-1,21,-1,4
1,<environment.Job instance at 0x7f8fae578a50>,6,19,[2 9],7,-1,29,-1,10
1,<environment.Job instance at 0x7f8fae578c80>,10,19,[8 3],11,-1,30,-1,11
1,<environment.Job instance at 0x7f8fae578870>,9,17,[9 2],10,-1,28,-1,11
1,<environment.Job instance at 0x7f8fae578e10>,11,22,[10  3],12,-1,37,-1,15
1,<environment.Job instance at 0x7f8fa4fdcaa0>,17,17,[5 9],18,-1,35,-1,18
1,<environment.Job instance at 0x7f8fa4fdc460>,14,15,[4 7],15,-1,33,-1,18
1,<environment.Job instance at 0x7f8fa4fdceb0>,25,27,[5 4],26,-1,166,-1,139
1,<environment.Job instance at 0x7f8fa59c1be0>,4,17,[ 3 13],5,-1,22,-1,5
1,<environment.Job instance at 0x7f8fa56b94b0>,5,14,[14  2],6,-1,20,-1,6
1,<environment.Job instance at 0x7f8fa5ee85f0>,8,2,[ 5 11],9,-1,11,-1,9
1,<environment.Job instance at 0x7f8fa54b0cd0>,15,1,[12  1],16,-1,31,-1,30
1,<environment.Job instance at 0x7f8fa4ded820>,16,25,[9 1],17,-1,58,-1,33
1,<environment.Job instance at 0x7f8fa54b0a50>,18,18,[ 5 14],19,-1,51,-1,33
1,<environment.Job instance at 0x7f8fa54b00a0>,19,22,[14  2],20,-1,55,-1,33
1,<environment.Job instance at 0x7f8fae8d4780>,25,27,[5 4],26,-1,90,-1,63
1,<environment.Job instance at 0x7f8fa510a280>,26,28,[7 5],27,-1,91,-1,63
1,<environment.Job instance at 0x7f8fa4fa1c80>,28,28,[14  2],29,-1,91,-1,63
1,<environment.Job instance at 0x7f8fa5394410>,31,22,[ 5 14],32,-1,95,-1,73
1,<environment.Job instance at 0x7f8fa5603870>,32,26,[8 5],33,-1,106,-1,80
1,<environment.Job instance at 0x7f8fa4a38e10>,35,13,[13  5],36,-1,99,-1,86
1,<environment.Job instance at 0x7f8fa5842780>,36,14,[ 2 13],37,-1,100,-1,86
1,<environment.Job instance at 0x7f8fa54fb3c0>,38,1,[13  3],39,-1,87,-1,86
1,<environment.Job instance at 0x7f8fa51945f0>,43,2,[ 4 12],44,-1,107,-1,105
1,<environment.Job instance at 0x7f8fa4d0e1e0>,46,1,[ 5 12],47,-1,123,-1,122
1,<environment.Job instance at 0x7f8fae578d70>,47,22,[13  5],48,-1,144,-1,122
1,<environment.Job instance at 0x7f8fae578190>,48,27,[5 3],49,-1,150,-1,123
1,<environment.Job instance at 0x7f8fa51da730>,51,24,[5 4],52,-1,160,-1,136
1,<environment.Job instance at 0x7f8fa51da3c0>,52,18,[12  1],53,-1,154,-1,136
1,<environment.Job instance at 0x7f8fa51da910>,54,13,[ 5 14],55,-1,149,-1,136
1,<environment.Job instance at 0x7f8fa51dab90>,55,17,[ 5 13],56,-1,153,-1,136
1,<environment.Job instance at 0x7f8fa51da780>,56,3,[12  5],57,-1,139,-1,136
1,<environment.Job instance at 0x7f8fa4773460>,0,17,[2 6],1,-1,18,-1,1
1,<environment.Job instance at 0x7f8fa4773cd0>,2,19,[1 7],3,-1,23,-1,4
1,<environment.Job instance at 0x7f8fa59b4190>,3,25,[1 5],4,-1,29,-1,4
1,<environment.Job instance at 0x7f8fa4815460>,10,15,[9 4],11,-1,26,-1,11
1,<environment.Job instance at 0x7f8fa4815550>,11,15,[4 7],12,-1,27,-1,12
1,<environment.Job instance at 0x7f8fa4815c80>,12,23,[9 2],13,-1,36,-1,13
1,<environment.Job instance at 0x7f8fa4815140>,15,15,[4 8],16,-1,31,-1,16
1,<environment.Job instance at 0x7f8fa48151e0>,18,17,[7 4],19,-1,36,-1,19
1,<environment.Job instance at 0x7f8fa4815eb0>,22,15,[8 2],23,-1,38,-1,23
1,<environment.Job instance at 0x7f8fa4815af0>,9,17,[11  4],10,-1,63,-1,46
1,<environment.Job instance at 0x7f8fa47eca00>,29,12,[11  4],30,-1,58,-1,46
1,<environment.Job instance at 0x7f8fa47ecaf0>,31,17,[5 5],32,-1,63,-1,46
1,<environment.Job instance at 0x7f8fa4815be0>,8,20,[ 4 13],9,-1,66,-1,46
1,<environment.Job instance at 0x7f8fa47ec730>,34,18,[14  4],35,-1,65,-1,47
1,<environment.Job instance at 0x7f8fa47ec5a0>,33,17,[3 8],34,-1,64,-1,47
1,<environment.Job instance at 0x7f8fa47eccd0>,36,18,[5 5],37,-1,65,-1,47
1,<environment.Job instance at 0x7f8fa47ec190>,28,26,[14  5],29,-1,73,-1,47
1,<environment.Job instance at 0x7f8fa47ec140>,37,14,[5 7],38,-1,61,-1,47
1,<environment.Job instance at 0x7f8fa47ecb90>,39,16,[4 7],40,-1,63,-1,47
1,<environment.Job instance at 0x7f8fa5bf7410>,1,28,[7 3],2,-1,30,-1,2
1,<environment.Job instance at 0x7f8fa581fa50>,5,18,[ 2 11],6,-1,24,-1,6
1,<environment.Job instance at 0x7f8fa5bee140>,8,20,[ 4 13],9,-1,29,-1,9
1,<environment.Job instance at 0x7f8fa5bdd3c0>,9,17,[11  4],10,-1,27,-1,10
1,<environment.Job instance at 0x7f8fa581f370>,3,25,[1 5],4,-1,43,-1,18
1,<environment.Job instance at 0x7f8fa5bdda00>,12,23,[9 2],13,-1,43,-1,20
1,<environment.Job instance at 0x7f8fa581dcd0>,4,25,[ 3 10],5,-1,63,-1,38
1,<environment.Job instance at 0x7f8fa5bc6230>,19,27,[ 1 14],20,-1,65,-1,38
1,<environment.Job instance at 0x7f8fa5e34640>,23,22,[12  2],24,-1,62,-1,40
1,<environment.Job instance at 0x7f8fa5e347d0>,24,27,[7 4],25,-1,68,-1,41
1,<environment.Job instance at 0x7f8fa5e307d0>,28,26,[14  5],29,-1,70,-1,44
1,<environment.Job instance at 0x7f8fa5858b40>,29,12,[11  4],30,-1,56,-1,44
1,<environment.Job instance at 0x7f8fa5858f00>,30,26,[8 3],31,-1,85,-1,59
1,<environment.Job instance at 0x7f8fa5e38d70>,34,18,[14  4],35,-1,77,-1,59
1,<environment.Job instance at 0x7f8fa57abaa0>,38,24,[4 7],39,-1,116,-1,92
1,<environment.Job instance at 0x7f8fa5e67aa0>,41,2,[12  1],42,-1,102,-1,100
1,<environment.Job instance at 0x7f8fa5e67c30>,43,23,[ 4 12],44,-1,126,-1,103
1,<environment.Job instance at 0x7f8fa5e67280>,44,26,[ 4 14],45,-1,129,-1,103
1,<environment.Job instance at 0x7f8fa5e672d0>,45,15,[ 1 14],46,-1,118,-1,103
1,<environment.Job instance at 0x7f8fa5e565f0>,46,14,[11  2],47,-1,117,-1,103
1,<environment.Job instance at 0x7f8fa5e56690>,47,13,[13  4],48,-1,116,-1,103
1,<environment.Job instance at 0x7f8fa5e46d20>,49,27,[ 4 13],50,-1,131,-1,104
1,<environment.Job instance at 0x7f8fa5e461e0>,50,23,[ 4 10],51,-1,131,-1,108
1,<environment.Job instance at 0x7f8fa5e46910>,51,15,[ 4 12],52,-1,123,-1,108
1,<environment.Job instance at 0x7f8fa5e29dc0>,53,1,[ 5 11],54,-1,109,-1,108
1,<environment.Job instance at 0x7f8fa5e29320>,54,28,[7 3],55,-1,148,-1,120
1,<environment.Job instance at 0x7f8fa5bf5b40>,55,27,[3 8],56,-1,147,-1,120
1,<environment.Job instance at 0x7f8fa5bf5960>,56,23,[5 9],57,-1,143,-1,120
1,<environment.Job instance at 0x7f8fa5a93cd0>,61,13,[11  4],62,-1,150,-1,137
1,<environment.Job instance at 0x7f8fa5891230>,62,12,[11  5],63,-1,149,-1,137
1,<environment.Job instance at 0x7f8fa5c8f820>,0,23,[ 5 10],1,-1,24,-1,1
1,<environment.Job instance at 0x7f8fa5bccaf0>,0,23,[ 5 10],1,-1,24,-1,1
1,<environment.Job instance at 0x7f8fa5bcc780>,2,22,[ 1 14],3,-1,25,-1,3
1,<environment.Job instance at 0x7f8fa5bcce60>,3,3,[11  2],4,-1,7,-1,4
1,<environment.Job instance at 0x7f8fa5bcc9b0>,4,25,[ 1 14],5,-1,30,-1,5
1,<environment.Job instance at 0x7f8fa4d14460>,5,25,[12  3],6,-1,31,-1,6
1,<environment.Job instance at 0x7f8fa5bcc2d0>,6,27,[ 4 11],7,-1,34,-1,7
1,<environment.Job instance at 0x7f8fa5be45a0>,10,3,[ 3 11],11,-1,14,-1,11
1,<environment.Job instance at 0x7f8fa5be4a50>,11,21,[ 4 11],12,-1,33,-1,12
1,<environment.Job instance at 0x7f8fa5be44b0>,12,28,[2 8],13,-1,41,-1,13
1,<environment.Job instance at 0x7f8fa49c0d70>,13,25,[ 1 12],14,-1,39,-1,14
1,<environment.Job instance at 0x7f8fa49c0aa0>,14,16,[ 5 13],15,-1,31,-1,15
1,<environment.Job instance at 0x7f8fa5be4be0>,15,23,[5 5],16,-1,39,-1,16
1,<environment.Job instance at 0x7f8fa49c0460>,16,3,[ 4 14],17,-1,20,-1,17
1,<environment.Job instance at 0x7f8fa5ee9500>,17,15,[14  4],18,-1,33,-1,18
1,<environment.Job instance at 0x7f8fae56a370>,19,25,[4 7],20,-1,45,-1,20
1,<environment.Job instance at 0x7f8fa5ab13c0>,20,3,[11  5],21,-1,24,-1,21
1,<environment.Job instance at 0x7f8fa5ab1550>,21,3,[ 4 14],22,-1,25,-1,22
1,<environment.Job instance at 0x7f8fa5e8f820>,22,28,[ 4 11],23,-1,51,-1,23
1,<environment.Job instance at 0x7f8fa57cb140>,24,18,[11  1],25,-1,43,-1,25
1,<environment.Job instance at 0x7f8fa57cbf50>,28,27,[3 6],29,-1,59,-1,32
1,<environment.Job instance at 0x7f8fa5e2dc80>,34,27,[4 5],35,-1,66,-1,39
1,<environment.Job instance at 0x7f8fa5e32410>,35,16,[11  1],36,-1,55,-1,39
1,<environment.Job instance at 0x7f8fa4b14a50>,36,16,[ 1 12],37,-1,55,-1,39
1,<environment.Job instance at 0x7f8fa4b149b0>,37,28,[10  5],38,-1,67,-1,39
1,<environment.Job instance at 0x7f8fa5e2de10>,38,25,[8 4],39,-1,64,-1,39
1,<environment.Job instance at 0x7f8fa5ab1050>,26,24,[3 8],27,-1,64,-1,40
1,<environment.Job instance at 0x7f8fa5879b90>,40,18,[13  1],41,-1,59,-1,41
1,<environment.Job instance at 0x7f8fa5879190>,42,14,[ 1 14],43,-1,57,-1,43
1,<environment.Job instance at 0x7f8fa586b960>,45,25,[8 3],46,-1,79,-1,54
1,<environment.Job instance at 0x7f8fa57b48c0>,48,24,[11  1],49,-1,80,-1,56
1,<environment.Job instance at 0x7f8fa5bf5aa0>,51,25,[5 7],52,-1,93,-1,68
1,<environment.Job instance at 0x7f8fa5bf5a50>,53,18,[11  2],54,-1,86,-1,68
1,<environment.Job instance at 0x7f8fa5e29dc0>,56,14,[12  3],57,-1,89,-1,75
1,<environment.Job instance at 0x7f8fa5e56640>,59,28,[4 5],60,-1,130,-1,102
1,<environment.Job instance at 0x7f8fa5e67370>,64,24,[14  3],65,-1,130,-1,106
1,<environment.Job instance at 0x7f8fa5e64820>,66,2,[14  2],67,-1,109,-1,107
1,<environment.Job instance at 0x7f8fa5e38c80>,71,26,[ 5 11],72,-1,151,-1,125
1,<environment.Job instance at 0x7f8fa5858f50>,74,26,[2 7],75,-1,162,-1,136
1,<environment.Job instance at 0x7f8fa48720a0>,2,22,[8 5],3,-1,26,-1,4
1,<environment.Job instance at 0x7f8fa4872b90>,4,14,[8 2],5,-1,19,-1,5
1,<environment.Job instance at 0x7f8fa4644aa0>,6,17,[10  3],7,-1,24,-1,7
1,<environment.Job instance at 0x7f8fa4644640>,7,13,[5 2],8,-1,21,-1,8
1,<environment.Job instance at 0x7f8fa4644500>,8,12,[9 4],9,-1,21,-1,9
1,<environment.Job instance at 0x7f8fa4644b90>,9,18,[5 3],10,-1,28,-1,10
1,<environment.Job instance at 0x7f8fa4644c80>,10,20,[5 4],11,-1,31,-1,11
1,<environment.Job instance at 0x7f8fa4644fa0>,11,23,[8 1],12,-1,35,-1,12
1,<environment.Job instance at 0x7f8fa5e3beb0>,18,22,[4 5],19,-1,41,-1,19
1,<environment.Job instance at 0x7f8fa5e3bb40>,19,23,[3 6],20,-1,43,-1,20
1,<environment.Job instance at 0x7f8fa5b5da00>,1,12,[11  2],2,-1,14,-1,2
1,<environment.Job instance at 0x7f8fa5b5d410>,3,19,[ 5 11],4,-1,23,-1,4
1,<environment.Job instance at 0x7f8fa5b5de60>,5,1,[ 1 12],6,-1,7,-1,6
1,<environment.Job instance at 0x7f8fa5579190>,12,15,[14  5],13,-1,36,-1,21
1,<environment.Job instance at 0x7f8fa5bc6820>,13,19,[12  4],14,-1,40,-1,21
1,<environment.Job instance at 0x7f8fa5bc6370>,14,19,[11  1],15,-1,40,-1,21
1,<environment.Job instance at 0x7f8fa55795a0>,11,23,[8 1],12,-1,48,-1,25
1,<environment.Job instance at 0x7f8fa5bc6230>,17,2,[ 3 14],18,-1,27,-1,25
1,<environment.Job instance at 0x7f8fa5bc6190>,19,23,[3 6],20,-1,49,-1,26
1,<environment.Job instance at 0x7f8fa5bf78c0>,20,2,[ 3 13],21,-1,28,-1,26
1,<environment.Job instance at 0x7f8fa5bf7410>,21,27,[ 1 10],22,-1,53,-1,26
1,<environment.Job instance at 0x7f8fa5bf7f00>,22,18,[ 2 14],23,-1,44,-1,26
1,<environment.Job instance at 0x7f8fa581f140>,26,25,[ 2 14],27,-1,53,-1,28
1,<environment.Job instance at 0x7f8fa5bfe050>,30,21,[14  4],31,-1,61,-1,40
1,<environment.Job instance at 0x7f8fa5bfe190>,31,18,[ 4 13],32,-1,58,-1,40
1,<environment.Job instance at 0x7f8fa5e30870>,34,26,[8 3],35,-1,84,-1,58
1,<environment.Job instance at 0x7f8fa5e300f0>,35,18,[11  1],36,-1,76,-1,58
1,<environment.Job instance at 0x7f8fa5e30b90>,36,12,[ 4 12],37,-1,70,-1,58
1,<environment.Job instance at 0x7f8fa5858b40>,37,27,[4 8],38,-1,85,-1,58
1,<environment.Job instance at 0x7f8fa5e38370>,40,24,[5 6],41,-1,92,-1,68
1,<environment.Job instance at 0x7f8fa5e647d0>,43,17,[ 3 14],44,-1,93,-1,76
1,<environment.Job instance at 0x7f8fa5e642d0>,44,23,[8 5],45,-1,108,-1,85
1,<environment.Job instance at 0x7f8fa5e67eb0>,49,28,[2 5],50,-1,121,-1,93
1,<environment.Job instance at 0x7f8fa5e565f0>,50,28,[ 2 14],51,-1,121,-1,93
1,<environment.Job instance at 0x7f8fa5e468c0>,53,24,[10  1],54,-1,125,-1,101
1,<environment.Job instance at 0x7f8fa5bf5320>,55,27,[5 8],56,-1,134,-1,107
1,<environment.Job instance at 0x7f8fa5a93cd0>,57,12,[13  5],58,-1,119,-1,107
1,<environment.Job instance at 0x7f8fa5bf5b40>,58,15,[ 5 12],59,-1,122,-1,107
1,<environment.Job instance at 0x7f8fa5e2e910>,60,23,[10  4],61,-1,138,-1,115
1,<environment.Job instance at 0x7f8fa5e2d500>,65,24,[10  1],66,-1,158,-1,134
1,<environment.Job instance at 0x7f8fa5e2de10>,66,26,[5 8],67,-1,164,-1,138
1,<environment.Job instance at 0x7f8fa5e2dc80>,69,16,[ 3 14],70,-1,154,-1,138
1,<environment.Job instance at 0x7f8fa5ab13c0>,72,15,[13  3],73,-1,153,-1,138
1,<environment.Job instance at 0x7f8fa5a1d910>,6,17,[10  3],7,-1,25,-1,8
1,<environment.Job instance at 0x7f8fa5a1d3c0>,8,16,[9 2],9,-1,25,-1,9
1,<environment.Job instance at 0x7f8fa5a1d410>,11,21,[6 4],12,-1,33,-1,12
1,<environment.Job instance at 0x7f8fa5a1da00>,12,13,[ 4 10],13,-1,26,-1,13
1,<environment.Job instance at 0x7f8fa5a1dfa0>,13,15,[8 5],14,-1,29,-1,14
1,<environment.Job instance at 0x7f8fa5a1d5f0>,14,22,[3 9],15,-1,37,-1,15
1,<environment.Job instance at 0x7f8fa5a1db40>,15,12,[1 7],16,-1,28,-1,16
1,<environment.Job instance at 0x7f8fa5a1d050>,16,23,[3 9],17,-1,40,-1,17
1,<environment.Job instance at 0x7f8fa5a1d9b0>,18,23,[9 5],19,-1,42,-1,19
1,<environment.Job instance at 0x7f8fa57cc730>,7,17,[ 3 10],8,-1,47,-1,30
1,<environment.Job instance at 0x7f8fa4ee9d70>,30,18,[8 3],31,-1,49,-1,31
1,<environment.Job instance at 0x7f8fa4ee9c30>,32,25,[6 2],33,-1,62,-1,37
1,<environment.Job instance at 0x7f8fa4ee9820>,31,12,[7 5],32,-1,49,-1,37
1,<environment.Job instance at 0x7f8fa5a1d780>,10,14,[ 4 13],11,-1,51,-1,37
1,<environment.Job instance at 0x7f8fa4ee92d0>,29,20,[7 4],30,-1,57,-1,37
1,<environment.Job instance at 0x7f8fa4ee96e0>,35,24,[5 6],36,-1,61,-1,37
1,<environment.Job instance at 0x7f8fa4ee93c0>,38,13,[1 7],39,-1,62,-1,49
1,<environment.Job instance at 0x7f8fa4ee9780>,42,18,[4 5],43,-1,67,-1,49
1,<environment.Job instance at 0x7f8fa4b94e60>,43,26,[10  2],44,-1,75,-1,49
1,<environment.Job instance at 0x7f8fa4b94960>,44,17,[8 3],45,-1,68,-1,51
1,<environment.Job instance at 0x7f8fa4ee9280>,36,18,[ 1 10],37,-1,69,-1,51
1,<environment.Job instance at 0x7f8fa4b94a00>,45,14,[9 3],46,-1,65,-1,51
1,<environment.Job instance at 0x7f8fa4ee9e60>,39,15,[ 4 11],40,-1,67,-1,52
1,<environment.Job instance at 0x7f8fa4ee9500>,37,25,[ 2 13],38,-1,78,-1,53
1,<environment.Job instance at 0x7f8fa4b945a0>,48,15,[3 7],49,-1,68,-1,53
1,<environment.Job instance at 0x7f8fa486d730>,50,28,[4 9],51,-1,81,-1,53
1,<environment.Job instance at 0x7f8fa4d22eb0>,0,24,[12  2],1,-1,25,-1,1
1,<environment.Job instance at 0x7f8fa4d1e870>,1,12,[ 2 12],2,-1,14,-1,2
1,<environment.Job instance at 0x7f8fa505e5f0>,10,14,[ 4 13],11,-1,25,-1,11
1,<environment.Job instance at 0x7f8fa4d18280>,16,23,[3 9],17,-1,60,-1,37
1,<environment.Job instance at 0x7f8fa4d18f50>,17,24,[ 4 14],18,-1,61,-1,37
1,<environment.Job instance at 0x7f8fa4d115a0>,19,13,[ 4 13],20,-1,50,-1,37
1,<environment.Job instance at 0x7f8fa5a65500>,21,14,[ 1 11],22,-1,51,-1,37
1,<environment.Job instance at 0x7f8fa4d10730>,22,24,[7 4],23,-1,64,-1,40
1,<environment.Job instance at 0x7f8fa4d295a0>,27,12,[14  4],28,-1,62,-1,50
1,<environment.Job instance at 0x7f8fa4d18820>,18,23,[9 5],19,-1,76,-1,53
1,<environment.Job instance at 0x7f8fa506e960>,32,25,[6 2],33,-1,92,-1,67
1,<environment.Job instance at 0x7f8fa506e780>,33,2,[ 1 13],34,-1,69,-1,67
1,<environment.Job instance at 0x7f8fa506e5a0>,35,24,[5 6],36,-1,94,-1,70
1,<environment.Job instance at 0x7f8fa4d17640>,37,25,[ 2 13],38,-1,95,-1,70
1,<environment.Job instance at 0x7f8fa4d21be0>,39,15,[ 4 11],40,-1,88,-1,73
1,<environment.Job instance at 0x7f8fa4d21c30>,40,26,[6 2],41,-1,99,-1,73
1,<environment.Job instance at 0x7f8fa4d21230>,43,26,[10  2],44,-1,106,-1,80
1,<environment.Job instance at 0x7f8fa4895960>,47,17,[14  5],48,-1,114,-1,97
1,<environment.Job instance at 0x7f8fa48869b0>,51,1,[12  5],52,-1,111,-1,110
1,<environment.Job instance at 0x7f8fa4886f00>,52,1,[ 2 14],53,-1,111,-1,110
1,<environment.Job instance at 0x7f8fa4d03dc0>,54,2,[14  3],55,-1,112,-1,110
1,<environment.Job instance at 0x7f8fa4895af0>,50,28,[4 9],51,-1,153,-1,125
1,<environment.Job instance at 0x7f8fa4d03320>,55,28,[10  3],56,-1,155,-1,127
1,<environment.Job instance at 0x7f8fa5538a00>,3,22,[3 7],4,-1,27,-1,5
1,<environment.Job instance at 0x7f8fa5538870>,6,14,[3 7],7,-1,21,-1,7
1,<environment.Job instance at 0x7f8fa5538460>,8,12,[11  5],9,-1,21,-1,9
1,<environment.Job instance at 0x7f8fa554a0f0>,10,12,[9 1],11,-1,23,-1,11
1,<environment.Job instance at 0x7f8fa554ab40>,11,19,[6 2],12,-1,31,-1,12
1,<environment.Job instance at 0x7f8fa554ab90>,12,18,[10  2],13,-1,31,-1,13
1,<environment.Job instance at 0x7f8fa554abe0>,14,14,[11  1],15,-1,29,-1,15
1,<environment.Job instance at 0x7f8fa554a820>,16,24,[5 5],17,-1,41,-1,17
1,<environment.Job instance at 0x7f8fa554aaa0>,17,15,[ 4 11],18,-1,33,-1,18
1,<environment.Job instance at 0x7f8fa4fe9b40>,0,23,[13  4],1,-1,24,-1,1
1,<environment.Job instance at 0x7f8fa5d317d0>,1,17,[12  2],2,-1,19,-1,2
1,<environment.Job instance at 0x7f8fa5f80960>,7,17,[14  5],8,-1,25,-1,8
1,<environment.Job instance at 0x7f8fa4da6870>,8,12,[11  5],9,-1,21,-1,9
1,<environment.Job instance at 0x7f8fa57930a0>,13,12,[ 1 13],14,-1,38,-1,26
1,<environment.Job instance at 0x7f8fa4d93690>,14,14,[11  1],15,-1,40,-1,26
1,<environment.Job instance at 0x7f8fa51d7960>,15,3,[14  1],16,-1,29,-1,26
1,<environment.Job instance at 0x7f8fa51d4460>,16,24,[5 5],17,-1,50,-1,26
1,<environment.Job instance at 0x7f8fa4630280>,17,15,[ 4 11],18,-1,41,-1,26
1,<environment.Job instance at 0x7f8fa54a55a0>,19,21,[ 1 14],20,-1,47,-1,26
1,<environment.Job instance at 0x7f8fa5486b40>,22,16,[ 4 14],23,-1,45,-1,29
1,<environment.Job instance at 0x7f8fa5fd80a0>,24,16,[ 2 12],25,-1,47,-1,31
1,<environment.Job instance at 0x7f8fa4fdbaf0>,25,17,[13  4],26,-1,48,-1,31
1,<environment.Job instance at 0x7f8fa56b7c30>,26,1,[ 5 11],27,-1,32,-1,31
1,<environment.Job instance at 0x7f8fa5647dc0>,31,1,[12  5],32,-1,47,-1,46
1,<environment.Job instance at 0x7f8fa5a33910>,34,26,[ 2 12],35,-1,82,-1,56
1,<environment.Job instance at 0x7f8fa5a33640>,36,1,[ 3 12],37,-1,60,-1,59
1,<environment.Job instance at 0x7f8fa5a332d0>,39,3,[11  1],40,-1,73,-1,70
1,<environment.Job instance at 0x7f8fa5a338c0>,37,24,[10  3],38,-1,99,-1,75
1,<environment.Job instance at 0x7f8faeb57aa0>,42,26,[5 5],43,-1,102,-1,76
1,<environment.Job instance at 0x7f8fa5a331e0>,43,21,[13  1],44,-1,97,-1,76
1,<environment.Job instance at 0x7f8fa5304e60>,52,26,[ 3 11],53,-1,129,-1,103
1,<environment.Job instance at 0x7f8fa51cfa50>,51,25,[9 4],52,-1,134,-1,109
1,<environment.Job instance at 0x7f8fa51cf370>,54,26,[12  4],55,-1,135,-1,109
1,<environment.Job instance at 0x7f8fa53784b0>,55,1,[12  4],56,-1,110,-1,109
1,<environment.Job instance at 0x7f8fa5378870>,56,26,[5 2],57,-1,135,-1,109
1,<environment.Job instance at 0x7f8fa5378820>,57,24,[9 3],58,-1,133,-1,109
1,<environment.Job instance at 0x7f8fa5378e10>,58,26,[6 3],59,-1,135,-1,109
1,<environment.Job instance at 0x7f8fa54970a0>,60,20,[14  3],61,-1,129,-1,109
1,<environment.Job instance at 0x7f8fa55ee3c0>,1,18,[5 5],2,-1,20,-1,2
1,<environment.Job instance at 0x7f8fa55ee460>,12,18,[ 3 10],13,-1,32,-1,14
1,<environment.Job instance at 0x7f8fa5107230>,14,14,[ 5 11],15,-1,29,-1,15
1,<environment.Job instance at 0x7f8fa5c7bb40>,0,2,[14  4],1,-1,3,-1,1
1,<environment.Job instance at 0x7f8fa541a4b0>,2,16,[12  2],3,-1,19,-1,3
1,<environment.Job instance at 0x7f8fa4d337d0>,3,13,[ 4 14],4,-1,17,-1,4
1,<environment.Job instance at 0x7f8fa5a0ebe0>,6,13,[14  3],7,-1,20,-1,7
1,<environment.Job instance at 0x7f8faeb473c0>,11,12,[11  5],12,-1,32,-1,20
1,<environment.Job instance at 0x7f8fa47d00a0>,14,14,[ 5 11],15,-1,35,-1,21
1,<environment.Job instance at 0x7f8fa47d0730>,15,17,[ 3 14],16,-1,38,-1,21
1,<environment.Job instance at 0x7f8fa47d01e0>,16,23,[7 5],17,-1,47,-1,24
1,<environment.Job instance at 0x7f8fa5dafa50>,18,23,[1 5],19,-1,47,-1,24
1,<environment.Job instance at 0x7f8fa4667690>,20,26,[ 1 11],21,-1,50,-1,24
1,<environment.Job instance at 0x7f8fa5bf7460>,21,12,[13  4],22,-1,36,-1,24
1,<environment.Job instance at 0x7f8fa5762d70>,23,15,[ 1 11],24,-1,41,-1,26
1,<environment.Job instance at 0x7f8fa5970910>,25,2,[13  4],26,-1,31,-1,29
1,<environment.Job instance at 0x7f8fa53784b0>,31,13,[13  4],32,-1,55,-1,42
1,<environment.Job instance at 0x7f8fa5378960>,32,24,[ 1 10],33,-1,80,-1,56
1,<environment.Job instance at 0x7f8fae5a4f00>,37,13,[11  1],38,-1,71,-1,58
1,<environment.Job instance at 0x7f8fae5a4230>,38,17,[14  5],39,-1,75,-1,58
1,<environment.Job instance at 0x7f8fae5a40a0>,39,14,[13  2],40,-1,72,-1,58
1,<environment.Job instance at 0x7f8fa54869b0>,40,16,[ 5 13],41,-1,74,-1,58
1,<environment.Job instance at 0x7f8fa5486c80>,41,28,[14  3],42,-1,86,-1,58
1,<environment.Job instance at 0x7f8fa51d7960>,43,13,[ 3 13],44,-1,72,-1,59
1,<environment.Job instance at 0x7f8fa4853960>,45,24,[5 5],46,-1,95,-1,71
1,<environment.Job instance at 0x7f8fa5451a50>,46,18,[13  5],47,-1,89,-1,71
1,<environment.Job instance at 0x7f8fa5467460>,48,14,[ 5 14],49,-1,85,-1,71
1,<environment.Job instance at 0x7f8fa56468c0>,52,12,[ 2 14],53,-1,100,-1,88
1,<environment.Job instance at 0x7f8fa4ef8460>,55,17,[14  4],56,-1,119,-1,102
1,<environment.Job instance at 0x7f8fa5d65730>,56,12,[ 1 13],57,-1,114,-1,102
1,<environment.Job instance at 0x7f8fa5b9bdc0>,60,17,[14  3],61,-1,122,-1,105
1,<environment.Job instance at 0x7f8fa5b9b460>,61,1,[ 1 13],62,-1,106,-1,105
1,<environment.Job instance at 0x7f8fa57ae9b0>,62,25,[ 4 12],63,-1,130,-1,105
1,<environment.Job instance at 0x7f8fa51f2fa0>,65,13,[ 2 11],66,-1,130,-1,117
1,<environment.Job instance at 0x7f8fa51f2550>,67,14,[14  1],68,-1,132,-1,118
1,<environment.Job instance at 0x7f8fa51f25f0>,68,19,[ 3 11],69,-1,137,-1,118
1,<environment.Job instance at 0x7f8fa57ae8c0>,63,23,[ 1 10],64,-1,147,-1,124
1,<environment.Job instance at 0x7f8fa51f2b90>,70,15,[14  4],71,-1,139,-1,124
1,<environment.Job instance at 0x7f8fa51f2280>,71,28,[4 5],72,-1,152,-1,124
1,<environment.Job instance at 0x7f8fa5f958c0>,76,2,[12  3],77,-1,139,-1,137
1,<environment.Job instance at 0x7f8fa58ee370>,18,16,[ 4 11],19,-1,51,-1,35
1,<environment.Job instance at 0x7f8fa590dc80>,8,28,[1 8],9,-1,63,-1,35
1,<environment.Job instance at 0x7f8fa5032af0>,14,27,[ 3 10],15,-1,62,-1,35
1,<environment.Job instance at 0x7f8fa58ee690>,22,14,[ 3 11],23,-1,49,-1,35
1,<environment.Job instance at 0x7f8fa58ee5f0>,19,28,[ 4 13],20,-1,63,-1,35
1,<environment.Job instance at 0x7f8fa5ef9c80>,0,21,[ 4 14],1,-1,22,-1,1
1,<environment.Job instance at 0x7f8fae9dddc0>,1,14,[ 1 13],2,-1,16,-1,2
1,<environment.Job instance at 0x7f8faea635a0>,2,16,[12  5],3,-1,19,-1,3
1,<environment.Job instance at 0x7f8fae9ddd70>,3,28,[4 5],4,-1,32,-1,4
1,<environment.Job instance at 0x7f8fa5f2ae60>,6,25,[ 2 14],7,-1,32,-1,7
1,<environment.Job instance at 0x7f8fa5177320>,7,1,[ 1 11],8,-1,9,-1,8
1,<environment.Job instance at 0x7f8fa5177960>,8,28,[1 8],9,-1,37,-1,9
1,<environment.Job instance at 0x7f8fa4be8c80>,14,27,[ 3 10],15,-1,50,-1,23
1,<environment.Job instance at 0x7f8fa4e60550>,18,16,[ 4 11],19,-1,39,-1,23
1,<environment.Job instance at 0x7f8fa4bf23c0>,19,28,[ 4 13],20,-1,51,-1,23
1,<environment.Job instance at 0x7f8fa536ab90>,20,15,[ 5 14],21,-1,38,-1,23
1,<environment.Job instance at 0x7f8fa4619eb0>,21,3,[ 2 14],22,-1,26,-1,23
1,<environment.Job instance at 0x7f8fa4607aa0>,22,14,[ 3 11],23,-1,37,-1,23
1,<environment.Job instance at 0x7f8fa598ec30>,28,14,[ 2 14],29,-1,45,-1,31
1,<environment.Job instance at 0x7f8fa47ec230>,30,23,[14  2],31,-1,55,-1,32
1,<environment.Job instance at 0x7f8fa47ff5a0>,37,17,[ 4 14],38,-1,74,-1,57
1,<environment.Job instance at 0x7f8fa5158320>,39,17,[12  4],40,-1,74,-1,57
1,<environment.Job instance at 0x7f8fa4f4e3c0>,40,14,[ 3 11],41,-1,71,-1,57
1,<environment.Job instance at 0x7f8fa4f4e320>,41,16,[ 4 13],42,-1,73,-1,57
1,<environment.Job instance at 0x7f8fa4f7a5a0>,42,24,[ 1 11],43,-1,81,-1,57
1,<environment.Job instance at 0x7f8fa4f7a550>,43,17,[ 4 11],44,-1,74,-1,57
1,<environment.Job instance at 0x7f8fa4f685a0>,45,2,[ 2 12],46,-1,71,-1,69
1,<environment.Job instance at 0x7f8fa5156c80>,48,27,[ 3 10],49,-1,99,-1,72
1,<environment.Job instance at 0x7f8fa5156960>,49,25,[8 1],50,-1,97,-1,72
1,<environment.Job instance at 0x7f8fa4f5f370>,52,23,[5 4],53,-1,98,-1,75
1,<environment.Job instance at 0x7f8fa4f6e410>,53,28,[3 6],54,-1,103,-1,75
1,<environment.Job instance at 0x7f8fa4f6ef50>,54,20,[14  5],55,-1,95,-1,75
1,<environment.Job instance at 0x7f8fa4f6ee10>,56,17,[14  1],57,-1,92,-1,75
1,<environment.Job instance at 0x7f8fa4611f00>,58,28,[4 5],59,-1,115,-1,87
1,<environment.Job instance at 0x7f8fa4f4ba00>,61,23,[6 2],62,-1,110,-1,87
1,<environment.Job instance at 0x7f8fa4611eb0>,59,26,[1 7],60,-1,115,-1,89
1,<environment.Job instance at 0x7f8fa516c7d0>,64,27,[3 8],65,-1,116,-1,89
1,<environment.Job instance at 0x7f8fa516cb90>,66,2,[ 4 13],67,-1,91,-1,89
1,<environment.Job instance at 0x7f8fa516cfa0>,67,27,[10  5],68,-1,132,-1,105
1,<environment.Job instance at 0x7f8fa5f365f0>,72,18,[14  1],73,-1,139,-1,121
1,<environment.Job instance at 0x7f8fa4d8d640>,76,24,[7 2],77,-1,163,-1,139
1,<environment.Job instance at 0x7f8fa51688c0>,0,26,[5 5],1,-1,27,-1,1
1,<environment.Job instance at 0x7f8fa594e410>,2,1,[10  1],3,-1,5,-1,4
1,<environment.Job instance at 0x7f8fa594e820>,6,16,[4 6],7,-1,23,-1,7
1,<environment.Job instance at 0x7f8fa4dc06e0>,0,26,[5 5],1,-1,27,-1,1
1,<environment.Job instance at 0x7f8fa4dc0780>,1,28,[3 7],2,-1,30,-1,2
1,<environment.Job instance at 0x7f8fa4f5f370>,3,23,[ 2 10],4,-1,27,-1,4
1,<environment.Job instance at 0x7f8fa4f5fb40>,4,12,[13  5],5,-1,17,-1,5
1,<environment.Job instance at 0x7f8fa4bf23c0>,9,14,[14  2],10,-1,24,-1,10
1,<environment.Job instance at 0x7f8fa4be8910>,10,28,[9 4],11,-1,39,-1,11
1,<environment.Job instance at 0x7f8fa59909b0>,11,24,[ 1 13],12,-1,36,-1,12
1,<environment.Job instance at 0x7f8fb5b48960>,12,14,[ 5 13],13,-1,27,-1,13
1,<environment.Job instance at 0x7f8fa594e550>,18,13,[ 3 12],19,-1,36,-1,23
1,<environment.Job instance at 0x7f8fa4f685a0>,21,12,[ 5 12],22,-1,35,-1,23
1,<environment.Job instance at 0x7f8fa4bdd460>,32,23,[ 4 10],33,-1,86,-1,63
1,<environment.Job instance at 0x7f8fa536c190>,34,14,[ 1 14],35,-1,77,-1,63
1,<environment.Job instance at 0x7f8fa4bdd5f0>,36,14,[11  4],37,-1,77,-1,63
1,<environment.Job instance at 0x7f8fa4db2870>,38,18,[ 4 12],39,-1,84,-1,66
1,<environment.Job instance at 0x7f8fa5364e60>,41,25,[5 4],42,-1,106,-1,81
1,<environment.Job instance at 0x7f8fa53642d0>,45,16,[ 5 13],46,-1,113,-1,97
1,<environment.Job instance at 0x7f8fa54236e0>,46,17,[ 2 12],47,-1,114,-1,97
1,<environment.Job instance at 0x7f8fa4fb5c80>,48,25,[ 1 13],49,-1,130,-1,105
1,<environment.Job instance at 0x7f8fa51681e0>,47,25,[9 2],48,-1,137,-1,112
1,<environment.Job instance at 0x7f8fa49c2c80>,56,14,[ 2 12],57,-1,148,-1,134
1,<environment.Job instance at 0x7f8fa5f34b40>,1,23,[ 4 10],2,-1,25,-1,2
1,<environment.Job instance at 0x7f8fa550a280>,12,22,[5 6],13,-1,35,-1,13
1,<environment.Job instance at 0x7f8fa550a730>,24,21,[10  4],25,-1,87,-1,66
1,<environment.Job instance at 0x7f8fa550a960>,22,19,[13  3],23,-1,91,-1,72
1,<environment.Job instance at 0x7f8fa550ab40>,27,20,[8 3],28,-1,92,-1,72
1,<environment.Job instance at 0x7f8fa550ab90>,25,15,[ 3 13],26,-1,87,-1,72
1,<environment.Job instance at 0x7f8fa550aeb0>,34,23,[14  2],35,-1,96,-1,73
1,<environment.Job instance at 0x7f8fa550ac30>,26,17,[9 4],27,-1,90,-1,73
1,<environment.Job instance at 0x7f8fa5505230>,35,25,[5 3],36,-1,108,-1,83
1,<environment.Job instance at 0x7f8fa5505780>,43,23,[8 3],44,-1,119,-1,96
1,<environment.Job instance at 0x7f8fa5505870>,45,14,[3 8],46,-1,110,-1,96
1,<environment.Job instance at 0x7f8fa5505910>,46,28,[8 4],47,-1,124,-1,96
1,<environment.Job instance at 0x7f8fa5b13730>,0,24,[9 1],1,-1,25,-1,1
1,<environment.Job instance at 0x7f8fa5b13dc0>,1,23,[ 4 10],2,-1,25,-1,2
1,<environment.Job instance at 0x7f8fa5b13eb0>,2,27,[7 5],3,-1,30,-1,3
1,<environment.Job instance at 0x7f8fa5b13320>,3,13,[12  4],4,-1,17,-1,4
1,<environment.Job instance at 0x7f8fa4da0910>,4,1,[ 2 14],5,-1,6,-1,5
1,<environment.Job instance at 0x7f8fa4dbc910>,9,1,[ 1 13],10,-1,11,-1,10
1,<environment.Job instance at 0x7f8fa523abe0>,10,3,[ 5 11],11,-1,14,-1,11
1,<environment.Job instance at 0x7f8fa4dbc5f0>,11,21,[ 3 14],12,-1,33,-1,12
1,<environment.Job instance at 0x7f8fa543a370>,15,16,[ 2 11],16,-1,32,-1,16
1,<environment.Job instance at 0x7f8fa4b5bf50>,18,28,[5 3],19,-1,49,-1,21
1,<environment.Job instance at 0x7f8fa4cb8c80>,19,13,[ 4 11],20,-1,34,-1,21
1,<environment.Job instance at 0x7f8fa4cb8410>,22,19,[13  3],23,-1,42,-1,23
1,<environment.Job instance at 0x7f8fa5af8d20>,25,15,[ 3 13],26,-1,52,-1,37
1,<environment.Job instance at 0x7f8fa4d8a3c0>,31,17,[14  4],32,-1,73,-1,56
1,<environment.Job instance at 0x7f8fa4d8acd0>,32,12,[12  2],33,-1,68,-1,56
1,<environment.Job instance at 0x7f8fa4d8a0a0>,34,23,[14  2],35,-1,80,-1,57
1,<environment.Job instance at 0x7f8fa4da2eb0>,35,25,[5 3],36,-1,85,-1,60
1,<environment.Job instance at 0x7f8fa4da2e10>,38,13,[ 4 13],39,-1,84,-1,71
1,<environment.Job instance at 0x7f8fa4da2a00>,42,17,[13  2],43,-1,92,-1,75
1,<environment.Job instance at 0x7f8fa4da25a0>,43,23,[8 3],44,-1,98,-1,75
1,<environment.Job instance at 0x7f8fa4c84550>,44,1,[12  5],45,-1,76,-1,75
1,<environment.Job instance at 0x7f8fa49eaf50>,46,28,[8 4],47,-1,117,-1,89
1,<environment.Job instance at 0x7f8fa57cc6e0>,47,16,[13  2],48,-1,105,-1,89
1,<environment.Job instance at 0x7f8fa5ab1cd0>,49,12,[ 5 14],50,-1,101,-1,89
1,<environment.Job instance at 0x7f8fa5ab1b90>,50,14,[14  2],51,-1,103,-1,89
1,<environment.Job instance at 0x7f8fa4b6b730>,53,23,[6 3],54,-1,130,-1,107
1,<environment.Job instance at 0x7f8fa4b6b6e0>,55,21,[12  2],56,-1,128,-1,107
1,<environment.Job instance at 0x7f8fa5b15910>,56,21,[13  1],57,-1,128,-1,107
1,<environment.Job instance at 0x7f8fa4b64cd0>,59,15,[12  3],60,-1,133,-1,118
1,<environment.Job instance at 0x7f8fa4b64e10>,60,16,[14  3],61,-1,134,-1,118
1,<environment.Job instance at 0x7f8fa4fd1dc0>,63,16,[ 4 13],64,-1,148,-1,132
1,<environment.Job instance at 0x7f8fa4891500>,65,17,[ 4 11],66,-1,149,-1,132
1,<environment.Job instance at 0x7f8faeb4e4b0>,10,15,[4 8],11,-1,26,-1,11
1,<environment.Job instance at 0x7f8fa4bd7640>,12,18,[ 3 10],13,-1,32,-1,14
1,<environment.Job instance at 0x7f8fa4bd7e60>,14,25,[5 6],15,-1,40,-1,15
1,<environment.Job instance at 0x7f8fa4bd7a50>,15,18,[2 7],16,-1,34,-1,16
1,<environment.Job instance at 0x7f8fa4bd7280>,16,16,[10  5],17,-1,33,-1,17
1,<environment.Job instance at 0x7f8fa4bd7dc0>,18,13,[10  5],19,-1,38,-1,25
1,<environment.Job instance at 0x7f8fa5a831e0>,27,19,[4 9],28,-1,47,-1,28
1,<environment.Job instance at 0x7f8fa544a730>,2,2,[11  2],3,-1,5,-1,3
1,<environment.Job instance at 0x7f8fa544a5f0>,3,23,[9 3],4,-1,27,-1,4
1,<environment.Job instance at 0x7f8fa550a410>,5,16,[12  1],6,-1,22,-1,6
1,<environment.Job instance at 0x7f8fa4dc0640>,7,18,[ 4 11],8,-1,26,-1,8
1,<environment.Job instance at 0x7f8fa4f7a140>,11,18,[12  1],12,-1,30,-1,12
1,<environment.Job instance at 0x7f8fa4e60550>,14,25,[5 6],15,-1,46,-1,21
1,<environment.Job instance at 0x7f8fa5889780>,13,28,[2 9],14,-1,64,-1,36
1,<environment.Job instance at 0x7f8fa5895b90>,20,26,[8 2],21,-1,71,-1,45
1,<environment.Job instance at 0x7f8fa47ec820>,24,27,[5 8],25,-1,81,-1,54
1,<environment.Job instance at 0x7f8fa536cdc0>,26,22,[ 1 13],27,-1,76,-1,54
1,<environment.Job instance at 0x7f8fa4db2be0>,28,21,[ 5 13],29,-1,77,-1,56
1,<environment.Job instance at 0x7f8fa5364d20>,31,26,[1 8],32,-1,89,-1,63
1,<environment.Job instance at 0x7f8fa51fbe10>,32,27,[8 4],33,-1,90,-1,63
1,<environment.Job instance at 0x7f8fa54236e0>,35,20,[11  2],36,-1,83,-1,63
1,<environment.Job instance at 0x7f8fa49c29b0>,38,3,[ 3 12],39,-1,69,-1,66
1,<environment.Job instance at 0x7f8fa49c2c80>,39,28,[5 4],40,-1,97,-1,69
1,<environment.Job instance at 0x7f8fa5364aa0>,40,12,[ 2 13],41,-1,81,-1,69
1,<environment.Job instance at 0x7f8fa4cafe60>,41,26,[13  3],42,-1,95,-1,69
1,<environment.Job instance at 0x7f8fa4fd1dc0>,46,28,[6 1],47,-1,117,-1,89
1,<environment.Job instance at 0x7f8fa4b6b870>,50,26,[11  4],51,-1,133,-1,107
1,<environment.Job instance at 0x7f8fa4c847d0>,55,24,[11  3],56,-1,140,-1,116
1,<environment.Job instance at 0x7f8fa4da24b0>,59,22,[ 2 11],60,-1,153,-1,131
1,<environment.Job instance at 0x7f8fa48d4780>,0,17,[ 4 10],1,-1,18,-1,1
1,<environment.Job instance at 0x7f8fa48d4a00>,2,19,[8 2],3,-1,23,-1,4
1,<environment.Job instance at 0x7f8fa5df69b0>,7,18,[7 5],8,-1,26,-1,8
1,<environment.Job instance at 0x7f8fa48d4af0>,8,16,[5 5],9,-1,25,-1,9
1,<environment.Job instance at 0x7f8fa48d4b90>,9,13,[5 5],10,-1,23,-1,10
1,<environment.Job instance at 0x7f8fa4823aa0>,13,24,[5 3],14,-1,49,-1,25
1,<environment.Job instance at 0x7f8fa47f1640>,1,20,[ 1 11],2,-1,22,-1,2
1,<environment.Job instance at 0x7f8faeb4e780>,4,18,[ 3 11],5,-1,23,-1,5
1,<environment.Job instance at 0x7f8fa515fa50>,5,24,[14  5],6,-1,30,-1,6
1,<environment.Job instance at 0x7f8fb5b48960>,10,12,[ 1 11],11,-1,30,-1,18
1,<environment.Job instance at 0x7f8fa536c190>,12,19,[11  1],13,-1,41,-1,22
1,<environment.Job instance at 0x7f8fa5502aa0>,13,24,[5 3],14,-1,48,-1,24
1,<environment.Job instance at 0x7f8fa491b230>,17,16,[ 1 13],18,-1,52,-1,36
1,<environment.Job instance at 0x7f8fa5b835a0>,20,24,[13  4],21,-1,63,-1,39
1,<environment.Job instance at 0x7f8fa5b834b0>,21,21,[ 1 12],22,-1,60,-1,39
1,<environment.Job instance at 0x7f8fa5b83550>,22,25,[4 8],23,-1,77,-1,52
1,<environment.Job instance at 0x7f8fa5ce9a00>,26,25,[5 8],27,-1,77,-1,52
1,<environment.Job instance at 0x7f8fa5ce9190>,28,14,[12  4],29,-1,66,-1,52
1,<environment.Job instance at 0x7f8fa5b5be10>,33,3,[ 3 11],34,-1,74,-1,71
1,<environment.Job instance at 0x7f8fa5b5b190>,34,14,[12  4],35,-1,85,-1,71
1,<environment.Job instance at 0x7f8fa5b5bdc0>,35,23,[5 2],36,-1,94,-1,71
1,<environment.Job instance at 0x7f8fa5b5b0f0>,36,16,[12  4],37,-1,87,-1,71
1,<environment.Job instance at 0x7f8fa5b5bbe0>,38,12,[11  2],39,-1,96,-1,84
1,<environment.Job instance at 0x7f8fa5b5b410>,43,14,[ 3 14],44,-1,112,-1,98
1,<environment.Job instance at 0x7f8fa5b5baf0>,45,27,[3 5],46,-1,128,-1,101
1,<environment.Job instance at 0x7f8fa4e2eaa0>,48,24,[12  4],49,-1,139,-1,115
1,<environment.Job instance at 0x7f8fa4e2eaf0>,51,22,[ 1 11],52,-1,141,-1,119
1,<environment.Job instance at 0x7f8fa5247d70>,2,20,[8 5],3,-1,24,-1,4
1,<environment.Job instance at 0x7f8fa47f1870>,3,16,[13  3],4,-1,20,-1,4
1,<environment.Job instance at 0x7f8faea084b0>,10,16,[9 5],11,-1,27,-1,11
1,<environment.Job instance at 0x7f8faea085f0>,11,27,[7 3],12,-1,39,-1,12
1,<environment.Job instance at 0x7f8fa46fe870>,13,16,[6 3],14,-1,30,-1,14
1,<environment.Job instance at 0x7f8faea08370>,14,14,[5 7],15,-1,29,-1,15
1,<environment.Job instance at 0x7f8fa50535f0>,15,20,[ 5 10],16,-1,36,-1,16
1,<environment.Job instance at 0x7f8fa5053190>,18,20,[10  4],19,-1,39,-1,19
1,<environment.Job instance at 0x7f8fa46efd70>,8,18,[6 5],9,-1,38,-1,20
1,<environment.Job instance at 0x7f8fa5a77820>,22,17,[10  5],23,-1,47,-1,30
1,<environment.Job instance at 0x7f8fa580e690>,30,18,[1 8],31,-1,49,-1,31
1,<environment.Job instance at 0x7f8fae75f140>,25,21,[7 5],26,-1,71,-1,50
1,<environment.Job instance at 0x7f8fa5812fa0>,39,12,[1 5],40,-1,62,-1,50
1,<environment.Job instance at 0x7f8fa580e960>,29,20,[2 9],30,-1,70,-1,50
1,<environment.Job instance at 0x7f8fa5828320>,40,15,[ 5 11],41,-1,65,-1,50
1,<environment.Job instance at 0x7f8fa5828280>,41,13,[1 9],42,-1,63,-1,50
1,<environment.Job instance at 0x7f8fa5805b90>,42,17,[7 1],43,-1,67,-1,50
1,<environment.Job instance at 0x7f8fa5d509b0>,27,19,[14  4],28,-1,69,-1,50
1,<environment.Job instance at 0x7f8fa5805e10>,43,16,[12  1],44,-1,66,-1,50
1,<environment.Job instance at 0x7f8fa57ed140>,44,1,[11  4],45,-1,53,-1,52
1,<environment.Job instance at 0x7f8fa57ed780>,47,19,[8 1],48,-1,79,-1,60
1,<environment.Job instance at 0x7f8fa4bfaa00>,49,17,[ 2 13],50,-1,77,-1,60
1,<environment.Job instance at 0x7f8fa4ed90f0>,34,23,[11  4],35,-1,84,-1,61
1,<environment.Job instance at 0x7f8fa4bd6e60>,50,13,[13  3],51,-1,75,-1,62
1,<environment.Job instance at 0x7f8fa5812690>,38,17,[5 5],39,-1,79,-1,62
1,<environment.Job instance at 0x7f8fa5ed2af0>,0,18,[14  1],1,-1,19,-1,1
1,<environment.Job instance at 0x7f8fa4ebf2d0>,3,16,[13  3],4,-1,20,-1,4
1,<environment.Job instance at 0x7f8fa4ebf320>,5,14,[ 5 12],6,-1,20,-1,6
1,<environment.Job instance at 0x7f8fa4ebffa0>,7,13,[ 3 12],8,-1,21,-1,8
1,<environment.Job instance at 0x7f8fa5ed2c80>,9,24,[ 5 11],10,-1,34,-1,10
1,<environment.Job instance at 0x7f8fa4ebf370>,11,27,[7 3],12,-1,50,-1,23
1,<environment.Job instance at 0x7f8fa4e27cd0>,19,1,[12  5],20,-1,39,-1,38
1,<environment.Job instance at 0x7f8fa4e27be0>,20,16,[12  5],21,-1,54,-1,38
1,<environment.Job instance at 0x7f8fa4704140>,23,12,[12  4],24,-1,53,-1,41
1,<environment.Job instance at 0x7f8fa47048c0>,27,19,[14  4],28,-1,61,-1,42
1,<environment.Job instance at 0x7f8fa4730410>,33,3,[ 5 11],34,-1,57,-1,54
1,<environment.Job instance at 0x7f8fa4730aa0>,34,23,[11  4],35,-1,77,-1,54
1,<environment.Job instance at 0x7f8fa47305f0>,40,15,[ 5 11],41,-1,87,-1,72
1,<environment.Job instance at 0x7f8fa5eaea50>,43,16,[12  1],44,-1,90,-1,74
1,<environment.Job instance at 0x7f8fa5eae730>,44,1,[11  4],45,-1,75,-1,74
1,<environment.Job instance at 0x7f8fa5eae0a0>,48,2,[ 2 11],49,-1,96,-1,94
1,<environment.Job instance at 0x7f8fa5eae320>,49,17,[ 2 13],50,-1,111,-1,94
1,<environment.Job instance at 0x7f8fa5eae280>,50,13,[13  3],51,-1,107,-1,94
1,<environment.Job instance at 0x7f8fa5eaef50>,52,17,[13  4],53,-1,118,-1,101
1,<environment.Job instance at 0x7f8fa4ae7e10>,56,13,[ 1 11],57,-1,141,-1,128
1,<environment.Job instance at 0x7f8fa4ae73c0>,57,16,[14  3],58,-1,144,-1,128
1,<environment.Job instance at 0x7f8fa4ae7820>,58,1,[ 5 13],59,-1,129,-1,128
1,<environment.Job instance at 0x7f8fa4ae7960>,59,14,[ 3 12],60,-1,142,-1,128
1,<environment.Job instance at 0x7f8fa4e2e1e0>,63,22,[14  4],64,-1,153,-1,131
1,<environment.Job instance at 0x7f1758de8b90>,2,14,[ 2 10],3,-1,17,-1,3
1,<environment.Job instance at 0x7f1758de8a50>,4,13,[3 6],5,-1,18,-1,5
1,<environment.Job instance at 0x7f1758de8f00>,7,26,[9 3],8,-1,34,-1,8
1,<environment.Job instance at 0x7f1758dec050>,9,12,[8 2],10,-1,23,-1,11
1,<environment.Job instance at 0x7f17624328c0>,10,22,[8 1],11,-1,33,-1,11
1,<environment.Job instance at 0x7f1758dec3c0>,13,18,[5 9],14,-1,33,-1,15
1,<environment.Job instance at 0x7f1758dec550>,16,18,[7 3],17,-1,35,-1,17
1,<environment.Job instance at 0x7f1758dec190>,14,21,[8 1],15,-1,38,-1,17
1,<environment.Job instance at 0x7f1758df0500>,33,26,[3 6],34,-1,64,-1,38
1,<environment.Job instance at 0x7f1758dec640>,18,26,[7 4],19,-1,65,-1,39
1,<environment.Job instance at 0x7f1758df00f0>,30,26,[9 4],31,-1,65,-1,39
1,<environment.Job instance at 0x7f1758df02d0>,32,21,[5 9],33,-1,60,-1,39
1,<environment.Job instance at 0x7f1758df0780>,36,20,[7 5],37,-1,62,-1,42
1,<environment.Job instance at 0x7f1758df0a00>,39,18,[9 4],40,-1,66,-1,48
1,<environment.Job instance at 0x7f1758df09b0>,6,15,[ 2 14],7,-1,22,-1,7
1,<environment.Job instance at 0x7f1758de0a50>,8,2,[ 1 14],9,-1,11,-1,9
1,<environment.Job instance at 0x7f1758de8960>,7,26,[9 3],8,-1,44,-1,18
1,<environment.Job instance at 0x7f1758f6f140>,12,23,[12  4],13,-1,41,-1,18
1,<environment.Job instance at 0x7f1758f0d2d0>,18,26,[7 4],19,-1,56,-1,30
1,<environment.Job instance at 0x7f1758f0da50>,19,25,[5 9],20,-1,66,-1,41
1,<environment.Job instance at 0x7f1758f139b0>,23,16,[12  2],24,-1,57,-1,41
1,<environment.Job instance at 0x7f1758f04f50>,28,17,[ 1 13],29,-1,65,-1,48
1,<environment.Job instance at 0x7f1758f04550>,29,24,[4 7],30,-1,75,-1,51
1,<environment.Job instance at 0x7f1758f04960>,30,26,[9 4],31,-1,77,-1,51
1,<environment.Job instance at 0x7f1758e7c190>,31,1,[ 2 14],32,-1,52,-1,51
1,<environment.Job instance at 0x7f1758e8ddc0>,33,26,[3 6],34,-1,86,-1,60
1,<environment.Job instance at 0x7f1758eaa7d0>,38,24,[13  2],39,-1,87,-1,63
1,<environment.Job instance at 0x7f1758eaae10>,40,26,[ 1 14],41,-1,100,-1,74
1,<environment.Job instance at 0x7f1758eaaa00>,42,12,[ 5 12],43,-1,92,-1,80
1,<environment.Job instance at 0x7f1758eaa690>,45,12,[ 3 14],46,-1,104,-1,92
1,<environment.Job instance at 0x7f1758f90190>,47,14,[12  2],48,-1,118,-1,104
1,<environment.Job instance at 0x7f1758f02d70>,48,14,[ 1 11],49,-1,118,-1,104
1,<environment.Job instance at 0x7f1758f029b0>,50,13,[ 4 12],51,-1,117,-1,104
1,<environment.Job instance at 0x7f1758ee3320>,53,12,[ 3 14],54,-1,130,-1,118
1,<environment.Job instance at 0x7f1758f89820>,54,3,[ 3 13],55,-1,121,-1,118
1,<environment.Job instance at 0x7f1758f952d0>,57,17,[ 2 14],58,-1,147,-1,130
1,<environment.Job instance at 0x7f1758f3e230>,58,28,[10  3],59,-1,160,-1,132
1,<environment.Job instance at 0x7f1758ef6c80>,61,2,[ 1 12],62,-1,135,-1,133
1,<environment.Job instance at 0x7f175853b730>,1,22,[5 6],2,-1,24,-1,2
1,<environment.Job instance at 0x7f175853b410>,2,26,[6 4],3,-1,29,-1,3
1,<environment.Job instance at 0x7f175853b460>,3,17,[5 8],4,-1,21,-1,4
1,<environment.Job instance at 0x7f175853b5f0>,4,15,[ 2 10],5,-1,21,-1,6
1,<environment.Job instance at 0x7f175853b4b0>,5,25,[ 3 13],6,-1,35,-1,10
1,<environment.Job instance at 0x7f1758539500>,11,20,[10  5],12,-1,33,-1,13
1,<environment.Job instance at 0x7f1758539aa0>,14,22,[5 6],15,-1,37,-1,15
1,<environment.Job instance at 0x7f1758539f50>,17,20,[8 1],18,-1,42,-1,22
1,<environment.Job instance at 0x7f175853a910>,22,24,[3 7],23,-1,47,-1,23
1,<environment.Job instance at 0x7f1758539050>,12,22,[ 2 11],13,-1,46,-1,24
1,<environment.Job instance at 0x7f175853ae10>,23,19,[3 8],24,-1,44,-1,25
1,<environment.Job instance at 0x7f17586530a0>,5,25,[ 3 13],6,-1,31,-1,6
1,<environment.Job instance at 0x7f17586f0b40>,7,25,[ 2 11],8,-1,33,-1,8
1,<environment.Job instance at 0x7f17585973c0>,8,1,[14  3],9,-1,10,-1,9
1,<environment.Job instance at 0x7f1758611c80>,2,26,[6 4],3,-1,47,-1,21
1,<environment.Job instance at 0x7f17585a8820>,12,22,[ 2 11],13,-1,43,-1,21
1,<environment.Job instance at 0x7f17585a05f0>,13,2,[13  5],14,-1,23,-1,21
1,<environment.Job instance at 0x7f17585a0c30>,15,13,[ 5 14],16,-1,34,-1,21
1,<environment.Job instance at 0x7f175860e5a0>,21,25,[14  5],22,-1,51,-1,26
1,<environment.Job instance at 0x7f175860e910>,22,24,[3 7],23,-1,60,-1,36
1,<environment.Job instance at 0x7f175860e5f0>,25,27,[ 3 13],26,-1,63,-1,36
1,<environment.Job instance at 0x7f17585a4aa0>,28,2,[12  2],29,-1,41,-1,39
1,<environment.Job instance at 0x7f1758613af0>,30,18,[12  2],31,-1,59,-1,41
1,<environment.Job instance at 0x7f1758613280>,31,27,[8 3],32,-1,80,-1,53
1,<environment.Job instance at 0x7f1758613a50>,33,19,[12  2],34,-1,72,-1,53
1,<environment.Job instance at 0x7f17585af0a0>,37,27,[ 3 12],38,-1,85,-1,58
1,<environment.Job instance at 0x7f17585b6370>,41,15,[ 2 14],42,-1,101,-1,86
1,<environment.Job instance at 0x7f17585b6fa0>,43,26,[3 9],44,-1,116,-1,90
1,<environment.Job instance at 0x7f17585b6d70>,44,15,[13  1],45,-1,105,-1,90
1,<environment.Job instance at 0x7f17585bab90>,50,2,[11  3],51,-1,122,-1,120
1,<environment.Job instance at 0x7f17583fba50>,0,18,[1 7],1,-1,19,-1,1
1,<environment.Job instance at 0x7f17584dedc0>,9,21,[8 2],10,-1,33,-1,12
1,<environment.Job instance at 0x7f17584de0f0>,14,25,[5 6],15,-1,40,-1,15
1,<environment.Job instance at 0x7f17584de820>,15,20,[1 8],16,-1,36,-1,16
1,<environment.Job instance at 0x7f17584de4b0>,16,14,[11  4],17,-1,31,-1,17
1,<environment.Job instance at 0x7f17584debe0>,17,18,[5 6],18,-1,36,-1,18
1,<environment.Job instance at 0x7f17584de460>,18,16,[8 3],19,-1,35,-1,19
1,<environment.Job instance at 0x7f17584de730>,21,16,[ 4 10],22,-1,38,-1,22
1,<environment.Job instance at 0x7f17584de410>,22,20,[5 8],23,-1,43,-1,23
1,<environment.Job instance at 0x7f17584de910>,28,27,[4 6],29,-1,110,-1,83
1,<environment.Job instance at 0x7f17583efdc0>,40,17,[5 9],41,-1,100,-1,83
1,<environment.Job instance at 0x7f17583ef230>,32,27,[12  5],33,-1,111,-1,84
1,<environment.Job instance at 0x7f17583ef0a0>,30,20,[4 9],31,-1,106,-1,86
1,<environment.Job instance at 0x7f17584728c0>,42,21,[ 4 14],43,-1,107,-1,86
1,<environment.Job instance at 0x7f17583ef910>,39,23,[5 8],40,-1,126,-1,103
1,<environment.Job instance at 0x7f1758472dc0>,51,25,[7 5],52,-1,128,-1,103
1,<environment.Job instance at 0x7f175890acd0>,2,17,[13  5],3,-1,20,-1,3
1,<environment.Job instance at 0x7f1759275d20>,3,13,[ 5 14],4,-1,17,-1,4
1,<environment.Job instance at 0x7f17592b2190>,11,18,[ 1 11],12,-1,34,-1,16
1,<environment.Job instance at 0x7f1758badd20>,14,25,[5 6],15,-1,47,-1,22
1,<environment.Job instance at 0x7f175887f690>,16,14,[11  4],17,-1,36,-1,22
1,<environment.Job instance at 0x7f1759951be0>,19,28,[11  2],20,-1,59,-1,31
1,<environment.Job instance at 0x7f1758595870>,23,27,[ 4 13],24,-1,72,-1,45
1,<environment.Job instance at 0x7f1758595820>,25,12,[13  4],26,-1,65,-1,53
1,<environment.Job instance at 0x7f1758595aa0>,26,12,[ 5 12],27,-1,65,-1,53
1,<environment.Job instance at 0x7f1758595960>,27,28,[7 4],28,-1,81,-1,53
1,<environment.Job instance at 0x7f17598e2460>,28,27,[4 6],29,-1,80,-1,53
1,<environment.Job instance at 0x7f1759a21fa0>,24,28,[1 8],25,-1,81,-1,53
1,<environment.Job instance at 0x7f175880e0f0>,32,27,[12  5],33,-1,80,-1,53
1,<environment.Job instance at 0x7f1758807690>,38,3,[12  2],39,-1,75,-1,72
1,<environment.Job instance at 0x7f1758807190>,39,23,[5 8],40,-1,101,-1,78
1,<environment.Job instance at 0x7f175868fa50>,42,21,[ 4 14],43,-1,99,-1,78
1,<environment.Job instance at 0x7f1758689d20>,45,13,[12  1],46,-1,106,-1,93
1,<environment.Job instance at 0x7f1758689a00>,46,12,[14  3],47,-1,105,-1,93
1,<environment.Job instance at 0x7f175880f370>,47,1,[ 4 11],48,-1,94,-1,93
1,<environment.Job instance at 0x7f175880fb40>,51,25,[7 5],52,-1,121,-1,96
1,<environment.Job instance at 0x7f1758811e10>,54,25,[2 8],55,-1,135,-1,110
1,<environment.Job instance at 0x7f17586e6c80>,58,26,[8 3],59,-1,148,-1,122
1,<environment.Job instance at 0x7f17586e6370>,57,28,[8 2],58,-1,150,-1,122
1,<environment.Job instance at 0x7f17586941e0>,60,27,[ 3 11],61,-1,149,-1,122
1,<environment.Job instance at 0x7f1758694870>,61,15,[ 3 13],62,-1,137,-1,122
1,<environment.Job instance at 0x7f175878f5f0>,68,18,[ 5 14],69,-1,159,-1,141
1,<environment.Job instance at 0x7f175878fc80>,70,19,[ 2 11],71,-1,163,-1,144
1,<environment.Job instance at 0x7f175889d7d0>,3,18,[9 5],4,-1,24,-1,6
1,<environment.Job instance at 0x7f1758b03eb0>,10,15,[6 4],11,-1,26,-1,11
1,<environment.Job instance at 0x7f1758b03b90>,15,15,[ 4 10],16,-1,31,-1,16
1,<environment.Job instance at 0x7f1758b03280>,17,25,[7 3],18,-1,67,-1,42
1,<environment.Job instance at 0x7f17590d53c0>,21,22,[7 3],22,-1,66,-1,44
1,<environment.Job instance at 0x7f17590d5d20>,25,20,[8 5],26,-1,65,-1,45
1,<environment.Job instance at 0x7f1758acbf50>,27,24,[10  3],28,-1,69,-1,45
1,<environment.Job instance at 0x7f1758acbfa0>,28,18,[11  2],29,-1,63,-1,45
1,<environment.Job instance at 0x7f17590d55a0>,23,21,[4 8],24,-1,66,-1,45
1,<environment.Job instance at 0x7f1758a6a0a0>,32,12,[ 4 11],33,-1,57,-1,45
1,<environment.Job instance at 0x7f1758802d70>,33,22,[3 8],34,-1,67,-1,45
1,<environment.Job instance at 0x7f17588020a0>,35,16,[7 5],36,-1,62,-1,46
1,<environment.Job instance at 0x7f1758802f50>,36,25,[5 3],37,-1,71,-1,46
1,<environment.Job instance at 0x7f1758acb910>,26,18,[9 4],27,-1,64,-1,46
1,<environment.Job instance at 0x7f1758a6a7d0>,31,24,[14  5],32,-1,70,-1,46
1,<environment.Job instance at 0x7f17590d5230>,22,20,[7 5],23,-1,74,-1,54
1,<environment.Job instance at 0x7f1758b03fa0>,13,12,[12  2],14,-1,67,-1,55
1,<environment.Job instance at 0x7f17590d5410>,24,17,[5 4],25,-1,72,-1,55
1,<environment.Job instance at 0x7f1758802550>,40,18,[5 2],41,-1,73,-1,55
1,<environment.Job instance at 0x7f1758802a50>,42,20,[ 3 11],43,-1,75,-1,55
1,<environment.Job instance at 0x7f1758802690>,43,12,[7 5],44,-1,70,-1,58
1,<environment.Job instance at 0x7f1758a6ad20>,30,14,[ 5 13],31,-1,72,-1,58
1,<environment.Job instance at 0x7f175893d4b0>,44,14,[13  3],45,-1,72,-1,58
1,<environment.Job instance at 0x7f1758802410>,34,14,[ 1 13],35,-1,72,-1,58
1,<environment.Job instance at 0x7f175893d5f0>,46,17,[5 7],47,-1,78,-1,61
1,<environment.Job instance at 0x7f1758802fa0>,39,27,[4 8],40,-1,88,-1,61
1,<environment.Job instance at 0x7f1758b03190>,16,13,[14  5],17,-1,74,-1,61
1,<environment.Job instance at 0x7f17588025a0>,47,15,[5 7],48,-1,76,-1,61
1,<environment.Job instance at 0x7f175893d550>,51,16,[10  1],52,-1,77,-1,61
1,<environment.Job instance at 0x7f175893d230>,52,16,[7 1],53,-1,83,-1,67
1,<environment.Job instance at 0x7f17588066e0>,54,24,[ 5 13],55,-1,94,-1,70
1,<environment.Job instance at 0x7f1758806500>,55,25,[7 5],56,-1,95,-1,70
1,<environment.Job instance at 0x7f175882faa0>,1,26,[ 3 12],2,-1,28,-1,2
1,<environment.Job instance at 0x7f17587fd6e0>,2,14,[ 3 14],3,-1,17,-1,3
1,<environment.Job instance at 0x7f1758789550>,6,2,[ 5 14],7,-1,9,-1,7
1,<environment.Job instance at 0x7f175878a460>,9,2,[ 4 11],10,-1,12,-1,10
1,<environment.Job instance at 0x7f175878aaa0>,13,12,[12  2],14,-1,34,-1,22
1,<environment.Job instance at 0x7f175878a500>,14,12,[14  2],15,-1,34,-1,22
1,<environment.Job instance at 0x7f175878edc0>,16,13,[14  5],17,-1,35,-1,22
1,<environment.Job instance at 0x7f175878e460>,18,16,[ 1 14],19,-1,38,-1,22
1,<environment.Job instance at 0x7f175878e410>,17,25,[7 3],18,-1,50,-1,25
1,<environment.Job instance at 0x7f175878bb90>,20,12,[ 2 13],21,-1,37,-1,25
1,<environment.Job instance at 0x7f1758811e10>,27,24,[10  3],28,-1,63,-1,39
1,<environment.Job instance at 0x7f175880f640>,28,18,[11  2],29,-1,57,-1,39
1,<environment.Job instance at 0x7f175880ff50>,30,14,[ 5 13],31,-1,53,-1,39
1,<environment.Job instance at 0x7f175880f370>,31,24,[14  5],32,-1,63,-1,39
1,<environment.Job instance at 0x7f175880fb90>,32,12,[ 4 11],33,-1,51,-1,39
1,<environment.Job instance at 0x7f1758807730>,34,14,[ 1 13],35,-1,67,-1,53
1,<environment.Job instance at 0x7f1758778be0>,36,25,[5 3],37,-1,78,-1,53
1,<environment.Job instance at 0x7f175880ec30>,39,27,[4 8],40,-1,92,-1,65
1,<environment.Job instance at 0x7f1758b990a0>,42,20,[ 3 11],43,-1,87,-1,67
1,<environment.Job instance at 0x7f17594cd7d0>,44,14,[13  3],45,-1,85,-1,71
1,<environment.Job instance at 0x7f17626c40f0>,49,15,[ 5 14],50,-1,111,-1,96
1,<environment.Job instance at 0x7f175890a050>,54,24,[ 5 13],55,-1,150,-1,126
1,<environment.Job instance at 0x7f1759129960>,55,25,[7 5],56,-1,154,-1,129
1,<environment.Job instance at 0x7f175910d780>,57,3,[ 5 13],58,-1,133,-1,130
1,<environment.Job instance at 0x7f175889d190>,58,18,[ 1 14],59,-1,148,-1,130
1,<environment.Job instance at 0x7f175889d9b0>,59,19,[14  4],60,-1,149,-1,130
1,<environment.Job instance at 0x7f1758a6acd0>,60,14,[14  2],61,-1,144,-1,130
1,<environment.Job instance at 0x7f1759211500>,1,14,[8 4],2,-1,17,-1,3
1,<environment.Job instance at 0x7f1758c4e280>,2,14,[9 2],3,-1,18,-1,4
1,<environment.Job instance at 0x7f1758c6feb0>,10,19,[6 3],11,-1,30,-1,11
1,<environment.Job instance at 0x7f1758c6f780>,11,25,[3 9],12,-1,37,-1,12
1,<environment.Job instance at 0x7f1758c6e7d0>,12,15,[6 1],13,-1,29,-1,14
1,<environment.Job instance at 0x7f1758c6e460>,14,23,[2 8],15,-1,40,-1,17
1,<environment.Job instance at 0x7f1758c6ee10>,17,27,[5 7],18,-1,45,-1,18
1,<environment.Job instance at 0x7f1758c7e6e0>,20,16,[9 2],21,-1,37,-1,21
1,<environment.Job instance at 0x7f1758c7eb40>,21,15,[10  3],22,-1,38,-1,23
1,<environment.Job instance at 0x7f1758c7ef50>,23,15,[11  4],24,-1,39,-1,24
1,<environment.Job instance at 0x7f1758c7e280>,24,17,[5 2],25,-1,42,-1,25
1,<environment.Job instance at 0x7f1758c7e8c0>,22,15,[9 1],23,-1,41,-1,26
1,<environment.Job instance at 0x7f1758e54cd0>,0,20,[ 2 11],1,-1,21,-1,1
1,<environment.Job instance at 0x7f1758ef8a00>,4,25,[3 7],5,-1,32,-1,7
1,<environment.Job instance at 0x7f1758e7c370>,14,23,[2 8],15,-1,47,-1,24
1,<environment.Job instance at 0x7f1758ea3eb0>,11,25,[3 9],12,-1,54,-1,29
1,<environment.Job instance at 0x7f17594cfa00>,17,27,[5 7],18,-1,59,-1,32
1,<environment.Job instance at 0x7f1758e40e60>,19,24,[13  2],20,-1,56,-1,32
1,<environment.Job instance at 0x7f1758e7b370>,23,15,[11  4],24,-1,48,-1,33
1,<environment.Job instance at 0x7f17591275f0>,26,14,[ 4 13],27,-1,65,-1,51
1,<environment.Job instance at 0x7f1759127a00>,30,15,[12  2],31,-1,79,-1,64
1,<environment.Job instance at 0x7f1759127aa0>,29,28,[9 2],30,-1,93,-1,65
1,<environment.Job instance at 0x7f17593fbc80>,42,14,[11  4],43,-1,112,-1,98
1,<environment.Job instance at 0x7f17593fbb90>,43,14,[14  5],44,-1,112,-1,98
1,<environment.Job instance at 0x7f1758ebbc80>,45,18,[ 4 11],46,-1,131,-1,113
1,<environment.Job instance at 0x7f1758ebb0f0>,46,18,[ 3 12],47,-1,131,-1,113
1,<environment.Job instance at 0x7f1758ebb280>,48,24,[13  4],49,-1,137,-1,113
1,<environment.Job instance at 0x7f1758ebb2d0>,49,19,[ 2 13],50,-1,132,-1,113
1,<environment.Job instance at 0x7f1758e829b0>,52,24,[12  4],53,-1,153,-1,129
1,<environment.Job instance at 0x7f1758856640>,2,17,[ 1 10],3,-1,21,-1,4
1,<environment.Job instance at 0x7f1758856b40>,4,14,[9 2],5,-1,19,-1,5
1,<environment.Job instance at 0x7f1758856a00>,6,14,[5 7],7,-1,21,-1,7
1,<environment.Job instance at 0x7f1758856410>,7,14,[10  1],8,-1,22,-1,8
1,<environment.Job instance at 0x7f17588567d0>,9,25,[10  1],10,-1,35,-1,10
1,<environment.Job instance at 0x7f1758856be0>,10,13,[ 5 11],11,-1,24,-1,11
1,<environment.Job instance at 0x7f1758856d70>,12,14,[2 9],13,-1,27,-1,13
1,<environment.Job instance at 0x7f1758a2d0f0>,19,21,[4 8],20,-1,54,-1,33
1,<environment.Job instance at 0x7f1758a2d870>,23,16,[ 2 13],24,-1,49,-1,33
1,<environment.Job instance at 0x7f1758a2da00>,28,14,[8 5],29,-1,47,-1,33
1,<environment.Job instance at 0x7f1758a2daa0>,22,23,[2 8],23,-1,56,-1,33
1,<environment.Job instance at 0x7f1758a2d0a0>,30,20,[2 7],31,-1,56,-1,36
1,<environment.Job instance at 0x7f1758a2d1e0>,32,20,[4 8],33,-1,56,-1,36
1,<environment.Job instance at 0x7f1758856870>,3,19,[6 2],4,-1,93,-1,74
1,<environment.Job instance at 0x7f1758a2d730>,37,21,[5 5],38,-1,96,-1,75
1,<environment.Job instance at 0x7f1758a2d3c0>,38,23,[6 5],39,-1,99,-1,76
1,<environment.Job instance at 0x7f17588760f0>,39,18,[ 2 10],40,-1,94,-1,76
1,<environment.Job instance at 0x7f1758876a50>,40,13,[13  3],41,-1,89,-1,76
1,<environment.Job instance at 0x7f1758876140>,41,25,[ 5 14],42,-1,104,-1,79
1,<environment.Job instance at 0x7f1758bea870>,1,24,[12  4],2,-1,26,-1,2
1,<environment.Job instance at 0x7f1758beaa50>,10,13,[ 5 11],11,-1,33,-1,20
1,<environment.Job instance at 0x7f1758409410>,11,12,[ 3 14],12,-1,32,-1,20
1,<environment.Job instance at 0x7f1758b99af0>,9,25,[10  1],10,-1,50,-1,25
1,<environment.Job instance at 0x7f1758ea3eb0>,13,13,[ 2 13],14,-1,38,-1,25
1,<environment.Job instance at 0x7f175890f730>,14,14,[13  2],15,-1,39,-1,25
1,<environment.Job instance at 0x7f1758d85a50>,15,18,[11  2],16,-1,43,-1,25
1,<environment.Job instance at 0x7f1758bb8050>,17,2,[ 2 12],18,-1,27,-1,25
1,<environment.Job instance at 0x7f175870b2d0>,16,25,[ 1 10],17,-1,59,-1,34
1,<environment.Job instance at 0x7f1758a2de60>,22,23,[2 8],23,-1,62,-1,39
1,<environment.Job instance at 0x7f1758a2d820>,23,16,[ 2 13],24,-1,55,-1,39
1,<environment.Job instance at 0x7f1759312910>,31,26,[ 4 14],32,-1,103,-1,77
1,<environment.Job instance at 0x7f1758806cd0>,33,3,[ 4 12],34,-1,81,-1,78
1,<environment.Job instance at 0x7f1758856910>,36,25,[5 4],37,-1,118,-1,93
1,<environment.Job instance at 0x7f1758856730>,38,23,[6 5],39,-1,116,-1,93
1,<environment.Job instance at 0x7f17588566e0>,40,13,[13  3],41,-1,106,-1,93
1,<environment.Job instance at 0x7f175855f780>,41,25,[ 5 14],42,-1,118,-1,93
1,<environment.Job instance at 0x7f175855f960>,42,27,[5 5],43,-1,120,-1,93
1,<environment.Job instance at 0x7f1761f5e640>,43,17,[ 5 13],44,-1,110,-1,93
1,<environment.Job instance at 0x7f17598122d0>,45,17,[ 4 11],46,-1,110,-1,93
1,<environment.Job instance at 0x7f1758f0cd20>,46,14,[14  5],47,-1,107,-1,93
1,<environment.Job instance at 0x7f175842a190>,47,27,[8 5],48,-1,120,-1,93
1,<environment.Job instance at 0x7f17587c0690>,48,23,[12  4],49,-1,116,-1,93
1,<environment.Job instance at 0x7f1758f6ceb0>,51,3,[ 1 13],52,-1,96,-1,93
1,<environment.Job instance at 0x7f1758f6c9b0>,53,14,[ 1 12],54,-1,108,-1,94
1,<environment.Job instance at 0x7f1758f6c0a0>,54,15,[ 4 14],55,-1,109,-1,94
1,<environment.Job instance at 0x7f1758dbf690>,56,28,[ 4 14],57,-1,137,-1,109
1,<environment.Job instance at 0x7f17589d1dc0>,57,21,[ 5 12],58,-1,130,-1,109
1,<environment.Job instance at 0x7f1758380190>,61,27,[3 8],62,-1,154,-1,127
1,<environment.Job instance at 0x7f1759928aa0>,1,21,[4 8],2,-1,23,-1,2
1,<environment.Job instance at 0x7f1758a50550>,7,14,[10  4],8,-1,23,-1,9
1,<environment.Job instance at 0x7f1758a506e0>,9,20,[8 4],10,-1,30,-1,10
1,<environment.Job instance at 0x7f1758a538c0>,12,27,[1 6],13,-1,40,-1,13
1,<environment.Job instance at 0x7f1758a53410>,13,27,[8 5],14,-1,41,-1,14
1,<environment.Job instance at 0x7f1758a53370>,15,17,[1 5],16,-1,33,-1,16
1,<environment.Job instance at 0x7f17586a7af0>,18,17,[3 5],19,-1,36,-1,19
1,<environment.Job instance at 0x7f1758a16230>,19,16,[5 2],20,-1,36,-1,20
1,<environment.Job instance at 0x7f1758a16190>,20,27,[5 2],21,-1,48,-1,21
1,<environment.Job instance at 0x7f17586a70a0>,23,26,[10  5],24,-1,55,-1,29
1,<environment.Job instance at 0x7f17587e7910>,28,24,[4 6],29,-1,59,-1,35
1,<environment.Job instance at 0x7f1758bdefa0>,8,17,[ 3 11],9,-1,53,-1,36
1,<environment.Job instance at 0x7f1758a161e0>,21,13,[13  5],22,-1,49,-1,36
1,<environment.Job instance at 0x7f1758a501e0>,5,14,[13  3],6,-1,50,-1,36
1,<environment.Job instance at 0x7f1758552be0>,32,12,[9 5],33,-1,48,-1,36
1,<environment.Job instance at 0x7f1758552690>,33,18,[14  1],34,-1,55,-1,37
1,<environment.Job instance at 0x7f1758ab90f0>,30,18,[11  2],31,-1,60,-1,42
1,<environment.Job instance at 0x7f1758ac11e0>,29,15,[ 2 13],30,-1,57,-1,42
1,<environment.Job instance at 0x7f1758a50460>,3,16,[ 4 14],4,-1,60,-1,44
1,<environment.Job instance at 0x7f175853fc30>,26,13,[1 9],27,-1,59,-1,46
1,<environment.Job instance at 0x7f1758552eb0>,34,23,[ 1 11],35,-1,70,-1,47
1,<environment.Job instance at 0x7f1761faf500>,37,18,[7 2],38,-1,68,-1,50
1,<environment.Job instance at 0x7f17599f32d0>,39,13,[ 3 11],40,-1,63,-1,50
1,<environment.Job instance at 0x7f17585526e0>,42,15,[11  2],43,-1,70,-1,55
1,<environment.Job instance at 0x7f1758552e10>,36,16,[5 4],37,-1,75,-1,59
1,<environment.Job instance at 0x7f1761fcdb90>,44,25,[7 2],45,-1,86,-1,61
1,<environment.Job instance at 0x7f1761fcd4b0>,45,18,[ 5 10],46,-1,80,-1,62
1,<environment.Job instance at 0x7f1761fcd6e0>,48,19,[2 5],49,-1,81,-1,62
1,<environment.Job instance at 0x7f1761fcd5a0>,46,12,[ 3 12],47,-1,74,-1,62
1,<environment.Job instance at 0x7f1761fce1e0>,53,17,[6 2],54,-1,79,-1,62
1,<environment.Job instance at 0x7f1761fcd780>,47,15,[11  5],48,-1,77,-1,62
1,<environment.Job instance at 0x7f1761fce640>,56,25,[10  4],57,-1,94,-1,69
1,<environment.Job instance at 0x7f1761fce690>,54,16,[6 5],55,-1,85,-1,69
1,<environment.Job instance at 0x7f1761fceb40>,57,19,[2 6],58,-1,88,-1,69
1,<environment.Job instance at 0x7f1758a3f780>,51,19,[12  5],52,-1,88,-1,69
1,<environment.Job instance at 0x7f1761fce8c0>,59,17,[6 2],60,-1,86,-1,69
1,<environment.Job instance at 0x7f1761fccd20>,43,12,[7 2],44,-1,82,-1,70
1,<environment.Job instance at 0x7f1761fd50f0>,64,18,[3 5],65,-1,88,-1,70
1,<environment.Job instance at 0x7f1761fd5460>,66,18,[6 4],67,-1,88,-1,70
1,<environment.Job instance at 0x7f1761fd5230>,67,19,[9 2],68,-1,89,-1,70
1,<environment.Job instance at 0x7f1761fd5370>,65,12,[1 6],66,-1,82,-1,70
1,<environment.Job instance at 0x7f1761fd5190>,68,20,[ 1 13],69,-1,91,-1,71
1,<environment.Job instance at 0x7f1761fabe10>,70,28,[ 3 10],71,-1,101,-1,73
1,<environment.Job instance at 0x7f1761fd5410>,71,25,[9 5],72,-1,106,-1,81
1,<environment.Job instance at 0x7f1761fced70>,62,14,[ 2 12],63,-1,101,-1,87
1,<environment.Job instance at 0x7f1761fce4b0>,58,27,[7 5],59,-1,114,-1,87
1,<environment.Job instance at 0x7f1758c1f1e0>,73,18,[2 7],74,-1,105,-1,87
1,<environment.Job instance at 0x7f1758c1f370>,76,17,[2 7],77,-1,104,-1,87
1,<environment.Job instance at 0x7f1758c1f2d0>,75,12,[8 1],76,-1,102,-1,90
1,<environment.Job instance at 0x7f1758c1f410>,77,21,[4 5],78,-1,111,-1,90
1,<environment.Job instance at 0x7f1758c1f550>,79,24,[7 4],80,-1,114,-1,90
1,<environment.Job instance at 0x7f1761fabeb0>,69,14,[9 1],70,-1,104,-1,90
1,<environment.Job instance at 0x7f1758c1f5f0>,80,18,[1 9],81,-1,109,-1,91
1,<environment.Job instance at 0x7f1758c1f8c0>,82,17,[9 4],83,-1,116,-1,99
1,<environment.Job instance at 0x7f1758c1f870>,83,17,[6 1],84,-1,116,-1,99
1,<environment.Job instance at 0x7f1758c1f6e0>,84,17,[ 3 13],85,-1,116,-1,99
1,<environment.Job instance at 0x7f1761fceaf0>,60,25,[8 2],61,-1,124,-1,99
1,<environment.Job instance at 0x7f1758c1faa0>,89,17,[9 2],90,-1,118,-1,101
1,<environment.Job instance at 0x7f1758c1fdc0>,91,22,[10  3],92,-1,146,-1,124
1,<environment.Job instance at 0x7f1758c1f960>,85,14,[14  2],86,-1,138,-1,124
1,<environment.Job instance at 0x7f1758c26050>,94,15,[4 7],95,-1,139,-1,124
1,<environment.Job instance at 0x7f1758c261e0>,96,25,[9 1],97,-1,149,-1,124
1,<environment.Job instance at 0x7f1758c26280>,97,17,[5 9],98,-1,142,-1,125
1,<environment.Job instance at 0x7f1758c26320>,98,18,[ 5 14],99,-1,143,-1,125
1,<environment.Job instance at 0x7f1758c263c0>,99,22,[14  2],100,-1,147,-1,125
1,<environment.Job instance at 0x7f1758c1ff00>,93,13,[2 7],94,-1,138,-1,125
1,<environment.Job instance at 0x7f1758c1f4b0>,78,21,[1 9],79,-1,147,-1,126
1,<environment.Job instance at 0x7f1758c267d0>,102,18,[5 5],103,-1,144,-1,126
1,<environment.Job instance at 0x7f1758c26960>,103,18,[ 3 10],104,-1,145,-1,127
1,<environment.Job instance at 0x7f1758c26a00>,104,13,[8 4],105,-1,140,-1,127
1,<environment.Job instance at 0x7f1758c26690>,105,27,[5 4],106,-1,154,-1,127
1,<environment.Job instance at 0x7f1758c26b40>,106,28,[7 5],107,-1,155,-1,127
1,<environment.Job instance at 0x7f1758c268c0>,101,17,[1 6],102,-1,144,-1,127
1,<environment.Job instance at 0x7f1758c26d70>,109,16,[2 5],110,-1,143,-1,127
1,<environment.Job instance at 0x7f1758c26e10>,110,13,[ 5 10],111,-1,140,-1,127
1,<environment.Job instance at 0x7f1759236050>,2,13,[14  2],3,-1,16,-1,3
1,<environment.Job instance at 0x7f175886a6e0>,3,16,[ 4 14],4,-1,20,-1,4
1,<environment.Job instance at 0x7f1758a349b0>,5,14,[13  3],6,-1,20,-1,6
1,<environment.Job instance at 0x7f17595d0460>,8,17,[ 3 11],9,-1,26,-1,9
1,<environment.Job instance at 0x7f1758383b90>,12,27,[1 6],13,-1,42,-1,15
1,<environment.Job instance at 0x7f1758386730>,13,27,[8 5],14,-1,42,-1,15
1,<environment.Job instance at 0x7f1759843f00>,16,13,[ 3 14],17,-1,30,-1,17
1,<environment.Job instance at 0x7f1759843c30>,20,27,[5 2],21,-1,59,-1,32
1,<environment.Job instance at 0x7f17623324b0>,21,13,[13  5],22,-1,45,-1,32
1,<environment.Job instance at 0x7f1762332230>,22,17,[13  3],23,-1,49,-1,32
1,<environment.Job instance at 0x7f175861de10>,23,26,[10  5],24,-1,58,-1,32
1,<environment.Job instance at 0x7f175861d550>,25,2,[ 2 12],26,-1,34,-1,32
1,<environment.Job instance at 0x7f17587597d0>,27,17,[11  4],28,-1,52,-1,35
1,<environment.Job instance at 0x7f175861d870>,29,15,[ 2 13],30,-1,53,-1,38
1,<environment.Job instance at 0x7f1758377fa0>,30,18,[11  2],31,-1,56,-1,38
1,<environment.Job instance at 0x7f175861d280>,28,24,[4 6],29,-1,69,-1,45
1,<environment.Job instance at 0x7f1758387be0>,33,18,[14  1],34,-1,63,-1,45
1,<environment.Job instance at 0x7f1758373be0>,34,23,[ 1 11],35,-1,68,-1,45
1,<environment.Job instance at 0x7f1758387e60>,35,1,[ 3 12],36,-1,46,-1,45
1,<environment.Job instance at 0x7f175869da50>,39,13,[ 3 11],40,-1,78,-1,65
1,<environment.Job instance at 0x7f1758dbf690>,42,15,[11  2],43,-1,94,-1,79
1,<environment.Job instance at 0x7f1758f6c280>,44,25,[7 2],45,-1,114,-1,89
1,<environment.Job instance at 0x7f1758f6ca00>,46,12,[ 3 12],47,-1,101,-1,89
1,<environment.Job instance at 0x7f1758f6ceb0>,47,15,[11  5],48,-1,104,-1,89
1,<environment.Job instance at 0x7f1761f5e460>,49,16,[13  2],50,-1,105,-1,89
1,<environment.Job instance at 0x7f175855f960>,51,19,[12  5],52,-1,113,-1,94
1,<environment.Job instance at 0x7f175890f730>,58,27,[7 5],59,-1,157,-1,130
1,<environment.Job instance at 0x7f1758409230>,60,25,[8 2],61,-1,168,-1,143
1,<environment.Job instance at 0x7f175879b320>,62,14,[ 2 12],63,-1,157,-1,143
1,<environment.Job instance at 0x7f1758a6acd0>,56,25,[10  4],57,-1,172,-1,147
1,<environment.Job instance at 0x7f175991b550>,4,25,[4 7],5,-1,30,-1,5
1,<environment.Job instance at 0x7f175991b230>,5,18,[2 9],6,-1,24,-1,6
1,<environment.Job instance at 0x7f175991b3c0>,12,26,[3 7],13,-1,45,-1,19
1,<environment.Job instance at 0x7f17595e4fa0>,19,18,[2 8],20,-1,38,-1,20
1,<environment.Job instance at 0x7f17595e4aa0>,20,26,[5 1],21,-1,48,-1,22
1,<environment.Job instance at 0x7f17595e4c80>,22,27,[7 3],23,-1,50,-1,23
1,<environment.Job instance at 0x7f1758859f00>,0,17,[14  4],1,-1,18,-1,1
1,<environment.Job instance at 0x7f1758859be0>,3,16,[ 1 13],4,-1,20,-1,4
1,<environment.Job instance at 0x7f1758859140>,6,12,[13  5],7,-1,19,-1,7
1,<environment.Job instance at 0x7f1758876e10>,7,22,[14  4],8,-1,30,-1,8
1,<environment.Job instance at 0x7f175882ebe0>,4,25,[4 7],5,-1,40,-1,15
1,<environment.Job instance at 0x7f1758876730>,8,27,[5 3],9,-1,42,-1,15
1,<environment.Job instance at 0x7f17596c1a50>,12,26,[3 7],13,-1,41,-1,15
1,<environment.Job instance at 0x7f1758a7b460>,14,1,[ 4 11],15,-1,16,-1,15
1,<environment.Job instance at 0x7f1758803cd0>,18,14,[13  1],19,-1,33,-1,19
1,<environment.Job instance at 0x7f1758d63f50>,20,26,[5 1],21,-1,56,-1,30
1,<environment.Job instance at 0x7f17596b35f0>,23,28,[13  1],24,-1,58,-1,30
1,<environment.Job instance at 0x7f17596b3b90>,22,27,[7 3],23,-1,72,-1,45
1,<environment.Job instance at 0x7f17585e4af0>,24,25,[3 8],25,-1,72,-1,47
1,<environment.Job instance at 0x7f175842a190>,29,22,[11  1],30,-1,69,-1,47
1,<environment.Job instance at 0x7f1761f5e8c0>,30,14,[ 2 13],31,-1,61,-1,47
1,<environment.Job instance at 0x7f175855ffa0>,28,24,[7 5],29,-1,84,-1,60
1,<environment.Job instance at 0x7f17592ac9b0>,32,28,[4 9],33,-1,88,-1,60
1,<environment.Job instance at 0x7f1758f6c0a0>,33,28,[ 5 11],34,-1,88,-1,60
1,<environment.Job instance at 0x7f175896f0a0>,36,18,[13  5],37,-1,78,-1,60
1,<environment.Job instance at 0x7f175861df00>,40,14,[11  2],41,-1,89,-1,75
1,<environment.Job instance at 0x7f175861d640>,41,15,[12  2],42,-1,90,-1,75
1,<environment.Job instance at 0x7f175861daa0>,43,19,[14  2],44,-1,95,-1,76
1,<environment.Job instance at 0x7f175861d500>,44,20,[ 5 12],45,-1,96,-1,76
1,<environment.Job instance at 0x7f1759236050>,47,17,[ 4 11],48,-1,105,-1,88
1,<environment.Job instance at 0x7f1758dcde10>,61,3,[ 4 13],62,-1,144,-1,141
1,<environment.Job instance at 0x7f17582ce7d0>,6,21,[9 5],7,-1,34,-1,13
1,<environment.Job instance at 0x7f17582cecd0>,12,13,[ 5 12],13,-1,26,-1,13
1,<environment.Job instance at 0x7f17582ce960>,13,3,[1 6],14,-1,17,-1,14
1,<environment.Job instance at 0x7f1758247f00>,14,17,[10  4],15,-1,41,-1,24
1,<environment.Job instance at 0x7f1758247be0>,15,15,[5 9],16,-1,39,-1,24
1,<environment.Job instance at 0x7f17582ce5f0>,10,13,[4 6],11,-1,37,-1,24
1,<environment.Job instance at 0x7f17582475f0>,17,28,[9 4],18,-1,52,-1,24
1,<environment.Job instance at 0x7f17582cea50>,8,18,[4 5],9,-1,42,-1,24
1,<environment.Job instance at 0x7f17582479b0>,18,16,[3 5],19,-1,40,-1,24
1,<environment.Job instance at 0x7f1758247e60>,20,23,[6 2],21,-1,47,-1,24
1,<environment.Job instance at 0x7f1758247cd0>,21,22,[1 9],22,-1,46,-1,24
1,<environment.Job instance at 0x7f1758247a00>,22,14,[6 1],23,-1,38,-1,24
1,<environment.Job instance at 0x7f1758247730>,23,24,[10  4],24,-1,48,-1,24
1,<environment.Job instance at 0x7f17582471e0>,24,24,[3 9],25,-1,49,-1,25
1,<environment.Job instance at 0x7f1758247fa0>,25,18,[ 3 12],26,-1,44,-1,26
1,<environment.Job instance at 0x7f1758247870>,28,21,[9 5],29,-1,50,-1,29
1,<environment.Job instance at 0x7f17582475a0>,27,2,[1 5],28,-1,32,-1,30
1,<environment.Job instance at 0x7f1758247280>,29,17,[10  3],30,-1,47,-1,30
1,<environment.Job instance at 0x7f1758247960>,30,24,[7 4],31,-1,55,-1,31
1,<environment.Job instance at 0x7f1758247780>,34,17,[3 8],35,-1,52,-1,35
1,<environment.Job instance at 0x7f1758247500>,35,15,[ 5 10],36,-1,52,-1,37
1,<environment.Job instance at 0x7f175826a460>,36,19,[5 4],37,-1,56,-1,37
1,<environment.Job instance at 0x7f175826aa00>,37,17,[ 2 10],38,-1,55,-1,38
1,<environment.Job instance at 0x7f175826a730>,39,18,[9 2],40,-1,58,-1,40
1,<environment.Job instance at 0x7f175826a780>,40,24,[5 9],41,-1,65,-1,41
1,<environment.Job instance at 0x7f175826a500>,41,16,[10  3],42,-1,59,-1,43
1,<environment.Job instance at 0x7f175826afa0>,43,26,[8 5],44,-1,70,-1,44
1,<environment.Job instance at 0x7f175826a140>,42,23,[3 9],43,-1,67,-1,44
1,<environment.Job instance at 0x7f175826a2d0>,45,15,[6 5],46,-1,62,-1,47
1,<environment.Job instance at 0x7f175826aaf0>,48,18,[5 9],49,-1,67,-1,49
1,<environment.Job instance at 0x7f17593b7b90>,0,15,[ 3 14],1,-1,16,-1,1
1,<environment.Job instance at 0x7f17593b70a0>,1,18,[13  2],2,-1,20,-1,2
1,<environment.Job instance at 0x7f17593b7b40>,2,1,[12  5],3,-1,4,-1,3
1,<environment.Job instance at 0x7f17593b7280>,7,12,[ 4 14],8,-1,20,-1,8
1,<environment.Job instance at 0x7f1758db3f50>,9,18,[14  1],10,-1,28,-1,10
1,<environment.Job instance at 0x7f1758db36e0>,11,15,[12  1],12,-1,27,-1,12
1,<environment.Job instance at 0x7f1758db3500>,12,13,[ 5 12],13,-1,26,-1,13
1,<environment.Job instance at 0x7f1758db3d20>,17,28,[9 4],18,-1,55,-1,27
1,<environment.Job instance at 0x7f1758db3b40>,19,1,[ 3 13],20,-1,28,-1,27
1,<environment.Job instance at 0x7f1758db39b0>,20,23,[6 2],21,-1,52,-1,29
1,<environment.Job instance at 0x7f1758a79280>,24,24,[3 9],25,-1,60,-1,36
1,<environment.Job instance at 0x7f1758db30a0>,25,18,[ 3 12],26,-1,54,-1,36
1,<environment.Job instance at 0x7f1758db3c30>,26,18,[13  3],27,-1,54,-1,36
1,<environment.Job instance at 0x7f17591cda50>,30,24,[7 4],31,-1,69,-1,45
1,<environment.Job instance at 0x7f17591c7280>,31,19,[ 5 13],32,-1,64,-1,45
1,<environment.Job instance at 0x7f1758c36550>,23,24,[10  4],24,-1,69,-1,45
1,<environment.Job instance at 0x7f17591e7a50>,40,24,[5 9],41,-1,107,-1,83
1,<environment.Job instance at 0x7f1758e857d0>,42,23,[3 9],43,-1,123,-1,100
1,<environment.Job instance at 0x7f1758e85a50>,43,26,[8 5],44,-1,136,-1,110
1,<environment.Job instance at 0x7f1758e797d0>,47,3,[13  5],48,-1,113,-1,110
1,<environment.Job instance at 0x7f1759971140>,54,16,[ 3 14],55,-1,142,-1,126
1,<environment.Job instance at 0x7f1759971050>,55,24,[14  4],56,-1,150,-1,126
1,<environment.Job instance at 0x7f1758e8a050>,56,13,[14  5],57,-1,139,-1,126
1,<environment.Job instance at 0x7f175947a0f0>,59,23,[6 1],60,-1,166,-1,143
1,<environment.Job instance at 0x7f175947af00>,62,22,[ 1 14],63,-1,166,-1,144
1,<environment.Job instance at 0x7f17594b5d20>,63,3,[11  2],64,-1,147,-1,144
1,<environment.Job instance at 0x7f17594b5c30>,64,25,[ 1 14],65,-1,169,-1,144
1,<environment.Job instance at 0x7f17591be140>,65,25,[12  3],66,-1,169,-1,144
1,<environment.Job instance at 0x7f17594b5cd0>,66,27,[ 4 11],67,-1,171,-1,144
1,<environment.Job instance at 0x7f17625a4eb0>,2,13,[ 5 11],3,-1,17,-1,4
1,<environment.Job instance at 0x7f17625a4870>,4,18,[2 5],5,-1,23,-1,5
1,<environment.Job instance at 0x7f17625a4190>,5,2,[ 4 11],6,-1,8,-1,6
1,<environment.Job instance at 0x7f17625a4230>,6,24,[8 5],7,-1,31,-1,7
1,<environment.Job instance at 0x7f17625a4730>,7,18,[4 6],8,-1,26,-1,8
1,<environment.Job instance at 0x7f17625a4c30>,8,15,[1 7],9,-1,24,-1,9
1,<environment.Job instance at 0x7f1761ff8780>,10,23,[9 3],11,-1,34,-1,11
1,<environment.Job instance at 0x7f1761ff8be0>,12,13,[8 3],13,-1,26,-1,13
1,<environment.Job instance at 0x7f1761ff8f00>,13,12,[ 3 10],14,-1,26,-1,14
1,<environment.Job instance at 0x7f1761ff8460>,14,15,[8 2],15,-1,30,-1,15
1,<environment.Job instance at 0x7f1761ff8cd0>,16,22,[5 6],17,-1,39,-1,17
1,<environment.Job instance at 0x7f1761ff8d70>,17,18,[1 6],18,-1,36,-1,18
1,<environment.Job instance at 0x7f1761ff8690>,18,25,[10  1],19,-1,44,-1,19
1,<environment.Job instance at 0x7f1761ff8eb0>,19,12,[5 9],20,-1,32,-1,20
1,<environment.Job instance at 0x7f1761ff8b40>,20,16,[1 8],21,-1,37,-1,21
1,<environment.Job instance at 0x7f1761ff85a0>,21,19,[9 3],22,-1,41,-1,22
1,<environment.Job instance at 0x7f1758537d70>,23,20,[1 5],24,-1,44,-1,24
1,<environment.Job instance at 0x7f1758537e10>,29,18,[8 1],30,-1,48,-1,30
1,<environment.Job instance at 0x7f1758537fa0>,36,19,[13  5],37,-1,129,-1,110
1,<environment.Job instance at 0x7f1759940eb0>,44,25,[ 4 11],45,-1,135,-1,110
1,<environment.Job instance at 0x7f1759940780>,43,1,[8 4],44,-1,113,-1,112
1,<environment.Job instance at 0x7f17599401e0>,46,26,[13  2],47,-1,150,-1,124
1,<environment.Job instance at 0x7f17599403c0>,45,20,[3 6],46,-1,144,-1,124
1,<environment.Job instance at 0x7f1759940820>,48,16,[ 3 10],49,-1,140,-1,124
1,<environment.Job instance at 0x7f1759940fa0>,49,14,[10  5],50,-1,138,-1,124
1,<environment.Job instance at 0x7f1758537500>,42,25,[ 1 10],43,-1,149,-1,124
1,<environment.Job instance at 0x7f1759940960>,56,17,[10  3],57,-1,141,-1,124
1,<environment.Job instance at 0x7f17599406e0>,54,14,[8 2],55,-1,138,-1,124
1,<environment.Job instance at 0x7f1759940f50>,52,22,[8 5],53,-1,146,-1,124
1,<environment.Job instance at 0x7f17591fcaf0>,60,20,[5 4],61,-1,144,-1,124
1,<environment.Job instance at 0x7f1759940dc0>,59,18,[5 3],60,-1,142,-1,124
1,<environment.Job instance at 0x7f17591fcc30>,61,23,[8 1],62,-1,147,-1,124
1,<environment.Job instance at 0x7f17585372d0>,34,22,[13  3],35,-1,146,-1,124
1,<environment.Job instance at 0x7f17591fc7d0>,62,15,[14  5],63,-1,139,-1,124
1,<environment.Job instance at 0x7f17591fce60>,63,19,[12  4],64,-1,146,-1,127
1,<environment.Job instance at 0x7f17591fc960>,69,23,[3 6],70,-1,150,-1,127
1,<environment.Job instance at 0x7f17591fc6e0>,71,27,[ 1 10],72,-1,154,-1,127
1,<environment.Job instance at 0x7f17591fc230>,68,22,[4 5],69,-1,149,-1,127
1,<environment.Job instance at 0x7f17591fcd70>,72,18,[ 2 14],73,-1,145,-1,127
1,<environment.Job instance at 0x7f17591fcb90>,73,17,[ 4 10],74,-1,144,-1,127
1,<environment.Job instance at 0x7f17591fcb40>,76,25,[ 2 14],77,-1,166,-1,141
1,<environment.Job instance at 0x7f1758537640>,41,26,[5 1],42,-1,167,-1,141
1,<environment.Job instance at 0x7f17591fcdc0>,77,18,[1 8],78,-1,161,-1,143
1,<environment.Job instance at 0x7f17591fc410>,78,15,[7 3],79,-1,160,-1,145
1,<environment.Job instance at 0x7f175990f8c0>,84,26,[8 3],85,-1,171,-1,145
1,<environment.Job instance at 0x7f175990fa00>,85,18,[11  1],86,-1,165,-1,147
1,<environment.Job instance at 0x7f175990f140>,83,13,[3 7],84,-1,160,-1,147
1,<environment.Job instance at 0x7f175990fd70>,80,21,[14  4],81,-1,168,-1,147
1,<environment.Job instance at 0x7f175990f5f0>,87,27,[4 8],88,-1,175,-1,148
1,<environment.Job instance at 0x7f175990fe10>,89,18,[6 1],90,-1,166,-1,148
1,<environment.Job instance at 0x7f175990fbe0>,88,17,[5 9],89,-1,165,-1,148
1,<environment.Job instance at 0x7f175990fe60>,91,15,[4 9],92,-1,163,-1,148
1,<environment.Job instance at 0x7f175990feb0>,90,24,[5 6],91,-1,172,-1,148
1,<environment.Job instance at 0x7f175990f050>,94,23,[8 5],95,-1,171,-1,148
1,<environment.Job instance at 0x7f17591fcc80>,74,12,[1 8],75,-1,160,-1,148
1,<environment.Job instance at 0x7f175990f320>,99,28,[2 5],100,-1,176,-1,148
1,<environment.Job instance at 0x7f17591eec80>,2,13,[ 5 11],3,-1,16,-1,3
1,<environment.Job instance at 0x7f17591ee820>,5,2,[ 4 11],6,-1,8,-1,6
1,<environment.Job instance at 0x7f175861d550>,9,17,[13  2],10,-1,30,-1,13
1,<environment.Job instance at 0x7f175861d280>,6,24,[8 5],7,-1,37,-1,13
1,<environment.Job instance at 0x7f1761f1d0a0>,10,23,[9 3],11,-1,37,-1,14
1,<environment.Job instance at 0x7f1758e93370>,15,3,[ 5 14],16,-1,28,-1,25
1,<environment.Job instance at 0x7f1758e93cd0>,18,25,[10  1],19,-1,67,-1,42
1,<environment.Job instance at 0x7f1758e85fa0>,22,21,[12  2],23,-1,63,-1,42
1,<environment.Job instance at 0x7f1758e85640>,24,14,[ 1 14],25,-1,66,-1,52
1,<environment.Job instance at 0x7f1758e856e0>,26,15,[12  3],27,-1,67,-1,52
1,<environment.Job instance at 0x7f1758e85960>,28,3,[ 5 14],29,-1,56,-1,53
1,<environment.Job instance at 0x7f1758e79d20>,30,13,[12  5],31,-1,66,-1,53
1,<environment.Job instance at 0x7f1758e79f00>,31,12,[12  3],32,-1,65,-1,53
1,<environment.Job instance at 0x7f1758e79690>,34,22,[13  3],35,-1,88,-1,66
1,<environment.Job instance at 0x7f1758e796e0>,35,14,[14  2],36,-1,80,-1,66
1,<environment.Job instance at 0x7f1758e795f0>,36,19,[13  5],37,-1,85,-1,66
1,<environment.Job instance at 0x7f17588365a0>,39,17,[ 1 13],40,-1,99,-1,82
1,<environment.Job instance at 0x7f175822a5f0>,40,23,[ 3 11],41,-1,105,-1,82
1,<environment.Job instance at 0x7f175995fa50>,41,26,[5 1],42,-1,109,-1,83
1,<environment.Job instance at 0x7f17595113c0>,44,25,[ 4 11],45,-1,121,-1,96
1,<environment.Job instance at 0x7f1762034aa0>,46,26,[13  2],47,-1,124,-1,98
1,<environment.Job instance at 0x7f17586b3dc0>,47,2,[ 2 13],48,-1,100,-1,98
1,<environment.Job instance at 0x7f17593c4e10>,42,25,[ 1 10],43,-1,126,-1,101
1,<environment.Job instance at 0x7f17592a36e0>,51,12,[11  2],52,-1,126,-1,114
1,<environment.Job instance at 0x7f175993f7d0>,53,19,[ 5 11],54,-1,136,-1,117
1,<environment.Job instance at 0x7f1758a1ee60>,55,1,[ 1 12],56,-1,120,-1,119
1,<environment.Job instance at 0x7f17594b56e0>,1,15,[9 5],2,-1,19,-1,4
1,<environment.Job instance at 0x7f175994deb0>,3,18,[8 5],4,-1,22,-1,4
1,<environment.Job instance at 0x7f1758d90910>,10,18,[2 9],11,-1,30,-1,12
1,<environment.Job instance at 0x7f1758d90e10>,12,16,[10  2],13,-1,30,-1,14
1,<environment.Job instance at 0x7f1758d90730>,15,21,[4 8],16,-1,37,-1,16
1,<environment.Job instance at 0x7f1758d90320>,16,16,[11  4],17,-1,33,-1,17
1,<environment.Job instance at 0x7f1758d909b0>,18,15,[ 4 11],19,-1,34,-1,19
1,<environment.Job instance at 0x7f1758d90be0>,13,15,[13  4],14,-1,35,-1,20
1,<environment.Job instance at 0x7f1758d90550>,20,16,[8 1],21,-1,38,-1,22
1,<environment.Job instance at 0x7f1758d90a00>,22,17,[4 8],23,-1,40,-1,23
1,<environment.Job instance at 0x7f1758d90b90>,23,18,[5 5],24,-1,42,-1,24
1,<environment.Job instance at 0x7f17594a0960>,5,21,[ 2 14],6,-1,27,-1,6
1,<environment.Job instance at 0x7f17594a0780>,6,18,[13  5],7,-1,25,-1,7
1,<environment.Job instance at 0x7f17594a0910>,7,20,[ 4 11],8,-1,28,-1,8
1,<environment.Job instance at 0x7f175961b4b0>,13,15,[13  4],14,-1,32,-1,17
1,<environment.Job instance at 0x7f175947ca00>,16,16,[11  4],17,-1,37,-1,21
1,<environment.Job instance at 0x7f175947c3c0>,18,15,[ 4 11],19,-1,36,-1,21
1,<environment.Job instance at 0x7f175947c8c0>,21,25,[ 5 10],22,-1,66,-1,41
1,<environment.Job instance at 0x7f175947c230>,24,17,[ 2 14],25,-1,58,-1,41
1,<environment.Job instance at 0x7f175947c320>,25,13,[13  4],26,-1,54,-1,41
1,<environment.Job instance at 0x7f1759499f50>,26,3,[12  2],27,-1,44,-1,41
1,<environment.Job instance at 0x7f17594a8fa0>,30,1,[ 1 13],31,-1,43,-1,42
1,<environment.Job instance at 0x7f17594a8730>,32,12,[12  3],33,-1,55,-1,43
1,<environment.Job instance at 0x7f17585ad7d0>,37,13,[11  2],38,-1,76,-1,63
1,<environment.Job instance at 0x7f17598dccd0>,39,13,[12  4],40,-1,78,-1,65
1,<environment.Job instance at 0x7f17598dcf00>,40,24,[12  2],41,-1,89,-1,65
1,<environment.Job instance at 0x7f175947a820>,41,12,[ 2 12],42,-1,77,-1,65
1,<environment.Job instance at 0x7f17591e7dc0>,50,14,[ 4 13],51,-1,105,-1,91
1,<environment.Job instance at 0x7f1759057550>,56,23,[3 9],57,-1,161,-1,138
1,<environment.Job instance at 0x7f175993f7d0>,57,24,[ 4 14],58,-1,162,-1,138
1,<environment.Job instance at 0x7f1758a1eb40>,58,23,[9 5],59,-1,161,-1,138
1,<environment.Job instance at 0x7f1758a1e230>,59,13,[ 4 13],60,-1,151,-1,138
1,<environment.Job instance at 0x7f17625ad280>,61,14,[ 1 11],62,-1,152,-1,138
1,<environment.Job instance at 0x7f1759350280>,62,24,[7 4],63,-1,162,-1,138
1,<environment.Job instance at 0x7f1758768af0>,0,20,[9 3],1,-1,22,-1,2
1,<environment.Job instance at 0x7f1758768230>,1,23,[13  2],2,-1,25,-1,2
1,<environment.Job instance at 0x7f1761fab910>,15,23,[7 5],16,-1,39,-1,16
1,<environment.Job instance at 0x7f1761fabdc0>,17,18,[9 4],18,-1,36,-1,18
1,<environment.Job instance at 0x7f1758a9eeb0>,1,23,[13  2],2,-1,25,-1,2
1,<environment.Job instance at 0x7f1758a9e410>,2,14,[12  4],3,-1,17,-1,3
1,<environment.Job instance at 0x7f1758a9ee60>,3,25,[ 2 10],4,-1,29,-1,4
1,<environment.Job instance at 0x7f1758ec3dc0>,4,24,[14  1],5,-1,29,-1,5
1,<environment.Job instance at 0x7f1758ec3a00>,6,25,[14  2],7,-1,32,-1,7
1,<environment.Job instance at 0x7f1758807d20>,8,28,[5 9],9,-1,37,-1,9
1,<environment.Job instance at 0x7f1758aa0d70>,10,28,[6 1],11,-1,39,-1,11
1,<environment.Job instance at 0x7f1758aa8cd0>,15,23,[7 5],16,-1,57,-1,34
1,<environment.Job instance at 0x7f1758ab50f0>,20,18,[ 5 11],21,-1,56,-1,38
1,<environment.Job instance at 0x7f1758ab5e60>,22,1,[14  4],23,-1,39,-1,38
1,<environment.Job instance at 0x7f17584348c0>,23,3,[11  4],24,-1,41,-1,38
1,<environment.Job instance at 0x7f1758444af0>,30,23,[13  4],31,-1,90,-1,67
1,<environment.Job instance at 0x7f1758444640>,31,17,[12  2],32,-1,84,-1,67
1,<environment.Job instance at 0x7f17584425a0>,37,17,[14  5],38,-1,87,-1,70
1,<environment.Job instance at 0x7f1758ec2b90>,38,12,[11  5],39,-1,82,-1,70
1,<environment.Job instance at 0x7f175842cd20>,43,12,[ 1 13],44,-1,111,-1,99
1,<environment.Job instance at 0x7f175842c6e0>,44,14,[11  1],45,-1,113,-1,99
1,<environment.Job instance at 0x7f175842c4b0>,45,3,[14  1],46,-1,102,-1,99
1,<environment.Job instance at 0x7f175842ce10>,46,24,[5 5],47,-1,134,-1,110
1,<environment.Job instance at 0x7f175842c460>,47,15,[ 4 11],48,-1,125,-1,110
1,<environment.Job instance at 0x7f1758abfd20>,49,21,[ 1 14],50,-1,131,-1,110
1,<environment.Job instance at 0x7f1758433d20>,52,16,[ 4 14],53,-1,128,-1,112
1,<environment.Job instance at 0x7f1758433190>,54,16,[ 2 12],55,-1,129,-1,113
1,<environment.Job instance at 0x7f1758abfb90>,55,17,[13  4],56,-1,130,-1,113
1,<environment.Job instance at 0x7f1758454960>,56,1,[ 5 11],57,-1,114,-1,113
1,<environment.Job instance at 0x7f17592fa230>,61,1,[12  5],62,-1,131,-1,130
1,<environment.Job instance at 0x7f17595fe870>,64,26,[ 2 12],65,-1,172,-1,146
1,<environment.Job instance at 0x7f1758de4aa0>,66,1,[ 3 12],67,-1,150,-1,149
1,<environment.Job instance at 0x7f1758dd1320>,10,18,[2 9],11,-1,29,-1,11
1,<environment.Job instance at 0x7f1758dd1230>,14,25,[4 6],15,-1,40,-1,15
1,<environment.Job instance at 0x7f1758675a50>,21,18,[5 5],22,-1,41,-1,23
1,<environment.Job instance at 0x7f1758675910>,26,13,[14  3],27,-1,52,-1,39
1,<environment.Job instance at 0x7f1758675640>,31,12,[11  5],32,-1,65,-1,53
1,<environment.Job instance at 0x7f17586759b0>,32,18,[ 3 10],33,-1,71,-1,53
1,<environment.Job instance at 0x7f1758675aa0>,35,17,[ 3 14],36,-1,70,-1,53
1,<environment.Job instance at 0x7f17586757d0>,36,23,[7 5],37,-1,76,-1,53
1,<environment.Job instance at 0x7f1758675d70>,37,20,[5 5],38,-1,73,-1,53
1,<environment.Job instance at 0x7f1761fbc140>,1,12,[ 5 14],2,-1,14,-1,2
1,<environment.Job instance at 0x7f17581ca820>,4,25,[ 5 14],5,-1,30,-1,5
1,<environment.Job instance at 0x7f1758c35c30>,5,15,[12  1],6,-1,21,-1,6
1,<environment.Job instance at 0x7f17581ca4b0>,8,2,[ 3 12],9,-1,11,-1,9
1,<environment.Job instance at 0x7f1758a35c30>,14,25,[4 6],15,-1,45,-1,20
1,<environment.Job instance at 0x7f17598a9140>,15,21,[ 5 11],16,-1,41,-1,20
1,<environment.Job instance at 0x7f1758dcdaf0>,19,18,[ 3 14],20,-1,41,-1,23
1,<environment.Job instance at 0x7f17595938c0>,20,2,[14  4],21,-1,25,-1,23
1,<environment.Job instance at 0x7f1758579910>,22,16,[12  2],23,-1,39,-1,23
1,<environment.Job instance at 0x7f17581f6aa0>,23,13,[ 4 14],24,-1,37,-1,24
1,<environment.Job instance at 0x7f17585626e0>,26,13,[14  3],27,-1,49,-1,36
1,<environment.Job instance at 0x7f17582cf5a0>,31,12,[11  5],32,-1,63,-1,51
1,<environment.Job instance at 0x7f17582cfd70>,34,14,[ 5 11],35,-1,69,-1,55
1,<environment.Job instance at 0x7f17584e9e10>,35,17,[ 3 14],36,-1,72,-1,55
1,<environment.Job instance at 0x7f17584e9780>,36,23,[7 5],37,-1,90,-1,67
1,<environment.Job instance at 0x7f1758581c80>,38,23,[1 5],39,-1,90,-1,67
1,<environment.Job instance at 0x7f17584e90f0>,40,26,[ 1 11],41,-1,93,-1,67
1,<environment.Job instance at 0x7f1758f8d690>,41,12,[13  4],42,-1,79,-1,67
1,<environment.Job instance at 0x7f1758f8d460>,43,15,[ 1 11],44,-1,84,-1,69
1,<environment.Job instance at 0x7f1758f8d5a0>,45,2,[13  4],46,-1,74,-1,72
1,<environment.Job instance at 0x7f17584ef820>,51,13,[13  4],52,-1,100,-1,87
1,<environment.Job instance at 0x7f1758f94910>,52,24,[ 1 10],53,-1,113,-1,89
1,<environment.Job instance at 0x7f17592a3280>,57,13,[11  1],58,-1,115,-1,102
1,<environment.Job instance at 0x7f175880b820>,58,17,[14  5],59,-1,119,-1,102
1,<environment.Job instance at 0x7f175880bf00>,59,14,[13  2],60,-1,116,-1,102
1,<environment.Job instance at 0x7f175880ba50>,60,16,[ 5 13],61,-1,118,-1,102
1,<environment.Job instance at 0x7f1758760820>,61,28,[14  3],62,-1,130,-1,102
1,<environment.Job instance at 0x7f17587602d0>,63,13,[ 3 13],64,-1,127,-1,114
1,<environment.Job instance at 0x7f17584e5a50>,65,24,[5 5],66,-1,138,-1,114
1,<environment.Job instance at 0x7f17584e5140>,66,18,[13  5],67,-1,132,-1,114
1,<environment.Job instance at 0x7f1758ec3870>,68,14,[ 5 14],69,-1,130,-1,116
1,<environment.Job instance at 0x7f1758ecbfa0>,72,12,[ 2 14],73,-1,157,-1,145
1,<environment.Job instance at 0x7f17584efaf0>,4,28,[5 5],5,-1,33,-1,5
1,<environment.Job instance at 0x7f17621b8e60>,2,2,[13  5],3,-1,5,-1,3
1,<environment.Job instance at 0x7f1758f31d20>,4,28,[5 5],5,-1,33,-1,5
1,<environment.Job instance at 0x7f1758f31fa0>,5,15,[12  4],6,-1,21,-1,6
1,<environment.Job instance at 0x7f1758e0b7d0>,6,25,[9 3],7,-1,32,-1,7
1,<environment.Job instance at 0x7f1758e0bbe0>,9,12,[ 4 14],10,-1,22,-1,10
1,<environment.Job instance at 0x7f1758e0b230>,10,21,[ 4 14],11,-1,32,-1,11
1,<environment.Job instance at 0x7f1758e0bcd0>,11,14,[ 1 13],12,-1,26,-1,12
1,<environment.Job instance at 0x7f1758e0b1e0>,12,16,[12  5],13,-1,29,-1,13
1,<environment.Job instance at 0x7f175921f8c0>,16,25,[ 2 14],17,-1,42,-1,17
1,<environment.Job instance at 0x7f175921f7d0>,17,1,[ 1 11],18,-1,19,-1,18
1,<environment.Job instance at 0x7f1758e0b460>,13,28,[4 5],14,-1,50,-1,22
1,<environment.Job instance at 0x7f1759002fa0>,18,28,[1 8],19,-1,50,-1,22
1,<environment.Job instance at 0x7f1759400870>,24,27,[ 3 10],25,-1,56,-1,29
1,<environment.Job instance at 0x7f1758859550>,28,16,[ 4 11],29,-1,45,-1,29
1,<environment.Job instance at 0x7f1758f925f0>,29,28,[ 4 13],30,-1,58,-1,30
1,<environment.Job instance at 0x7f17595059b0>,30,15,[ 5 14],31,-1,46,-1,31
1,<environment.Job instance at 0x7f1759505820>,31,3,[ 2 14],32,-1,35,-1,32
1,<environment.Job instance at 0x7f17595054b0>,32,14,[ 3 11],33,-1,47,-1,33
1,<environment.Job instance at 0x7f17584fe0a0>,38,14,[ 2 14],39,-1,64,-1,50
1,<environment.Job instance at 0x7f17584fe690>,40,23,[14  2],41,-1,73,-1,50
1,<environment.Job instance at 0x7f17584e54b0>,47,17,[ 4 14],48,-1,95,-1,78
1,<environment.Job instance at 0x7f17584e5140>,49,17,[12  4],50,-1,98,-1,81
1,<environment.Job instance at 0x7f1758f8d780>,50,14,[ 3 11],51,-1,95,-1,81
1,<environment.Job instance at 0x7f1758581370>,51,16,[ 4 13],52,-1,97,-1,81
1,<environment.Job instance at 0x7f1758581c80>,52,24,[ 1 11],53,-1,105,-1,81
1,<environment.Job instance at 0x7f17584e90f0>,53,17,[ 4 11],54,-1,98,-1,81
1,<environment.Job instance at 0x7f17584e9140>,55,2,[ 2 12],56,-1,92,-1,90
1,<environment.Job instance at 0x7f1758dcdaf0>,59,25,[8 1],60,-1,125,-1,100
1,<environment.Job instance at 0x7f1758562460>,58,27,[ 3 10],59,-1,135,-1,108
1,<environment.Job instance at 0x7f17580d5550>,62,23,[5 4],63,-1,131,-1,108
1,<environment.Job instance at 0x7f17595bce60>,63,28,[3 6],64,-1,136,-1,108
1,<environment.Job instance at 0x7f17595ce550>,64,20,[14  5],65,-1,128,-1,108
1,<environment.Job instance at 0x7f1758e68780>,66,17,[14  1],67,-1,125,-1,108
1,<environment.Job instance at 0x7f17582d3c30>,68,28,[4 5],69,-1,139,-1,111
1,<environment.Job instance at 0x7f177da89320>,69,26,[1 7],70,-1,137,-1,111
1,<environment.Job instance at 0x7f1758c35c30>,71,23,[6 2],72,-1,138,-1,115
1,<environment.Job instance at 0x7f17581ca640>,74,27,[3 8],75,-1,143,-1,116
1,<environment.Job instance at 0x7f1758c48410>,76,2,[ 4 13],77,-1,118,-1,116
1,<environment.Job instance at 0x7f17581ca6e0>,77,27,[10  5],78,-1,171,-1,144
1,<environment.Job instance at 0x7f17584ef140>,82,18,[14  1],83,-1,162,-1,144
1,<environment.Job instance at 0x7f17594dfcd0>,0,26,[5 5],1,-1,27,-1,1
1,<environment.Job instance at 0x7f17594df8c0>,2,1,[10  1],3,-1,5,-1,4
1,<environment.Job instance at 0x7f17581cf820>,6,16,[4 6],7,-1,23,-1,7
1,<environment.Job instance at 0x7f17581509b0>,0,26,[5 5],1,-1,27,-1,1
1,<environment.Job instance at 0x7f1758150910>,1,28,[3 7],2,-1,30,-1,2
1,<environment.Job instance at 0x7f1758150460>,3,23,[ 2 10],4,-1,27,-1,4
1,<environment.Job instance at 0x7f175814f1e0>,4,12,[13  5],5,-1,17,-1,5
1,<environment.Job instance at 0x7f1758f5cc80>,9,14,[14  2],10,-1,24,-1,10
1,<environment.Job instance at 0x7f17581501e0>,10,28,[9 4],11,-1,39,-1,11
1,<environment.Job instance at 0x7f17587e9870>,11,24,[ 1 13],12,-1,36,-1,12
1,<environment.Job instance at 0x7f1758677870>,12,14,[ 5 13],13,-1,27,-1,13
1,<environment.Job instance at 0x7f17584013c0>,18,13,[ 3 12],19,-1,36,-1,23
1,<environment.Job instance at 0x7f17599e3500>,21,12,[ 5 12],22,-1,35,-1,23
1,<environment.Job instance at 0x7f175812baa0>,32,23,[ 4 10],33,-1,86,-1,63
1,<environment.Job instance at 0x7f175812b910>,34,14,[ 1 14],35,-1,77,-1,63
1,<environment.Job instance at 0x7f1758135be0>,36,14,[11  4],37,-1,77,-1,63
1,<environment.Job instance at 0x7f1758117e10>,38,18,[ 4 12],39,-1,84,-1,66
1,<environment.Job instance at 0x7f1758128d70>,41,25,[5 4],42,-1,106,-1,81
1,<environment.Job instance at 0x7f17583f6910>,45,16,[ 5 13],46,-1,113,-1,97
1,<environment.Job instance at 0x7f17583d8190>,46,17,[ 2 12],47,-1,114,-1,97
1,<environment.Job instance at 0x7f17583d80a0>,48,25,[ 1 13],49,-1,130,-1,105
1,<environment.Job instance at 0x7f17583f6550>,47,25,[9 2],48,-1,137,-1,112
1,<environment.Job instance at 0x7f17589fa0f0>,56,14,[ 2 12],57,-1,148,-1,134
1,<environment.Job instance at 0x7f17585958c0>,2,22,[5 6],3,-1,25,-1,3
1,<environment.Job instance at 0x7f175889ab40>,7,19,[3 9],8,-1,28,-1,9
1,<environment.Job instance at 0x7f175889a190>,9,13,[ 4 11],10,-1,23,-1,10
1,<environment.Job instance at 0x7f175889a6e0>,10,20,[3 6],11,-1,31,-1,11
1,<environment.Job instance at 0x7f175889af50>,11,17,[10  4],12,-1,29,-1,12
1,<environment.Job instance at 0x7f175889a0a0>,13,2,[2 9],14,-1,16,-1,14
1,<environment.Job instance at 0x7f17585953c0>,8,28,[5 3],9,-1,42,-1,14
1,<environment.Job instance at 0x7f175889a320>,14,21,[10  4],15,-1,37,-1,16
1,<environment.Job instance at 0x7f175889a910>,16,17,[9 4],17,-1,34,-1,17
1,<environment.Job instance at 0x7f175889afa0>,17,20,[8 3],18,-1,38,-1,18
1,<environment.Job instance at 0x7f17589f2910>,0,3,[ 5 11],1,-1,4,-1,1
1,<environment.Job instance at 0x7f17589e1870>,1,21,[ 3 14],2,-1,23,-1,2
1,<environment.Job instance at 0x7f17589f2b40>,5,16,[ 2 11],6,-1,22,-1,6
1,<environment.Job instance at 0x7f17589fafa0>,8,28,[5 3],9,-1,37,-1,9
1,<environment.Job instance at 0x7f17589fa1e0>,9,13,[ 4 11],10,-1,23,-1,10
1,<environment.Job instance at 0x7f17589facd0>,12,19,[13  3],13,-1,32,-1,13
1,<environment.Job instance at 0x7f1759314aa0>,15,15,[ 3 13],16,-1,38,-1,23
1,<environment.Job instance at 0x7f1759594640>,21,17,[14  4],22,-1,42,-1,25
1,<environment.Job instance at 0x7f1759594d70>,22,12,[12  2],23,-1,37,-1,25
1,<environment.Job instance at 0x7f1758677870>,24,23,[14  2],25,-1,49,-1,26
1,<environment.Job instance at 0x7f175889a140>,25,25,[5 3],26,-1,53,-1,28
1,<environment.Job instance at 0x7f1758595a50>,28,13,[ 4 13],29,-1,53,-1,40
1,<environment.Job instance at 0x7f1758806b40>,32,17,[13  2],33,-1,63,-1,46
1,<environment.Job instance at 0x7f17588064b0>,33,23,[8 3],34,-1,69,-1,46
1,<environment.Job instance at 0x7f1758806050>,34,1,[12  5],35,-1,47,-1,46
1,<environment.Job instance at 0x7f1758806c80>,36,28,[8 4],37,-1,88,-1,60
1,<environment.Job instance at 0x7f17588063c0>,37,16,[13  2],38,-1,76,-1,60
1,<environment.Job instance at 0x7f17582a32d0>,39,12,[ 5 14],40,-1,72,-1,60
1,<environment.Job instance at 0x7f17587edd70>,40,14,[14  2],41,-1,74,-1,60
1,<environment.Job instance at 0x7f17587ed960>,43,23,[6 3],44,-1,101,-1,78
1,<environment.Job instance at 0x7f17582c34b0>,45,21,[12  2],46,-1,99,-1,78
1,<environment.Job instance at 0x7f17584351e0>,46,21,[13  1],47,-1,99,-1,78
1,<environment.Job instance at 0x7f175863daf0>,49,15,[12  3],50,-1,102,-1,87
1,<environment.Job instance at 0x7f1758c7b4b0>,50,16,[14  3],51,-1,103,-1,87
1,<environment.Job instance at 0x7f17594d5a00>,53,16,[ 4 13],54,-1,117,-1,101
1,<environment.Job instance at 0x7f175957a780>,55,17,[ 4 11],56,-1,118,-1,101
1,<environment.Job instance at 0x7f17592d1500>,58,23,[11  4],59,-1,129,-1,106
1,<environment.Job instance at 0x7f1759577960>,59,13,[ 1 11],60,-1,119,-1,106
1,<environment.Job instance at 0x7f1758f5c870>,60,3,[ 3 11],61,-1,109,-1,106
1,<environment.Job instance at 0x7f175957ad20>,57,24,[2 5],58,-1,140,-1,116
1,<environment.Job instance at 0x7f1759564500>,64,13,[13  1],65,-1,136,-1,123
1,<environment.Job instance at 0x7f1759564870>,65,16,[ 2 13],66,-1,139,-1,123
1,<environment.Job instance at 0x7f17594f25f0>,67,16,[ 2 13],68,-1,139,-1,123
1,<environment.Job instance at 0x7f175954c280>,72,28,[5 4],73,-1,175,-1,147
1,<environment.Job instance at 0x7f17595f01e0>,74,13,[ 4 14],75,-1,160,-1,147
1,<environment.Job instance at 0x7f17595f0960>,75,17,[ 3 11],76,-1,164,-1,147
1,<environment.Job instance at 0x7f17595f0140>,77,17,[ 2 14],78,-1,164,-1,147
1,<environment.Job instance at 0x7f17595f02d0>,78,26,[12  5],79,-1,173,-1,147
1,<environment.Job instance at 0x7f17589f4cd0>,0,26,[8 2],1,-1,28,-1,2
1,<environment.Job instance at 0x7f1758268320>,3,18,[10  1],4,-1,23,-1,5
1,<environment.Job instance at 0x7f1758268280>,5,13,[8 1],6,-1,19,-1,6
1,<environment.Job instance at 0x7f17582685a0>,7,19,[4 9],8,-1,27,-1,8
1,<environment.Job instance at 0x7f17582682d0>,4,27,[5 8],5,-1,35,-1,8
1,<environment.Job instance at 0x7f1758268e60>,19,28,[5 4],20,-1,55,-1,27
1,<environment.Job instance at 0x7f1758268f00>,20,12,[ 2 13],21,-1,48,-1,36
1,<environment.Job instance at 0x7f17582688c0>,11,26,[1 8],12,-1,62,-1,36
1,<environment.Job instance at 0x7f1758265820>,28,22,[ 3 10],29,-1,59,-1,37
1,<environment.Job instance at 0x7f17582654b0>,25,14,[ 4 10],26,-1,51,-1,37
1,<environment.Job instance at 0x7f1758268be0>,15,20,[11  2],16,-1,60,-1,40
1,<environment.Job instance at 0x7f17582656e0>,30,26,[11  4],31,-1,66,-1,40
1,<environment.Job instance at 0x7f1758265a50>,34,12,[8 5],35,-1,66,-1,54
1,<environment.Job instance at 0x7f1758265c30>,37,15,[10  1],38,-1,71,-1,56
1,<environment.Job instance at 0x7f1758265050>,21,26,[13  3],22,-1,93,-1,67
1,<environment.Job instance at 0x7f1758265cd0>,38,18,[8 5],39,-1,85,-1,67
1,<environment.Job instance at 0x7f1758265d70>,39,22,[ 2 11],40,-1,89,-1,67
1,<environment.Job instance at 0x7f17582655f0>,31,18,[1 5],32,-1,85,-1,67
1,<environment.Job instance at 0x7f1758260500>,48,24,[ 4 13],49,-1,92,-1,68
1,<environment.Job instance at 0x7f17582603c0>,46,15,[7 3],47,-1,83,-1,68
1,<environment.Job instance at 0x7f17582605a0>,49,14,[12  1],50,-1,82,-1,68
1,<environment.Job instance at 0x7f17582606e0>,51,27,[ 4 11],52,-1,95,-1,68
1,<environment.Job instance at 0x7f1758260640>,50,14,[6 4],51,-1,82,-1,68
1,<environment.Job instance at 0x7f1758265e10>,40,14,[8 4],41,-1,84,-1,70
1,<environment.Job instance at 0x7f1758268410>,8,21,[ 5 13],9,-1,91,-1,70
1,<environment.Job instance at 0x7f17582608c0>,53,20,[5 6],54,-1,90,-1,70
1,<environment.Job instance at 0x7f17589f5820>,0,26,[8 2],1,-1,27,-1,1
1,<environment.Job instance at 0x7f17592e7be0>,4,27,[5 8],5,-1,33,-1,6
1,<environment.Job instance at 0x7f17592e7dc0>,6,22,[ 1 13],7,-1,29,-1,7
1,<environment.Job instance at 0x7f17592e79b0>,8,21,[ 5 13],9,-1,30,-1,9
1,<environment.Job instance at 0x7f17592c5820>,12,27,[8 4],13,-1,49,-1,22
1,<environment.Job instance at 0x7f17599b7640>,15,20,[11  2],16,-1,45,-1,25
1,<environment.Job instance at 0x7f17592c5280>,11,26,[1 8],12,-1,53,-1,27
1,<environment.Job instance at 0x7f175956fcd0>,18,3,[ 3 12],19,-1,30,-1,27
1,<environment.Job instance at 0x7f1758634370>,19,28,[5 4],20,-1,55,-1,27
1,<environment.Job instance at 0x7f17599b7cd0>,20,12,[ 2 13],21,-1,39,-1,27
1,<environment.Job instance at 0x7f17599b7820>,21,26,[13  3],22,-1,53,-1,27
1,<environment.Job instance at 0x7f175955dd20>,26,28,[6 1],27,-1,68,-1,40
1,<environment.Job instance at 0x7f17599c3500>,30,26,[11  4],31,-1,86,-1,60
1,<environment.Job instance at 0x7f17599c3b90>,35,24,[11  3],36,-1,99,-1,75
1,<environment.Job instance at 0x7f17592cd870>,39,22,[ 2 11],40,-1,114,-1,92
1,<environment.Job instance at 0x7f17592c3d70>,42,23,[12  4],43,-1,130,-1,107
1,<environment.Job instance at 0x7f17592c3140>,44,25,[13  1],45,-1,133,-1,108
1,<environment.Job instance at 0x7f17592c3eb0>,47,3,[ 2 14],48,-1,124,-1,121
1,<environment.Job instance at 0x7f17592c35f0>,48,24,[ 4 13],49,-1,145,-1,121
1,<environment.Job instance at 0x7f17593cab90>,49,14,[12  1],50,-1,135,-1,121
1,<environment.Job instance at 0x7f1758655500>,51,27,[ 4 11],52,-1,151,-1,124
1,<environment.Job instance at 0x7f17593ca370>,52,17,[11  3],53,-1,141,-1,124
1,<environment.Job instance at 0x7f175828daf0>,0,17,[8 5],1,-1,18,-1,1
1,<environment.Job instance at 0x7f1758ed4eb0>,5,23,[5 2],6,-1,30,-1,7
1,<environment.Job instance at 0x7f1758ed4280>,6,16,[12  4],7,-1,23,-1,7
1,<environment.Job instance at 0x7f175920b500>,7,18,[9 1],8,-1,27,-1,9
1,<environment.Job instance at 0x7f175920b3c0>,10,17,[2 5],11,-1,28,-1,11
1,<environment.Job instance at 0x7f175920b230>,11,18,[5 2],12,-1,30,-1,12
1,<environment.Job instance at 0x7f175920b7d0>,12,22,[8 3],13,-1,35,-1,13
1,<environment.Job instance at 0x7f175920b1e0>,15,27,[3 5],16,-1,43,-1,16
1,<environment.Job instance at 0x7f175920b730>,16,16,[8 2],17,-1,33,-1,17
1,<environment.Job instance at 0x7f175920b050>,20,15,[7 5],21,-1,36,-1,21
1,<environment.Job instance at 0x7f175920b640>,8,12,[11  2],9,-1,34,-1,22
1,<environment.Job instance at 0x7f175995fbe0>,24,18,[6 5],25,-1,43,-1,25
1,<environment.Job instance at 0x7f175995f960>,30,19,[ 4 11],31,-1,69,-1,50
1,<environment.Job instance at 0x7f1758828e60>,35,15,[2 8],36,-1,68,-1,53
1,<environment.Job instance at 0x7f1758828050>,37,13,[13  3],38,-1,70,-1,57
1,<environment.Job instance at 0x7f1758828690>,45,23,[5 2],46,-1,81,-1,58
1,<environment.Job instance at 0x7f1758aaa870>,49,25,[2 6],50,-1,83,-1,58
1,<environment.Job instance at 0x7f17590e4af0>,3,3,[ 3 11],4,-1,7,-1,4
1,<environment.Job instance at 0x7f1758268e10>,4,14,[12  4],5,-1,19,-1,5
1,<environment.Job instance at 0x7f17621e9b40>,6,16,[12  4],7,-1,23,-1,7
1,<environment.Job instance at 0x7f1758260870>,8,12,[11  2],9,-1,21,-1,9
1,<environment.Job instance at 0x7f1758268910>,5,23,[5 2],6,-1,39,-1,16
1,<environment.Job instance at 0x7f17589e1870>,13,14,[ 3 14],14,-1,30,-1,16
1,<environment.Job instance at 0x7f1758415cd0>,15,27,[3 5],16,-1,45,-1,18
1,<environment.Job instance at 0x7f17589fa7d0>,18,24,[12  4],19,-1,43,-1,19
1,<environment.Job instance at 0x7f1759314c30>,21,22,[ 1 11],22,-1,56,-1,34
1,<environment.Job instance at 0x7f17587e3f00>,25,2,[11  1],26,-1,49,-1,47
1,<environment.Job instance at 0x7f17599e32d0>,26,2,[11  3],27,-1,49,-1,47
1,<environment.Job instance at 0x7f1758677f50>,27,19,[11  3],28,-1,66,-1,47
1,<environment.Job instance at 0x7f1759594320>,28,17,[12  2],29,-1,64,-1,47
1,<environment.Job instance at 0x7f1758c84e10>,30,19,[ 4 11],31,-1,67,-1,48
1,<environment.Job instance at 0x7f1758806690>,37,13,[13  3],38,-1,80,-1,67
1,<environment.Job instance at 0x7f17582a3640>,41,1,[12  1],42,-1,73,-1,72
1,<environment.Job instance at 0x7f17625abf00>,45,23,[5 2],46,-1,111,-1,88
1,<environment.Job instance at 0x7f17582c34b0>,46,3,[14  4],47,-1,91,-1,88
1,<environment.Job instance at 0x7f1758c7b140>,49,25,[2 6],50,-1,119,-1,94
1,<environment.Job instance at 0x7f17587ed820>,52,16,[14  3],53,-1,110,-1,94
1,<environment.Job instance at 0x7f175957a4b0>,53,16,[ 5 12],54,-1,110,-1,94
1,<environment.Job instance at 0x7f17594d5a00>,55,27,[12  3],56,-1,121,-1,94
1,<environment.Job instance at 0x7f175954ce60>,61,28,[8 5],62,-1,146,-1,118
1,<environment.Job instance at 0x7f175954c280>,62,13,[13  5],63,-1,131,-1,118
1,<environment.Job instance at 0x7f17593ca370>,63,2,[ 3 14],64,-1,120,-1,118
1,<environment.Job instance at 0x7f17592c3d70>,67,17,[14  2],68,-1,150,-1,133
1,<environment.Job instance at 0x7f17583017d0>,70,24,[ 5 12],71,-1,160,-1,136
1,<environment.Job instance at 0x7f1758301b40>,71,27,[ 5 10],72,-1,164,-1,137
1,<environment.Job instance at 0x7f17599934b0>,72,3,[ 4 13],73,-1,140,-1,137
1,<environment.Job instance at 0x7f175955d4b0>,74,1,[ 4 13],75,-1,138,-1,137
1,<environment.Job instance at 0x7f17585e1b90>,5,16,[9 2],6,-1,24,-1,8
1,<environment.Job instance at 0x7f1759394e10>,14,16,[7 3],15,-1,48,-1,32
1,<environment.Job instance at 0x7f1758600aa0>,13,19,[ 5 10],14,-1,51,-1,32
1,<environment.Job instance at 0x7f175995fb40>,0,15,[ 5 11],1,-1,16,-1,1
1,<environment.Job instance at 0x7f175955d4b0>,3,16,[12  1],4,-1,20,-1,4
1,<environment.Job instance at 0x7f17599937d0>,4,1,[11  4],5,-1,6,-1,5
1,<environment.Job instance at 0x7f175898fa50>,8,2,[ 2 11],9,-1,11,-1,9
1,<environment.Job instance at 0x7f17594d5960>,9,17,[ 2 13],10,-1,27,-1,10
1,<environment.Job instance at 0x7f17595570f0>,10,13,[13  3],11,-1,24,-1,11
1,<environment.Job instance at 0x7f175954ccd0>,12,17,[13  4],13,-1,30,-1,13
1,<environment.Job instance at 0x7f1758806b40>,16,13,[ 1 11],17,-1,33,-1,20
1,<environment.Job instance at 0x7f1758806690>,17,16,[14  3],18,-1,36,-1,20
1,<environment.Job instance at 0x7f17588068c0>,18,1,[ 5 13],19,-1,21,-1,20
1,<environment.Job instance at 0x7f1758806230>,19,14,[ 3 12],20,-1,34,-1,20
1,<environment.Job instance at 0x7f1759594640>,23,22,[14  4],24,-1,46,-1,24
1,<environment.Job instance at 0x7f1758126a00>,26,14,[ 2 12],27,-1,41,-1,27
1,<environment.Job instance at 0x7f17583260a0>,27,17,[11  3],28,-1,45,-1,28
1,<environment.Job instance at 0x7f17586007d0>,32,1,[ 5 14],33,-1,40,-1,39
1,<environment.Job instance at 0x7f1758600a50>,31,24,[9 2],32,-1,65,-1,41
1,<environment.Job instance at 0x7f17584e9230>,38,12,[14  3],39,-1,56,-1,44
1,<environment.Job instance at 0x7f17597563c0>,42,26,[2 7],43,-1,85,-1,59
1,<environment.Job instance at 0x7f1759756c30>,43,24,[14  2],44,-1,83,-1,59
1,<environment.Job instance at 0x7f1759756eb0>,45,2,[ 1 11],46,-1,61,-1,59
1,<environment.Job instance at 0x7f1759756820>,44,23,[2 9],45,-1,91,-1,68
1,<environment.Job instance at 0x7f1759756d70>,49,24,[8 3],50,-1,111,-1,87
1,<environment.Job instance at 0x7f17585131e0>,52,2,[12  3],53,-1,89,-1,87
1,<environment.Job instance at 0x7f17592c22d0>,54,15,[14  1],55,-1,104,-1,89
1,<environment.Job instance at 0x7f17592c2320>,55,3,[ 3 11],56,-1,92,-1,89
1,<environment.Job instance at 0x7f17583dae10>,62,16,[ 4 12],63,-1,138,-1,122
1,<environment.Job instance at 0x7f1758540280>,0,22,[10  4],1,-1,24,-1,2
1,<environment.Job instance at 0x7f17595bc140>,2,24,[5 3],3,-1,27,-1,3
1,<environment.Job instance at 0x7f1759400140>,1,21,[2 6],2,-1,24,-1,3
1,<environment.Job instance at 0x7f17585407d0>,3,27,[5 2],4,-1,31,-1,4
1,<environment.Job instance at 0x7f17599045a0>,10,18,[7 5],11,-1,30,-1,12
1,<environment.Job instance at 0x7f1759904140>,11,25,[12  2],12,-1,37,-1,12
1,<environment.Job instance at 0x7f17587b5280>,16,18,[14  5],17,-1,38,-1,20
1,<environment.Job instance at 0x7f17587b5230>,14,21,[12  5],15,-1,42,-1,21
1,<environment.Job instance at 0x7f1759935c30>,21,3,[5 7],22,-1,25,-1,22
1,<environment.Job instance at 0x7f17587b5e10>,15,17,[6 5],16,-1,39,-1,22
1,<environment.Job instance at 0x7f17587d0730>,23,17,[9 4],24,-1,41,-1,24
1,<environment.Job instance at 0x7f17598a1aa0>,25,23,[ 4 13],26,-1,50,-1,27
1,<environment.Job instance at 0x7f17585655f0>,8,18,[13  1],9,-1,46,-1,28
1,<environment.Job instance at 0x7f17593c7d70>,27,12,[ 1 12],28,-1,40,-1,28
1,<environment.Job instance at 0x7f17598a1370>,28,13,[12  5],29,-1,44,-1,31
1,<environment.Job instance at 0x7f1759224230>,20,14,[11  2],21,-1,53,-1,39
1,<environment.Job instance at 0x7f17593c7be0>,29,22,[14  3],30,-1,61,-1,39
1,<environment.Job instance at 0x7f1759970370>,32,13,[5 5],33,-1,52,-1,39
1,<environment.Job instance at 0x7f1761fcddc0>,34,16,[9 2],35,-1,55,-1,39
1,<environment.Job instance at 0x7f1759763050>,36,21,[10  4],37,-1,60,-1,39
1,<environment.Job instance at 0x7f17597636e0>,38,17,[10  5],39,-1,56,-1,39
1,<environment.Job instance at 0x7f1759763b40>,39,25,[9 3],40,-1,65,-1,40
1,<environment.Job instance at 0x7f17591ad6e0>,41,17,[10  2],42,-1,68,-1,51
1,<environment.Job instance at 0x7f17587b5dc0>,17,28,[12  3],18,-1,79,-1,51
1,<environment.Job instance at 0x7f1758c74dc0>,47,17,[6 1],48,-1,68,-1,51
1,<environment.Job instance at 0x7f175871e910>,4,13,[ 1 11],5,-1,18,-1,5
1,<environment.Job instance at 0x7f1759475230>,7,16,[ 4 12],8,-1,24,-1,8
1,<environment.Job instance at 0x7f1759475460>,8,18,[13  1],9,-1,27,-1,9
1,<environment.Job instance at 0x7f175871e460>,2,24,[5 3],3,-1,47,-1,23
1,<environment.Job instance at 0x7f175871eb90>,3,27,[5 2],4,-1,50,-1,23
1,<environment.Job instance at 0x7f17594758c0>,11,25,[12  2],12,-1,48,-1,23
1,<environment.Job instance at 0x7f1759475cd0>,12,18,[13  1],13,-1,41,-1,23
1,<environment.Job instance at 0x7f1759475be0>,13,13,[ 2 12],14,-1,36,-1,23
1,<environment.Job instance at 0x7f1759406e10>,14,21,[12  5],15,-1,44,-1,23
1,<environment.Job instance at 0x7f1759406a50>,16,18,[14  5],17,-1,41,-1,23
1,<environment.Job instance at 0x7f17594065a0>,17,28,[12  3],18,-1,51,-1,23
1,<environment.Job instance at 0x7f17594060a0>,19,3,[ 2 14],20,-1,26,-1,23
1,<environment.Job instance at 0x7f1759406280>,20,14,[11  2],21,-1,37,-1,23
1,<environment.Job instance at 0x7f17582147d0>,25,23,[ 4 13],26,-1,51,-1,28
1,<environment.Job instance at 0x7f1758214910>,26,18,[ 3 12],27,-1,46,-1,28
1,<environment.Job instance at 0x7f1758214c80>,27,12,[ 1 12],28,-1,40,-1,28
1,<environment.Job instance at 0x7f17582143c0>,28,13,[12  5],29,-1,42,-1,29
1,<environment.Job instance at 0x7f1758214b90>,29,22,[14  3],30,-1,52,-1,30
1,<environment.Job instance at 0x7f17585e45a0>,31,13,[ 5 11],32,-1,45,-1,32
1,<environment.Job instance at 0x7f17585e41e0>,35,13,[ 3 13],36,-1,56,-1,43
1,<environment.Job instance at 0x7f17585e40a0>,39,25,[9 3],40,-1,95,-1,70
1,<environment.Job instance at 0x7f17585e43c0>,40,16,[11  1],41,-1,86,-1,70
1,<environment.Job instance at 0x7f17585e4a50>,42,13,[ 5 12],43,-1,83,-1,70
1,<environment.Job instance at 0x7f17585e4730>,48,26,[4 7],49,-1,127,-1,101
1,<environment.Job instance at 0x7f176202bc80>,51,1,[ 2 14],52,-1,102,-1,101
1,<environment.Job instance at 0x7f176202b5f0>,52,1,[ 3 13],53,-1,102,-1,101
1,<environment.Job instance at 0x7f176202bd20>,53,12,[ 2 13],54,-1,113,-1,101
1,<environment.Job instance at 0x7f176202bc30>,57,16,[13  5],58,-1,135,-1,119
1,<environment.Job instance at 0x7f176202b4b0>,59,3,[11  5],60,-1,122,-1,119
1,<environment.Job instance at 0x7f176202b8c0>,60,23,[ 2 13],61,-1,142,-1,119
1,<environment.Job instance at 0x7f176202b370>,61,18,[ 4 14],62,-1,137,-1,119
1,<environment.Job instance at 0x7f176202b0f0>,62,24,[3 5],63,-1,143,-1,119
1,<environment.Job instance at 0x7f17583da3c0>,63,26,[6 5],64,-1,159,-1,133
1,<environment.Job instance at 0x7f17583dacd0>,65,27,[1 5],66,-1,160,-1,133
1,<environment.Job instance at 0x7f17583dad70>,67,17,[12  2],68,-1,150,-1,133
1,<environment.Job instance at 0x7f17583da320>,68,23,[6 1],69,-1,158,-1,135
1,<environment.Job instance at 0x7f17583da690>,70,20,[ 1 14],71,-1,168,-1,148
1,<environment.Job instance at 0x7f17583daeb0>,71,1,[ 1 11],72,-1,149,-1,148
1,<environment.Job instance at 0x7f17583da4b0>,73,14,[11  5],74,-1,163,-1,149
1,<environment.Job instance at 0x7fa77e13db90>,2,14,[ 2 10],3,-1,18,-1,4
1,<environment.Job instance at 0x7fa7877878c0>,3,22,[2 5],4,-1,26,-1,4
1,<environment.Job instance at 0x7fa77e2c4140>,6,15,[ 2 14],7,-1,22,-1,7
1,<environment.Job instance at 0x7fa77e1c8dc0>,8,2,[ 1 14],9,-1,11,-1,9
1,<environment.Job instance at 0x7fa77e3efbe0>,7,26,[9 3],8,-1,44,-1,18
1,<environment.Job instance at 0x7fa77e2aadc0>,12,23,[12  4],13,-1,41,-1,18
1,<environment.Job instance at 0x7fa77e2e5690>,18,26,[7 4],19,-1,56,-1,30
1,<environment.Job instance at 0x7fa77e2e5730>,19,25,[5 9],20,-1,66,-1,41
1,<environment.Job instance at 0x7fa77e268e60>,23,16,[12  2],24,-1,57,-1,41
1,<environment.Job instance at 0x7fa77e2594b0>,28,17,[ 1 13],29,-1,65,-1,48
1,<environment.Job instance at 0x7fa77e210fa0>,29,24,[4 7],30,-1,75,-1,51
1,<environment.Job instance at 0x7fa77e1e2dc0>,30,26,[9 4],31,-1,77,-1,51
1,<environment.Job instance at 0x7fa77e1e22d0>,31,1,[ 2 14],32,-1,52,-1,51
1,<environment.Job instance at 0x7fa77e2de1e0>,33,26,[3 6],34,-1,86,-1,60
1,<environment.Job instance at 0x7fa77e1ffaf0>,38,24,[13  2],39,-1,87,-1,63
1,<environment.Job instance at 0x7fa77e1ffe10>,40,26,[ 1 14],41,-1,100,-1,74
1,<environment.Job instance at 0x7fa77e1ffc30>,42,12,[ 5 12],43,-1,92,-1,80
1,<environment.Job instance at 0x7fa77e1ffd70>,45,12,[ 3 14],46,-1,104,-1,92
1,<environment.Job instance at 0x7fa77e1ff370>,47,14,[12  2],48,-1,118,-1,104
1,<environment.Job instance at 0x7fa77e24c410>,48,14,[ 1 11],49,-1,118,-1,104
1,<environment.Job instance at 0x7fa77e24cf00>,50,13,[ 4 12],51,-1,117,-1,104
1,<environment.Job instance at 0x7fa77e2eaeb0>,53,12,[ 3 14],54,-1,130,-1,118
1,<environment.Job instance at 0x7fa77e2381e0>,54,3,[ 3 13],55,-1,121,-1,118
1,<environment.Job instance at 0x7fa77e2e7320>,57,17,[ 2 14],58,-1,147,-1,130
1,<environment.Job instance at 0x7fa77e2e75a0>,58,28,[10  3],59,-1,160,-1,132
1,<environment.Job instance at 0x7fa77e261230>,61,2,[ 1 12],62,-1,135,-1,133
1,<environment.Job instance at 0x7fa77d88feb0>,1,20,[10  5],2,-1,22,-1,2
1,<environment.Job instance at 0x7fa77d9c5140>,7,20,[8 1],8,-1,34,-1,14
1,<environment.Job instance at 0x7fa77d966c80>,2,22,[ 2 11],3,-1,25,-1,3
1,<environment.Job instance at 0x7fa77d9679b0>,3,2,[13  5],4,-1,6,-1,4
1,<environment.Job instance at 0x7fa77d9ef910>,5,13,[ 5 14],6,-1,19,-1,6
1,<environment.Job instance at 0x7fa77d967050>,11,25,[14  5],12,-1,38,-1,13
1,<environment.Job instance at 0x7fa77d964be0>,12,24,[3 7],13,-1,40,-1,16
1,<environment.Job instance at 0x7fa77d964320>,15,27,[ 3 13],16,-1,43,-1,16
1,<environment.Job instance at 0x7fa77d8fb1e0>,18,2,[12  2],19,-1,24,-1,22
1,<environment.Job instance at 0x7fa77d8fb190>,20,18,[12  2],21,-1,40,-1,22
1,<environment.Job instance at 0x7fa77d8eb8c0>,23,19,[12  2],24,-1,48,-1,29
1,<environment.Job instance at 0x7fa77d8eb0f0>,21,27,[8 3],22,-1,66,-1,39
1,<environment.Job instance at 0x7fa77d902c30>,27,27,[ 3 12],28,-1,68,-1,41
1,<environment.Job instance at 0x7fa77d95c910>,31,15,[ 2 14],32,-1,70,-1,55
1,<environment.Job instance at 0x7fa77d95cd20>,33,26,[3 9],34,-1,86,-1,60
1,<environment.Job instance at 0x7fa77d95caf0>,34,15,[13  1],35,-1,75,-1,60
1,<environment.Job instance at 0x7fa77d90ab90>,40,2,[11  3],41,-1,87,-1,85
1,<environment.Job instance at 0x7fa77d90d550>,47,15,[11  5],48,-1,142,-1,127
1,<environment.Job instance at 0x7fa77d8ffc80>,48,1,[14  4],49,-1,128,-1,127
1,<environment.Job instance at 0x7fa77d8ffcd0>,51,1,[ 4 14],52,-1,143,-1,142
1,<environment.Job instance at 0x7fa77d9065f0>,52,16,[ 5 12],53,-1,158,-1,142
1,<environment.Job instance at 0x7fa77d906410>,54,16,[ 1 14],55,-1,159,-1,143
1,<environment.Job instance at 0x7fa77d906640>,55,18,[ 1 14],56,-1,161,-1,143
1,<environment.Job instance at 0x7fa77d911fa0>,56,23,[1 9],57,-1,178,-1,155
1,<environment.Job instance at 0x7fa77d75e370>,1,16,[ 4 10],2,-1,18,-1,2
1,<environment.Job instance at 0x7fa77d75efa0>,2,20,[5 8],3,-1,23,-1,3
1,<environment.Job instance at 0x7fa77d75eaa0>,10,20,[4 9],11,-1,32,-1,12
1,<environment.Job instance at 0x7fa77d6ec5a0>,19,23,[5 8],20,-1,45,-1,22
1,<environment.Job instance at 0x7fa7878ef1e0>,3,27,[ 4 13],4,-1,31,-1,4
1,<environment.Job instance at 0x7fa7878ef190>,5,12,[13  4],6,-1,18,-1,6
1,<environment.Job instance at 0x7fa7877b15f0>,6,12,[ 5 12],7,-1,19,-1,7
1,<environment.Job instance at 0x7fa7877b1d70>,7,28,[7 4],8,-1,36,-1,8
1,<environment.Job instance at 0x7fa77d6ec0a0>,4,28,[1 8],5,-1,46,-1,18
1,<environment.Job instance at 0x7fa77d7757d0>,12,27,[12  5],13,-1,45,-1,18
1,<environment.Job instance at 0x7fa77d775f50>,8,27,[4 6],9,-1,45,-1,18
1,<environment.Job instance at 0x7fa77d775870>,18,3,[12  2],19,-1,23,-1,20
1,<environment.Job instance at 0x7fa77d775230>,19,23,[5 8],20,-1,44,-1,21
1,<environment.Job instance at 0x7fa77d775e10>,22,21,[ 4 14],23,-1,45,-1,24
1,<environment.Job instance at 0x7fa77d77d1e0>,25,13,[12  1],26,-1,40,-1,27
1,<environment.Job instance at 0x7fa77d77deb0>,26,12,[14  3],27,-1,39,-1,27
1,<environment.Job instance at 0x7fa77d77d320>,27,1,[ 4 11],28,-1,29,-1,28
1,<environment.Job instance at 0x7fa77d7cb4b0>,31,25,[7 5],32,-1,70,-1,45
1,<environment.Job instance at 0x7fa77d7cb910>,34,25,[2 8],35,-1,71,-1,46
1,<environment.Job instance at 0x7fa77d7cb5f0>,37,28,[8 2],38,-1,87,-1,59
1,<environment.Job instance at 0x7fa77d7cb7d0>,38,26,[8 3],39,-1,85,-1,59
1,<environment.Job instance at 0x7fa77d7cbeb0>,40,27,[ 3 11],41,-1,86,-1,59
1,<environment.Job instance at 0x7fa77d7cbaa0>,41,15,[ 3 13],42,-1,74,-1,59
1,<environment.Job instance at 0x7fa77d794aa0>,48,18,[ 5 14],49,-1,99,-1,81
1,<environment.Job instance at 0x7fa77d7941e0>,50,19,[ 2 11],51,-1,100,-1,81
1,<environment.Job instance at 0x7fa77d794eb0>,55,26,[6 1],56,-1,117,-1,91
1,<environment.Job instance at 0x7fa77d794640>,56,28,[5 9],57,-1,124,-1,96
1,<environment.Job instance at 0x7fa77d7940f0>,57,24,[4 8],58,-1,120,-1,96
1,<environment.Job instance at 0x7fa77d794690>,54,25,[4 9],55,-1,121,-1,96
1,<environment.Job instance at 0x7fa77d7c5690>,60,2,[ 2 12],61,-1,98,-1,96
1,<environment.Job instance at 0x7fa77d7c50a0>,62,24,[7 4],63,-1,121,-1,97
1,<environment.Job instance at 0x7fa77d7c5500>,68,19,[12  4],69,-1,131,-1,112
1,<environment.Job instance at 0x7fa77d7c5870>,69,14,[ 5 12],70,-1,126,-1,112
1,<environment.Job instance at 0x7fa77d7c5e60>,71,25,[8 3],72,-1,150,-1,125
1,<environment.Job instance at 0x7fa77d7c5230>,72,16,[ 2 11],73,-1,141,-1,125
1,<environment.Job instance at 0x7fa77d7c5910>,73,28,[ 3 11],74,-1,153,-1,125
1,<environment.Job instance at 0x7fa77d7c5c80>,75,24,[2 7],76,-1,156,-1,132
1,<environment.Job instance at 0x7fa77d7c5960>,76,16,[14  5],77,-1,148,-1,132
1,<environment.Job instance at 0x7fa77d7c56e0>,78,27,[14  3],79,-1,159,-1,132
1,<environment.Job instance at 0x7fa77d779e60>,79,18,[ 1 14],80,-1,150,-1,132
1,<environment.Job instance at 0x7fa77d779730>,81,15,[11  2],82,-1,155,-1,140
1,<environment.Job instance at 0x7fa77d7791e0>,82,13,[ 1 12],83,-1,153,-1,140
1,<environment.Job instance at 0x7fa77d779280>,85,16,[ 4 11],86,-1,170,-1,154
1,<environment.Job instance at 0x7fa77d779b90>,86,17,[13  3],87,-1,171,-1,154
1,<environment.Job instance at 0x7fa77d779460>,87,22,[ 3 11],88,-1,176,-1,154
1,<environment.Job instance at 0x7fa77d7793c0>,89,13,[ 5 12],90,-1,170,-1,157
1,<environment.Job instance at 0x7fa77d7794b0>,90,1,[ 5 11],91,-1,158,-1,157
1,<environment.Job instance at 0x7fa77d7790f0>,91,1,[12  4],92,-1,158,-1,157
1,<environment.Job instance at 0x7fa77e1c3960>,6,25,[5 3],7,-1,32,-1,7
1,<environment.Job instance at 0x7fa77e1c3640>,12,20,[ 3 11],13,-1,36,-1,16
1,<environment.Job instance at 0x7fa77e494140>,15,19,[10  2],16,-1,35,-1,16
1,<environment.Job instance at 0x7fa77e1c3f50>,10,18,[5 2],11,-1,35,-1,17
1,<environment.Job instance at 0x7fa77e494370>,17,15,[5 7],18,-1,33,-1,18
1,<environment.Job instance at 0x7fa77e4948c0>,18,15,[6 5],19,-1,34,-1,19
1,<environment.Job instance at 0x7fa77db19730>,0,14,[ 5 13],1,-1,15,-1,1
1,<environment.Job instance at 0x7fa77e933910>,1,24,[14  5],2,-1,26,-1,2
1,<environment.Job instance at 0x7fa77e933870>,2,12,[ 4 11],3,-1,15,-1,3
1,<environment.Job instance at 0x7fa77db1f140>,4,14,[ 1 13],5,-1,19,-1,5
1,<environment.Job instance at 0x7fa77e933280>,6,25,[5 3],7,-1,47,-1,22
1,<environment.Job instance at 0x7fa77dac6960>,12,20,[ 3 11],13,-1,42,-1,22
1,<environment.Job instance at 0x7fa77df185a0>,14,14,[13  3],15,-1,36,-1,22
1,<environment.Job instance at 0x7fa77ea35fa0>,9,27,[4 8],10,-1,56,-1,29
1,<environment.Job instance at 0x7fa77d72dcd0>,19,15,[ 5 14],20,-1,49,-1,34
1,<environment.Job instance at 0x7fa77d732eb0>,24,24,[ 5 13],25,-1,80,-1,56
1,<environment.Job instance at 0x7fa77d7329b0>,25,25,[7 5],26,-1,87,-1,62
1,<environment.Job instance at 0x7fa77d732690>,27,3,[ 5 13],28,-1,65,-1,62
1,<environment.Job instance at 0x7fa77d732500>,28,18,[ 1 14],29,-1,80,-1,62
1,<environment.Job instance at 0x7fa77d732b40>,29,19,[14  4],30,-1,81,-1,62
1,<environment.Job instance at 0x7fa77d732aa0>,30,14,[14  2],31,-1,76,-1,62
1,<environment.Job instance at 0x7fa77e1c3e10>,36,27,[8 2],37,-1,114,-1,87
1,<environment.Job instance at 0x7fa77e5e3cd0>,41,23,[11  4],42,-1,126,-1,103
1,<environment.Job instance at 0x7fa77e5e3780>,42,2,[ 5 13],43,-1,105,-1,103
1,<environment.Job instance at 0x7fa77e5e3320>,43,1,[13  2],44,-1,104,-1,103
1,<environment.Job instance at 0x7fa77e5e3eb0>,44,27,[2 8],45,-1,132,-1,105
1,<environment.Job instance at 0x7fa77e5e3730>,45,18,[ 1 13],46,-1,123,-1,105
1,<environment.Job instance at 0x7fa77e5e3dc0>,47,27,[13  4],48,-1,132,-1,105
1,<environment.Job instance at 0x7fa77e5e3960>,48,17,[13  4],49,-1,122,-1,105
1,<environment.Job instance at 0x7fa77e5e34b0>,49,13,[14  2],50,-1,118,-1,105
1,<environment.Job instance at 0x7fa77e5e3460>,51,24,[10  1],52,-1,144,-1,120
1,<environment.Job instance at 0x7fa77e5e3be0>,57,1,[11  3],58,-1,124,-1,123
1,<environment.Job instance at 0x7fa77e5e3820>,58,25,[2 7],59,-1,160,-1,135
1,<environment.Job instance at 0x7fa77e1be8c0>,1,16,[8 2],2,-1,19,-1,3
1,<environment.Job instance at 0x7fa77d73b8c0>,2,14,[11  4],3,-1,17,-1,3
1,<environment.Job instance at 0x7fa77ec647d0>,13,13,[10  2],14,-1,28,-1,15
1,<environment.Job instance at 0x7fa77e89ff00>,2,14,[11  4],3,-1,17,-1,3
1,<environment.Job instance at 0x7fa77e1c8910>,3,14,[14  5],4,-1,18,-1,4
1,<environment.Job instance at 0x7fa77ec07e10>,5,18,[ 4 11],6,-1,24,-1,6
1,<environment.Job instance at 0x7fa7879011e0>,6,18,[ 3 12],7,-1,25,-1,7
1,<environment.Job instance at 0x7fa77e1f9230>,8,24,[13  4],9,-1,33,-1,9
1,<environment.Job instance at 0x7fa787901870>,9,19,[ 2 13],10,-1,29,-1,10
1,<environment.Job instance at 0x7fa787901230>,12,24,[12  4],13,-1,37,-1,13
1,<environment.Job instance at 0x7fa77dc42910>,18,27,[12  2],19,-1,72,-1,45
1,<environment.Job instance at 0x7fa77dc427d0>,20,2,[12  2],21,-1,47,-1,45
1,<environment.Job instance at 0x7fa77dc422d0>,23,21,[12  2],24,-1,69,-1,48
1,<environment.Job instance at 0x7fa77dc42640>,24,25,[6 2],25,-1,84,-1,59
1,<environment.Job instance at 0x7fa77dc42e60>,22,26,[9 4],23,-1,85,-1,59
1,<environment.Job instance at 0x7fa77dc42550>,29,14,[ 5 13],30,-1,74,-1,60
1,<environment.Job instance at 0x7fa77dc3c8c0>,31,22,[ 4 13],32,-1,85,-1,63
1,<environment.Job instance at 0x7fa77dc3c500>,34,23,[3 9],35,-1,103,-1,80
1,<environment.Job instance at 0x7fa77dc3cd70>,37,13,[ 2 11],38,-1,96,-1,83
1,<environment.Job instance at 0x7fa77dc3c690>,39,28,[9 2],40,-1,118,-1,90
1,<environment.Job instance at 0x7fa77dc4e550>,45,15,[ 2 12],46,-1,130,-1,115
1,<environment.Job instance at 0x7fa77dc4e5f0>,46,24,[ 1 11],47,-1,139,-1,115
1,<environment.Job instance at 0x7fa77dc4eaa0>,49,3,[ 3 14],50,-1,133,-1,130
1,<environment.Job instance at 0x7fa77e0b2b40>,0,18,[9 1],1,-1,21,-1,3
1,<environment.Job instance at 0x7fa77e552d20>,5,20,[3 9],6,-1,26,-1,6
1,<environment.Job instance at 0x7fa77e552e10>,15,22,[7 5],16,-1,38,-1,16
1,<environment.Job instance at 0x7fa77e5521e0>,8,19,[6 5],9,-1,36,-1,17
1,<environment.Job instance at 0x7fa77e552cd0>,18,18,[5 9],19,-1,37,-1,19
1,<environment.Job instance at 0x7fa77e552960>,20,18,[3 7],21,-1,43,-1,25
1,<environment.Job instance at 0x7fa77de657d0>,26,21,[ 4 14],27,-1,57,-1,36
1,<environment.Job instance at 0x7fa77e552dc0>,6,28,[ 4 14],7,-1,67,-1,39
1,<environment.Job instance at 0x7fa77e552690>,14,16,[10  3],15,-1,55,-1,39
1,<environment.Job instance at 0x7fa77e552500>,19,27,[10  4],20,-1,72,-1,45
1,<environment.Job instance at 0x7fa77de65c30>,29,21,[9 2],30,-1,66,-1,45
1,<environment.Job instance at 0x7fa77e552230>,21,27,[ 1 14],22,-1,72,-1,45
1,<environment.Job instance at 0x7fa77de65910>,30,18,[ 2 11],31,-1,63,-1,45
1,<environment.Job instance at 0x7fa77de65eb0>,32,14,[ 4 14],33,-1,59,-1,45
1,<environment.Job instance at 0x7fa77e54c8c0>,33,28,[12  5],34,-1,73,-1,45
1,<environment.Job instance at 0x7fa77de65be0>,27,17,[5 3],28,-1,62,-1,45
1,<environment.Job instance at 0x7fa77e54c230>,35,12,[11  5],36,-1,58,-1,46
1,<environment.Job instance at 0x7fa77e54caf0>,34,13,[12  5],35,-1,60,-1,47
1,<environment.Job instance at 0x7fa77e54c4b0>,41,18,[ 3 12],42,-1,66,-1,48
1,<environment.Job instance at 0x7fa77e552910>,11,27,[3 8],12,-1,75,-1,48
1,<environment.Job instance at 0x7fa77e54c0a0>,43,26,[8 5],44,-1,75,-1,49
1,<environment.Job instance at 0x7fa77e54c370>,42,20,[2 9],43,-1,69,-1,49
1,<environment.Job instance at 0x7fa77e54c3c0>,45,18,[13  1],46,-1,68,-1,50
1,<environment.Job instance at 0x7fa77e54c410>,48,24,[8 5],49,-1,74,-1,50
1,<environment.Job instance at 0x7fa77df40f00>,1,3,[ 1 13],2,-1,5,-1,2
1,<environment.Job instance at 0x7fa77e1c3c80>,3,14,[ 1 12],4,-1,18,-1,4
1,<environment.Job instance at 0x7fa77e5e3b90>,4,15,[ 4 14],5,-1,20,-1,5
1,<environment.Job instance at 0x7fa77e1c3f00>,6,28,[ 4 14],7,-1,35,-1,7
1,<environment.Job instance at 0x7fa77e5e39b0>,7,21,[ 5 12],8,-1,29,-1,8
1,<environment.Job instance at 0x7fa77e5e3eb0>,11,27,[3 8],12,-1,44,-1,17
1,<environment.Job instance at 0x7fa77e5e3f00>,19,27,[10  4],20,-1,47,-1,20
1,<environment.Job instance at 0x7fa77e5e38c0>,21,27,[ 1 14],22,-1,49,-1,22
1,<environment.Job instance at 0x7fa77dc3cc30>,23,15,[11  1],24,-1,39,-1,24
1,<environment.Job instance at 0x7fa77dc3c780>,24,3,[ 3 13],25,-1,28,-1,25
1,<environment.Job instance at 0x7fa77dc3cc80>,26,21,[ 4 14],27,-1,48,-1,27
1,<environment.Job instance at 0x7fa77dc3cd70>,30,18,[ 2 11],31,-1,56,-1,38
1,<environment.Job instance at 0x7fa77dc3c280>,31,17,[11  4],32,-1,55,-1,38
1,<environment.Job instance at 0x7fa77e0b21e0>,32,14,[ 4 14],33,-1,52,-1,38
1,<environment.Job instance at 0x7fa77e3baf50>,33,28,[12  5],34,-1,66,-1,38
1,<environment.Job instance at 0x7fa77ecdf370>,34,13,[12  5],35,-1,51,-1,38
1,<environment.Job instance at 0x7fa77e12af50>,35,12,[11  5],36,-1,50,-1,38
1,<environment.Job instance at 0x7fa77de65c80>,40,14,[ 4 11],41,-1,69,-1,55
1,<environment.Job instance at 0x7fa77e552c30>,41,18,[ 3 12],42,-1,73,-1,55
1,<environment.Job instance at 0x7fa77db24c80>,43,26,[8 5],44,-1,84,-1,58
1,<environment.Job instance at 0x7fa77db24f00>,45,18,[13  1],46,-1,76,-1,58
1,<environment.Job instance at 0x7fa77d9b6780>,48,24,[8 5],49,-1,103,-1,79
1,<environment.Job instance at 0x7fa77ecc1be0>,51,16,[ 2 13],52,-1,96,-1,80
1,<environment.Job instance at 0x7fa77e261320>,55,26,[3 6],56,-1,128,-1,102
1,<environment.Job instance at 0x7fa7873577d0>,58,2,[ 4 12],59,-1,104,-1,102
1,<environment.Job instance at 0x7fa77e80f3c0>,59,23,[1 6],60,-1,139,-1,116
1,<environment.Job instance at 0x7fa787272780>,62,2,[13  1],63,-1,118,-1,116
1,<environment.Job instance at 0x7fa7872725f0>,63,13,[11  1],64,-1,129,-1,116
1,<environment.Job instance at 0x7fa77d888410>,65,16,[13  1],66,-1,136,-1,120
1,<environment.Job instance at 0x7fa77dfccd20>,68,3,[11  4],69,-1,135,-1,132
1,<environment.Job instance at 0x7fa77dfc0dc0>,0,25,[8 2],1,-1,26,-1,1
1,<environment.Job instance at 0x7fa77e5d3c30>,4,18,[3 5],5,-1,23,-1,5
1,<environment.Job instance at 0x7fa77e5ca730>,6,18,[6 4],7,-1,25,-1,7
1,<environment.Job instance at 0x7fa77e5cd190>,7,19,[9 2],8,-1,28,-1,9
1,<environment.Job instance at 0x7fa77db7acd0>,8,20,[ 1 13],9,-1,29,-1,9
1,<environment.Job instance at 0x7fa77e5cdf00>,9,14,[9 1],10,-1,24,-1,10
1,<environment.Job instance at 0x7fa77e5cdc80>,13,18,[2 7],14,-1,32,-1,14
1,<environment.Job instance at 0x7fa77e5cddc0>,16,17,[2 7],17,-1,34,-1,17
1,<environment.Job instance at 0x7fa77dfb2e10>,17,21,[4 5],18,-1,39,-1,18
1,<environment.Job instance at 0x7fa77e5fac80>,18,21,[1 9],19,-1,40,-1,19
1,<environment.Job instance at 0x7fa77e5fa280>,19,24,[7 4],20,-1,44,-1,20
1,<environment.Job instance at 0x7fa77e5faa00>,20,18,[1 9],21,-1,39,-1,21
1,<environment.Job instance at 0x7fa77da320f0>,21,14,[1 6],22,-1,36,-1,22
1,<environment.Job instance at 0x7fa77e5ec690>,22,17,[9 4],23,-1,40,-1,23
1,<environment.Job instance at 0x7fa77e5f7cd0>,26,19,[2 9],27,-1,48,-1,29
1,<environment.Job instance at 0x7fa77e5f7b90>,29,17,[9 2],30,-1,47,-1,30
1,<environment.Job instance at 0x7fa77e5f7d70>,30,19,[8 3],31,-1,50,-1,31
1,<environment.Job instance at 0x7fa77e5f7af0>,31,22,[10  3],32,-1,54,-1,32
1,<environment.Job instance at 0x7fa77e0e1550>,33,13,[2 7],34,-1,47,-1,34
1,<environment.Job instance at 0x7fa77e941aa0>,34,15,[4 7],35,-1,50,-1,35
1,<environment.Job instance at 0x7fa77dfbc690>,38,18,[ 5 14],39,-1,59,-1,41
1,<environment.Job instance at 0x7fa77da6ad70>,37,17,[5 9],38,-1,58,-1,41
1,<environment.Job instance at 0x7fa77e5cd230>,11,25,[9 5],12,-1,67,-1,42
1,<environment.Job instance at 0x7fa77e0fdb40>,41,17,[1 6],42,-1,60,-1,43
1,<environment.Job instance at 0x7fa77e0d7410>,43,18,[ 3 10],44,-1,62,-1,44
1,<environment.Job instance at 0x7fa77e0b1140>,0,25,[8 2],1,-1,26,-1,1
1,<environment.Job instance at 0x7fa77e0b12d0>,2,14,[ 2 12],3,-1,17,-1,3
1,<environment.Job instance at 0x7fa77e5b8c30>,8,20,[ 1 13],9,-1,29,-1,9
1,<environment.Job instance at 0x7fa77e0bb140>,11,25,[9 5],12,-1,59,-1,34
1,<environment.Job instance at 0x7fa77db90d20>,19,24,[7 4],20,-1,87,-1,63
1,<environment.Job instance at 0x7fa77ec83690>,24,17,[ 3 13],25,-1,80,-1,63
1,<environment.Job instance at 0x7fa77df97410>,25,14,[14  2],26,-1,77,-1,63
1,<environment.Job instance at 0x7fa77e332640>,28,2,[ 5 11],29,-1,65,-1,63
1,<environment.Job instance at 0x7fa77dfadd20>,10,28,[ 3 10],11,-1,112,-1,84
1,<environment.Job instance at 0x7fa77e06b780>,35,1,[12  1],36,-1,85,-1,84
1,<environment.Job instance at 0x7fa77ddf8820>,36,25,[9 1],37,-1,123,-1,98
1,<environment.Job instance at 0x7fa77da5f370>,38,18,[ 5 14],39,-1,116,-1,98
1,<environment.Job instance at 0x7fa77e386690>,39,22,[14  2],40,-1,120,-1,98
1,<environment.Job instance at 0x7fa77df19230>,45,27,[5 4],46,-1,158,-1,131
1,<environment.Job instance at 0x7fa787323320>,46,28,[7 5],47,-1,159,-1,131
1,<environment.Job instance at 0x7fa77e3baf50>,48,28,[14  2],49,-1,159,-1,131
1,<environment.Job instance at 0x7fa77dc3c190>,51,22,[ 5 14],52,-1,165,-1,143
1,<environment.Job instance at 0x7fa77dc3c140>,52,26,[8 5],53,-1,174,-1,148
1,<environment.Job instance at 0x7fa77dc3c410>,55,13,[13  5],56,-1,169,-1,156
1,<environment.Job instance at 0x7fa77dc3cb40>,56,14,[ 2 13],57,-1,170,-1,156
1,<environment.Job instance at 0x7fa77dc3cc80>,58,1,[13  3],59,-1,157,-1,156
1,<environment.Job instance at 0x7fa77dda48c0>,0,17,[2 6],1,-1,19,-1,2
1,<environment.Job instance at 0x7fa77dda4af0>,1,28,[7 3],2,-1,30,-1,2
1,<environment.Job instance at 0x7fa77dda4140>,2,19,[1 7],3,-1,22,-1,3
1,<environment.Job instance at 0x7fa77dda4640>,12,23,[9 2],13,-1,71,-1,48
1,<environment.Job instance at 0x7fa77dd5cb90>,26,16,[8 3],27,-1,72,-1,56
1,<environment.Job instance at 0x7fa77dd5caf0>,28,26,[14  5],29,-1,82,-1,56
1,<environment.Job instance at 0x7fa77dda4c30>,19,27,[ 1 14],20,-1,84,-1,57
1,<environment.Job instance at 0x7fa7878ef5f0>,18,17,[7 4],19,-1,74,-1,57
1,<environment.Job instance at 0x7fa77dd5c500>,24,27,[7 4],25,-1,88,-1,61
1,<environment.Job instance at 0x7fa77dd5cc30>,29,12,[11  4],30,-1,73,-1,61
1,<environment.Job instance at 0x7fa77dd5c5f0>,34,18,[14  4],35,-1,79,-1,61
1,<environment.Job instance at 0x7fa77dd5c280>,35,16,[3 7],36,-1,78,-1,62
1,<environment.Job instance at 0x7fa77dd5c8c0>,36,18,[5 5],37,-1,80,-1,62
1,<environment.Job instance at 0x7fa77dd5cd70>,27,16,[4 6],28,-1,78,-1,62
1,<environment.Job instance at 0x7fa77dd5cbe0>,33,17,[3 8],34,-1,79,-1,62
1,<environment.Job instance at 0x7fa77dd5c780>,39,16,[4 7],40,-1,79,-1,63
1,<environment.Job instance at 0x7fa77e50e6e0>,1,28,[7 3],2,-1,30,-1,2
1,<environment.Job instance at 0x7fa7872924b0>,5,18,[ 2 11],6,-1,24,-1,6
1,<environment.Job instance at 0x7fa77d8b7b40>,8,20,[ 4 13],9,-1,29,-1,9
1,<environment.Job instance at 0x7fa77e0d5460>,9,17,[11  4],10,-1,27,-1,10
1,<environment.Job instance at 0x7fa77deb0fa0>,3,25,[1 5],4,-1,43,-1,18
1,<environment.Job instance at 0x7fa77ed5ef50>,12,23,[9 2],13,-1,43,-1,20
1,<environment.Job instance at 0x7fa77e5244b0>,4,25,[ 3 10],5,-1,63,-1,38
1,<environment.Job instance at 0x7fa787357d20>,19,27,[ 1 14],20,-1,65,-1,38
1,<environment.Job instance at 0x7fa77e0bb640>,23,22,[12  2],24,-1,62,-1,40
1,<environment.Job instance at 0x7fa77e332050>,24,27,[7 4],25,-1,68,-1,41
1,<environment.Job instance at 0x7fa7877db820>,28,26,[14  5],29,-1,70,-1,44
1,<environment.Job instance at 0x7fa7878ef3c0>,29,12,[11  4],30,-1,56,-1,44
1,<environment.Job instance at 0x7fa7878ef500>,30,26,[8 3],31,-1,85,-1,59
1,<environment.Job instance at 0x7fa77dd5c4b0>,34,18,[14  4],35,-1,77,-1,59
1,<environment.Job instance at 0x7fa77de65cd0>,38,24,[4 7],39,-1,116,-1,92
1,<environment.Job instance at 0x7fa77ecb3dc0>,41,2,[12  1],42,-1,102,-1,100
1,<environment.Job instance at 0x7fa77dae82d0>,43,23,[ 4 12],44,-1,126,-1,103
1,<environment.Job instance at 0x7fa77de3cb40>,44,26,[ 4 14],45,-1,129,-1,103
1,<environment.Job instance at 0x7fa77e4783c0>,45,15,[ 1 14],46,-1,118,-1,103
1,<environment.Job instance at 0x7fa77e478550>,46,14,[11  2],47,-1,117,-1,103
1,<environment.Job instance at 0x7fa7877870f0>,47,13,[13  4],48,-1,116,-1,103
1,<environment.Job instance at 0x7fa77ecc12d0>,49,27,[ 4 13],50,-1,131,-1,104
1,<environment.Job instance at 0x7fa77ecc15a0>,50,23,[ 4 10],51,-1,131,-1,108
1,<environment.Job instance at 0x7fa77e5550f0>,51,15,[ 4 12],52,-1,123,-1,108
1,<environment.Job instance at 0x7fa77dda4c80>,53,1,[ 5 11],54,-1,109,-1,108
1,<environment.Job instance at 0x7fa77dda4cd0>,54,28,[7 3],55,-1,148,-1,120
1,<environment.Job instance at 0x7fa77d9fb1e0>,55,27,[3 8],56,-1,147,-1,120
1,<environment.Job instance at 0x7fa77dfc55f0>,56,23,[5 9],57,-1,143,-1,120
1,<environment.Job instance at 0x7fa77d97e820>,61,13,[11  4],62,-1,150,-1,137
1,<environment.Job instance at 0x7fa77d97ea50>,62,12,[11  5],63,-1,149,-1,137
1,<environment.Job instance at 0x7fa77d97ebe0>,65,1,[ 4 12],66,-1,152,-1,151
1,<environment.Job instance at 0x7fa77d97ee60>,66,3,[ 4 14],67,-1,154,-1,151
1,<environment.Job instance at 0x7fa77d97e0f0>,67,15,[14  3],68,-1,166,-1,151
1,<environment.Job instance at 0x7fa77d573730>,5,18,[10  3],6,-1,25,-1,7
1,<environment.Job instance at 0x7fa77d573280>,8,27,[3 6],9,-1,36,-1,9
1,<environment.Job instance at 0x7fa77d573b40>,9,18,[7 4],10,-1,28,-1,10
1,<environment.Job instance at 0x7fa77d47ff50>,12,21,[10  1],13,-1,44,-1,23
1,<environment.Job instance at 0x7fa77d47fa00>,16,16,[ 1 12],17,-1,39,-1,23
1,<environment.Job instance at 0x7fa77d47f050>,17,28,[10  5],18,-1,51,-1,23
1,<environment.Job instance at 0x7fa77d47f7d0>,18,25,[8 4],19,-1,49,-1,24
1,<environment.Job instance at 0x7fa77d5732d0>,4,18,[11  1],5,-1,42,-1,24
1,<environment.Job instance at 0x7fa77d47fb40>,20,18,[13  1],21,-1,42,-1,24
1,<environment.Job instance at 0x7fa77d5012d0>,23,12,[4 8],24,-1,36,-1,24
1,<environment.Job instance at 0x7fa77d501640>,27,17,[3 7],28,-1,45,-1,28
1,<environment.Job instance at 0x7fa77d5019b0>,30,18,[8 2],31,-1,50,-1,32
1,<environment.Job instance at 0x7fa77d501dc0>,32,17,[1 6],33,-1,54,-1,37
1,<environment.Job instance at 0x7fa77d47f5f0>,15,16,[11  1],16,-1,53,-1,37
1,<environment.Job instance at 0x7fa77d501f00>,34,17,[3 5],35,-1,54,-1,37
1,<environment.Job instance at 0x7fa77d97e910>,0,3,[11  5],1,-1,4,-1,1
1,<environment.Job instance at 0x7fa77d97ef50>,1,3,[ 4 14],2,-1,5,-1,2
1,<environment.Job instance at 0x7fa77e5555a0>,2,28,[ 4 11],3,-1,31,-1,3
1,<environment.Job instance at 0x7fa7877870f0>,4,18,[11  1],5,-1,23,-1,5
1,<environment.Job instance at 0x7fa77d8b74b0>,6,24,[3 8],7,-1,44,-1,20
1,<environment.Job instance at 0x7fa77ed18460>,8,27,[3 6],9,-1,47,-1,20
1,<environment.Job instance at 0x7fa77e346190>,15,16,[11  1],16,-1,40,-1,24
1,<environment.Job instance at 0x7fa77dcd65a0>,16,16,[ 1 12],17,-1,40,-1,24
1,<environment.Job instance at 0x7fa77dcd6dc0>,17,28,[10  5],18,-1,52,-1,24
1,<environment.Job instance at 0x7fa77dcd6870>,18,25,[8 4],19,-1,49,-1,24
1,<environment.Job instance at 0x7fa77d6f6f00>,14,27,[4 5],15,-1,51,-1,24
1,<environment.Job instance at 0x7fa77d65e870>,20,18,[13  1],21,-1,42,-1,24
1,<environment.Job instance at 0x7fa77d65e780>,22,14,[ 1 14],23,-1,38,-1,24
1,<environment.Job instance at 0x7fa77dcc0f00>,25,25,[8 3],26,-1,64,-1,39
1,<environment.Job instance at 0x7fa77dcc0be0>,28,24,[11  1],29,-1,65,-1,41
1,<environment.Job instance at 0x7fa77dcd4dc0>,31,25,[5 7],32,-1,73,-1,48
1,<environment.Job instance at 0x7fa77dcd44b0>,33,18,[11  2],34,-1,66,-1,48
1,<environment.Job instance at 0x7fa77d65bc30>,36,14,[12  3],37,-1,67,-1,53
1,<environment.Job instance at 0x7fa77d6ec550>,39,28,[4 5],40,-1,106,-1,78
1,<environment.Job instance at 0x7fa77d663d70>,44,24,[14  3],45,-1,117,-1,93
1,<environment.Job instance at 0x7fa77d651320>,46,2,[14  2],47,-1,96,-1,94
1,<environment.Job instance at 0x7fa77ec75550>,51,26,[ 5 11],52,-1,141,-1,115
1,<environment.Job instance at 0x7fa77d6475f0>,53,23,[10  4],54,-1,139,-1,116
1,<environment.Job instance at 0x7fa77d647f50>,54,26,[2 7],55,-1,142,-1,116
1,<environment.Job instance at 0x7fa77d65c2d0>,58,26,[5 4],59,-1,148,-1,122
1,<environment.Job instance at 0x7fa77d64c050>,59,26,[ 1 10],60,-1,148,-1,122
1,<environment.Job instance at 0x7fa77d97f5a0>,64,28,[14  3],65,-1,153,-1,125
1,<environment.Job instance at 0x7fa77d6570f0>,69,17,[ 2 12],70,-1,167,-1,150
1,<environment.Job instance at 0x7fa77d657f00>,72,13,[ 5 11],73,-1,166,-1,153
1,<environment.Job instance at 0x7fa77d77e8c0>,0,24,[5 6],1,-1,25,-1,1
1,<environment.Job instance at 0x7fa77d9e2820>,4,23,[8 5],5,-1,28,-1,5
1,<environment.Job instance at 0x7fa77d9e2190>,9,28,[2 5],10,-1,38,-1,10
1,<environment.Job instance at 0x7fa77d9e2280>,11,22,[9 4],12,-1,34,-1,12
1,<environment.Job instance at 0x7fa77d9e28c0>,15,27,[5 8],16,-1,43,-1,16
1,<environment.Job instance at 0x7fa77d9e2b90>,16,13,[5 8],17,-1,30,-1,17
1,<environment.Job instance at 0x7fa77ec03050>,19,16,[5 8],20,-1,37,-1,21
1,<environment.Job instance at 0x7fa77d77e1e0>,20,23,[10  4],21,-1,44,-1,21
1,<environment.Job instance at 0x7fa77ec03190>,25,24,[10  1],26,-1,162,-1,138
1,<environment.Job instance at 0x7fa77ec599b0>,34,26,[6 2],35,-1,174,-1,148
1,<environment.Job instance at 0x7fa77ec590a0>,37,26,[13  4],38,-1,174,-1,148
1,<environment.Job instance at 0x7fa77ec59be0>,42,20,[1 6],43,-1,168,-1,148
1,<environment.Job instance at 0x7fa77ec59550>,45,24,[8 2],46,-1,172,-1,148
1,<environment.Job instance at 0x7fa77ec59320>,51,17,[7 1],52,-1,167,-1,150
1,<environment.Job instance at 0x7fa77dcc3aa0>,0,24,[5 6],1,-1,25,-1,1
1,<environment.Job instance at 0x7fa77dcc3410>,3,17,[ 3 14],4,-1,21,-1,4
1,<environment.Job instance at 0x7fa77dcc3230>,4,23,[8 5],5,-1,28,-1,5
1,<environment.Job instance at 0x7fa77dcc33c0>,9,28,[2 5],10,-1,38,-1,10
1,<environment.Job instance at 0x7fa77dcc3d70>,10,28,[ 2 14],11,-1,39,-1,11
1,<environment.Job instance at 0x7fa77dcc3be0>,13,24,[10  1],14,-1,41,-1,17
1,<environment.Job instance at 0x7fa77dcc3640>,15,27,[5 8],16,-1,44,-1,17
1,<environment.Job instance at 0x7fa787543dc0>,17,12,[13  5],18,-1,30,-1,18
1,<environment.Job instance at 0x7fa77dab31e0>,18,15,[ 5 12],19,-1,34,-1,19
1,<environment.Job instance at 0x7fa7874f6dc0>,20,23,[10  4],21,-1,45,-1,22
1,<environment.Job instance at 0x7fa77d713e60>,26,26,[5 8],27,-1,60,-1,34
1,<environment.Job instance at 0x7fa77d657eb0>,29,16,[ 3 14],30,-1,52,-1,36
1,<environment.Job instance at 0x7fa77d663730>,32,15,[13  3],33,-1,62,-1,47
1,<environment.Job instance at 0x7fa77dab1410>,34,26,[6 2],35,-1,74,-1,48
1,<environment.Job instance at 0x7fa77d657690>,25,24,[10  1],26,-1,85,-1,61
1,<environment.Job instance at 0x7fa77ed36960>,37,26,[13  4],38,-1,87,-1,61
1,<environment.Job instance at 0x7fa77e0626e0>,39,23,[14  1],40,-1,84,-1,61
1,<environment.Job instance at 0x7fa77e85d500>,40,14,[ 1 12],41,-1,75,-1,61
1,<environment.Job instance at 0x7fa77e85d5f0>,41,17,[14  4],42,-1,78,-1,61
1,<environment.Job instance at 0x7fa77dcd6cd0>,45,24,[8 2],46,-1,99,-1,75
1,<environment.Job instance at 0x7fa77dcd60f0>,46,27,[ 3 13],47,-1,102,-1,75
1,<environment.Job instance at 0x7fa77dcd6a50>,47,18,[ 2 12],48,-1,93,-1,75
1,<environment.Job instance at 0x7fa77dcc1730>,52,3,[11  4],53,-1,94,-1,91
1,<environment.Job instance at 0x7fa77dcc1640>,53,24,[13  3],54,-1,115,-1,91
1,<environment.Job instance at 0x7fa77dcc1230>,55,27,[7 4],56,-1,135,-1,108
1,<environment.Job instance at 0x7fa77e0c7b90>,56,26,[ 1 10],57,-1,137,-1,111
1,<environment.Job instance at 0x7fa77dcd4e10>,59,18,[ 4 11],60,-1,129,-1,111
1,<environment.Job instance at 0x7fa77e433af0>,65,21,[ 2 14],66,-1,136,-1,115
1,<environment.Job instance at 0x7fa77e04aa00>,66,18,[13  5],67,-1,133,-1,115
1,<environment.Job instance at 0x7fa77dcd46e0>,67,20,[ 4 11],68,-1,135,-1,115
1,<environment.Job instance at 0x7fa77d799410>,73,15,[13  4],74,-1,159,-1,144
1,<environment.Job instance at 0x7fa77d5c2f00>,76,16,[11  4],77,-1,174,-1,158
1,<environment.Job instance at 0x7fa77dd12280>,1,18,[9 2],2,-1,21,-1,3
1,<environment.Job instance at 0x7fa77db50a00>,2,18,[10  4],3,-1,21,-1,3
1,<environment.Job instance at 0x7fa77e1081e0>,6,23,[5 5],7,-1,34,-1,11
1,<environment.Job instance at 0x7fa77e108a50>,13,15,[ 2 12],14,-1,52,-1,37
1,<environment.Job instance at 0x7fa77d7ed780>,15,28,[13  2],16,-1,74,-1,46
1,<environment.Job instance at 0x7fa77df8c6e0>,21,28,[6 3],22,-1,75,-1,47
1,<environment.Job instance at 0x7fa77df8cd70>,20,22,[ 4 10],21,-1,72,-1,50
1,<environment.Job instance at 0x7fa77d7ed4b0>,17,15,[ 4 10],18,-1,65,-1,50
1,<environment.Job instance at 0x7fa77df8c2d0>,23,12,[4 7],24,-1,63,-1,51
1,<environment.Job instance at 0x7fa77e6beb90>,27,17,[ 1 11],28,-1,70,-1,53
1,<environment.Job instance at 0x7fa77e6be9b0>,28,17,[10  2],29,-1,70,-1,53
1,<environment.Job instance at 0x7fa77df8caf0>,19,18,[1 7],20,-1,71,-1,53
1,<environment.Job instance at 0x7fa77e6bea00>,31,21,[5 5],32,-1,75,-1,54
1,<environment.Job instance at 0x7fa77e6be690>,32,13,[ 5 10],33,-1,67,-1,54
1,<environment.Job instance at 0x7fa77d892730>,33,23,[ 4 11],34,-1,77,-1,54
1,<environment.Job instance at 0x7fa77d892640>,34,18,[7 5],35,-1,74,-1,56
1,<environment.Job instance at 0x7fa77d8927d0>,36,16,[6 3],37,-1,72,-1,56
1,<environment.Job instance at 0x7fa77df8cf00>,18,27,[3 6],19,-1,83,-1,56
1,<environment.Job instance at 0x7fa77e750fa0>,3,17,[ 3 11],4,-1,21,-1,4
1,<environment.Job instance at 0x7fa77e669960>,4,15,[ 5 11],5,-1,20,-1,5
1,<environment.Job instance at 0x7fa77e669140>,5,28,[ 2 11],6,-1,34,-1,6
1,<environment.Job instance at 0x7fa77d7280a0>,6,23,[5 5],7,-1,30,-1,7
1,<environment.Job instance at 0x7fa77d728190>,7,12,[11  3],8,-1,20,-1,8
1,<environment.Job instance at 0x7fa77ecf2640>,8,26,[ 4 12],9,-1,35,-1,9
1,<environment.Job instance at 0x7fa77ecf2910>,9,12,[ 4 12],10,-1,22,-1,10
1,<environment.Job instance at 0x7fa77ecf2550>,11,18,[14  4],12,-1,30,-1,12
1,<environment.Job instance at 0x7fa77d64c7d0>,13,15,[ 2 12],14,-1,29,-1,14
1,<environment.Job instance at 0x7fa77d64c910>,15,28,[13  2],16,-1,44,-1,16
1,<environment.Job instance at 0x7fa77da3c5f0>,18,27,[3 6],19,-1,47,-1,20
1,<environment.Job instance at 0x7fa77d65e820>,24,2,[13  2],25,-1,37,-1,35
1,<environment.Job instance at 0x7fa77da3cf50>,21,28,[6 3],22,-1,71,-1,43
1,<environment.Job instance at 0x7fa77d65e730>,26,27,[ 5 12],27,-1,70,-1,43
1,<environment.Job instance at 0x7fa77e5db910>,27,17,[ 1 11],28,-1,60,-1,43
1,<environment.Job instance at 0x7fa77d65eaf0>,25,24,[1 7],26,-1,67,-1,43
1,<environment.Job instance at 0x7fa77e668550>,33,23,[ 4 11],34,-1,78,-1,55
1,<environment.Job instance at 0x7fa77dcbbaa0>,37,17,[11  3],38,-1,90,-1,73
1,<environment.Job instance at 0x7fa77dcc05a0>,41,25,[3 6],42,-1,126,-1,101
1,<environment.Job instance at 0x7fa77dcc0f00>,42,1,[ 2 12],43,-1,102,-1,101
1,<environment.Job instance at 0x7fa77dcc0e10>,43,14,[14  4],44,-1,115,-1,101
1,<environment.Job instance at 0x7fa77dcc00a0>,44,17,[ 3 14],45,-1,118,-1,101
1,<environment.Job instance at 0x7fa77e71f870>,51,23,[13  2],52,-1,149,-1,126
1,<environment.Job instance at 0x7fa78732d0f0>,52,14,[12  4],53,-1,140,-1,126
1,<environment.Job instance at 0x7fa77e2ac190>,53,25,[ 2 10],54,-1,152,-1,127
1,<environment.Job instance at 0x7fa77e2ac460>,54,24,[14  1],55,-1,151,-1,127
1,<environment.Job instance at 0x7fa77d88c280>,56,25,[14  2],57,-1,152,-1,127
1,<environment.Job instance at 0x7fa77e3c3280>,58,28,[5 9],59,-1,170,-1,142
1,<environment.Job instance at 0x7fa77d65bb40>,60,28,[6 1],61,-1,170,-1,142
1,<environment.Job instance at 0x7fa77dcba870>,65,23,[7 5],66,-1,181,-1,158
1,<environment.Job instance at 0x7fa77ebdb410>,2,14,[ 4 13],3,-1,17,-1,3
1,<environment.Job instance at 0x7fa77ebdbeb0>,3,13,[13  5],4,-1,17,-1,4
1,<environment.Job instance at 0x7fa77ebdb730>,5,16,[ 3 12],6,-1,22,-1,6
1,<environment.Job instance at 0x7fa77ebdb140>,7,28,[14  1],8,-1,36,-1,8
1,<environment.Job instance at 0x7fa77e6bec80>,9,14,[ 1 14],10,-1,24,-1,10
1,<environment.Job instance at 0x7fa77d78b960>,10,21,[ 1 14],11,-1,32,-1,11
1,<environment.Job instance at 0x7fa77ebdbf00>,8,25,[10  1],9,-1,45,-1,20
1,<environment.Job instance at 0x7fa77e1086e0>,16,25,[9 4],17,-1,45,-1,20
1,<environment.Job instance at 0x7fa77ddee4b0>,21,28,[ 5 12],22,-1,50,-1,22
1,<environment.Job instance at 0x7fa77dcc1d70>,27,23,[10  1],28,-1,59,-1,36
1,<environment.Job instance at 0x7fa77dcc10a0>,29,26,[14  1],30,-1,62,-1,36
1,<environment.Job instance at 0x7fa77e2ac460>,35,18,[ 1 13],36,-1,67,-1,49
1,<environment.Job instance at 0x7fa77e15b870>,36,26,[ 3 10],37,-1,77,-1,51
1,<environment.Job instance at 0x7fa77e5db8c0>,38,22,[ 3 12],39,-1,73,-1,51
1,<environment.Job instance at 0x7fa77e5dba50>,41,12,[ 5 14],42,-1,76,-1,64
1,<environment.Job instance at 0x7fa77e5db910>,39,28,[8 3],40,-1,97,-1,69
1,<environment.Job instance at 0x7fa77ea04500>,44,25,[ 5 14],45,-1,94,-1,69
1,<environment.Job instance at 0x7fa77ea04280>,45,15,[12  1],46,-1,84,-1,69
1,<environment.Job instance at 0x7fa77d954c80>,48,2,[ 3 12],49,-1,72,-1,70
1,<environment.Job instance at 0x7fa77de239b0>,54,25,[4 6],55,-1,124,-1,99
1,<environment.Job instance at 0x7fa77de23140>,55,21,[ 5 11],56,-1,120,-1,99
1,<environment.Job instance at 0x7fa77de23d70>,59,18,[ 3 14],60,-1,118,-1,100
1,<environment.Job instance at 0x7fa77de23190>,60,2,[14  4],61,-1,102,-1,100
1,<environment.Job instance at 0x7fa77de233c0>,62,16,[12  2],63,-1,129,-1,113
1,<environment.Job instance at 0x7fa77de23eb0>,63,13,[ 4 14],64,-1,126,-1,113
1,<environment.Job instance at 0x7fa77d970fa0>,66,13,[14  3],67,-1,129,-1,116
1,<environment.Job instance at 0x7fa77d970aa0>,71,12,[11  5],72,-1,144,-1,132
1,<environment.Job instance at 0x7fa77d970320>,74,14,[ 5 11],75,-1,158,-1,144
1,<environment.Job instance at 0x7fa77d970af0>,75,17,[ 3 14],76,-1,161,-1,144
1,<environment.Job instance at 0x7fa77d970c80>,76,23,[7 5],77,-1,172,-1,149
1,<environment.Job instance at 0x7fa77d9705a0>,78,23,[1 5],79,-1,172,-1,149
1,<environment.Job instance at 0x7fa77e24c0a0>,80,26,[ 1 11],81,-1,175,-1,149
1,<environment.Job instance at 0x7fa77e24caa0>,81,12,[13  4],82,-1,161,-1,149
1,<environment.Job instance at 0x7fa77e24ccd0>,83,15,[ 1 11],84,-1,173,-1,158
1,<environment.Job instance at 0x7fa77d72caa0>,0,17,[10  5],1,-1,19,-1,2
1,<environment.Job instance at 0x7fa77e0016e0>,2,28,[6 1],3,-1,31,-1,3
1,<environment.Job instance at 0x7fa77e001f50>,3,14,[8 3],4,-1,18,-1,4
1,<environment.Job instance at 0x7fa77e001820>,4,13,[10  2],5,-1,18,-1,5
1,<environment.Job instance at 0x7fa77e001500>,5,17,[9 4],6,-1,23,-1,6
1,<environment.Job instance at 0x7fa77e0015f0>,6,16,[10  4],7,-1,23,-1,7
1,<environment.Job instance at 0x7fa77e0017d0>,8,14,[10  3],9,-1,23,-1,9
1,<environment.Job instance at 0x7fa77d72c0f0>,1,20,[ 4 13],2,-1,30,-1,10
1,<environment.Job instance at 0x7fa77e001cd0>,13,16,[5 8],14,-1,31,-1,15
1,<environment.Job instance at 0x7fa77e0014b0>,14,20,[14  4],15,-1,35,-1,15
1,<environment.Job instance at 0x7fa77e78c9b0>,15,22,[4 5],16,-1,38,-1,16
1,<environment.Job instance at 0x7fa77e78c460>,21,15,[9 5],22,-1,37,-1,22
1,<environment.Job instance at 0x7fa77e78c410>,22,18,[2 8],23,-1,41,-1,23
1,<environment.Job instance at 0x7fa77e78c500>,23,15,[9 3],24,-1,39,-1,24
1,<environment.Job instance at 0x7fa77e78ca00>,25,16,[7 4],26,-1,42,-1,26
1,<environment.Job instance at 0x7fa77e78cc30>,26,19,[8 2],27,-1,46,-1,27
1,<environment.Job instance at 0x7fa77e78c2d0>,27,26,[7 5],28,-1,54,-1,28
1,<environment.Job instance at 0x7fa77e78ca50>,29,16,[7 5],30,-1,46,-1,30
1,<environment.Job instance at 0x7fa77e7544b0>,34,28,[5 5],35,-1,63,-1,35
1,<environment.Job instance at 0x7fa77e78c780>,17,12,[12  1],18,-1,47,-1,35
1,<environment.Job instance at 0x7fa77e46baa0>,1,20,[ 4 13],2,-1,22,-1,2
1,<environment.Job instance at 0x7fa77e0100a0>,2,28,[6 1],3,-1,46,-1,18
1,<environment.Job instance at 0x7fa77d762f00>,7,3,[ 5 11],8,-1,21,-1,18
1,<environment.Job instance at 0x7fa77d757640>,12,18,[ 3 12],13,-1,52,-1,34
1,<environment.Job instance at 0x7fa77e24cc30>,14,20,[14  4],15,-1,63,-1,43
1,<environment.Job instance at 0x7fa77e24c280>,16,26,[ 3 12],17,-1,72,-1,46
1,<environment.Job instance at 0x7fa77e24c320>,17,12,[12  1],18,-1,58,-1,46
1,<environment.Job instance at 0x7fa77e24c1e0>,19,20,[12  4],20,-1,66,-1,46
1,<environment.Job instance at 0x7fa77d954c80>,27,26,[7 5],28,-1,107,-1,81
1,<environment.Job instance at 0x7fa77e0c7b90>,32,2,[13  5],33,-1,99,-1,97
1,<environment.Job instance at 0x7fa77ea04280>,34,28,[5 5],35,-1,127,-1,99
1,<environment.Job instance at 0x7fa77e001410>,35,15,[12  4],36,-1,114,-1,99
1,<environment.Job instance at 0x7fa77e0011e0>,36,25,[9 3],37,-1,127,-1,102
1,<environment.Job instance at 0x7fa77d651550>,39,12,[ 4 14],40,-1,114,-1,102
1,<environment.Job instance at 0x7fa77d647320>,40,21,[ 4 14],41,-1,123,-1,102
1,<environment.Job instance at 0x7fa77e992c30>,41,14,[ 1 13],42,-1,116,-1,102
1,<environment.Job instance at 0x7fa77e992460>,42,16,[12  5],43,-1,118,-1,102
1,<environment.Job instance at 0x7fa77e01b280>,43,28,[4 5],44,-1,144,-1,116
1,<environment.Job instance at 0x7fa77e78cb40>,46,25,[ 2 14],47,-1,141,-1,116
1,<environment.Job instance at 0x7fa77e754d20>,47,1,[ 1 11],48,-1,117,-1,116
1,<environment.Job instance at 0x7fa77e754460>,48,28,[1 8],49,-1,148,-1,120
1,<environment.Job instance at 0x7fa77d72cc80>,54,27,[ 3 10],55,-1,160,-1,133
1,<environment.Job instance at 0x7fa77de7a280>,58,16,[ 4 11],59,-1,152,-1,136
1,<environment.Job instance at 0x7fa77de7ae10>,59,28,[ 4 13],60,-1,164,-1,136
1,<environment.Job instance at 0x7fa77d75c780>,60,15,[ 5 14],61,-1,151,-1,136
1,<environment.Job instance at 0x7fa77e3ce370>,61,3,[ 2 14],62,-1,139,-1,136
1,<environment.Job instance at 0x7fa77d75cc30>,62,14,[ 3 11],63,-1,150,-1,136
1,<environment.Job instance at 0x7fa77dd004b0>,68,14,[ 2 14],69,-1,167,-1,153
1,<environment.Job instance at 0x7fa77dd00960>,70,23,[14  2],71,-1,176,-1,153
1,<environment.Job instance at 0x7fa77e98edc0>,0,16,[10  3],1,-1,18,-1,2
1,<environment.Job instance at 0x7fa77d587960>,2,1,[12  2],3,-1,4,-1,3
1,<environment.Job instance at 0x7fa77d587820>,3,2,[14  4],4,-1,6,-1,4
1,<environment.Job instance at 0x7fa77d587460>,4,21,[2 6],5,-1,26,-1,5
1,<environment.Job instance at 0x7fa77d587140>,5,15,[ 1 12],6,-1,21,-1,6
1,<environment.Job instance at 0x7fa77d587c80>,8,14,[7 4],9,-1,23,-1,9
1,<environment.Job instance at 0x7fa77d587e60>,9,16,[3 5],10,-1,26,-1,10
1,<environment.Job instance at 0x7fa77d587b90>,11,14,[ 1 10],12,-1,26,-1,12
1,<environment.Job instance at 0x7fa77da10370>,13,28,[10  2],14,-1,42,-1,14
1,<environment.Job instance at 0x7fa77da10410>,15,20,[ 2 11],16,-1,36,-1,16
1,<environment.Job instance at 0x7fa77da10b40>,16,18,[7 5],17,-1,35,-1,17
1,<environment.Job instance at 0x7fa77da10e10>,18,14,[3 7],19,-1,33,-1,19
1,<environment.Job instance at 0x7fa77da10780>,20,26,[5 5],21,-1,47,-1,21
1,<environment.Job instance at 0x7fa77da10820>,21,28,[3 7],22,-1,50,-1,22
1,<environment.Job instance at 0x7fa77da10640>,23,23,[ 2 10],24,-1,47,-1,24
1,<environment.Job instance at 0x7fa77da10870>,26,16,[4 6],27,-1,43,-1,27
1,<environment.Job instance at 0x7fa77d5a60f0>,28,13,[ 4 10],29,-1,42,-1,29
1,<environment.Job instance at 0x7fa77d5a6230>,30,28,[9 4],31,-1,59,-1,31
1,<environment.Job instance at 0x7fa77e566730>,1,18,[ 5 13],2,-1,66,-1,48
1,<environment.Job instance at 0x7fa77d5a6c80>,42,15,[4 7],43,-1,87,-1,72
1,<environment.Job instance at 0x7fa77d5a6410>,32,14,[ 5 13],33,-1,86,-1,72
1,<environment.Job instance at 0x7fa77d5a6f00>,46,16,[1 9],47,-1,88,-1,72
1,<environment.Job instance at 0x7fa77d585320>,51,18,[4 6],52,-1,90,-1,72
1,<environment.Job instance at 0x7fa77d5853c0>,52,23,[ 4 10],53,-1,95,-1,72
1,<environment.Job instance at 0x7fa77d585460>,53,12,[5 5],54,-1,84,-1,72
1,<environment.Job instance at 0x7fa77d5855a0>,55,16,[4 9],56,-1,92,-1,76
1,<environment.Job instance at 0x7fa77d585500>,54,14,[ 1 14],55,-1,90,-1,76
1,<environment.Job instance at 0x7fa77d5856e0>,57,17,[1 8],58,-1,93,-1,76
1,<environment.Job instance at 0x7fa77d5a6690>,38,13,[ 3 12],39,-1,89,-1,76
1,<environment.Job instance at 0x7fa77d585820>,59,13,[8 2],60,-1,89,-1,76
1,<environment.Job instance at 0x7fa77d585640>,56,14,[11  4],57,-1,90,-1,76
1,<environment.Job instance at 0x7fa77d585b40>,61,25,[5 4],62,-1,101,-1,76
1,<environment.Job instance at 0x7fa77d585780>,58,18,[ 4 12],59,-1,94,-1,76
1,<environment.Job instance at 0x7fa77d585a50>,63,18,[10  1],64,-1,94,-1,76
1,<environment.Job instance at 0x7fa77d585af0>,62,14,[5 6],63,-1,90,-1,76
1,<environment.Job instance at 0x7fa77d585960>,60,3,[10  1],61,-1,79,-1,76
1,<environment.Job instance at 0x7fa77d585c80>,65,16,[ 5 13],66,-1,92,-1,76
1,<environment.Job instance at 0x7fa77d585dc0>,67,25,[9 2],68,-1,102,-1,77
1,<environment.Job instance at 0x7fa77d585f00>,69,22,[7 2],70,-1,99,-1,77
1,<environment.Job instance at 0x7fa77d585e60>,70,13,[6 5],71,-1,90,-1,77
1,<environment.Job instance at 0x7fa77d585d20>,66,17,[ 2 12],67,-1,94,-1,77
1,<environment.Job instance at 0x7fa77df1d0a0>,71,16,[8 4],72,-1,93,-1,77
1,<environment.Job instance at 0x7fa77df1d550>,73,3,[5 3],74,-1,97,-1,94
1,<environment.Job instance at 0x7fa77d5a6370>,31,24,[ 1 13],32,-1,118,-1,94
1,<environment.Job instance at 0x7fa77df1d1e0>,76,14,[ 2 12],77,-1,108,-1,94
1,<environment.Job instance at 0x7fa77d585f50>,68,25,[ 1 13],69,-1,119,-1,94
1,<environment.Job instance at 0x7fa77df1d690>,75,1,[3 5],76,-1,95,-1,94
1,<environment.Job instance at 0x7fa77df1d820>,78,17,[1 6],79,-1,113,-1,96
1,<environment.Job instance at 0x7fa77df1d960>,79,16,[9 3],80,-1,113,-1,97
1,<environment.Job instance at 0x7fa77df1d370>,72,13,[3 9],73,-1,120,-1,107
1,<environment.Job instance at 0x7fa77df1db40>,82,16,[7 2],83,-1,123,-1,107
1,<environment.Job instance at 0x7fa77df1d8c0>,77,13,[ 1 10],78,-1,120,-1,107
1,<environment.Job instance at 0x7fa77df1daa0>,81,15,[7 4],82,-1,123,-1,108
1,<environment.Job instance at 0x7fa77df1dd70>,85,14,[ 2 10],86,-1,122,-1,108
1,<environment.Job instance at 0x7fa77df1da00>,80,3,[5 9],81,-1,113,-1,110
1,<environment.Job instance at 0x7fa77df1dfa0>,88,12,[ 1 13],89,-1,124,-1,112
1,<environment.Job instance at 0x7fa77df1de10>,87,18,[2 7],88,-1,131,-1,113
1,<environment.Job instance at 0x7fa77df02140>,90,22,[9 3],91,-1,135,-1,113
1,<environment.Job instance at 0x7fa77df020a0>,89,15,[8 5],90,-1,128,-1,113
1,<environment.Job instance at 0x7fa77def8140>,91,28,[1 5],92,-1,141,-1,113
1,<environment.Job instance at 0x7fa77d574eb0>,93,28,[8 5],94,-1,141,-1,113
1,<environment.Job instance at 0x7fa77e983780>,92,12,[ 4 14],93,-1,126,-1,114
1,<environment.Job instance at 0x7fa77d574730>,95,21,[14  2],96,-1,135,-1,114
1,<environment.Job instance at 0x7fa77df1dbe0>,83,21,[1 5],84,-1,135,-1,114
1,<environment.Job instance at 0x7fa77d574910>,94,14,[9 5],95,-1,128,-1,114
1,<environment.Job instance at 0x7fa77d5747d0>,98,22,[7 5],99,-1,136,-1,114
1,<environment.Job instance at 0x7fa77d574140>,99,21,[9 1],100,-1,135,-1,114
1,<environment.Job instance at 0x7fa77d574410>,100,28,[6 5],101,-1,142,-1,114
1,<environment.Job instance at 0x7fa77d574370>,96,19,[5 4],97,-1,134,-1,115
1,<environment.Job instance at 0x7fa77d574fa0>,97,14,[ 2 11],98,-1,129,-1,115
1,<environment.Job instance at 0x7fa77d574c80>,103,20,[14  4],104,-1,136,-1,116
1,<environment.Job instance at 0x7fa77df03640>,102,15,[3 8],103,-1,131,-1,116
1,<environment.Job instance at 0x7fa77d59d8c0>,105,18,[12  4],106,-1,134,-1,116
1,<environment.Job instance at 0x7fa77d5742d0>,101,18,[4 7],102,-1,134,-1,116
1,<environment.Job instance at 0x7fa77e6949b0>,108,18,[5 9],109,-1,137,-1,119
1,<environment.Job instance at 0x7fa77e40e500>,109,18,[ 4 11],110,-1,139,-1,121
1,<environment.Job instance at 0x7fa77e689370>,111,27,[ 3 13],112,-1,148,-1,121
1,<environment.Job instance at 0x7fa77e73aaa0>,113,25,[9 4],114,-1,146,-1,121
1,<environment.Job instance at 0x7fa77d58caf0>,110,27,[6 5],111,-1,148,-1,121
1,<environment.Job instance at 0x7fa77e7378c0>,112,18,[10  1],113,-1,139,-1,121
1,<environment.Job instance at 0x7fa77d93ce10>,114,18,[3 9],115,-1,139,-1,121
1,<environment.Job instance at 0x7fa77e4045a0>,107,14,[5 9],108,-1,135,-1,121
1,<environment.Job instance at 0x7fa77ebaba50>,119,16,[ 1 10],120,-1,139,-1,123
1,<environment.Job instance at 0x7fa77e73d690>,122,22,[5 4],123,-1,146,-1,124
1,<environment.Job instance at 0x7fa77e73df50>,125,25,[1 9],126,-1,154,-1,129
1,<environment.Job instance at 0x7fa77d955230>,126,3,[ 4 12],127,-1,133,-1,130
1,<environment.Job instance at 0x7fa77d9554b0>,127,27,[9 3],128,-1,157,-1,130
1,<environment.Job instance at 0x7fa77e6ac280>,117,27,[2 8],118,-1,157,-1,130
1,<environment.Job instance at 0x7fa77d955370>,128,2,[8 4],129,-1,132,-1,130
1,<environment.Job instance at 0x7fa77d930870>,129,28,[6 2],130,-1,158,-1,130
1,<environment.Job instance at 0x7fa77d962af0>,120,27,[8 1],121,-1,159,-1,132
1,<environment.Job instance at 0x7fa77d930cd0>,137,15,[8 4],138,-1,160,-1,145
1,<environment.Job instance at 0x7fa77d5851e0>,1,18,[ 5 13],2,-1,20,-1,2
1,<environment.Job instance at 0x7fa77d5a68c0>,2,1,[12  2],3,-1,4,-1,3
1,<environment.Job instance at 0x7fa77df1d320>,3,2,[14  4],4,-1,6,-1,4
1,<environment.Job instance at 0x7fa77df1d460>,5,15,[ 1 12],6,-1,21,-1,6
1,<environment.Job instance at 0x7fa77d930690>,6,15,[14  5],7,-1,22,-1,7
1,<environment.Job instance at 0x7fa77e9ad8c0>,14,19,[ 2 12],15,-1,45,-1,26
1,<environment.Job instance at 0x7fa77dd89e10>,15,20,[ 2 11],16,-1,46,-1,26
1,<environment.Job instance at 0x7fa77dd84690>,20,26,[5 5],21,-1,75,-1,49
1,<environment.Job instance at 0x7fa77e3c9c30>,13,28,[10  2],14,-1,82,-1,54
1,<environment.Job instance at 0x7fa77d7580a0>,23,23,[ 2 10],24,-1,77,-1,54
1,<environment.Job instance at 0x7fa77e476aa0>,24,12,[13  5],25,-1,66,-1,54
1,<environment.Job instance at 0x7fa77e4d63c0>,21,28,[3 7],22,-1,82,-1,54
1,<environment.Job instance at 0x7fa77d7aa230>,29,14,[14  2],30,-1,69,-1,55
1,<environment.Job instance at 0x7fa77de5c9b0>,30,28,[9 4],31,-1,83,-1,55
1,<environment.Job instance at 0x7fa77de5ca00>,31,24,[ 1 13],32,-1,79,-1,55
1,<environment.Job instance at 0x7fa77da64f00>,32,14,[ 5 13],33,-1,69,-1,55
1,<environment.Job instance at 0x7fa77dd00a50>,38,13,[ 3 12],39,-1,82,-1,69
1,<environment.Job instance at 0x7fa77dd000f0>,41,12,[ 5 12],42,-1,81,-1,69
1,<environment.Job instance at 0x7fa77de7ad70>,54,14,[ 1 14],55,-1,128,-1,114
1,<environment.Job instance at 0x7fa77e754d20>,56,14,[11  4],57,-1,140,-1,126
1,<environment.Job instance at 0x7fa77de7a280>,52,23,[ 4 10],53,-1,165,-1,142
1,<environment.Job instance at 0x7fa7877111e0>,58,18,[ 4 12],59,-1,160,-1,142
1,<environment.Job instance at 0x7fa77ea04c30>,61,25,[5 4],62,-1,170,-1,145
1,<environment.Job instance at 0x7fa77e4e6be0>,65,16,[ 5 13],66,-1,174,-1,158
1,<environment.Job instance at 0x7fa787672fa0>,66,17,[ 2 12],67,-1,175,-1,158
1,<environment.Job instance at 0x7fa77ea08d70>,12,22,[5 6],13,-1,64,-1,42
1,<environment.Job instance at 0x7fa77ea08910>,18,28,[5 3],19,-1,71,-1,43
1,<environment.Job instance at 0x7fa77e754d20>,0,24,[9 1],1,-1,25,-1,1
1,<environment.Job instance at 0x7fa77ddca410>,1,23,[ 4 10],2,-1,25,-1,2
1,<environment.Job instance at 0x7fa77d75cc30>,2,27,[7 5],3,-1,30,-1,3
1,<environment.Job instance at 0x7fa77d75c730>,3,13,[12  4],4,-1,17,-1,4
1,<environment.Job instance at 0x7fa77d75c370>,4,1,[ 2 14],5,-1,6,-1,5
1,<environment.Job instance at 0x7fa77dd75af0>,9,1,[ 1 13],10,-1,11,-1,10
1,<environment.Job instance at 0x7fa77dd000f0>,10,3,[ 5 11],11,-1,14,-1,11
1,<environment.Job instance at 0x7fa77de5c9b0>,11,21,[ 3 14],12,-1,33,-1,12
1,<environment.Job instance at 0x7fa77df1d460>,15,16,[ 2 11],16,-1,32,-1,16
1,<environment.Job instance at 0x7fa77d5851e0>,18,28,[5 3],19,-1,49,-1,21
1,<environment.Job instance at 0x7fa77df1d4b0>,19,13,[ 4 11],20,-1,34,-1,21
1,<environment.Job instance at 0x7fa7878f2cd0>,22,19,[13  3],23,-1,42,-1,23
1,<environment.Job instance at 0x7fa77e9927d0>,25,15,[ 3 13],26,-1,52,-1,37
1,<environment.Job instance at 0x7fa77e28d370>,31,17,[14  4],32,-1,73,-1,56
1,<environment.Job instance at 0x7fa77db764b0>,32,12,[12  2],33,-1,68,-1,56
1,<environment.Job instance at 0x7fa78750d870>,34,23,[14  2],35,-1,80,-1,57
1,<environment.Job instance at 0x7fa77db76cd0>,35,25,[5 3],36,-1,85,-1,60
1,<environment.Job instance at 0x7fa77d4ca2d0>,38,13,[ 4 13],39,-1,84,-1,71
1,<environment.Job instance at 0x7fa77db8ef50>,42,17,[13  2],43,-1,92,-1,75
1,<environment.Job instance at 0x7fa77db8eeb0>,43,23,[8 3],44,-1,98,-1,75
1,<environment.Job instance at 0x7fa77db9cbe0>,44,1,[12  5],45,-1,76,-1,75
1,<environment.Job instance at 0x7fa77db9c870>,46,28,[8 4],47,-1,117,-1,89
1,<environment.Job instance at 0x7fa77db9c320>,47,16,[13  2],48,-1,105,-1,89
1,<environment.Job instance at 0x7fa77e3b68c0>,49,12,[ 5 14],50,-1,101,-1,89
1,<environment.Job instance at 0x7fa77e3b6140>,50,14,[14  2],51,-1,103,-1,89
1,<environment.Job instance at 0x7fa77da4c5f0>,53,23,[6 3],54,-1,130,-1,107
1,<environment.Job instance at 0x7fa77da4cfa0>,55,21,[12  2],56,-1,128,-1,107
1,<environment.Job instance at 0x7fa77d6fc460>,56,21,[13  1],57,-1,128,-1,107
1,<environment.Job instance at 0x7fa77e6a3d70>,59,15,[12  3],60,-1,133,-1,118
1,<environment.Job instance at 0x7fa77e6a3cd0>,60,16,[14  3],61,-1,134,-1,118
1,<environment.Job instance at 0x7fa77d8c29b0>,63,16,[ 4 13],64,-1,148,-1,132
1,<environment.Job instance at 0x7fa77d8c2d70>,65,17,[ 4 11],66,-1,149,-1,132
1,<environment.Job instance at 0x7fa77d9c0320>,67,24,[2 5],68,-1,171,-1,147
1,<environment.Job instance at 0x7fa77d9c0fa0>,68,23,[11  4],69,-1,170,-1,147
1,<environment.Job instance at 0x7fa77e71bcd0>,69,13,[ 1 11],70,-1,160,-1,147
1,<environment.Job instance at 0x7fa77e71b370>,70,3,[ 3 11],71,-1,150,-1,147
1,<environment.Job instance at 0x7fa77e5e4280>,74,13,[13  1],75,-1,160,-1,147
1,<environment.Job instance at 0x7fa77e5e4410>,75,16,[ 2 13],76,-1,163,-1,147
1,<environment.Job instance at 0x7fa77ec375f0>,0,26,[8 2],1,-1,27,-1,1
1,<environment.Job instance at 0x7fa77ec37230>,3,18,[10  1],4,-1,23,-1,5
1,<environment.Job instance at 0x7fa77ec37550>,5,13,[8 1],6,-1,19,-1,6
1,<environment.Job instance at 0x7fa77ec37d20>,4,27,[5 8],5,-1,33,-1,6
1,<environment.Job instance at 0x7fa77ec37460>,7,19,[4 9],8,-1,27,-1,8
1,<environment.Job instance at 0x7fa77e2a7e10>,26,28,[6 1],27,-1,105,-1,77
1,<environment.Job instance at 0x7fa77e2a70f0>,21,26,[13  3],22,-1,103,-1,77
1,<environment.Job instance at 0x7fa77db94280>,31,18,[1 5],32,-1,95,-1,77
1,<environment.Job instance at 0x7fa77db94f00>,34,12,[8 5],35,-1,89,-1,77
1,<environment.Job instance at 0x7fa77e758fa0>,0,26,[8 2],1,-1,27,-1,1
1,<environment.Job instance at 0x7fa77d8cf960>,4,27,[5 8],5,-1,33,-1,6
1,<environment.Job instance at 0x7fa77def4500>,6,22,[ 1 13],7,-1,29,-1,7
1,<environment.Job instance at 0x7fa77def40f0>,8,21,[ 5 13],9,-1,30,-1,9
1,<environment.Job instance at 0x7fa77e5e4e60>,12,27,[8 4],13,-1,49,-1,22
1,<environment.Job instance at 0x7fa77d9c0320>,15,20,[11  2],16,-1,45,-1,25
1,<environment.Job instance at 0x7fa77e5e4550>,11,26,[1 8],12,-1,53,-1,27
1,<environment.Job instance at 0x7fa77e6a3cd0>,18,3,[ 3 12],19,-1,30,-1,27
1,<environment.Job instance at 0x7fa77da4c8c0>,19,28,[5 4],20,-1,55,-1,27
1,<environment.Job instance at 0x7fa77da4cf00>,20,12,[ 2 13],21,-1,39,-1,27
1,<environment.Job instance at 0x7fa77da4c0f0>,21,26,[13  3],22,-1,53,-1,27
1,<environment.Job instance at 0x7fa77db9c870>,26,28,[6 1],27,-1,68,-1,40
1,<environment.Job instance at 0x7fa78796d5a0>,30,26,[11  4],31,-1,86,-1,60
1,<environment.Job instance at 0x7fa77e464b90>,35,24,[11  3],36,-1,99,-1,75
1,<environment.Job instance at 0x7fa77ec0e640>,39,22,[ 2 11],40,-1,114,-1,92
1,<environment.Job instance at 0x7fa77d6b3190>,42,23,[12  4],43,-1,130,-1,107
1,<environment.Job instance at 0x7fa77d6b3910>,44,25,[13  1],45,-1,133,-1,108
1,<environment.Job instance at 0x7fa77d6b3af0>,47,3,[ 2 14],48,-1,124,-1,121
1,<environment.Job instance at 0x7fa77d6b3fa0>,48,24,[ 4 13],49,-1,145,-1,121
1,<environment.Job instance at 0x7fa77ec28820>,49,14,[12  1],50,-1,135,-1,121
1,<environment.Job instance at 0x7fa77ec28a50>,51,27,[ 4 11],52,-1,151,-1,124
1,<environment.Job instance at 0x7fa77ec28910>,52,17,[11  3],53,-1,141,-1,124
1,<environment.Job instance at 0x7fa77e5736e0>,60,17,[12  5],61,-1,169,-1,152
1,<environment.Job instance at 0x7fa77d772320>,2,22,[8 3],3,-1,25,-1,3
1,<environment.Job instance at 0x7fa77d7727d0>,4,13,[10  2],5,-1,19,-1,6
1,<environment.Job instance at 0x7fa77ec314b0>,6,16,[8 2],7,-1,23,-1,7
1,<environment.Job instance at 0x7fa77d7720a0>,5,27,[3 5],6,-1,34,-1,7
1,<environment.Job instance at 0x7fa77e3266e0>,12,15,[3 8],13,-1,30,-1,15
1,<environment.Job instance at 0x7fa787675500>,15,2,[11  1],16,-1,18,-1,16
1,<environment.Job instance at 0x7fa77e326a00>,14,18,[6 5],15,-1,35,-1,17
1,<environment.Job instance at 0x7fa7878f5960>,20,19,[ 4 11],21,-1,65,-1,46
1,<environment.Job instance at 0x7fa77d912e60>,39,25,[2 6],40,-1,71,-1,46
1,<environment.Job instance at 0x7fa77d847050>,40,16,[6 3],41,-1,62,-1,46
1,<environment.Job instance at 0x7fa77ea8ed20>,43,16,[ 5 12],44,-1,62,-1,46
1,<environment.Job instance at 0x7fa77ea8ee60>,44,20,[5 2],45,-1,66,-1,46
1,<environment.Job instance at 0x7fa77ec119b0>,3,14,[ 3 14],4,-1,18,-1,4
1,<environment.Job instance at 0x7fa77db9c280>,8,24,[12  4],9,-1,33,-1,9
1,<environment.Job instance at 0x7fa78750db40>,5,27,[3 5],6,-1,47,-1,20
1,<environment.Job instance at 0x7fa77db9c410>,11,22,[ 1 11],12,-1,42,-1,20
1,<environment.Job instance at 0x7fa787902230>,15,2,[11  1],16,-1,28,-1,26
1,<environment.Job instance at 0x7fa77da4cfa0>,16,2,[11  3],17,-1,28,-1,26
1,<environment.Job instance at 0x7fa77e492a50>,17,19,[11  3],18,-1,45,-1,26
1,<environment.Job instance at 0x7fa77e492d20>,18,17,[12  2],19,-1,43,-1,26
1,<environment.Job instance at 0x7fa77d4636e0>,20,19,[ 4 11],21,-1,54,-1,35
1,<environment.Job instance at 0x7fa77d7a75f0>,27,13,[13  3],28,-1,57,-1,44
1,<environment.Job instance at 0x7fa77d7a7e60>,31,1,[12  1],32,-1,55,-1,54
1,<environment.Job instance at 0x7fa77e5763c0>,35,23,[5 2],36,-1,88,-1,65
1,<environment.Job instance at 0x7fa77db4e820>,36,3,[14  4],37,-1,68,-1,65
1,<environment.Job instance at 0x7fa77e1fb690>,39,25,[2 6],40,-1,94,-1,69
1,<environment.Job instance at 0x7fa78782b6e0>,42,16,[14  3],43,-1,85,-1,69
1,<environment.Job instance at 0x7fa78782bb90>,43,16,[ 5 12],44,-1,85,-1,69
1,<environment.Job instance at 0x7fa77da032d0>,45,27,[12  3],46,-1,97,-1,70
1,<environment.Job instance at 0x7fa77e880640>,51,28,[8 5],52,-1,127,-1,99
1,<environment.Job instance at 0x7fa77ea14730>,52,13,[13  5],53,-1,112,-1,99
1,<environment.Job instance at 0x7fa77d786780>,53,2,[ 3 14],54,-1,101,-1,99
1,<environment.Job instance at 0x7fa77ddeeb40>,57,17,[14  2],58,-1,130,-1,113
1,<environment.Job instance at 0x7fa77df2fcd0>,60,24,[ 5 12],61,-1,139,-1,115
1,<environment.Job instance at 0x7fa77df2f1e0>,61,27,[ 5 10],62,-1,142,-1,115
1,<environment.Job instance at 0x7fa77d4aa910>,62,3,[ 4 13],63,-1,118,-1,115
1,<environment.Job instance at 0x7fa77e8f1dc0>,64,1,[ 4 13],65,-1,116,-1,115
1,<environment.Job instance at 0x7fa77d7943c0>,68,25,[1 6],69,-1,171,-1,146
1,<environment.Job instance at 0x7fa77e93bd20>,69,25,[ 5 10],70,-1,171,-1,146
1,<environment.Job instance at 0x7fa77df42690>,73,23,[11  1],74,-1,170,-1,147
1,<environment.Job instance at 0x7fa77e27f3c0>,4,20,[5 5],5,-1,25,-1,5
1,<environment.Job instance at 0x7fa77e5bce10>,7,17,[11  3],8,-1,27,-1,10
1,<environment.Job instance at 0x7fa77e5bc370>,9,15,[6 5],10,-1,25,-1,10
1,<environment.Job instance at 0x7fa77e5bc500>,11,24,[9 2],12,-1,36,-1,12
1,<environment.Job instance at 0x7fa77e5bc050>,14,14,[5 4],15,-1,29,-1,15
1,<environment.Job instance at 0x7fa77d9fb500>,24,23,[2 9],25,-1,48,-1,25
1,<environment.Job instance at 0x7fa77d9fb8c0>,29,24,[8 3],30,-1,65,-1,41
1,<environment.Job instance at 0x7fa77d9fb320>,30,16,[8 1],31,-1,57,-1,41
1,<environment.Job instance at 0x7fa77d9fb5f0>,33,15,[10  3],34,-1,61,-1,46
1,<environment.Job instance at 0x7fa77d9fb3c0>,22,26,[2 7],23,-1,72,-1,46
1,<environment.Job instance at 0x7fa77d9fb4b0>,34,15,[14  1],35,-1,61,-1,46
1,<environment.Job instance at 0x7fa77d9fbfa0>,31,17,[5 5],32,-1,63,-1,46
1,<environment.Job instance at 0x7fa77d9fbdc0>,38,16,[5 8],39,-1,62,-1,46
1,<environment.Job instance at 0x7fa77d9fb6e0>,27,15,[4 6],28,-1,61,-1,46
1,<environment.Job instance at 0x7fa77d9fb7d0>,23,24,[14  2],24,-1,70,-1,46
1,<environment.Job instance at 0x7fa78730cb40>,40,22,[4 9],41,-1,68,-1,46
1,<environment.Job instance at 0x7fa77d9fb5a0>,37,16,[5 5],38,-1,62,-1,46
1,<environment.Job instance at 0x7fa78730c550>,42,16,[ 4 12],43,-1,62,-1,46
1,<environment.Job instance at 0x7fa78730cd20>,43,15,[5 3],44,-1,61,-1,46
1,<environment.Job instance at 0x7fa78730c960>,41,13,[2 6],42,-1,59,-1,46
1,<environment.Job instance at 0x7fa78730ca50>,45,17,[7 3],46,-1,63,-1,46
1,<environment.Job instance at 0x7fa77d9fb730>,39,20,[1 5],40,-1,66,-1,46
1,<environment.Job instance at 0x7fa78730c140>,44,15,[10  4],45,-1,61,-1,46
1,<environment.Job instance at 0x7fa78730c500>,48,14,[14  5],49,-1,63,-1,49
1,<environment.Job instance at 0x7fa77ec73a00>,3,22,[14  4],4,-1,26,-1,4
1,<environment.Job instance at 0x7fa77d6ea0f0>,6,14,[ 2 12],7,-1,21,-1,7
1,<environment.Job instance at 0x7fa77d6eae10>,7,17,[11  3],8,-1,25,-1,8
1,<environment.Job instance at 0x7fa77d7964b0>,11,24,[9 2],12,-1,41,-1,17
1,<environment.Job instance at 0x7fa77d796d70>,12,1,[ 5 14],13,-1,18,-1,17
1,<environment.Job instance at 0x7fa77d6ad460>,18,12,[14  3],19,-1,31,-1,19
1,<environment.Job instance at 0x7fa77d6d4820>,22,26,[2 7],23,-1,51,-1,25
1,<environment.Job instance at 0x7fa77d6d4280>,23,24,[14  2],24,-1,49,-1,25
1,<environment.Job instance at 0x7fa77d6bde10>,25,2,[ 1 11],26,-1,28,-1,26
1,<environment.Job instance at 0x7fa77d6e5cd0>,24,23,[2 9],25,-1,76,-1,53
1,<environment.Job instance at 0x7fa77d6bdaa0>,29,24,[8 3],30,-1,77,-1,53
1,<environment.Job instance at 0x7fa77e933be0>,32,2,[12  3],33,-1,55,-1,53
1,<environment.Job instance at 0x7fa77ded5a50>,34,15,[14  1],35,-1,70,-1,55
1,<environment.Job instance at 0x7fa77ded5190>,35,3,[ 3 11],36,-1,58,-1,55
1,<environment.Job instance at 0x7fa77ec0e5a0>,42,16,[ 4 12],43,-1,89,-1,73
1,<environment.Job instance at 0x7fa77dedfc80>,46,27,[2 5],47,-1,126,-1,99
1,<environment.Job instance at 0x7fa77dedf460>,47,1,[ 2 13],48,-1,100,-1,99
1,<environment.Job instance at 0x7fa77dedf960>,48,14,[14  5],49,-1,113,-1,99
1,<environment.Job instance at 0x7fa77dedfeb0>,49,26,[ 3 14],50,-1,125,-1,99
1,<environment.Job instance at 0x7fa77dedf0f0>,50,14,[13  5],51,-1,113,-1,99
1,<environment.Job instance at 0x7fa77e2dac80>,53,24,[5 9],54,-1,139,-1,115
1,<environment.Job instance at 0x7fa77e2eb910>,54,15,[ 3 14],55,-1,130,-1,115
1,<environment.Job instance at 0x7fa77ebfdd70>,55,17,[13  4],56,-1,132,-1,115
1,<environment.Job instance at 0x7fa77ebd35f0>,58,12,[ 1 13],59,-1,127,-1,115
1,<environment.Job instance at 0x7fa77ebd34b0>,60,15,[13  5],61,-1,145,-1,130
1,<environment.Job instance at 0x7fa77ed0caa0>,62,17,[13  2],63,-1,147,-1,130
1,<environment.Job instance at 0x7fa77e94c690>,66,16,[ 5 12],67,-1,161,-1,145
1,<environment.Job instance at 0x7fa77ddec0f0>,67,17,[ 3 13],68,-1,162,-1,145
1,<environment.Job instance at 0x7fa77ddec190>,68,22,[14  5],69,-1,167,-1,145
1,<environment.Job instance at 0x7fa77e3ba1e0>,4,16,[9 2],5,-1,24,-1,8
1,<environment.Job instance at 0x7fa77e3ba690>,8,17,[10  5],9,-1,26,-1,9
1,<environment.Job instance at 0x7fa77e3ba370>,9,25,[9 3],10,-1,35,-1,10
1,<environment.Job instance at 0x7fa77e3ba4b0>,6,21,[10  4],7,-1,31,-1,10
1,<environment.Job instance at 0x7fa77e0dd690>,10,16,[11  1],11,-1,27,-1,11
1,<environment.Job instance at 0x7fa77e3ba550>,11,17,[10  2],12,-1,29,-1,12
1,<environment.Job instance at 0x7fa77e097640>,15,18,[7 1],16,-1,36,-1,18
1,<environment.Job instance at 0x7fa77e66df50>,18,26,[4 7],19,-1,45,-1,19
1,<environment.Job instance at 0x7fa7872ebd20>,20,18,[9 3],21,-1,39,-1,21
1,<environment.Job instance at 0x7fa77dfd0910>,24,19,[1 9],25,-1,44,-1,25
1,<environment.Job instance at 0x7fa77db4e2d0>,25,21,[10  5],26,-1,49,-1,28
1,<environment.Job instance at 0x7fa77e73efa0>,28,16,[6 4],29,-1,45,-1,29
1,<environment.Job instance at 0x7fa77d65ce60>,32,24,[3 5],33,-1,57,-1,33
1,<environment.Job instance at 0x7fa77d65c960>,33,26,[6 5],34,-1,60,-1,34
1,<environment.Job instance at 0x7fa7878f0a00>,38,23,[6 1],39,-1,63,-1,40
1,<environment.Job instance at 0x7fa77d65c190>,37,17,[12  2],38,-1,85,-1,68
1,<environment.Job instance at 0x7fa787311730>,43,14,[11  5],44,-1,82,-1,68
1,<environment.Job instance at 0x7fa787311690>,47,28,[6 4],48,-1,96,-1,68
1,<environment.Job instance at 0x7fa77e800730>,27,16,[13  5],28,-1,114,-1,98
1,<environment.Job instance at 0x7fa77d73bb90>,52,28,[4 8],53,-1,126,-1,98
1,<environment.Job instance at 0x7fa7873115a0>,49,16,[4 8],50,-1,114,-1,98
1,<environment.Job instance at 0x7fa77ea319b0>,56,14,[10  5],57,-1,112,-1,98
1,<environment.Job instance at 0x7fa77ea31af0>,60,16,[11  4],61,-1,122,-1,106
1,<environment.Job instance at 0x7fa77e5bcc30>,1,13,[ 5 11],2,-1,15,-1,2
1,<environment.Job instance at 0x7fa78770bb90>,5,13,[ 3 13],6,-1,19,-1,6
1,<environment.Job instance at 0x7fa7876b8730>,10,16,[11  1],11,-1,31,-1,15
1,<environment.Job instance at 0x7fa77db9c410>,9,25,[9 3],10,-1,40,-1,15
1,<environment.Job instance at 0x7fa77db9c640>,12,13,[ 5 12],13,-1,28,-1,15
1,<environment.Job instance at 0x7fa77ebe98c0>,18,26,[4 7],19,-1,56,-1,30
1,<environment.Job instance at 0x7fa77e7ed1e0>,21,1,[ 2 14],22,-1,31,-1,30
1,<environment.Job instance at 0x7fa77e5763c0>,22,1,[ 3 13],23,-1,31,-1,30
1,<environment.Job instance at 0x7fa77d485190>,23,12,[ 2 13],24,-1,42,-1,30
1,<environment.Job instance at 0x7fa77eaa50f0>,27,16,[13  5],28,-1,64,-1,48
1,<environment.Job instance at 0x7fa77d6534b0>,29,3,[11  5],30,-1,51,-1,48
1,<environment.Job instance at 0x7fa77e94c0a0>,30,23,[ 2 13],31,-1,71,-1,48
1,<environment.Job instance at 0x7fa77d653c30>,31,18,[ 4 14],32,-1,66,-1,48
1,<environment.Job instance at 0x7fa77e2daaf0>,32,24,[3 5],33,-1,86,-1,62
1,<environment.Job instance at 0x7fa77e94c780>,33,26,[6 5],34,-1,88,-1,62
1,<environment.Job instance at 0x7fa77e117e10>,35,27,[1 5],36,-1,89,-1,62
1,<environment.Job instance at 0x7fa77ec735a0>,37,17,[12  2],38,-1,81,-1,64
1,<environment.Job instance at 0x7fa77ec73140>,38,23,[6 1],39,-1,87,-1,64
1,<environment.Job instance at 0x7fa77e3baf00>,40,20,[ 1 14],41,-1,84,-1,64
1,<environment.Job instance at 0x7fa77ec685a0>,41,1,[ 1 11],42,-1,65,-1,64
1,<environment.Job instance at 0x7fa77ea93730>,43,14,[11  5],44,-1,93,-1,79
1,<environment.Job instance at 0x7fa77db4e820>,47,28,[6 4],48,-1,125,-1,97
1,<environment.Job instance at 0x7fa7878ef690>,51,2,[13  3],52,-1,112,-1,110
1,<environment.Job instance at 0x7fa77d73b280>,52,28,[4 8],53,-1,150,-1,122
1,<environment.Job instance at 0x7fa7878ef050>,54,12,[14  5],55,-1,134,-1,122
1,<environment.Job instance at 0x7fa77dff63c0>,55,12,[ 2 14],56,-1,134,-1,122
1,<environment.Job instance at 0x7fa77ea04b90>,57,28,[2 6],58,-1,160,-1,132
1,<environment.Job instance at 0x7fa77e5ca410>,60,16,[11  4],61,-1,148,-1,132
1,<environment.Job instance at 0x7fa77de42dc0>,62,22,[12  5],63,-1,156,-1,134
1,<environment.Job instance at 0x7fa77d4e58c0>,65,14,[ 5 14],66,-1,152,-1,138
1,<environment.Job instance at 0x7fa77d4e57d0>,66,25,[8 3],67,-1,163,-1,138
1,<environment.Job instance at 0x7fa77d4e5a50>,68,17,[ 1 12],69,-1,155,-1,138
1,<environment.Job instance at 0x7fa77d4e5960>,72,12,[13  5],73,-1,164,-1,152
1,<environment.Job instance at 0x7fa77da37eb0>,7,27,[5 4],8,-1,35,-1,8
1,<environment.Job instance at 0x7fa77da37e60>,8,14,[4 7],9,-1,23,-1,9
1,<environment.Job instance at 0x7fa77da37a50>,9,17,[1 6],10,-1,27,-1,10
1,<environment.Job instance at 0x7fa77da607d0>,10,25,[8 5],11,-1,36,-1,11
1,<environment.Job instance at 0x7fa77da60550>,11,20,[2 5],12,-1,32,-1,12
1,<environment.Job instance at 0x7fa77da60820>,12,15,[3 8],13,-1,28,-1,13
1,<environment.Job instance at 0x7fa77da60320>,17,14,[5 7],18,-1,33,-1,19
1,<environment.Job instance at 0x7fa77da60d70>,24,15,[4 7],25,-1,40,-1,25
1,<environment.Job instance at 0x7fa77da60910>,15,27,[ 2 13],16,-1,73,-1,46
1,<environment.Job instance at 0x7fa77da60190>,31,24,[10  2],32,-1,70,-1,46
1,<environment.Job instance at 0x7fa77da605f0>,25,16,[7 4],26,-1,66,-1,50
1,<environment.Job instance at 0x7fa77da47370>,34,16,[12  1],35,-1,66,-1,50
1,<environment.Job instance at 0x7fa77da47410>,35,16,[10  3],36,-1,66,-1,50
1,<environment.Job instance at 0x7fa77da474b0>,36,15,[7 3],37,-1,65,-1,50
1,<environment.Job instance at 0x7fa77da47550>,37,21,[1 8],38,-1,72,-1,51
1,<environment.Job instance at 0x7fa77da475f0>,38,17,[5 7],39,-1,68,-1,51
1,<environment.Job instance at 0x7fa77da47690>,39,15,[14  1],40,-1,70,-1,55
1,<environment.Job instance at 0x7fa77da47730>,40,14,[10  4],41,-1,72,-1,58
1,<environment.Job instance at 0x7fa77da477d0>,41,24,[14  5],42,-1,82,-1,58
1,<environment.Job instance at 0x7fa77da47870>,42,25,[ 3 14],43,-1,84,-1,59
1,<environment.Job instance at 0x7fa77da47be0>,46,22,[3 9],47,-1,102,-1,80
1,<environment.Job instance at 0x7fa77da47a50>,45,21,[10  4],46,-1,101,-1,80
1,<environment.Job instance at 0x7fa77da47a00>,47,18,[4 9],48,-1,101,-1,83
1,<environment.Job instance at 0x7fa77da60af0>,30,16,[ 1 12],31,-1,102,-1,86
1,<environment.Job instance at 0x7fa77da60a00>,13,15,[13  3],14,-1,102,-1,87
1,<environment.Job instance at 0x7fa77da60f00>,21,18,[12  2],22,-1,107,-1,89
1,<environment.Job instance at 0x7fa77da47d20>,48,17,[8 4],49,-1,106,-1,89
1,<environment.Job instance at 0x7fa77da47dc0>,51,13,[ 5 14],52,-1,106,-1,93
1,<environment.Job instance at 0x7fa77da47e60>,50,19,[8 2],51,-1,112,-1,93
1,<environment.Job instance at 0x7fa77da47fa0>,53,15,[ 4 11],54,-1,108,-1,93
1,<environment.Job instance at 0x7fa77da47c30>,49,17,[12  3],50,-1,114,-1,97
1,<environment.Job instance at 0x7fa77da2d690>,54,13,[5 2],55,-1,117,-1,104
1,<environment.Job instance at 0x7fa77da2d190>,60,18,[ 1 13],61,-1,134,-1,116
1,<environment.Job instance at 0x7fa77da2daa0>,62,28,[ 1 10],63,-1,147,-1,119
1,<environment.Job instance at 0x7fa77da2d9b0>,56,22,[4 9],57,-1,141,-1,119
1,<environment.Job instance at 0x7fa77da2d6e0>,59,17,[ 5 13],60,-1,137,-1,120
1,<environment.Job instance at 0x7fa77da2d5a0>,63,24,[ 2 10],64,-1,145,-1,121
1,<environment.Job instance at 0x7fa77da2d4b0>,61,14,[12  3],62,-1,139,-1,125
1,<environment.Job instance at 0x7fa77da2d3c0>,71,16,[8 4],72,-1,141,-1,125
1,<environment.Job instance at 0x7fa77da2df00>,75,28,[5 5],76,-1,156,-1,128
1,<environment.Job instance at 0x7fa77da2d820>,67,14,[3 5],68,-1,142,-1,128
1,<environment.Job instance at 0x7fa77da2d230>,70,17,[1 7],71,-1,148,-1,131
1,<environment.Job instance at 0x7fa77da34550>,81,18,[4 6],82,-1,149,-1,131
1,<environment.Job instance at 0x7fa77da34460>,84,18,[ 4 11],85,-1,149,-1,131
1,<environment.Job instance at 0x7fa77da2deb0>,66,25,[14  2],67,-1,156,-1,131
1,<environment.Job instance at 0x7fa77da34820>,86,18,[7 2],87,-1,150,-1,132
1,<environment.Job instance at 0x7fa77da348c0>,87,19,[13  5],88,-1,153,-1,134
1,<environment.Job instance at 0x7fa77da34780>,88,12,[2 8],89,-1,154,-1,142
1,<environment.Job instance at 0x7fa77da34a50>,89,18,[6 3],90,-1,162,-1,144
1,<environment.Job instance at 0x7fa77da34af0>,90,13,[ 2 10],91,-1,161,-1,148
1,<environment.Job instance at 0x7fa77da346e0>,85,18,[5 5],86,-1,166,-1,148
1,<environment.Job instance at 0x7fa77da34e10>,93,17,[3 6],94,-1,168,-1,151
1,<environment.Job instance at 0x7fa77da34d70>,95,23,[3 9],96,-1,176,-1,153
1,<environment.Job instance at 0x7fa77da340a0>,82,14,[7 2],83,-1,170,-1,156
1,<environment.Job instance at 0x7fa77da34d20>,96,28,[ 5 14],97,-1,186,-1,158
1,<environment.Job instance at 0x7fa77ddee190>,0,14,[12  3],1,-1,15,-1,1
1,<environment.Job instance at 0x7fa77ddee780>,2,14,[ 4 14],3,-1,17,-1,3
1,<environment.Job instance at 0x7fa77e755e60>,7,27,[5 4],8,-1,42,-1,15
1,<environment.Job instance at 0x7fa77e755780>,10,25,[8 5],11,-1,46,-1,21
1,<environment.Job instance at 0x7fa77e7555f0>,13,15,[13  3],14,-1,36,-1,21
1,<environment.Job instance at 0x7fa77e7550f0>,15,27,[ 2 13],16,-1,51,-1,24
1,<environment.Job instance at 0x7fa77e755f50>,20,27,[ 4 11],21,-1,65,-1,38
1,<environment.Job instance at 0x7fa77e7555a0>,21,18,[12  2],22,-1,56,-1,38
1,<environment.Job instance at 0x7fa77e755820>,22,24,[ 2 13],23,-1,62,-1,38
1,<environment.Job instance at 0x7fa77e755f00>,23,13,[ 1 11],24,-1,51,-1,38
1,<environment.Job instance at 0x7fa77de055f0>,28,15,[13  2],29,-1,74,-1,59
1,<environment.Job instance at 0x7fa77de05640>,29,23,[ 1 10],30,-1,82,-1,59
1,<environment.Job instance at 0x7fa77de057d0>,30,16,[ 1 12],31,-1,75,-1,59
1,<environment.Job instance at 0x7fa77de05140>,31,24,[10  2],32,-1,96,-1,72
1,<environment.Job instance at 0x7fa77de05eb0>,34,16,[12  1],35,-1,88,-1,72
1,<environment.Job instance at 0x7fa77de05e60>,39,15,[14  1],40,-1,101,-1,86
1,<environment.Job instance at 0x7fa77dc3f140>,41,24,[14  5],42,-1,112,-1,88
1,<environment.Job instance at 0x7fa77dc3f4b0>,42,25,[ 3 14],43,-1,113,-1,88
1,<environment.Job instance at 0x7fa77dc3feb0>,49,17,[12  3],50,-1,137,-1,120
1,<environment.Job instance at 0x7fa77dc3faa0>,51,13,[ 5 14],52,-1,133,-1,120
1,<environment.Job instance at 0x7fa77dc3f320>,53,15,[ 4 11],54,-1,137,-1,122
1,<environment.Job instance at 0x7fa787390230>,59,17,[ 5 13],60,-1,174,-1,157
1,<environment.Job instance at 0x7fa787390500>,60,18,[ 1 13],61,-1,175,-1,157
1,<environment.Job instance at 0x7fa787390410>,61,14,[12  3],62,-1,171,-1,157
1,<environment.Job instance at 0x7f44e37ecb90>,2,14,[ 2 10],3,-1,18,-1,4
1,<environment.Job instance at 0x7f44e37eca50>,4,13,[3 6],5,-1,18,-1,5
1,<environment.Job instance at 0x7f44ece368c0>,3,22,[2 5],4,-1,29,-1,7
1,<environment.Job instance at 0x7f44e37f1410>,13,18,[5 9],14,-1,35,-1,17
1,<environment.Job instance at 0x7f44e37f1f50>,30,26,[9 4],31,-1,110,-1,84
1,<environment.Job instance at 0x7f44e37f86e0>,6,15,[ 2 14],7,-1,22,-1,7
1,<environment.Job instance at 0x7f44e37e7050>,8,2,[ 1 14],9,-1,11,-1,9
1,<environment.Job instance at 0x7f44e38fa8c0>,7,26,[9 3],8,-1,44,-1,18
1,<environment.Job instance at 0x7f44e38ef7d0>,12,23,[12  4],13,-1,41,-1,18
1,<environment.Job instance at 0x7f44e38e71e0>,18,26,[7 4],19,-1,56,-1,30
1,<environment.Job instance at 0x7f44e37ec910>,19,25,[5 9],20,-1,66,-1,41
1,<environment.Job instance at 0x7f44e38ae550>,23,16,[12  2],24,-1,57,-1,41
1,<environment.Job instance at 0x7f44e38ae5f0>,28,17,[ 1 13],29,-1,65,-1,48
1,<environment.Job instance at 0x7f44e398d370>,29,24,[4 7],30,-1,75,-1,51
1,<environment.Job instance at 0x7f44e38ae4b0>,30,26,[9 4],31,-1,77,-1,51
1,<environment.Job instance at 0x7f44e38ae910>,31,1,[ 2 14],32,-1,52,-1,51
1,<environment.Job instance at 0x7f44e3994aa0>,33,26,[3 6],34,-1,86,-1,60
1,<environment.Job instance at 0x7f44e38fbc30>,38,24,[13  2],39,-1,87,-1,63
1,<environment.Job instance at 0x7f44e38fbcd0>,40,26,[ 1 14],41,-1,100,-1,74
1,<environment.Job instance at 0x7f44e39710a0>,42,12,[ 5 12],43,-1,92,-1,80
1,<environment.Job instance at 0x7f44e39208c0>,45,12,[ 3 14],46,-1,104,-1,92
1,<environment.Job instance at 0x7f44e38a9230>,47,14,[12  2],48,-1,118,-1,104
1,<environment.Job instance at 0x7f44e38a9780>,48,14,[ 1 11],49,-1,118,-1,104
1,<environment.Job instance at 0x7f44e38a96e0>,50,13,[ 4 12],51,-1,117,-1,104
1,<environment.Job instance at 0x7f44e38a9c80>,53,12,[ 3 14],54,-1,130,-1,118
1,<environment.Job instance at 0x7f44e38a91e0>,54,3,[ 3 13],55,-1,121,-1,118
1,<environment.Job instance at 0x7f44e3908f00>,57,17,[ 2 14],58,-1,147,-1,130
1,<environment.Job instance at 0x7f44e390ccd0>,58,28,[10  3],59,-1,160,-1,132
1,<environment.Job instance at 0x7f44e38a2e10>,61,2,[ 1 12],62,-1,135,-1,133
1,<environment.Job instance at 0x7f44e2f40190>,2,24,[3 7],3,-1,27,-1,3
1,<environment.Job instance at 0x7f44e2f400a0>,3,19,[3 8],4,-1,24,-1,5
1,<environment.Job instance at 0x7f44e2f40cd0>,14,21,[9 3],15,-1,164,-1,143
1,<environment.Job instance at 0x7f44e30735f0>,36,15,[ 2 10],37,-1,158,-1,143
1,<environment.Job instance at 0x7f44e3022190>,34,17,[ 5 10],35,-1,160,-1,143
1,<environment.Job instance at 0x7f44e3804af0>,1,25,[14  5],2,-1,27,-1,2
1,<environment.Job instance at 0x7f44e38049b0>,2,24,[3 7],3,-1,27,-1,3
1,<environment.Job instance at 0x7f44e38048c0>,5,27,[ 3 13],6,-1,33,-1,6
1,<environment.Job instance at 0x7f44e38043c0>,8,2,[12  2],9,-1,11,-1,9
1,<environment.Job instance at 0x7f44e3804230>,10,18,[12  2],11,-1,29,-1,11
1,<environment.Job instance at 0x7f44e38040a0>,11,27,[8 3],12,-1,41,-1,14
1,<environment.Job instance at 0x7f44e38042d0>,13,19,[12  2],14,-1,33,-1,14
1,<environment.Job instance at 0x7f44e304cc30>,17,27,[ 3 12],18,-1,50,-1,23
1,<environment.Job instance at 0x7f44e3015eb0>,21,15,[ 2 14],22,-1,47,-1,32
1,<environment.Job instance at 0x7f44e3016f00>,24,15,[13  1],25,-1,58,-1,43
1,<environment.Job instance at 0x7f44e3016690>,23,26,[3 9],24,-1,75,-1,49
1,<environment.Job instance at 0x7f44e2ff8f50>,30,2,[11  3],31,-1,63,-1,61
1,<environment.Job instance at 0x7f44e3019e10>,37,15,[11  5],38,-1,105,-1,90
1,<environment.Job instance at 0x7f44e2f9daa0>,38,1,[14  4],39,-1,91,-1,90
1,<environment.Job instance at 0x7f44e2fad500>,41,1,[ 4 14],42,-1,107,-1,106
1,<environment.Job instance at 0x7f44e2fa6910>,42,16,[ 5 12],43,-1,122,-1,106
1,<environment.Job instance at 0x7f44e2fa6a00>,44,16,[ 1 14],45,-1,122,-1,106
1,<environment.Job instance at 0x7f44e2fb1230>,45,18,[ 1 14],46,-1,124,-1,106
1,<environment.Job instance at 0x7f44e2fb1d70>,46,23,[1 9],47,-1,136,-1,113
1,<environment.Job instance at 0x7f44e2fb41e0>,48,25,[4 8],49,-1,138,-1,113
1,<environment.Job instance at 0x7f44e2fb4140>,49,3,[11  3],50,-1,116,-1,113
1,<environment.Job instance at 0x7f44e2fb4b90>,50,15,[14  2],51,-1,128,-1,113
1,<environment.Job instance at 0x7f44e2fb4a50>,51,18,[11  1],52,-1,131,-1,113
1,<environment.Job instance at 0x7f44e2fbc190>,53,17,[12  1],54,-1,136,-1,119
1,<environment.Job instance at 0x7f44e2fbc050>,57,13,[ 4 11],58,-1,153,-1,140
1,<environment.Job instance at 0x7f44e2fbcc80>,58,16,[14  3],59,-1,156,-1,140
1,<environment.Job instance at 0x7f44ecf9f3c0>,0,17,[5 9],1,-1,18,-1,1
1,<environment.Job instance at 0x7f44e329a550>,2,21,[ 4 14],3,-1,24,-1,3
1,<environment.Job instance at 0x7f44e3571aa0>,5,13,[12  1],6,-1,19,-1,6
1,<environment.Job instance at 0x7f44e4387410>,6,12,[14  3],7,-1,19,-1,7
1,<environment.Job instance at 0x7f44e3308960>,7,1,[ 4 11],8,-1,9,-1,8
1,<environment.Job instance at 0x7f44e3d399b0>,11,25,[7 5],12,-1,45,-1,20
1,<environment.Job instance at 0x7f44e40c37d0>,14,25,[2 8],15,-1,45,-1,20
1,<environment.Job instance at 0x7f44e2e756e0>,17,28,[8 2],18,-1,52,-1,24
1,<environment.Job instance at 0x7f44e2e75d70>,18,26,[8 3],19,-1,50,-1,24
1,<environment.Job instance at 0x7f44e301a370>,20,27,[ 3 11],21,-1,51,-1,24
1,<environment.Job instance at 0x7f44e4023230>,21,15,[ 3 13],22,-1,39,-1,24
1,<environment.Job instance at 0x7f44e42e0910>,28,18,[ 5 14],29,-1,58,-1,40
1,<environment.Job instance at 0x7f44e30780f0>,30,19,[ 2 11],31,-1,59,-1,40
1,<environment.Job instance at 0x7f44e3195230>,35,26,[6 1],36,-1,71,-1,45
1,<environment.Job instance at 0x7f44e31950a0>,34,25,[4 9],35,-1,81,-1,56
1,<environment.Job instance at 0x7f44e3194820>,37,24,[4 8],38,-1,80,-1,56
1,<environment.Job instance at 0x7f44e31940f0>,40,2,[ 2 12],41,-1,58,-1,56
1,<environment.Job instance at 0x7f44e3195e60>,36,28,[5 9],37,-1,84,-1,56
1,<environment.Job instance at 0x7f44e3196be0>,42,24,[7 4],43,-1,80,-1,56
1,<environment.Job instance at 0x7f44e30f9690>,48,19,[12  4],49,-1,79,-1,60
1,<environment.Job instance at 0x7f44e3169460>,49,14,[ 5 12],50,-1,74,-1,60
1,<environment.Job instance at 0x7f44e3169d20>,51,25,[8 3],52,-1,98,-1,73
1,<environment.Job instance at 0x7f44e3169cd0>,52,16,[ 2 11],53,-1,89,-1,73
1,<environment.Job instance at 0x7f44e31690f0>,53,28,[ 3 11],54,-1,101,-1,73
1,<environment.Job instance at 0x7f44e31388c0>,55,24,[2 7],56,-1,110,-1,86
1,<environment.Job instance at 0x7f44e30800a0>,56,16,[14  5],57,-1,102,-1,86
1,<environment.Job instance at 0x7f44e3080140>,58,27,[14  3],59,-1,113,-1,86
1,<environment.Job instance at 0x7f44e316ab40>,59,18,[ 1 14],60,-1,104,-1,86
1,<environment.Job instance at 0x7f44e316a5f0>,61,15,[11  2],62,-1,103,-1,88
1,<environment.Job instance at 0x7f44e316a320>,62,13,[ 1 12],63,-1,101,-1,88
1,<environment.Job instance at 0x7f44e316a500>,65,16,[ 4 11],66,-1,118,-1,102
1,<environment.Job instance at 0x7f44e306f820>,66,17,[13  3],67,-1,119,-1,102
1,<environment.Job instance at 0x7f44e306f320>,67,22,[ 3 11],68,-1,124,-1,102
1,<environment.Job instance at 0x7f44e306fb90>,69,13,[ 5 12],70,-1,117,-1,104
1,<environment.Job instance at 0x7f44e306fc30>,70,1,[ 5 11],71,-1,105,-1,104
1,<environment.Job instance at 0x7f44e306f1e0>,71,1,[12  4],72,-1,105,-1,104
1,<environment.Job instance at 0x7f44e2fdac80>,74,13,[ 3 14],75,-1,125,-1,112
1,<environment.Job instance at 0x7f44e31456e0>,75,24,[ 4 14],76,-1,136,-1,112
1,<environment.Job instance at 0x7f44e2fda550>,73,23,[9 4],74,-1,140,-1,117
1,<environment.Job instance at 0x7f44e3145fa0>,77,24,[7 3],78,-1,141,-1,117
1,<environment.Job instance at 0x7f44e30d06e0>,78,27,[9 5],79,-1,144,-1,117
1,<environment.Job instance at 0x7f44e3145280>,80,14,[ 3 13],81,-1,131,-1,117
1,<environment.Job instance at 0x7f44e302d190>,81,26,[6 2],82,-1,143,-1,117
1,<environment.Job instance at 0x7f44e30472d0>,83,23,[12  5],84,-1,140,-1,117
1,<environment.Job instance at 0x7f44e3047640>,84,13,[ 4 14],85,-1,130,-1,117
1,<environment.Job instance at 0x7f44e3047b90>,85,19,[13  2],86,-1,136,-1,117
1,<environment.Job instance at 0x7f44e30b02d0>,91,18,[ 2 13],92,-1,169,-1,151
1,<environment.Job instance at 0x7f44e2df3320>,3,17,[2 7],4,-1,22,-1,5
1,<environment.Job instance at 0x7f44e2df3fa0>,6,27,[8 2],7,-1,34,-1,7
1,<environment.Job instance at 0x7f44e2df39b0>,7,16,[5 9],8,-1,24,-1,8
1,<environment.Job instance at 0x7f44e2df30f0>,8,18,[5 8],9,-1,27,-1,9
1,<environment.Job instance at 0x7f44e3fc6690>,0,14,[14  2],1,-1,15,-1,1
1,<environment.Job instance at 0x7f44e3fc6fa0>,6,27,[8 2],7,-1,34,-1,7
1,<environment.Job instance at 0x7f44e3314e60>,11,23,[11  4],12,-1,38,-1,15
1,<environment.Job instance at 0x7f44e3314d20>,12,2,[ 5 13],13,-1,17,-1,15
1,<environment.Job instance at 0x7f44e3fc9af0>,13,1,[13  2],14,-1,16,-1,15
1,<environment.Job instance at 0x7f44e3fc9870>,14,27,[2 8],15,-1,46,-1,19
1,<environment.Job instance at 0x7f44e3fc9b90>,15,18,[ 1 13],16,-1,37,-1,19
1,<environment.Job instance at 0x7f44e34875f0>,17,27,[13  4],18,-1,46,-1,19
1,<environment.Job instance at 0x7f44e3487960>,18,17,[13  4],19,-1,36,-1,19
1,<environment.Job instance at 0x7f44e3449870>,19,13,[14  2],20,-1,33,-1,20
1,<environment.Job instance at 0x7f44e34870a0>,21,24,[10  1],22,-1,55,-1,31
1,<environment.Job instance at 0x7f44e323b8c0>,27,1,[11  3],28,-1,48,-1,47
1,<environment.Job instance at 0x7f44e330d690>,28,25,[2 7],29,-1,84,-1,59
1,<environment.Job instance at 0x7f44e3c64280>,42,22,[ 5 13],43,-1,143,-1,121
1,<environment.Job instance at 0x7f44e3f05f00>,44,27,[11  2],45,-1,151,-1,124
1,<environment.Job instance at 0x7f44e316b640>,48,22,[ 4 12],49,-1,158,-1,136
1,<environment.Job instance at 0x7f44ecd65f00>,51,27,[10  1],52,-1,192,-1,165
1,<environment.Job instance at 0x7f44e3651870>,53,13,[ 5 11],54,-1,178,-1,165
1,<environment.Job instance at 0x7f44f2ed5dc0>,54,27,[12  2],55,-1,192,-1,165
1,<environment.Job instance at 0x7f44e3c99190>,0,18,[6 4],1,-1,19,-1,1
1,<environment.Job instance at 0x7f44e3619a50>,3,17,[8 4],4,-1,21,-1,4
1,<environment.Job instance at 0x7f44e3619820>,4,16,[1 7],5,-1,21,-1,5
1,<environment.Job instance at 0x7f44e35db4b0>,13,16,[ 4 10],14,-1,31,-1,15
1,<environment.Job instance at 0x7f44e35db370>,15,18,[ 1 10],16,-1,34,-1,16
1,<environment.Job instance at 0x7f44e35db960>,17,16,[8 4],18,-1,34,-1,18
1,<environment.Job instance at 0x7f44e3605cd0>,19,18,[6 4],20,-1,38,-1,20
1,<environment.Job instance at 0x7f44e3605280>,21,26,[6 3],22,-1,48,-1,22
1,<environment.Job instance at 0x7f44e367c780>,37,19,[4 9],38,-1,91,-1,72
1,<environment.Job instance at 0x7f44e323a550>,41,20,[ 3 12],42,-1,92,-1,72
1,<environment.Job instance at 0x7f44e3245f50>,42,19,[10  1],43,-1,93,-1,74
1,<environment.Job instance at 0x7f44e3253dc0>,40,17,[6 3],41,-1,91,-1,74
1,<environment.Job instance at 0x7f44e367b320>,45,14,[9 2],46,-1,88,-1,74
1,<environment.Job instance at 0x7f44e367bfa0>,47,16,[9 1],48,-1,90,-1,74
1,<environment.Job instance at 0x7f44e365b4b0>,48,28,[4 5],49,-1,102,-1,74
1,<environment.Job instance at 0x7f44e36769b0>,32,18,[14  1],33,-1,104,-1,86
1,<environment.Job instance at 0x7f44e32455a0>,43,3,[1 6],44,-1,89,-1,86
1,<environment.Job instance at 0x7f44e365b370>,53,12,[6 4],54,-1,98,-1,86
1,<environment.Job instance at 0x7f44e365b280>,54,17,[2 6],55,-1,103,-1,86
1,<environment.Job instance at 0x7f44e365bb90>,55,17,[5 4],56,-1,103,-1,86
1,<environment.Job instance at 0x7f44e365b190>,56,26,[7 1],57,-1,112,-1,86
1,<environment.Job instance at 0x7f44e365b6e0>,51,12,[1 5],52,-1,98,-1,86
1,<environment.Job instance at 0x7f44e365bc30>,58,15,[5 5],59,-1,101,-1,86
1,<environment.Job instance at 0x7f44e365b5f0>,59,17,[8 2],60,-1,105,-1,88
1,<environment.Job instance at 0x7f44e365b410>,57,22,[8 3],58,-1,110,-1,88
1,<environment.Job instance at 0x7f44e365ba50>,52,14,[5 2],53,-1,103,-1,89
1,<environment.Job instance at 0x7f44e3670140>,62,18,[14  5],63,-1,107,-1,89
1,<environment.Job instance at 0x7f44e3670820>,64,14,[ 3 12],65,-1,103,-1,89
1,<environment.Job instance at 0x7f44e3670640>,63,27,[9 5],64,-1,116,-1,89
1,<environment.Job instance at 0x7f44e3666f50>,66,23,[5 9],67,-1,112,-1,89
1,<environment.Job instance at 0x7f44e3666dc0>,65,18,[1 9],66,-1,113,-1,95
1,<environment.Job instance at 0x7f44e3666f00>,67,16,[ 5 13],68,-1,111,-1,95
1,<environment.Job instance at 0x7f44e31bc370>,35,25,[9 2],36,-1,120,-1,95
1,<environment.Job instance at 0x7f44e3677230>,33,24,[14  1],34,-1,119,-1,95
1,<environment.Job instance at 0x7f44e3639f00>,5,15,[ 2 12],6,-1,21,-1,6
1,<environment.Job instance at 0x7f44e3639e10>,6,24,[ 1 11],7,-1,31,-1,7
1,<environment.Job instance at 0x7f44e3639d70>,9,3,[ 3 14],10,-1,20,-1,17
1,<environment.Job instance at 0x7f44e3844140>,12,28,[10  4],13,-1,68,-1,40
1,<environment.Job instance at 0x7f44e3da8190>,20,1,[ 2 11],21,-1,45,-1,44
1,<environment.Job instance at 0x7f44e3da8fa0>,21,26,[6 3],22,-1,70,-1,44
1,<environment.Job instance at 0x7f44e3bc8190>,24,16,[13  3],25,-1,64,-1,48
1,<environment.Job instance at 0x7f44e3858500>,26,2,[ 2 13],27,-1,50,-1,48
1,<environment.Job instance at 0x7f44e3858fa0>,27,15,[ 2 12],28,-1,63,-1,48
1,<environment.Job instance at 0x7f44e3858c80>,31,3,[ 3 13],32,-1,69,-1,66
1,<environment.Job instance at 0x7f44e38a8960>,32,18,[14  1],33,-1,84,-1,66
1,<environment.Job instance at 0x7f44e38a8a00>,33,24,[14  1],34,-1,90,-1,66
1,<environment.Job instance at 0x7f44e38a8230>,35,25,[9 2],36,-1,91,-1,66
1,<environment.Job instance at 0x7f44e38a8780>,36,18,[ 1 12],37,-1,84,-1,66
1,<environment.Job instance at 0x7f44e37ddd70>,41,20,[ 3 12],42,-1,98,-1,78
1,<environment.Job instance at 0x7f44e395e640>,44,3,[13  1],45,-1,93,-1,90
1,<environment.Job instance at 0x7f44e38a70a0>,46,19,[13  1],47,-1,109,-1,90
1,<environment.Job instance at 0x7f44e3b21910>,48,28,[4 5],49,-1,130,-1,102
1,<environment.Job instance at 0x7f44e3bcd9b0>,56,26,[7 1],57,-1,155,-1,129
1,<environment.Job instance at 0x7f44e35f40f0>,60,3,[ 2 12],61,-1,132,-1,129
1,<environment.Job instance at 0x7f44e38d3c80>,62,18,[14  5],63,-1,150,-1,132
1,<environment.Job instance at 0x7f44e401fdc0>,64,14,[ 3 12],65,-1,158,-1,144
1,<environment.Job instance at 0x7f44e3973320>,67,16,[ 5 13],68,-1,165,-1,149
1,<environment.Job instance at 0x7f44ecfb14b0>,68,22,[ 2 14],69,-1,171,-1,149
1,<environment.Job instance at 0x7f44e38d3870>,63,27,[9 5],64,-1,193,-1,166
1,<environment.Job instance at 0x7f44e3e99780>,71,24,[12  4],72,-1,190,-1,166
1,<environment.Job instance at 0x7f44e38e21e0>,66,23,[5 9],67,-1,189,-1,166
1,<environment.Job instance at 0x7f44e3222aa0>,0,20,[5 3],1,-1,21,-1,1
1,<environment.Job instance at 0x7f44e3222d70>,9,23,[1 6],10,-1,33,-1,10
1,<environment.Job instance at 0x7f44e323a5f0>,11,12,[10  2],12,-1,26,-1,14
1,<environment.Job instance at 0x7f44e323ad20>,14,22,[10  1],15,-1,37,-1,15
1,<environment.Job instance at 0x7f44e323a320>,17,20,[3 8],18,-1,47,-1,27
1,<environment.Job instance at 0x7f44e323a410>,21,15,[10  3],22,-1,42,-1,27
1,<environment.Job instance at 0x7f44e321d370>,27,23,[10  4],28,-1,77,-1,54
1,<environment.Job instance at 0x7f44e321d050>,30,16,[6 3],31,-1,70,-1,54
1,<environment.Job instance at 0x7f44e323a460>,13,13,[11  1],14,-1,70,-1,57
1,<environment.Job instance at 0x7f44e321d280>,33,26,[3 6],34,-1,83,-1,57
1,<environment.Job instance at 0x7f44e323aa00>,25,21,[10  3],26,-1,78,-1,57
1,<environment.Job instance at 0x7f44e321dfa0>,36,23,[4 9],37,-1,80,-1,57
1,<environment.Job instance at 0x7f44e3c522d0>,1,16,[ 2 13],2,-1,18,-1,2
1,<environment.Job instance at 0x7f44e3669730>,5,26,[3 6],6,-1,32,-1,6
1,<environment.Job instance at 0x7f44e3229be0>,8,2,[ 4 12],9,-1,11,-1,9
1,<environment.Job instance at 0x7f44e3605a00>,9,23,[1 6],10,-1,33,-1,10
1,<environment.Job instance at 0x7f44f2ed5dc0>,12,2,[13  1],13,-1,23,-1,21
1,<environment.Job instance at 0x7f44e4387410>,13,13,[11  1],14,-1,34,-1,21
1,<environment.Job instance at 0x7f44e3090eb0>,15,16,[13  1],16,-1,39,-1,23
1,<environment.Job instance at 0x7f44e31f0820>,18,3,[11  4],19,-1,27,-1,24
1,<environment.Job instance at 0x7f44e323a640>,23,13,[11  5],24,-1,50,-1,37
1,<environment.Job instance at 0x7f44e321d230>,24,19,[ 3 11],25,-1,56,-1,37
1,<environment.Job instance at 0x7f44e4142d70>,27,23,[10  4],28,-1,106,-1,83
1,<environment.Job instance at 0x7f44e3248280>,33,26,[3 6],34,-1,109,-1,83
1,<environment.Job instance at 0x7f44e343f0f0>,37,24,[5 2],38,-1,109,-1,85
1,<environment.Job instance at 0x7f44e356a9b0>,39,17,[ 1 14],40,-1,102,-1,85
1,<environment.Job instance at 0x7f44e4301960>,40,25,[2 9],41,-1,115,-1,90
1,<environment.Job instance at 0x7f44e341b410>,36,23,[4 9],37,-1,114,-1,91
1,<environment.Job instance at 0x7f44e35060a0>,48,27,[ 3 11],49,-1,138,-1,111
1,<environment.Job instance at 0x7f44e3506140>,49,21,[ 3 13],50,-1,132,-1,111
1,<environment.Job instance at 0x7f44e3506460>,52,13,[14  2],53,-1,138,-1,125
1,<environment.Job instance at 0x7f44e35061e0>,53,16,[ 4 14],54,-1,141,-1,125
1,<environment.Job instance at 0x7f44e3506730>,55,14,[13  3],56,-1,151,-1,137
1,<environment.Job instance at 0x7f44e2d86730>,58,17,[ 3 11],59,-1,159,-1,142
1,<environment.Job instance at 0x7f44e317cc30>,62,27,[1 6],63,-1,193,-1,166
1,<environment.Job instance at 0x7f44e322a2d0>,2,17,[8 4],3,-1,20,-1,3
1,<environment.Job instance at 0x7f44e3247410>,8,27,[5 3],9,-1,36,-1,9
1,<environment.Job instance at 0x7f44e32471e0>,9,13,[8 5],10,-1,24,-1,11
1,<environment.Job instance at 0x7f44e3247aa0>,11,24,[5 4],12,-1,36,-1,12
1,<environment.Job instance at 0x7f44e3247d20>,13,15,[4 7],14,-1,29,-1,14
1,<environment.Job instance at 0x7f44e32475f0>,18,27,[5 1],19,-1,46,-1,19
1,<environment.Job instance at 0x7f44e32501e0>,19,15,[5 5],20,-1,35,-1,20
1,<environment.Job instance at 0x7f44e3250370>,20,14,[5 9],21,-1,35,-1,21
1,<environment.Job instance at 0x7f44e30b8280>,23,24,[7 4],24,-1,48,-1,24
1,<environment.Job instance at 0x7f44e3203a50>,27,27,[6 5],28,-1,133,-1,106
1,<environment.Job instance at 0x7f44e341f320>,3,2,[ 4 12],4,-1,6,-1,4
1,<environment.Job instance at 0x7f44e341f190>,6,1,[ 5 12],7,-1,8,-1,7
1,<environment.Job instance at 0x7f44e3257640>,7,22,[13  5],8,-1,30,-1,8
1,<environment.Job instance at 0x7f44e3257780>,11,24,[5 4],12,-1,43,-1,19
1,<environment.Job instance at 0x7f44e32578c0>,12,18,[12  1],13,-1,37,-1,19
1,<environment.Job instance at 0x7f44e3257be0>,8,27,[5 3],9,-1,46,-1,19
1,<environment.Job instance at 0x7f44e32571e0>,14,13,[ 5 14],15,-1,32,-1,19
1,<environment.Job instance at 0x7f44e3257370>,15,17,[ 5 13],16,-1,36,-1,19
1,<environment.Job instance at 0x7f44e3257280>,16,3,[12  5],17,-1,22,-1,19
1,<environment.Job instance at 0x7f44e32579b0>,18,27,[5 1],19,-1,47,-1,20
1,<environment.Job instance at 0x7f44e32574b0>,21,2,[ 5 12],22,-1,35,-1,33
1,<environment.Job instance at 0x7f44e4333e10>,23,24,[7 4],24,-1,70,-1,46
1,<environment.Job instance at 0x7f44e35103c0>,26,12,[12  3],27,-1,58,-1,46
1,<environment.Job instance at 0x7f44e3510dc0>,27,27,[6 5],28,-1,74,-1,47
1,<environment.Job instance at 0x7f44e3282050>,30,17,[14  4],31,-1,64,-1,47
1,<environment.Job instance at 0x7f44e3044e10>,33,16,[ 1 13],34,-1,78,-1,62
1,<environment.Job instance at 0x7f44e35f2370>,34,25,[4 7],35,-1,99,-1,74
1,<environment.Job instance at 0x7f44e3253af0>,36,12,[13  5],37,-1,86,-1,74
1,<environment.Job instance at 0x7f44e3253640>,37,22,[14  4],38,-1,96,-1,74
1,<environment.Job instance at 0x7f44e3253230>,38,27,[5 3],39,-1,103,-1,76
1,<environment.Job instance at 0x7f44e3c28eb0>,44,1,[ 4 11],45,-1,94,-1,93
1,<environment.Job instance at 0x7f44e3253820>,42,26,[3 7],43,-1,136,-1,110
1,<environment.Job instance at 0x7f44e356a910>,48,14,[13  1],49,-1,124,-1,110
1,<environment.Job instance at 0x7f44e4353410>,50,26,[5 1],51,-1,136,-1,110
1,<environment.Job instance at 0x7f44e3225af0>,52,27,[7 3],53,-1,138,-1,111
1,<environment.Job instance at 0x7f44e34ff500>,53,28,[13  1],54,-1,139,-1,111
1,<environment.Job instance at 0x7f44e4142d70>,54,25,[3 8],55,-1,136,-1,111
1,<environment.Job instance at 0x7f44ecd65f00>,59,22,[11  1],60,-1,147,-1,125
1,<environment.Job instance at 0x7f44e360a870>,60,14,[ 2 13],61,-1,139,-1,125
1,<environment.Job instance at 0x7f44e3b1c320>,58,24,[7 5],59,-1,166,-1,142
1,<environment.Job instance at 0x7f44e4387410>,63,28,[ 5 11],64,-1,170,-1,142
1,<environment.Job instance at 0x7f44e3666e10>,62,28,[4 9],63,-1,170,-1,142
1,<environment.Job instance at 0x7f44e3663e10>,66,18,[13  5],67,-1,160,-1,142
1,<environment.Job instance at 0x7f44e3c38e10>,70,14,[11  2],71,-1,170,-1,156
1,<environment.Job instance at 0x7f44e3c38af0>,71,15,[12  2],72,-1,171,-1,156
1,<environment.Job instance at 0x7f44e34e06e0>,73,19,[14  2],74,-1,177,-1,158
1,<environment.Job instance at 0x7f44e34e0050>,74,20,[ 5 12],75,-1,178,-1,158
1,<environment.Job instance at 0x7f44e40e0e60>,77,17,[ 4 11],78,-1,186,-1,169
1,<environment.Job instance at 0x7f44e3191dc0>,19,18,[14  1],20,-1,41,-1,23
1,<environment.Job instance at 0x7f44e3191550>,21,15,[12  1],22,-1,38,-1,23
1,<environment.Job instance at 0x7f44e3191460>,24,17,[10  4],25,-1,106,-1,89
1,<environment.Job instance at 0x7f44e31914b0>,22,13,[ 5 12],23,-1,102,-1,89
1,<environment.Job instance at 0x7f44e3191d20>,28,16,[3 5],29,-1,105,-1,89
1,<environment.Job instance at 0x7f44e3191cd0>,27,28,[9 4],28,-1,117,-1,89
1,<environment.Job instance at 0x7f44e3191140>,30,23,[6 2],31,-1,112,-1,89
1,<environment.Job instance at 0x7f44e3191af0>,31,22,[1 9],32,-1,111,-1,89
1,<environment.Job instance at 0x7f44e3191b40>,33,24,[10  4],34,-1,115,-1,91
1,<environment.Job instance at 0x7f44e31913c0>,32,14,[6 1],33,-1,107,-1,93
1,<environment.Job instance at 0x7f44e30295a0>,34,24,[3 9],35,-1,118,-1,94
1,<environment.Job instance at 0x7f44e3029140>,38,21,[9 5],39,-1,115,-1,94
1,<environment.Job instance at 0x7f44e3191500>,16,21,[9 5],17,-1,115,-1,94
1,<environment.Job instance at 0x7f44e3029870>,39,17,[10  3],40,-1,111,-1,94
1,<environment.Job instance at 0x7f44e3029280>,41,19,[ 5 13],42,-1,113,-1,94
1,<environment.Job instance at 0x7f44e3029f50>,35,18,[ 3 12],36,-1,112,-1,94
1,<environment.Job instance at 0x7f44e30296e0>,46,19,[5 4],47,-1,143,-1,124
1,<environment.Job instance at 0x7f44e3191410>,18,18,[4 5],19,-1,147,-1,129
1,<environment.Job instance at 0x7f44e30292d0>,49,18,[9 2],50,-1,150,-1,132
1,<environment.Job instance at 0x7f44e30293c0>,40,24,[7 4],41,-1,156,-1,132
1,<environment.Job instance at 0x7f44e3029820>,51,16,[10  3],52,-1,148,-1,132
1,<environment.Job instance at 0x7f44e3029e10>,53,26,[8 5],54,-1,158,-1,132
1,<environment.Job instance at 0x7f44e30290f0>,55,15,[6 5],56,-1,148,-1,133
1,<environment.Job instance at 0x7f44e3029190>,56,17,[10  1],57,-1,150,-1,133
1,<environment.Job instance at 0x7f44e40dc140>,58,18,[5 9],59,-1,160,-1,142
1,<environment.Job instance at 0x7f44e3029550>,47,17,[ 2 10],48,-1,159,-1,142
1,<environment.Job instance at 0x7f44e40dc050>,59,2,[5 5],60,-1,145,-1,143
1,<environment.Job instance at 0x7f44e3029e60>,44,17,[3 8],45,-1,161,-1,144
1,<environment.Job instance at 0x7f44e40dc2d0>,63,18,[ 3 10],64,-1,162,-1,144
1,<environment.Job instance at 0x7f44e40dc820>,65,24,[14  4],66,-1,168,-1,144
1,<environment.Job instance at 0x7f44e40dc190>,66,13,[14  5],67,-1,157,-1,144
1,<environment.Job instance at 0x7f44e3029230>,50,24,[5 9],51,-1,169,-1,145
1,<environment.Job instance at 0x7f44e40dc280>,70,23,[ 5 10],71,-1,168,-1,145
1,<environment.Job instance at 0x7f44e40dc410>,64,16,[ 3 14],65,-1,180,-1,164
1,<environment.Job instance at 0x7f44e40dc640>,72,22,[ 1 14],73,-1,186,-1,164
1,<environment.Job instance at 0x7f44e40dca00>,76,27,[ 4 11],77,-1,196,-1,169
1,<environment.Job instance at 0x7f44e317c5a0>,1,14,[11  1],2,-1,16,-1,2
1,<environment.Job instance at 0x7f44e317cfa0>,2,23,[ 2 11],3,-1,26,-1,3
1,<environment.Job instance at 0x7f44e3940280>,3,21,[ 1 11],4,-1,25,-1,4
1,<environment.Job instance at 0x7f44e317c280>,4,1,[ 2 14],5,-1,6,-1,5
1,<environment.Job instance at 0x7f44e3ab0f50>,7,15,[13  2],8,-1,23,-1,8
1,<environment.Job instance at 0x7f44e343f3c0>,8,1,[ 5 11],9,-1,10,-1,9
1,<environment.Job instance at 0x7f44e343f910>,9,3,[13  4],10,-1,13,-1,10
1,<environment.Job instance at 0x7f44e2e11f50>,10,15,[ 3 14],11,-1,26,-1,11
1,<environment.Job instance at 0x7f44e3065780>,11,18,[13  2],12,-1,30,-1,12
1,<environment.Job instance at 0x7f44e3065500>,12,1,[12  5],13,-1,14,-1,13
1,<environment.Job instance at 0x7f44e341edc0>,17,12,[ 4 14],18,-1,30,-1,18
1,<environment.Job instance at 0x7f44e34e0b40>,19,18,[14  1],20,-1,38,-1,20
1,<environment.Job instance at 0x7f44e2da11e0>,21,15,[12  1],22,-1,37,-1,22
1,<environment.Job instance at 0x7f44ecd65f00>,22,13,[ 5 12],23,-1,36,-1,23
1,<environment.Job instance at 0x7f44e30f3aa0>,27,28,[9 4],28,-1,65,-1,37
1,<environment.Job instance at 0x7f44e3c282d0>,29,1,[ 3 13],30,-1,38,-1,37
1,<environment.Job instance at 0x7f44e3510730>,30,23,[6 2],31,-1,62,-1,39
1,<environment.Job instance at 0x7f44e3191b90>,34,24,[3 9],35,-1,70,-1,46
1,<environment.Job instance at 0x7f44e330d550>,35,18,[ 3 12],36,-1,64,-1,46
1,<environment.Job instance at 0x7f44e330d460>,36,18,[13  3],37,-1,64,-1,46
1,<environment.Job instance at 0x7f44e39ed190>,40,24,[7 4],41,-1,79,-1,55
1,<environment.Job instance at 0x7f44e3651050>,41,19,[ 5 13],42,-1,74,-1,55
1,<environment.Job instance at 0x7f44e40b3af0>,33,24,[10  4],34,-1,79,-1,55
1,<environment.Job instance at 0x7f44e353d0f0>,50,24,[5 9],51,-1,117,-1,93
1,<environment.Job instance at 0x7f44e353d870>,52,23,[3 9],53,-1,133,-1,110
1,<environment.Job instance at 0x7f44e353d4b0>,53,26,[8 5],54,-1,146,-1,120
1,<environment.Job instance at 0x7f44e353df00>,57,3,[13  5],58,-1,123,-1,120
1,<environment.Job instance at 0x7f44e3044f50>,64,16,[ 3 14],65,-1,152,-1,136
1,<environment.Job instance at 0x7f44e30447d0>,65,24,[14  4],66,-1,160,-1,136
1,<environment.Job instance at 0x7f44e30449b0>,66,13,[14  5],67,-1,149,-1,136
1,<environment.Job instance at 0x7f44e4141780>,69,23,[6 1],70,-1,176,-1,153
1,<environment.Job instance at 0x7f44e4141c80>,72,22,[ 1 14],73,-1,176,-1,154
1,<environment.Job instance at 0x7f44e41411e0>,73,3,[11  2],74,-1,157,-1,154
1,<environment.Job instance at 0x7f44e4141640>,74,25,[ 1 14],75,-1,179,-1,154
1,<environment.Job instance at 0x7f44e42040f0>,75,25,[12  3],76,-1,179,-1,154
1,<environment.Job instance at 0x7f44e4204190>,76,27,[ 4 11],77,-1,181,-1,154
1,<environment.Job instance at 0x7f44e4141cd0>,70,23,[ 5 10],71,-1,189,-1,166
1,<environment.Job instance at 0x7f44e3554f00>,80,3,[ 3 11],81,-1,170,-1,167
1,<environment.Job instance at 0x7f44e35545f0>,81,21,[ 4 11],82,-1,188,-1,167
1,<environment.Job instance at 0x7f44e321b190>,82,28,[2 8],83,-1,196,-1,168
1,<environment.Job instance at 0x7f44e321bb40>,83,25,[ 1 12],84,-1,193,-1,168
1,<environment.Job instance at 0x7f44e321bbe0>,84,16,[ 5 13],85,-1,184,-1,168
1,<environment.Job instance at 0x7f44e321b410>,85,23,[5 5],86,-1,191,-1,168
1,<environment.Job instance at 0x7f44e321b730>,86,3,[ 4 14],87,-1,171,-1,168
1,<environment.Job instance at 0x7f44e321bc30>,87,15,[14  4],88,-1,183,-1,168
1,<environment.Job instance at 0x7f44e34d8730>,3,12,[ 3 10],4,-1,16,-1,4
1,<environment.Job instance at 0x7f44e34d8960>,4,15,[8 2],5,-1,21,-1,6
1,<environment.Job instance at 0x7f44e34d81e0>,6,22,[5 6],7,-1,29,-1,7
1,<environment.Job instance at 0x7f44e34d8550>,7,18,[1 6],8,-1,26,-1,8
1,<environment.Job instance at 0x7f44e34d8c80>,10,16,[1 8],11,-1,27,-1,11
1,<environment.Job instance at 0x7f44e34d8870>,11,19,[9 3],12,-1,31,-1,12
1,<environment.Job instance at 0x7f44e2cd6410>,13,20,[1 5],14,-1,34,-1,14
1,<environment.Job instance at 0x7f44e2cd6f00>,15,20,[2 8],16,-1,36,-1,16
1,<environment.Job instance at 0x7f44e2cd6c80>,19,18,[8 1],20,-1,38,-1,20
1,<environment.Job instance at 0x7f44e2cd6a00>,24,22,[13  3],25,-1,56,-1,34
1,<environment.Job instance at 0x7f44e2cd6d70>,25,14,[14  2],26,-1,48,-1,34
1,<environment.Job instance at 0x7f44e2cd6820>,28,14,[7 3],29,-1,48,-1,34
1,<environment.Job instance at 0x7f44e2cd6e60>,27,16,[10  3],28,-1,50,-1,34
1,<environment.Job instance at 0x7f44e2cd6550>,30,23,[ 3 11],31,-1,57,-1,34
1,<environment.Job instance at 0x7f44e34d83c0>,21,12,[12  3],22,-1,46,-1,34
1,<environment.Job instance at 0x7f44e2cd6640>,29,17,[ 1 13],30,-1,51,-1,34
1,<environment.Job instance at 0x7f44e2cd6fa0>,31,26,[5 1],32,-1,62,-1,36
1,<environment.Job instance at 0x7f44e2cd6780>,20,13,[12  5],21,-1,49,-1,36
1,<environment.Job instance at 0x7f44e2cd6e10>,35,20,[3 6],36,-1,58,-1,38
1,<environment.Job instance at 0x7f44e3191f00>,0,23,[9 3],1,-1,24,-1,1
1,<environment.Job instance at 0x7f44e2e11b90>,5,3,[ 5 14],6,-1,9,-1,6
1,<environment.Job instance at 0x7f44e2f42aa0>,8,25,[10  1],9,-1,41,-1,16
1,<environment.Job instance at 0x7f44e426ef50>,12,21,[12  2],13,-1,37,-1,16
1,<environment.Job instance at 0x7f44e423fd70>,14,14,[ 1 14],15,-1,30,-1,16
1,<environment.Job instance at 0x7f44e2f2fb40>,16,15,[12  3],17,-1,32,-1,17
1,<environment.Job instance at 0x7f44e2f2fc30>,18,3,[ 5 14],19,-1,29,-1,26
1,<environment.Job instance at 0x7f44e2f2faf0>,20,13,[12  5],21,-1,39,-1,26
1,<environment.Job instance at 0x7f44e2f2fbe0>,21,12,[12  3],22,-1,38,-1,26
1,<environment.Job instance at 0x7f44e2f45eb0>,24,22,[13  3],25,-1,53,-1,31
1,<environment.Job instance at 0x7f44e2f45280>,25,14,[14  2],26,-1,45,-1,31
1,<environment.Job instance at 0x7f44e2f2cc30>,26,19,[13  5],27,-1,50,-1,31
1,<environment.Job instance at 0x7f44e3c34a50>,29,17,[ 1 13],30,-1,56,-1,39
1,<environment.Job instance at 0x7f44e42bc6e0>,30,23,[ 3 11],31,-1,62,-1,39
1,<environment.Job instance at 0x7f44e3c34cd0>,31,26,[5 1],32,-1,74,-1,48
1,<environment.Job instance at 0x7f44e3c4aaa0>,32,25,[ 1 10],33,-1,80,-1,55
1,<environment.Job instance at 0x7f44e3c4a960>,34,25,[ 4 11],35,-1,80,-1,55
1,<environment.Job instance at 0x7f44e3c655f0>,36,26,[13  2],37,-1,82,-1,56
1,<environment.Job instance at 0x7f44e3c655a0>,37,2,[ 2 13],38,-1,58,-1,56
1,<environment.Job instance at 0x7f44e3c72fa0>,41,12,[11  2],42,-1,85,-1,73
1,<environment.Job instance at 0x7f44e3c72f00>,43,19,[ 5 11],44,-1,94,-1,75
1,<environment.Job instance at 0x7f44e3c6f050>,45,1,[ 1 12],46,-1,78,-1,77
1,<environment.Job instance at 0x7f44e3c52960>,51,23,[8 1],52,-1,138,-1,115
1,<environment.Job instance at 0x7f44e3c52870>,52,15,[14  5],53,-1,130,-1,115
1,<environment.Job instance at 0x7f44e3c69af0>,53,19,[12  4],54,-1,134,-1,115
1,<environment.Job instance at 0x7f44e3c69910>,54,19,[11  1],55,-1,134,-1,115
1,<environment.Job instance at 0x7f44e32f3140>,57,2,[ 3 14],58,-1,119,-1,117
1,<environment.Job instance at 0x7f44e3c60e10>,59,23,[3 6],60,-1,148,-1,125
1,<environment.Job instance at 0x7f44e30911e0>,60,2,[ 3 13],61,-1,127,-1,125
1,<environment.Job instance at 0x7f44e425a7d0>,61,27,[ 1 10],62,-1,152,-1,125
1,<environment.Job instance at 0x7f44e2f585a0>,62,18,[ 2 14],63,-1,143,-1,125
1,<environment.Job instance at 0x7f44e2f58c80>,66,25,[ 2 14],67,-1,167,-1,142
1,<environment.Job instance at 0x7f44e2f580a0>,70,21,[14  4],71,-1,175,-1,154
1,<environment.Job instance at 0x7f44e2f58e60>,71,18,[ 4 13],72,-1,172,-1,154
1,<environment.Job instance at 0x7f44e35b50f0>,4,17,[9 1],5,-1,23,-1,6
1,<environment.Job instance at 0x7f44e35b5190>,7,13,[11  2],8,-1,21,-1,8
1,<environment.Job instance at 0x7f44e35b5730>,8,12,[ 3 10],9,-1,21,-1,9
1,<environment.Job instance at 0x7f44e35b5d20>,16,17,[10  3],17,-1,37,-1,20
1,<environment.Job instance at 0x7f44e384b820>,5,16,[3 8],6,-1,45,-1,29
1,<environment.Job instance at 0x7f44e3840af0>,28,23,[9 5],29,-1,81,-1,58
1,<environment.Job instance at 0x7f44e38407d0>,26,23,[3 9],27,-1,81,-1,58
1,<environment.Job instance at 0x7f44e35b55f0>,10,24,[12  2],11,-1,93,-1,69
1,<environment.Job instance at 0x7f44e3840dc0>,32,24,[7 4],33,-1,93,-1,69
1,<environment.Job instance at 0x7f44e3840050>,37,12,[14  4],38,-1,96,-1,84
1,<environment.Job instance at 0x7f44e3840fa0>,40,18,[8 3],41,-1,107,-1,89
1,<environment.Job instance at 0x7f44e3840aa0>,39,20,[7 4],40,-1,109,-1,89
1,<environment.Job instance at 0x7f44e3953370>,45,24,[5 6],46,-1,113,-1,89
1,<environment.Job instance at 0x7f44e3953140>,42,25,[6 2],43,-1,114,-1,89
1,<environment.Job instance at 0x7f44e3953be0>,47,25,[ 2 13],48,-1,114,-1,89
1,<environment.Job instance at 0x7f44e3953e10>,46,18,[ 1 10],47,-1,107,-1,89
1,<environment.Job instance at 0x7f44e3840320>,27,24,[ 4 14],28,-1,143,-1,119
1,<environment.Job instance at 0x7f44e3953e60>,54,17,[8 3],55,-1,136,-1,119
1,<environment.Job instance at 0x7f44e3953690>,53,26,[10  2],54,-1,145,-1,119
1,<environment.Job instance at 0x7f44e3953d70>,59,21,[9 5],60,-1,140,-1,119
1,<environment.Job instance at 0x7f44e3953c30>,55,14,[9 3],56,-1,133,-1,119
1,<environment.Job instance at 0x7f44e3b2ccd0>,60,28,[4 9],61,-1,147,-1,119
1,<environment.Job instance at 0x7f44e3953fa0>,58,15,[3 7],59,-1,134,-1,119
1,<environment.Job instance at 0x7f44e3b2cd20>,65,28,[10  3],66,-1,147,-1,119
1,<environment.Job instance at 0x7f44e3b2c050>,63,15,[3 5],64,-1,134,-1,119
1,<environment.Job instance at 0x7f44e35b5820>,18,16,[9 2],19,-1,135,-1,119
1,<environment.Job instance at 0x7f44e3b2c0a0>,71,18,[9 2],72,-1,137,-1,119
1,<environment.Job instance at 0x7f44e3b2ce60>,72,18,[10  4],73,-1,138,-1,120
1,<environment.Job instance at 0x7f44e3b2c3c0>,73,17,[ 3 11],74,-1,137,-1,120
1,<environment.Job instance at 0x7f44e3b2cfa0>,74,15,[ 5 11],75,-1,135,-1,120
1,<environment.Job instance at 0x7f44e3b2c5f0>,76,23,[5 5],77,-1,143,-1,120
1,<environment.Job instance at 0x7f44e3953730>,52,18,[4 5],53,-1,138,-1,120
1,<environment.Job instance at 0x7f44e3b2cc30>,77,12,[11  3],78,-1,132,-1,120
1,<environment.Job instance at 0x7f44e3527780>,0,1,[ 1 13],1,-1,2,-1,1
1,<environment.Job instance at 0x7f44e35271e0>,2,12,[12  3],3,-1,15,-1,3
1,<environment.Job instance at 0x7f44e39fa1e0>,7,13,[11  2],8,-1,21,-1,8
1,<environment.Job instance at 0x7f44e3527be0>,9,13,[12  4],10,-1,23,-1,10
1,<environment.Job instance at 0x7f44e3c72f50>,10,24,[12  2],11,-1,35,-1,11
1,<environment.Job instance at 0x7f44e3c72910>,11,12,[ 2 12],12,-1,24,-1,12
1,<environment.Job instance at 0x7f44e35380a0>,20,14,[ 4 13],21,-1,39,-1,25
1,<environment.Job instance at 0x7f44e3c60230>,27,24,[ 4 14],28,-1,74,-1,50
1,<environment.Job instance at 0x7f44e3ca1410>,26,23,[3 9],27,-1,85,-1,62
1,<environment.Job instance at 0x7f44e3c60eb0>,29,13,[ 4 13],30,-1,75,-1,62
1,<environment.Job instance at 0x7f44e3c60b90>,28,23,[9 5],29,-1,85,-1,62
1,<environment.Job instance at 0x7f44e3c60d70>,31,14,[ 1 11],32,-1,76,-1,62
1,<environment.Job instance at 0x7f44e3c60c30>,32,24,[7 4],33,-1,86,-1,62
1,<environment.Job instance at 0x7f44e3c347d0>,37,12,[14  4],38,-1,76,-1,64
1,<environment.Job instance at 0x7f44e2f20320>,42,25,[6 2],43,-1,116,-1,91
1,<environment.Job instance at 0x7f44e2f20b40>,43,2,[ 1 13],44,-1,93,-1,91
1,<environment.Job instance at 0x7f44e2f203c0>,45,24,[5 6],46,-1,122,-1,98
1,<environment.Job instance at 0x7f44e2f20780>,47,25,[ 2 13],48,-1,123,-1,98
1,<environment.Job instance at 0x7f44e2c73230>,49,15,[ 4 11],50,-1,116,-1,101
1,<environment.Job instance at 0x7f44e34af050>,50,26,[6 2],51,-1,127,-1,101
1,<environment.Job instance at 0x7f44e3dc9af0>,53,26,[10  2],54,-1,130,-1,104
1,<environment.Job instance at 0x7f44e33e6190>,57,17,[14  5],58,-1,138,-1,121
1,<environment.Job instance at 0x7f44e3132fa0>,61,1,[12  5],62,-1,136,-1,135
1,<environment.Job instance at 0x7f44e31324b0>,62,1,[ 2 14],63,-1,136,-1,135
1,<environment.Job instance at 0x7f44e313aaf0>,60,28,[4 9],61,-1,167,-1,139
1,<environment.Job instance at 0x7f44e43e8640>,64,2,[14  3],65,-1,141,-1,139
1,<environment.Job instance at 0x7f44e3c6fbe0>,65,28,[10  3],66,-1,180,-1,152
1,<environment.Job instance at 0x7f44e37f17d0>,8,16,[6 2],9,-1,25,-1,9
1,<environment.Job instance at 0x7f44e37f15f0>,9,20,[1 9],10,-1,30,-1,10
1,<environment.Job instance at 0x7f44e37f1cd0>,10,18,[3 7],11,-1,29,-1,11
1,<environment.Job instance at 0x7f44e37f1050>,13,18,[3 6],14,-1,32,-1,14
1,<environment.Job instance at 0x7f44e39da0f0>,21,18,[2 9],22,-1,41,-1,23
1,<environment.Job instance at 0x7f44e39dae60>,22,26,[5 5],23,-1,49,-1,23
1,<environment.Job instance at 0x7f44e39daaf0>,30,12,[10  3],31,-1,107,-1,95
1,<environment.Job instance at 0x7f44e342ce60>,37,24,[9 3],38,-1,120,-1,96
1,<environment.Job instance at 0x7f44e342c0f0>,38,26,[6 3],39,-1,122,-1,96
1,<environment.Job instance at 0x7f44e39dae10>,34,26,[12  4],35,-1,127,-1,101
1,<environment.Job instance at 0x7f44e342cbe0>,40,20,[14  3],41,-1,121,-1,101
1,<environment.Job instance at 0x7f44e342c550>,44,17,[5 8],45,-1,124,-1,107
1,<environment.Job instance at 0x7f44e32805a0>,45,16,[8 5],46,-1,124,-1,108
1,<environment.Job instance at 0x7f44e342c730>,42,14,[5 8],43,-1,122,-1,108
1,<environment.Job instance at 0x7f44e3280140>,46,26,[2 6],47,-1,134,-1,108
1,<environment.Job instance at 0x7f44e3280050>,48,25,[1 6],49,-1,133,-1,108
1,<environment.Job instance at 0x7f44e3280c30>,49,15,[ 2 10],50,-1,123,-1,108
1,<environment.Job instance at 0x7f44e32805f0>,50,22,[2 7],51,-1,131,-1,109
1,<environment.Job instance at 0x7f44e342cb40>,43,22,[3 8],44,-1,131,-1,109
1,<environment.Job instance at 0x7f44e3280d70>,54,18,[8 3],55,-1,127,-1,109
1,<environment.Job instance at 0x7f44e39dadc0>,33,17,[5 9],34,-1,126,-1,109
1,<environment.Job instance at 0x7f44e3280370>,55,22,[7 2],56,-1,131,-1,109
1,<environment.Job instance at 0x7f44e2d04b90>,2,16,[ 4 14],3,-1,19,-1,3
1,<environment.Job instance at 0x7f44e2d04460>,4,16,[ 2 12],5,-1,21,-1,5
1,<environment.Job instance at 0x7f44e2e15730>,5,17,[13  4],6,-1,23,-1,6
1,<environment.Job instance at 0x7f44e3a76e60>,6,1,[ 5 11],7,-1,8,-1,7
1,<environment.Job instance at 0x7f44e2f42cd0>,11,1,[12  5],12,-1,13,-1,12
1,<environment.Job instance at 0x7f44e2dfad70>,14,26,[ 2 12],15,-1,41,-1,15
1,<environment.Job instance at 0x7f44e2f42c80>,16,1,[ 3 12],17,-1,19,-1,18
1,<environment.Job instance at 0x7f44e3c52280>,19,3,[11  1],20,-1,24,-1,21
1,<environment.Job instance at 0x7f44e3c52a00>,17,24,[10  3],18,-1,57,-1,33
1,<environment.Job instance at 0x7f44e3c4a780>,22,26,[5 5],23,-1,59,-1,33
1,<environment.Job instance at 0x7f44e2f2c820>,23,21,[13  1],24,-1,54,-1,33
1,<environment.Job instance at 0x7f44e3c69f50>,32,26,[ 3 11],33,-1,77,-1,51
1,<environment.Job instance at 0x7f44e3c69410>,31,25,[9 4],32,-1,93,-1,68
1,<environment.Job instance at 0x7f44e3c699b0>,34,26,[12  4],35,-1,94,-1,68
1,<environment.Job instance at 0x7f44e3c69870>,35,1,[12  4],36,-1,69,-1,68
1,<environment.Job instance at 0x7f44e3c69b40>,36,26,[5 2],37,-1,94,-1,68
1,<environment.Job instance at 0x7f44e3c695f0>,37,24,[9 3],38,-1,92,-1,68
1,<environment.Job instance at 0x7f44e3c69a50>,38,26,[6 3],39,-1,94,-1,68
1,<environment.Job instance at 0x7f44e424b050>,40,20,[14  3],41,-1,88,-1,68
1,<environment.Job instance at 0x7f44e42758c0>,46,26,[2 6],47,-1,122,-1,96
1,<environment.Job instance at 0x7f44e4275fa0>,48,25,[1 6],49,-1,121,-1,96
1,<environment.Job instance at 0x7f44e2f2f500>,53,16,[13  3],54,-1,127,-1,111
1,<environment.Job instance at 0x7f44e2f2f230>,56,1,[11  1],57,-1,124,-1,123
1,<environment.Job instance at 0x7f44e2f2f690>,57,19,[11  4],58,-1,142,-1,123
1,<environment.Job instance at 0x7f44ec99afa0>,59,19,[13  1],60,-1,149,-1,130
1,<environment.Job instance at 0x7f44e2f1c0f0>,62,14,[ 4 13],63,-1,166,-1,152
1,<environment.Job instance at 0x7f44e2f1c3c0>,63,13,[13  5],64,-1,165,-1,152
1,<environment.Job instance at 0x7f44e323e870>,65,16,[ 3 12],66,-1,169,-1,153
1,<environment.Job instance at 0x7f44e4257050>,67,28,[14  1],68,-1,184,-1,156
1,<environment.Job instance at 0x7f44e31009b0>,69,14,[ 1 14],70,-1,171,-1,157
1,<environment.Job instance at 0x7f44e3a8e370>,70,21,[ 1 14],71,-1,178,-1,157
1,<environment.Job instance at 0x7f44eca38c30>,0,20,[9 1],1,-1,22,-1,2
1,<environment.Job instance at 0x7f44eca38d70>,1,22,[3 5],2,-1,24,-1,2
1,<environment.Job instance at 0x7f44eca388c0>,3,18,[3 8],4,-1,24,-1,6
1,<environment.Job instance at 0x7f44e2e90870>,5,17,[14  4],6,-1,23,-1,6
1,<environment.Job instance at 0x7f44e2e90410>,18,19,[ 3 11],19,-1,39,-1,20
1,<environment.Job instance at 0x7f44e3f0b9b0>,2,12,[ 2 14],3,-1,15,-1,3
1,<environment.Job instance at 0x7f44e3f0bd70>,5,17,[14  4],6,-1,23,-1,6
1,<environment.Job instance at 0x7f44e3f415f0>,6,12,[ 1 13],7,-1,19,-1,7
1,<environment.Job instance at 0x7f44e3f359b0>,10,17,[14  3],11,-1,28,-1,11
1,<environment.Job instance at 0x7f44e3f35140>,11,1,[ 1 13],12,-1,13,-1,12
1,<environment.Job instance at 0x7f44e3f35410>,12,25,[ 4 12],13,-1,38,-1,13
1,<environment.Job instance at 0x7f44e3f35280>,15,13,[ 2 11],16,-1,35,-1,22
1,<environment.Job instance at 0x7f44e3370730>,17,14,[14  1],18,-1,37,-1,23
1,<environment.Job instance at 0x7f44e3375a50>,18,19,[ 3 11],19,-1,42,-1,23
1,<environment.Job instance at 0x7f44e3375e10>,20,15,[14  4],21,-1,38,-1,23
1,<environment.Job instance at 0x7f44e336fb40>,21,28,[4 5],22,-1,52,-1,24
1,<environment.Job instance at 0x7f44e3f35a50>,13,23,[ 1 10],14,-1,47,-1,24
1,<environment.Job instance at 0x7f44e3f19aa0>,26,2,[12  3],27,-1,29,-1,27
1,<environment.Job instance at 0x7f44e335df50>,28,22,[ 3 13],29,-1,51,-1,29
1,<environment.Job instance at 0x7f44e335ddc0>,31,12,[ 4 12],32,-1,44,-1,32
1,<environment.Job instance at 0x7f44e33837d0>,33,28,[ 4 11],34,-1,70,-1,42
1,<environment.Job instance at 0x7f44e3383e10>,36,19,[ 2 11],37,-1,63,-1,44
1,<environment.Job instance at 0x7f44e3383320>,37,12,[14  5],38,-1,56,-1,44
1,<environment.Job instance at 0x7f44e3388a00>,38,27,[10  1],39,-1,73,-1,46
1,<environment.Job instance at 0x7f44e3388460>,40,18,[ 5 12],41,-1,64,-1,46
1,<environment.Job instance at 0x7f44e3388b90>,41,25,[11  3],42,-1,71,-1,46
1,<environment.Job instance at 0x7f44e336a870>,45,1,[13  4],46,-1,59,-1,58
1,<environment.Job instance at 0x7f44e43c6050>,46,25,[13  3],47,-1,83,-1,58
1,<environment.Job instance at 0x7f44e35a6eb0>,47,26,[ 3 13],48,-1,84,-1,58
1,<environment.Job instance at 0x7f44e3f2cd70>,48,23,[2 7],49,-1,81,-1,58
1,<environment.Job instance at 0x7f44e336a9b0>,44,23,[6 5],45,-1,81,-1,58
1,<environment.Job instance at 0x7f44e43cd500>,51,20,[ 4 13],52,-1,78,-1,58
1,<environment.Job instance at 0x7f44e43cd870>,52,28,[6 1],53,-1,86,-1,58
1,<environment.Job instance at 0x7f44e3bbfbe0>,57,3,[ 5 11],58,-1,75,-1,72
1,<environment.Job instance at 0x7f44e3bbf550>,62,18,[ 3 12],63,-1,120,-1,102
1,<environment.Job instance at 0x7f44e2a8a5f0>,64,20,[14  4],65,-1,123,-1,103
1,<environment.Job instance at 0x7f44e3bed5a0>,66,26,[ 3 12],67,-1,141,-1,115
1,<environment.Job instance at 0x7f44e3bed550>,67,12,[12  1],68,-1,127,-1,115
1,<environment.Job instance at 0x7f44e2e96050>,69,20,[12  4],70,-1,136,-1,116
1,<environment.Job instance at 0x7f44e3d14a00>,3,17,[9 1],4,-1,24,-1,7
1,<environment.Job instance at 0x7f44e3d14190>,9,18,[ 3 10],10,-1,28,-1,10
1,<environment.Job instance at 0x7f44e3d28190>,10,23,[5 1],11,-1,34,-1,11
1,<environment.Job instance at 0x7f44e3d28910>,11,18,[5 9],12,-1,30,-1,12
1,<environment.Job instance at 0x7f44e3d28320>,12,14,[9 2],13,-1,27,-1,13
1,<environment.Job instance at 0x7f44e3d28fa0>,13,17,[8 4],14,-1,31,-1,14
1,<environment.Job instance at 0x7f44e3d28640>,14,24,[8 1],15,-1,39,-1,15
1,<environment.Job instance at 0x7f44e3d28a50>,15,18,[9 4],16,-1,34,-1,16
1,<environment.Job instance at 0x7f44e3d251e0>,30,16,[5 7],31,-1,82,-1,66
1,<environment.Job instance at 0x7f44e3d25370>,25,26,[14  3],26,-1,144,-1,118
1,<environment.Job instance at 0x7f44e3d25d70>,37,18,[5 6],38,-1,136,-1,118
1,<environment.Job instance at 0x7f44e3d148c0>,6,26,[9 5],7,-1,144,-1,118
1,<environment.Job instance at 0x7f44e3d18780>,40,16,[10  3],41,-1,134,-1,118
1,<environment.Job instance at 0x7f44e3d25550>,39,15,[3 6],40,-1,133,-1,118
1,<environment.Job instance at 0x7f44e3d18960>,44,21,[2 6],45,-1,139,-1,118
1,<environment.Job instance at 0x7f44e3d18e60>,46,15,[14  5],47,-1,133,-1,118
1,<environment.Job instance at 0x7f44e3d186e0>,41,18,[ 5 13],42,-1,136,-1,118
1,<environment.Job instance at 0x7f44e3d188c0>,49,16,[3 5],50,-1,144,-1,128
1,<environment.Job instance at 0x7f44e2a90780>,53,28,[10  2],54,-1,156,-1,128
1,<environment.Job instance at 0x7f44e2a900a0>,54,19,[ 2 12],55,-1,147,-1,128
1,<environment.Job instance at 0x7f44e2a90640>,55,20,[ 2 11],56,-1,148,-1,128
1,<environment.Job instance at 0x7f44e3d25d20>,34,17,[2 8],35,-1,145,-1,128
1,<environment.Job instance at 0x7f44e2a90960>,56,18,[7 5],57,-1,147,-1,129
1,<environment.Job instance at 0x7f44e4190460>,0,12,[ 3 14],1,-1,13,-1,1
1,<environment.Job instance at 0x7f44ec941b40>,1,24,[9 4],2,-1,26,-1,2
1,<environment.Job instance at 0x7f44e3169b90>,4,13,[12  1],5,-1,18,-1,5
1,<environment.Job instance at 0x7f44e39fadc0>,7,18,[13  5],8,-1,26,-1,8
1,<environment.Job instance at 0x7f44e30dddc0>,10,23,[5 1],11,-1,43,-1,20
1,<environment.Job instance at 0x7f44e419a4b0>,6,26,[9 5],7,-1,49,-1,23
1,<environment.Job instance at 0x7f44e2dcc690>,14,24,[8 1],15,-1,47,-1,23
1,<environment.Job instance at 0x7f44e3128690>,16,25,[12  2],17,-1,48,-1,23
1,<environment.Job instance at 0x7f44e31430a0>,19,17,[13  1],20,-1,55,-1,38
1,<environment.Job instance at 0x7f44e3e08c80>,22,12,[ 2 12],23,-1,53,-1,41
1,<environment.Job instance at 0x7f44e3106c80>,23,15,[ 3 13],24,-1,56,-1,41
1,<environment.Job instance at 0x7f44e3d5d820>,24,16,[12  4],25,-1,57,-1,41
1,<environment.Job instance at 0x7f44e2b42af0>,25,26,[14  3],26,-1,67,-1,41
1,<environment.Job instance at 0x7f44e41a6230>,28,24,[6 4],29,-1,81,-1,57
1,<environment.Job instance at 0x7f44e41a63c0>,29,2,[ 2 13],30,-1,59,-1,57
1,<environment.Job instance at 0x7f44e3e0dd20>,32,24,[8 2],33,-1,81,-1,57
1,<environment.Job instance at 0x7f44e3e9a8c0>,33,1,[ 2 13],34,-1,58,-1,57
1,<environment.Job instance at 0x7f44e3ce8e60>,35,23,[5 7],36,-1,83,-1,60
1,<environment.Job instance at 0x7f44e32745f0>,38,3,[ 2 13],39,-1,65,-1,62
1,<environment.Job instance at 0x7f44e2c225a0>,41,18,[ 5 13],42,-1,97,-1,79
1,<environment.Job instance at 0x7f44e2c22e10>,42,1,[12  2],43,-1,80,-1,79
1,<environment.Job instance at 0x7f44e2c225f0>,43,2,[14  4],44,-1,81,-1,79
1,<environment.Job instance at 0x7f44e43c9c80>,45,15,[ 1 12],46,-1,94,-1,79
1,<environment.Job instance at 0x7f44e43c9d70>,46,15,[14  5],47,-1,94,-1,79
1,<environment.Job instance at 0x7f44e3488370>,53,28,[10  2],54,-1,149,-1,121
1,<environment.Job instance at 0x7f44e3488410>,54,19,[ 2 12],55,-1,140,-1,121
1,<environment.Job instance at 0x7f44e3bd45f0>,55,20,[ 2 11],56,-1,141,-1,121
1,<environment.Job instance at 0x7f44e321abe0>,60,26,[5 5],61,-1,179,-1,153
1,<environment.Job instance at 0x7f44e2c38a00>,61,28,[3 7],62,-1,181,-1,153
1,<environment.Job instance at 0x7f44e2c38730>,64,12,[13  5],65,-1,165,-1,153
1,<environment.Job instance at 0x7f44e2ac6780>,69,14,[14  2],70,-1,179,-1,165
1,<environment.Job instance at 0x7f44e2ac6b40>,70,28,[9 4],71,-1,197,-1,169
1,<environment.Job instance at 0x7f44e2f986e0>,71,24,[ 1 13],72,-1,193,-1,169
1,<environment.Job instance at 0x7f44e2f98370>,72,14,[ 5 13],73,-1,183,-1,169
1,<environment.Job instance at 0x7f44e3f75fa0>,7,15,[8 4],8,-1,23,-1,8
1,<environment.Job instance at 0x7f44e3f75f50>,10,21,[6 3],11,-1,32,-1,11
1,<environment.Job instance at 0x7f44e3f75410>,14,21,[ 3 11],15,-1,36,-1,15
1,<environment.Job instance at 0x7f44e3f75b40>,16,2,[8 3],17,-1,19,-1,17
1,<environment.Job instance at 0x7f44e3f75730>,17,25,[6 4],18,-1,43,-1,18
1,<environment.Job instance at 0x7f44e3f75190>,20,23,[10  1],21,-1,44,-1,21
1,<environment.Job instance at 0x7f44e2b8f550>,21,27,[4 7],22,-1,49,-1,22
1,<environment.Job instance at 0x7f44e3f75f00>,19,1,[10  2],20,-1,24,-1,23
1,<environment.Job instance at 0x7f44e4391aa0>,23,3,[13  1],24,-1,27,-1,24
1,<environment.Job instance at 0x7f44e4391e10>,24,2,[2 9],25,-1,27,-1,25
1,<environment.Job instance at 0x7f44e4391370>,22,17,[5 6],23,-1,43,-1,26
1,<environment.Job instance at 0x7f44e2fe56e0>,30,24,[9 1],31,-1,55,-1,31
1,<environment.Job instance at 0x7f44e2fe5910>,29,24,[ 4 10],30,-1,55,-1,31
1,<environment.Job instance at 0x7f44e2fe5320>,31,23,[ 4 10],32,-1,55,-1,32
1,<environment.Job instance at 0x7f44e2e2fd70>,51,17,[10  4],52,-1,116,-1,99
1,<environment.Job instance at 0x7f44e2fe5e60>,32,27,[7 5],33,-1,126,-1,99
1,<environment.Job instance at 0x7f44e2e2f2d0>,42,22,[5 6],43,-1,121,-1,99
1,<environment.Job instance at 0x7f44e30b9b90>,55,15,[ 3 13],56,-1,114,-1,99
1,<environment.Job instance at 0x7f44e30b90f0>,56,17,[9 4],57,-1,118,-1,101
1,<environment.Job instance at 0x7f44e30b9a00>,58,12,[5 7],59,-1,113,-1,101
1,<environment.Job instance at 0x7f44e30b9780>,54,21,[10  4],55,-1,123,-1,102
1,<environment.Job instance at 0x7f44e30b9d20>,61,17,[14  4],62,-1,128,-1,111
1,<environment.Job instance at 0x7f44e2e2ffa0>,50,20,[3 6],51,-1,132,-1,112
1,<environment.Job instance at 0x7f44e30b9f00>,65,25,[5 3],66,-1,137,-1,112
1,<environment.Job instance at 0x7f44e30b9dc0>,63,16,[5 7],64,-1,128,-1,112
1,<environment.Job instance at 0x7f44e379f640>,68,13,[ 4 13],69,-1,132,-1,119
1,<environment.Job instance at 0x7f44e30b9500>,57,20,[8 3],58,-1,139,-1,119
1,<environment.Job instance at 0x7f44e379f410>,72,17,[13  2],73,-1,136,-1,119
1,<environment.Job instance at 0x7f44e379faa0>,75,14,[3 8],76,-1,134,-1,120
1,<environment.Job instance at 0x7f44e379ff00>,76,28,[8 4],77,-1,149,-1,121
1,<environment.Job instance at 0x7f44e379fbe0>,73,23,[8 3],74,-1,144,-1,121
1,<environment.Job instance at 0x7f44e379f8c0>,71,14,[5 2],72,-1,135,-1,121
1,<environment.Job instance at 0x7f44e2f1e550>,9,1,[13  2],10,-1,11,-1,10
1,<environment.Job instance at 0x7f44e3310870>,11,28,[11  1],12,-1,41,-1,13
1,<environment.Job instance at 0x7f44e2f1ebe0>,13,26,[13  2],14,-1,40,-1,14
1,<environment.Job instance at 0x7f44e413f410>,14,21,[ 3 11],15,-1,36,-1,15
1,<environment.Job instance at 0x7f44e43a33c0>,17,25,[6 4],18,-1,45,-1,20
1,<environment.Job instance at 0x7f44e40c0780>,20,23,[10  1],21,-1,48,-1,25
1,<environment.Job instance at 0x7f44e2ca45f0>,23,3,[13  1],24,-1,30,-1,27
1,<environment.Job instance at 0x7f44e40c0cd0>,21,27,[4 7],22,-1,59,-1,32
1,<environment.Job instance at 0x7f44e2ac6af0>,26,12,[11  4],27,-1,44,-1,32
1,<environment.Job instance at 0x7f44eca2fd20>,29,24,[ 4 10],30,-1,60,-1,36
1,<environment.Job instance at 0x7f44e346cc80>,31,23,[ 4 10],32,-1,62,-1,39
1,<environment.Job instance at 0x7f44e3488370>,32,27,[7 5],33,-1,66,-1,39
1,<environment.Job instance at 0x7f44e3488c80>,33,13,[12  4],34,-1,52,-1,39
1,<environment.Job instance at 0x7f44e3488410>,34,1,[ 2 14],35,-1,40,-1,39
1,<environment.Job instance at 0x7f44e346c320>,30,24,[9 1],31,-1,76,-1,52
1,<environment.Job instance at 0x7f44e43c9640>,39,1,[ 1 13],40,-1,53,-1,52
1,<environment.Job instance at 0x7f44e43c9140>,40,3,[ 5 11],41,-1,55,-1,52
1,<environment.Job instance at 0x7f44e2e7a820>,41,21,[ 3 14],42,-1,73,-1,52
1,<environment.Job instance at 0x7f44e2b42af0>,45,16,[ 2 11],46,-1,71,-1,55
1,<environment.Job instance at 0x7f44e3e9a8c0>,48,28,[5 3],49,-1,85,-1,57
1,<environment.Job instance at 0x7f44ecd28640>,49,13,[ 4 11],50,-1,70,-1,57
1,<environment.Job instance at 0x7f44e2dcc690>,52,19,[13  3],53,-1,76,-1,57
1,<environment.Job instance at 0x7f44e40c3230>,55,15,[ 3 13],56,-1,84,-1,69
1,<environment.Job instance at 0x7f44e3f75a00>,61,17,[14  4],62,-1,104,-1,87
1,<environment.Job instance at 0x7f44e3f750a0>,62,12,[12  2],63,-1,99,-1,87
1,<environment.Job instance at 0x7f44e2fe5c80>,64,23,[14  2],65,-1,110,-1,87
1,<environment.Job instance at 0x7f44e30f4a50>,65,25,[5 3],66,-1,113,-1,88
1,<environment.Job instance at 0x7f44e379fa50>,68,13,[ 4 13],69,-1,116,-1,103
1,<environment.Job instance at 0x7f44e2e2f870>,72,17,[13  2],73,-1,125,-1,108
1,<environment.Job instance at 0x7f44e3792d20>,73,23,[8 3],74,-1,131,-1,108
1,<environment.Job instance at 0x7f44e3792410>,74,1,[12  5],75,-1,109,-1,108
1,<environment.Job instance at 0x7f44e3792f50>,77,16,[13  2],78,-1,135,-1,119
1,<environment.Job instance at 0x7f44e43840f0>,79,12,[ 5 14],80,-1,134,-1,122
1,<environment.Job instance at 0x7f44e2beb0f0>,80,14,[14  2],81,-1,136,-1,122
1,<environment.Job instance at 0x7f44e3792550>,76,28,[8 4],77,-1,156,-1,128
1,<environment.Job instance at 0x7f44e3d14050>,83,23,[6 3],84,-1,151,-1,128
1,<environment.Job instance at 0x7f44e2d5c320>,85,21,[12  2],86,-1,149,-1,128
1,<environment.Job instance at 0x7f44e2acbaf0>,86,21,[13  1],87,-1,149,-1,128
1,<environment.Job instance at 0x7f44e4052f00>,89,15,[12  3],90,-1,151,-1,136
1,<environment.Job instance at 0x7f44e3541550>,90,16,[14  3],91,-1,152,-1,136
1,<environment.Job instance at 0x7f44e37807d0>,93,16,[ 4 13],94,-1,169,-1,153
1,<environment.Job instance at 0x7f44e3563b40>,95,17,[ 4 11],96,-1,177,-1,160
1,<environment.Job instance at 0x7f44e37803c0>,97,24,[2 5],98,-1,191,-1,167
1,<environment.Job instance at 0x7f44e2a66820>,98,23,[11  4],99,-1,190,-1,167
1,<environment.Job instance at 0x7f44e2a664b0>,99,13,[ 1 11],100,-1,180,-1,167
1,<environment.Job instance at 0x7f44e2a66960>,100,3,[ 3 11],101,-1,170,-1,167
1,<environment.Job instance at 0x7f44e2af36e0>,10,15,[4 8],11,-1,26,-1,11
1,<environment.Job instance at 0x7f44e2af32d0>,12,18,[ 3 10],13,-1,32,-1,14
1,<environment.Job instance at 0x7f44e2af3cd0>,14,25,[5 6],15,-1,40,-1,15
1,<environment.Job instance at 0x7f44e2af3e10>,15,18,[2 7],16,-1,34,-1,16
1,<environment.Job instance at 0x7f44e2af3690>,16,16,[10  5],17,-1,33,-1,17
1,<environment.Job instance at 0x7f44e42e2280>,20,26,[8 2],21,-1,51,-1,25
1,<environment.Job instance at 0x7f44e2af39b0>,18,13,[10  5],19,-1,38,-1,25
1,<environment.Job instance at 0x7f44e42e2190>,24,27,[5 8],25,-1,56,-1,29
1,<environment.Job instance at 0x7f44e430f5f0>,13,28,[2 9],14,-1,61,-1,33
1,<environment.Job instance at 0x7f44e2deefa0>,27,19,[4 9],28,-1,52,-1,33
1,<environment.Job instance at 0x7f44e2dee4b0>,28,21,[ 5 13],29,-1,54,-1,33
1,<environment.Job instance at 0x7f44e2f02140>,2,2,[11  2],3,-1,5,-1,3
1,<environment.Job instance at 0x7f44e2f02c30>,3,23,[9 3],4,-1,27,-1,4
1,<environment.Job instance at 0x7f44e3581c80>,5,16,[12  1],6,-1,22,-1,6
1,<environment.Job instance at 0x7f44e378b280>,7,18,[ 4 11],8,-1,26,-1,8
1,<environment.Job instance at 0x7f44e32deaf0>,11,18,[12  1],12,-1,30,-1,12
1,<environment.Job instance at 0x7f44e32e6960>,14,25,[5 6],15,-1,46,-1,21
1,<environment.Job instance at 0x7f44e32f6c30>,13,28,[2 9],14,-1,64,-1,36
1,<environment.Job instance at 0x7f44e364e190>,20,26,[8 2],21,-1,71,-1,45
1,<environment.Job instance at 0x7f44e31795f0>,24,27,[5 8],25,-1,81,-1,54
1,<environment.Job instance at 0x7f44e3179820>,26,22,[ 1 13],27,-1,76,-1,54
1,<environment.Job instance at 0x7f44e2ef6b90>,28,21,[ 5 13],29,-1,77,-1,56
1,<environment.Job instance at 0x7f44e2f13fa0>,31,26,[1 8],32,-1,89,-1,63
1,<environment.Job instance at 0x7f44e3312500>,32,27,[8 4],33,-1,90,-1,63
1,<environment.Job instance at 0x7f44e318fd20>,35,20,[11  2],36,-1,83,-1,63
1,<environment.Job instance at 0x7f44e343c640>,38,3,[ 3 12],39,-1,69,-1,66
1,<environment.Job instance at 0x7f44e343c8c0>,39,28,[5 4],40,-1,97,-1,69
1,<environment.Job instance at 0x7f44e343c190>,40,12,[ 2 13],41,-1,81,-1,69
1,<environment.Job instance at 0x7f44e3435280>,41,26,[13  3],42,-1,95,-1,69
1,<environment.Job instance at 0x7f44e402dfa0>,46,28,[6 1],47,-1,117,-1,89
1,<environment.Job instance at 0x7f44e3427d20>,50,26,[11  4],51,-1,133,-1,107
1,<environment.Job instance at 0x7f44e3423a00>,55,24,[11  3],56,-1,140,-1,116
1,<environment.Job instance at 0x7f44e2f15e10>,59,22,[ 2 11],60,-1,153,-1,131
1,<environment.Job instance at 0x7f44e2f15f00>,62,23,[12  4],63,-1,168,-1,145
1,<environment.Job instance at 0x7f44e343b870>,64,25,[13  1],65,-1,182,-1,157
1,<environment.Job instance at 0x7f44e2f150f0>,67,3,[ 2 14],68,-1,172,-1,169
1,<environment.Job instance at 0x7f44e2ee47d0>,68,24,[ 4 13],69,-1,193,-1,169
1,<environment.Job instance at 0x7f44e2ee45f0>,69,14,[12  1],70,-1,183,-1,169
1,<environment.Job instance at 0x7f44e34402d0>,0,17,[8 5],1,-1,18,-1,1
1,<environment.Job instance at 0x7f44e3440e10>,5,23,[5 2],6,-1,30,-1,7
1,<environment.Job instance at 0x7f44e3440c30>,6,16,[12  4],7,-1,23,-1,7
1,<environment.Job instance at 0x7f44e3440c80>,7,18,[9 1],8,-1,27,-1,9
1,<environment.Job instance at 0x7f44e34405a0>,10,17,[2 5],11,-1,28,-1,11
1,<environment.Job instance at 0x7f44e3440550>,11,18,[5 2],12,-1,30,-1,12
1,<environment.Job instance at 0x7f44e3440320>,12,22,[8 3],13,-1,35,-1,13
1,<environment.Job instance at 0x7f44e3435cd0>,14,13,[10  2],15,-1,32,-1,19
1,<environment.Job instance at 0x7f44e3435fa0>,20,15,[7 5],21,-1,36,-1,21
1,<environment.Job instance at 0x7f44e3435c30>,18,24,[12  4],19,-1,47,-1,23
1,<environment.Job instance at 0x7f44e3440410>,15,27,[3 5],16,-1,58,-1,31
1,<environment.Job instance at 0x7f44e3197f50>,27,19,[11  3],28,-1,50,-1,31
1,<environment.Job instance at 0x7f44e3435230>,22,15,[3 8],23,-1,48,-1,33
1,<environment.Job instance at 0x7f44e3197910>,30,19,[ 4 11],31,-1,52,-1,33
1,<environment.Job instance at 0x7f44e3435370>,21,22,[ 1 11],22,-1,55,-1,33
1,<environment.Job instance at 0x7f44e31970f0>,33,20,[2 7],34,-1,55,-1,35
1,<environment.Job instance at 0x7f44e3197d70>,35,15,[2 8],36,-1,52,-1,37
1,<environment.Job instance at 0x7f44e31799b0>,40,12,[9 4],41,-1,53,-1,41
1,<environment.Job instance at 0x7f44e31975a0>,36,19,[3 5],37,-1,60,-1,41
1,<environment.Job instance at 0x7f44e3179140>,45,23,[5 2],46,-1,69,-1,46
1,<environment.Job instance at 0x7f44e32e32d0>,49,25,[2 6],50,-1,75,-1,50
1,<environment.Job instance at 0x7f44e32e3730>,50,16,[6 3],51,-1,67,-1,51
1,<environment.Job instance at 0x7f44e32e38c0>,52,16,[14  3],53,-1,69,-1,53
1,<environment.Job instance at 0x7f44e32e3410>,48,13,[5 6],49,-1,67,-1,54
1,<environment.Job instance at 0x7f44e3197cd0>,28,17,[12  2],29,-1,71,-1,54
1,<environment.Job instance at 0x7f44e32e3f50>,54,20,[5 2],55,-1,75,-1,55
1,<environment.Job instance at 0x7f44e32e3690>,62,13,[13  5],63,-1,90,-1,77
1,<environment.Job instance at 0x7f44e2a65190>,3,3,[ 3 11],4,-1,7,-1,4
1,<environment.Job instance at 0x7f44e2a65230>,4,14,[12  4],5,-1,19,-1,5
1,<environment.Job instance at 0x7f44e2a650f0>,6,16,[12  4],7,-1,23,-1,7
1,<environment.Job instance at 0x7f44e2a651e0>,8,12,[11  2],9,-1,21,-1,9
1,<environment.Job instance at 0x7f44e2a652d0>,5,23,[5 2],6,-1,39,-1,16
1,<environment.Job instance at 0x7f44e3cec870>,13,14,[ 3 14],14,-1,30,-1,16
1,<environment.Job instance at 0x7f44e3cebe60>,15,27,[3 5],16,-1,45,-1,18
1,<environment.Job instance at 0x7f44e3ced780>,18,24,[12  4],19,-1,43,-1,19
1,<environment.Job instance at 0x7f44e3ce69b0>,21,22,[ 1 11],22,-1,56,-1,34
1,<environment.Job instance at 0x7f44e3434c80>,25,2,[11  1],26,-1,49,-1,47
1,<environment.Job instance at 0x7f44e3434780>,26,2,[11  3],27,-1,49,-1,47
1,<environment.Job instance at 0x7f44e3434690>,27,19,[11  3],28,-1,66,-1,47
1,<environment.Job instance at 0x7f44e34251e0>,28,17,[12  2],29,-1,64,-1,47
1,<environment.Job instance at 0x7f44e3425780>,30,19,[ 4 11],31,-1,67,-1,48
1,<environment.Job instance at 0x7f44e34230f0>,37,13,[13  3],38,-1,80,-1,67
1,<environment.Job instance at 0x7f44e3427e60>,41,1,[12  1],42,-1,73,-1,72
1,<environment.Job instance at 0x7f44e364e3c0>,45,23,[5 2],46,-1,111,-1,88
1,<environment.Job instance at 0x7f44e3790c80>,46,3,[14  4],47,-1,91,-1,88
1,<environment.Job instance at 0x7f44e3af1780>,49,25,[2 6],50,-1,119,-1,94
1,<environment.Job instance at 0x7f44e3435b90>,52,16,[14  3],53,-1,110,-1,94
1,<environment.Job instance at 0x7f44e3435690>,53,16,[ 5 12],54,-1,110,-1,94
1,<environment.Job instance at 0x7f44e2a76690>,55,27,[12  3],56,-1,121,-1,94
1,<environment.Job instance at 0x7f44e3197b40>,61,28,[8 5],62,-1,146,-1,118
1,<environment.Job instance at 0x7f44e2a8cd20>,62,13,[13  5],63,-1,131,-1,118
1,<environment.Job instance at 0x7f44e3197c30>,63,2,[ 3 14],64,-1,120,-1,118
1,<environment.Job instance at 0x7f44e31798c0>,67,17,[14  2],68,-1,150,-1,133
1,<environment.Job instance at 0x7f44e3feb140>,70,24,[ 5 12],71,-1,160,-1,136
1,<environment.Job instance at 0x7f44e3feb690>,71,27,[ 5 10],72,-1,164,-1,137
1,<environment.Job instance at 0x7f44e3feb5f0>,72,3,[ 4 13],73,-1,140,-1,137
1,<environment.Job instance at 0x7f44e32e3960>,74,1,[ 4 13],75,-1,138,-1,137
1,<environment.Job instance at 0x7f44e33ac190>,78,25,[1 6],79,-1,179,-1,154
1,<environment.Job instance at 0x7f44e33b53c0>,79,25,[ 5 10],80,-1,193,-1,168
1,<environment.Job instance at 0x7f44e3440050>,83,23,[11  1],84,-1,192,-1,169
1,<environment.Job instance at 0x7f44e3034f00>,2,14,[5 5],3,-1,17,-1,3
1,<environment.Job instance at 0x7f44e301f0a0>,4,20,[5 5],5,-1,25,-1,5
1,<environment.Job instance at 0x7f44e301faa0>,16,13,[7 2],17,-1,34,-1,21
1,<environment.Job instance at 0x7f44e301fb40>,20,13,[3 6],21,-1,34,-1,21
1,<environment.Job instance at 0x7f44e301f9b0>,18,12,[14  3],19,-1,34,-1,22
1,<environment.Job instance at 0x7f44e304a050>,24,23,[2 9],25,-1,51,-1,28
1,<environment.Job instance at 0x7f44e301feb0>,23,24,[14  2],24,-1,54,-1,30
1,<environment.Job instance at 0x7f44e301ff50>,22,26,[2 7],23,-1,56,-1,30
1,<environment.Job instance at 0x7f44e304a500>,29,24,[8 3],30,-1,54,-1,30
1,<environment.Job instance at 0x7f44e301fcd0>,19,12,[10  2],20,-1,43,-1,31
1,<environment.Job instance at 0x7f44e304a3c0>,30,16,[8 1],31,-1,47,-1,31
1,<environment.Job instance at 0x7f44e304a690>,31,17,[5 5],32,-1,50,-1,33
1,<environment.Job instance at 0x7f44e304aa00>,33,15,[10  3],34,-1,50,-1,35
1,<environment.Job instance at 0x7f44e304ac80>,37,16,[5 5],38,-1,56,-1,40
1,<environment.Job instance at 0x7f44e304aaa0>,38,16,[5 8],39,-1,58,-1,42
1,<environment.Job instance at 0x7f44e304ae10>,39,20,[1 5],40,-1,62,-1,42
1,<environment.Job instance at 0x7f44e304aeb0>,40,22,[4 9],41,-1,64,-1,42
1,<environment.Job instance at 0x7f44e304ab90>,41,13,[2 6],42,-1,55,-1,42
1,<environment.Job instance at 0x7f44e304a870>,34,15,[14  1],35,-1,58,-1,43
1,<environment.Job instance at 0x7f44e30421e0>,43,15,[5 3],44,-1,63,-1,48
1,<environment.Job instance at 0x7f44e304af50>,42,16,[ 4 12],43,-1,68,-1,52
1,<environment.Job instance at 0x7f44e3042190>,48,14,[14  5],49,-1,66,-1,52
1,<environment.Job instance at 0x7f44e301f370>,7,17,[11  3],8,-1,69,-1,52
1,<environment.Job instance at 0x7f44e3042140>,44,15,[10  4],45,-1,68,-1,53
1,<environment.Job instance at 0x7f44e3042500>,49,26,[ 3 14],50,-1,82,-1,56
1,<environment.Job instance at 0x7f44e3042730>,52,15,[5 8],53,-1,71,-1,56
1,<environment.Job instance at 0x7f44e30427d0>,53,24,[5 9],54,-1,80,-1,56
1,<environment.Job instance at 0x7f44e3042870>,55,17,[13  4],56,-1,83,-1,66
1,<environment.Job instance at 0x7f44e3042960>,54,15,[ 3 14],55,-1,81,-1,66
1,<environment.Job instance at 0x7f44e3042a50>,56,18,[1 6],57,-1,84,-1,66
1,<environment.Job instance at 0x7f44e3042c80>,58,12,[ 1 13],59,-1,78,-1,66
1,<environment.Job instance at 0x7f44e3042e60>,60,15,[13  5],61,-1,81,-1,66
1,<environment.Job instance at 0x7f44e3042f00>,61,15,[10  1],62,-1,81,-1,66
1,<environment.Job instance at 0x7f44e3042fa0>,62,17,[13  2],63,-1,83,-1,66
1,<environment.Job instance at 0x7f44e3042050>,46,27,[2 5],47,-1,94,-1,67
1,<environment.Job instance at 0x7f44e30391e0>,64,15,[9 5],65,-1,82,-1,67
1,<environment.Job instance at 0x7f44e3026f00>,74,26,[8 1],75,-1,122,-1,96
1,<environment.Job instance at 0x7f44e3039190>,65,17,[10  1],66,-1,119,-1,102
1,<environment.Job instance at 0x7f44e30267d0>,77,21,[ 1 12],78,-1,123,-1,102
1,<environment.Job instance at 0x7f44e32e6910>,66,16,[ 5 12],67,-1,118,-1,102
1,<environment.Job instance at 0x7f44e3026410>,79,26,[12  1],80,-1,129,-1,103
1,<environment.Job instance at 0x7f44e3026320>,78,13,[10  4],79,-1,116,-1,103
1,<environment.Job instance at 0x7f44e3026af0>,75,19,[8 5],76,-1,122,-1,103
1,<environment.Job instance at 0x7f44e3026050>,81,12,[9 4],82,-1,115,-1,103
1,<environment.Job instance at 0x7f44e3026f50>,82,16,[5 5],83,-1,121,-1,105
1,<environment.Job instance at 0x7f44e3f9ad70>,85,14,[11  3],86,-1,120,-1,106
1,<environment.Job instance at 0x7f44e3026140>,83,17,[2 7],84,-1,139,-1,122
1,<environment.Job instance at 0x7f44e39a0730>,91,14,[13  3],92,-1,136,-1,122
1,<environment.Job instance at 0x7f44e39a0640>,92,25,[7 3],93,-1,147,-1,122
1,<environment.Job instance at 0x7f44e39a0a00>,93,1,[3 5],94,-1,123,-1,122
1,<environment.Job instance at 0x7f44e39a0f50>,94,12,[ 1 13],95,-1,136,-1,124
1,<environment.Job instance at 0x7f44e302c0a0>,68,22,[14  5],69,-1,146,-1,124
1,<environment.Job instance at 0x7f44e3983550>,96,20,[1 8],97,-1,145,-1,125
1,<environment.Job instance at 0x7f44e302c280>,67,17,[ 3 13],68,-1,143,-1,126
1,<environment.Job instance at 0x7f44e43fddc0>,97,19,[10  1],98,-1,145,-1,126
1,<environment.Job instance at 0x7f44e31cf140>,98,21,[9 3],99,-1,147,-1,126
1,<environment.Job instance at 0x7f44e39a3dc0>,99,14,[10  5],100,-1,140,-1,126
1,<environment.Job instance at 0x7f44e39a3370>,103,3,[5 1],104,-1,151,-1,148
1,<environment.Job instance at 0x7f44e39a3f50>,105,16,[7 2],106,-1,166,-1,150
1,<environment.Job instance at 0x7f44e3af2a50>,106,16,[5 6],107,-1,168,-1,152
1,<environment.Job instance at 0x7f44e43e9320>,104,14,[5 8],105,-1,166,-1,152
1,<environment.Job instance at 0x7f44e4048e10>,3,22,[14  4],4,-1,26,-1,4
1,<environment.Job instance at 0x7f44e343d0f0>,6,14,[ 2 12],7,-1,21,-1,7
1,<environment.Job instance at 0x7f44e343d3c0>,7,17,[11  3],8,-1,25,-1,8
1,<environment.Job instance at 0x7f44e377f280>,11,24,[9 2],12,-1,41,-1,17
1,<environment.Job instance at 0x7f44e377f0a0>,12,1,[ 5 14],13,-1,18,-1,17
1,<environment.Job instance at 0x7f44e3450690>,18,12,[14  3],19,-1,31,-1,19
1,<environment.Job instance at 0x7f44e3cdd1e0>,22,26,[2 7],23,-1,51,-1,25
1,<environment.Job instance at 0x7f44e3cdd0f0>,23,24,[14  2],24,-1,49,-1,25
1,<environment.Job instance at 0x7f44e3ff6140>,25,2,[ 1 11],26,-1,28,-1,26
1,<environment.Job instance at 0x7f44e3cdd5a0>,24,23,[2 9],25,-1,76,-1,53
1,<environment.Job instance at 0x7f44e3cc0af0>,29,24,[8 3],30,-1,77,-1,53
1,<environment.Job instance at 0x7f44e3cc0410>,32,2,[12  3],33,-1,55,-1,53
1,<environment.Job instance at 0x7f44e3cef2d0>,34,15,[14  1],35,-1,70,-1,55
1,<environment.Job instance at 0x7f44e3cefe10>,35,3,[ 3 11],36,-1,58,-1,55
1,<environment.Job instance at 0x7f44e3fe65a0>,42,16,[ 4 12],43,-1,89,-1,73
1,<environment.Job instance at 0x7f44e2a932d0>,46,27,[2 5],47,-1,126,-1,99
1,<environment.Job instance at 0x7f44e2a93690>,47,1,[ 2 13],48,-1,100,-1,99
1,<environment.Job instance at 0x7f44e2a939b0>,48,14,[14  5],49,-1,113,-1,99
1,<environment.Job instance at 0x7f44e2a93140>,49,26,[ 3 14],50,-1,125,-1,99
1,<environment.Job instance at 0x7f44e2a938c0>,50,14,[13  5],51,-1,113,-1,99
1,<environment.Job instance at 0x7f44e2a81f00>,53,24,[5 9],54,-1,139,-1,115
1,<environment.Job instance at 0x7f44e3b191e0>,54,15,[ 3 14],55,-1,130,-1,115
1,<environment.Job instance at 0x7f44e3c91460>,55,17,[13  4],56,-1,132,-1,115
1,<environment.Job instance at 0x7f44e3c91640>,58,12,[ 1 13],59,-1,127,-1,115
1,<environment.Job instance at 0x7f44e2a60d20>,60,15,[13  5],61,-1,145,-1,130
1,<environment.Job instance at 0x7f44e3cca7d0>,62,17,[13  2],63,-1,147,-1,130
1,<environment.Job instance at 0x7f44e3ccae60>,66,16,[ 5 12],67,-1,161,-1,145
1,<environment.Job instance at 0x7f44e3cca870>,67,17,[ 3 13],68,-1,162,-1,145
1,<environment.Job instance at 0x7f44e3ccac30>,68,22,[14  5],69,-1,167,-1,145
1,<environment.Job instance at 0x7f44e33b53c0>,71,1,[11  4],72,-1,162,-1,161
1,<environment.Job instance at 0x7f44e3440640>,72,1,[ 5 14],73,-1,162,-1,161
1,<environment.Job instance at 0x7f44e32e9410>,74,26,[8 1],75,-1,192,-1,166
1,<environment.Job instance at 0x7f44e33acaf0>,77,21,[ 1 12],78,-1,187,-1,166
1,<environment.Job instance at 0x7f44e301adc0>,1,17,[10  2],2,-1,20,-1,3
1,<environment.Job instance at 0x7f44e3df7a50>,7,17,[6 1],8,-1,25,-1,8
1,<environment.Job instance at 0x7f44e3df7780>,8,26,[4 7],9,-1,35,-1,9
1,<environment.Job instance at 0x7f44e3df70a0>,10,18,[9 3],11,-1,29,-1,11
1,<environment.Job instance at 0x7f44e3df7aa0>,14,19,[1 9],15,-1,34,-1,15
1,<environment.Job instance at 0x7f44e3df7b90>,15,21,[10  5],16,-1,37,-1,16
1,<environment.Job instance at 0x7f44e2ca5280>,16,14,[5 4],17,-1,31,-1,17
1,<environment.Job instance at 0x7f44e2ca5230>,18,16,[6 4],19,-1,35,-1,19
1,<environment.Job instance at 0x7f44e2ca5960>,22,24,[3 5],23,-1,52,-1,28
1,<environment.Job instance at 0x7f44e336ac30>,23,26,[6 5],24,-1,56,-1,30
1,<environment.Job instance at 0x7f44e2ca5b90>,17,16,[13  5],18,-1,50,-1,34
1,<environment.Job instance at 0x7f44e420dd70>,2,13,[ 5 12],3,-1,49,-1,36
1,<environment.Job instance at 0x7f44e2ca57d0>,21,18,[ 4 14],22,-1,55,-1,37
1,<environment.Job instance at 0x7f44e2ca5a00>,27,17,[12  2],28,-1,54,-1,37
1,<environment.Job instance at 0x7f44e2ca5410>,29,14,[4 8],30,-1,51,-1,37
1,<environment.Job instance at 0x7f44e3f4e910>,33,14,[11  5],34,-1,61,-1,47
1,<environment.Job instance at 0x7f44e3f4e8c0>,37,28,[6 4],38,-1,75,-1,47
1,<environment.Job instance at 0x7f44e2ca5d70>,30,20,[ 1 14],31,-1,67,-1,47
1,<environment.Job instance at 0x7f44e3f4e820>,39,16,[4 8],40,-1,64,-1,48
1,<environment.Job instance at 0x7f44e3f4efa0>,36,21,[4 5],37,-1,69,-1,48
1,<environment.Job instance at 0x7f44e3f4e190>,38,12,[ 5 10],39,-1,60,-1,48
1,<environment.Job instance at 0x7f44e3f4e460>,42,28,[4 8],43,-1,76,-1,48
1,<environment.Job instance at 0x7f44e3f4e6e0>,40,12,[1 8],41,-1,60,-1,48
1,<environment.Job instance at 0x7f44e3f4ea00>,43,14,[5 5],44,-1,64,-1,50
1,<environment.Job instance at 0x7f44e3f4ee10>,47,28,[2 6],48,-1,78,-1,50
1,<environment.Job instance at 0x7f44ec921f00>,52,22,[12  5],53,-1,106,-1,84
1,<environment.Job instance at 0x7f44ec921640>,56,25,[8 3],57,-1,118,-1,93
1,<environment.Job instance at 0x7f44e42de910>,58,17,[ 1 12],59,-1,110,-1,93
1,<environment.Job instance at 0x7f44e3f4e410>,44,12,[14  5],45,-1,105,-1,93
1,<environment.Job instance at 0x7f44ec921e10>,57,15,[8 5],58,-1,109,-1,94
1,<environment.Job instance at 0x7f44ec9210f0>,54,20,[10  3],55,-1,116,-1,96
1,<environment.Job instance at 0x7f44e42de050>,61,20,[2 6],62,-1,116,-1,96
1,<environment.Job instance at 0x7f44e42def50>,64,16,[ 2 11],65,-1,112,-1,96
1,<environment.Job instance at 0x7f44e42de190>,60,12,[2 7],61,-1,108,-1,96
1,<environment.Job instance at 0x7f44e42defa0>,66,22,[ 2 12],67,-1,118,-1,96
1,<environment.Job instance at 0x7f44e42de6e0>,67,15,[ 4 13],68,-1,111,-1,96
1,<environment.Job instance at 0x7f44e42de8c0>,65,12,[5 6],66,-1,108,-1,96
1,<environment.Job instance at 0x7f44e42de320>,68,28,[7 2],69,-1,125,-1,97
1,<environment.Job instance at 0x7f44e3b2b690>,74,14,[11  4],75,-1,111,-1,97
1,<environment.Job instance at 0x7f44e42de7d0>,70,15,[6 2],71,-1,112,-1,97
1,<environment.Job instance at 0x7f44e42de460>,69,2,[6 2],70,-1,99,-1,97
1,<environment.Job instance at 0x7f44e42de280>,71,15,[8 2],72,-1,113,-1,98
1,<environment.Job instance at 0x7f44e3b2b8c0>,80,13,[1 6],81,-1,111,-1,98
1,<environment.Job instance at 0x7f44ec921cd0>,50,16,[11  4],51,-1,114,-1,98
1,<environment.Job instance at 0x7f44e3f4eb40>,45,12,[ 2 14],46,-1,110,-1,98
1,<environment.Job instance at 0x7f44e3b2b410>,84,22,[5 8],85,-1,121,-1,99
1,<environment.Job instance at 0x7f44e3b2b550>,85,17,[10  3],86,-1,116,-1,99
1,<environment.Job instance at 0x7f44ec99a4b0>,86,16,[11  4],87,-1,115,-1,99
1,<environment.Job instance at 0x7f44ec99a7d0>,87,28,[5 1],88,-1,128,-1,100
1,<environment.Job instance at 0x7f44ec99a690>,88,17,[ 2 14],89,-1,117,-1,100
1,<environment.Job instance at 0x7f44ec99a820>,89,16,[6 3],90,-1,116,-1,100
1,<environment.Job instance at 0x7f44ec99a280>,90,15,[5 2],91,-1,115,-1,100
1,<environment.Job instance at 0x7f44ec99abe0>,91,26,[3 9],92,-1,126,-1,100
1,<environment.Job instance at 0x7f44ec99a140>,92,26,[6 1],93,-1,126,-1,100
1,<environment.Job instance at 0x7f44ec99a0f0>,93,28,[ 4 14],94,-1,131,-1,103
1,<environment.Job instance at 0x7f44e3d95d20>,99,17,[9 3],100,-1,157,-1,140
1,<environment.Job instance at 0x7f44e3b2b780>,82,20,[12  3],83,-1,160,-1,140
1,<environment.Job instance at 0x7f44ec99adc0>,100,14,[9 3],101,-1,154,-1,140
1,<environment.Job instance at 0x7f44ec99a0a0>,94,17,[1 5],95,-1,157,-1,140
1,<environment.Job instance at 0x7f44e3d95960>,103,13,[ 1 10],104,-1,153,-1,140
1,<environment.Job instance at 0x7f44e3d95d70>,102,24,[6 3],103,-1,164,-1,140
1,<environment.Job instance at 0x7f44e39a3190>,0,16,[11  1],1,-1,17,-1,1
1,<environment.Job instance at 0x7f44e3026e10>,2,13,[ 5 12],3,-1,16,-1,3
1,<environment.Job instance at 0x7f44e304a190>,8,26,[4 7],9,-1,35,-1,9
1,<environment.Job instance at 0x7f44e377adc0>,11,1,[ 2 14],12,-1,20,-1,19
1,<environment.Job instance at 0x7f44e301f640>,12,1,[ 3 13],13,-1,20,-1,19
1,<environment.Job instance at 0x7f44e301fdc0>,13,12,[ 2 13],14,-1,31,-1,19
1,<environment.Job instance at 0x7f44e2a650f0>,17,16,[13  5],18,-1,36,-1,20
1,<environment.Job instance at 0x7f44e2a65500>,19,3,[11  5],20,-1,37,-1,34
1,<environment.Job instance at 0x7f44e2fb8500>,20,23,[ 2 13],21,-1,57,-1,34
1,<environment.Job instance at 0x7f44e2fb8640>,21,18,[ 4 14],22,-1,52,-1,34
1,<environment.Job instance at 0x7f44e3cec5a0>,22,24,[3 5],23,-1,58,-1,34
1,<environment.Job instance at 0x7f44e3cec870>,23,26,[6 5],24,-1,62,-1,36
1,<environment.Job instance at 0x7f44e3cebf50>,25,27,[1 5],26,-1,63,-1,36
1,<environment.Job instance at 0x7f44e3cebfa0>,27,17,[12  2],28,-1,53,-1,36
1,<environment.Job instance at 0x7f44e3646960>,28,23,[6 1],29,-1,73,-1,50
1,<environment.Job instance at 0x7f44e3ced730>,30,20,[ 1 14],31,-1,71,-1,51
1,<environment.Job instance at 0x7f44e3ce6c80>,31,1,[ 1 11],32,-1,52,-1,51
1,<environment.Job instance at 0x7f44e3ce6b90>,33,14,[11  5],34,-1,65,-1,51
1,<environment.Job instance at 0x7f44e3434820>,37,28,[6 4],38,-1,83,-1,55
1,<environment.Job instance at 0x7f44e3cbd500>,41,2,[13  3],42,-1,73,-1,71
1,<environment.Job instance at 0x7f44e3cbd5a0>,42,28,[4 8],43,-1,109,-1,81
1,<environment.Job instance at 0x7f44e34230f0>,44,12,[14  5],45,-1,93,-1,81
1,<environment.Job instance at 0x7f44e2da7320>,45,12,[ 2 14],46,-1,93,-1,81
1,<environment.Job instance at 0x7f44e3427e60>,47,28,[2 6],48,-1,121,-1,93
1,<environment.Job instance at 0x7f44e30bdaf0>,50,16,[11  4],51,-1,119,-1,103
1,<environment.Job instance at 0x7f44e3af1f00>,52,22,[12  5],53,-1,126,-1,104
1,<environment.Job instance at 0x7f44e34351e0>,55,14,[ 5 14],56,-1,122,-1,108
1,<environment.Job instance at 0x7f44e3435af0>,56,25,[8 3],57,-1,142,-1,117
1,<environment.Job instance at 0x7f44e2a7f870>,58,17,[ 1 12],59,-1,134,-1,117
1,<environment.Job instance at 0x7f44e3179640>,62,12,[13  5],63,-1,134,-1,122
1,<environment.Job instance at 0x7f44e3179b90>,64,16,[ 2 11],65,-1,138,-1,122
1,<environment.Job instance at 0x7f44e31798c0>,66,22,[ 2 12],67,-1,145,-1,123
1,<environment.Job instance at 0x7f44e3feb1e0>,67,15,[ 4 13],68,-1,138,-1,123
1,<environment.Job instance at 0x7f44e3feb320>,68,28,[7 2],69,-1,152,-1,124
1,<environment.Job instance at 0x7f44e33b53c0>,74,14,[11  4],75,-1,155,-1,141
1,<environment.Job instance at 0x7f44e32e9960>,76,15,[13  1],77,-1,158,-1,143
1,<environment.Job instance at 0x7f44e3ccad70>,82,20,[12  3],83,-1,179,-1,159
1,<environment.Job instance at 0x7f44e2d96500>,15,16,[10  3],16,-1,35,-1,19
1,<environment.Job instance at 0x7f44e2d964b0>,16,15,[7 3],17,-1,34,-1,19
1,<environment.Job instance at 0x7f44e2d960f0>,17,21,[1 8],18,-1,40,-1,19
1,<environment.Job instance at 0x7f44e2d96960>,18,17,[5 7],19,-1,41,-1,24
1,<environment.Job instance at 0x7f44e2bee190>,0,27,[ 4 11],1,-1,28,-1,1
1,<environment.Job instance at 0x7f44e2beec30>,1,18,[12  2],2,-1,20,-1,2
1,<environment.Job instance at 0x7f44e2beea50>,2,24,[ 2 13],3,-1,27,-1,3
1,<environment.Job instance at 0x7f44e2bee5f0>,3,13,[ 1 11],4,-1,17,-1,4
1,<environment.Job instance at 0x7f44e2beee60>,8,15,[13  2],9,-1,24,-1,9
1,<environment.Job instance at 0x7f44e31ec1e0>,10,16,[ 1 12],11,-1,27,-1,11
1,<environment.Job instance at 0x7f44e2bee730>,9,23,[ 1 10],10,-1,43,-1,20
1,<environment.Job instance at 0x7f44ec921500>,14,16,[12  1],15,-1,36,-1,20
1,<environment.Job instance at 0x7f44e3b2b1e0>,11,24,[10  2],12,-1,46,-1,22
1,<environment.Job instance at 0x7f44e3df76e0>,19,15,[14  1],20,-1,37,-1,22
1,<environment.Job instance at 0x7f44e3fe66e0>,21,24,[14  5],22,-1,46,-1,22
1,<environment.Job instance at 0x7f44e3fe6fa0>,22,25,[ 3 14],23,-1,48,-1,23
1,<environment.Job instance at 0x7f44e3feb690>,29,17,[12  3],30,-1,71,-1,54
1,<environment.Job instance at 0x7f44e3427f00>,31,13,[ 5 14],32,-1,67,-1,54
1,<environment.Job instance at 0x7f44e3427e60>,33,15,[ 4 11],34,-1,79,-1,64
1,<environment.Job instance at 0x7f44e3a92f00>,39,17,[ 5 13],40,-1,106,-1,89
1,<environment.Job instance at 0x7f44e379c280>,40,18,[ 1 13],41,-1,107,-1,89
1,<environment.Job instance at 0x7f44e3e834b0>,41,14,[12  3],42,-1,103,-1,89
1,<environment.Job instance at 0x7f44e3cc1370>,43,24,[ 2 10],44,-1,127,-1,103
1,<environment.Job instance at 0x7f44e2ae7eb0>,42,28,[ 1 10],43,-1,131,-1,103
1,<environment.Job instance at 0x7f44e33ee690>,46,25,[14  2],47,-1,128,-1,103
1,<environment.Job instance at 0x7f44e33eec80>,48,17,[14  3],49,-1,122,-1,105
1,<environment.Job instance at 0x7f44e33eefa0>,54,23,[11  2],55,-1,148,-1,125
1,<environment.Job instance at 0x7f44e33ee7d0>,55,28,[5 5],56,-1,155,-1,127
1,<environment.Job instance at 0x7f44ecbbcc80>,58,22,[ 3 14],59,-1,149,-1,127
1,<environment.Job instance at 0x7f44ecbbc5a0>,64,18,[ 4 11],65,-1,165,-1,147
1,<environment.Job instance at 0x7f44ecbbccd0>,67,19,[13  5],68,-1,179,-1,160
1,<environment.Job instance at 0x7f44e30dd0f0>,1,17,[5 5],2,-1,19,-1,2
1,<environment.Job instance at 0x7f44e2aab8c0>,8,19,[8 1],9,-1,28,-1,9
1,<environment.Job instance at 0x7f44e2f98f00>,0,16,[12  1],1,-1,17,-1,1
1,<environment.Job instance at 0x7f44e41a6870>,3,24,[5 2],4,-1,28,-1,4
1,<environment.Job instance at 0x7f44e41a6050>,4,17,[ 3 14],5,-1,22,-1,5
1,<environment.Job instance at 0x7f44e41a6320>,9,23,[ 3 11],10,-1,33,-1,10
1,<environment.Job instance at 0x7f44eca2faa0>,10,1,[13  1],11,-1,12,-1,11
1,<environment.Job instance at 0x7f44eca2f690>,11,14,[12  5],12,-1,26,-1,12
1,<environment.Job instance at 0x7f44eca2f320>,12,21,[14  4],13,-1,34,-1,13
1,<environment.Job instance at 0x7f44eca2fcd0>,18,28,[ 5 13],19,-1,47,-1,19
1,<environment.Job instance at 0x7f44e3495e60>,20,13,[ 3 11],21,-1,34,-1,21
1,<environment.Job instance at 0x7f44e3495af0>,23,23,[ 1 11],24,-1,54,-1,31
1,<environment.Job instance at 0x7f44e3495a00>,25,18,[ 1 11],26,-1,51,-1,33
1,<environment.Job instance at 0x7f44e3495410>,26,22,[ 4 13],27,-1,55,-1,33
1,<environment.Job instance at 0x7f44e3607cd0>,35,14,[14  2],36,-1,63,-1,49
1,<environment.Job instance at 0x7f44e3f15e60>,40,22,[ 2 14],41,-1,87,-1,65
1,<environment.Job instance at 0x7f44e3f15af0>,41,16,[ 4 13],42,-1,81,-1,65
1,<environment.Job instance at 0x7f44e3f15fa0>,42,1,[12  1],43,-1,66,-1,65
1,<environment.Job instance at 0x7f44e3f151e0>,37,24,[5 8],38,-1,103,-1,79
1,<environment.Job instance at 0x7f44e3602230>,47,24,[ 5 12],48,-1,103,-1,79
1,<environment.Job instance at 0x7f44e36022d0>,48,21,[11  2],49,-1,100,-1,79
1,<environment.Job instance at 0x7f44e2afe050>,49,25,[7 4],50,-1,104,-1,79
1,<environment.Job instance at 0x7f44e2afe1e0>,50,18,[ 5 13],51,-1,97,-1,79
1,<environment.Job instance at 0x7f44e2afec30>,51,28,[7 3],52,-1,107,-1,79
1,<environment.Job instance at 0x7f44e2afe320>,52,13,[ 3 12],53,-1,92,-1,79
1,<environment.Job instance at 0x7f44e36025a0>,53,23,[4 5],54,-1,102,-1,79
1,<environment.Job instance at 0x7f44e2d0c460>,55,12,[13  3],56,-1,91,-1,79
1,<environment.Job instance at 0x7f44e2d0cc30>,56,26,[7 5],57,-1,105,-1,79
1,<environment.Job instance at 0x7f44e2d0c8c0>,59,21,[ 5 12],60,-1,101,-1,80
1,<environment.Job instance at 0x7f44e2d0c500>,57,24,[5 8],58,-1,107,-1,83
1,<environment.Job instance at 0x7f44e39986e0>,62,15,[ 5 12],63,-1,98,-1,83
1,<environment.Job instance at 0x7f44e3998be0>,66,2,[ 4 12],67,-1,99,-1,97
1,<environment.Job instance at 0x7f44e3998640>,67,18,[ 5 14],68,-1,115,-1,97
1,<environment.Job instance at 0x7f44e39da3c0>,71,24,[5 4],72,-1,146,-1,122
1,<environment.Job instance at 0x7f44e39dad20>,74,28,[ 1 11],75,-1,151,-1,123
1,<environment.Job instance at 0x7f44e39da5a0>,75,23,[ 5 12],76,-1,146,-1,123
1,<environment.Job instance at 0x7f44e39dad70>,76,25,[14  4],77,-1,148,-1,123
1,<environment.Job instance at 0x7f44ecbbcbe0>,81,15,[13  3],82,-1,168,-1,153
1,<environment.Job instance at 0x7f44e2ae7eb0>,82,24,[ 4 14],83,-1,177,-1,153
1,<environment.Job instance at 0x7f44e43ae190>,84,3,[ 4 14],85,-1,169,-1,166
1,<environment.Job instance at 0x7f44e3cc1b40>,85,1,[12  5],86,-1,167,-1,166
1,<environment.Job instance at 0x7f199728eb90>,2,14,[ 2 10],3,-1,18,-1,4
1,<environment.Job instance at 0x7f199728ea50>,4,13,[3 6],5,-1,18,-1,5
1,<environment.Job instance at 0x7f19a08d88c0>,3,22,[2 5],4,-1,27,-1,5
1,<environment.Job instance at 0x7f1997293aa0>,23,16,[12  2],24,-1,54,-1,38
1,<environment.Job instance at 0x7f1997293410>,13,18,[5 9],14,-1,56,-1,38
1,<environment.Job instance at 0x7f1997293c80>,27,17,[4 6],28,-1,55,-1,38
1,<environment.Job instance at 0x7f19a08d87d0>,6,15,[ 2 14],7,-1,22,-1,7
1,<environment.Job instance at 0x7f199775eb40>,8,2,[ 1 14],9,-1,11,-1,9
1,<environment.Job instance at 0x7f199728e9b0>,7,26,[9 3],8,-1,44,-1,18
1,<environment.Job instance at 0x7f1997352050>,12,23,[12  4],13,-1,41,-1,18
1,<environment.Job instance at 0x7f1997333f50>,18,26,[7 4],19,-1,56,-1,30
1,<environment.Job instance at 0x7f1997333e60>,19,25,[5 9],20,-1,66,-1,41
1,<environment.Job instance at 0x7f19973500f0>,23,16,[12  2],24,-1,57,-1,41
1,<environment.Job instance at 0x7f1997350870>,28,17,[ 1 13],29,-1,65,-1,48
1,<environment.Job instance at 0x7f1997350550>,29,24,[4 7],30,-1,75,-1,51
1,<environment.Job instance at 0x7f1997350af0>,30,26,[9 4],31,-1,77,-1,51
1,<environment.Job instance at 0x7f19974367d0>,31,1,[ 2 14],32,-1,52,-1,51
1,<environment.Job instance at 0x7f19974360f0>,33,26,[3 6],34,-1,86,-1,60
1,<environment.Job instance at 0x7f1997319dc0>,38,24,[13  2],39,-1,87,-1,63
1,<environment.Job instance at 0x7f19973e43c0>,40,26,[ 1 14],41,-1,100,-1,74
1,<environment.Job instance at 0x7f19973211e0>,42,12,[ 5 12],43,-1,92,-1,80
1,<environment.Job instance at 0x7f19973aae10>,45,12,[ 3 14],46,-1,104,-1,92
1,<environment.Job instance at 0x7f199734b5a0>,47,14,[12  2],48,-1,118,-1,104
1,<environment.Job instance at 0x7f199734b1e0>,48,14,[ 1 11],49,-1,118,-1,104
1,<environment.Job instance at 0x7f199734b640>,50,13,[ 4 12],51,-1,117,-1,104
1,<environment.Job instance at 0x7f199739af00>,53,12,[ 3 14],54,-1,130,-1,118
1,<environment.Job instance at 0x7f199734be60>,54,3,[ 3 13],55,-1,121,-1,118
1,<environment.Job instance at 0x7f199743b7d0>,57,17,[ 2 14],58,-1,147,-1,130
1,<environment.Job instance at 0x7f199743b230>,58,28,[10  3],59,-1,160,-1,132
1,<environment.Job instance at 0x7f199739d050>,61,2,[ 1 12],62,-1,135,-1,133
1,<environment.Job instance at 0x7f199734f5f0>,66,28,[3 6],67,-1,198,-1,170
1,<environment.Job instance at 0x7f19969e1460>,4,21,[9 3],5,-1,27,-1,6
1,<environment.Job instance at 0x7f19969e32d0>,5,17,[9 1],6,-1,23,-1,6
1,<environment.Job instance at 0x7f19969e1a50>,8,19,[5 3],9,-1,29,-1,10
1,<environment.Job instance at 0x7f19969e1be0>,9,17,[9 5],10,-1,27,-1,10
1,<environment.Job instance at 0x7f19969e1b40>,14,15,[13  1],15,-1,42,-1,27
1,<environment.Job instance at 0x7f19969e1910>,7,27,[ 3 12],8,-1,54,-1,27
1,<environment.Job instance at 0x7f19969e20a0>,21,17,[2 7],22,-1,47,-1,30
1,<environment.Job instance at 0x7f1996be1d70>,24,17,[ 5 10],25,-1,53,-1,36
1,<environment.Job instance at 0x7f19969d8410>,25,16,[5 6],26,-1,52,-1,36
1,<environment.Job instance at 0x7f1996c666e0>,26,15,[ 2 10],27,-1,51,-1,36
1,<environment.Job instance at 0x7f19969e2af0>,16,18,[1 7],17,-1,54,-1,36
1,<environment.Job instance at 0x7f19969e12d0>,3,19,[12  2],4,-1,55,-1,36
1,<environment.Job instance at 0x7f19972ac820>,0,18,[12  2],1,-1,19,-1,1
1,<environment.Job instance at 0x7f19972ac910>,1,27,[8 3],2,-1,29,-1,2
1,<environment.Job instance at 0x7f19972ac5a0>,3,19,[12  2],4,-1,23,-1,4
1,<environment.Job instance at 0x7f19972ac190>,7,27,[ 3 12],8,-1,35,-1,8
1,<environment.Job instance at 0x7f19972ac460>,11,15,[ 2 14],12,-1,39,-1,24
1,<environment.Job instance at 0x7f1997350550>,14,15,[13  1],15,-1,41,-1,26
1,<environment.Job instance at 0x7f19972ac230>,13,26,[3 9],14,-1,62,-1,36
1,<environment.Job instance at 0x7f19973504b0>,20,2,[11  3],21,-1,38,-1,36
1,<environment.Job instance at 0x7f19a08d87d0>,27,15,[11  5],28,-1,86,-1,71
1,<environment.Job instance at 0x7f1996ab9550>,28,1,[14  4],29,-1,72,-1,71
1,<environment.Job instance at 0x7f1996ab95f0>,31,1,[ 4 14],32,-1,88,-1,87
1,<environment.Job instance at 0x7f1996ab95a0>,32,16,[ 5 12],33,-1,103,-1,87
1,<environment.Job instance at 0x7f1996abb140>,34,16,[ 1 14],35,-1,103,-1,87
1,<environment.Job instance at 0x7f1996abb6e0>,35,18,[ 1 14],36,-1,105,-1,87
1,<environment.Job instance at 0x7f1996abbe60>,36,23,[1 9],37,-1,110,-1,87
1,<environment.Job instance at 0x7f1996abb5a0>,38,25,[4 8],39,-1,125,-1,100
1,<environment.Job instance at 0x7f1996a9a1e0>,39,3,[11  3],40,-1,103,-1,100
1,<environment.Job instance at 0x7f1996a9abe0>,40,15,[14  2],41,-1,115,-1,100
1,<environment.Job instance at 0x7f1996abb640>,41,18,[11  1],42,-1,118,-1,100
1,<environment.Job instance at 0x7f1996a48eb0>,43,17,[12  1],44,-1,117,-1,100
1,<environment.Job instance at 0x7f1996a4b0a0>,47,13,[ 4 11],48,-1,128,-1,115
1,<environment.Job instance at 0x7f1996a4be10>,48,16,[14  3],49,-1,131,-1,115
1,<environment.Job instance at 0x7f1996a4ebe0>,54,1,[13  1],55,-1,150,-1,149
1,<environment.Job instance at 0x7f1996a5eb40>,55,2,[ 1 12],56,-1,151,-1,149
1,<environment.Job instance at 0x7f1996a5a140>,58,13,[ 5 11],59,-1,178,-1,165
1,<environment.Job instance at 0x7f19968b8690>,2,21,[ 5 10],3,-1,27,-1,6
1,<environment.Job instance at 0x7f19968b8870>,9,14,[2 8],10,-1,25,-1,11
1,<environment.Job instance at 0x7f1996840d20>,12,13,[5 5],13,-1,26,-1,13
1,<environment.Job instance at 0x7f1996840f50>,13,20,[7 1],14,-1,34,-1,14
1,<environment.Job instance at 0x7f1996840c80>,14,25,[4 9],15,-1,40,-1,15
1,<environment.Job instance at 0x7f1996840cd0>,15,26,[6 1],16,-1,42,-1,16
1,<environment.Job instance at 0x7f1996840a50>,17,24,[4 8],18,-1,42,-1,18
1,<environment.Job instance at 0x7f19968408c0>,18,20,[5 5],19,-1,39,-1,19
1,<environment.Job instance at 0x7f1996840640>,10,19,[ 2 11],11,-1,40,-1,21
1,<environment.Job instance at 0x7f19968498c0>,30,18,[10  5],31,-1,59,-1,41
1,<environment.Job instance at 0x7f1996849dc0>,31,25,[8 3],32,-1,66,-1,41
1,<environment.Job instance at 0x7f1996849d20>,33,28,[ 3 11],34,-1,69,-1,41
1,<environment.Job instance at 0x7f1996849370>,25,18,[10  4],26,-1,59,-1,41
1,<environment.Job instance at 0x7f1996840190>,22,24,[7 4],23,-1,65,-1,41
1,<environment.Job instance at 0x7f1996849140>,36,16,[14  5],37,-1,63,-1,47
1,<environment.Job instance at 0x7f19968490a0>,37,16,[4 5],38,-1,64,-1,48
1,<environment.Job instance at 0x7f19968b8d20>,8,18,[ 5 14],9,-1,67,-1,49
1,<environment.Job instance at 0x7f19968495f0>,41,15,[11  2],42,-1,64,-1,49
1,<environment.Job instance at 0x7f1996849cd0>,45,16,[ 4 11],46,-1,91,-1,75
1,<environment.Job instance at 0x7f1996db7b40>,0,27,[ 3 11],1,-1,28,-1,1
1,<environment.Job instance at 0x7f1996db7550>,1,15,[ 3 13],2,-1,17,-1,2
1,<environment.Job instance at 0x7f19a045d730>,8,18,[ 5 14],9,-1,27,-1,9
1,<environment.Job instance at 0x7f19a07d0c30>,10,19,[ 2 11],11,-1,30,-1,11
1,<environment.Job instance at 0x7f19970f57d0>,14,25,[4 9],15,-1,49,-1,24
1,<environment.Job instance at 0x7f1997a8b7d0>,16,28,[5 9],17,-1,52,-1,24
1,<environment.Job instance at 0x7f19979cd3c0>,17,24,[4 8],18,-1,48,-1,24
1,<environment.Job instance at 0x7f1997d82870>,15,26,[6 1],16,-1,50,-1,24
1,<environment.Job instance at 0x7f1997a2b550>,20,2,[ 2 12],21,-1,26,-1,24
1,<environment.Job instance at 0x7f1996c32820>,22,24,[7 4],23,-1,49,-1,25
1,<environment.Job instance at 0x7f19a04addc0>,28,19,[12  4],29,-1,55,-1,36
1,<environment.Job instance at 0x7f1996c73190>,29,14,[ 5 12],30,-1,50,-1,36
1,<environment.Job instance at 0x7f1996c24050>,31,25,[8 3],32,-1,74,-1,49
1,<environment.Job instance at 0x7f1997717f50>,32,16,[ 2 11],33,-1,65,-1,49
1,<environment.Job instance at 0x7f1997717f00>,33,28,[ 3 11],34,-1,77,-1,49
1,<environment.Job instance at 0x7f1996cdcf50>,35,24,[2 7],36,-1,82,-1,58
1,<environment.Job instance at 0x7f1996cdc6e0>,36,16,[14  5],37,-1,74,-1,58
1,<environment.Job instance at 0x7f1996b051e0>,38,27,[14  3],39,-1,85,-1,58
1,<environment.Job instance at 0x7f1996b05190>,39,18,[ 1 14],40,-1,76,-1,58
1,<environment.Job instance at 0x7f1996c38190>,41,15,[11  2],42,-1,79,-1,64
1,<environment.Job instance at 0x7f1996c38410>,42,13,[ 1 12],43,-1,77,-1,64
1,<environment.Job instance at 0x7f1996c377d0>,45,16,[ 4 11],46,-1,94,-1,78
1,<environment.Job instance at 0x7f1996c2acd0>,46,17,[13  3],47,-1,95,-1,78
1,<environment.Job instance at 0x7f1996c2a050>,47,22,[ 3 11],48,-1,100,-1,78
1,<environment.Job instance at 0x7f1996af0dc0>,49,13,[ 5 12],50,-1,93,-1,80
1,<environment.Job instance at 0x7f1996af0870>,50,1,[ 5 11],51,-1,81,-1,80
1,<environment.Job instance at 0x7f1996af0500>,51,1,[12  4],52,-1,81,-1,80
1,<environment.Job instance at 0x7f1996af0f50>,54,13,[ 3 14],55,-1,97,-1,84
1,<environment.Job instance at 0x7f1996b75be0>,55,24,[ 4 14],56,-1,108,-1,84
1,<environment.Job instance at 0x7f1996c0e460>,53,23,[9 4],54,-1,116,-1,93
1,<environment.Job instance at 0x7f1996cb5e60>,57,24,[7 3],58,-1,117,-1,93
1,<environment.Job instance at 0x7f1996cb5a50>,58,27,[9 5],59,-1,120,-1,93
1,<environment.Job instance at 0x7f1996cb50a0>,60,14,[ 3 13],61,-1,107,-1,93
1,<environment.Job instance at 0x7f1996cb5910>,61,26,[6 2],62,-1,119,-1,93
1,<environment.Job instance at 0x7f1996b64190>,63,23,[12  5],64,-1,116,-1,93
1,<environment.Job instance at 0x7f1996ec7aa0>,64,13,[ 4 14],65,-1,106,-1,93
1,<environment.Job instance at 0x7f1996b64460>,65,19,[13  2],66,-1,112,-1,93
1,<environment.Job instance at 0x7f1996cdffa0>,71,18,[ 2 13],72,-1,136,-1,118
1,<environment.Job instance at 0x7f1996b4b2d0>,76,17,[12  4],77,-1,169,-1,152
1,<environment.Job instance at 0x7f1996b4baa0>,77,25,[6 4],78,-1,191,-1,166
1,<environment.Job instance at 0x7f1996ce1910>,79,3,[14  5],80,-1,170,-1,167
1,<environment.Job instance at 0x7f1996f11c30>,0,14,[10  2],1,-1,16,-1,2
1,<environment.Job instance at 0x7f1996f11f50>,2,19,[5 7],3,-1,22,-1,3
1,<environment.Job instance at 0x7f1996f07960>,1,17,[4 9],2,-1,21,-1,4
1,<environment.Job instance at 0x7f1996f11aa0>,4,16,[1 7],5,-1,21,-1,5
1,<environment.Job instance at 0x7f1996f11d20>,5,18,[8 2],6,-1,25,-1,7
1,<environment.Job instance at 0x7f1996f11550>,7,15,[2 7],8,-1,23,-1,8
1,<environment.Job instance at 0x7f1996f11960>,8,16,[6 1],9,-1,25,-1,9
1,<environment.Job instance at 0x7f1996f11230>,9,17,[2 6],10,-1,27,-1,10
1,<environment.Job instance at 0x7f1996f11280>,10,14,[10  3],11,-1,25,-1,11
1,<environment.Job instance at 0x7f1996f11fa0>,11,18,[4 7],12,-1,30,-1,12
1,<environment.Job instance at 0x7f1996f116e0>,6,21,[1 7],7,-1,33,-1,12
1,<environment.Job instance at 0x7f1996f0c4b0>,16,14,[ 3 10],17,-1,31,-1,17
1,<environment.Job instance at 0x7f1996f0cfa0>,19,16,[1 5],20,-1,37,-1,21
1,<environment.Job instance at 0x7f1996f0ce10>,22,18,[10  5],23,-1,41,-1,23
1,<environment.Job instance at 0x7f1996cd9050>,12,22,[ 5 13],13,-1,42,-1,20
1,<environment.Job instance at 0x7f1996e7e820>,14,27,[11  2],15,-1,60,-1,33
1,<environment.Job instance at 0x7f1996fb4c30>,18,22,[ 4 12],19,-1,59,-1,37
1,<environment.Job instance at 0x7f1996f2a190>,21,27,[10  1],22,-1,90,-1,63
1,<environment.Job instance at 0x7f1996eec280>,23,13,[ 5 11],24,-1,76,-1,63
1,<environment.Job instance at 0x7f1996c36dc0>,24,27,[12  2],25,-1,90,-1,63
1,<environment.Job instance at 0x7f1996c36690>,27,24,[1 9],28,-1,96,-1,72
1,<environment.Job instance at 0x7f1996c36e60>,30,27,[ 1 14],31,-1,103,-1,76
1,<environment.Job instance at 0x7f1996c36af0>,31,12,[12  1],32,-1,88,-1,76
1,<environment.Job instance at 0x7f1996c36050>,34,23,[3 6],35,-1,109,-1,86
1,<environment.Job instance at 0x7f1996c69870>,36,27,[7 1],37,-1,115,-1,88
1,<environment.Job instance at 0x7f1996c690f0>,38,2,[ 3 13],39,-1,90,-1,88
1,<environment.Job instance at 0x7f1996c69820>,37,26,[ 3 10],38,-1,129,-1,103
1,<environment.Job instance at 0x7f1996c69730>,42,26,[7 3],43,-1,129,-1,103
1,<environment.Job instance at 0x7f1996f293c0>,43,24,[8 2],44,-1,127,-1,103
1,<environment.Job instance at 0x7f1996c69dc0>,45,12,[11  1],46,-1,115,-1,103
1,<environment.Job instance at 0x7f1996cd8c30>,46,17,[11  3],47,-1,120,-1,103
1,<environment.Job instance at 0x7f1996cd8e10>,47,16,[12  1],48,-1,119,-1,103
1,<environment.Job instance at 0x7f1996cd8320>,48,15,[ 4 13],49,-1,118,-1,103
1,<environment.Job instance at 0x7f1996cd8730>,49,28,[13  1],50,-1,131,-1,103
1,<environment.Job instance at 0x7f1996ce1af0>,50,24,[4 7],51,-1,141,-1,117
1,<environment.Job instance at 0x7f1996ec7a00>,52,26,[7 3],53,-1,144,-1,118
1,<environment.Job instance at 0x7f1996cb5910>,58,24,[2 6],59,-1,172,-1,148
1,<environment.Job instance at 0x7f1996cb5960>,59,13,[ 5 12],60,-1,161,-1,148
1,<environment.Job instance at 0x7f1996cb5500>,60,20,[ 2 11],61,-1,168,-1,148
1,<environment.Job instance at 0x7f1996c37410>,64,25,[3 7],65,-1,188,-1,163
1,<environment.Job instance at 0x7f19976db0a0>,2,19,[10  1],3,-1,25,-1,6
1,<environment.Job instance at 0x7f19976dc0a0>,7,16,[9 1],8,-1,24,-1,8
1,<environment.Job instance at 0x7f19976dc3c0>,8,28,[4 5],9,-1,37,-1,9
1,<environment.Job instance at 0x7f19976dcf00>,10,12,[9 3],11,-1,23,-1,11
1,<environment.Job instance at 0x7f1996ce0e10>,14,17,[2 6],15,-1,32,-1,15
1,<environment.Job instance at 0x7f19976ec5f0>,15,17,[5 4],16,-1,33,-1,16
1,<environment.Job instance at 0x7f1996c594b0>,16,26,[7 1],17,-1,43,-1,17
1,<environment.Job instance at 0x7f1996c59780>,17,22,[8 3],18,-1,40,-1,18
1,<environment.Job instance at 0x7f19976e8e60>,19,17,[8 2],20,-1,37,-1,20
1,<environment.Job instance at 0x7f1996c510f0>,22,18,[14  5],23,-1,41,-1,23
1,<environment.Job instance at 0x7f19976fd910>,23,27,[9 5],24,-1,51,-1,24
1,<environment.Job instance at 0x7f19976fda50>,25,18,[1 9],26,-1,46,-1,28
1,<environment.Job instance at 0x7f19976fd870>,24,14,[ 3 12],25,-1,42,-1,28
1,<environment.Job instance at 0x7f1996efadc0>,29,17,[7 4],30,-1,47,-1,30
1,<environment.Job instance at 0x7f19969b4d70>,32,17,[ 1 10],33,-1,51,-1,34
1,<environment.Job instance at 0x7f19976f0c80>,34,14,[9 2],35,-1,54,-1,40
1,<environment.Job instance at 0x7f1996981500>,37,14,[10  1],38,-1,54,-1,40
1,<environment.Job instance at 0x7f1997dc5140>,38,16,[6 2],39,-1,56,-1,40
1,<environment.Job instance at 0x7f199739d2d0>,1,20,[ 3 12],2,-1,22,-1,2
1,<environment.Job instance at 0x7f1997605780>,4,3,[13  1],5,-1,8,-1,5
1,<environment.Job instance at 0x7f19a0428500>,6,19,[13  1],7,-1,26,-1,7
1,<environment.Job instance at 0x7f19979437d0>,8,28,[4 5],9,-1,46,-1,18
1,<environment.Job instance at 0x7f19973d2550>,16,26,[7 1],17,-1,59,-1,33
1,<environment.Job instance at 0x7f19973d2a50>,20,3,[ 2 12],21,-1,36,-1,33
1,<environment.Job instance at 0x7f19973d2e60>,22,18,[14  5],23,-1,53,-1,35
1,<environment.Job instance at 0x7f199734c460>,24,14,[ 3 12],25,-1,49,-1,35
1,<environment.Job instance at 0x7f19973f5f50>,23,27,[9 5],24,-1,75,-1,48
1,<environment.Job instance at 0x7f19969e1a50>,26,23,[5 9],27,-1,71,-1,48
1,<environment.Job instance at 0x7f19969e1aa0>,27,16,[ 5 13],28,-1,64,-1,48
1,<environment.Job instance at 0x7f19969e1b40>,28,22,[ 2 14],29,-1,70,-1,48
1,<environment.Job instance at 0x7f19968440a0>,31,24,[12  4],32,-1,76,-1,52
1,<environment.Job instance at 0x7f19a0a41a00>,39,25,[10  1],40,-1,123,-1,98
1,<environment.Job instance at 0x7f19971ac0a0>,40,13,[ 5 11],41,-1,111,-1,98
1,<environment.Job instance at 0x7f19a0a413c0>,41,12,[ 3 14],42,-1,110,-1,98
1,<environment.Job instance at 0x7f19970f2a50>,43,13,[ 2 13],44,-1,111,-1,98
1,<environment.Job instance at 0x7f19970f2eb0>,44,14,[13  2],45,-1,112,-1,98
1,<environment.Job instance at 0x7f19970f2870>,45,18,[11  2],46,-1,116,-1,98
1,<environment.Job instance at 0x7f19970f2b90>,46,25,[ 1 10],47,-1,131,-1,106
1,<environment.Job instance at 0x7f19970f2b40>,47,2,[ 2 12],48,-1,108,-1,106
1,<environment.Job instance at 0x7f19970f26e0>,52,23,[2 8],53,-1,144,-1,121
1,<environment.Job instance at 0x7f19970f2230>,53,16,[ 2 13],54,-1,137,-1,121
1,<environment.Job instance at 0x7f19970f2960>,61,26,[ 4 14],62,-1,163,-1,137
1,<environment.Job instance at 0x7f1996dae0a0>,63,3,[ 4 12],64,-1,154,-1,151
1,<environment.Job instance at 0x7f1996dae7d0>,66,25,[5 4],67,-1,194,-1,169
1,<environment.Job instance at 0x7f1996daef50>,68,23,[6 5],69,-1,192,-1,169
1,<environment.Job instance at 0x7f1996f115a0>,70,13,[13  3],71,-1,183,-1,170
1,<environment.Job instance at 0x7f1996dae0f0>,71,25,[ 5 14],72,-1,195,-1,170
1,<environment.Job instance at 0x7f1997221140>,1,21,[4 8],2,-1,23,-1,2
1,<environment.Job instance at 0x7f19972140a0>,7,14,[10  4],8,-1,23,-1,9
1,<environment.Job instance at 0x7f1996c6c320>,9,20,[8 4],10,-1,30,-1,10
1,<environment.Job instance at 0x7f1996c6c370>,12,27,[1 6],13,-1,40,-1,13
1,<environment.Job instance at 0x7f1996c6c9b0>,13,27,[8 5],14,-1,41,-1,14
1,<environment.Job instance at 0x7f1996c6ca00>,15,17,[1 5],16,-1,33,-1,16
1,<environment.Job instance at 0x7f1996c6c500>,18,17,[3 5],19,-1,36,-1,19
1,<environment.Job instance at 0x7f1996c6cfa0>,19,16,[5 2],20,-1,36,-1,20
1,<environment.Job instance at 0x7f1996c6c5a0>,20,27,[5 2],21,-1,48,-1,21
1,<environment.Job instance at 0x7f1996c6c820>,23,26,[10  5],24,-1,59,-1,33
1,<environment.Job instance at 0x7f1996c3fc30>,28,24,[4 6],29,-1,62,-1,38
1,<environment.Job instance at 0x7f1996c640f0>,2,13,[14  2],3,-1,16,-1,3
1,<environment.Job instance at 0x7f199708ed20>,3,16,[ 4 14],4,-1,20,-1,4
1,<environment.Job instance at 0x7f199770be60>,5,14,[13  3],6,-1,20,-1,6
1,<environment.Job instance at 0x7f199708e8c0>,8,17,[ 3 11],9,-1,26,-1,9
1,<environment.Job instance at 0x7f1996eec0f0>,12,27,[1 6],13,-1,42,-1,15
1,<environment.Job instance at 0x7f19976ecdc0>,13,27,[8 5],14,-1,42,-1,15
1,<environment.Job instance at 0x7f19a0b09b40>,16,13,[ 3 14],17,-1,30,-1,17
1,<environment.Job instance at 0x7f19970973c0>,20,27,[5 2],21,-1,59,-1,32
1,<environment.Job instance at 0x7f1996daef50>,21,13,[13  5],22,-1,45,-1,32
1,<environment.Job instance at 0x7f1996dae5f0>,22,17,[13  3],23,-1,49,-1,32
1,<environment.Job instance at 0x7f1996dae0f0>,23,26,[10  5],24,-1,58,-1,32
1,<environment.Job instance at 0x7f1996daeeb0>,25,2,[ 2 12],26,-1,34,-1,32
1,<environment.Job instance at 0x7f1996daee60>,27,17,[11  4],28,-1,52,-1,35
1,<environment.Job instance at 0x7f19a0a447d0>,29,15,[ 2 13],30,-1,53,-1,38
1,<environment.Job instance at 0x7f199734c9b0>,30,18,[11  2],31,-1,56,-1,38
1,<environment.Job instance at 0x7f1996dae0a0>,28,24,[4 6],29,-1,69,-1,45
1,<environment.Job instance at 0x7f19a0a44140>,33,18,[14  1],34,-1,63,-1,45
1,<environment.Job instance at 0x7f1996c6c140>,34,23,[ 1 11],35,-1,68,-1,45
1,<environment.Job instance at 0x7f199720f140>,35,1,[ 3 12],36,-1,46,-1,45
1,<environment.Job instance at 0x7f1996c3f730>,39,13,[ 3 11],40,-1,78,-1,65
1,<environment.Job instance at 0x7f1996a7e0f0>,42,15,[11  2],43,-1,94,-1,79
1,<environment.Job instance at 0x7f1996e4db90>,44,25,[7 2],45,-1,114,-1,89
1,<environment.Job instance at 0x7f1996e445a0>,46,12,[ 3 12],47,-1,101,-1,89
1,<environment.Job instance at 0x7f1997403af0>,47,15,[11  5],48,-1,104,-1,89
1,<environment.Job instance at 0x7f19978c6af0>,49,16,[13  2],50,-1,105,-1,89
1,<environment.Job instance at 0x7f1997dde370>,51,19,[12  5],52,-1,113,-1,94
1,<environment.Job instance at 0x7f199718b460>,58,27,[7 5],59,-1,157,-1,130
1,<environment.Job instance at 0x7f1996d0f4b0>,60,25,[8 2],61,-1,168,-1,143
1,<environment.Job instance at 0x7f19974d7550>,62,14,[ 2 12],63,-1,157,-1,143
1,<environment.Job instance at 0x7f1997949410>,56,25,[10  4],57,-1,172,-1,147
1,<environment.Job instance at 0x7f1996f017d0>,68,20,[ 1 13],69,-1,179,-1,159
1,<environment.Job instance at 0x7f1996b4f280>,70,28,[ 3 10],71,-1,202,-1,174
1,<environment.Job instance at 0x7f1996aedd20>,71,25,[9 5],72,-1,199,-1,174
1,<environment.Job instance at 0x7f1997de2f00>,1,18,[10  4],2,-1,21,-1,3
1,<environment.Job instance at 0x7f199708e9b0>,2,28,[4 9],3,-1,31,-1,3
1,<environment.Job instance at 0x7f1996bc2e60>,5,19,[3 6],6,-1,27,-1,8
1,<environment.Job instance at 0x7f1996bd55f0>,11,15,[12  2],12,-1,37,-1,22
1,<environment.Job instance at 0x7f1996bc2af0>,6,18,[13  5],7,-1,42,-1,24
1,<environment.Job instance at 0x7f1996bd3af0>,22,21,[4 5],23,-1,45,-1,24
1,<environment.Job instance at 0x7f1996bc3050>,25,18,[2 8],26,-1,54,-1,36
1,<environment.Job instance at 0x7f1996bd3d20>,23,16,[10  1],24,-1,52,-1,36
1,<environment.Job instance at 0x7f1996bc3870>,19,12,[10  5],20,-1,48,-1,36
1,<environment.Job instance at 0x7f1997e509b0>,30,18,[9 1],31,-1,59,-1,41
1,<environment.Job instance at 0x7f1997216320>,33,19,[1 9],34,-1,63,-1,44
1,<environment.Job instance at 0x7f1997216f50>,34,20,[ 4 11],35,-1,64,-1,44
1,<environment.Job instance at 0x7f1997d98fa0>,35,15,[ 5 14],36,-1,59,-1,44
1,<environment.Job instance at 0x7f1996bd1780>,14,20,[ 5 12],15,-1,64,-1,44
1,<environment.Job instance at 0x7f1996bc2730>,10,14,[11  2],11,-1,62,-1,48
1,<environment.Job instance at 0x7f1997e797d0>,38,28,[8 5],39,-1,76,-1,48
1,<environment.Job instance at 0x7f1997e657d0>,39,21,[4 5],40,-1,69,-1,48
1,<environment.Job instance at 0x7f1997e65dc0>,40,17,[2 6],41,-1,65,-1,48
1,<environment.Job instance at 0x7f1997d7b4b0>,37,12,[11  5],38,-1,60,-1,48
1,<environment.Job instance at 0x7f1997e8a6e0>,41,28,[7 3],42,-1,78,-1,50
1,<environment.Job instance at 0x7f1997e57b90>,43,25,[1 5],44,-1,75,-1,50
1,<environment.Job instance at 0x7f1997e74230>,44,25,[ 3 10],45,-1,75,-1,50
1,<environment.Job instance at 0x7f1997e740f0>,45,18,[ 2 11],46,-1,68,-1,50
1,<environment.Job instance at 0x7f19970ca550>,46,12,[ 1 10],47,-1,62,-1,50
1,<environment.Job instance at 0x7f19970cae10>,48,20,[ 4 13],49,-1,71,-1,51
1,<environment.Job instance at 0x7f1997eac370>,42,19,[1 7],43,-1,70,-1,51
1,<environment.Job instance at 0x7f1997daa5a0>,50,15,[9 4],51,-1,66,-1,51
1,<environment.Job instance at 0x7f19970ca870>,49,17,[11  4],50,-1,69,-1,52
1,<environment.Job instance at 0x7f1997e93e60>,55,15,[4 8],56,-1,71,-1,56
1,<environment.Job instance at 0x7f1997e972d0>,58,17,[7 4],59,-1,76,-1,59
1,<environment.Job instance at 0x7f1997e976e0>,60,21,[3 9],61,-1,84,-1,63
1,<environment.Job instance at 0x7f1997dbb960>,0,14,[ 2 13],1,-1,15,-1,1
1,<environment.Job instance at 0x7f1997dbbaf0>,2,28,[4 9],3,-1,31,-1,3
1,<environment.Job instance at 0x7f1997dbb4b0>,3,28,[ 5 11],4,-1,32,-1,4
1,<environment.Job instance at 0x7f1997de8190>,6,18,[13  5],7,-1,25,-1,7
1,<environment.Job instance at 0x7f1997de8960>,10,14,[11  2],11,-1,25,-1,11
1,<environment.Job instance at 0x7f199712a5a0>,11,15,[12  2],12,-1,27,-1,12
1,<environment.Job instance at 0x7f19976ebfa0>,13,19,[14  2],14,-1,39,-1,20
1,<environment.Job instance at 0x7f199712adc0>,14,20,[ 5 12],15,-1,40,-1,20
1,<environment.Job instance at 0x7f19969affa0>,17,17,[ 4 11],18,-1,41,-1,24
1,<environment.Job instance at 0x7f1996c51b40>,31,3,[ 4 13],32,-1,69,-1,66
1,<environment.Job instance at 0x7f1997022230>,34,20,[ 4 11],35,-1,101,-1,81
1,<environment.Job instance at 0x7f19970228c0>,35,15,[ 5 14],36,-1,96,-1,81
1,<environment.Job instance at 0x7f1997dc00a0>,37,12,[11  5],38,-1,93,-1,81
1,<environment.Job instance at 0x7f1997dc04b0>,38,28,[8 5],39,-1,120,-1,92
1,<environment.Job instance at 0x7f1997dc0e10>,43,25,[1 5],44,-1,117,-1,92
1,<environment.Job instance at 0x7f1997dc0eb0>,41,28,[7 3],42,-1,132,-1,104
1,<environment.Job instance at 0x7f1996825aa0>,45,18,[ 2 11],46,-1,122,-1,104
1,<environment.Job instance at 0x7f1996825e60>,44,25,[ 3 10],45,-1,134,-1,109
1,<environment.Job instance at 0x7f1997542d20>,48,20,[ 4 13],49,-1,129,-1,109
1,<environment.Job instance at 0x7f19975425f0>,49,17,[11  4],50,-1,126,-1,109
1,<environment.Job instance at 0x7f1996bb8690>,52,23,[9 2],53,-1,144,-1,121
1,<environment.Job instance at 0x7f199720b780>,59,27,[ 1 14],60,-1,167,-1,140
1,<environment.Job instance at 0x7f1996c01aa0>,63,22,[12  2],64,-1,170,-1,148
1,<environment.Job instance at 0x7f1996c01f00>,64,27,[7 4],65,-1,190,-1,163
1,<environment.Job instance at 0x7f199718b460>,68,26,[14  5],69,-1,189,-1,163
1,<environment.Job instance at 0x7f1997cb9b40>,69,12,[11  4],70,-1,175,-1,163
1,<environment.Job instance at 0x7f1997cb9f50>,70,26,[8 3],71,-1,192,-1,166
1,<environment.Job instance at 0x7f1997205a50>,4,25,[ 1 14],5,-1,36,-1,11
1,<environment.Job instance at 0x7f1996cf7140>,12,28,[2 8],13,-1,91,-1,63
1,<environment.Job instance at 0x7f1996cf79b0>,22,28,[ 4 11],23,-1,95,-1,67
1,<environment.Job instance at 0x7f1996cf77d0>,13,25,[ 1 12],14,-1,96,-1,71
1,<environment.Job instance at 0x7f1996cf7190>,23,16,[4 8],24,-1,88,-1,72
1,<environment.Job instance at 0x7f1996eb1d20>,25,18,[10  3],26,-1,91,-1,73
1,<environment.Job instance at 0x7f1996eb1eb0>,38,25,[8 4],39,-1,175,-1,150
1,<environment.Job instance at 0x7f199749c820>,0,23,[ 5 10],1,-1,24,-1,1
1,<environment.Job instance at 0x7f19a03c3280>,2,22,[ 1 14],3,-1,25,-1,3
1,<environment.Job instance at 0x7f1996c22230>,3,3,[11  2],4,-1,7,-1,4
1,<environment.Job instance at 0x7f19a04a8b40>,4,25,[ 1 14],5,-1,30,-1,5
1,<environment.Job instance at 0x7f19a0a40050>,5,25,[12  3],6,-1,31,-1,6
1,<environment.Job instance at 0x7f19978ac500>,6,27,[ 4 11],7,-1,34,-1,7
1,<environment.Job instance at 0x7f1997968e10>,10,3,[ 3 11],11,-1,14,-1,11
1,<environment.Job instance at 0x7f1996b566e0>,11,21,[ 4 11],12,-1,33,-1,12
1,<environment.Job instance at 0x7f1996d06730>,12,28,[2 8],13,-1,41,-1,13
1,<environment.Job instance at 0x7f1996d06320>,13,25,[ 1 12],14,-1,39,-1,14
1,<environment.Job instance at 0x7f1996e7dd70>,14,16,[ 5 13],15,-1,31,-1,15
1,<environment.Job instance at 0x7f1996d066e0>,15,23,[5 5],16,-1,39,-1,16
1,<environment.Job instance at 0x7f1996efde60>,16,3,[ 4 14],17,-1,20,-1,17
1,<environment.Job instance at 0x7f19a0b09b40>,17,15,[14  4],18,-1,33,-1,18
1,<environment.Job instance at 0x7f1996b10320>,19,25,[4 7],20,-1,45,-1,20
1,<environment.Job instance at 0x7f199780b5a0>,20,3,[11  5],21,-1,24,-1,21
1,<environment.Job instance at 0x7f199720b780>,21,3,[ 4 14],22,-1,25,-1,22
1,<environment.Job instance at 0x7f1996bb8640>,22,28,[ 4 11],23,-1,51,-1,23
1,<environment.Job instance at 0x7f1997542d20>,24,18,[11  1],25,-1,43,-1,25
1,<environment.Job instance at 0x7f1997dc0690>,28,27,[3 6],29,-1,59,-1,32
1,<environment.Job instance at 0x7f1996c51280>,34,27,[4 5],35,-1,66,-1,39
1,<environment.Job instance at 0x7f1997dc0960>,35,16,[11  1],36,-1,55,-1,39
1,<environment.Job instance at 0x7f1997022e60>,36,16,[ 1 12],37,-1,55,-1,39
1,<environment.Job instance at 0x7f1997022320>,37,28,[10  5],38,-1,67,-1,39
1,<environment.Job instance at 0x7f1997de80a0>,38,25,[8 4],39,-1,64,-1,39
1,<environment.Job instance at 0x7f1996bb8690>,26,24,[3 8],27,-1,64,-1,40
1,<environment.Job instance at 0x7f1997501960>,40,18,[13  1],41,-1,59,-1,41
1,<environment.Job instance at 0x7f1997de8190>,42,14,[ 1 14],43,-1,57,-1,43
1,<environment.Job instance at 0x7f1996cf74b0>,45,25,[8 3],46,-1,79,-1,54
1,<environment.Job instance at 0x7f1996fbaf50>,48,24,[11  1],49,-1,80,-1,56
1,<environment.Job instance at 0x7f19979ffaa0>,51,25,[5 7],52,-1,93,-1,68
1,<environment.Job instance at 0x7f199773cd20>,53,18,[11  2],54,-1,86,-1,68
1,<environment.Job instance at 0x7f19976e65a0>,56,14,[12  3],57,-1,89,-1,75
1,<environment.Job instance at 0x7f19970f8140>,59,28,[4 5],60,-1,130,-1,102
1,<environment.Job instance at 0x7f199705fc80>,64,24,[14  3],65,-1,130,-1,106
1,<environment.Job instance at 0x7f19a044cd20>,66,2,[14  2],67,-1,109,-1,107
1,<environment.Job instance at 0x7f1997205e60>,71,26,[ 5 11],72,-1,151,-1,125
1,<environment.Job instance at 0x7f1996f0cc80>,74,26,[2 7],75,-1,162,-1,136
1,<environment.Job instance at 0x7f1996f0cbe0>,78,26,[5 4],79,-1,169,-1,143
1,<environment.Job instance at 0x7f1996f0c190>,79,26,[ 1 10],80,-1,181,-1,155
1,<environment.Job instance at 0x7f1996f0c320>,84,28,[14  3],85,-1,186,-1,158
1,<environment.Job instance at 0x7f1996f0c870>,73,23,[10  4],74,-1,184,-1,161
1,<environment.Job instance at 0x7f199698c280>,89,17,[ 2 12],90,-1,184,-1,167
1,<environment.Job instance at 0x7f199719d550>,92,13,[ 5 11],93,-1,186,-1,173
1,<environment.Job instance at 0x7f1996679050>,0,24,[5 6],1,-1,25,-1,1
1,<environment.Job instance at 0x7f1996679690>,1,15,[4 9],2,-1,17,-1,2
1,<environment.Job instance at 0x7f19966f73c0>,4,23,[8 5],5,-1,28,-1,5
1,<environment.Job instance at 0x7f19966f7e10>,9,28,[2 5],10,-1,38,-1,10
1,<environment.Job instance at 0x7f19966f79b0>,14,14,[3 7],15,-1,29,-1,15
1,<environment.Job instance at 0x7f19966f7640>,15,27,[5 8],16,-1,43,-1,16
1,<environment.Job instance at 0x7f19966795f0>,11,22,[9 4],12,-1,38,-1,16
1,<environment.Job instance at 0x7f19966f7af0>,18,15,[ 5 12],19,-1,35,-1,20
1,<environment.Job instance at 0x7f19966f7a00>,19,16,[5 8],20,-1,36,-1,20
1,<environment.Job instance at 0x7f19966f7a50>,22,22,[3 8],23,-1,46,-1,24
1,<environment.Job instance at 0x7f19972d4a00>,0,24,[5 6],1,-1,25,-1,1
1,<environment.Job instance at 0x7f19972d4870>,3,17,[ 3 14],4,-1,21,-1,4
1,<environment.Job instance at 0x7f19972e89b0>,4,23,[8 5],5,-1,28,-1,5
1,<environment.Job instance at 0x7f199765c500>,9,28,[2 5],10,-1,38,-1,10
1,<environment.Job instance at 0x7f19972cebe0>,10,28,[ 2 14],11,-1,39,-1,11
1,<environment.Job instance at 0x7f1997686320>,13,24,[10  1],14,-1,41,-1,17
1,<environment.Job instance at 0x7f1997669aa0>,15,27,[5 8],16,-1,44,-1,17
1,<environment.Job instance at 0x7f19976698c0>,17,12,[13  5],18,-1,30,-1,18
1,<environment.Job instance at 0x7f1997669370>,18,15,[ 5 12],19,-1,34,-1,19
1,<environment.Job instance at 0x7f19976694b0>,20,23,[10  4],21,-1,45,-1,22
1,<environment.Job instance at 0x7f199767e730>,26,26,[5 8],27,-1,60,-1,34
1,<environment.Job instance at 0x7f1997678a00>,29,16,[ 3 14],30,-1,52,-1,36
1,<environment.Job instance at 0x7f199766d190>,32,15,[13  3],33,-1,62,-1,47
1,<environment.Job instance at 0x7f199766d0a0>,34,26,[6 2],35,-1,74,-1,48
1,<environment.Job instance at 0x7f199767efa0>,25,24,[10  1],26,-1,85,-1,61
1,<environment.Job instance at 0x7f19976710a0>,37,26,[13  4],38,-1,87,-1,61
1,<environment.Job instance at 0x7f199765fd20>,39,23,[14  1],40,-1,84,-1,61
1,<environment.Job instance at 0x7f1996de7910>,40,14,[ 1 12],41,-1,75,-1,61
1,<environment.Job instance at 0x7f199765fb40>,41,17,[14  4],42,-1,78,-1,61
1,<environment.Job instance at 0x7f19972bdbe0>,45,24,[8 2],46,-1,99,-1,75
1,<environment.Job instance at 0x7f1997e025a0>,46,27,[ 3 13],47,-1,102,-1,75
1,<environment.Job instance at 0x7f19972bd780>,47,18,[ 2 12],48,-1,93,-1,75
1,<environment.Job instance at 0x7f19972bd6e0>,52,3,[11  4],53,-1,94,-1,91
1,<environment.Job instance at 0x7f19972bda00>,53,24,[13  3],54,-1,115,-1,91
1,<environment.Job instance at 0x7f19972bdc80>,55,27,[7 4],56,-1,135,-1,108
1,<environment.Job instance at 0x7f19972bd140>,56,26,[ 1 10],57,-1,137,-1,111
1,<environment.Job instance at 0x7f19972bd280>,59,18,[ 4 11],60,-1,129,-1,111
1,<environment.Job instance at 0x7f199709e5f0>,65,21,[ 2 14],66,-1,136,-1,115
1,<environment.Job instance at 0x7f19972bdd20>,66,18,[13  5],67,-1,133,-1,115
1,<environment.Job instance at 0x7f19968f5fa0>,67,20,[ 4 11],68,-1,135,-1,115
1,<environment.Job instance at 0x7f19976b04b0>,73,15,[13  4],74,-1,159,-1,144
1,<environment.Job instance at 0x7f1997d032d0>,76,16,[11  4],77,-1,174,-1,158
1,<environment.Job instance at 0x7f1997d03280>,78,15,[ 4 11],79,-1,175,-1,160
1,<environment.Job instance at 0x7f1997e06fa0>,81,25,[ 5 10],82,-1,203,-1,178
1,<environment.Job instance at 0x7f1997df8460>,84,17,[ 2 14],85,-1,195,-1,178
1,<environment.Job instance at 0x7f1997df8c30>,85,13,[13  4],86,-1,191,-1,178
1,<environment.Job instance at 0x7f1997df84b0>,86,3,[12  2],87,-1,181,-1,178
1,<environment.Job instance at 0x7f19975406e0>,0,22,[ 4 10],1,-1,23,-1,1
1,<environment.Job instance at 0x7f1997540e60>,1,28,[6 3],2,-1,30,-1,2
1,<environment.Job instance at 0x7f1997540dc0>,2,19,[1 6],3,-1,22,-1,3
1,<environment.Job instance at 0x7f1997540aa0>,5,24,[1 7],6,-1,30,-1,6
1,<environment.Job instance at 0x7f1997540af0>,8,17,[10  2],9,-1,28,-1,11
1,<environment.Job instance at 0x7f19975409b0>,11,21,[5 5],12,-1,33,-1,12
1,<environment.Job instance at 0x7f1997540320>,12,13,[ 5 10],13,-1,26,-1,13
1,<environment.Job instance at 0x7f1996ec3780>,14,18,[7 5],15,-1,33,-1,15
1,<environment.Job instance at 0x7f1996ec34b0>,16,16,[6 3],17,-1,33,-1,17
1,<environment.Job instance at 0x7f1996ec3d70>,18,17,[5 3],19,-1,37,-1,20
1,<environment.Job instance at 0x7f1997540f50>,10,13,[4 6],11,-1,37,-1,24
1,<environment.Job instance at 0x7f1996ec3c80>,30,20,[9 3],31,-1,51,-1,31
1,<environment.Job instance at 0x7f199677d8c0>,1,28,[6 3],2,-1,30,-1,2
1,<environment.Job instance at 0x7f1996dd4050>,4,2,[13  2],5,-1,7,-1,5
1,<environment.Job instance at 0x7f19972c4fa0>,6,27,[ 5 12],7,-1,34,-1,7
1,<environment.Job instance at 0x7f19969f6c30>,7,17,[ 1 11],8,-1,25,-1,8
1,<environment.Job instance at 0x7f19972c4d20>,5,24,[1 7],6,-1,47,-1,23
1,<environment.Job instance at 0x7f19972c3aa0>,13,23,[ 4 11],14,-1,46,-1,23
1,<environment.Job instance at 0x7f19a04dacd0>,17,17,[11  3],18,-1,52,-1,35
1,<environment.Job instance at 0x7f19972e32d0>,21,25,[3 6],22,-1,76,-1,51
1,<environment.Job instance at 0x7f1997dfd320>,22,1,[ 2 12],23,-1,52,-1,51
1,<environment.Job instance at 0x7f1997dac870>,23,14,[14  4],24,-1,65,-1,51
1,<environment.Job instance at 0x7f1996ec71e0>,24,17,[ 3 14],25,-1,68,-1,51
1,<environment.Job instance at 0x7f1997df8460>,31,23,[13  2],32,-1,102,-1,79
1,<environment.Job instance at 0x7f1997df8c30>,32,14,[12  4],33,-1,93,-1,79
1,<environment.Job instance at 0x7f19973d0910>,34,24,[14  1],35,-1,106,-1,82
1,<environment.Job instance at 0x7f1997671dc0>,36,25,[14  2],37,-1,107,-1,82
1,<environment.Job instance at 0x7f1997df8b40>,33,25,[ 2 10],34,-1,117,-1,92
1,<environment.Job instance at 0x7f1996a2a7d0>,38,28,[5 9],39,-1,120,-1,92
1,<environment.Job instance at 0x7f1997417410>,40,28,[6 1],41,-1,122,-1,94
1,<environment.Job instance at 0x7f19969bcaf0>,45,23,[7 5],46,-1,133,-1,110
1,<environment.Job instance at 0x7f199796aa50>,50,18,[ 5 11],51,-1,134,-1,116
1,<environment.Job instance at 0x7f199796ab40>,52,1,[14  4],53,-1,127,-1,126
1,<environment.Job instance at 0x7f19a04a8eb0>,53,3,[11  4],54,-1,129,-1,126
1,<environment.Job instance at 0x7f19a06637d0>,60,23,[13  4],61,-1,174,-1,151
1,<environment.Job instance at 0x7f19977b8be0>,61,17,[12  2],62,-1,168,-1,151
1,<environment.Job instance at 0x7f19974a19b0>,10,18,[2 9],11,-1,29,-1,11
1,<environment.Job instance at 0x7f19974a14b0>,14,25,[4 6],15,-1,40,-1,15
1,<environment.Job instance at 0x7f1997417d20>,21,18,[5 5],22,-1,40,-1,22
1,<environment.Job instance at 0x7f1997ddba50>,32,18,[ 3 10],33,-1,85,-1,67
1,<environment.Job instance at 0x7f1997e32e60>,1,12,[ 5 14],2,-1,14,-1,2
1,<environment.Job instance at 0x7f1997e15780>,4,25,[ 5 14],5,-1,30,-1,5
1,<environment.Job instance at 0x7f199766d190>,5,15,[12  1],6,-1,21,-1,6
1,<environment.Job instance at 0x7f199766d960>,8,2,[ 3 12],9,-1,11,-1,9
1,<environment.Job instance at 0x7f19972cebe0>,14,25,[4 6],15,-1,45,-1,20
1,<environment.Job instance at 0x7f19972f08c0>,15,21,[ 5 11],16,-1,41,-1,20
1,<environment.Job instance at 0x7f19972f0dc0>,19,18,[ 3 14],20,-1,41,-1,23
1,<environment.Job instance at 0x7f19972f0640>,20,2,[14  4],21,-1,25,-1,23
1,<environment.Job instance at 0x7f19972f4820>,22,16,[12  2],23,-1,39,-1,23
1,<environment.Job instance at 0x7f1997669a50>,23,13,[ 4 14],24,-1,37,-1,24
1,<environment.Job instance at 0x7f19972f45f0>,26,13,[14  3],27,-1,49,-1,36
1,<environment.Job instance at 0x7f1997d031e0>,31,12,[11  5],32,-1,63,-1,51
1,<environment.Job instance at 0x7f19972bdf50>,34,14,[ 5 11],35,-1,69,-1,55
1,<environment.Job instance at 0x7f19972bd320>,35,17,[ 3 14],36,-1,72,-1,55
1,<environment.Job instance at 0x7f19972bd9b0>,36,23,[7 5],37,-1,90,-1,67
1,<environment.Job instance at 0x7f19972bd910>,38,23,[1 5],39,-1,90,-1,67
1,<environment.Job instance at 0x7f19972bda00>,40,26,[ 1 11],41,-1,93,-1,67
1,<environment.Job instance at 0x7f19972bde60>,41,12,[13  4],42,-1,79,-1,67
1,<environment.Job instance at 0x7f19972bd730>,43,15,[ 1 11],44,-1,84,-1,69
1,<environment.Job instance at 0x7f19972bdcd0>,45,2,[13  4],46,-1,74,-1,72
1,<environment.Job instance at 0x7f199767e500>,51,13,[13  4],52,-1,100,-1,87
1,<environment.Job instance at 0x7f19972c6d20>,52,24,[ 1 10],53,-1,113,-1,89
1,<environment.Job instance at 0x7f1997e0f8c0>,57,13,[11  1],58,-1,115,-1,102
1,<environment.Job instance at 0x7f199765fc30>,58,17,[14  5],59,-1,119,-1,102
1,<environment.Job instance at 0x7f199765fb40>,59,14,[13  2],60,-1,116,-1,102
1,<environment.Job instance at 0x7f1997678280>,60,16,[ 5 13],61,-1,118,-1,102
1,<environment.Job instance at 0x7f1997678fa0>,61,28,[14  3],62,-1,130,-1,102
1,<environment.Job instance at 0x7f1997678b40>,63,13,[ 3 13],64,-1,127,-1,114
1,<environment.Job instance at 0x7f19976c9eb0>,65,24,[5 5],66,-1,138,-1,114
1,<environment.Job instance at 0x7f1997678730>,66,18,[13  5],67,-1,132,-1,114
1,<environment.Job instance at 0x7f199791b2d0>,68,14,[ 5 14],69,-1,130,-1,116
1,<environment.Job instance at 0x7f1997971af0>,72,12,[ 2 14],73,-1,157,-1,145
1,<environment.Job instance at 0x7f19978daf00>,75,17,[14  4],76,-1,167,-1,150
1,<environment.Job instance at 0x7f19a04a70a0>,76,12,[ 1 13],77,-1,162,-1,150
1,<environment.Job instance at 0x7f1996bb8e60>,80,17,[14  3],81,-1,170,-1,153
1,<environment.Job instance at 0x7f1997514050>,81,1,[ 1 13],82,-1,154,-1,153
1,<environment.Job instance at 0x7f1997deb910>,82,25,[ 4 12],83,-1,178,-1,153
1,<environment.Job instance at 0x7f199720f5f0>,85,13,[ 2 11],86,-1,177,-1,164
1,<environment.Job instance at 0x7f1997debb40>,83,23,[ 1 10],84,-1,189,-1,166
1,<environment.Job instance at 0x7f19969f3a50>,87,14,[14  1],88,-1,180,-1,166
1,<environment.Job instance at 0x7f19969f3910>,88,19,[ 3 11],89,-1,185,-1,166
1,<environment.Job instance at 0x7f1997671d20>,90,15,[14  4],91,-1,181,-1,166
1,<environment.Job instance at 0x7f199777e0a0>,91,28,[4 5],92,-1,206,-1,178
1,<environment.Job instance at 0x7f19972c65f0>,6,22,[1 5],7,-1,30,-1,8
1,<environment.Job instance at 0x7f19972c6730>,9,19,[5 3],10,-1,29,-1,10
1,<environment.Job instance at 0x7f19969f3c80>,12,16,[10  5],13,-1,31,-1,15
1,<environment.Job instance at 0x7f19969f3be0>,15,15,[10  3],16,-1,31,-1,16
1,<environment.Job instance at 0x7f1996b2bc30>,17,17,[ 4 14],18,-1,35,-1,18
1,<environment.Job instance at 0x7f1996b2be10>,18,18,[2 9],19,-1,37,-1,19
1,<environment.Job instance at 0x7f1996b2b1e0>,19,17,[12  4],20,-1,37,-1,20
1,<environment.Job instance at 0x7f1996b2b690>,20,14,[ 3 11],21,-1,35,-1,21
1,<environment.Job instance at 0x7f19975b2190>,0,15,[ 5 14],1,-1,16,-1,1
1,<environment.Job instance at 0x7f19976fce10>,1,3,[ 2 14],2,-1,5,-1,2
1,<environment.Job instance at 0x7f19976fc730>,2,14,[ 3 11],3,-1,17,-1,3
1,<environment.Job instance at 0x7f1996cf31e0>,8,14,[ 2 14],9,-1,23,-1,9
1,<environment.Job instance at 0x7f1996cf3690>,10,23,[14  2],11,-1,34,-1,11
1,<environment.Job instance at 0x7f1996cc2780>,17,17,[ 4 14],18,-1,37,-1,20
1,<environment.Job instance at 0x7f1996cf2aa0>,19,17,[12  4],20,-1,49,-1,32
1,<environment.Job instance at 0x7f1997ca4050>,20,14,[ 3 11],21,-1,46,-1,32
1,<environment.Job instance at 0x7f1996cf2f50>,21,16,[ 4 13],22,-1,48,-1,32
1,<environment.Job instance at 0x7f1996cf2050>,22,24,[ 1 11],23,-1,56,-1,32
1,<environment.Job instance at 0x7f1996cf2af0>,23,17,[ 4 11],24,-1,49,-1,32
1,<environment.Job instance at 0x7f1996cbf5a0>,25,2,[ 2 12],26,-1,34,-1,32
1,<environment.Job instance at 0x7f1996ce7050>,29,25,[8 1],30,-1,65,-1,40
1,<environment.Job instance at 0x7f1996ce7e10>,33,28,[3 6],34,-1,91,-1,63
1,<environment.Job instance at 0x7f1996a35820>,34,20,[14  5],35,-1,83,-1,63
1,<environment.Job instance at 0x7f1996cc4910>,28,27,[ 3 10],29,-1,90,-1,63
1,<environment.Job instance at 0x7f1996ce1aa0>,36,17,[14  1],37,-1,80,-1,63
1,<environment.Job instance at 0x7f1996ce1e60>,38,28,[4 5],39,-1,91,-1,63
1,<environment.Job instance at 0x7f19976fa320>,39,26,[1 7],40,-1,89,-1,63
1,<environment.Job instance at 0x7f19976fa9b0>,41,23,[6 2],42,-1,86,-1,63
1,<environment.Job instance at 0x7f1996ce7f00>,32,23,[5 4],33,-1,86,-1,63
1,<environment.Job instance at 0x7f1996a1da50>,44,27,[3 8],45,-1,91,-1,64
1,<environment.Job instance at 0x7f1996a1d370>,46,2,[ 4 13],47,-1,66,-1,64
1,<environment.Job instance at 0x7f1996a1daa0>,47,27,[10  5],48,-1,91,-1,64
1,<environment.Job instance at 0x7f1996a20e10>,52,18,[14  1],53,-1,98,-1,80
1,<environment.Job instance at 0x7f1996a202d0>,56,24,[7 2],57,-1,122,-1,98
1,<environment.Job instance at 0x7f19976f1370>,60,12,[ 3 14],61,-1,112,-1,100
1,<environment.Job instance at 0x7f19977da370>,61,24,[9 4],62,-1,126,-1,102
1,<environment.Job instance at 0x7f1997240500>,64,13,[12  1],65,-1,118,-1,105
1,<environment.Job instance at 0x7f1997240a50>,67,18,[13  5],68,-1,134,-1,116
1,<environment.Job instance at 0x7f19972778c0>,66,26,[9 5],67,-1,156,-1,130
1,<environment.Job instance at 0x7f1996cec140>,70,23,[5 1],71,-1,155,-1,132
1,<environment.Job instance at 0x7f1997274d70>,74,24,[8 1],75,-1,188,-1,164
1,<environment.Job instance at 0x7f1997937960>,76,25,[12  2],77,-1,189,-1,164
1,<environment.Job instance at 0x7f199793dd70>,79,17,[13  1],80,-1,187,-1,170
1,<environment.Job instance at 0x7f1996d3f370>,5,14,[ 2 10],6,-1,21,-1,7
1,<environment.Job instance at 0x7f1996d3f550>,7,18,[2 7],8,-1,26,-1,8
1,<environment.Job instance at 0x7f1996d68690>,9,15,[8 5],10,-1,26,-1,11
1,<environment.Job instance at 0x7f1996d68500>,10,22,[9 3],11,-1,33,-1,11
1,<environment.Job instance at 0x7f1996d68050>,14,14,[9 5],15,-1,30,-1,16
1,<environment.Job instance at 0x7f1996d68730>,15,21,[14  2],16,-1,37,-1,16
1,<environment.Job instance at 0x7f1996d5bdc0>,29,18,[ 4 11],30,-1,157,-1,139
1,<environment.Job instance at 0x7f1997ae8460>,6,3,[ 3 11],7,-1,10,-1,7
1,<environment.Job instance at 0x7f199743deb0>,8,12,[ 1 13],9,-1,21,-1,9
1,<environment.Job instance at 0x7f199743d3c0>,11,28,[1 5],12,-1,45,-1,17
1,<environment.Job instance at 0x7f1997e04af0>,12,12,[ 4 14],13,-1,29,-1,17
1,<environment.Job instance at 0x7f199724ceb0>,15,21,[14  2],16,-1,41,-1,20
1,<environment.Job instance at 0x7f19973b2b40>,13,28,[8 5],14,-1,53,-1,25
1,<environment.Job instance at 0x7f1997daaf50>,17,14,[ 2 11],18,-1,39,-1,25
1,<environment.Job instance at 0x7f19973193c0>,20,28,[6 5],21,-1,53,-1,25
1,<environment.Job instance at 0x7f1997ad0190>,23,20,[14  4],24,-1,45,-1,25
1,<environment.Job instance at 0x7f1997ccaa00>,24,3,[14  3],25,-1,28,-1,25
1,<environment.Job instance at 0x7f1997cca3c0>,25,18,[12  4],26,-1,44,-1,26
1,<environment.Job instance at 0x7f19a0a41d70>,26,3,[ 4 13],27,-1,30,-1,27
1,<environment.Job instance at 0x7f19977da370>,29,18,[ 4 11],30,-1,57,-1,39
1,<environment.Job instance at 0x7f19977da780>,30,27,[6 5],31,-1,77,-1,50
1,<environment.Job instance at 0x7f1996a7f0a0>,31,27,[ 3 13],32,-1,77,-1,50
1,<environment.Job instance at 0x7f19965a9050>,33,25,[9 4],34,-1,79,-1,54
1,<environment.Job instance at 0x7f1997b822d0>,37,27,[2 8],38,-1,106,-1,79
1,<environment.Job instance at 0x7f1996f26280>,40,27,[8 1],41,-1,113,-1,86
1,<environment.Job instance at 0x7f1997431d20>,44,1,[14  3],45,-1,87,-1,86
1,<environment.Job instance at 0x7f1997431370>,45,25,[1 9],46,-1,121,-1,96
1,<environment.Job instance at 0x7f19974315a0>,46,3,[ 4 12],47,-1,99,-1,96
1,<environment.Job instance at 0x7f1997838550>,47,27,[9 3],48,-1,123,-1,96
1,<environment.Job instance at 0x7f1997838c80>,49,28,[6 2],50,-1,124,-1,96
1,<environment.Job instance at 0x7f1997435e10>,59,1,[13  2],60,-1,128,-1,127
1,<environment.Job instance at 0x7f1997435320>,61,28,[11  1],62,-1,157,-1,129
1,<environment.Job instance at 0x7f19974356e0>,63,26,[13  2],64,-1,155,-1,129
1,<environment.Job instance at 0x7f1997435d70>,64,21,[ 3 11],65,-1,150,-1,129
1,<environment.Job instance at 0x7f1996ebb8c0>,67,25,[6 4],68,-1,168,-1,143
1,<environment.Job instance at 0x7f199787ad70>,70,23,[10  1],71,-1,177,-1,154
1,<environment.Job instance at 0x7f199787aaa0>,71,27,[4 7],72,-1,181,-1,154
1,<environment.Job instance at 0x7f1996ebb140>,73,3,[13  1],74,-1,157,-1,154
1,<environment.Job instance at 0x7f19976f1a00>,76,12,[11  4],77,-1,176,-1,164
1,<environment.Job instance at 0x7f1996c59d70>,80,24,[9 1],81,-1,195,-1,171
1,<environment.Job instance at 0x7f1996c59690>,82,27,[7 5],83,-1,199,-1,172
1,<environment.Job instance at 0x7f19976f15a0>,83,13,[12  4],84,-1,185,-1,172
1,<environment.Job instance at 0x7f19a095d7d0>,84,1,[ 2 14],85,-1,173,-1,172
1,<environment.Job instance at 0x7f19976f1e10>,1,25,[3 6],2,-1,27,-1,2
1,<environment.Job instance at 0x7f1997707730>,8,16,[ 4 10],9,-1,26,-1,10
1,<environment.Job instance at 0x7f19977f6280>,10,18,[ 5 10],11,-1,29,-1,11
1,<environment.Job instance at 0x7f1997806af0>,13,27,[1 7],14,-1,41,-1,14
1,<environment.Job instance at 0x7f19977fe820>,17,23,[8 1],18,-1,41,-1,18
1,<environment.Job instance at 0x7f19977fea50>,26,28,[10  1],27,-1,130,-1,102
1,<environment.Job instance at 0x7f199743a190>,29,18,[11  2],30,-1,120,-1,102
1,<environment.Job instance at 0x7f199743a5a0>,35,22,[7 5],36,-1,125,-1,103
1,<environment.Job instance at 0x7f199743ab90>,34,17,[10  2],35,-1,121,-1,104
1,<environment.Job instance at 0x7f19977febe0>,27,19,[7 2],28,-1,126,-1,107
1,<environment.Job instance at 0x7f199743ae60>,43,23,[9 3],44,-1,130,-1,107
1,<environment.Job instance at 0x7f199743a320>,45,16,[12  1],46,-1,131,-1,115
1,<environment.Job instance at 0x7f199743a8c0>,46,14,[5 4],47,-1,129,-1,115
1,<environment.Job instance at 0x7f199743aa50>,48,18,[6 2],49,-1,135,-1,117
1,<environment.Job instance at 0x7f199743a280>,47,18,[ 4 11],48,-1,135,-1,117
1,<environment.Job instance at 0x7f199743a500>,39,17,[ 3 14],40,-1,134,-1,117
1,<environment.Job instance at 0x7f1997ad5280>,51,18,[12  1],52,-1,136,-1,118
1,<environment.Job instance at 0x7f199743a1e0>,49,15,[4 5],50,-1,133,-1,118
1,<environment.Job instance at 0x7f1997ad5050>,53,28,[2 9],54,-1,146,-1,118
1,<environment.Job instance at 0x7f1997ad50f0>,54,25,[5 6],55,-1,143,-1,118
1,<environment.Job instance at 0x7f1997ad5230>,55,18,[2 7],56,-1,136,-1,118
1,<environment.Job instance at 0x7f1997ad51e0>,56,16,[10  5],57,-1,135,-1,119
1,<environment.Job instance at 0x7f1997ad5be0>,58,13,[10  5],59,-1,132,-1,119
1,<environment.Job instance at 0x7f1997ad5140>,60,26,[8 2],61,-1,147,-1,121
1,<environment.Job instance at 0x7f199743a230>,32,17,[10  1],33,-1,142,-1,125
1,<environment.Job instance at 0x7f1997ad55f0>,64,27,[5 8],65,-1,152,-1,125
1,<environment.Job instance at 0x7f1997ad5b90>,66,22,[ 1 13],67,-1,147,-1,125
1,<environment.Job instance at 0x7f1997ad50a0>,67,19,[4 9],68,-1,144,-1,125
1,<environment.Job instance at 0x7f1997ad5e60>,68,21,[ 5 13],69,-1,147,-1,126
1,<environment.Job instance at 0x7f1997ad56e0>,63,18,[10  1],64,-1,144,-1,126
1,<environment.Job instance at 0x7f1997ad5cd0>,70,17,[5 3],71,-1,143,-1,126
1,<environment.Job instance at 0x7f1997aeff50>,72,27,[8 4],73,-1,153,-1,126
1,<environment.Job instance at 0x7f1997aefdc0>,79,28,[5 4],80,-1,200,-1,172
1,<environment.Job instance at 0x7f1996bc3e60>,0,3,[12  5],1,-1,4,-1,1
1,<environment.Job instance at 0x7f1996bc3190>,1,25,[3 6],2,-1,27,-1,2
1,<environment.Job instance at 0x7f1996bc3fa0>,4,16,[13  1],5,-1,21,-1,5
1,<environment.Job instance at 0x7f1996bc3870>,7,28,[5 8],8,-1,38,-1,10
1,<environment.Job instance at 0x7f1996bc3960>,9,13,[14  5],10,-1,23,-1,10
1,<environment.Job instance at 0x7f19972370a0>,11,17,[13  3],12,-1,29,-1,12
1,<environment.Job instance at 0x7f19975e9320>,15,13,[12  4],16,-1,29,-1,16
1,<environment.Job instance at 0x7f19972379b0>,13,27,[1 7],14,-1,53,-1,26
1,<environment.Job instance at 0x7f19975e9d20>,17,23,[8 1],18,-1,49,-1,26
1,<environment.Job instance at 0x7f1996d8fa00>,19,16,[ 5 12],20,-1,42,-1,26
1,<environment.Job instance at 0x7f1997ee1f50>,24,28,[13  1],25,-1,57,-1,29
1,<environment.Job instance at 0x7f1997151960>,26,28,[10  1],27,-1,65,-1,37
1,<environment.Job instance at 0x7f1996e79050>,29,18,[11  2],30,-1,55,-1,37
1,<environment.Job instance at 0x7f1996ec3910>,36,18,[14  3],37,-1,80,-1,62
1,<environment.Job instance at 0x7f1996df9a50>,37,3,[ 3 12],38,-1,65,-1,62
1,<environment.Job instance at 0x7f1996c59690>,38,21,[ 3 11],39,-1,83,-1,62
1,<environment.Job instance at 0x7f1996df9aa0>,39,17,[ 3 14],40,-1,79,-1,62
1,<environment.Job instance at 0x7f1996c6c0f0>,42,2,[11  2],43,-1,68,-1,66
1,<environment.Job instance at 0x7f1996c6ceb0>,43,23,[9 3],44,-1,92,-1,69
1,<environment.Job instance at 0x7f19a05d88c0>,45,16,[12  1],46,-1,85,-1,69
1,<environment.Job instance at 0x7f19a05d8c80>,47,18,[ 4 11],48,-1,89,-1,71
1,<environment.Job instance at 0x7f1996f26500>,51,18,[12  1],52,-1,101,-1,83
1,<environment.Job instance at 0x7f19977da550>,54,25,[5 6],55,-1,131,-1,106
1,<environment.Job instance at 0x7f1997543690>,53,28,[2 9],54,-1,134,-1,106
1,<environment.Job instance at 0x7f19973193c0>,60,26,[8 2],61,-1,159,-1,133
1,<environment.Job instance at 0x7f19973b28c0>,64,27,[5 8],65,-1,165,-1,138
1,<environment.Job instance at 0x7f1997de5050>,66,22,[ 1 13],67,-1,160,-1,138
1,<environment.Job instance at 0x7f1997806320>,68,21,[ 5 13],69,-1,163,-1,142
1,<environment.Job instance at 0x7f1997aef5a0>,71,26,[1 8],72,-1,186,-1,160
1,<environment.Job instance at 0x7f1996748e10>,75,20,[11  2],76,-1,183,-1,163
1,<environment.Job instance at 0x7f19977fe960>,72,27,[8 4],73,-1,197,-1,170
1,<environment.Job instance at 0x7f19967485f0>,78,3,[ 3 12],79,-1,173,-1,170
1,<environment.Job instance at 0x7f1996748c30>,79,28,[5 4],80,-1,198,-1,170
1,<environment.Job instance at 0x7f1997afc8c0>,80,12,[ 2 13],81,-1,182,-1,170
1,<environment.Job instance at 0x7f1997ea4b90>,81,26,[13  3],82,-1,196,-1,170
1,<environment.Job instance at 0x7f199782cf00>,0,17,[ 4 10],1,-1,18,-1,1
1,<environment.Job instance at 0x7f199782ca00>,2,19,[8 2],3,-1,23,-1,4
1,<environment.Job instance at 0x7f199782c370>,4,18,[ 3 11],5,-1,23,-1,5
1,<environment.Job instance at 0x7f199782ca50>,7,18,[7 5],8,-1,26,-1,8
1,<environment.Job instance at 0x7f199782cb90>,8,16,[5 5],9,-1,25,-1,9
1,<environment.Job instance at 0x7f19977772d0>,1,20,[ 1 11],2,-1,22,-1,2
1,<environment.Job instance at 0x7f1997010be0>,4,18,[ 3 11],5,-1,23,-1,5
1,<environment.Job instance at 0x7f199778acd0>,5,24,[14  5],6,-1,30,-1,6
1,<environment.Job instance at 0x7f199778a4b0>,10,12,[ 1 11],11,-1,30,-1,18
1,<environment.Job instance at 0x7f1997316500>,12,19,[11  1],13,-1,41,-1,22
1,<environment.Job instance at 0x7f1996bb98c0>,13,24,[5 3],14,-1,48,-1,24
1,<environment.Job instance at 0x7f199766a2d0>,17,16,[ 1 13],18,-1,52,-1,36
1,<environment.Job instance at 0x7f19970b1fa0>,20,24,[13  4],21,-1,63,-1,39
1,<environment.Job instance at 0x7f199774ceb0>,21,21,[ 1 12],22,-1,60,-1,39
1,<environment.Job instance at 0x7f1996bb22d0>,22,25,[4 8],23,-1,77,-1,52
1,<environment.Job instance at 0x7f1997655370>,26,25,[5 8],27,-1,77,-1,52
1,<environment.Job instance at 0x7f19977fa0f0>,28,14,[12  4],29,-1,66,-1,52
1,<environment.Job instance at 0x7f199773b6e0>,33,3,[ 3 11],34,-1,74,-1,71
1,<environment.Job instance at 0x7f199773b320>,34,14,[12  4],35,-1,85,-1,71
1,<environment.Job instance at 0x7f1997693b40>,35,23,[5 2],36,-1,94,-1,71
1,<environment.Job instance at 0x7f1997693410>,36,16,[12  4],37,-1,87,-1,71
1,<environment.Job instance at 0x7f1997693820>,38,12,[11  2],39,-1,96,-1,84
1,<environment.Job instance at 0x7f19977718c0>,43,14,[ 3 14],44,-1,112,-1,98
1,<environment.Job instance at 0x7f1997771910>,45,27,[3 5],46,-1,128,-1,101
1,<environment.Job instance at 0x7f1996ed40a0>,48,24,[12  4],49,-1,139,-1,115
1,<environment.Job instance at 0x7f1996ef6e10>,51,22,[ 1 11],52,-1,141,-1,119
1,<environment.Job instance at 0x7f1996eed280>,55,2,[11  1],56,-1,147,-1,145
1,<environment.Job instance at 0x7f1996eed3c0>,56,2,[11  3],57,-1,147,-1,145
1,<environment.Job instance at 0x7f1996ed9c30>,57,19,[11  3],58,-1,164,-1,145
1,<environment.Job instance at 0x7f199767dc80>,58,17,[12  2],59,-1,162,-1,145
1,<environment.Job instance at 0x7f1996ed9dc0>,60,19,[ 4 11],61,-1,164,-1,145
1,<environment.Job instance at 0x7f1997781320>,67,13,[13  3],68,-1,166,-1,153
1,<environment.Job instance at 0x7f1997781140>,71,1,[12  1],72,-1,163,-1,162
1,<environment.Job instance at 0x7f1996ecdaa0>,75,23,[5 2],76,-1,194,-1,171
1,<environment.Job instance at 0x7f1996ee9870>,76,3,[14  4],77,-1,174,-1,171
1,<environment.Job instance at 0x7f1996ee9a00>,79,25,[2 6],80,-1,202,-1,177
1,<environment.Job instance at 0x7f199778fd20>,82,16,[14  3],83,-1,193,-1,177
1,<environment.Job instance at 0x7f199778f5a0>,83,16,[ 5 12],84,-1,193,-1,177
1,<environment.Job instance at 0x7f1996b8ec30>,5,16,[9 2],6,-1,24,-1,8
1,<environment.Job instance at 0x7f1996b8e7d0>,13,19,[ 5 10],14,-1,51,-1,32
1,<environment.Job instance at 0x7f1996ee9c30>,0,15,[ 5 11],1,-1,16,-1,1
1,<environment.Job instance at 0x7f1996ee9910>,3,16,[12  1],4,-1,20,-1,4
1,<environment.Job instance at 0x7f1996ee8eb0>,4,1,[11  4],5,-1,6,-1,5
1,<environment.Job instance at 0x7f1996ee8050>,8,2,[ 2 11],9,-1,11,-1,9
1,<environment.Job instance at 0x7f1996ed9dc0>,9,17,[ 2 13],10,-1,27,-1,10
1,<environment.Job instance at 0x7f1996ed9b90>,10,13,[13  3],11,-1,24,-1,11
1,<environment.Job instance at 0x7f1996ee9730>,12,17,[13  4],13,-1,30,-1,13
1,<environment.Job instance at 0x7f19973425a0>,16,13,[ 1 11],17,-1,33,-1,20
1,<environment.Job instance at 0x7f199774ceb0>,17,16,[14  3],18,-1,36,-1,20
1,<environment.Job instance at 0x7f19977d5b90>,18,1,[ 5 13],19,-1,21,-1,20
1,<environment.Job instance at 0x7f1996bb2b90>,19,14,[ 3 12],20,-1,34,-1,20
1,<environment.Job instance at 0x7f19970b1820>,23,22,[14  4],24,-1,46,-1,24
1,<environment.Job instance at 0x7f19977dfe10>,26,14,[ 2 12],27,-1,41,-1,27
1,<environment.Job instance at 0x7f1996eed3c0>,27,17,[11  3],28,-1,45,-1,28
1,<environment.Job instance at 0x7f1997780e60>,32,1,[ 5 14],33,-1,40,-1,39
1,<environment.Job instance at 0x7f19977803c0>,31,24,[9 2],32,-1,65,-1,41
1,<environment.Job instance at 0x7f1997781f50>,38,12,[14  3],39,-1,56,-1,44
1,<environment.Job instance at 0x7f199773bfa0>,42,26,[2 7],43,-1,85,-1,59
1,<environment.Job instance at 0x7f199766a2d0>,43,24,[14  2],44,-1,83,-1,59
1,<environment.Job instance at 0x7f1997663a00>,45,2,[ 1 11],46,-1,61,-1,59
1,<environment.Job instance at 0x7f19976630f0>,44,23,[2 9],45,-1,91,-1,68
1,<environment.Job instance at 0x7f1996b8e190>,49,24,[8 3],50,-1,111,-1,87
1,<environment.Job instance at 0x7f19970b7230>,52,2,[12  3],53,-1,89,-1,87
1,<environment.Job instance at 0x7f19970b7410>,54,15,[14  1],55,-1,104,-1,89
1,<environment.Job instance at 0x7f19970b7aa0>,55,3,[ 3 11],56,-1,92,-1,89
1,<environment.Job instance at 0x7f1997c50b90>,62,16,[ 4 12],63,-1,138,-1,122
1,<environment.Job instance at 0x7f199652fd70>,66,27,[2 5],67,-1,179,-1,152
1,<environment.Job instance at 0x7f199652f140>,67,1,[ 2 13],68,-1,153,-1,152
1,<environment.Job instance at 0x7f199652fc80>,68,14,[14  5],69,-1,166,-1,152
1,<environment.Job instance at 0x7f1996bf0460>,69,26,[ 3 14],70,-1,178,-1,152
1,<environment.Job instance at 0x7f19968abd70>,70,14,[13  5],71,-1,166,-1,152
1,<environment.Job instance at 0x7f1997c30280>,74,15,[ 3 14],75,-1,182,-1,167
1,<environment.Job instance at 0x7f1996d97d70>,75,17,[13  4],76,-1,184,-1,167
1,<environment.Job instance at 0x7f1996b725a0>,4,16,[9 2],5,-1,22,-1,6
1,<environment.Job instance at 0x7f1996b72460>,6,21,[10  4],7,-1,29,-1,8
1,<environment.Job instance at 0x7f1996b72820>,8,17,[10  5],9,-1,26,-1,9
1,<environment.Job instance at 0x7f1996b726e0>,7,12,[9 2],8,-1,21,-1,9
1,<environment.Job instance at 0x7f1996b729b0>,11,17,[10  2],12,-1,35,-1,18
1,<environment.Job instance at 0x7f1996b72cd0>,18,26,[4 7],19,-1,45,-1,19
1,<environment.Job instance at 0x7f1996b4d0a0>,20,18,[9 3],21,-1,39,-1,21
1,<environment.Job instance at 0x7f1996b4d460>,24,19,[1 9],25,-1,44,-1,25
1,<environment.Job instance at 0x7f1996b4d4b0>,25,21,[10  5],26,-1,53,-1,32
1,<environment.Job instance at 0x7f1996deb640>,1,13,[ 5 11],2,-1,15,-1,2
1,<environment.Job instance at 0x7f1996532fa0>,5,13,[ 3 13],6,-1,19,-1,6
1,<environment.Job instance at 0x7f1996d8a690>,10,16,[11  1],11,-1,31,-1,15
1,<environment.Job instance at 0x7f1996d8aa50>,9,25,[9 3],10,-1,40,-1,15
1,<environment.Job instance at 0x7f1996d8aeb0>,12,13,[ 5 12],13,-1,28,-1,15
1,<environment.Job instance at 0x7f1996d8ad70>,18,26,[4 7],19,-1,56,-1,30
1,<environment.Job instance at 0x7f19973d71e0>,21,1,[ 2 14],22,-1,31,-1,30
1,<environment.Job instance at 0x7f1996563b90>,22,1,[ 3 13],23,-1,31,-1,30
1,<environment.Job instance at 0x7f1996563d20>,23,12,[ 2 13],24,-1,42,-1,30
1,<environment.Job instance at 0x7f1996e61d70>,27,16,[13  5],28,-1,64,-1,48
1,<environment.Job instance at 0x7f1996e61b40>,29,3,[11  5],30,-1,51,-1,48
1,<environment.Job instance at 0x7f1996e61c30>,30,23,[ 2 13],31,-1,71,-1,48
1,<environment.Job instance at 0x7f1996e61320>,31,18,[ 4 14],32,-1,66,-1,48
1,<environment.Job instance at 0x7f1996e74f00>,32,24,[3 5],33,-1,86,-1,62
1,<environment.Job instance at 0x7f1996e74410>,33,26,[6 5],34,-1,88,-1,62
1,<environment.Job instance at 0x7f1996e74500>,35,27,[1 5],36,-1,89,-1,62
1,<environment.Job instance at 0x7f199688bc30>,37,17,[12  2],38,-1,81,-1,64
1,<environment.Job instance at 0x7f199688bbe0>,38,23,[6 1],39,-1,87,-1,64
1,<environment.Job instance at 0x7f19973d5a50>,40,20,[ 1 14],41,-1,84,-1,64
1,<environment.Job instance at 0x7f19973d5460>,41,1,[ 1 11],42,-1,65,-1,64
1,<environment.Job instance at 0x7f19973d55f0>,43,14,[11  5],44,-1,93,-1,79
1,<environment.Job instance at 0x7f1996d838c0>,47,28,[6 4],48,-1,125,-1,97
1,<environment.Job instance at 0x7f1996db89b0>,51,2,[13  3],52,-1,112,-1,110
1,<environment.Job instance at 0x7f1996db8690>,52,28,[4 8],53,-1,150,-1,122
1,<environment.Job instance at 0x7f1996db8e10>,54,12,[14  5],55,-1,134,-1,122
1,<environment.Job instance at 0x7f1996db8c80>,55,12,[ 2 14],56,-1,134,-1,122
1,<environment.Job instance at 0x7f1996bda190>,57,28,[2 6],58,-1,160,-1,132
1,<environment.Job instance at 0x7f1996e6bdc0>,60,16,[11  4],61,-1,148,-1,132
1,<environment.Job instance at 0x7f199791bf50>,62,22,[12  5],63,-1,156,-1,134
1,<environment.Job instance at 0x7f1996799b40>,65,14,[ 5 14],66,-1,152,-1,138
1,<environment.Job instance at 0x7f1996799be0>,66,25,[8 3],67,-1,163,-1,138
1,<environment.Job instance at 0x7f19977ec460>,68,17,[ 1 12],69,-1,155,-1,138
1,<environment.Job instance at 0x7f1996e6a910>,72,12,[13  5],73,-1,164,-1,152
1,<environment.Job instance at 0x7f19968b22d0>,74,16,[ 2 11],75,-1,177,-1,161
1,<environment.Job instance at 0x7f1996e75a50>,76,22,[ 2 12],77,-1,185,-1,163
1,<environment.Job instance at 0x7f1997155190>,77,15,[ 4 13],78,-1,178,-1,163
1,<environment.Job instance at 0x7f199750b3c0>,78,28,[7 2],79,-1,194,-1,166
1,<environment.Job instance at 0x7f19a08d80a0>,15,16,[10  3],16,-1,34,-1,18
1,<environment.Job instance at 0x7f19a08d8870>,14,16,[12  1],15,-1,34,-1,18
1,<environment.Job instance at 0x7f19966e52d0>,0,27,[ 4 11],1,-1,28,-1,1
1,<environment.Job instance at 0x7f19966e5fa0>,1,18,[12  2],2,-1,20,-1,2
1,<environment.Job instance at 0x7f19966e57d0>,2,24,[ 2 13],3,-1,27,-1,3
1,<environment.Job instance at 0x7f19966e54b0>,3,13,[ 1 11],4,-1,17,-1,4
1,<environment.Job instance at 0x7f19965060f0>,8,15,[13  2],9,-1,24,-1,9
1,<environment.Job instance at 0x7f1996b72230>,10,16,[ 1 12],11,-1,27,-1,11
1,<environment.Job instance at 0x7f1996b72500>,9,23,[ 1 10],10,-1,43,-1,20
1,<environment.Job instance at 0x7f1996b4d0f0>,14,16,[12  1],15,-1,36,-1,20
1,<environment.Job instance at 0x7f1996b4d140>,11,24,[10  2],12,-1,46,-1,22
1,<environment.Job instance at 0x7f1996519690>,19,15,[14  1],20,-1,37,-1,22
1,<environment.Job instance at 0x7f19965196e0>,21,24,[14  5],22,-1,46,-1,22
1,<environment.Job instance at 0x7f1996ee9a00>,22,25,[ 3 14],23,-1,48,-1,23
1,<environment.Job instance at 0x7f1996ed9c30>,29,17,[12  3],30,-1,71,-1,54
1,<environment.Job instance at 0x7f19977718c0>,31,13,[ 5 14],32,-1,67,-1,54
1,<environment.Job instance at 0x7f19977df230>,33,15,[ 4 11],34,-1,79,-1,64
1,<environment.Job instance at 0x7f19977803c0>,39,17,[ 5 13],40,-1,106,-1,89
1,<environment.Job instance at 0x7f1997780730>,40,18,[ 1 13],41,-1,107,-1,89
1,<environment.Job instance at 0x7f1997780870>,41,14,[12  3],42,-1,103,-1,89
1,<environment.Job instance at 0x7f1997780f00>,43,24,[ 2 10],44,-1,127,-1,103
1,<environment.Job instance at 0x7f19977804b0>,42,28,[ 1 10],43,-1,131,-1,103
1,<environment.Job instance at 0x7f1997781d70>,46,25,[14  2],47,-1,128,-1,103
1,<environment.Job instance at 0x7f1997781960>,48,17,[14  3],49,-1,122,-1,105
1,<environment.Job instance at 0x7f199766a640>,54,23,[11  2],55,-1,148,-1,125
1,<environment.Job instance at 0x7f1996b8e870>,55,28,[5 5],56,-1,155,-1,127
1,<environment.Job instance at 0x7f19970b7dc0>,58,22,[ 3 14],59,-1,149,-1,127
1,<environment.Job instance at 0x7f1997324f50>,64,18,[ 4 11],65,-1,165,-1,147
1,<environment.Job instance at 0x7f199654ce60>,67,19,[13  5],68,-1,179,-1,160
1,<environment.Job instance at 0x7f1997dcd7d0>,13,23,[ 1 11],14,-1,64,-1,41
1,<environment.Job instance at 0x7f19967e1b90>,19,20,[ 5 10],20,-1,61,-1,41
1,<environment.Job instance at 0x7f1996610aa0>,0,1,[13  1],1,-1,2,-1,1
1,<environment.Job instance at 0x7f1996610050>,1,14,[12  5],2,-1,16,-1,2
1,<environment.Job instance at 0x7f1996610f50>,2,21,[14  4],3,-1,24,-1,3
1,<environment.Job instance at 0x7f19977ec460>,8,28,[ 5 13],9,-1,37,-1,9
1,<environment.Job instance at 0x7f199750b3c0>,10,13,[ 3 11],11,-1,24,-1,11
1,<environment.Job instance at 0x7f1997324f50>,13,23,[ 1 11],14,-1,37,-1,14
1,<environment.Job instance at 0x7f199766a640>,15,18,[ 1 11],16,-1,34,-1,16
1,<environment.Job instance at 0x7f199773beb0>,16,22,[ 4 13],17,-1,39,-1,17
1,<environment.Job instance at 0x7f1996ed9d70>,25,14,[14  2],26,-1,43,-1,29
1,<environment.Job instance at 0x7f19966cd230>,27,24,[5 8],28,-1,66,-1,42
1,<environment.Job instance at 0x7f1997dc64b0>,30,22,[ 2 14],31,-1,65,-1,43
1,<environment.Job instance at 0x7f1996639e60>,31,16,[ 4 13],32,-1,59,-1,43
1,<environment.Job instance at 0x7f19966395f0>,32,1,[12  1],33,-1,44,-1,43
1,<environment.Job instance at 0x7f1996be9780>,37,24,[ 5 12],38,-1,79,-1,55
1,<environment.Job instance at 0x7f19977b1140>,38,21,[11  2],39,-1,76,-1,55
1,<environment.Job instance at 0x7f1996ecd5f0>,40,18,[ 5 13],41,-1,74,-1,56
1,<environment.Job instance at 0x7f19977b1e10>,39,25,[7 4],40,-1,82,-1,57
1,<environment.Job instance at 0x7f1996ecdfa0>,42,13,[ 3 12],43,-1,70,-1,57
1,<environment.Job instance at 0x7f1996ecd0a0>,43,23,[4 5],44,-1,80,-1,57
1,<environment.Job instance at 0x7f1996ecd2d0>,41,28,[7 3],42,-1,85,-1,57
1,<environment.Job instance at 0x7f1996ecdf50>,45,12,[13  3],46,-1,69,-1,57
1,<environment.Job instance at 0x7f1996ecd4b0>,46,26,[7 5],47,-1,83,-1,57
1,<environment.Job instance at 0x7f1996ecd5a0>,49,21,[ 5 12],50,-1,79,-1,58
1,<environment.Job instance at 0x7f1996ecdeb0>,47,24,[5 8],48,-1,93,-1,69
1,<environment.Job instance at 0x7f19978ed960>,52,15,[ 5 12],53,-1,84,-1,69
1,<environment.Job instance at 0x7f19978ed730>,56,2,[ 4 12],57,-1,83,-1,81
1,<environment.Job instance at 0x7f1996d35410>,57,18,[ 5 14],58,-1,99,-1,81
1,<environment.Job instance at 0x7f1996d35af0>,61,24,[5 4],62,-1,119,-1,95
1,<environment.Job instance at 0x7f1996d358c0>,64,28,[ 1 11],65,-1,124,-1,96
1,<environment.Job instance at 0x7f1996d35140>,65,23,[ 5 12],66,-1,119,-1,96
1,<environment.Job instance at 0x7f1996d35190>,66,25,[14  4],67,-1,121,-1,96
1,<environment.Job instance at 0x7f19975ca050>,71,15,[13  3],72,-1,140,-1,125
1,<environment.Job instance at 0x7f19975ca460>,72,24,[ 4 14],73,-1,149,-1,125
1,<environment.Job instance at 0x7f19975caaa0>,74,3,[ 4 14],75,-1,142,-1,139
1,<environment.Job instance at 0x7f1997929960>,75,1,[12  5],76,-1,140,-1,139
1,<environment.Job instance at 0x7f1997929640>,78,16,[ 2 13],79,-1,168,-1,152
1,<environment.Job instance at 0x7f1997929f50>,79,15,[13  5],80,-1,167,-1,152
1,<environment.Job instance at 0x7f1997929370>,82,24,[2 5],83,-1,194,-1,170
1,<environment.Job instance at 0x7f199688e140>,0,20,[9 3],1,-1,22,-1,2
1,<environment.Job instance at 0x7f1996610d20>,1,13,[12  1],2,-1,15,-1,2
1,<environment.Job instance at 0x7f199688e370>,2,23,[5 6],3,-1,26,-1,3
1,<environment.Job instance at 0x7f19974e81e0>,4,15,[ 2 10],5,-1,21,-1,6
1,<environment.Job instance at 0x7f19974e8230>,5,14,[11  4],6,-1,20,-1,6
1,<environment.Job instance at 0x7f1997e0e730>,8,18,[ 3 10],9,-1,27,-1,9
1,<environment.Job instance at 0x7f199752aaa0>,12,21,[2 9],13,-1,35,-1,14
1,<environment.Job instance at 0x7f19a04168c0>,14,25,[5 5],15,-1,40,-1,15
1,<environment.Job instance at 0x7f19a0416320>,16,18,[9 4],17,-1,35,-1,17
1,<environment.Job instance at 0x7f19a04169b0>,19,17,[4 8],20,-1,40,-1,23
1,<environment.Job instance at 0x7f199752acd0>,13,14,[1 8],14,-1,40,-1,26
1,<environment.Job instance at 0x7f1997438500>,26,16,[9 2],27,-1,43,-1,27
1,<environment.Job instance at 0x7f19a0a51c30>,27,13,[5 9],28,-1,42,-1,29
1,<environment.Job instance at 0x7f1997477b40>,18,26,[2 7],19,-1,56,-1,30
1,<environment.Job instance at 0x7f1996ec3780>,32,26,[ 3 11],33,-1,60,-1,34
1,<environment.Job instance at 0x7f1997c25960>,29,16,[7 5],30,-1,51,-1,35
1,<environment.Job instance at 0x7f1997a6f870>,21,14,[2 6],22,-1,88,-1,74
1,<environment.Job instance at 0x7f199751e5f0>,38,26,[9 5],39,-1,103,-1,77
1,<environment.Job instance at 0x7f1996a86e60>,37,18,[ 5 10],38,-1,95,-1,77
1,<environment.Job instance at 0x7f1996916f00>,41,16,[7 5],42,-1,93,-1,77
1,<environment.Job instance at 0x7f1996916230>,42,26,[4 7],43,-1,103,-1,77
1,<environment.Job instance at 0x7f1996934910>,43,17,[1 7],44,-1,94,-1,77
1,<environment.Job instance at 0x7f19969341e0>,44,23,[9 4],45,-1,100,-1,77
1,<environment.Job instance at 0x7f1996934960>,45,23,[1 6],46,-1,100,-1,77
1,<environment.Job instance at 0x7f19973d1b40>,47,18,[10  4],48,-1,97,-1,79
1,<environment.Job instance at 0x7f1997553b40>,35,12,[11  5],36,-1,91,-1,79
1,<environment.Job instance at 0x7f19973d1c30>,46,3,[10  1],47,-1,82,-1,79
1,<environment.Job instance at 0x7f1996931280>,50,17,[5 4],51,-1,100,-1,83
1,<environment.Job instance at 0x7f1996931780>,49,17,[ 2 10],50,-1,108,-1,91
1,<environment.Job instance at 0x7f1996ec3460>,34,24,[4 9],35,-1,115,-1,91
1,<environment.Job instance at 0x7f19968e1190>,55,18,[10  3],56,-1,110,-1,92
1,<environment.Job instance at 0x7f19968e10a0>,53,17,[ 4 10],54,-1,109,-1,92
1,<environment.Job instance at 0x7f19968fc7d0>,51,1,[ 4 10],52,-1,93,-1,92
1,<environment.Job instance at 0x7f19968d2500>,57,15,[5 8],58,-1,107,-1,92
1,<environment.Job instance at 0x7f19968e1050>,54,14,[8 2],55,-1,106,-1,92
1,<environment.Job instance at 0x7f19968d2b40>,58,19,[5 8],59,-1,111,-1,92
1,<environment.Job instance at 0x7f19968d2eb0>,59,12,[2 6],60,-1,104,-1,92
1,<environment.Job instance at 0x7f19968d25f0>,65,12,[5 2],66,-1,104,-1,92
1,<environment.Job instance at 0x7f19968d2190>,66,21,[1 8],67,-1,116,-1,95
1,<environment.Job instance at 0x7f19968d2f50>,67,16,[7 5],68,-1,111,-1,95
1,<environment.Job instance at 0x7f19968d2910>,69,17,[9 4],70,-1,112,-1,95
1,<environment.Job instance at 0x7f19968d2820>,64,14,[4 9],65,-1,110,-1,96
1,<environment.Job instance at 0x7f19968d2960>,68,13,[7 3],69,-1,110,-1,97
1,<environment.Job instance at 0x7f19968e8dc0>,76,18,[8 1],77,-1,116,-1,98
1,<environment.Job instance at 0x7f19968e8d20>,73,12,[9 2],74,-1,110,-1,98
1,<environment.Job instance at 0x7f19968dc280>,78,16,[ 4 13],79,-1,114,-1,98
1,<environment.Job instance at 0x7f19968dc0f0>,77,3,[ 2 14],78,-1,101,-1,98
1,<environment.Job instance at 0x7f19968dc190>,80,1,[1 9],81,-1,99,-1,98
1,<environment.Job instance at 0x7f19968dc370>,81,19,[8 5],82,-1,120,-1,101
1,<environment.Job instance at 0x7f19968dc410>,82,27,[4 6],83,-1,128,-1,101
1,<environment.Job instance at 0x7f19968dc550>,83,13,[7 1],84,-1,114,-1,101
1,<environment.Job instance at 0x7f19968dc690>,85,14,[1 8],86,-1,115,-1,101
1,<environment.Job instance at 0x7f19968e8e10>,75,15,[7 3],76,-1,119,-1,104
1,<environment.Job instance at 0x7f19968dc7d0>,86,18,[11  4],87,-1,122,-1,104
1,<environment.Job instance at 0x7f19968dc4b0>,87,16,[8 4],88,-1,120,-1,104
1,<environment.Job instance at 0x7f19968dc320>,79,17,[6 1],80,-1,121,-1,104
1,<environment.Job instance at 0x7f19968dce10>,92,19,[ 5 11],93,-1,123,-1,104
1,<environment.Job instance at 0x7f19968dceb0>,93,28,[3 6],94,-1,132,-1,104
1,<environment.Job instance at 0x7f1996df89b0>,1,13,[12  1],2,-1,15,-1,2
1,<environment.Job instance at 0x7f1996df8a00>,2,23,[5 6],3,-1,26,-1,3
1,<environment.Job instance at 0x7f1996df8eb0>,3,23,[14  1],4,-1,27,-1,4
1,<environment.Job instance at 0x7f1996df8f50>,5,14,[11  4],6,-1,20,-1,6
1,<environment.Job instance at 0x7f1996f26b40>,6,2,[ 4 13],7,-1,9,-1,7
1,<environment.Job instance at 0x7f1996f26500>,9,15,[ 2 11],10,-1,25,-1,10
1,<environment.Job instance at 0x7f1996f26be0>,10,13,[ 2 12],11,-1,24,-1,11
1,<environment.Job instance at 0x7f1996f262d0>,14,25,[5 5],15,-1,45,-1,20
1,<environment.Job instance at 0x7f1996f26140>,15,13,[14  2],16,-1,33,-1,20
1,<environment.Job instance at 0x7f1996f260f0>,17,3,[ 3 12],18,-1,23,-1,20
1,<environment.Job instance at 0x7f1996f26190>,18,26,[2 7],19,-1,49,-1,23
1,<environment.Job instance at 0x7f1996f261e0>,22,17,[14  1],23,-1,52,-1,35
1,<environment.Job instance at 0x7f1996f260a0>,24,1,[ 2 11],25,-1,40,-1,39
1,<environment.Job instance at 0x7f1997011a50>,32,26,[ 3 11],33,-1,101,-1,75
1,<environment.Job instance at 0x7f1997011a00>,34,24,[4 9],35,-1,102,-1,78
1,<environment.Job instance at 0x7f1997011050>,35,12,[11  5],36,-1,90,-1,78
1,<environment.Job instance at 0x7f19966a7eb0>,38,26,[9 5],39,-1,121,-1,95
1,<environment.Job instance at 0x7f19966a7aa0>,42,26,[4 7],43,-1,123,-1,97
1,<environment.Job instance at 0x7f19966a77d0>,45,23,[1 6],46,-1,136,-1,113
1,<environment.Job instance at 0x7f19966a7e60>,44,23,[9 4],45,-1,136,-1,113
1,<environment.Job instance at 0x7efd48743c80>,3,22,[2 5],4,-1,27,-1,5
1,<environment.Job instance at 0x7efd48743f00>,7,26,[9 3],8,-1,34,-1,8
1,<environment.Job instance at 0x7efd487481e0>,10,22,[8 1],11,-1,33,-1,11
1,<environment.Job instance at 0x7efd487484b0>,13,18,[5 9],14,-1,32,-1,14
1,<environment.Job instance at 0x7efd487483c0>,14,21,[8 1],15,-1,38,-1,17
1,<environment.Job instance at 0x7efd487487d0>,17,12,[5 1],18,-1,30,-1,18
1,<environment.Job instance at 0x7efd48748550>,18,26,[7 4],19,-1,45,-1,19
1,<environment.Job instance at 0x7efd48748820>,19,25,[5 9],20,-1,45,-1,20
1,<environment.Job instance at 0x7efd487486e0>,16,18,[7 3],17,-1,38,-1,20
1,<environment.Job instance at 0x7efd48748960>,21,18,[9 4],22,-1,41,-1,23
1,<environment.Job instance at 0x7efd48748fa0>,27,17,[4 6],28,-1,45,-1,28
1,<environment.Job instance at 0x7efd4874b140>,29,24,[4 7],30,-1,54,-1,30
1,<environment.Job instance at 0x7efd4874b1e0>,30,26,[9 4],31,-1,57,-1,31
1,<environment.Job instance at 0x7efd4874b320>,32,21,[5 9],33,-1,54,-1,33
1,<environment.Job instance at 0x7efd4874b460>,33,26,[3 6],34,-1,60,-1,34
1,<environment.Job instance at 0x7efd4874b370>,34,14,[1 9],35,-1,49,-1,35
1,<environment.Job instance at 0x7efd4874b5a0>,35,16,[1 9],36,-1,52,-1,36
1,<environment.Job instance at 0x7efd4874b640>,36,20,[7 5],37,-1,57,-1,37
1,<environment.Job instance at 0x7efd4874b7d0>,39,18,[9 4],40,-1,58,-1,40
1,<environment.Job instance at 0x7efd48804910>,6,15,[ 2 14],7,-1,22,-1,7
1,<environment.Job instance at 0x7efd48804f50>,8,2,[ 1 14],9,-1,11,-1,9
1,<environment.Job instance at 0x7efd48804af0>,7,26,[9 3],8,-1,44,-1,18
1,<environment.Job instance at 0x7efd488046e0>,12,23,[12  4],13,-1,41,-1,18
1,<environment.Job instance at 0x7efd487439b0>,18,26,[7 4],19,-1,56,-1,30
1,<environment.Job instance at 0x7efd48800af0>,19,25,[5 9],20,-1,66,-1,41
1,<environment.Job instance at 0x7efd488002d0>,23,16,[12  2],24,-1,57,-1,41
1,<environment.Job instance at 0x7efd4885d820>,28,17,[ 1 13],29,-1,65,-1,48
1,<environment.Job instance at 0x7efd48899c80>,29,24,[4 7],30,-1,75,-1,51
1,<environment.Job instance at 0x7efd487f20f0>,30,26,[9 4],31,-1,77,-1,51
1,<environment.Job instance at 0x7efd48899280>,31,1,[ 2 14],32,-1,52,-1,51
1,<environment.Job instance at 0x7efd48863140>,33,26,[3 6],34,-1,86,-1,60
1,<environment.Job instance at 0x7efd4878e870>,38,24,[13  2],39,-1,87,-1,63
1,<environment.Job instance at 0x7efd48772c80>,40,26,[ 1 14],41,-1,100,-1,74
1,<environment.Job instance at 0x7efd48772af0>,42,12,[ 5 12],43,-1,92,-1,80
1,<environment.Job instance at 0x7efd48772690>,45,12,[ 3 14],46,-1,104,-1,92
1,<environment.Job instance at 0x7efd4877b910>,47,14,[12  2],48,-1,118,-1,104
1,<environment.Job instance at 0x7efd487a25f0>,48,14,[ 1 11],49,-1,118,-1,104
1,<environment.Job instance at 0x7efd487afa50>,50,13,[ 4 12],51,-1,117,-1,104
1,<environment.Job instance at 0x7efd4879bd70>,53,12,[ 3 14],54,-1,130,-1,118
1,<environment.Job instance at 0x7efd48782550>,54,3,[ 3 13],55,-1,121,-1,118
1,<environment.Job instance at 0x7efd48731960>,57,17,[ 2 14],58,-1,147,-1,130
1,<environment.Job instance at 0x7efd48731dc0>,58,28,[10  3],59,-1,160,-1,132
1,<environment.Job instance at 0x7efd48731780>,61,2,[ 1 12],62,-1,135,-1,133
1,<environment.Job instance at 0x7efd487908c0>,66,28,[3 6],67,-1,198,-1,170
1,<environment.Job instance at 0x7efd481bb550>,7,21,[2 7],8,-1,30,-1,9
1,<environment.Job instance at 0x7efd481bb280>,9,13,[7 2],10,-1,23,-1,10
1,<environment.Job instance at 0x7efd481bb640>,11,17,[2 7],12,-1,29,-1,12
1,<environment.Job instance at 0x7efd481bb730>,12,16,[5 3],13,-1,29,-1,13
1,<environment.Job instance at 0x7efd4874b3c0>,8,20,[4 9],9,-1,33,-1,13
1,<environment.Job instance at 0x7efd481bb5a0>,14,17,[ 5 10],15,-1,33,-1,16
1,<environment.Job instance at 0x7efd481bb910>,16,15,[ 2 10],17,-1,32,-1,17
1,<environment.Job instance at 0x7efd481bba50>,17,15,[11  5],18,-1,33,-1,18
1,<environment.Job instance at 0x7efd481bbb40>,19,17,[3 6],20,-1,37,-1,20
1,<environment.Job instance at 0x7efd482d1d70>,20,13,[2 5],21,-1,34,-1,21
1,<environment.Job instance at 0x7efd48219320>,22,16,[ 5 12],23,-1,39,-1,23
1,<environment.Job instance at 0x7efd48219c30>,23,21,[1 6],24,-1,45,-1,24
1,<environment.Job instance at 0x7efd48219f00>,30,15,[14  2],31,-1,46,-1,31
1,<environment.Job instance at 0x7efd48219230>,26,23,[1 9],27,-1,54,-1,31
1,<environment.Job instance at 0x7efd481bb6e0>,15,16,[5 6],16,-1,48,-1,32
1,<environment.Job instance at 0x7efd4831f550>,34,20,[10  2],35,-1,55,-1,35
1,<environment.Job instance at 0x7efd482b58c0>,31,18,[11  1],32,-1,53,-1,35
1,<environment.Job instance at 0x7efd4823e870>,33,17,[12  1],34,-1,53,-1,36
1,<environment.Job instance at 0x7efd4835d320>,38,16,[14  3],39,-1,55,-1,39
1,<environment.Job instance at 0x7efd4823e910>,32,15,[8 5],33,-1,54,-1,39
1,<environment.Job instance at 0x7efd48355640>,39,19,[ 5 10],40,-1,59,-1,40
1,<environment.Job instance at 0x7efd4835d230>,40,22,[ 4 10],41,-1,63,-1,41
1,<environment.Job instance at 0x7efd48219690>,28,25,[4 8],29,-1,80,-1,55
1,<environment.Job instance at 0x7efd4826bfa0>,43,16,[8 4],44,-1,71,-1,55
1,<environment.Job instance at 0x7efd483551e0>,42,13,[4 8],43,-1,68,-1,55
1,<environment.Job instance at 0x7efd4826b370>,48,13,[ 5 11],49,-1,68,-1,55
1,<environment.Job instance at 0x7efd4826b500>,51,13,[9 2],52,-1,68,-1,55
1,<environment.Job instance at 0x7efd4826bc80>,53,27,[6 1],54,-1,82,-1,55
1,<environment.Job instance at 0x7efd4826b5f0>,54,27,[ 4 13],55,-1,82,-1,55
1,<environment.Job instance at 0x7efd4826b640>,55,14,[10  3],56,-1,72,-1,58
1,<environment.Job instance at 0x7efd4826b190>,56,27,[11  1],57,-1,88,-1,61
1,<environment.Job instance at 0x7efd4833f190>,36,19,[4 7],37,-1,80,-1,61
1,<environment.Job instance at 0x7efd48206be0>,57,24,[6 2],58,-1,86,-1,62
1,<environment.Job instance at 0x7efd481a53c0>,59,16,[5 8],60,-1,78,-1,62
1,<environment.Job instance at 0x7efd48162d20>,60,23,[1 8],61,-1,87,-1,64
1,<environment.Job instance at 0x7efd481bb2d0>,4,15,[13  1],5,-1,80,-1,65
1,<environment.Job instance at 0x7efd481620a0>,61,27,[5 6],62,-1,92,-1,65
1,<environment.Job instance at 0x7efd481aa690>,63,18,[ 1 11],64,-1,83,-1,65
1,<environment.Job instance at 0x7efd48169d20>,64,26,[ 2 13],65,-1,91,-1,65
1,<environment.Job instance at 0x7efd4826ba00>,52,13,[4 5],53,-1,79,-1,66
1,<environment.Job instance at 0x7efd48170f50>,67,20,[ 4 11],68,-1,88,-1,68
1,<environment.Job instance at 0x7efd48170eb0>,68,15,[8 1],69,-1,84,-1,69
1,<environment.Job instance at 0x7efd48169e10>,69,17,[10  2],70,-1,87,-1,70
1,<environment.Job instance at 0x7efd483a8550>,70,27,[1 5],71,-1,98,-1,71
1,<environment.Job instance at 0x7efd47eae2d0>,71,26,[5 3],72,-1,98,-1,72
1,<environment.Job instance at 0x7efd47f04b40>,75,22,[3 7],76,-1,117,-1,95
1,<environment.Job instance at 0x7efd47dda0f0>,79,28,[ 2 10],80,-1,123,-1,95
1,<environment.Job instance at 0x7efd483303c0>,65,28,[14  4],66,-1,123,-1,95
1,<environment.Job instance at 0x7efd47d700a0>,82,15,[7 5],83,-1,111,-1,96
1,<environment.Job instance at 0x7efd47d4cd20>,84,17,[8 4],85,-1,115,-1,98
1,<environment.Job instance at 0x7efd47d605f0>,85,15,[3 6],86,-1,114,-1,99
1,<environment.Job instance at 0x7efd47d603c0>,86,20,[11  2],87,-1,119,-1,99
1,<environment.Job instance at 0x7efd47d57960>,87,26,[2 8],88,-1,125,-1,99
1,<environment.Job instance at 0x7efd47d575a0>,88,15,[5 8],89,-1,115,-1,100
1,<environment.Job instance at 0x7efd47cfc3c0>,89,20,[ 4 10],90,-1,122,-1,102
1,<environment.Job instance at 0x7efd47cfcc80>,90,15,[9 2],91,-1,117,-1,102
1,<environment.Job instance at 0x7efd47cfc820>,92,16,[7 5],93,-1,118,-1,102
1,<environment.Job instance at 0x7efd48219460>,25,18,[ 1 14],26,-1,158,-1,140
1,<environment.Job instance at 0x7efd47d70320>,83,20,[5 8],84,-1,166,-1,146
1,<environment.Job instance at 0x7efd47cfc500>,97,14,[12  2],98,-1,161,-1,147
1,<environment.Job instance at 0x7efd48692140>,74,15,[14  2],75,-1,162,-1,147
1,<environment.Job instance at 0x7efd47cf8a50>,102,12,[8 3],103,-1,163,-1,151
1,<environment.Job instance at 0x7efd47cf8820>,104,13,[8 2],105,-1,164,-1,151
1,<environment.Job instance at 0x7efd47cfc5a0>,101,15,[7 2],102,-1,167,-1,152
1,<environment.Job instance at 0x7efd47cf83c0>,109,18,[9 5],110,-1,174,-1,156
1,<environment.Job instance at 0x7efd47cf8780>,103,27,[2 7],104,-1,183,-1,156
1,<environment.Job instance at 0x7efd47cf8320>,110,18,[1 7],111,-1,174,-1,156
1,<environment.Job instance at 0x7efd47cfad20>,117,12,[6 3],118,-1,178,-1,166
1,<environment.Job instance at 0x7efd47cfa910>,119,21,[8 2],120,-1,187,-1,166
1,<environment.Job instance at 0x7efd47cfab40>,121,18,[ 1 11],122,-1,186,-1,168
1,<environment.Job instance at 0x7efd47cfa050>,120,3,[5 8],121,-1,171,-1,168
1,<environment.Job instance at 0x7efd47cfb0a0>,123,16,[ 5 10],124,-1,184,-1,168
1,<environment.Job instance at 0x7efd47cf8690>,106,12,[5 5],107,-1,182,-1,170
1,<environment.Job instance at 0x7efd47cfbf00>,125,20,[1 8],126,-1,190,-1,170
1,<environment.Job instance at 0x7efd51f73e10>,1,15,[ 2 14],2,-1,17,-1,2
1,<environment.Job instance at 0x7efd47cfcdc0>,4,15,[13  1],5,-1,20,-1,5
1,<environment.Job instance at 0x7efd487647d0>,10,2,[11  3],11,-1,13,-1,11
1,<environment.Job instance at 0x7efd51de1dc0>,3,26,[3 9],4,-1,59,-1,33
1,<environment.Job instance at 0x7efd487644b0>,17,15,[11  5],18,-1,48,-1,33
1,<environment.Job instance at 0x7efd48764410>,18,1,[14  4],19,-1,34,-1,33
1,<environment.Job instance at 0x7efd487642d0>,21,1,[ 4 14],22,-1,49,-1,48
1,<environment.Job instance at 0x7efd48764050>,22,16,[ 5 12],23,-1,64,-1,48
1,<environment.Job instance at 0x7efd48764230>,24,16,[ 1 14],25,-1,64,-1,48
1,<environment.Job instance at 0x7efd48756fa0>,25,18,[ 1 14],26,-1,66,-1,48
1,<environment.Job instance at 0x7efd48756dc0>,26,23,[1 9],27,-1,71,-1,48
1,<environment.Job instance at 0x7efd48756cd0>,28,25,[4 8],29,-1,86,-1,61
1,<environment.Job instance at 0x7efd48756c30>,29,3,[11  3],30,-1,64,-1,61
1,<environment.Job instance at 0x7efd48756af0>,30,15,[14  2],31,-1,76,-1,61
1,<environment.Job instance at 0x7efd48756a50>,31,18,[11  1],32,-1,79,-1,61
1,<environment.Job instance at 0x7efd48756730>,33,17,[12  1],34,-1,78,-1,61
1,<environment.Job instance at 0x7efd48756820>,37,13,[ 4 11],38,-1,89,-1,76
1,<environment.Job instance at 0x7efd48756780>,38,16,[14  3],39,-1,92,-1,76
1,<environment.Job instance at 0x7efd48754820>,44,1,[13  1],45,-1,108,-1,107
1,<environment.Job instance at 0x7efd48756320>,45,2,[ 1 12],46,-1,109,-1,107
1,<environment.Job instance at 0x7efd47f4d460>,48,13,[ 5 11],49,-1,134,-1,121
1,<environment.Job instance at 0x7efd47f0b3c0>,53,27,[6 1],54,-1,163,-1,136
1,<environment.Job instance at 0x7efd47f0b410>,54,27,[ 4 13],55,-1,163,-1,136
1,<environment.Job instance at 0x7efd47f0b9b0>,56,27,[11  1],57,-1,175,-1,148
1,<environment.Job instance at 0x7efd47f0baf0>,57,24,[6 2],58,-1,185,-1,161
1,<environment.Job instance at 0x7efd47f0b1e0>,60,23,[1 8],61,-1,188,-1,165
1,<environment.Job instance at 0x7efd47f09e10>,61,27,[5 6],62,-1,193,-1,166
1,<environment.Job instance at 0x7efd47f09280>,63,18,[ 1 11],64,-1,184,-1,166
1,<environment.Job instance at 0x7efd480f7a00>,64,26,[ 2 13],65,-1,192,-1,166
1,<environment.Job instance at 0x7efd47f09230>,65,28,[14  4],66,-1,194,-1,166
1,<environment.Job instance at 0x7efd48089050>,67,20,[ 4 11],68,-1,186,-1,166
1,<environment.Job instance at 0x7efd47f09a00>,70,27,[1 5],71,-1,202,-1,175
1,<environment.Job instance at 0x7efd48021b40>,71,26,[5 3],72,-1,209,-1,183
1,<environment.Job instance at 0x7efd47f63aa0>,74,15,[14  2],75,-1,198,-1,183
1,<environment.Job instance at 0x7efd47ee1140>,2,24,[7 4],3,-1,27,-1,3
1,<environment.Job instance at 0x7efd47edcc30>,5,18,[10  4],6,-1,24,-1,6
1,<environment.Job instance at 0x7efd47edcf50>,6,15,[1 9],7,-1,22,-1,7
1,<environment.Job instance at 0x7efd47edc0f0>,10,18,[10  5],11,-1,30,-1,12
1,<environment.Job instance at 0x7efd47edc280>,12,16,[ 2 11],13,-1,29,-1,13
1,<environment.Job instance at 0x7efd47ee4190>,0,2,[ 2 12],1,-1,3,-1,1
1,<environment.Job instance at 0x7efd4805ee60>,2,24,[7 4],3,-1,27,-1,3
1,<environment.Job instance at 0x7efd4805e550>,8,19,[12  4],9,-1,28,-1,9
1,<environment.Job instance at 0x7efd47cfc780>,9,14,[ 5 12],10,-1,24,-1,10
1,<environment.Job instance at 0x7efd51f73fa0>,12,16,[ 2 11],13,-1,29,-1,13
1,<environment.Job instance at 0x7efd47edc5a0>,13,28,[ 3 11],14,-1,42,-1,14
1,<environment.Job instance at 0x7efd47edcfa0>,15,24,[2 7],16,-1,50,-1,26
1,<environment.Job instance at 0x7efd4851f2d0>,16,16,[14  5],17,-1,42,-1,26
1,<environment.Job instance at 0x7efd4893ebe0>,11,25,[8 3],12,-1,51,-1,26
1,<environment.Job instance at 0x7efd47d00d70>,18,27,[14  3],19,-1,53,-1,26
1,<environment.Job instance at 0x7efd4815d780>,19,18,[ 1 14],20,-1,44,-1,26
1,<environment.Job instance at 0x7efd47edb3c0>,21,15,[11  2],22,-1,41,-1,26
1,<environment.Job instance at 0x7efd47f71f50>,22,13,[ 1 12],23,-1,39,-1,26
1,<environment.Job instance at 0x7efd47ed6dc0>,25,16,[ 4 11],26,-1,56,-1,40
1,<environment.Job instance at 0x7efd47ed6cd0>,26,17,[13  3],27,-1,57,-1,40
1,<environment.Job instance at 0x7efd47ed6050>,27,22,[ 3 11],28,-1,62,-1,40
1,<environment.Job instance at 0x7efd47ed6b90>,29,13,[ 5 12],30,-1,54,-1,41
1,<environment.Job instance at 0x7efd47ed2e60>,30,1,[ 5 11],31,-1,42,-1,41
1,<environment.Job instance at 0x7efd47ed2f50>,31,1,[12  4],32,-1,42,-1,41
1,<environment.Job instance at 0x7efd47ecda50>,34,13,[ 3 14],35,-1,55,-1,42
1,<environment.Job instance at 0x7efd47e8afa0>,35,24,[ 4 14],36,-1,66,-1,42
1,<environment.Job instance at 0x7efd47ecdaf0>,33,23,[9 4],34,-1,79,-1,56
1,<environment.Job instance at 0x7efd47eca050>,37,24,[7 3],38,-1,80,-1,56
1,<environment.Job instance at 0x7efd47ecaaf0>,38,27,[9 5],39,-1,83,-1,56
1,<environment.Job instance at 0x7efd47ec7eb0>,40,14,[ 3 13],41,-1,70,-1,56
1,<environment.Job instance at 0x7efd47e9fa00>,41,26,[6 2],42,-1,82,-1,56
1,<environment.Job instance at 0x7efd47ec7fa0>,43,23,[12  5],44,-1,79,-1,56
1,<environment.Job instance at 0x7efd47e72b90>,44,13,[ 4 14],45,-1,69,-1,56
1,<environment.Job instance at 0x7efd47ec2c80>,45,19,[13  2],46,-1,75,-1,56
1,<environment.Job instance at 0x7efd47ee1fa0>,51,18,[ 2 13],52,-1,87,-1,69
1,<environment.Job instance at 0x7efd47ee1370>,56,17,[12  4],57,-1,101,-1,84
1,<environment.Job instance at 0x7efd51db5910>,57,25,[6 4],58,-1,123,-1,98
1,<environment.Job instance at 0x7efd51db59b0>,59,3,[14  5],60,-1,102,-1,99
1,<environment.Job instance at 0x7efd47eadfa0>,61,24,[5 5],62,-1,136,-1,112
1,<environment.Job instance at 0x7efd47ead690>,63,14,[ 2 11],64,-1,126,-1,112
1,<environment.Job instance at 0x7efd4850f460>,67,13,[ 5 11],68,-1,133,-1,120
1,<environment.Job instance at 0x7efd47eade10>,65,28,[ 5 10],66,-1,159,-1,131
1,<environment.Job instance at 0x7efd4850fa00>,69,19,[ 4 14],70,-1,150,-1,131
1,<environment.Job instance at 0x7efd47d51c30>,71,26,[ 3 12],72,-1,157,-1,131
1,<environment.Job instance at 0x7efd47d51190>,72,14,[ 3 14],73,-1,145,-1,131
1,<environment.Job instance at 0x7efd47d51820>,76,2,[ 5 14],77,-1,154,-1,152
1,<environment.Job instance at 0x7efd47d57be0>,79,2,[ 4 11],80,-1,157,-1,155
1,<environment.Job instance at 0x7efd47d54d70>,83,12,[12  2],84,-1,176,-1,164
1,<environment.Job instance at 0x7efd47d545a0>,84,12,[14  2],85,-1,176,-1,164
1,<environment.Job instance at 0x7efd51d8cdc0>,86,13,[14  5],87,-1,185,-1,172
1,<environment.Job instance at 0x7efd484e0460>,87,25,[7 3],88,-1,202,-1,177
1,<environment.Job instance at 0x7efd484e0230>,88,16,[ 1 14],89,-1,193,-1,177
1,<environment.Job instance at 0x7efd48bdd690>,90,12,[ 2 13],91,-1,189,-1,177
1,<environment.Job instance at 0x7efd480bb410>,5,17,[5 6],6,-1,24,-1,7
1,<environment.Job instance at 0x7efd47e777d0>,0,27,[ 1 14],1,-1,28,-1,1
1,<environment.Job instance at 0x7efd47e774b0>,1,12,[12  1],2,-1,14,-1,2
1,<environment.Job instance at 0x7efd47e7b280>,4,23,[3 6],5,-1,28,-1,5
1,<environment.Job instance at 0x7efd47e7b5a0>,6,27,[7 1],7,-1,34,-1,7
1,<environment.Job instance at 0x7efd47e77910>,8,2,[ 3 13],9,-1,11,-1,9
1,<environment.Job instance at 0x7efd47e7bd70>,7,26,[ 3 10],8,-1,49,-1,23
1,<environment.Job instance at 0x7efd47f9abe0>,15,12,[11  1],16,-1,35,-1,23
1,<environment.Job instance at 0x7efd47f9a500>,16,17,[11  3],17,-1,40,-1,23
1,<environment.Job instance at 0x7efd47f9a190>,17,16,[12  1],18,-1,39,-1,23
1,<environment.Job instance at 0x7efd47f9a5a0>,18,15,[ 4 13],19,-1,38,-1,23
1,<environment.Job instance at 0x7efd47f9ac80>,19,28,[13  1],20,-1,51,-1,23
1,<environment.Job instance at 0x7efd4806ca50>,20,24,[4 7],21,-1,47,-1,23
1,<environment.Job instance at 0x7efd4806ccd0>,22,26,[7 3],23,-1,53,-1,27
1,<environment.Job instance at 0x7efd47f9a050>,12,26,[7 3],13,-1,53,-1,27
1,<environment.Job instance at 0x7efd47f9a4b0>,13,24,[8 2],14,-1,51,-1,27
1,<environment.Job instance at 0x7efd48048eb0>,28,24,[2 6],29,-1,76,-1,52
1,<environment.Job instance at 0x7efd48038190>,29,13,[ 5 12],30,-1,65,-1,52
1,<environment.Job instance at 0x7efd47d369b0>,30,20,[ 2 11],31,-1,72,-1,52
1,<environment.Job instance at 0x7efd47ea9aa0>,34,25,[3 7],35,-1,98,-1,73
1,<environment.Job instance at 0x7efd47daceb0>,44,23,[2 8],45,-1,130,-1,107
1,<environment.Job instance at 0x7efd47f4d460>,41,25,[3 9],42,-1,132,-1,107
1,<environment.Job instance at 0x7efd47eabc30>,49,24,[13  2],50,-1,134,-1,110
1,<environment.Job instance at 0x7efd47eaefa0>,47,27,[5 7],48,-1,140,-1,113
1,<environment.Job instance at 0x7efd47d4c3c0>,53,15,[11  4],54,-1,131,-1,116
1,<environment.Job instance at 0x7efd47d98820>,56,14,[ 4 13],57,-1,145,-1,131
1,<environment.Job instance at 0x7efd481a07d0>,59,28,[9 2],60,-1,175,-1,147
1,<environment.Job instance at 0x7efd481a00f0>,60,15,[12  2],61,-1,162,-1,147
1,<environment.Job instance at 0x7efd48525a00>,72,14,[11  4],73,-1,197,-1,183
1,<environment.Job instance at 0x7efd481aa780>,73,14,[14  5],74,-1,197,-1,183
1,<environment.Job instance at 0x7efd488e3af0>,13,16,[ 2 13],14,-1,46,-1,30
1,<environment.Job instance at 0x7efd48851c30>,12,23,[2 8],13,-1,53,-1,30
1,<environment.Job instance at 0x7efd48851230>,18,14,[8 5],19,-1,44,-1,30
1,<environment.Job instance at 0x7efd48851730>,22,20,[4 8],23,-1,72,-1,52
1,<environment.Job instance at 0x7efd488510f0>,21,26,[ 4 14],22,-1,78,-1,52
1,<environment.Job instance at 0x7efd48851690>,24,16,[8 4],25,-1,68,-1,52
1,<environment.Job instance at 0x7efd488510a0>,20,20,[2 7],21,-1,72,-1,52
1,<environment.Job instance at 0x7efd48851af0>,27,21,[5 5],28,-1,73,-1,52
1,<environment.Job instance at 0x7efd48851410>,26,25,[5 4],27,-1,77,-1,52
1,<environment.Job instance at 0x7efd488515a0>,29,18,[ 2 10],30,-1,70,-1,52
1,<environment.Job instance at 0x7efd480cc6e0>,0,13,[ 5 11],1,-1,14,-1,1
1,<environment.Job instance at 0x7efd480b9cd0>,1,12,[ 3 14],2,-1,14,-1,2
1,<environment.Job instance at 0x7efd480b96e0>,3,13,[ 2 13],4,-1,17,-1,4
1,<environment.Job instance at 0x7efd480b9050>,4,14,[13  2],5,-1,19,-1,5
1,<environment.Job instance at 0x7efd48bb4050>,5,18,[11  2],6,-1,24,-1,6
1,<environment.Job instance at 0x7efd48bb4140>,7,2,[ 2 12],8,-1,10,-1,8
1,<environment.Job instance at 0x7efd48bb40a0>,6,25,[ 1 10],7,-1,42,-1,17
1,<environment.Job instance at 0x7efd480dde10>,12,23,[2 8],13,-1,40,-1,17
1,<environment.Job instance at 0x7efd480ddcd0>,13,16,[ 2 13],14,-1,33,-1,17
1,<environment.Job instance at 0x7efd480bb2d0>,21,26,[ 4 14],22,-1,58,-1,32
1,<environment.Job instance at 0x7efd47ee4230>,23,3,[ 4 12],24,-1,35,-1,32
1,<environment.Job instance at 0x7efd480057d0>,26,25,[5 4],27,-1,69,-1,44
1,<environment.Job instance at 0x7efd480f7a00>,28,23,[6 5],29,-1,67,-1,44
1,<environment.Job instance at 0x7efd47eeef00>,30,13,[13  3],31,-1,57,-1,44
1,<environment.Job instance at 0x7efd47eeeeb0>,31,25,[ 5 14],32,-1,69,-1,44
1,<environment.Job instance at 0x7efd47edc0a0>,33,17,[ 5 13],34,-1,63,-1,46
1,<environment.Job instance at 0x7efd47edbbe0>,35,17,[ 4 11],36,-1,65,-1,48
1,<environment.Job instance at 0x7efd47edcbe0>,36,14,[14  5],37,-1,62,-1,48
1,<environment.Job instance at 0x7efd47d00d70>,37,27,[8 5],38,-1,85,-1,58
1,<environment.Job instance at 0x7efd4815d780>,38,23,[12  4],39,-1,81,-1,58
1,<environment.Job instance at 0x7efd47edc690>,32,27,[5 5],33,-1,85,-1,58
1,<environment.Job instance at 0x7efd47ed6dc0>,41,3,[ 1 13],42,-1,61,-1,58
1,<environment.Job instance at 0x7efd48507050>,43,14,[ 1 12],44,-1,76,-1,62
1,<environment.Job instance at 0x7efd47e8a820>,44,15,[ 4 14],45,-1,77,-1,62
1,<environment.Job instance at 0x7efd47ed2460>,46,28,[ 4 14],47,-1,92,-1,64
1,<environment.Job instance at 0x7efd47ed2fa0>,47,21,[ 5 12],48,-1,85,-1,64
1,<environment.Job instance at 0x7efd47e72b90>,51,27,[3 8],52,-1,107,-1,80
1,<environment.Job instance at 0x7efd51db5910>,59,27,[10  4],60,-1,141,-1,114
1,<environment.Job instance at 0x7efd47ead1e0>,61,27,[ 1 14],62,-1,141,-1,114
1,<environment.Job instance at 0x7efd4850f460>,63,15,[11  1],64,-1,129,-1,114
1,<environment.Job instance at 0x7efd4850fdc0>,64,3,[ 3 13],65,-1,117,-1,114
1,<environment.Job instance at 0x7efd47d543c0>,66,21,[ 4 14],67,-1,139,-1,118
1,<environment.Job instance at 0x7efd484e0460>,70,18,[ 2 11],71,-1,154,-1,136
1,<environment.Job instance at 0x7efd484e0230>,71,17,[11  4],72,-1,153,-1,136
1,<environment.Job instance at 0x7efd48bddc80>,72,14,[ 4 14],73,-1,150,-1,136
1,<environment.Job instance at 0x7efd51ef9d70>,73,28,[12  5],74,-1,164,-1,136
1,<environment.Job instance at 0x7efd51ef9870>,74,13,[12  5],75,-1,149,-1,136
1,<environment.Job instance at 0x7efd48bdde60>,75,12,[11  5],76,-1,148,-1,136
1,<environment.Job instance at 0x7efd47dd2550>,80,14,[ 4 11],81,-1,185,-1,171
1,<environment.Job instance at 0x7efd48525690>,81,18,[ 3 12],82,-1,189,-1,171
1,<environment.Job instance at 0x7efd47d70b40>,83,26,[8 5],84,-1,201,-1,175
1,<environment.Job instance at 0x7efd51ef87d0>,85,18,[13  1],86,-1,193,-1,175
1,<environment.Job instance at 0x7efd47cf46e0>,4,16,[6 5],5,-1,21,-1,5
1,<environment.Job instance at 0x7efd479c60f0>,7,19,[2 6],8,-1,27,-1,8
1,<environment.Job instance at 0x7efd48a22f00>,21,25,[9 5],22,-1,57,-1,32
1,<environment.Job instance at 0x7efd4927bd70>,12,14,[ 2 12],13,-1,49,-1,35
1,<environment.Job instance at 0x7efd48cfa500>,16,18,[6 4],17,-1,54,-1,36
1,<environment.Job instance at 0x7efd4916a5a0>,18,20,[ 1 13],19,-1,56,-1,36
1,<environment.Job instance at 0x7efd48a22be0>,25,12,[8 1],26,-1,48,-1,36
1,<environment.Job instance at 0x7efd48a22d20>,23,18,[2 7],24,-1,54,-1,36
1,<environment.Job instance at 0x7efd48a22af0>,22,18,[5 6],23,-1,54,-1,36
1,<environment.Job instance at 0x7efd48990c80>,27,21,[4 5],28,-1,57,-1,36
1,<environment.Job instance at 0x7efd48990b40>,28,21,[1 9],29,-1,57,-1,36
1,<environment.Job instance at 0x7efd48990140>,29,24,[7 4],30,-1,60,-1,36
1,<environment.Job instance at 0x7efd48a22c80>,20,28,[ 3 10],21,-1,65,-1,37
1,<environment.Job instance at 0x7efd48a22140>,24,1,[2 7],25,-1,40,-1,39
1,<environment.Job instance at 0x7efd48990910>,32,17,[9 4],33,-1,56,-1,39
1,<environment.Job instance at 0x7efd489902d0>,26,17,[2 7],27,-1,56,-1,39
1,<environment.Job instance at 0x7efd51c852d0>,34,17,[ 3 13],35,-1,59,-1,42
1,<environment.Job instance at 0x7efd51c85460>,35,14,[14  2],36,-1,58,-1,44
1,<environment.Job instance at 0x7efd479c6b90>,8,27,[7 5],9,-1,71,-1,44
1,<environment.Job instance at 0x7efd48d5e230>,33,17,[6 1],34,-1,61,-1,44
1,<environment.Job instance at 0x7efd487d7820>,40,19,[8 3],41,-1,69,-1,50
1,<environment.Job instance at 0x7efd51eff370>,41,22,[10  3],42,-1,86,-1,64
1,<environment.Job instance at 0x7efd4917d5a0>,46,25,[9 1],47,-1,89,-1,64
1,<environment.Job instance at 0x7efd489908c0>,38,2,[ 5 11],39,-1,70,-1,68
1,<environment.Job instance at 0x7efd4917d960>,48,18,[ 5 14],49,-1,86,-1,68
1,<environment.Job instance at 0x7efd4917d910>,49,22,[14  2],50,-1,91,-1,69
1,<environment.Job instance at 0x7efd4917d320>,50,17,[6 4],51,-1,86,-1,69
1,<environment.Job instance at 0x7efd4917df50>,51,17,[1 6],52,-1,86,-1,69
1,<environment.Job instance at 0x7efd4917dbe0>,44,15,[4 7],45,-1,84,-1,69
1,<environment.Job instance at 0x7efd4917d5f0>,52,18,[5 5],53,-1,88,-1,70
1,<environment.Job instance at 0x7efd48852d20>,54,13,[8 4],55,-1,85,-1,72
1,<environment.Job instance at 0x7efd48852280>,53,18,[ 3 10],54,-1,90,-1,72
1,<environment.Job instance at 0x7efd48852b90>,56,28,[7 5],57,-1,100,-1,72
1,<environment.Job instance at 0x7efd51c85050>,36,19,[2 9],37,-1,92,-1,73
1,<environment.Job instance at 0x7efd4884f730>,58,28,[14  2],59,-1,102,-1,74
1,<environment.Job instance at 0x7efd48b38370>,60,13,[ 5 10],61,-1,87,-1,74
1,<environment.Job instance at 0x7efd4917d4b0>,47,17,[5 9],48,-1,91,-1,74
1,<environment.Job instance at 0x7efd47e814b0>,62,26,[8 5],63,-1,100,-1,74
1,<environment.Job instance at 0x7efd48b38e60>,61,22,[ 5 14],62,-1,96,-1,74
1,<environment.Job instance at 0x7efd49195be0>,64,14,[3 7],65,-1,93,-1,79
1,<environment.Job instance at 0x7efd48dab7d0>,69,17,[2 9],70,-1,100,-1,83
1,<environment.Job instance at 0x7efd48d2f870>,72,17,[8 4],73,-1,100,-1,83
1,<environment.Job instance at 0x7efd492c1be0>,75,14,[2 8],76,-1,100,-1,86
1,<environment.Job instance at 0x7efd489ab500>,78,27,[5 3],79,-1,113,-1,86
1,<environment.Job instance at 0x7efd48a67fa0>,1,19,[12  5],2,-1,21,-1,2
1,<environment.Job instance at 0x7efd48a670a0>,8,27,[7 5],9,-1,40,-1,13
1,<environment.Job instance at 0x7efd484e5190>,10,25,[8 2],11,-1,41,-1,16
1,<environment.Job instance at 0x7efd48851870>,12,14,[ 2 12],13,-1,30,-1,16
1,<environment.Job instance at 0x7efd48e46f00>,6,25,[10  4],7,-1,56,-1,31
1,<environment.Job instance at 0x7efd47e77fa0>,18,20,[ 1 13],19,-1,51,-1,31
1,<environment.Job instance at 0x7efd47e81640>,20,28,[ 3 10],21,-1,73,-1,45
1,<environment.Job instance at 0x7efd47e81500>,21,25,[9 5],22,-1,70,-1,45
1,<environment.Job instance at 0x7efd47ec2730>,29,24,[7 4],30,-1,100,-1,76
1,<environment.Job instance at 0x7efd47ed6190>,34,17,[ 3 13],35,-1,93,-1,76
1,<environment.Job instance at 0x7efd47ed6be0>,35,14,[14  2],36,-1,90,-1,76
1,<environment.Job instance at 0x7efd47edb1e0>,38,2,[ 5 11],39,-1,92,-1,90
1,<environment.Job instance at 0x7efd48565b90>,45,1,[12  1],46,-1,123,-1,122
1,<environment.Job instance at 0x7efd48463050>,46,25,[9 1],47,-1,147,-1,122
1,<environment.Job instance at 0x7efd48d21550>,48,18,[ 5 14],49,-1,143,-1,125
1,<environment.Job instance at 0x7efd48d21d20>,49,22,[14  2],50,-1,147,-1,125
1,<environment.Job instance at 0x7efd48cfa550>,55,27,[5 4],56,-1,199,-1,172
1,<environment.Job instance at 0x7efd4917d780>,56,28,[7 5],57,-1,200,-1,172
1,<environment.Job instance at 0x7efd4819e910>,58,28,[14  2],59,-1,200,-1,172
1,<environment.Job instance at 0x7efd492624b0>,61,22,[ 5 14],62,-1,206,-1,184
1,<environment.Job instance at 0x7efd4819e0a0>,62,26,[8 5],63,-1,215,-1,189
1,<environment.Job instance at 0x7efd48e9cfa0>,0,21,[3 9],1,-1,23,-1,2
1,<environment.Job instance at 0x7efd48e9c3c0>,2,15,[8 2],3,-1,19,-1,4
1,<environment.Job instance at 0x7efd48e89eb0>,3,22,[12  2],4,-1,26,-1,4
1,<environment.Job instance at 0x7efd488406e0>,4,27,[7 4],5,-1,32,-1,5
1,<environment.Job instance at 0x7efd48bfceb0>,6,16,[8 3],7,-1,24,-1,8
1,<environment.Job instance at 0x7efd48bcc550>,9,12,[11  4],10,-1,22,-1,10
1,<environment.Job instance at 0x7efd4926c960>,10,26,[8 3],11,-1,37,-1,11
1,<environment.Job instance at 0x7efd4926c280>,11,17,[5 5],12,-1,29,-1,12
1,<environment.Job instance at 0x7efd4926c910>,13,17,[3 8],14,-1,31,-1,14
1,<environment.Job instance at 0x7efd4926c500>,16,18,[5 5],17,-1,35,-1,17
1,<environment.Job instance at 0x7efd48bf3910>,18,24,[4 7],19,-1,43,-1,19
1,<environment.Job instance at 0x7efd48bf3640>,19,16,[4 7],20,-1,36,-1,20
1,<environment.Job instance at 0x7efd488405f0>,7,16,[4 6],8,-1,41,-1,25
1,<environment.Job instance at 0x7efd481c8d20>,26,14,[11  2],27,-1,60,-1,46
1,<environment.Job instance at 0x7efd48c061e0>,34,28,[7 3],35,-1,74,-1,46
1,<environment.Job instance at 0x7efd4828ec80>,35,27,[3 8],36,-1,74,-1,47
1,<environment.Job instance at 0x7efd48271690>,36,23,[5 9],37,-1,72,-1,49
1,<environment.Job instance at 0x7efd4829ab40>,23,23,[ 4 12],24,-1,73,-1,50
1,<environment.Job instance at 0x7efd48282d70>,31,15,[ 4 12],32,-1,65,-1,50
1,<environment.Job instance at 0x7efd4828e0f0>,37,16,[1 8],38,-1,67,-1,51
1,<environment.Job instance at 0x7efd47d93fa0>,39,20,[ 1 10],40,-1,71,-1,51
1,<environment.Job instance at 0x7efd48c06a00>,32,15,[10  5],33,-1,66,-1,51
1,<environment.Job instance at 0x7efd47d934b0>,40,17,[2 5],41,-1,68,-1,51
1,<environment.Job instance at 0x7efd48bf81e0>,42,12,[11  5],43,-1,63,-1,51
1,<environment.Job instance at 0x7efd47d89d20>,43,17,[3 8],44,-1,68,-1,51
1,<environment.Job instance at 0x7efd481ccc30>,25,15,[ 1 14],26,-1,187,-1,172
1,<environment.Job instance at 0x7efd47da97d0>,66,21,[9 5],67,-1,194,-1,173
1,<environment.Job instance at 0x7efd47da5e60>,52,23,[ 2 11],53,-1,196,-1,173
1,<environment.Job instance at 0x7efd48bc2fa0>,3,22,[12  2],4,-1,26,-1,4
1,<environment.Job instance at 0x7efd48bc2780>,8,26,[14  5],9,-1,35,-1,9
1,<environment.Job instance at 0x7efd51cca780>,9,12,[11  4],10,-1,22,-1,10
1,<environment.Job instance at 0x7efd48bc2460>,4,27,[7 4],5,-1,46,-1,19
1,<environment.Job instance at 0x7efd51ccad70>,10,26,[8 3],11,-1,45,-1,19
1,<environment.Job instance at 0x7efd51cca460>,14,18,[14  4],15,-1,37,-1,19
1,<environment.Job instance at 0x7efd48b7ce10>,18,24,[4 7],19,-1,65,-1,41
1,<environment.Job instance at 0x7efd48b7c820>,21,2,[12  1],22,-1,52,-1,50
1,<environment.Job instance at 0x7efd48b7c960>,23,23,[ 4 12],24,-1,76,-1,53
1,<environment.Job instance at 0x7efd48b7c780>,24,26,[ 4 14],25,-1,79,-1,53
1,<environment.Job instance at 0x7efd48b7cbe0>,25,15,[ 1 14],26,-1,68,-1,53
1,<environment.Job instance at 0x7efd48b7ca50>,26,14,[11  2],27,-1,67,-1,53
1,<environment.Job instance at 0x7efd48b7cfa0>,27,13,[13  4],28,-1,66,-1,53
1,<environment.Job instance at 0x7efd48b7c500>,29,27,[ 4 13],30,-1,81,-1,54
1,<environment.Job instance at 0x7efd48b7c6e0>,30,23,[ 4 10],31,-1,80,-1,57
1,<environment.Job instance at 0x7efd48b7c280>,31,15,[ 4 12],32,-1,72,-1,57
1,<environment.Job instance at 0x7efd48be9140>,33,1,[ 5 11],34,-1,58,-1,57
1,<environment.Job instance at 0x7efd48be9d20>,34,28,[7 3],35,-1,98,-1,70
1,<environment.Job instance at 0x7efd48be9370>,35,27,[3 8],36,-1,97,-1,70
1,<environment.Job instance at 0x7efd48be9cd0>,36,23,[5 9],37,-1,93,-1,70
1,<environment.Job instance at 0x7efd48be9910>,41,13,[11  4],42,-1,98,-1,85
1,<environment.Job instance at 0x7efd48be9320>,42,12,[11  5],43,-1,97,-1,85
1,<environment.Job instance at 0x7efd48be9c80>,45,1,[ 4 12],46,-1,86,-1,85
1,<environment.Job instance at 0x7efd48be9870>,46,3,[ 4 14],47,-1,88,-1,85
1,<environment.Job instance at 0x7efd48be9eb0>,47,15,[14  3],48,-1,100,-1,85
1,<environment.Job instance at 0x7efd47cfdb40>,51,14,[11  1],52,-1,130,-1,116
1,<environment.Job instance at 0x7efd47cfd230>,52,23,[ 2 11],53,-1,139,-1,116
1,<environment.Job instance at 0x7efd47cfdbe0>,53,21,[ 1 11],54,-1,137,-1,116
1,<environment.Job instance at 0x7efd47cfd960>,54,1,[ 2 14],55,-1,117,-1,116
1,<environment.Job instance at 0x7efd47cfdfa0>,57,15,[13  2],58,-1,135,-1,120
1,<environment.Job instance at 0x7efd47cfdb90>,58,1,[ 5 11],59,-1,121,-1,120
1,<environment.Job instance at 0x7efd491888c0>,59,3,[13  4],60,-1,123,-1,120
1,<environment.Job instance at 0x7efd491880a0>,60,15,[ 3 14],61,-1,135,-1,120
1,<environment.Job instance at 0x7efd49188b40>,61,18,[13  2],62,-1,138,-1,120
1,<environment.Job instance at 0x7efd49188870>,62,1,[12  5],63,-1,121,-1,120
1,<environment.Job instance at 0x7efd491886e0>,67,12,[ 4 14],68,-1,138,-1,126
1,<environment.Job instance at 0x7efd49188410>,69,18,[14  1],70,-1,144,-1,126
1,<environment.Job instance at 0x7efd48bd1190>,71,15,[12  1],72,-1,149,-1,134
1,<environment.Job instance at 0x7efd48bd1be0>,72,13,[ 5 12],73,-1,147,-1,134
1,<environment.Job instance at 0x7efd48bd1730>,77,28,[9 4],78,-1,190,-1,162
1,<environment.Job instance at 0x7efd48bd1b90>,79,1,[ 3 13],80,-1,163,-1,162
1,<environment.Job instance at 0x7efd48206780>,80,23,[6 2],81,-1,187,-1,164
1,<environment.Job instance at 0x7efd48206c80>,84,24,[3 9],85,-1,199,-1,175
1,<environment.Job instance at 0x7efd48206690>,85,18,[ 3 12],86,-1,193,-1,175
1,<environment.Job instance at 0x7efd482065f0>,86,18,[13  3],87,-1,193,-1,175
1,<environment.Job instance at 0x7efd482060f0>,83,24,[10  4],84,-1,204,-1,180
1,<environment.Job instance at 0x7efd48206dc0>,90,24,[7 4],91,-1,204,-1,180
1,<environment.Job instance at 0x7efd48206410>,91,19,[ 5 13],92,-1,199,-1,180
1,<environment.Job instance at 0x7efd47f03aa0>,10,17,[4 6],11,-1,32,-1,15
1,<environment.Job instance at 0x7efd47f03d70>,15,20,[1 9],16,-1,36,-1,16
1,<environment.Job instance at 0x7efd47f03b90>,17,17,[5 6],18,-1,35,-1,18
1,<environment.Job instance at 0x7efd490b1230>,4,26,[2 7],5,-1,123,-1,97
1,<environment.Job instance at 0x7efd47f03550>,18,16,[10  1],19,-1,113,-1,97
1,<environment.Job instance at 0x7efd47f03190>,13,15,[ 3 10],14,-1,112,-1,97
1,<environment.Job instance at 0x7efd47f03050>,20,12,[4 9],21,-1,109,-1,97
1,<environment.Job instance at 0x7efd47f03820>,23,22,[1 8],24,-1,120,-1,98
1,<environment.Job instance at 0x7efd47f035f0>,14,28,[14  3],15,-1,126,-1,98
1,<environment.Job instance at 0x7efd48be8960>,9,26,[ 1 10],10,-1,161,-1,135
1,<environment.Job instance at 0x7efd48be7fa0>,36,22,[5 6],37,-1,181,-1,159
1,<environment.Job instance at 0x7efd47e0cfa0>,1,26,[ 5 11],2,-1,28,-1,2
1,<environment.Job instance at 0x7efd47e22870>,3,23,[10  4],4,-1,27,-1,4
1,<environment.Job instance at 0x7efd47d7b780>,4,26,[2 7],5,-1,31,-1,5
1,<environment.Job instance at 0x7efd47d89910>,8,26,[5 4],9,-1,37,-1,11
1,<environment.Job instance at 0x7efd4926c870>,14,28,[14  3],15,-1,50,-1,22
1,<environment.Job instance at 0x7efd47da9be0>,9,26,[ 1 10],10,-1,51,-1,25
1,<environment.Job instance at 0x7efd48851870>,19,17,[ 2 12],20,-1,42,-1,25
1,<environment.Job instance at 0x7efd48a677d0>,22,13,[ 5 11],23,-1,40,-1,27
1,<environment.Job instance at 0x7efd48a676e0>,25,2,[ 4 11],26,-1,39,-1,37
1,<environment.Job instance at 0x7efd48a67aa0>,26,24,[8 5],27,-1,63,-1,39
1,<environment.Job instance at 0x7efd47fecd70>,29,17,[13  2],30,-1,69,-1,52
1,<environment.Job instance at 0x7efd47ea9aa0>,30,23,[9 3],31,-1,90,-1,67
1,<environment.Job instance at 0x7efd47ec2af0>,35,3,[ 5 14],36,-1,82,-1,79
1,<environment.Job instance at 0x7efd47ec7e10>,38,25,[10  1],39,-1,133,-1,108
1,<environment.Job instance at 0x7efd47cfcdc0>,42,21,[12  2],43,-1,129,-1,108
1,<environment.Job instance at 0x7efd48bb40f0>,44,14,[ 1 14],45,-1,123,-1,109
1,<environment.Job instance at 0x7efd4927be60>,46,15,[12  3],47,-1,124,-1,109
1,<environment.Job instance at 0x7efd4927bf50>,48,3,[ 5 14],49,-1,126,-1,123
1,<environment.Job instance at 0x7efd487d7a00>,50,13,[12  5],51,-1,136,-1,123
1,<environment.Job instance at 0x7efd4917da00>,51,12,[12  3],52,-1,135,-1,123
1,<environment.Job instance at 0x7efd491ae8c0>,54,22,[13  3],55,-1,161,-1,139
1,<environment.Job instance at 0x7efd492624b0>,55,14,[14  2],56,-1,153,-1,139
1,<environment.Job instance at 0x7efd4819e5a0>,56,19,[13  5],57,-1,158,-1,139
1,<environment.Job instance at 0x7efd48d56a00>,59,17,[ 1 13],60,-1,164,-1,147
1,<environment.Job instance at 0x7efd4923d2d0>,60,23,[ 3 11],61,-1,170,-1,147
1,<environment.Job instance at 0x7efd4923db90>,61,26,[5 1],62,-1,173,-1,147
1,<environment.Job instance at 0x7efd47afee60>,62,25,[ 1 10],63,-1,184,-1,159
1,<environment.Job instance at 0x7efd491956e0>,64,25,[ 4 11],65,-1,184,-1,159
1,<environment.Job instance at 0x7efd48206dc0>,66,26,[13  2],67,-1,187,-1,161
1,<environment.Job instance at 0x7efd48206d20>,67,2,[ 2 13],68,-1,163,-1,161
1,<environment.Job instance at 0x7efd482060f0>,71,12,[11  2],72,-1,189,-1,177
1,<environment.Job instance at 0x7efd482065a0>,73,19,[ 5 11],74,-1,198,-1,179
1,<environment.Job instance at 0x7efd48e20910>,0,16,[8 1],1,-1,18,-1,2
1,<environment.Job instance at 0x7efd48e20fa0>,2,17,[4 8],3,-1,20,-1,3
1,<environment.Job instance at 0x7efd48e200f0>,3,18,[5 5],4,-1,22,-1,4
1,<environment.Job instance at 0x7efd47f57a50>,1,25,[ 5 10],2,-1,30,-1,5
1,<environment.Job instance at 0x7efd492bb690>,14,17,[9 1],15,-1,33,-1,16
1,<environment.Job instance at 0x7efd48e20370>,1,25,[ 5 10],2,-1,27,-1,2
1,<environment.Job instance at 0x7efd48db7960>,4,17,[ 2 14],5,-1,22,-1,5
1,<environment.Job instance at 0x7efd48ef9370>,5,13,[13  4],6,-1,19,-1,6
1,<environment.Job instance at 0x7efd49096f50>,6,3,[12  2],7,-1,10,-1,7
1,<environment.Job instance at 0x7efd6d754c80>,10,1,[ 1 13],11,-1,12,-1,11
1,<environment.Job instance at 0x7efd493195f0>,12,12,[12  3],13,-1,25,-1,13
1,<environment.Job instance at 0x7efd48330910>,17,13,[11  2],18,-1,43,-1,30
1,<environment.Job instance at 0x7efd51ef80f0>,19,13,[12  4],20,-1,44,-1,31
1,<environment.Job instance at 0x7efd51ef8c80>,20,24,[12  2],21,-1,55,-1,31
1,<environment.Job instance at 0x7efd51ef8b90>,21,12,[ 2 12],22,-1,43,-1,31
1,<environment.Job instance at 0x7efd51add230>,30,14,[ 4 13],31,-1,68,-1,54
1,<environment.Job instance at 0x7efd47e9a050>,36,23,[3 9],37,-1,105,-1,82
1,<environment.Job instance at 0x7efd51e327d0>,37,24,[ 4 14],38,-1,106,-1,82
1,<environment.Job instance at 0x7efd485c5b40>,39,13,[ 4 13],40,-1,95,-1,82
1,<environment.Job instance at 0x7efd485c5c80>,38,23,[9 5],39,-1,107,-1,84
1,<environment.Job instance at 0x7efd483db280>,41,14,[ 1 11],42,-1,98,-1,84
1,<environment.Job instance at 0x7efd49379640>,42,24,[7 4],43,-1,108,-1,84
1,<environment.Job instance at 0x7efd48590e60>,47,12,[14  4],48,-1,112,-1,100
1,<environment.Job instance at 0x7efd48c1e8c0>,52,25,[6 2],53,-1,140,-1,115
1,<environment.Job instance at 0x7efd48c1eaf0>,53,2,[ 1 13],54,-1,117,-1,115
1,<environment.Job instance at 0x7efd48c1e460>,55,24,[5 6],56,-1,142,-1,118
1,<environment.Job instance at 0x7efd48a50f50>,57,25,[ 2 13],58,-1,143,-1,118
1,<environment.Job instance at 0x7efd48e85af0>,59,15,[ 4 11],60,-1,134,-1,119
1,<environment.Job instance at 0x7efd48e855a0>,60,26,[6 2],61,-1,158,-1,132
1,<environment.Job instance at 0x7efd486a5960>,63,26,[10  2],64,-1,161,-1,135
1,<environment.Job instance at 0x7efd4935a0f0>,67,17,[14  5],68,-1,167,-1,150
1,<environment.Job instance at 0x7efd51898500>,71,1,[12  5],72,-1,154,-1,153
1,<environment.Job instance at 0x7efd48c4d140>,72,1,[ 2 14],73,-1,154,-1,153
1,<environment.Job instance at 0x7efd518986e0>,70,28,[4 9],71,-1,193,-1,165
1,<environment.Job instance at 0x7efd51c8abe0>,74,2,[14  3],75,-1,167,-1,165
1,<environment.Job instance at 0x7efd48bdda00>,75,28,[10  3],76,-1,198,-1,170
1,<environment.Job instance at 0x7efd4914b8c0>,83,17,[ 3 11],84,-1,205,-1,188
1,<environment.Job instance at 0x7efd4914b3c0>,84,15,[ 5 11],85,-1,203,-1,188
1,<environment.Job instance at 0x7efd4914ffa0>,85,28,[ 2 11],86,-1,216,-1,188
1,<environment.Job instance at 0x7efd482de5a0>,0,18,[3 7],1,-1,19,-1,1
1,<environment.Job instance at 0x7efd482de0a0>,3,18,[3 6],4,-1,22,-1,4
1,<environment.Job instance at 0x7efd482de640>,5,17,[2 5],6,-1,25,-1,8
1,<environment.Job instance at 0x7efd482de0f0>,7,24,[10  3],8,-1,32,-1,8
1,<environment.Job instance at 0x7efd48699320>,12,26,[5 5],13,-1,39,-1,13
1,<environment.Job instance at 0x7efd48699aa0>,11,18,[2 9],12,-1,32,-1,14
1,<environment.Job instance at 0x7efd486995f0>,14,15,[8 4],15,-1,31,-1,16
1,<environment.Job instance at 0x7efd48699c30>,15,22,[10  5],16,-1,38,-1,16
1,<environment.Job instance at 0x7efd486990a0>,16,15,[2 8],17,-1,33,-1,18
1,<environment.Job instance at 0x7efd486998c0>,17,17,[2 7],18,-1,35,-1,18
1,<environment.Job instance at 0x7efd48699dc0>,21,25,[9 4],22,-1,50,-1,25
1,<environment.Job instance at 0x7efd487d7eb0>,26,26,[5 2],27,-1,53,-1,27
1,<environment.Job instance at 0x7efd487d7e60>,27,24,[9 3],28,-1,53,-1,29
1,<environment.Job instance at 0x7efd49012c30>,1,1,[12  5],2,-1,3,-1,2
1,<environment.Job instance at 0x7efd489f8d20>,4,26,[ 2 12],5,-1,31,-1,5
1,<environment.Job instance at 0x7efd4812d820>,6,1,[ 3 12],7,-1,8,-1,7
1,<environment.Job instance at 0x7efd4812dcd0>,7,24,[10  3],8,-1,32,-1,8
1,<environment.Job instance at 0x7efd489f8460>,9,3,[11  1],10,-1,13,-1,10
1,<environment.Job instance at 0x7efd48670910>,13,21,[13  1],14,-1,35,-1,14
1,<environment.Job instance at 0x7efd4888bb40>,12,26,[5 5],13,-1,45,-1,19
1,<environment.Job instance at 0x7efd47f63dc0>,22,26,[ 3 11],23,-1,63,-1,37
1,<environment.Job instance at 0x7efd4831d780>,21,25,[9 4],22,-1,63,-1,38
1,<environment.Job instance at 0x7efd490a1870>,24,26,[12  4],25,-1,64,-1,38
1,<environment.Job instance at 0x7efd4831d140>,25,1,[12  4],26,-1,39,-1,38
1,<environment.Job instance at 0x7efd490a1eb0>,26,26,[5 2],27,-1,64,-1,38
1,<environment.Job instance at 0x7efd51d28c80>,27,24,[9 3],28,-1,62,-1,38
1,<environment.Job instance at 0x7efd490a17d0>,28,26,[6 3],29,-1,64,-1,38
1,<environment.Job instance at 0x7efd51f065a0>,30,20,[14  3],31,-1,58,-1,38
1,<environment.Job instance at 0x7efd486a5960>,38,25,[1 6],39,-1,109,-1,84
1,<environment.Job instance at 0x7efd48bdddc0>,36,26,[2 6],37,-1,110,-1,84
1,<environment.Job instance at 0x7efd48e85f00>,43,16,[13  3],44,-1,100,-1,84
1,<environment.Job instance at 0x7efd48a50820>,46,1,[11  1],47,-1,97,-1,96
1,<environment.Job instance at 0x7efd518e5eb0>,47,19,[11  4],48,-1,115,-1,96
1,<environment.Job instance at 0x7efd518e5a00>,49,19,[13  1],50,-1,124,-1,105
1,<environment.Job instance at 0x7efd485901e0>,52,14,[ 4 13],53,-1,120,-1,106
1,<environment.Job instance at 0x7efd48590780>,53,13,[13  5],54,-1,119,-1,106
1,<environment.Job instance at 0x7efd4903e7d0>,55,16,[ 3 12],56,-1,122,-1,106
1,<environment.Job instance at 0x7efd51e32c80>,57,28,[14  1],58,-1,140,-1,112
1,<environment.Job instance at 0x7efd47e9a050>,59,14,[ 1 14],60,-1,126,-1,112
1,<environment.Job instance at 0x7efd51e320f0>,60,21,[ 1 14],61,-1,133,-1,112
1,<environment.Job instance at 0x7efd47e9a320>,58,25,[10  1],59,-1,150,-1,125
1,<environment.Job instance at 0x7efd51ef80f0>,66,25,[9 4],67,-1,171,-1,146
1,<environment.Job instance at 0x7efd48a9ab90>,71,28,[ 5 12],72,-1,181,-1,153
1,<environment.Job instance at 0x7efd48699fa0>,77,23,[10  1],78,-1,211,-1,188
1,<environment.Job instance at 0x7efd48699370>,79,26,[14  1],80,-1,214,-1,188
1,<environment.Job instance at 0x7efd488ee820>,1,12,[ 4 12],2,-1,14,-1,2
1,<environment.Job instance at 0x7efd47c93f50>,3,28,[ 4 11],4,-1,32,-1,4
1,<environment.Job instance at 0x7efd48304e60>,6,19,[ 2 11],7,-1,26,-1,7
1,<environment.Job instance at 0x7efd48304550>,7,12,[14  5],8,-1,20,-1,8
1,<environment.Job instance at 0x7efd48009780>,8,27,[10  1],9,-1,36,-1,9
1,<environment.Job instance at 0x7efd484be640>,10,18,[ 5 12],11,-1,29,-1,11
1,<environment.Job instance at 0x7efd48009b40>,11,25,[11  3],12,-1,37,-1,12
1,<environment.Job instance at 0x7efd4808ccd0>,15,1,[13  4],16,-1,17,-1,16
1,<environment.Job instance at 0x7efd480dc2d0>,16,25,[13  3],17,-1,42,-1,17
1,<environment.Job instance at 0x7efd4808c2d0>,17,26,[ 3 13],18,-1,44,-1,18
1,<environment.Job instance at 0x7efd4808c320>,14,23,[6 5],15,-1,45,-1,22
1,<environment.Job instance at 0x7efd47f9ab90>,21,20,[ 4 13],22,-1,42,-1,22
1,<environment.Job instance at 0x7efd480dc230>,18,23,[2 7],19,-1,45,-1,22
1,<environment.Job instance at 0x7efd47f9a370>,22,28,[6 1],23,-1,51,-1,23
1,<environment.Job instance at 0x7efd48cc8e60>,27,3,[ 5 11],28,-1,42,-1,39
1,<environment.Job instance at 0x7efd48dc35a0>,32,18,[ 3 12],33,-1,88,-1,70
1,<environment.Job instance at 0x7efd48dc3a50>,34,20,[14  4],35,-1,99,-1,79
1,<environment.Job instance at 0x7efd48dc3370>,36,26,[ 3 12],37,-1,108,-1,82
1,<environment.Job instance at 0x7efd48dc32d0>,37,12,[12  1],38,-1,94,-1,82
1,<environment.Job instance at 0x7efd48f76690>,39,20,[12  4],40,-1,102,-1,82
1,<environment.Job instance at 0x7efd48db76e0>,47,26,[7 5],48,-1,151,-1,125
1,<environment.Job instance at 0x7efd47f4fc80>,52,2,[13  5],53,-1,143,-1,141
1,<environment.Job instance at 0x7efd48048be0>,54,28,[5 5],55,-1,171,-1,143
1,<environment.Job instance at 0x7efd48048aa0>,55,15,[12  4],56,-1,158,-1,143
1,<environment.Job instance at 0x7efd479dd230>,59,12,[ 4 14],60,-1,171,-1,159
1,<environment.Job instance at 0x7efd48e25690>,60,21,[ 4 14],61,-1,180,-1,159
1,<environment.Job instance at 0x7efd49392dc0>,61,14,[ 1 13],62,-1,173,-1,159
1,<environment.Job instance at 0x7efd47f2bbe0>,62,16,[12  5],63,-1,175,-1,159
1,<environment.Job instance at 0x7efd49392cd0>,63,28,[4 5],64,-1,187,-1,159
1,<environment.Job instance at 0x7efd48d3f1e0>,56,25,[9 3],57,-1,187,-1,162
1,<environment.Job instance at 0x7efd4937cc30>,66,25,[ 2 14],67,-1,187,-1,162
1,<environment.Job instance at 0x7efd48ebe050>,67,1,[ 1 11],68,-1,163,-1,162
1,<environment.Job instance at 0x7efd48dc1280>,68,28,[1 8],69,-1,190,-1,162
1,<environment.Job instance at 0x7efd47c01050>,74,27,[ 3 10],75,-1,204,-1,177
1,<environment.Job instance at 0x7efd49182af0>,78,16,[ 4 11],79,-1,205,-1,189
1,<environment.Job instance at 0x7efd49182870>,79,28,[ 4 13],80,-1,217,-1,189
1,<environment.Job instance at 0x7efd487d80a0>,80,15,[ 5 14],81,-1,204,-1,189
1,<environment.Job instance at 0x7efd47cb80f0>,81,3,[ 2 14],82,-1,192,-1,189
1,<environment.Job instance at 0x7efd487d8be0>,82,14,[ 3 11],83,-1,203,-1,189
1,<environment.Job instance at 0x7efd49259640>,3,28,[10  2],4,-1,32,-1,4
1,<environment.Job instance at 0x7efd49259050>,6,18,[7 5],7,-1,25,-1,7
1,<environment.Job instance at 0x7efd49259370>,8,14,[3 7],9,-1,24,-1,10
1,<environment.Job instance at 0x7efd49259c80>,10,26,[5 5],11,-1,37,-1,11
1,<environment.Job instance at 0x7efd4928a2d0>,16,16,[4 6],17,-1,33,-1,17
1,<environment.Job instance at 0x7efd488e4410>,3,28,[10  2],4,-1,32,-1,4
1,<environment.Job instance at 0x7efd49319d70>,4,19,[ 2 12],5,-1,24,-1,5
1,<environment.Job instance at 0x7efd485a9820>,5,20,[ 2 11],6,-1,26,-1,6
1,<environment.Job instance at 0x7efd47e69d70>,10,26,[5 5],11,-1,49,-1,23
1,<environment.Job instance at 0x7efd47e69960>,11,28,[3 7],12,-1,51,-1,23
1,<environment.Job instance at 0x7efd48b4a370>,13,23,[ 2 10],14,-1,46,-1,23
1,<environment.Job instance at 0x7efd48b6ed70>,14,12,[13  5],15,-1,35,-1,23
1,<environment.Job instance at 0x7efd47f09b40>,19,14,[14  2],20,-1,42,-1,28
1,<environment.Job instance at 0x7efd47f09d70>,20,28,[9 4],21,-1,64,-1,36
1,<environment.Job instance at 0x7efd47f09f00>,21,24,[ 1 13],22,-1,60,-1,36
1,<environment.Job instance at 0x7efd47d4ebe0>,22,14,[ 5 13],23,-1,50,-1,36
1,<environment.Job instance at 0x7efd48d096e0>,28,13,[ 3 12],29,-1,54,-1,41
1,<environment.Job instance at 0x7efd48d09e60>,31,12,[ 5 12],32,-1,53,-1,41
1,<environment.Job instance at 0x7efd483dc3c0>,44,14,[ 1 14],45,-1,109,-1,95
1,<environment.Job instance at 0x7efd49170190>,42,23,[ 4 10],43,-1,125,-1,102
1,<environment.Job instance at 0x7efd51e2f4b0>,46,14,[11  4],47,-1,116,-1,102
1,<environment.Job instance at 0x7efd48015870>,48,18,[ 4 12],49,-1,120,-1,102
1,<environment.Job instance at 0x7efd484cc9b0>,51,25,[5 4],52,-1,145,-1,120
1,<environment.Job instance at 0x7efd47d95960>,55,16,[ 5 13],56,-1,150,-1,134
1,<environment.Job instance at 0x7efd484cc730>,56,17,[ 2 12],57,-1,151,-1,134
1,<environment.Job instance at 0x7efd47c73f50>,58,25,[ 1 13],59,-1,162,-1,137
1,<environment.Job instance at 0x7efd47c730a0>,57,25,[9 2],58,-1,174,-1,149
1,<environment.Job instance at 0x7efd4851f6e0>,66,14,[ 2 12],67,-1,180,-1,166
1,<environment.Job instance at 0x7efd47f09320>,3,23,[8 3],4,-1,29,-1,6
1,<environment.Job instance at 0x7efd47f09460>,6,28,[8 4],7,-1,35,-1,7
1,<environment.Job instance at 0x7efd48b7cf00>,2,17,[13  2],3,-1,20,-1,3
1,<environment.Job instance at 0x7efd48b7c690>,3,23,[8 3],4,-1,27,-1,4
1,<environment.Job instance at 0x7efd48b7c9b0>,4,1,[12  5],5,-1,6,-1,5
1,<environment.Job instance at 0x7efd47b79190>,7,16,[13  2],8,-1,24,-1,8
1,<environment.Job instance at 0x7efd51878d20>,9,12,[ 5 14],10,-1,22,-1,10
1,<environment.Job instance at 0x7efd518785f0>,10,14,[14  2],11,-1,25,-1,11
1,<environment.Job instance at 0x7efd47b797d0>,13,23,[6 3],14,-1,37,-1,14
1,<environment.Job instance at 0x7efd51cbaaf0>,15,21,[12  2],16,-1,37,-1,16
1,<environment.Job instance at 0x7efd518f2730>,16,21,[13  1],17,-1,38,-1,17
1,<environment.Job instance at 0x7efd48b7c500>,6,28,[8 4],7,-1,48,-1,20
1,<environment.Job instance at 0x7efd48271dc0>,19,15,[12  3],20,-1,35,-1,20
1,<environment.Job instance at 0x7efd482197d0>,20,16,[14  3],21,-1,37,-1,21
1,<environment.Job instance at 0x7efd47c734b0>,23,16,[ 4 13],24,-1,40,-1,24
1,<environment.Job instance at 0x7efd48219be0>,25,17,[ 4 11],26,-1,49,-1,32
1,<environment.Job instance at 0x7efd484cc730>,27,24,[2 5],28,-1,60,-1,36
1,<environment.Job instance at 0x7efd49170190>,28,23,[11  4],29,-1,59,-1,36
1,<environment.Job instance at 0x7efd484ccf00>,29,13,[ 1 11],30,-1,49,-1,36
1,<environment.Job instance at 0x7efd48d5b230>,30,3,[ 3 11],31,-1,39,-1,36
1,<environment.Job instance at 0x7efd47be42d0>,34,13,[13  1],35,-1,49,-1,36
1,<environment.Job instance at 0x7efd51d11c30>,35,16,[ 2 13],36,-1,52,-1,36
1,<environment.Job instance at 0x7efd48b4c0a0>,37,16,[ 2 13],38,-1,60,-1,44
1,<environment.Job instance at 0x7efd51fbe780>,42,28,[5 4],43,-1,91,-1,63
1,<environment.Job instance at 0x7efd48846dc0>,44,13,[ 4 14],45,-1,76,-1,63
1,<environment.Job instance at 0x7efd6d754c80>,45,17,[ 3 11],46,-1,80,-1,63
1,<environment.Job instance at 0x7efd48558f00>,47,17,[ 2 14],48,-1,81,-1,64
1,<environment.Job instance at 0x7efd49319f00>,48,26,[12  5],49,-1,90,-1,64
1,<environment.Job instance at 0x7efd47f07b40>,51,28,[ 5 12],52,-1,95,-1,67
1,<environment.Job instance at 0x7efd47bee3c0>,53,14,[ 3 12],54,-1,81,-1,67
1,<environment.Job instance at 0x7efd51efffa0>,56,26,[7 1],57,-1,107,-1,81
1,<environment.Job instance at 0x7efd48f89960>,57,13,[14  1],58,-1,94,-1,81
1,<environment.Job instance at 0x7efd48f89820>,58,24,[7 2],59,-1,105,-1,81
1,<environment.Job instance at 0x7efd48f89f00>,59,24,[14  4],60,-1,105,-1,81
1,<environment.Job instance at 0x7efd483549b0>,60,3,[12  5],61,-1,84,-1,81
1,<environment.Job instance at 0x7efd480aeaf0>,61,25,[3 6],62,-1,107,-1,82
1,<environment.Job instance at 0x7efd48f897d0>,64,16,[13  1],65,-1,98,-1,82
1,<environment.Job instance at 0x7efd47f097d0>,67,28,[5 8],68,-1,114,-1,86
1,<environment.Job instance at 0x7efd47f09be0>,69,13,[14  5],70,-1,99,-1,86
1,<environment.Job instance at 0x7efd47d4e640>,71,17,[13  3],72,-1,106,-1,89
1,<environment.Job instance at 0x7efd47d4e8c0>,73,27,[1 7],74,-1,130,-1,103
1,<environment.Job instance at 0x7efd47d4e690>,75,13,[12  4],76,-1,116,-1,103
1,<environment.Job instance at 0x7efd47d4e5a0>,77,23,[8 1],78,-1,138,-1,115
1,<environment.Job instance at 0x7efd48b29870>,79,16,[ 5 12],80,-1,131,-1,115
1,<environment.Job instance at 0x7efd4929a910>,84,28,[13  1],85,-1,155,-1,127
1,<environment.Job instance at 0x7efd481c80f0>,86,28,[10  1],87,-1,170,-1,142
1,<environment.Job instance at 0x7efd481c8cd0>,89,18,[11  2],90,-1,160,-1,142
1,<environment.Job instance at 0x7efd4929e1e0>,96,18,[14  3],97,-1,189,-1,171
1,<environment.Job instance at 0x7efd47e0dd70>,97,3,[ 3 12],98,-1,174,-1,171
1,<environment.Job instance at 0x7efd47e0d640>,98,21,[ 3 11],99,-1,192,-1,171
1,<environment.Job instance at 0x7efd47e0d780>,99,17,[ 3 14],100,-1,188,-1,171
1,<environment.Job instance at 0x7efd47e0d230>,102,2,[11  2],103,-1,181,-1,179
1,<environment.Job instance at 0x7efd47e0d820>,103,23,[9 3],104,-1,206,-1,183
1,<environment.Job instance at 0x7efd48593910>,105,16,[12  1],106,-1,199,-1,183
1,<environment.Job instance at 0x7efd48e268c0>,107,18,[ 4 11],108,-1,203,-1,185
1,<environment.Job instance at 0x7efd482884b0>,2,13,[9 2],3,-1,18,-1,5
1,<environment.Job instance at 0x7efd48288eb0>,5,17,[3 8],6,-1,23,-1,6
1,<environment.Job instance at 0x7efd48288f00>,6,18,[5 5],7,-1,25,-1,7
1,<environment.Job instance at 0x7efd48288050>,4,15,[2 9],5,-1,22,-1,7
1,<environment.Job instance at 0x7efd47bcd7d0>,12,13,[ 5 11],13,-1,28,-1,15
1,<environment.Job instance at 0x7efd47bcd140>,15,19,[ 3 11],16,-1,35,-1,16
1,<environment.Job instance at 0x7efd47bcdc30>,17,18,[8 4],18,-1,36,-1,18
1,<environment.Job instance at 0x7efd47bcddc0>,18,15,[1 8],19,-1,34,-1,19
1,<environment.Job instance at 0x7efd47bcde60>,19,28,[7 5],20,-1,48,-1,20
1,<environment.Job instance at 0x7efd47bcdf00>,20,28,[2 9],21,-1,49,-1,21
1,<environment.Job instance at 0x7efd47bcdfa0>,21,15,[10  2],22,-1,37,-1,22
1,<environment.Job instance at 0x7efd482c6140>,23,17,[2 9],24,-1,41,-1,24
1,<environment.Job instance at 0x7efd482c62d0>,24,25,[2 8],25,-1,50,-1,25
1,<environment.Job instance at 0x7efd47bcdb40>,16,18,[11  3],17,-1,51,-1,33
1,<environment.Job instance at 0x7efd47bcdaf0>,14,15,[14  4],15,-1,48,-1,33
1,<environment.Job instance at 0x7efd482c6b40>,33,28,[5 5],34,-1,62,-1,34
1,<environment.Job instance at 0x7efd482c6be0>,34,18,[6 4],35,-1,53,-1,35
1,<environment.Job instance at 0x7efd482c6460>,29,23,[ 4 13],30,-1,61,-1,38
1,<environment.Job instance at 0x7efd482c6e10>,37,17,[6 1],38,-1,55,-1,38
1,<environment.Job instance at 0x7efd482c6c80>,36,13,[ 3 11],37,-1,52,-1,39
1,<environment.Job instance at 0x7efd482c6e60>,38,21,[ 4 14],39,-1,60,-1,39
1,<environment.Job instance at 0x7efd482c6f00>,40,18,[12  5],41,-1,59,-1,41
1,<environment.Job instance at 0x7efd482c70a0>,41,15,[3 9],42,-1,57,-1,42
1,<environment.Job instance at 0x7efd482c6780>,39,15,[3 5],40,-1,58,-1,43
1,<environment.Job instance at 0x7efd482c7140>,42,15,[12  5],43,-1,60,-1,45
1,<environment.Job instance at 0x7efd482c68c0>,31,12,[6 1],32,-1,60,-1,48
1,<environment.Job instance at 0x7efd482c7460>,47,13,[9 1],48,-1,62,-1,49
1,<environment.Job instance at 0x7efd482c75f0>,48,20,[7 2],49,-1,71,-1,51
1,<environment.Job instance at 0x7efd482c7870>,51,20,[ 1 11],52,-1,72,-1,52
1,<environment.Job instance at 0x7efd482c7820>,52,19,[8 2],53,-1,72,-1,53
1,<environment.Job instance at 0x7efd482c7690>,50,17,[ 4 10],51,-1,71,-1,54
1,<environment.Job instance at 0x7efd482c6fa0>,46,25,[3 6],47,-1,79,-1,54
1,<environment.Job instance at 0x7efd482c79b0>,53,16,[ 1 10],54,-1,70,-1,54
1,<environment.Job instance at 0x7efd482c7960>,54,18,[ 3 11],55,-1,73,-1,55
1,<environment.Job instance at 0x7efd482c7780>,49,13,[2 5],50,-1,69,-1,56
1,<environment.Job instance at 0x7efd482c7aa0>,55,24,[14  5],56,-1,80,-1,56
1,<environment.Job instance at 0x7efd482c7be0>,57,18,[7 5],58,-1,77,-1,59
1,<environment.Job instance at 0x7efd482c7c80>,58,16,[5 5],59,-1,78,-1,62
1,<environment.Job instance at 0x7efd482ee050>,63,24,[5 3],64,-1,88,-1,64
1,<environment.Job instance at 0x7efd482ee140>,62,19,[11  1],63,-1,91,-1,72
1,<environment.Job instance at 0x7efd482ee4b0>,67,16,[ 1 13],68,-1,88,-1,72
1,<environment.Job instance at 0x7efd482ee550>,68,12,[6 2],69,-1,84,-1,72
1,<environment.Job instance at 0x7efd482ee5f0>,69,14,[6 3],70,-1,86,-1,72
1,<environment.Job instance at 0x7efd482ee690>,70,24,[13  4],71,-1,96,-1,72
1,<environment.Job instance at 0x7efd482ee730>,71,21,[ 1 12],72,-1,93,-1,72
1,<environment.Job instance at 0x7efd482ee910>,72,25,[4 8],73,-1,105,-1,80
1,<environment.Job instance at 0x7efd482c71e0>,43,28,[13  5],44,-1,108,-1,80
1,<environment.Job instance at 0x7efd482eea00>,74,19,[5 5],75,-1,99,-1,80
1,<environment.Job instance at 0x7efd482ee370>,65,13,[7 3],66,-1,93,-1,80
1,<environment.Job instance at 0x7efd482ee9b0>,73,13,[10  1],74,-1,93,-1,80
1,<environment.Job instance at 0x7efd482eeaa0>,76,25,[5 8],77,-1,105,-1,80
1,<environment.Job instance at 0x7efd482eebe0>,78,14,[12  4],79,-1,94,-1,80
1,<environment.Job instance at 0x7efd482ee870>,75,19,[ 1 10],76,-1,99,-1,80
1,<environment.Job instance at 0x7efd482eed20>,80,17,[8 5],81,-1,98,-1,81
1,<environment.Job instance at 0x7efd482eeb40>,77,15,[ 5 10],78,-1,97,-1,82
1,<environment.Job instance at 0x7efd482eee60>,81,14,[7 5],82,-1,98,-1,84
1,<environment.Job instance at 0x7efd482d42d0>,85,23,[5 2],86,-1,110,-1,87
1,<environment.Job instance at 0x7efd482d4410>,86,16,[12  4],87,-1,103,-1,87
1,<environment.Job instance at 0x7efd48abebe0>,87,18,[9 1],88,-1,107,-1,89
1,<environment.Job instance at 0x7efd482c7dc0>,60,12,[ 1 11],61,-1,103,-1,91
1,<environment.Job instance at 0x7efd48294730>,90,17,[2 5],91,-1,108,-1,91
1,<environment.Job instance at 0x7efd482c6820>,30,17,[9 3],31,-1,123,-1,106
1,<environment.Job instance at 0x7efd47bbe820>,101,22,[ 1 11],102,-1,143,-1,121
1,<environment.Job instance at 0x7efd48294cd0>,92,22,[8 3],93,-1,143,-1,121
1,<environment.Job instance at 0x7efd47bdb5f0>,104,18,[6 5],105,-1,139,-1,121
1,<environment.Job instance at 0x7efd47bdbfa0>,107,19,[11  3],108,-1,146,-1,127
1,<environment.Job instance at 0x7efd47bdbc30>,105,2,[11  1],106,-1,129,-1,127
1,<environment.Job instance at 0x7efd47a17820>,108,17,[12  2],109,-1,144,-1,127
1,<environment.Job instance at 0x7efd479ffe10>,110,19,[ 4 11],111,-1,146,-1,127
1,<environment.Job instance at 0x7efd47f08230>,113,20,[2 7],114,-1,154,-1,134
1,<environment.Job instance at 0x7efd481940a0>,115,15,[2 8],116,-1,149,-1,134
1,<environment.Job instance at 0x7efd47effeb0>,116,19,[3 5],117,-1,153,-1,134
1,<environment.Job instance at 0x7efd4844c7d0>,120,12,[9 4],121,-1,146,-1,134
1,<environment.Job instance at 0x7efd48294fa0>,98,24,[12  4],99,-1,158,-1,134
1,<environment.Job instance at 0x7efd47f03a50>,125,23,[5 2],126,-1,157,-1,134
1,<environment.Job instance at 0x7efd479d4eb0>,109,3,[ 2 10],110,-1,143,-1,140
1,<environment.Job instance at 0x7efd487a4190>,7,16,[13  5],8,-1,24,-1,8
1,<environment.Job instance at 0x7efd487a4320>,9,14,[ 5 13],10,-1,24,-1,10
1,<environment.Job instance at 0x7efd487ad870>,12,13,[ 5 11],13,-1,31,-1,18
1,<environment.Job instance at 0x7efd48c6d230>,14,15,[14  4],15,-1,33,-1,18
1,<environment.Job instance at 0x7efd48c6d0f0>,15,19,[ 3 11],16,-1,37,-1,18
1,<environment.Job instance at 0x7efd47ac47d0>,16,18,[11  3],17,-1,36,-1,18
1,<environment.Job instance at 0x7efd47ac4a00>,19,28,[7 5],20,-1,64,-1,36
1,<environment.Job instance at 0x7efd492c05a0>,20,28,[2 9],21,-1,64,-1,36
1,<environment.Job instance at 0x7efd492ba370>,24,25,[2 8],25,-1,73,-1,48
1,<environment.Job instance at 0x7efd492ba0a0>,25,2,[11  5],26,-1,50,-1,48
1,<environment.Job instance at 0x7efd492bac30>,27,1,[ 2 12],28,-1,49,-1,48
1,<environment.Job instance at 0x7efd47d999b0>,29,23,[ 4 13],30,-1,77,-1,54
1,<environment.Job instance at 0x7efd47d99e60>,33,28,[5 5],34,-1,100,-1,72
1,<environment.Job instance at 0x7efd48f27e60>,36,13,[ 3 11],37,-1,98,-1,85
1,<environment.Job instance at 0x7efd47af5690>,38,21,[ 4 14],39,-1,108,-1,87
1,<environment.Job instance at 0x7efd47af57d0>,40,18,[12  5],41,-1,107,-1,89
1,<environment.Job instance at 0x7efd49153af0>,42,15,[12  5],43,-1,104,-1,89
1,<environment.Job instance at 0x7efd47c8b7d0>,43,28,[13  5],44,-1,117,-1,89
1,<environment.Job instance at 0x7efd4885dc30>,46,25,[3 6],47,-1,142,-1,117
1,<environment.Job instance at 0x7efd48e1fbe0>,51,20,[ 1 11],52,-1,150,-1,130
1,<environment.Job instance at 0x7efd48e1f050>,54,18,[ 3 11],55,-1,149,-1,131
1,<environment.Job instance at 0x7efd48e1f320>,55,24,[14  5],56,-1,155,-1,131
1,<environment.Job instance at 0x7efd48e264b0>,60,12,[ 1 11],61,-1,165,-1,153
1,<environment.Job instance at 0x7efd47e0daa0>,62,19,[11  1],63,-1,184,-1,165
1,<environment.Job instance at 0x7efd47e0d230>,63,24,[5 3],64,-1,190,-1,166
1,<environment.Job instance at 0x7efd48187780>,67,16,[ 1 13],68,-1,200,-1,184
1,<environment.Job instance at 0x7efd4929a500>,70,24,[13  4],71,-1,211,-1,187
1,<environment.Job instance at 0x7efd4929a6e0>,71,21,[ 1 12],72,-1,208,-1,187
1,<environment.Job instance at 0x7efd48d45050>,2,20,[8 5],3,-1,23,-1,3
1,<environment.Job instance at 0x7efd51db76e0>,15,20,[ 5 10],16,-1,44,-1,24
1,<environment.Job instance at 0x7efd4846adc0>,11,27,[7 3],12,-1,51,-1,24
1,<environment.Job instance at 0x7efd518f2b40>,9,24,[ 5 11],10,-1,49,-1,25
1,<environment.Job instance at 0x7efd518f2be0>,10,16,[9 5],11,-1,41,-1,25
1,<environment.Job instance at 0x7efd4928a0f0>,22,17,[10  5],23,-1,45,-1,28
1,<environment.Job instance at 0x7efd4928a190>,20,16,[12  5],21,-1,111,-1,95
1,<environment.Job instance at 0x7efd48f894b0>,29,20,[2 9],30,-1,119,-1,99
1,<environment.Job instance at 0x7efd48271960>,31,21,[6 2],32,-1,120,-1,99
1,<environment.Job instance at 0x7efd48ef7b40>,34,23,[11  4],35,-1,124,-1,101
1,<environment.Job instance at 0x7efd4866caf0>,25,21,[7 5],26,-1,124,-1,103
1,<environment.Job instance at 0x7efd47ceb690>,35,17,[9 1],36,-1,120,-1,103
1,<environment.Job instance at 0x7efd47ceb050>,38,17,[5 5],39,-1,120,-1,103
1,<environment.Job instance at 0x7efd47ceb960>,39,12,[1 5],40,-1,115,-1,103
1,<environment.Job instance at 0x7efd47cebb90>,40,15,[ 5 11],41,-1,118,-1,103
1,<environment.Job instance at 0x7efd518788c0>,41,13,[1 9],42,-1,116,-1,103
1,<environment.Job instance at 0x7efd4918e280>,42,17,[7 1],43,-1,120,-1,103
1,<environment.Job instance at 0x7efd48f895a0>,30,18,[1 8],31,-1,121,-1,103
1,<environment.Job instance at 0x7efd4918e960>,43,16,[12  1],44,-1,119,-1,103
1,<environment.Job instance at 0x7efd47e6c6e0>,45,16,[9 2],46,-1,120,-1,104
1,<environment.Job instance at 0x7efd4894c730>,57,16,[14  3],58,-1,140,-1,124
1,<environment.Job instance at 0x7efd482a3280>,52,17,[13  4],53,-1,141,-1,124
1,<environment.Job instance at 0x7efd49098960>,59,14,[ 3 12],60,-1,138,-1,124
1,<environment.Job instance at 0x7efd488f3f00>,61,14,[7 5],62,-1,138,-1,124
1,<environment.Job instance at 0x7efd482a3910>,53,19,[ 5 10],54,-1,143,-1,124
1,<environment.Job instance at 0x7efd490993c0>,62,14,[5 5],63,-1,138,-1,124
1,<environment.Job instance at 0x7efd49099870>,63,22,[14  4],64,-1,146,-1,124
1,<environment.Job instance at 0x7efd49099d70>,64,20,[5 5],65,-1,144,-1,124
1,<environment.Job instance at 0x7efd4866c960>,27,19,[14  4],28,-1,143,-1,124
1,<environment.Job instance at 0x7efd51e2fcd0>,66,14,[ 2 12],67,-1,138,-1,124
1,<environment.Job instance at 0x7efd48d54320>,70,1,[7 3],71,-1,125,-1,124
1,<environment.Job instance at 0x7efd51e2f5a0>,65,20,[6 2],66,-1,145,-1,125
1,<environment.Job instance at 0x7efd48d54640>,71,24,[9 2],72,-1,149,-1,125
1,<environment.Job instance at 0x7efd47e20a50>,74,14,[5 4],75,-1,139,-1,125
1,<environment.Job instance at 0x7efd482a30f0>,54,16,[7 3],55,-1,142,-1,126
1,<environment.Job instance at 0x7efd47b62320>,0,18,[14  1],1,-1,19,-1,1
1,<environment.Job instance at 0x7efd51878e60>,3,16,[13  3],4,-1,20,-1,4
1,<environment.Job instance at 0x7efd4878f8c0>,5,14,[ 5 12],6,-1,20,-1,6
1,<environment.Job instance at 0x7efd518f2e10>,7,13,[ 3 12],8,-1,21,-1,8
1,<environment.Job instance at 0x7efd51cbad70>,9,24,[ 5 11],10,-1,34,-1,10
1,<environment.Job instance at 0x7efd51cbaaf0>,11,27,[7 3],12,-1,50,-1,23
1,<environment.Job instance at 0x7efd4929aaf0>,19,1,[12  5],20,-1,39,-1,38
1,<environment.Job instance at 0x7efd4929a6e0>,20,16,[12  5],21,-1,54,-1,38
1,<environment.Job instance at 0x7efd47e0da00>,23,12,[12  4],24,-1,53,-1,41
1,<environment.Job instance at 0x7efd48e7faf0>,27,19,[14  4],28,-1,61,-1,42
1,<environment.Job instance at 0x7efd492bab90>,33,3,[ 5 11],34,-1,57,-1,54
1,<environment.Job instance at 0x7efd492babe0>,34,23,[11  4],35,-1,77,-1,54
1,<environment.Job instance at 0x7efd482ee1e0>,40,15,[ 5 11],41,-1,87,-1,72
1,<environment.Job instance at 0x7efd4883f5a0>,43,16,[12  1],44,-1,90,-1,74
1,<environment.Job instance at 0x7efd47f2b230>,44,1,[11  4],45,-1,75,-1,74
1,<environment.Job instance at 0x7efd48c93d20>,48,2,[ 2 11],49,-1,96,-1,94
1,<environment.Job instance at 0x7efd48c93960>,49,17,[ 2 13],50,-1,111,-1,94
1,<environment.Job instance at 0x7efd51b5ff50>,50,13,[13  3],51,-1,107,-1,94
1,<environment.Job instance at 0x7efd48e88460>,52,17,[13  4],53,-1,118,-1,101
1,<environment.Job instance at 0x7efd48c93550>,56,13,[ 1 11],57,-1,141,-1,128
1,<environment.Job instance at 0x7efd48e264b0>,57,16,[14  3],58,-1,144,-1,128
1,<environment.Job instance at 0x7efd48c930a0>,58,1,[ 5 13],59,-1,129,-1,128
1,<environment.Job instance at 0x7efd48e263c0>,59,14,[ 3 12],60,-1,142,-1,128
1,<environment.Job instance at 0x7efd47af3d20>,63,22,[14  4],64,-1,153,-1,131
1,<environment.Job instance at 0x7efd48354c80>,66,14,[ 2 12],67,-1,160,-1,146
1,<environment.Job instance at 0x7efd483540a0>,67,17,[11  3],68,-1,163,-1,146
1,<environment.Job instance at 0x7efd47eb9500>,71,24,[9 2],72,-1,192,-1,168
1,<environment.Job instance at 0x7efd48bd7500>,72,1,[ 5 14],73,-1,169,-1,168
1,<environment.Job instance at 0x7efd48f231e0>,78,12,[14  3],79,-1,197,-1,185
1,<environment.Job instance at 0x7efd48e261e0>,0,22,[10  4],1,-1,24,-1,2
1,<environment.Job instance at 0x7efd48e26820>,1,21,[2 6],2,-1,23,-1,2
1,<environment.Job instance at 0x7efd48e26780>,2,24,[5 3],3,-1,27,-1,3
1,<environment.Job instance at 0x7efd48e265f0>,3,27,[5 2],4,-1,31,-1,4
1,<environment.Job instance at 0x7efd47c4ceb0>,10,18,[7 5],11,-1,30,-1,12
1,<environment.Job instance at 0x7efd47c4cc30>,11,25,[12  2],12,-1,37,-1,12
1,<environment.Job instance at 0x7efd49021730>,26,18,[ 3 12],27,-1,54,-1,36
1,<environment.Job instance at 0x7efd48558190>,17,28,[12  3],18,-1,73,-1,45
1,<environment.Job instance at 0x7efd49021aa0>,25,23,[ 4 13],26,-1,68,-1,45
1,<environment.Job instance at 0x7efd484c8460>,4,13,[ 1 11],5,-1,18,-1,5
1,<environment.Job instance at 0x7efd484c8cd0>,7,16,[ 4 12],8,-1,24,-1,8
1,<environment.Job instance at 0x7efd484c8c30>,8,18,[13  1],9,-1,27,-1,9
1,<environment.Job instance at 0x7efd57e230a0>,2,24,[5 3],3,-1,47,-1,23
1,<environment.Job instance at 0x7efd51f06910>,3,27,[5 2],4,-1,50,-1,23
1,<environment.Job instance at 0x7efd51b5ff50>,11,25,[12  2],12,-1,48,-1,23
1,<environment.Job instance at 0x7efd51b5fd20>,12,18,[13  1],13,-1,41,-1,23
1,<environment.Job instance at 0x7efd48c930a0>,13,13,[ 2 12],14,-1,36,-1,23
1,<environment.Job instance at 0x7efd48c93050>,14,21,[12  5],15,-1,44,-1,23
1,<environment.Job instance at 0x7efd48c93d20>,16,18,[14  5],17,-1,41,-1,23
1,<environment.Job instance at 0x7efd48c93c80>,17,28,[12  3],18,-1,51,-1,23
1,<environment.Job instance at 0x7efd48c937d0>,19,3,[ 2 14],20,-1,26,-1,23
1,<environment.Job instance at 0x7efd492babe0>,20,14,[11  2],21,-1,37,-1,23
1,<environment.Job instance at 0x7efd492ba370>,25,23,[ 4 13],26,-1,51,-1,28
1,<environment.Job instance at 0x7efd47faffa0>,26,18,[ 3 12],27,-1,46,-1,28
1,<environment.Job instance at 0x7efd51878e60>,27,12,[ 1 12],28,-1,40,-1,28
1,<environment.Job instance at 0x7efd4878f910>,28,13,[12  5],29,-1,42,-1,29
1,<environment.Job instance at 0x7efd48c209b0>,29,22,[14  3],30,-1,52,-1,30
1,<environment.Job instance at 0x7efd487352d0>,31,13,[ 5 11],32,-1,45,-1,32
1,<environment.Job instance at 0x7efd47fcae10>,35,13,[ 3 13],36,-1,56,-1,43
1,<environment.Job instance at 0x7efd488ff230>,39,25,[9 3],40,-1,95,-1,70
1,<environment.Job instance at 0x7efd48c460f0>,40,16,[11  1],41,-1,86,-1,70
1,<environment.Job instance at 0x7efd48089730>,42,13,[ 5 12],43,-1,83,-1,70
1,<environment.Job instance at 0x7efd48d545a0>,48,26,[4 7],49,-1,127,-1,101
1,<environment.Job instance at 0x7efd488e5780>,51,1,[ 2 14],52,-1,102,-1,101
1,<environment.Job instance at 0x7efd488e5190>,52,1,[ 3 13],53,-1,102,-1,101
1,<environment.Job instance at 0x7efd488e5550>,53,12,[ 2 13],54,-1,113,-1,101
1,<environment.Job instance at 0x7efd51919af0>,57,16,[13  5],58,-1,135,-1,119
1,<environment.Job instance at 0x7efd488fbe10>,59,3,[11  5],60,-1,122,-1,119
1,<environment.Job instance at 0x7efd488fb690>,60,23,[ 2 13],61,-1,142,-1,119
1,<environment.Job instance at 0x7efd49148e60>,61,18,[ 4 14],62,-1,137,-1,119
1,<environment.Job instance at 0x7efd491484b0>,62,24,[3 5],63,-1,143,-1,119
1,<environment.Job instance at 0x7efd49148f50>,63,26,[6 5],64,-1,159,-1,133
1,<environment.Job instance at 0x7efd491482d0>,65,27,[1 5],66,-1,160,-1,133
1,<environment.Job instance at 0x7efd479d4a00>,67,17,[12  2],68,-1,150,-1,133
1,<environment.Job instance at 0x7efd479d4870>,68,23,[6 1],69,-1,158,-1,135
1,<environment.Job instance at 0x7efd48edf4b0>,70,20,[ 1 14],71,-1,168,-1,148
1,<environment.Job instance at 0x7efd48edf8c0>,71,1,[ 1 11],72,-1,149,-1,148
1,<environment.Job instance at 0x7efd482e36e0>,73,14,[11  5],74,-1,163,-1,149
1,<environment.Job instance at 0x7efd47a3a410>,77,28,[6 4],78,-1,194,-1,166
1,<environment.Job instance at 0x7efd5192f190>,81,2,[13  3],82,-1,185,-1,183
1,<environment.Job instance at 0x7efd48dab8c0>,7,27,[5 4],8,-1,35,-1,8
1,<environment.Job instance at 0x7efd48dabe60>,8,14,[4 7],9,-1,23,-1,9
1,<environment.Job instance at 0x7efd48dabaf0>,9,17,[1 6],10,-1,27,-1,10
1,<environment.Job instance at 0x7efd48dab640>,11,20,[2 5],12,-1,33,-1,13
1,<environment.Job instance at 0x7efd48ad96e0>,0,14,[12  3],1,-1,15,-1,1
1,<environment.Job instance at 0x7efd48ad93c0>,2,14,[ 4 14],3,-1,17,-1,3
1,<environment.Job instance at 0x7efd479d4f50>,7,27,[5 4],8,-1,42,-1,15
1,<environment.Job instance at 0x7efd47f34140>,10,25,[8 5],11,-1,46,-1,21
1,<environment.Job instance at 0x7efd6d754c80>,13,15,[13  3],14,-1,36,-1,21
1,<environment.Job instance at 0x7efd51b5ff50>,15,27,[ 2 13],16,-1,51,-1,24
1,<environment.Job instance at 0x7efd484c8e10>,20,27,[ 4 11],21,-1,65,-1,38
1,<environment.Job instance at 0x7efd518dacd0>,21,18,[12  2],22,-1,56,-1,38
1,<environment.Job instance at 0x7efd47c44550>,22,24,[ 2 13],23,-1,62,-1,38
1,<environment.Job instance at 0x7efd484c8d20>,23,13,[ 1 11],24,-1,51,-1,38
1,<environment.Job instance at 0x7efd47c3a730>,28,15,[13  2],29,-1,74,-1,59
1,<environment.Job instance at 0x7efd47c3aeb0>,29,23,[ 1 10],30,-1,82,-1,59
1,<environment.Job instance at 0x7efd47c3ac80>,30,16,[ 1 12],31,-1,75,-1,59
1,<environment.Job instance at 0x7efd47c3a870>,31,24,[10  2],32,-1,96,-1,72
1,<environment.Job instance at 0x7efd48f04f00>,34,16,[12  1],35,-1,88,-1,72
1,<environment.Job instance at 0x7efd48d40550>,39,15,[14  1],40,-1,101,-1,86
1,<environment.Job instance at 0x7efd47a2f640>,41,24,[14  5],42,-1,112,-1,88
1,<environment.Job instance at 0x7efd47a2f140>,42,25,[ 3 14],43,-1,113,-1,88
1,<environment.Job instance at 0x7efd47a3ab40>,49,17,[12  3],50,-1,137,-1,120
1,<environment.Job instance at 0x7efd48867dc0>,51,13,[ 5 14],52,-1,133,-1,120
1,<environment.Job instance at 0x7efd484ee370>,53,15,[ 4 11],54,-1,137,-1,122
1,<environment.Job instance at 0x7efd47fdb6e0>,59,17,[ 5 13],60,-1,174,-1,157
1,<environment.Job instance at 0x7efd490a5a50>,60,18,[ 1 13],61,-1,175,-1,157
1,<environment.Job instance at 0x7efd48a66af0>,61,14,[12  3],62,-1,171,-1,157
1,<environment.Job instance at 0x7efd47c8baf0>,62,28,[ 1 10],63,-1,199,-1,171
1,<environment.Job instance at 0x7efd47c8bf50>,63,24,[ 2 10],64,-1,195,-1,171
1,<environment.Job instance at 0x7efd47d5f4b0>,66,25,[14  2],67,-1,196,-1,171
1,<environment.Job instance at 0x7efd48395cd0>,68,17,[14  3],69,-1,195,-1,178
1,<environment.Job instance at 0x7efd48657050>,8,19,[8 1],9,-1,28,-1,9
1,<environment.Job instance at 0x7efd486570f0>,11,14,[12  5],12,-1,26,-1,12
1,<environment.Job instance at 0x7efd47991be0>,12,21,[14  4],13,-1,34,-1,13
1,<environment.Job instance at 0x7efd47991280>,13,12,[1 5],14,-1,30,-1,18
1,<environment.Job instance at 0x7efd47991dc0>,18,28,[ 5 13],19,-1,50,-1,22
1,<environment.Job instance at 0x7efd484e1b40>,23,23,[ 1 11],24,-1,53,-1,30
1,<environment.Job instance at 0x7efd484e12d0>,25,18,[ 1 11],26,-1,48,-1,30
1,<environment.Job instance at 0x7efd484e16e0>,26,22,[ 4 13],27,-1,52,-1,30
1,<environment.Job instance at 0x7efd484e1d20>,27,3,[2 5],28,-1,33,-1,30
1,<environment.Job instance at 0x7efd484e17d0>,28,3,[8 3],29,-1,33,-1,30
1,<environment.Job instance at 0x7efd48657e10>,9,23,[ 3 11],10,-1,55,-1,32
1,<environment.Job instance at 0x7efd484e1c30>,29,20,[ 5 10],30,-1,53,-1,33
1,<environment.Job instance at 0x7efd484e1820>,30,21,[2 6],31,-1,54,-1,33
1,<environment.Job instance at 0x7efd47991e10>,19,16,[ 2 10],20,-1,49,-1,33
1,<environment.Job instance at 0x7efd484e13c0>,31,16,[1 6],32,-1,49,-1,33
1,<environment.Job instance at 0x7efd484e1af0>,35,14,[14  2],36,-1,51,-1,37
1,<environment.Job instance at 0x7efd47991550>,20,13,[ 3 11],21,-1,50,-1,37
1,<environment.Job instance at 0x7efd484e1dc0>,36,18,[1 5],37,-1,56,-1,38
1,<environment.Job instance at 0x7efd484e1870>,24,18,[ 2 10],25,-1,59,-1,41
1,<environment.Job instance at 0x7efd484e1f50>,37,24,[5 8],38,-1,65,-1,41
1,<environment.Job instance at 0x7efd484e11e0>,40,22,[ 2 14],41,-1,63,-1,41
1,<environment.Job instance at 0x7efd484e19b0>,32,15,[5 3],33,-1,56,-1,41
1,<environment.Job instance at 0x7efd484e1140>,34,14,[5 2],35,-1,55,-1,41
1,<environment.Job instance at 0x7efd484e1370>,38,15,[7 3],39,-1,56,-1,41
1,<environment.Job instance at 0x7efd47d96c30>,44,19,[2 9],45,-1,64,-1,45
1,<environment.Job instance at 0x7efd47d965a0>,49,25,[7 4],50,-1,76,-1,51
1,<environment.Job instance at 0x7efd484ccbe0>,51,28,[7 3],52,-1,80,-1,52
1,<environment.Job instance at 0x7efd484cc190>,56,26,[7 5],57,-1,89,-1,63
1,<environment.Job instance at 0x7efd484e1500>,41,16,[ 4 13],42,-1,79,-1,63
1,<environment.Job instance at 0x7efd48ca0fa0>,57,24,[5 8],58,-1,91,-1,67
1,<environment.Job instance at 0x7efd48ca0a50>,59,21,[ 5 12],60,-1,88,-1,67
1,<environment.Job instance at 0x7efd484cc960>,53,23,[4 5],54,-1,90,-1,67
1,<environment.Job instance at 0x7efd47d96e10>,50,18,[ 5 13],51,-1,85,-1,67
1,<environment.Job instance at 0x7efd48ca0c80>,62,15,[ 5 12],63,-1,89,-1,74
1,<environment.Job instance at 0x7efd48ca0820>,63,12,[6 3],64,-1,86,-1,74
1,<environment.Job instance at 0x7efd48ca0e60>,64,22,[ 3 10],65,-1,99,-1,77
1,<environment.Job instance at 0x7efd484cca50>,55,12,[13  3],56,-1,89,-1,77
1,<environment.Job instance at 0x7efd47d96a50>,48,21,[11  2],49,-1,98,-1,77
1,<environment.Job instance at 0x7efd48ca0dc0>,68,18,[7 3],69,-1,100,-1,82
1,<environment.Job instance at 0x7efd48ca05a0>,67,18,[ 5 14],68,-1,100,-1,82
1,<environment.Job instance at 0x7efd48ca07d0>,61,13,[3 8],62,-1,100,-1,87
1,<environment.Job instance at 0x7efd48ca09b0>,74,28,[ 1 11],75,-1,116,-1,88
1,<environment.Job instance at 0x7efd48ca0e10>,72,13,[3 7],73,-1,102,-1,89
1,<environment.Job instance at 0x7efd48ca01e0>,76,25,[14  4],77,-1,114,-1,89
1,<environment.Job instance at 0x7efd4873d370>,78,16,[10  2],79,-1,106,-1,90
1,<environment.Job instance at 0x7efd4873d050>,79,18,[10  5],80,-1,112,-1,94
1,<environment.Job instance at 0x7efd4873d8c0>,80,13,[6 3],81,-1,107,-1,94
1,<environment.Job instance at 0x7efd48ca03c0>,75,23,[ 5 12],76,-1,117,-1,94
1,<environment.Job instance at 0x7efd4873d3c0>,81,15,[13  3],82,-1,110,-1,95
1,<environment.Job instance at 0x7efd4873dc80>,82,24,[ 4 14],83,-1,119,-1,95
1,<environment.Job instance at 0x7efd4873d190>,83,17,[7 5],84,-1,112,-1,95
1,<environment.Job instance at 0x7efd48ca00a0>,73,20,[6 2],74,-1,116,-1,96
1,<environment.Job instance at 0x7efd4873dfa0>,84,3,[ 4 14],85,-1,101,-1,98
1,<environment.Job instance at 0x7efd4873dbe0>,77,17,[10  4],78,-1,115,-1,98
1,<environment.Job instance at 0x7efd48ca0230>,71,24,[5 4],72,-1,122,-1,98
1,<environment.Job instance at 0x7efd4873d230>,86,16,[9 5],87,-1,114,-1,98
1,<environment.Job instance at 0x7efd49006be0>,93,22,[6 5],94,-1,120,-1,98
1,<environment.Job instance at 0x7efd49006f00>,92,24,[2 5],93,-1,124,-1,100
1,<environment.Job instance at 0x7efd49006a50>,95,17,[ 5 11],96,-1,117,-1,100
1,<environment.Job instance at 0x7efd49006b90>,97,16,[9 3],98,-1,119,-1,103
1,<environment.Job instance at 0x7efd47fc3c80>,0,16,[12  1],1,-1,17,-1,1
1,<environment.Job instance at 0x7efd47fc38c0>,3,24,[5 2],4,-1,28,-1,4
1,<environment.Job instance at 0x7efd47fc3140>,4,17,[ 3 14],5,-1,22,-1,5
1,<environment.Job instance at 0x7efd47fc3730>,9,23,[ 3 11],10,-1,33,-1,10
1,<environment.Job instance at 0x7efd47f51c80>,10,1,[13  1],11,-1,12,-1,11
1,<environment.Job instance at 0x7efd47f51230>,11,14,[12  5],12,-1,26,-1,12
1,<environment.Job instance at 0x7efd47f51370>,12,21,[14  4],13,-1,34,-1,13
1,<environment.Job instance at 0x7efd47f45fa0>,18,28,[ 5 13],19,-1,47,-1,19
1,<environment.Job instance at 0x7efd47f56af0>,20,13,[ 3 11],21,-1,34,-1,21
1,<environment.Job instance at 0x7efd48cfed20>,23,23,[ 1 11],24,-1,54,-1,31
1,<environment.Job instance at 0x7efd48cfeaf0>,25,18,[ 1 11],26,-1,51,-1,33
1,<environment.Job instance at 0x7efd48d0de10>,26,22,[ 4 13],27,-1,55,-1,33
1,<environment.Job instance at 0x7efd48c38f50>,35,14,[14  2],36,-1,63,-1,49
1,<environment.Job instance at 0x7efd484bea00>,40,22,[ 2 14],41,-1,87,-1,65
1,<environment.Job instance at 0x7efd484be870>,41,16,[ 4 13],42,-1,81,-1,65
1,<environment.Job instance at 0x7efd489ffaf0>,42,1,[12  1],43,-1,66,-1,65
1,<environment.Job instance at 0x7efd48c38f00>,37,24,[5 8],38,-1,103,-1,79
1,<environment.Job instance at 0x7efd480f2d20>,47,24,[ 5 12],48,-1,103,-1,79
1,<environment.Job instance at 0x7efd480f23c0>,48,21,[11  2],49,-1,100,-1,79
1,<environment.Job instance at 0x7efd48d10a00>,49,25,[7 4],50,-1,104,-1,79
1,<environment.Job instance at 0x7efd48d10d20>,50,18,[ 5 13],51,-1,97,-1,79
1,<environment.Job instance at 0x7efd480f2a50>,51,28,[7 3],52,-1,107,-1,79
1,<environment.Job instance at 0x7efd48c33050>,52,13,[ 3 12],53,-1,92,-1,79
1,<environment.Job instance at 0x7efd48c33820>,53,23,[4 5],54,-1,102,-1,79
1,<environment.Job instance at 0x7efd48c33dc0>,55,12,[13  3],56,-1,91,-1,79
1,<environment.Job instance at 0x7efd48c33f00>,56,26,[7 5],57,-1,105,-1,79
1,<environment.Job instance at 0x7efd47c23d70>,59,21,[ 5 12],60,-1,101,-1,80
1,<environment.Job instance at 0x7efd48c330a0>,57,24,[5 8],58,-1,107,-1,83
1,<environment.Job instance at 0x7efd47c23aa0>,62,15,[ 5 12],63,-1,98,-1,83
1,<environment.Job instance at 0x7efd47c69280>,66,2,[ 4 12],67,-1,99,-1,97
1,<environment.Job instance at 0x7efd47a2d050>,67,18,[ 5 14],68,-1,115,-1,97
1,<environment.Job instance at 0x7efd47a22fa0>,71,24,[5 4],72,-1,146,-1,122
1,<environment.Job instance at 0x7efd4837e5a0>,74,28,[ 1 11],75,-1,151,-1,123
1,<environment.Job instance at 0x7efd4837ed70>,75,23,[ 5 12],76,-1,146,-1,123
1,<environment.Job instance at 0x7efd4837edc0>,76,25,[14  4],77,-1,148,-1,123
1,<environment.Job instance at 0x7efd4837e730>,81,15,[13  3],82,-1,168,-1,153
1,<environment.Job instance at 0x7efd4837e960>,82,24,[ 4 14],83,-1,177,-1,153
1,<environment.Job instance at 0x7efd483a4370>,84,3,[ 4 14],85,-1,169,-1,166
1,<environment.Job instance at 0x7efd47c1edc0>,85,1,[12  5],86,-1,167,-1,166
1,<environment.Job instance at 0x7efd47fd08c0>,88,16,[ 2 13],89,-1,198,-1,182
1,<environment.Job instance at 0x7efd47fd03c0>,89,15,[13  5],90,-1,197,-1,182
1,<environment.Job instance at 0x7efd47be0dc0>,0,20,[9 3],1,-1,22,-1,2
1,<environment.Job instance at 0x7efd47f83280>,1,13,[12  1],2,-1,15,-1,2
1,<environment.Job instance at 0x7efd47be0730>,2,23,[5 6],3,-1,26,-1,3
1,<environment.Job instance at 0x7efd480cc0a0>,4,15,[ 2 10],5,-1,21,-1,6
1,<environment.Job instance at 0x7efd480cce60>,5,14,[11  4],6,-1,20,-1,6
1,<environment.Job instance at 0x7efd480cccd0>,8,18,[ 3 10],9,-1,27,-1,9
1,<environment.Job instance at 0x7efd49387550>,12,21,[2 9],13,-1,35,-1,14
1,<environment.Job instance at 0x7efd480cc190>,14,25,[5 5],15,-1,40,-1,15
1,<environment.Job instance at 0x7efd51ef5640>,16,18,[9 4],17,-1,35,-1,17
1,<environment.Job instance at 0x7efd51ef5780>,18,26,[2 7],19,-1,45,-1,19
1,<environment.Job instance at 0x7efd48051910>,19,17,[4 8],20,-1,37,-1,20
1,<environment.Job instance at 0x7efd4885fb40>,26,16,[9 2],27,-1,43,-1,27
1,<environment.Job instance at 0x7efd48204960>,25,13,[1 9],26,-1,43,-1,30
1,<environment.Job instance at 0x7efd47a09410>,13,14,[1 8],14,-1,44,-1,30
1,<environment.Job instance at 0x7efd484e05f0>,32,26,[ 3 11],33,-1,59,-1,33
1,<environment.Job instance at 0x7efd4885f7d0>,29,16,[7 5],30,-1,49,-1,33
1,<environment.Job instance at 0x7efd47cefdc0>,34,24,[4 9],35,-1,59,-1,35
1,<environment.Job instance at 0x7efd480cc910>,10,13,[ 2 12],11,-1,61,-1,48
1,<environment.Job instance at 0x7efd51fd9b90>,37,18,[ 5 10],38,-1,71,-1,53
1,<environment.Job instance at 0x7efd51b135a0>,38,26,[9 5],39,-1,79,-1,53
1,<environment.Job instance at 0x7efd47cef9b0>,35,12,[11  5],36,-1,66,-1,54
1,<environment.Job instance at 0x7efd486eefa0>,22,17,[14  1],23,-1,71,-1,54
1,<environment.Job instance at 0x7efd51dc34b0>,43,17,[1 7],44,-1,71,-1,54
1,<environment.Job instance at 0x7efd51dc3af0>,41,16,[7 5],42,-1,72,-1,56
1,<environment.Job instance at 0x7efd48a9a8c0>,47,18,[10  4],48,-1,74,-1,56
1,<environment.Job instance at 0x7efd4923b140>,45,23,[1 6],46,-1,79,-1,56
1,<environment.Job instance at 0x7efd4923b370>,44,23,[9 4],45,-1,80,-1,57
1,<environment.Job instance at 0x7efd51dc3780>,42,26,[4 7],43,-1,83,-1,57
1,<environment.Job instance at 0x7efd48a9a6e0>,49,17,[ 2 10],50,-1,74,-1,57
1,<environment.Job instance at 0x7efd484a1370>,52,16,[2 9],53,-1,73,-1,57
1,<environment.Job instance at 0x7efd48a9a230>,48,16,[5 5],49,-1,73,-1,57
1,<environment.Job instance at 0x7efd484a1a00>,55,18,[10  3],56,-1,75,-1,57
1,<environment.Job instance at 0x7efd484a1c30>,53,17,[ 4 10],54,-1,74,-1,57
1,<environment.Job instance at 0x7efd484a1230>,54,14,[8 2],55,-1,72,-1,58
1,<environment.Job instance at 0x7efd484a1a50>,57,15,[5 8],58,-1,73,-1,58
1,<environment.Job instance at 0x7efd484a1e60>,58,19,[5 8],59,-1,78,-1,59
1,<environment.Job instance at 0x7efd47c69370>,64,14,[4 9],65,-1,88,-1,74
1,<environment.Job instance at 0x7efd48a66640>,66,21,[1 8],67,-1,95,-1,74
1,<environment.Job instance at 0x7efd48a66820>,69,17,[9 4],70,-1,92,-1,75
1,<environment.Job instance at 0x7efd47c69cd0>,65,12,[5 2],66,-1,88,-1,76
1,<environment.Job instance at 0x7efd48a66550>,67,16,[7 5],68,-1,92,-1,76
1,<environment.Job instance at 0x7efd48a66fa0>,73,12,[9 2],74,-1,88,-1,76
1,<environment.Job instance at 0x7efd51db5550>,75,15,[7 3],76,-1,91,-1,76
1,<environment.Job instance at 0x7efd48178be0>,76,18,[8 1],77,-1,96,-1,78
1,<environment.Job instance at 0x7efd479ddf00>,79,17,[6 1],80,-1,97,-1,80
1,<environment.Job instance at 0x7efd479ddb90>,81,19,[8 5],82,-1,102,-1,83
1,<environment.Job instance at 0x7efd479ddfa0>,82,27,[4 6],83,-1,110,-1,83
1,<environment.Job instance at 0x7efd490da690>,83,13,[7 1],84,-1,99,-1,86
1,<environment.Job instance at 0x7efd48a73500>,85,14,[1 8],86,-1,100,-1,86
1,<environment.Job instance at 0x7efd488d6410>,86,18,[11  4],87,-1,105,-1,87
1,<environment.Job instance at 0x7efd490da2d0>,87,16,[8 4],88,-1,104,-1,88
1,<environment.Job instance at 0x7efd47d96410>,1,13,[12  1],2,-1,15,-1,2
1,<environment.Job instance at 0x7efd486c92d0>,2,23,[5 6],3,-1,26,-1,3
1,<environment.Job instance at 0x7efd47d967d0>,3,23,[14  1],4,-1,27,-1,4
1,<environment.Job instance at 0x7efd484e1e10>,5,14,[11  4],6,-1,20,-1,6
1,<environment.Job instance at 0x7efd479913c0>,6,2,[ 4 13],7,-1,9,-1,7
1,<environment.Job instance at 0x7efd47991af0>,9,15,[ 2 11],10,-1,25,-1,10
1,<environment.Job instance at 0x7efd484c8640>,10,13,[ 2 12],11,-1,24,-1,11
1,<environment.Job instance at 0x7efd48256d20>,14,25,[5 5],15,-1,45,-1,20
1,<environment.Job instance at 0x7efd48f74b40>,15,13,[14  2],16,-1,33,-1,20
1,<environment.Job instance at 0x7efd48748be0>,17,3,[ 3 12],18,-1,23,-1,20
1,<environment.Job instance at 0x7efd48a9aaf0>,18,26,[2 7],19,-1,49,-1,23
1,<environment.Job instance at 0x7efd484eeb40>,22,17,[14  1],23,-1,52,-1,35
1,<environment.Job instance at 0x7efd48a66be0>,24,1,[ 2 11],25,-1,40,-1,39
1,<environment.Job instance at 0x7efd492982d0>,32,26,[ 3 11],33,-1,101,-1,75
1,<environment.Job instance at 0x7efd47c1edc0>,34,24,[4 9],35,-1,102,-1,78
1,<environment.Job instance at 0x7efd489dd5a0>,35,12,[11  5],36,-1,90,-1,78
1,<environment.Job instance at 0x7efd489dd3c0>,38,26,[9 5],39,-1,121,-1,95
1,<environment.Job instance at 0x7efd480f2230>,42,26,[4 7],43,-1,123,-1,97
1,<environment.Job instance at 0x7efd48624140>,45,23,[1 6],46,-1,136,-1,113
1,<environment.Job instance at 0x7efd48624eb0>,44,23,[9 4],45,-1,136,-1,113
1,<environment.Job instance at 0x7efd480999b0>,5,13,[10  5],6,-1,21,-1,8
1,<environment.Job instance at 0x7efd48099c80>,8,13,[2 9],9,-1,22,-1,9
1,<environment.Job instance at 0x7efd48099cd0>,9,17,[7 2],10,-1,27,-1,10
1,<environment.Job instance at 0x7efd48099e10>,11,14,[4 7],12,-1,26,-1,12
1,<environment.Job instance at 0x7efd48099eb0>,12,12,[4 6],13,-1,25,-1,13
1,<environment.Job instance at 0x7efd48099f50>,13,17,[7 3],14,-1,31,-1,14
1,<environment.Job instance at 0x7efd4809b050>,14,25,[7 3],15,-1,40,-1,15
1,<environment.Job instance at 0x7efd4809b0f0>,15,18,[9 1],16,-1,34,-1,16
1,<environment.Job instance at 0x7efd47ca71e0>,1,2,[ 1 14],2,-1,4,-1,2
1,<environment.Job instance at 0x7efd47ca7be0>,2,28,[ 2 10],3,-1,31,-1,3
1,<environment.Job instance at 0x7efd47ca70f0>,3,17,[ 5 14],4,-1,21,-1,4
1,<environment.Job instance at 0x7efd491253c0>,10,16,[11  1],11,-1,27,-1,11
1,<environment.Job instance at 0x7efd49125c80>,14,25,[7 3],15,-1,47,-1,22
1,<environment.Job instance at 0x7efd49125b90>,16,26,[ 5 14],17,-1,48,-1,22
1,<environment.Job instance at 0x7efd49125640>,17,24,[12  2],18,-1,46,-1,22
1,<environment.Job instance at 0x7efd491255a0>,18,28,[8 4],19,-1,61,-1,33
1,<environment.Job instance at 0x7efd49125550>,19,2,[14  3],20,-1,35,-1,33
1,<environment.Job instance at 0x7efd49125230>,20,14,[13  2],21,-1,47,-1,33
1,<environment.Job instance at 0x7efd49125a00>,21,25,[ 1 14],22,-1,58,-1,33
1,<environment.Job instance at 0x7efd47ab68c0>,30,25,[ 5 11],31,-1,74,-1,49
1,<environment.Job instance at 0x7efd47ab6370>,31,23,[5 9],32,-1,89,-1,66
1,<environment.Job instance at 0x7efd47ab63c0>,32,18,[11  3],33,-1,84,-1,66
1,<environment.Job instance at 0x7efd47ab65a0>,35,16,[12  3],36,-1,82,-1,66
1,<environment.Job instance at 0x7efd49290fa0>,40,23,[5 5],41,-1,124,-1,101
1,<environment.Job instance at 0x7efd49290dc0>,44,19,[ 2 13],45,-1,126,-1,107
1,<environment.Job instance at 0x7efd479c06e0>,46,26,[ 1 10],47,-1,151,-1,125
1,<environment.Job instance at 0x7efd479c0690>,48,26,[14  4],49,-1,151,-1,125
1,<environment.Job instance at 0x7efd479c0be0>,52,27,[7 2],53,-1,165,-1,138
1,<environment.Job instance at 0x7efd479c0780>,54,17,[11  1],55,-1,155,-1,138
1,<environment.Job instance at 0x7efd479c0dc0>,55,17,[11  1],56,-1,155,-1,138
1,<environment.Job instance at 0x7efd48ca9fa0>,57,27,[ 5 13],58,-1,165,-1,138
1,<environment.Job instance at 0x7efd48ca9c30>,65,1,[ 1 11],66,-1,157,-1,156
1,<environment.Job instance at 0x7efd48ca9aa0>,66,3,[ 1 12],67,-1,159,-1,156
1,<environment.Job instance at 0x7efd48ca9550>,67,16,[12  1],68,-1,172,-1,156
1,<environment.Job instance at 0x7f48d6bf3820>,2,18,[ 3 10],3,-1,21,-1,3
1,<environment.Job instance at 0x7f48d6bf3af0>,5,18,[7 5],6,-1,24,-1,6
1,<environment.Job instance at 0x7f48d6bf3a00>,6,19,[1 7],7,-1,27,-1,8
1,<environment.Job instance at 0x7f48e0245af0>,7,12,[7 2],8,-1,20,-1,8
1,<environment.Job instance at 0x7f48d6bf7230>,16,19,[ 3 10],17,-1,36,-1,17
1,<environment.Job instance at 0x7f48d6bf3c80>,9,17,[8 1],10,-1,35,-1,18
1,<environment.Job instance at 0x7f48d6bf73c0>,17,18,[ 5 13],18,-1,36,-1,18
1,<environment.Job instance at 0x7f48d6bf7320>,18,18,[3 6],19,-1,37,-1,19
1,<environment.Job instance at 0x7f48d6bf7370>,19,21,[8 5],20,-1,42,-1,21
1,<environment.Job instance at 0x7f48d6bf75a0>,21,22,[8 2],22,-1,46,-1,24
1,<environment.Job instance at 0x7f48d6bf7410>,20,21,[13  5],21,-1,47,-1,26
1,<environment.Job instance at 0x7f48d6bf7910>,25,16,[5 3],26,-1,43,-1,27
1,<environment.Job instance at 0x7f48d6bf7aa0>,26,20,[4 8],27,-1,51,-1,31
1,<environment.Job instance at 0x7f48d6bf7f00>,33,16,[9 3],34,-1,50,-1,34
1,<environment.Job instance at 0x7f48d6bf9fa0>,4,24,[ 3 11],5,-1,29,-1,5
1,<environment.Job instance at 0x7f48d6bfb550>,8,24,[ 2 10],9,-1,45,-1,21
1,<environment.Job instance at 0x7f48d6bfb5f0>,12,13,[ 2 12],13,-1,34,-1,21
1,<environment.Job instance at 0x7f48d6bfb730>,14,21,[ 3 11],15,-1,43,-1,22
1,<environment.Job instance at 0x7f48d6bfb9b0>,17,18,[ 5 13],18,-1,40,-1,22
1,<environment.Job instance at 0x7f48d6bfbaf0>,20,21,[13  5],21,-1,56,-1,35
1,<environment.Job instance at 0x7f48d6bfbfa0>,24,2,[ 3 12],25,-1,51,-1,49
1,<environment.Job instance at 0x7f48d6bff0f0>,27,25,[14  4],28,-1,74,-1,49
1,<environment.Job instance at 0x7f48d66e7eb0>,3,22,[9 5],4,-1,28,-1,6
1,<environment.Job instance at 0x7f48d66e7c30>,6,17,[6 4],7,-1,24,-1,7
1,<environment.Job instance at 0x7f48d66ed140>,9,16,[8 1],10,-1,26,-1,10
1,<environment.Job instance at 0x7f48d66ed2d0>,10,17,[9 3],11,-1,28,-1,11
1,<environment.Job instance at 0x7f48d66ed3c0>,11,14,[ 2 10],12,-1,26,-1,12
1,<environment.Job instance at 0x7f48d66ed230>,12,24,[ 3 10],13,-1,37,-1,13
1,<environment.Job instance at 0x7f48d67ea0a0>,14,20,[9 1],15,-1,35,-1,15
1,<environment.Job instance at 0x7f48d672b050>,19,26,[5 4],20,-1,65,-1,39
1,<environment.Job instance at 0x7f48d6803a50>,23,27,[8 2],24,-1,66,-1,39
1,<environment.Job instance at 0x7f48d6803d70>,22,18,[5 5],23,-1,61,-1,43
1,<environment.Job instance at 0x7f48d6803640>,25,19,[8 3],26,-1,62,-1,43
1,<environment.Job instance at 0x7f48d66b68c0>,27,19,[8 1],28,-1,62,-1,43
1,<environment.Job instance at 0x7f48d66b6280>,29,15,[4 7],30,-1,58,-1,43
1,<environment.Job instance at 0x7f48d672b870>,21,13,[7 2],22,-1,56,-1,43
1,<environment.Job instance at 0x7f48d66b6a50>,30,19,[8 4],31,-1,64,-1,45
1,<environment.Job instance at 0x7f48d66b6460>,31,17,[2 7],32,-1,62,-1,45
1,<environment.Job instance at 0x7f48d66b6410>,33,17,[ 4 14],34,-1,63,-1,46
1,<environment.Job instance at 0x7f48d66b6050>,26,18,[ 2 10],27,-1,64,-1,46
1,<environment.Job instance at 0x7f48d66b6320>,34,21,[ 1 10],35,-1,68,-1,47
1,<environment.Job instance at 0x7f48d66b6140>,37,17,[7 4],38,-1,64,-1,47
1,<environment.Job instance at 0x7f48d6bfff50>,0,13,[12  1],1,-1,14,-1,1
1,<environment.Job instance at 0x7f48d6bffeb0>,1,24,[ 1 11],2,-1,26,-1,2
1,<environment.Job instance at 0x7f48d6bfffa0>,2,27,[9 1],3,-1,30,-1,3
1,<environment.Job instance at 0x7f48d6bff820>,12,24,[ 3 10],13,-1,61,-1,37
1,<environment.Job instance at 0x7f48d6bff230>,15,15,[ 1 11],16,-1,52,-1,37
1,<environment.Job instance at 0x7f48d6bff0a0>,18,25,[ 2 12],19,-1,64,-1,39
1,<environment.Job instance at 0x7f48d6bff050>,19,26,[5 4],20,-1,67,-1,41
1,<environment.Job instance at 0x7f48d6336a00>,3,17,[ 2 10],4,-1,22,-1,5
1,<environment.Job instance at 0x7f48e03be690>,5,18,[5 3],6,-1,24,-1,6
1,<environment.Job instance at 0x7f48e03bef50>,6,16,[7 3],7,-1,23,-1,7
1,<environment.Job instance at 0x7f48d6292d70>,8,15,[9 4],9,-1,24,-1,9
1,<environment.Job instance at 0x7f48d62924b0>,9,27,[5 8],10,-1,37,-1,10
1,<environment.Job instance at 0x7f48d631b6e0>,12,14,[3 7],13,-1,27,-1,13
1,<environment.Job instance at 0x7f48d631ba00>,14,28,[7 4],15,-1,43,-1,15
1,<environment.Job instance at 0x7f48d631b780>,15,17,[4 8],16,-1,33,-1,16
1,<environment.Job instance at 0x7f48d6a23960>,18,14,[9 1],19,-1,33,-1,19
1,<environment.Job instance at 0x7f48d631b5a0>,19,15,[9 2],20,-1,35,-1,20
1,<environment.Job instance at 0x7f48d6a15320>,23,24,[5 6],24,-1,49,-1,25
1,<environment.Job instance at 0x7f48d69de320>,4,14,[6 5],5,-1,40,-1,26
1,<environment.Job instance at 0x7f48d6a2c460>,26,22,[10  1],27,-1,49,-1,27
1,<environment.Job instance at 0x7f48d62f7af0>,28,19,[4 7],29,-1,48,-1,29
1,<environment.Job instance at 0x7f48d62578c0>,30,16,[9 4],31,-1,47,-1,31
1,<environment.Job instance at 0x7f48d634e5f0>,34,19,[9 1],35,-1,56,-1,37
1,<environment.Job instance at 0x7f48d64b3e10>,1,18,[12  3],2,-1,20,-1,2
1,<environment.Job instance at 0x7f48d634d500>,2,13,[ 5 12],3,-1,16,-1,3
1,<environment.Job instance at 0x7f48d635aaf0>,9,27,[5 8],10,-1,50,-1,23
1,<environment.Job instance at 0x7f48d635aaa0>,11,13,[12  3],12,-1,36,-1,23
1,<environment.Job instance at 0x7f48d62fbcd0>,14,28,[7 4],15,-1,67,-1,39
1,<environment.Job instance at 0x7f48d634d410>,5,16,[ 1 11],6,-1,23,-1,7
1,<environment.Job instance at 0x7f48d65eac30>,8,24,[8 5],9,-1,33,-1,9
1,<environment.Job instance at 0x7f48d65ea910>,9,14,[3 8],10,-1,24,-1,10
1,<environment.Job instance at 0x7f48d65ea140>,11,17,[3 8],12,-1,29,-1,12
1,<environment.Job instance at 0x7f48d65c14b0>,12,16,[3 9],13,-1,29,-1,13
1,<environment.Job instance at 0x7f48d65c12d0>,14,14,[ 4 10],15,-1,29,-1,15
1,<environment.Job instance at 0x7f48d646ec30>,1,24,[12  2],2,-1,26,-1,2
1,<environment.Job instance at 0x7f48d646edc0>,2,26,[ 3 11],3,-1,29,-1,3
1,<environment.Job instance at 0x7f48d6645730>,5,16,[ 1 11],6,-1,22,-1,6
1,<environment.Job instance at 0x7f48d6645410>,7,1,[ 5 12],8,-1,9,-1,8
1,<environment.Job instance at 0x7f48d6645370>,10,2,[14  2],11,-1,13,-1,11
1,<environment.Job instance at 0x7f48d6645a50>,13,20,[14  2],14,-1,34,-1,14
1,<environment.Job instance at 0x7f48d66457d0>,8,24,[8 5],9,-1,42,-1,18
1,<environment.Job instance at 0x7f48d6645190>,15,2,[ 1 14],16,-1,20,-1,18
1,<environment.Job instance at 0x7f48d66455a0>,16,16,[12  1],17,-1,34,-1,18
1,<environment.Job instance at 0x7f48d62402d0>,17,15,[ 4 14],18,-1,33,-1,18
1,<environment.Job instance at 0x7f48d6356230>,19,3,[ 5 11],20,-1,23,-1,20
1,<environment.Job instance at 0x7f48d6356460>,20,22,[11  3],21,-1,43,-1,21
1,<environment.Job instance at 0x7f48d622a640>,21,18,[11  2],22,-1,40,-1,22
1,<environment.Job instance at 0x7f48d62fbb40>,26,19,[ 5 14],27,-1,60,-1,41
1,<environment.Job instance at 0x7f48d7739280>,0,23,[5 8],1,-1,24,-1,1
1,<environment.Job instance at 0x7f48d634de60>,0,23,[5 8],1,-1,24,-1,1
1,<environment.Job instance at 0x7f48d634d1e0>,1,21,[ 4 11],2,-1,23,-1,2
1,<environment.Job instance at 0x7f48e03c5d20>,2,2,[ 3 12],3,-1,5,-1,3
1,<environment.Job instance at 0x7f48d6ec8e10>,4,28,[3 8],5,-1,33,-1,5
1,<environment.Job instance at 0x7f48d635a0f0>,5,24,[12  1],6,-1,30,-1,6
1,<environment.Job instance at 0x7f48d635a910>,6,14,[11  2],7,-1,21,-1,7
1,<environment.Job instance at 0x7f48d634edc0>,7,27,[5 3],8,-1,35,-1,8
1,<environment.Job instance at 0x7f48d635ac80>,9,17,[ 5 11],10,-1,27,-1,10
1,<environment.Job instance at 0x7f48d6ec2820>,12,18,[ 2 14],13,-1,31,-1,13
1,<environment.Job instance at 0x7f48d646e8c0>,13,2,[11  2],14,-1,16,-1,14
1,<environment.Job instance at 0x7f48d646ecd0>,14,18,[12  2],15,-1,33,-1,15
1,<environment.Job instance at 0x7f48d622abe0>,16,17,[11  1],17,-1,34,-1,17
1,<environment.Job instance at 0x7f48d646e870>,17,13,[ 4 12],18,-1,31,-1,18
1,<environment.Job instance at 0x7f48d670f6e0>,18,17,[11  4],19,-1,36,-1,19
1,<environment.Job instance at 0x7f48d622a820>,11,27,[6 5],12,-1,53,-1,26
1,<environment.Job instance at 0x7f48d70353c0>,24,28,[4 5],25,-1,54,-1,26
1,<environment.Job instance at 0x7f48d65aed20>,25,23,[8 3],26,-1,49,-1,26
1,<environment.Job instance at 0x7f48d6fd6c80>,22,28,[7 4],23,-1,54,-1,26
1,<environment.Job instance at 0x7f48d69cd0f0>,28,28,[9 1],29,-1,67,-1,39
1,<environment.Job instance at 0x7f48d6a3dc30>,32,16,[14  3],33,-1,56,-1,40
1,<environment.Job instance at 0x7f48d6a3d820>,33,12,[11  4],34,-1,52,-1,40
1,<environment.Job instance at 0x7f48d6a3d230>,34,15,[14  3],35,-1,55,-1,40
1,<environment.Job instance at 0x7f48d6a3d870>,36,13,[ 5 13],37,-1,53,-1,40
1,<environment.Job instance at 0x7f48d71bee10>,40,24,[11  3],41,-1,65,-1,41
1,<environment.Job instance at 0x7f48d70acfa0>,0,17,[2 6],1,-1,18,-1,1
1,<environment.Job instance at 0x7f48d70aca00>,2,17,[8 5],3,-1,23,-1,6
1,<environment.Job instance at 0x7f48d688c190>,5,13,[11  1],6,-1,19,-1,6
1,<environment.Job instance at 0x7f48d688c690>,8,17,[1 7],9,-1,27,-1,10
1,<environment.Job instance at 0x7f48d688c140>,9,15,[5 7],10,-1,25,-1,10
1,<environment.Job instance at 0x7f48d6dadb90>,12,23,[1 7],13,-1,36,-1,13
1,<environment.Job instance at 0x7f48d6dadc80>,13,12,[12  2],14,-1,26,-1,14
1,<environment.Job instance at 0x7f48d6dada00>,14,12,[1 8],15,-1,27,-1,15
1,<environment.Job instance at 0x7f48d6dad730>,16,19,[ 3 14],17,-1,36,-1,17
1,<environment.Job instance at 0x7f48d6dadbe0>,18,21,[9 5],19,-1,41,-1,20
1,<environment.Job instance at 0x7f48d6dad5f0>,19,18,[10  2],20,-1,38,-1,20
1,<environment.Job instance at 0x7f48d6d946e0>,25,20,[5 5],26,-1,46,-1,26
1,<environment.Job instance at 0x7f48d6d94c80>,26,18,[4 9],27,-1,45,-1,27
1,<environment.Job instance at 0x7f48d6d94190>,27,20,[3 7],28,-1,48,-1,28
1,<environment.Job instance at 0x7f48d71aedc0>,37,24,[ 4 11],38,-1,71,-1,47
1,<environment.Job instance at 0x7f48d6d94960>,29,20,[14  3],30,-1,67,-1,47
1,<environment.Job instance at 0x7f48d71aecd0>,41,22,[ 1 10],42,-1,69,-1,47
1,<environment.Job instance at 0x7f48d69b35f0>,1,16,[ 2 13],2,-1,18,-1,2
1,<environment.Job instance at 0x7f48d71be410>,3,2,[ 5 11],4,-1,6,-1,4
1,<environment.Job instance at 0x7f48d6ec2410>,5,13,[11  1],6,-1,19,-1,6
1,<environment.Job instance at 0x7f48d71aeb90>,13,12,[12  2],14,-1,33,-1,21
1,<environment.Job instance at 0x7f48d688c370>,12,23,[1 7],13,-1,53,-1,30
1,<environment.Job instance at 0x7f48d6d94f50>,15,2,[14  3],16,-1,32,-1,30
1,<environment.Job instance at 0x7f48d7754f50>,16,19,[ 3 14],17,-1,49,-1,30
1,<environment.Job instance at 0x7f48d7754140>,17,2,[14  5],18,-1,32,-1,30
1,<environment.Job instance at 0x7f48d70acb40>,20,12,[12  4],21,-1,42,-1,30
1,<environment.Job instance at 0x7f48d6cc9af0>,28,27,[ 3 13],29,-1,61,-1,34
1,<environment.Job instance at 0x7f48d6cc9c80>,29,20,[14  3],30,-1,54,-1,34
1,<environment.Job instance at 0x7f48d6c8af00>,31,14,[ 4 13],32,-1,56,-1,42
1,<environment.Job instance at 0x7f48d6c8a4b0>,32,1,[ 5 14],33,-1,43,-1,42
1,<environment.Job instance at 0x7f48d5ee1960>,8,22,[9 3],9,-1,31,-1,9
1,<environment.Job instance at 0x7f48d68885a0>,24,18,[ 4 13],25,-1,61,-1,43
1,<environment.Job instance at 0x7f48d6888820>,25,24,[9 3],26,-1,67,-1,43
1,<environment.Job instance at 0x7f48d6888190>,21,25,[5 1],22,-1,68,-1,43
1,<environment.Job instance at 0x7f48d6888870>,26,15,[13  4],27,-1,58,-1,43
1,<environment.Job instance at 0x7f48d6888af0>,30,16,[ 5 13],31,-1,59,-1,43
1,<environment.Job instance at 0x7f48d5ee1d70>,16,20,[ 3 11],17,-1,68,-1,48
1,<environment.Job instance at 0x7f48d6888d70>,34,16,[2 8],35,-1,65,-1,49
1,<environment.Job instance at 0x7f48d68883c0>,22,17,[4 8],23,-1,66,-1,49
1,<environment.Job instance at 0x7f48d6888c30>,32,22,[4 8],33,-1,71,-1,49
1,<environment.Job instance at 0x7f48d6a2caa0>,0,1,[11  3],1,-1,2,-1,1
1,<environment.Job instance at 0x7f48d6a2ca50>,4,16,[ 2 11],5,-1,21,-1,5
1,<environment.Job instance at 0x7f48d6a2c640>,5,24,[8 2],6,-1,30,-1,6
1,<environment.Job instance at 0x7f48d6c8aaf0>,9,16,[ 4 13],10,-1,26,-1,10
1,<environment.Job instance at 0x7f48d6c8adc0>,10,26,[4 7],11,-1,43,-1,17
1,<environment.Job instance at 0x7f48d6c8ac30>,11,25,[10  5],12,-1,42,-1,17
1,<environment.Job instance at 0x7f48d6cc9b40>,16,20,[ 3 11],17,-1,37,-1,17
1,<environment.Job instance at 0x7f48d6cc95a0>,19,24,[6 5],20,-1,56,-1,32
1,<environment.Job instance at 0x7f48d70acc80>,21,25,[5 1],22,-1,59,-1,34
1,<environment.Job instance at 0x7f48d7754140>,24,18,[ 4 13],25,-1,54,-1,36
1,<environment.Job instance at 0x7f48d6d94c30>,26,15,[13  4],27,-1,63,-1,48
1,<environment.Job instance at 0x7f48d6739eb0>,1,17,[2 8],2,-1,20,-1,3
1,<environment.Job instance at 0x7f48d6a32c30>,2,27,[4 6],3,-1,30,-1,3
1,<environment.Job instance at 0x7f48d63d2a50>,11,16,[ 3 12],12,-1,32,-1,16
1,<environment.Job instance at 0x7f48d63d2780>,17,15,[1 9],18,-1,33,-1,18
1,<environment.Job instance at 0x7f48d68a9f00>,0,24,[ 5 11],1,-1,25,-1,1
1,<environment.Job instance at 0x7f48d6888c80>,2,27,[4 6],3,-1,30,-1,3
1,<environment.Job instance at 0x7f48d6a1d5f0>,3,1,[ 2 11],4,-1,5,-1,4
1,<environment.Job instance at 0x7f48d6118e60>,5,15,[13  3],6,-1,21,-1,6
1,<environment.Job instance at 0x7f48d635a3c0>,6,12,[14  2],7,-1,19,-1,7
1,<environment.Job instance at 0x7f48d635a0f0>,7,1,[ 2 11],8,-1,9,-1,8
1,<environment.Job instance at 0x7f48d68a9f50>,9,15,[12  5],10,-1,25,-1,10
1,<environment.Job instance at 0x7f48d6d94c30>,10,16,[ 3 12],11,-1,27,-1,11
1,<environment.Job instance at 0x7f48d71ab910>,11,16,[ 3 12],12,-1,28,-1,12
1,<environment.Job instance at 0x7f48d7629050>,13,27,[5 1],14,-1,41,-1,14
1,<environment.Job instance at 0x7f48d77545a0>,14,25,[10  4],15,-1,44,-1,19
1,<environment.Job instance at 0x7f48d6cc95a0>,18,12,[ 2 11],19,-1,31,-1,19
1,<environment.Job instance at 0x7f48d77540f0>,15,26,[5 4],16,-1,45,-1,19
1,<environment.Job instance at 0x7f48d6c8aa00>,26,24,[3 6],27,-1,70,-1,46
1,<environment.Job instance at 0x7f48d6a2ca50>,28,26,[7 4],29,-1,72,-1,46
1,<environment.Job instance at 0x7f48d6cc5f00>,30,27,[9 5],31,-1,75,-1,48
1,<environment.Job instance at 0x7f48d64ab9b0>,6,14,[9 5],7,-1,21,-1,7
1,<environment.Job instance at 0x7f48d64abf50>,8,26,[7 3],9,-1,36,-1,10
1,<environment.Job instance at 0x7f48d5f59370>,12,16,[3 9],13,-1,29,-1,13
1,<environment.Job instance at 0x7f48d774b2d0>,0,13,[14  4],1,-1,14,-1,1
1,<environment.Job instance at 0x7f48d6888f50>,2,16,[ 1 11],3,-1,19,-1,3
1,<environment.Job instance at 0x7f48d6a1d5f0>,3,26,[12  3],4,-1,30,-1,4
1,<environment.Job instance at 0x7f48d64abb90>,5,17,[ 4 13],6,-1,23,-1,6
1,<environment.Job instance at 0x7f48d6610280>,7,28,[1 9],8,-1,47,-1,19
1,<environment.Job instance at 0x7f48d66108c0>,13,18,[14  3],14,-1,37,-1,19
1,<environment.Job instance at 0x7f48d64ab640>,8,26,[7 3],9,-1,47,-1,21
1,<environment.Job instance at 0x7f48d60c75f0>,18,25,[9 1],19,-1,64,-1,39
1,<environment.Job instance at 0x7f48d60c75a0>,22,23,[2 8],23,-1,68,-1,45
1,<environment.Job instance at 0x7f48d60c7a00>,23,16,[11  1],24,-1,61,-1,45
1,<environment.Job instance at 0x7f48d60c7d70>,25,14,[11  5],26,-1,59,-1,45
1,<environment.Job instance at 0x7f48d60c7b90>,26,13,[ 1 11],27,-1,58,-1,45
1,<environment.Job instance at 0x7f48d7820730>,1,16,[1 8],2,-1,20,-1,4
1,<environment.Job instance at 0x7f48d7820dc0>,5,14,[5 8],6,-1,20,-1,6
1,<environment.Job instance at 0x7f48d7820f00>,6,28,[5 2],7,-1,35,-1,7
1,<environment.Job instance at 0x7f48d7820690>,3,27,[ 3 14],4,-1,36,-1,9
1,<environment.Job instance at 0x7f48d6baca00>,10,22,[5 6],11,-1,33,-1,11
1,<environment.Job instance at 0x7f48d7820370>,13,14,[8 1],14,-1,28,-1,14
1,<environment.Job instance at 0x7f48d6bacc80>,14,1,[ 1 10],15,-1,16,-1,15
1,<environment.Job instance at 0x7f48d6bac5f0>,15,17,[9 1],16,-1,33,-1,16
1,<environment.Job instance at 0x7f48d6bacd70>,16,14,[ 2 10],17,-1,31,-1,17
1,<environment.Job instance at 0x7f48d6bac730>,17,17,[7 4],18,-1,37,-1,20
1,<environment.Job instance at 0x7f48d6bac8c0>,20,13,[6 5],21,-1,34,-1,21
1,<environment.Job instance at 0x7f48d6bacf00>,19,15,[ 5 10],20,-1,36,-1,21
1,<environment.Job instance at 0x7f48d6bac280>,22,20,[2 8],23,-1,43,-1,23
1,<environment.Job instance at 0x7f48d78154b0>,30,21,[5 6],31,-1,56,-1,35
1,<environment.Job instance at 0x7f48d6bacc30>,21,25,[7 3],22,-1,60,-1,35
1,<environment.Job instance at 0x7f48d7815730>,33,23,[10  3],34,-1,58,-1,35
1,<environment.Job instance at 0x7f48d7815e10>,27,14,[ 3 12],28,-1,49,-1,35
1,<environment.Job instance at 0x7f48d6baceb0>,24,13,[14  5],25,-1,50,-1,37
1,<environment.Job instance at 0x7f48d7815d20>,41,22,[6 4],42,-1,65,-1,43
1,<environment.Job instance at 0x7f48d5fb2a50>,0,12,[ 2 12],1,-1,13,-1,1
1,<environment.Job instance at 0x7f48d5fb2b40>,2,1,[ 2 11],3,-1,4,-1,3
1,<environment.Job instance at 0x7f48d5fb22d0>,3,27,[ 3 14],4,-1,31,-1,4
1,<environment.Job instance at 0x7f48d71d6d70>,6,28,[5 2],7,-1,35,-1,7
1,<environment.Job instance at 0x7f48d5fb2f50>,7,28,[13  5],8,-1,36,-1,8
1,<environment.Job instance at 0x7f48d6888c80>,21,25,[7 3],22,-1,73,-1,48
1,<environment.Job instance at 0x7f48d6bacb90>,23,27,[ 5 13],24,-1,75,-1,48
1,<environment.Job instance at 0x7f48d78158c0>,24,13,[14  5],25,-1,61,-1,48
1,<environment.Job instance at 0x7f48d7815370>,25,12,[ 4 13],26,-1,60,-1,48
1,<environment.Job instance at 0x7f48d7815050>,27,14,[ 3 12],28,-1,62,-1,48
1,<environment.Job instance at 0x7f48d6cef7d0>,28,23,[7 3],29,-1,71,-1,48
1,<environment.Job instance at 0x7f48d6e94eb0>,29,27,[5 8],30,-1,75,-1,48
1,<environment.Job instance at 0x7f48d71f9870>,0,21,[9 1],1,-1,23,-1,2
1,<environment.Job instance at 0x7f48d7559370>,2,19,[2 7],3,-1,22,-1,3
1,<environment.Job instance at 0x7f48d68d74b0>,3,24,[1 9],4,-1,28,-1,4
1,<environment.Job instance at 0x7f48d71f9960>,1,18,[5 8],2,-1,22,-1,4
1,<environment.Job instance at 0x7f48d77fa0f0>,8,17,[7 3],9,-1,27,-1,10
1,<environment.Job instance at 0x7f48d69d2550>,9,18,[11  5],10,-1,28,-1,10
1,<environment.Job instance at 0x7f48d7768050>,11,20,[8 3],12,-1,33,-1,13
1,<environment.Job instance at 0x7f48d7768a00>,13,18,[5 7],14,-1,32,-1,14
1,<environment.Job instance at 0x7f48d7768f00>,14,12,[3 8],15,-1,27,-1,15
1,<environment.Job instance at 0x7f48d5eccaf0>,12,25,[5 7],13,-1,41,-1,16
1,<environment.Job instance at 0x7f48d77683c0>,16,13,[1 9],17,-1,31,-1,18
1,<environment.Job instance at 0x7f48d66109b0>,7,2,[13  5],8,-1,22,-1,20
1,<environment.Job instance at 0x7f48d6888730>,3,24,[1 9],4,-1,44,-1,20
1,<environment.Job instance at 0x7f48d5ecc140>,9,18,[11  5],10,-1,38,-1,20
1,<environment.Job instance at 0x7f48d6610780>,4,25,[ 3 10],5,-1,45,-1,20
1,<environment.Job instance at 0x7f48d5ffd690>,12,25,[5 7],13,-1,46,-1,21
1,<environment.Job instance at 0x7f48d6610fa0>,10,28,[7 2],11,-1,50,-1,22
1,<environment.Job instance at 0x7f48d63744b0>,15,21,[ 5 13],16,-1,43,-1,22
1,<environment.Job instance at 0x7f48d63745a0>,18,17,[13  2],19,-1,39,-1,22
1,<environment.Job instance at 0x7f48d6374eb0>,19,22,[12  5],20,-1,44,-1,22
1,<environment.Job instance at 0x7f48d6f3c690>,20,23,[7 1],21,-1,57,-1,34
1,<environment.Job instance at 0x7f48d77ec230>,24,12,[ 2 13],25,-1,50,-1,38
1,<environment.Job instance at 0x7f48d64aa870>,1,23,[5 7],2,-1,25,-1,2
1,<environment.Job instance at 0x7f48d622c370>,8,16,[2 6],9,-1,26,-1,10
1,<environment.Job instance at 0x7f48d6615be0>,25,19,[ 1 12],26,-1,57,-1,38
1,<environment.Job instance at 0x7f48d60d0a00>,23,17,[14  3],24,-1,62,-1,45
1,<environment.Job instance at 0x7f48d622caa0>,14,25,[4 9],15,-1,70,-1,45
1,<environment.Job instance at 0x7f48d63b7e60>,28,19,[ 5 10],29,-1,65,-1,46
1,<environment.Job instance at 0x7f48d622cd20>,15,18,[ 1 12],16,-1,64,-1,46
1,<environment.Job instance at 0x7f48dfd56410>,24,28,[5 5],25,-1,74,-1,46
1,<environment.Job instance at 0x7f48d6ed4fa0>,26,24,[10  2],27,-1,70,-1,46
1,<environment.Job instance at 0x7f48d5f16280>,29,12,[8 2],30,-1,58,-1,46
1,<environment.Job instance at 0x7f48d76ae870>,1,23,[5 7],2,-1,25,-1,2
1,<environment.Job instance at 0x7f48d76b59b0>,3,15,[ 2 14],4,-1,19,-1,4
1,<environment.Job instance at 0x7f48d76a0050>,7,12,[ 3 13],8,-1,20,-1,8
1,<environment.Job instance at 0x7f48d76a0280>,11,27,[14  3],12,-1,39,-1,12
1,<environment.Job instance at 0x7f48d6158e10>,12,18,[ 5 11],13,-1,31,-1,13
1,<environment.Job instance at 0x7f48d76a14b0>,15,18,[ 1 12],16,-1,34,-1,16
1,<environment.Job instance at 0x7f48d76a13c0>,14,25,[4 9],15,-1,45,-1,20
1,<environment.Job instance at 0x7f48d76aca00>,20,2,[11  4],21,-1,25,-1,23
1,<environment.Job instance at 0x7f48d76c76e0>,23,17,[14  3],24,-1,42,-1,25
1,<environment.Job instance at 0x7f48d76c77d0>,24,28,[5 5],25,-1,56,-1,28
1,<environment.Job instance at 0x7f48d76c6190>,25,19,[ 1 12],26,-1,47,-1,28
1,<environment.Job instance at 0x7f48d76c6820>,27,2,[ 4 13],28,-1,30,-1,28
1,<environment.Job instance at 0x7f48d6c397d0>,30,28,[ 1 12],31,-1,69,-1,41
1,<environment.Job instance at 0x7f48d6c417d0>,31,15,[13  1],32,-1,56,-1,41
1,<environment.Job instance at 0x7f48d6c416e0>,32,2,[ 5 12],33,-1,43,-1,41
1,<environment.Job instance at 0x7f48d76256e0>,34,12,[ 4 13],35,-1,53,-1,41
1,<environment.Job instance at 0x7f48d7625050>,35,24,[5 3],36,-1,67,-1,43
1,<environment.Job instance at 0x7f48d769cb90>,38,3,[12  3],39,-1,46,-1,43
1,<environment.Job instance at 0x7f48d769c2d0>,40,12,[13  4],41,-1,56,-1,44
1,<environment.Job instance at 0x7f48d64950a0>,0,17,[2 7],1,-1,18,-1,1
1,<environment.Job instance at 0x7f48d6495140>,11,24,[ 4 10],12,-1,48,-1,24
1,<environment.Job instance at 0x7f48d6495e10>,17,13,[8 5],18,-1,37,-1,24
1,<environment.Job instance at 0x7f48d6495b90>,18,13,[3 9],19,-1,37,-1,24
1,<environment.Job instance at 0x7f48d6495640>,2,18,[14  1],3,-1,21,-1,3
1,<environment.Job instance at 0x7f48d6852320>,3,24,[9 2],4,-1,28,-1,4
1,<environment.Job instance at 0x7f48d6852370>,5,15,[ 5 11],6,-1,21,-1,6
1,<environment.Job instance at 0x7f48d6852410>,8,16,[ 3 12],9,-1,25,-1,9
1,<environment.Job instance at 0x7f48d6852c80>,9,12,[ 3 12],10,-1,22,-1,10
1,<environment.Job instance at 0x7f48d68529b0>,10,13,[ 3 12],11,-1,24,-1,11
1,<environment.Job instance at 0x7f48d6852b90>,12,25,[11  2],13,-1,38,-1,13
1,<environment.Job instance at 0x7f48d6852960>,13,1,[ 1 14],14,-1,15,-1,14
1,<environment.Job instance at 0x7f48d6852280>,6,27,[2 7],7,-1,44,-1,17
1,<environment.Job instance at 0x7f48d6852910>,11,24,[ 4 10],12,-1,42,-1,18
1,<environment.Job instance at 0x7f48d6852870>,19,14,[ 2 11],20,-1,34,-1,20
1,<environment.Job instance at 0x7f48d763d910>,0,20,[4 5],1,-1,21,-1,1
1,<environment.Job instance at 0x7f48d763d690>,1,23,[6 5],2,-1,25,-1,2
1,<environment.Job instance at 0x7f48d65cdaf0>,2,17,[2 6],3,-1,20,-1,3
1,<environment.Job instance at 0x7f48d6de3e60>,4,27,[4 6],5,-1,33,-1,6
1,<environment.Job instance at 0x7f48d5e9da50>,7,21,[9 2],8,-1,30,-1,9
1,<environment.Job instance at 0x7f48d6b9c2d0>,9,17,[4 7],10,-1,27,-1,10
1,<environment.Job instance at 0x7f48d6b9c640>,10,22,[9 1],11,-1,33,-1,11
1,<environment.Job instance at 0x7f48d6b9c780>,11,17,[ 2 12],12,-1,29,-1,12
1,<environment.Job instance at 0x7f48d6b9ceb0>,12,16,[10  5],13,-1,29,-1,13
1,<environment.Job instance at 0x7f48d6b7a2d0>,13,15,[10  1],14,-1,29,-1,14
1,<environment.Job instance at 0x7f48dffbcfa0>,14,13,[7 5],15,-1,28,-1,15
1,<environment.Job instance at 0x7f48d64aabe0>,15,13,[1 8],16,-1,29,-1,16
1,<environment.Job instance at 0x7f48d5e9d640>,8,22,[ 3 12],9,-1,38,-1,16
1,<environment.Job instance at 0x7f48d5e9d690>,16,22,[8 4],17,-1,39,-1,17
1,<environment.Job instance at 0x7f48d7241820>,19,22,[7 5],20,-1,42,-1,20
1,<environment.Job instance at 0x7f48d77eb870>,21,18,[ 5 10],22,-1,40,-1,22
1,<environment.Job instance at 0x7f48d6432fa0>,23,24,[1 6],24,-1,49,-1,25
1,<environment.Job instance at 0x7f48d7241e10>,24,16,[14  5],25,-1,41,-1,25
1,<environment.Job instance at 0x7f48d6babfa0>,25,16,[9 4],26,-1,43,-1,27
1,<environment.Job instance at 0x7f48d5eca280>,27,15,[10  4],28,-1,44,-1,29
1,<environment.Job instance at 0x7f48d781c960>,29,17,[3 9],30,-1,47,-1,30
1,<environment.Job instance at 0x7f48d6185960>,39,17,[4 5],40,-1,57,-1,40
1,<environment.Job instance at 0x7f48d68382d0>,1,23,[6 5],2,-1,25,-1,2
1,<environment.Job instance at 0x7f48d6852eb0>,3,2,[ 5 13],4,-1,6,-1,4
1,<environment.Job instance at 0x7f48d6852780>,8,22,[ 3 12],9,-1,31,-1,9
1,<environment.Job instance at 0x7f48d6852820>,4,27,[4 6],5,-1,48,-1,21
1,<environment.Job instance at 0x7f48d68525a0>,11,17,[ 2 12],12,-1,38,-1,21
1,<environment.Job instance at 0x7f48d781c410>,20,16,[11  3],21,-1,63,-1,47
1,<environment.Job instance at 0x7f48d7230140>,23,24,[1 6],24,-1,73,-1,49
1,<environment.Job instance at 0x7f48d6185af0>,24,16,[14  5],25,-1,65,-1,49
1,<environment.Job instance at 0x7f48d7673460>,0,18,[6 5],1,-1,19,-1,1
1,<environment.Job instance at 0x7f48d67cf0a0>,6,15,[3 7],7,-1,22,-1,7
1,<environment.Job instance at 0x7f48d67cf960>,7,25,[8 4],8,-1,33,-1,8
1,<environment.Job instance at 0x7f48d67cf1e0>,11,14,[4 5],12,-1,26,-1,12
1,<environment.Job instance at 0x7f48d67cfcd0>,12,18,[2 5],13,-1,31,-1,13
1,<environment.Job instance at 0x7f48d67cf3c0>,14,14,[1 7],15,-1,29,-1,15
1,<environment.Job instance at 0x7f48d67cf0f0>,15,15,[ 1 10],16,-1,31,-1,16
1,<environment.Job instance at 0x7f48d67be0f0>,17,14,[5 7],18,-1,32,-1,18
1,<environment.Job instance at 0x7f48d67be460>,20,26,[1 6],21,-1,47,-1,21
1,<environment.Job instance at 0x7f48d67be500>,21,23,[5 5],22,-1,45,-1,22
1,<environment.Job instance at 0x7f48d67be780>,24,15,[10  3],25,-1,40,-1,25
1,<environment.Job instance at 0x7f48d685b460>,4,15,[11  5],5,-1,41,-1,26
1,<environment.Job instance at 0x7f48d67be7d0>,27,28,[6 1],28,-1,56,-1,28
1,<environment.Job instance at 0x7f48d6832910>,1,18,[ 5 12],2,-1,20,-1,2
1,<environment.Job instance at 0x7f48d68320a0>,2,2,[ 2 13],3,-1,5,-1,3
1,<environment.Job instance at 0x7f48d6b85820>,3,26,[ 3 14],4,-1,30,-1,4
1,<environment.Job instance at 0x7f48d6b85370>,4,15,[11  5],5,-1,20,-1,5
1,<environment.Job instance at 0x7f48d6b85a50>,10,18,[ 4 12],11,-1,29,-1,11
1,<environment.Job instance at 0x7f48d6292500>,13,3,[14  5],14,-1,21,-1,18
1,<environment.Job instance at 0x7f48d6b85550>,7,25,[8 4],8,-1,44,-1,19
1,<environment.Job instance at 0x7f48d63b3d20>,20,26,[1 6],21,-1,70,-1,44
1,<environment.Job instance at 0x7f48d5e9daa0>,21,23,[5 5],22,-1,67,-1,44
1,<environment.Job instance at 0x7f48d61853c0>,22,1,[12  2],23,-1,45,-1,44
1,<environment.Job instance at 0x7f48d771a7d0>,23,15,[14  2],24,-1,59,-1,44
1,<environment.Job instance at 0x7f48d68525f0>,25,3,[12  1],26,-1,47,-1,44
1,<environment.Job instance at 0x7f48d6852550>,26,13,[11  4],27,-1,57,-1,44
1,<environment.Job instance at 0x7f48d6852f50>,27,28,[6 1],28,-1,73,-1,45
1,<environment.Job instance at 0x7f48d68522d0>,28,3,[14  3],29,-1,48,-1,45
1,<environment.Job instance at 0x7f48d68529b0>,29,1,[14  5],30,-1,46,-1,45
1,<environment.Job instance at 0x7f48d60a2190>,0,14,[ 1 13],1,-1,15,-1,1
1,<environment.Job instance at 0x7f48d60a20f0>,1,23,[9 4],2,-1,25,-1,2
1,<environment.Job instance at 0x7f48d60a24b0>,2,28,[8 5],3,-1,31,-1,3
1,<environment.Job instance at 0x7f48d702a820>,4,23,[8 4],5,-1,28,-1,5
1,<environment.Job instance at 0x7f48d702aeb0>,12,12,[11  5],13,-1,31,-1,19
1,<environment.Job instance at 0x7f48d702a7d0>,15,25,[12  1],16,-1,44,-1,19
1,<environment.Job instance at 0x7f48d68bec80>,18,19,[ 4 11],19,-1,51,-1,32
1,<environment.Job instance at 0x7f48d68bee10>,19,24,[9 5],20,-1,66,-1,42
1,<environment.Job instance at 0x7f48d6244280>,0,16,[9 4],1,-1,18,-1,2
1,<environment.Job instance at 0x7f48d6244640>,2,14,[ 2 10],3,-1,17,-1,3
1,<environment.Job instance at 0x7f48d6244a50>,3,25,[3 9],4,-1,29,-1,4
1,<environment.Job instance at 0x7f48d6244190>,4,16,[ 3 10],5,-1,21,-1,5
1,<environment.Job instance at 0x7f48d7628410>,5,18,[5 5],6,-1,24,-1,6
1,<environment.Job instance at 0x7f48d7628d70>,6,16,[5 5],7,-1,23,-1,7
1,<environment.Job instance at 0x7f48d76280f0>,7,17,[ 3 10],8,-1,25,-1,8
1,<environment.Job instance at 0x7f48d7628500>,8,13,[3 9],9,-1,22,-1,9
1,<environment.Job instance at 0x7f48d7628460>,9,2,[ 3 10],10,-1,12,-1,10
1,<environment.Job instance at 0x7f48d7628af0>,10,18,[1 5],11,-1,29,-1,11
1,<environment.Job instance at 0x7f48d7628870>,11,18,[9 5],12,-1,30,-1,12
1,<environment.Job instance at 0x7f48d7628aa0>,12,19,[4 5],13,-1,32,-1,13
1,<environment.Job instance at 0x7f48d7628a50>,13,3,[1 9],14,-1,17,-1,14
1,<environment.Job instance at 0x7f48d76280a0>,14,13,[11  4],15,-1,28,-1,15
1,<environment.Job instance at 0x7f48d6612f00>,15,12,[2 6],16,-1,28,-1,16
1,<environment.Job instance at 0x7f48d6612b40>,16,16,[ 2 13],17,-1,33,-1,17
1,<environment.Job instance at 0x7f48d6612140>,17,1,[5 8],18,-1,19,-1,18
1,<environment.Job instance at 0x7f48d6612c30>,18,13,[5 5],19,-1,32,-1,19
1,<environment.Job instance at 0x7f48d6612b90>,20,16,[8 3],21,-1,37,-1,21
1,<environment.Job instance at 0x7f48d6612a50>,21,1,[5 4],22,-1,23,-1,22
1,<environment.Job instance at 0x7f48d6612370>,22,23,[9 4],23,-1,46,-1,23
1,<environment.Job instance at 0x7f48d66121e0>,23,21,[8 2],24,-1,45,-1,24
1,<environment.Job instance at 0x7f48d6a38050>,26,17,[11  2],27,-1,44,-1,27
1,<environment.Job instance at 0x7f48d6a38500>,27,18,[5 5],28,-1,46,-1,28
1,<environment.Job instance at 0x7f48d6a38e60>,29,28,[10  3],30,-1,58,-1,30
1,<environment.Job instance at 0x7f48d6a38eb0>,30,28,[10  4],31,-1,59,-1,31
1,<environment.Job instance at 0x7f48d6a38e10>,32,25,[5 7],33,-1,58,-1,33
1,<environment.Job instance at 0x7f48d6a38f50>,34,18,[4 7],35,-1,53,-1,35
1,<environment.Job instance at 0x7f48d6a38aa0>,35,18,[7 1],36,-1,54,-1,36
1,<environment.Job instance at 0x7f48d6a38690>,36,14,[9 1],37,-1,51,-1,37
1,<environment.Job instance at 0x7f48d6a38fa0>,38,18,[8 3],39,-1,57,-1,39
1,<environment.Job instance at 0x7f48d6a38460>,39,28,[3 8],40,-1,68,-1,40
1,<environment.Job instance at 0x7f48d6a380a0>,41,15,[6 2],42,-1,57,-1,42
1,<environment.Job instance at 0x7f48d6a38d20>,42,17,[7 4],43,-1,60,-1,43
1,<environment.Job instance at 0x7f48d6a38910>,44,12,[11  2],45,-1,57,-1,45
1,<environment.Job instance at 0x7f48e047db90>,45,17,[3 5],46,-1,63,-1,46
1,<environment.Job instance at 0x7f48d63d6a50>,46,16,[3 9],47,-1,63,-1,47
1,<environment.Job instance at 0x7f48d702ab40>,1,19,[ 5 13],2,-1,21,-1,2
1,<environment.Job instance at 0x7f48d702a910>,3,25,[3 9],4,-1,42,-1,17
1,<environment.Job instance at 0x7f48d63d6e60>,14,13,[11  4],15,-1,46,-1,33
1,<environment.Job instance at 0x7f48d63d6410>,16,16,[ 2 13],17,-1,64,-1,48
1,<environment.Job instance at 0x7f48d619b8c0>,1,23,[ 5 10],2,-1,26,-1,3
1,<environment.Job instance at 0x7f48d77d6870>,4,18,[1 8],5,-1,23,-1,5
1,<environment.Job instance at 0x7f48d77d6910>,5,18,[2 7],6,-1,24,-1,6
1,<environment.Job instance at 0x7f48d77d6b90>,8,14,[ 1 10],9,-1,23,-1,9
1,<environment.Job instance at 0x7f48d77d6c80>,9,18,[7 4],10,-1,28,-1,10
1,<environment.Job instance at 0x7f48d77d6b40>,10,19,[1 5],11,-1,30,-1,11
1,<environment.Job instance at 0x7f48d77d6d70>,11,14,[1 7],12,-1,26,-1,12
1,<environment.Job instance at 0x7f48d77d6e10>,12,18,[6 4],13,-1,31,-1,13
1,<environment.Job instance at 0x7f48d77c4280>,17,14,[5 3],18,-1,32,-1,18
1,<environment.Job instance at 0x7f48d6cf4d70>,0,14,[11  2],1,-1,15,-1,1
1,<environment.Job instance at 0x7f48d6cf4f50>,1,23,[ 5 10],2,-1,25,-1,2
1,<environment.Job instance at 0x7f48d6cf45a0>,2,25,[ 2 14],3,-1,28,-1,3
1,<environment.Job instance at 0x7f48d6cf49b0>,3,12,[ 3 13],4,-1,16,-1,4
1,<environment.Job instance at 0x7f48d5fa6af0>,13,13,[11  2],14,-1,37,-1,24
1,<environment.Job instance at 0x7f48d5fa6820>,14,13,[12  3],15,-1,37,-1,24
1,<environment.Job instance at 0x7f48d60c10a0>,18,24,[14  3],19,-1,61,-1,37
1,<environment.Job instance at 0x7f48d60c1640>,20,16,[ 3 12],21,-1,53,-1,37
1,<environment.Job instance at 0x7f48d609de10>,8,14,[10  2],9,-1,26,-1,12
1,<environment.Job instance at 0x7f48d73b0820>,9,24,[5 8],10,-1,36,-1,12
1,<environment.Job instance at 0x7f48d609d280>,12,13,[7 4],13,-1,28,-1,15
1,<environment.Job instance at 0x7f48d609dbe0>,11,22,[7 2],12,-1,37,-1,15
1,<environment.Job instance at 0x7f48d5fa6820>,0,18,[ 3 14],1,-1,19,-1,1
1,<environment.Job instance at 0x7f48d5fa6eb0>,2,1,[ 1 14],3,-1,4,-1,3
1,<environment.Job instance at 0x7f48d5fa6460>,3,26,[3 8],4,-1,30,-1,4
1,<environment.Job instance at 0x7f48d5fa6d70>,6,1,[12  4],7,-1,8,-1,7
1,<environment.Job instance at 0x7f48d5fa6b40>,7,24,[1 6],8,-1,32,-1,8
1,<environment.Job instance at 0x7f48d609d4b0>,9,24,[5 8],10,-1,34,-1,10
1,<environment.Job instance at 0x7f48d5f0c190>,15,21,[ 5 14],16,-1,39,-1,18
1,<environment.Job instance at 0x7f48d5f0c6e0>,16,21,[ 4 11],17,-1,39,-1,18
1,<environment.Job instance at 0x7f48d5f0c910>,18,23,[8 4],19,-1,54,-1,31
1,<environment.Job instance at 0x7f48d5fa6e60>,4,26,[10  5],5,-1,60,-1,34
1,<environment.Job instance at 0x7f48d5f0cf50>,24,24,[6 2],25,-1,72,-1,48
1,<environment.Job instance at 0x7f48d6cfaf50>,26,25,[8 3],27,-1,73,-1,48
1,<environment.Job instance at 0x7f48d6cfa5a0>,27,15,[11  1],28,-1,63,-1,48
1,<environment.Job instance at 0x7f48d6bf9370>,0,20,[ 1 10],1,-1,22,-1,2
1,<environment.Job instance at 0x7f48d6bf9460>,1,18,[2 7],2,-1,20,-1,2
1,<environment.Job instance at 0x7f48d6bf9b40>,2,25,[5 3],3,-1,28,-1,3
1,<environment.Job instance at 0x7f48d620c910>,3,18,[3 8],4,-1,22,-1,4
1,<environment.Job instance at 0x7f48d739ea00>,6,15,[4 8],7,-1,22,-1,7
1,<environment.Job instance at 0x7f48d739e230>,7,27,[ 2 10],8,-1,35,-1,8
1,<environment.Job instance at 0x7f48d779a3c0>,11,17,[ 1 10],12,-1,30,-1,13
1,<environment.Job instance at 0x7f48d779a690>,13,28,[5 1],14,-1,42,-1,14
1,<environment.Job instance at 0x7f48d64832d0>,14,22,[8 3],15,-1,37,-1,15
1,<environment.Job instance at 0x7f48d6610140>,18,21,[8 2],19,-1,42,-1,21
1,<environment.Job instance at 0x7f48d739e6e0>,12,28,[ 2 14],13,-1,49,-1,21
1,<environment.Job instance at 0x7f48d6eb2c80>,20,21,[8 3],21,-1,44,-1,23
1,<environment.Job instance at 0x7f48d6ec8aa0>,22,26,[2 9],23,-1,49,-1,23
1,<environment.Job instance at 0x7f48d744b410>,21,18,[1 6],22,-1,42,-1,24
1,<environment.Job instance at 0x7f48d5f086e0>,25,17,[11  4],26,-1,43,-1,26
1,<environment.Job instance at 0x7f48d71e0fa0>,29,18,[9 5],30,-1,53,-1,35
1,<environment.Job instance at 0x7f48d66a3dc0>,2,25,[5 3],3,-1,28,-1,3
1,<environment.Job instance at 0x7f48d6bf99b0>,8,16,[ 1 12],9,-1,37,-1,21
1,<environment.Job instance at 0x7f48d6bf9820>,9,15,[13  4],10,-1,36,-1,21
1,<environment.Job instance at 0x7f48d6bf9050>,10,2,[ 1 13],11,-1,23,-1,21
1,<environment.Job instance at 0x7f48d73f8690>,12,28,[ 2 14],13,-1,51,-1,23
1,<environment.Job instance at 0x7f48d73f8d20>,13,28,[5 1],14,-1,64,-1,36
1,<environment.Job instance at 0x7f48d7068b40>,16,21,[ 1 11],17,-1,57,-1,36
1,<environment.Job instance at 0x7f33d04737d0>,2,18,[ 3 10],3,-1,21,-1,3
1,<environment.Job instance at 0x7f33d0473730>,4,24,[ 3 11],5,-1,29,-1,5
1,<environment.Job instance at 0x7f33d0473aa0>,5,18,[7 5],6,-1,24,-1,6
1,<environment.Job instance at 0x7f33d04739b0>,6,19,[1 7],7,-1,26,-1,7
1,<environment.Job instance at 0x7f33d0473d20>,9,17,[8 1],10,-1,33,-1,16
1,<environment.Job instance at 0x7f33d04761e0>,16,19,[ 3 10],17,-1,36,-1,17
1,<environment.Job instance at 0x7f33d0476280>,17,18,[ 5 13],18,-1,36,-1,18
1,<environment.Job instance at 0x7f33d0473f50>,14,21,[ 3 11],15,-1,40,-1,19
1,<environment.Job instance at 0x7f33d0476320>,18,18,[3 6],19,-1,37,-1,19
1,<environment.Job instance at 0x7f33d0476140>,19,21,[8 5],20,-1,42,-1,21
1,<environment.Job instance at 0x7f33d04765a0>,21,22,[8 2],22,-1,44,-1,22
1,<environment.Job instance at 0x7f33d0476690>,23,18,[7 4],24,-1,42,-1,24
1,<environment.Job instance at 0x7f33d04768c0>,26,20,[4 8],27,-1,47,-1,27
1,<environment.Job instance at 0x7f33d0476460>,20,21,[13  5],21,-1,53,-1,32
1,<environment.Job instance at 0x7f33d0476b90>,32,14,[8 3],33,-1,48,-1,34
1,<environment.Job instance at 0x7f33d0476d20>,30,15,[8 2],31,-1,49,-1,34
1,<environment.Job instance at 0x7f33d04760f0>,15,20,[3 5],16,-1,54,-1,34
1,<environment.Job instance at 0x7f33d0479050>,34,20,[5 3],35,-1,55,-1,35
1,<environment.Job instance at 0x7f33d0479190>,36,16,[8 1],37,-1,53,-1,37
1,<environment.Job instance at 0x7f33d04791e0>,38,14,[5 5],39,-1,53,-1,39
1,<environment.Job instance at 0x7f33d0479550>,39,12,[3 6],40,-1,52,-1,40
1,<environment.Job instance at 0x7f33d0479410>,40,18,[ 5 13],41,-1,59,-1,41
1,<environment.Job instance at 0x7f33d0479820>,43,14,[10  1],44,-1,58,-1,44
1,<environment.Job instance at 0x7f33d0479730>,44,14,[8 4],45,-1,59,-1,45
1,<environment.Job instance at 0x7f33d0479910>,45,28,[6 4],46,-1,74,-1,46
1,<environment.Job instance at 0x7f33d0473be0>,4,24,[ 3 11],5,-1,29,-1,5
1,<environment.Job instance at 0x7f33d047cc80>,8,24,[ 2 10],9,-1,45,-1,21
1,<environment.Job instance at 0x7f33d047cd20>,12,13,[ 2 12],13,-1,34,-1,21
1,<environment.Job instance at 0x7f33d047cfa0>,14,21,[ 3 11],15,-1,43,-1,22
1,<environment.Job instance at 0x7f33d047f140>,17,18,[ 5 13],18,-1,40,-1,22
1,<environment.Job instance at 0x7f33d047f280>,20,21,[13  5],21,-1,56,-1,35
1,<environment.Job instance at 0x7f33d047f370>,24,2,[ 3 12],25,-1,51,-1,49
1,<environment.Job instance at 0x7f33d047f820>,27,25,[14  4],28,-1,74,-1,49
1,<environment.Job instance at 0x7f33cff6c960>,0,17,[9 3],1,-1,19,-1,2
1,<environment.Job instance at 0x7f33cff6c780>,2,24,[ 3 10],3,-1,27,-1,3
1,<environment.Job instance at 0x7f33d0017e10>,4,20,[9 1],5,-1,25,-1,5
1,<environment.Job instance at 0x7f33d0052eb0>,5,15,[ 1 11],6,-1,21,-1,6
1,<environment.Job instance at 0x7f33d00650f0>,7,13,[3 5],8,-1,21,-1,8
1,<environment.Job instance at 0x7f33d012c370>,9,26,[5 4],10,-1,36,-1,10
1,<environment.Job instance at 0x7f33d00804b0>,10,22,[5 6],11,-1,33,-1,11
1,<environment.Job instance at 0x7f33d0071be0>,12,18,[5 5],13,-1,31,-1,13
1,<environment.Job instance at 0x7f33cfff5960>,13,27,[8 2],14,-1,41,-1,14
1,<environment.Job instance at 0x7f33d0087730>,15,19,[8 3],16,-1,38,-1,19
1,<environment.Job instance at 0x7f33d04796e0>,1,14,[ 2 10],2,-1,33,-1,19
1,<environment.Job instance at 0x7f33cff36c30>,19,15,[4 7],20,-1,35,-1,20
1,<environment.Job instance at 0x7f33cff36820>,21,17,[2 7],22,-1,39,-1,22
1,<environment.Job instance at 0x7f33cff369b0>,20,19,[8 4],21,-1,41,-1,22
1,<environment.Job instance at 0x7f33cff36640>,24,21,[ 1 10],25,-1,46,-1,25
1,<environment.Job instance at 0x7f33cff36e60>,16,18,[ 2 10],17,-1,49,-1,31
1,<environment.Job instance at 0x7f33cff36730>,27,17,[7 4],28,-1,48,-1,31
1,<environment.Job instance at 0x7f33cff36320>,29,18,[ 4 11],30,-1,69,-1,51
1,<environment.Job instance at 0x7f33cff32730>,34,22,[5 8],35,-1,73,-1,51
1,<environment.Job instance at 0x7f33d0483460>,5,15,[ 1 11],6,-1,21,-1,6
1,<environment.Job instance at 0x7f33d0483370>,2,24,[ 3 10],3,-1,40,-1,16
1,<environment.Job instance at 0x7f33d0483280>,8,25,[ 2 12],9,-1,41,-1,16
1,<environment.Job instance at 0x7f33d047ffa0>,9,26,[5 4],10,-1,42,-1,16
1,<environment.Job instance at 0x7f33d047fc30>,13,27,[8 2],14,-1,45,-1,18
1,<environment.Job instance at 0x7f33d047f410>,23,17,[ 4 14],24,-1,55,-1,38
1,<environment.Job instance at 0x7f33d047f320>,25,18,[ 5 12],26,-1,58,-1,40
1,<environment.Job instance at 0x7f33d047f0f0>,26,12,[ 3 14],27,-1,52,-1,40
1,<environment.Job instance at 0x7f33d047ce60>,29,18,[ 4 11],30,-1,69,-1,51
1,<environment.Job instance at 0x7f33cfc06b40>,3,24,[5 6],4,-1,28,-1,4
1,<environment.Job instance at 0x7f33cfc06f00>,4,18,[11  5],5,-1,24,-1,6
1,<environment.Job instance at 0x7f33cfc06a50>,5,14,[14  1],6,-1,20,-1,6
1,<environment.Job instance at 0x7f33cfc06af0>,8,19,[4 7],9,-1,28,-1,9
1,<environment.Job instance at 0x7f33cfc03910>,10,16,[9 4],11,-1,28,-1,12
1,<environment.Job instance at 0x7f33cfc06fa0>,11,15,[8 1],12,-1,27,-1,12
1,<environment.Job instance at 0x7f33cfbf7780>,0,18,[ 3 12],1,-1,19,-1,1
1,<environment.Job instance at 0x7f33cfbf7820>,4,18,[11  5],5,-1,23,-1,5
1,<environment.Job instance at 0x7f33cfc06320>,5,14,[14  1],6,-1,20,-1,6
1,<environment.Job instance at 0x7f33cfbf4d70>,9,3,[14  4],10,-1,13,-1,10
1,<environment.Job instance at 0x7f33cfbf76e0>,3,24,[5 6],4,-1,43,-1,19
1,<environment.Job instance at 0x7f33cfbf4050>,12,23,[ 1 14],13,-1,42,-1,19
1,<environment.Job instance at 0x7f33cfbf4320>,15,23,[7 3],16,-1,42,-1,19
1,<environment.Job instance at 0x7f33cfbf4fa0>,17,26,[ 1 11],18,-1,45,-1,19
1,<environment.Job instance at 0x7f33cfbf44b0>,20,17,[ 2 11],21,-1,39,-1,22
1,<environment.Job instance at 0x7f33cfc6fe10>,24,17,[ 3 14],25,-1,42,-1,25
1,<environment.Job instance at 0x7f33cfc6f500>,26,25,[5 4],27,-1,59,-1,34
1,<environment.Job instance at 0x7f33cfc6f8c0>,28,28,[7 1],29,-1,62,-1,34
1,<environment.Job instance at 0x7f33cfc6f690>,31,24,[12  2],32,-1,60,-1,36
1,<environment.Job instance at 0x7f33cfc6feb0>,32,26,[ 3 11],33,-1,62,-1,36
1,<environment.Job instance at 0x7f33cfc6f7d0>,35,16,[ 1 11],36,-1,54,-1,38
1,<environment.Job instance at 0x7f33cfc6c780>,37,1,[ 5 12],38,-1,42,-1,41
1,<environment.Job instance at 0x7f33cfc6c910>,38,24,[8 5],39,-1,75,-1,51
1,<environment.Job instance at 0x7f33cfc6cf50>,40,2,[14  2],41,-1,53,-1,51
1,<environment.Job instance at 0x7f33cfc6c870>,43,20,[14  2],44,-1,76,-1,56
1,<environment.Job instance at 0x7f33cfa55eb0>,2,14,[4 7],3,-1,17,-1,3
1,<environment.Job instance at 0x7f33cfa5a2d0>,7,22,[1 7],8,-1,31,-1,9
1,<environment.Job instance at 0x7f33cfa5a1e0>,9,26,[3 6],10,-1,36,-1,10
1,<environment.Job instance at 0x7f33cfa5a4b0>,11,12,[ 5 11],12,-1,24,-1,12
1,<environment.Job instance at 0x7f33cfa5a550>,12,15,[3 9],13,-1,28,-1,13
1,<environment.Job instance at 0x7f33cfc06190>,8,28,[4 7],9,-1,41,-1,13
1,<environment.Job instance at 0x7f33cfa5aa50>,18,17,[10  5],19,-1,37,-1,20
1,<environment.Job instance at 0x7f33cfa5a8c0>,20,23,[5 8],21,-1,44,-1,21
1,<environment.Job instance at 0x7f33cfa5d2d0>,27,27,[5 3],28,-1,61,-1,34
1,<environment.Job instance at 0x7f33cfa5a410>,10,12,[11  1],11,-1,46,-1,34
1,<environment.Job instance at 0x7f33cfa5d3c0>,28,17,[10  2],29,-1,51,-1,34
1,<environment.Job instance at 0x7f33cfa5d320>,29,17,[ 5 11],30,-1,52,-1,35
1,<environment.Job instance at 0x7f33cfa5aeb0>,25,24,[12  1],26,-1,59,-1,35
1,<environment.Job instance at 0x7f33cfa5ad70>,24,28,[3 8],25,-1,64,-1,36
1,<environment.Job instance at 0x7f33cfa5ac30>,21,21,[ 4 11],22,-1,57,-1,36
1,<environment.Job instance at 0x7f33cfa5d960>,37,13,[ 4 12],38,-1,51,-1,38
1,<environment.Job instance at 0x7f33cfa5db90>,38,17,[11  4],39,-1,56,-1,39
1,<environment.Job instance at 0x7f33cfa5d8c0>,35,15,[3 5],36,-1,55,-1,40
1,<environment.Job instance at 0x7f33cfa5d460>,31,27,[6 5],32,-1,68,-1,41
1,<environment.Job instance at 0x7f33cfa5dc80>,40,16,[7 2],41,-1,57,-1,41
1,<environment.Job instance at 0x7f33cfa5dbe0>,41,18,[ 1 10],42,-1,60,-1,42
1,<environment.Job instance at 0x7f33cfa5ddc0>,42,28,[7 4],43,-1,71,-1,43
1,<environment.Job instance at 0x7f33cfa5de60>,43,19,[9 2],44,-1,63,-1,44
1,<environment.Job instance at 0x7f33cfa5df00>,44,28,[4 5],45,-1,73,-1,45
1,<environment.Job instance at 0x7f33cfa5dfa0>,45,23,[8 3],46,-1,69,-1,46
1,<environment.Job instance at 0x7f33cfa61140>,47,15,[5 6],48,-1,63,-1,48
1,<environment.Job instance at 0x7f33cfd5c500>,3,23,[ 2 14],4,-1,27,-1,4
1,<environment.Job instance at 0x7f33cfc6cf00>,4,12,[ 2 11],5,-1,17,-1,5
1,<environment.Job instance at 0x7f33cfc6c730>,10,12,[11  1],11,-1,27,-1,15
1,<environment.Job instance at 0x7f33cfc6caf0>,11,12,[ 5 11],12,-1,27,-1,15
1,<environment.Job instance at 0x7f33cfc6cc30>,8,28,[4 7],9,-1,43,-1,15
1,<environment.Job instance at 0x7f33cfc6cb90>,9,26,[3 6],10,-1,41,-1,15
1,<environment.Job instance at 0x7f33cfc6c2d0>,14,2,[ 1 11],15,-1,17,-1,15
1,<environment.Job instance at 0x7f33cfc6feb0>,20,23,[5 8],21,-1,60,-1,37
1,<environment.Job instance at 0x7f33cfc6f2d0>,21,21,[ 4 11],22,-1,58,-1,37
1,<environment.Job instance at 0x7f33cfc6f500>,22,2,[ 3 12],23,-1,39,-1,37
1,<environment.Job instance at 0x7f33cfc6fe60>,24,28,[3 8],25,-1,66,-1,38
1,<environment.Job instance at 0x7f33cfc6f050>,25,24,[12  1],26,-1,62,-1,38
1,<environment.Job instance at 0x7f33cfc6f410>,26,14,[11  2],27,-1,52,-1,38
1,<environment.Job instance at 0x7f33cfc6f7d0>,27,27,[5 3],28,-1,65,-1,38
1,<environment.Job instance at 0x7f33cfbf4410>,29,17,[ 5 11],30,-1,55,-1,38
1,<environment.Job instance at 0x7f33cfbf4d20>,31,27,[6 5],32,-1,78,-1,51
1,<environment.Job instance at 0x7f33cfbf4500>,32,18,[ 2 14],33,-1,69,-1,51
1,<environment.Job instance at 0x7f33cfbf4780>,33,2,[11  2],34,-1,53,-1,51
1,<environment.Job instance at 0x7f33cfbf4910>,34,18,[12  2],35,-1,69,-1,51
1,<environment.Job instance at 0x7f33cfbf46e0>,36,17,[11  1],37,-1,68,-1,51
1,<environment.Job instance at 0x7f33cfbf4dc0>,37,13,[ 4 12],38,-1,64,-1,51
1,<environment.Job instance at 0x7f33cfbf4460>,38,17,[11  4],39,-1,68,-1,51
1,<environment.Job instance at 0x7f33d0a3e780>,1,22,[5 8],2,-1,25,-1,3
1,<environment.Job instance at 0x7f33cfd5cbe0>,2,16,[7 4],3,-1,19,-1,3
1,<environment.Job instance at 0x7f33d0a3ed70>,3,16,[9 4],4,-1,21,-1,5
1,<environment.Job instance at 0x7f33d0217140>,4,28,[13  3],5,-1,33,-1,5
1,<environment.Job instance at 0x7f33d0217550>,5,16,[7 4],6,-1,24,-1,8
1,<environment.Job instance at 0x7f33d0217730>,10,17,[2 6],11,-1,28,-1,11
1,<environment.Job instance at 0x7f33cfa5daa0>,0,24,[11  3],1,-1,25,-1,1
1,<environment.Job instance at 0x7f33cfa5aaa0>,4,28,[13  3],5,-1,33,-1,5
1,<environment.Job instance at 0x7f33cfbf7050>,7,18,[ 1 13],8,-1,26,-1,8
1,<environment.Job instance at 0x7f33cfbf78c0>,8,24,[ 5 11],9,-1,33,-1,9
1,<environment.Job instance at 0x7f33cfbf4e60>,11,16,[ 2 13],12,-1,35,-1,19
1,<environment.Job instance at 0x7f33cfbf4690>,13,2,[ 5 11],14,-1,21,-1,19
1,<environment.Job instance at 0x7f33cfbf40a0>,15,13,[11  1],16,-1,37,-1,24
1,<environment.Job instance at 0x7f33cfbf4320>,23,12,[12  2],24,-1,63,-1,51
1,<environment.Job instance at 0x7f33cfbf4820>,22,23,[1 7],23,-1,77,-1,54
1,<environment.Job instance at 0x7f33cfc6f050>,25,2,[14  3],26,-1,56,-1,54
1,<environment.Job instance at 0x7f33cfc6f410>,26,19,[ 3 14],27,-1,73,-1,54
1,<environment.Job instance at 0x7f33cfc6f0f0>,27,2,[14  5],28,-1,56,-1,54
1,<environment.Job instance at 0x7f33cfc6f3c0>,30,12,[12  4],31,-1,66,-1,54
1,<environment.Job instance at 0x7f33cf7fa140>,8,22,[9 3],9,-1,32,-1,10
1,<environment.Job instance at 0x7f33cf7fd3c0>,10,26,[4 7],11,-1,37,-1,11
1,<environment.Job instance at 0x7f33d0ea79b0>,14,15,[10  3],15,-1,31,-1,16
1,<environment.Job instance at 0x7f33cf7faaa0>,9,16,[ 4 13],10,-1,33,-1,17
1,<environment.Job instance at 0x7f33d0ff4fa0>,19,24,[6 5],20,-1,44,-1,20
1,<environment.Job instance at 0x7f33d0c3d4b0>,0,1,[11  3],1,-1,2,-1,1
1,<environment.Job instance at 0x7f33d057f1e0>,4,16,[ 2 11],5,-1,21,-1,5
1,<environment.Job instance at 0x7f33d057f370>,5,24,[8 2],6,-1,30,-1,6
1,<environment.Job instance at 0x7f33d0b2bcd0>,9,16,[ 4 13],10,-1,26,-1,10
1,<environment.Job instance at 0x7f33d0b2b5f0>,10,26,[4 7],11,-1,43,-1,17
1,<environment.Job instance at 0x7f33d9b022d0>,11,25,[10  5],12,-1,42,-1,17
1,<environment.Job instance at 0x7f33d0ea72d0>,16,20,[ 3 11],17,-1,37,-1,17
1,<environment.Job instance at 0x7f33d0ff4870>,19,24,[6 5],20,-1,56,-1,32
1,<environment.Job instance at 0x7f33cff718c0>,21,25,[5 1],22,-1,59,-1,34
1,<environment.Job instance at 0x7f33cfed7af0>,24,18,[ 4 13],25,-1,54,-1,36
1,<environment.Job instance at 0x7f33cfed7cd0>,26,15,[13  4],27,-1,63,-1,48
1,<environment.Job instance at 0x7f33cfed78c0>,25,24,[9 3],26,-1,74,-1,50
1,<environment.Job instance at 0x7f33d089df00>,28,24,[ 2 13],29,-1,74,-1,50
1,<environment.Job instance at 0x7f33d092cc30>,29,3,[ 2 14],30,-1,53,-1,50
1,<environment.Job instance at 0x7f33d0fc9d20>,30,16,[ 5 13],31,-1,66,-1,50
1,<environment.Job instance at 0x7f33d0028140>,2,22,[1 6],3,-1,26,-1,4
1,<environment.Job instance at 0x7f33d0028fa0>,5,26,[5 4],6,-1,32,-1,6
1,<environment.Job instance at 0x7f33d00284b0>,7,15,[1 9],8,-1,23,-1,8
1,<environment.Job instance at 0x7f33d057e280>,3,27,[5 1],4,-1,36,-1,9
1,<environment.Job instance at 0x7f33d02769b0>,17,20,[8 5],18,-1,38,-1,18
1,<environment.Job instance at 0x7f33d0bcb8c0>,0,16,[ 3 12],1,-1,17,-1,1
1,<environment.Job instance at 0x7f33d0bcbfa0>,1,16,[ 3 12],2,-1,18,-1,2
1,<environment.Job instance at 0x7f33d0bcb5a0>,3,27,[5 1],4,-1,31,-1,4
1,<environment.Job instance at 0x7f33d0bcba00>,4,25,[10  4],5,-1,30,-1,5
1,<environment.Job instance at 0x7f33d0bcb370>,5,26,[5 4],6,-1,32,-1,6
1,<environment.Job instance at 0x7f33d0bcbdc0>,8,12,[ 2 11],9,-1,21,-1,9
1,<environment.Job instance at 0x7f33d0fc9a00>,16,24,[3 6],17,-1,42,-1,18
1,<environment.Job instance at 0x7f33d0fc9f50>,18,26,[7 4],19,-1,57,-1,31
1,<environment.Job instance at 0x7f33d0fc9fa0>,20,27,[9 5],21,-1,58,-1,31
1,<environment.Job instance at 0x7f33cfed7870>,26,28,[ 3 14],27,-1,76,-1,48
1,<environment.Job instance at 0x7f33d0fd7410>,0,16,[2 7],1,-1,17,-1,1
1,<environment.Job instance at 0x7f33d0fd7460>,1,20,[7 4],2,-1,22,-1,2
1,<environment.Job instance at 0x7f33d0fd79b0>,2,23,[2 8],3,-1,27,-1,4
1,<environment.Job instance at 0x7f33d0ecbc80>,3,16,[11  1],4,-1,20,-1,4
1,<environment.Job instance at 0x7f33d0bb4d20>,12,12,[10  3],13,-1,26,-1,14
1,<environment.Job instance at 0x7f33d0bb4be0>,15,28,[ 4 10],16,-1,44,-1,16
1,<environment.Job instance at 0x7f33d1070dc0>,13,28,[11  3],14,-1,47,-1,19
1,<environment.Job instance at 0x7f33d08b3a50>,23,24,[5 6],24,-1,53,-1,29
1,<environment.Job instance at 0x7f33d08b3140>,26,14,[ 3 14],27,-1,55,-1,41
1,<environment.Job instance at 0x7f33d0329cd0>,25,17,[1 8],26,-1,60,-1,43
1,<environment.Job instance at 0x7f33d03290a0>,31,16,[1 8],32,-1,59,-1,43
1,<environment.Job instance at 0x7f33d03296e0>,27,24,[3 9],28,-1,70,-1,46
1,<environment.Job instance at 0x7f33d08b3410>,21,16,[ 5 13],22,-1,62,-1,46
1,<environment.Job instance at 0x7f33d0071370>,39,19,[6 4],40,-1,65,-1,46
1,<environment.Job instance at 0x7f33d0684640>,40,22,[5 6],41,-1,68,-1,46
1,<environment.Job instance at 0x7f33d0660fa0>,3,16,[11  1],4,-1,20,-1,4
1,<environment.Job instance at 0x7f33d0620a00>,5,14,[11  5],6,-1,20,-1,6
1,<environment.Job instance at 0x7f33d06609b0>,6,13,[ 1 11],7,-1,20,-1,7
1,<environment.Job instance at 0x7f33d0e8acd0>,8,25,[6 1],9,-1,34,-1,9
1,<environment.Job instance at 0x7f33d0ea72d0>,9,15,[ 3 12],10,-1,25,-1,10
1,<environment.Job instance at 0x7f33d06207d0>,10,18,[13  2],11,-1,29,-1,11
1,<environment.Job instance at 0x7f33d9b024b0>,2,23,[2 8],3,-1,40,-1,17
1,<environment.Job instance at 0x7f33cf8a8910>,13,28,[11  3],14,-1,45,-1,17
1,<environment.Job instance at 0x7f33d092caa0>,15,28,[ 4 10],16,-1,46,-1,18
1,<environment.Job instance at 0x7f33d0fc95f0>,21,16,[ 5 13],22,-1,39,-1,23
1,<environment.Job instance at 0x7f33d0fc9e10>,23,24,[5 6],24,-1,58,-1,34
1,<environment.Job instance at 0x7f33d07ba050>,26,14,[ 3 14],27,-1,48,-1,34
1,<environment.Job instance at 0x7f33d0c200f0>,27,24,[3 9],28,-1,76,-1,52
1,<environment.Job instance at 0x7f33d0ebc2d0>,30,12,[ 2 12],31,-1,64,-1,52
1,<environment.Job instance at 0x7f33d00af910>,32,1,[ 2 11],33,-1,53,-1,52
1,<environment.Job instance at 0x7f33d0051640>,33,27,[ 3 14],34,-1,79,-1,52
1,<environment.Job instance at 0x7f33d0c87aa0>,36,28,[5 2],37,-1,87,-1,59
1,<environment.Job instance at 0x7f33d08b36e0>,37,28,[13  5],38,-1,87,-1,59
1,<environment.Job instance at 0x7f33cfc08690>,0,21,[5 6],1,-1,22,-1,1
1,<environment.Job instance at 0x7f33cfc08780>,3,23,[10  3],4,-1,28,-1,5
1,<environment.Job instance at 0x7f33cfc08820>,4,24,[4 8],5,-1,29,-1,5
1,<environment.Job instance at 0x7f33cfc15190>,7,16,[4 5],8,-1,25,-1,9
1,<environment.Job instance at 0x7f33cfc158c0>,18,18,[8 2],19,-1,37,-1,19
1,<environment.Job instance at 0x7f33d062f280>,20,21,[9 1],21,-1,42,-1,21
1,<environment.Job instance at 0x7f33d062fe10>,21,18,[5 8],22,-1,40,-1,22
1,<environment.Job instance at 0x7f33d062f0f0>,22,19,[2 7],23,-1,42,-1,23
1,<environment.Job instance at 0x7f33d062f820>,32,25,[5 7],33,-1,73,-1,48
1,<environment.Job instance at 0x7f33cfc15f50>,17,28,[7 5],18,-1,76,-1,48
1,<environment.Job instance at 0x7f33d062f3c0>,31,20,[8 3],32,-1,68,-1,48
1,<environment.Job instance at 0x7f33d0620910>,5,26,[14  5],6,-1,32,-1,6
1,<environment.Job instance at 0x7f33d092c960>,3,23,[10  3],4,-1,37,-1,14
1,<environment.Job instance at 0x7f33cf8a8910>,4,24,[4 8],5,-1,38,-1,14
1,<environment.Job instance at 0x7f33cfc15fa0>,12,28,[12  4],13,-1,43,-1,15
1,<environment.Job instance at 0x7f33d062f6e0>,13,1,[11  1],14,-1,16,-1,15
1,<environment.Job instance at 0x7f33cfc087d0>,17,28,[7 5],18,-1,59,-1,31
1,<environment.Job instance at 0x7f33cfc089b0>,23,24,[1 9],24,-1,62,-1,38
1,<environment.Job instance at 0x7f33d0522fa0>,24,25,[ 3 10],25,-1,63,-1,38
1,<environment.Job instance at 0x7f33d0522f50>,27,2,[13  5],28,-1,41,-1,39
1,<environment.Job instance at 0x7f33d0522960>,29,18,[11  5],30,-1,57,-1,39
1,<environment.Job instance at 0x7f33d0522d20>,30,28,[7 2],31,-1,77,-1,49
1,<environment.Job instance at 0x7f33d05220a0>,32,25,[5 7],33,-1,74,-1,49
1,<environment.Job instance at 0x7f33d0522730>,35,21,[ 5 13],36,-1,78,-1,57
1,<environment.Job instance at 0x7f33d0522820>,38,17,[13  2],39,-1,76,-1,59
1,<environment.Job instance at 0x7f33d0522690>,39,22,[12  5],40,-1,81,-1,59
1,<environment.Job instance at 0x7f33d061b140>,4,3,[11  3],5,-1,8,-1,5
1,<environment.Job instance at 0x7f33d061be10>,5,18,[6 1],6,-1,24,-1,6
1,<environment.Job instance at 0x7f33d061b910>,7,27,[8 1],8,-1,37,-1,10
1,<environment.Job instance at 0x7f33cfdb6410>,11,23,[5 7],12,-1,35,-1,12
1,<environment.Job instance at 0x7f33d053a140>,16,2,[10  3],17,-1,19,-1,17
1,<environment.Job instance at 0x7f33d053af50>,22,18,[ 5 11],23,-1,75,-1,57
1,<environment.Job instance at 0x7f33d053ad20>,19,18,[3 6],20,-1,75,-1,57
1,<environment.Job instance at 0x7f33d053a050>,25,18,[ 1 12],26,-1,75,-1,57
1,<environment.Job instance at 0x7f33d053ac30>,21,27,[14  3],22,-1,84,-1,57
1,<environment.Job instance at 0x7f33d053a5f0>,24,25,[4 9],25,-1,82,-1,57
1,<environment.Job instance at 0x7f33d9c3e140>,31,14,[9 5],32,-1,72,-1,58
1,<environment.Job instance at 0x7f33d9c3efa0>,34,28,[5 5],35,-1,86,-1,58
1,<environment.Job instance at 0x7f33d9c3ec30>,36,24,[10  2],37,-1,82,-1,58
1,<environment.Job instance at 0x7f33d053ae10>,26,14,[7 5],27,-1,72,-1,58
1,<environment.Job instance at 0x7f33d0315320>,0,15,[ 5 14],1,-1,16,-1,1
1,<environment.Job instance at 0x7f33d03153c0>,4,3,[11  3],5,-1,8,-1,5
1,<environment.Job instance at 0x7f33d0522780>,7,27,[8 1],8,-1,44,-1,17
1,<environment.Job instance at 0x7f33d0522690>,11,23,[5 7],12,-1,40,-1,17
1,<environment.Job instance at 0x7f33d0522730>,13,15,[ 2 14],14,-1,32,-1,17
1,<environment.Job instance at 0x7f33d0522410>,17,12,[ 3 13],18,-1,30,-1,18
1,<environment.Job instance at 0x7f33d0522230>,21,27,[14  3],22,-1,62,-1,35
1,<environment.Job instance at 0x7f33d05221e0>,22,18,[ 5 11],23,-1,53,-1,35
1,<environment.Job instance at 0x7f33d062f410>,24,25,[4 9],25,-1,64,-1,39
1,<environment.Job instance at 0x7f33d062f050>,25,18,[ 1 12],26,-1,57,-1,39
1,<environment.Job instance at 0x7f33d061b0a0>,30,2,[11  4],31,-1,50,-1,48
1,<environment.Job instance at 0x7f33d0ad2140>,33,17,[14  3],34,-1,71,-1,54
1,<environment.Job instance at 0x7f33d092a410>,35,19,[ 1 12],36,-1,74,-1,55
1,<environment.Job instance at 0x7f33d092a190>,36,24,[10  2],37,-1,82,-1,58
1,<environment.Job instance at 0x7f33d092a6e0>,37,2,[ 4 13],38,-1,60,-1,58
1,<environment.Job instance at 0x7f33d0ad2be0>,34,28,[5 5],35,-1,86,-1,58
1,<environment.Job instance at 0x7f33d092a0f0>,40,28,[ 1 12],41,-1,86,-1,58
1,<environment.Job instance at 0x7f33d06f4550>,41,15,[13  1],42,-1,73,-1,58
1,<environment.Job instance at 0x7f33d06f4280>,42,2,[ 5 12],43,-1,60,-1,58
1,<environment.Job instance at 0x7f33d0dd3f50>,0,17,[2 7],1,-1,19,-1,2
1,<environment.Job instance at 0x7f33d0214b40>,3,24,[9 2],4,-1,28,-1,4
1,<environment.Job instance at 0x7f33d01f5780>,5,15,[ 5 11],6,-1,21,-1,6
1,<environment.Job instance at 0x7f33d01f5a00>,6,27,[2 7],7,-1,34,-1,7
1,<environment.Job instance at 0x7f33d04b4960>,2,18,[14  1],3,-1,21,-1,3
1,<environment.Job instance at 0x7f33d020c4b0>,3,24,[9 2],4,-1,28,-1,4
1,<environment.Job instance at 0x7f33d06f4550>,5,15,[ 5 11],6,-1,21,-1,6
1,<environment.Job instance at 0x7f33d06f44b0>,8,16,[ 3 12],9,-1,25,-1,9
1,<environment.Job instance at 0x7f33d06f43c0>,9,12,[ 3 12],10,-1,22,-1,10
1,<environment.Job instance at 0x7f33d06f4f50>,10,13,[ 3 12],11,-1,24,-1,11
1,<environment.Job instance at 0x7f33d06f4230>,12,25,[11  2],13,-1,38,-1,13
1,<environment.Job instance at 0x7f33d092a280>,13,1,[ 1 14],14,-1,15,-1,14
1,<environment.Job instance at 0x7f33d06f4280>,6,27,[2 7],7,-1,44,-1,17
1,<environment.Job instance at 0x7f33d092a0f0>,11,24,[ 4 10],12,-1,42,-1,18
1,<environment.Job instance at 0x7f33cfdb61e0>,19,14,[ 2 11],20,-1,34,-1,20
1,<environment.Job instance at 0x7f33d02d9960>,0,22,[9 1],1,-1,24,-1,2
1,<environment.Job instance at 0x7f33d0343820>,2,16,[10  5],3,-1,19,-1,3
1,<environment.Job instance at 0x7f33d03432d0>,3,15,[10  1],4,-1,19,-1,4
1,<environment.Job instance at 0x7f33d03433c0>,4,13,[7 5],5,-1,18,-1,5
1,<environment.Job instance at 0x7f33d0bcefa0>,5,13,[1 8],6,-1,19,-1,6
1,<environment.Job instance at 0x7f33d04b4a50>,1,17,[ 2 12],2,-1,23,-1,6
1,<environment.Job instance at 0x7f33d02d9a00>,6,22,[8 4],7,-1,29,-1,7
1,<environment.Job instance at 0x7f33cfe97b40>,9,22,[7 5],10,-1,32,-1,10
1,<environment.Job instance at 0x7f33cfe976e0>,11,18,[ 5 10],12,-1,30,-1,12
1,<environment.Job instance at 0x7f33cfd18a50>,13,24,[1 6],14,-1,39,-1,15
1,<environment.Job instance at 0x7f33cfd18aa0>,14,16,[14  5],15,-1,31,-1,15
1,<environment.Job instance at 0x7f33cfc64f00>,15,16,[9 4],16,-1,32,-1,16
1,<environment.Job instance at 0x7f33cfc64a00>,17,15,[10  4],18,-1,34,-1,19
1,<environment.Job instance at 0x7f33cfc646e0>,19,17,[3 9],20,-1,37,-1,20
1,<environment.Job instance at 0x7f33cfc641e0>,26,26,[ 2 10],27,-1,53,-1,27
1,<environment.Job instance at 0x7f33cfcebfa0>,29,17,[4 5],30,-1,47,-1,30
1,<environment.Job instance at 0x7f33cfceb140>,31,24,[9 3],32,-1,56,-1,32
1,<environment.Job instance at 0x7f33cfceb730>,33,22,[ 4 10],34,-1,56,-1,34
1,<environment.Job instance at 0x7f33cfcebaf0>,34,20,[ 2 10],35,-1,56,-1,36
1,<environment.Job instance at 0x7f33cfcebd70>,36,25,[3 6],37,-1,62,-1,37
1,<environment.Job instance at 0x7f33d0cd1820>,39,27,[9 3],40,-1,78,-1,51
1,<environment.Job instance at 0x7f33d0cd1190>,44,15,[11  5],45,-1,66,-1,51
1,<environment.Job instance at 0x7f33d0cd17d0>,47,25,[8 4],48,-1,77,-1,52
1,<environment.Job instance at 0x7f33d02c2410>,48,12,[1 8],49,-1,64,-1,52
1,<environment.Job instance at 0x7f33d0cd1910>,46,15,[3 7],47,-1,67,-1,52
1,<environment.Job instance at 0x7f33d02c21e0>,50,18,[ 4 12],51,-1,70,-1,52
1,<environment.Job instance at 0x7f33d0522820>,1,17,[ 2 12],2,-1,19,-1,2
1,<environment.Job instance at 0x7f33d0522730>,10,16,[11  3],11,-1,39,-1,23
1,<environment.Job instance at 0x7f33d0522460>,13,24,[1 6],14,-1,59,-1,35
1,<environment.Job instance at 0x7f33d0522af0>,14,16,[14  5],15,-1,51,-1,35
1,<environment.Job instance at 0x7f33d065b5f0>,1,23,[5 5],2,-1,25,-1,2
1,<environment.Job instance at 0x7f33d065b640>,4,15,[10  3],5,-1,22,-1,7
1,<environment.Job instance at 0x7f33cff0a370>,6,13,[11  4],7,-1,20,-1,7
1,<environment.Job instance at 0x7f33d0333b90>,13,16,[9 4],14,-1,30,-1,14
1,<environment.Job instance at 0x7f33d03336e0>,14,18,[10  1],15,-1,34,-1,16
1,<environment.Job instance at 0x7f33cfe3df50>,0,26,[1 6],1,-1,27,-1,1
1,<environment.Job instance at 0x7f33cfcebc30>,1,23,[5 5],2,-1,25,-1,2
1,<environment.Job instance at 0x7f33cfc64910>,2,1,[12  2],3,-1,4,-1,3
1,<environment.Job instance at 0x7f33cfc64500>,3,15,[14  2],4,-1,19,-1,4
1,<environment.Job instance at 0x7f33cfc64b40>,5,3,[12  1],6,-1,9,-1,6
1,<environment.Job instance at 0x7f33cfe97d20>,6,13,[11  4],7,-1,20,-1,7
1,<environment.Job instance at 0x7f33d0ff4320>,8,3,[14  3],9,-1,12,-1,9
1,<environment.Job instance at 0x7f33d961a1e0>,9,1,[14  5],10,-1,11,-1,10
1,<environment.Job instance at 0x7f33d092cc30>,7,28,[6 1],8,-1,48,-1,20
1,<environment.Job instance at 0x7f33d0333f00>,10,27,[10  3],11,-1,47,-1,20
1,<environment.Job instance at 0x7f33cff239b0>,17,26,[3 6],18,-1,46,-1,20
1,<environment.Job instance at 0x7f33cff23320>,19,21,[ 1 12],20,-1,41,-1,20
1,<environment.Job instance at 0x7f33cfc06eb0>,21,13,[13  4],22,-1,35,-1,22
1,<environment.Job instance at 0x7f33d0476050>,24,17,[ 2 11],25,-1,42,-1,25
1,<environment.Job instance at 0x7f33d0476a00>,26,1,[ 2 11],27,-1,28,-1,27
1,<environment.Job instance at 0x7f33cf73fa00>,22,24,[10  4],23,-1,57,-1,33
1,<environment.Job instance at 0x7f33d078bb40>,29,2,[ 2 13],30,-1,35,-1,33
1,<environment.Job instance at 0x7f33cf9886e0>,30,14,[ 1 13],31,-1,47,-1,33
1,<environment.Job instance at 0x7f33cf9880f0>,31,23,[9 4],32,-1,56,-1,33
1,<environment.Job instance at 0x7f33cf988c80>,32,28,[8 5],33,-1,61,-1,33
1,<environment.Job instance at 0x7f33d078b8c0>,27,25,[7 5],28,-1,58,-1,33
1,<environment.Job instance at 0x7f33cf988730>,34,23,[8 4],35,-1,72,-1,49
1,<environment.Job instance at 0x7f33d0e391e0>,0,19,[2 8],1,-1,21,-1,2
1,<environment.Job instance at 0x7f33d0cd1d20>,1,17,[ 5 11],2,-1,20,-1,3
1,<environment.Job instance at 0x7f33cf90b8c0>,8,15,[10  3],9,-1,25,-1,10
1,<environment.Job instance at 0x7f33cf90b050>,10,14,[7 5],11,-1,25,-1,11
1,<environment.Job instance at 0x7f33d05d4320>,11,25,[1 6],12,-1,37,-1,12
1,<environment.Job instance at 0x7f33cf92e1e0>,12,17,[8 1],13,-1,30,-1,13
1,<environment.Job instance at 0x7f33cf92e0a0>,13,24,[1 9],14,-1,38,-1,14
1,<environment.Job instance at 0x7f33cf92ef50>,15,12,[7 4],16,-1,28,-1,16
1,<environment.Job instance at 0x7f33cf92e690>,19,14,[4 7],20,-1,34,-1,20
1,<environment.Job instance at 0x7f33cf92ed70>,20,16,[9 4],21,-1,37,-1,21
1,<environment.Job instance at 0x7f33cfe97e60>,1,17,[ 5 11],2,-1,19,-1,2
1,<environment.Job instance at 0x7f33cfceb320>,2,16,[12  1],3,-1,19,-1,3
1,<environment.Job instance at 0x7f33d06f4dc0>,3,26,[9 2],4,-1,30,-1,4
1,<environment.Job instance at 0x7f33cfa4c320>,5,20,[ 1 13],6,-1,26,-1,6
1,<environment.Job instance at 0x7f33d102daa0>,9,23,[ 3 10],10,-1,43,-1,20
1,<environment.Job instance at 0x7f33cf746af0>,11,25,[1 6],12,-1,45,-1,20
1,<environment.Job instance at 0x7f33cff595f0>,13,24,[1 9],14,-1,44,-1,20
1,<environment.Job instance at 0x7f33cfa57c30>,18,26,[13  1],19,-1,61,-1,35
1,<environment.Job instance at 0x7f33cf9e1460>,21,19,[ 5 13],22,-1,55,-1,36
1,<environment.Job instance at 0x7f33cf9883c0>,23,25,[3 9],24,-1,75,-1,50
1,<environment.Job instance at 0x7f33d04b9aa0>,2,17,[7 4],3,-1,20,-1,3
1,<environment.Job instance at 0x7f33d04b1dc0>,9,24,[8 3],10,-1,34,-1,10
1,<environment.Job instance at 0x7f33d04b1460>,11,23,[ 5 10],12,-1,36,-1,13
1,<environment.Job instance at 0x7f33d04b14b0>,14,18,[1 8],15,-1,51,-1,33
1,<environment.Job instance at 0x7f33d0e98d20>,12,25,[ 2 14],13,-1,70,-1,45
1,<environment.Job instance at 0x7f33d04b1f00>,19,18,[7 4],20,-1,63,-1,45
1,<environment.Job instance at 0x7f33d04b1410>,22,18,[6 4],23,-1,63,-1,45
1,<environment.Job instance at 0x7f33d04b18c0>,23,13,[11  2],24,-1,58,-1,45
1,<environment.Job instance at 0x7f33d0091d70>,29,25,[ 5 10],30,-1,77,-1,52
1,<environment.Job instance at 0x7f33cfcf9aa0>,28,24,[14  3],29,-1,76,-1,52
1,<environment.Job instance at 0x7f33d04b9be0>,4,12,[11  2],5,-1,64,-1,52
1,<environment.Job instance at 0x7f33cfcf91e0>,25,14,[3 9],26,-1,67,-1,53
1,<environment.Job instance at 0x7f33d08b0370>,32,17,[9 2],33,-1,70,-1,53
1,<environment.Job instance at 0x7f33cff5ccd0>,30,16,[ 3 12],31,-1,73,-1,57
1,<environment.Job instance at 0x7f33d0087960>,36,22,[5 2],37,-1,79,-1,57
1,<environment.Job instance at 0x7f33d0087aa0>,37,18,[ 5 12],38,-1,75,-1,57
1,<environment.Job instance at 0x7f33d0087190>,38,17,[3 6],39,-1,75,-1,58
1,<environment.Job instance at 0x7f33d050bdc0>,40,13,[4 5],41,-1,71,-1,58
1,<environment.Job instance at 0x7f33cf8467d0>,41,12,[ 4 10],42,-1,71,-1,59
1,<environment.Job instance at 0x7f33d0f93960>,42,21,[10  5],43,-1,80,-1,59
1,<environment.Job instance at 0x7f33d0f93320>,43,16,[ 2 10],44,-1,75,-1,59
1,<environment.Job instance at 0x7f33d067a280>,44,26,[5 5],45,-1,85,-1,59
1,<environment.Job instance at 0x7f33d0213140>,45,14,[5 9],46,-1,73,-1,59
1,<environment.Job instance at 0x7f33d067a2d0>,46,23,[7 1],47,-1,82,-1,59
1,<environment.Job instance at 0x7f33cfa49b40>,0,18,[ 1 14],1,-1,19,-1,1
1,<environment.Job instance at 0x7f33cfa14320>,3,16,[12  2],4,-1,20,-1,4
1,<environment.Job instance at 0x7f33cfa49e10>,4,12,[11  2],5,-1,17,-1,5
1,<environment.Job instance at 0x7f33d0f7c6e0>,7,21,[11  1],8,-1,29,-1,8
1,<environment.Job instance at 0x7f33cf988d70>,10,14,[11  2],11,-1,25,-1,11
1,<environment.Job instance at 0x7f33cfa49280>,9,24,[8 3],10,-1,41,-1,17
1,<environment.Job instance at 0x7f33cf988c80>,12,25,[ 2 14],13,-1,42,-1,17
1,<environment.Job instance at 0x7f33cf988f50>,13,12,[ 3 13],14,-1,29,-1,17
1,<environment.Job instance at 0x7f33cf988b40>,11,23,[ 5 10],12,-1,40,-1,17
1,<environment.Job instance at 0x7f33cf9e1460>,23,13,[11  2],24,-1,58,-1,45
1,<environment.Job instance at 0x7f33cf988a50>,24,13,[12  3],25,-1,58,-1,45
1,<environment.Job instance at 0x7f33d0639320>,5,2,[3 6],6,-1,14,-1,12
1,<environment.Job instance at 0x7f33cff57730>,11,22,[7 2],12,-1,34,-1,12
1,<environment.Job instance at 0x7f33cff57c80>,13,14,[10  2],14,-1,31,-1,17
1,<environment.Job instance at 0x7f33cff57140>,12,13,[7 4],13,-1,30,-1,17
1,<environment.Job instance at 0x7f33cff57e10>,16,21,[ 4 11],17,-1,38,-1,17
1,<environment.Job instance at 0x7f33d02e4b90>,8,14,[10  2],9,-1,32,-1,18
1,<environment.Job instance at 0x7f33cff572d0>,14,21,[4 9],15,-1,39,-1,18
1,<environment.Job instance at 0x7f33d01e3370>,18,23,[8 4],19,-1,43,-1,20
1,<environment.Job instance at 0x7f33d01e3050>,20,20,[5 7],21,-1,41,-1,21
1,<environment.Job instance at 0x7f33d01e3640>,21,16,[4 8],22,-1,38,-1,22
1,<environment.Job instance at 0x7f33d01e3320>,22,18,[6 1],23,-1,42,-1,24
1,<environment.Job instance at 0x7f33d01e3a50>,24,24,[6 2],25,-1,49,-1,25
1,<environment.Job instance at 0x7f33d01e3dc0>,26,25,[8 3],27,-1,52,-1,27
1,<environment.Job instance at 0x7f33d01e35a0>,25,12,[6 1],26,-1,40,-1,28
1,<environment.Job instance at 0x7f33d01e38c0>,28,16,[10  5],29,-1,45,-1,29
1,<environment.Job instance at 0x7f33d01e3aa0>,19,12,[3 9],20,-1,41,-1,29
1,<environment.Job instance at 0x7f33d0a34780>,32,18,[2 7],33,-1,51,-1,33
1,<environment.Job instance at 0x7f33d02e4a50>,3,26,[3 8],4,-1,60,-1,34
1,<environment.Job instance at 0x7f33d0a34b90>,33,15,[4 7],34,-1,50,-1,35
1,<environment.Job instance at 0x7f33cfea6410>,38,27,[6 4],39,-1,67,-1,40
1,<environment.Job instance at 0x7f33cff57690>,0,18,[ 3 14],1,-1,19,-1,1
1,<environment.Job instance at 0x7f33cfea6280>,2,1,[ 1 14],3,-1,4,-1,3
1,<environment.Job instance at 0x7f33d0a34d70>,3,26,[3 8],4,-1,30,-1,4
1,<environment.Job instance at 0x7f33d02e42d0>,6,1,[12  4],7,-1,8,-1,7
1,<environment.Job instance at 0x7f33d02e4730>,7,24,[1 6],8,-1,32,-1,8
1,<environment.Job instance at 0x7f33cf8c6960>,9,24,[5 8],10,-1,34,-1,10
1,<environment.Job instance at 0x7f33cff45190>,15,21,[ 5 14],16,-1,39,-1,18
1,<environment.Job instance at 0x7f33cff45280>,16,21,[ 4 11],17,-1,39,-1,18
1,<environment.Job instance at 0x7f33cff450a0>,18,23,[8 4],19,-1,54,-1,31
1,<environment.Job instance at 0x7f33d01e32d0>,4,26,[10  5],5,-1,60,-1,34
1,<environment.Job instance at 0x7f33cff45be0>,24,24,[6 2],25,-1,72,-1,48
1,<environment.Job instance at 0x7f33cff45370>,26,25,[8 3],27,-1,73,-1,48
1,<environment.Job instance at 0x7f33cff45910>,27,15,[11  1],28,-1,63,-1,48
1,<environment.Job instance at 0x7f33d0adc3c0>,1,17,[ 1 10],2,-1,20,-1,3
1,<environment.Job instance at 0x7f33d0adccd0>,3,28,[5 1],4,-1,32,-1,4
1,<environment.Job instance at 0x7f33d0adc9b0>,4,22,[8 3],5,-1,27,-1,5
1,<environment.Job instance at 0x7f33d0adc0a0>,5,2,[8 2],6,-1,8,-1,6
1,<environment.Job instance at 0x7f33d0adcd20>,6,21,[ 1 11],7,-1,28,-1,7
1,<environment.Job instance at 0x7f33d0adc370>,7,21,[9 1],8,-1,29,-1,8
1,<environment.Job instance at 0x7f33d0adc780>,8,21,[8 2],9,-1,30,-1,9
1,<environment.Job instance at 0x7f33cf726e60>,9,16,[1 7],10,-1,26,-1,10
1,<environment.Job instance at 0x7f33d10165f0>,10,21,[8 3],11,-1,32,-1,11
1,<environment.Job instance at 0x7f33d1016910>,11,18,[1 6],12,-1,30,-1,12
1,<environment.Job instance at 0x7f33d1016af0>,12,26,[2 9],13,-1,39,-1,13
1,<environment.Job instance at 0x7f33d9a719b0>,13,14,[5 5],14,-1,28,-1,14
1,<environment.Job instance at 0x7f33d9a71910>,14,1,[ 2 13],15,-1,16,-1,15
1,<environment.Job instance at 0x7f33d9a71d20>,15,17,[11  4],16,-1,33,-1,16
1,<environment.Job instance at 0x7f33d06cb960>,19,18,[9 5],20,-1,38,-1,20
1,<environment.Job instance at 0x7f33d06cb690>,21,26,[ 4 10],22,-1,48,-1,22
1,<environment.Job instance at 0x7f33d06cbd20>,23,16,[1 9],24,-1,40,-1,24
1,<environment.Job instance at 0x7f33d06cbc30>,24,17,[2 6],25,-1,42,-1,25
1,<environment.Job instance at 0x7f33d06cbbe0>,25,25,[5 5],26,-1,51,-1,26
1,<environment.Job instance at 0x7f33d9b6ea00>,26,26,[2 9],27,-1,53,-1,27
1,<environment.Job instance at 0x7f33d9656370>,27,22,[5 3],28,-1,50,-1,28
1,<environment.Job instance at 0x7f33d9b71280>,33,23,[8 4],34,-1,60,-1,37
1,<environment.Job instance at 0x7f33d05b2780>,38,24,[2 6],39,-1,63,-1,39
1,<environment.Job instance at 0x7f33d042dc80>,39,15,[5 8],40,-1,55,-1,40
1,<environment.Job instance at 0x7f33cfa5e820>,32,22,[ 2 11],33,-1,62,-1,40
1,<environment.Job instance at 0x7f33d9ac8f50>,0,2,[ 1 13],1,-1,3,-1,1
1,<environment.Job instance at 0x7f33cf774910>,2,28,[ 2 14],3,-1,31,-1,3
1,<environment.Job instance at 0x7f33d09343c0>,3,28,[5 1],4,-1,32,-1,4
1,<environment.Job instance at 0x7f33cfe18780>,6,21,[ 1 11],7,-1,28,-1,7
1,<environment.Job instance at 0x7f33d003c050>,14,1,[ 2 13],15,-1,28,-1,27
1,<environment.Job instance at 0x7f33cfea42d0>,15,17,[11  4],16,-1,44,-1,27
1,<environment.Job instance at 0x7f33cfea4c80>,16,27,[ 4 13],17,-1,54,-1,27
1,<environment.Job instance at 0x7f33cfea4910>,17,15,[14  1],18,-1,42,-1,27
1,<environment.Job instance at 0x7f33cfe84690>,12,26,[2 9],13,-1,61,-1,35
1,<environment.Job instance at 0x7f33cfea4550>,21,26,[ 4 10],22,-1,61,-1,35
1,<environment.Job instance at 0x7f33d06d8910>,25,25,[5 5],26,-1,61,-1,36
1,<environment.Job instance at 0x7f33cf9fb640>,26,26,[2 9],27,-1,67,-1,41
1,<environment.Job instance at 0x7f33d96247d0>,28,15,[12  4],29,-1,56,-1,41
1,<environment.Job instance at 0x7f33d0e81b90>,29,27,[10  3],30,-1,68,-1,41
1,<environment.Job instance at 0x7f33d0c79960>,30,1,[ 1 11],31,-1,42,-1,41
1,<environment.Job instance at 0x7f33d0cc6410>,31,18,[ 2 12],32,-1,59,-1,41
1,<environment.Job instance at 0x7f33cfe8c500>,32,22,[ 2 11],33,-1,63,-1,41
1,<environment.Job instance at 0x7f33cf9852d0>,33,23,[8 4],34,-1,64,-1,41
1,<environment.Job instance at 0x7f33d01af730>,35,28,[ 4 10],36,-1,79,-1,51
1,<environment.Job instance at 0x7f33d95fdaa0>,38,24,[2 6],39,-1,78,-1,54
1,<environment.Job instance at 0x7f33d001e690>,1,16,[ 2 10],2,-1,19,-1,3
1,<environment.Job instance at 0x7f33d0524eb0>,3,21,[ 2 10],4,-1,25,-1,4
1,<environment.Job instance at 0x7f33d0524b40>,4,18,[5 9],5,-1,23,-1,5
1,<environment.Job instance at 0x7f33d0524910>,5,17,[2 5],6,-1,23,-1,6
1,<environment.Job instance at 0x7f33d05242d0>,7,19,[1 9],8,-1,27,-1,8
1,<environment.Job instance at 0x7f33d0d640f0>,10,14,[11  4],11,-1,26,-1,12
1,<environment.Job instance at 0x7f33d0d64f00>,15,17,[1 9],16,-1,33,-1,16
1,<environment.Job instance at 0x7f33d0d64cd0>,18,18,[ 3 11],19,-1,43,-1,25
1,<environment.Job instance at 0x7f33d0ab9be0>,2,21,[ 3 14],3,-1,24,-1,3
1,<environment.Job instance at 0x7f33d02e0280>,6,21,[13  5],7,-1,28,-1,7
1,<environment.Job instance at 0x7f33d097fa50>,10,14,[11  4],11,-1,32,-1,18
1,<environment.Job instance at 0x7f33d097f550>,12,28,[ 1 13],13,-1,46,-1,18
1,<environment.Job instance at 0x7f33d097fb90>,13,19,[ 5 14],14,-1,37,-1,18
1,<environment.Job instance at 0x7f33d95fd0a0>,16,2,[ 4 14],17,-1,21,-1,19
1,<environment.Job instance at 0x7f33cfe8c500>,17,18,[14  4],18,-1,37,-1,19
1,<environment.Job instance at 0x7f33d96247d0>,18,18,[ 3 11],19,-1,37,-1,19
1,<environment.Job instance at 0x7f33d984f190>,20,26,[ 2 11],21,-1,47,-1,21
1,<environment.Job instance at 0x7f33d06d8910>,21,13,[13  4],22,-1,35,-1,22
1,<environment.Job instance at 0x7f33d10b2190>,24,13,[12  4],25,-1,48,-1,35
1,<environment.Job instance at 0x7f33cf99ec30>,25,17,[ 5 13],26,-1,52,-1,35
1,<environment.Job instance at 0x7f33cf8f1a00>,26,16,[ 5 14],27,-1,51,-1,35
1,<environment.Job instance at 0x7f33d06393c0>,29,17,[ 2 14],30,-1,62,-1,45
1,<environment.Job instance at 0x7f33cfea4550>,30,18,[11  3],31,-1,63,-1,45
1,<environment.Job instance at 0x7f33cf8d0460>,5,21,[8 1],6,-1,28,-1,7
1,<environment.Job instance at 0x7f33d0bb86e0>,7,21,[9 1],8,-1,29,-1,8
1,<environment.Job instance at 0x7f33d038ba00>,8,18,[7 3],9,-1,27,-1,9
1,<environment.Job instance at 0x7f33d038bdc0>,9,28,[9 4],10,-1,38,-1,10
1,<environment.Job instance at 0x7f33d088acd0>,11,19,[5 5],12,-1,31,-1,12
1,<environment.Job instance at 0x7f33d0bb8a50>,12,24,[8 4],13,-1,37,-1,13
1,<environment.Job instance at 0x7f33cf702050>,14,14,[10  2],15,-1,29,-1,15
1,<environment.Job instance at 0x7f33d088a7d0>,15,22,[5 5],16,-1,38,-1,16
1,<environment.Job instance at 0x7f33cfe8c0f0>,17,14,[4 9],18,-1,32,-1,18
1,<environment.Job instance at 0x7f33d049be60>,18,26,[6 1],19,-1,45,-1,19
1,<environment.Job instance at 0x7f33d0d5c0a0>,21,20,[3 6],22,-1,42,-1,22
1,<environment.Job instance at 0x7f33d0d5c7d0>,22,15,[3 9],23,-1,38,-1,23
1,<environment.Job instance at 0x7f33d0d5cc80>,23,15,[5 5],24,-1,39,-1,24
1,<environment.Job instance at 0x7f33d0d5c960>,27,15,[10  2],28,-1,43,-1,28
1,<environment.Job instance at 0x7f33d0d5cd20>,28,25,[1 6],29,-1,54,-1,29
1,<environment.Job instance at 0x7f33d0d5c3c0>,29,26,[5 5],30,-1,56,-1,30
1,<environment.Job instance at 0x7f33d0d5c050>,32,22,[5 8],33,-1,55,-1,33
1,<environment.Job instance at 0x7f33d1065a00>,40,13,[4 5],41,-1,54,-1,41
1,<environment.Job instance at 0x7f33cf8d0230>,6,15,[ 3 13],7,-1,57,-1,42
1,<environment.Job instance at 0x7f33d0d5c1e0>,34,14,[14  4],35,-1,57,-1,43
1,<environment.Job instance at 0x7f33d1065aa0>,41,23,[2 6],42,-1,66,-1,43
1,<environment.Job instance at 0x7f33d1065960>,45,24,[9 2],46,-1,70,-1,46
1,<environment.Job instance at 0x7f33d1065b90>,44,22,[6 5],45,-1,69,-1,47
1,<environment.Job instance at 0x7f33d1065f50>,42,15,[ 3 13],43,-1,62,-1,47
1,<environment.Job instance at 0x7f33d0f94320>,38,23,[3 6],39,-1,78,-1,55
1,<environment.Job instance at 0x7f33d03a98c0>,54,15,[ 5 12],55,-1,70,-1,55
1,<environment.Job instance at 0x7f33d1065370>,46,13,[11  4],47,-1,69,-1,56
1,<environment.Job instance at 0x7f33d04641e0>,53,16,[4 6],54,-1,72,-1,56
1,<environment.Job instance at 0x7f33cfaf75f0>,2,15,[12  2],3,-1,18,-1,3
1,<environment.Job instance at 0x7f33cff7ecd0>,6,15,[ 3 13],7,-1,22,-1,7
1,<environment.Job instance at 0x7f33d02c1550>,10,13,[ 5 11],11,-1,24,-1,11
1,<environment.Job instance at 0x7f33d02c12d0>,12,24,[8 4],13,-1,39,-1,15
1,<environment.Job instance at 0x7f33d0c34b90>,18,26,[6 1],19,-1,56,-1,30
1,<environment.Job instance at 0x7f33d0c34460>,19,3,[ 5 14],20,-1,33,-1,30
1,<environment.Job instance at 0x7f33e0eb3e10>,20,3,[14  4],21,-1,33,-1,30
1,<environment.Job instance at 0x7f33cff7ec80>,9,28,[9 4],10,-1,62,-1,34
1,<environment.Job instance at 0x7f33d02d9820>,26,2,[13  2],27,-1,36,-1,34
1,<environment.Job instance at 0x7f33d0e4ce60>,28,25,[1 6],29,-1,69,-1,44
1,<environment.Job instance at 0x7f33d0e4c820>,29,26,[5 5],30,-1,70,-1,44
1,<environment.Job instance at 0x7f33cfe30320>,30,15,[12  2],31,-1,59,-1,44
1,<environment.Job instance at 0x7f33d016baf0>,34,14,[14  4],35,-1,65,-1,51
1,<environment.Job instance at 0x7f33cff82e10>,2,16,[1 8],3,-1,19,-1,3
1,<environment.Job instance at 0x7f33cff822d0>,3,28,[4 6],4,-1,32,-1,4
1,<environment.Job instance at 0x7f33cff82640>,4,26,[2 6],5,-1,31,-1,5
1,<environment.Job instance at 0x7f33cff82050>,5,20,[9 3],6,-1,26,-1,6
1,<environment.Job instance at 0x7f33d000c780>,16,26,[11  1],17,-1,43,-1,17
1,<environment.Job instance at 0x7f33cfc2fdc0>,19,13,[10  1],20,-1,44,-1,31
1,<environment.Job instance at 0x7f33d013b190>,23,15,[ 3 11],24,-1,46,-1,31
1,<environment.Job instance at 0x7f33d0e2f8c0>,25,23,[6 3],26,-1,54,-1,31
1,<environment.Job instance at 0x7f33d0e4c820>,6,15,[14  4],7,-1,22,-1,7
1,<environment.Job instance at 0x7f33d0084870>,7,13,[13  5],8,-1,21,-1,8
1,<environment.Job instance at 0x7f33cfa486e0>,3,28,[4 6],4,-1,42,-1,14
1,<environment.Job instance at 0x7f33d0e4c0f0>,4,26,[2 6],5,-1,40,-1,14
1,<environment.Job instance at 0x7f33d08f1d20>,12,1,[ 1 13],13,-1,15,-1,14
1,<environment.Job instance at 0x7f33d9b71e10>,13,26,[8 2],14,-1,43,-1,17
1,<environment.Job instance at 0x7f33d02c1d70>,16,26,[11  1],17,-1,43,-1,17
1,<environment.Job instance at 0x7f33d9b71a50>,14,26,[5 7],15,-1,53,-1,27
1,<environment.Job instance at 0x7f33d0a10dc0>,22,18,[ 1 12],23,-1,51,-1,33
1,<environment.Job instance at 0x7f33cfc1b550>,23,15,[ 3 11],24,-1,48,-1,33
1,<environment.Job instance at 0x7f33d000ce10>,24,24,[1 5],25,-1,63,-1,39
1,<environment.Job instance at 0x7f33d002b910>,26,16,[ 2 13],27,-1,55,-1,39
1,<environment.Job instance at 0x7f33d03ee9b0>,27,21,[ 4 13],28,-1,60,-1,39
1,<environment.Job instance at 0x7f33d0cb4640>,25,23,[6 3],26,-1,69,-1,46
1,<environment.Job instance at 0x7f33d005c1e0>,30,27,[13  3],31,-1,73,-1,46
1,<environment.Job instance at 0x7f33d0c05640>,31,24,[3 9],32,-1,79,-1,55
1,<environment.Job instance at 0x7f33d0021410>,33,23,[14  1],34,-1,78,-1,55
1,<environment.Job instance at 0x7f33d03b01e0>,34,27,[11  2],35,-1,82,-1,55
1,<environment.Job instance at 0x7f33d03b0d20>,37,22,[ 3 14],38,-1,79,-1,57
1,<environment.Job instance at 0x7f33d9698230>,38,15,[13  2],39,-1,72,-1,57
1,<environment.Job instance at 0x7f33d9698be0>,39,16,[11  3],40,-1,73,-1,57
1,<environment.Job instance at 0x7f2bba37ab40>,2,18,[ 3 10],3,-1,21,-1,3
1,<environment.Job instance at 0x7f2bba37ae10>,5,18,[7 5],6,-1,24,-1,6
1,<environment.Job instance at 0x7f2bba37ad20>,6,19,[1 7],7,-1,27,-1,8
1,<environment.Job instance at 0x7f2bba37f640>,17,18,[ 5 13],18,-1,36,-1,18
1,<environment.Job instance at 0x7f2bba37f0a0>,10,14,[1 6],11,-1,33,-1,19
1,<environment.Job instance at 0x7f2bba37f690>,19,21,[8 5],20,-1,41,-1,20
1,<environment.Job instance at 0x7f2bba37f500>,16,19,[ 3 10],17,-1,50,-1,31
1,<environment.Job instance at 0x7f2bba37fbe0>,26,20,[4 8],27,-1,51,-1,31
1,<environment.Job instance at 0x7f2bba37fdc0>,27,25,[14  4],28,-1,56,-1,31
1,<environment.Job instance at 0x7f2bba37f6e0>,21,22,[8 2],22,-1,53,-1,31
1,<environment.Job instance at 0x7f2bba37fb90>,25,16,[5 3],26,-1,47,-1,31
1,<environment.Job instance at 0x7f2bba37fe60>,30,15,[8 2],31,-1,46,-1,31
1,<environment.Job instance at 0x7f2bba3811e0>,32,14,[8 3],33,-1,62,-1,48
1,<environment.Job instance at 0x7f2bba381050>,33,16,[9 3],34,-1,64,-1,48
1,<environment.Job instance at 0x7f2bba3813c0>,34,20,[5 3],35,-1,70,-1,50
1,<environment.Job instance at 0x7f2bba3815a0>,38,14,[5 5],39,-1,65,-1,51
1,<environment.Job instance at 0x7f2bba381640>,39,12,[3 6],40,-1,63,-1,51
1,<environment.Job instance at 0x7f2bba381460>,36,16,[8 1],37,-1,68,-1,52
1,<environment.Job instance at 0x7f2bba37f320>,15,20,[3 5],16,-1,72,-1,52
1,<environment.Job instance at 0x7f2bba3816e0>,40,18,[ 5 13],41,-1,71,-1,53
1,<environment.Job instance at 0x7f2bba381960>,45,28,[6 4],46,-1,82,-1,54
1,<environment.Job instance at 0x7f2bba381be0>,46,17,[ 5 12],47,-1,71,-1,54
1,<environment.Job instance at 0x7f2bba381aa0>,43,14,[10  1],44,-1,68,-1,54
1,<environment.Job instance at 0x7f2bba381b40>,48,25,[5 4],49,-1,81,-1,56
1,<environment.Job instance at 0x7f2bba381d70>,47,16,[6 2],48,-1,72,-1,56
1,<environment.Job instance at 0x7f2bba381e10>,50,13,[12  1],51,-1,69,-1,56
1,<environment.Job instance at 0x7f2bba381fa0>,49,23,[2 6],50,-1,79,-1,56
1,<environment.Job instance at 0x7f2bba385d70>,4,24,[ 3 11],5,-1,29,-1,5
1,<environment.Job instance at 0x7f2bba386690>,8,24,[ 2 10],9,-1,45,-1,21
1,<environment.Job instance at 0x7f2bba386730>,12,13,[ 2 12],13,-1,34,-1,21
1,<environment.Job instance at 0x7f2bba386870>,14,21,[ 3 11],15,-1,43,-1,22
1,<environment.Job instance at 0x7f2bba386af0>,17,18,[ 5 13],18,-1,40,-1,22
1,<environment.Job instance at 0x7f2bba386c30>,20,21,[13  5],21,-1,56,-1,35
1,<environment.Job instance at 0x7f2bba389050>,24,2,[ 3 12],25,-1,51,-1,49
1,<environment.Job instance at 0x7f2bba389230>,27,25,[14  4],28,-1,74,-1,49
1,<environment.Job instance at 0x7f2bba389410>,29,24,[5 1],30,-1,89,-1,65
1,<environment.Job instance at 0x7f2bb9ac25f0>,0,22,[5 6],1,-1,23,-1,1
1,<environment.Job instance at 0x7f2bb9ac2050>,2,18,[5 5],3,-1,21,-1,3
1,<environment.Job instance at 0x7f2bb9ac2410>,3,27,[8 2],4,-1,31,-1,4
1,<environment.Job instance at 0x7f2bb9ac20f0>,4,14,[9 1],5,-1,20,-1,6
1,<environment.Job instance at 0x7f2bb9ac2910>,5,19,[8 3],6,-1,25,-1,6
1,<environment.Job instance at 0x7f2bb9ac2190>,6,18,[ 2 10],7,-1,26,-1,8
1,<environment.Job instance at 0x7f2bb9ac1c80>,8,13,[1 5],9,-1,22,-1,9
1,<environment.Job instance at 0x7f2bb9ac22d0>,7,19,[8 1],8,-1,28,-1,9
1,<environment.Job instance at 0x7f2bb9ac12d0>,10,19,[8 4],11,-1,30,-1,11
1,<environment.Job instance at 0x7f2bb9ac17d0>,11,17,[2 7],12,-1,29,-1,12
1,<environment.Job instance at 0x7f2bb9ac1c30>,14,21,[ 1 10],15,-1,37,-1,16
1,<environment.Job instance at 0x7f2bb9ac1eb0>,15,18,[ 5 12],16,-1,34,-1,16
1,<environment.Job instance at 0x7f2bb9ac14b0>,17,17,[7 4],18,-1,37,-1,20
1,<environment.Job instance at 0x7f2bb9ab78c0>,24,22,[5 8],25,-1,47,-1,25
1,<environment.Job instance at 0x7f2bb9ab75f0>,25,24,[2 5],26,-1,50,-1,26
1,<environment.Job instance at 0x7f2bb9b793c0>,3,27,[8 2],4,-1,42,-1,15
1,<environment.Job instance at 0x7f2bb9b9b5f0>,13,17,[ 4 14],14,-1,40,-1,23
1,<environment.Job instance at 0x7f2bb9b86410>,15,18,[ 5 12],16,-1,46,-1,28
1,<environment.Job instance at 0x7f2bb9b9f9b0>,16,12,[ 3 14],17,-1,40,-1,28
1,<environment.Job instance at 0x7f2bb9b282d0>,19,18,[ 4 11],20,-1,58,-1,40
1,<environment.Job instance at 0x7f2bb9b28910>,21,14,[12  2],22,-1,57,-1,43
1,<environment.Job instance at 0x7f2bb9b2b7d0>,23,27,[12  1],24,-1,72,-1,45
1,<environment.Job instance at 0x7f2bb9b2b640>,25,24,[2 5],26,-1,69,-1,45
1,<environment.Job instance at 0x7f2bb9b361e0>,26,12,[ 4 14],27,-1,57,-1,45
1,<environment.Job instance at 0x7f2bb9b3a5a0>,31,18,[12  3],32,-1,65,-1,47
1,<environment.Job instance at 0x7f2bb9b3a780>,32,13,[ 5 12],33,-1,60,-1,47
1,<environment.Job instance at 0x7f2bb9975f00>,1,18,[10  5],2,-1,23,-1,5
1,<environment.Job instance at 0x7f2bb9975aa0>,6,25,[5 4],7,-1,32,-1,7
1,<environment.Job instance at 0x7f2bb9975280>,8,28,[7 1],9,-1,37,-1,9
1,<environment.Job instance at 0x7f2bb9972190>,15,16,[ 1 11],16,-1,32,-1,16
1,<environment.Job instance at 0x7f2bb9976910>,18,24,[8 5],19,-1,43,-1,19
1,<environment.Job instance at 0x7f2bb9975460>,4,17,[ 3 14],5,-1,38,-1,21
1,<environment.Job instance at 0x7f2bb9976c80>,26,16,[12  1],27,-1,43,-1,27
1,<environment.Job instance at 0x7f2bb9976960>,22,16,[3 9],23,-1,43,-1,27
1,<environment.Job instance at 0x7f2bb9976aa0>,27,15,[ 4 14],28,-1,43,-1,28
1,<environment.Job instance at 0x7f2bb9972820>,12,26,[ 3 11],13,-1,55,-1,29
1,<environment.Job instance at 0x7f2bb9976f00>,23,20,[14  2],24,-1,58,-1,38
1,<environment.Job instance at 0x7f2bb9a1e280>,31,18,[11  2],32,-1,59,-1,41
1,<environment.Job instance at 0x7f2bb9976be0>,30,22,[11  3],31,-1,63,-1,41
1,<environment.Job instance at 0x7f2bb9a1e0f0>,34,21,[9 1],35,-1,63,-1,42
1,<environment.Job instance at 0x7f2bb9976320>,21,17,[3 8],22,-1,59,-1,42
1,<environment.Job instance at 0x7f2bb9a1e690>,37,18,[10  1],38,-1,60,-1,42
1,<environment.Job instance at 0x7f2bb9a1eaa0>,38,27,[9 4],39,-1,69,-1,42
1,<environment.Job instance at 0x7f2bb9a1e8c0>,39,25,[3 9],40,-1,67,-1,42
1,<environment.Job instance at 0x7f2bb9a1e5f0>,32,18,[4 6],33,-1,61,-1,43
1,<environment.Job instance at 0x7f2bb9a1e3c0>,41,13,[ 4 10],42,-1,58,-1,45
1,<environment.Job instance at 0x7f2bb99ac6e0>,44,12,[ 2 11],45,-1,62,-1,50
1,<environment.Job instance at 0x7f2bb99ac9b0>,43,23,[ 2 14],44,-1,73,-1,50
1,<environment.Job instance at 0x7f2bb99ac320>,48,28,[4 7],49,-1,78,-1,50
1,<environment.Job instance at 0x7f2bb99aca50>,47,22,[1 7],48,-1,72,-1,50
1,<environment.Job instance at 0x7f2bb99ac870>,50,12,[11  1],51,-1,64,-1,52
1,<environment.Job instance at 0x7f2bb99c2a50>,52,15,[3 9],53,-1,68,-1,53
1,<environment.Job instance at 0x7f2bb99fcf50>,56,14,[8 4],57,-1,81,-1,67
1,<environment.Job instance at 0x7f2bb99fc870>,58,17,[10  5],59,-1,84,-1,67
1,<environment.Job instance at 0x7f2bb99fca50>,59,16,[ 3 10],60,-1,83,-1,67
1,<environment.Job instance at 0x7f2bb99fcaf0>,60,23,[5 8],61,-1,90,-1,67
1,<environment.Job instance at 0x7f2bb99fcaa0>,61,21,[ 4 11],62,-1,88,-1,67
1,<environment.Job instance at 0x7f2bb9a1e9b0>,33,16,[3 5],34,-1,83,-1,67
1,<environment.Job instance at 0x7f2bb99ac140>,49,26,[3 6],50,-1,93,-1,67
1,<environment.Job instance at 0x7f2bb99fcb90>,63,1,[10  3],64,-1,68,-1,67
1,<environment.Job instance at 0x7f2bb99fc2d0>,65,24,[12  1],66,-1,91,-1,67
1,<environment.Job instance at 0x7f2bb99fc8c0>,66,14,[11  2],67,-1,81,-1,67
1,<environment.Job instance at 0x7f2bb99fcd70>,67,27,[5 3],68,-1,95,-1,68
1,<environment.Job instance at 0x7f2bb99fcf00>,68,17,[10  2],69,-1,86,-1,69
1,<environment.Job instance at 0x7f2bb9a1ea50>,0,17,[ 2 11],1,-1,18,-1,1
1,<environment.Job instance at 0x7f2bb9976d20>,4,17,[ 3 14],5,-1,22,-1,5
1,<environment.Job instance at 0x7f2bb99fc5a0>,6,25,[5 4],7,-1,42,-1,17
1,<environment.Job instance at 0x7f2bb9975fa0>,11,24,[12  2],12,-1,41,-1,17
1,<environment.Job instance at 0x7f2bb9975910>,12,26,[ 3 11],13,-1,43,-1,17
1,<environment.Job instance at 0x7f2bb9975e10>,8,28,[7 1],9,-1,48,-1,20
1,<environment.Job instance at 0x7f2bb996b2d0>,15,16,[ 1 11],16,-1,36,-1,20
1,<environment.Job instance at 0x7f2bb996b460>,17,1,[ 5 12],18,-1,21,-1,20
1,<environment.Job instance at 0x7f2bb996b3c0>,20,2,[14  2],21,-1,24,-1,22
1,<environment.Job instance at 0x7f2bb9968280>,23,20,[14  2],24,-1,53,-1,33
1,<environment.Job instance at 0x7f2bb9968140>,25,2,[ 1 14],26,-1,39,-1,37
1,<environment.Job instance at 0x7f2bb99683c0>,26,16,[12  1],27,-1,53,-1,37
1,<environment.Job instance at 0x7f2bb9968550>,27,15,[ 4 14],28,-1,52,-1,37
1,<environment.Job instance at 0x7f2bb996b870>,18,24,[8 5],19,-1,71,-1,47
1,<environment.Job instance at 0x7f2bb9968370>,29,3,[ 5 11],30,-1,50,-1,47
1,<environment.Job instance at 0x7f2bb9968640>,30,22,[11  3],31,-1,69,-1,47
1,<environment.Job instance at 0x7f2bb9968870>,31,18,[11  2],32,-1,65,-1,47
1,<environment.Job instance at 0x7f2bb99e6690>,36,19,[ 5 14],37,-1,79,-1,60
1,<environment.Job instance at 0x7f2bba1bd2d0>,1,27,[6 5],2,-1,29,-1,2
1,<environment.Job instance at 0x7f2bb99e1230>,1,27,[6 5],2,-1,29,-1,2
1,<environment.Job instance at 0x7f2bb99e13c0>,2,18,[ 2 14],3,-1,21,-1,3
1,<environment.Job instance at 0x7f2bb99e12d0>,3,2,[11  2],4,-1,6,-1,4
1,<environment.Job instance at 0x7f2bb99e1190>,4,18,[12  2],5,-1,23,-1,5
1,<environment.Job instance at 0x7f2bb99e1500>,6,17,[11  1],7,-1,24,-1,7
1,<environment.Job instance at 0x7f2bb99e1140>,7,13,[ 4 12],8,-1,21,-1,8
1,<environment.Job instance at 0x7f2bb99e1e60>,8,17,[11  4],9,-1,26,-1,9
1,<environment.Job instance at 0x7f2bb996b5a0>,14,28,[4 5],15,-1,43,-1,15
1,<environment.Job instance at 0x7f2bb99e1b40>,12,28,[7 4],13,-1,49,-1,21
1,<environment.Job instance at 0x7f2bb996b280>,15,23,[8 3],16,-1,44,-1,21
1,<environment.Job instance at 0x7f2bb996b320>,18,28,[9 1],19,-1,65,-1,37
1,<environment.Job instance at 0x7f2bba3e2140>,22,16,[14  3],23,-1,53,-1,37
1,<environment.Job instance at 0x7f2bb996b5f0>,23,12,[11  4],24,-1,49,-1,37
1,<environment.Job instance at 0x7f2bba1bd550>,24,15,[14  3],25,-1,52,-1,37
1,<environment.Job instance at 0x7f2bba1bd500>,26,13,[ 5 13],27,-1,50,-1,37
1,<environment.Job instance at 0x7f2bba4507d0>,30,24,[11  3],31,-1,62,-1,38
1,<environment.Job instance at 0x7f2bba450280>,34,28,[13  3],35,-1,67,-1,39
1,<environment.Job instance at 0x7f2bba438cd0>,37,18,[ 1 13],38,-1,71,-1,53
1,<environment.Job instance at 0x7f2bba438e60>,38,24,[ 5 11],39,-1,77,-1,53
1,<environment.Job instance at 0x7f2bba4381e0>,41,16,[ 2 13],42,-1,74,-1,58
1,<environment.Job instance at 0x7f2bba438500>,43,2,[ 5 11],44,-1,71,-1,69
1,<environment.Job instance at 0x7f2bba43e7d0>,45,13,[11  1],46,-1,82,-1,69
1,<environment.Job instance at 0x7f2bba0c4780>,9,16,[7 2],10,-1,28,-1,12
1,<environment.Job instance at 0x7f2bba0c4e10>,11,22,[ 1 10],12,-1,34,-1,12
1,<environment.Job instance at 0x7f2bba0c4370>,14,25,[5 5],15,-1,49,-1,24
1,<environment.Job instance at 0x7f2bba0b7b90>,7,24,[ 4 11],8,-1,48,-1,24
1,<environment.Job instance at 0x7f2bba0e5410>,21,15,[4 8],22,-1,44,-1,29
1,<environment.Job instance at 0x7f2bba0c4b90>,16,18,[7 1],17,-1,47,-1,29
1,<environment.Job instance at 0x7f2bba0e50f0>,24,16,[ 2 11],25,-1,45,-1,29
1,<environment.Job instance at 0x7f2bb9d5e500>,27,14,[8 5],28,-1,46,-1,32
1,<environment.Job instance at 0x7f2bb9de5140>,28,22,[9 3],29,-1,54,-1,32
1,<environment.Job instance at 0x7f2bba1682d0>,30,26,[4 7],31,-1,58,-1,32
1,<environment.Job instance at 0x7f2bb9dd1a50>,31,25,[10  5],32,-1,57,-1,32
1,<environment.Job instance at 0x7f2bb9dd15a0>,34,15,[10  3],35,-1,50,-1,35
1,<environment.Job instance at 0x7f2bba0e5af0>,25,24,[8 2],26,-1,59,-1,35
1,<environment.Job instance at 0x7f2bb9dbf370>,36,20,[ 3 11],37,-1,57,-1,37
1,<environment.Job instance at 0x7f2bba0db9b0>,37,16,[8 3],38,-1,54,-1,38
1,<environment.Job instance at 0x7f2bba19a780>,39,24,[6 5],40,-1,64,-1,40
1,<environment.Job instance at 0x7f2bb9ddf0a0>,40,14,[7 1],41,-1,55,-1,41
1,<environment.Job instance at 0x7f2bb9ddf410>,41,25,[5 1],42,-1,67,-1,42
1,<environment.Job instance at 0x7f2bb9ddf7d0>,42,17,[4 8],43,-1,60,-1,43
1,<environment.Job instance at 0x7f2bba0c4730>,17,26,[7 1],18,-1,72,-1,46
1,<environment.Job instance at 0x7f2bb9de4d20>,46,15,[13  4],47,-1,62,-1,47
1,<environment.Job instance at 0x7f2bb9dba140>,48,24,[ 2 13],49,-1,73,-1,49
1,<environment.Job instance at 0x7f2bb9de41e0>,45,24,[9 3],46,-1,75,-1,51
1,<environment.Job instance at 0x7f2bb9dba1e0>,50,16,[ 5 13],51,-1,69,-1,53
1,<environment.Job instance at 0x7f2bb9dae7d0>,54,16,[2 8],55,-1,71,-1,55
1,<environment.Job instance at 0x7f2bb9ddf4b0>,43,14,[ 3 10],44,-1,69,-1,55
1,<environment.Job instance at 0x7f2bb9daeb90>,55,24,[6 1],56,-1,80,-1,56
1,<environment.Job instance at 0x7f2bbaa7c780>,1,14,[ 4 13],2,-1,16,-1,2
1,<environment.Job instance at 0x7f2bbaa7c190>,2,1,[ 5 14],3,-1,4,-1,3
1,<environment.Job instance at 0x7f2bb9ec0190>,6,28,[14  3],7,-1,35,-1,7
1,<environment.Job instance at 0x7f2bb9ec0050>,7,24,[ 4 11],8,-1,32,-1,8
1,<environment.Job instance at 0x7f2bba43e370>,8,3,[11  1],9,-1,12,-1,9
1,<environment.Job instance at 0x7f2bba43e190>,14,25,[5 5],15,-1,42,-1,17
1,<environment.Job instance at 0x7f2bba43e320>,13,24,[2 7],14,-1,41,-1,17
1,<environment.Job instance at 0x7f2bba43eaf0>,17,26,[7 1],18,-1,45,-1,19
1,<environment.Job instance at 0x7f2bba438140>,18,18,[12  1],19,-1,37,-1,19
1,<environment.Job instance at 0x7f2bba438cd0>,19,15,[ 1 13],20,-1,35,-1,20
1,<environment.Job instance at 0x7f2bba4385a0>,20,1,[11  3],21,-1,22,-1,21
1,<environment.Job instance at 0x7f2bba1bd500>,24,16,[ 2 11],25,-1,41,-1,25
1,<environment.Job instance at 0x7f2bba3e2140>,25,24,[8 2],26,-1,55,-1,31
1,<environment.Job instance at 0x7f2bb996bb40>,29,16,[ 4 13],30,-1,54,-1,38
1,<environment.Job instance at 0x7f2bb996b870>,31,25,[10  5],32,-1,72,-1,47
1,<environment.Job instance at 0x7f2bb996b640>,30,26,[4 7],31,-1,73,-1,47
1,<environment.Job instance at 0x7f2bba450190>,36,20,[ 3 11],37,-1,69,-1,49
1,<environment.Job instance at 0x7f2bba4507d0>,39,24,[6 5],40,-1,87,-1,63
1,<environment.Job instance at 0x7f2bba450690>,41,25,[5 1],42,-1,90,-1,65
1,<environment.Job instance at 0x7f2bba450410>,44,18,[ 4 13],45,-1,85,-1,67
1,<environment.Job instance at 0x7f2bb9dcad70>,1,17,[2 8],2,-1,20,-1,3
1,<environment.Job instance at 0x7f2bb9dcab90>,2,27,[4 6],3,-1,31,-1,4
1,<environment.Job instance at 0x7f2bb9dca280>,11,16,[ 3 12],12,-1,34,-1,18
1,<environment.Job instance at 0x7f2bb9dca870>,6,12,[14  2],7,-1,32,-1,20
1,<environment.Job instance at 0x7f2bb9dca190>,12,22,[1 6],13,-1,42,-1,20
1,<environment.Job instance at 0x7f2bb9dbf0f0>,20,13,[ 1 10],21,-1,34,-1,21
1,<environment.Job instance at 0x7f2bb9dbf140>,22,18,[ 2 10],23,-1,41,-1,23
1,<environment.Job instance at 0x7f2bb9dbfcd0>,24,18,[3 8],25,-1,49,-1,31
1,<environment.Job instance at 0x7f2bba0bdc30>,27,20,[8 5],28,-1,51,-1,31
1,<environment.Job instance at 0x7f2bba0bd6e0>,30,27,[9 5],31,-1,71,-1,44
1,<environment.Job instance at 0x7f2bba0bdfa0>,31,14,[3 6],32,-1,58,-1,44
1,<environment.Job instance at 0x7f2bba0bd280>,29,15,[4 9],30,-1,61,-1,46
1,<environment.Job instance at 0x7f2bba0bd2d0>,35,20,[6 4],36,-1,68,-1,48
1,<environment.Job instance at 0x7f2bba0bd550>,37,20,[1 9],38,-1,68,-1,48
1,<environment.Job instance at 0x7f2bba0bdf50>,39,21,[6 1],40,-1,81,-1,60
1,<environment.Job instance at 0x7f2bba0bd780>,33,18,[4 8],34,-1,78,-1,60
1,<environment.Job instance at 0x7f2bba0b1550>,42,19,[11  4],43,-1,79,-1,60
1,<environment.Job instance at 0x7f2bba0b1b90>,41,12,[8 2],42,-1,72,-1,60
1,<environment.Job instance at 0x7f2bba0bd4b0>,28,26,[7 4],29,-1,86,-1,60
1,<environment.Job instance at 0x7f2bba0b1690>,43,27,[9 1],44,-1,87,-1,60
1,<environment.Job instance at 0x7f2bba22e370>,44,21,[3 9],45,-1,82,-1,61
1,<environment.Job instance at 0x7f2bba0b15f0>,45,22,[7 4],46,-1,84,-1,62
1,<environment.Job instance at 0x7f2bba22e820>,47,17,[8 5],48,-1,79,-1,62
1,<environment.Job instance at 0x7f2bba0b74b0>,0,24,[ 5 11],1,-1,25,-1,1
1,<environment.Job instance at 0x7f2bb9dbf640>,2,27,[4 6],3,-1,30,-1,3
1,<environment.Job instance at 0x7f2bb9dbf2d0>,3,1,[ 2 11],4,-1,5,-1,4
1,<environment.Job instance at 0x7f2bba0bdb40>,5,15,[13  3],6,-1,21,-1,6
1,<environment.Job instance at 0x7f2bba0b1370>,6,12,[14  2],7,-1,19,-1,7
1,<environment.Job instance at 0x7f2bba0bdaf0>,7,1,[ 2 11],8,-1,9,-1,8
1,<environment.Job instance at 0x7f2bba19c5f0>,9,15,[12  5],10,-1,25,-1,10
1,<environment.Job instance at 0x7f2bba0b1190>,10,16,[ 3 12],11,-1,27,-1,11
1,<environment.Job instance at 0x7f2bb9dcaeb0>,11,16,[ 3 12],12,-1,28,-1,12
1,<environment.Job instance at 0x7f2bb9dcac80>,13,27,[5 1],14,-1,41,-1,14
1,<environment.Job instance at 0x7f2bb9dcabe0>,14,25,[10  4],15,-1,44,-1,19
1,<environment.Job instance at 0x7f2bba16b910>,18,12,[ 2 11],19,-1,31,-1,19
1,<environment.Job instance at 0x7f2bba19c690>,15,26,[5 4],16,-1,45,-1,19
1,<environment.Job instance at 0x7f2bb9d638c0>,26,24,[3 6],27,-1,70,-1,46
1,<environment.Job instance at 0x7f2bb9d631e0>,28,26,[7 4],29,-1,72,-1,46
1,<environment.Job instance at 0x7f2bb9d63500>,30,27,[9 5],31,-1,75,-1,48
1,<environment.Job instance at 0x7f2bb9d63230>,36,28,[ 3 14],37,-1,93,-1,65
1,<environment.Job instance at 0x7f2bb9dc62d0>,0,16,[2 7],1,-1,17,-1,1
1,<environment.Job instance at 0x7f2bb9dc6f50>,1,20,[7 4],2,-1,22,-1,2
1,<environment.Job instance at 0x7f2bbaed5050>,2,23,[2 8],3,-1,27,-1,4
1,<environment.Job instance at 0x7f2bb9dd14b0>,3,16,[11  1],4,-1,21,-1,5
1,<environment.Job instance at 0x7f2bbaed5780>,12,12,[10  3],13,-1,26,-1,14
1,<environment.Job instance at 0x7f2bbaed58c0>,17,15,[5 7],18,-1,39,-1,24
1,<environment.Job instance at 0x7f2bbaed5870>,13,28,[11  3],14,-1,54,-1,26
1,<environment.Job instance at 0x7f2bbaea80a0>,27,24,[3 9],28,-1,53,-1,29
1,<environment.Job instance at 0x7f2bbaea8690>,28,17,[9 1],29,-1,50,-1,33
1,<environment.Job instance at 0x7f2bbaea8460>,26,14,[ 3 14],27,-1,48,-1,34
1,<environment.Job instance at 0x7f2bbaea8280>,25,17,[1 8],26,-1,51,-1,34
1,<environment.Job instance at 0x7f2bbaea8050>,23,24,[5 6],24,-1,58,-1,34
1,<environment.Job instance at 0x7f2bbaea85a0>,31,16,[1 8],32,-1,51,-1,35
1,<environment.Job instance at 0x7f2bb9d5ef00>,3,16,[11  1],4,-1,20,-1,4
1,<environment.Job instance at 0x7f2bb9d5edc0>,5,14,[11  5],6,-1,20,-1,6
1,<environment.Job instance at 0x7f2bb9d5e370>,6,13,[ 1 11],7,-1,20,-1,7
1,<environment.Job instance at 0x7f2bb9d5e410>,8,25,[6 1],9,-1,34,-1,9
1,<environment.Job instance at 0x7f2bb9d5ea00>,9,15,[ 3 12],10,-1,25,-1,10
1,<environment.Job instance at 0x7f2bb9d5e6e0>,10,18,[13  2],11,-1,29,-1,11
1,<environment.Job instance at 0x7f2bb9d5efa0>,2,23,[2 8],3,-1,40,-1,17
1,<environment.Job instance at 0x7f2bb9d5e460>,13,28,[11  3],14,-1,45,-1,17
1,<environment.Job instance at 0x7f2bb9d5e9b0>,15,28,[ 4 10],16,-1,46,-1,18
1,<environment.Job instance at 0x7f2bba20f140>,21,16,[ 5 13],22,-1,39,-1,23
1,<environment.Job instance at 0x7f2bb9d63960>,23,24,[5 6],24,-1,58,-1,34
1,<environment.Job instance at 0x7f2bb9d63cd0>,26,14,[ 3 14],27,-1,48,-1,34
1,<environment.Job instance at 0x7f2bb9d63500>,27,24,[3 9],28,-1,76,-1,52
1,<environment.Job instance at 0x7f2bb9d63690>,30,12,[ 2 12],31,-1,64,-1,52
1,<environment.Job instance at 0x7f2bb9d63f50>,32,1,[ 2 11],33,-1,53,-1,52
1,<environment.Job instance at 0x7f2bb9d63aa0>,33,27,[ 3 14],34,-1,79,-1,52
1,<environment.Job instance at 0x7f2bba16b870>,36,28,[5 2],37,-1,87,-1,59
1,<environment.Job instance at 0x7f2bba16b6e0>,37,28,[13  5],38,-1,87,-1,59
1,<environment.Job instance at 0x7f2bb99cc2d0>,1,22,[6 4],2,-1,24,-1,2
1,<environment.Job instance at 0x7f2bb9dc60f0>,4,17,[2 5],5,-1,22,-1,5
1,<environment.Job instance at 0x7f2bb99cce60>,5,14,[8 2],6,-1,20,-1,6
1,<environment.Job instance at 0x7f2bb99cc050>,8,18,[8 2],9,-1,28,-1,10
1,<environment.Job instance at 0x7f2bb99cc5a0>,9,18,[6 2],10,-1,28,-1,10
1,<environment.Job instance at 0x7f2bb99cc320>,10,21,[9 1],11,-1,33,-1,12
1,<environment.Job instance at 0x7f2bb99cc7d0>,12,19,[2 7],13,-1,32,-1,13
1,<environment.Job instance at 0x7f2bb99cc3c0>,13,24,[1 9],14,-1,38,-1,14
1,<environment.Job instance at 0x7f2bb99cc370>,11,18,[5 8],12,-1,32,-1,14
1,<environment.Job instance at 0x7f2bba0bc320>,2,28,[12  4],3,-1,31,-1,3
1,<environment.Job instance at 0x7f2bba0bdb40>,3,1,[11  1],4,-1,5,-1,4
1,<environment.Job instance at 0x7f2bb9d63500>,7,28,[7 5],8,-1,36,-1,8
1,<environment.Job instance at 0x7f2bb9d63d20>,13,24,[1 9],14,-1,48,-1,24
1,<environment.Job instance at 0x7f2bb9d63e10>,14,25,[ 3 10],15,-1,49,-1,24
1,<environment.Job instance at 0x7f2bb9d5e460>,17,2,[13  5],18,-1,28,-1,26
1,<environment.Job instance at 0x7f2bb9d5ecd0>,19,18,[11  5],20,-1,44,-1,26
1,<environment.Job instance at 0x7f2bb9d5e6e0>,20,28,[7 2],21,-1,56,-1,28
1,<environment.Job instance at 0x7f2bb9d5e410>,22,25,[5 7],23,-1,53,-1,28
1,<environment.Job instance at 0x7f2bb9d5edc0>,25,21,[ 5 13],26,-1,62,-1,41
1,<environment.Job instance at 0x7f2bb9d5e320>,28,17,[13  2],29,-1,70,-1,53
1,<environment.Job instance at 0x7f2bb9d5e190>,29,22,[12  5],30,-1,75,-1,53
1,<environment.Job instance at 0x7f2bb9dc6960>,30,23,[7 1],31,-1,76,-1,53
1,<environment.Job instance at 0x7f2bb99ccf50>,34,12,[ 2 13],35,-1,78,-1,66
1,<environment.Job instance at 0x7f2bc3528050>,13,17,[14  3],14,-1,34,-1,17
1,<environment.Job instance at 0x7f2bc3528e60>,11,14,[9 5],12,-1,32,-1,18
1,<environment.Job instance at 0x7f2bc35289b0>,18,19,[ 5 10],19,-1,38,-1,19
1,<environment.Job instance at 0x7f2bc3528550>,16,24,[10  2],17,-1,52,-1,28
1,<environment.Job instance at 0x7f2bc35287d0>,20,28,[ 1 12],21,-1,57,-1,29
1,<environment.Job instance at 0x7f2bbacd8870>,4,25,[4 9],5,-1,54,-1,29
1,<environment.Job instance at 0x7f2bbab28aa0>,25,24,[5 3],26,-1,53,-1,29
1,<environment.Job instance at 0x7f2bbab28690>,21,15,[13  1],22,-1,44,-1,29
1,<environment.Job instance at 0x7f2bbab28820>,24,12,[ 4 13],25,-1,41,-1,29
1,<environment.Job instance at 0x7f2bbab28550>,30,12,[13  4],31,-1,43,-1,31
1,<environment.Job instance at 0x7f2bbab28a00>,31,20,[5 3],32,-1,52,-1,32
1,<environment.Job instance at 0x7f2bbab285f0>,27,18,[1 5],28,-1,51,-1,33
1,<environment.Job instance at 0x7f2bbab28140>,34,17,[3 7],35,-1,55,-1,38
1,<environment.Job instance at 0x7f2bbab286e0>,32,12,[4 8],33,-1,51,-1,39
1,<environment.Job instance at 0x7f2bc38f1820>,41,14,[4 9],42,-1,56,-1,42
1,<environment.Job instance at 0x7f2bbace5f00>,42,18,[14  1],43,-1,61,-1,43
1,<environment.Job instance at 0x7f2bbace5dc0>,43,24,[9 2],44,-1,68,-1,44
1,<environment.Job instance at 0x7f2bb9a5c230>,39,26,[14  4],40,-1,72,-1,46
1,<environment.Job instance at 0x7f2bbab28b90>,35,15,[13  4],36,-1,61,-1,46
1,<environment.Job instance at 0x7f2bbace5b90>,44,12,[4 8],45,-1,58,-1,46
1,<environment.Job instance at 0x7f2bbace5370>,46,27,[2 7],47,-1,76,-1,49
1,<environment.Job instance at 0x7f2bbace55f0>,48,16,[ 3 12],49,-1,68,-1,52
1,<environment.Job instance at 0x7f2bbace5820>,40,17,[2 7],41,-1,69,-1,52
1,<environment.Job instance at 0x7f2bbace5c80>,51,24,[ 4 10],52,-1,87,-1,63
1,<environment.Job instance at 0x7f2bbace5f50>,49,12,[ 3 12],50,-1,75,-1,63
1,<environment.Job instance at 0x7f2bbace55a0>,56,17,[4 5],57,-1,80,-1,63
1,<environment.Job instance at 0x7f2bbace5d20>,45,15,[ 5 11],46,-1,78,-1,63
1,<environment.Job instance at 0x7f2bba327cd0>,58,13,[3 9],59,-1,76,-1,63
1,<environment.Job instance at 0x7f2bba327280>,57,13,[8 5],58,-1,80,-1,67
1,<environment.Job instance at 0x7f2bba327af0>,60,16,[6 5],61,-1,83,-1,67
1,<environment.Job instance at 0x7f2bbace5e60>,52,25,[11  2],53,-1,92,-1,67
1,<environment.Job instance at 0x7f2bba327410>,59,14,[ 2 11],60,-1,82,-1,68
1,<environment.Job instance at 0x7f2bc3528cd0>,14,28,[5 5],15,-1,96,-1,68
1,<environment.Job instance at 0x7f2bbace5640>,54,16,[5 5],55,-1,84,-1,68
1,<environment.Job instance at 0x7f2bcab2a870>,68,15,[9 1],69,-1,84,-1,69
1,<environment.Job instance at 0x7f2bbab51d70>,1,27,[14  3],2,-1,29,-1,2
1,<environment.Job instance at 0x7f2bb9dd1690>,2,18,[ 5 11],3,-1,21,-1,3
1,<environment.Job instance at 0x7f2bb9dd15f0>,5,18,[ 1 12],6,-1,24,-1,6
1,<environment.Job instance at 0x7f2bbab51820>,4,25,[4 9],5,-1,32,-1,7
1,<environment.Job instance at 0x7f2bb9d36140>,10,2,[11  4],11,-1,13,-1,11
1,<environment.Job instance at 0x7f2bba3059b0>,13,17,[14  3],14,-1,32,-1,15
1,<environment.Job instance at 0x7f2bba3055a0>,14,28,[5 5],15,-1,44,-1,16
1,<environment.Job instance at 0x7f2bb9ee8410>,15,19,[ 1 12],16,-1,35,-1,16
1,<environment.Job instance at 0x7f2bba4fea50>,17,2,[ 4 13],18,-1,20,-1,18
1,<environment.Job instance at 0x7f2bba4feaf0>,16,24,[10  2],17,-1,45,-1,21
1,<environment.Job instance at 0x7f2bba4fef50>,20,28,[ 1 12],21,-1,49,-1,21
1,<environment.Job instance at 0x7f2bba630910>,21,15,[13  1],22,-1,37,-1,22
1,<environment.Job instance at 0x7f2bba344870>,22,2,[ 5 12],23,-1,25,-1,23
1,<environment.Job instance at 0x7f2bba799f50>,24,12,[ 4 13],25,-1,37,-1,25
1,<environment.Job instance at 0x7f2bbab21820>,25,24,[5 3],26,-1,57,-1,33
1,<environment.Job instance at 0x7f2bba32de60>,28,3,[12  3],29,-1,36,-1,33
1,<environment.Job instance at 0x7f2bbaf66f00>,30,12,[13  4],31,-1,45,-1,33
1,<environment.Job instance at 0x7f2bba49a910>,35,15,[13  4],36,-1,51,-1,36
1,<environment.Job instance at 0x7f2bba2f6730>,39,26,[14  4],40,-1,78,-1,52
1,<environment.Job instance at 0x7f2bc39c4460>,42,18,[14  1],43,-1,79,-1,61
1,<environment.Job instance at 0x7f2bc35148c0>,2,21,[10  4],3,-1,24,-1,3
1,<environment.Job instance at 0x7f2bba6e9140>,8,15,[5 9],9,-1,24,-1,9
1,<environment.Job instance at 0x7f2bba6e9f50>,9,12,[10  3],10,-1,23,-1,11
1,<environment.Job instance at 0x7f2bba199b90>,10,17,[7 2],11,-1,29,-1,12
1,<environment.Job instance at 0x7f2bbab21280>,19,15,[10  1],20,-1,40,-1,25
1,<environment.Job instance at 0x7f2bbab21d70>,24,27,[4 6],25,-1,52,-1,25
1,<environment.Job instance at 0x7f2bbadad780>,3,13,[12  5],4,-1,17,-1,4
1,<environment.Job instance at 0x7f2bba231eb0>,11,16,[12  2],12,-1,37,-1,21
1,<environment.Job instance at 0x7f2bbaccd690>,12,15,[ 5 12],13,-1,36,-1,21
1,<environment.Job instance at 0x7f2bba8c1820>,7,28,[10  3],8,-1,49,-1,21
1,<environment.Job instance at 0x7f2bc39c4460>,14,2,[13  3],15,-1,23,-1,21
1,<environment.Job instance at 0x7f2bba7b53c0>,16,15,[13  3],17,-1,36,-1,21
1,<environment.Job instance at 0x7f2bc3741640>,21,23,[6 5],22,-1,57,-1,34
1,<environment.Job instance at 0x7f2bb9aa6c80>,23,2,[ 5 13],24,-1,36,-1,34
1,<environment.Job instance at 0x7f2bbae98a50>,24,27,[4 6],25,-1,73,-1,46
1,<environment.Job instance at 0x7f2bbaf66fa0>,28,22,[ 3 12],29,-1,69,-1,47
1,<environment.Job instance at 0x7f2bba40db90>,31,17,[ 2 12],32,-1,64,-1,47
1,<environment.Job instance at 0x7f2bb9bcebe0>,0,18,[6 5],1,-1,19,-1,1
1,<environment.Job instance at 0x7f2bbace5e10>,14,14,[1 7],15,-1,29,-1,15
1,<environment.Job instance at 0x7f2bba0f50a0>,21,23,[5 5],22,-1,56,-1,33
1,<environment.Job instance at 0x7f2bbab51820>,1,18,[ 5 12],2,-1,20,-1,2
1,<environment.Job instance at 0x7f2bba808410>,2,2,[ 2 13],3,-1,5,-1,3
1,<environment.Job instance at 0x7f2bba293190>,3,26,[ 3 14],4,-1,30,-1,4
1,<environment.Job instance at 0x7f2bba808190>,4,15,[11  5],5,-1,20,-1,5
1,<environment.Job instance at 0x7f2bbadcc4b0>,10,18,[ 4 12],11,-1,29,-1,11
1,<environment.Job instance at 0x7f2bb9a960a0>,13,3,[14  5],14,-1,21,-1,18
1,<environment.Job instance at 0x7f2bb9ece780>,7,25,[8 4],8,-1,44,-1,19
1,<environment.Job instance at 0x7f2bc3594cd0>,20,26,[1 6],21,-1,70,-1,44
1,<environment.Job instance at 0x7f2bbaf660f0>,21,23,[5 5],22,-1,67,-1,44
1,<environment.Job instance at 0x7f2bba231eb0>,22,1,[12  2],23,-1,45,-1,44
1,<environment.Job instance at 0x7f2bba2311e0>,23,15,[14  2],24,-1,59,-1,44
1,<environment.Job instance at 0x7f2bba8f72d0>,25,3,[12  1],26,-1,47,-1,44
1,<environment.Job instance at 0x7f2bb9decf00>,26,13,[11  4],27,-1,57,-1,44
1,<environment.Job instance at 0x7f2bbadad730>,27,28,[6 1],28,-1,73,-1,45
1,<environment.Job instance at 0x7f2bbadad320>,28,3,[14  3],29,-1,48,-1,45
1,<environment.Job instance at 0x7f2bbada7c30>,29,1,[14  5],30,-1,46,-1,45
1,<environment.Job instance at 0x7f2bbada7c80>,30,27,[10  3],31,-1,78,-1,51
1,<environment.Job instance at 0x7f2bbae73960>,37,26,[3 6],38,-1,84,-1,58
1,<environment.Job instance at 0x7f2bba528cd0>,1,16,[ 3 10],2,-1,18,-1,2
1,<environment.Job instance at 0x7f2bba528730>,2,16,[5 7],3,-1,19,-1,3
1,<environment.Job instance at 0x7f2bc3593140>,10,19,[2 8],11,-1,31,-1,12
1,<environment.Job instance at 0x7f2bba528d20>,11,17,[ 5 11],12,-1,29,-1,12
1,<environment.Job instance at 0x7f2bba764910>,6,14,[ 4 12],7,-1,21,-1,7
1,<environment.Job instance at 0x7f2bba745690>,8,27,[ 2 11],9,-1,36,-1,9
1,<environment.Job instance at 0x7f2bba75d500>,11,17,[ 5 11],12,-1,35,-1,18
1,<environment.Job instance at 0x7f2bba75d8c0>,12,16,[12  1],13,-1,34,-1,18
1,<environment.Job instance at 0x7f2bba742190>,13,26,[9 2],14,-1,44,-1,18
1,<environment.Job instance at 0x7f2bba742e60>,15,20,[ 1 13],16,-1,38,-1,18
1,<environment.Job instance at 0x7f2bbaa98fa0>,21,25,[1 6],22,-1,67,-1,42
1,<environment.Job instance at 0x7f2bba74cfa0>,19,23,[ 3 10],20,-1,65,-1,42
1,<environment.Job instance at 0x7f2bba775410>,23,24,[1 9],24,-1,66,-1,42
1,<environment.Job instance at 0x7f2bba76af00>,28,26,[13  1],29,-1,83,-1,57
1,<environment.Job instance at 0x7f2bba76a3c0>,31,19,[ 5 13],32,-1,77,-1,58
1,<environment.Job instance at 0x7f2bb96340f0>,2,17,[7 4],3,-1,21,-1,4
1,<environment.Job instance at 0x7f2bb9634870>,3,16,[12  2],4,-1,20,-1,4
1,<environment.Job instance at 0x7f2bb9d4b5a0>,5,17,[3 5],6,-1,24,-1,7
1,<environment.Job instance at 0x7f2bb9d4bd20>,6,16,[3 9],7,-1,25,-1,9
1,<environment.Job instance at 0x7f2bb9d4bcd0>,12,25,[ 2 14],13,-1,46,-1,21
1,<environment.Job instance at 0x7f2bb9d4be60>,14,18,[1 8],15,-1,39,-1,21
1,<environment.Job instance at 0x7f2bb9930820>,0,18,[ 1 14],1,-1,19,-1,1
1,<environment.Job instance at 0x7f2bb9e965a0>,3,16,[12  2],4,-1,20,-1,4
1,<environment.Job instance at 0x7f2bbad537d0>,4,12,[11  2],5,-1,17,-1,5
1,<environment.Job instance at 0x7f2bbad534b0>,7,21,[11  1],8,-1,29,-1,8
1,<environment.Job instance at 0x7f2bba2984b0>,10,14,[11  2],11,-1,25,-1,11
1,<environment.Job instance at 0x7f2bb99305a0>,9,24,[8 3],10,-1,41,-1,17
1,<environment.Job instance at 0x7f2bba298be0>,12,25,[ 2 14],13,-1,42,-1,17
1,<environment.Job instance at 0x7f2bbae2c460>,13,12,[ 3 13],14,-1,29,-1,17
1,<environment.Job instance at 0x7f2bba298910>,11,23,[ 5 10],12,-1,40,-1,17
1,<environment.Job instance at 0x7f2bb99d17d0>,23,13,[11  2],24,-1,58,-1,45
1,<environment.Job instance at 0x7f2bb99d1320>,24,13,[12  3],25,-1,58,-1,45
1,<environment.Job instance at 0x7f2bb9e4d640>,28,24,[14  3],29,-1,87,-1,63
1,<environment.Job instance at 0x7f2bb9e5f1e0>,30,16,[ 3 12],31,-1,80,-1,64
1,<environment.Job instance at 0x7f2bb9e44f50>,0,20,[1 8],1,-1,21,-1,1
1,<environment.Job instance at 0x7f2bb9e44410>,1,22,[7 2],2,-1,25,-1,3
1,<environment.Job instance at 0x7f2bb9750500>,3,14,[10  2],4,-1,18,-1,4
1,<environment.Job instance at 0x7f2bb9785320>,4,21,[4 9],5,-1,26,-1,5
1,<environment.Job instance at 0x7f2bb9785280>,8,23,[8 4],9,-1,32,-1,9
1,<environment.Job instance at 0x7f2bb97853c0>,10,20,[5 7],11,-1,31,-1,11
1,<environment.Job instance at 0x7f2bba959640>,11,16,[4 8],12,-1,28,-1,12
1,<environment.Job instance at 0x7f2bba9593c0>,13,15,[2 8],14,-1,29,-1,14
1,<environment.Job instance at 0x7f2bba959820>,14,24,[6 2],15,-1,39,-1,15
1,<environment.Job instance at 0x7f2bb97fa550>,16,25,[8 3],17,-1,42,-1,17
1,<environment.Job instance at 0x7f2bba959dc0>,18,16,[10  5],19,-1,35,-1,19
1,<environment.Job instance at 0x7f2bb987d690>,20,16,[1 7],21,-1,37,-1,21
1,<environment.Job instance at 0x7f2bb9cdf1e0>,22,18,[2 7],23,-1,41,-1,23
1,<environment.Job instance at 0x7f2bb9801a00>,26,16,[9 4],27,-1,43,-1,27
1,<environment.Job instance at 0x7f2bb9e3ed20>,28,27,[6 4],29,-1,56,-1,29
1,<environment.Job instance at 0x7f2bb9cb65f0>,34,23,[10  2],35,-1,59,-1,36
1,<environment.Job instance at 0x7f2bbae2ca50>,5,21,[ 5 14],6,-1,27,-1,6
1,<environment.Job instance at 0x7f2bbae2c190>,6,21,[ 4 11],7,-1,28,-1,7
1,<environment.Job instance at 0x7f2bba2dbd70>,8,23,[8 4],9,-1,44,-1,21
1,<environment.Job instance at 0x7f2bba959af0>,14,24,[6 2],15,-1,48,-1,24
1,<environment.Job instance at 0x7f2bb9e4d640>,17,15,[11  1],18,-1,39,-1,24
1,<environment.Job instance at 0x7f2bb9b1bb90>,16,25,[8 3],17,-1,61,-1,36
1,<environment.Job instance at 0x7f2bb966b550>,24,20,[ 5 13],25,-1,71,-1,51
1,<environment.Job instance at 0x7f2bb966bd20>,28,27,[6 4],29,-1,93,-1,66
1,<environment.Job instance at 0x7f2bb966b4b0>,29,25,[6 1],30,-1,91,-1,66
1,<environment.Job instance at 0x7f2bb966b690>,30,23,[5 5],31,-1,89,-1,66
1,<environment.Job instance at 0x7f2bba4f35a0>,5,25,[5 5],6,-1,32,-1,7
1,<environment.Job instance at 0x7f2bba4f3550>,7,22,[5 3],8,-1,30,-1,8
1,<environment.Job instance at 0x7f2bba4f3af0>,13,23,[8 4],14,-1,39,-1,16
1,<environment.Job instance at 0x7f2bba4f3c80>,16,18,[10  2],17,-1,35,-1,17
1,<environment.Job instance at 0x7f2bba4f3f00>,19,15,[5 8],20,-1,36,-1,21
1,<environment.Job instance at 0x7f2bba4b9dc0>,21,17,[2 6],22,-1,39,-1,22
1,<environment.Job instance at 0x7f2bc35933c0>,1,26,[ 4 10],2,-1,28,-1,2
1,<environment.Job instance at 0x7f2bb9b18550>,8,15,[12  4],9,-1,24,-1,9
1,<environment.Job instance at 0x7f2bb9b18fa0>,10,1,[ 1 11],11,-1,12,-1,11
1,<environment.Job instance at 0x7f2bb9b18730>,11,18,[ 2 12],12,-1,30,-1,12
1,<environment.Job instance at 0x7f2bb9b183c0>,12,22,[ 2 11],13,-1,35,-1,13
1,<environment.Job instance at 0x7f2bba19d690>,5,25,[5 5],6,-1,45,-1,20
1,<environment.Job instance at 0x7f2bc35939b0>,6,26,[2 9],7,-1,46,-1,20
1,<environment.Job instance at 0x7f2bb9b18500>,9,27,[10  3],10,-1,47,-1,20
1,<environment.Job instance at 0x7f2bb9b18370>,13,23,[8 4],14,-1,43,-1,20
1,<environment.Job instance at 0x7f2bb9b18460>,18,24,[2 6],19,-1,44,-1,20
1,<environment.Job instance at 0x7f2bb9b18960>,15,28,[ 4 10],16,-1,50,-1,22
1,<environment.Job instance at 0x7f2bb9b18cd0>,22,27,[ 2 10],23,-1,52,-1,25
1,<environment.Job instance at 0x7f2bb9b1bb90>,24,1,[11  5],25,-1,26,-1,25
1,<environment.Job instance at 0x7f2bb9e4dc30>,25,14,[ 5 14],26,-1,40,-1,26
1,<environment.Job instance at 0x7f2bba959af0>,29,2,[ 5 13],30,-1,32,-1,30
1,<environment.Job instance at 0x7f2bb9fea1e0>,27,25,[9 2],28,-1,63,-1,38
1,<environment.Job instance at 0x7f2bba298dc0>,32,13,[ 5 13],33,-1,55,-1,42
1,<environment.Job instance at 0x7f2bba298690>,35,24,[5 1],36,-1,81,-1,57
1,<environment.Job instance at 0x7f2bb9d0c820>,36,13,[ 5 12],37,-1,70,-1,57
1,<environment.Job instance at 0x7f2bbae2c460>,38,23,[1 8],39,-1,80,-1,57
1,<environment.Job instance at 0x7f2bb992c050>,39,28,[ 2 10],40,-1,85,-1,57
1,<environment.Job instance at 0x7f2bbab18140>,42,21,[ 3 14],43,-1,79,-1,58
1,<environment.Job instance at 0x7f2bba3c70a0>,3,13,[10  4],4,-1,18,-1,5
1,<environment.Job instance at 0x7f2bba3b1320>,4,15,[8 4],5,-1,20,-1,5
1,<environment.Job instance at 0x7f2bba3c7b40>,9,25,[1 8],10,-1,36,-1,11
1,<environment.Job instance at 0x7f2bba3c79b0>,13,21,[8 3],14,-1,35,-1,14
1,<environment.Job instance at 0x7f2bba3b1eb0>,0,18,[11  3],1,-1,19,-1,1
1,<environment.Job instance at 0x7f2bb9ba4320>,5,24,[11  3],6,-1,30,-1,6
1,<environment.Job instance at 0x7f2bb9ba4050>,6,15,[ 5 12],7,-1,22,-1,7
1,<environment.Job instance at 0x7f2bb9ba42d0>,7,26,[ 1 12],8,-1,34,-1,8
1,<environment.Job instance at 0x7f2bb9ba4b40>,10,27,[ 3 12],11,-1,38,-1,11
1,<environment.Job instance at 0x7f2bb9ba4dc0>,9,25,[1 8],10,-1,39,-1,14
1,<environment.Job instance at 0x7f2bb9ba4af0>,12,2,[12  4],13,-1,16,-1,14
1,<environment.Job instance at 0x7f2bb9ba47d0>,14,28,[11  4],15,-1,43,-1,15
1,<environment.Job instance at 0x7f2bb9ba4f00>,15,26,[5 7],16,-1,42,-1,16
1,<environment.Job instance at 0x7f2bb9b7f910>,17,16,[11  2],18,-1,34,-1,18
1,<environment.Job instance at 0x7f2bb9b7f820>,19,13,[13  2],20,-1,33,-1,20
1,<environment.Job instance at 0x7f2bb9ba40a0>,21,15,[ 5 12],22,-1,37,-1,22
1,<environment.Job instance at 0x7f2bb9b883c0>,32,15,[12  2],33,-1,69,-1,54
1,<environment.Job instance at 0x7f2bb9b88140>,36,15,[ 3 13],37,-1,82,-1,67
1,<environment.Job instance at 0x7f2bb992caa0>,1,23,[2 6],2,-1,25,-1,2
1,<environment.Job instance at 0x7f2bb992ce10>,4,22,[6 5],5,-1,27,-1,5
1,<environment.Job instance at 0x7f2bba620cd0>,1,23,[2 6],2,-1,25,-1,2
1,<environment.Job instance at 0x7f2bba620640>,2,15,[ 3 13],3,-1,18,-1,3
1,<environment.Job instance at 0x7f2bba620af0>,6,13,[11  4],7,-1,20,-1,7
1,<environment.Job instance at 0x7f2bb9b7ee60>,7,17,[ 3 12],8,-1,25,-1,8
1,<environment.Job instance at 0x7f2bb9b7e780>,10,2,[12  2],11,-1,13,-1,11
1,<environment.Job instance at 0x7f2bb9b7eb90>,11,17,[13  5],12,-1,29,-1,12
1,<environment.Job instance at 0x7f2bb9b7e050>,5,24,[9 2],6,-1,43,-1,19
1,<environment.Job instance at 0x7f2bb9b7e910>,14,15,[ 5 12],15,-1,34,-1,19
1,<environment.Job instance at 0x7f2bb9b882d0>,19,25,[10  5],20,-1,52,-1,27
1,<environment.Job instance at 0x7f2bb9b88460>,23,28,[4 6],24,-1,57,-1,29
1,<environment.Job instance at 0x7f2bb9b88f50>,24,26,[2 6],25,-1,55,-1,29
1,<environment.Job instance at 0x7f2bb9b7f410>,26,15,[14  4],27,-1,44,-1,29
1,<environment.Job instance at 0x7f2bb9b7f690>,27,13,[13  5],28,-1,42,-1,29
1,<environment.Job instance at 0x7f2bb9b7f050>,32,1,[ 1 13],33,-1,42,-1,41
1,<environment.Job instance at 0x7f2bb9b7f780>,33,26,[8 2],34,-1,71,-1,45
1,<environment.Job instance at 0x7f2bb9b7f370>,34,26,[5 7],35,-1,82,-1,56
1,<environment.Job instance at 0x7f2bb9b7ffa0>,36,26,[11  1],37,-1,82,-1,56
1,<environment.Job instance at 0x7f2bba0f8050>,0,27,[6 1],1,-1,28,-1,1
1,<environment.Job instance at 0x7f2bb9d2f0f0>,4,19,[ 5 10],5,-1,25,-1,6
1,<environment.Job instance at 0x7f2bb9d3a370>,5,14,[8 4],6,-1,21,-1,7
1,<environment.Job instance at 0x7f2bb9d2fa00>,8,24,[10  2],9,-1,33,-1,9
1,<environment.Job instance at 0x7f2bbaee5f50>,9,2,[3 6],10,-1,12,-1,10
1,<environment.Job instance at 0x7f2bba563aa0>,0,27,[6 1],1,-1,28,-1,1
1,<environment.Job instance at 0x7f2bb992cb90>,2,17,[ 5 11],3,-1,20,-1,3
1,<environment.Job instance at 0x7f2bba004d20>,6,24,[14  3],7,-1,31,-1,7
1,<environment.Job instance at 0x7f2bba004f00>,7,1,[ 1 14],8,-1,9,-1,8
1,<environment.Job instance at 0x7f2bb9ba4410>,10,3,[ 2 14],11,-1,14,-1,11
1,<environment.Job instance at 0x7f2bb9ba4460>,12,19,[11  3],13,-1,35,-1,16
1,<environment.Job instance at 0x7f2bb9ba4910>,13,18,[ 5 11],14,-1,34,-1,16
1,<environment.Job instance at 0x7f2bb9ba4820>,14,21,[12  1],15,-1,37,-1,16
1,<environment.Job instance at 0x7f2bb9ba4050>,15,18,[12  4],16,-1,34,-1,16
1,<environment.Job instance at 0x7f2bb9ba4870>,8,24,[10  2],9,-1,40,-1,16
1,<environment.Job instance at 0x7f2bb9ba40a0>,16,26,[1 9],17,-1,44,-1,18
1,<environment.Job instance at 0x7f2bb9b7f230>,19,26,[13  5],20,-1,46,-1,20
1,<environment.Job instance at 0x7f2bb9b7feb0>,20,25,[13  3],21,-1,46,-1,21
1,<environment.Job instance at 0x7f2bb9b7f730>,22,13,[ 3 12],23,-1,36,-1,23
1,<environment.Job instance at 0x7f2bb9b7f690>,25,13,[12  1],26,-1,39,-1,26
1,<environment.Job instance at 0x7f2bb9b7f460>,26,16,[ 5 11],27,-1,43,-1,27
1,<environment.Job instance at 0x7f2bb9b7f550>,27,16,[11  4],28,-1,44,-1,28
1,<environment.Job instance at 0x7f2bb9b7fb40>,28,24,[3 5],29,-1,53,-1,29
1,<environment.Job instance at 0x7f2bb9b7f7d0>,30,19,[ 5 13],31,-1,50,-1,31
1,<environment.Job instance at 0x7f2bb9b88dc0>,31,24,[2 5],32,-1,56,-1,32
1,<environment.Job instance at 0x7f2bb9b88140>,35,26,[ 3 12],36,-1,62,-1,36
1,<environment.Job instance at 0x7f2bb9b885a0>,38,16,[13  4],39,-1,55,-1,39
1,<environment.Job instance at 0x7f2bba620640>,39,28,[2 7],40,-1,68,-1,40
1,<environment.Job instance at 0x7f2bb9b88960>,36,26,[9 2],37,-1,72,-1,46
1,<environment.Job instance at 0x7f2bba620e10>,42,17,[ 3 13],43,-1,63,-1,46
1,<environment.Job instance at 0x7f2bba620aa0>,43,28,[3 7],44,-1,76,-1,48
1,<environment.Job instance at 0x7f2bba620550>,44,20,[11  2],45,-1,68,-1,48
1,<environment.Job instance at 0x7f2bb9b7ee10>,49,14,[ 5 13],50,-1,77,-1,63
1,<environment.Job instance at 0x7f2bb9bb8c30>,3,14,[ 1 10],4,-1,19,-1,5
1,<environment.Job instance at 0x7f2bb9bb8d70>,6,19,[8 3],7,-1,26,-1,7
1,<environment.Job instance at 0x7f2bb9a666e0>,9,13,[11  4],10,-1,27,-1,14
1,<environment.Job instance at 0x7f2bb9bb87d0>,4,16,[1 8],5,-1,30,-1,14
1,<environment.Job instance at 0x7f2bb9a66a50>,17,19,[6 4],18,-1,37,-1,18
1,<environment.Job instance at 0x7f2bb9a66910>,16,13,[11  4],17,-1,35,-1,22
1,<environment.Job instance at 0x7f2bb9a66eb0>,21,15,[10  1],22,-1,38,-1,23
1,<environment.Job instance at 0x7f2bb96414b0>,24,16,[5 4],25,-1,41,-1,25
1,<environment.Job instance at 0x7f2bb96415a0>,25,22,[6 4],26,-1,48,-1,26
1,<environment.Job instance at 0x7f2bb96410f0>,27,17,[ 4 10],28,-1,45,-1,28
1,<environment.Job instance at 0x7f2bb9d3a410>,0,2,[14  3],1,-1,3,-1,1
1,<environment.Job instance at 0x7f2bba620aa0>,1,24,[13  5],2,-1,26,-1,2
1,<environment.Job instance at 0x7f2bb9b88690>,7,12,[14  1],8,-1,20,-1,8
1,<environment.Job instance at 0x7f2bb9b88320>,9,13,[11  4],10,-1,23,-1,10
1,<environment.Job instance at 0x7f2bba0717d0>,5,27,[ 3 10],6,-1,45,-1,18
1,<environment.Job instance at 0x7f2bb9b88dc0>,14,15,[ 4 13],15,-1,41,-1,26
1,<environment.Job instance at 0x7f2bba004be0>,16,13,[11  4],17,-1,42,-1,29
1,<environment.Job instance at 0x7f2bb9a386e0>,28,14,[11  2],29,-1,79,-1,65
1,<environment.Job instance at 0x7f2bb9a38d20>,29,23,[12  3],30,-1,88,-1,65
1,<environment.Job instance at 0x7f2bb9a38370>,30,28,[4 7],31,-1,95,-1,67
1,<environment.Job instance at 0x7f2bb9bc8dc0>,33,16,[11  4],34,-1,83,-1,67
1,<environment.Job instance at 0x7f2bb9a362d0>,4,16,[4 6],5,-1,21,-1,5
1,<environment.Job instance at 0x7f2bb9a36af0>,10,15,[10  4],11,-1,27,-1,12
1,<environment.Job instance at 0x7f2bb9a36e10>,17,20,[4 8],18,-1,42,-1,22
1,<environment.Job instance at 0x7f2bb9a36f50>,19,27,[2 9],20,-1,50,-1,23
1,<environment.Job instance at 0x7f2bb9a36c80>,16,24,[11  5],17,-1,47,-1,23
1,<environment.Job instance at 0x7f2bb9a53320>,20,15,[2 6],21,-1,38,-1,23
1,<environment.Job instance at 0x7f2bb9a53460>,24,23,[10  1],25,-1,55,-1,32
1,<environment.Job instance at 0x7f2bb9a536e0>,27,13,[ 5 14],28,-1,45,-1,32
1,<environment.Job instance at 0x7f2bb9a36c30>,15,25,[ 4 10],16,-1,59,-1,34
1,<environment.Job instance at 0x7f2bb9a53780>,28,27,[3 9],29,-1,66,-1,39
1,<environment.Job instance at 0x7f2bb9a538c0>,30,23,[ 5 10],31,-1,62,-1,39
1,<environment.Job instance at 0x7f2bb9a53a50>,31,17,[ 1 11],32,-1,56,-1,39
1,<environment.Job instance at 0x7f2bb9a53140>,22,18,[10  2],23,-1,57,-1,39
1,<environment.Job instance at 0x7f2bba4a4280>,2,13,[ 4 14],3,-1,16,-1,3
1,<environment.Job instance at 0x7f2bba4a40f0>,7,1,[ 4 12],8,-1,9,-1,8
1,<environment.Job instance at 0x7f2bba4a4960>,9,16,[13  1],10,-1,26,-1,10
1,<environment.Job instance at 0x7f2bb9bc85a0>,12,3,[13  2],13,-1,16,-1,13
1,<environment.Job instance at 0x7f2bb9bc8be0>,13,28,[ 1 14],14,-1,42,-1,14
1,<environment.Job instance at 0x7f2bb9bc81e0>,14,18,[ 2 14],15,-1,33,-1,15
1,<environment.Job instance at 0x7f2bb9bc8d20>,16,24,[11  5],17,-1,43,-1,19
1,<environment.Job instance at 0x7f2bb9bc8fa0>,15,25,[ 4 10],16,-1,46,-1,21
1,<environment.Job instance at 0x7f2bb9bc8b90>,19,27,[2 9],20,-1,48,-1,21
1,<environment.Job instance at 0x7f2bb9bc8dc0>,23,13,[ 2 14],24,-1,47,-1,34
1,<environment.Job instance at 0x7f2bb9bc8140>,24,23,[10  1],25,-1,60,-1,37
1,<environment.Job instance at 0x7f2bb9bc8500>,26,14,[14  4],27,-1,51,-1,37
1,<environment.Job instance at 0x7f2bb9bc8f00>,27,13,[ 5 14],28,-1,50,-1,37
1,<environment.Job instance at 0x7f2bb9bc8b40>,28,27,[3 9],29,-1,81,-1,54
1,<environment.Job instance at 0x7f2bb9a38320>,31,17,[ 1 11],32,-1,71,-1,54
1,<environment.Job instance at 0x7f2bba6c8410>,29,28,[3 8],30,-1,82,-1,54
1,<environment.Job instance at 0x7f2bb9bb8fa0>,33,1,[ 4 13],34,-1,55,-1,54
1,<environment.Job instance at 0x7f2bb963c0f0>,34,3,[ 5 13],35,-1,57,-1,54
1,<environment.Job instance at 0x7f2bb9a38d20>,30,23,[ 5 10],31,-1,77,-1,54
1,<environment.Job instance at 0x7f2bb9641eb0>,36,1,[ 1 14],37,-1,55,-1,54
1,<environment.Job instance at 0x7f2bb9a668c0>,37,16,[11  4],38,-1,70,-1,54
1,<environment.Job instance at 0x7f9d11462b40>,2,18,[ 3 10],3,-1,21,-1,3
1,<environment.Job instance at 0x7f9d11462e10>,5,18,[7 5],6,-1,25,-1,7
1,<environment.Job instance at 0x7f9d11462f00>,8,24,[ 2 10],9,-1,33,-1,9
1,<environment.Job instance at 0x7f9d11467050>,9,17,[8 1],10,-1,27,-1,10
1,<environment.Job instance at 0x7f9d1aaac8c0>,6,19,[1 7],7,-1,29,-1,10
1,<environment.Job instance at 0x7f9d11467550>,15,20,[3 5],16,-1,38,-1,18
1,<environment.Job instance at 0x7f9d11467780>,18,18,[3 6],19,-1,37,-1,19
1,<environment.Job instance at 0x7f9d11467820>,19,21,[8 5],20,-1,41,-1,20
1,<environment.Job instance at 0x7f9d11467910>,21,22,[8 2],22,-1,44,-1,22
1,<environment.Job instance at 0x7f9d11467a50>,23,18,[7 4],24,-1,42,-1,24
1,<environment.Job instance at 0x7f9d11467aa0>,25,16,[5 3],26,-1,42,-1,26
1,<environment.Job instance at 0x7f9d11467dc0>,26,20,[4 8],27,-1,70,-1,50
1,<environment.Job instance at 0x7f9d11467640>,17,18,[ 5 13],18,-1,70,-1,52
1,<environment.Job instance at 0x7f9d11467870>,20,21,[13  5],21,-1,73,-1,52
1,<environment.Job instance at 0x7f9d114670f0>,16,19,[ 3 10],17,-1,71,-1,52
1,<environment.Job instance at 0x7f9d1146a140>,33,16,[9 3],34,-1,69,-1,53
1,<environment.Job instance at 0x7f9d1146a0a0>,31,13,[4 5],32,-1,66,-1,53
1,<environment.Job instance at 0x7f9d1146a1e0>,34,20,[5 3],35,-1,73,-1,53
1,<environment.Job instance at 0x7f9d114672d0>,27,25,[14  4],28,-1,79,-1,54
1,<environment.Job instance at 0x7f9d1146a780>,43,14,[10  1],44,-1,73,-1,59
1,<environment.Job instance at 0x7f9d1146a8c0>,45,28,[6 4],46,-1,87,-1,59
1,<environment.Job instance at 0x7f9d1146a960>,46,17,[ 5 12],47,-1,76,-1,59
1,<environment.Job instance at 0x7f9d11467e60>,29,24,[5 1],30,-1,83,-1,59
1,<environment.Job instance at 0x7f9d1146ab40>,48,25,[5 4],49,-1,84,-1,59
1,<environment.Job instance at 0x7f9d1146abe0>,49,23,[2 6],50,-1,82,-1,59
1,<environment.Job instance at 0x7f9d1146a320>,36,16,[8 1],37,-1,78,-1,62
1,<environment.Job instance at 0x7f9d1146ad20>,51,24,[ 1 11],52,-1,86,-1,62
1,<environment.Job instance at 0x7f9d1146aaa0>,50,13,[12  1],51,-1,77,-1,64
1,<environment.Job instance at 0x7f9d1146ae60>,52,27,[9 1],53,-1,91,-1,64
1,<environment.Job instance at 0x7f9d11467460>,14,21,[ 3 11],15,-1,85,-1,64
1,<environment.Job instance at 0x7f9d1146aa00>,47,16,[6 2],48,-1,80,-1,64
1,<environment.Job instance at 0x7f9d1146a820>,44,14,[8 4],45,-1,78,-1,64
1,<environment.Job instance at 0x7f9d11468460>,56,17,[6 4],57,-1,81,-1,64
1,<environment.Job instance at 0x7f9d1146af00>,53,22,[9 5],54,-1,86,-1,64
1,<environment.Job instance at 0x7f9d1146a6e0>,42,24,[ 4 14],43,-1,93,-1,69
1,<environment.Job instance at 0x7f9d114685a0>,57,15,[6 5],58,-1,86,-1,71
1,<environment.Job instance at 0x7f9d11468a50>,64,20,[9 1],65,-1,97,-1,77
1,<environment.Job instance at 0x7f9d1aaac870>,4,24,[ 3 11],5,-1,29,-1,5
1,<environment.Job instance at 0x7f9d1146d230>,8,24,[ 2 10],9,-1,45,-1,21
1,<environment.Job instance at 0x7f9d1146d3c0>,12,13,[ 2 12],13,-1,34,-1,21
1,<environment.Job instance at 0x7f9d114710a0>,14,21,[ 3 11],15,-1,43,-1,22
1,<environment.Job instance at 0x7f9d11471320>,17,18,[ 5 13],18,-1,40,-1,22
1,<environment.Job instance at 0x7f9d11471460>,20,21,[13  5],21,-1,56,-1,35
1,<environment.Job instance at 0x7f9d11471550>,24,2,[ 3 12],25,-1,51,-1,49
1,<environment.Job instance at 0x7f9d11471a00>,27,25,[14  4],28,-1,74,-1,49
1,<environment.Job instance at 0x7f9d1145d050>,29,24,[5 1],30,-1,89,-1,65
1,<environment.Job instance at 0x7f9d10baaa00>,0,19,[8 4],1,-1,20,-1,1
1,<environment.Job instance at 0x7f9d10baaa50>,1,17,[2 7],2,-1,20,-1,3
1,<environment.Job instance at 0x7f9d10babd70>,4,21,[ 1 10],5,-1,27,-1,6
1,<environment.Job instance at 0x7f9d10baaf00>,5,18,[ 5 12],6,-1,24,-1,6
1,<environment.Job instance at 0x7f9d10ba1a50>,14,22,[5 8],15,-1,51,-1,29
1,<environment.Job instance at 0x7f9d10d0d690>,20,22,[2 8],21,-1,75,-1,53
1,<environment.Job instance at 0x7f9d10d0a0a0>,28,15,[9 4],29,-1,68,-1,53
1,<environment.Job instance at 0x7f9d10d0a4b0>,29,27,[5 8],30,-1,80,-1,53
1,<environment.Job instance at 0x7f9d10d242d0>,23,17,[ 2 10],24,-1,73,-1,56
1,<environment.Job instance at 0x7f9d10d8c410>,15,24,[2 5],16,-1,81,-1,57
1,<environment.Job instance at 0x7f9d10d0a190>,31,13,[12  3],32,-1,71,-1,58
1,<environment.Job instance at 0x7f9d10d0a960>,35,17,[4 8],36,-1,76,-1,59
1,<environment.Job instance at 0x7f9d10d0ad20>,33,12,[6 5],34,-1,71,-1,59
1,<environment.Job instance at 0x7f9d10d0ae10>,34,28,[7 4],35,-1,87,-1,59
1,<environment.Job instance at 0x7f9d10d0a1e0>,32,14,[3 7],33,-1,74,-1,60
1,<environment.Job instance at 0x7f9d10cf9230>,39,15,[9 2],40,-1,75,-1,60
1,<environment.Job instance at 0x7f9d10cffe10>,42,16,[1 8],43,-1,76,-1,60
1,<environment.Job instance at 0x7f9d10cffeb0>,43,24,[5 6],44,-1,86,-1,62
1,<environment.Job instance at 0x7f9d10cf9a00>,40,18,[ 3 12],41,-1,80,-1,62
1,<environment.Job instance at 0x7f9d10cff6e0>,44,18,[11  5],45,-1,80,-1,62
1,<environment.Job instance at 0x7f9d10aced20>,46,22,[10  1],47,-1,84,-1,62
1,<environment.Job instance at 0x7f9d10cf92d0>,38,14,[9 1],39,-1,76,-1,62
1,<environment.Job instance at 0x7f9d10a2bc80>,48,19,[4 7],49,-1,81,-1,62
1,<environment.Job instance at 0x7f9d10a2bfa0>,50,16,[9 4],51,-1,79,-1,63
1,<environment.Job instance at 0x7f9d10bade10>,45,14,[14  1],46,-1,77,-1,63
1,<environment.Job instance at 0x7f9d10bab730>,9,18,[ 4 11],10,-1,96,-1,78
1,<environment.Job instance at 0x7f9d10c82fa0>,3,17,[ 4 14],4,-1,21,-1,4
1,<environment.Job instance at 0x7f9d10c635f0>,5,18,[ 5 12],6,-1,24,-1,6
1,<environment.Job instance at 0x7f9d10c886e0>,6,12,[ 3 14],7,-1,19,-1,7
1,<environment.Job instance at 0x7f9d10c171e0>,9,18,[ 4 11],10,-1,28,-1,10
1,<environment.Job instance at 0x7f9d10c17be0>,11,14,[12  2],12,-1,33,-1,19
1,<environment.Job instance at 0x7f9d10c11e10>,13,27,[12  1],14,-1,46,-1,19
1,<environment.Job instance at 0x7f9d10c11f50>,15,24,[2 5],16,-1,44,-1,20
1,<environment.Job instance at 0x7f9d10c1c9b0>,16,12,[ 4 14],17,-1,32,-1,20
1,<environment.Job instance at 0x7f9d10c84f00>,21,18,[12  3],22,-1,41,-1,23
1,<environment.Job instance at 0x7f9d10c84d20>,22,13,[ 5 12],23,-1,36,-1,23
1,<environment.Job instance at 0x7f9d10c14dc0>,29,27,[5 8],30,-1,89,-1,62
1,<environment.Job instance at 0x7f9d10c14e60>,31,13,[12  3],32,-1,75,-1,62
1,<environment.Job instance at 0x7f9d10c2a050>,34,28,[7 4],35,-1,99,-1,71
1,<environment.Job instance at 0x7f9d10a12500>,1,17,[3 8],2,-1,19,-1,2
1,<environment.Job instance at 0x7f9d10a12e10>,2,16,[3 9],3,-1,19,-1,3
1,<environment.Job instance at 0x7f9d10a8d2d0>,12,18,[4 6],13,-1,42,-1,24
1,<environment.Job instance at 0x7f9d10a12a00>,0,2,[14  2],1,-1,3,-1,1
1,<environment.Job instance at 0x7f9d10a74280>,3,20,[14  2],4,-1,24,-1,4
1,<environment.Job instance at 0x7f9d10a12550>,5,2,[ 1 14],6,-1,8,-1,6
1,<environment.Job instance at 0x7f9d10a19c30>,6,16,[12  1],7,-1,23,-1,7
1,<environment.Job instance at 0x7f9d10a19e10>,7,15,[ 4 14],8,-1,23,-1,8
1,<environment.Job instance at 0x7f9d10a19d70>,9,3,[ 5 11],10,-1,13,-1,10
1,<environment.Job instance at 0x7f9d10a19dc0>,10,22,[11  3],11,-1,33,-1,11
1,<environment.Job instance at 0x7f9d10a19640>,11,18,[11  2],12,-1,30,-1,12
1,<environment.Job instance at 0x7f9d10a196e0>,16,19,[ 5 14],17,-1,38,-1,19
1,<environment.Job instance at 0x7f9d10a194b0>,18,27,[9 4],19,-1,59,-1,32
1,<environment.Job instance at 0x7f9d10a193c0>,19,25,[3 9],20,-1,57,-1,32
1,<environment.Job instance at 0x7f9d10a197d0>,23,23,[ 2 14],24,-1,56,-1,33
1,<environment.Job instance at 0x7f9d10a893c0>,24,12,[ 2 11],25,-1,45,-1,33
1,<environment.Job instance at 0x7f9d10a89910>,28,28,[4 7],29,-1,75,-1,47
1,<environment.Job instance at 0x7f9d10a89780>,29,26,[3 6],30,-1,73,-1,47
1,<environment.Job instance at 0x7f9d10a89f50>,30,12,[11  1],31,-1,59,-1,47
1,<environment.Job instance at 0x7f9d10a89cd0>,31,12,[ 5 11],32,-1,59,-1,47
1,<environment.Job instance at 0x7f9d10a899b0>,34,2,[ 1 11],35,-1,50,-1,48
1,<environment.Job instance at 0x7f9d10a89dc0>,40,23,[5 8],41,-1,99,-1,76
1,<environment.Job instance at 0x7f9d10a89e60>,41,21,[ 4 11],42,-1,97,-1,76
1,<environment.Job instance at 0x7f9d10a890a0>,42,2,[ 3 12],43,-1,78,-1,76
1,<environment.Job instance at 0x7f9d10eaba00>,1,22,[5 8],2,-1,24,-1,2
1,<environment.Job instance at 0x7f9d10eab9b0>,2,16,[7 4],3,-1,20,-1,4
1,<environment.Job instance at 0x7f9d10a6ffa0>,3,16,[9 4],4,-1,20,-1,4
1,<environment.Job instance at 0x7f9d10a76370>,12,17,[8 5],13,-1,30,-1,13
1,<environment.Job instance at 0x7f9d10a5e8c0>,22,23,[1 7],23,-1,51,-1,28
1,<environment.Job instance at 0x7f9d1ac1c050>,0,24,[11  3],1,-1,25,-1,1
1,<environment.Job instance at 0x7f9d1ac21af0>,4,28,[13  3],5,-1,33,-1,5
1,<environment.Job instance at 0x7f9d10a19e60>,7,18,[ 1 13],8,-1,26,-1,8
1,<environment.Job instance at 0x7f9d10a19af0>,8,24,[ 5 11],9,-1,33,-1,9
1,<environment.Job instance at 0x7f9d10a19140>,11,16,[ 2 13],12,-1,35,-1,19
1,<environment.Job instance at 0x7f9d10a19c80>,13,2,[ 5 11],14,-1,21,-1,19
1,<environment.Job instance at 0x7f9d10a19050>,15,13,[11  1],16,-1,37,-1,24
1,<environment.Job instance at 0x7f9d10a19550>,23,12,[12  2],24,-1,63,-1,51
1,<environment.Job instance at 0x7f9d10a19c30>,22,23,[1 7],23,-1,77,-1,54
1,<environment.Job instance at 0x7f9d10a764b0>,25,2,[14  3],26,-1,56,-1,54
1,<environment.Job instance at 0x7f9d10a760f0>,26,19,[ 3 14],27,-1,73,-1,54
1,<environment.Job instance at 0x7f9d10f54140>,27,2,[14  5],28,-1,56,-1,54
1,<environment.Job instance at 0x7f9d10a5eaa0>,30,12,[12  4],31,-1,66,-1,54
1,<environment.Job instance at 0x7f9d10fc06e0>,38,27,[ 3 13],39,-1,102,-1,75
1,<environment.Job instance at 0x7f9d10fc0690>,39,20,[14  3],40,-1,95,-1,75
1,<environment.Job instance at 0x7f9d10fc0cd0>,41,14,[ 4 13],42,-1,90,-1,76
1,<environment.Job instance at 0x7f9d10fc0b90>,42,1,[ 5 14],43,-1,77,-1,76
1,<environment.Job instance at 0x7f9d10a89fa0>,1,25,[5 1],2,-1,27,-1,2
1,<environment.Job instance at 0x7f9d118cac80>,2,17,[4 8],3,-1,20,-1,3
1,<environment.Job instance at 0x7f9d118caaf0>,3,14,[ 3 10],4,-1,18,-1,4
1,<environment.Job instance at 0x7f9d118ccd20>,13,13,[ 4 10],14,-1,27,-1,14
1,<environment.Job instance at 0x7f9d118ccd70>,14,16,[2 8],15,-1,31,-1,15
1,<environment.Job instance at 0x7f9d10e49c30>,15,24,[6 1],16,-1,40,-1,16
1,<environment.Job instance at 0x7f9d10a7a230>,1,25,[5 1],2,-1,27,-1,2
1,<environment.Job instance at 0x7f9d10e2f640>,4,18,[ 4 13],5,-1,23,-1,5
1,<environment.Job instance at 0x7f9d10a7a690>,6,15,[13  4],7,-1,22,-1,7
1,<environment.Job instance at 0x7f9d10a7a730>,8,24,[ 2 13],9,-1,33,-1,9
1,<environment.Job instance at 0x7f9d10fe3140>,9,3,[ 2 14],10,-1,13,-1,10
1,<environment.Job instance at 0x7f9d10fe3c30>,10,16,[ 5 13],11,-1,27,-1,11
1,<environment.Job instance at 0x7f9d10a7a0a0>,5,24,[9 3],6,-1,39,-1,15
1,<environment.Job instance at 0x7f9d10fe3820>,15,24,[6 1],16,-1,44,-1,20
1,<environment.Job instance at 0x7f9d10fe35f0>,17,18,[13  2],18,-1,38,-1,20
1,<environment.Job instance at 0x7f9d10fc0c30>,18,19,[ 5 13],19,-1,39,-1,20
1,<environment.Job instance at 0x7f9d10fc0b90>,19,28,[3 5],20,-1,48,-1,20
1,<environment.Job instance at 0x7f9d10fc0d70>,22,26,[5 3],23,-1,49,-1,23
1,<environment.Job instance at 0x7f9d10f54140>,23,18,[11  4],24,-1,51,-1,33
1,<environment.Job instance at 0x7f9d10eab690>,24,15,[ 3 11],25,-1,48,-1,33
1,<environment.Job instance at 0x7f9d10fc0690>,26,27,[2 8],27,-1,76,-1,49
1,<environment.Job instance at 0x7f9d10a5eb90>,27,12,[ 3 11],28,-1,61,-1,49
1,<environment.Job instance at 0x7f9d10a76320>,30,24,[ 5 11],31,-1,73,-1,49
1,<environment.Job instance at 0x7f9d1ac1c8c0>,32,27,[4 6],33,-1,89,-1,62
1,<environment.Job instance at 0x7f9d1ac1c3c0>,33,1,[ 2 11],34,-1,63,-1,62
1,<environment.Job instance at 0x7f9d1ac21690>,35,15,[13  3],36,-1,77,-1,62
1,<environment.Job instance at 0x7f9d1ac21280>,36,12,[14  2],37,-1,74,-1,62
1,<environment.Job instance at 0x7f9d1ac21730>,37,1,[ 2 11],38,-1,63,-1,62
1,<environment.Job instance at 0x7f9d1ac21190>,39,15,[12  5],40,-1,91,-1,76
1,<environment.Job instance at 0x7f9d1ac212d0>,40,16,[ 3 12],41,-1,92,-1,76
1,<environment.Job instance at 0x7f9d10a195f0>,41,16,[ 3 12],42,-1,92,-1,76
1,<environment.Job instance at 0x7f9d10a19b40>,43,27,[5 1],44,-1,103,-1,76
1,<environment.Job instance at 0x7f9d10a19d70>,44,25,[10  4],45,-1,101,-1,76
1,<environment.Job instance at 0x7f9d10a19fa0>,45,26,[5 4],46,-1,102,-1,76
1,<environment.Job instance at 0x7f9d10a19f00>,48,12,[ 2 11],49,-1,91,-1,79
1,<environment.Job instance at 0x7f9d1ac21410>,0,13,[14  4],1,-1,14,-1,1
1,<environment.Job instance at 0x7f9d1ac21190>,2,16,[ 1 11],3,-1,19,-1,3
1,<environment.Job instance at 0x7f9d1ac21050>,3,26,[12  3],4,-1,30,-1,4
1,<environment.Job instance at 0x7f9d10a764b0>,5,17,[ 4 13],6,-1,23,-1,6
1,<environment.Job instance at 0x7f9d11278a00>,7,28,[1 9],8,-1,47,-1,19
1,<environment.Job instance at 0x7f9d11f9c640>,13,18,[14  3],14,-1,37,-1,19
1,<environment.Job instance at 0x7f9d10e2f640>,8,26,[7 3],9,-1,47,-1,21
1,<environment.Job instance at 0x7f9d11fac500>,18,25,[9 1],19,-1,64,-1,39
1,<environment.Job instance at 0x7f9d11facaa0>,22,23,[2 8],23,-1,68,-1,45
1,<environment.Job instance at 0x7f9d11facd70>,23,16,[11  1],24,-1,61,-1,45
1,<environment.Job instance at 0x7f9d11fac1e0>,25,14,[11  5],26,-1,59,-1,45
1,<environment.Job instance at 0x7f9d11fac5f0>,26,13,[ 1 11],27,-1,58,-1,45
1,<environment.Job instance at 0x7f9d11fac2d0>,28,25,[6 1],29,-1,83,-1,58
1,<environment.Job instance at 0x7f9d11fac9b0>,29,15,[ 3 12],30,-1,73,-1,58
1,<environment.Job instance at 0x7f9d11c5bfa0>,30,18,[13  2],31,-1,76,-1,58
1,<environment.Job instance at 0x7f9d11c5b9b0>,33,28,[11  3],34,-1,87,-1,59
1,<environment.Job instance at 0x7f9d11c5bcd0>,35,28,[ 4 10],36,-1,95,-1,67
1,<environment.Job instance at 0x7f9d11c6e230>,0,21,[5 6],1,-1,22,-1,1
1,<environment.Job instance at 0x7f9d118cc140>,15,14,[8 2],16,-1,30,-1,16
1,<environment.Job instance at 0x7f9d11c579b0>,24,25,[ 3 10],25,-1,58,-1,33
1,<environment.Job instance at 0x7f9d11c57500>,19,18,[6 2],20,-1,71,-1,53
1,<environment.Job instance at 0x7f9d11c57be0>,29,18,[11  5],30,-1,71,-1,53
1,<environment.Job instance at 0x7f9d11c57460>,20,21,[9 1],21,-1,74,-1,53
1,<environment.Job instance at 0x7f9d11c57d70>,30,28,[7 2],31,-1,81,-1,53
1,<environment.Job instance at 0x7f9d11c57fa0>,33,18,[5 7],34,-1,71,-1,53
1,<environment.Job instance at 0x7f9d10e37af0>,5,26,[14  5],6,-1,32,-1,6
1,<environment.Job instance at 0x7f9d112dfaa0>,3,23,[10  3],4,-1,37,-1,14
1,<environment.Job instance at 0x7f9d112dfc80>,4,24,[4 8],5,-1,38,-1,14
1,<environment.Job instance at 0x7f9d10e37870>,12,28,[12  4],13,-1,43,-1,15
1,<environment.Job instance at 0x7f9d10e37730>,13,1,[11  1],14,-1,16,-1,15
1,<environment.Job instance at 0x7f9d10eada00>,17,28,[7 5],18,-1,59,-1,31
1,<environment.Job instance at 0x7f9d10ead0f0>,23,24,[1 9],24,-1,62,-1,38
1,<environment.Job instance at 0x7f9d11c5bd70>,24,25,[ 3 10],25,-1,63,-1,38
1,<environment.Job instance at 0x7f9d11c5b0a0>,27,2,[13  5],28,-1,41,-1,39
1,<environment.Job instance at 0x7f9d11c5b5f0>,29,18,[11  5],30,-1,57,-1,39
1,<environment.Job instance at 0x7f9d11c5b1e0>,30,28,[7 2],31,-1,77,-1,49
1,<environment.Job instance at 0x7f9d11c5b690>,32,25,[5 7],33,-1,74,-1,49
1,<environment.Job instance at 0x7f9d11c5b870>,35,21,[ 5 13],36,-1,78,-1,57
1,<environment.Job instance at 0x7f9d11c5b410>,38,17,[13  2],39,-1,76,-1,59
1,<environment.Job instance at 0x7f9d11c5b370>,39,22,[12  5],40,-1,81,-1,59
1,<environment.Job instance at 0x7f9d11d5a910>,11,14,[9 5],12,-1,42,-1,28
1,<environment.Job instance at 0x7f9d11d5abe0>,18,19,[ 5 10],19,-1,51,-1,32
1,<environment.Job instance at 0x7f9d11d5a410>,13,17,[14  3],14,-1,51,-1,34
1,<environment.Job instance at 0x7f9d11d5a640>,16,24,[10  2],17,-1,58,-1,34
1,<environment.Job instance at 0x7f9d114f7be0>,4,25,[4 9],5,-1,60,-1,35
1,<environment.Job instance at 0x7f9d11d5ae10>,25,24,[5 3],26,-1,59,-1,35
1,<environment.Job instance at 0x7f9d11d5a2d0>,20,28,[ 1 12],21,-1,69,-1,41
1,<environment.Job instance at 0x7f9d11d5a8c0>,21,15,[13  1],22,-1,56,-1,41
1,<environment.Job instance at 0x7f9d11378d20>,34,17,[3 7],35,-1,59,-1,42
1,<environment.Job instance at 0x7f9d11378b40>,35,15,[13  4],36,-1,58,-1,43
1,<environment.Job instance at 0x7f9d11378960>,31,20,[5 3],32,-1,63,-1,43
1,<environment.Job instance at 0x7f9d11378410>,32,12,[4 8],33,-1,58,-1,46
1,<environment.Job instance at 0x7f9d11370fa0>,40,17,[2 7],41,-1,63,-1,46
1,<environment.Job instance at 0x7f9d113703c0>,38,12,[5 5],39,-1,58,-1,46
1,<environment.Job instance at 0x7f9d11370190>,41,14,[4 9],42,-1,60,-1,46
1,<environment.Job instance at 0x7f9d11370af0>,43,24,[9 2],44,-1,96,-1,72
1,<environment.Job instance at 0x7f9d113702d0>,42,18,[14  1],43,-1,90,-1,72
1,<environment.Job instance at 0x7f9d11370e60>,44,12,[4 8],45,-1,84,-1,72
1,<environment.Job instance at 0x7f9d11370d20>,39,26,[14  4],40,-1,101,-1,75
1,<environment.Job instance at 0x7f9d11a3aeb0>,45,15,[ 5 11],46,-1,90,-1,75
1,<environment.Job instance at 0x7f9d11a3ae10>,46,27,[2 7],47,-1,102,-1,75
1,<environment.Job instance at 0x7f9d11fb4820>,1,27,[14  3],2,-1,29,-1,2
1,<environment.Job instance at 0x7f9d11c573c0>,2,18,[ 5 11],3,-1,21,-1,3
1,<environment.Job instance at 0x7f9d11c57320>,5,18,[ 1 12],6,-1,24,-1,6
1,<environment.Job instance at 0x7f9d1ac21190>,4,25,[4 9],5,-1,32,-1,7
1,<environment.Job instance at 0x7f9d10a76780>,10,2,[11  4],11,-1,13,-1,11
1,<environment.Job instance at 0x7f9d10a5e6e0>,13,17,[14  3],14,-1,32,-1,15
1,<environment.Job instance at 0x7f9d11fac5f0>,14,28,[5 5],15,-1,44,-1,16
1,<environment.Job instance at 0x7f9d11fac730>,15,19,[ 1 12],16,-1,35,-1,16
1,<environment.Job instance at 0x7f9d11fac0a0>,17,2,[ 4 13],18,-1,20,-1,18
1,<environment.Job instance at 0x7f9d11fac960>,16,24,[10  2],17,-1,45,-1,21
1,<environment.Job instance at 0x7f9d11fac870>,20,28,[ 1 12],21,-1,49,-1,21
1,<environment.Job instance at 0x7f9d11facb90>,21,15,[13  1],22,-1,37,-1,22
1,<environment.Job instance at 0x7f9d11fac910>,22,2,[ 5 12],23,-1,25,-1,23
1,<environment.Job instance at 0x7f9d11fac2d0>,24,12,[ 4 13],25,-1,37,-1,25
1,<environment.Job instance at 0x7f9d11c5be10>,25,24,[5 3],26,-1,57,-1,33
1,<environment.Job instance at 0x7f9d11c5bfa0>,28,3,[12  3],29,-1,36,-1,33
1,<environment.Job instance at 0x7f9d11c5b4b0>,30,12,[13  4],31,-1,45,-1,33
1,<environment.Job instance at 0x7f9d11c5b230>,35,15,[13  4],36,-1,51,-1,36
1,<environment.Job instance at 0x7f9d11c5b910>,39,26,[14  4],40,-1,78,-1,52
1,<environment.Job instance at 0x7f9d10ead230>,42,18,[14  1],43,-1,79,-1,61
1,<environment.Job instance at 0x7f9d10ead410>,43,24,[9 2],44,-1,99,-1,75
1,<environment.Job instance at 0x7f9d10eada00>,45,15,[ 5 11],46,-1,90,-1,75
1,<environment.Job instance at 0x7f9d10eaddc0>,46,27,[2 7],47,-1,106,-1,79
1,<environment.Job instance at 0x7f9d10eada50>,48,16,[ 3 12],49,-1,95,-1,79
1,<environment.Job instance at 0x7f9d10e37be0>,49,12,[ 3 12],50,-1,91,-1,79
1,<environment.Job instance at 0x7f9d10eadaf0>,50,13,[ 3 12],51,-1,92,-1,79
1,<environment.Job instance at 0x7f9d10e37820>,51,24,[ 4 10],52,-1,103,-1,79
1,<environment.Job instance at 0x7f9d10e373c0>,52,25,[11  2],53,-1,104,-1,79
1,<environment.Job instance at 0x7f9d10e37af0>,53,1,[ 1 14],54,-1,80,-1,79
1,<environment.Job instance at 0x7f9d11f9e320>,9,15,[10  1],10,-1,26,-1,11
1,<environment.Job instance at 0x7f9d11f9e910>,11,23,[6 5],12,-1,35,-1,12
1,<environment.Job instance at 0x7f9d11f9e3c0>,12,17,[2 6],13,-1,30,-1,13
1,<environment.Job instance at 0x7f9d11f9e190>,14,27,[4 6],15,-1,42,-1,15
1,<environment.Job instance at 0x7f9d11795460>,10,20,[4 5],11,-1,36,-1,16
1,<environment.Job instance at 0x7f9d11f9eaa0>,17,21,[9 2],18,-1,40,-1,19
1,<environment.Job instance at 0x7f9d11fb3f50>,19,17,[4 7],20,-1,37,-1,20
1,<environment.Job instance at 0x7f9d11fb3c80>,20,22,[9 1],21,-1,43,-1,21
1,<environment.Job instance at 0x7f9d11fb30a0>,22,16,[10  5],23,-1,39,-1,23
1,<environment.Job instance at 0x7f9d11db6910>,23,15,[10  1],24,-1,39,-1,24
1,<environment.Job instance at 0x7f9d11db60a0>,25,13,[1 8],26,-1,39,-1,26
1,<environment.Job instance at 0x7f9d11db6820>,26,22,[8 4],27,-1,49,-1,27
1,<environment.Job instance at 0x7f9d11db6d70>,27,14,[1 7],28,-1,42,-1,28
1,<environment.Job instance at 0x7f9d11db6b40>,29,22,[7 5],30,-1,52,-1,30
1,<environment.Job instance at 0x7f9d11db63c0>,30,16,[11  3],31,-1,47,-1,31
1,<environment.Job instance at 0x7f9d11db69b0>,31,18,[ 5 10],32,-1,50,-1,32
1,<environment.Job instance at 0x7f9d11db64b0>,33,24,[1 6],34,-1,58,-1,34
1,<environment.Job instance at 0x7f9d10d0daf0>,35,16,[9 4],36,-1,52,-1,36
1,<environment.Job instance at 0x7f9d11c31a00>,1,16,[12  2],2,-1,18,-1,2
1,<environment.Job instance at 0x7f9d11c31820>,2,15,[ 5 12],3,-1,18,-1,3
1,<environment.Job instance at 0x7f9d1200a550>,4,2,[13  3],5,-1,7,-1,5
1,<environment.Job instance at 0x7f9d112d1a50>,6,15,[13  3],7,-1,22,-1,7
1,<environment.Job instance at 0x7f9d10b61f00>,13,2,[ 5 13],14,-1,16,-1,14
1,<environment.Job instance at 0x7f9d10b61dc0>,11,23,[6 5],12,-1,41,-1,18
1,<environment.Job instance at 0x7f9d1187c500>,18,22,[ 3 12],19,-1,45,-1,23
1,<environment.Job instance at 0x7f9d11507640>,14,27,[4 6],15,-1,57,-1,30
1,<environment.Job instance at 0x7f9d1187caf0>,21,17,[ 2 12],22,-1,47,-1,30
1,<environment.Job instance at 0x7f9d116d15f0>,30,16,[11  3],31,-1,66,-1,50
1,<environment.Job instance at 0x7f9d11153910>,34,16,[14  5],35,-1,77,-1,61
1,<environment.Job instance at 0x7f9d11153eb0>,33,24,[1 6],34,-1,87,-1,63
1,<environment.Job instance at 0x7f9d110cf2d0>,0,26,[1 6],1,-1,27,-1,1
1,<environment.Job instance at 0x7f9d110cf910>,1,23,[5 5],2,-1,25,-1,2
1,<environment.Job instance at 0x7f9d11729e10>,4,15,[10  3],5,-1,22,-1,7
1,<environment.Job instance at 0x7f9d11729230>,6,13,[11  4],7,-1,20,-1,7
1,<environment.Job instance at 0x7f9d11a41be0>,13,16,[9 4],14,-1,31,-1,15
1,<environment.Job instance at 0x7f9d117299b0>,14,18,[10  1],15,-1,33,-1,15
1,<environment.Job instance at 0x7f9d11a41550>,16,12,[9 1],17,-1,30,-1,18
1,<environment.Job instance at 0x7f9d11a41370>,17,26,[3 6],18,-1,46,-1,20
1,<environment.Job instance at 0x7f9d11a41140>,22,24,[10  4],23,-1,59,-1,35
1,<environment.Job instance at 0x7f9d11538410>,27,25,[7 5],28,-1,89,-1,64
1,<environment.Job instance at 0x7f9d11538f00>,28,21,[7 5],29,-1,85,-1,64
1,<environment.Job instance at 0x7f9d11538e60>,32,28,[8 5],33,-1,92,-1,64
1,<environment.Job instance at 0x7f9d115380f0>,31,23,[9 4],32,-1,87,-1,64
1,<environment.Job instance at 0x7f9d11538c30>,33,12,[5 8],34,-1,76,-1,64
1,<environment.Job instance at 0x7f9d11538280>,37,12,[2 7],38,-1,76,-1,64
1,<environment.Job instance at 0x7f9d11538fa0>,38,14,[ 4 10],39,-1,78,-1,64
1,<environment.Job instance at 0x7f9d11538c80>,39,18,[4 6],40,-1,83,-1,65
1,<environment.Job instance at 0x7f9d11a41820>,24,17,[ 2 11],25,-1,82,-1,65
1,<environment.Job instance at 0x7f9d115380a0>,34,23,[8 4],35,-1,88,-1,65
1,<environment.Job instance at 0x7f9d115384b0>,42,12,[11  5],43,-1,79,-1,67
1,<environment.Job instance at 0x7f9d11538140>,40,20,[9 4],41,-1,87,-1,67
1,<environment.Job instance at 0x7f9d1ab537d0>,45,25,[12  1],46,-1,92,-1,67
1,<environment.Job instance at 0x7f9d11538640>,43,16,[3 8],44,-1,84,-1,68
1,<environment.Job instance at 0x7f9d1ab53460>,48,19,[ 4 11],49,-1,87,-1,68
1,<environment.Job instance at 0x7f9d1ab53870>,49,24,[9 5],50,-1,93,-1,69
1,<environment.Job instance at 0x7f9d11538230>,41,20,[5 1],42,-1,92,-1,72
1,<environment.Job instance at 0x7f9d1ab53910>,47,16,[6 2],48,-1,88,-1,72
1,<environment.Job instance at 0x7f9d1ab53be0>,50,16,[7 2],51,-1,88,-1,72
1,<environment.Job instance at 0x7f9d1ab53a00>,51,16,[ 3 10],52,-1,88,-1,72
1,<environment.Job instance at 0x7f9d11a41b40>,21,13,[13  4],22,-1,85,-1,72
1,<environment.Job instance at 0x7f9d11586500>,0,26,[1 6],1,-1,27,-1,1
1,<environment.Job instance at 0x7f9d112d0eb0>,1,23,[5 5],2,-1,25,-1,2
1,<environment.Job instance at 0x7f9d112d0c80>,2,1,[12  2],3,-1,4,-1,3
1,<environment.Job instance at 0x7f9d11586be0>,3,15,[14  2],4,-1,19,-1,4
1,<environment.Job instance at 0x7f9d112d0690>,5,3,[12  1],6,-1,9,-1,6
1,<environment.Job instance at 0x7f9d11bef190>,6,13,[11  4],7,-1,20,-1,7
1,<environment.Job instance at 0x7f9d11bef870>,8,3,[14  3],9,-1,12,-1,9
1,<environment.Job instance at 0x7f9d11be5c80>,9,1,[14  5],10,-1,11,-1,10
1,<environment.Job instance at 0x7f9d11c045a0>,7,28,[6 1],8,-1,48,-1,20
1,<environment.Job instance at 0x7f9d10db0050>,10,27,[10  3],11,-1,47,-1,20
1,<environment.Job instance at 0x7f9d11a3a500>,17,26,[3 6],18,-1,46,-1,20
1,<environment.Job instance at 0x7f9d119ca1e0>,19,21,[ 1 12],20,-1,41,-1,20
1,<environment.Job instance at 0x7f9d11a3a910>,21,13,[13  4],22,-1,35,-1,22
1,<environment.Job instance at 0x7f9d11153230>,24,17,[ 2 11],25,-1,42,-1,25
1,<environment.Job instance at 0x7f9d11153550>,26,1,[ 2 11],27,-1,28,-1,27
1,<environment.Job instance at 0x7f9d11153780>,22,24,[10  4],23,-1,57,-1,33
1,<environment.Job instance at 0x7f9d115eb230>,29,2,[ 2 13],30,-1,35,-1,33
1,<environment.Job instance at 0x7f9d115ebb40>,30,14,[ 1 13],31,-1,47,-1,33
1,<environment.Job instance at 0x7f9d11280320>,31,23,[9 4],32,-1,56,-1,33
1,<environment.Job instance at 0x7f9d112805a0>,32,28,[8 5],33,-1,61,-1,33
1,<environment.Job instance at 0x7f9d116d1be0>,27,25,[7 5],28,-1,58,-1,33
1,<environment.Job instance at 0x7f9d11511eb0>,34,23,[8 4],35,-1,72,-1,49
1,<environment.Job instance at 0x7f9d112d16e0>,42,12,[11  5],43,-1,77,-1,65
1,<environment.Job instance at 0x7f9d115244b0>,45,25,[12  1],46,-1,100,-1,75
1,<environment.Job instance at 0x7f9d11663aa0>,0,16,[9 4],1,-1,18,-1,2
1,<environment.Job instance at 0x7f9d114a15a0>,2,14,[ 2 10],3,-1,17,-1,3
1,<environment.Job instance at 0x7f9d114a1280>,3,25,[3 9],4,-1,29,-1,4
1,<environment.Job instance at 0x7f9d114a1960>,4,16,[ 3 10],5,-1,21,-1,5
1,<environment.Job instance at 0x7f9d114a1230>,5,18,[5 5],6,-1,24,-1,6
1,<environment.Job instance at 0x7f9d11139460>,6,16,[5 5],7,-1,23,-1,7
1,<environment.Job instance at 0x7f9d11139eb0>,7,17,[ 3 10],8,-1,25,-1,8
1,<environment.Job instance at 0x7f9d11f895a0>,8,13,[3 9],9,-1,22,-1,9
1,<environment.Job instance at 0x7f9d11f896e0>,9,2,[ 3 10],10,-1,12,-1,10
1,<environment.Job instance at 0x7f9d112a9e10>,10,18,[1 5],11,-1,29,-1,11
1,<environment.Job instance at 0x7f9d111e1280>,11,18,[9 5],12,-1,30,-1,12
1,<environment.Job instance at 0x7f9d111e1fa0>,12,19,[4 5],13,-1,32,-1,13
1,<environment.Job instance at 0x7f9d111e1d70>,13,3,[1 9],14,-1,17,-1,14
1,<environment.Job instance at 0x7f9d111e1c30>,14,13,[11  4],15,-1,28,-1,15
1,<environment.Job instance at 0x7f9d111e1780>,15,12,[2 6],16,-1,28,-1,16
1,<environment.Job instance at 0x7f9d111e1e10>,16,16,[ 2 13],17,-1,33,-1,17
1,<environment.Job instance at 0x7f9d11c577d0>,1,19,[ 5 13],2,-1,36,-1,17
1,<environment.Job instance at 0x7f9d11af51e0>,20,16,[8 3],21,-1,39,-1,23
1,<environment.Job instance at 0x7f9d10860f50>,22,23,[9 4],23,-1,46,-1,23
1,<environment.Job instance at 0x7f9d10860e10>,23,21,[8 2],24,-1,46,-1,25
1,<environment.Job instance at 0x7f9d116ca410>,25,1,[10  1],26,-1,27,-1,26
1,<environment.Job instance at 0x7f9d116cafa0>,26,17,[11  2],27,-1,44,-1,27
1,<environment.Job instance at 0x7f9d10d73780>,27,18,[5 5],28,-1,46,-1,28
1,<environment.Job instance at 0x7f9d10d0ae60>,28,2,[5 9],29,-1,31,-1,29
1,<environment.Job instance at 0x7f9d11976050>,29,28,[10  3],30,-1,58,-1,30
1,<environment.Job instance at 0x7f9d10df58c0>,30,28,[10  4],31,-1,59,-1,31
1,<environment.Job instance at 0x7f9d10df55f0>,31,14,[5 1],32,-1,46,-1,32
1,<environment.Job instance at 0x7f9d10df5fa0>,32,25,[5 7],33,-1,58,-1,33
1,<environment.Job instance at 0x7f9d10df5820>,33,1,[13  3],34,-1,35,-1,34
1,<environment.Job instance at 0x7f9d10b96e10>,34,18,[4 7],35,-1,53,-1,35
1,<environment.Job instance at 0x7f9d119a9eb0>,35,18,[7 1],36,-1,54,-1,36
1,<environment.Job instance at 0x7f9d119a9370>,36,14,[9 1],37,-1,51,-1,37
1,<environment.Job instance at 0x7f9d113640a0>,37,12,[7 1],38,-1,50,-1,38
1,<environment.Job instance at 0x7f9d1187cbe0>,38,18,[8 3],39,-1,57,-1,39
1,<environment.Job instance at 0x7f9d116e1320>,39,28,[3 8],40,-1,68,-1,40
1,<environment.Job instance at 0x7f9d11883c30>,41,15,[6 2],42,-1,57,-1,42
1,<environment.Job instance at 0x7f9d10d34a50>,42,17,[7 4],43,-1,60,-1,43
1,<environment.Job instance at 0x7f9d11481870>,45,17,[3 5],46,-1,63,-1,46
1,<environment.Job instance at 0x7f9d10eebaa0>,46,16,[3 9],47,-1,63,-1,47
1,<environment.Job instance at 0x7f9d10eeb4b0>,49,24,[8 3],50,-1,74,-1,50
1,<environment.Job instance at 0x7f9d116cab90>,52,25,[ 2 14],53,-1,99,-1,74
1,<environment.Job instance at 0x7f9d10eebe10>,54,18,[1 8],55,-1,92,-1,74
1,<environment.Job instance at 0x7f9d11c11190>,59,18,[7 4],60,-1,92,-1,74
1,<environment.Job instance at 0x7f9d10eeb960>,55,18,[2 7],56,-1,92,-1,74
1,<environment.Job instance at 0x7f9d1151e370>,62,18,[6 4],63,-1,92,-1,74
1,<environment.Job instance at 0x7f9d11604320>,1,19,[ 5 13],2,-1,21,-1,2
1,<environment.Job instance at 0x7f9d11604f50>,3,25,[3 9],4,-1,42,-1,17
1,<environment.Job instance at 0x7f9d1187c870>,14,13,[11  4],15,-1,46,-1,33
1,<environment.Job instance at 0x7f9d1187c410>,16,16,[ 2 13],17,-1,64,-1,48
1,<environment.Job instance at 0x7f9d116d1af0>,22,23,[9 4],23,-1,78,-1,55
1,<environment.Job instance at 0x7f9d119ca730>,24,21,[ 5 13],25,-1,76,-1,55
1,<environment.Job instance at 0x7f9d10dd7d70>,26,17,[11  2],27,-1,72,-1,55
1,<environment.Job instance at 0x7f9d1a832eb0>,29,28,[10  3],30,-1,100,-1,72
1,<environment.Job instance at 0x7f9d1ab00dc0>,30,28,[10  4],31,-1,100,-1,72
1,<environment.Job instance at 0x7f9d11c045a0>,33,1,[13  3],34,-1,73,-1,72
1,<environment.Job instance at 0x7f9d11227190>,32,25,[5 7],33,-1,99,-1,74
1,<environment.Job instance at 0x7f9d110cbaa0>,2,21,[10  5],3,-1,24,-1,3
1,<environment.Job instance at 0x7f9d1128fd20>,3,16,[ 2 10],4,-1,20,-1,4
1,<environment.Job instance at 0x7f9d1128f5a0>,4,26,[5 5],5,-1,31,-1,5
1,<environment.Job instance at 0x7f9d1128f050>,5,14,[5 9],6,-1,20,-1,6
1,<environment.Job instance at 0x7f9d1128f280>,6,23,[7 1],7,-1,30,-1,7
1,<environment.Job instance at 0x7f9d1128f2d0>,8,18,[ 5 10],9,-1,27,-1,9
1,<environment.Job instance at 0x7f9d1128f9b0>,9,25,[6 3],10,-1,35,-1,10
1,<environment.Job instance at 0x7f9d1128f690>,10,23,[7 4],11,-1,34,-1,11
1,<environment.Job instance at 0x7f9d11607820>,27,24,[1 6],28,-1,53,-1,29
1,<environment.Job instance at 0x7f9d10df0a00>,28,14,[10  2],29,-1,44,-1,30
1,<environment.Job instance at 0x7f9d1ace55a0>,23,26,[3 8],24,-1,56,-1,30
1,<environment.Job instance at 0x7f9d1161de10>,24,26,[10  5],25,-1,58,-1,32
1,<environment.Job instance at 0x7f9d10df0280>,29,24,[5 8],30,-1,56,-1,32
1,<environment.Job instance at 0x7f9d112dc5f0>,7,14,[12  4],8,-1,28,-1,14
1,<environment.Job instance at 0x7f9d11fcfe10>,4,26,[5 5],5,-1,40,-1,14
1,<environment.Job instance at 0x7f9d112dcfa0>,9,25,[6 3],10,-1,39,-1,14
1,<environment.Job instance at 0x7f9d112dc9b0>,10,23,[7 4],11,-1,37,-1,14
1,<environment.Job instance at 0x7f9d11fcf7d0>,6,23,[7 1],7,-1,37,-1,14
1,<environment.Job instance at 0x7f9d11fe4550>,12,12,[13  4],13,-1,26,-1,14
1,<environment.Job instance at 0x7f9d11fe4cd0>,13,28,[5 4],14,-1,42,-1,14
1,<environment.Job instance at 0x7f9d119c55f0>,15,27,[6 3],16,-1,54,-1,27
1,<environment.Job instance at 0x7f9d119c5910>,16,2,[14  3],17,-1,29,-1,27
1,<environment.Job instance at 0x7f9d11ff8be0>,17,25,[14  5],18,-1,52,-1,27
1,<environment.Job instance at 0x7f9d11ff8d70>,18,2,[ 2 12],19,-1,29,-1,27
1,<environment.Job instance at 0x7f9d120069b0>,19,28,[7 1],20,-1,55,-1,27
1,<environment.Job instance at 0x7f9d12006820>,20,18,[ 3 14],21,-1,45,-1,27
1,<environment.Job instance at 0x7f9d12006a00>,22,1,[ 1 14],23,-1,28,-1,27
1,<environment.Job instance at 0x7f9d11fe8640>,23,26,[3 8],24,-1,54,-1,28
1,<environment.Job instance at 0x7f9d11fe8cd0>,26,1,[12  4],27,-1,31,-1,30
1,<environment.Job instance at 0x7f9d11fdc820>,27,24,[1 6],28,-1,54,-1,30
1,<environment.Job instance at 0x7f9d11fe8500>,24,26,[10  5],25,-1,69,-1,43
1,<environment.Job instance at 0x7f9d11fdc690>,29,24,[5 8],30,-1,72,-1,48
1,<environment.Job instance at 0x7f9d11fd1b40>,35,21,[ 5 14],36,-1,78,-1,57
1,<environment.Job instance at 0x7f9d11193140>,36,21,[ 4 11],37,-1,78,-1,57
1,<environment.Job instance at 0x7f9d11193aa0>,38,23,[8 4],39,-1,89,-1,66
1,<environment.Job instance at 0x7f9d111b6500>,44,24,[6 2],45,-1,94,-1,70
1,<environment.Job instance at 0x7f9d10b9c4b0>,0,2,[ 1 13],1,-1,3,-1,1
1,<environment.Job instance at 0x7f9d10aade10>,2,28,[ 2 14],3,-1,31,-1,3
1,<environment.Job instance at 0x7f9d10aade60>,3,28,[5 1],4,-1,32,-1,4
1,<environment.Job instance at 0x7f9d10ded320>,6,21,[ 1 11],7,-1,28,-1,7
1,<environment.Job instance at 0x7f9d119afbe0>,14,1,[ 2 13],15,-1,28,-1,27
1,<environment.Job instance at 0x7f9d119af500>,15,17,[11  4],16,-1,44,-1,27
1,<environment.Job instance at 0x7f9d11566d70>,16,27,[ 4 13],17,-1,54,-1,27
1,<environment.Job instance at 0x7f9d11566af0>,17,15,[14  1],18,-1,42,-1,27
1,<environment.Job instance at 0x7f9d11a44050>,12,26,[2 9],13,-1,61,-1,35
1,<environment.Job instance at 0x7f9d1074da50>,21,26,[ 4 10],22,-1,61,-1,35
1,<environment.Job instance at 0x7f9d116e9c80>,25,25,[5 5],26,-1,61,-1,36
1,<environment.Job instance at 0x7f9d10c95af0>,26,26,[2 9],27,-1,67,-1,41
1,<environment.Job instance at 0x7f9d10a7d0f0>,28,15,[12  4],29,-1,56,-1,41
1,<environment.Job instance at 0x7f9d10c508c0>,29,27,[10  3],30,-1,68,-1,41
1,<environment.Job instance at 0x7f9d10d93f50>,30,1,[ 1 11],31,-1,42,-1,41
1,<environment.Job instance at 0x7f9d10d93690>,31,18,[ 2 12],32,-1,59,-1,41
1,<environment.Job instance at 0x7f9d11495640>,32,22,[ 2 11],33,-1,63,-1,41
1,<environment.Job instance at 0x7f9d11495230>,33,23,[8 4],34,-1,64,-1,41
1,<environment.Job instance at 0x7f9d11e5b0a0>,35,28,[ 4 10],36,-1,79,-1,51
1,<environment.Job instance at 0x7f9d11bdf370>,38,24,[2 6],39,-1,78,-1,54
1,<environment.Job instance at 0x7f9d1115b640>,0,26,[ 2 11],1,-1,27,-1,1
1,<environment.Job instance at 0x7f9d1115be10>,1,13,[13  4],2,-1,15,-1,2
1,<environment.Job instance at 0x7f9d11599d70>,4,13,[12  4],5,-1,18,-1,5
1,<environment.Job instance at 0x7f9d11599050>,5,17,[ 5 13],6,-1,23,-1,6
1,<environment.Job instance at 0x7f9d11599870>,6,16,[ 5 14],7,-1,23,-1,7
1,<environment.Job instance at 0x7f9d11bdfe60>,9,17,[ 2 14],10,-1,27,-1,10
1,<environment.Job instance at 0x7f9d11bdfc80>,10,18,[11  3],11,-1,29,-1,11
1,<environment.Job instance at 0x7f9d11e5b960>,15,24,[11  3],16,-1,44,-1,20
1,<environment.Job instance at 0x7f9d10d93690>,16,15,[ 5 12],17,-1,35,-1,20
1,<environment.Job instance at 0x7f9d10d93f50>,17,26,[ 1 12],18,-1,46,-1,20
1,<environment.Job instance at 0x7f9d110b7aa0>,7,25,[5 8],8,-1,46,-1,21
1,<environment.Job instance at 0x7f9d1aa2f870>,19,25,[1 8],20,-1,46,-1,21
1,<environment.Job instance at 0x7f9d116e9d70>,20,27,[ 3 12],21,-1,48,-1,21
1,<environment.Job instance at 0x7f9d11a44050>,22,2,[12  4],23,-1,25,-1,23
1,<environment.Job instance at 0x7f9d115660a0>,24,28,[11  4],25,-1,53,-1,25
1,<environment.Job instance at 0x7f9d11e6a0f0>,27,16,[11  2],28,-1,48,-1,32
1,<environment.Job instance at 0x7f9d115f3aa0>,29,13,[13  2],30,-1,47,-1,34
1,<environment.Job instance at 0x7f9d11566d70>,25,26,[5 7],26,-1,63,-1,37
1,<environment.Job instance at 0x7f9d10f4e410>,31,15,[ 5 12],32,-1,52,-1,37
1,<environment.Job instance at 0x7f9d11e1e5f0>,42,15,[12  2],43,-1,79,-1,64
1,<environment.Job instance at 0x7f9d11e1e730>,46,15,[ 3 13],47,-1,93,-1,78
1,<environment.Job instance at 0x7f9d113df8c0>,1,23,[2 6],2,-1,25,-1,2
1,<environment.Job instance at 0x7f9d10e3ea50>,4,22,[6 5],5,-1,27,-1,5
1,<environment.Job instance at 0x7f9d110f0460>,1,23,[2 6],2,-1,25,-1,2
1,<environment.Job instance at 0x7f9d110f0780>,2,15,[ 3 13],3,-1,18,-1,3
1,<environment.Job instance at 0x7f9d110f0730>,6,13,[11  4],7,-1,20,-1,7
1,<environment.Job instance at 0x7f9d110f0dc0>,7,17,[ 3 12],8,-1,25,-1,8
1,<environment.Job instance at 0x7f9d110f0910>,10,2,[12  2],11,-1,13,-1,11
1,<environment.Job instance at 0x7f9d110f0c80>,11,17,[13  5],12,-1,29,-1,12
1,<environment.Job instance at 0x7f9d110f0eb0>,5,24,[9 2],6,-1,43,-1,19
1,<environment.Job instance at 0x7f9d1065fa00>,14,15,[ 5 12],15,-1,34,-1,19
1,<environment.Job instance at 0x7f9d1065f5f0>,19,25,[10  5],20,-1,52,-1,27
1,<environment.Job instance at 0x7f9d11e1ef50>,23,28,[4 6],24,-1,57,-1,29
1,<environment.Job instance at 0x7f9d11e1ef00>,24,26,[2 6],25,-1,55,-1,29
1,<environment.Job instance at 0x7f9d11e1e5a0>,26,15,[14  4],27,-1,44,-1,29
1,<environment.Job instance at 0x7f9d11e1ebe0>,27,13,[13  5],28,-1,42,-1,29
1,<environment.Job instance at 0x7f9d11e1e460>,32,1,[ 1 13],33,-1,42,-1,41
1,<environment.Job instance at 0x7f9d11e1ec80>,33,26,[8 2],34,-1,71,-1,45
1,<environment.Job instance at 0x7f9d11fa03c0>,34,26,[5 7],35,-1,82,-1,56
1,<environment.Job instance at 0x7f9d10f4e640>,36,26,[11  1],37,-1,82,-1,56
1,<environment.Job instance at 0x7f9d115678c0>,42,18,[ 1 12],43,-1,88,-1,70
1,<environment.Job instance at 0x7f9d11567230>,43,15,[ 3 11],44,-1,85,-1,70
1,<environment.Job instance at 0x7f9d11281e60>,1,15,[9 2],2,-1,18,-1,3
1,<environment.Job instance at 0x7f9d11281910>,2,19,[11  3],3,-1,22,-1,3
1,<environment.Job instance at 0x7f9d11281b40>,8,13,[8 4],9,-1,26,-1,13
1,<environment.Job instance at 0x7f9d11281eb0>,9,26,[13  5],10,-1,55,-1,29
1,<environment.Job instance at 0x7f9d11281cd0>,4,21,[12  1],5,-1,50,-1,29
1,<environment.Job instance at 0x7f9d10e4deb0>,15,13,[12  1],16,-1,52,-1,39
1,<environment.Job instance at 0x7f9d10e4daf0>,14,13,[8 2],15,-1,52,-1,39
1,<environment.Job instance at 0x7f9d10e4de10>,16,16,[ 5 11],17,-1,56,-1,40
1,<environment.Job instance at 0x7f9d11b9b1e0>,20,19,[ 5 13],21,-1,59,-1,40
1,<environment.Job instance at 0x7f9d11b9baf0>,17,16,[11  4],18,-1,56,-1,40
1,<environment.Job instance at 0x7f9d11b9b3c0>,21,24,[2 5],22,-1,67,-1,43
1,<environment.Job instance at 0x7f9d10755e60>,24,17,[9 2],25,-1,67,-1,50
1,<environment.Job instance at 0x7f9d10755c80>,26,26,[9 2],27,-1,76,-1,50
1,<environment.Job instance at 0x7f9d11281be0>,11,22,[ 5 10],12,-1,72,-1,50
1,<environment.Job instance at 0x7f9d10755f50>,25,26,[ 3 12],26,-1,76,-1,50
1,<environment.Job instance at 0x7f9d11281c80>,6,26,[1 9],7,-1,76,-1,50
1,<environment.Job instance at 0x7f9d107553c0>,29,28,[2 7],30,-1,78,-1,50
1,<environment.Job instance at 0x7f9d11b9b280>,19,20,[8 1],20,-1,71,-1,51
1,<environment.Job instance at 0x7f9d10755af0>,32,17,[ 3 13],33,-1,68,-1,51
1,<environment.Job instance at 0x7f9d10755c30>,30,18,[8 1],31,-1,70,-1,52
1,<environment.Job instance at 0x7f9d10755870>,33,28,[3 7],34,-1,80,-1,52
1,<environment.Job instance at 0x7f9d10755e10>,31,15,[6 1],32,-1,67,-1,52
1,<environment.Job instance at 0x7f9d107554b0>,36,18,[3 5],37,-1,70,-1,52
1,<environment.Job instance at 0x7f9d107551e0>,39,14,[ 5 13],40,-1,66,-1,52
1,<environment.Job instance at 0x7f9d10755230>,40,16,[9 2],41,-1,68,-1,52
1,<environment.Job instance at 0x7f9d107556e0>,41,21,[9 4],42,-1,73,-1,52
1,<environment.Job instance at 0x7f9d11b9b550>,18,24,[3 5],19,-1,76,-1,52
1,<environment.Job instance at 0x7f9d11281a50>,5,18,[12  4],6,-1,71,-1,53
1,<environment.Job instance at 0x7f9d11bb5820>,44,20,[11  4],45,-1,73,-1,53
1,<environment.Job instance at 0x7f9d11bb5aa0>,45,27,[6 1],46,-1,80,-1,53
1,<environment.Job instance at 0x7f9d10755190>,37,14,[ 4 10],38,-1,67,-1,53
1,<environment.Job instance at 0x7f9d11bb5e60>,47,22,[1 7],48,-1,75,-1,53
1,<environment.Job instance at 0x7f9d10755b90>,28,16,[13  4],29,-1,69,-1,53
1,<environment.Job instance at 0x7f9d11bb5320>,42,21,[5 1],43,-1,74,-1,53
1,<environment.Job instance at 0x7f9d11bb5a50>,51,27,[10  1],52,-1,87,-1,60
1,<environment.Job instance at 0x7f9d10755370>,34,20,[11  2],35,-1,81,-1,61
1,<environment.Job instance at 0x7f9d11bb5d20>,48,23,[2 6],49,-1,86,-1,63
1,<environment.Job instance at 0x7f9d10745f00>,54,17,[10  4],55,-1,80,-1,63
1,<environment.Job instance at 0x7f9d10745e60>,56,18,[7 4],57,-1,96,-1,78
1,<environment.Job instance at 0x7f9d10e4da50>,0,3,[ 2 14],1,-1,4,-1,1
1,<environment.Job instance at 0x7f9d10e4d3c0>,2,19,[11  3],3,-1,22,-1,3
1,<environment.Job instance at 0x7f9d10e4d9b0>,3,18,[ 5 11],4,-1,22,-1,4
1,<environment.Job instance at 0x7f9d10e4d1e0>,4,21,[12  1],5,-1,26,-1,5
1,<environment.Job instance at 0x7f9d11bb5f50>,5,18,[12  4],6,-1,24,-1,6
1,<environment.Job instance at 0x7f9d107457d0>,6,26,[1 9],7,-1,33,-1,7
1,<environment.Job instance at 0x7f9d112810f0>,9,26,[13  5],10,-1,36,-1,10
1,<environment.Job instance at 0x7f9d11281460>,10,25,[13  3],11,-1,36,-1,11
1,<environment.Job instance at 0x7f9d1073db40>,12,13,[ 3 12],13,-1,26,-1,13
1,<environment.Job instance at 0x7f9d1073daf0>,15,13,[12  1],16,-1,29,-1,16
1,<environment.Job instance at 0x7f9d1071fb90>,16,16,[ 5 11],17,-1,33,-1,17
1,<environment.Job instance at 0x7f9d10745be0>,17,16,[11  4],18,-1,34,-1,18
1,<environment.Job instance at 0x7f9d1071f960>,18,24,[3 5],19,-1,44,-1,20
1,<environment.Job instance at 0x7f9d1071fdc0>,20,19,[ 5 13],21,-1,40,-1,21
1,<environment.Job instance at 0x7f9d1071fe10>,21,24,[2 5],22,-1,57,-1,33
1,<environment.Job instance at 0x7f9d1071f0a0>,25,26,[ 3 12],26,-1,60,-1,34
1,<environment.Job instance at 0x7f9d1071f460>,28,16,[13  4],29,-1,52,-1,36
1,<environment.Job instance at 0x7f9d1071fc30>,29,28,[2 7],30,-1,65,-1,37
1,<environment.Job instance at 0x7f9d1071f690>,26,26,[9 2],27,-1,72,-1,46
1,<environment.Job instance at 0x7f9d1073b0a0>,32,17,[ 3 13],33,-1,63,-1,46
1,<environment.Job instance at 0x7f9d1073beb0>,34,20,[11  2],35,-1,66,-1,46
1,<environment.Job instance at 0x7f9d1073be60>,33,28,[3 7],34,-1,77,-1,49
1,<environment.Job instance at 0x7f9d1073bd70>,39,14,[ 5 13],40,-1,75,-1,61
1,<environment.Job instance at 0x7f9d1073b280>,44,20,[11  4],45,-1,98,-1,78
1,<environment.Job instance at 0x7f9d1073b820>,45,27,[6 1],46,-1,105,-1,78
1,<environment.Job instance at 0x7f9d11bae410>,48,23,[2 6],49,-1,101,-1,78
1,<environment.Job instance at 0x7f9d1a674500>,1,15,[10  1],2,-1,20,-1,5
1,<environment.Job instance at 0x7f9d112ea460>,5,22,[6 4],6,-1,28,-1,6
1,<environment.Job instance at 0x7f9d107b7aa0>,4,16,[5 4],5,-1,22,-1,6
1,<environment.Job instance at 0x7f9d112ea230>,7,17,[ 4 10],8,-1,26,-1,9
1,<environment.Job instance at 0x7f9d112eae10>,8,14,[11  2],9,-1,23,-1,9
1,<environment.Job instance at 0x7f9d112ea910>,13,16,[11  4],14,-1,31,-1,15
1,<environment.Job instance at 0x7f9d107fc0a0>,19,18,[2 5],20,-1,38,-1,20
1,<environment.Job instance at 0x7f9d112ea730>,14,24,[1 7],15,-1,45,-1,21
1,<environment.Job instance at 0x7f9d112ea870>,21,25,[5 4],22,-1,48,-1,23
1,<environment.Job instance at 0x7f9d10863960>,8,14,[11  2],9,-1,31,-1,17
1,<environment.Job instance at 0x7f9d108630a0>,9,23,[12  3],10,-1,40,-1,17
1,<environment.Job instance at 0x7f9d10863d20>,10,28,[4 7],11,-1,45,-1,17
1,<environment.Job instance at 0x7f9d11bae5f0>,13,16,[11  4],14,-1,35,-1,19
1,<environment.Job instance at 0x7f9d11bae3c0>,14,24,[1 7],15,-1,45,-1,21
1,<environment.Job instance at 0x7f9d11bae780>,16,17,[13  2],17,-1,38,-1,21
1,<environment.Job instance at 0x7f9d11bae730>,18,23,[13  4],19,-1,44,-1,21
1,<environment.Job instance at 0x7f9d11bae370>,21,25,[5 4],22,-1,49,-1,24
1,<environment.Job instance at 0x7f9d11bae1e0>,23,3,[13  4],24,-1,27,-1,24
1,<environment.Job instance at 0x7f9d1073b820>,25,12,[13  4],26,-1,46,-1,34
1,<environment.Job instance at 0x7f9d1073bdc0>,27,19,[12  3],28,-1,56,-1,37
1,<environment.Job instance at 0x7f9d1073b5f0>,28,17,[ 5 11],29,-1,54,-1,37
1,<environment.Job instance at 0x7f9d11bae410>,20,26,[1 9],21,-1,79,-1,53
1,<environment.Job instance at 0x7f9d1073b230>,32,18,[14  2],33,-1,71,-1,53
1,<environment.Job instance at 0x7f9d1073b500>,33,15,[14  3],34,-1,68,-1,53
1,<environment.Job instance at 0x7f9d1073b370>,35,17,[12  2],36,-1,70,-1,53
1,<environment.Job instance at 0x7f9d1073b550>,36,20,[ 5 12],37,-1,73,-1,53
1,<environment.Job instance at 0x7f9d1071f190>,37,28,[ 5 11],38,-1,81,-1,53
1,<environment.Job instance at 0x7f9d1071fcd0>,39,23,[5 9],40,-1,91,-1,68
1,<environment.Job instance at 0x7f9d1071ff50>,41,28,[14  5],42,-1,96,-1,68
1,<environment.Job instance at 0x7f9d1071fb40>,43,13,[12  1],44,-1,83,-1,70
1,<environment.Job instance at 0x7f9d1071fc80>,44,28,[ 5 11],45,-1,98,-1,70
1,<environment.Job instance at 0x7f9d11fdea50>,0,23,[ 5 10],1,-1,24,-1,1
1,<environment.Job instance at 0x7f9d110bd500>,5,13,[10  3],6,-1,21,-1,8
1,<environment.Job instance at 0x7f9d11e42410>,7,16,[11  4],8,-1,24,-1,8
1,<environment.Job instance at 0x7f9d11e8e500>,10,18,[1 9],11,-1,30,-1,12
1,<environment.Job instance at 0x7f9d11b60730>,11,16,[13  2],12,-1,28,-1,12
1,<environment.Job instance at 0x7f9d11e462d0>,15,18,[10  5],16,-1,48,-1,30
1,<environment.Job instance at 0x7f9d11e46230>,14,21,[ 2 12],15,-1,76,-1,55
1,<environment.Job instance at 0x7f9d11e5e050>,16,26,[13  3],17,-1,86,-1,60
1,<environment.Job instance at 0x7f9d11e518c0>,18,18,[5 6],19,-1,78,-1,60
1,<environment.Job instance at 0x7f9d11e46c30>,19,27,[7 3],20,-1,87,-1,60
1,<environment.Job instance at 0x7f9d11e511e0>,17,24,[12  5],18,-1,84,-1,60
1,<environment.Job instance at 0x7f9d11e51e10>,21,12,[ 1 10],22,-1,72,-1,60
1,<environment.Job instance at 0x7f9d11e460f0>,13,18,[13  1],14,-1,78,-1,60
1,<environment.Job instance at 0x7f9d11e51aa0>,25,18,[11  1],26,-1,80,-1,62
1,<environment.Job instance at 0x7f9d11e51b90>,24,20,[3 8],25,-1,82,-1,62
1,<environment.Job instance at 0x7f9d11e517d0>,20,15,[ 4 10],21,-1,77,-1,62
1,<environment.Job instance at 0x7f9d11a59a00>,33,12,[4 6],34,-1,74,-1,62
1,<environment.Job instance at 0x7f9d11e51cd0>,22,22,[7 1],23,-1,84,-1,62
1,<environment.Job instance at 0x7f9d11a598c0>,34,22,[6 1],35,-1,84,-1,62
1,<environment.Job instance at 0x7f9d11a3b5f0>,36,24,[ 2 12],37,-1,86,-1,62
1,<environment.Job instance at 0x7f9d11e750a0>,37,18,[7 1],38,-1,80,-1,62
1,<environment.Job instance at 0x7f9d11a59500>,32,12,[5 8],33,-1,74,-1,62
1,<environment.Job instance at 0x7f9d11e515a0>,26,13,[3 9],27,-1,75,-1,62
1,<environment.Job instance at 0x7f9d11b5dfa0>,39,21,[5 5],40,-1,83,-1,62
1,<environment.Job instance at 0x7f9d11e63640>,42,25,[3 6],43,-1,87,-1,62
1,<environment.Job instance at 0x7f9d11e9b9b0>,41,15,[3 8],42,-1,77,-1,62
1,<environment.Job instance at 0x7f9d11e91e10>,44,16,[ 5 12],45,-1,78,-1,62
1,<environment.Job instance at 0x7f9d11b52d20>,45,22,[8 3],46,-1,84,-1,62
1,<environment.Job instance at 0x7f9d11e87320>,47,12,[11  4],48,-1,74,-1,62
1,<environment.Job instance at 0x7f9d11a59cd0>,35,18,[1 9],36,-1,80,-1,62
1,<environment.Job instance at 0x7f9d11e630a0>,43,13,[5 8],44,-1,75,-1,62
1,<environment.Job instance at 0x7f9d11e99aa0>,51,13,[12  4],52,-1,80,-1,67
1,<environment.Job instance at 0x7f9d11e99cd0>,52,19,[2 5],53,-1,87,-1,68
1,<environment.Job instance at 0x7f9d11e84cd0>,53,23,[2 5],54,-1,92,-1,69
1,<environment.Job instance at 0x7f9d11e84500>,56,14,[11  5],57,-1,83,-1,69
1,<environment.Job instance at 0x7f9d11e84550>,57,18,[ 4 12],58,-1,87,-1,69
1,<environment.Job instance at 0x7f9d11e84af0>,59,15,[ 3 10],60,-1,84,-1,69
1,<environment.Job instance at 0x7f9d11e84690>,60,19,[3 7],61,-1,89,-1,70
1,<environment.Job instance at 0x7f9d11e84320>,55,20,[6 1],56,-1,96,-1,76
1,<environment.Job instance at 0x7f9d10e45f50>,29,13,[ 1 12],30,-1,89,-1,76
1,<environment.Job instance at 0x7f9d11e84eb0>,63,17,[5 4],64,-1,96,-1,79
1,<environment.Job instance at 0x7f9d1a9d9320>,0,23,[ 5 10],1,-1,24,-1,1
1,<environment.Job instance at 0x7f9d112ea0a0>,1,17,[ 1 11],2,-1,19,-1,2
1,<environment.Job instance at 0x7f9d112eabe0>,3,1,[ 4 13],4,-1,5,-1,4
1,<environment.Job instance at 0x7f9d1073d0a0>,4,3,[ 5 13],5,-1,8,-1,5
1,<environment.Job instance at 0x7f9d1073d4b0>,6,1,[ 1 14],7,-1,8,-1,7
1,<environment.Job instance at 0x7f9d107457d0>,7,16,[11  4],8,-1,24,-1,8
1,<environment.Job instance at 0x7f9d1071f780>,11,16,[13  2],12,-1,28,-1,12
1,<environment.Job instance at 0x7f9d1071f1e0>,12,14,[ 2 13],13,-1,27,-1,13
1,<environment.Job instance at 0x7f9d1071f2d0>,13,18,[13  1],14,-1,32,-1,14
1,<environment.Job instance at 0x7f9d1071fdc0>,14,21,[ 2 12],15,-1,36,-1,15
1,<environment.Job instance at 0x7f9d1071f0f0>,16,26,[13  3],17,-1,43,-1,17
1,<environment.Job instance at 0x7f9d1071feb0>,17,24,[12  5],18,-1,42,-1,18
1,<environment.Job instance at 0x7f9d1071fcd0>,19,27,[7 3],20,-1,56,-1,29
1,<environment.Job instance at 0x7f9d1071f050>,23,21,[11  1],24,-1,50,-1,29
1,<environment.Job instance at 0x7f9d1073ba50>,25,18,[11  1],26,-1,47,-1,29
1,<environment.Job instance at 0x7f9d1073b140>,29,13,[ 1 12],30,-1,55,-1,42
1,<environment.Job instance at 0x7f9d1073b320>,36,24,[ 2 12],37,-1,82,-1,58
1,<environment.Job instance at 0x7f9d11bae3c0>,42,25,[3 6],43,-1,98,-1,73
1,<environment.Job instance at 0x7f9d11b630f0>,0,12,[10  3],1,-1,14,-1,2
1,<environment.Job instance at 0x7f9d11b63b90>,2,20,[ 4 10],3,-1,23,-1,3
1,<environment.Job instance at 0x7f9d11b63230>,1,13,[10  4],2,-1,17,-1,4
1,<environment.Job instance at 0x7f9d11b630a0>,5,14,[ 4 10],6,-1,20,-1,6
1,<environment.Job instance at 0x7f9d1122aaf0>,10,21,[9 5],11,-1,32,-1,11
1,<environment.Job instance at 0x7f9d1122a140>,11,25,[5 4],12,-1,37,-1,12
1,<environment.Job instance at 0x7f9d1122a050>,17,20,[9 5],18,-1,39,-1,19
1,<environment.Job instance at 0x7f9d11c2e320>,24,23,[6 2],25,-1,48,-1,25
1,<environment.Job instance at 0x7f9d11c2ea00>,28,17,[1 6],29,-1,46,-1,29
1,<environment.Job instance at 0x7f9d10863c80>,6,2,[ 1 11],7,-1,9,-1,7
1,<environment.Job instance at 0x7f9d10863320>,7,14,[11  4],8,-1,22,-1,8
1,<environment.Job instance at 0x7f9d10863fa0>,8,24,[ 4 11],9,-1,33,-1,9
1,<environment.Job instance at 0x7f9d10863960>,9,24,[4 8],10,-1,47,-1,23
1,<environment.Job instance at 0x7f9d10863cd0>,11,25,[5 4],12,-1,48,-1,23
1,<environment.Job instance at 0x7f9d1073b5f0>,16,26,[8 5],17,-1,52,-1,26
1,<environment.Job instance at 0x7f9d1073b230>,19,18,[12  1],20,-1,44,-1,26
1,<environment.Job instance at 0x7f9d1073ba50>,25,1,[11  4],26,-1,41,-1,40
1,<environment.Job instance at 0x7f9d1071fd20>,26,3,[ 1 12],27,-1,43,-1,40
1,<environment.Job instance at 0x7f9d1071f690>,27,14,[12  1],28,-1,54,-1,40
1,<environment.Job instance at 0x7f9d1071fc30>,24,23,[6 2],25,-1,66,-1,43
1,<environment.Job instance at 0x7f9d107b7190>,32,2,[ 1 11],33,-1,56,-1,54
1,<environment.Job instance at 0x7f9d116e90f0>,34,18,[12  5],35,-1,72,-1,54
1,<environment.Job instance at 0x7f9d107fcaf0>,35,20,[13  1],36,-1,74,-1,54
1,<environment.Job instance at 0x7f9d1071fa00>,36,17,[ 5 13],37,-1,71,-1,54
1,<environment.Job instance at 0x7f9d10fbe910>,38,23,[4 8],39,-1,82,-1,59
1,<environment.Job instance at 0x7f9d1199a7d0>,0,23,[4 5],1,-1,24,-1,1
1,<environment.Job instance at 0x7f9d1199a050>,1,17,[8 5],2,-1,19,-1,2
1,<environment.Job instance at 0x7f9d10ee1320>,8,22,[2 7],9,-1,39,-1,17
1,<environment.Job instance at 0x7f9d10ee16e0>,12,28,[1 7],13,-1,45,-1,17
1,<environment.Job instance at 0x7f9d10ee1910>,16,19,[ 5 10],17,-1,40,-1,21
1,<environment.Job instance at 0x7f9d11b6d140>,0,23,[4 5],1,-1,24,-1,1
1,<environment.Job instance at 0x7f9d11b6d960>,3,22,[ 2 12],4,-1,26,-1,4
1,<environment.Job instance at 0x7f9d11c144b0>,4,17,[12  5],5,-1,22,-1,5
1,<environment.Job instance at 0x7f9d11c14910>,5,28,[11  4],6,-1,34,-1,6
1,<environment.Job instance at 0x7f9d11c14e10>,7,12,[ 4 14],8,-1,20,-1,8
1,<environment.Job instance at 0x7f9d11c14690>,12,28,[1 7],13,-1,47,-1,19
1,<environment.Job instance at 0x7f9d110bf230>,14,18,[13  2],15,-1,37,-1,19
1,<environment.Job instance at 0x7f9d11b63820>,19,27,[8 5],20,-1,64,-1,37
1,<environment.Job instance at 0x7f9d11c2e870>,21,25,[ 1 12],22,-1,62,-1,37
1,<environment.Job instance at 0x7f9d11c2e0a0>,23,1,[ 2 13],24,-1,38,-1,37
1,<environment.Job instance at 0x7f9d1122a690>,25,17,[13  3],26,-1,57,-1,40
1,<environment.Job instance at 0x7f9d1122a0a0>,26,26,[5 4],27,-1,74,-1,48
1,<environment.Job instance at 0x7f9d10fbe2d0>,27,18,[ 1 11],28,-1,66,-1,48
1,<environment.Job instance at 0x7f9d10fbe550>,28,13,[ 2 12],29,-1,61,-1,48
1,<environment.Job instance at 0x7f9d107b7190>,34,26,[8 5],35,-1,87,-1,61
1,<environment.Job instance at 0x7f9d107b7f50>,35,25,[5 5],36,-1,86,-1,61
1,<environment.Job instance at 0x7f9d1071fbe0>,36,26,[8 5],37,-1,87,-1,61
1,<environment.Job instance at 0x7f9d1071f460>,39,3,[ 2 13],40,-1,64,-1,61
1,<environment.Job instance at 0x7f9d1071feb0>,41,23,[2 9],42,-1,84,-1,61
1,<environment.Job instance at 0x7f9d1071fc30>,44,15,[ 3 11],45,-1,76,-1,61
1,<environment.Job instance at 0x7f9d1073bd20>,45,20,[ 4 12],46,-1,81,-1,61
1,<environment.Job instance at 0x7f9d1073baf0>,46,28,[5 8],47,-1,95,-1,67
1,<environment.Job instance at 0x7f9d1073b370>,47,17,[ 3 14],48,-1,84,-1,67
1,<environment.Job instance at 0x7f9d1073bf00>,48,27,[ 3 10],49,-1,94,-1,67
1,<environment.Job instance at 0x7f551ac4eb40>,2,18,[ 3 10],3,-1,21,-1,3
1,<environment.Job instance at 0x7f551ac4ee10>,5,18,[7 5],6,-1,24,-1,6
1,<environment.Job instance at 0x7f551ac4ed20>,6,19,[1 7],7,-1,27,-1,8
1,<environment.Job instance at 0x7f551ac4ef00>,8,24,[ 2 10],9,-1,33,-1,9
1,<environment.Job instance at 0x7f551ac52550>,16,19,[ 3 10],17,-1,38,-1,19
1,<environment.Job instance at 0x7f551ac525a0>,17,18,[ 5 13],18,-1,37,-1,19
1,<environment.Job instance at 0x7f551ac4efa0>,9,17,[8 1],10,-1,37,-1,20
1,<environment.Job instance at 0x7f551ac52910>,21,22,[8 2],22,-1,45,-1,23
1,<environment.Job instance at 0x7f551ac529b0>,23,18,[7 4],24,-1,43,-1,25
1,<environment.Job instance at 0x7f551ac526e0>,19,21,[8 5],20,-1,47,-1,26
1,<environment.Job instance at 0x7f551ac52140>,14,21,[ 3 11],15,-1,48,-1,27
1,<environment.Job instance at 0x7f551ac52b90>,25,16,[5 3],26,-1,43,-1,27
1,<environment.Job instance at 0x7f551ac560a0>,30,15,[8 2],31,-1,54,-1,39
1,<environment.Job instance at 0x7f551ac563c0>,34,20,[5 3],35,-1,60,-1,40
1,<environment.Job instance at 0x7f551ac56500>,36,16,[8 1],37,-1,56,-1,40
1,<environment.Job instance at 0x7f551ac52dc0>,26,20,[4 8],27,-1,60,-1,40
1,<environment.Job instance at 0x7f551ac5ad70>,4,24,[ 3 11],5,-1,29,-1,5
1,<environment.Job instance at 0x7f551ac4ea00>,8,24,[ 2 10],9,-1,45,-1,21
1,<environment.Job instance at 0x7f551ac5d4b0>,12,13,[ 2 12],13,-1,34,-1,21
1,<environment.Job instance at 0x7f551ac5d690>,14,21,[ 3 11],15,-1,43,-1,22
1,<environment.Job instance at 0x7f551aca6460>,17,18,[ 5 13],18,-1,40,-1,22
1,<environment.Job instance at 0x7f551ac49050>,20,21,[13  5],21,-1,56,-1,35
1,<environment.Job instance at 0x7f551ac998c0>,24,2,[ 3 12],25,-1,51,-1,49
1,<environment.Job instance at 0x7f551ac46a00>,27,25,[14  4],28,-1,74,-1,49
1,<environment.Job instance at 0x7f551ac46910>,29,24,[5 1],30,-1,89,-1,65
1,<environment.Job instance at 0x7f551a399550>,10,22,[2 8],11,-1,33,-1,11
1,<environment.Job instance at 0x7f551a399c30>,17,13,[6 5],18,-1,46,-1,33
1,<environment.Job instance at 0x7f551a38e140>,19,27,[5 8],20,-1,61,-1,34
1,<environment.Job instance at 0x7f551a38e280>,22,14,[3 7],23,-1,52,-1,38
1,<environment.Job instance at 0x7f551a399050>,18,15,[9 4],19,-1,54,-1,39
1,<environment.Job instance at 0x7f551a38e910>,24,28,[7 4],25,-1,67,-1,39
1,<environment.Job instance at 0x7f551a38e3c0>,25,17,[4 8],26,-1,56,-1,39
1,<environment.Job instance at 0x7f551a393d70>,28,14,[9 1],29,-1,53,-1,39
1,<environment.Job instance at 0x7f551a393820>,29,15,[9 2],30,-1,54,-1,39
1,<environment.Job instance at 0x7f551a3938c0>,30,18,[ 3 12],31,-1,57,-1,39
1,<environment.Job instance at 0x7f551a393780>,31,21,[2 7],32,-1,60,-1,39
1,<environment.Job instance at 0x7f551a47e320>,32,16,[1 8],33,-1,55,-1,39
1,<environment.Job instance at 0x7f551a64b460>,34,18,[11  5],35,-1,76,-1,58
1,<environment.Job instance at 0x7f551a38eeb0>,21,13,[12  3],22,-1,87,-1,74
1,<environment.Job instance at 0x7f551a3930a0>,35,14,[14  1],36,-1,89,-1,75
1,<environment.Job instance at 0x7f55242ceeb0>,40,16,[9 4],41,-1,91,-1,75
1,<environment.Job instance at 0x7f551a649960>,38,19,[4 7],39,-1,94,-1,75
1,<environment.Job instance at 0x7f551a218eb0>,42,23,[ 1 14],43,-1,111,-1,88
1,<environment.Job instance at 0x7f551a215c80>,44,19,[9 1],45,-1,107,-1,88
1,<environment.Job instance at 0x7f551a578c30>,1,14,[12  2],2,-1,16,-1,2
1,<environment.Job instance at 0x7f551a470640>,3,27,[12  1],4,-1,31,-1,4
1,<environment.Job instance at 0x7f551a43eaa0>,5,24,[2 5],6,-1,30,-1,6
1,<environment.Job instance at 0x7f551a44a410>,6,12,[ 4 14],7,-1,19,-1,7
1,<environment.Job instance at 0x7f551a4004b0>,11,18,[12  3],12,-1,30,-1,12
1,<environment.Job instance at 0x7f551a4736e0>,12,13,[ 5 12],13,-1,26,-1,13
1,<environment.Job instance at 0x7f551a40bf00>,19,27,[5 8],20,-1,66,-1,39
1,<environment.Job instance at 0x7f551a40b050>,21,13,[12  3],22,-1,52,-1,39
1,<environment.Job instance at 0x7f551a403500>,24,28,[7 4],25,-1,82,-1,54
1,<environment.Job instance at 0x7f551a408870>,30,18,[ 3 12],31,-1,86,-1,68
1,<environment.Job instance at 0x7f551a4228c0>,33,24,[5 6],34,-1,96,-1,72
1,<environment.Job instance at 0x7f551a696780>,34,18,[11  5],35,-1,90,-1,72
1,<environment.Job instance at 0x7f551a4a1320>,35,14,[14  1],36,-1,86,-1,72
1,<environment.Job instance at 0x7f551a4192d0>,39,3,[14  4],40,-1,91,-1,88
1,<environment.Job instance at 0x7f551a412190>,42,23,[ 1 14],43,-1,112,-1,89
1,<environment.Job instance at 0x7f5524408d20>,5,19,[5 1],6,-1,27,-1,8
1,<environment.Job instance at 0x7f5524408690>,8,28,[4 7],9,-1,37,-1,9
1,<environment.Job instance at 0x7f5524408780>,9,26,[3 6],10,-1,36,-1,10
1,<environment.Job instance at 0x7f5524408e10>,12,15,[3 9],13,-1,28,-1,13
1,<environment.Job instance at 0x7f55242c0320>,18,17,[10  5],19,-1,36,-1,19
1,<environment.Job instance at 0x7f55242c0a00>,19,16,[ 3 10],20,-1,36,-1,20
1,<environment.Job instance at 0x7f55242c0d20>,20,23,[5 8],21,-1,44,-1,21
1,<environment.Job instance at 0x7f55242c00a0>,27,27,[5 3],28,-1,55,-1,28
1,<environment.Job instance at 0x7f55242c0910>,25,24,[12  1],26,-1,54,-1,30
1,<environment.Job instance at 0x7f552440d370>,32,18,[ 2 14],33,-1,52,-1,34
1,<environment.Job instance at 0x7f5524404550>,3,23,[ 2 14],4,-1,27,-1,4
1,<environment.Job instance at 0x7f551a27aaa0>,4,12,[ 2 11],5,-1,17,-1,5
1,<environment.Job instance at 0x7f55242c1460>,10,12,[11  1],11,-1,27,-1,15
1,<environment.Job instance at 0x7f55242c1be0>,11,12,[ 5 11],12,-1,27,-1,15
1,<environment.Job instance at 0x7f55242c1960>,8,28,[4 7],9,-1,43,-1,15
1,<environment.Job instance at 0x7f55242c1eb0>,9,26,[3 6],10,-1,41,-1,15
1,<environment.Job instance at 0x7f551a26c870>,14,2,[ 1 11],15,-1,17,-1,15
1,<environment.Job instance at 0x7f551a26ceb0>,20,23,[5 8],21,-1,60,-1,37
1,<environment.Job instance at 0x7f551a26cf50>,21,21,[ 4 11],22,-1,58,-1,37
1,<environment.Job instance at 0x7f55244119b0>,22,2,[ 3 12],23,-1,39,-1,37
1,<environment.Job instance at 0x7f5524411960>,24,28,[3 8],25,-1,66,-1,38
1,<environment.Job instance at 0x7f5524411d70>,25,24,[12  1],26,-1,62,-1,38
1,<environment.Job instance at 0x7f5524411fa0>,26,14,[11  2],27,-1,52,-1,38
1,<environment.Job instance at 0x7f5524411b40>,27,27,[5 3],28,-1,65,-1,38
1,<environment.Job instance at 0x7f5524411c30>,29,17,[ 5 11],30,-1,55,-1,38
1,<environment.Job instance at 0x7f551a2eca00>,31,27,[6 5],32,-1,78,-1,51
1,<environment.Job instance at 0x7f551a2ecb40>,32,18,[ 2 14],33,-1,69,-1,51
1,<environment.Job instance at 0x7f551a2ec9b0>,33,2,[11  2],34,-1,53,-1,51
1,<environment.Job instance at 0x7f551a2ec230>,34,18,[12  2],35,-1,69,-1,51
1,<environment.Job instance at 0x7f551a2ec320>,36,17,[11  1],37,-1,68,-1,51
1,<environment.Job instance at 0x7f551a2ecf50>,37,13,[ 4 12],38,-1,64,-1,51
1,<environment.Job instance at 0x7f551a2ecd20>,38,17,[11  4],39,-1,68,-1,51
1,<environment.Job instance at 0x7f551a2ec5f0>,42,28,[7 4],43,-1,108,-1,80
1,<environment.Job instance at 0x7f551a2ec7d0>,44,28,[4 5],45,-1,108,-1,80
1,<environment.Job instance at 0x7f551a2e6a00>,45,23,[8 3],46,-1,103,-1,80
1,<environment.Job instance at 0x7f551a7444b0>,5,20,[5 5],6,-1,26,-1,6
1,<environment.Job instance at 0x7f551a744a00>,6,18,[4 9],7,-1,25,-1,7
1,<environment.Job instance at 0x7f551a744f50>,7,20,[3 7],8,-1,28,-1,8
1,<environment.Job instance at 0x7f551a25b8c0>,15,16,[6 2],16,-1,32,-1,16
1,<environment.Job instance at 0x7f5524411dc0>,0,12,[12  4],1,-1,13,-1,1
1,<environment.Job instance at 0x7f551a26c050>,8,27,[ 3 13],9,-1,36,-1,9
1,<environment.Job instance at 0x7f551a26c910>,9,20,[14  3],10,-1,30,-1,10
1,<environment.Job instance at 0x7f551a26c4b0>,11,14,[ 4 13],12,-1,31,-1,17
1,<environment.Job instance at 0x7f551a26c0a0>,12,1,[ 5 14],13,-1,18,-1,17
1,<environment.Job instance at 0x7f5524404eb0>,16,28,[14  3],17,-1,52,-1,24
1,<environment.Job instance at 0x7f5524404550>,17,24,[ 4 11],18,-1,48,-1,24
1,<environment.Job instance at 0x7f551a8c70f0>,18,3,[11  1],19,-1,27,-1,24
1,<environment.Job instance at 0x7f551a744aa0>,23,24,[2 7],24,-1,62,-1,38
1,<environment.Job instance at 0x7f551a7441e0>,24,25,[5 5],25,-1,63,-1,38
1,<environment.Job instance at 0x7f551a744280>,27,26,[7 1],28,-1,67,-1,41
1,<environment.Job instance at 0x7f551a74ebe0>,28,18,[12  1],29,-1,59,-1,41
1,<environment.Job instance at 0x7f551a74e230>,29,15,[ 1 13],30,-1,56,-1,41
1,<environment.Job instance at 0x7f551a74e7d0>,30,1,[11  3],31,-1,42,-1,41
1,<environment.Job instance at 0x7f551a74e690>,34,16,[ 2 11],35,-1,59,-1,43
1,<environment.Job instance at 0x7f551a74ea00>,35,24,[8 2],36,-1,80,-1,56
1,<environment.Job instance at 0x7f551a75dd20>,39,16,[ 4 13],40,-1,79,-1,63
1,<environment.Job instance at 0x7f551a75dfa0>,40,26,[4 7],41,-1,89,-1,63
1,<environment.Job instance at 0x7f551a75d5f0>,41,25,[10  5],42,-1,88,-1,63
1,<environment.Job instance at 0x7f551a651eb0>,46,20,[ 3 11],47,-1,85,-1,65
1,<environment.Job instance at 0x7f551a659780>,49,24,[6 5],50,-1,105,-1,81
1,<environment.Job instance at 0x7f551a659550>,51,25,[5 1],52,-1,108,-1,83
1,<environment.Job instance at 0x7f551b7ad1e0>,7,15,[1 9],8,-1,36,-1,21
1,<environment.Job instance at 0x7f551aa7acd0>,16,24,[3 6],17,-1,45,-1,21
1,<environment.Job instance at 0x7f551aa7a730>,17,20,[8 5],18,-1,41,-1,21
1,<environment.Job instance at 0x7f551aa7ac30>,18,26,[7 4],19,-1,47,-1,21
1,<environment.Job instance at 0x7f551aa4ae60>,19,15,[4 9],20,-1,36,-1,21
1,<environment.Job instance at 0x7f551aa4af00>,20,27,[9 5],21,-1,49,-1,22
1,<environment.Job instance at 0x7f551a981fa0>,21,14,[3 6],22,-1,36,-1,22
1,<environment.Job instance at 0x7f551aa570f0>,25,20,[6 4],26,-1,48,-1,28
1,<environment.Job instance at 0x7f551a97dd20>,27,20,[1 9],28,-1,48,-1,28
1,<environment.Job instance at 0x7f551b429be0>,28,18,[ 3 10],29,-1,47,-1,29
1,<environment.Job instance at 0x7f551aa7a9b0>,12,18,[ 2 10],13,-1,52,-1,34
1,<environment.Job instance at 0x7f551a606820>,32,19,[11  4],33,-1,59,-1,40
1,<environment.Job instance at 0x7f551aa7aa50>,14,18,[3 8],15,-1,58,-1,40
1,<environment.Job instance at 0x7f551a606eb0>,33,27,[9 1],34,-1,67,-1,40
1,<environment.Job instance at 0x7f551aa4a190>,23,18,[4 8],24,-1,58,-1,40
1,<environment.Job instance at 0x7f551a99f230>,31,12,[8 2],32,-1,52,-1,40
1,<environment.Job instance at 0x7f551aa4ba50>,5,26,[5 4],6,-1,66,-1,40
1,<environment.Job instance at 0x7f551a604f00>,35,22,[7 4],36,-1,62,-1,40
1,<environment.Job instance at 0x7f551a604d20>,34,21,[3 9],35,-1,65,-1,44
1,<environment.Job instance at 0x7f551aa64d20>,37,17,[8 5],38,-1,62,-1,45
1,<environment.Job instance at 0x7f551b4497d0>,42,16,[ 1 11],43,-1,61,-1,45
1,<environment.Job instance at 0x7f551aa75f50>,45,17,[ 4 13],46,-1,63,-1,46
1,<environment.Job instance at 0x7f551aa64410>,38,27,[ 2 12],39,-1,73,-1,46
1,<environment.Job instance at 0x7f551aa57050>,26,28,[ 3 14],27,-1,74,-1,46
1,<environment.Job instance at 0x7f551a9acd20>,41,17,[2 6],42,-1,64,-1,47
1,<environment.Job instance at 0x7f551a980050>,46,14,[9 5],47,-1,61,-1,47
1,<environment.Job instance at 0x7f551a24e140>,0,16,[ 3 12],1,-1,17,-1,1
1,<environment.Job instance at 0x7f551a24e190>,1,16,[ 3 12],2,-1,18,-1,2
1,<environment.Job instance at 0x7f551a393d70>,3,27,[5 1],4,-1,31,-1,4
1,<environment.Job instance at 0x7f551a3938c0>,4,25,[10  4],5,-1,30,-1,5
1,<environment.Job instance at 0x7f551a393730>,5,26,[5 4],6,-1,32,-1,6
1,<environment.Job instance at 0x7f551a393780>,8,12,[ 2 11],9,-1,21,-1,9
1,<environment.Job instance at 0x7f551a68aa00>,16,24,[3 6],17,-1,42,-1,18
1,<environment.Job instance at 0x7f551a39b910>,18,26,[7 4],19,-1,57,-1,31
1,<environment.Job instance at 0x7f551a68afa0>,20,27,[9 5],21,-1,58,-1,31
1,<environment.Job instance at 0x7f552440d640>,26,28,[ 3 14],27,-1,76,-1,48
1,<environment.Job instance at 0x7f551a659640>,32,19,[11  4],33,-1,86,-1,67
1,<environment.Job instance at 0x7f551a651320>,33,27,[9 1],34,-1,106,-1,79
1,<environment.Job instance at 0x7f551a75d5a0>,36,2,[14  3],37,-1,83,-1,81
1,<environment.Job instance at 0x7f551a75dfa0>,38,27,[ 2 12],39,-1,108,-1,81
1,<environment.Job instance at 0x7f551aa3da50>,1,16,[1 8],2,-1,20,-1,4
1,<environment.Job instance at 0x7f551aa3d870>,5,14,[5 8],6,-1,20,-1,6
1,<environment.Job instance at 0x7f551aa3d7d0>,6,28,[5 2],7,-1,35,-1,7
1,<environment.Job instance at 0x7f551aa3d9b0>,3,27,[ 3 14],4,-1,36,-1,9
1,<environment.Job instance at 0x7f551aa3dd20>,10,22,[5 6],11,-1,33,-1,11
1,<environment.Job instance at 0x7f551aa3d320>,15,17,[9 1],16,-1,34,-1,17
1,<environment.Job instance at 0x7f551b440410>,17,17,[7 4],18,-1,35,-1,18
1,<environment.Job instance at 0x7f551b4406e0>,19,15,[ 5 10],20,-1,35,-1,20
1,<environment.Job instance at 0x7f551b440230>,20,13,[6 5],21,-1,34,-1,21
1,<environment.Job instance at 0x7f551b440370>,21,25,[7 3],22,-1,47,-1,22
1,<environment.Job instance at 0x7f551aa3d500>,16,14,[ 2 10],17,-1,36,-1,22
1,<environment.Job instance at 0x7f551b440f00>,22,20,[2 8],23,-1,43,-1,23
1,<environment.Job instance at 0x7f551b440a00>,28,23,[7 3],29,-1,60,-1,37
1,<environment.Job instance at 0x7f551a25bf00>,0,12,[ 2 12],1,-1,13,-1,1
1,<environment.Job instance at 0x7f551a8c70f0>,2,1,[ 2 11],3,-1,4,-1,3
1,<environment.Job instance at 0x7f551a651eb0>,3,27,[ 3 14],4,-1,31,-1,4
1,<environment.Job instance at 0x7f551b77f1e0>,6,28,[5 2],7,-1,35,-1,7
1,<environment.Job instance at 0x7f551a6518c0>,7,28,[13  5],8,-1,36,-1,8
1,<environment.Job instance at 0x7f551b78aa50>,21,25,[7 3],22,-1,73,-1,48
1,<environment.Job instance at 0x7f551b7925a0>,23,27,[ 5 13],24,-1,75,-1,48
1,<environment.Job instance at 0x7f551b792820>,24,13,[14  5],25,-1,61,-1,48
1,<environment.Job instance at 0x7f551b7929b0>,25,12,[ 4 13],26,-1,60,-1,48
1,<environment.Job instance at 0x7f551b792cd0>,27,14,[ 3 12],28,-1,62,-1,48
1,<environment.Job instance at 0x7f551b792c30>,28,23,[7 3],29,-1,71,-1,48
1,<environment.Job instance at 0x7f551b792a50>,29,27,[5 8],30,-1,75,-1,48
1,<environment.Job instance at 0x7f551b7925f0>,34,24,[4 8],35,-1,85,-1,61
1,<environment.Job instance at 0x7f551b7799b0>,35,26,[14  5],36,-1,87,-1,61
1,<environment.Job instance at 0x7f551b792eb0>,33,23,[10  3],34,-1,89,-1,66
1,<environment.Job instance at 0x7f551b779af0>,42,28,[12  4],43,-1,99,-1,71
1,<environment.Job instance at 0x7f551b7791e0>,43,1,[11  1],44,-1,72,-1,71
1,<environment.Job instance at 0x7f551b4618c0>,47,28,[7 5],48,-1,117,-1,89
1,<environment.Job instance at 0x7f551b429550>,5,18,[6 1],6,-1,25,-1,7
1,<environment.Job instance at 0x7f551a9b3140>,7,27,[8 1],8,-1,35,-1,8
1,<environment.Job instance at 0x7f551a9b3230>,8,14,[10  4],9,-1,23,-1,9
1,<environment.Job instance at 0x7f551a9a8f50>,6,12,[4 7],7,-1,21,-1,9
1,<environment.Job instance at 0x7f551a9b31e0>,9,20,[2 6],10,-1,30,-1,10
1,<environment.Job instance at 0x7f551a9b32d0>,11,23,[5 7],12,-1,35,-1,12
1,<environment.Job instance at 0x7f551a9b3a00>,18,16,[2 6],19,-1,36,-1,20
1,<environment.Job instance at 0x7f551a9ad820>,33,17,[14  3],34,-1,56,-1,39
1,<environment.Job instance at 0x7f551a9b3e60>,24,25,[4 9],25,-1,69,-1,44
1,<environment.Job instance at 0x7f551a9b3dc0>,22,18,[ 5 11],23,-1,62,-1,44
1,<environment.Job instance at 0x7f551a9b9190>,0,15,[ 5 14],1,-1,16,-1,1
1,<environment.Job instance at 0x7f551a9b06e0>,4,3,[11  3],5,-1,8,-1,5
1,<environment.Job instance at 0x7f551a9b0c30>,7,27,[8 1],8,-1,44,-1,17
1,<environment.Job instance at 0x7f551a9b0870>,11,23,[5 7],12,-1,40,-1,17
1,<environment.Job instance at 0x7f551a9b0e10>,13,15,[ 2 14],14,-1,32,-1,17
1,<environment.Job instance at 0x7f551a6c45a0>,17,12,[ 3 13],18,-1,30,-1,18
1,<environment.Job instance at 0x7f551a6c4a00>,21,27,[14  3],22,-1,62,-1,35
1,<environment.Job instance at 0x7f551a6c4cd0>,22,18,[ 5 11],23,-1,53,-1,35
1,<environment.Job instance at 0x7f551a6c49b0>,24,25,[4 9],25,-1,64,-1,39
1,<environment.Job instance at 0x7f551a6c4190>,25,18,[ 1 12],26,-1,57,-1,39
1,<environment.Job instance at 0x7f551b4619b0>,30,2,[11  4],31,-1,50,-1,48
1,<environment.Job instance at 0x7f551b461b90>,33,17,[14  3],34,-1,71,-1,54
1,<environment.Job instance at 0x7f551b461c80>,35,19,[ 1 12],36,-1,74,-1,55
1,<environment.Job instance at 0x7f551b461820>,36,24,[10  2],37,-1,82,-1,58
1,<environment.Job instance at 0x7f551b461c30>,37,2,[ 4 13],38,-1,60,-1,58
1,<environment.Job instance at 0x7f551b461320>,34,28,[5 5],35,-1,86,-1,58
1,<environment.Job instance at 0x7f551b779be0>,40,28,[ 1 12],41,-1,86,-1,58
1,<environment.Job instance at 0x7f551b779730>,41,15,[13  1],42,-1,73,-1,58
1,<environment.Job instance at 0x7f551b779aa0>,42,2,[ 5 12],43,-1,60,-1,58
1,<environment.Job instance at 0x7f551b779a00>,44,12,[ 4 13],45,-1,74,-1,62
1,<environment.Job instance at 0x7f551b7791e0>,45,24,[5 3],46,-1,86,-1,62
1,<environment.Job instance at 0x7f551b792a00>,48,3,[12  3],49,-1,65,-1,62
1,<environment.Job instance at 0x7f551b792280>,50,12,[13  4],51,-1,75,-1,63
1,<environment.Job instance at 0x7f551b792d20>,55,15,[13  4],56,-1,93,-1,78
1,<environment.Job instance at 0x7f551b78a780>,59,26,[14  4],60,-1,112,-1,86
1,<environment.Job instance at 0x7f551b191140>,2,21,[10  4],3,-1,24,-1,3
1,<environment.Job instance at 0x7f551b191870>,5,15,[6 1],6,-1,21,-1,6
1,<environment.Job instance at 0x7f551b1918c0>,8,15,[5 9],9,-1,24,-1,9
1,<environment.Job instance at 0x7f551b292190>,9,12,[10  3],10,-1,23,-1,11
1,<environment.Job instance at 0x7f551af05a50>,24,27,[4 6],25,-1,63,-1,36
1,<environment.Job instance at 0x7f551b292fa0>,19,15,[10  1],20,-1,51,-1,36
1,<environment.Job instance at 0x7f551af05050>,27,21,[9 2],28,-1,57,-1,36
1,<environment.Job instance at 0x7f551af051e0>,29,17,[4 7],30,-1,53,-1,36
1,<environment.Job instance at 0x7f551af05aa0>,30,22,[9 1],31,-1,58,-1,36
1,<environment.Job instance at 0x7f551a86e500>,3,13,[12  5],4,-1,17,-1,4
1,<environment.Job instance at 0x7f551a25bf00>,11,16,[12  2],12,-1,37,-1,21
1,<environment.Job instance at 0x7f551aa3dcd0>,12,15,[ 5 12],13,-1,36,-1,21
1,<environment.Job instance at 0x7f551a9b3870>,7,28,[10  3],8,-1,49,-1,21
1,<environment.Job instance at 0x7f551aa3de10>,14,2,[13  3],15,-1,23,-1,21
1,<environment.Job instance at 0x7f551b78a870>,16,15,[13  3],17,-1,36,-1,21
1,<environment.Job instance at 0x7f551b792c30>,21,23,[6 5],22,-1,57,-1,34
1,<environment.Job instance at 0x7f551b792280>,23,2,[ 5 13],24,-1,36,-1,34
1,<environment.Job instance at 0x7f551b792aa0>,24,27,[4 6],25,-1,73,-1,46
1,<environment.Job instance at 0x7f551b792a00>,28,22,[ 3 12],29,-1,69,-1,47
1,<environment.Job instance at 0x7f551b461b90>,31,17,[ 2 12],32,-1,64,-1,47
1,<environment.Job instance at 0x7f551b071500>,1,23,[5 5],2,-1,25,-1,2
1,<environment.Job instance at 0x7f551b0719b0>,4,15,[10  3],5,-1,22,-1,7
1,<environment.Job instance at 0x7f551b266960>,6,13,[11  4],7,-1,20,-1,7
1,<environment.Job instance at 0x7f551b071a00>,7,28,[6 1],8,-1,39,-1,11
1,<environment.Job instance at 0x7f551b266d20>,10,27,[10  3],11,-1,38,-1,11
1,<environment.Job instance at 0x7f551b266550>,13,16,[9 4],14,-1,31,-1,15
1,<environment.Job instance at 0x7f551b2666e0>,14,18,[10  1],15,-1,33,-1,15
1,<environment.Job instance at 0x7f551ac6fa00>,15,22,[5 5],16,-1,39,-1,17
1,<environment.Job instance at 0x7f551a215910>,21,13,[13  4],22,-1,39,-1,26
1,<environment.Job instance at 0x7f551ac6f1e0>,17,26,[3 6],18,-1,52,-1,26
1,<environment.Job instance at 0x7f551b0711e0>,3,15,[14  2],4,-1,41,-1,26
1,<environment.Job instance at 0x7f551b2b6370>,22,24,[10  4],23,-1,53,-1,29
1,<environment.Job instance at 0x7f551ae402d0>,23,21,[4 7],24,-1,50,-1,29
1,<environment.Job instance at 0x7f551a0d7be0>,28,21,[7 5],29,-1,50,-1,29
1,<environment.Job instance at 0x7f551a748a50>,31,23,[9 4],32,-1,55,-1,32
1,<environment.Job instance at 0x7f551a68fd70>,32,28,[8 5],33,-1,61,-1,33
1,<environment.Job instance at 0x7f551abcdd70>,24,17,[ 2 11],25,-1,51,-1,34
1,<environment.Job instance at 0x7f5523e5b370>,25,15,[4 9],26,-1,49,-1,34
1,<environment.Job instance at 0x7f551a2a2370>,34,23,[8 4],35,-1,58,-1,35
1,<environment.Job instance at 0x7f552431d3c0>,27,25,[7 5],28,-1,62,-1,37
1,<environment.Job instance at 0x7f551b5b0aa0>,35,14,[3 8],36,-1,51,-1,37
1,<environment.Job instance at 0x7f5524411690>,38,14,[ 4 10],39,-1,54,-1,40
1,<environment.Job instance at 0x7f551a049410>,40,20,[9 4],41,-1,61,-1,41
1,<environment.Job instance at 0x7f551a748d20>,30,14,[ 1 13],31,-1,56,-1,42
1,<environment.Job instance at 0x7f551a0493c0>,41,20,[5 1],42,-1,62,-1,42
1,<environment.Job instance at 0x7f551a81a9b0>,42,12,[11  5],43,-1,55,-1,43
1,<environment.Job instance at 0x7f551ac9be10>,43,16,[3 8],44,-1,60,-1,44
1,<environment.Job instance at 0x7f551b29a230>,45,25,[12  1],46,-1,71,-1,46
1,<environment.Job instance at 0x7f551b25c780>,46,17,[1 8],47,-1,67,-1,50
1,<environment.Job instance at 0x7f551b25c870>,48,19,[ 4 11],49,-1,69,-1,50
1,<environment.Job instance at 0x7f551b25c2d0>,49,24,[9 5],50,-1,78,-1,54
1,<environment.Job instance at 0x7f551b25ca00>,47,16,[6 2],48,-1,70,-1,54
1,<environment.Job instance at 0x7f551b24a5a0>,51,16,[ 3 10],52,-1,71,-1,55
1,<environment.Job instance at 0x7f551a4aef50>,39,18,[4 6],40,-1,73,-1,55
1,<environment.Job instance at 0x7f551b43d230>,54,13,[5 5],55,-1,69,-1,56
1,<environment.Job instance at 0x7f551ac3caa0>,56,14,[ 4 12],57,-1,71,-1,57
1,<environment.Job instance at 0x7f5523df0780>,60,19,[2 8],61,-1,80,-1,61
1,<environment.Job instance at 0x7f551b1738c0>,61,17,[ 5 11],62,-1,80,-1,63
1,<environment.Job instance at 0x7f551a34dbe0>,63,26,[9 2],64,-1,90,-1,64
1,<environment.Job instance at 0x7f551b7e9820>,64,12,[ 5 10],65,-1,86,-1,74
1,<environment.Job instance at 0x7f551a34df00>,67,15,[7 3],68,-1,92,-1,77
1,<environment.Job instance at 0x7f551b7e9870>,65,20,[ 1 13],66,-1,97,-1,77
1,<environment.Job instance at 0x7f551a3b1320>,69,23,[ 3 10],70,-1,101,-1,78
1,<environment.Job instance at 0x7f551b7e9cd0>,68,15,[10  3],69,-1,96,-1,81
1,<environment.Job instance at 0x7f551a3b15f0>,70,14,[7 5],71,-1,95,-1,81
1,<environment.Job instance at 0x7f551a3b1050>,71,25,[1 6],72,-1,106,-1,81
1,<environment.Job instance at 0x7f551a3b1460>,72,17,[8 1],73,-1,100,-1,83
1,<environment.Job instance at 0x7f551a3b1dc0>,73,24,[1 9],74,-1,108,-1,84
1,<environment.Job instance at 0x7f551a8911e0>,0,26,[1 6],1,-1,27,-1,1
1,<environment.Job instance at 0x7f551a38e550>,1,23,[5 5],2,-1,25,-1,2
1,<environment.Job instance at 0x7f551a891320>,2,1,[12  2],3,-1,4,-1,3
1,<environment.Job instance at 0x7f551a6e57d0>,3,15,[14  2],4,-1,19,-1,4
1,<environment.Job instance at 0x7f551a6e53c0>,5,3,[12  1],6,-1,9,-1,6
1,<environment.Job instance at 0x7f551a6e5370>,6,13,[11  4],7,-1,20,-1,7
1,<environment.Job instance at 0x7f551a8eb5f0>,8,3,[14  3],9,-1,12,-1,9
1,<environment.Job instance at 0x7f551a38edc0>,9,1,[14  5],10,-1,11,-1,10
1,<environment.Job instance at 0x7f551a8eb140>,7,28,[6 1],8,-1,48,-1,20
1,<environment.Job instance at 0x7f551a48deb0>,10,27,[10  3],11,-1,47,-1,20
1,<environment.Job instance at 0x7f5524186af0>,17,26,[3 6],18,-1,46,-1,20
1,<environment.Job instance at 0x7f551a76bb40>,19,21,[ 1 12],20,-1,41,-1,20
1,<environment.Job instance at 0x7f551ac9ad20>,21,13,[13  4],22,-1,35,-1,22
1,<environment.Job instance at 0x7f551afb2910>,24,17,[ 2 11],25,-1,42,-1,25
1,<environment.Job instance at 0x7f551afb2aa0>,26,1,[ 2 11],27,-1,28,-1,27
1,<environment.Job instance at 0x7f551b27c0a0>,22,24,[10  4],23,-1,57,-1,33
1,<environment.Job instance at 0x7f551b253be0>,29,2,[ 2 13],30,-1,35,-1,33
1,<environment.Job instance at 0x7f551b2532d0>,30,14,[ 1 13],31,-1,47,-1,33
1,<environment.Job instance at 0x7f551a5d3eb0>,31,23,[9 4],32,-1,56,-1,33
1,<environment.Job instance at 0x7f551a5d3320>,32,28,[8 5],33,-1,61,-1,33
1,<environment.Job instance at 0x7f551a46acd0>,27,25,[7 5],28,-1,58,-1,33
1,<environment.Job instance at 0x7f5523dd8c80>,34,23,[8 4],35,-1,72,-1,49
1,<environment.Job instance at 0x7f551ab56dc0>,42,12,[11  5],43,-1,77,-1,65
1,<environment.Job instance at 0x7f551b669cd0>,45,25,[12  1],46,-1,100,-1,75
1,<environment.Job instance at 0x7f551a8f40f0>,48,19,[ 4 11],49,-1,108,-1,89
1,<environment.Job instance at 0x7f551a75ddc0>,0,18,[1 5],1,-1,19,-1,1
1,<environment.Job instance at 0x7f551a75de60>,1,18,[9 5],2,-1,20,-1,2
1,<environment.Job instance at 0x7f551a75df00>,2,19,[4 5],3,-1,22,-1,3
1,<environment.Job instance at 0x7f551a8ada00>,10,16,[8 3],11,-1,29,-1,13
1,<environment.Job instance at 0x7f551a8ad190>,12,23,[9 4],13,-1,36,-1,13
1,<environment.Job instance at 0x7f551a8ad6e0>,13,21,[8 2],14,-1,36,-1,15
1,<environment.Job instance at 0x7f551a8ad9b0>,16,17,[11  2],17,-1,34,-1,17
1,<environment.Job instance at 0x7f551a8ad730>,17,18,[5 5],18,-1,36,-1,18
1,<environment.Job instance at 0x7f551a8ad140>,22,25,[5 7],23,-1,48,-1,23
1,<environment.Job instance at 0x7f551a8ad780>,24,18,[4 7],25,-1,43,-1,25
1,<environment.Job instance at 0x7f551a8ad230>,25,18,[7 1],26,-1,44,-1,26
1,<environment.Job instance at 0x7f551a7aa5f0>,26,14,[9 1],27,-1,41,-1,27
1,<environment.Job instance at 0x7f551a7aac80>,28,18,[8 3],29,-1,47,-1,29
1,<environment.Job instance at 0x7f551a7aaeb0>,29,28,[3 8],30,-1,58,-1,30
1,<environment.Job instance at 0x7f551a7aa190>,32,17,[7 4],33,-1,50,-1,33
1,<environment.Job instance at 0x7f551a5d3320>,4,13,[11  4],5,-1,18,-1,5
1,<environment.Job instance at 0x7f551ac9ad20>,6,16,[ 2 13],7,-1,23,-1,7
1,<environment.Job instance at 0x7f5523e67e10>,12,23,[9 4],13,-1,46,-1,23
1,<environment.Job instance at 0x7f5523df0be0>,14,21,[ 5 13],15,-1,44,-1,23
1,<environment.Job instance at 0x7f551ad85230>,16,17,[11  2],17,-1,40,-1,23
1,<environment.Job instance at 0x7f551a2fc0f0>,23,1,[13  3],24,-1,40,-1,39
1,<environment.Job instance at 0x7f551a143370>,22,25,[5 7],23,-1,67,-1,42
1,<environment.Job instance at 0x7f551b112fa0>,20,28,[10  4],21,-1,87,-1,59
1,<environment.Job instance at 0x7f551a55bc30>,19,28,[10  3],20,-1,87,-1,59
1,<environment.Job instance at 0x7f551aea8550>,29,28,[3 8],30,-1,87,-1,59
1,<environment.Job instance at 0x7f551aea8af0>,30,18,[ 1 14],31,-1,77,-1,59
1,<environment.Job instance at 0x7f551aea8eb0>,33,16,[12  2],34,-1,76,-1,60
1,<environment.Job instance at 0x7f551a361c30>,34,12,[11  2],35,-1,72,-1,60
1,<environment.Job instance at 0x7f551aabb410>,37,21,[11  1],38,-1,96,-1,75
1,<environment.Job instance at 0x7f551a7767d0>,40,14,[11  2],41,-1,99,-1,85
1,<environment.Job instance at 0x7f551a886be0>,8,14,[10  2],9,-1,25,-1,11
1,<environment.Job instance at 0x7f551a886500>,11,22,[7 2],12,-1,34,-1,12
1,<environment.Job instance at 0x7f551b32a550>,9,24,[5 8],10,-1,36,-1,12
1,<environment.Job instance at 0x7f551b25c3c0>,16,21,[ 4 11],17,-1,40,-1,19
1,<environment.Job instance at 0x7f551b1f9320>,18,23,[8 4],19,-1,43,-1,20
1,<environment.Job instance at 0x7f551a927eb0>,20,20,[5 7],21,-1,41,-1,21
1,<environment.Job instance at 0x7f551a94e230>,21,16,[4 8],22,-1,45,-1,29
1,<environment.Job instance at 0x7f551ac3ffa0>,14,21,[4 9],15,-1,52,-1,31
1,<environment.Job instance at 0x7f551b3a50f0>,24,24,[6 2],25,-1,56,-1,32
1,<environment.Job instance at 0x7f551a886f50>,7,24,[1 6],8,-1,56,-1,32
1,<environment.Job instance at 0x7f551adad6e0>,4,26,[10  5],5,-1,58,-1,32
1,<environment.Job instance at 0x7f551a927fa0>,22,18,[6 1],23,-1,50,-1,32
1,<environment.Job instance at 0x7f551b7c53c0>,27,15,[11  1],28,-1,47,-1,32
1,<environment.Job instance at 0x7f551a68fbe0>,28,16,[10  5],29,-1,48,-1,32
1,<environment.Job instance at 0x7f551a68f730>,30,16,[1 7],31,-1,48,-1,32
1,<environment.Job instance at 0x7f551b3a57d0>,26,25,[8 3],27,-1,58,-1,33
1,<environment.Job instance at 0x7f551a94e500>,23,15,[2 8],24,-1,48,-1,33
1,<environment.Job instance at 0x7f5519eb5af0>,32,18,[2 7],33,-1,52,-1,34
1,<environment.Job instance at 0x7f5519eb1e10>,33,15,[4 7],34,-1,50,-1,35
1,<environment.Job instance at 0x7f551a4b6320>,34,20,[ 5 13],35,-1,57,-1,37
1,<environment.Job instance at 0x7f551a4b6370>,36,16,[9 4],37,-1,54,-1,38
1,<environment.Job instance at 0x7f551a4b6cd0>,38,27,[6 4],39,-1,66,-1,39
1,<environment.Job instance at 0x7f551a4b61e0>,41,28,[8 5],42,-1,79,-1,51
1,<environment.Job instance at 0x7f551a4b6af0>,39,25,[6 1],40,-1,76,-1,51
1,<environment.Job instance at 0x7f551b3fb230>,44,23,[10  2],45,-1,74,-1,51
1,<environment.Job instance at 0x7f5519fdf730>,45,21,[10  3],46,-1,72,-1,51
1,<environment.Job instance at 0x7f5519fdfd20>,47,15,[ 1 12],48,-1,66,-1,51
1,<environment.Job instance at 0x7f551ac3f050>,15,21,[ 5 14],16,-1,73,-1,52
1,<environment.Job instance at 0x7f551aa76780>,48,19,[2 9],49,-1,73,-1,54
1,<environment.Job instance at 0x7f551a061f00>,42,12,[13  5],43,-1,66,-1,54
1,<environment.Job instance at 0x7f5519e74550>,51,18,[2 7],52,-1,72,-1,54
1,<environment.Job instance at 0x7f5519e740a0>,52,25,[5 3],53,-1,79,-1,54
1,<environment.Job instance at 0x7f5519e74320>,53,18,[3 8],54,-1,73,-1,55
1,<environment.Job instance at 0x7f5519e74c30>,55,14,[ 4 10],56,-1,71,-1,57
1,<environment.Job instance at 0x7f551a05b4b0>,57,27,[ 2 10],58,-1,85,-1,58
1,<environment.Job instance at 0x7f551a05bfa0>,58,16,[ 1 12],59,-1,75,-1,59
1,<environment.Job instance at 0x7f551a05b1e0>,59,15,[13  4],60,-1,75,-1,60
1,<environment.Job instance at 0x7f5519e74780>,56,15,[4 8],57,-1,77,-1,62
1,<environment.Job instance at 0x7f5519fdf550>,46,17,[14  1],47,-1,79,-1,62
1,<environment.Job instance at 0x7f5519e74f00>,50,20,[ 1 10],51,-1,84,-1,64
1,<environment.Job instance at 0x7f551a05b5f0>,64,22,[8 3],65,-1,87,-1,65
1,<environment.Job instance at 0x7f551b11e280>,66,21,[ 1 11],67,-1,91,-1,70
1,<environment.Job instance at 0x7f551a05baf0>,63,28,[5 1],64,-1,102,-1,74
1,<environment.Job instance at 0x7f551a05baa0>,62,28,[ 2 14],63,-1,104,-1,76
1,<environment.Job instance at 0x7f551a4b6e60>,40,23,[5 5],41,-1,99,-1,76
1,<environment.Job instance at 0x7f551a799690>,70,21,[8 3],71,-1,97,-1,76
1,<environment.Job instance at 0x7f551a40b690>,73,14,[5 5],74,-1,93,-1,79
1,<environment.Job instance at 0x7f551b066b40>,76,27,[ 4 13],77,-1,106,-1,79
1,<environment.Job instance at 0x7f551b066500>,77,15,[14  1],78,-1,97,-1,82
1,<environment.Job instance at 0x7f551a40b190>,75,17,[11  4],76,-1,99,-1,82
1,<environment.Job instance at 0x7f551b066640>,79,18,[9 5],80,-1,102,-1,84
1,<environment.Job instance at 0x7f551b27c3c0>,68,21,[8 2],69,-1,105,-1,84
1,<environment.Job instance at 0x7f551b066b90>,81,26,[ 4 10],82,-1,110,-1,84
1,<environment.Job instance at 0x7f551b22c370>,71,18,[1 6],72,-1,104,-1,86
1,<environment.Job instance at 0x7f551b066fa0>,83,16,[1 9],84,-1,102,-1,86
1,<environment.Job instance at 0x7f551abeb960>,86,26,[2 9],87,-1,113,-1,87
1,<environment.Job instance at 0x7f551b066780>,78,15,[2 5],79,-1,103,-1,88
1,<environment.Job instance at 0x7f551abeb190>,84,17,[2 6],85,-1,105,-1,88
1,<environment.Job instance at 0x7f551a25bcd0>,0,18,[ 3 14],1,-1,19,-1,1
1,<environment.Job instance at 0x7f551a831910>,2,1,[ 1 14],3,-1,4,-1,3
1,<environment.Job instance at 0x7f551a831820>,3,26,[3 8],4,-1,30,-1,4
1,<environment.Job instance at 0x7f551a11e460>,6,1,[12  4],7,-1,8,-1,7
1,<environment.Job instance at 0x7f551a8312d0>,7,24,[1 6],8,-1,32,-1,8
1,<environment.Job instance at 0x7f551a0c04b0>,9,24,[5 8],10,-1,34,-1,10
1,<environment.Job instance at 0x7f551a3375a0>,15,21,[ 5 14],16,-1,39,-1,18
1,<environment.Job instance at 0x7f551a738af0>,16,21,[ 4 11],17,-1,39,-1,18
1,<environment.Job instance at 0x7f551a738780>,18,23,[8 4],19,-1,54,-1,31
1,<environment.Job instance at 0x7f551a8318c0>,4,26,[10  5],5,-1,60,-1,34
1,<environment.Job instance at 0x7f551a97a190>,24,24,[6 2],25,-1,72,-1,48
1,<environment.Job instance at 0x7f551ab6fbe0>,26,25,[8 3],27,-1,73,-1,48
1,<environment.Job instance at 0x7f551ab6fc80>,27,15,[11  1],28,-1,63,-1,48
1,<environment.Job instance at 0x7f551aea8910>,34,20,[ 5 13],35,-1,84,-1,64
1,<environment.Job instance at 0x7f551a5409b0>,3,23,[8 4],4,-1,29,-1,6
1,<environment.Job instance at 0x7f551a540280>,6,18,[10  2],7,-1,25,-1,7
1,<environment.Job instance at 0x7f551a09df00>,8,24,[2 6],9,-1,33,-1,9
1,<environment.Job instance at 0x7f551a09deb0>,9,15,[5 8],10,-1,25,-1,10
1,<environment.Job instance at 0x7f551a09df50>,10,18,[5 8],11,-1,29,-1,11
1,<environment.Job instance at 0x7f551a09da50>,11,17,[2 6],12,-1,29,-1,12
1,<environment.Job instance at 0x7f551a09db90>,16,15,[4 5],17,-1,32,-1,17
1,<environment.Job instance at 0x7f551a540550>,5,28,[ 4 10],6,-1,64,-1,36
1,<environment.Job instance at 0x7f552401ec30>,27,15,[8 1],28,-1,52,-1,37
1,<environment.Job instance at 0x7f551a09d5a0>,17,25,[9 2],18,-1,68,-1,43
1,<environment.Job instance at 0x7f551a09ddc0>,12,27,[ 2 10],13,-1,70,-1,43
1,<environment.Job instance at 0x7f5519f4e690>,29,28,[ 2 10],30,-1,71,-1,43
1,<environment.Job instance at 0x7f551a7a92d0>,30,15,[5 5],31,-1,58,-1,43
1,<environment.Job instance at 0x7f551b48f4b0>,31,16,[ 2 10],32,-1,59,-1,43
1,<environment.Job instance at 0x7f551b48f550>,32,21,[ 3 14],33,-1,64,-1,43
1,<environment.Job instance at 0x7f551b48f910>,33,21,[ 2 10],34,-1,64,-1,43
1,<environment.Job instance at 0x7f551b48f0a0>,34,18,[5 9],35,-1,61,-1,43
1,<environment.Job instance at 0x7f551b6bd500>,35,17,[2 5],36,-1,60,-1,43
1,<environment.Job instance at 0x7f551a59b780>,36,21,[13  5],37,-1,64,-1,43
1,<environment.Job instance at 0x7f551a939320>,37,19,[1 9],38,-1,62,-1,43
1,<environment.Job instance at 0x7f551a833190>,0,1,[ 1 11],1,-1,2,-1,1
1,<environment.Job instance at 0x7f5523e3b320>,1,18,[ 2 12],2,-1,20,-1,2
1,<environment.Job instance at 0x7f5523e3bb40>,2,22,[ 2 11],3,-1,25,-1,3
1,<environment.Job instance at 0x7f5523e3baa0>,3,23,[8 4],4,-1,27,-1,4
1,<environment.Job instance at 0x7f5523e3b960>,5,28,[ 4 10],6,-1,34,-1,6
1,<environment.Job instance at 0x7f5523e092d0>,8,24,[2 6],9,-1,35,-1,11
1,<environment.Job instance at 0x7f5523e03dc0>,14,1,[11  5],15,-1,16,-1,15
1,<environment.Job instance at 0x7f5523e03b40>,15,14,[ 5 14],16,-1,30,-1,16
1,<environment.Job instance at 0x7f5523e03320>,17,25,[9 2],18,-1,50,-1,25
1,<environment.Job instance at 0x7f5523e09280>,12,27,[ 2 10],13,-1,53,-1,26
1,<environment.Job instance at 0x7f5523e12690>,19,2,[ 5 13],20,-1,28,-1,26
1,<environment.Job instance at 0x7f5523e02870>,22,13,[ 5 13],23,-1,40,-1,27
1,<environment.Job instance at 0x7f5523e22280>,25,24,[5 1],26,-1,65,-1,41
1,<environment.Job instance at 0x7f5523e226e0>,26,13,[ 5 12],27,-1,54,-1,41
1,<environment.Job instance at 0x7f5523e1ccd0>,28,23,[1 8],29,-1,64,-1,41
1,<environment.Job instance at 0x7f551a333640>,32,21,[ 3 14],33,-1,77,-1,56
1,<environment.Job instance at 0x7f5523e1c6e0>,29,28,[ 2 10],30,-1,86,-1,58
1,<environment.Job instance at 0x7f551a333be0>,36,21,[13  5],37,-1,79,-1,58
1,<environment.Job instance at 0x7f5523e00be0>,40,14,[11  4],41,-1,88,-1,74
1,<environment.Job instance at 0x7f5523e00c30>,42,28,[ 1 13],43,-1,102,-1,74
1,<environment.Job instance at 0x7f5523e3c5a0>,43,19,[ 5 14],44,-1,93,-1,74
1,<environment.Job instance at 0x7f5523e1a0a0>,46,2,[ 4 14],47,-1,81,-1,79
1,<environment.Job instance at 0x7f5523e1ae10>,47,18,[14  4],48,-1,97,-1,79
1,<environment.Job instance at 0x7f5523e1ad70>,48,18,[ 3 11],49,-1,97,-1,79
1,<environment.Job instance at 0x7f551a6e0c30>,50,26,[ 2 11],51,-1,114,-1,88
1,<environment.Job instance at 0x7f551a6e0b90>,51,13,[13  4],52,-1,101,-1,88
1,<environment.Job instance at 0x7f5519f57b90>,7,21,[9 1],8,-1,29,-1,8
1,<environment.Job instance at 0x7f5519f57140>,8,18,[7 3],9,-1,27,-1,9
1,<environment.Job instance at 0x7f5519f570f0>,9,28,[9 4],10,-1,38,-1,10
1,<environment.Job instance at 0x7f5519f57b40>,10,13,[ 5 11],11,-1,24,-1,11
1,<environment.Job instance at 0x7f5519f57eb0>,11,19,[5 5],12,-1,31,-1,12
1,<environment.Job instance at 0x7f5519f57730>,12,24,[8 4],13,-1,37,-1,13
1,<environment.Job instance at 0x7f5519f5eaa0>,6,15,[ 3 13],7,-1,34,-1,19
1,<environment.Job instance at 0x7f5519f57550>,18,26,[6 1],19,-1,45,-1,19
1,<environment.Job instance at 0x7f5519f570a0>,14,14,[10  2],15,-1,36,-1,22
1,<environment.Job instance at 0x7f5519f3d0f0>,21,20,[3 6],22,-1,42,-1,22
1,<environment.Job instance at 0x7f5519f3d1e0>,22,15,[3 9],23,-1,38,-1,23
1,<environment.Job instance at 0x7f5519f3dcd0>,23,15,[5 5],24,-1,40,-1,25
1,<environment.Job instance at 0x7f5519f3d460>,25,12,[ 1 10],26,-1,40,-1,28
1,<environment.Job instance at 0x7f5519f3deb0>,27,15,[10  2],28,-1,43,-1,28
1,<environment.Job instance at 0x7f5519f3dbe0>,28,25,[1 6],29,-1,55,-1,30
1,<environment.Job instance at 0x7f5519f3d6e0>,29,26,[5 5],30,-1,56,-1,30
1,<environment.Job instance at 0x7f5519f3d5f0>,32,22,[5 8],33,-1,56,-1,34
1,<environment.Job instance at 0x7f551b6cd870>,41,23,[2 6],42,-1,66,-1,43
1,<environment.Job instance at 0x7f551a838d20>,2,15,[12  2],3,-1,18,-1,3
1,<environment.Job instance at 0x7f551aa6c820>,6,15,[ 3 13],7,-1,22,-1,7
1,<environment.Job instance at 0x7f551a57aa00>,10,13,[ 5 11],11,-1,24,-1,11
1,<environment.Job instance at 0x7f551b494410>,12,24,[8 4],13,-1,39,-1,15
1,<environment.Job instance at 0x7f551b20a0f0>,18,26,[6 1],19,-1,56,-1,30
1,<environment.Job instance at 0x7f551aaaa460>,19,3,[ 5 14],20,-1,33,-1,30
1,<environment.Job instance at 0x7f551aaaa0a0>,20,3,[14  4],21,-1,33,-1,30
1,<environment.Job instance at 0x7f551a57a0a0>,9,28,[9 4],10,-1,62,-1,34
1,<environment.Job instance at 0x7f551a389af0>,26,2,[13  2],27,-1,36,-1,34
1,<environment.Job instance at 0x7f551a481370>,28,25,[1 6],29,-1,69,-1,44
1,<environment.Job instance at 0x7f551a0cbb90>,29,26,[5 5],30,-1,70,-1,44
1,<environment.Job instance at 0x7f551a0cb910>,30,15,[12  2],31,-1,59,-1,44
1,<environment.Job instance at 0x7f551aa3e910>,34,14,[14  4],35,-1,65,-1,51
1,<environment.Job instance at 0x7f551a0c8eb0>,38,23,[3 6],39,-1,101,-1,78
1,<environment.Job instance at 0x7f551b051550>,41,23,[2 6],42,-1,102,-1,79
1,<environment.Job instance at 0x7f551b051820>,42,15,[ 3 13],43,-1,94,-1,79
1,<environment.Job instance at 0x7f5519fa6190>,45,24,[9 2],46,-1,104,-1,80
1,<environment.Job instance at 0x7f551a3aaf00>,46,13,[11  4],47,-1,93,-1,80
1,<environment.Job instance at 0x7f551a3aa0a0>,47,17,[ 3 12],48,-1,97,-1,80
1,<environment.Job instance at 0x7f551aa61d70>,0,27,[13  3],1,-1,28,-1,1
1,<environment.Job instance at 0x7f551aa612d0>,1,24,[3 9],2,-1,26,-1,2
1,<environment.Job instance at 0x7f551aa61f00>,3,23,[14  1],4,-1,27,-1,4
1,<environment.Job instance at 0x7f551aa611e0>,4,27,[11  2],5,-1,32,-1,5
1,<environment.Job instance at 0x7f551a935640>,7,22,[ 3 14],8,-1,30,-1,8
1,<environment.Job instance at 0x7f551a3aad70>,8,15,[13  2],9,-1,24,-1,9
1,<environment.Job instance at 0x7f551a3aabe0>,9,16,[11  3],10,-1,26,-1,10
1,<environment.Job instance at 0x7f551b48fb40>,13,1,[13  2],14,-1,15,-1,14
1,<environment.Job instance at 0x7f551b250370>,19,28,[13  5],20,-1,49,-1,21
1,<environment.Job instance at 0x7f5519fa6140>,20,27,[6 1],21,-1,56,-1,29
1,<environment.Job instance at 0x7f551aa3eaf0>,22,17,[ 5 11],23,-1,46,-1,29
1,<environment.Job instance at 0x7f551a3899b0>,26,24,[14  3],27,-1,65,-1,41
1,<environment.Job instance at 0x7f551a3a19b0>,27,1,[ 1 14],28,-1,42,-1,41
1,<environment.Job instance at 0x7f551a3a15a0>,28,24,[10  2],29,-1,74,-1,50
1,<environment.Job instance at 0x7f551aa9ea00>,30,3,[ 2 14],31,-1,53,-1,50
1,<environment.Job instance at 0x7f551a20bdc0>,32,19,[11  3],33,-1,69,-1,50
1,<environment.Job instance at 0x7f551a3a1b40>,33,18,[ 5 11],34,-1,68,-1,50
1,<environment.Job instance at 0x7f551a3a1190>,34,21,[12  1],35,-1,71,-1,50
1,<environment.Job instance at 0x7f551aa6c820>,35,18,[12  4],36,-1,68,-1,50
1,<environment.Job instance at 0x7f551a16fcd0>,36,26,[1 9],37,-1,79,-1,53
1,<environment.Job instance at 0x7f5519fd6b40>,39,26,[13  5],40,-1,91,-1,65
1,<environment.Job instance at 0x7f551b6bd4b0>,40,25,[13  3],41,-1,90,-1,65
1,<environment.Job instance at 0x7f551b6bdc80>,42,13,[ 3 12],43,-1,80,-1,67
1,<environment.Job instance at 0x7f551b6bd2d0>,45,13,[12  1],46,-1,81,-1,68
1,<environment.Job instance at 0x7f551b6bd410>,46,16,[ 5 11],47,-1,84,-1,68
1,<environment.Job instance at 0x7f551b6bd1e0>,47,16,[11  4],48,-1,84,-1,68
1,<environment.Job instance at 0x7f551b6bda50>,48,24,[3 5],49,-1,94,-1,70
1,<environment.Job instance at 0x7f551b6bd870>,50,19,[ 5 13],51,-1,89,-1,70
1,<environment.Job instance at 0x7f551b6bdf00>,51,24,[2 5],52,-1,105,-1,81
1,<environment.Job instance at 0x7f551a55fb40>,55,26,[ 3 12],56,-1,112,-1,86
1,<environment.Job instance at 0x7f551a55f230>,58,16,[13  4],59,-1,104,-1,88
1,<environment.Job instance at 0x7f551a55f8c0>,59,28,[2 7],60,-1,117,-1,89
1,<environment.Job instance at 0x7f551ac230a0>,3,14,[ 1 10],4,-1,19,-1,5
1,<environment.Job instance at 0x7f551ac23280>,6,19,[8 3],7,-1,26,-1,7
1,<environment.Job instance at 0x7f551ac32fa0>,4,16,[1 8],5,-1,31,-1,15
1,<environment.Job instance at 0x7f551ac23230>,14,15,[ 4 13],15,-1,31,-1,16
1,<environment.Job instance at 0x7f551ac237d0>,15,14,[8 5],16,-1,30,-1,16
1,<environment.Job instance at 0x7f551ac23960>,16,13,[11  4],17,-1,31,-1,18
1,<environment.Job instance at 0x7f551ac23a50>,17,19,[6 4],18,-1,37,-1,18
1,<environment.Job instance at 0x7f551ac23b40>,19,14,[1 8],20,-1,34,-1,20
1,<environment.Job instance at 0x7f551ac235a0>,11,17,[8 4],12,-1,37,-1,20
1,<environment.Job instance at 0x7f551ac23af0>,18,16,[1 6],19,-1,38,-1,22
1,<environment.Job instance at 0x7f551ac23d20>,21,15,[10  1],22,-1,40,-1,25
1,<environment.Job instance at 0x7f551ac23f50>,24,16,[5 4],25,-1,42,-1,26
1,<environment.Job instance at 0x7f551ac1d1e0>,25,22,[6 4],26,-1,48,-1,26
1,<environment.Job instance at 0x7f551ac23780>,13,12,[3 8],14,-1,41,-1,29
1,<environment.Job instance at 0x7f551ac1d230>,27,17,[ 4 10],28,-1,46,-1,29
1,<environment.Job instance at 0x7f551ac1d4b0>,30,28,[4 7],31,-1,59,-1,31
1,<environment.Job instance at 0x7f551ac1d780>,33,16,[11  4],34,-1,50,-1,34
1,<environment.Job instance at 0x7f551ac1d910>,34,24,[1 7],35,-1,59,-1,35
1,<environment.Job instance at 0x7f551a592d70>,0,2,[14  3],1,-1,3,-1,1
1,<environment.Job instance at 0x7f551a592b90>,1,24,[13  5],2,-1,26,-1,2
1,<environment.Job instance at 0x7f551a5928c0>,7,12,[14  1],8,-1,20,-1,8
1,<environment.Job instance at 0x7f551a5929b0>,9,13,[11  4],10,-1,23,-1,10
1,<environment.Job instance at 0x7f551a592cd0>,5,27,[ 3 10],6,-1,45,-1,18
1,<environment.Job instance at 0x7f551a55fa50>,14,15,[ 4 13],15,-1,41,-1,26
1,<environment.Job instance at 0x7f551a55f500>,16,13,[11  4],17,-1,42,-1,29
1,<environment.Job instance at 0x7f551a55f780>,28,14,[11  2],29,-1,79,-1,65
1,<environment.Job instance at 0x7f551b6bdb40>,29,23,[12  3],30,-1,88,-1,65
1,<environment.Job instance at 0x7f551b6bdaf0>,30,28,[4 7],31,-1,95,-1,67
1,<environment.Job instance at 0x7f551b6bd1e0>,33,16,[11  4],34,-1,83,-1,67
1,<environment.Job instance at 0x7f551b6bde60>,34,24,[1 7],35,-1,102,-1,78
1,<environment.Job instance at 0x7f551b6bd6e0>,36,17,[13  2],37,-1,95,-1,78
1,<environment.Job instance at 0x7f551b6bd640>,38,23,[13  4],39,-1,101,-1,78
1,<environment.Job instance at 0x7f551ac20f00>,1,18,[ 5 10],2,-1,20,-1,2
1,<environment.Job instance at 0x7f551ac20410>,2,18,[10  2],3,-1,22,-1,4
1,<environment.Job instance at 0x7f551ac20690>,4,23,[10  1],5,-1,28,-1,5
1,<environment.Job instance at 0x7f551ac20370>,5,22,[8 1],6,-1,28,-1,6
1,<environment.Job instance at 0x7f551ac0e500>,10,23,[ 5 10],11,-1,44,-1,21
1,<environment.Job instance at 0x7f551ac0ebe0>,20,18,[1 9],21,-1,40,-1,22
1,<environment.Job instance at 0x7f551ac0e140>,8,27,[3 9],9,-1,49,-1,22
1,<environment.Job instance at 0x7f551ac1eb90>,3,13,[ 2 14],4,-1,46,-1,33
1,<environment.Job instance at 0x7f551ac0eb90>,19,3,[8 2],20,-1,36,-1,33
1,<environment.Job instance at 0x7f551ab9c780>,25,18,[10  5],26,-1,51,-1,33
1,<environment.Job instance at 0x7f551ab9ceb0>,26,26,[13  3],27,-1,59,-1,33
1,<environment.Job instance at 0x7f551ac0edc0>,24,21,[ 2 12],25,-1,54,-1,33
1,<environment.Job instance at 0x7f551ab9c410>,27,24,[12  5],28,-1,57,-1,33
1,<environment.Job instance at 0x7f551ab9c960>,29,27,[7 3],30,-1,60,-1,33
1,<environment.Job instance at 0x7f551ab9c820>,28,18,[5 6],29,-1,51,-1,33
1,<environment.Job instance at 0x7f551ab9ccd0>,32,22,[7 1],33,-1,55,-1,33
1,<environment.Job instance at 0x7f551ab83820>,3,13,[ 2 14],4,-1,17,-1,4
1,<environment.Job instance at 0x7f551a3aad70>,6,14,[14  4],7,-1,21,-1,7
1,<environment.Job instance at 0x7f551a3aae60>,7,13,[ 5 14],8,-1,21,-1,8
1,<environment.Job instance at 0x7f551a3aa190>,8,27,[3 9],9,-1,43,-1,16
1,<environment.Job instance at 0x7f551a3aa5f0>,10,23,[ 5 10],11,-1,39,-1,16
1,<environment.Job instance at 0x7f551a3aa690>,11,17,[ 1 11],12,-1,33,-1,16
1,<environment.Job instance at 0x7f551a3aa230>,9,28,[3 8],10,-1,44,-1,16
1,<environment.Job instance at 0x7f551b20a0f0>,13,1,[ 4 13],14,-1,17,-1,16
1,<environment.Job instance at 0x7f5519fa6820>,14,3,[ 5 13],15,-1,19,-1,16
1,<environment.Job instance at 0x7f551ab9c5a0>,16,1,[ 1 14],17,-1,18,-1,17
1,<environment.Job instance at 0x7f551ac0ef00>,17,16,[11  4],18,-1,34,-1,18
1,<environment.Job instance at 0x7f551a3aa3c0>,4,23,[10  1],5,-1,44,-1,21
1,<environment.Job instance at 0x7f551ac1efa0>,21,16,[13  2],22,-1,38,-1,22
1,<environment.Job instance at 0x7f5519e68d70>,22,14,[ 2 13],23,-1,37,-1,23
1,<environment.Job instance at 0x7f5519e683c0>,23,18,[13  1],24,-1,42,-1,24
1,<environment.Job instance at 0x7f5519e68e60>,24,21,[ 2 12],25,-1,46,-1,25
1,<environment.Job instance at 0x7f551ac1ee60>,26,26,[13  3],27,-1,54,-1,28
1,<environment.Job instance at 0x7f5519e68aa0>,27,24,[12  5],28,-1,52,-1,28
1,<environment.Job instance at 0x7f5519e68550>,29,27,[7 3],30,-1,82,-1,55
1,<environment.Job instance at 0x7f5519e57320>,33,21,[11  1],34,-1,80,-1,59
1,<environment.Job instance at 0x7f5519e572d0>,35,18,[11  1],36,-1,77,-1,59
1,<environment.Job instance at 0x7f5519e57a50>,39,13,[ 1 12],40,-1,90,-1,77
1,<environment.Job instance at 0x7f551a218230>,0,12,[10  3],1,-1,14,-1,2
1,<environment.Job instance at 0x7f551a218a50>,2,20,[ 4 10],3,-1,23,-1,3
1,<environment.Job instance at 0x7f551a218e60>,1,13,[10  4],2,-1,16,-1,3
1,<environment.Job instance at 0x7f551a0c0370>,10,21,[9 5],11,-1,33,-1,12
1,<environment.Job instance at 0x7f551a0c0640>,16,26,[8 5],17,-1,43,-1,17
1,<environment.Job instance at 0x7f551a0c0c30>,17,20,[9 5],18,-1,38,-1,18
1,<environment.Job instance at 0x7f551a0c0410>,18,16,[4 9],19,-1,35,-1,19
1,<environment.Job instance at 0x7f551a0c0af0>,21,15,[6 4],22,-1,37,-1,22
1,<environment.Job instance at 0x7f551a0c07d0>,24,23,[6 2],25,-1,48,-1,25
1,<environment.Job instance at 0x7f551a218f00>,11,25,[5 4],12,-1,61,-1,36
1,<environment.Job instance at 0x7f5519e42050>,6,2,[ 1 11],7,-1,9,-1,7
1,<environment.Job instance at 0x7f5519e42500>,7,14,[11  4],8,-1,22,-1,8
1,<environment.Job instance at 0x7f551b20a0f0>,8,24,[ 4 11],9,-1,33,-1,9
1,<environment.Job instance at 0x7f5519e42190>,9,24,[4 8],10,-1,47,-1,23
1,<environment.Job instance at 0x7f551ab83b90>,11,25,[5 4],12,-1,48,-1,23
1,<environment.Job instance at 0x7f551a0c00a0>,16,26,[8 5],17,-1,52,-1,26
1,<environment.Job instance at 0x7f5523df05f0>,19,18,[12  1],20,-1,44,-1,26
1,<environment.Job instance at 0x7f551a218280>,25,1,[11  4],26,-1,41,-1,40
1,<environment.Job instance at 0x7f551b021410>,26,3,[ 1 12],27,-1,43,-1,40
1,<environment.Job instance at 0x7f551b021aa0>,27,14,[12  1],28,-1,54,-1,40
1,<environment.Job instance at 0x7f551a218a00>,24,23,[6 2],25,-1,66,-1,43
1,<environment.Job instance at 0x7f5519fc1960>,32,2,[ 1 11],33,-1,56,-1,54
1,<environment.Job instance at 0x7f5519fc16e0>,34,18,[12  5],35,-1,72,-1,54
1,<environment.Job instance at 0x7f5519fc1780>,35,20,[13  1],36,-1,74,-1,54
1,<environment.Job instance at 0x7f5519fc1c30>,36,17,[ 5 13],37,-1,71,-1,54
1,<environment.Job instance at 0x7f5519fc1e60>,38,23,[4 8],39,-1,82,-1,59
1,<environment.Job instance at 0x7f551ae57910>,43,13,[12  5],44,-1,97,-1,84
1,<environment.Job instance at 0x7f5519fc1140>,41,26,[2 8],42,-1,110,-1,84
1,<environment.Job instance at 0x7f551ae57e10>,45,14,[ 2 11],46,-1,98,-1,84
1,<environment.Job instance at 0x7f551b330190>,0,15,[ 4 10],1,-1,17,-1,2
1,<environment.Job instance at 0x7f551aa2af00>,3,18,[ 2 10],4,-1,23,-1,5
1,<environment.Job instance at 0x7f551aa2a460>,4,18,[13  2],5,-1,23,-1,5
1,<environment.Job instance at 0x7f551aa2ac80>,6,19,[ 5 10],7,-1,28,-1,9
1,<environment.Job instance at 0x7f551aa33f00>,9,27,[8 5],10,-1,37,-1,10
1,<environment.Job instance at 0x7f551aa33870>,16,26,[5 4],17,-1,43,-1,17
1,<environment.Job instance at 0x7f551aa38a50>,25,25,[5 5],26,-1,51,-1,26
1,<environment.Job instance at 0x7f551aa34a00>,26,26,[8 5],27,-1,53,-1,27
1,<environment.Job instance at 0x7f551a838c30>,4,18,[13  2],5,-1,23,-1,5
1,<environment.Job instance at 0x7f551b6c70a0>,2,28,[1 7],3,-1,44,-1,16
1,<environment.Job instance at 0x7f551a8386e0>,9,27,[8 5],10,-1,43,-1,16
1,<environment.Job instance at 0x7f551a8380a0>,11,25,[ 1 12],12,-1,41,-1,16
1,<environment.Job instance at 0x7f551a838d70>,13,1,[ 2 13],14,-1,17,-1,16
1,<environment.Job instance at 0x7f551a8ed960>,15,17,[13  3],16,-1,33,-1,16
1,<environment.Job instance at 0x7f551a8edc30>,16,26,[5 4],17,-1,44,-1,18
1,<environment.Job instance at 0x7f551a8edd20>,17,18,[ 1 11],18,-1,36,-1,18
1,<environment.Job instance at 0x7f551a8ede60>,18,13,[ 2 12],19,-1,32,-1,19
1,<environment.Job instance at 0x7f551a8ed730>,24,26,[8 5],25,-1,57,-1,31
1,<environment.Job instance at 0x7f551a8edcd0>,25,25,[5 5],26,-1,56,-1,31
1,<environment.Job instance at 0x7f551a8ed410>,26,26,[8 5],27,-1,57,-1,31
1,<environment.Job instance at 0x7f551ae57730>,29,3,[ 2 13],30,-1,34,-1,31
1,<environment.Job instance at 0x7f551ae57870>,31,23,[2 9],32,-1,66,-1,43
1,<environment.Job instance at 0x7f551ae57aa0>,34,15,[ 3 11],35,-1,58,-1,43
1,<environment.Job instance at 0x7f5519fc1a00>,35,20,[ 4 12],36,-1,63,-1,43
1,<environment.Job instance at 0x7f5519fc1140>,36,28,[5 8],37,-1,71,-1,43
1,<environment.Job instance at 0x7f5519fc1be0>,37,17,[ 3 14],38,-1,60,-1,43
1,<environment.Job instance at 0x7f5519fc12d0>,38,27,[ 3 10],39,-1,70,-1,43
1,<environment.Job instance at 0x7f5519fc1230>,42,2,[14  1],43,-1,60,-1,58
1,<environment.Job instance at 0x7f551a218280>,45,25,[2 8],46,-1,99,-1,74
1,<environment.Job instance at 0x7f551a609b90>,0,17,[4 8],1,-1,18,-1,1
1,<environment.Job instance at 0x7f551a609f00>,2,16,[8 4],3,-1,19,-1,3
1,<environment.Job instance at 0x7f551a6093c0>,5,21,[9 3],6,-1,30,-1,9
1,<environment.Job instance at 0x7f551a7435f0>,12,20,[4 7],13,-1,33,-1,13
1,<environment.Job instance at 0x7f551a743d20>,15,18,[7 1],16,-1,34,-1,16
1,<environment.Job instance at 0x7f551a743230>,19,16,[3 5],20,-1,36,-1,20
1,<environment.Job instance at 0x7f551a743af0>,20,14,[6 2],21,-1,35,-1,21
1,<environment.Job instance at 0x7f551a743320>,21,22,[5 8],22,-1,44,-1,22
1,<environment.Job instance at 0x7f551a743e60>,23,18,[7 1],24,-1,42,-1,24
1,<environment.Job instance at 0x7f551a5a7c30>,24,21,[5 3],25,-1,46,-1,25
1,<environment.Job instance at 0x7f5519f5df50>,3,17,[ 5 13],4,-1,21,-1,4
1,<environment.Job instance at 0x7f5523df05f0>,4,26,[ 3 14],5,-1,31,-1,5
1,<environment.Job instance at 0x7f551a5a78c0>,17,15,[ 2 12],18,-1,47,-1,32
1,<environment.Job instance at 0x7f551a36b780>,25,24,[ 4 12],26,-1,78,-1,54
1,<environment.Job instance at 0x7f551a36bc80>,26,12,[14  4],27,-1,66,-1,54
1,<environment.Job instance at 0x7f551a36baa0>,27,28,[5 5],28,-1,82,-1,54
1,<environment.Job instance at 0x7f551a36b550>,34,3,[ 2 11],35,-1,85,-1,82
1,<environment.Job instance at 0x7f551a36bd70>,35,26,[1 9],36,-1,111,-1,85
1,<environment.Job instance at 0x7f551a36c690>,3,16,[9 4],4,-1,21,-1,5
1,<environment.Job instance at 0x7f551a36c7d0>,5,17,[5 5],6,-1,23,-1,6
1,<environment.Job instance at 0x7f551aa382d0>,4,23,[6 4],5,-1,29,-1,6
1,<environment.Job instance at 0x7f551a36c320>,11,28,[1 5],12,-1,40,-1,12
1,<environment.Job instance at 0x7f551a36c190>,13,25,[8 1],14,-1,40,-1,15
1,<environment.Job instance at 0x7f551a36ca00>,16,21,[7 4],17,-1,38,-1,17
1,<environment.Job instance at 0x7f551a375280>,21,28,[13  4],22,-1,54,-1,26
1,<environment.Job instance at 0x7f551a3750a0>,17,20,[3 9],18,-1,49,-1,29
1,<environment.Job instance at 0x7f551a606960>,0,25,[ 5 12],1,-1,26,-1,1
1,<environment.Job instance at 0x7f551a606320>,2,2,[14  2],3,-1,5,-1,3
1,<environment.Job instance at 0x7f551a7415f0>,6,20,[ 1 11],7,-1,27,-1,7
1,<environment.Job instance at 0x7f551a7415a0>,8,18,[ 5 13],9,-1,27,-1,9
1,<environment.Job instance at 0x7f551a6068c0>,4,23,[6 4],5,-1,38,-1,15
1,<environment.Job instance at 0x7f551a7416e0>,11,28,[1 5],12,-1,43,-1,15
1,<environment.Job instance at 0x7f551a741f50>,13,25,[8 1],14,-1,45,-1,20
1,<environment.Job instance at 0x7f551a7417d0>,15,12,[12  3],16,-1,32,-1,20
1,<environment.Job instance at 0x7f551a7410f0>,18,25,[4 5],19,-1,53,-1,28
1,<environment.Job instance at 0x7f551a5b1e60>,21,28,[13  4],22,-1,56,-1,28
1,<environment.Job instance at 0x7f551a5b1a50>,22,20,[13  2],23,-1,48,-1,28
1,<environment.Job instance at 0x7f551a5b19b0>,23,14,[12  3],24,-1,42,-1,28
1,<environment.Job instance at 0x7f551a5b1960>,24,17,[ 5 13],25,-1,45,-1,28
1,<environment.Job instance at 0x7f551a5b1230>,26,18,[13  4],27,-1,54,-1,36
1,<environment.Job instance at 0x7f551a5b1370>,19,25,[10  3],20,-1,74,-1,49
1,<environment.Job instance at 0x7f551a5b1af0>,29,16,[ 2 11],30,-1,65,-1,49
1,<environment.Job instance at 0x7f551ab03730>,31,25,[2 5],32,-1,74,-1,49
1,<environment.Job instance at 0x7f551ab03690>,38,23,[ 3 14],39,-1,82,-1,59
1,<environment.Job instance at 0x7f551ab03a00>,39,21,[ 5 13],40,-1,80,-1,59
1,<environment.Job instance at 0x7f551ab031e0>,40,16,[ 3 14],41,-1,75,-1,59
1,<environment.Job instance at 0x7f551ab03be0>,42,14,[11  3],43,-1,82,-1,68
1,<environment.Job instance at 0x7f551ab032d0>,44,13,[14  1],45,-1,88,-1,75
1,<environment.Job instance at 0x7f7e7ddd5b40>,2,18,[ 3 10],3,-1,21,-1,3
1,<environment.Job instance at 0x7f7e7ddd5e10>,5,18,[7 5],6,-1,24,-1,6
1,<environment.Job instance at 0x7f7e7ddd5d20>,6,19,[1 7],7,-1,26,-1,7
1,<environment.Job instance at 0x7f7e7ddd9550>,16,19,[ 3 10],17,-1,38,-1,19
1,<environment.Job instance at 0x7f7e7ddd9640>,17,18,[ 5 13],18,-1,37,-1,19
1,<environment.Job instance at 0x7f7e7ddd92d0>,14,21,[ 3 11],15,-1,40,-1,19
1,<environment.Job instance at 0x7f7e7ddd9780>,18,18,[3 6],19,-1,37,-1,19
1,<environment.Job instance at 0x7f7e7ddd97d0>,19,21,[8 5],20,-1,42,-1,21
1,<environment.Job instance at 0x7f7e7ddd99b0>,21,22,[8 2],22,-1,44,-1,22
1,<environment.Job instance at 0x7f7e7ddd9870>,20,21,[13  5],21,-1,45,-1,24
1,<environment.Job instance at 0x7f7e7ddd9aa0>,23,18,[7 4],24,-1,44,-1,26
1,<environment.Job instance at 0x7f7e7ddd9b90>,25,16,[5 3],26,-1,43,-1,27
1,<environment.Job instance at 0x7f7e7ddd9e60>,26,20,[4 8],27,-1,48,-1,28
1,<environment.Job instance at 0x7f7e7ddd9fa0>,29,24,[5 1],30,-1,54,-1,30
1,<environment.Job instance at 0x7f7e7dddb0f0>,31,13,[4 5],32,-1,45,-1,32
1,<environment.Job instance at 0x7f7e7dddb370>,32,14,[8 3],33,-1,47,-1,33
1,<environment.Job instance at 0x7f7e7dddb280>,33,16,[9 3],34,-1,50,-1,34
1,<environment.Job instance at 0x7f7e7dddb460>,34,20,[5 3],35,-1,55,-1,35
1,<environment.Job instance at 0x7f7e7dddb5a0>,36,16,[8 1],37,-1,53,-1,37
1,<environment.Job instance at 0x7f7e7dddb3c0>,38,14,[5 5],39,-1,53,-1,39
1,<environment.Job instance at 0x7f7e7dddb960>,39,12,[3 6],40,-1,52,-1,40
1,<environment.Job instance at 0x7f7e7dddbdc0>,45,28,[6 4],46,-1,80,-1,52
1,<environment.Job instance at 0x7f7e7ddd9cd0>,27,25,[14  4],28,-1,77,-1,52
1,<environment.Job instance at 0x7f7e7dddbc30>,46,17,[ 5 12],47,-1,69,-1,52
1,<environment.Job instance at 0x7f7e7dddbaa0>,42,24,[ 4 14],43,-1,78,-1,54
1,<environment.Job instance at 0x7f7e7dddbd70>,48,25,[5 4],49,-1,79,-1,54
1,<environment.Job instance at 0x7f7e7dddb820>,40,18,[ 5 13],41,-1,73,-1,55
1,<environment.Job instance at 0x7f7e7dddd0f0>,52,27,[9 1],53,-1,82,-1,55
1,<environment.Job instance at 0x7f7e7dddd280>,53,22,[9 5],54,-1,77,-1,55
1,<environment.Job instance at 0x7f7e7ddd5f00>,8,24,[ 2 10],9,-1,79,-1,55
1,<environment.Job instance at 0x7f7e7dddd3c0>,56,17,[6 4],57,-1,81,-1,64
1,<environment.Job instance at 0x7f7e7dddbc80>,43,14,[10  1],44,-1,78,-1,64
1,<environment.Job instance at 0x7f7e7dddd640>,57,15,[6 5],58,-1,79,-1,64
1,<environment.Job instance at 0x7f7e7dddd780>,60,17,[9 3],61,-1,81,-1,64
1,<environment.Job instance at 0x7f7e7dddbf00>,47,16,[6 2],48,-1,80,-1,64
1,<environment.Job instance at 0x7f7e7dddd8c0>,62,24,[ 3 10],63,-1,88,-1,64
1,<environment.Job instance at 0x7f7e7dddd820>,61,14,[ 2 10],62,-1,78,-1,64
1,<environment.Job instance at 0x7f7e7dddbd20>,49,23,[2 6],50,-1,87,-1,64
1,<environment.Job instance at 0x7f7e7dddd6e0>,59,16,[8 1],60,-1,80,-1,64
1,<environment.Job instance at 0x7f7e7ddddeb0>,64,20,[9 1],65,-1,85,-1,65
1,<environment.Job instance at 0x7f7e7dddde10>,65,15,[ 1 11],66,-1,81,-1,66
1,<environment.Job instance at 0x7f7e7ddddd20>,66,12,[6 1],67,-1,79,-1,67
1,<environment.Job instance at 0x7f7e7ddddfa0>,67,13,[3 5],68,-1,81,-1,68
1,<environment.Job instance at 0x7f7e7dde2140>,69,26,[5 4],70,-1,96,-1,70
1,<environment.Job instance at 0x7f7e7dde21e0>,70,22,[5 6],71,-1,93,-1,71
1,<environment.Job instance at 0x7f7e7dde2280>,71,13,[7 2],72,-1,85,-1,72
1,<environment.Job instance at 0x7f7e7dde2320>,72,18,[5 5],73,-1,91,-1,73
1,<environment.Job instance at 0x7f7e7dde23c0>,73,27,[8 2],74,-1,101,-1,74
1,<environment.Job instance at 0x7f7e7dde2460>,74,14,[9 1],75,-1,89,-1,75
1,<environment.Job instance at 0x7f7e7dde2500>,75,19,[8 3],76,-1,95,-1,76
1,<environment.Job instance at 0x7f7e7dde25a0>,76,18,[ 2 10],77,-1,95,-1,77
1,<environment.Job instance at 0x7f7e7dde2640>,77,19,[8 1],78,-1,97,-1,78
1,<environment.Job instance at 0x7f7e7dde26e0>,78,13,[1 5],79,-1,92,-1,79
1,<environment.Job instance at 0x7f7e7dde2780>,79,15,[4 7],80,-1,95,-1,80
1,<environment.Job instance at 0x7f7e7dde2820>,80,19,[8 4],81,-1,100,-1,81
1,<environment.Job instance at 0x7f7e7dde28c0>,81,17,[2 7],82,-1,99,-1,82
1,<environment.Job instance at 0x7f7e7dde2b40>,84,21,[ 1 10],85,-1,106,-1,85
1,<environment.Job instance at 0x7f7e7de14550>,4,24,[ 3 11],5,-1,29,-1,5
1,<environment.Job instance at 0x7f7e7de29fa0>,8,24,[ 2 10],9,-1,45,-1,21
1,<environment.Job instance at 0x7f7e7ddcda00>,12,13,[ 2 12],13,-1,34,-1,21
1,<environment.Job instance at 0x7f7e7ddcdd20>,14,21,[ 3 11],15,-1,43,-1,22
1,<environment.Job instance at 0x7f7e7dec7280>,17,18,[ 5 13],18,-1,40,-1,22
1,<environment.Job instance at 0x7f7e7ddcdcd0>,20,21,[13  5],21,-1,56,-1,35
1,<environment.Job instance at 0x7f7e7dea4e10>,24,2,[ 3 12],25,-1,51,-1,49
1,<environment.Job instance at 0x7f7e7defaa00>,27,25,[14  4],28,-1,74,-1,49
1,<environment.Job instance at 0x7f7e7defaf50>,29,24,[5 1],30,-1,89,-1,65
1,<environment.Job instance at 0x7f7e7d515b90>,0,22,[2 8],1,-1,24,-1,2
1,<environment.Job instance at 0x7f7e7dddb230>,1,18,[12  3],2,-1,20,-1,2
1,<environment.Job instance at 0x7f7e7d515910>,3,17,[ 2 10],4,-1,22,-1,5
1,<environment.Job instance at 0x7f7e7d51da00>,5,18,[5 3],6,-1,24,-1,6
1,<environment.Job instance at 0x7f7e7d51d460>,6,16,[7 3],7,-1,23,-1,7
1,<environment.Job instance at 0x7f7e7d51dcd0>,8,15,[9 4],9,-1,24,-1,9
1,<environment.Job instance at 0x7f7e7d51df50>,9,27,[5 8],10,-1,37,-1,10
1,<environment.Job instance at 0x7f7e7d51d050>,14,28,[7 4],15,-1,43,-1,15
1,<environment.Job instance at 0x7f7e7d57ef00>,15,17,[4 8],16,-1,33,-1,16
1,<environment.Job instance at 0x7f7e7d57e5a0>,18,14,[9 1],19,-1,33,-1,19
1,<environment.Job instance at 0x7f7e7d521280>,19,15,[9 2],20,-1,35,-1,20
1,<environment.Job instance at 0x7f7e7d521d70>,21,21,[2 7],22,-1,43,-1,22
1,<environment.Job instance at 0x7f7e7d521370>,22,16,[1 8],23,-1,39,-1,23
1,<environment.Job instance at 0x7f7e7d521410>,23,24,[5 6],24,-1,48,-1,24
1,<environment.Job instance at 0x7f7e7d521910>,26,22,[10  1],27,-1,65,-1,43
1,<environment.Job instance at 0x7f7e7d521730>,30,16,[9 4],31,-1,59,-1,43
1,<environment.Job instance at 0x7f7e7d51ea00>,36,16,[5 3],37,-1,59,-1,43
1,<environment.Job instance at 0x7f7e7d51eaa0>,39,21,[3 6],40,-1,65,-1,44
1,<environment.Job instance at 0x7f7e7d51e6e0>,34,19,[9 1],35,-1,63,-1,44
1,<environment.Job instance at 0x7f7e7d51ee60>,40,17,[ 2 11],41,-1,61,-1,44
1,<environment.Job instance at 0x7f7e7d521be0>,20,18,[ 3 12],21,-1,62,-1,44
1,<environment.Job instance at 0x7f7e7d51fc30>,41,18,[10  5],42,-1,70,-1,52
1,<environment.Job instance at 0x7f7e7d470050>,46,25,[5 4],47,-1,77,-1,52
1,<environment.Job instance at 0x7f7e874650f0>,1,18,[12  3],2,-1,20,-1,2
1,<environment.Job instance at 0x7f7e7de97f50>,2,13,[ 5 12],3,-1,16,-1,3
1,<environment.Job instance at 0x7f7e7d5f6be0>,9,27,[5 8],10,-1,50,-1,23
1,<environment.Job instance at 0x7f7e7d5f6c80>,11,13,[12  3],12,-1,36,-1,23
1,<environment.Job instance at 0x7f7e7d5f92d0>,14,28,[7 4],15,-1,67,-1,39
1,<environment.Job instance at 0x7f7e7d5f9190>,20,18,[ 3 12],21,-1,74,-1,56
1,<environment.Job instance at 0x7f7e7d5fdcd0>,23,24,[5 6],24,-1,81,-1,57
1,<environment.Job instance at 0x7f7e7d58d9b0>,24,18,[11  5],25,-1,75,-1,57
1,<environment.Job instance at 0x7f7e7d585c30>,25,14,[14  1],26,-1,71,-1,57
1,<environment.Job instance at 0x7f7e7d589af0>,29,3,[14  4],30,-1,76,-1,73
1,<environment.Job instance at 0x7f7e7d61a730>,32,23,[ 1 14],33,-1,97,-1,74
1,<environment.Job instance at 0x7f7e7d61aa50>,35,23,[7 3],36,-1,117,-1,94
1,<environment.Job instance at 0x7f7e7d61a9b0>,37,26,[ 1 11],38,-1,120,-1,94
1,<environment.Job instance at 0x7f7e7d46a730>,0,23,[5 8],1,-1,24,-1,1
1,<environment.Job instance at 0x7f7e7d46a320>,8,17,[10  2],9,-1,32,-1,15
1,<environment.Job instance at 0x7f7e7d46adc0>,15,15,[3 5],16,-1,31,-1,16
1,<environment.Job instance at 0x7f7e7d46af00>,16,17,[11  1],17,-1,35,-1,18
1,<environment.Job instance at 0x7f7e7d464c80>,18,17,[11  4],19,-1,36,-1,19
1,<environment.Job instance at 0x7f7e7d464eb0>,19,13,[10  1],20,-1,33,-1,20
1,<environment.Job instance at 0x7f7e7d464e60>,20,16,[7 2],21,-1,37,-1,21
1,<environment.Job instance at 0x7f7e87587320>,0,23,[5 8],1,-1,24,-1,1
1,<environment.Job instance at 0x7f7e87587aa0>,1,21,[ 4 11],2,-1,23,-1,2
1,<environment.Job instance at 0x7f7e875879b0>,2,2,[ 3 12],3,-1,5,-1,3
1,<environment.Job instance at 0x7f7e874472d0>,4,28,[3 8],5,-1,33,-1,5
1,<environment.Job instance at 0x7f7e874470a0>,5,24,[12  1],6,-1,30,-1,6
1,<environment.Job instance at 0x7f7e87447b90>,6,14,[11  2],7,-1,21,-1,7
1,<environment.Job instance at 0x7f7e87447a00>,7,27,[5 3],8,-1,35,-1,8
1,<environment.Job instance at 0x7f7e87447910>,9,17,[ 5 11],10,-1,27,-1,10
1,<environment.Job instance at 0x7f7e87447320>,12,18,[ 2 14],13,-1,31,-1,13
1,<environment.Job instance at 0x7f7e87587f50>,13,2,[11  2],14,-1,16,-1,14
1,<environment.Job instance at 0x7f7e87598fa0>,14,18,[12  2],15,-1,33,-1,15
1,<environment.Job instance at 0x7f7e874477d0>,16,17,[11  1],17,-1,34,-1,17
1,<environment.Job instance at 0x7f7e87598be0>,17,13,[ 4 12],18,-1,31,-1,18
1,<environment.Job instance at 0x7f7e87598cd0>,18,17,[11  4],19,-1,36,-1,19
1,<environment.Job instance at 0x7f7e874473c0>,11,27,[6 5],12,-1,53,-1,26
1,<environment.Job instance at 0x7f7e874c6fa0>,24,28,[4 5],25,-1,54,-1,26
1,<environment.Job instance at 0x7f7e874c6b40>,25,23,[8 3],26,-1,49,-1,26
1,<environment.Job instance at 0x7f7e875989b0>,22,28,[7 4],23,-1,54,-1,26
1,<environment.Job instance at 0x7f7e874c6820>,28,28,[9 1],29,-1,67,-1,39
1,<environment.Job instance at 0x7f7e8758ae10>,32,16,[14  3],33,-1,56,-1,40
1,<environment.Job instance at 0x7f7e8758a9b0>,33,12,[11  4],34,-1,52,-1,40
1,<environment.Job instance at 0x7f7e8758af00>,34,15,[14  3],35,-1,55,-1,40
1,<environment.Job instance at 0x7f7e8758afa0>,36,13,[ 5 13],37,-1,53,-1,40
1,<environment.Job instance at 0x7f7e87473870>,40,24,[11  3],41,-1,65,-1,41
1,<environment.Job instance at 0x7f7e8758f4b0>,44,28,[13  3],45,-1,85,-1,57
1,<environment.Job instance at 0x7f7e8758f910>,47,18,[ 1 13],48,-1,77,-1,59
1,<environment.Job instance at 0x7f7e8758f370>,48,24,[ 5 11],49,-1,83,-1,59
1,<environment.Job instance at 0x7f7e8758f730>,51,16,[ 2 13],52,-1,91,-1,75
1,<environment.Job instance at 0x7f7e8758ff00>,53,2,[ 5 11],54,-1,78,-1,76
1,<environment.Job instance at 0x7f7e7d519be0>,55,13,[11  1],56,-1,104,-1,91
1,<environment.Job instance at 0x7f7e7d8e8b40>,8,22,[9 3],9,-1,32,-1,10
1,<environment.Job instance at 0x7f7e7d8e8e10>,10,26,[4 7],11,-1,37,-1,11
1,<environment.Job instance at 0x7f7e7d8e8640>,14,15,[10  3],15,-1,40,-1,25
1,<environment.Job instance at 0x7f7e7d4c4c80>,21,25,[5 1],22,-1,52,-1,27
1,<environment.Job instance at 0x7f7e7d4c4a50>,19,24,[6 5],20,-1,53,-1,29
1,<environment.Job instance at 0x7f7e7d8e8550>,11,25,[10  5],12,-1,54,-1,29
1,<environment.Job instance at 0x7f7e7d4c4e10>,23,14,[ 3 10],24,-1,43,-1,29
1,<environment.Job instance at 0x7f7e7d4c4cd0>,22,17,[4 8],23,-1,46,-1,29
1,<environment.Job instance at 0x7f7e7d4c4b40>,25,24,[9 3],26,-1,53,-1,29
1,<environment.Job instance at 0x7f7e7d8e8050>,16,20,[ 3 11],17,-1,50,-1,30
1,<environment.Job instance at 0x7f7e7d92da50>,30,16,[ 5 13],31,-1,47,-1,31
1,<environment.Job instance at 0x7f7e7d92db40>,32,22,[4 8],33,-1,56,-1,34
1,<environment.Job instance at 0x7f7e7d7f5500>,34,16,[2 8],35,-1,51,-1,35
1,<environment.Job instance at 0x7f7e7d7f5b40>,35,24,[6 1],36,-1,60,-1,36
1,<environment.Job instance at 0x7f7e7d519c30>,0,1,[11  3],1,-1,2,-1,1
1,<environment.Job instance at 0x7f7e7d519820>,4,16,[ 2 11],5,-1,21,-1,5
1,<environment.Job instance at 0x7f7e7d519550>,5,24,[8 2],6,-1,30,-1,6
1,<environment.Job instance at 0x7f7e7d519be0>,9,16,[ 4 13],10,-1,26,-1,10
1,<environment.Job instance at 0x7f7e8758ff00>,10,26,[4 7],11,-1,43,-1,17
1,<environment.Job instance at 0x7f7e7d5197d0>,11,25,[10  5],12,-1,42,-1,17
1,<environment.Job instance at 0x7f7e8758fa00>,16,20,[ 3 11],17,-1,37,-1,17
1,<environment.Job instance at 0x7f7e8758f320>,19,24,[6 5],20,-1,56,-1,32
1,<environment.Job instance at 0x7f7e8758fdc0>,21,25,[5 1],22,-1,59,-1,34
1,<environment.Job instance at 0x7f7e8758aa00>,24,18,[ 4 13],25,-1,54,-1,36
1,<environment.Job instance at 0x7f7e8758ab40>,26,15,[13  4],27,-1,63,-1,48
1,<environment.Job instance at 0x7f7e8758a4b0>,25,24,[9 3],26,-1,74,-1,50
1,<environment.Job instance at 0x7f7e8758ab90>,28,24,[ 2 13],29,-1,74,-1,50
1,<environment.Job instance at 0x7f7e8758a500>,29,3,[ 2 14],30,-1,53,-1,50
1,<environment.Job instance at 0x7f7e87592fa0>,30,16,[ 5 13],31,-1,66,-1,50
1,<environment.Job instance at 0x7f7e87447f00>,35,24,[6 1],36,-1,89,-1,65
1,<environment.Job instance at 0x7f7e874477d0>,37,18,[13  2],38,-1,83,-1,65
1,<environment.Job instance at 0x7f7e87447230>,38,19,[ 5 13],39,-1,84,-1,65
1,<environment.Job instance at 0x7f7e87447c30>,39,28,[3 5],40,-1,95,-1,67
1,<environment.Job instance at 0x7f7e874470a0>,42,26,[5 3],43,-1,93,-1,67
1,<environment.Job instance at 0x7f7e7d3e9870>,43,18,[11  4],44,-1,85,-1,67
1,<environment.Job instance at 0x7f7e7d3e9b40>,44,15,[ 3 11],45,-1,82,-1,67
1,<environment.Job instance at 0x7f7e7d8e8e60>,47,12,[ 3 11],48,-1,79,-1,67
1,<environment.Job instance at 0x7f7e7d3e9410>,46,27,[2 8],47,-1,106,-1,79
1,<environment.Job instance at 0x7f7e7d7f5320>,50,24,[ 5 11],51,-1,103,-1,79
1,<environment.Job instance at 0x7f7e7d92d820>,53,1,[ 2 11],54,-1,90,-1,89
1,<environment.Job instance at 0x7f7e7d92d730>,52,27,[4 6],53,-1,119,-1,92
1,<environment.Job instance at 0x7f7e7d8ca410>,55,15,[13  3],56,-1,107,-1,92
1,<environment.Job instance at 0x7f7e7d8caf50>,56,12,[14  2],57,-1,104,-1,92
1,<environment.Job instance at 0x7f7e7d8caf00>,57,1,[ 2 11],58,-1,93,-1,92
1,<environment.Job instance at 0x7f7e87591640>,59,15,[12  5],60,-1,107,-1,92
1,<environment.Job instance at 0x7f7e875910a0>,60,16,[ 3 12],61,-1,108,-1,92
1,<environment.Job instance at 0x7f7e7d8d02d0>,61,16,[ 3 12],62,-1,108,-1,92
1,<environment.Job instance at 0x7f7e7d8d0e60>,63,27,[5 1],64,-1,119,-1,92
1,<environment.Job instance at 0x7f7e7e252230>,8,26,[7 3],9,-1,36,-1,10
1,<environment.Job instance at 0x7f7e7e252dc0>,12,16,[3 9],13,-1,29,-1,13
1,<environment.Job instance at 0x7f7e7d3c4730>,0,13,[14  4],1,-1,14,-1,1
1,<environment.Job instance at 0x7f7e7d7ec9b0>,2,16,[ 1 11],3,-1,19,-1,3
1,<environment.Job instance at 0x7f7e7d7ecc30>,3,26,[12  3],4,-1,30,-1,4
1,<environment.Job instance at 0x7f7e7d3c4eb0>,5,17,[ 4 13],6,-1,23,-1,6
1,<environment.Job instance at 0x7f7e7d7ec5f0>,7,28,[1 9],8,-1,47,-1,19
1,<environment.Job instance at 0x7f7e7d7ec2d0>,13,18,[14  3],14,-1,37,-1,19
1,<environment.Job instance at 0x7f7e7d7ec230>,8,26,[7 3],9,-1,47,-1,21
1,<environment.Job instance at 0x7f7e7d7ece10>,18,25,[9 1],19,-1,64,-1,39
1,<environment.Job instance at 0x7f7e7d8d0af0>,22,23,[2 8],23,-1,68,-1,45
1,<environment.Job instance at 0x7f7e7d8d0eb0>,23,16,[11  1],24,-1,61,-1,45
1,<environment.Job instance at 0x7f7e7d8d05a0>,25,14,[11  5],26,-1,59,-1,45
1,<environment.Job instance at 0x7f7e7d8d00f0>,26,13,[ 1 11],27,-1,58,-1,45
1,<environment.Job instance at 0x7f7e7d8d0320>,28,25,[6 1],29,-1,83,-1,58
1,<environment.Job instance at 0x7f7e7d8d02d0>,29,15,[ 3 12],30,-1,73,-1,58
1,<environment.Job instance at 0x7f7e87591fa0>,30,18,[13  2],31,-1,76,-1,58
1,<environment.Job instance at 0x7f7e7d8caf50>,33,28,[11  3],34,-1,87,-1,59
1,<environment.Job instance at 0x7f7e7d8ca410>,35,28,[ 4 10],36,-1,95,-1,67
1,<environment.Job instance at 0x7f7e87592fa0>,41,16,[ 5 13],42,-1,97,-1,81
1,<environment.Job instance at 0x7f7e7d449d20>,43,24,[5 6],44,-1,121,-1,97
1,<environment.Job instance at 0x7f7e8758ab90>,46,14,[ 3 14],47,-1,111,-1,97
1,<environment.Job instance at 0x7f7e7d7a37d0>,0,21,[9 1],1,-1,23,-1,2
1,<environment.Job instance at 0x7f7e7d7a3f50>,2,19,[2 7],3,-1,22,-1,3
1,<environment.Job instance at 0x7f7e7dc60a00>,3,24,[1 9],4,-1,28,-1,4
1,<environment.Job instance at 0x7f7e7d7a3e10>,1,18,[5 8],2,-1,26,-1,8
1,<environment.Job instance at 0x7f7e7dc60b90>,4,25,[ 3 10],5,-1,34,-1,9
1,<environment.Job instance at 0x7f7e7dc608c0>,9,18,[11  5],10,-1,28,-1,10
1,<environment.Job instance at 0x7f7e7dc60be0>,10,28,[7 2],11,-1,39,-1,11
1,<environment.Job instance at 0x7f7e7dc60550>,11,20,[8 3],12,-1,32,-1,12
1,<environment.Job instance at 0x7f7e7dc60dc0>,12,25,[5 7],13,-1,38,-1,13
1,<environment.Job instance at 0x7f7e7dc60d20>,13,18,[5 7],14,-1,32,-1,14
1,<environment.Job instance at 0x7f7e7dc60140>,14,12,[3 8],15,-1,27,-1,15
1,<environment.Job instance at 0x7f7e7dc605f0>,17,16,[4 5],18,-1,34,-1,18
1,<environment.Job instance at 0x7f7e7dc820a0>,20,23,[7 1],21,-1,48,-1,25
1,<environment.Job instance at 0x7f7e7dc825f0>,26,15,[5 7],27,-1,42,-1,27
1,<environment.Job instance at 0x7f7e7dc82af0>,24,12,[ 2 13],25,-1,39,-1,27
1,<environment.Job instance at 0x7f7e7dc82b40>,27,24,[10  2],28,-1,52,-1,28
1,<environment.Job instance at 0x7f7e7dc825a0>,31,18,[9 4],32,-1,50,-1,32
1,<environment.Job instance at 0x7f7e7d7a36e0>,5,15,[6 5],6,-1,48,-1,33
1,<environment.Job instance at 0x7f7e7dc60c80>,19,22,[12  5],20,-1,55,-1,33
1,<environment.Job instance at 0x7f7e7d8095f0>,35,22,[8 5],36,-1,91,-1,69
1,<environment.Job instance at 0x7f7e7dc82230>,32,25,[11  2],33,-1,98,-1,73
1,<environment.Job instance at 0x7f7e7d809b40>,42,14,[8 4],43,-1,87,-1,73
1,<environment.Job instance at 0x7f7e7d8092d0>,45,18,[6 1],46,-1,91,-1,73
1,<environment.Job instance at 0x7f7e7d809280>,46,12,[4 7],47,-1,85,-1,73
1,<environment.Job instance at 0x7f7e7d809af0>,48,14,[10  4],49,-1,88,-1,74
1,<environment.Job instance at 0x7f7e7d82aa00>,49,20,[2 6],50,-1,94,-1,74
1,<environment.Job instance at 0x7f7e7d82ae60>,51,23,[5 7],52,-1,97,-1,74
1,<environment.Job instance at 0x7f7e7d8090a0>,47,27,[8 1],48,-1,101,-1,74
1,<environment.Job instance at 0x7f7e7d82a500>,55,12,[ 2 10],56,-1,87,-1,75
1,<environment.Job instance at 0x7f7e7d82a730>,57,12,[ 3 13],58,-1,87,-1,75
1,<environment.Job instance at 0x7f7e7d82a190>,53,15,[ 2 14],54,-1,90,-1,75
1,<environment.Job instance at 0x7f7e7d82a460>,58,16,[2 6],59,-1,93,-1,77
1,<environment.Job instance at 0x7f7e7d82a550>,60,14,[6 4],61,-1,91,-1,77
1,<environment.Job instance at 0x7f7e7d82aaa0>,62,18,[ 5 11],63,-1,95,-1,77
1,<environment.Job instance at 0x7f7e7d82abe0>,59,18,[3 6],60,-1,95,-1,77
1,<environment.Job instance at 0x7f7e7d82a370>,63,3,[1 6],64,-1,80,-1,77
1,<environment.Job instance at 0x7f7e7d82a910>,64,25,[4 9],65,-1,102,-1,77
1,<environment.Job instance at 0x7f7e7d82a8c0>,65,18,[ 1 12],66,-1,95,-1,77
1,<environment.Job instance at 0x7f7e7d82f820>,67,12,[6 1],68,-1,89,-1,77
1,<environment.Job instance at 0x7f7e7dc82fa0>,28,14,[ 5 14],29,-1,91,-1,77
1,<environment.Job instance at 0x7f7e7d82f7d0>,69,3,[5 1],70,-1,80,-1,77
1,<environment.Job instance at 0x7f7e7d809460>,37,23,[9 5],38,-1,100,-1,77
1,<environment.Job instance at 0x7f7e7d82f190>,71,14,[9 5],72,-1,92,-1,78
1,<environment.Job instance at 0x7f7e7d82f2d0>,72,1,[5 1],73,-1,79,-1,78
1,<environment.Job instance at 0x7f7e7d82ff50>,73,17,[14  3],74,-1,95,-1,78
1,<environment.Job instance at 0x7f7e7d82fd70>,74,28,[5 5],75,-1,106,-1,78
1,<environment.Job instance at 0x7f7e7d82f780>,75,19,[ 1 12],76,-1,97,-1,78
1,<environment.Job instance at 0x7f7e7d82faa0>,76,24,[10  2],77,-1,102,-1,78
1,<environment.Job instance at 0x7f7e8758f370>,7,2,[13  5],8,-1,22,-1,20
1,<environment.Job instance at 0x7f7e7e2515f0>,3,24,[1 9],4,-1,44,-1,20
1,<environment.Job instance at 0x7f7e8758f960>,9,18,[11  5],10,-1,38,-1,20
1,<environment.Job instance at 0x7f7e8758fbe0>,4,25,[ 3 10],5,-1,45,-1,20
1,<environment.Job instance at 0x7f7e8758f5f0>,12,25,[5 7],13,-1,46,-1,21
1,<environment.Job instance at 0x7f7e8758f1e0>,10,28,[7 2],11,-1,50,-1,22
1,<environment.Job instance at 0x7f7e8758f5a0>,15,21,[ 5 13],16,-1,43,-1,22
1,<environment.Job instance at 0x7f7e8758aa00>,18,17,[13  2],19,-1,39,-1,22
1,<environment.Job instance at 0x7f7e8758afa0>,19,22,[12  5],20,-1,44,-1,22
1,<environment.Job instance at 0x7f7e8758a9b0>,20,23,[7 1],21,-1,57,-1,34
1,<environment.Job instance at 0x7f7e7d8e8d20>,24,12,[ 2 13],25,-1,50,-1,38
1,<environment.Job instance at 0x7f7e7d7ece10>,27,24,[10  2],28,-1,78,-1,54
1,<environment.Job instance at 0x7f7e7d7ec3c0>,28,14,[ 5 14],29,-1,68,-1,54
1,<environment.Job instance at 0x7f7e7d7ec2d0>,32,25,[11  2],33,-1,88,-1,63
1,<environment.Job instance at 0x7f7e7d7ec4b0>,33,15,[ 3 12],34,-1,78,-1,63
1,<environment.Job instance at 0x7f7e7d7ec820>,37,23,[9 5],38,-1,107,-1,84
1,<environment.Job instance at 0x7f7e7d7eccd0>,38,23,[8 1],39,-1,107,-1,84
1,<environment.Job instance at 0x7f7e7dc606e0>,40,15,[ 5 14],41,-1,99,-1,84
1,<environment.Job instance at 0x7f7e7d829e60>,44,3,[11  3],45,-1,100,-1,97
1,<environment.Job instance at 0x7f7e7e5b0640>,0,17,[2 7],1,-1,18,-1,1
1,<environment.Job instance at 0x7f7e7d7edb90>,11,24,[ 4 10],12,-1,58,-1,34
1,<environment.Job instance at 0x7f7e7d86f280>,10,13,[ 3 12],11,-1,47,-1,34
1,<environment.Job instance at 0x7f7e7d7eda00>,18,13,[3 9],19,-1,47,-1,34
1,<environment.Job instance at 0x7f7e7d7edc30>,19,14,[ 2 11],20,-1,48,-1,34
1,<environment.Job instance at 0x7f7e7d7edeb0>,20,16,[6 5],21,-1,50,-1,34
1,<environment.Job instance at 0x7f7e7d7ed9b0>,5,15,[ 5 11],6,-1,50,-1,35
1,<environment.Job instance at 0x7f7e7d7edd20>,17,13,[8 5],18,-1,48,-1,35
1,<environment.Job instance at 0x7f7e7d7ed460>,16,17,[4 5],17,-1,54,-1,37
1,<environment.Job instance at 0x7f7e7d7f2460>,26,16,[9 2],27,-1,53,-1,37
1,<environment.Job instance at 0x7f7e7dc36140>,2,18,[14  1],3,-1,21,-1,3
1,<environment.Job instance at 0x7f7e7e5d8320>,3,24,[9 2],4,-1,28,-1,4
1,<environment.Job instance at 0x7f7e7e5d8c30>,5,15,[ 5 11],6,-1,21,-1,6
1,<environment.Job instance at 0x7f7e7e5d85f0>,8,16,[ 3 12],9,-1,25,-1,9
1,<environment.Job instance at 0x7f7e7e5d8140>,9,12,[ 3 12],10,-1,22,-1,10
1,<environment.Job instance at 0x7f7e7d83c500>,10,13,[ 3 12],11,-1,24,-1,11
1,<environment.Job instance at 0x7f7e7e5d8640>,12,25,[11  2],13,-1,38,-1,13
1,<environment.Job instance at 0x7f7e7d83c410>,13,1,[ 1 14],14,-1,15,-1,14
1,<environment.Job instance at 0x7f7e7e5d80f0>,6,27,[2 7],7,-1,44,-1,17
1,<environment.Job instance at 0x7f7e7d83c370>,11,24,[ 4 10],12,-1,42,-1,18
1,<environment.Job instance at 0x7f7e7d83cd70>,19,14,[ 2 11],20,-1,34,-1,20
1,<environment.Job instance at 0x7f7e7d81e5a0>,33,13,[12  5],34,-1,90,-1,77
1,<environment.Job instance at 0x7f7e7d7a3910>,37,28,[10  3],38,-1,121,-1,93
1,<environment.Job instance at 0x7f7e7e144190>,0,18,[6 5],1,-1,19,-1,1
1,<environment.Job instance at 0x7f7e7d5f10f0>,6,15,[3 7],7,-1,22,-1,7
1,<environment.Job instance at 0x7f7e7d5f1320>,7,25,[8 4],8,-1,33,-1,8
1,<environment.Job instance at 0x7f7e7d5f1e10>,11,14,[4 5],12,-1,26,-1,12
1,<environment.Job instance at 0x7f7e7d5f1460>,12,18,[2 5],13,-1,31,-1,13
1,<environment.Job instance at 0x7f7e7d5f1e60>,14,14,[1 7],15,-1,29,-1,15
1,<environment.Job instance at 0x7f7e7d5f15f0>,15,15,[ 1 10],16,-1,31,-1,16
1,<environment.Job instance at 0x7f7e7d5f17d0>,17,14,[5 7],18,-1,32,-1,18
1,<environment.Job instance at 0x7f7e7d5f1b40>,20,26,[1 6],21,-1,47,-1,21
1,<environment.Job instance at 0x7f7e7d5f18c0>,21,23,[5 5],22,-1,45,-1,22
1,<environment.Job instance at 0x7f7e7e11f320>,24,15,[10  3],25,-1,44,-1,29
1,<environment.Job instance at 0x7f7e7e11f280>,30,27,[10  3],31,-1,58,-1,31
1,<environment.Job instance at 0x7f7e7e11fcd0>,33,16,[9 4],34,-1,50,-1,34
1,<environment.Job instance at 0x7f7e7e11f500>,34,18,[10  1],35,-1,53,-1,35
1,<environment.Job instance at 0x7f7e7e11f370>,35,22,[5 5],36,-1,58,-1,36
1,<environment.Job instance at 0x7f7e7e20ec30>,40,20,[3 8],41,-1,61,-1,41
1,<environment.Job instance at 0x7f7e7e20e960>,41,13,[13  4],42,-1,109,-1,96
1,<environment.Job instance at 0x7f7e7e20ef50>,44,17,[ 2 11],45,-1,113,-1,96
1,<environment.Job instance at 0x7f7e7d8be820>,4,15,[11  5],5,-1,112,-1,97
1,<environment.Job instance at 0x7f7e7e45f8c0>,48,21,[7 5],49,-1,118,-1,97
1,<environment.Job instance at 0x7f7e7e45f5f0>,51,23,[9 4],52,-1,120,-1,97
1,<environment.Job instance at 0x7f7e7e45fcd0>,52,28,[8 5],53,-1,125,-1,97
1,<environment.Job instance at 0x7f7e7d7f22d0>,1,18,[ 5 12],2,-1,20,-1,2
1,<environment.Job instance at 0x7f7e7e253be0>,2,2,[ 2 13],3,-1,5,-1,3
1,<environment.Job instance at 0x7f7e7dc231e0>,3,26,[ 3 14],4,-1,30,-1,4
1,<environment.Job instance at 0x7f7e8758feb0>,4,15,[11  5],5,-1,20,-1,5
1,<environment.Job instance at 0x7f7e8758f320>,10,18,[ 4 12],11,-1,29,-1,11
1,<environment.Job instance at 0x7f7e7d8e8c80>,13,3,[14  5],14,-1,21,-1,18
1,<environment.Job instance at 0x7f7e7ddbe280>,7,25,[8 4],8,-1,44,-1,19
1,<environment.Job instance at 0x7f7e7d7ec0a0>,20,26,[1 6],21,-1,70,-1,44
1,<environment.Job instance at 0x7f7e7d7ecc80>,21,23,[5 5],22,-1,67,-1,44
1,<environment.Job instance at 0x7f7e7d7ec6e0>,22,1,[12  2],23,-1,45,-1,44
1,<environment.Job instance at 0x7f7e7d7ec370>,23,15,[14  2],24,-1,59,-1,44
1,<environment.Job instance at 0x7f7e7d7ec7d0>,25,3,[12  1],26,-1,47,-1,44
1,<environment.Job instance at 0x7f7e7d7ec910>,26,13,[11  4],27,-1,57,-1,44
1,<environment.Job instance at 0x7f7e7dc60730>,27,28,[6 1],28,-1,73,-1,45
1,<environment.Job instance at 0x7f7e7d7ec730>,28,3,[14  3],29,-1,48,-1,45
1,<environment.Job instance at 0x7f7e7d7ec9b0>,29,1,[14  5],30,-1,46,-1,45
1,<environment.Job instance at 0x7f7e7dc82640>,30,27,[10  3],31,-1,78,-1,51
1,<environment.Job instance at 0x7f7e7d81e4b0>,37,26,[3 6],38,-1,84,-1,58
1,<environment.Job instance at 0x7f7e7d81e5a0>,39,21,[ 1 12],40,-1,91,-1,70
1,<environment.Job instance at 0x7f7e7d81e550>,41,13,[13  4],42,-1,84,-1,71
1,<environment.Job instance at 0x7f7e7d81e280>,42,24,[10  4],43,-1,95,-1,71
1,<environment.Job instance at 0x7f7e7d81efa0>,44,17,[ 2 11],45,-1,88,-1,71
1,<environment.Job instance at 0x7f7e7d81eaa0>,46,1,[ 2 11],47,-1,72,-1,71
1,<environment.Job instance at 0x7f7e7dc363c0>,49,2,[ 2 13],50,-1,88,-1,86
1,<environment.Job instance at 0x7f7e7dc36140>,50,14,[ 1 13],51,-1,100,-1,86
1,<environment.Job instance at 0x7f7e7d549320>,51,23,[9 4],52,-1,109,-1,86
1,<environment.Job instance at 0x7f7e7d5f1f50>,52,28,[8 5],53,-1,114,-1,86
1,<environment.Job instance at 0x7f7e86f2a5f0>,47,25,[7 5],48,-1,111,-1,86
1,<environment.Job instance at 0x7f7e7e20e410>,54,23,[8 4],55,-1,109,-1,86
1,<environment.Job instance at 0x7f7e7dfe80a0>,0,16,[9 4],1,-1,18,-1,2
1,<environment.Job instance at 0x7f7e7dfe86e0>,2,14,[ 2 10],3,-1,17,-1,3
1,<environment.Job instance at 0x7f7e7dfe8690>,3,25,[3 9],4,-1,29,-1,4
1,<environment.Job instance at 0x7f7e7dfe8870>,4,16,[ 3 10],5,-1,21,-1,5
1,<environment.Job instance at 0x7f7e7dfe8230>,5,18,[5 5],6,-1,24,-1,6
1,<environment.Job instance at 0x7f7e7dfe8c80>,6,16,[5 5],7,-1,23,-1,7
1,<environment.Job instance at 0x7f7e7e16ba50>,7,17,[ 3 10],8,-1,25,-1,8
1,<environment.Job instance at 0x7f7e7e16b8c0>,8,13,[3 9],9,-1,22,-1,9
1,<environment.Job instance at 0x7f7e7e16b1e0>,9,2,[ 3 10],10,-1,12,-1,10
1,<environment.Job instance at 0x7f7e7e16b0f0>,10,18,[1 5],11,-1,29,-1,11
1,<environment.Job instance at 0x7f7e7e082410>,11,18,[9 5],12,-1,30,-1,12
1,<environment.Job instance at 0x7f7e7e0826e0>,12,19,[4 5],13,-1,32,-1,13
1,<environment.Job instance at 0x7f7e7e082f00>,13,3,[1 9],14,-1,17,-1,14
1,<environment.Job instance at 0x7f7e7e0828c0>,14,13,[11  4],15,-1,28,-1,15
1,<environment.Job instance at 0x7f7e7e082b90>,15,12,[2 6],16,-1,28,-1,16
1,<environment.Job instance at 0x7f7e7dfe82d0>,1,19,[ 5 13],2,-1,36,-1,17
1,<environment.Job instance at 0x7f7e7e082af0>,20,16,[8 3],21,-1,39,-1,23
1,<environment.Job instance at 0x7f7e7d3ce7d0>,22,23,[9 4],23,-1,46,-1,23
1,<environment.Job instance at 0x7f7e7d3ce2d0>,23,21,[8 2],24,-1,46,-1,25
1,<environment.Job instance at 0x7f7e7d3ce140>,24,21,[ 5 13],25,-1,47,-1,26
1,<environment.Job instance at 0x7f7e7dd4a730>,38,18,[8 3],39,-1,57,-1,39
1,<environment.Job instance at 0x7f7e7dd4a460>,39,28,[3 8],40,-1,69,-1,41
1,<environment.Job instance at 0x7f7e7dd4a910>,40,18,[ 1 14],41,-1,60,-1,42
1,<environment.Job instance at 0x7f7e87317640>,42,17,[7 4],43,-1,65,-1,48
1,<environment.Job instance at 0x7f7e87317d20>,43,16,[12  2],44,-1,65,-1,49
1,<environment.Job instance at 0x7f7e7d9a2140>,29,28,[10  3],30,-1,77,-1,49
1,<environment.Job instance at 0x7f7e7e57ef00>,32,25,[5 7],33,-1,75,-1,50
1,<environment.Job instance at 0x7f7e87317e60>,45,17,[3 5],46,-1,67,-1,50
1,<environment.Job instance at 0x7f7e87317870>,46,16,[3 9],47,-1,66,-1,50
1,<environment.Job instance at 0x7f7e87317960>,47,21,[11  1],48,-1,71,-1,50
1,<environment.Job instance at 0x7f7e87317370>,49,24,[8 3],50,-1,74,-1,50
1,<environment.Job instance at 0x7f7e7d519500>,1,19,[ 5 13],2,-1,21,-1,2
1,<environment.Job instance at 0x7f7e7dc4a550>,3,25,[3 9],4,-1,42,-1,17
1,<environment.Job instance at 0x7f7e7e5b3c80>,14,13,[11  4],15,-1,46,-1,33
1,<environment.Job instance at 0x7f7e7dd75230>,16,16,[ 2 13],17,-1,64,-1,48
1,<environment.Job instance at 0x7f7e7e253410>,22,23,[9 4],23,-1,78,-1,55
1,<environment.Job instance at 0x7f7e7da5d0f0>,24,21,[ 5 13],25,-1,76,-1,55
1,<environment.Job instance at 0x7f7e7d399190>,26,17,[11  2],27,-1,72,-1,55
1,<environment.Job instance at 0x7f7e7d57b370>,29,28,[10  3],30,-1,100,-1,72
1,<environment.Job instance at 0x7f7e7da188c0>,30,28,[10  4],31,-1,100,-1,72
1,<environment.Job instance at 0x7f7e7e8d01e0>,33,1,[13  3],34,-1,73,-1,72
1,<environment.Job instance at 0x7f7e7e4378c0>,32,25,[5 7],33,-1,99,-1,74
1,<environment.Job instance at 0x7f7e7d4c4820>,11,22,[7 2],12,-1,35,-1,13
1,<environment.Job instance at 0x7f7e7d4c4f00>,13,14,[10  2],14,-1,28,-1,14
1,<environment.Job instance at 0x7f7e86fef140>,3,26,[3 8],4,-1,41,-1,15
1,<environment.Job instance at 0x7f7e7e608fa0>,14,21,[4 9],15,-1,38,-1,17
1,<environment.Job instance at 0x7f7e7e608eb0>,16,21,[ 4 11],17,-1,38,-1,17
1,<environment.Job instance at 0x7f7e86fef910>,8,14,[10  2],9,-1,33,-1,19
1,<environment.Job instance at 0x7f7e7d4c4fa0>,12,13,[7 4],13,-1,32,-1,19
1,<environment.Job instance at 0x7f7e7dfefa00>,20,20,[5 7],21,-1,41,-1,21
1,<environment.Job instance at 0x7f7e7dfefe60>,19,12,[3 9],20,-1,34,-1,22
1,<environment.Job instance at 0x7f7e7dfefa50>,22,18,[6 1],23,-1,41,-1,23
1,<environment.Job instance at 0x7f7e7dfefcd0>,21,16,[4 8],22,-1,41,-1,25
1,<environment.Job instance at 0x7f7e7dfef8c0>,24,24,[6 2],25,-1,53,-1,29
1,<environment.Job instance at 0x7f7e7e608be0>,15,21,[ 5 14],16,-1,50,-1,29
1,<environment.Job instance at 0x7f7e7dfeffa0>,18,23,[8 4],19,-1,55,-1,32
1,<environment.Job instance at 0x7f7e7dfef0a0>,27,15,[11  1],28,-1,47,-1,32
1,<environment.Job instance at 0x7f7e7dfefb90>,25,12,[6 1],26,-1,44,-1,32
1,<environment.Job instance at 0x7f7e7dfef9b0>,30,16,[1 7],31,-1,49,-1,33
1,<environment.Job instance at 0x7f7e7dfefdc0>,26,25,[8 3],27,-1,58,-1,33
1,<environment.Job instance at 0x7f7e7d8e0dc0>,32,18,[2 7],33,-1,51,-1,33
1,<environment.Job instance at 0x7f7e7d8e00a0>,33,15,[4 7],34,-1,49,-1,34
1,<environment.Job instance at 0x7f7e7d8e0730>,36,16,[9 4],37,-1,53,-1,37
1,<environment.Job instance at 0x7f7e7d8e0230>,37,13,[8 2],38,-1,52,-1,39
1,<environment.Job instance at 0x7f7e7d474410>,39,25,[6 1],40,-1,65,-1,40
1,<environment.Job instance at 0x7f7e7d8e02d0>,34,20,[ 5 13],35,-1,60,-1,40
1,<environment.Job instance at 0x7f7e7d474e10>,40,23,[5 5],41,-1,64,-1,41
1,<environment.Job instance at 0x7f7e7d8e0140>,38,27,[6 4],39,-1,68,-1,41
1,<environment.Job instance at 0x7f7e7d8e0a50>,41,28,[8 5],42,-1,70,-1,42
1,<environment.Job instance at 0x7f7e7d4745f0>,44,23,[10  2],45,-1,69,-1,46
1,<environment.Job instance at 0x7f7e7d474320>,51,18,[2 7],52,-1,79,-1,61
1,<environment.Job instance at 0x7f7e7d474b40>,50,20,[ 1 10],51,-1,81,-1,61
1,<environment.Job instance at 0x7f7e7d474820>,47,15,[ 1 12],48,-1,76,-1,61
1,<environment.Job instance at 0x7f7e7d954320>,53,18,[3 8],54,-1,87,-1,69
1,<environment.Job instance at 0x7f7e7d954fa0>,57,27,[ 2 10],58,-1,96,-1,69
1,<environment.Job instance at 0x7f7e7d954960>,58,16,[ 1 12],59,-1,92,-1,76
1,<environment.Job instance at 0x7f7e7d474eb0>,46,17,[14  1],47,-1,95,-1,78
1,<environment.Job instance at 0x7f7e7d954b40>,56,15,[4 8],57,-1,96,-1,81
1,<environment.Job instance at 0x7f7e7dff4320>,61,17,[ 1 10],62,-1,103,-1,86
1,<environment.Job instance at 0x7f7e7d474c80>,42,12,[13  5],43,-1,98,-1,86
1,<environment.Job instance at 0x7f7e7dff4f00>,63,28,[5 1],64,-1,114,-1,86
1,<environment.Job instance at 0x7f7e7dff40f0>,68,21,[8 2],69,-1,107,-1,86
1,<environment.Job instance at 0x7f7e7dff4230>,64,22,[8 3],65,-1,108,-1,86
1,<environment.Job instance at 0x7f7e7dff45a0>,70,21,[8 3],71,-1,111,-1,90
1,<environment.Job instance at 0x7f7e7dff4f50>,67,21,[9 1],68,-1,111,-1,90
1,<environment.Job instance at 0x7f7e7dff4140>,72,26,[2 9],73,-1,116,-1,90
1,<environment.Job instance at 0x7f7e7dff4b40>,69,16,[1 7],70,-1,106,-1,90
1,<environment.Job instance at 0x7f7e7dff4370>,75,17,[11  4],76,-1,107,-1,90
1,<environment.Job instance at 0x7f7e7d954f00>,59,15,[13  4],60,-1,109,-1,94
1,<environment.Job instance at 0x7f7e7d6baeb0>,0,18,[ 3 14],1,-1,19,-1,1
1,<environment.Job instance at 0x7f7e7d6ba780>,2,1,[ 1 14],3,-1,4,-1,3
1,<environment.Job instance at 0x7f7e7d829e60>,3,26,[3 8],4,-1,30,-1,4
1,<environment.Job instance at 0x7f7e7df47320>,6,1,[12  4],7,-1,8,-1,7
1,<environment.Job instance at 0x7f7e7e9e3aa0>,7,24,[1 6],8,-1,32,-1,8
1,<environment.Job instance at 0x7f7e7d2b0f00>,9,24,[5 8],10,-1,34,-1,10
1,<environment.Job instance at 0x7f7e86fedc30>,15,21,[ 5 14],16,-1,39,-1,18
1,<environment.Job instance at 0x7f7e7da5d320>,16,21,[ 4 11],17,-1,39,-1,18
1,<environment.Job instance at 0x7f7e7da5d140>,18,23,[8 4],19,-1,54,-1,31
1,<environment.Job instance at 0x7f7e7e733f00>,4,26,[10  5],5,-1,60,-1,34
1,<environment.Job instance at 0x7f7e7e95a550>,24,24,[6 2],25,-1,72,-1,48
1,<environment.Job instance at 0x7f7e7e879fa0>,26,25,[8 3],27,-1,73,-1,48
1,<environment.Job instance at 0x7f7e7e95ae60>,27,15,[11  1],28,-1,63,-1,48
1,<environment.Job instance at 0x7f7e7dc465a0>,34,20,[ 5 13],35,-1,84,-1,64
1,<environment.Job instance at 0x7f7e7e5b3c80>,38,27,[6 4],39,-1,118,-1,91
1,<environment.Job instance at 0x7f7e7dc23dc0>,39,25,[6 1],40,-1,116,-1,91
1,<environment.Job instance at 0x7f7e7ddacc30>,40,23,[5 5],41,-1,114,-1,91
1,<environment.Job instance at 0x7f7e7ddaceb0>,41,28,[8 5],42,-1,119,-1,91
1,<environment.Job instance at 0x7f7e7ddac140>,42,12,[13  5],43,-1,103,-1,91
1,<environment.Job instance at 0x7f7e7d3996e0>,0,18,[5 8],1,-1,19,-1,1
1,<environment.Job instance at 0x7f7e7d3995f0>,1,17,[2 6],2,-1,19,-1,2
1,<environment.Job instance at 0x7f7e7d66a690>,10,15,[5 8],11,-1,29,-1,14
1,<environment.Job instance at 0x7f7e7da05550>,13,19,[ 3 10],14,-1,54,-1,35
1,<environment.Job instance at 0x7f7e7db9f9b0>,23,21,[ 2 10],24,-1,116,-1,95
1,<environment.Job instance at 0x7f7e7e08de10>,30,14,[11  4],31,-1,110,-1,96
1,<environment.Job instance at 0x7f7e7e9ec460>,19,28,[ 2 10],20,-1,125,-1,97
1,<environment.Job instance at 0x7f7e7def9c30>,26,21,[13  5],27,-1,120,-1,99
1,<environment.Job instance at 0x7f7e7dba1a50>,33,19,[ 5 14],34,-1,118,-1,99
1,<environment.Job instance at 0x7f7e7e0ba820>,22,21,[ 3 14],23,-1,120,-1,99
1,<environment.Job instance at 0x7f7e7e0520f0>,34,12,[10  1],35,-1,111,-1,99
1,<environment.Job instance at 0x7f7e7de84410>,4,1,[11  5],5,-1,6,-1,5
1,<environment.Job instance at 0x7f7e7dfbee10>,5,14,[ 5 14],6,-1,20,-1,6
1,<environment.Job instance at 0x7f7e8730afa0>,2,27,[ 2 10],3,-1,46,-1,19
1,<environment.Job instance at 0x7f7e7dfbec80>,9,2,[ 5 13],10,-1,21,-1,19
1,<environment.Job instance at 0x7f7e7e808230>,7,25,[9 2],8,-1,44,-1,19
1,<environment.Job instance at 0x7f7e7e9f5b90>,12,13,[ 5 13],13,-1,32,-1,19
1,<environment.Job instance at 0x7f7e7e89f780>,15,24,[5 1],16,-1,43,-1,19
1,<environment.Job instance at 0x7f7e7e5b33c0>,16,13,[ 5 12],17,-1,32,-1,19
1,<environment.Job instance at 0x7f7e7e89d0a0>,18,23,[1 8],19,-1,43,-1,20
1,<environment.Job instance at 0x7f7e7e8795a0>,19,28,[ 2 10],20,-1,63,-1,35
1,<environment.Job instance at 0x7f7e7da5d140>,22,21,[ 3 14],23,-1,56,-1,35
1,<environment.Job instance at 0x7f7e7e0ba500>,26,21,[13  5],27,-1,56,-1,35
1,<environment.Job instance at 0x7f7e7d59b410>,30,14,[11  4],31,-1,78,-1,64
1,<environment.Job instance at 0x7f7e7e0523c0>,32,28,[ 1 13],33,-1,92,-1,64
1,<environment.Job instance at 0x7f7e7ded8870>,33,19,[ 5 14],34,-1,83,-1,64
1,<environment.Job instance at 0x7f7e7dd5a5f0>,36,2,[ 4 14],37,-1,69,-1,67
1,<environment.Job instance at 0x7f7e7dd5a3c0>,37,18,[14  4],38,-1,85,-1,67
1,<environment.Job instance at 0x7f7e7d87cb90>,38,18,[ 3 11],39,-1,85,-1,67
1,<environment.Job instance at 0x7f7e7d87c3c0>,40,26,[ 2 11],41,-1,95,-1,69
1,<environment.Job instance at 0x7f7e7d87ce10>,41,13,[13  4],42,-1,82,-1,69
1,<environment.Job instance at 0x7f7e7d87ce60>,44,13,[12  4],45,-1,96,-1,83
1,<environment.Job instance at 0x7f7e7d87c5a0>,45,17,[ 5 13],46,-1,100,-1,83
1,<environment.Job instance at 0x7f7e7d87c0f0>,46,16,[ 5 14],47,-1,99,-1,83
1,<environment.Job instance at 0x7f7e7d87c1e0>,47,25,[5 8],48,-1,120,-1,95
1,<environment.Job instance at 0x7f7e7d87c820>,49,17,[ 2 14],50,-1,112,-1,95
1,<environment.Job instance at 0x7f7e7d87c550>,50,18,[11  3],51,-1,113,-1,95
1,<environment.Job instance at 0x7f7e7d261d20>,1,20,[3 6],2,-1,22,-1,2
1,<environment.Job instance at 0x7f7e7d261e60>,3,15,[5 5],4,-1,19,-1,4
1,<environment.Job instance at 0x7f7e7d261c80>,7,15,[10  2],8,-1,24,-1,9
1,<environment.Job instance at 0x7f7e7d1ba140>,9,26,[5 5],10,-1,36,-1,10
1,<environment.Job instance at 0x7f7e7d261780>,8,25,[1 6],9,-1,35,-1,10
1,<environment.Job instance at 0x7f7e7d1bae60>,12,22,[5 8],13,-1,35,-1,13
1,<environment.Job instance at 0x7f7e7d1baeb0>,16,17,[7 1],17,-1,38,-1,21
1,<environment.Job instance at 0x7f7e7da22910>,21,23,[2 6],22,-1,45,-1,22
1,<environment.Job instance at 0x7f7e7d1baa00>,24,22,[6 5],25,-1,48,-1,26
1,<environment.Job instance at 0x7f7e7e8ce140>,25,24,[9 2],26,-1,50,-1,26
1,<environment.Job instance at 0x7f7e7d1bab40>,18,23,[3 6],19,-1,60,-1,37
1,<environment.Job instance at 0x7f7e7da411e0>,33,16,[4 6],34,-1,54,-1,38
1,<environment.Job instance at 0x7f7e7df12460>,23,15,[5 5],24,-1,55,-1,40
1,<environment.Job instance at 0x7f7e7da0c320>,31,17,[13  5],32,-1,59,-1,42
1,<environment.Job instance at 0x7f7e7d54d190>,22,15,[ 3 13],23,-1,61,-1,46
1,<environment.Job instance at 0x7f7e7e28c6e0>,27,17,[ 3 12],28,-1,64,-1,47
1,<environment.Job instance at 0x7f7e7da170f0>,38,16,[2 7],39,-1,64,-1,48
1,<environment.Job instance at 0x7f7e7de1efa0>,37,3,[2 9],38,-1,51,-1,48
1,<environment.Job instance at 0x7f7e87599780>,41,12,[8 4],42,-1,61,-1,49
1,<environment.Job instance at 0x7f7e7da0cb40>,34,15,[ 5 12],35,-1,64,-1,49
1,<environment.Job instance at 0x7f7e7e6c5280>,42,16,[1 8],43,-1,67,-1,51
1,<environment.Job instance at 0x7f7e7e6983c0>,43,28,[4 6],44,-1,80,-1,52
1,<environment.Job instance at 0x7f7e7ddc67d0>,45,20,[9 3],46,-1,73,-1,53
1,<environment.Job instance at 0x7f7e7ddc6910>,44,26,[2 6],45,-1,79,-1,53
1,<environment.Job instance at 0x7f7e7ddc64b0>,47,13,[13  5],48,-1,72,-1,59
1,<environment.Job instance at 0x7f7e7d5fc5f0>,35,19,[ 4 10],36,-1,78,-1,59
1,<environment.Job instance at 0x7f7e7d1ef140>,53,26,[8 2],54,-1,85,-1,59
1,<environment.Job instance at 0x7f7e7e9f4d70>,54,26,[5 7],55,-1,85,-1,59
1,<environment.Job instance at 0x7f7e87599910>,40,16,[7 3],41,-1,78,-1,62
1,<environment.Job instance at 0x7f7e7e9f40a0>,56,26,[11  1],57,-1,88,-1,62
1,<environment.Job instance at 0x7f7e7ddc6320>,46,15,[14  4],47,-1,83,-1,68
1,<environment.Job instance at 0x7f7e7e7f43c0>,59,13,[10  1],60,-1,82,-1,69
1,<environment.Job instance at 0x7f7e7e7f4e60>,61,16,[9 3],62,-1,85,-1,69
1,<environment.Job instance at 0x7f7e7e7f49b0>,62,18,[ 1 12],63,-1,87,-1,69
1,<environment.Job instance at 0x7f7e7e9f47d0>,58,15,[2 6],59,-1,84,-1,69
1,<environment.Job instance at 0x7f7e7e7f44b0>,63,15,[ 3 11],64,-1,84,-1,69
1,<environment.Job instance at 0x7f7e7cf96960>,65,23,[6 3],66,-1,93,-1,70
1,<environment.Job instance at 0x7f7e7e9f40f0>,57,12,[1 7],58,-1,82,-1,70
1,<environment.Job instance at 0x7f7e7e7f4780>,60,18,[1 7],61,-1,88,-1,70
1,<environment.Job instance at 0x7f7e7d9dc320>,68,18,[7 4],69,-1,91,-1,73
1,<environment.Job instance at 0x7f7e7d9dc1e0>,71,24,[3 9],72,-1,97,-1,73
1,<environment.Job instance at 0x7f7e7d6ea9b0>,0,3,[14  4],1,-1,4,-1,1
1,<environment.Job instance at 0x7f7e7e53e960>,6,2,[13  2],7,-1,9,-1,7
1,<environment.Job instance at 0x7f7e7e53e0f0>,8,25,[1 6],9,-1,43,-1,18
1,<environment.Job instance at 0x7f7e7e557550>,9,26,[5 5],10,-1,44,-1,18
1,<environment.Job instance at 0x7f7e7e53efa0>,10,15,[12  2],11,-1,33,-1,18
1,<environment.Job instance at 0x7f7e7d6ca820>,14,14,[14  4],15,-1,35,-1,21
1,<environment.Job instance at 0x7f7e7dadd410>,18,23,[3 6],19,-1,52,-1,29
1,<environment.Job instance at 0x7f7e7daddaf0>,21,23,[2 6],22,-1,57,-1,34
1,<environment.Job instance at 0x7f7e7daddaa0>,22,15,[ 3 13],23,-1,49,-1,34
1,<environment.Job instance at 0x7f7e7d6e09b0>,25,24,[9 2],26,-1,69,-1,45
1,<environment.Job instance at 0x7f7e7d6e05a0>,26,13,[11  4],27,-1,58,-1,45
1,<environment.Job instance at 0x7f7e7d6e0230>,27,17,[ 3 12],28,-1,62,-1,45
1,<environment.Job instance at 0x7f7e7d6eb500>,30,2,[12  2],31,-1,47,-1,45
1,<environment.Job instance at 0x7f7e7d6eb5f0>,31,17,[13  5],32,-1,62,-1,45
1,<environment.Job instance at 0x7f7e7d6fb2d0>,34,15,[ 5 12],35,-1,62,-1,47
1,<environment.Job instance at 0x7f7e7d6d5780>,39,25,[10  5],40,-1,87,-1,62
1,<environment.Job instance at 0x7f7e7d6d57d0>,43,28,[4 6],44,-1,107,-1,79
1,<environment.Job instance at 0x7f7e7de71370>,44,26,[2 6],45,-1,105,-1,79
1,<environment.Job instance at 0x7f7e7de71af0>,46,15,[14  4],47,-1,94,-1,79
1,<environment.Job instance at 0x7f7e7d6cfd70>,47,13,[13  5],48,-1,92,-1,79
1,<environment.Job instance at 0x7f7e7d6dcaa0>,52,1,[ 1 13],53,-1,94,-1,93
1,<environment.Job instance at 0x7f7e7d6dc6e0>,53,26,[8 2],54,-1,121,-1,95
1,<environment.Job instance at 0x7f7e7de8d870>,54,26,[5 7],55,-1,121,-1,95
1,<environment.Job instance at 0x7f7e7de8d910>,56,26,[11  1],57,-1,121,-1,95
1,<environment.Job instance at 0x7f7e7e557780>,1,15,[9 2],2,-1,18,-1,3
1,<environment.Job instance at 0x7f7e7e557a50>,2,19,[11  3],3,-1,22,-1,3
1,<environment.Job instance at 0x7f7e7d55acd0>,0,3,[ 2 14],1,-1,4,-1,1
1,<environment.Job instance at 0x7f7e7d5590a0>,2,19,[11  3],3,-1,22,-1,3
1,<environment.Job instance at 0x7f7e7d9f7f50>,3,18,[ 5 11],4,-1,22,-1,4
1,<environment.Job instance at 0x7f7e7d9f7be0>,4,21,[12  1],5,-1,26,-1,5
1,<environment.Job instance at 0x7f7e7d9f7b90>,5,18,[12  4],6,-1,24,-1,6
1,<environment.Job instance at 0x7f7e7e9d59b0>,6,26,[1 9],7,-1,33,-1,7
1,<environment.Job instance at 0x7f7e7e9d5eb0>,9,26,[13  5],10,-1,36,-1,10
1,<environment.Job instance at 0x7f7e7e9d56e0>,10,25,[13  3],11,-1,36,-1,11
1,<environment.Job instance at 0x7f7e7e3d8690>,12,13,[ 3 12],13,-1,26,-1,13
1,<environment.Job instance at 0x7f7e7df831e0>,15,13,[12  1],16,-1,29,-1,16
1,<environment.Job instance at 0x7f7e7d556dc0>,16,16,[ 5 11],17,-1,33,-1,17
1,<environment.Job instance at 0x7f7e7d72acd0>,17,16,[11  4],18,-1,34,-1,18
1,<environment.Job instance at 0x7f7e7d556280>,18,24,[3 5],19,-1,44,-1,20
1,<environment.Job instance at 0x7f7e7e3bf5a0>,20,19,[ 5 13],21,-1,40,-1,21
1,<environment.Job instance at 0x7f7e7d724500>,21,24,[2 5],22,-1,57,-1,33
1,<environment.Job instance at 0x7f7e7e9edb40>,25,26,[ 3 12],26,-1,60,-1,34
1,<environment.Job instance at 0x7f7e7d7337d0>,28,16,[13  4],29,-1,52,-1,36
1,<environment.Job instance at 0x7f7e7d54de60>,29,28,[2 7],30,-1,65,-1,37
1,<environment.Job instance at 0x7f7e7e9ed460>,26,26,[9 2],27,-1,72,-1,46
1,<environment.Job instance at 0x7f7e7d0e0640>,32,17,[ 3 13],33,-1,63,-1,46
1,<environment.Job instance at 0x7f7e7e743a50>,34,20,[11  2],35,-1,66,-1,46
1,<environment.Job instance at 0x7f7e7e924e10>,33,28,[3 7],34,-1,77,-1,49
1,<environment.Job instance at 0x7f7e87592e60>,39,14,[ 5 13],40,-1,75,-1,61
1,<environment.Job instance at 0x7f7e7d3883c0>,44,20,[11  4],45,-1,98,-1,78
1,<environment.Job instance at 0x7f7e7d9f3d70>,45,27,[6 1],46,-1,105,-1,78
1,<environment.Job instance at 0x7f7e7d71f730>,48,23,[2 6],49,-1,101,-1,78
1,<environment.Job instance at 0x7f7e7d47e910>,51,27,[10  1],52,-1,107,-1,80
1,<environment.Job instance at 0x7f7e7d914b90>,2,22,[ 2 10],3,-1,27,-1,5
1,<environment.Job instance at 0x7f7e7d9e9370>,6,16,[1 7],7,-1,23,-1,7
1,<environment.Job instance at 0x7f7e7e4ed8c0>,0,26,[1 9],1,-1,27,-1,1
1,<environment.Job instance at 0x7f7e7e4ed5f0>,1,25,[5 4],2,-1,27,-1,2
1,<environment.Job instance at 0x7f7e7d568550>,3,3,[13  4],4,-1,7,-1,4
1,<environment.Job instance at 0x7f7e7e4edcd0>,5,12,[13  4],6,-1,18,-1,6
1,<environment.Job instance at 0x7f7e7e5b4aa0>,7,19,[12  3],8,-1,27,-1,8
1,<environment.Job instance at 0x7f7e7e5b4a00>,8,17,[ 5 11],9,-1,26,-1,9
1,<environment.Job instance at 0x7f7e7d5d5640>,12,18,[14  2],13,-1,31,-1,13
1,<environment.Job instance at 0x7f7e7e5b4fa0>,13,15,[14  3],14,-1,29,-1,14
1,<environment.Job instance at 0x7f7e7e5b4910>,15,17,[12  2],16,-1,42,-1,25
1,<environment.Job instance at 0x7f7e7d9f3050>,16,20,[ 5 12],17,-1,45,-1,25
1,<environment.Job instance at 0x7f7e7e5c97d0>,17,28,[ 5 11],18,-1,53,-1,25
1,<environment.Job instance at 0x7f7e87592e60>,21,28,[14  5],22,-1,68,-1,40
1,<environment.Job instance at 0x7f7e974b07d0>,23,13,[12  1],24,-1,55,-1,42
1,<environment.Job instance at 0x7f7e7e0d37d0>,24,28,[ 5 11],25,-1,70,-1,42
1,<environment.Job instance at 0x7f7e7d388230>,19,23,[5 9],20,-1,66,-1,43
1,<environment.Job instance at 0x7f7e7e9d59b0>,32,13,[ 4 14],33,-1,75,-1,62
1,<environment.Job instance at 0x7f7e7d5f60f0>,37,1,[ 4 12],38,-1,79,-1,78
1,<environment.Job instance at 0x7f7e7d55acd0>,39,16,[13  1],40,-1,96,-1,80
1,<environment.Job instance at 0x7f7e7d5fd8c0>,42,3,[13  2],43,-1,99,-1,96
1,<environment.Job instance at 0x7f7e7d5fda50>,43,28,[ 1 14],44,-1,124,-1,96
1,<environment.Job instance at 0x7f7e7e2753c0>,44,18,[ 2 14],45,-1,114,-1,96
1,<environment.Job instance at 0x7f7e7e2755a0>,45,25,[ 4 10],46,-1,124,-1,99
1,<environment.Job instance at 0x7f7e7e275280>,46,24,[11  5],47,-1,123,-1,99
1,<environment.Job instance at 0x7f7e7e275190>,49,27,[2 9],50,-1,126,-1,99
1,<environment.Job instance at 0x7f7e7dcd9320>,2,25,[3 6],3,-1,28,-1,3
1,<environment.Job instance at 0x7f7e7dcd95a0>,4,16,[ 5 12],5,-1,21,-1,5
1,<environment.Job instance at 0x7f7e7dcd9140>,5,22,[8 3],6,-1,28,-1,6
1,<environment.Job instance at 0x7f7e7e7fd2d0>,13,23,[2 5],14,-1,38,-1,15
1,<environment.Job instance at 0x7f7e7e7fd780>,15,20,[6 1],16,-1,36,-1,16
1,<environment.Job instance at 0x7f7e7e7fd640>,16,14,[11  5],17,-1,31,-1,17
1,<environment.Job instance at 0x7f7e7e7fd410>,18,24,[ 3 11],19,-1,44,-1,20
1,<environment.Job instance at 0x7f7e7dcf50a0>,20,19,[3 7],21,-1,40,-1,21
1,<environment.Job instance at 0x7f7e7dcf0aa0>,21,13,[6 2],22,-1,35,-1,22
1,<environment.Job instance at 0x7f7e7dcf0500>,25,27,[12  3],26,-1,55,-1,28
1,<environment.Job instance at 0x7f7e7dcf05a0>,26,19,[8 1],27,-1,47,-1,28
1,<environment.Job instance at 0x7f7e7d293d70>,2,25,[3 6],3,-1,28,-1,3
1,<environment.Job instance at 0x7f7e7d532730>,4,16,[ 5 12],5,-1,21,-1,5
1,<environment.Job instance at 0x7f7e7d293d20>,7,12,[11  4],8,-1,20,-1,8
1,<environment.Job instance at 0x7f7e7dc31460>,9,2,[12  3],10,-1,12,-1,10
1,<environment.Job instance at 0x7f7e7d28f550>,10,3,[14  2],11,-1,14,-1,11
1,<environment.Job instance at 0x7f7e7d28fc30>,11,13,[12  4],12,-1,25,-1,12
1,<environment.Job instance at 0x7f7e7dc31cd0>,13,23,[2 5],14,-1,40,-1,17
1,<environment.Job instance at 0x7f7e7d28fd20>,16,14,[11  5],17,-1,31,-1,17
1,<environment.Job instance at 0x7f7e7d285500>,17,18,[ 4 12],18,-1,36,-1,18
1,<environment.Job instance at 0x7f7e7d2b2730>,18,24,[ 3 11],19,-1,43,-1,19
1,<environment.Job instance at 0x7f7e7d28bc80>,22,12,[13  3],23,-1,40,-1,28
1,<environment.Job instance at 0x7f7e7d28b780>,25,27,[12  3],26,-1,59,-1,32
1,<environment.Job instance at 0x7f7e7d2aba50>,27,26,[ 4 11],28,-1,67,-1,41
1,<environment.Job instance at 0x7f7e7d286a50>,30,24,[ 5 12],31,-1,69,-1,45
1,<environment.Job instance at 0x7f7e7d286820>,29,23,[1 6],30,-1,70,-1,47
1,<environment.Job instance at 0x7f7e7d29f5a0>,32,3,[ 3 12],33,-1,50,-1,47
1,<environment.Job instance at 0x7f7e7d29ff00>,34,14,[14  5],35,-1,68,-1,54
1,<environment.Job instance at 0x7f7e7e5cdf50>,35,14,[ 3 12],36,-1,68,-1,54
1,<environment.Job instance at 0x7f7e7e5cd230>,37,19,[ 4 11],38,-1,73,-1,54
1,<environment.Job instance at 0x7f7e7e5cd820>,39,2,[11  4],40,-1,56,-1,54
1,<environment.Job instance at 0x7f7e7e5d3d20>,46,2,[ 1 11],47,-1,79,-1,77
1,<environment.Job instance at 0x7f7e7e5b5960>,47,14,[11  4],48,-1,91,-1,77
1,<environment.Job instance at 0x7f7e7e5b5d20>,48,24,[ 4 11],49,-1,101,-1,77
1,<environment.Job instance at 0x7f7e7e5b5aa0>,49,24,[4 8],50,-1,115,-1,91
1,<environment.Job instance at 0x7f7e7e5bfc30>,51,25,[5 4],52,-1,116,-1,91
1,<environment.Job instance at 0x7f7e7d1e2c30>,2,22,[3 6],3,-1,25,-1,3
1,<environment.Job instance at 0x7f7e7d1e2c80>,9,19,[7 3],10,-1,30,-1,11
1,<environment.Job instance at 0x7f7e7d1e25a0>,13,13,[9 3],14,-1,28,-1,15
1,<environment.Job instance at 0x7f7e7d1e2d20>,10,27,[ 1 10],11,-1,42,-1,15
1,<environment.Job instance at 0x7f7e7db50c30>,4,17,[ 4 12],5,-1,22,-1,5
1,<environment.Job instance at 0x7f7e7e0fbbe0>,6,20,[11  5],7,-1,27,-1,7
1,<environment.Job instance at 0x7f7e7e0fbf50>,7,16,[12  3],8,-1,24,-1,8
1,<environment.Job instance at 0x7f7e7e0fb280>,11,3,[ 1 11],12,-1,15,-1,12
1,<environment.Job instance at 0x7f7e7e0fbd20>,12,25,[ 5 11],13,-1,38,-1,13
1,<environment.Job instance at 0x7f7e7e0fb4b0>,16,28,[6 3],17,-1,50,-1,22
1,<environment.Job instance at 0x7f7e7e0fb640>,10,27,[ 1 10],11,-1,52,-1,25
1,<environment.Job instance at 0x7f7e7e0fbe10>,19,19,[ 3 12],20,-1,44,-1,25
1,<environment.Job instance at 0x7f7e7e0fb780>,20,23,[4 5],21,-1,48,-1,25
1,<environment.Job instance at 0x7f7e7e0fbd70>,23,22,[ 2 12],24,-1,47,-1,25
1,<environment.Job instance at 0x7f7e7d8a5140>,24,17,[12  5],25,-1,42,-1,25
1,<environment.Job instance at 0x7f7e7d8a52d0>,25,28,[11  4],26,-1,54,-1,26
1,<environment.Job instance at 0x7f7e7d8a5410>,27,12,[ 4 14],28,-1,40,-1,28
1,<environment.Job instance at 0x7f7e7d8a53c0>,32,28,[1 7],33,-1,78,-1,50
1,<environment.Job instance at 0x7f7e7d8a5500>,34,18,[13  2],35,-1,68,-1,50
1,<environment.Job instance at 0x7f7e7d8a5a00>,39,27,[8 5],40,-1,84,-1,57
1,<environment.Job instance at 0x7f7e7db47050>,41,25,[ 1 12],42,-1,82,-1,57
1,<environment.Job instance at 0x7f7e7db47c30>,43,1,[ 2 13],44,-1,70,-1,69
1,<environment.Job instance at 0x7f7e7db47f00>,45,17,[13  3],46,-1,87,-1,70
1,<environment.Job instance at 0x7f7e7db47960>,46,26,[5 4],47,-1,96,-1,70
1,<environment.Job instance at 0x7f7e7db47dc0>,47,18,[ 1 11],48,-1,88,-1,70
1,<environment.Job instance at 0x7f7e7db47320>,48,13,[ 2 12],49,-1,83,-1,70
1,<environment.Job instance at 0x7f7e7d1f1870>,54,26,[8 5],55,-1,122,-1,96
1,<environment.Job instance at 0x7f7e7d1f1730>,55,25,[5 5],56,-1,121,-1,96
1,<environment.Job instance at 0x7f7e7d1f1050>,56,26,[8 5],57,-1,122,-1,96
1,<environment.Job instance at 0x7f7e7e11b410>,3,20,[ 5 10],4,-1,24,-1,4
1,<environment.Job instance at 0x7f7e7e11b910>,6,14,[10  3],7,-1,22,-1,8
1,<environment.Job instance at 0x7f7e7e11b460>,8,21,[3 9],9,-1,30,-1,9
1,<environment.Job instance at 0x7f7e7e11b690>,11,23,[ 4 10],12,-1,35,-1,12
1,<environment.Job instance at 0x7f7e7d3a6730>,7,19,[3 5],8,-1,31,-1,12
1,<environment.Job instance at 0x7f7e7e06ff50>,14,18,[9 3],15,-1,34,-1,16
1,<environment.Job instance at 0x7f7e7e06f050>,15,17,[9 4],16,-1,33,-1,16
1,<environment.Job instance at 0x7f7e7e06f640>,20,17,[4 8],21,-1,39,-1,22
1,<environment.Job instance at 0x7f7e7e06f780>,22,16,[8 4],23,-1,39,-1,23
1,<environment.Job instance at 0x7f7e7e06fc30>,25,21,[9 3],26,-1,49,-1,28
1,<environment.Job instance at 0x7f7e7e06faf0>,30,15,[4 6],31,-1,46,-1,31
1,<environment.Job instance at 0x7f7e86f7f5f0>,31,13,[7 1],32,-1,46,-1,33
1,<environment.Job instance at 0x7f7e7e06f820>,27,17,[8 4],28,-1,55,-1,38
1,<environment.Job instance at 0x7f7e7e06f1e0>,23,17,[ 5 13],24,-1,58,-1,41
1,<environment.Job instance at 0x7f7e86f7fdc0>,37,15,[ 2 12],38,-1,56,-1,41
1,<environment.Job instance at 0x7f7e86f7f9b0>,36,15,[6 2],37,-1,58,-1,43
1,<environment.Job instance at 0x7f7e86f7f780>,39,16,[3 5],40,-1,59,-1,43
1,<environment.Job instance at 0x7f7e7e3b2500>,41,22,[5 8],42,-1,65,-1,43
1,<environment.Job instance at 0x7f7e7e3b2050>,40,14,[6 2],41,-1,58,-1,44
1,<environment.Job instance at 0x7f7e86f7feb0>,32,20,[4 7],33,-1,65,-1,45
1,<environment.Job instance at 0x7f7e7e06f5a0>,18,24,[8 5],19,-1,70,-1,46
1,<environment.Job instance at 0x7f7e7e3b2960>,43,18,[7 1],44,-1,64,-1,46
1,<environment.Job instance at 0x7f7e7e3b2370>,47,28,[5 5],48,-1,76,-1,48
1,<environment.Job instance at 0x7f7e874650f0>,50,21,[4 8],51,-1,74,-1,53
1,<environment.Job instance at 0x7f7e7db5a6e0>,1,1,[ 2 13],2,-1,3,-1,2
1,<environment.Job instance at 0x7f7e7db5aa00>,5,18,[ 4 12],6,-1,24,-1,6
1,<environment.Job instance at 0x7f7e7d1f1910>,11,23,[ 4 10],12,-1,40,-1,17
1,<environment.Job instance at 0x7f7e7d1f1c30>,17,14,[14  1],18,-1,39,-1,25
1,<environment.Job instance at 0x7f7e7d1f11e0>,18,24,[8 5],19,-1,61,-1,37
1,<environment.Job instance at 0x7f7e7d1f1eb0>,19,3,[14  5],20,-1,40,-1,37
1,<environment.Job instance at 0x7f7e7db0a8c0>,23,17,[ 5 13],24,-1,61,-1,44
1,<environment.Job instance at 0x7f7e7d1f1370>,24,26,[ 3 14],25,-1,70,-1,44
1,<environment.Job instance at 0x7f7e7d1e26e0>,37,15,[ 2 12],38,-1,114,-1,99
1,<environment.Job instance at 0x7f7e7e6cd8c0>,1,20,[8 1],2,-1,23,-1,3
1,<environment.Job instance at 0x7f7e7d8fe2d0>,3,14,[ 4 13],4,-1,18,-1,4
1,<environment.Job instance at 0x7f7e7d8fee10>,4,26,[9 3],5,-1,31,-1,5
1,<environment.Job instance at 0x7f7e7d8fed70>,5,16,[ 5 10],6,-1,22,-1,6
1,<environment.Job instance at 0x7f7e7d8feeb0>,6,18,[5 3],7,-1,25,-1,7
1,<environment.Job instance at 0x7f7e7d8fea00>,8,15,[5 7],9,-1,24,-1,9
1,<environment.Job instance at 0x7f7e7db5a690>,2,23,[ 3 11],3,-1,32,-1,9
1,<environment.Job instance at 0x7f7e7d7c7140>,14,23,[6 4],15,-1,38,-1,15
1,<environment.Job instance at 0x7f7e7d8ee0a0>,18,18,[ 5 13],19,-1,40,-1,22
1,<environment.Job instance at 0x7f7e7d8ee780>,21,28,[1 5],22,-1,51,-1,23
1,<environment.Job instance at 0x7f7e7d7c74b0>,16,20,[ 1 11],17,-1,44,-1,24
1,<environment.Job instance at 0x7f7e7d8feaa0>,10,25,[ 5 12],11,-1,49,-1,24
1,<environment.Job instance at 0x7f7e7d8c8cd0>,15,17,[5 5],16,-1,41,-1,24
1,<environment.Job instance at 0x7f7e7d8ee140>,24,18,[ 1 10],25,-1,43,-1,25
1,<environment.Job instance at 0x7f7e7d09f050>,26,21,[7 4],27,-1,48,-1,27
1,<environment.Job instance at 0x7f7e7d09faa0>,27,20,[3 9],28,-1,48,-1,28
1,<environment.Job instance at 0x7f7e7e1ed4b0>,28,25,[4 5],29,-1,54,-1,29
1,<environment.Job instance at 0x7f7e7d8f2f50>,30,16,[9 5],31,-1,47,-1,31
1,<environment.Job instance at 0x7f7e7e7fd050>,2,23,[ 3 11],3,-1,26,-1,3
1,<environment.Job instance at 0x7f7e7e7fd9b0>,3,14,[ 4 13],4,-1,18,-1,4
1,<environment.Job instance at 0x7f7e7e7fd3c0>,7,20,[ 4 14],8,-1,28,-1,8
1,<environment.Job instance at 0x7f7e7e7fdb90>,9,14,[12  5],10,-1,24,-1,10
1,<environment.Job instance at 0x7f7e7de68e10>,10,25,[ 5 12],11,-1,36,-1,11
1,<environment.Job instance at 0x7f7e7e7fd6e0>,12,2,[14  2],13,-1,17,-1,15
1,<environment.Job instance at 0x7f7e7e7fddc0>,4,26,[9 3],5,-1,48,-1,22
1,<environment.Job instance at 0x7f7e7de68960>,14,23,[6 4],15,-1,45,-1,22
1,<environment.Job instance at 0x7f7e7de685a0>,16,20,[ 1 11],17,-1,42,-1,22
1,<environment.Job instance at 0x7f7e7de68550>,18,18,[ 5 13],19,-1,40,-1,22
1,<environment.Job instance at 0x7f7e7de688c0>,21,28,[1 5],22,-1,68,-1,40
1,<environment.Job instance at 0x7f7e7de68d20>,23,25,[8 1],24,-1,73,-1,48
1,<environment.Job instance at 0x7f7e7de68be0>,25,12,[12  3],26,-1,60,-1,48
1,<environment.Job instance at 0x7f7e7dbb3910>,28,25,[4 5],29,-1,86,-1,61
1,<environment.Job instance at 0x7f7e7dbb3f00>,31,28,[13  4],32,-1,89,-1,61
1,<environment.Job instance at 0x7f7e7dbb3af0>,32,20,[13  2],33,-1,81,-1,61
1,<environment.Job instance at 0x7f7e7dbb30a0>,33,14,[12  3],34,-1,75,-1,61
1,<environment.Job instance at 0x7f7e7dbb3960>,34,17,[ 5 13],35,-1,78,-1,61
1,<environment.Job instance at 0x7f7e7dbb35f0>,29,25,[10  3],30,-1,92,-1,67
1,<environment.Job instance at 0x7f7e7dbb3c30>,36,18,[13  4],37,-1,85,-1,67
1,<environment.Job instance at 0x7f7e7dbb3eb0>,39,16,[ 2 11],40,-1,83,-1,67
1,<environment.Job instance at 0x7f7e7d3a6cd0>,41,25,[2 5],42,-1,105,-1,80
1,<environment.Job instance at 0x7f7e7e3b2280>,48,23,[ 3 14],49,-1,118,-1,95
1,<environment.Job instance at 0x7f7e86f7f960>,49,21,[ 5 13],50,-1,116,-1,95
1,<environment.Job instance at 0x7f7e86f7f190>,50,16,[ 3 14],51,-1,111,-1,95
1,<environment.Job instance at 0x7f7e7e06f140>,52,14,[11  3],53,-1,111,-1,97
1,<environment.Job instance at 0x7f7e7e20e1e0>,9,22,[4 8],10,-1,33,-1,11
1,<environment.Job instance at 0x7f7e7e20e780>,11,17,[ 2 10],12,-1,30,-1,13
1,<environment.Job instance at 0x7f7e7e20ef50>,13,16,[ 1 10],14,-1,30,-1,14
1,<environment.Job instance at 0x7f7e7e20e640>,14,22,[3 5],15,-1,37,-1,15
1,<environment.Job instance at 0x7f7e7e20e410>,16,17,[5 4],17,-1,34,-1,17
1,<environment.Job instance at 0x7f7e7e20edc0>,17,16,[1 6],18,-1,34,-1,18
1,<environment.Job instance at 0x7f7e7e20ef00>,12,22,[4 7],13,-1,44,-1,22
1,<environment.Job instance at 0x7f7e7e20e0a0>,22,16,[3 8],23,-1,40,-1,24
1,<environment.Job instance at 0x7f7e7e1ef870>,25,28,[1 7],26,-1,55,-1,27
1,<environment.Job instance at 0x7f7e7e20ebe0>,21,18,[9 3],22,-1,51,-1,33
1,<environment.Job instance at 0x7f7e7e1efeb0>,40,18,[8 2],41,-1,80,-1,62
1,<environment.Job instance at 0x7f7e7e1efd70>,42,12,[12  5],43,-1,84,-1,72
1,<environment.Job instance at 0x7f7e7e1efa00>,43,13,[ 2 10],44,-1,85,-1,72
1,<environment.Job instance at 0x7f7e7d8eea50>,0,25,[ 1 14],1,-1,26,-1,1
1,<environment.Job instance at 0x7f7e7db93f50>,2,26,[14  4],3,-1,29,-1,3
1,<environment.Job instance at 0x7f7e7db935a0>,4,23,[ 1 11],5,-1,28,-1,5
1,<environment.Job instance at 0x7f7e7d9adaf0>,19,15,[12  3],20,-1,49,-1,34
1,<environment.Job instance at 0x7f7e7e1ef0a0>,24,3,[14  3],25,-1,54,-1,51
1,<environment.Job instance at 0x7f7e7d5b4dc0>,25,28,[1 7],26,-1,90,-1,62
1,<environment.Job instance at 0x7f7e7d99b870>,27,14,[ 1 13],28,-1,76,-1,62
1,<environment.Job instance at 0x7f7e7e1ec5f0>,29,13,[13  5],30,-1,75,-1,62
1,<environment.Job instance at 0x7f7e7e1ecaf0>,30,3,[12  1],31,-1,65,-1,62
1,<environment.Job instance at 0x7f7e7e1ec1e0>,32,24,[ 2 12],33,-1,87,-1,63
1,<environment.Job instance at 0x7f7e7e16a9b0>,34,17,[ 5 14],35,-1,85,-1,68
1,<environment.Job instance at 0x7f7e7e16a1e0>,37,28,[ 3 13],38,-1,106,-1,78
1,<environment.Job instance at 0x7f7e7e16a410>,39,2,[14  1],40,-1,80,-1,78
1,<environment.Job instance at 0x7f7e7e16a320>,41,12,[ 4 12],42,-1,93,-1,81
1,<environment.Job instance at 0x7f7e7e16a730>,42,12,[12  5],43,-1,93,-1,81
1,<environment.Job instance at 0x7f7e7d9a0fa0>,44,14,[12  2],45,-1,96,-1,82
1,<environment.Job instance at 0x7f7e7d9a0e60>,46,15,[ 1 12],47,-1,113,-1,98
1,<environment.Job instance at 0x7f7e7d6b6cd0>,0,24,[5 2],1,-1,25,-1,1
1,<environment.Job instance at 0x7f7e7ddb3f00>,3,21,[5 2],4,-1,25,-1,4
1,<environment.Job instance at 0x7f7e7ddb3b40>,4,19,[3 5],5,-1,24,-1,5
1,<environment.Job instance at 0x7f7e7ddb3640>,6,16,[1 7],7,-1,23,-1,7
1,<environment.Job instance at 0x7f7e7dda6190>,10,20,[1 7],11,-1,31,-1,11
1,<environment.Job instance at 0x7f7e7dda6320>,12,18,[8 4],13,-1,31,-1,13
1,<environment.Job instance at 0x7f7e7dda65a0>,13,25,[5 8],14,-1,39,-1,14
1,<environment.Job instance at 0x7f7e7dda64b0>,14,26,[5 8],15,-1,41,-1,15
1,<environment.Job instance at 0x7f7e7dda65f0>,15,14,[11  4],16,-1,30,-1,16
1,<environment.Job instance at 0x7f7e7dda6820>,19,16,[6 3],20,-1,36,-1,20
1,<environment.Job instance at 0x7f7e7dda69b0>,20,23,[5 5],21,-1,44,-1,21
1,<environment.Job instance at 0x7f7e7dda6be0>,23,15,[4 7],24,-1,39,-1,24
1,<environment.Job instance at 0x7f7e7dda6cd0>,24,14,[8 2],25,-1,39,-1,25
1,<environment.Job instance at 0x7f7e7dda6d20>,25,18,[4 9],26,-1,44,-1,26
1,<environment.Job instance at 0x7f7e7dda6dc0>,26,16,[11  2],27,-1,43,-1,27
1,<environment.Job instance at 0x7f7e7dd9b140>,30,17,[7 1],31,-1,48,-1,31
1,<environment.Job instance at 0x7f7e7dd9b0a0>,31,15,[9 5],32,-1,47,-1,32
1,<environment.Job instance at 0x7f7e7dd9b690>,35,28,[6 3],36,-1,64,-1,36
1,<environment.Job instance at 0x7f7e7dd9b5f0>,36,17,[7 1],37,-1,61,-1,44
1,<environment.Job instance at 0x7f7e7dd9b780>,42,18,[ 5 13],43,-1,62,-1,44
1,<environment.Job instance at 0x7f7e7dd9bd70>,44,23,[3 8],45,-1,76,-1,53
1,<environment.Job instance at 0x7f7e7dda6e60>,27,16,[ 4 12],28,-1,69,-1,53
1,<environment.Job instance at 0x7f7e7dd9bc80>,46,24,[7 1],47,-1,77,-1,53
1,<environment.Job instance at 0x7f7e7ddb3af0>,18,12,[13  4],19,-1,67,-1,55
1,<environment.Job instance at 0x7f7e7dd9be60>,48,17,[3 5],49,-1,72,-1,55
1,<environment.Job instance at 0x7f7e7dd9e0a0>,49,17,[5 8],50,-1,79,-1,62
1,<environment.Job instance at 0x7f7e7dd9e140>,50,14,[7 5],51,-1,76,-1,62
1,<environment.Job instance at 0x7f7e7dd9e1e0>,51,27,[ 4 13],52,-1,90,-1,63
1,<environment.Job instance at 0x7f7e7dcff730>,0,24,[5 2],1,-1,25,-1,1
1,<environment.Job instance at 0x7f7e7dcffcd0>,2,1,[ 4 12],3,-1,4,-1,3
1,<environment.Job instance at 0x7f7e7e07bd20>,8,21,[14  2],9,-1,30,-1,9
1,<environment.Job instance at 0x7f7e7e07be10>,9,23,[6 3],10,-1,33,-1,10
1,<environment.Job instance at 0x7f7e7e07b640>,13,25,[5 8],14,-1,50,-1,25
1,<environment.Job instance at 0x7f7e7e07b820>,14,26,[5 8],15,-1,51,-1,25
1,<environment.Job instance at 0x7f7e7e07b9b0>,15,14,[11  4],16,-1,39,-1,25
1,<environment.Job instance at 0x7f7e7e07b230>,16,16,[14  4],17,-1,41,-1,25
1,<environment.Job instance at 0x7f7e7e07b140>,18,12,[13  4],19,-1,37,-1,25
1,<environment.Job instance at 0x7f7e7e07ba00>,20,23,[5 5],21,-1,51,-1,28
1,<environment.Job instance at 0x7f7e7e07bcd0>,26,16,[11  2],27,-1,58,-1,42
1,<environment.Job instance at 0x7f7e7d6a70f0>,27,16,[ 4 12],28,-1,58,-1,42
1,<environment.Job instance at 0x7f7e7d6a7be0>,29,1,[14  3],30,-1,45,-1,44
1,<environment.Job instance at 0x7f7e7d6a7c80>,32,2,[ 2 14],33,-1,47,-1,45
1,<environment.Job instance at 0x7f7e7d6a7eb0>,34,25,[ 1 11],35,-1,83,-1,58
1,<environment.Job instance at 0x7f7e7d6a7f50>,35,28,[6 3],36,-1,89,-1,61
1,<environment.Job instance at 0x7f7e7d6a7e10>,38,3,[ 5 13],39,-1,76,-1,73
1,<environment.Job instance at 0x7f7e7d9a0550>,39,27,[6 2],40,-1,112,-1,85
1,<environment.Job instance at 0x7f7e7d9a0fa0>,42,18,[ 5 13],43,-1,103,-1,85
1,<environment.Job instance at 0x7f7e7d9a0e60>,44,23,[3 8],45,-1,121,-1,98
1,<environment.Job instance at 0x7f7e7d9a0d70>,45,16,[ 2 13],46,-1,114,-1,98
1,<environment.Job instance at 0x7f7e7e16ae60>,46,24,[7 1],47,-1,122,-1,98
1,<environment.Job instance at 0x7f9cd1fd1b40>,2,18,[ 3 10],3,-1,21,-1,3
1,<environment.Job instance at 0x7f9cd1fd1e10>,5,18,[7 5],6,-1,24,-1,6
1,<environment.Job instance at 0x7f9cd1fd1d20>,6,19,[1 7],7,-1,27,-1,8
1,<environment.Job instance at 0x7f9cd1fd5460>,13,15,[4 5],14,-1,29,-1,14
1,<environment.Job instance at 0x7f9cd1fd5820>,20,21,[13  5],21,-1,42,-1,21
1,<environment.Job instance at 0x7f9cd1fd57d0>,19,21,[8 5],20,-1,43,-1,22
1,<environment.Job instance at 0x7f9cd1fd5960>,21,22,[8 2],22,-1,46,-1,24
1,<environment.Job instance at 0x7f9cd1fd5a50>,23,18,[7 4],24,-1,44,-1,26
1,<environment.Job instance at 0x7f9cd1fd5dc0>,26,20,[4 8],27,-1,47,-1,27
1,<environment.Job instance at 0x7f9cd1fd5f00>,29,24,[5 1],30,-1,66,-1,42
1,<environment.Job instance at 0x7f9cd1fd5fa0>,30,15,[8 2],31,-1,57,-1,42
1,<environment.Job instance at 0x7f9cd1fd9550>,34,20,[5 3],35,-1,62,-1,42
1,<environment.Job instance at 0x7f9cd1fd9460>,33,16,[9 3],34,-1,58,-1,42
1,<environment.Job instance at 0x7f9cd1fd9870>,40,18,[ 5 13],41,-1,67,-1,49
1,<environment.Job instance at 0x7f9cd1fd9c80>,42,24,[ 4 14],43,-1,76,-1,52
1,<environment.Job instance at 0x7f9cd1fd97d0>,39,12,[3 6],40,-1,64,-1,52
1,<environment.Job instance at 0x7f9cd1fd9be0>,43,14,[10  1],44,-1,66,-1,52
1,<environment.Job instance at 0x7f9cd1fd9d20>,44,14,[8 4],45,-1,66,-1,52
1,<environment.Job instance at 0x7f9cd1fd9dc0>,45,28,[6 4],46,-1,80,-1,52
1,<environment.Job instance at 0x7f9cd1fdc320>,52,27,[9 1],53,-1,120,-1,93
1,<environment.Job instance at 0x7f9cd1fdc500>,53,22,[9 5],54,-1,115,-1,93
1,<environment.Job instance at 0x7f9cd1fd9e60>,46,17,[ 5 12],47,-1,112,-1,95
1,<environment.Job instance at 0x7f9cd1fdc550>,55,14,[ 2 10],56,-1,109,-1,95
1,<environment.Job instance at 0x7f9cd1fdc5f0>,56,17,[6 4],57,-1,112,-1,95
1,<environment.Job instance at 0x7f9cd1fdc690>,57,15,[6 5],58,-1,110,-1,95
1,<environment.Job instance at 0x7f9cd1fdc7d0>,59,16,[8 1],60,-1,111,-1,95
1,<environment.Job instance at 0x7f9cd1fdc870>,60,17,[9 3],61,-1,112,-1,95
1,<environment.Job instance at 0x7f9cd1fdc910>,61,14,[ 2 10],62,-1,109,-1,95
1,<environment.Job instance at 0x7f9cd1fdc9b0>,62,24,[ 3 10],63,-1,119,-1,95
1,<environment.Job instance at 0x7f9cd1fdcaf0>,64,20,[9 1],65,-1,115,-1,95
1,<environment.Job instance at 0x7f9cd1fde0a0>,4,24,[ 3 11],5,-1,29,-1,5
1,<environment.Job instance at 0x7f9cdb661140>,8,24,[ 2 10],9,-1,45,-1,21
1,<environment.Job instance at 0x7f9cdb61b870>,12,13,[ 2 12],13,-1,34,-1,21
1,<environment.Job instance at 0x7f9cd1fd1910>,14,21,[ 3 11],15,-1,43,-1,22
1,<environment.Job instance at 0x7f9cd22864b0>,17,18,[ 5 13],18,-1,40,-1,22
1,<environment.Job instance at 0x7f9cd2184640>,20,21,[13  5],21,-1,56,-1,35
1,<environment.Job instance at 0x7f9cd1fc9e60>,24,2,[ 3 12],25,-1,51,-1,49
1,<environment.Job instance at 0x7f9cd1fc95f0>,27,25,[14  4],28,-1,74,-1,49
1,<environment.Job instance at 0x7f9cd2172aa0>,29,24,[5 1],30,-1,89,-1,65
1,<environment.Job instance at 0x7f9cd1712050>,5,17,[4 8],6,-1,25,-1,8
1,<environment.Job instance at 0x7f9cd171caf0>,8,14,[9 1],9,-1,24,-1,10
1,<environment.Job instance at 0x7f9cd19a80f0>,9,15,[9 2],10,-1,25,-1,10
1,<environment.Job instance at 0x7f9cd171ca50>,11,21,[2 7],12,-1,34,-1,13
1,<environment.Job instance at 0x7f9cd183f320>,13,24,[5 6],14,-1,38,-1,14
1,<environment.Job instance at 0x7f9cd18537d0>,16,22,[10  1],17,-1,115,-1,93
1,<environment.Job instance at 0x7f9cd1865a00>,30,17,[ 2 11],31,-1,110,-1,93
1,<environment.Job instance at 0x7f9cd1865140>,36,25,[5 4],37,-1,118,-1,93
1,<environment.Job instance at 0x7f9cd187d4b0>,27,26,[ 1 11],28,-1,120,-1,94
1,<environment.Job instance at 0x7f9cd1865eb0>,39,15,[6 2],40,-1,109,-1,94
1,<environment.Job instance at 0x7f9cd1865a50>,38,28,[7 1],39,-1,122,-1,94
1,<environment.Job instance at 0x7f9cd17f3c80>,1,13,[12  3],2,-1,15,-1,2
1,<environment.Job instance at 0x7f9cd17f3910>,4,28,[7 4],5,-1,45,-1,17
1,<environment.Job instance at 0x7f9cd17f90f0>,10,18,[ 3 12],11,-1,35,-1,17
1,<environment.Job instance at 0x7f9cd1785230>,14,18,[11  5],15,-1,35,-1,17
1,<environment.Job instance at 0x7f9cd17853c0>,15,14,[14  1],16,-1,31,-1,17
1,<environment.Job instance at 0x7f9cd17f98c0>,13,24,[5 6],14,-1,53,-1,29
1,<environment.Job instance at 0x7f9cd17d4190>,19,3,[14  4],20,-1,32,-1,29
1,<environment.Job instance at 0x7f9cd1788e60>,22,23,[ 1 14],23,-1,56,-1,33
1,<environment.Job instance at 0x7f9cd1790be0>,25,23,[7 3],26,-1,66,-1,43
1,<environment.Job instance at 0x7f9cd1790af0>,27,26,[ 1 11],28,-1,69,-1,43
1,<environment.Job instance at 0x7f9cd1793460>,30,17,[ 2 11],31,-1,60,-1,43
1,<environment.Job instance at 0x7f9cd17d7d20>,34,17,[ 3 14],35,-1,71,-1,54
1,<environment.Job instance at 0x7f9cd17d7cd0>,36,25,[5 4],37,-1,83,-1,58
1,<environment.Job instance at 0x7f9cd17d7730>,38,28,[7 1],39,-1,88,-1,60
1,<environment.Job instance at 0x7f9cd17e9f50>,41,24,[12  2],42,-1,92,-1,68
1,<environment.Job instance at 0x7f9cd17e9eb0>,42,26,[ 3 11],43,-1,94,-1,68
1,<environment.Job instance at 0x7f9cd17e9960>,45,16,[ 1 11],46,-1,91,-1,75
1,<environment.Job instance at 0x7f9cd17e9af0>,47,1,[ 5 12],48,-1,79,-1,78
1,<environment.Job instance at 0x7f9cd17e9b40>,48,24,[8 5],49,-1,107,-1,83
1,<environment.Job instance at 0x7f9cd17e9c80>,50,2,[14  2],51,-1,85,-1,83
1,<environment.Job instance at 0x7f9cd17e9dc0>,53,20,[14  2],54,-1,119,-1,99
1,<environment.Job instance at 0x7f9cd179bf50>,55,2,[ 1 14],56,-1,104,-1,102
1,<environment.Job instance at 0x7f9cd179b640>,56,16,[12  1],57,-1,118,-1,102
1,<environment.Job instance at 0x7f9cd179b3c0>,57,15,[ 4 14],58,-1,117,-1,102
1,<environment.Job instance at 0x7f9cdb78b3c0>,1,18,[ 1 10],2,-1,20,-1,2
1,<environment.Job instance at 0x7f9cd1580690>,2,28,[7 4],3,-1,31,-1,3
1,<environment.Job instance at 0x7f9cd15804b0>,3,19,[9 2],4,-1,23,-1,4
1,<environment.Job instance at 0x7f9cd1580e60>,4,28,[4 5],5,-1,33,-1,5
1,<environment.Job instance at 0x7f9cd1580780>,5,23,[8 3],6,-1,29,-1,6
1,<environment.Job instance at 0x7f9cd1580c30>,7,15,[5 6],8,-1,23,-1,8
1,<environment.Job instance at 0x7f9cd1580050>,9,17,[3 5],10,-1,27,-1,10
1,<environment.Job instance at 0x7f9cd1580b40>,10,15,[ 5 10],11,-1,26,-1,11
1,<environment.Job instance at 0x7f9cdb78bbe0>,12,16,[14  3],13,-1,29,-1,13
1,<environment.Job instance at 0x7f9cd1580c80>,18,20,[7 4],19,-1,39,-1,19
1,<environment.Job instance at 0x7f9cd15809b0>,17,20,[5 2],18,-1,40,-1,20
1,<environment.Job instance at 0x7f9cd159b4b0>,21,22,[5 8],22,-1,44,-1,22
1,<environment.Job instance at 0x7f9cd159bc30>,22,16,[7 4],23,-1,39,-1,23
1,<environment.Job instance at 0x7f9cd159b190>,23,16,[9 4],24,-1,40,-1,24
1,<environment.Job instance at 0x7f9cd159b2d0>,29,21,[6 4],30,-1,53,-1,32
1,<environment.Job instance at 0x7f9cd1580550>,20,24,[11  3],21,-1,61,-1,37
1,<environment.Job instance at 0x7f9cd159beb0>,31,16,[ 2 13],32,-1,53,-1,37
1,<environment.Job instance at 0x7f9cd159b460>,32,17,[8 5],33,-1,62,-1,45
1,<environment.Job instance at 0x7f9cd1580be0>,14,15,[14  3],15,-1,62,-1,47
1,<environment.Job instance at 0x7f9cd15feaf0>,38,17,[1 7],39,-1,64,-1,47
1,<environment.Job instance at 0x7f9cd15800a0>,13,12,[11  4],14,-1,62,-1,50
1,<environment.Job instance at 0x7f9cd15fe230>,39,15,[5 7],40,-1,65,-1,50
1,<environment.Job instance at 0x7f9cd15fed20>,43,12,[12  2],44,-1,62,-1,50
1,<environment.Job instance at 0x7f9cd159b5f0>,30,17,[2 6],31,-1,68,-1,51
1,<environment.Job instance at 0x7f9cd15fe140>,42,23,[1 7],43,-1,80,-1,57
1,<environment.Job instance at 0x7f9cd15fe500>,35,13,[11  1],36,-1,71,-1,58
1,<environment.Job instance at 0x7f9cd15fe9b0>,48,21,[9 5],49,-1,80,-1,59
1,<environment.Job instance at 0x7f9cd15febe0>,49,18,[10  2],50,-1,77,-1,59
1,<environment.Job instance at 0x7f9cd15fe780>,46,19,[ 3 14],47,-1,78,-1,59
1,<environment.Job instance at 0x7f9cdb784050>,51,22,[6 1],52,-1,81,-1,59
1,<environment.Job instance at 0x7f9cdb784870>,55,20,[5 5],56,-1,79,-1,59
1,<environment.Job instance at 0x7f9cd15fe960>,52,14,[3 5],53,-1,73,-1,59
1,<environment.Job instance at 0x7f9cdb784960>,57,20,[3 7],58,-1,79,-1,59
1,<environment.Job instance at 0x7f9cdb784c30>,58,27,[ 3 13],59,-1,86,-1,59
1,<environment.Job instance at 0x7f9cd15fe1e0>,50,12,[12  4],51,-1,71,-1,59
1,<environment.Job instance at 0x7f9cdb784910>,59,20,[14  3],60,-1,80,-1,60
1,<environment.Job instance at 0x7f9cd1582eb0>,61,14,[ 4 13],62,-1,76,-1,62
1,<environment.Job instance at 0x7f9cd1582f00>,63,13,[5 7],64,-1,77,-1,64
1,<environment.Job instance at 0x7f9cd159b870>,28,24,[ 5 11],29,-1,95,-1,71
1,<environment.Job instance at 0x7f9cdb7847d0>,53,21,[5 1],54,-1,97,-1,76
1,<environment.Job instance at 0x7f9cdb784dc0>,56,18,[4 9],57,-1,94,-1,76
1,<environment.Job instance at 0x7f9cd15820f0>,67,24,[ 4 11],68,-1,100,-1,76
1,<environment.Job instance at 0x7f9cd15823c0>,69,16,[7 2],70,-1,93,-1,77
1,<environment.Job instance at 0x7f9cd15829b0>,71,22,[ 1 10],72,-1,101,-1,79
1,<environment.Job instance at 0x7f9cd1582320>,74,25,[5 5],75,-1,105,-1,80
1,<environment.Job instance at 0x7f9cd1582a00>,73,24,[2 7],74,-1,104,-1,80
1,<environment.Job instance at 0x7f9cd1582b40>,76,18,[7 1],77,-1,98,-1,80
1,<environment.Job instance at 0x7f9cd15825a0>,77,26,[7 1],78,-1,106,-1,80
1,<environment.Job instance at 0x7f9cd15827d0>,65,16,[6 2],66,-1,98,-1,82
1,<environment.Job instance at 0x7f9cd1582870>,66,28,[14  3],67,-1,110,-1,82
1,<environment.Job instance at 0x7f9cd15ea320>,88,22,[9 3],89,-1,118,-1,96
1,<environment.Job instance at 0x7f9cd15ea550>,91,25,[10  5],92,-1,121,-1,96
1,<environment.Job instance at 0x7f9cd1582c80>,78,18,[12  1],79,-1,114,-1,96
1,<environment.Job instance at 0x7f9cd15eab40>,94,15,[10  3],95,-1,111,-1,96
1,<environment.Job instance at 0x7f9cd15ea730>,89,16,[ 4 13],90,-1,113,-1,97
1,<environment.Job instance at 0x7f9cd15eaa00>,84,16,[ 2 11],85,-1,113,-1,97
1,<environment.Job instance at 0x7f9cd15fa730>,96,20,[ 3 11],97,-1,118,-1,98
1,<environment.Job instance at 0x7f9cd15ea820>,93,14,[2 8],94,-1,112,-1,98
1,<environment.Job instance at 0x7f9cd15fa050>,99,24,[6 5],100,-1,124,-1,100
1,<environment.Job instance at 0x7f9cd15feaa0>,2,28,[7 4],3,-1,45,-1,17
1,<environment.Job instance at 0x7f9cd1582780>,8,28,[9 1],9,-1,45,-1,17
1,<environment.Job instance at 0x7f9cdb784d70>,4,28,[4 5],5,-1,45,-1,17
1,<environment.Job instance at 0x7f9cd1582690>,5,23,[8 3],6,-1,40,-1,17
1,<environment.Job instance at 0x7f9cd15ea230>,12,16,[14  3],13,-1,33,-1,17
1,<environment.Job instance at 0x7f9cd15faaf0>,13,12,[11  4],14,-1,29,-1,17
1,<environment.Job instance at 0x7f9cd15fad70>,14,15,[14  3],15,-1,32,-1,17
1,<environment.Job instance at 0x7f9cd15fa8c0>,16,13,[ 5 13],17,-1,31,-1,18
1,<environment.Job instance at 0x7f9cdb6436e0>,20,24,[11  3],21,-1,45,-1,21
1,<environment.Job instance at 0x7f9cdb643b40>,24,28,[13  3],25,-1,69,-1,41
1,<environment.Job instance at 0x7f9cdb643320>,27,18,[ 1 13],28,-1,74,-1,56
1,<environment.Job instance at 0x7f9cdb6432d0>,28,24,[ 5 11],29,-1,80,-1,56
1,<environment.Job instance at 0x7f9cdb78ef00>,31,16,[ 2 13],32,-1,75,-1,59
1,<environment.Job instance at 0x7f9cdb78e190>,33,2,[ 5 11],34,-1,61,-1,59
1,<environment.Job instance at 0x7f9cdb78eeb0>,35,13,[11  1],36,-1,80,-1,67
1,<environment.Job instance at 0x7f9cd15c89b0>,42,23,[1 7],43,-1,126,-1,103
1,<environment.Job instance at 0x7f9cd15c8500>,43,12,[12  2],44,-1,115,-1,103
1,<environment.Job instance at 0x7f9cd15c8690>,45,2,[14  3],46,-1,105,-1,103
1,<environment.Job instance at 0x7f9cd15c8730>,46,19,[ 3 14],47,-1,122,-1,103
1,<environment.Job instance at 0x7f9cd15c8780>,47,2,[14  5],48,-1,105,-1,103
1,<environment.Job instance at 0x7f9cd15c8140>,50,12,[12  4],51,-1,118,-1,106
1,<environment.Job instance at 0x7f9cd2469910>,3,13,[ 4 10],4,-1,18,-1,5
1,<environment.Job instance at 0x7f9cd24690f0>,5,24,[6 1],6,-1,30,-1,6
1,<environment.Job instance at 0x7f9cd2469370>,9,28,[3 5],10,-1,38,-1,10
1,<environment.Job instance at 0x7f9cd2469d20>,10,19,[1 8],11,-1,30,-1,11
1,<environment.Job instance at 0x7f9cd2469b40>,12,26,[5 3],13,-1,39,-1,13
1,<environment.Job instance at 0x7f9cd17371e0>,0,16,[ 5 13],1,-1,17,-1,1
1,<environment.Job instance at 0x7f9cd1737190>,5,24,[6 1],6,-1,30,-1,6
1,<environment.Job instance at 0x7f9cd1737640>,7,18,[13  2],8,-1,26,-1,8
1,<environment.Job instance at 0x7f9cd17370f0>,8,19,[ 5 13],9,-1,28,-1,9
1,<environment.Job instance at 0x7f9cd1737d20>,9,28,[3 5],10,-1,48,-1,20
1,<environment.Job instance at 0x7f9cd1737460>,12,26,[5 3],13,-1,46,-1,20
1,<environment.Job instance at 0x7f9cd1737140>,13,18,[11  4],14,-1,38,-1,20
1,<environment.Job instance at 0x7f9cd17376e0>,14,15,[ 3 11],15,-1,35,-1,20
1,<environment.Job instance at 0x7f9cdb78e4b0>,17,12,[ 3 11],18,-1,32,-1,20
1,<environment.Job instance at 0x7f9cd1737f50>,16,27,[2 8],17,-1,52,-1,25
1,<environment.Job instance at 0x7f9cdb78e550>,20,24,[ 5 11],21,-1,49,-1,25
1,<environment.Job instance at 0x7f9cdb78e500>,22,27,[4 6],23,-1,52,-1,25
1,<environment.Job instance at 0x7f9cdb78ec30>,23,1,[ 2 11],24,-1,26,-1,25
1,<environment.Job instance at 0x7f9cdb78ef00>,25,15,[13  3],26,-1,41,-1,26
1,<environment.Job instance at 0x7f9cd1582690>,26,12,[14  2],27,-1,39,-1,27
1,<environment.Job instance at 0x7f9cd1582230>,27,1,[ 2 11],28,-1,29,-1,28
1,<environment.Job instance at 0x7f9cdb78eb40>,29,15,[12  5],30,-1,47,-1,32
1,<environment.Job instance at 0x7f9cd2130a00>,30,16,[ 3 12],31,-1,48,-1,32
1,<environment.Job instance at 0x7f9cd23a4d70>,31,16,[ 3 12],32,-1,48,-1,32
1,<environment.Job instance at 0x7f9cd24691e0>,33,27,[5 1],34,-1,66,-1,39
1,<environment.Job instance at 0x7f9cd2469b90>,34,25,[10  4],35,-1,64,-1,39
1,<environment.Job instance at 0x7f9cd2469960>,35,26,[5 4],36,-1,65,-1,39
1,<environment.Job instance at 0x7f9cd24509b0>,38,12,[ 2 11],39,-1,60,-1,48
1,<environment.Job instance at 0x7f9cd2450370>,48,26,[7 4],49,-1,115,-1,89
1,<environment.Job instance at 0x7f9cd2450050>,46,24,[3 6],47,-1,122,-1,98
1,<environment.Job instance at 0x7f9cd2450410>,50,27,[9 5],51,-1,125,-1,98
1,<environment.Job instance at 0x7f9cd19a4640>,3,24,[5 6],4,-1,28,-1,4
1,<environment.Job instance at 0x7f9cd19a4cd0>,7,24,[3 9],8,-1,32,-1,8
1,<environment.Job instance at 0x7f9cd19bd870>,11,16,[1 8],12,-1,28,-1,12
1,<environment.Job instance at 0x7f9cd1e73870>,16,28,[5 2],17,-1,52,-1,24
1,<environment.Job instance at 0x7f9cd1e732d0>,15,14,[5 8],16,-1,39,-1,25
1,<environment.Job instance at 0x7f9cd19a4eb0>,19,19,[6 4],20,-1,44,-1,25
1,<environment.Job instance at 0x7f9cd19b1e10>,20,22,[5 6],21,-1,47,-1,25
1,<environment.Job instance at 0x7f9cd17373c0>,6,14,[ 3 14],7,-1,39,-1,25
1,<environment.Job instance at 0x7f9cd19b1b90>,21,14,[3 5],22,-1,39,-1,25
1,<environment.Job instance at 0x7f9cd19b1e60>,18,3,[10  3],19,-1,28,-1,25
1,<environment.Job instance at 0x7f9cd19b1fa0>,23,14,[8 1],24,-1,39,-1,25
1,<environment.Job instance at 0x7f9cd21270a0>,25,17,[9 1],26,-1,43,-1,26
1,<environment.Job instance at 0x7f9cd2b09870>,26,14,[ 2 10],27,-1,42,-1,28
1,<environment.Job instance at 0x7f9cd1a49230>,27,17,[7 4],28,-1,45,-1,28
1,<environment.Job instance at 0x7f9cd19aee10>,29,15,[ 5 10],30,-1,46,-1,31
1,<environment.Job instance at 0x7f9cd241d7d0>,31,25,[7 3],32,-1,57,-1,32
1,<environment.Job instance at 0x7f9cd21105f0>,30,13,[6 5],31,-1,45,-1,32
1,<environment.Job instance at 0x7f9cd241de10>,32,20,[2 8],33,-1,53,-1,33
1,<environment.Job instance at 0x7f9cd241dd70>,35,12,[ 4 13],36,-1,48,-1,36
1,<environment.Job instance at 0x7f9cd2123aa0>,36,21,[5 4],37,-1,58,-1,37
1,<environment.Job instance at 0x7f9cd213fc30>,40,21,[5 6],41,-1,72,-1,51
1,<environment.Job instance at 0x7f9cd1999140>,38,23,[7 3],39,-1,75,-1,52
1,<environment.Job instance at 0x7f9cd2b2cb40>,37,14,[ 3 12],38,-1,66,-1,52
1,<environment.Job instance at 0x7f9cd241d6e0>,33,27,[ 5 13],34,-1,79,-1,52
1,<environment.Job instance at 0x7f9cd1a66e60>,39,27,[5 8],40,-1,84,-1,57
1,<environment.Job instance at 0x7f9cd213f820>,44,24,[4 8],45,-1,82,-1,58
1,<environment.Job instance at 0x7f9cd213feb0>,43,23,[10  3],44,-1,82,-1,59
1,<environment.Job instance at 0x7f9cd2136730>,47,16,[4 5],48,-1,75,-1,59
1,<environment.Job instance at 0x7f9cd2140b90>,51,22,[6 4],52,-1,81,-1,59
1,<environment.Job instance at 0x7f9cd2145280>,57,28,[7 5],58,-1,87,-1,59
1,<environment.Job instance at 0x7f9cd21453c0>,58,18,[8 2],59,-1,78,-1,60
1,<environment.Job instance at 0x7f9cd19e5af0>,1,16,[ 5 13],2,-1,18,-1,2
1,<environment.Job instance at 0x7f9cd19e5a00>,3,24,[5 6],4,-1,28,-1,4
1,<environment.Job instance at 0x7f9cd19e5c30>,6,14,[ 3 14],7,-1,21,-1,7
1,<environment.Job instance at 0x7f9cd19e5960>,10,12,[ 2 12],11,-1,23,-1,11
1,<environment.Job instance at 0x7f9cd1b32be0>,12,1,[ 2 11],13,-1,14,-1,13
1,<environment.Job instance at 0x7f9cd1b32640>,13,27,[ 3 14],14,-1,41,-1,14
1,<environment.Job instance at 0x7f9cd19e5910>,7,24,[3 9],8,-1,47,-1,23
1,<environment.Job instance at 0x7f9cd1b32910>,17,28,[13  5],18,-1,51,-1,23
1,<environment.Job instance at 0x7f9cd1b32a50>,16,28,[5 2],17,-1,54,-1,26
1,<environment.Job instance at 0x7f9cd15d1d20>,31,25,[7 3],32,-1,87,-1,62
1,<environment.Job instance at 0x7f9cd15d1690>,33,27,[ 5 13],34,-1,89,-1,62
1,<environment.Job instance at 0x7f9cd15d15f0>,34,13,[14  5],35,-1,75,-1,62
1,<environment.Job instance at 0x7f9cd15d1910>,35,12,[ 4 13],36,-1,74,-1,62
1,<environment.Job instance at 0x7f9cd15d1820>,37,14,[ 3 12],38,-1,76,-1,62
1,<environment.Job instance at 0x7f9cd1773b40>,38,23,[7 3],39,-1,85,-1,62
1,<environment.Job instance at 0x7f9cd17736e0>,39,27,[5 8],40,-1,89,-1,62
1,<environment.Job instance at 0x7f9cd17739b0>,43,23,[10  3],44,-1,97,-1,74
1,<environment.Job instance at 0x7f9cd2450c80>,45,26,[14  5],46,-1,100,-1,74
1,<environment.Job instance at 0x7f9cd2450780>,44,24,[4 8],45,-1,100,-1,76
1,<environment.Job instance at 0x7f9cd24500f0>,52,28,[12  4],53,-1,121,-1,93
1,<environment.Job instance at 0x7f9cd2450190>,53,1,[11  1],54,-1,94,-1,93
1,<environment.Job instance at 0x7f9cd2450730>,57,28,[7 5],58,-1,123,-1,95
1,<environment.Job instance at 0x7f9cd1a06a00>,1,23,[5 7],2,-1,25,-1,2
1,<environment.Job instance at 0x7f9cd1a06050>,8,16,[2 6],9,-1,26,-1,10
1,<environment.Job instance at 0x7f9cd1a061e0>,10,14,[6 4],11,-1,25,-1,11
1,<environment.Job instance at 0x7f9cd1a06eb0>,13,3,[1 6],14,-1,17,-1,14
1,<environment.Job instance at 0x7f9cd2b30e10>,9,18,[3 6],10,-1,32,-1,14
1,<environment.Job instance at 0x7f9cd23a4d70>,1,23,[5 7],2,-1,25,-1,2
1,<environment.Job instance at 0x7f9cd2469230>,3,15,[ 2 14],4,-1,19,-1,4
1,<environment.Job instance at 0x7f9cdb790690>,7,12,[ 3 13],8,-1,20,-1,8
1,<environment.Job instance at 0x7f9cd2b30fa0>,11,27,[14  3],12,-1,39,-1,12
1,<environment.Job instance at 0x7f9cd2b305a0>,12,18,[ 5 11],13,-1,31,-1,13
1,<environment.Job instance at 0x7f9cd1cce2d0>,15,18,[ 1 12],16,-1,34,-1,16
1,<environment.Job instance at 0x7f9cd2b30d70>,14,25,[4 9],15,-1,45,-1,20
1,<environment.Job instance at 0x7f9cd1cce230>,20,2,[11  4],21,-1,25,-1,23
1,<environment.Job instance at 0x7f9cd1cce8c0>,23,17,[14  3],24,-1,42,-1,25
1,<environment.Job instance at 0x7f9cd1cce410>,24,28,[5 5],25,-1,56,-1,28
1,<environment.Job instance at 0x7f9cd293fdc0>,25,19,[ 1 12],26,-1,47,-1,28
1,<environment.Job instance at 0x7f9cd293f410>,27,2,[ 4 13],28,-1,30,-1,28
1,<environment.Job instance at 0x7f9cd293f0f0>,30,28,[ 1 12],31,-1,69,-1,41
1,<environment.Job instance at 0x7f9cd293fa00>,31,15,[13  1],32,-1,56,-1,41
1,<environment.Job instance at 0x7f9cd293f780>,32,2,[ 5 12],33,-1,43,-1,41
1,<environment.Job instance at 0x7f9cd293f910>,34,12,[ 4 13],35,-1,53,-1,41
1,<environment.Job instance at 0x7f9cd293fe10>,35,24,[5 3],36,-1,67,-1,43
1,<environment.Job instance at 0x7f9cd293fe60>,38,3,[12  3],39,-1,46,-1,43
1,<environment.Job instance at 0x7f9cd293f230>,40,12,[13  4],41,-1,56,-1,44
1,<environment.Job instance at 0x7f9cd1ccee10>,26,24,[10  2],27,-1,77,-1,53
1,<environment.Job instance at 0x7f9cd1c1c0a0>,45,15,[13  4],46,-1,68,-1,53
1,<environment.Job instance at 0x7f9cd1c1c1e0>,49,26,[14  4],50,-1,91,-1,65
1,<environment.Job instance at 0x7f9cd1c1ce10>,52,18,[14  1],53,-1,93,-1,75
1,<environment.Job instance at 0x7f9cd1c1c640>,53,24,[9 2],54,-1,102,-1,78
1,<environment.Job instance at 0x7f9cd1c1c370>,55,15,[ 5 11],56,-1,98,-1,83
1,<environment.Job instance at 0x7f9cd1c1c4b0>,56,27,[2 7],57,-1,119,-1,92
1,<environment.Job instance at 0x7f9cd1c1c550>,58,16,[ 3 12],59,-1,108,-1,92
1,<environment.Job instance at 0x7f9cd1c1c410>,59,12,[ 3 12],60,-1,104,-1,92
1,<environment.Job instance at 0x7f9cd16ed8c0>,60,13,[ 3 12],61,-1,105,-1,92
1,<environment.Job instance at 0x7f9cd16eda50>,62,25,[11  2],63,-1,117,-1,92
1,<environment.Job instance at 0x7f9cd16ed910>,63,1,[ 1 14],64,-1,93,-1,92
1,<environment.Job instance at 0x7f9cd16ed960>,61,24,[ 4 10],62,-1,119,-1,95
1,<environment.Job instance at 0x7f9cd1e50910>,0,22,[9 1],1,-1,24,-1,2
1,<environment.Job instance at 0x7f9cd18a4140>,2,16,[10  5],3,-1,19,-1,3
1,<environment.Job instance at 0x7f9cd1f89dc0>,3,15,[10  1],4,-1,19,-1,4
1,<environment.Job instance at 0x7f9cd1896cd0>,4,13,[7 5],5,-1,18,-1,5
1,<environment.Job instance at 0x7f9cd1896870>,5,13,[1 8],6,-1,19,-1,6
1,<environment.Job instance at 0x7f9cd1896af0>,6,22,[8 4],7,-1,29,-1,7
1,<environment.Job instance at 0x7f9cd1896a50>,7,14,[1 7],8,-1,22,-1,8
1,<environment.Job instance at 0x7f9cd2145aa0>,1,17,[ 2 12],2,-1,26,-1,9
1,<environment.Job instance at 0x7f9cd1e503c0>,9,22,[7 5],10,-1,32,-1,10
1,<environment.Job instance at 0x7f9cd1885eb0>,11,18,[ 5 10],12,-1,30,-1,12
1,<environment.Job instance at 0x7f9cd18852d0>,13,24,[1 6],14,-1,39,-1,15
1,<environment.Job instance at 0x7f9cd1896d20>,14,16,[14  5],15,-1,31,-1,15
1,<environment.Job instance at 0x7f9cd1885500>,15,16,[9 4],16,-1,34,-1,18
1,<environment.Job instance at 0x7f9cd1885c30>,17,15,[10  4],18,-1,33,-1,18
1,<environment.Job instance at 0x7f9cd1885d70>,19,17,[3 9],20,-1,37,-1,20
1,<environment.Job instance at 0x7f9cd1f8a960>,24,12,[5 1],25,-1,37,-1,25
1,<environment.Job instance at 0x7f9cd1a02690>,28,14,[6 3],29,-1,46,-1,32
1,<environment.Job instance at 0x7f9cd25dd730>,33,22,[ 4 10],34,-1,67,-1,45
1,<environment.Job instance at 0x7f9cd2af5320>,36,25,[3 6],37,-1,73,-1,48
1,<environment.Job instance at 0x7f9cd226f960>,40,18,[6 5],41,-1,67,-1,49
1,<environment.Job instance at 0x7f9cd227f960>,44,15,[11  5],45,-1,65,-1,50
1,<environment.Job instance at 0x7f9cd16d7370>,1,17,[ 2 12],2,-1,19,-1,2
1,<environment.Job instance at 0x7f9cd1f67a50>,10,16,[11  3],11,-1,39,-1,23
1,<environment.Job instance at 0x7f9cd1f67500>,13,24,[1 6],14,-1,59,-1,35
1,<environment.Job instance at 0x7f9cd1f67460>,14,16,[14  5],15,-1,51,-1,35
1,<environment.Job instance at 0x7f9cd1e95500>,23,3,[ 1 14],24,-1,71,-1,68
1,<environment.Job instance at 0x7f9cd1e95230>,25,22,[12  2],26,-1,92,-1,70
1,<environment.Job instance at 0x7f9cd1e950a0>,27,14,[12  5],28,-1,84,-1,70
1,<environment.Job instance at 0x7f9cd1e95af0>,26,26,[ 2 10],27,-1,110,-1,84
1,<environment.Job instance at 0x7f9cd1e95140>,31,24,[9 3],32,-1,111,-1,87
1,<environment.Job instance at 0x7f9cd1e95dc0>,32,23,[13  5],33,-1,110,-1,87
1,<environment.Job instance at 0x7f9cd16ed0a0>,35,2,[12  3],36,-1,89,-1,87
1,<environment.Job instance at 0x7f9cd16ed910>,36,25,[3 6],37,-1,112,-1,87
1,<environment.Job instance at 0x7f9cd16ed190>,38,13,[12  4],39,-1,100,-1,87
1,<environment.Job instance at 0x7f9cd16edaf0>,39,27,[9 3],40,-1,115,-1,88
1,<environment.Job instance at 0x7f9cd1cce410>,41,18,[ 5 12],42,-1,106,-1,88
1,<environment.Job instance at 0x7f9cd1cce9b0>,42,2,[ 2 13],43,-1,90,-1,88
1,<environment.Job instance at 0x7f9cd1cce5a0>,43,26,[ 3 14],44,-1,114,-1,88
1,<environment.Job instance at 0x7f9cd1cce230>,44,15,[11  5],45,-1,103,-1,88
1,<environment.Job instance at 0x7f9cd1cce7d0>,47,25,[8 4],48,-1,131,-1,106
1,<environment.Job instance at 0x7f9cd27a9960>,1,16,[ 3 10],2,-1,19,-1,3
1,<environment.Job instance at 0x7f9cd27a9eb0>,3,3,[4 8],4,-1,7,-1,4
1,<environment.Job instance at 0x7f9cd27a9d20>,4,13,[5 5],5,-1,18,-1,5
1,<environment.Job instance at 0x7f9cd27a98c0>,5,2,[1 6],6,-1,8,-1,6
1,<environment.Job instance at 0x7f9cd27a95f0>,6,14,[ 4 12],7,-1,21,-1,7
1,<environment.Job instance at 0x7f9cd27a92d0>,7,1,[5 1],8,-1,9,-1,8
1,<environment.Job instance at 0x7f9cd27a9460>,8,27,[ 2 11],9,-1,38,-1,11
1,<environment.Job instance at 0x7f9cd27a95a0>,2,16,[5 7],3,-1,27,-1,11
1,<environment.Job instance at 0x7f9cd27a9730>,11,17,[ 5 11],12,-1,30,-1,13
1,<environment.Job instance at 0x7f9cd27a9870>,13,26,[9 2],14,-1,40,-1,14
1,<environment.Job instance at 0x7f9cd23dfc80>,14,12,[ 5 10],15,-1,27,-1,15
1,<environment.Job instance at 0x7f9cd27a97d0>,12,16,[12  1],13,-1,37,-1,21
1,<environment.Job instance at 0x7f9cd23df730>,18,15,[10  3],19,-1,38,-1,23
1,<environment.Job instance at 0x7f9cd27a9aa0>,19,23,[ 3 10],20,-1,55,-1,32
1,<environment.Job instance at 0x7f9cd23df5a0>,22,17,[8 1],23,-1,49,-1,32
1,<environment.Job instance at 0x7f9cd23df640>,28,26,[13  1],29,-1,60,-1,34
1,<environment.Job instance at 0x7f9cd23df3c0>,30,16,[9 4],31,-1,56,-1,40
1,<environment.Job instance at 0x7f9cd23dfeb0>,31,19,[ 5 13],32,-1,59,-1,40
1,<environment.Job instance at 0x7f9cd23df870>,32,14,[ 2 10],33,-1,54,-1,40
1,<environment.Job instance at 0x7f9cd23dfcd0>,20,14,[7 5],21,-1,54,-1,40
1,<environment.Job instance at 0x7f9cd23dfe10>,33,25,[3 9],34,-1,66,-1,41
1,<environment.Job instance at 0x7f9cd27a90f0>,10,19,[2 8],11,-1,60,-1,41
1,<environment.Job instance at 0x7f9cd1e90d70>,36,16,[5 5],37,-1,57,-1,41
1,<environment.Job instance at 0x7f9cd23df230>,35,18,[5 5],36,-1,59,-1,41
1,<environment.Job instance at 0x7f9cd23dfb40>,25,12,[7 4],26,-1,54,-1,42
1,<environment.Job instance at 0x7f9cd23dfdc0>,29,14,[4 7],30,-1,56,-1,42
1,<environment.Job instance at 0x7f9cd1e90730>,38,13,[3 9],39,-1,55,-1,42
1,<environment.Job instance at 0x7f9cd1e90af0>,41,18,[9 5],42,-1,61,-1,43
1,<environment.Job instance at 0x7f9cd1e900f0>,42,19,[4 5],43,-1,62,-1,43
1,<environment.Job instance at 0x7f9cd1e907d0>,40,18,[1 5],41,-1,63,-1,45
1,<environment.Job instance at 0x7f9cd1e90b90>,44,13,[11  4],45,-1,59,-1,46
1,<environment.Job instance at 0x7f9cd23dfa00>,34,16,[ 3 10],35,-1,67,-1,51
1,<environment.Job instance at 0x7f9cd1e90960>,46,16,[ 2 13],47,-1,68,-1,52
1,<environment.Job instance at 0x7f9cd1e90140>,48,13,[5 5],49,-1,70,-1,57
1,<environment.Job instance at 0x7f9cd1e90a00>,51,1,[5 4],52,-1,60,-1,59
1,<environment.Job instance at 0x7f9cd1e90c30>,50,16,[8 3],51,-1,78,-1,62
1,<environment.Job instance at 0x7f9cd28cca00>,57,18,[5 5],58,-1,80,-1,62
1,<environment.Job instance at 0x7f9cd28cc230>,64,18,[4 7],65,-1,84,-1,66
1,<environment.Job instance at 0x7f9cd28cc9b0>,66,14,[9 1],67,-1,91,-1,77
1,<environment.Job instance at 0x7f9cd1e903c0>,54,21,[ 5 13],55,-1,104,-1,83
1,<environment.Job instance at 0x7f9cd28cc960>,69,28,[3 8],70,-1,112,-1,84
1,<environment.Job instance at 0x7f9cd28cc500>,68,18,[8 3],69,-1,102,-1,84
1,<environment.Job instance at 0x7f9cd1b43c30>,72,17,[7 4],73,-1,101,-1,84
1,<environment.Job instance at 0x7f9cd1b43280>,76,16,[3 9],77,-1,112,-1,96
1,<environment.Job instance at 0x7f9cd23e05a0>,6,14,[ 4 12],7,-1,21,-1,7
1,<environment.Job instance at 0x7f9cdb790690>,8,27,[ 2 11],9,-1,36,-1,9
1,<environment.Job instance at 0x7f9cd23e08c0>,11,17,[ 5 11],12,-1,35,-1,18
1,<environment.Job instance at 0x7f9cd1cce960>,12,16,[12  1],13,-1,34,-1,18
1,<environment.Job instance at 0x7f9cd1cce2d0>,13,26,[9 2],14,-1,44,-1,18
1,<environment.Job instance at 0x7f9cd1cce7d0>,15,20,[ 1 13],16,-1,38,-1,18
1,<environment.Job instance at 0x7f9cd1ccee10>,21,25,[1 6],22,-1,67,-1,42
1,<environment.Job instance at 0x7f9cd1cce1e0>,19,23,[ 3 10],20,-1,65,-1,42
1,<environment.Job instance at 0x7f9cd1e95a00>,23,24,[1 9],24,-1,66,-1,42
1,<environment.Job instance at 0x7f9cd1e95820>,28,26,[13  1],29,-1,83,-1,57
1,<environment.Job instance at 0x7f9cd1e955a0>,31,19,[ 5 13],32,-1,77,-1,58
1,<environment.Job instance at 0x7f9cd1e951e0>,33,25,[3 9],34,-1,97,-1,72
1,<environment.Job instance at 0x7f9cd146eaf0>,2,21,[10  5],3,-1,24,-1,3
1,<environment.Job instance at 0x7f9cd146ef00>,3,16,[ 2 10],4,-1,20,-1,4
1,<environment.Job instance at 0x7f9cd146ed20>,4,26,[5 5],5,-1,31,-1,5
1,<environment.Job instance at 0x7f9cd146e280>,5,14,[5 9],6,-1,20,-1,6
1,<environment.Job instance at 0x7f9cd146edc0>,6,23,[7 1],7,-1,30,-1,7
1,<environment.Job instance at 0x7f9cd138a140>,8,18,[ 5 10],9,-1,28,-1,10
1,<environment.Job instance at 0x7f9cdb14eaa0>,9,25,[6 3],10,-1,35,-1,10
1,<environment.Job instance at 0x7f9cd138a1e0>,13,28,[5 4],14,-1,42,-1,14
1,<environment.Job instance at 0x7f9cd22f23c0>,7,14,[12  4],8,-1,28,-1,14
1,<environment.Job instance at 0x7f9cd22f21e0>,4,26,[5 5],5,-1,40,-1,14
1,<environment.Job instance at 0x7f9cd22f2be0>,9,25,[6 3],10,-1,39,-1,14
1,<environment.Job instance at 0x7f9cd22f2fa0>,10,23,[7 4],11,-1,37,-1,14
1,<environment.Job instance at 0x7f9cd22f2230>,6,23,[7 1],7,-1,37,-1,14
1,<environment.Job instance at 0x7f9cd22f2a50>,12,12,[13  4],13,-1,26,-1,14
1,<environment.Job instance at 0x7f9cd22f2870>,13,28,[5 4],14,-1,42,-1,14
1,<environment.Job instance at 0x7f9cd2898d20>,15,27,[6 3],16,-1,54,-1,27
1,<environment.Job instance at 0x7f9cdb6610f0>,16,2,[14  3],17,-1,29,-1,27
1,<environment.Job instance at 0x7f9cd24cb5a0>,17,25,[14  5],18,-1,52,-1,27
1,<environment.Job instance at 0x7f9cd2181640>,18,2,[ 2 12],19,-1,29,-1,27
1,<environment.Job instance at 0x7f9cd2181690>,19,28,[7 1],20,-1,55,-1,27
1,<environment.Job instance at 0x7f9cd2181dc0>,20,18,[ 3 14],21,-1,45,-1,27
1,<environment.Job instance at 0x7f9cd18188c0>,22,1,[ 1 14],23,-1,28,-1,27
1,<environment.Job instance at 0x7f9cd2181cd0>,23,26,[3 8],24,-1,54,-1,28
1,<environment.Job instance at 0x7f9cd215e500>,26,1,[12  4],27,-1,31,-1,30
1,<environment.Job instance at 0x7f9cd215eeb0>,27,24,[1 6],28,-1,54,-1,30
1,<environment.Job instance at 0x7f9cd2181f00>,24,26,[10  5],25,-1,69,-1,43
1,<environment.Job instance at 0x7f9cd215edc0>,29,24,[5 8],30,-1,72,-1,48
1,<environment.Job instance at 0x7f9cd1ebf0a0>,35,21,[ 5 14],36,-1,78,-1,57
1,<environment.Job instance at 0x7f9cd1ec0550>,36,21,[ 4 11],37,-1,78,-1,57
1,<environment.Job instance at 0x7f9cd1ec03c0>,38,23,[8 4],39,-1,89,-1,66
1,<environment.Job instance at 0x7f9cd1efd960>,44,24,[6 2],45,-1,94,-1,70
1,<environment.Job instance at 0x7f9cd1efda00>,46,25,[8 3],47,-1,109,-1,84
1,<environment.Job instance at 0x7f9cd1efd820>,47,15,[11  1],48,-1,99,-1,84
1,<environment.Job instance at 0x7f9cd1ef6230>,54,20,[ 5 13],55,-1,119,-1,99
1,<environment.Job instance at 0x7f9cd27425f0>,5,28,[ 4 10],6,-1,37,-1,9
1,<environment.Job instance at 0x7f9cd2742c80>,8,24,[2 6],9,-1,33,-1,9
1,<environment.Job instance at 0x7f9cd2742be0>,9,15,[5 8],10,-1,25,-1,10
1,<environment.Job instance at 0x7f9cd1a37b40>,10,18,[5 8],11,-1,29,-1,11
1,<environment.Job instance at 0x7f9cd27426e0>,6,18,[10  2],7,-1,29,-1,11
1,<environment.Job instance at 0x7f9cd2ac51e0>,0,1,[ 1 11],1,-1,2,-1,1
1,<environment.Job instance at 0x7f9cd26b7be0>,1,18,[ 2 12],2,-1,20,-1,2
1,<environment.Job instance at 0x7f9cd26b7870>,2,22,[ 2 11],3,-1,25,-1,3
1,<environment.Job instance at 0x7f9cd2ac5820>,3,23,[8 4],4,-1,27,-1,4
1,<environment.Job instance at 0x7f9cd26b7230>,5,28,[ 4 10],6,-1,34,-1,6
1,<environment.Job instance at 0x7f9cd216bf00>,8,24,[2 6],9,-1,35,-1,11
1,<environment.Job instance at 0x7f9cd272e410>,14,1,[11  5],15,-1,16,-1,15
1,<environment.Job instance at 0x7f9cd14e1370>,15,14,[ 5 14],16,-1,30,-1,16
1,<environment.Job instance at 0x7f9cd14e15f0>,17,25,[9 2],18,-1,50,-1,25
1,<environment.Job instance at 0x7f9cd1a88230>,12,27,[ 2 10],13,-1,53,-1,26
1,<environment.Job instance at 0x7f9cd2160730>,19,2,[ 5 13],20,-1,28,-1,26
1,<environment.Job instance at 0x7f9cd171af50>,22,13,[ 5 13],23,-1,40,-1,27
1,<environment.Job instance at 0x7f9cd2bc5550>,25,24,[5 1],26,-1,65,-1,41
1,<environment.Job instance at 0x7f9cd2bc52d0>,26,13,[ 5 12],27,-1,54,-1,41
1,<environment.Job instance at 0x7f9cd2bc58c0>,28,23,[1 8],29,-1,64,-1,41
1,<environment.Job instance at 0x7f9cd1daf410>,32,21,[ 3 14],33,-1,77,-1,56
1,<environment.Job instance at 0x7f9cd14e69b0>,29,28,[ 2 10],30,-1,86,-1,58
1,<environment.Job instance at 0x7f9cd2bf6dc0>,36,21,[13  5],37,-1,79,-1,58
1,<environment.Job instance at 0x7f9cd1ee20a0>,40,14,[11  4],41,-1,88,-1,74
1,<environment.Job instance at 0x7f9cd1ee2140>,42,28,[ 1 13],43,-1,102,-1,74
1,<environment.Job instance at 0x7f9cd1efbf50>,43,19,[ 5 14],44,-1,93,-1,74
1,<environment.Job instance at 0x7f9cd1ef6960>,46,2,[ 4 14],47,-1,81,-1,79
1,<environment.Job instance at 0x7f9cd1ef6370>,47,18,[14  4],48,-1,97,-1,79
1,<environment.Job instance at 0x7f9cd1ef6320>,48,18,[ 3 11],49,-1,97,-1,79
1,<environment.Job instance at 0x7f9cd1edc2d0>,50,26,[ 2 11],51,-1,114,-1,88
1,<environment.Job instance at 0x7f9cd24af190>,51,13,[13  4],52,-1,101,-1,88
1,<environment.Job instance at 0x7f9cd1efd820>,54,13,[12  4],55,-1,104,-1,91
1,<environment.Job instance at 0x7f9cd1efd0a0>,55,17,[ 5 13],56,-1,108,-1,91
1,<environment.Job instance at 0x7f9cd1efd960>,56,16,[ 5 14],57,-1,107,-1,91
1,<environment.Job instance at 0x7f9cd1efdd20>,57,25,[5 8],58,-1,130,-1,105
1,<environment.Job instance at 0x7f9cd1ef3460>,59,17,[ 2 14],60,-1,122,-1,105
1,<environment.Job instance at 0x7f9cd1ef3fa0>,60,18,[11  3],61,-1,123,-1,105
1,<environment.Job instance at 0x7f9cdb795c30>,1,20,[3 6],2,-1,22,-1,2
1,<environment.Job instance at 0x7f9cd20653c0>,7,15,[10  2],8,-1,24,-1,9
1,<environment.Job instance at 0x7f9cd2065910>,9,26,[5 5],10,-1,36,-1,10
1,<environment.Job instance at 0x7f9cd20655a0>,12,22,[5 8],13,-1,35,-1,13
1,<environment.Job instance at 0x7f9cd1a300f0>,8,25,[1 6],9,-1,38,-1,13
1,<environment.Job instance at 0x7f9cd2065140>,16,17,[7 1],17,-1,34,-1,17
1,<environment.Job instance at 0x7f9cd2065c80>,18,23,[3 6],19,-1,42,-1,19
1,<environment.Job instance at 0x7f9cd2065af0>,19,14,[1 7],20,-1,35,-1,21
1,<environment.Job instance at 0x7f9cd1a55e10>,21,23,[2 6],22,-1,45,-1,22
1,<environment.Job instance at 0x7f9cd1a55cd0>,24,22,[6 5],25,-1,47,-1,25
1,<environment.Job instance at 0x7f9cd1a55190>,25,24,[9 2],26,-1,51,-1,27
1,<environment.Job instance at 0x7f9cd2c07730>,39,25,[10  5],40,-1,71,-1,46
1,<environment.Job instance at 0x7f9cd2c07910>,40,16,[7 3],41,-1,62,-1,46
1,<environment.Job instance at 0x7f9cd1a55b90>,34,15,[ 5 12],35,-1,61,-1,46
1,<environment.Job instance at 0x7f9cd2c07c80>,43,28,[4 6],44,-1,74,-1,46
1,<environment.Job instance at 0x7f9cd2c10870>,44,26,[2 6],45,-1,72,-1,46
1,<environment.Job instance at 0x7f9cd2c108c0>,45,20,[9 3],46,-1,66,-1,46
1,<environment.Job instance at 0x7f9cd1a55a50>,22,15,[ 3 13],23,-1,61,-1,46
1,<environment.Job instance at 0x7f9cd2c073c0>,42,16,[1 8],43,-1,62,-1,46
1,<environment.Job instance at 0x7f9cd1710370>,38,16,[2 7],39,-1,64,-1,48
1,<environment.Job instance at 0x7f9cd2c10a00>,47,13,[13  5],48,-1,63,-1,50
1,<environment.Job instance at 0x7f9cd2440af0>,0,3,[14  4],1,-1,4,-1,1
1,<environment.Job instance at 0x7f9cd2742eb0>,6,2,[13  2],7,-1,9,-1,7
1,<environment.Job instance at 0x7f9cdb106a00>,8,25,[1 6],9,-1,43,-1,18
1,<environment.Job instance at 0x7f9cd260b5f0>,9,26,[5 5],10,-1,44,-1,18
1,<environment.Job instance at 0x7f9cd260b730>,10,15,[12  2],11,-1,33,-1,18
1,<environment.Job instance at 0x7f9cd1a37190>,14,14,[14  4],15,-1,35,-1,21
1,<environment.Job instance at 0x7f9cd2181690>,18,23,[3 6],19,-1,52,-1,29
1,<environment.Job instance at 0x7f9cd1ee0190>,21,23,[2 6],22,-1,57,-1,34
1,<environment.Job instance at 0x7f9cd1ee05a0>,22,15,[ 3 13],23,-1,49,-1,34
1,<environment.Job instance at 0x7f9cd1ebf0a0>,25,24,[9 2],26,-1,69,-1,45
1,<environment.Job instance at 0x7f9cd14d61e0>,26,13,[11  4],27,-1,58,-1,45
1,<environment.Job instance at 0x7f9cd14d6820>,27,17,[ 3 12],28,-1,62,-1,45
1,<environment.Job instance at 0x7f9cd1ec0870>,30,2,[12  2],31,-1,47,-1,45
1,<environment.Job instance at 0x7f9cd1ef3fa0>,31,17,[13  5],32,-1,62,-1,45
1,<environment.Job instance at 0x7f9cd1efd050>,34,15,[ 5 12],35,-1,62,-1,47
1,<environment.Job instance at 0x7f9cd1edc960>,39,25,[10  5],40,-1,87,-1,62
1,<environment.Job instance at 0x7f9cd1ef6320>,43,28,[4 6],44,-1,107,-1,79
1,<environment.Job instance at 0x7f9cd1ef6230>,44,26,[2 6],45,-1,105,-1,79
1,<environment.Job instance at 0x7f9cd1efb640>,46,15,[14  4],47,-1,94,-1,79
1,<environment.Job instance at 0x7f9cd1ee2c30>,47,13,[13  5],48,-1,92,-1,79
1,<environment.Job instance at 0x7f9cd1daf410>,52,1,[ 1 13],53,-1,94,-1,93
1,<environment.Job instance at 0x7f9cd14844b0>,53,26,[8 2],54,-1,121,-1,95
1,<environment.Job instance at 0x7f9cd2186b40>,54,26,[5 7],55,-1,121,-1,95
1,<environment.Job instance at 0x7f9cd14e69b0>,56,26,[11  1],57,-1,121,-1,95
1,<environment.Job instance at 0x7f9cd14192d0>,1,22,[ 5 10],2,-1,25,-1,3
1,<environment.Job instance at 0x7f9cd213b320>,9,20,[8 1],10,-1,47,-1,27
1,<environment.Job instance at 0x7f9cd213bc30>,10,19,[ 5 13],11,-1,47,-1,28
1,<environment.Job instance at 0x7f9cd213b140>,15,26,[ 3 12],16,-1,54,-1,28
1,<environment.Job instance at 0x7f9cd213be60>,16,26,[9 2],17,-1,55,-1,29
1,<environment.Job instance at 0x7f9cd213b050>,13,14,[5 1],14,-1,43,-1,29
1,<environment.Job instance at 0x7f9cd213ba50>,18,16,[13  4],19,-1,45,-1,29
1,<environment.Job instance at 0x7f9cd213bc80>,19,28,[2 7],20,-1,57,-1,29
1,<environment.Job instance at 0x7f9cd213be10>,20,18,[8 1],21,-1,48,-1,30
1,<environment.Job instance at 0x7f9cd213b1e0>,14,17,[9 2],15,-1,47,-1,30
1,<environment.Job instance at 0x7f9cd213b500>,22,17,[ 3 13],23,-1,47,-1,30
1,<environment.Job instance at 0x7f9cd1838410>,23,28,[3 7],24,-1,58,-1,30
1,<environment.Job instance at 0x7f9cd1838140>,24,20,[11  2],25,-1,50,-1,30
1,<environment.Job instance at 0x7f9cd1838be0>,25,19,[2 6],26,-1,49,-1,30
1,<environment.Job instance at 0x7f9cd18388c0>,26,18,[3 5],27,-1,48,-1,30
1,<environment.Job instance at 0x7f9cd18386e0>,27,14,[ 4 10],28,-1,44,-1,30
1,<environment.Job instance at 0x7f9cd213bd70>,21,15,[6 1],22,-1,45,-1,30
1,<environment.Job instance at 0x7f9cd1838aa0>,30,16,[9 2],31,-1,47,-1,31
1,<environment.Job instance at 0x7f9cd1838f50>,31,21,[9 4],32,-1,53,-1,32
1,<environment.Job instance at 0x7f9cd1838dc0>,32,21,[5 1],33,-1,55,-1,34
1,<environment.Job instance at 0x7f9cd18382d0>,34,20,[11  4],35,-1,55,-1,35
1,<environment.Job instance at 0x7f9cd213b910>,11,24,[2 5],12,-1,61,-1,37
1,<environment.Job instance at 0x7f9cd1838910>,35,27,[6 1],36,-1,64,-1,37
1,<environment.Job instance at 0x7f9cd1838780>,37,22,[1 7],38,-1,70,-1,48
1,<environment.Job instance at 0x7f9cd18f5a50>,42,16,[6 5],43,-1,64,-1,48
1,<environment.Job instance at 0x7f9cd18f5b90>,44,17,[10  4],45,-1,65,-1,48
1,<environment.Job instance at 0x7f9cd18f5dc0>,45,21,[ 1 10],46,-1,69,-1,48
1,<environment.Job instance at 0x7f9cd18f5d70>,46,18,[7 4],47,-1,66,-1,48
1,<environment.Job instance at 0x7f9cd18f5f50>,47,19,[3 8],48,-1,67,-1,48
1,<environment.Job instance at 0x7f9cd18f52d0>,48,16,[8 3],49,-1,65,-1,49
1,<environment.Job instance at 0x7f9cd1421b90>,0,25,[13  3],1,-1,26,-1,1
1,<environment.Job instance at 0x7f9cd1421b40>,2,13,[ 3 12],3,-1,16,-1,3
1,<environment.Job instance at 0x7f9cd140ad70>,5,13,[12  1],6,-1,19,-1,6
1,<environment.Job instance at 0x7f9cd140a370>,6,16,[ 5 11],7,-1,23,-1,7
1,<environment.Job instance at 0x7f9cd140aaa0>,7,16,[11  4],8,-1,24,-1,8
1,<environment.Job instance at 0x7f9cd1415370>,10,19,[ 5 13],11,-1,30,-1,11
1,<environment.Job instance at 0x7f9cd140acd0>,8,24,[3 5],9,-1,42,-1,18
1,<environment.Job instance at 0x7f9cd1415be0>,11,24,[2 5],12,-1,42,-1,18
1,<environment.Job instance at 0x7f9cd141ce10>,15,26,[ 3 12],16,-1,44,-1,18
1,<environment.Job instance at 0x7f9cd141cd20>,16,26,[9 2],17,-1,44,-1,18
1,<environment.Job instance at 0x7f9cd141c870>,18,16,[13  4],19,-1,35,-1,19
1,<environment.Job instance at 0x7f9cd141ca50>,19,28,[2 7],20,-1,52,-1,24
1,<environment.Job instance at 0x7f9cd1423f00>,22,17,[ 3 13],23,-1,41,-1,24
1,<environment.Job instance at 0x7f9cd1423730>,23,28,[3 7],24,-1,53,-1,25
1,<environment.Job instance at 0x7f9cd1413690>,24,20,[11  2],25,-1,45,-1,25
1,<environment.Job instance at 0x7f9cd140bb40>,29,14,[ 5 13],30,-1,53,-1,39
1,<environment.Job instance at 0x7f9cd15fbdc0>,34,20,[11  4],35,-1,76,-1,56
1,<environment.Job instance at 0x7f9cd15d48c0>,35,27,[6 1],36,-1,83,-1,56
1,<environment.Job instance at 0x7f9cd15d4910>,38,23,[2 6],39,-1,79,-1,56
1,<environment.Job instance at 0x7f9cd26cda00>,41,27,[10  1],42,-1,85,-1,58
1,<environment.Job instance at 0x7f9cd1b18c30>,2,17,[9 4],3,-1,21,-1,4
1,<environment.Job instance at 0x7f9cd1b18cd0>,3,13,[12  1],4,-1,17,-1,4
1,<environment.Job instance at 0x7f9cd1b18f50>,14,16,[4 6],15,-1,32,-1,16
1,<environment.Job instance at 0x7f9cd1b12780>,20,15,[10  4],21,-1,37,-1,22
1,<environment.Job instance at 0x7f9cd1b0af50>,1,28,[14  5],2,-1,30,-1,2
1,<environment.Job instance at 0x7f9cd27a9b40>,3,13,[12  1],4,-1,17,-1,4
1,<environment.Job instance at 0x7f9cd2077d20>,4,28,[ 5 11],5,-1,33,-1,5
1,<environment.Job instance at 0x7f9cd29ff960>,12,13,[ 4 14],13,-1,26,-1,13
1,<environment.Job instance at 0x7f9cd1b120f0>,17,1,[ 4 12],18,-1,26,-1,25
1,<environment.Job instance at 0x7f9cd1b126e0>,19,16,[13  1],20,-1,41,-1,25
1,<environment.Job instance at 0x7f9cd1b230a0>,22,3,[13  2],23,-1,41,-1,38
1,<environment.Job instance at 0x7f9cd1b23280>,23,28,[ 1 14],24,-1,66,-1,38
1,<environment.Job instance at 0x7f9cd1b23050>,24,18,[ 2 14],25,-1,56,-1,38
1,<environment.Job instance at 0x7f9cd1762e10>,25,25,[ 4 10],26,-1,66,-1,41
1,<environment.Job instance at 0x7f9cd1762b40>,26,24,[11  5],27,-1,65,-1,41
1,<environment.Job instance at 0x7f9cd1762fa0>,29,27,[2 9],30,-1,68,-1,41
1,<environment.Job instance at 0x7f9cd19a78c0>,33,13,[ 2 14],34,-1,69,-1,56
1,<environment.Job instance at 0x7f9cd19a76e0>,34,23,[10  1],35,-1,92,-1,69
1,<environment.Job instance at 0x7f9cd19a7820>,36,14,[14  4],37,-1,83,-1,69
1,<environment.Job instance at 0x7f9cd19a7d70>,37,13,[ 5 14],38,-1,82,-1,69
1,<environment.Job instance at 0x7f9cd19a7140>,38,27,[3 9],39,-1,96,-1,69
1,<environment.Job instance at 0x7f9cd19a7550>,39,28,[3 8],40,-1,97,-1,69
1,<environment.Job instance at 0x7f9cd19a7aa0>,41,17,[ 1 11],42,-1,86,-1,69
1,<environment.Job instance at 0x7f9cd19a7e10>,43,1,[ 4 13],44,-1,73,-1,72
1,<environment.Job instance at 0x7f9cd19a77d0>,44,3,[ 5 13],45,-1,75,-1,72
1,<environment.Job instance at 0x7f9cd19a75f0>,46,1,[ 1 14],47,-1,85,-1,84
1,<environment.Job instance at 0x7f9cd19a7730>,47,16,[11  4],48,-1,100,-1,84
1,<environment.Job instance at 0x7f9cd19a7af0>,40,23,[ 5 10],41,-1,108,-1,85
1,<environment.Job instance at 0x7f9cd2371870>,51,16,[13  2],52,-1,113,-1,97
1,<environment.Job instance at 0x7f9cd2371280>,52,14,[ 2 13],53,-1,111,-1,97
1,<environment.Job instance at 0x7f9cd2371f50>,53,18,[13  1],54,-1,115,-1,97
1,<environment.Job instance at 0x7f9cd2371e60>,54,21,[ 2 12],55,-1,118,-1,97
1,<environment.Job instance at 0x7f9cd2371be0>,56,26,[13  3],57,-1,125,-1,99
1,<environment.Job instance at 0x7f9cd2371320>,57,24,[12  5],58,-1,123,-1,99
1,<environment.Job instance at 0x7f9cd17855a0>,3,17,[5 8],4,-1,22,-1,5
1,<environment.Job instance at 0x7f9cdb6459b0>,4,14,[14  5],5,-1,19,-1,5
1,<environment.Job instance at 0x7f9cd240cbe0>,6,16,[8 2],7,-1,24,-1,8
1,<environment.Job instance at 0x7f9cd240cc30>,11,13,[10  4],12,-1,25,-1,12
1,<environment.Job instance at 0x7f9cd240cb40>,12,20,[ 4 10],13,-1,33,-1,13
1,<environment.Job instance at 0x7f9cd240c230>,15,14,[ 4 10],16,-1,30,-1,16
1,<environment.Job instance at 0x7f9cd240c5a0>,17,14,[11  4],18,-1,35,-1,21
1,<environment.Job instance at 0x7f9cd240c320>,19,24,[4 8],20,-1,46,-1,22
1,<environment.Job instance at 0x7f9cd1a5c4b0>,21,25,[5 4],22,-1,47,-1,22
1,<environment.Job instance at 0x7f9cd1a5caa0>,27,20,[9 5],28,-1,52,-1,32
1,<environment.Job instance at 0x7f9cd240c730>,7,19,[ 4 11],8,-1,51,-1,32
1,<environment.Job instance at 0x7f9cd1a5cc30>,28,16,[4 9],29,-1,48,-1,32
1,<environment.Job instance at 0x7f9cd240c870>,18,24,[ 4 11],19,-1,74,-1,50
1,<environment.Job instance at 0x7f9cd1a5cf00>,29,18,[12  1],30,-1,68,-1,50
1,<environment.Job instance at 0x7f9cd1a5cb90>,34,23,[6 2],35,-1,75,-1,52
1,<environment.Job instance at 0x7f9cd1a5c6e0>,31,15,[6 4],32,-1,67,-1,52
1,<environment.Job instance at 0x7f9cd1a5c870>,38,17,[1 6],39,-1,69,-1,52
1,<environment.Job instance at 0x7f9cd240ce60>,20,21,[9 5],21,-1,73,-1,52
1,<environment.Job instance at 0x7f9cd1a5c550>,39,13,[9 4],40,-1,65,-1,52
1,<environment.Job instance at 0x7f9cd2ae0550>,46,17,[ 5 13],47,-1,69,-1,52
1,<environment.Job instance at 0x7f9cd2ae03c0>,47,12,[5 8],48,-1,64,-1,52
1,<environment.Job instance at 0x7f9cd199b370>,48,23,[4 8],49,-1,77,-1,54
1,<environment.Job instance at 0x7f9cd2ae0c30>,49,15,[4 8],50,-1,69,-1,54
1,<environment.Job instance at 0x7f9cd2ae0140>,44,18,[12  5],45,-1,74,-1,56
1,<environment.Job instance at 0x7f9cd1a5cd70>,40,13,[4 8],41,-1,69,-1,56
1,<environment.Job instance at 0x7f9cd2592cd0>,52,21,[5 4],53,-1,80,-1,59
1,<environment.Job instance at 0x7f9cd2592b90>,53,13,[12  5],54,-1,72,-1,59
1,<environment.Job instance at 0x7f9cd2592550>,51,26,[2 8],52,-1,85,-1,59
1,<environment.Job instance at 0x7f9cd2592a50>,50,15,[1 6],51,-1,77,-1,62
1,<environment.Job instance at 0x7f9cd2592140>,54,13,[3 5],55,-1,75,-1,62
1,<environment.Job instance at 0x7f9cd2592500>,57,14,[3 8],58,-1,78,-1,64
1,<environment.Job instance at 0x7f9cd280bc30>,59,26,[6 5],60,-1,90,-1,64
1,<environment.Job instance at 0x7f9cd280b320>,60,14,[10  1],61,-1,78,-1,64
1,<environment.Job instance at 0x7f9cdb5a5280>,61,22,[13  2],62,-1,86,-1,64
1,<environment.Job instance at 0x7f9cd25929b0>,56,17,[1 6],57,-1,83,-1,66
1,<environment.Job instance at 0x7f9cd1302500>,65,24,[4 5],66,-1,90,-1,66
1,<environment.Job instance at 0x7f9cd1302e60>,67,12,[9 1],68,-1,80,-1,68
1,<environment.Job instance at 0x7f9cd1302550>,68,13,[1 5],69,-1,85,-1,72
1,<environment.Job instance at 0x7f9cd2592690>,58,17,[4 6],59,-1,89,-1,72
1,<environment.Job instance at 0x7f9cdb5a5190>,63,16,[4 5],64,-1,88,-1,72
1,<environment.Job instance at 0x7f9cd1302aa0>,70,2,[7 2],71,-1,74,-1,72
1,<environment.Job instance at 0x7f9cd1302640>,72,22,[3 6],73,-1,96,-1,74
1,<environment.Job instance at 0x7f9cd1302230>,69,19,[ 2 12],70,-1,93,-1,74
1,<environment.Job instance at 0x7f9cd1302140>,73,13,[9 3],74,-1,87,-1,74
1,<environment.Job instance at 0x7f9cd1302d20>,74,17,[ 4 12],75,-1,92,-1,75
1,<environment.Job instance at 0x7f9cd1302be0>,66,28,[ 3 11],67,-1,103,-1,75
1,<environment.Job instance at 0x7f9cd1302370>,75,15,[7 3],76,-1,94,-1,79
1,<environment.Job instance at 0x7f9cd13021e0>,79,19,[7 3],80,-1,99,-1,80
1,<environment.Job instance at 0x7f9cd1409e10>,80,27,[ 1 10],81,-1,109,-1,82
1,<environment.Job instance at 0x7f9cd1409820>,82,25,[ 5 11],83,-1,108,-1,83
1,<environment.Job instance at 0x7f9cd1302af0>,76,20,[11  5],77,-1,106,-1,86
1,<environment.Job instance at 0x7f9cd1302b40>,77,16,[12  3],78,-1,102,-1,86
1,<environment.Job instance at 0x7f9cd1409f00>,86,28,[6 3],87,-1,115,-1,87
1,<environment.Job instance at 0x7f9cd1a5c7d0>,26,26,[8 5],27,-1,120,-1,94
1,<environment.Job instance at 0x7f9cd1409910>,89,19,[ 3 12],90,-1,113,-1,94
1,<environment.Job instance at 0x7f9cd14090f0>,88,12,[2 5],89,-1,108,-1,96
1,<environment.Job instance at 0x7f9cd1b8f280>,93,22,[ 2 12],94,-1,118,-1,96
1,<environment.Job instance at 0x7f9cd1b8fa00>,94,17,[12  5],95,-1,113,-1,96
1,<environment.Job instance at 0x7f9cd1409230>,91,17,[8 5],92,-1,113,-1,96
1,<environment.Job instance at 0x7f9cd1b8f640>,95,28,[11  4],96,-1,125,-1,97
1,<environment.Job instance at 0x7f9cd1409eb0>,90,23,[4 5],91,-1,123,-1,100
1,<environment.Job instance at 0x7f9cd1b8f730>,98,22,[2 7],99,-1,122,-1,100
1,<environment.Job instance at 0x7f9cd1b8f870>,100,15,[ 4 10],101,-1,116,-1,101
1,<environment.Job instance at 0x7f9cd1b8f0a0>,103,18,[ 2 10],104,-1,125,-1,107
1,<environment.Job instance at 0x7f9cd23715f0>,0,24,[ 5 12],1,-1,25,-1,1
1,<environment.Job instance at 0x7f9cd2371820>,2,3,[ 3 12],3,-1,6,-1,3
1,<environment.Job instance at 0x7f9cd2371e60>,4,14,[14  5],5,-1,19,-1,5
1,<environment.Job instance at 0x7f9cd2371870>,5,14,[ 3 12],6,-1,20,-1,6
1,<environment.Job instance at 0x7f9cd2371af0>,7,19,[ 4 11],8,-1,27,-1,8
1,<environment.Job instance at 0x7f9cd1b18780>,9,2,[11  4],10,-1,12,-1,10
1,<environment.Job instance at 0x7f9cd2102910>,16,2,[ 1 11],17,-1,24,-1,22
1,<environment.Job instance at 0x7f9cd1b12e10>,17,14,[11  4],18,-1,36,-1,22
1,<environment.Job instance at 0x7f9cd2077cd0>,18,24,[ 4 11],19,-1,46,-1,22
1,<environment.Job instance at 0x7f9cd2077be0>,19,24,[4 8],20,-1,47,-1,23
1,<environment.Job instance at 0x7f9cd1b219b0>,21,25,[5 4],22,-1,48,-1,23
1,<environment.Job instance at 0x7f9cd1b0a550>,26,26,[8 5],27,-1,63,-1,37
1,<environment.Job instance at 0x7f9cd240ceb0>,29,18,[12  1],30,-1,55,-1,37
1,<environment.Job instance at 0x7f9cd2592870>,34,23,[6 2],35,-1,76,-1,53
1,<environment.Job instance at 0x7f9cd2592410>,35,1,[11  4],36,-1,54,-1,53
1,<environment.Job instance at 0x7f9cd2592370>,36,3,[ 1 12],37,-1,56,-1,53
1,<environment.Job instance at 0x7f9cd2592d20>,37,14,[12  1],38,-1,67,-1,53
1,<environment.Job instance at 0x7f9cd13a7870>,42,2,[ 1 11],43,-1,69,-1,67
1,<environment.Job instance at 0x7f9cd13a7e60>,44,18,[12  5],45,-1,85,-1,67
1,<environment.Job instance at 0x7f9cd13a7fa0>,45,20,[13  1],46,-1,87,-1,67
1,<environment.Job instance at 0x7f9cd13a79b0>,46,17,[ 5 13],47,-1,84,-1,67
1,<environment.Job instance at 0x7f9cd13a78c0>,48,23,[4 8],49,-1,103,-1,80
1,<environment.Job instance at 0x7f9cd1b8f8c0>,51,26,[2 8],52,-1,118,-1,92
1,<environment.Job instance at 0x7f9cd1ae4c30>,53,13,[12  5],54,-1,105,-1,92
1,<environment.Job instance at 0x7f9cd17cd370>,55,14,[ 2 11],56,-1,106,-1,92
1,<environment.Job instance at 0x7f9cd29a6a50>,15,25,[5 5],16,-1,42,-1,17
1,<environment.Job instance at 0x7f9cd283f0f0>,20,22,[4 9],21,-1,43,-1,21
1,<environment.Job instance at 0x7f9cd283f820>,18,20,[ 1 10],19,-1,42,-1,22
1,<environment.Job instance at 0x7f9cd283f780>,21,23,[2 9],22,-1,55,-1,32
1,<environment.Job instance at 0x7f9cd21d9f50>,24,15,[ 3 11],25,-1,47,-1,32
1,<environment.Job instance at 0x7f9cd21d98c0>,26,28,[5 8],27,-1,60,-1,32
1,<environment.Job instance at 0x7f9cd1a83500>,1,25,[ 1 12],2,-1,27,-1,2
1,<environment.Job instance at 0x7f9cd1a834b0>,3,1,[ 2 13],4,-1,5,-1,4
1,<environment.Job instance at 0x7f9cd1a83d70>,5,17,[13  3],6,-1,23,-1,6
1,<environment.Job instance at 0x7f9cd1a83820>,7,18,[ 1 11],8,-1,26,-1,8
1,<environment.Job instance at 0x7f9cd16177d0>,8,13,[ 2 12],9,-1,22,-1,9
1,<environment.Job instance at 0x7f9cd1aade10>,6,26,[5 4],7,-1,39,-1,13
1,<environment.Job instance at 0x7f9cd1aadaa0>,14,26,[8 5],15,-1,51,-1,25
1,<environment.Job instance at 0x7f9cd1a0b410>,16,26,[8 5],17,-1,51,-1,25
1,<environment.Job instance at 0x7f9cd1c6aeb0>,19,3,[ 2 13],20,-1,28,-1,25
1,<environment.Job instance at 0x7f9cd1a0b2d0>,15,25,[5 5],16,-1,50,-1,25
1,<environment.Job instance at 0x7f9cd14a3870>,24,15,[ 3 11],25,-1,43,-1,28
1,<environment.Job instance at 0x7f9cd14a38c0>,25,20,[ 4 12],26,-1,48,-1,28
1,<environment.Job instance at 0x7f9cd14a3730>,26,28,[5 8],27,-1,60,-1,32
1,<environment.Job instance at 0x7f9cd1d56370>,27,17,[ 3 14],28,-1,49,-1,32
1,<environment.Job instance at 0x7f9cd14a3f00>,28,27,[ 3 10],29,-1,59,-1,32
1,<environment.Job instance at 0x7f9cd2a488c0>,21,23,[2 9],22,-1,55,-1,32
1,<environment.Job instance at 0x7f9cd1c46190>,32,2,[14  1],33,-1,35,-1,33
1,<environment.Job instance at 0x7f9cd1aa3dc0>,35,25,[2 8],36,-1,71,-1,46
1,<environment.Job instance at 0x7f9cd1aa3f00>,39,2,[ 5 11],40,-1,49,-1,47
1,<environment.Job instance at 0x7f9cd1a9b4b0>,46,24,[14  3],47,-1,104,-1,80
1,<environment.Job instance at 0x7f9cd1ab8af0>,49,2,[13  4],50,-1,94,-1,92
1,<environment.Job instance at 0x7f9cd1ab86e0>,50,22,[12  2],51,-1,114,-1,92
1,<environment.Job instance at 0x7f9cd1ab8fa0>,52,2,[14  5],53,-1,101,-1,99
1,<environment.Job instance at 0x7f9cd1ab8640>,53,28,[ 3 11],54,-1,127,-1,99
1,<environment.Job instance at 0x7f9cd1341410>,54,12,[ 2 14],55,-1,111,-1,99
1,<environment.Job instance at 0x7f9cd1341320>,55,18,[14  4],56,-1,117,-1,99
1,<environment.Job instance at 0x7f9cd1343140>,56,14,[12  5],57,-1,113,-1,99
1,<environment.Job instance at 0x7f9cd1343190>,57,28,[9 4],58,-1,133,-1,105
1,<environment.Job instance at 0x7f9cd14b9690>,58,28,[13  4],59,-1,133,-1,105
1,<environment.Job instance at 0x7f9cd14b9730>,59,16,[ 3 13],60,-1,121,-1,105
1,<environment.Job instance at 0x7f9cd13665f0>,61,1,[ 2 13],62,-1,106,-1,105
1,<environment.Job instance at 0x7f9cd1dfe9b0>,0,21,[4 8],1,-1,22,-1,1
1,<environment.Job instance at 0x7f9cd1c46af0>,3,16,[3 5],4,-1,20,-1,4
1,<environment.Job instance at 0x7f9cd1c46500>,9,15,[1 8],10,-1,26,-1,11
1,<environment.Job instance at 0x7f9cd14a3dc0>,25,27,[4 9],26,-1,75,-1,48
1,<environment.Job instance at 0x7f9cd1c46550>,21,20,[14  4],22,-1,68,-1,48
1,<environment.Job instance at 0x7f9cd1c46a00>,18,15,[ 3 10],19,-1,64,-1,49
1,<environment.Job instance at 0x7f9cd14a3500>,22,22,[ 1 14],23,-1,75,-1,53
1,<environment.Job instance at 0x7f9cd217d870>,29,12,[14  2],30,-1,65,-1,53
1,<environment.Job instance at 0x7f9cd14b7320>,10,20,[4 9],11,-1,73,-1,53
1,<environment.Job instance at 0x7f9cd217d820>,35,20,[ 3 11],36,-1,78,-1,58
1,<environment.Job instance at 0x7f9cd217d500>,33,12,[ 2 12],34,-1,70,-1,58
1,<environment.Job instance at 0x7f9cd1c46410>,13,24,[ 2 13],14,-1,82,-1,58
1,<environment.Job instance at 0x7f9cd1c46d20>,8,28,[5 3],9,-1,87,-1,59
1,<environment.Job instance at 0x7f9cd217d320>,37,16,[14  4],38,-1,75,-1,59
1,<environment.Job instance at 0x7f9cd217d5f0>,28,16,[14  2],29,-1,75,-1,59
1,<environment.Job instance at 0x7f9cd217dc30>,42,27,[7 4],43,-1,86,-1,59
1,<environment.Job instance at 0x7f9cd217deb0>,41,15,[9 1],42,-1,75,-1,60
1,<environment.Job instance at 0x7f9cd217d2d0>,47,24,[6 3],48,-1,84,-1,60
1,<environment.Job instance at 0x7f9cd2154af0>,48,28,[2 8],49,-1,88,-1,60
1,<environment.Job instance at 0x7f9cd1dcb320>,4,3,[ 2 11],5,-1,8,-1,5
1,<environment.Job instance at 0x7f9cd1dcb730>,6,28,[9 3],7,-1,48,-1,20
1,<environment.Job instance at 0x7f9cd1dc2500>,8,28,[5 3],9,-1,48,-1,20
1,<environment.Job instance at 0x7f9cd1df69b0>,11,1,[ 3 13],12,-1,21,-1,20
1,<environment.Job instance at 0x7f9cd1df6b40>,12,22,[ 2 11],13,-1,42,-1,20
1,<environment.Job instance at 0x7f9cd20d9960>,13,24,[ 2 13],14,-1,44,-1,20
1,<environment.Job instance at 0x7f9cd1df85f0>,5,26,[1 9],6,-1,49,-1,23
1,<environment.Job instance at 0x7f9cd135b910>,21,20,[14  4],22,-1,56,-1,36
1,<environment.Job instance at 0x7f9cd13753c0>,22,22,[ 1 14],23,-1,58,-1,36
1,<environment.Job instance at 0x7f9cd1375460>,23,2,[14  4],24,-1,38,-1,36
1,<environment.Job instance at 0x7f9cd1373b90>,26,16,[ 4 13],27,-1,53,-1,37
1,<environment.Job instance at 0x7f9cd13730f0>,25,27,[4 9],26,-1,77,-1,50
1,<environment.Job instance at 0x7f9cd1347f50>,28,16,[14  2],29,-1,66,-1,50
1,<environment.Job instance at 0x7f9cd1347fa0>,29,12,[14  2],30,-1,62,-1,50
1,<environment.Job instance at 0x7f9cd1347e60>,30,1,[14  4],31,-1,51,-1,50
1,<environment.Job instance at 0x7f9cd1344410>,31,2,[14  4],32,-1,52,-1,50
1,<environment.Job instance at 0x7f9cd13440f0>,32,24,[2 9],33,-1,74,-1,50
1,<environment.Job instance at 0x7f9cd13624b0>,33,12,[ 2 12],34,-1,62,-1,50
1,<environment.Job instance at 0x7f9cd13625a0>,34,14,[13  4],35,-1,64,-1,50
1,<environment.Job instance at 0x7f9cd1362fa0>,35,20,[ 3 11],36,-1,70,-1,50
1,<environment.Job instance at 0x7f9cd1379820>,37,16,[14  4],38,-1,66,-1,50
1,<environment.Job instance at 0x7f9cd13433c0>,40,2,[ 3 14],41,-1,53,-1,51
1,<environment.Job instance at 0x7f9cd14b9730>,42,27,[7 4],43,-1,90,-1,63
1,<environment.Job instance at 0x7f9cd1a9b2d0>,47,24,[6 3],48,-1,101,-1,77
1,<environment.Job instance at 0x7f9cd161ea50>,49,13,[12  3],50,-1,90,-1,77
1,<environment.Job instance at 0x7f9cd1355190>,52,23,[ 3 11],53,-1,109,-1,86
1,<environment.Job instance at 0x7f9cd1c51c80>,53,14,[ 4 13],54,-1,100,-1,86
1,<environment.Job instance at 0x7f9cd1c51960>,54,26,[9 3],55,-1,118,-1,92
1,<environment.Job instance at 0x7f9cd1a9b280>,48,28,[2 8],49,-1,120,-1,92
1,<environment.Job instance at 0x7f9cd2a48550>,57,20,[ 4 14],58,-1,112,-1,92
1,<environment.Job instance at 0x7f9cd215c230>,59,14,[12  5],60,-1,106,-1,92
1,<environment.Job instance at 0x7f9cd2163910>,60,25,[ 5 12],61,-1,117,-1,92
1,<environment.Job instance at 0x7f9cd1d453c0>,62,2,[14  2],63,-1,105,-1,103
1,<environment.Job instance at 0x7f9cd1af4370>,1,24,[5 2],2,-1,26,-1,2
1,<environment.Job instance at 0x7f9cd239c870>,3,22,[ 4 10],4,-1,26,-1,4
1,<environment.Job instance at 0x7f9cd239cd70>,9,16,[2 6],10,-1,27,-1,11
1,<environment.Job instance at 0x7f9cd1dc9fa0>,10,26,[10  4],11,-1,37,-1,11
1,<environment.Job instance at 0x7f9cd239cf50>,11,17,[5 5],12,-1,30,-1,13
1,<environment.Job instance at 0x7f9cd2792140>,14,15,[1 8],15,-1,30,-1,15
1,<environment.Job instance at 0x7f9cd2792190>,16,15,[9 1],17,-1,32,-1,17
1,<environment.Job instance at 0x7f9cd2792460>,17,12,[10  4],18,-1,30,-1,18
1,<environment.Job instance at 0x7f9cd2792370>,18,15,[10  4],19,-1,34,-1,19
1,<environment.Job instance at 0x7f9cd2792780>,21,13,[ 5 11],22,-1,35,-1,22
1,<environment.Job instance at 0x7f9cd2792820>,22,21,[2 8],23,-1,44,-1,23
1,<environment.Job instance at 0x7f9cd2792690>,23,14,[9 2],24,-1,38,-1,24
1,<environment.Job instance at 0x7f9cd27928c0>,24,28,[7 2],25,-1,53,-1,25
1,<environment.Job instance at 0x7f9cd2792be0>,27,13,[3 7],28,-1,41,-1,28
1,<environment.Job instance at 0x7f9cd2792af0>,28,1,[7 2],29,-1,30,-1,29
1,<environment.Job instance at 0x7f9cd2169a50>,1,24,[5 2],2,-1,26,-1,2
1,<environment.Job instance at 0x7f9cd2169550>,2,3,[11  2],3,-1,6,-1,3
1,<environment.Job instance at 0x7f9cd21698c0>,4,15,[ 2 13],5,-1,20,-1,5
1,<environment.Job instance at 0x7f9cd2169640>,6,13,[ 3 12],7,-1,20,-1,7
1,<environment.Job instance at 0x7f9cd1c9c8c0>,7,14,[ 2 11],8,-1,22,-1,8
1,<environment.Job instance at 0x7f9cd1ae7af0>,8,1,[ 5 14],9,-1,10,-1,9
1,<environment.Job instance at 0x7f9cd2169a00>,10,26,[10  4],11,-1,42,-1,16
1,<environment.Job instance at 0x7f9cd1ae7a00>,12,24,[4 7],13,-1,50,-1,26
1,<environment.Job instance at 0x7f9cd1ae7640>,21,13,[ 5 11],22,-1,54,-1,41
1,<environment.Job instance at 0x7f9cd1c46870>,24,28,[7 2],25,-1,82,-1,54
1,<environment.Job instance at 0x7f9cd1c6a5f0>,26,27,[ 3 12],27,-1,81,-1,54
1,<environment.Job instance at 0x7f9cd2a561e0>,29,26,[11  1],30,-1,83,-1,57
1,<environment.Job instance at 0x7f9cd1effbe0>,30,28,[9 2],31,-1,96,-1,68
1,<environment.Job instance at 0x7f9cd1effc80>,31,21,[12  5],32,-1,89,-1,68
1,<environment.Job instance at 0x7f9cd2154460>,33,3,[ 2 14],34,-1,71,-1,68
1,<environment.Job instance at 0x7f9cd199c3c0>,39,1,[ 3 11],40,-1,83,-1,82
1,<environment.Job instance at 0x7f9cd1d453c0>,40,25,[ 1 14],41,-1,107,-1,82
1,<environment.Job instance at 0x7f9cd25abaa0>,42,26,[14  4],43,-1,110,-1,84
1,<environment.Job instance at 0x7f9cd2a48550>,44,23,[ 1 11],45,-1,118,-1,95
1,<environment.Job instance at 0x7f9cd205e820>,3,15,[9 2],4,-1,20,-1,5
1,<environment.Job instance at 0x7f9cd205ec30>,5,18,[1 6],6,-1,24,-1,6
1,<environment.Job instance at 0x7f9cd205ea00>,6,17,[ 4 10],7,-1,24,-1,7
1,<environment.Job instance at 0x7f9cd1b133c0>,9,21,[5 3],10,-1,31,-1,10
1,<environment.Job instance at 0x7f9cd1b13dc0>,15,18,[10  4],16,-1,38,-1,20
1,<environment.Job instance at 0x7f9cd1b131e0>,22,15,[2 8],23,-1,52,-1,37
1,<environment.Job instance at 0x7f9cd1b13190>,25,19,[5 4],26,-1,57,-1,38
1,<environment.Job instance at 0x7f9cd1b13c30>,26,22,[10  5],27,-1,60,-1,38
1,<environment.Job instance at 0x7f9cd1b139b0>,24,28,[5 4],25,-1,67,-1,39
1,<environment.Job instance at 0x7f9cd1b13fa0>,20,25,[7 1],21,-1,64,-1,39
1,<environment.Job instance at 0x7f9cd19ccc80>,29,25,[6 2],30,-1,64,-1,39
1,<environment.Job instance at 0x7f9cd239ce10>,0,16,[13  4],1,-1,17,-1,1
1,<environment.Job instance at 0x7f9cd239c6e0>,1,19,[11  2],2,-1,21,-1,2
1,<environment.Job instance at 0x7f9cd239c7d0>,2,2,[ 4 14],3,-1,5,-1,3
1,<environment.Job instance at 0x7f9cd1dc7140>,4,15,[13  5],5,-1,20,-1,5
1,<environment.Job instance at 0x7f9cd1df85f0>,10,27,[ 5 14],11,-1,38,-1,11
1,<environment.Job instance at 0x7f9cd1dc9370>,11,22,[12  4],12,-1,34,-1,12
1,<environment.Job instance at 0x7f9cd1dc2640>,12,2,[13  2],13,-1,15,-1,13
1,<environment.Job instance at 0x7f9cd20d9190>,19,12,[ 4 14],20,-1,45,-1,33
1,<environment.Job instance at 0x7f9cd20d95f0>,20,25,[7 1],21,-1,58,-1,33
1,<environment.Job instance at 0x7f9cd135b4b0>,23,3,[ 1 12],24,-1,39,-1,36
1,<environment.Job instance at 0x7f9cd135b910>,24,28,[5 4],25,-1,75,-1,47
1,<environment.Job instance at 0x7f9cd1375460>,27,3,[ 5 13],28,-1,50,-1,47
1,<environment.Job instance at 0x7f9cd1373050>,29,25,[6 2],30,-1,76,-1,51
1,<environment.Job instance at 0x7f9cd1373a50>,30,24,[5 2],31,-1,75,-1,51
1,<environment.Job instance at 0x7f9cd1347f00>,32,1,[ 4 12],33,-1,52,-1,51
1,<environment.Job instance at 0x7f9cd1379820>,38,21,[14  2],39,-1,87,-1,66
1,<environment.Job instance at 0x7f9cd1379730>,39,23,[6 3],40,-1,90,-1,67
1,<environment.Job instance at 0x7f9cd1341410>,43,25,[5 8],44,-1,109,-1,84
1,<environment.Job instance at 0x7f9cd1341320>,44,26,[5 8],45,-1,110,-1,84
1,<environment.Job instance at 0x7f9cd1a9b550>,45,14,[11  4],46,-1,98,-1,84
1,<environment.Job instance at 0x7f9cd1a9b280>,46,16,[14  4],47,-1,100,-1,84
1,<environment.Job instance at 0x7f9cd1355dc0>,48,12,[13  4],49,-1,96,-1,84
1,<environment.Job instance at 0x7f9cd1aa0af0>,50,23,[5 5],51,-1,110,-1,87
1,<environment.Job instance at 0x7f9cd152dcd0>,1,3,[ 4 10],2,-1,5,-1,2
1,<environment.Job instance at 0x7f9cd2b1d4b0>,6,20,[8 3],7,-1,27,-1,7
1,<environment.Job instance at 0x7f9cd2b1d5f0>,7,23,[9 5],8,-1,31,-1,8
1,<environment.Job instance at 0x7f9cd2b1d690>,8,22,[9 1],9,-1,31,-1,9
1,<environment.Job instance at 0x7f9cd2894050>,15,15,[6 4],16,-1,34,-1,19
1,<environment.Job instance at 0x7f9cd28946e0>,16,15,[7 2],17,-1,35,-1,20
1,<environment.Job instance at 0x7f9cd2894190>,12,28,[7 1],13,-1,48,-1,20
1,<environment.Job instance at 0x7f9cd196cc80>,18,15,[8 2],19,-1,35,-1,20
1,<environment.Job instance at 0x7f9cd196ccd0>,20,25,[5 4],21,-1,46,-1,21
1,<environment.Job instance at 0x7f9cd196cd70>,19,19,[8 2],20,-1,44,-1,25
1,<environment.Job instance at 0x7f9cd2894af0>,17,24,[12  2],18,-1,49,-1,25
1,<environment.Job instance at 0x7f9cd29d9a00>,24,18,[10  1],25,-1,43,-1,25
1,<environment.Job instance at 0x7f9cd196c910>,23,28,[10  2],24,-1,55,-1,27
1,<environment.Job instance at 0x7f9cd196cf50>,21,17,[ 5 11],22,-1,44,-1,27
1,<environment.Job instance at 0x7f9cd29d9dc0>,27,21,[8 2],28,-1,56,-1,35
1,<environment.Job instance at 0x7f9cd1cfc550>,29,26,[ 4 13],30,-1,61,-1,35
1,<environment.Job instance at 0x7f9cd1cfc460>,26,23,[5 5],27,-1,59,-1,36
1,<environment.Job instance at 0x7f9cd1cfcc80>,33,16,[ 1 14],34,-1,74,-1,58
1,<environment.Job instance at 0x7f9cd19f99b0>,37,14,[ 5 13],38,-1,72,-1,58
1,<environment.Job instance at 0x7f9cd196ffa0>,41,3,[3 8],42,-1,62,-1,59
1,<environment.Job instance at 0x7f9cd196ff50>,43,22,[ 1 11],44,-1,86,-1,64
1,<environment.Job instance at 0x7f9cd196f910>,42,23,[10  2],43,-1,87,-1,64
1,<environment.Job instance at 0x7f9cd196f820>,40,13,[11  4],41,-1,77,-1,64
1,<environment.Job instance at 0x7f9cd2894f00>,22,15,[12  2],23,-1,88,-1,73
1,<environment.Job instance at 0x7f9cd17ceeb0>,52,17,[9 5],53,-1,90,-1,73
1,<environment.Job instance at 0x7f9cd17ced70>,57,23,[4 8],58,-1,115,-1,92
1,<environment.Job instance at 0x7f9cd17cee60>,60,23,[12  5],61,-1,121,-1,98
1,<environment.Job instance at 0x7f9cd19f9410>,39,22,[13  4],40,-1,120,-1,98
1,<environment.Job instance at 0x7f9cd1f26230>,62,18,[1 8],63,-1,116,-1,98
1,<environment.Job instance at 0x7f9cd17cec30>,54,12,[9 2],55,-1,110,-1,98
1,<environment.Job instance at 0x7f9cd1f26640>,63,13,[3 7],64,-1,111,-1,98
1,<environment.Job instance at 0x7f9cd1da3cd0>,65,12,[ 5 11],66,-1,110,-1,98
1,<environment.Job instance at 0x7f9cd1c8d7d0>,64,13,[12  3],65,-1,111,-1,98
1,<environment.Job instance at 0x7f9cd15c9a50>,69,23,[4 8],70,-1,129,-1,106
1,<environment.Job instance at 0x7f9cd1eff960>,0,28,[13  3],1,-1,29,-1,1
1,<environment.Job instance at 0x7f9cd1aa0af0>,3,2,[14  3],4,-1,6,-1,4
1,<environment.Job instance at 0x7f9cd217d4b0>,5,1,[ 2 12],6,-1,7,-1,6
1,<environment.Job instance at 0x7f9cd2a5faa0>,10,16,[ 1 13],11,-1,34,-1,18
1,<environment.Job instance at 0x7f9cd1347fa0>,11,18,[ 3 13],12,-1,36,-1,18
1,<environment.Job instance at 0x7f9cd1347f50>,12,28,[7 1],13,-1,46,-1,18
1,<environment.Job instance at 0x7f9cd1375460>,13,27,[2 7],14,-1,45,-1,18
1,<environment.Job instance at 0x7f9cd21704b0>,7,23,[9 5],8,-1,41,-1,18
1,<environment.Job instance at 0x7f9cd1dcb9b0>,17,24,[12  2],18,-1,42,-1,18
1,<environment.Job instance at 0x7f9cd196f2d0>,20,25,[5 4],21,-1,48,-1,23
1,<environment.Job instance at 0x7f9cd28948c0>,21,17,[ 5 11],22,-1,40,-1,23
1,<environment.Job instance at 0x7f9cd19f9e10>,22,15,[12  2],23,-1,38,-1,23
1,<environment.Job instance at 0x7f9cd25b3f00>,25,1,[ 1 11],26,-1,34,-1,33
1,<environment.Job instance at 0x7f9cd25b32d0>,26,23,[5 5],27,-1,61,-1,38
1,<environment.Job instance at 0x7f9cd17ce230>,29,26,[ 4 13],30,-1,64,-1,38
1,<environment.Job instance at 0x7f9cd207f8c0>,33,16,[ 1 14],34,-1,59,-1,43
1,<environment.Job instance at 0x7f9cd1cfce10>,23,28,[10  2],24,-1,86,-1,58
1,<environment.Job instance at 0x7f9cd1b7f960>,35,3,[12  5],36,-1,61,-1,58
1,<environment.Job instance at 0x7f9cd1b0e870>,37,14,[ 5 13],38,-1,72,-1,58
1,<environment.Job instance at 0x7f9cd1517f50>,39,22,[13  4],40,-1,80,-1,58
1,<environment.Job instance at 0x7f9cd11ff5a0>,40,13,[11  4],41,-1,71,-1,58
1,<environment.Job instance at 0x7f9cd1b88eb0>,42,23,[10  2],43,-1,84,-1,61
1,<environment.Job instance at 0x7f9cd1eb22d0>,43,22,[ 1 11],44,-1,83,-1,61
1,<environment.Job instance at 0x7f9cd21d9b90>,47,27,[12  1],48,-1,88,-1,61
1,<environment.Job instance at 0x7f9cd21d90f0>,48,26,[14  5],49,-1,87,-1,61
1,<environment.Job instance at 0x7f9cd21d91e0>,49,12,[ 4 12],50,-1,73,-1,61
1,<environment.Job instance at 0x7f9cd21d9870>,56,12,[14  5],57,-1,97,-1,85
1,<environment.Job instance at 0x7f9cd21d9aa0>,57,23,[4 8],58,-1,118,-1,95
1,<environment.Job instance at 0x7f9cd21d9e10>,60,23,[12  5],61,-1,130,-1,107
1,<environment.Job instance at 0x7f9cd21d9af0>,61,2,[ 5 14],62,-1,109,-1,107
1,<environment.Job instance at 0x7f9cdb146e60>,4,22,[10  5],5,-1,27,-1,5
1,<environment.Job instance at 0x7f9cd1408550>,5,15,[1 8],6,-1,21,-1,6
1,<environment.Job instance at 0x7f9cd1408aa0>,6,20,[4 7],7,-1,27,-1,7
1,<environment.Job instance at 0x7f9cd21d2e60>,10,18,[5 6],11,-1,29,-1,11
1,<environment.Job instance at 0x7f9cd21d2640>,11,28,[7 3],12,-1,40,-1,12
1,<environment.Job instance at 0x7f9cd26f1aa0>,13,14,[ 4 10],14,-1,28,-1,14
1,<environment.Job instance at 0x7f9cd2a10500>,15,20,[1 6],16,-1,36,-1,16
1,<environment.Job instance at 0x7f9cdb39caf0>,16,18,[3 8],17,-1,35,-1,17
1,<environment.Job instance at 0x7f9cd2bab5a0>,17,22,[ 1 10],18,-1,41,-1,19
1,<environment.Job instance at 0x7f9cd1da1870>,18,28,[13  5],19,-1,47,-1,19
1,<environment.Job instance at 0x7f9cd144d870>,1,24,[7 2],2,-1,26,-1,2
1,<environment.Job instance at 0x7f9cd144d690>,2,18,[ 1 13],3,-1,21,-1,3
1,<environment.Job instance at 0x7f9cd144dd20>,3,27,[5 1],4,-1,31,-1,4
1,<environment.Job instance at 0x7f9cd1925910>,7,21,[13  2],8,-1,29,-1,8
1,<environment.Job instance at 0x7f9cd1925be0>,9,1,[11  5],10,-1,11,-1,10
1,<environment.Job instance at 0x7f9cd1925820>,14,16,[13  2],15,-1,37,-1,21
1,<environment.Job instance at 0x7f9cd19250f0>,11,28,[7 3],12,-1,49,-1,21
1,<environment.Job instance at 0x7f9cd19258c0>,18,28,[13  5],19,-1,49,-1,21
1,<environment.Job instance at 0x7f9cd1b9e780>,19,23,[9 3],20,-1,46,-1,23
1,<environment.Job instance at 0x7f9cd1b9e9b0>,21,16,[ 3 13],22,-1,39,-1,23
1,<environment.Job instance at 0x7f9cd1b9e7d0>,24,3,[14  3],25,-1,32,-1,29
1,<environment.Job instance at 0x7f9cd2739f00>,31,14,[11  2],32,-1,60,-1,46
1,<environment.Job instance at 0x7f9cd2739f50>,34,27,[ 1 11],35,-1,88,-1,61
1,<environment.Job instance at 0x7f9cd2739d20>,33,23,[10  2],34,-1,91,-1,68
1,<environment.Job instance at 0x7f9cd2739230>,38,3,[13  3],39,-1,82,-1,79
1,<environment.Job instance at 0x7fe1fc640b40>,2,18,[ 3 10],3,-1,21,-1,3
1,<environment.Job instance at 0x7fe1fc640e10>,5,18,[7 5],6,-1,24,-1,6
1,<environment.Job instance at 0x7fe1fc640d20>,6,19,[1 7],7,-1,27,-1,8
1,<environment.Job instance at 0x7fe1fc644550>,15,20,[3 5],16,-1,36,-1,16
1,<environment.Job instance at 0x7fe1fc6442d0>,16,19,[ 3 10],17,-1,36,-1,17
1,<environment.Job instance at 0x7fe1fc6446e0>,18,18,[3 6],19,-1,37,-1,19
1,<environment.Job instance at 0x7fe1fc644780>,19,21,[8 5],20,-1,42,-1,21
1,<environment.Job instance at 0x7fe1fc644460>,14,21,[ 3 11],15,-1,45,-1,24
1,<environment.Job instance at 0x7fe1fc644a00>,23,18,[7 4],24,-1,42,-1,24
1,<environment.Job instance at 0x7fe1fc644cd0>,26,20,[4 8],27,-1,47,-1,27
1,<environment.Job instance at 0x7fe1fc644410>,20,21,[13  5],21,-1,57,-1,36
1,<environment.Job instance at 0x7fe1fc6450a0>,32,14,[8 3],33,-1,50,-1,36
1,<environment.Job instance at 0x7fe1fc644fa0>,29,24,[5 1],30,-1,60,-1,36
1,<environment.Job instance at 0x7fe1fc645410>,34,20,[5 3],35,-1,56,-1,36
1,<environment.Job instance at 0x7fe1fc6440a0>,10,14,[1 6],11,-1,56,-1,42
1,<environment.Job instance at 0x7fe1fc644aa0>,27,25,[14  4],28,-1,70,-1,45
1,<environment.Job instance at 0x7fe1fc644820>,21,22,[8 2],22,-1,75,-1,53
1,<environment.Job instance at 0x7fe1fc644140>,12,13,[ 2 12],13,-1,67,-1,54
1,<environment.Job instance at 0x7fe1fc645640>,40,18,[ 5 13],41,-1,72,-1,54
1,<environment.Job instance at 0x7fe1fc645550>,37,2,[5 1],38,-1,56,-1,54
1,<environment.Job instance at 0x7fe1fc645a00>,42,24,[ 4 14],43,-1,83,-1,59
1,<environment.Job instance at 0x7fe1fc6458c0>,41,3,[14  5],42,-1,63,-1,60
1,<environment.Job instance at 0x7fe1fc645aa0>,44,14,[8 4],45,-1,74,-1,60
1,<environment.Job instance at 0x7fe1fc645be0>,45,28,[6 4],46,-1,88,-1,60
1,<environment.Job instance at 0x7fe1fc645b40>,46,17,[ 5 12],47,-1,77,-1,60
1,<environment.Job instance at 0x7fe1fc645960>,43,14,[10  1],44,-1,74,-1,60
1,<environment.Job instance at 0x7fe1fc645d20>,48,25,[5 4],49,-1,85,-1,60
1,<environment.Job instance at 0x7fe1fc645d70>,49,23,[2 6],50,-1,83,-1,60
1,<environment.Job instance at 0x7fe1fc645e10>,47,16,[6 2],48,-1,77,-1,61
1,<environment.Job instance at 0x7fe1fc645fa0>,50,13,[12  1],51,-1,75,-1,62
1,<environment.Job instance at 0x7fe1fc6490a0>,51,24,[ 1 11],52,-1,86,-1,62
1,<environment.Job instance at 0x7fe1fc649280>,53,22,[9 5],54,-1,84,-1,62
1,<environment.Job instance at 0x7fe1fc649140>,52,27,[9 1],53,-1,89,-1,62
1,<environment.Job instance at 0x7fe1fc6491e0>,55,14,[ 2 10],56,-1,76,-1,62
1,<environment.Job instance at 0x7fe1fc640aa0>,4,24,[ 3 11],5,-1,86,-1,62
1,<environment.Job instance at 0x7fe1fc6493c0>,56,17,[6 4],57,-1,79,-1,62
1,<environment.Job instance at 0x7fe1fc649640>,59,16,[8 1],60,-1,79,-1,63
1,<environment.Job instance at 0x7fe1fc6496e0>,60,17,[9 3],61,-1,82,-1,65
1,<environment.Job instance at 0x7fe1fc649780>,61,14,[ 2 10],62,-1,79,-1,65
1,<environment.Job instance at 0x7fe1fc645820>,39,12,[3 6],40,-1,77,-1,65
1,<environment.Job instance at 0x7fe1fc6495a0>,62,24,[ 3 10],63,-1,89,-1,65
1,<environment.Job instance at 0x7fe1fc649820>,64,20,[9 1],65,-1,85,-1,65
1,<environment.Job instance at 0x7fe1fc649f00>,70,22,[5 6],71,-1,94,-1,72
1,<environment.Job instance at 0x7fe1fc649e60>,69,26,[5 4],70,-1,101,-1,75
1,<environment.Job instance at 0x7fe1fc649b90>,68,25,[ 2 12],69,-1,100,-1,75
1,<environment.Job instance at 0x7fe1fc64a320>,72,18,[5 5],73,-1,99,-1,81
1,<environment.Job instance at 0x7fe1fc64a2d0>,74,14,[9 1],75,-1,95,-1,81
1,<environment.Job instance at 0x7fe1fc64a0f0>,75,19,[8 3],76,-1,100,-1,81
1,<environment.Job instance at 0x7fe1fc64a3c0>,76,18,[ 2 10],77,-1,99,-1,81
1,<environment.Job instance at 0x7fe1fc64a460>,77,19,[8 1],78,-1,100,-1,81
1,<environment.Job instance at 0x7fe1fc649fa0>,71,13,[7 2],72,-1,94,-1,81
1,<environment.Job instance at 0x7fe1fc64a640>,80,19,[8 4],81,-1,101,-1,82
1,<environment.Job instance at 0x7fe1fc64a910>,81,17,[2 7],82,-1,99,-1,82
1,<environment.Job instance at 0x7fe1fc64aaa0>,85,18,[ 5 12],86,-1,104,-1,86
1,<environment.Job instance at 0x7fe1fc64a190>,73,27,[8 2],74,-1,114,-1,87
1,<environment.Job instance at 0x7fe1fc64abe0>,84,21,[ 1 10],85,-1,108,-1,87
1,<environment.Job instance at 0x7fe1fc64aeb0>,87,17,[7 4],88,-1,105,-1,88
1,<environment.Job instance at 0x7fe1fc64ad20>,89,18,[ 4 11],90,-1,108,-1,90
1,<environment.Job instance at 0x7fe1fc64aa50>,83,17,[ 4 14],84,-1,107,-1,90
1,<environment.Job instance at 0x7fe1fc64f4b0>,94,22,[5 8],95,-1,121,-1,99
1,<environment.Job instance at 0x7fe1fc68b870>,4,24,[ 3 11],5,-1,29,-1,5
1,<environment.Job instance at 0x7fe1fc64a050>,8,24,[ 2 10],9,-1,45,-1,21
1,<environment.Job instance at 0x7fe1fc7e11e0>,12,13,[ 2 12],13,-1,34,-1,21
1,<environment.Job instance at 0x7fe205cd0910>,14,21,[ 3 11],15,-1,43,-1,22
1,<environment.Job instance at 0x7fe1fc640960>,17,18,[ 5 13],18,-1,40,-1,22
1,<environment.Job instance at 0x7fe205c8a870>,20,21,[13  5],21,-1,56,-1,35
1,<environment.Job instance at 0x7fe1fc638e60>,24,2,[ 3 12],25,-1,51,-1,49
1,<environment.Job instance at 0x7fe1fc638af0>,27,25,[14  4],28,-1,74,-1,49
1,<environment.Job instance at 0x7fe1fc6389b0>,29,24,[5 1],30,-1,89,-1,65
1,<environment.Job instance at 0x7fe1fc765410>,40,18,[ 5 13],41,-1,133,-1,115
1,<environment.Job instance at 0x7fe1fcb10b40>,41,3,[14  5],42,-1,118,-1,115
1,<environment.Job instance at 0x7fe1fc7502d0>,42,24,[ 4 14],43,-1,139,-1,115
1,<environment.Job instance at 0x7fe1fbd8d230>,3,24,[5 6],4,-1,28,-1,4
1,<environment.Job instance at 0x7fe1fbd8d410>,4,18,[11  5],5,-1,24,-1,6
1,<environment.Job instance at 0x7fe1fbd83dc0>,5,14,[14  1],6,-1,20,-1,6
1,<environment.Job instance at 0x7fe1fbd8d2d0>,6,22,[10  1],7,-1,31,-1,9
1,<environment.Job instance at 0x7fe1fbeffb40>,8,19,[4 7],9,-1,28,-1,9
1,<environment.Job instance at 0x7fe1fbd8d7d0>,10,16,[9 4],11,-1,28,-1,12
1,<environment.Job instance at 0x7fe1fbd8daa0>,11,15,[8 1],12,-1,27,-1,12
1,<environment.Job instance at 0x7fe1fbec2190>,14,19,[9 1],15,-1,39,-1,20
1,<environment.Job instance at 0x7fe1fbfb9f50>,21,18,[10  5],22,-1,47,-1,29
1,<environment.Job instance at 0x7fe1fbeed5a0>,20,17,[ 2 11],21,-1,46,-1,29
1,<environment.Job instance at 0x7fe1fbeedc80>,24,17,[ 3 14],25,-1,46,-1,29
1,<environment.Job instance at 0x7fe1fbeedbe0>,25,19,[1 5],26,-1,48,-1,29
1,<environment.Job instance at 0x7fe1fbeed7d0>,28,28,[7 1],29,-1,58,-1,30
1,<environment.Job instance at 0x7fe1fc041870>,16,16,[5 3],17,-1,47,-1,31
1,<environment.Job instance at 0x7fe1fc05beb0>,12,23,[ 1 14],13,-1,54,-1,31
1,<environment.Job instance at 0x7fe1fbeaed20>,29,15,[6 2],30,-1,46,-1,31
1,<environment.Job instance at 0x7fe1fbeedaf0>,26,25,[5 4],27,-1,56,-1,31
1,<environment.Job instance at 0x7fe1fbedaaa0>,38,24,[8 5],39,-1,67,-1,43
1,<environment.Job instance at 0x7fe1fbedfbe0>,35,16,[ 1 11],36,-1,59,-1,43
1,<environment.Job instance at 0x7fe1fbedfeb0>,36,16,[6 2],37,-1,59,-1,43
1,<environment.Job instance at 0x7fe1fbeda0f0>,41,17,[3 8],42,-1,60,-1,43
1,<environment.Job instance at 0x7fe1fbeed8c0>,30,15,[6 2],31,-1,73,-1,58
1,<environment.Job instance at 0x7fe1fbeaecd0>,31,24,[12  2],32,-1,82,-1,58
1,<environment.Job instance at 0x7fe1fbc099b0>,46,16,[12  1],47,-1,89,-1,73
1,<environment.Job instance at 0x7fe1fbc09fa0>,48,13,[1 9],49,-1,86,-1,73
1,<environment.Job instance at 0x7fe1fbc0f500>,50,22,[11  3],51,-1,95,-1,73
1,<environment.Job instance at 0x7fe1fbc0f780>,51,18,[11  2],52,-1,91,-1,73
1,<environment.Job instance at 0x7fe1fbc0fdc0>,52,18,[4 6],53,-1,95,-1,77
1,<environment.Job instance at 0x7fe1fbc09550>,47,15,[ 4 14],48,-1,97,-1,82
1,<environment.Job instance at 0x7fe1fbc0f6e0>,54,21,[9 1],55,-1,104,-1,83
1,<environment.Job instance at 0x7fe1fbbf7eb0>,56,19,[ 5 14],57,-1,105,-1,86
1,<environment.Job instance at 0x7fe1fbbf7230>,57,18,[10  1],58,-1,106,-1,88
1,<environment.Job instance at 0x7fe1fbbff910>,58,27,[9 4],59,-1,115,-1,88
1,<environment.Job instance at 0x7fe205e845a0>,59,25,[3 9],60,-1,113,-1,88
1,<environment.Job instance at 0x7fe1fbd8d9b0>,62,14,[4 7],63,-1,104,-1,90
1,<environment.Job instance at 0x7fe1fbbff6e0>,63,23,[ 2 14],64,-1,113,-1,90
1,<environment.Job instance at 0x7fe205c89dc0>,64,12,[ 2 11],65,-1,102,-1,90
1,<environment.Job instance at 0x7fe1fbe71050>,19,21,[3 6],20,-1,111,-1,90
1,<environment.Job instance at 0x7fe1fbdd4b90>,65,19,[5 1],66,-1,110,-1,91
1,<environment.Job instance at 0x7fe1fbd8efa0>,68,28,[4 7],69,-1,119,-1,91
1,<environment.Job instance at 0x7fe1fbbeeb90>,67,22,[1 7],68,-1,113,-1,91
1,<environment.Job instance at 0x7fe1fbd8eb40>,69,26,[3 6],70,-1,118,-1,92
1,<environment.Job instance at 0x7fe1fbc42410>,71,12,[ 5 11],72,-1,104,-1,92
1,<environment.Job instance at 0x7fe1fbc42050>,70,12,[11  1],71,-1,105,-1,93
1,<environment.Job instance at 0x7fe1fbc0d4b0>,43,20,[14  2],44,-1,113,-1,93
1,<environment.Job instance at 0x7fe1fbc0f0f0>,53,16,[3 5],54,-1,109,-1,93
1,<environment.Job instance at 0x7fe1fbc33050>,72,15,[3 9],73,-1,108,-1,93
1,<environment.Job instance at 0x7fe1fbf04be0>,32,26,[ 3 11],33,-1,119,-1,93
1,<environment.Job instance at 0x7fe1fbdd7a00>,78,17,[10  5],79,-1,110,-1,93
1,<environment.Job instance at 0x7fe1fbc50eb0>,76,14,[8 4],77,-1,107,-1,93
1,<environment.Job instance at 0x7fe1fbc5d1e0>,80,23,[5 8],81,-1,116,-1,93
1,<environment.Job instance at 0x7fe1fbc79870>,79,16,[ 3 10],80,-1,109,-1,93
1,<environment.Job instance at 0x7fe1fbc5c2d0>,84,28,[3 8],85,-1,123,-1,95
1,<environment.Job instance at 0x7fe1fbc5c230>,86,14,[11  2],87,-1,111,-1,97
1,<environment.Job instance at 0x7fe1fbc5c7d0>,87,27,[5 3],88,-1,124,-1,97
1,<environment.Job instance at 0x7fe1fbc5cf50>,88,17,[10  2],89,-1,114,-1,97
1,<environment.Job instance at 0x7fe1fbc5ca50>,89,17,[ 5 11],90,-1,114,-1,97
1,<environment.Job instance at 0x7fe1fbc774b0>,91,27,[6 5],92,-1,124,-1,97
1,<environment.Job instance at 0x7fe1fbc77af0>,92,18,[ 2 14],93,-1,115,-1,97
1,<environment.Job instance at 0x7fe1fbd8c280>,94,18,[12  2],95,-1,115,-1,97
1,<environment.Job instance at 0x7fe1fbc5d050>,81,21,[ 4 11],82,-1,118,-1,97
1,<environment.Job instance at 0x7fe1fbc3ebe0>,96,17,[11  1],97,-1,114,-1,97
1,<environment.Job instance at 0x7fe1fbc5cc30>,85,24,[12  1],86,-1,121,-1,97
1,<environment.Job instance at 0x7fe1fbc3eeb0>,95,15,[3 5],96,-1,114,-1,99
1,<environment.Job instance at 0x7fe1fbc57f00>,99,13,[10  1],100,-1,113,-1,100
1,<environment.Job instance at 0x7fe1fbc57dc0>,97,13,[ 4 12],98,-1,114,-1,101
1,<environment.Job instance at 0x7fe1fbc57a00>,101,18,[ 1 10],102,-1,120,-1,102
1,<environment.Job instance at 0x7fe1fbc574b0>,98,17,[11  4],99,-1,120,-1,103
1,<environment.Job instance at 0x7fe1fbc57500>,102,28,[7 4],103,-1,131,-1,103
1,<environment.Job instance at 0x7fe1fbc573c0>,104,28,[4 5],105,-1,133,-1,105
1,<environment.Job instance at 0x7fe1fbc57140>,105,23,[8 3],106,-1,129,-1,106
1,<environment.Job instance at 0x7fe1fbc57e60>,103,19,[9 2],104,-1,125,-1,106
1,<environment.Job instance at 0x7fe1fbc5a320>,108,28,[9 1],109,-1,137,-1,109
1,<environment.Job instance at 0x7fe1fbc5acd0>,110,15,[ 5 10],111,-1,128,-1,113
1,<environment.Job instance at 0x7fe1fbc5a6e0>,107,15,[5 6],108,-1,128,-1,113
1,<environment.Job instance at 0x7fe1fbc5a0a0>,113,12,[11  4],114,-1,126,-1,114
1,<environment.Job instance at 0x7fe1fbc58640>,116,13,[ 5 13],117,-1,130,-1,117
1,<environment.Job instance at 0x7fe1fbc5aaf0>,112,16,[14  3],113,-1,133,-1,117
1,<environment.Job instance at 0x7fe1fbc58870>,117,20,[5 2],118,-1,138,-1,118
1,<environment.Job instance at 0x7fe1fbc58eb0>,118,20,[7 4],119,-1,139,-1,119
1,<environment.Job instance at 0x7fe1fc702690>,0,18,[ 3 12],1,-1,19,-1,1
1,<environment.Job instance at 0x7fe1fc702370>,4,18,[11  5],5,-1,23,-1,5
1,<environment.Job instance at 0x7fe1fc64a0a0>,5,14,[14  1],6,-1,20,-1,6
1,<environment.Job instance at 0x7fe1fbf044b0>,9,3,[14  4],10,-1,13,-1,10
1,<environment.Job instance at 0x7fe1fc702b90>,3,24,[5 6],4,-1,43,-1,19
1,<environment.Job instance at 0x7fe1fbe64f00>,12,23,[ 1 14],13,-1,42,-1,19
1,<environment.Job instance at 0x7fe1fbe650a0>,15,23,[7 3],16,-1,42,-1,19
1,<environment.Job instance at 0x7fe1fbe658c0>,17,26,[ 1 11],18,-1,45,-1,19
1,<environment.Job instance at 0x7fe1fbf64320>,20,17,[ 2 11],21,-1,39,-1,22
1,<environment.Job instance at 0x7fe1fbe67fa0>,24,17,[ 3 14],25,-1,42,-1,25
1,<environment.Job instance at 0x7fe1fbe678c0>,26,25,[5 4],27,-1,59,-1,34
1,<environment.Job instance at 0x7fe1fbe6caa0>,28,28,[7 1],29,-1,62,-1,34
1,<environment.Job instance at 0x7fe1fbe6c9b0>,31,24,[12  2],32,-1,60,-1,36
1,<environment.Job instance at 0x7fe1fbdf5a00>,32,26,[ 3 11],33,-1,62,-1,36
1,<environment.Job instance at 0x7fe1fbdf5870>,35,16,[ 1 11],36,-1,54,-1,38
1,<environment.Job instance at 0x7fe1fbdf86e0>,37,1,[ 5 12],38,-1,42,-1,41
1,<environment.Job instance at 0x7fe1fbe00320>,38,24,[8 5],39,-1,75,-1,51
1,<environment.Job instance at 0x7fe1fbe03c30>,40,2,[14  2],41,-1,53,-1,51
1,<environment.Job instance at 0x7fe1fbe030f0>,43,20,[14  2],44,-1,76,-1,56
1,<environment.Job instance at 0x7fe1fbf5da00>,45,2,[ 1 14],46,-1,67,-1,65
1,<environment.Job instance at 0x7fe1fbe03b90>,46,16,[12  1],47,-1,81,-1,65
1,<environment.Job instance at 0x7fe1fbe0b190>,47,15,[ 4 14],48,-1,80,-1,65
1,<environment.Job instance at 0x7fe1fbe0b500>,49,3,[ 5 11],50,-1,75,-1,72
1,<environment.Job instance at 0x7fe1fbe0b050>,50,22,[11  3],51,-1,94,-1,72
1,<environment.Job instance at 0x7fe1fbe0be60>,51,18,[11  2],52,-1,90,-1,72
1,<environment.Job instance at 0x7fe1fbe06780>,56,19,[ 5 14],57,-1,111,-1,92
1,<environment.Job instance at 0x7fe1fbe0e8c0>,58,27,[9 4],59,-1,137,-1,110
1,<environment.Job instance at 0x7fe1fbfd3e10>,59,25,[3 9],60,-1,135,-1,110
1,<environment.Job instance at 0x7fe1fbcebfa0>,1,22,[5 8],2,-1,25,-1,3
1,<environment.Job instance at 0x7fe1fbcebdc0>,2,16,[7 4],3,-1,19,-1,3
1,<environment.Job instance at 0x7fe1fbceb730>,3,16,[9 4],4,-1,21,-1,5
1,<environment.Job instance at 0x7fe1fbceb460>,4,28,[13  3],5,-1,33,-1,5
1,<environment.Job instance at 0x7fe1fbceb7d0>,5,16,[7 4],6,-1,24,-1,8
1,<environment.Job instance at 0x7fe1fbc8e280>,10,17,[2 6],11,-1,28,-1,11
1,<environment.Job instance at 0x7fe1fbc79f00>,15,13,[11  1],16,-1,32,-1,19
1,<environment.Job instance at 0x7fe1fbc795f0>,19,15,[5 7],20,-1,35,-1,20
1,<environment.Job instance at 0x7fe1fbc79050>,22,23,[1 7],23,-1,46,-1,23
1,<environment.Job instance at 0x7fe1fbc38960>,28,21,[9 5],29,-1,50,-1,29
1,<environment.Job instance at 0x7fe1fbc38be0>,29,18,[10  2],30,-1,48,-1,30
1,<environment.Job instance at 0x7fe1fbc8e9b0>,12,17,[8 5],13,-1,60,-1,43
1,<environment.Job instance at 0x7fe1fbc8ea50>,7,18,[ 1 13],8,-1,61,-1,43
1,<environment.Job instance at 0x7fe1fbc38500>,38,27,[ 3 13],39,-1,75,-1,48
1,<environment.Job instance at 0x7fe1fbc38550>,39,20,[14  3],40,-1,68,-1,48
1,<environment.Job instance at 0x7fe1fbc38dc0>,41,14,[ 4 13],42,-1,64,-1,50
1,<environment.Job instance at 0x7fe1fbc38f50>,26,19,[ 3 14],27,-1,69,-1,50
1,<environment.Job instance at 0x7fe1fbcebf50>,11,16,[ 2 13],12,-1,67,-1,51
1,<environment.Job instance at 0x7fe1fbc351e0>,43,13,[5 7],44,-1,67,-1,54
1,<environment.Job instance at 0x7fe1fbc35500>,44,2,[10  1],45,-1,83,-1,81
1,<environment.Job instance at 0x7fe1fbc38460>,36,18,[4 9],37,-1,99,-1,81
1,<environment.Job instance at 0x7fe1fbc385a0>,37,20,[3 7],38,-1,102,-1,82
1,<environment.Job instance at 0x7fe1fbc35320>,52,12,[2 7],53,-1,94,-1,82
1,<environment.Job instance at 0x7fe1fbc33690>,53,24,[2 7],54,-1,107,-1,83
1,<environment.Job instance at 0x7fe1fbc330f0>,54,25,[5 5],55,-1,108,-1,83
1,<environment.Job instance at 0x7fe1fbc35230>,49,16,[7 2],50,-1,99,-1,83
1,<environment.Job instance at 0x7fe1fbc35460>,46,28,[14  3],47,-1,112,-1,84
1,<environment.Job instance at 0x7fe1fbc332d0>,51,22,[ 1 10],52,-1,106,-1,84
1,<environment.Job instance at 0x7fe1fbc33e10>,57,26,[7 1],58,-1,110,-1,84
1,<environment.Job instance at 0x7fe1fbc33960>,59,15,[ 1 13],60,-1,99,-1,84
1,<environment.Job instance at 0x7fe1fbc33c30>,61,15,[4 8],62,-1,100,-1,85
1,<environment.Job instance at 0x7fe1fbc2e0a0>,65,24,[8 2],66,-1,114,-1,90
1,<environment.Job instance at 0x7fe1fbc2ecd0>,66,14,[5 3],67,-1,104,-1,90
1,<environment.Job instance at 0x7fe1fbc2ec80>,67,14,[8 5],68,-1,104,-1,90
1,<environment.Job instance at 0x7fe1fbc2ed20>,68,22,[9 3],69,-1,112,-1,90
1,<environment.Job instance at 0x7fe1fbc2eb90>,69,16,[ 4 13],70,-1,106,-1,90
1,<environment.Job instance at 0x7fe1fbc2e370>,70,26,[4 7],71,-1,116,-1,90
1,<environment.Job instance at 0x7fe1fbc2e0f0>,71,25,[10  5],72,-1,115,-1,90
1,<environment.Job instance at 0x7fe1fbc2e8c0>,76,20,[ 3 11],77,-1,123,-1,103
1,<environment.Job instance at 0x7fe1fbc33aa0>,64,16,[ 2 11],65,-1,121,-1,105
1,<environment.Job instance at 0x7fe1fbcaa8c0>,80,14,[7 1],81,-1,120,-1,106
1,<environment.Job instance at 0x7fe1fbcaae60>,81,25,[5 1],82,-1,131,-1,106
1,<environment.Job instance at 0x7fe1fbcaa460>,82,17,[4 8],83,-1,123,-1,106
1,<environment.Job instance at 0x7fe1fbc2e780>,79,24,[6 5],80,-1,130,-1,106
1,<environment.Job instance at 0x7fe1fbcaa730>,83,14,[ 3 10],84,-1,120,-1,106
1,<environment.Job instance at 0x7fe1fbcaa7d0>,84,18,[ 4 13],85,-1,124,-1,106
1,<environment.Job instance at 0x7fe1fbcaa4b0>,85,24,[9 3],86,-1,131,-1,107
1,<environment.Job instance at 0x7fe1fbcaa870>,86,15,[13  4],87,-1,122,-1,107
1,<environment.Job instance at 0x7fe1fbcaa5a0>,88,24,[ 2 13],89,-1,131,-1,107
1,<environment.Job instance at 0x7fe1fbc35e60>,47,24,[ 4 11],48,-1,135,-1,111
1,<environment.Job instance at 0x7fe1fbc2e2d0>,74,15,[10  3],75,-1,128,-1,113
1,<environment.Job instance at 0x7fe1fbca8730>,90,16,[ 5 13],91,-1,131,-1,115
1,<environment.Job instance at 0x7fe1fbca8190>,92,22,[4 8],93,-1,137,-1,115
1,<environment.Job instance at 0x7fe1fbc2e1e0>,77,16,[8 3],78,-1,131,-1,115
1,<environment.Job instance at 0x7fe1fbca8cd0>,95,24,[6 1],96,-1,139,-1,115
1,<environment.Job instance at 0x7fe1fbca8aa0>,93,13,[ 4 10],94,-1,128,-1,115
1,<environment.Job instance at 0x7fe1fbca8870>,97,18,[13  2],98,-1,133,-1,115
1,<environment.Job instance at 0x7fe1fbca8f50>,98,19,[ 5 13],99,-1,134,-1,115
1,<environment.Job instance at 0x7fe1fbca8a50>,99,28,[3 5],100,-1,143,-1,115
1,<environment.Job instance at 0x7fe1fbca8b40>,100,19,[1 8],101,-1,134,-1,115
1,<environment.Job instance at 0x7fe1fbca8a00>,96,13,[2 5],97,-1,128,-1,115
1,<environment.Job instance at 0x7fe1fbee4500>,0,24,[11  3],1,-1,25,-1,1
1,<environment.Job instance at 0x7fe1fbee47d0>,4,28,[13  3],5,-1,33,-1,5
1,<environment.Job instance at 0x7fe1fc079b90>,7,18,[ 1 13],8,-1,26,-1,8
1,<environment.Job instance at 0x7fe1fc079780>,8,24,[ 5 11],9,-1,33,-1,9
1,<environment.Job instance at 0x7fe1fc323d20>,11,16,[ 2 13],12,-1,35,-1,19
1,<environment.Job instance at 0x7fe1fc49abe0>,13,2,[ 5 11],14,-1,21,-1,19
1,<environment.Job instance at 0x7fe1fc151820>,15,13,[11  1],16,-1,37,-1,24
1,<environment.Job instance at 0x7fe1fcaecb90>,23,12,[12  2],24,-1,63,-1,51
1,<environment.Job instance at 0x7fe1fbfcd230>,22,23,[1 7],23,-1,77,-1,54
1,<environment.Job instance at 0x7fe1fcab8910>,25,2,[14  3],26,-1,56,-1,54
1,<environment.Job instance at 0x7fe1fcab8140>,26,19,[ 3 14],27,-1,73,-1,54
1,<environment.Job instance at 0x7fe1fc43dc30>,27,2,[14  5],28,-1,56,-1,54
1,<environment.Job instance at 0x7fe205e04140>,30,12,[12  4],31,-1,66,-1,54
1,<environment.Job instance at 0x7fe1fd1964b0>,38,27,[ 3 13],39,-1,102,-1,75
1,<environment.Job instance at 0x7fe1fcced4b0>,39,20,[14  3],40,-1,95,-1,75
1,<environment.Job instance at 0x7fe1fcf96280>,41,14,[ 4 13],42,-1,90,-1,76
1,<environment.Job instance at 0x7fe1fc169780>,42,1,[ 5 14],43,-1,77,-1,76
1,<environment.Job instance at 0x7fe1fbf23870>,46,28,[14  3],47,-1,120,-1,92
1,<environment.Job instance at 0x7fe1fbf23640>,47,24,[ 4 11],48,-1,116,-1,92
1,<environment.Job instance at 0x7fe1fbf23cd0>,48,3,[11  1],49,-1,95,-1,92
1,<environment.Job instance at 0x7fe1fbe963c0>,53,24,[2 7],54,-1,143,-1,119
1,<environment.Job instance at 0x7fe1fbe96190>,54,25,[5 5],55,-1,144,-1,119
1,<environment.Job instance at 0x7fe1fbf47e60>,58,18,[12  1],59,-1,137,-1,119
1,<environment.Job instance at 0x7fe1fbf47640>,59,15,[ 1 13],60,-1,134,-1,119
1,<environment.Job instance at 0x7fe1fbf474b0>,60,1,[11  3],61,-1,120,-1,119
1,<environment.Job instance at 0x7fe205dfc0a0>,14,18,[3 8],15,-1,44,-1,26
1,<environment.Job instance at 0x7fe1fc79f6e0>,18,26,[7 4],19,-1,56,-1,30
1,<environment.Job instance at 0x7fe205dfc870>,17,20,[8 5],18,-1,50,-1,30
1,<environment.Job instance at 0x7fe1fc05c410>,0,16,[ 3 12],1,-1,17,-1,1
1,<environment.Job instance at 0x7fe1fc05cc80>,1,16,[ 3 12],2,-1,18,-1,2
1,<environment.Job instance at 0x7fe1fc084690>,3,27,[5 1],4,-1,31,-1,4
1,<environment.Job instance at 0x7fe1fc05ce10>,4,25,[10  4],5,-1,30,-1,5
1,<environment.Job instance at 0x7fe1fc060af0>,5,26,[5 4],6,-1,32,-1,6
1,<environment.Job instance at 0x7fe1fc0847d0>,8,12,[ 2 11],9,-1,21,-1,9
1,<environment.Job instance at 0x7fe1fc169e10>,16,24,[3 6],17,-1,42,-1,18
1,<environment.Job instance at 0x7fe1fce2e870>,18,26,[7 4],19,-1,57,-1,31
1,<environment.Job instance at 0x7fe205e56140>,20,27,[9 5],21,-1,58,-1,31
1,<environment.Job instance at 0x7fe1fd1bd140>,26,28,[ 3 14],27,-1,76,-1,48
1,<environment.Job instance at 0x7fe1fbfcdf50>,32,19,[11  4],33,-1,86,-1,67
1,<environment.Job instance at 0x7fe1fcacdc30>,33,27,[9 1],34,-1,106,-1,79
1,<environment.Job instance at 0x7fe1fc323d20>,36,2,[14  3],37,-1,83,-1,81
1,<environment.Job instance at 0x7fe1fc01eb90>,38,27,[ 2 12],39,-1,108,-1,81
1,<environment.Job instance at 0x7fe1fd17e730>,40,13,[14  4],41,-1,109,-1,96
1,<environment.Job instance at 0x7fe1fc089a00>,42,16,[ 1 11],43,-1,114,-1,98
1,<environment.Job instance at 0x7fe1fc0796e0>,43,26,[12  3],44,-1,124,-1,98
1,<environment.Job instance at 0x7fe1fc2705a0>,45,17,[ 4 13],46,-1,116,-1,99
1,<environment.Job instance at 0x7fe1fc2702d0>,47,28,[1 9],48,-1,145,-1,117
1,<environment.Job instance at 0x7fe1fc76b0a0>,0,21,[5 6],1,-1,22,-1,1
1,<environment.Job instance at 0x7fe1fc4b6aa0>,11,22,[6 4],12,-1,35,-1,13
1,<environment.Job instance at 0x7fe1fc4b6af0>,12,28,[12  4],13,-1,41,-1,13
1,<environment.Job instance at 0x7fe1fc4b3190>,15,14,[8 2],16,-1,32,-1,18
1,<environment.Job instance at 0x7fe1fc4bbcd0>,17,28,[7 5],18,-1,46,-1,18
1,<environment.Job instance at 0x7fe1fc4bba00>,18,18,[8 2],19,-1,38,-1,20
1,<environment.Job instance at 0x7fe1fc4bb5a0>,20,21,[9 1],21,-1,42,-1,21
1,<environment.Job instance at 0x7fe1fc4bbe10>,21,18,[5 8],22,-1,40,-1,22
1,<environment.Job instance at 0x7fe1fc4bb1e0>,22,19,[2 7],23,-1,42,-1,23
1,<environment.Job instance at 0x7fe1fc4bb280>,19,18,[6 2],20,-1,42,-1,24
1,<environment.Job instance at 0x7fe1fd1a0690>,25,15,[6 5],26,-1,41,-1,26
1,<environment.Job instance at 0x7fe1fd171410>,28,17,[7 3],29,-1,46,-1,29
1,<environment.Job instance at 0x7fe1fd19dd20>,29,18,[11  5],30,-1,48,-1,30
1,<environment.Job instance at 0x7fe1fd1a08c0>,30,28,[7 2],31,-1,59,-1,31
1,<environment.Job instance at 0x7fe1fc0d4f50>,31,20,[8 3],32,-1,52,-1,32
1,<environment.Job instance at 0x7fe1fd1a48c0>,32,25,[5 7],33,-1,58,-1,33
1,<environment.Job instance at 0x7fe1fc4daf50>,33,18,[5 7],34,-1,52,-1,34
1,<environment.Job instance at 0x7fe1fca93500>,36,13,[1 9],37,-1,50,-1,37
1,<environment.Job instance at 0x7fe1fca93d20>,37,16,[4 5],38,-1,54,-1,38
1,<environment.Job instance at 0x7fe1fca937d0>,39,22,[12  5],40,-1,137,-1,115
1,<environment.Job instance at 0x7fe1fc102140>,5,26,[14  5],6,-1,32,-1,6
1,<environment.Job instance at 0x7fe1fc5e6320>,3,23,[10  3],4,-1,37,-1,14
1,<environment.Job instance at 0x7fe1fc102e60>,4,24,[4 8],5,-1,38,-1,14
1,<environment.Job instance at 0x7fe1fc7ac190>,12,28,[12  4],13,-1,43,-1,15
1,<environment.Job instance at 0x7fe1fc7ac500>,13,1,[11  1],14,-1,16,-1,15
1,<environment.Job instance at 0x7fe1fc7ace60>,17,28,[7 5],18,-1,59,-1,31
1,<environment.Job instance at 0x7fe1fc7ac460>,23,24,[1 9],24,-1,62,-1,38
1,<environment.Job instance at 0x7fe1fc7ac870>,24,25,[ 3 10],25,-1,63,-1,38
1,<environment.Job instance at 0x7fe1fc7ac6e0>,27,2,[13  5],28,-1,41,-1,39
1,<environment.Job instance at 0x7fe1fc71d0f0>,29,18,[11  5],30,-1,57,-1,39
1,<environment.Job instance at 0x7fe1fc71d640>,30,28,[7 2],31,-1,77,-1,49
1,<environment.Job instance at 0x7fe1fc71d190>,32,25,[5 7],33,-1,74,-1,49
1,<environment.Job instance at 0x7fe1fc71d5a0>,35,21,[ 5 13],36,-1,78,-1,57
1,<environment.Job instance at 0x7fe205e04320>,38,17,[13  2],39,-1,76,-1,59
1,<environment.Job instance at 0x7fe205e04e60>,39,22,[12  5],40,-1,81,-1,59
1,<environment.Job instance at 0x7fe205e04280>,40,23,[7 1],41,-1,103,-1,80
1,<environment.Job instance at 0x7fe205e04be0>,44,12,[ 2 13],45,-1,92,-1,80
1,<environment.Job instance at 0x7fe205e04140>,48,14,[ 5 14],49,-1,104,-1,90
1,<environment.Job instance at 0x7fe205e043c0>,47,24,[10  2],48,-1,121,-1,97
1,<environment.Job instance at 0x7fe1fc79fb90>,52,25,[11  2],53,-1,123,-1,98
1,<environment.Job instance at 0x7fe205dfc370>,53,15,[ 3 12],54,-1,113,-1,98
1,<environment.Job instance at 0x7fe1fc5c29b0>,0,17,[2 7],1,-1,18,-1,1
1,<environment.Job instance at 0x7fe1fc08f2d0>,15,12,[ 3 10],16,-1,37,-1,25
1,<environment.Job instance at 0x7fe1fc08f0f0>,11,24,[ 4 10],12,-1,50,-1,26
1,<environment.Job instance at 0x7fe1fc08f550>,17,13,[8 5],18,-1,39,-1,26
1,<environment.Job instance at 0x7fe1fc08ff00>,19,14,[ 2 11],20,-1,43,-1,29
1,<environment.Job instance at 0x7fe1fc08f410>,20,16,[6 5],21,-1,45,-1,29
1,<environment.Job instance at 0x7fe1fc08fc30>,16,17,[4 5],17,-1,46,-1,29
1,<environment.Job instance at 0x7fe1fc08f870>,24,15,[2 5],25,-1,57,-1,42
1,<environment.Job instance at 0x7fe1fc5c2eb0>,5,15,[ 5 11],6,-1,57,-1,42
1,<environment.Job instance at 0x7fe1fc08f230>,25,14,[4 8],26,-1,56,-1,42
1,<environment.Job instance at 0x7fe1fc08fe10>,28,15,[9 1],29,-1,57,-1,42
1,<environment.Job instance at 0x7fe1fc08f3c0>,26,16,[9 2],27,-1,58,-1,42
1,<environment.Job instance at 0x7fe1fd17a550>,30,13,[6 1],31,-1,56,-1,43
1,<environment.Job instance at 0x7fe1fd17a780>,31,13,[1 8],32,-1,56,-1,43
1,<environment.Job instance at 0x7fe1fd17a320>,33,13,[12  5],34,-1,56,-1,43
1,<environment.Job instance at 0x7fe1fd17a410>,32,21,[10  4],33,-1,65,-1,44
1,<environment.Job instance at 0x7fe1fd17a6e0>,34,13,[ 5 10],35,-1,57,-1,44
1,<environment.Job instance at 0x7fe1fd17ae10>,35,15,[6 1],36,-1,59,-1,44
1,<environment.Job instance at 0x7fe1fd17a690>,37,28,[10  3],38,-1,72,-1,44
1,<environment.Job instance at 0x7fe1fd17ac30>,38,15,[5 9],39,-1,59,-1,44
1,<environment.Job instance at 0x7fe1fd17aeb0>,39,12,[10  3],40,-1,56,-1,44
1,<environment.Job instance at 0x7fe1fd17adc0>,40,17,[7 2],41,-1,61,-1,44
1,<environment.Job instance at 0x7fe1fd17a910>,41,16,[12  2],42,-1,60,-1,44
1,<environment.Job instance at 0x7fe1fc072050>,42,15,[ 5 12],43,-1,59,-1,44
1,<environment.Job instance at 0x7fe1fc072a00>,47,12,[10  3],48,-1,61,-1,49
1,<environment.Job instance at 0x7fe1fc072780>,49,15,[10  1],50,-1,65,-1,50
1,<environment.Job instance at 0x7fe1fc0725a0>,48,14,[5 4],49,-1,64,-1,50
1,<environment.Job instance at 0x7fe1fc072550>,51,23,[6 5],52,-1,76,-1,53
1,<environment.Job instance at 0x7fe1fc072730>,46,15,[13  3],47,-1,80,-1,65
1,<environment.Job instance at 0x7fe1fc08f8c0>,14,16,[5 5],15,-1,81,-1,65
1,<environment.Job instance at 0x7fe1fc098050>,57,21,[9 2],58,-1,87,-1,66
1,<environment.Job instance at 0x7fe1fc098c30>,58,22,[ 3 12],59,-1,90,-1,68
1,<environment.Job instance at 0x7fe1fc072be0>,54,27,[4 6],55,-1,98,-1,71
1,<environment.Job instance at 0x7fe1fc0987d0>,60,22,[9 1],61,-1,93,-1,71
1,<environment.Job instance at 0x7fe1fc098820>,59,17,[4 7],60,-1,88,-1,71
1,<environment.Job instance at 0x7fe1fc072d20>,52,17,[2 6],53,-1,89,-1,72
1,<environment.Job instance at 0x7fe1fc098f00>,63,15,[10  1],64,-1,87,-1,72
1,<environment.Job instance at 0x7fe1fc08fdc0>,12,25,[11  2],13,-1,97,-1,72
1,<environment.Job instance at 0x7fe1fc098500>,62,16,[10  5],63,-1,96,-1,80
1,<environment.Job instance at 0x7fe1fc098640>,66,22,[8 4],67,-1,102,-1,80
1,<environment.Job instance at 0x7fe1fc098a00>,69,22,[7 5],70,-1,102,-1,80
1,<environment.Job instance at 0x7fe1fc0988c0>,70,16,[11  3],71,-1,96,-1,80
1,<environment.Job instance at 0x7fe1fc098910>,61,17,[ 2 12],62,-1,100,-1,83
1,<environment.Job instance at 0x7fe1fc09fe60>,71,18,[ 5 10],72,-1,101,-1,83
1,<environment.Job instance at 0x7fe1fc09f820>,74,16,[14  5],75,-1,103,-1,87
1,<environment.Job instance at 0x7fe1fc08f640>,8,16,[ 3 12],9,-1,103,-1,87
1,<environment.Job instance at 0x7fe1fc098140>,73,24,[1 6],74,-1,111,-1,87
1,<environment.Job instance at 0x7fe1fc09fc30>,77,15,[10  4],78,-1,102,-1,87
1,<environment.Job instance at 0x7fe1fc09ff50>,78,13,[ 4 10],79,-1,100,-1,87
1,<environment.Job instance at 0x7fe1fc09f2d0>,79,17,[3 9],80,-1,104,-1,87
1,<environment.Job instance at 0x7fe1fc09f4b0>,81,14,[1 8],82,-1,101,-1,87
1,<environment.Job instance at 0x7fe1fc09f280>,82,12,[5 6],83,-1,99,-1,87
1,<environment.Job instance at 0x7fe1fc09f690>,84,12,[5 1],85,-1,99,-1,87
1,<environment.Job instance at 0x7fe1fc09f0a0>,86,26,[ 2 10],87,-1,113,-1,87
1,<environment.Job instance at 0x7fe1fc4b6410>,2,18,[14  1],3,-1,21,-1,3
1,<environment.Job instance at 0x7fe1fbf6cc80>,3,24,[9 2],4,-1,28,-1,4
1,<environment.Job instance at 0x7fe1fd17e4b0>,5,15,[ 5 11],6,-1,21,-1,6
1,<environment.Job instance at 0x7fe1fc1a5af0>,8,16,[ 3 12],9,-1,25,-1,9
1,<environment.Job instance at 0x7fe205dfc370>,9,12,[ 3 12],10,-1,22,-1,10
1,<environment.Job instance at 0x7fe205dfce60>,10,13,[ 3 12],11,-1,24,-1,11
1,<environment.Job instance at 0x7fe205dfcfa0>,12,25,[11  2],13,-1,38,-1,13
1,<environment.Job instance at 0x7fe1fd17ac80>,13,1,[ 1 14],14,-1,15,-1,14
1,<environment.Job instance at 0x7fe1fbf6c1e0>,6,27,[2 7],7,-1,44,-1,17
1,<environment.Job instance at 0x7fe1fc08f4b0>,11,24,[ 4 10],12,-1,42,-1,18
1,<environment.Job instance at 0x7fe1fc5be3c0>,19,14,[ 2 11],20,-1,34,-1,20
1,<environment.Job instance at 0x7fe1fc00caf0>,33,13,[12  5],34,-1,90,-1,77
1,<environment.Job instance at 0x7fe1fc5c2c80>,37,28,[10  3],38,-1,121,-1,93
1,<environment.Job instance at 0x7fe1fc7c4be0>,41,16,[12  2],42,-1,121,-1,105
1,<environment.Job instance at 0x7fe1fc4d18c0>,42,15,[ 5 12],43,-1,120,-1,105
1,<environment.Job instance at 0x7fe1fc4d1690>,44,2,[13  3],45,-1,107,-1,105
1,<environment.Job instance at 0x7fe1fc02dc80>,46,15,[13  3],47,-1,134,-1,119
1,<environment.Job instance at 0x7fe1fc0d9e60>,1,23,[5 5],2,-1,25,-1,2
1,<environment.Job instance at 0x7fe1fc328d20>,4,15,[10  3],5,-1,22,-1,7
1,<environment.Job instance at 0x7fe1fc328a00>,6,13,[11  4],7,-1,20,-1,7
1,<environment.Job instance at 0x7fe1fc328dc0>,10,27,[10  3],11,-1,38,-1,11
1,<environment.Job instance at 0x7fe1fc2f33c0>,20,20,[3 8],21,-1,46,-1,26
1,<environment.Job instance at 0x7fe1fc8afe10>,0,26,[1 6],1,-1,27,-1,1
1,<environment.Job instance at 0x7fe1fbd84320>,1,23,[5 5],2,-1,25,-1,2
1,<environment.Job instance at 0x7fe1fd1603c0>,2,1,[12  2],3,-1,4,-1,3
1,<environment.Job instance at 0x7fe1fc8ed370>,3,15,[14  2],4,-1,19,-1,4
1,<environment.Job instance at 0x7fe1fc6986e0>,5,3,[12  1],6,-1,9,-1,6
1,<environment.Job instance at 0x7fe205a155a0>,6,13,[11  4],7,-1,20,-1,7
1,<environment.Job instance at 0x7fe1fccc0aa0>,8,3,[14  3],9,-1,12,-1,9
1,<environment.Job instance at 0x7fe1fd00acd0>,9,1,[14  5],10,-1,11,-1,10
1,<environment.Job instance at 0x7fe1fccb9d70>,7,28,[6 1],8,-1,48,-1,20
1,<environment.Job instance at 0x7fe1fd00a2d0>,10,27,[10  3],11,-1,47,-1,20
1,<environment.Job instance at 0x7fe1fc896500>,17,26,[3 6],18,-1,46,-1,20
1,<environment.Job instance at 0x7fe1fbd7d280>,19,21,[ 1 12],20,-1,41,-1,20
1,<environment.Job instance at 0x7fe1fcd00b40>,21,13,[13  4],22,-1,35,-1,22
1,<environment.Job instance at 0x7fe1fd157eb0>,24,17,[ 2 11],25,-1,42,-1,25
1,<environment.Job instance at 0x7fe1fc8f5dc0>,26,1,[ 2 11],27,-1,28,-1,27
1,<environment.Job instance at 0x7fe1fbe9c640>,22,24,[10  4],23,-1,57,-1,33
1,<environment.Job instance at 0x7fe1fc00c0a0>,29,2,[ 2 13],30,-1,35,-1,33
1,<environment.Job instance at 0x7fe1fc00cb40>,30,14,[ 1 13],31,-1,47,-1,33
1,<environment.Job instance at 0x7fe1fc00c7d0>,31,23,[9 4],32,-1,56,-1,33
1,<environment.Job instance at 0x7fe1fc5bedc0>,32,28,[8 5],33,-1,61,-1,33
1,<environment.Job instance at 0x7fe1fc4b3af0>,27,25,[7 5],28,-1,58,-1,33
1,<environment.Job instance at 0x7fe1fc1a5af0>,34,23,[8 4],35,-1,72,-1,49
1,<environment.Job instance at 0x7fe1fc5b6f00>,42,12,[11  5],43,-1,77,-1,65
1,<environment.Job instance at 0x7fe1fce39e60>,45,25,[12  1],46,-1,100,-1,75
1,<environment.Job instance at 0x7fe1fcdf6dc0>,48,19,[ 4 11],49,-1,108,-1,89
1,<environment.Job instance at 0x7fe1fc4d1370>,49,24,[9 5],50,-1,121,-1,97
1,<environment.Job instance at 0x7fe1fd1dd5f0>,2,17,[7 4],3,-1,21,-1,4
1,<environment.Job instance at 0x7fe1fc8c6e60>,3,16,[12  2],4,-1,20,-1,4
1,<environment.Job instance at 0x7fe1fd1b8190>,6,16,[3 9],7,-1,24,-1,8
1,<environment.Job instance at 0x7fe1fd1dd460>,7,21,[11  1],8,-1,29,-1,8
1,<environment.Job instance at 0x7fe1fc2b4b90>,0,18,[ 1 14],1,-1,19,-1,1
1,<environment.Job instance at 0x7fe1fbd6e1e0>,3,16,[12  2],4,-1,20,-1,4
1,<environment.Job instance at 0x7fe1fc43e690>,4,12,[11  2],5,-1,17,-1,5
1,<environment.Job instance at 0x7fe1fc09f410>,7,21,[11  1],8,-1,29,-1,8
1,<environment.Job instance at 0x7fe1fc09f3c0>,10,14,[11  2],11,-1,25,-1,11
1,<environment.Job instance at 0x7fe1fc09fc80>,9,24,[8 3],10,-1,41,-1,17
1,<environment.Job instance at 0x7fe1fc09f5f0>,12,25,[ 2 14],13,-1,42,-1,17
1,<environment.Job instance at 0x7fe1fc09faf0>,13,12,[ 3 13],14,-1,29,-1,17
1,<environment.Job instance at 0x7fe1fc09f4b0>,11,23,[ 5 10],12,-1,40,-1,17
1,<environment.Job instance at 0x7fe1fc098410>,23,13,[11  2],24,-1,58,-1,45
1,<environment.Job instance at 0x7fe1fc4d1370>,24,13,[12  3],25,-1,58,-1,45
1,<environment.Job instance at 0x7fe1fc4d1640>,28,24,[14  3],29,-1,87,-1,63
1,<environment.Job instance at 0x7fe205dfcfa0>,30,16,[ 3 12],31,-1,80,-1,64
1,<environment.Job instance at 0x7fe1fc7c4be0>,29,25,[ 5 10],30,-1,114,-1,89
1,<environment.Job instance at 0x7fe205a155a0>,37,18,[ 5 12],38,-1,110,-1,92
1,<environment.Job instance at 0x7fe1fbf4d9b0>,1,17,[ 1 10],2,-1,20,-1,3
1,<environment.Job instance at 0x7fe1fd213370>,3,28,[5 1],4,-1,32,-1,4
1,<environment.Job instance at 0x7fe1fd213960>,4,22,[8 3],5,-1,27,-1,5
1,<environment.Job instance at 0x7fe1fd213d70>,6,21,[ 1 11],7,-1,28,-1,7
1,<environment.Job instance at 0x7fe1fd213c80>,7,21,[9 1],8,-1,29,-1,8
1,<environment.Job instance at 0x7fe1fd213b90>,8,21,[8 2],9,-1,30,-1,9
1,<environment.Job instance at 0x7fe1fd2139b0>,9,16,[1 7],10,-1,26,-1,10
1,<environment.Job instance at 0x7fe1fd2133c0>,10,21,[8 3],11,-1,32,-1,11
1,<environment.Job instance at 0x7fe1fd2135f0>,11,18,[1 6],12,-1,30,-1,12
1,<environment.Job instance at 0x7fe1fd213500>,12,26,[2 9],13,-1,39,-1,13
1,<environment.Job instance at 0x7fe1fd213e60>,13,14,[5 5],14,-1,28,-1,14
1,<environment.Job instance at 0x7fe1fd213eb0>,15,17,[11  4],16,-1,33,-1,16
1,<environment.Job instance at 0x7fe1fc4f68c0>,18,15,[2 5],19,-1,34,-1,19
1,<environment.Job instance at 0x7fe1fc4f6780>,19,18,[9 5],20,-1,38,-1,20
1,<environment.Job instance at 0x7fe1fc4f6910>,21,26,[ 4 10],22,-1,48,-1,22
1,<environment.Job instance at 0x7fe1fc4f6640>,23,16,[1 9],24,-1,40,-1,24
1,<environment.Job instance at 0x7fe1fc4f6d20>,24,17,[2 6],25,-1,42,-1,25
1,<environment.Job instance at 0x7fe1fc4f6c80>,25,25,[5 5],26,-1,51,-1,26
1,<environment.Job instance at 0x7fe1fc5c2730>,26,26,[2 9],27,-1,53,-1,27
1,<environment.Job instance at 0x7fe1fbb1eaf0>,27,22,[5 3],28,-1,50,-1,28
1,<environment.Job instance at 0x7fe1fbb1e730>,35,28,[ 4 10],36,-1,68,-1,40
1,<environment.Job instance at 0x7fe1fbb1e410>,38,24,[2 6],39,-1,64,-1,40
1,<environment.Job instance at 0x7fe1fbb1e960>,39,15,[5 8],40,-1,55,-1,40
1,<environment.Job instance at 0x7fe1fbb1ed20>,40,18,[5 8],41,-1,62,-1,44
1,<environment.Job instance at 0x7fe1fbb7cb90>,0,2,[ 1 13],1,-1,3,-1,1
1,<environment.Job instance at 0x7fe1fbb7cc80>,2,28,[ 2 14],3,-1,31,-1,3
1,<environment.Job instance at 0x7fe1fbb7c910>,3,28,[5 1],4,-1,32,-1,4
1,<environment.Job instance at 0x7fe1fbb7c050>,6,21,[ 1 11],7,-1,28,-1,7
1,<environment.Job instance at 0x7fe1fc3696e0>,14,1,[ 2 13],15,-1,28,-1,27
1,<environment.Job instance at 0x7fe1fc3692d0>,15,17,[11  4],16,-1,44,-1,27
1,<environment.Job instance at 0x7fe1fc369e10>,16,27,[ 4 13],17,-1,54,-1,27
1,<environment.Job instance at 0x7fe1fc369820>,17,15,[14  1],18,-1,42,-1,27
1,<environment.Job instance at 0x7fe1fc369aa0>,12,26,[2 9],13,-1,61,-1,35
1,<environment.Job instance at 0x7fe1fc3694b0>,21,26,[ 4 10],22,-1,61,-1,35
1,<environment.Job instance at 0x7fe1fc3695a0>,25,25,[5 5],26,-1,61,-1,36
1,<environment.Job instance at 0x7fe1fc369e60>,26,26,[2 9],27,-1,67,-1,41
1,<environment.Job instance at 0x7fe1fc3697d0>,28,15,[12  4],29,-1,56,-1,41
1,<environment.Job instance at 0x7fe1fcdd9230>,29,27,[10  3],30,-1,68,-1,41
1,<environment.Job instance at 0x7fe1fcdd9d20>,30,1,[ 1 11],31,-1,42,-1,41
1,<environment.Job instance at 0x7fe1fcdd90f0>,31,18,[ 2 12],32,-1,59,-1,41
1,<environment.Job instance at 0x7fe1fcdd9aa0>,32,22,[ 2 11],33,-1,63,-1,41
1,<environment.Job instance at 0x7fe1fcdd9dc0>,33,23,[8 4],34,-1,64,-1,41
1,<environment.Job instance at 0x7fe1fcdd9140>,35,28,[ 4 10],36,-1,79,-1,51
1,<environment.Job instance at 0x7fe1fcdd9960>,38,24,[2 6],39,-1,78,-1,54
1,<environment.Job instance at 0x7fe2057ca690>,44,1,[11  5],45,-1,86,-1,85
1,<environment.Job instance at 0x7fe2057ca640>,45,14,[ 5 14],46,-1,99,-1,85
1,<environment.Job instance at 0x7fe2057ca870>,49,2,[ 5 13],50,-1,95,-1,93
1,<environment.Job instance at 0x7fe2057ca5a0>,47,25,[9 2],48,-1,128,-1,103
1,<environment.Job instance at 0x7fe1fcdd9460>,42,27,[ 2 10],43,-1,132,-1,105
1,<environment.Job instance at 0x7fe2057cae10>,52,13,[ 5 13],53,-1,118,-1,105
1,<environment.Job instance at 0x7fe1fc1890f0>,55,24,[5 1],56,-1,129,-1,105
1,<environment.Job instance at 0x7fe205ce8550>,56,13,[ 5 12],57,-1,118,-1,105
1,<environment.Job instance at 0x7fe1fc67f0a0>,5,21,[8 1],6,-1,28,-1,7
1,<environment.Job instance at 0x7fe1fc67fb90>,7,21,[9 1],8,-1,29,-1,8
1,<environment.Job instance at 0x7fe1fc67f1e0>,8,18,[7 3],9,-1,27,-1,9
1,<environment.Job instance at 0x7fe1fc67f410>,9,28,[9 4],10,-1,38,-1,10
1,<environment.Job instance at 0x7fe1fc0ae2d0>,11,19,[5 5],12,-1,31,-1,12
1,<environment.Job instance at 0x7fe1fc0ae870>,12,24,[8 4],13,-1,37,-1,13
1,<environment.Job instance at 0x7fe1fc0aea50>,15,22,[5 5],16,-1,38,-1,16
1,<environment.Job instance at 0x7fe1fc0ae4b0>,17,14,[4 9],18,-1,32,-1,18
1,<environment.Job instance at 0x7fe1fc0ae9b0>,18,26,[6 1],19,-1,45,-1,19
1,<environment.Job instance at 0x7fe1fc0aeb40>,22,15,[3 9],23,-1,38,-1,23
1,<environment.Job instance at 0x7fe1fc0ae3c0>,23,15,[5 5],24,-1,39,-1,24
1,<environment.Job instance at 0x7fe1fcaeca50>,27,15,[10  2],28,-1,43,-1,28
1,<environment.Job instance at 0x7fe1fcaec5a0>,28,25,[1 6],29,-1,54,-1,29
1,<environment.Job instance at 0x7fe1fcaec230>,29,26,[5 5],30,-1,56,-1,30
1,<environment.Job instance at 0x7fe1fcaecc80>,32,22,[5 8],33,-1,55,-1,33
1,<environment.Job instance at 0x7fe1fc67f5a0>,6,15,[ 3 13],7,-1,62,-1,47
1,<environment.Job instance at 0x7fe1fcaec1e0>,34,14,[14  4],35,-1,63,-1,49
1,<environment.Job instance at 0x7fe1fcaece10>,38,23,[3 6],39,-1,73,-1,50
1,<environment.Job instance at 0x7fe1fcdb1a00>,41,23,[2 6],42,-1,73,-1,50
1,<environment.Job instance at 0x7fe1fcdb1d20>,43,15,[5 5],44,-1,65,-1,50
1,<environment.Job instance at 0x7fe1fcdb1460>,45,24,[9 2],46,-1,74,-1,50
1,<environment.Job instance at 0x7fe1fcdb19b0>,46,13,[11  4],47,-1,63,-1,50
1,<environment.Job instance at 0x7fe1fcdb15f0>,47,17,[ 3 12],48,-1,67,-1,50
1,<environment.Job instance at 0x7fe1fc6c1320>,54,15,[ 5 12],55,-1,74,-1,59
1,<environment.Job instance at 0x7fe1fcdb1960>,44,22,[6 5],45,-1,83,-1,61
1,<environment.Job instance at 0x7fe1fc6c12d0>,53,16,[4 6],54,-1,77,-1,61
1,<environment.Job instance at 0x7fe1fc6c17d0>,60,16,[7 3],61,-1,77,-1,61
1,<environment.Job instance at 0x7fe1fc6c1690>,58,16,[2 7],59,-1,82,-1,66
1,<environment.Job instance at 0x7fe1fc6c1960>,63,28,[4 6],64,-1,94,-1,66
1,<environment.Job instance at 0x7fe1fc6c1f00>,65,20,[9 3],66,-1,94,-1,74
1,<environment.Job instance at 0x7fe1fc511500>,2,15,[12  2],3,-1,18,-1,3
1,<environment.Job instance at 0x7fe1fd1ffdc0>,6,15,[ 3 13],7,-1,22,-1,7
1,<environment.Job instance at 0x7fe1fc504640>,10,13,[ 5 11],11,-1,24,-1,11
1,<environment.Job instance at 0x7fe1fc504460>,12,24,[8 4],13,-1,39,-1,15
1,<environment.Job instance at 0x7fe1fc593b90>,18,26,[6 1],19,-1,56,-1,30
1,<environment.Job instance at 0x7fe1fc593c30>,19,3,[ 5 14],20,-1,33,-1,30
1,<environment.Job instance at 0x7fe1fc50fbe0>,20,3,[14  4],21,-1,33,-1,30
1,<environment.Job instance at 0x7fe1fc504e10>,9,28,[9 4],10,-1,62,-1,34
1,<environment.Job instance at 0x7fe1fba771e0>,26,2,[13  2],27,-1,36,-1,34
1,<environment.Job instance at 0x7fe1fcc4ba00>,28,25,[1 6],29,-1,69,-1,44
1,<environment.Job instance at 0x7fe205e054b0>,29,26,[5 5],30,-1,70,-1,44
1,<environment.Job instance at 0x7fe1fc13d140>,30,15,[12  2],31,-1,59,-1,44
1,<environment.Job instance at 0x7fe20587b9b0>,34,14,[14  4],35,-1,65,-1,51
1,<environment.Job instance at 0x7fe205e841e0>,38,23,[3 6],39,-1,101,-1,78
1,<environment.Job instance at 0x7fe1fbe11eb0>,41,23,[2 6],42,-1,102,-1,79
1,<environment.Job instance at 0x7fe1fbe112d0>,42,15,[ 3 13],43,-1,94,-1,79
1,<environment.Job instance at 0x7fe1fbe11190>,45,24,[9 2],46,-1,104,-1,80
1,<environment.Job instance at 0x7fe1fc230d70>,46,13,[11  4],47,-1,93,-1,80
1,<environment.Job instance at 0x7fe1fcc330a0>,47,17,[ 3 12],48,-1,97,-1,80
1,<environment.Job instance at 0x7fe1fbd93550>,50,2,[12  2],51,-1,94,-1,92
1,<environment.Job instance at 0x7fe1fc294370>,51,17,[13  5],52,-1,109,-1,92
1,<environment.Job instance at 0x7fe1fc1890a0>,54,15,[ 5 12],55,-1,109,-1,94
1,<environment.Job instance at 0x7fe1fbdf6640>,59,25,[10  5],60,-1,135,-1,110
1,<environment.Job instance at 0x7fe1fca85af0>,1,15,[9 2],2,-1,18,-1,3
1,<environment.Job instance at 0x7fe1fca852d0>,3,18,[ 5 11],4,-1,22,-1,4
1,<environment.Job instance at 0x7fe1fc759870>,2,19,[11  3],3,-1,23,-1,4
1,<environment.Job instance at 0x7fe1fc7aadc0>,0,3,[ 2 14],1,-1,4,-1,1
1,<environment.Job instance at 0x7fe1fc513730>,2,19,[11  3],3,-1,22,-1,3
1,<environment.Job instance at 0x7fe1fc513640>,3,18,[ 5 11],4,-1,22,-1,4
1,<environment.Job instance at 0x7fe1fc513e60>,4,21,[12  1],5,-1,26,-1,5
1,<environment.Job instance at 0x7fe1fc513aa0>,5,18,[12  4],6,-1,24,-1,6
1,<environment.Job instance at 0x7fe1fc513cd0>,6,26,[1 9],7,-1,33,-1,7
1,<environment.Job instance at 0x7fe1fc513be0>,9,26,[13  5],10,-1,36,-1,10
1,<environment.Job instance at 0x7fe1fc7aaf50>,10,25,[13  3],11,-1,36,-1,11
1,<environment.Job instance at 0x7fe1fc787fa0>,12,13,[ 3 12],13,-1,26,-1,13
1,<environment.Job instance at 0x7fe1fc4f86e0>,15,13,[12  1],16,-1,29,-1,16
1,<environment.Job instance at 0x7fe1fc4f8d70>,16,16,[ 5 11],17,-1,33,-1,17
1,<environment.Job instance at 0x7fe1fc7722d0>,17,16,[11  4],18,-1,34,-1,18
1,<environment.Job instance at 0x7fe1fbdfb9b0>,18,24,[3 5],19,-1,44,-1,20
1,<environment.Job instance at 0x7fe1fbb65e60>,20,19,[ 5 13],21,-1,40,-1,21
1,<environment.Job instance at 0x7fe1fbdfb280>,21,24,[2 5],22,-1,57,-1,33
1,<environment.Job instance at 0x7fe1fccf00a0>,25,26,[ 3 12],26,-1,60,-1,34
1,<environment.Job instance at 0x7fe1fbd6e1e0>,28,16,[13  4],29,-1,52,-1,36
1,<environment.Job instance at 0x7fe1fc5233c0>,29,28,[2 7],30,-1,65,-1,37
1,<environment.Job instance at 0x7fe1fbd6ee60>,26,26,[9 2],27,-1,72,-1,46
1,<environment.Job instance at 0x7fe1fc523910>,32,17,[ 3 13],33,-1,63,-1,46
1,<environment.Job instance at 0x7fe1fc5209b0>,34,20,[11  2],35,-1,66,-1,46
1,<environment.Job instance at 0x7fe1fc523c80>,33,28,[3 7],34,-1,77,-1,49
1,<environment.Job instance at 0x7fe1fc5204b0>,39,14,[ 5 13],40,-1,75,-1,61
1,<environment.Job instance at 0x7fe1fbdf63c0>,44,20,[11  4],45,-1,98,-1,78
1,<environment.Job instance at 0x7fe1fc189640>,45,27,[6 1],46,-1,105,-1,78
1,<environment.Job instance at 0x7fe1fbd932d0>,48,23,[2 6],49,-1,101,-1,78
1,<environment.Job instance at 0x7fe1fc2947d0>,51,27,[10  1],52,-1,107,-1,80
1,<environment.Job instance at 0x7fe1fd1978c0>,2,17,[9 4],3,-1,21,-1,4
1,<environment.Job instance at 0x7fe1fc78f460>,3,13,[12  1],4,-1,17,-1,4
1,<environment.Job instance at 0x7fe1fc777050>,6,18,[4 5],7,-1,28,-1,10
1,<environment.Job instance at 0x7fe1fc777b90>,14,16,[4 6],15,-1,31,-1,15
1,<environment.Job instance at 0x7fe205e03f50>,23,28,[ 1 14],24,-1,65,-1,37
1,<environment.Job instance at 0x7fe205e03d70>,20,15,[10  4],21,-1,52,-1,37
1,<environment.Job instance at 0x7fe205e03b90>,24,18,[ 2 14],25,-1,55,-1,37
1,<environment.Job instance at 0x7fe205e03b40>,27,20,[4 8],28,-1,57,-1,37
1,<environment.Job instance at 0x7fe1fc7fd550>,30,15,[2 6],31,-1,54,-1,39
1,<environment.Job instance at 0x7fe205e03dc0>,25,25,[ 4 10],26,-1,64,-1,39
1,<environment.Job instance at 0x7fe1fc7fdfa0>,32,18,[10  2],33,-1,61,-1,43
1,<environment.Job instance at 0x7fe1fc7fd730>,29,27,[2 9],30,-1,70,-1,43
1,<environment.Job instance at 0x7fe1fc7fdf50>,31,18,[ 5 10],32,-1,61,-1,43
1,<environment.Job instance at 0x7fe1fc7fd0f0>,35,22,[8 1],36,-1,65,-1,43
1,<environment.Job instance at 0x7fe1fc7fd280>,34,23,[10  1],35,-1,67,-1,44
1,<environment.Job instance at 0x7fe1fc1ef1e0>,1,28,[14  5],2,-1,30,-1,2
1,<environment.Job instance at 0x7fe1fc1ef230>,3,13,[12  1],4,-1,17,-1,4
1,<environment.Job instance at 0x7fe1fc1ef0f0>,4,28,[ 5 11],5,-1,33,-1,5
1,<environment.Job instance at 0x7fe1fc202aa0>,12,13,[ 4 14],13,-1,26,-1,13
1,<environment.Job instance at 0x7fe1fc22cb40>,17,1,[ 4 12],18,-1,26,-1,25
1,<environment.Job instance at 0x7fe1fc22ca50>,19,16,[13  1],20,-1,41,-1,25
1,<environment.Job instance at 0x7fe1fc215190>,22,3,[13  2],23,-1,41,-1,38
1,<environment.Job instance at 0x7fe1fc215320>,23,28,[ 1 14],24,-1,66,-1,38
1,<environment.Job instance at 0x7fe1fd057960>,24,18,[ 2 14],25,-1,56,-1,38
1,<environment.Job instance at 0x7fe1fd0578c0>,25,25,[ 4 10],26,-1,66,-1,41
1,<environment.Job instance at 0x7fe1fd0579b0>,26,24,[11  5],27,-1,65,-1,41
1,<environment.Job instance at 0x7fe1fd062dc0>,29,27,[2 9],30,-1,68,-1,41
1,<environment.Job instance at 0x7fe1fd07ee60>,33,13,[ 2 14],34,-1,69,-1,56
1,<environment.Job instance at 0x7fe1fd07ef50>,34,23,[10  1],35,-1,92,-1,69
1,<environment.Job instance at 0x7fe1fc3e5280>,36,14,[14  4],37,-1,83,-1,69
1,<environment.Job instance at 0x7fe1fc3e5aa0>,37,13,[ 5 14],38,-1,82,-1,69
1,<environment.Job instance at 0x7fe1fd054b90>,38,27,[3 9],39,-1,96,-1,69
1,<environment.Job instance at 0x7fe1fcab5550>,39,28,[3 8],40,-1,97,-1,69
1,<environment.Job instance at 0x7fe1fd054460>,41,17,[ 1 11],42,-1,86,-1,69
1,<environment.Job instance at 0x7fe1ff24f5a0>,43,1,[ 4 13],44,-1,73,-1,72
1,<environment.Job instance at 0x7fe1fd075e60>,44,3,[ 5 13],45,-1,75,-1,72
1,<environment.Job instance at 0x7fe1fbaef3c0>,46,1,[ 1 14],47,-1,85,-1,84
1,<environment.Job instance at 0x7fe1fd1a7730>,47,16,[11  4],48,-1,100,-1,84
1,<environment.Job instance at 0x7fe1fd0543c0>,40,23,[ 5 10],41,-1,108,-1,85
1,<environment.Job instance at 0x7fe1fbb279b0>,51,16,[13  2],52,-1,113,-1,97
1,<environment.Job instance at 0x7fe1fbb080a0>,52,14,[ 2 13],53,-1,111,-1,97
1,<environment.Job instance at 0x7fe1fbb08c30>,53,18,[13  1],54,-1,115,-1,97
1,<environment.Job instance at 0x7fe1fbb086e0>,54,21,[ 2 12],55,-1,118,-1,97
1,<environment.Job instance at 0x7fe1fc2058c0>,56,26,[13  3],57,-1,125,-1,99
1,<environment.Job instance at 0x7fe1ff2558c0>,57,24,[12  5],58,-1,123,-1,99
1,<environment.Job instance at 0x7fe1fbc34d70>,59,27,[7 3],60,-1,145,-1,118
1,<environment.Job instance at 0x7fe1fc384dc0>,0,12,[10  3],1,-1,14,-1,2
1,<environment.Job instance at 0x7fe1fc384cd0>,2,20,[ 4 10],3,-1,23,-1,3
1,<environment.Job instance at 0x7fe1fc3845a0>,5,14,[ 4 10],6,-1,20,-1,6
1,<environment.Job instance at 0x7fe1fc3840a0>,7,14,[11  4],8,-1,22,-1,8
1,<environment.Job instance at 0x7fe1fc384960>,8,24,[ 4 11],9,-1,33,-1,9
1,<environment.Job instance at 0x7fe1fc384230>,9,24,[4 8],10,-1,34,-1,10
1,<environment.Job instance at 0x7fe1fc3ac870>,10,21,[9 5],11,-1,32,-1,11
1,<environment.Job instance at 0x7fe1fc3aca00>,11,25,[5 4],12,-1,37,-1,12
1,<environment.Job instance at 0x7fe1fc384780>,1,13,[10  4],2,-1,26,-1,13
1,<environment.Job instance at 0x7fe1fc384fa0>,13,12,[3 5],14,-1,29,-1,17
1,<environment.Job instance at 0x7fe1fc3accd0>,16,26,[8 5],17,-1,43,-1,17
1,<environment.Job instance at 0x7fe1fc3ac5f0>,17,20,[9 5],18,-1,38,-1,18
1,<environment.Job instance at 0x7fe1fc3acdc0>,18,16,[4 9],19,-1,36,-1,20
1,<environment.Job instance at 0x7fe1fc3ac690>,21,15,[6 4],22,-1,37,-1,22
1,<environment.Job instance at 0x7fe1fc3acd70>,24,23,[6 2],25,-1,48,-1,25
1,<environment.Job instance at 0x7fe1fc381d70>,28,17,[1 6],29,-1,46,-1,29
1,<environment.Job instance at 0x7fe1fc3ac050>,19,18,[12  1],20,-1,48,-1,30
1,<environment.Job instance at 0x7fe1fc381e10>,29,13,[9 4],30,-1,44,-1,31
1,<environment.Job instance at 0x7fe1fc395730>,38,23,[4 8],39,-1,62,-1,39
1,<environment.Job instance at 0x7fe1fc395960>,40,15,[1 6],41,-1,56,-1,41
1,<environment.Job instance at 0x7fe1fc395be0>,41,26,[2 8],42,-1,68,-1,42
1,<environment.Job instance at 0x7fe1fc395e60>,42,21,[5 4],43,-1,64,-1,43
1,<environment.Job instance at 0x7fe1fc395500>,48,17,[4 6],49,-1,73,-1,56
1,<environment.Job instance at 0x7fe1fc395820>,49,26,[6 5],50,-1,82,-1,56
1,<environment.Job instance at 0x7fe1fc381190>,30,13,[4 8],31,-1,73,-1,60
1,<environment.Job instance at 0x7fe1fc395fa0>,47,14,[3 8],48,-1,74,-1,60
1,<environment.Job instance at 0x7fe1fc3959b0>,43,13,[12  5],44,-1,73,-1,60
1,<environment.Job instance at 0x7fe1fc532780>,6,2,[ 1 11],7,-1,9,-1,7
1,<environment.Job instance at 0x7fe1fc381cd0>,7,14,[11  4],8,-1,22,-1,8
1,<environment.Job instance at 0x7fe1fc395af0>,8,24,[ 4 11],9,-1,33,-1,9
1,<environment.Job instance at 0x7fe1fc3951e0>,9,24,[4 8],10,-1,47,-1,23
1,<environment.Job instance at 0x7fe1fc3957d0>,11,25,[5 4],12,-1,48,-1,23
1,<environment.Job instance at 0x7fe1fc3bb5a0>,16,26,[8 5],17,-1,52,-1,26
1,<environment.Job instance at 0x7fe1fc384410>,19,18,[12  1],20,-1,44,-1,26
1,<environment.Job instance at 0x7fe1fca8bc80>,25,1,[11  4],26,-1,41,-1,40
1,<environment.Job instance at 0x7fe1fca8be10>,26,3,[ 1 12],27,-1,43,-1,40
1,<environment.Job instance at 0x7fe1fca8b460>,27,14,[12  1],28,-1,54,-1,40
1,<environment.Job instance at 0x7fe1fca8bbe0>,24,23,[6 2],25,-1,66,-1,43
1,<environment.Job instance at 0x7fe1fc567230>,32,2,[ 1 11],33,-1,56,-1,54
1,<environment.Job instance at 0x7fe1fc567550>,34,18,[12  5],35,-1,72,-1,54
1,<environment.Job instance at 0x7fe1fc567050>,35,20,[13  1],36,-1,74,-1,54
1,<environment.Job instance at 0x7fe1fc567410>,36,17,[ 5 13],37,-1,71,-1,54
1,<environment.Job instance at 0x7fe1fc567af0>,38,23,[4 8],39,-1,82,-1,59
1,<environment.Job instance at 0x7fe1fc5674b0>,43,13,[12  5],44,-1,97,-1,84
1,<environment.Job instance at 0x7fe1fc5676e0>,41,26,[2 8],42,-1,110,-1,84
1,<environment.Job instance at 0x7fe1fc567eb0>,45,14,[ 2 11],46,-1,98,-1,84
1,<environment.Job instance at 0x7fe1fc567280>,49,26,[6 5],50,-1,125,-1,99
1,<environment.Job instance at 0x7fe1fc567730>,51,22,[13  2],52,-1,121,-1,99
1,<environment.Job instance at 0x7fe1fb975960>,0,22,[4 9],1,-1,23,-1,1
1,<environment.Job instance at 0x7fe1fb9758c0>,2,14,[9 2],3,-1,18,-1,4
1,<environment.Job instance at 0x7fe1fc567f50>,4,15,[ 3 11],5,-1,20,-1,5
1,<environment.Job instance at 0x7fe1fc567370>,5,20,[ 4 12],6,-1,26,-1,6
1,<environment.Job instance at 0x7fe1fc567550>,7,17,[ 3 14],8,-1,25,-1,8
1,<environment.Job instance at 0x7fe1fc5676e0>,1,23,[2 9],2,-1,46,-1,23
1,<environment.Job instance at 0x7fe1fd1d8230>,12,2,[14  1],13,-1,25,-1,23
1,<environment.Job instance at 0x7fe1fc567780>,6,28,[5 8],7,-1,51,-1,23
1,<environment.Job instance at 0x7fe1fc384050>,15,25,[2 8],16,-1,48,-1,23
1,<environment.Job instance at 0x7fe1fc567320>,8,27,[ 3 10],9,-1,50,-1,23
1,<environment.Job instance at 0x7fe1fc381320>,19,2,[ 5 11],20,-1,25,-1,23
1,<environment.Job instance at 0x7fe1fb975730>,26,24,[14  3],27,-1,85,-1,61
1,<environment.Job instance at 0x7fe1fb975d20>,29,2,[13  4],30,-1,79,-1,77
1,<environment.Job instance at 0x7fe1fc6a4b40>,30,22,[12  2],31,-1,99,-1,77
1,<environment.Job instance at 0x7fe1fc6a45a0>,32,2,[14  5],33,-1,82,-1,80
1,<environment.Job instance at 0x7fe1fc6a4cd0>,33,28,[ 3 11],34,-1,108,-1,80
1,<environment.Job instance at 0x7fe1fc6a4f00>,34,12,[ 2 14],35,-1,92,-1,80
1,<environment.Job instance at 0x7fe1fc6a4370>,35,18,[14  4],36,-1,98,-1,80
1,<environment.Job instance at 0x7fe1fc6a40f0>,36,14,[12  5],37,-1,94,-1,80
1,<environment.Job instance at 0x7fe1fc6a4820>,37,28,[9 4],38,-1,121,-1,93
1,<environment.Job instance at 0x7fe1fc6a4dc0>,38,28,[13  4],39,-1,121,-1,93
1,<environment.Job instance at 0x7fe1fc6a4960>,39,16,[ 3 13],40,-1,109,-1,93
1,<environment.Job instance at 0x7fe1fc6a4b90>,41,1,[ 2 13],42,-1,94,-1,93
1,<environment.Job instance at 0x7fe205b82870>,45,18,[ 4 12],46,-1,125,-1,107
1,<environment.Job instance at 0x7fe1fba0d500>,0,1,[14  4],1,-1,2,-1,1
1,<environment.Job instance at 0x7fe1fba0d050>,1,2,[14  4],2,-1,4,-1,2
1,<environment.Job instance at 0x7fe1fba0dc30>,2,24,[2 9],3,-1,27,-1,3
1,<environment.Job instance at 0x7fe1fba0d4b0>,3,12,[ 2 12],4,-1,16,-1,4
1,<environment.Job instance at 0x7fe2057cadc0>,4,14,[13  4],5,-1,19,-1,5
1,<environment.Job instance at 0x7fe2057caa50>,5,20,[ 3 11],6,-1,26,-1,6
1,<environment.Job instance at 0x7fe2057ca960>,7,16,[14  4],8,-1,24,-1,8
1,<environment.Job instance at 0x7fe2057cae60>,10,2,[ 3 14],11,-1,13,-1,11
1,<environment.Job instance at 0x7fe2057cafa0>,12,27,[7 4],13,-1,54,-1,27
1,<environment.Job instance at 0x7fe2057ca500>,19,13,[12  3],20,-1,40,-1,27
1,<environment.Job instance at 0x7fe2057ca190>,17,24,[6 3],18,-1,51,-1,27
1,<environment.Job instance at 0x7fe205b82140>,22,23,[ 3 11],23,-1,50,-1,27
1,<environment.Job instance at 0x7fe205b82e10>,23,14,[ 4 13],24,-1,41,-1,27
1,<environment.Job instance at 0x7fe205b82fa0>,24,26,[9 3],25,-1,53,-1,27
1,<environment.Job instance at 0x7fe205b82eb0>,27,20,[ 4 14],28,-1,48,-1,28
1,<environment.Job instance at 0x7fe205b82410>,29,14,[12  5],30,-1,44,-1,30
1,<environment.Job instance at 0x7fe205b82690>,30,25,[ 5 12],31,-1,56,-1,31
1,<environment.Job instance at 0x7fe2057ca9b0>,18,28,[2 8],19,-1,65,-1,37
1,<environment.Job instance at 0x7fe205b820f0>,32,2,[14  2],33,-1,39,-1,37
1,<environment.Job instance at 0x7fe1fc0d6230>,34,23,[6 4],35,-1,68,-1,45
1,<environment.Job instance at 0x7fe205b820a0>,36,20,[ 1 11],37,-1,65,-1,45
1,<environment.Job instance at 0x7fe205b82dc0>,38,18,[ 5 13],39,-1,63,-1,45
1,<environment.Job instance at 0x7fe1fc01edc0>,41,28,[1 5],42,-1,99,-1,71
1,<environment.Job instance at 0x7fe1fb8f90a0>,43,25,[8 1],44,-1,99,-1,74
1,<environment.Job instance at 0x7fe1fc01e370>,45,12,[12  3],46,-1,86,-1,74
1,<environment.Job instance at 0x7fe1fc1b7b90>,48,25,[4 5],49,-1,101,-1,76
1,<environment.Job instance at 0x7fe1fbdbd5f0>,51,28,[13  4],52,-1,115,-1,87
1,<environment.Job instance at 0x7fe1fc4b6af0>,52,20,[13  2],53,-1,107,-1,87
1,<environment.Job instance at 0x7fe1fbdb4820>,53,14,[12  3],54,-1,101,-1,87
1,<environment.Job instance at 0x7fe1fc4236e0>,54,17,[ 5 13],55,-1,104,-1,87
1,<environment.Job instance at 0x7fe1fbe275a0>,56,18,[13  4],57,-1,108,-1,90
1,<environment.Job instance at 0x7fe1fce85c80>,49,25,[10  3],50,-1,128,-1,103
1,<environment.Job instance at 0x7fe1fcc678c0>,59,16,[ 2 11],60,-1,119,-1,103
1,<environment.Job instance at 0x7fe1fcba1730>,61,25,[2 5],62,-1,129,-1,104
1,<environment.Job instance at 0x7fe1fc011550>,68,23,[ 3 14],69,-1,140,-1,117
1,<environment.Job instance at 0x7fe1fc08d7d0>,69,21,[ 5 13],70,-1,138,-1,117
1,<environment.Job instance at 0x7fe1fc4d5eb0>,70,16,[ 3 14],71,-1,133,-1,117
1,<environment.Job instance at 0x7fe1fc340c80>,9,22,[4 8],10,-1,32,-1,10
1,<environment.Job instance at 0x7fe1fc340870>,11,17,[ 2 10],12,-1,30,-1,13
1,<environment.Job instance at 0x7fe1fc340190>,13,16,[ 1 10],14,-1,30,-1,14
1,<environment.Job instance at 0x7fe1fc340e10>,14,22,[3 5],15,-1,37,-1,15
1,<environment.Job instance at 0x7fe1fc0e9a50>,16,17,[5 4],17,-1,34,-1,17
1,<environment.Job instance at 0x7fe1fc0e9b90>,17,16,[1 6],18,-1,34,-1,18
1,<environment.Job instance at 0x7fe1fc340500>,12,22,[4 7],13,-1,43,-1,21
1,<environment.Job instance at 0x7fe1fc0e9320>,20,20,[1 7],21,-1,42,-1,22
1,<environment.Job instance at 0x7fe1fc0e99b0>,22,16,[3 8],23,-1,39,-1,23
1,<environment.Job instance at 0x7fe1fc0e9910>,25,28,[1 7],26,-1,54,-1,26
1,<environment.Job instance at 0x7fe1fc0e92d0>,21,18,[9 3],22,-1,45,-1,27
1,<environment.Job instance at 0x7fe1fc359690>,29,13,[13  5],30,-1,50,-1,37
1,<environment.Job instance at 0x7fe1fb9214b0>,34,17,[ 5 14],35,-1,54,-1,37
1,<environment.Job instance at 0x7fe1fc3407d0>,4,23,[ 1 11],5,-1,60,-1,37
1,<environment.Job instance at 0x7fe1fb921320>,36,16,[3 6],37,-1,53,-1,37
1,<environment.Job instance at 0x7fe1fb921280>,37,28,[ 3 13],38,-1,66,-1,38
1,<environment.Job instance at 0x7fe1fb921190>,38,13,[1 7],39,-1,53,-1,40
1,<environment.Job instance at 0x7fe1fb921550>,40,18,[8 2],41,-1,59,-1,41
1,<environment.Job instance at 0x7fe1fb921460>,47,15,[9 4],48,-1,69,-1,54
1,<environment.Job instance at 0x7fe1fc013870>,0,25,[ 1 14],1,-1,26,-1,1
1,<environment.Job instance at 0x7fe1fc4755f0>,2,26,[14  4],3,-1,29,-1,3
1,<environment.Job instance at 0x7fe1fc0135f0>,4,23,[ 1 11],5,-1,28,-1,5
1,<environment.Job instance at 0x7fe1fc4a9190>,19,15,[12  3],20,-1,49,-1,34
1,<environment.Job instance at 0x7fe1fc021780>,24,3,[14  3],25,-1,54,-1,51
1,<environment.Job instance at 0x7fe1fc021690>,25,28,[1 7],26,-1,90,-1,62
1,<environment.Job instance at 0x7fe1fc4236e0>,27,14,[ 1 13],28,-1,76,-1,62
1,<environment.Job instance at 0x7fe1fcbb8820>,29,13,[13  5],30,-1,75,-1,62
1,<environment.Job instance at 0x7fe1fc3f4a50>,30,3,[12  1],31,-1,65,-1,62
1,<environment.Job instance at 0x7fe1fca74960>,32,24,[ 2 12],33,-1,87,-1,63
1,<environment.Job instance at 0x7fe1fc1b7b90>,34,17,[ 5 14],35,-1,85,-1,68
1,<environment.Job instance at 0x7fe1fc0a70f0>,37,28,[ 3 13],38,-1,106,-1,78
1,<environment.Job instance at 0x7fe1fc0e94b0>,39,2,[14  1],40,-1,80,-1,78
1,<environment.Job instance at 0x7fe1fc0e9410>,41,12,[ 4 12],42,-1,93,-1,81
1,<environment.Job instance at 0x7fe1fb921b90>,42,12,[12  5],43,-1,93,-1,81
1,<environment.Job instance at 0x7fe1fbd311e0>,44,14,[12  2],45,-1,96,-1,82
1,<environment.Job instance at 0x7fe1fc340230>,46,15,[ 1 12],47,-1,113,-1,98
1,<environment.Job instance at 0x7fe1fc340460>,49,23,[5 9],50,-1,135,-1,112
1,<environment.Job instance at 0x7fe1fc340e60>,51,23,[4 7],52,-1,135,-1,112
1,<environment.Job instance at 0x7fe1fcba50a0>,53,20,[ 2 12],54,-1,132,-1,112
1,<environment.Job instance at 0x7fe1fc0ce280>,55,24,[5 1],56,-1,139,-1,115
1,<environment.Job instance at 0x7fe1fc0ce550>,54,25,[9 4],55,-1,141,-1,116
1,<environment.Job instance at 0x7fe1fc5790f0>,0,23,[5 5],1,-1,24,-1,1
1,<environment.Job instance at 0x7fe1fc65eeb0>,4,14,[8 2],5,-1,20,-1,6
1,<environment.Job instance at 0x7fe1fc580cd0>,5,18,[4 9],6,-1,24,-1,6
1,<environment.Job instance at 0x7fe1fc64e4b0>,11,15,[9 5],12,-1,29,-1,14
1,<environment.Job instance at 0x7fe1fc64e6e0>,15,28,[6 3],16,-1,44,-1,16
1,<environment.Job instance at 0x7fe1fc64e780>,16,17,[7 1],17,-1,34,-1,17
1,<environment.Job instance at 0x7fe1fc64e820>,17,13,[9 3],18,-1,31,-1,18
1,<environment.Job instance at 0x7fe1fc64e960>,19,27,[6 2],20,-1,47,-1,20
1,<environment.Job instance at 0x7fe1fc64e320>,13,12,[10  1],14,-1,37,-1,25
1,<environment.Job instance at 0x7fe1fc64ebe0>,25,16,[ 2 13],26,-1,43,-1,27
1,<environment.Job instance at 0x7fe1fc64e410>,22,18,[ 5 13],23,-1,47,-1,29
1,<environment.Job instance at 0x7fe1fc64edc0>,27,21,[1 9],28,-1,50,-1,29
1,<environment.Job instance at 0x7fe1fc6500a0>,29,17,[5 8],30,-1,47,-1,30
1,<environment.Job instance at 0x7fe1fc6501e0>,30,14,[7 5],31,-1,45,-1,31
1,<environment.Job instance at 0x7fe1fc6505f0>,35,17,[11  1],36,-1,62,-1,45
1,<environment.Job instance at 0x7fe1fc64efa0>,28,17,[3 5],29,-1,64,-1,47
1,<environment.Job instance at 0x7fe1fc650730>,36,13,[12  1],37,-1,60,-1,47
1,<environment.Job instance at 0x7fe1fc64eeb0>,26,24,[7 1],27,-1,71,-1,47
1,<environment.Job instance at 0x7fe1fc650910>,38,16,[5 5],39,-1,63,-1,47
1,<environment.Job instance at 0x7fe1fc650aa0>,41,27,[4 9],42,-1,74,-1,47
1,<environment.Job instance at 0x7fe1fc650af0>,42,16,[4 6],43,-1,63,-1,47
1,<environment.Job instance at 0x7fe1fc650cd0>,44,15,[2 8],45,-1,62,-1,47
1,<environment.Job instance at 0x7fe1fbff1370>,0,23,[5 5],1,-1,24,-1,1
1,<environment.Job instance at 0x7fe1fbff1c80>,6,16,[11  2],7,-1,23,-1,7
1,<environment.Job instance at 0x7fe1fc090550>,7,16,[ 4 12],8,-1,24,-1,8
1,<environment.Job instance at 0x7fe1fbff10f0>,9,1,[14  3],10,-1,11,-1,10
1,<environment.Job instance at 0x7fe1fc0905f0>,12,2,[ 2 14],13,-1,15,-1,13
1,<environment.Job instance at 0x7fe1fc090eb0>,14,25,[ 1 11],15,-1,42,-1,17
1,<environment.Job instance at 0x7fe1fc090d70>,15,28,[6 3],16,-1,47,-1,19
1,<environment.Job instance at 0x7fe1fc0905a0>,18,3,[ 5 13],19,-1,31,-1,28
1,<environment.Job instance at 0x7fe1fc0901e0>,19,27,[6 2],20,-1,60,-1,33
1,<environment.Job instance at 0x7fe1fc0904b0>,22,18,[ 5 13],23,-1,54,-1,36
1,<environment.Job instance at 0x7fe1fc4b7e10>,25,16,[ 2 13],26,-1,68,-1,52
1,<environment.Job instance at 0x7fe1fc090050>,24,23,[3 8],25,-1,86,-1,63
1,<environment.Job instance at 0x7fe1fc4b7c80>,26,24,[7 1],27,-1,88,-1,64
1,<environment.Job instance at 0x7fe1fc4b7780>,31,27,[ 4 13],32,-1,91,-1,64
1,<environment.Job instance at 0x7fe1fc4b7140>,33,18,[ 2 13],34,-1,95,-1,77
1,<environment.Job instance at 0x7fe1fc4b7d20>,35,17,[11  1],36,-1,94,-1,77
1,<environment.Job instance at 0x7fe1fc4b75f0>,36,13,[12  1],37,-1,90,-1,77
1,<environment.Job instance at 0x7fe1fc4b7820>,41,27,[4 9],42,-1,117,-1,90
1,<environment.Job instance at 0x7fe1fc0ce1e0>,43,19,[ 1 11],44,-1,109,-1,90
1,<environment.Job instance at 0x7fe1fc0ce910>,45,3,[14  5],46,-1,93,-1,90
1,<environment.Job instance at 0x7fe1fc0ce500>,47,18,[12  5],48,-1,114,-1,96
1,<environment.Job instance at 0x7fe1fc0ceaf0>,48,3,[14  5],49,-1,99,-1,96
1,<environment.Job instance at 0x7fe1fc0cea50>,50,16,[ 2 12],51,-1,119,-1,103
1,<environment.Job instance at 0x7fe1fc0cea00>,52,18,[12  1],53,-1,123,-1,105
1,<environment.Job instance at 0x7fe1fc0ce280>,55,21,[12  4],56,-1,133,-1,112
1,<environment.Job instance at 0x7fe1fc340cd0>,56,14,[ 3 12],57,-1,126,-1,112
1,<environment.Job instance at 0x7fe1fbd311e0>,58,2,[11  5],59,-1,114,-1,112
1,<environment.Job instance at 0x7fe1fce24140>,2,18,[1 8],3,-1,22,-1,4
1,<environment.Job instance at 0x7fe1fce247d0>,8,13,[3 8],9,-1,22,-1,9
1,<environment.Job instance at 0x7fe1fcd21910>,9,23,[4 8],10,-1,33,-1,10
1,<environment.Job instance at 0x7fe1fcd21730>,10,15,[1 9],11,-1,26,-1,11
1,<environment.Job instance at 0x7fe1fcd21a00>,11,18,[10  4],12,-1,30,-1,12
1,<environment.Job instance at 0x7fe1fcd21f50>,12,14,[ 4 10],13,-1,27,-1,13
1,<environment.Job instance at 0x7fe1fcd21140>,15,18,[ 1 11],16,-1,34,-1,16
1,<environment.Job instance at 0x7fe1fcd21b90>,17,15,[ 5 10],18,-1,33,-1,18
1,<environment.Job instance at 0x7fe1fcd217d0>,19,16,[6 1],20,-1,36,-1,20
1,<environment.Job instance at 0x7fe1fcd219b0>,21,17,[8 3],22,-1,39,-1,22
1,<environment.Job instance at 0x7fe1fc5670f0>,25,19,[6 1],26,-1,45,-1,26
1,<environment.Job instance at 0x7fe1fc567690>,27,17,[ 1 11],28,-1,45,-1,28
1,<environment.Job instance at 0x7fe1fc567190>,28,17,[1 7],29,-1,46,-1,29
1,<environment.Job instance at 0x7fe1fc5679b0>,29,13,[8 2],30,-1,43,-1,30
1,<environment.Job instance at 0x7fe1fc5678c0>,31,13,[10  3],32,-1,45,-1,32
1,<environment.Job instance at 0x7fe1fb982c30>,32,17,[3 6],33,-1,50,-1,33
1,<environment.Job instance at 0x7fe1fb982b40>,33,25,[ 5 10],34,-1,59,-1,34
1,<environment.Job instance at 0x7fe1fb982550>,34,18,[6 3],35,-1,53,-1,35
1,<environment.Job instance at 0x7fe1fb982af0>,36,25,[5 8],37,-1,62,-1,37
1,<environment.Job instance at 0x7fe1fb9821e0>,37,28,[3 6],38,-1,66,-1,38
1,<environment.Job instance at 0x7fe1fb982c80>,38,20,[9 1],39,-1,59,-1,39
1,<environment.Job instance at 0x7fe1fb9822d0>,39,17,[2 8],40,-1,57,-1,40
1,<environment.Job instance at 0x7fe1fb982cd0>,41,18,[7 1],42,-1,60,-1,42
1,<environment.Job instance at 0x7fe1fb982320>,42,28,[5 3],43,-1,71,-1,43
1,<environment.Job instance at 0x7fe1fb982280>,43,23,[10  1],44,-1,67,-1,44
1,<environment.Job instance at 0x7fe1fb982eb0>,44,21,[7 1],45,-1,66,-1,45
1,<environment.Job instance at 0x7fe1fd06f1e0>,48,17,[9 4],49,-1,66,-1,49
1,<environment.Job instance at 0x7fe1fd06f2d0>,51,24,[7 2],52,-1,76,-1,52
1,<environment.Job instance at 0x7fe1fc650500>,0,23,[12  5],1,-1,24,-1,1
1,<environment.Job instance at 0x7fe1fc7c5dc0>,1,2,[ 5 14],2,-1,4,-1,2
1,<environment.Job instance at 0x7fe1fc64e5f0>,4,13,[12  3],5,-1,18,-1,5
1,<environment.Job instance at 0x7fe1fc13d690>,5,12,[ 5 11],6,-1,18,-1,6
1,<environment.Job instance at 0x7fe1fc013460>,9,23,[4 8],10,-1,44,-1,21
1,<environment.Job instance at 0x7fe1fc42deb0>,14,2,[14  1],15,-1,31,-1,29
1,<environment.Job instance at 0x7fe1fc472d20>,15,18,[ 1 11],16,-1,47,-1,29
1,<environment.Job instance at 0x7fe1fc472b40>,16,2,[14  5],17,-1,31,-1,29
1,<environment.Job instance at 0x7fe1fc483a50>,18,2,[12  5],19,-1,36,-1,34
1,<environment.Job instance at 0x7fe1fc481be0>,20,2,[ 2 12],21,-1,47,-1,45
1,<environment.Job instance at 0x7fe1fc36ac80>,26,2,[ 3 14],27,-1,64,-1,62
1,<environment.Job instance at 0x7fe1fc486a50>,27,17,[ 1 11],28,-1,79,-1,62
1,<environment.Job instance at 0x7fe1fcbb8190>,30,15,[14  2],31,-1,78,-1,63
1,<environment.Job instance at 0x7fe1fc4b5190>,33,25,[ 5 10],34,-1,105,-1,80
1,<environment.Job instance at 0x7fe1fc62dc30>,35,3,[14  4],36,-1,83,-1,80
1,<environment.Job instance at 0x7fe1fc0d6230>,37,28,[3 6],38,-1,122,-1,94
1,<environment.Job instance at 0x7fe1fc62d7d0>,36,25,[5 8],37,-1,119,-1,94
1,<environment.Job instance at 0x7fe1fc0a70f0>,42,28,[5 3],43,-1,137,-1,109
1,<environment.Job instance at 0x7fe1fc4b9050>,46,24,[11  2],47,-1,133,-1,109
1,<environment.Job instance at 0x7fe1fc9b05f0>,5,16,[3 8],6,-1,23,-1,7
1,<environment.Job instance at 0x7fe1fc9b0370>,8,21,[8 4],9,-1,32,-1,11
1,<environment.Job instance at 0x7fe1fbbb6230>,10,21,[6 4],11,-1,32,-1,11
1,<environment.Job instance at 0x7fe1fc9b0cd0>,11,12,[3 9],12,-1,33,-1,21
1,<environment.Job instance at 0x7fe1fbbbfbe0>,21,15,[11  3],22,-1,37,-1,22
1,<environment.Job instance at 0x7fe1fbbbf820>,19,20,[9 5],20,-1,49,-1,29
1,<environment.Job instance at 0x7fe1fbbb6280>,13,13,[ 2 13],14,-1,43,-1,30
1,<environment.Job instance at 0x7fe1fb86ff00>,22,17,[4 9],23,-1,51,-1,34
1,<environment.Job instance at 0x7fe1fbbbf550>,18,15,[ 4 10],19,-1,49,-1,34
1,<environment.Job instance at 0x7fe1fb86fe60>,25,18,[8 4],26,-1,52,-1,34
1,<environment.Job instance at 0x7fe1fbbbf190>,24,14,[5 5],25,-1,48,-1,34
1,<environment.Job instance at 0x7fe1fb86f230>,27,22,[1 9],28,-1,56,-1,34
1,<environment.Job instance at 0x7fe1fb86f5f0>,31,16,[10  1],32,-1,56,-1,40
1,<environment.Job instance at 0x7fe1fbd520a0>,34,19,[ 5 12],35,-1,59,-1,40
1,<environment.Job instance at 0x7fe1fbd52e10>,35,27,[2 8],36,-1,67,-1,40
1,<environment.Job instance at 0x7fe1fbd67140>,30,12,[10  5],31,-1,52,-1,40
1,<environment.Job instance at 0x7fe1fbd476e0>,37,15,[5 5],38,-1,55,-1,40
1,<environment.Job instance at 0x7fe1fbd47cd0>,39,19,[5 4],40,-1,59,-1,40
1,<environment.Job instance at 0x7fe1fbd47a00>,40,12,[9 4],41,-1,53,-1,41
1,<environment.Job instance at 0x7fe1fbd47410>,41,12,[4 7],42,-1,54,-1,42
1,<environment.Job instance at 0x7fe1fbd52e60>,33,17,[14  3],34,-1,73,-1,56
1,<environment.Job instance at 0x7fe1fbccf2d0>,43,18,[4 8],44,-1,78,-1,60
1,<environment.Job instance at 0x7fe1fbccf820>,48,24,[8 1],49,-1,84,-1,60
1,<environment.Job instance at 0x7fe1fbccfa00>,50,26,[4 5],51,-1,86,-1,60
1,<environment.Job instance at 0x7fe1fbccfaf0>,51,28,[8 2],52,-1,88,-1,60
1,<environment.Job instance at 0x7fe1fbccf3c0>,52,21,[11  3],53,-1,91,-1,70
1,<environment.Job instance at 0x7fe1fbccfcd0>,53,19,[14  3],54,-1,89,-1,70
1,<environment.Job instance at 0x7fe1fbacc5f0>,54,14,[2 9],55,-1,84,-1,70
1,<environment.Job instance at 0x7fe1fbd322d0>,56,23,[ 2 10],57,-1,93,-1,70
1,<environment.Job instance at 0x7fe1fcabfa00>,60,15,[ 1 11],61,-1,87,-1,72
1,<environment.Job instance at 0x7fe1fc832d70>,66,25,[4 7],67,-1,98,-1,73
1,<environment.Job instance at 0x7fe1fc1e4b40>,67,17,[5 6],68,-1,90,-1,73
1,<environment.Job instance at 0x7fe1fbd670a0>,32,28,[6 5],33,-1,101,-1,73
1,<environment.Job instance at 0x7fe1fc9b07d0>,7,24,[ 4 14],8,-1,116,-1,92
1,<environment.Job instance at 0x7fe1fc2855a0>,69,14,[ 2 12],70,-1,111,-1,97
1,<environment.Job instance at 0x7fe1fbaef690>,71,18,[ 1 11],72,-1,128,-1,110
1,<environment.Job instance at 0x7fe1fc98f690>,74,18,[5 3],75,-1,130,-1,112
1,<environment.Job instance at 0x7fe1fbd4efa0>,76,14,[9 2],77,-1,126,-1,112
1,<environment.Job instance at 0x7fe1fc05f5a0>,77,20,[4 7],78,-1,133,-1,113
1,<environment.Job instance at 0x7fe1fc4b7e60>,0,22,[ 1 11],1,-1,23,-1,1
1,<environment.Job instance at 0x7fe1fc4b7690>,2,26,[5 3],3,-1,29,-1,3
1,<environment.Job instance at 0x7fe1fc4b75f0>,7,24,[ 4 14],8,-1,32,-1,8
1,<environment.Job instance at 0x7fe1fc4b7910>,12,2,[ 5 11],13,-1,16,-1,14
1,<environment.Job instance at 0x7fe1fc4b7050>,13,13,[ 2 13],14,-1,27,-1,14
1,<environment.Job instance at 0x7fe1fc13d690>,21,15,[11  3],22,-1,58,-1,43
1,<environment.Job instance at 0x7fe1fc7c5dc0>,23,28,[7 2],24,-1,72,-1,44
1,<environment.Job instance at 0x7fe1fb86e370>,32,28,[6 5],33,-1,114,-1,86
1,<environment.Job instance at 0x7fe1fbd47b40>,33,17,[14  3],34,-1,103,-1,86
1,<environment.Job instance at 0x7fe1fcabfdc0>,34,19,[ 5 12],35,-1,105,-1,86
1,<environment.Job instance at 0x7fe1fba82910>,36,2,[ 3 13],37,-1,88,-1,86
1,<environment.Job instance at 0x7fe1fbd47320>,35,27,[2 8],36,-1,117,-1,90
1,<environment.Job instance at 0x7fe1fbd4e960>,44,27,[4 6],45,-1,138,-1,111
1,<environment.Job instance at 0x7fe1fc84e5a0>,46,15,[ 1 12],47,-1,126,-1,111
1,<environment.Job instance at 0x7fe1fc5c9960>,47,1,[ 3 12],48,-1,112,-1,111
1,<environment.Job instance at 0x7fe1fbbe9a50>,49,23,[12  1],50,-1,136,-1,113
1,<environment.Job instance at 0x7fe1fb8b5730>,7,25,[3 9],8,-1,34,-1,9
1,<environment.Job instance at 0x7fe1fc841e60>,11,16,[ 1 12],12,-1,28,-1,12
1,<environment.Job instance at 0x7fe1fb90b320>,12,15,[2 9],13,-1,28,-1,13
1,<environment.Job instance at 0x7fe1fcb385a0>,13,27,[7 4],14,-1,41,-1,14
1,<environment.Job instance at 0x7fe1fcb38910>,14,18,[1 9],15,-1,33,-1,15
1,<environment.Job instance at 0x7fe2057ca960>,15,14,[10  5],16,-1,30,-1,16
1,<environment.Job instance at 0x7fe2057ca0f0>,16,21,[10  3],17,-1,38,-1,17
1,<environment.Job instance at 0x7fe205b820a0>,18,14,[4 9],19,-1,33,-1,19
1,<environment.Job instance at 0x7fe205b82140>,19,17,[9 1],20,-1,40,-1,23
1,<environment.Job instance at 0x7fe1fc50b0f0>,21,28,[1 7],22,-1,51,-1,23
1,<environment.Job instance at 0x7fe20582cc30>,23,20,[5 8],24,-1,44,-1,24
1,<environment.Job instance at 0x7fe205858550>,24,22,[7 5],25,-1,47,-1,25
1,<environment.Job instance at 0x7fe1fce7aa00>,25,25,[6 5],26,-1,73,-1,48
1,<environment.Job instance at 0x7fe20582ccd0>,26,25,[4 7],27,-1,74,-1,49
1,<environment.Job instance at 0x7fe1fb8df500>,30,22,[14  5],31,-1,75,-1,53
1,<environment.Job instance at 0x7fe1fc8f5500>,35,18,[ 4 10],36,-1,73,-1,55
1,<environment.Job instance at 0x7fe1fc8f5910>,36,12,[12  4],37,-1,68,-1,56
1,<environment.Job instance at 0x7fe1fb9fb910>,34,12,[13  2],35,-1,68,-1,56
1,<environment.Job instance at 0x7fe1fba27370>,38,27,[8 5],39,-1,113,-1,86
1,<environment.Job instance at 0x7fe1fba27e10>,42,21,[5 8],43,-1,107,-1,86
1,<environment.Job instance at 0x7fe1fd160500>,39,15,[12  4],40,-1,102,-1,87
1,<environment.Job instance at 0x7fe1fb9fce10>,44,19,[2 5],45,-1,106,-1,87
1,<environment.Job instance at 0x7fe1fc040c80>,43,26,[5 4],44,-1,116,-1,90
1,<environment.Job instance at 0x7fe1fc03e140>,48,15,[13  3],49,-1,107,-1,92
1,<environment.Job instance at 0x7fe2057caa00>,17,13,[ 2 13],18,-1,108,-1,95
1,<environment.Job instance at 0x7fe1fb8e4280>,4,15,[13  1],5,-1,112,-1,97
1,<environment.Job instance at 0x7fe1fba1b1e0>,50,18,[12  4],51,-1,131,-1,113
1,<environment.Job instance at 0x7fe1fd184e60>,56,15,[10  3],57,-1,128,-1,113
1,<environment.Job instance at 0x7fe1fd184870>,58,22,[3 5],59,-1,135,-1,113
1,<environment.Job instance at 0x7fe1fb8dfeb0>,32,26,[9 2],33,-1,140,-1,114
1,<environment.Job instance at 0x7fe1fd1781e0>,60,17,[9 5],61,-1,132,-1,115
1,<environment.Job instance at 0x7fe1fd184b40>,59,19,[3 9],60,-1,135,-1,116
1,<environment.Job instance at 0x7fe1fd21a3c0>,0,18,[11  2],1,-1,19,-1,1
1,<environment.Job instance at 0x7fe1fd21a640>,1,17,[14  2],2,-1,19,-1,2
1,<environment.Job instance at 0x7fe1fbc4c7d0>,2,23,[3 7],3,-1,26,-1,3
1,<environment.Job instance at 0x7fe1fbc4c5a0>,4,15,[13  1],5,-1,20,-1,5
1,<environment.Job instance at 0x7fe1fbc4c6e0>,5,19,[11  4],6,-1,25,-1,6
1,<environment.Job instance at 0x7fe1fcad08c0>,11,16,[ 1 12],12,-1,28,-1,12
1,<environment.Job instance at 0x7fe1fcad0be0>,13,27,[7 4],14,-1,46,-1,19
1,<environment.Job instance at 0x7fe1fcad0d70>,17,13,[ 2 13],18,-1,33,-1,20
1,<environment.Job instance at 0x7fe1fbc4c140>,7,25,[3 9],8,-1,47,-1,22
1,<environment.Job instance at 0x7fe1fcb19e60>,21,28,[1 7],22,-1,50,-1,22
1,<environment.Job instance at 0x7fe1fcb19730>,26,25,[4 7],27,-1,76,-1,51
1,<environment.Job instance at 0x7fe1fcb19500>,27,2,[ 5 11],28,-1,53,-1,51
1,<environment.Job instance at 0x7fe1fcb19dc0>,28,16,[ 4 12],29,-1,67,-1,51
1,<environment.Job instance at 0x7fe1fcb19780>,29,15,[12  5],30,-1,66,-1,51
1,<environment.Job instance at 0x7fe1fcb19fa0>,30,22,[14  5],31,-1,73,-1,51
1,<environment.Job instance at 0x7fe1fcb19b90>,25,25,[6 5],26,-1,76,-1,51
1,<environment.Job instance at 0x7fe1fbfd3a00>,32,26,[9 2],33,-1,77,-1,51
1,<environment.Job instance at 0x7fe1fbfd3500>,34,12,[13  2],35,-1,63,-1,51
1,<environment.Job instance at 0x7fe1fbfd3cd0>,36,12,[12  4],37,-1,63,-1,51
1,<environment.Job instance at 0x7fe1fbfd37d0>,38,27,[8 5],39,-1,90,-1,63
1,<environment.Job instance at 0x7fe1fbfd34b0>,39,15,[12  4],40,-1,78,-1,63
1,<environment.Job instance at 0x7fe1fbfd3550>,41,18,[ 1 13],42,-1,81,-1,63
1,<environment.Job instance at 0x7fe1fbfd3e10>,43,26,[5 4],44,-1,96,-1,70
1,<environment.Job instance at 0x7fe1fbce3be0>,45,15,[13  3],46,-1,92,-1,77
1,<environment.Job instance at 0x7fe1fbce30f0>,48,15,[13  3],49,-1,97,-1,82
1,<environment.Job instance at 0x7fe1fc5c9960>,50,18,[12  4],51,-1,112,-1,94
1,<environment.Job instance at 0x7fe1fbbe99b0>,51,23,[9 5],52,-1,126,-1,103
1,<environment.Job instance at 0x7fe1fbd4e280>,53,15,[ 3 11],54,-1,119,-1,104
1,<environment.Job instance at 0x7fe1fbd4e960>,54,2,[11  3],55,-1,106,-1,104
1,<environment.Job instance at 0x7f975d1e9b40>,2,18,[ 3 10],3,-1,21,-1,3
1,<environment.Job instance at 0x7f975d1e9e10>,5,18,[7 5],6,-1,25,-1,7
1,<environment.Job instance at 0x7f975d1e9f00>,8,24,[ 2 10],9,-1,33,-1,9
1,<environment.Job instance at 0x7f975d1ee050>,9,17,[8 1],10,-1,27,-1,10
1,<environment.Job instance at 0x7f975d1ee460>,13,15,[4 5],14,-1,29,-1,14
1,<environment.Job instance at 0x7f975d1ee4b0>,15,20,[3 5],16,-1,36,-1,16
1,<environment.Job instance at 0x7f975d1ee550>,16,19,[ 3 10],17,-1,36,-1,17
1,<environment.Job instance at 0x7f975d1ee690>,18,18,[3 6],19,-1,37,-1,19
1,<environment.Job instance at 0x7f975d1ee730>,19,21,[8 5],20,-1,41,-1,20
1,<environment.Job instance at 0x7f975d1eed70>,26,20,[4 8],27,-1,68,-1,48
1,<environment.Job instance at 0x7f975d1f12d0>,33,16,[9 3],34,-1,64,-1,48
1,<environment.Job instance at 0x7f975d1f1370>,34,20,[5 3],35,-1,68,-1,48
1,<environment.Job instance at 0x7f975d1f4c30>,4,24,[ 3 11],5,-1,29,-1,5
1,<environment.Job instance at 0x7f9766833780>,8,24,[ 2 10],9,-1,45,-1,21
1,<environment.Job instance at 0x7f975d1e9960>,12,13,[ 2 12],13,-1,34,-1,21
1,<environment.Job instance at 0x7f975d1e1a00>,14,21,[ 3 11],15,-1,43,-1,22
1,<environment.Job instance at 0x7f975d1e1a50>,17,18,[ 5 13],18,-1,40,-1,22
1,<environment.Job instance at 0x7f975d1e1960>,20,21,[13  5],21,-1,56,-1,35
1,<environment.Job instance at 0x7f975d3098c0>,24,2,[ 3 12],25,-1,51,-1,49
1,<environment.Job instance at 0x7f975d314730>,27,25,[14  4],28,-1,74,-1,49
1,<environment.Job instance at 0x7f975d49d8c0>,29,24,[5 1],30,-1,89,-1,65
1,<environment.Job instance at 0x7f975d2f7500>,40,18,[ 5 13],41,-1,133,-1,115
1,<environment.Job instance at 0x7f975d2f75f0>,41,3,[14  5],42,-1,118,-1,115
1,<environment.Job instance at 0x7f975d2f7e60>,42,24,[ 4 14],43,-1,139,-1,115
1,<environment.Job instance at 0x7f975d2f75a0>,45,28,[6 4],46,-1,156,-1,128
1,<environment.Job instance at 0x7f975d28ee10>,46,17,[ 5 12],47,-1,145,-1,128
1,<environment.Job instance at 0x7f975c936050>,0,16,[9 4],1,-1,18,-1,2
1,<environment.Job instance at 0x7f975c9360a0>,1,15,[8 1],2,-1,17,-1,2
1,<environment.Job instance at 0x7f975c9366e0>,4,19,[9 1],5,-1,25,-1,6
1,<environment.Job instance at 0x7f975c936820>,5,23,[7 3],6,-1,29,-1,6
1,<environment.Job instance at 0x7f975c937e10>,11,18,[10  5],12,-1,31,-1,13
1,<environment.Job instance at 0x7f975c9371e0>,16,25,[5 4],17,-1,42,-1,17
1,<environment.Job instance at 0x7f975d2ab550>,2,23,[ 1 14],3,-1,26,-1,3
1,<environment.Job instance at 0x7f975c9ebaf0>,7,26,[ 1 11],8,-1,34,-1,8
1,<environment.Job instance at 0x7f975c9ebd20>,10,17,[ 2 11],11,-1,34,-1,17
1,<environment.Job instance at 0x7f975c9f0b40>,5,23,[7 3],6,-1,40,-1,17
1,<environment.Job instance at 0x7f975ca0ffa0>,14,17,[ 3 14],15,-1,34,-1,17
1,<environment.Job instance at 0x7f975ca0f5a0>,16,25,[5 4],17,-1,42,-1,17
1,<environment.Job instance at 0x7f975ca1ce10>,18,28,[7 1],19,-1,51,-1,23
1,<environment.Job instance at 0x7f975ca116e0>,21,24,[12  2],22,-1,49,-1,25
1,<environment.Job instance at 0x7f975ca115f0>,22,26,[ 3 11],23,-1,51,-1,25
1,<environment.Job instance at 0x7f975ca11f50>,25,16,[ 1 11],26,-1,47,-1,31
1,<environment.Job instance at 0x7f975c99deb0>,27,1,[ 5 12],28,-1,41,-1,40
1,<environment.Job instance at 0x7f975c99d050>,30,2,[14  2],31,-1,46,-1,44
1,<environment.Job instance at 0x7f975c99d910>,28,24,[8 5],29,-1,79,-1,55
1,<environment.Job instance at 0x7f975c9a1c80>,33,20,[14  2],34,-1,75,-1,55
1,<environment.Job instance at 0x7f975c9a8960>,35,2,[ 1 14],36,-1,60,-1,58
1,<environment.Job instance at 0x7f975c9a8910>,36,16,[12  1],37,-1,74,-1,58
1,<environment.Job instance at 0x7f975c9ac7d0>,37,15,[ 4 14],38,-1,73,-1,58
1,<environment.Job instance at 0x7f975c9ac460>,39,3,[ 5 11],40,-1,74,-1,71
1,<environment.Job instance at 0x7f975c9a4c30>,40,22,[11  3],41,-1,93,-1,71
1,<environment.Job instance at 0x7f975c9a4be0>,41,18,[11  2],42,-1,89,-1,71
1,<environment.Job instance at 0x7f975caa4640>,46,19,[ 5 14],47,-1,108,-1,89
1,<environment.Job instance at 0x7f975c9b0dc0>,48,27,[9 4],49,-1,130,-1,103
1,<environment.Job instance at 0x7f975c9b00f0>,49,25,[3 9],50,-1,128,-1,103
1,<environment.Job instance at 0x7f975c9b7320>,53,23,[ 2 14],54,-1,130,-1,107
1,<environment.Job instance at 0x7f975c9b7730>,54,12,[ 2 11],55,-1,119,-1,107
1,<environment.Job instance at 0x7f97669a63c0>,8,21,[9 5],9,-1,30,-1,9
1,<environment.Job instance at 0x7f97669a6870>,9,18,[10  2],10,-1,29,-1,11
1,<environment.Job instance at 0x7f97669a6eb0>,11,22,[6 1],12,-1,34,-1,12
1,<environment.Job instance at 0x7f975c7eafa0>,12,14,[3 5],13,-1,27,-1,13
1,<environment.Job instance at 0x7f975c7eabe0>,13,21,[5 1],14,-1,35,-1,14
1,<environment.Job instance at 0x7f975c7eaaa0>,15,20,[5 5],16,-1,36,-1,16
1,<environment.Job instance at 0x7f975c7ea4b0>,16,18,[4 9],17,-1,35,-1,17
1,<environment.Job instance at 0x7f975c7ea690>,17,20,[3 7],18,-1,38,-1,18
1,<environment.Job instance at 0x7f975c7ea500>,23,13,[5 7],24,-1,49,-1,36
1,<environment.Job instance at 0x7f975c7ea410>,18,27,[ 3 13],19,-1,64,-1,37
1,<environment.Job instance at 0x7f975c7eebe0>,27,24,[ 4 11],28,-1,62,-1,38
1,<environment.Job instance at 0x7f975c7eeb90>,31,22,[ 1 10],32,-1,65,-1,43
1,<environment.Job instance at 0x7f975c7ee5a0>,32,12,[2 7],33,-1,57,-1,45
1,<environment.Job instance at 0x7f975c7eac80>,21,14,[ 4 13],22,-1,62,-1,48
1,<environment.Job instance at 0x7f975c7eefa0>,29,16,[7 2],30,-1,77,-1,61
1,<environment.Job instance at 0x7f975c7ee6e0>,33,24,[2 7],34,-1,87,-1,63
1,<environment.Job instance at 0x7f975c7ee870>,36,18,[7 1],37,-1,86,-1,68
1,<environment.Job instance at 0x7f975c7ee4b0>,38,18,[12  1],39,-1,86,-1,68
1,<environment.Job instance at 0x7f975c7ee550>,34,25,[5 5],35,-1,93,-1,68
1,<environment.Job instance at 0x7f975c7ee910>,39,15,[ 1 13],40,-1,83,-1,68
1,<environment.Job instance at 0x7f975c7ee730>,41,15,[4 8],42,-1,83,-1,68
1,<environment.Job instance at 0x7f975c7eea50>,37,26,[7 1],38,-1,94,-1,68
1,<environment.Job instance at 0x7f975c7ee140>,44,16,[ 2 11],45,-1,84,-1,68
1,<environment.Job instance at 0x7f975c7eee60>,35,3,[5 3],36,-1,71,-1,68
1,<environment.Job instance at 0x7f976685d320>,46,14,[5 3],47,-1,84,-1,70
1,<environment.Job instance at 0x7f976685d9b0>,49,16,[ 4 13],50,-1,96,-1,80
1,<environment.Job instance at 0x7f97669a6960>,2,23,[1 7],3,-1,26,-1,3
1,<environment.Job instance at 0x7f975c7eaf50>,3,12,[12  2],4,-1,16,-1,4
1,<environment.Job instance at 0x7f975c7ee230>,5,2,[14  3],6,-1,8,-1,6
1,<environment.Job instance at 0x7f975c7e18c0>,6,19,[ 3 14],7,-1,26,-1,7
1,<environment.Job instance at 0x7f975c803230>,7,2,[14  5],8,-1,10,-1,8
1,<environment.Job instance at 0x7f975c803cd0>,10,12,[12  4],11,-1,23,-1,11
1,<environment.Job instance at 0x7f975c8201e0>,18,27,[ 3 13],19,-1,61,-1,34
1,<environment.Job instance at 0x7f975c8202d0>,19,20,[14  3],20,-1,54,-1,34
1,<environment.Job instance at 0x7f975c820cd0>,21,14,[ 4 13],22,-1,48,-1,34
1,<environment.Job instance at 0x7f975c820730>,22,1,[ 5 14],23,-1,35,-1,34
1,<environment.Job instance at 0x7f975c86ea00>,26,28,[14  3],27,-1,66,-1,38
1,<environment.Job instance at 0x7f975c86e370>,27,24,[ 4 11],28,-1,62,-1,38
1,<environment.Job instance at 0x7f975c86ef50>,28,3,[11  1],29,-1,41,-1,38
1,<environment.Job instance at 0x7f975c86e1e0>,34,25,[5 5],35,-1,81,-1,56
1,<environment.Job instance at 0x7f975c86ee60>,33,24,[2 7],34,-1,81,-1,57
1,<environment.Job instance at 0x7f975c86e690>,37,26,[7 1],38,-1,85,-1,59
1,<environment.Job instance at 0x7f975c86e870>,38,18,[12  1],39,-1,77,-1,59
1,<environment.Job instance at 0x7f975c86eaa0>,39,15,[ 1 13],40,-1,74,-1,59
1,<environment.Job instance at 0x7f975c86eaf0>,40,1,[11  3],41,-1,60,-1,59
1,<environment.Job instance at 0x7f975c86efa0>,44,16,[ 2 11],45,-1,77,-1,61
1,<environment.Job instance at 0x7f975c86e820>,45,24,[8 2],46,-1,87,-1,63
1,<environment.Job instance at 0x7f975c851f50>,49,16,[ 4 13],50,-1,90,-1,74
1,<environment.Job instance at 0x7f975c8515a0>,51,25,[10  5],52,-1,103,-1,78
1,<environment.Job instance at 0x7f975c851d70>,50,26,[4 7],51,-1,104,-1,78
1,<environment.Job instance at 0x7f975c842eb0>,56,20,[ 3 11],57,-1,99,-1,79
1,<environment.Job instance at 0x7f975c842230>,59,24,[6 5],60,-1,119,-1,95
1,<environment.Job instance at 0x7f975c8423c0>,61,25,[5 1],62,-1,122,-1,97
1,<environment.Job instance at 0x7f975c823690>,64,18,[ 4 13],65,-1,127,-1,109
1,<environment.Job instance at 0x7f975c823a00>,66,15,[13  4],67,-1,127,-1,112
1,<environment.Job instance at 0x7f975c823cd0>,65,24,[9 3],66,-1,148,-1,124
1,<environment.Job instance at 0x7f975c8235a0>,68,24,[ 2 13],69,-1,148,-1,124
1,<environment.Job instance at 0x7f975c823050>,69,3,[ 2 14],70,-1,127,-1,124
1,<environment.Job instance at 0x7f975c823190>,70,16,[ 5 13],71,-1,140,-1,124
1,<environment.Job instance at 0x7f975ce7b640>,4,21,[3 9],5,-1,27,-1,6
1,<environment.Job instance at 0x7f975ce7bbe0>,5,22,[7 4],6,-1,28,-1,6
1,<environment.Job instance at 0x7f975cd4b0f0>,7,17,[8 5],8,-1,25,-1,8
1,<environment.Job instance at 0x7f975cd4bdc0>,8,27,[ 2 12],9,-1,61,-1,34
1,<environment.Job instance at 0x7f975ce7a780>,18,26,[7 3],19,-1,60,-1,34
1,<environment.Job instance at 0x7f975cd4bd70>,13,26,[12  3],14,-1,60,-1,34
1,<environment.Job instance at 0x7f975ce7a6e0>,17,28,[1 9],18,-1,62,-1,34
1,<environment.Job instance at 0x7f975ce7a370>,19,17,[2 8],20,-1,51,-1,34
1,<environment.Job instance at 0x7f975ce7ab40>,15,17,[ 4 13],16,-1,51,-1,34
1,<environment.Job instance at 0x7f975cc9e320>,23,18,[14  3],24,-1,52,-1,34
1,<environment.Job instance at 0x7f975cc9ef50>,22,16,[3 9],23,-1,50,-1,34
1,<environment.Job instance at 0x7f975cc9e500>,25,18,[9 2],26,-1,52,-1,34
1,<environment.Job instance at 0x7f975cc9e410>,26,12,[4 7],27,-1,46,-1,34
1,<environment.Job instance at 0x7f975cc9e8c0>,21,15,[5 1],22,-1,49,-1,34
1,<environment.Job instance at 0x7f975cc9eb90>,28,25,[9 1],29,-1,59,-1,34
1,<environment.Job instance at 0x7f975cc9ef00>,24,18,[6 3],25,-1,52,-1,34
1,<environment.Job instance at 0x7f975cc9e3c0>,27,12,[3 9],28,-1,46,-1,34
1,<environment.Job instance at 0x7f975c80d4b0>,31,20,[7 4],32,-1,55,-1,35
1,<environment.Job instance at 0x7f975c80d870>,32,23,[2 8],33,-1,62,-1,39
1,<environment.Job instance at 0x7f975cd4bc80>,10,13,[14  4],11,-1,52,-1,39
1,<environment.Job instance at 0x7f975cc9ecd0>,30,16,[2 7],31,-1,55,-1,39
1,<environment.Job instance at 0x7f975c980c80>,35,14,[11  5],36,-1,53,-1,39
1,<environment.Job instance at 0x7f975c980a00>,38,25,[6 1],39,-1,64,-1,39
1,<environment.Job instance at 0x7f97669a60f0>,42,12,[10  3],43,-1,56,-1,44
1,<environment.Job instance at 0x7f976699bf50>,44,15,[6 4],45,-1,60,-1,45
1,<environment.Job instance at 0x7f97669a6320>,43,28,[11  3],44,-1,73,-1,45
1,<environment.Job instance at 0x7f975c8dc910>,2,19,[11  4],3,-1,22,-1,3
1,<environment.Job instance at 0x7f975c93a960>,6,2,[14  3],7,-1,9,-1,7
1,<environment.Job instance at 0x7f975c93a780>,8,27,[ 2 12],9,-1,36,-1,9
1,<environment.Job instance at 0x7f975c8dc690>,3,27,[9 1],4,-1,41,-1,14
1,<environment.Job instance at 0x7f975c93a3c0>,10,13,[14  4],11,-1,27,-1,14
1,<environment.Job instance at 0x7f975c93ab90>,12,16,[ 1 11],13,-1,30,-1,14
1,<environment.Job instance at 0x7f975c93afa0>,13,26,[12  3],14,-1,40,-1,14
1,<environment.Job instance at 0x7f975c93ac80>,15,17,[ 4 13],16,-1,33,-1,16
1,<environment.Job instance at 0x7f975c93ae10>,17,28,[1 9],18,-1,59,-1,31
1,<environment.Job instance at 0x7f975c93a6e0>,18,26,[7 3],19,-1,57,-1,31
1,<environment.Job instance at 0x7f975c93aa00>,23,18,[14  3],24,-1,61,-1,43
1,<environment.Job instance at 0x7f975c8db5f0>,28,25,[9 1],29,-1,105,-1,80
1,<environment.Job instance at 0x7f975c8db9b0>,32,23,[2 8],33,-1,106,-1,83
1,<environment.Job instance at 0x7f975c8dbc80>,33,16,[11  1],34,-1,99,-1,83
1,<environment.Job instance at 0x7f975c8dba50>,35,14,[11  5],36,-1,97,-1,83
1,<environment.Job instance at 0x7f975c8db870>,36,13,[ 1 11],37,-1,96,-1,83
1,<environment.Job instance at 0x7f975cd0b190>,38,25,[6 1],39,-1,110,-1,85
1,<environment.Job instance at 0x7f975cd4bbe0>,39,15,[ 3 12],40,-1,100,-1,85
1,<environment.Job instance at 0x7f975c80d320>,40,18,[13  2],41,-1,103,-1,85
1,<environment.Job instance at 0x7f975c8db5a0>,43,28,[11  3],44,-1,119,-1,91
1,<environment.Job instance at 0x7f97669a6e60>,45,28,[ 4 10],46,-1,132,-1,104
1,<environment.Job instance at 0x7f975ce7b7d0>,51,16,[ 5 13],52,-1,134,-1,118
1,<environment.Job instance at 0x7f975ce7b550>,53,24,[5 6],54,-1,149,-1,125
1,<environment.Job instance at 0x7f976685b4b0>,56,14,[ 3 14],57,-1,141,-1,127
1,<environment.Job instance at 0x7f975d4e9460>,0,23,[7 1],1,-1,25,-1,2
1,<environment.Job instance at 0x7f975c8dc1e0>,1,17,[10  4],2,-1,19,-1,2
1,<environment.Job instance at 0x7f975cfe4e60>,3,16,[8 4],4,-1,20,-1,4
1,<environment.Job instance at 0x7f975d000d20>,11,18,[9 4],12,-1,31,-1,13
1,<environment.Job instance at 0x7f975cff8050>,12,25,[11  2],13,-1,38,-1,13
1,<environment.Job instance at 0x7f975d015e60>,15,22,[8 5],16,-1,39,-1,17
1,<environment.Job instance at 0x7f975d0157d0>,17,23,[9 5],18,-1,47,-1,24
1,<environment.Job instance at 0x7f975d015b40>,14,17,[ 3 10],15,-1,49,-1,32
1,<environment.Job instance at 0x7f975cffdc30>,25,18,[6 1],26,-1,51,-1,33
1,<environment.Job instance at 0x7f975cfff7d0>,27,27,[8 1],28,-1,60,-1,33
1,<environment.Job instance at 0x7f975c881870>,0,23,[7 1],1,-1,24,-1,1
1,<environment.Job instance at 0x7f9766879910>,4,12,[ 2 13],5,-1,17,-1,5
1,<environment.Job instance at 0x7f975d338410>,8,14,[ 5 14],9,-1,23,-1,9
1,<environment.Job instance at 0x7f975c815370>,7,24,[10  2],8,-1,43,-1,19
1,<environment.Job instance at 0x7f975c815320>,12,25,[11  2],13,-1,44,-1,19
1,<environment.Job instance at 0x7f975c815050>,13,15,[ 3 12],14,-1,34,-1,19
1,<environment.Job instance at 0x7f976699fcd0>,18,23,[8 1],19,-1,55,-1,32
1,<environment.Job instance at 0x7f976699f690>,17,23,[9 5],18,-1,55,-1,32
1,<environment.Job instance at 0x7f975c800280>,20,15,[ 5 14],21,-1,47,-1,32
1,<environment.Job instance at 0x7f975c8f82d0>,24,3,[11  3],25,-1,42,-1,39
1,<environment.Job instance at 0x7f975c8f84b0>,27,27,[8 1],28,-1,85,-1,58
1,<environment.Job instance at 0x7f975c7fc460>,31,23,[5 7],32,-1,88,-1,65
1,<environment.Job instance at 0x7f975c7fcb40>,33,15,[ 2 14],34,-1,80,-1,65
1,<environment.Job instance at 0x7f975c7fc370>,37,12,[ 3 13],38,-1,84,-1,72
1,<environment.Job instance at 0x7f976699e870>,41,27,[14  3],42,-1,115,-1,88
1,<environment.Job instance at 0x7f976699ecd0>,42,18,[ 5 11],43,-1,106,-1,88
1,<environment.Job instance at 0x7f976699eeb0>,45,18,[ 1 12],46,-1,117,-1,99
1,<environment.Job instance at 0x7f976699e4b0>,44,25,[4 9],45,-1,127,-1,102
1,<environment.Job instance at 0x7f975cbee230>,50,2,[11  4],51,-1,106,-1,104
1,<environment.Job instance at 0x7f975cbeeeb0>,53,17,[14  3],54,-1,126,-1,109
1,<environment.Job instance at 0x7f975cbee780>,54,28,[5 5],55,-1,138,-1,110
1,<environment.Job instance at 0x7f975cbeeaa0>,55,19,[ 1 12],56,-1,129,-1,110
1,<environment.Job instance at 0x7f975cbee960>,56,24,[10  2],57,-1,138,-1,114
1,<environment.Job instance at 0x7f975cbeebe0>,57,2,[ 4 13],58,-1,116,-1,114
1,<environment.Job instance at 0x7f976685b9b0>,60,28,[ 1 12],61,-1,150,-1,122
1,<environment.Job instance at 0x7f976685be60>,61,15,[13  1],62,-1,137,-1,122
1,<environment.Job instance at 0x7f976685b4b0>,62,2,[ 5 12],63,-1,124,-1,122
1,<environment.Job instance at 0x7f976685bd20>,64,12,[ 4 13],65,-1,134,-1,122
1,<environment.Job instance at 0x7f975ce7b6e0>,65,24,[5 3],66,-1,152,-1,128
1,<environment.Job instance at 0x7f975ce7bf00>,68,3,[12  3],69,-1,131,-1,128
1,<environment.Job instance at 0x7f975c980aa0>,70,12,[13  4],71,-1,141,-1,129
1,<environment.Job instance at 0x7f975d191eb0>,0,20,[4 5],1,-1,21,-1,1
1,<environment.Job instance at 0x7f975d191690>,1,23,[6 5],2,-1,25,-1,2
1,<environment.Job instance at 0x7f975d1915f0>,2,17,[2 6],3,-1,21,-1,4
1,<environment.Job instance at 0x7f975d191960>,4,27,[4 6],5,-1,32,-1,5
1,<environment.Job instance at 0x7f975d191e60>,7,21,[9 2],8,-1,30,-1,9
1,<environment.Job instance at 0x7f975d191dc0>,9,17,[4 7],10,-1,27,-1,10
1,<environment.Job instance at 0x7f975d1913c0>,10,22,[9 1],11,-1,33,-1,11
1,<environment.Job instance at 0x7f975d1915a0>,11,17,[ 2 12],12,-1,29,-1,12
1,<environment.Job instance at 0x7f975d1910a0>,12,16,[10  5],13,-1,29,-1,13
1,<environment.Job instance at 0x7f975d1916e0>,13,15,[10  1],14,-1,29,-1,14
1,<environment.Job instance at 0x7f975d191140>,14,13,[7 5],15,-1,28,-1,15
1,<environment.Job instance at 0x7f975d191be0>,15,13,[1 8],16,-1,29,-1,16
1,<environment.Job instance at 0x7f975d191f50>,16,22,[8 4],17,-1,39,-1,17
1,<environment.Job instance at 0x7f975d655b90>,17,14,[1 7],18,-1,32,-1,18
1,<environment.Job instance at 0x7f975d655960>,19,22,[7 5],20,-1,42,-1,20
1,<environment.Job instance at 0x7f975d655eb0>,20,16,[11  3],21,-1,37,-1,21
1,<environment.Job instance at 0x7f975d655d20>,21,18,[ 5 10],22,-1,40,-1,22
1,<environment.Job instance at 0x7f975d655c30>,23,24,[1 6],24,-1,48,-1,24
1,<environment.Job instance at 0x7f975d655f50>,25,16,[9 4],26,-1,42,-1,26
1,<environment.Job instance at 0x7f975d6556e0>,27,15,[10  4],28,-1,43,-1,28
1,<environment.Job instance at 0x7f975d655500>,29,17,[3 9],30,-1,47,-1,30
1,<environment.Job instance at 0x7f975d655780>,32,12,[5 6],33,-1,45,-1,33
1,<environment.Job instance at 0x7f975d655b40>,36,26,[ 2 10],37,-1,63,-1,37
1,<environment.Job instance at 0x7f975d159af0>,37,14,[12  5],38,-1,52,-1,38
1,<environment.Job instance at 0x7f975d1592d0>,39,17,[4 5],40,-1,57,-1,40
1,<environment.Job instance at 0x7f975d159b40>,41,24,[9 3],42,-1,66,-1,42
1,<environment.Job instance at 0x7f975d1598c0>,43,22,[ 4 10],44,-1,66,-1,44
1,<environment.Job instance at 0x7f975d1595a0>,44,20,[ 2 10],45,-1,65,-1,45
1,<environment.Job instance at 0x7f975d159190>,46,25,[3 6],47,-1,72,-1,47
1,<environment.Job instance at 0x7f975d334d20>,60,18,[ 4 12],61,-1,104,-1,86
1,<environment.Job instance at 0x7f975d191410>,8,22,[ 3 12],9,-1,108,-1,86
1,<environment.Job instance at 0x7f975d3342d0>,62,18,[2 5],63,-1,104,-1,86
1,<environment.Job instance at 0x7f975d334960>,57,25,[8 4],58,-1,112,-1,87
1,<environment.Job instance at 0x7f975c980aa0>,1,23,[6 5],2,-1,25,-1,2
1,<environment.Job instance at 0x7f975cbee910>,3,2,[ 5 13],4,-1,6,-1,4
1,<environment.Job instance at 0x7f975cbee190>,8,22,[ 3 12],9,-1,31,-1,9
1,<environment.Job instance at 0x7f975cbee050>,4,27,[4 6],5,-1,48,-1,21
1,<environment.Job instance at 0x7f976699e8c0>,11,17,[ 2 12],12,-1,38,-1,21
1,<environment.Job instance at 0x7f975c8f80a0>,20,16,[11  3],21,-1,63,-1,47
1,<environment.Job instance at 0x7f975c8f82d0>,23,24,[1 6],24,-1,73,-1,49
1,<environment.Job instance at 0x7f975c8f8dc0>,24,16,[14  5],25,-1,65,-1,49
1,<environment.Job instance at 0x7f975c815aa0>,33,3,[ 1 14],34,-1,87,-1,84
1,<environment.Job instance at 0x7f975c815eb0>,35,22,[12  2],36,-1,117,-1,95
1,<environment.Job instance at 0x7f975c815e60>,37,14,[12  5],38,-1,109,-1,95
1,<environment.Job instance at 0x7f975c8155a0>,36,26,[ 2 10],37,-1,135,-1,109
1,<environment.Job instance at 0x7f975ca0d7d0>,41,24,[9 3],42,-1,134,-1,110
1,<environment.Job instance at 0x7f975d04a230>,42,23,[13  5],43,-1,133,-1,110
1,<environment.Job instance at 0x7f9766399730>,45,2,[12  3],46,-1,114,-1,112
1,<environment.Job instance at 0x7f975d655cd0>,46,25,[3 6],47,-1,137,-1,112
1,<environment.Job instance at 0x7f975d3f27d0>,48,13,[12  4],49,-1,125,-1,112
1,<environment.Job instance at 0x7f975d655aa0>,49,27,[9 3],50,-1,153,-1,126
1,<environment.Job instance at 0x7f975d1597d0>,51,18,[ 5 12],52,-1,144,-1,126
1,<environment.Job instance at 0x7f975d159d70>,52,2,[ 2 13],53,-1,128,-1,126
1,<environment.Job instance at 0x7f975d159910>,53,26,[ 3 14],54,-1,152,-1,126
1,<environment.Job instance at 0x7f975de32640>,54,15,[11  5],55,-1,141,-1,126
1,<environment.Job instance at 0x7f975d042780>,57,25,[8 4],58,-1,154,-1,129
1,<environment.Job instance at 0x7f975dd4cf00>,60,18,[ 4 12],61,-1,147,-1,129
1,<environment.Job instance at 0x7f975cc3ec30>,0,19,[2 8],1,-1,21,-1,2
1,<environment.Job instance at 0x7f975d07ce10>,1,17,[ 5 11],2,-1,20,-1,3
1,<environment.Job instance at 0x7f975d99cc80>,8,15,[10  3],9,-1,25,-1,10
1,<environment.Job instance at 0x7f975d99cf50>,10,14,[7 5],11,-1,25,-1,11
1,<environment.Job instance at 0x7f975d99c780>,11,25,[1 6],12,-1,37,-1,12
1,<environment.Job instance at 0x7f975d99c640>,12,17,[8 1],13,-1,30,-1,13
1,<environment.Job instance at 0x7f975d99faf0>,13,24,[1 9],14,-1,38,-1,14
1,<environment.Job instance at 0x7f975d9a0780>,19,14,[4 7],20,-1,34,-1,20
1,<environment.Job instance at 0x7f975d98f140>,20,16,[9 4],21,-1,37,-1,21
1,<environment.Job instance at 0x7f975cc38410>,9,23,[ 3 10],10,-1,57,-1,34
1,<environment.Job instance at 0x7f975d183910>,25,18,[5 5],26,-1,52,-1,34
1,<environment.Job instance at 0x7f975d99caf0>,23,25,[3 9],24,-1,59,-1,34
1,<environment.Job instance at 0x7f975dc7f1e0>,21,19,[ 5 13],22,-1,53,-1,34
1,<environment.Job instance at 0x7f975d99c050>,5,20,[ 1 13],6,-1,54,-1,34
1,<environment.Job instance at 0x7f975d189730>,27,17,[ 3 10],28,-1,51,-1,34
1,<environment.Job instance at 0x7f975d98b500>,31,18,[9 5],32,-1,52,-1,34
1,<environment.Job instance at 0x7f975dc8b2d0>,26,16,[5 5],27,-1,50,-1,34
1,<environment.Job instance at 0x7f975d98bb90>,34,13,[11  4],35,-1,48,-1,35
1,<environment.Job instance at 0x7f975d98b690>,32,19,[4 5],33,-1,56,-1,37
1,<environment.Job instance at 0x7f975d1f2870>,42,23,[9 4],43,-1,70,-1,47
1,<environment.Job instance at 0x7f975dc99820>,24,16,[ 3 10],25,-1,65,-1,49
1,<environment.Job instance at 0x7f975d1da7d0>,40,16,[8 3],41,-1,65,-1,49
1,<environment.Job instance at 0x7f975d1f2eb0>,43,21,[8 2],44,-1,70,-1,49
1,<environment.Job instance at 0x7f975d7f9410>,46,17,[11  2],47,-1,66,-1,49
1,<environment.Job instance at 0x7f975d7f94b0>,47,18,[5 5],48,-1,68,-1,50
1,<environment.Job instance at 0x7f975d98b7d0>,30,18,[1 5],31,-1,68,-1,50
1,<environment.Job instance at 0x7f975d1e9550>,52,25,[5 7],53,-1,119,-1,94
1,<environment.Job instance at 0x7f975d7f9af0>,44,21,[ 5 13],45,-1,116,-1,95
1,<environment.Job instance at 0x7f975d1ef0f0>,36,16,[ 2 13],37,-1,111,-1,95
1,<environment.Job instance at 0x7f975d210fa0>,58,18,[8 3],59,-1,113,-1,95
1,<environment.Job instance at 0x7f975d1de050>,62,17,[7 4],63,-1,112,-1,95
1,<environment.Job instance at 0x7f975d1de550>,60,18,[ 1 14],61,-1,113,-1,95
1,<environment.Job instance at 0x7f975d1de4b0>,66,16,[3 9],67,-1,111,-1,95
1,<environment.Job instance at 0x7f975d7f4b90>,69,24,[8 3],70,-1,120,-1,96
1,<environment.Job instance at 0x7f975d7f4f00>,70,14,[11  2],71,-1,110,-1,96
1,<environment.Job instance at 0x7f975d7f4280>,67,21,[11  1],68,-1,118,-1,97
1,<environment.Job instance at 0x7f975d7f4820>,72,25,[ 2 14],73,-1,122,-1,97
1,<environment.Job instance at 0x7f975d7f44b0>,73,12,[ 3 13],74,-1,109,-1,97
1,<environment.Job instance at 0x7f975d7f4230>,71,23,[ 5 10],72,-1,120,-1,97
1,<environment.Job instance at 0x7f975d7f45a0>,75,18,[2 7],76,-1,115,-1,97
1,<environment.Job instance at 0x7f975d7f4eb0>,78,14,[ 1 10],79,-1,111,-1,97
1,<environment.Job instance at 0x7f975d2108c0>,59,28,[3 8],60,-1,125,-1,97
1,<environment.Job instance at 0x7f975d7f40a0>,74,18,[1 8],75,-1,115,-1,97
1,<environment.Job instance at 0x7f975d210820>,50,28,[10  4],51,-1,125,-1,97
1,<environment.Job instance at 0x7f975d7f4960>,79,18,[7 4],80,-1,117,-1,99
1,<environment.Job instance at 0x7f975d1e9b90>,49,28,[10  3],50,-1,127,-1,99
1,<environment.Job instance at 0x7f975d7f4be0>,81,14,[1 7],82,-1,113,-1,99
1,<environment.Job instance at 0x7f975d7f4780>,80,19,[1 5],81,-1,118,-1,99
1,<environment.Job instance at 0x7f975cc3e8c0>,3,26,[9 2],4,-1,126,-1,100
1,<environment.Job instance at 0x7f975d7f4e60>,77,12,[2 8],78,-1,113,-1,101
1,<environment.Job instance at 0x7f975d7f4910>,84,13,[12  3],85,-1,115,-1,102
1,<environment.Job instance at 0x7f975d7f45f0>,82,18,[6 4],83,-1,120,-1,102
1,<environment.Job instance at 0x7f975d7f4b40>,87,14,[5 3],88,-1,120,-1,106
1,<environment.Job instance at 0x7f975d7ec140>,89,25,[ 5 10],90,-1,131,-1,106
1,<environment.Job instance at 0x7f975d7ec320>,90,16,[ 3 12],91,-1,122,-1,106
1,<environment.Job instance at 0x7f975d7f4dc0>,83,13,[11  2],84,-1,119,-1,106
1,<environment.Job instance at 0x7f975d7ec460>,92,17,[9 2],93,-1,129,-1,112
1,<environment.Job instance at 0x7f975d7ec5f0>,94,3,[1 9],95,-1,115,-1,112
1,<environment.Job instance at 0x7f975d7ec280>,93,14,[10  1],94,-1,126,-1,112
1,<environment.Job instance at 0x7f975d7ec550>,96,22,[5 2],97,-1,134,-1,112
1,<environment.Job instance at 0x7f975d7eca50>,97,18,[ 5 12],98,-1,130,-1,112
1,<environment.Job instance at 0x7f975d1de0f0>,64,12,[11  2],65,-1,124,-1,112
1,<environment.Job instance at 0x7f975d7ec0a0>,88,24,[14  3],89,-1,136,-1,112
1,<environment.Job instance at 0x7f975d7ec6e0>,98,17,[3 6],99,-1,129,-1,112
1,<environment.Job instance at 0x7f975d7ec690>,99,13,[8 2],100,-1,127,-1,114
1,<environment.Job instance at 0x7f975d7ecdc0>,103,16,[ 2 10],104,-1,131,-1,115
1,<environment.Job instance at 0x7f975d7ece60>,104,26,[5 5],105,-1,141,-1,115
1,<environment.Job instance at 0x7f975d7ecd20>,102,21,[10  5],103,-1,136,-1,115
1,<environment.Job instance at 0x7f975d7eccd0>,106,23,[7 1],107,-1,138,-1,115
1,<environment.Job instance at 0x7f975d7ea0a0>,107,14,[12  4],108,-1,129,-1,115
1,<environment.Job instance at 0x7f975d7ecf00>,105,14,[5 9],106,-1,130,-1,116
1,<environment.Job instance at 0x7f975d7ea2d0>,108,18,[ 5 10],109,-1,136,-1,118
1,<environment.Job instance at 0x7f975d7ecb40>,100,13,[4 5],101,-1,132,-1,119
1,<environment.Job instance at 0x7f975d7ea410>,110,23,[7 4],111,-1,142,-1,119
1,<environment.Job instance at 0x7f975d7ea460>,112,12,[13  4],113,-1,132,-1,120
1,<environment.Job instance at 0x7f975d7ea7d0>,115,27,[6 3],116,-1,152,-1,125
1,<environment.Job instance at 0x7f975d028500>,1,17,[ 5 11],2,-1,19,-1,2
1,<environment.Job instance at 0x7f975d172910>,2,16,[12  1],3,-1,19,-1,3
1,<environment.Job instance at 0x7f97667331e0>,3,26,[9 2],4,-1,30,-1,4
1,<environment.Job instance at 0x7f975c77e4b0>,5,20,[ 1 13],6,-1,26,-1,6
1,<environment.Job instance at 0x7f975c77e5f0>,9,23,[ 3 10],10,-1,43,-1,20
1,<environment.Job instance at 0x7f975cffde60>,11,25,[1 6],12,-1,45,-1,20
1,<environment.Job instance at 0x7f975cffdc80>,13,24,[1 9],14,-1,44,-1,20
1,<environment.Job instance at 0x7f97663983c0>,18,26,[13  1],19,-1,61,-1,35
1,<environment.Job instance at 0x7f9766398f00>,21,19,[ 5 13],22,-1,55,-1,36
1,<environment.Job instance at 0x7f975d0439b0>,23,25,[3 9],24,-1,75,-1,50
1,<environment.Job instance at 0x7f975d3443c0>,34,13,[11  4],35,-1,109,-1,96
1,<environment.Job instance at 0x7f97663a69b0>,36,16,[ 2 13],37,-1,124,-1,108
1,<environment.Job instance at 0x7f975ca0dc80>,44,21,[ 5 13],45,-1,149,-1,128
1,<environment.Job instance at 0x7f975db3d910>,0,20,[1 8],1,-1,22,-1,2
1,<environment.Job instance at 0x7f975c93cfa0>,1,22,[7 2],2,-1,24,-1,2
1,<environment.Job instance at 0x7f975db3dd20>,3,14,[10  2],4,-1,19,-1,5
1,<environment.Job instance at 0x7f975db3dcd0>,6,21,[ 4 11],7,-1,28,-1,7
1,<environment.Job instance at 0x7f975db3d7d0>,8,23,[8 4],9,-1,32,-1,9
1,<environment.Job instance at 0x7f975db3d730>,9,12,[3 9],10,-1,22,-1,10
1,<environment.Job instance at 0x7f975db3d500>,10,20,[5 7],11,-1,31,-1,11
1,<environment.Job instance at 0x7f975db3df00>,11,16,[4 8],12,-1,28,-1,12
1,<environment.Job instance at 0x7f975db3d370>,12,18,[6 1],13,-1,31,-1,13
1,<environment.Job instance at 0x7f975db3d5a0>,13,15,[2 8],14,-1,29,-1,14
1,<environment.Job instance at 0x7f975db3d820>,14,24,[6 2],15,-1,39,-1,15
1,<environment.Job instance at 0x7f975dca96e0>,16,25,[8 3],17,-1,42,-1,17
1,<environment.Job instance at 0x7f975dca91e0>,17,15,[11  1],18,-1,33,-1,18
1,<environment.Job instance at 0x7f975dca9780>,18,16,[10  5],19,-1,35,-1,19
1,<environment.Job instance at 0x7f975dca9e60>,20,16,[1 7],21,-1,37,-1,21
1,<environment.Job instance at 0x7f975dca9730>,22,18,[2 7],23,-1,41,-1,23
1,<environment.Job instance at 0x7f975dca9960>,23,15,[4 7],24,-1,39,-1,24
1,<environment.Job instance at 0x7f975db3df50>,4,21,[4 9],5,-1,45,-1,24
1,<environment.Job instance at 0x7f975dca99b0>,26,16,[9 4],27,-1,44,-1,28
1,<environment.Job instance at 0x7f975dca9c30>,28,27,[6 4],29,-1,56,-1,29
1,<environment.Job instance at 0x7f975dca92d0>,30,23,[5 5],31,-1,54,-1,31
1,<environment.Job instance at 0x7f975cb135f0>,31,28,[8 5],32,-1,60,-1,32
1,<environment.Job instance at 0x7f975cb13a00>,34,23,[10  2],35,-1,59,-1,36
1,<environment.Job instance at 0x7f975cb13aa0>,35,21,[10  3],36,-1,57,-1,36
1,<environment.Job instance at 0x7f975cb13730>,47,27,[ 2 10],48,-1,82,-1,55
1,<environment.Job instance at 0x7f975cb13780>,43,18,[3 8],44,-1,73,-1,55
1,<environment.Job instance at 0x7f975cb13f00>,40,20,[ 1 10],41,-1,78,-1,58
1,<environment.Job instance at 0x7f975cdf18c0>,51,17,[ 1 10],52,-1,75,-1,58
1,<environment.Job instance at 0x7f975cb13190>,38,19,[2 9],39,-1,83,-1,64
1,<environment.Job instance at 0x7f975cdf1f00>,52,28,[ 2 14],53,-1,92,-1,64
1,<environment.Job instance at 0x7f975cdf1370>,54,22,[8 3],55,-1,88,-1,66
1,<environment.Job instance at 0x7f975cdf1fa0>,57,21,[9 1],58,-1,87,-1,66
1,<environment.Job instance at 0x7f975cb13eb0>,37,15,[ 1 12],38,-1,81,-1,66
1,<environment.Job instance at 0x7f975cb130a0>,45,14,[ 4 10],46,-1,80,-1,66
1,<environment.Job instance at 0x7f975cdf1870>,59,16,[1 7],60,-1,88,-1,72
1,<environment.Job instance at 0x7f975cdf1230>,60,21,[8 3],61,-1,93,-1,72
1,<environment.Job instance at 0x7f975cdf1410>,62,26,[2 9],63,-1,98,-1,72
1,<environment.Job instance at 0x7f975cdf1730>,58,21,[8 2],59,-1,102,-1,81
1,<environment.Job instance at 0x7f975cdf1d70>,49,15,[13  4],50,-1,96,-1,81
1,<environment.Job instance at 0x7f975cdf1500>,53,28,[5 1],54,-1,109,-1,81
1,<environment.Job instance at 0x7f97668b87d0>,66,27,[ 4 13],67,-1,108,-1,81
1,<environment.Job instance at 0x7f975cb13960>,48,16,[ 1 12],49,-1,97,-1,81
1,<environment.Job instance at 0x7f975cf48370>,69,18,[9 5],70,-1,99,-1,81
1,<environment.Job instance at 0x7f9782005f00>,65,17,[11  4],66,-1,98,-1,81
1,<environment.Job instance at 0x7f975cf48140>,68,15,[2 5],69,-1,96,-1,81
1,<environment.Job instance at 0x7f975cf48910>,73,16,[1 9],74,-1,97,-1,81
1,<environment.Job instance at 0x7f975cf48f50>,71,26,[ 4 10],72,-1,107,-1,81
1,<environment.Job instance at 0x7f975cf488c0>,74,17,[2 6],75,-1,98,-1,81
1,<environment.Job instance at 0x7f975cf489b0>,76,26,[2 9],77,-1,107,-1,81
1,<environment.Job instance at 0x7f975cf48690>,77,22,[5 3],78,-1,103,-1,81
1,<environment.Job instance at 0x7f975d043410>,5,21,[ 5 14],6,-1,27,-1,6
1,<environment.Job instance at 0x7f975d0439b0>,6,21,[ 4 11],7,-1,28,-1,7
1,<environment.Job instance at 0x7f975ce4b050>,8,23,[8 4],9,-1,44,-1,21
1,<environment.Job instance at 0x7f97667330a0>,14,24,[6 2],15,-1,48,-1,24
1,<environment.Job instance at 0x7f975dca90f0>,17,15,[11  1],18,-1,39,-1,24
1,<environment.Job instance at 0x7f975dca9050>,16,25,[8 3],17,-1,61,-1,36
1,<environment.Job instance at 0x7f975cdf11e0>,24,20,[ 5 13],25,-1,71,-1,51
1,<environment.Job instance at 0x7f975cf483c0>,28,27,[6 4],29,-1,93,-1,66
1,<environment.Job instance at 0x7f975cf48dc0>,29,25,[6 1],30,-1,91,-1,66
1,<environment.Job instance at 0x7f975db3dbe0>,30,23,[5 5],31,-1,89,-1,66
1,<environment.Job instance at 0x7f975db3d5f0>,32,12,[13  5],33,-1,84,-1,72
1,<environment.Job instance at 0x7f975db3d1e0>,31,28,[8 5],32,-1,107,-1,79
1,<environment.Job instance at 0x7f975da459b0>,34,23,[10  2],35,-1,102,-1,79
1,<environment.Job instance at 0x7f975da45050>,36,17,[14  1],37,-1,96,-1,79
1,<environment.Job instance at 0x7f975da453c0>,37,15,[ 1 12],38,-1,94,-1,79
1,<environment.Job instance at 0x7f975d458cd0>,42,25,[5 3],43,-1,113,-1,88
1,<environment.Job instance at 0x7f975c7b0c30>,47,27,[ 2 10],48,-1,142,-1,115
1,<environment.Job instance at 0x7f975cc87a50>,48,16,[ 1 12],49,-1,131,-1,115
1,<environment.Job instance at 0x7f975cc87fa0>,49,15,[13  4],50,-1,130,-1,115
1,<environment.Job instance at 0x7f975ca58190>,50,2,[ 1 13],51,-1,117,-1,115
1,<environment.Job instance at 0x7f975d037d70>,52,28,[ 2 14],53,-1,143,-1,115
1,<environment.Job instance at 0x7f975d991280>,53,28,[5 1],54,-1,143,-1,115
1,<environment.Job instance at 0x7f975cb13640>,0,26,[ 2 11],1,-1,27,-1,1
1,<environment.Job instance at 0x7f975cb131e0>,1,13,[13  4],2,-1,15,-1,2
1,<environment.Job instance at 0x7f975da56640>,4,13,[12  4],5,-1,18,-1,5
1,<environment.Job instance at 0x7f975cb13e60>,5,17,[ 5 13],6,-1,23,-1,6
1,<environment.Job instance at 0x7f975ce49370>,6,16,[ 5 14],7,-1,23,-1,7
1,<environment.Job instance at 0x7f975ce49a00>,9,17,[ 2 14],10,-1,27,-1,10
1,<environment.Job instance at 0x7f975ce498c0>,10,18,[11  3],11,-1,29,-1,11
1,<environment.Job instance at 0x7f975caa6d70>,15,24,[11  3],16,-1,44,-1,20
1,<environment.Job instance at 0x7f975d306780>,16,15,[ 5 12],17,-1,35,-1,20
1,<environment.Job instance at 0x7f975ce17a00>,17,26,[ 1 12],18,-1,46,-1,20
1,<environment.Job instance at 0x7f975ce49aa0>,7,25,[5 8],8,-1,46,-1,21
1,<environment.Job instance at 0x7f975ce1c3c0>,19,25,[1 8],20,-1,46,-1,21
1,<environment.Job instance at 0x7f975ce1c550>,20,27,[ 3 12],21,-1,48,-1,21
1,<environment.Job instance at 0x7f975ce1c500>,22,2,[12  4],23,-1,25,-1,23
1,<environment.Job instance at 0x7f975ce440a0>,24,28,[11  4],25,-1,53,-1,25
1,<environment.Job instance at 0x7f975ce4c0f0>,27,16,[11  2],28,-1,48,-1,32
1,<environment.Job instance at 0x7f975ce4ceb0>,29,13,[13  2],30,-1,47,-1,34
1,<environment.Job instance at 0x7f975ce4cf50>,25,26,[5 7],26,-1,63,-1,37
1,<environment.Job instance at 0x7f975d54d1e0>,31,15,[ 5 12],32,-1,52,-1,37
1,<environment.Job instance at 0x7f975d534d70>,42,15,[12  2],43,-1,79,-1,64
1,<environment.Job instance at 0x7f975d534960>,46,15,[ 3 13],47,-1,93,-1,78
1,<environment.Job instance at 0x7f975d182460>,50,13,[ 5 11],51,-1,104,-1,91
1,<environment.Job instance at 0x7f975d182960>,52,24,[8 4],53,-1,133,-1,109
1,<environment.Job instance at 0x7f975d534eb0>,49,28,[9 4],50,-1,137,-1,109
1,<environment.Job instance at 0x7f975d162640>,58,26,[6 1],59,-1,150,-1,124
1,<environment.Job instance at 0x7f976643c460>,59,3,[ 5 14],60,-1,127,-1,124
1,<environment.Job instance at 0x7f975d768f50>,60,3,[14  4],61,-1,127,-1,124
1,<environment.Job instance at 0x7f975d029f50>,1,24,[3 9],2,-1,26,-1,2
1,<environment.Job instance at 0x7f975db3d5f0>,4,27,[11  2],5,-1,44,-1,17
1,<environment.Job instance at 0x7f975d8a4af0>,14,16,[3 8],15,-1,34,-1,18
1,<environment.Job instance at 0x7f975d8a41e0>,18,17,[9 4],19,-1,38,-1,21
1,<environment.Job instance at 0x7f975d333f00>,24,19,[ 5 10],25,-1,76,-1,57
1,<environment.Job instance at 0x7f975d8a4050>,16,18,[9 2],17,-1,75,-1,57
1,<environment.Job instance at 0x7f975d333e60>,28,24,[10  2],29,-1,84,-1,60
1,<environment.Job instance at 0x7f975d3335f0>,31,15,[9 2],32,-1,75,-1,60
1,<environment.Job instance at 0x7f975c7d6320>,0,27,[13  3],1,-1,28,-1,1
1,<environment.Job instance at 0x7f975c7d60a0>,1,24,[3 9],2,-1,26,-1,2
1,<environment.Job instance at 0x7f975dd40320>,3,23,[14  1],4,-1,27,-1,4
1,<environment.Job instance at 0x7f975dd40690>,4,27,[11  2],5,-1,32,-1,5
1,<environment.Job instance at 0x7f97669f7d70>,7,22,[ 3 14],8,-1,30,-1,8
1,<environment.Job instance at 0x7f975d5514b0>,8,15,[13  2],9,-1,24,-1,9
1,<environment.Job instance at 0x7f975d5512d0>,9,16,[11  3],10,-1,26,-1,10
1,<environment.Job instance at 0x7f975d551960>,13,1,[13  2],14,-1,15,-1,14
1,<environment.Job instance at 0x7f975d8df910>,19,28,[13  5],20,-1,49,-1,21
1,<environment.Job instance at 0x7f975dbd7460>,20,27,[6 1],21,-1,56,-1,29
1,<environment.Job instance at 0x7f975ce51cd0>,22,17,[ 5 11],23,-1,46,-1,29
1,<environment.Job instance at 0x7f975d8d3c30>,26,24,[14  3],27,-1,65,-1,41
1,<environment.Job instance at 0x7f975d8e40f0>,27,1,[ 1 14],28,-1,42,-1,41
1,<environment.Job instance at 0x7f975d317690>,28,24,[10  2],29,-1,74,-1,50
1,<environment.Job instance at 0x7f975d8dbc30>,30,3,[ 2 14],31,-1,53,-1,50
1,<environment.Job instance at 0x7f975d56e910>,32,19,[11  3],33,-1,69,-1,50
1,<environment.Job instance at 0x7f975d31b320>,33,18,[ 5 11],34,-1,68,-1,50
1,<environment.Job instance at 0x7f975cbc7e60>,34,21,[12  1],35,-1,71,-1,50
1,<environment.Job instance at 0x7f975caaac30>,35,18,[12  4],36,-1,68,-1,50
1,<environment.Job instance at 0x7f975caaa730>,36,26,[1 9],37,-1,79,-1,53
1,<environment.Job instance at 0x7f975d18b190>,39,26,[13  5],40,-1,91,-1,65
1,<environment.Job instance at 0x7f975d18b230>,40,25,[13  3],41,-1,90,-1,65
1,<environment.Job instance at 0x7f975d162320>,42,13,[ 3 12],43,-1,80,-1,67
1,<environment.Job instance at 0x7f975dc83c80>,45,13,[12  1],46,-1,81,-1,68
1,<environment.Job instance at 0x7f975d1825a0>,46,16,[ 5 11],47,-1,84,-1,68
1,<environment.Job instance at 0x7f975d182b40>,47,16,[11  4],48,-1,84,-1,68
1,<environment.Job instance at 0x7f975d182690>,48,24,[3 5],49,-1,94,-1,70
1,<environment.Job instance at 0x7f975d1824b0>,50,19,[ 5 13],51,-1,89,-1,70
1,<environment.Job instance at 0x7f975d5348c0>,51,24,[2 5],52,-1,105,-1,81
1,<environment.Job instance at 0x7f975d534960>,55,26,[ 3 12],56,-1,112,-1,86
1,<environment.Job instance at 0x7f975ce33190>,58,16,[13  4],59,-1,104,-1,88
1,<environment.Job instance at 0x7f975ce33230>,59,28,[2 7],60,-1,117,-1,89
1,<environment.Job instance at 0x7f975d534d70>,56,26,[9 2],57,-1,120,-1,94
1,<environment.Job instance at 0x7f975ce3c730>,62,17,[ 3 13],63,-1,111,-1,94
1,<environment.Job instance at 0x7f975ce3cfa0>,63,28,[3 7],64,-1,128,-1,100
1,<environment.Job instance at 0x7f975ce1f410>,64,20,[11  2],65,-1,120,-1,100
1,<environment.Job instance at 0x7f975ce4cf50>,69,14,[ 5 13],70,-1,129,-1,115
1,<environment.Job instance at 0x7f975cfbd050>,2,22,[ 2 10],3,-1,27,-1,5
1,<environment.Job instance at 0x7f975d4f6190>,6,16,[1 7],7,-1,23,-1,7
1,<environment.Job instance at 0x7f975d8d32d0>,17,28,[ 5 11],18,-1,101,-1,73
1,<environment.Job instance at 0x7f975d8d34b0>,16,20,[ 5 12],17,-1,104,-1,84
1,<environment.Job instance at 0x7f975d4f6f00>,4,18,[3 9],5,-1,102,-1,84
1,<environment.Job instance at 0x7f975d8d3550>,21,28,[14  5],22,-1,113,-1,85
1,<environment.Job instance at 0x7f975d8d3820>,19,23,[5 9],20,-1,110,-1,87
1,<environment.Job instance at 0x7f975d8d3500>,18,16,[10  3],19,-1,107,-1,91
1,<environment.Job instance at 0x7f975d8e4f50>,26,18,[4 5],27,-1,110,-1,92
1,<environment.Job instance at 0x7f975d8d35a0>,22,17,[9 4],23,-1,109,-1,92
1,<environment.Job instance at 0x7f975d8d3190>,23,13,[12  1],24,-1,105,-1,92
1,<environment.Job instance at 0x7f975d8e46e0>,28,15,[1 5],29,-1,107,-1,92
1,<environment.Job instance at 0x7f975d8e4460>,29,16,[5 6],30,-1,109,-1,93
1,<environment.Job instance at 0x7f975d8e4b90>,35,15,[5 1],36,-1,108,-1,93
1,<environment.Job instance at 0x7f975d8e4d70>,39,16,[13  1],40,-1,111,-1,95
1,<environment.Job instance at 0x7f975d8e4910>,34,16,[4 6],35,-1,115,-1,99
1,<environment.Job instance at 0x7f975d8e4820>,40,15,[10  4],41,-1,114,-1,99
1,<environment.Job instance at 0x7f975d8e4dc0>,41,16,[ 5 10],42,-1,118,-1,102
1,<environment.Job instance at 0x7f975d8e4640>,45,25,[ 4 10],46,-1,127,-1,102
1,<environment.Job instance at 0x7f975d8e4a00>,47,20,[4 8],48,-1,135,-1,115
1,<environment.Job instance at 0x7f975d8e4280>,32,13,[ 4 14],33,-1,128,-1,115
1,<environment.Job instance at 0x7f975d8e4b40>,49,27,[2 9],50,-1,142,-1,115
1,<environment.Job instance at 0x7f975cc21d70>,50,15,[2 6],51,-1,138,-1,123
1,<environment.Job instance at 0x7f975c8f6d20>,0,26,[1 9],1,-1,27,-1,1
1,<environment.Job instance at 0x7f975c8f6640>,1,25,[5 4],2,-1,27,-1,2
1,<environment.Job instance at 0x7f975dd17e60>,3,3,[13  4],4,-1,7,-1,4
1,<environment.Job instance at 0x7f975c8f6c80>,5,12,[13  4],6,-1,18,-1,6
1,<environment.Job instance at 0x7f975dd17910>,7,19,[12  3],8,-1,27,-1,8
1,<environment.Job instance at 0x7f975dd17780>,8,17,[ 5 11],9,-1,26,-1,9
1,<environment.Job instance at 0x7f975dd17370>,12,18,[14  2],13,-1,31,-1,13
1,<environment.Job instance at 0x7f975dd176e0>,13,15,[14  3],14,-1,29,-1,14
1,<environment.Job instance at 0x7f975dd17190>,15,17,[12  2],16,-1,42,-1,25
1,<environment.Job instance at 0x7f9766366050>,16,20,[ 5 12],17,-1,45,-1,25
1,<environment.Job instance at 0x7f975dab0d20>,17,28,[ 5 11],18,-1,53,-1,25
1,<environment.Job instance at 0x7f975dcd2b90>,21,28,[14  5],22,-1,68,-1,40
1,<environment.Job instance at 0x7f975d8a40a0>,23,13,[12  1],24,-1,55,-1,42
1,<environment.Job instance at 0x7f975c7a4190>,24,28,[ 5 11],25,-1,70,-1,42
1,<environment.Job instance at 0x7f975dcd20a0>,19,23,[5 9],20,-1,66,-1,43
1,<environment.Job instance at 0x7f975ce17190>,32,13,[ 4 14],33,-1,75,-1,62
1,<environment.Job instance at 0x7f975ce1c3c0>,37,1,[ 4 12],38,-1,79,-1,78
1,<environment.Job instance at 0x7f975ce1c500>,39,16,[13  1],40,-1,96,-1,80
1,<environment.Job instance at 0x7f975d54d0f0>,42,3,[13  2],43,-1,99,-1,96
1,<environment.Job instance at 0x7f975ce4ceb0>,43,28,[ 1 14],44,-1,124,-1,96
1,<environment.Job instance at 0x7f975ce4c320>,44,18,[ 2 14],45,-1,114,-1,96
1,<environment.Job instance at 0x7f975d54d690>,45,25,[ 4 10],46,-1,124,-1,99
1,<environment.Job instance at 0x7f975ce1f230>,46,24,[11  5],47,-1,123,-1,99
1,<environment.Job instance at 0x7f975ce3ca00>,49,27,[2 9],50,-1,126,-1,99
1,<environment.Job instance at 0x7f975ce33aa0>,53,13,[ 2 14],54,-1,127,-1,114
1,<environment.Job instance at 0x7f975c64c9b0>,3,17,[5 8],4,-1,22,-1,5
1,<environment.Job instance at 0x7f975c64c0a0>,4,14,[14  5],5,-1,19,-1,5
1,<environment.Job instance at 0x7f975c64cd70>,6,16,[8 2],7,-1,24,-1,8
1,<environment.Job instance at 0x7f975d093960>,10,12,[10  3],11,-1,26,-1,14
1,<environment.Job instance at 0x7f975dcf3140>,14,16,[6 1],15,-1,33,-1,17
1,<environment.Job instance at 0x7f975d0938c0>,11,13,[10  4],12,-1,30,-1,17
1,<environment.Job instance at 0x7f975dcf3a00>,13,1,[ 3 10],14,-1,18,-1,17
1,<environment.Job instance at 0x7f975c501e60>,17,14,[11  4],18,-1,32,-1,18
1,<environment.Job instance at 0x7f975c501960>,19,24,[4 8],20,-1,44,-1,20
1,<environment.Job instance at 0x7f975c501230>,20,21,[9 5],21,-1,42,-1,21
1,<environment.Job instance at 0x7f975c501c80>,21,25,[5 4],22,-1,47,-1,22
1,<environment.Job instance at 0x7f975c5018c0>,27,20,[9 5],28,-1,53,-1,33
1,<environment.Job instance at 0x7f975ca17b40>,0,24,[ 5 12],1,-1,25,-1,1
1,<environment.Job instance at 0x7f975d958e60>,2,3,[ 3 12],3,-1,6,-1,3
1,<environment.Job instance at 0x7f975d94c960>,4,14,[14  5],5,-1,19,-1,5
1,<environment.Job instance at 0x7f975d94c730>,5,14,[ 3 12],6,-1,20,-1,6
1,<environment.Job instance at 0x7f975d95e230>,7,19,[ 4 11],8,-1,27,-1,8
1,<environment.Job instance at 0x7f975d958eb0>,9,2,[11  4],10,-1,12,-1,10
1,<environment.Job instance at 0x7f975d94e0f0>,16,2,[ 1 11],17,-1,24,-1,22
1,<environment.Job instance at 0x7f975d94e1e0>,17,14,[11  4],18,-1,36,-1,22
1,<environment.Job instance at 0x7f975d06ac80>,18,24,[ 4 11],19,-1,46,-1,22
1,<environment.Job instance at 0x7f975d06aa00>,19,24,[4 8],20,-1,47,-1,23
1,<environment.Job instance at 0x7f975cc67aa0>,21,25,[5 4],22,-1,48,-1,23
1,<environment.Job instance at 0x7f975d967140>,26,26,[8 5],27,-1,63,-1,37
1,<environment.Job instance at 0x7f975d967960>,29,18,[12  1],30,-1,55,-1,37
1,<environment.Job instance at 0x7f975d944870>,34,23,[6 2],35,-1,76,-1,53
1,<environment.Job instance at 0x7f975d08c5a0>,35,1,[11  4],36,-1,54,-1,53
1,<environment.Job instance at 0x7f975d08cfa0>,36,3,[ 1 12],37,-1,56,-1,53
1,<environment.Job instance at 0x7f975d08c3c0>,37,14,[12  1],38,-1,67,-1,53
1,<environment.Job instance at 0x7f975ca3b6e0>,42,2,[ 1 11],43,-1,69,-1,67
1,<environment.Job instance at 0x7f975d08baa0>,44,18,[12  5],45,-1,85,-1,67
1,<environment.Job instance at 0x7f975d08b5f0>,45,20,[13  1],46,-1,87,-1,67
1,<environment.Job instance at 0x7f975d092230>,46,17,[ 5 13],47,-1,84,-1,67
1,<environment.Job instance at 0x7f975d0920a0>,48,23,[4 8],49,-1,103,-1,80
1,<environment.Job instance at 0x7f975d94b960>,51,26,[2 8],52,-1,118,-1,92
1,<environment.Job instance at 0x7f975c63dd20>,53,13,[12  5],54,-1,105,-1,92
1,<environment.Job instance at 0x7f975d061d70>,55,14,[ 2 11],56,-1,106,-1,92
1,<environment.Job instance at 0x7f975d057910>,59,26,[6 5],60,-1,142,-1,116
1,<environment.Job instance at 0x7f975c87f5f0>,61,22,[13  2],62,-1,138,-1,116
1,<environment.Job instance at 0x7f975cb504b0>,0,22,[4 9],1,-1,23,-1,1
1,<environment.Job instance at 0x7f975cf82370>,2,14,[9 2],3,-1,18,-1,4
1,<environment.Job instance at 0x7f975cf82960>,8,27,[ 3 10],9,-1,72,-1,45
1,<environment.Job instance at 0x7f975cf82460>,14,22,[ 2 10],15,-1,67,-1,45
1,<environment.Job instance at 0x7f975cf82eb0>,17,18,[4 6],18,-1,71,-1,53
1,<environment.Job instance at 0x7f975cf6e550>,16,20,[4 5],17,-1,73,-1,53
1,<environment.Job instance at 0x7f975cf6e870>,22,16,[5 3],23,-1,69,-1,53
1,<environment.Job instance at 0x7f975cf6e780>,23,16,[2 7],24,-1,69,-1,53
1,<environment.Job instance at 0x7f975cf82af0>,15,25,[2 8],16,-1,78,-1,53
1,<environment.Job instance at 0x7f975cf6edc0>,25,12,[5 9],26,-1,65,-1,53
1,<environment.Job instance at 0x7f975cf6ed20>,27,15,[1 7],28,-1,69,-1,54
1,<environment.Job instance at 0x7f975cf6ec80>,28,17,[6 2],29,-1,71,-1,54
1,<environment.Job instance at 0x7f975cf6ea00>,30,22,[12  2],31,-1,76,-1,54
1,<environment.Job instance at 0x7f975cf6ee60>,26,24,[14  3],27,-1,78,-1,54
1,<environment.Job instance at 0x7f975ca00d70>,31,18,[2 5],32,-1,72,-1,54
1,<environment.Job instance at 0x7f975ca001e0>,34,12,[ 2 14],35,-1,67,-1,55
1,<environment.Job instance at 0x7f975ca00cd0>,36,14,[12  5],37,-1,69,-1,55
1,<environment.Job instance at 0x7f975ca00780>,37,28,[9 4],38,-1,86,-1,58
1,<environment.Job instance at 0x7f975ca00500>,39,16,[ 3 13],40,-1,74,-1,58
1,<environment.Job instance at 0x7f975ca00870>,42,14,[3 7],43,-1,73,-1,59
1,<environment.Job instance at 0x7f975ca00370>,43,20,[ 5 10],44,-1,83,-1,63
1,<environment.Job instance at 0x7f975cf82780>,7,17,[ 3 14],8,-1,86,-1,69
1,<environment.Job instance at 0x7f975ca00b40>,45,18,[ 4 12],46,-1,87,-1,69
1,<environment.Job instance at 0x7f975cf82910>,5,20,[ 4 12],6,-1,89,-1,69
1,<environment.Job instance at 0x7f975ca00fa0>,46,14,[10  3],47,-1,84,-1,70
1,<environment.Job instance at 0x7f975cf829b0>,11,22,[ 1 10],12,-1,100,-1,78
1,<environment.Job instance at 0x7f975ca006e0>,35,18,[14  4],36,-1,96,-1,78
1,<environment.Job instance at 0x7f975ca00f50>,48,21,[3 9],49,-1,99,-1,78
1,<environment.Job instance at 0x7f975cc67f50>,54,18,[9 3],55,-1,96,-1,78
1,<environment.Job instance at 0x7f975cf90050>,4,15,[ 3 11],5,-1,20,-1,5
1,<environment.Job instance at 0x7f975dd17b90>,5,20,[ 4 12],6,-1,26,-1,6
1,<environment.Job instance at 0x7f975cf827d0>,7,17,[ 3 14],8,-1,25,-1,8
1,<environment.Job instance at 0x7f975d958c30>,1,23,[2 9],2,-1,46,-1,23
1,<environment.Job instance at 0x7f975cf7f460>,12,2,[14  1],13,-1,25,-1,23
1,<environment.Job instance at 0x7f975cf90140>,6,28,[5 8],7,-1,51,-1,23
1,<environment.Job instance at 0x7f975cf7fbe0>,15,25,[2 8],16,-1,48,-1,23
1,<environment.Job instance at 0x7f975cf6eeb0>,8,27,[ 3 10],9,-1,50,-1,23
1,<environment.Job instance at 0x7f975cf7fc30>,19,2,[ 5 11],20,-1,25,-1,23
1,<environment.Job instance at 0x7f975cc671e0>,26,24,[14  3],27,-1,85,-1,61
1,<environment.Job instance at 0x7f975cf83140>,29,2,[13  4],30,-1,79,-1,77
1,<environment.Job instance at 0x7f975cf83320>,30,22,[12  2],31,-1,99,-1,77
1,<environment.Job instance at 0x7f975c578e60>,32,2,[14  5],33,-1,82,-1,80
1,<environment.Job instance at 0x7f975cb50af0>,33,28,[ 3 11],34,-1,108,-1,80
1,<environment.Job instance at 0x7f975cb50b40>,34,12,[ 2 14],35,-1,92,-1,80
1,<environment.Job instance at 0x7f975c578410>,35,18,[14  4],36,-1,98,-1,80
1,<environment.Job instance at 0x7f975cf8ca00>,36,14,[12  5],37,-1,94,-1,80
1,<environment.Job instance at 0x7f975cf8ca50>,37,28,[9 4],38,-1,121,-1,93
1,<environment.Job instance at 0x7f975cf8c820>,38,28,[13  4],39,-1,121,-1,93
1,<environment.Job instance at 0x7f975cf8ce60>,39,16,[ 3 13],40,-1,109,-1,93
1,<environment.Job instance at 0x7f975cf8c7d0>,41,1,[ 2 13],42,-1,94,-1,93
1,<environment.Job instance at 0x7f975cf8c5f0>,45,18,[ 4 12],46,-1,125,-1,107
1,<environment.Job instance at 0x7f975cc6d910>,51,23,[ 4 10],52,-1,148,-1,125
1,<environment.Job instance at 0x7f975d7dcfa0>,1,15,[9 1],2,-1,18,-1,3
1,<environment.Job instance at 0x7f975c88e6e0>,2,27,[7 4],3,-1,30,-1,3
1,<environment.Job instance at 0x7f975d7dc730>,3,16,[8 4],4,-1,22,-1,6
1,<environment.Job instance at 0x7f975d1956e0>,7,24,[6 3],8,-1,32,-1,8
1,<environment.Job instance at 0x7f975d1953c0>,11,20,[8 1],12,-1,33,-1,13
1,<environment.Job instance at 0x7f975d195c30>,15,16,[ 5 10],16,-1,33,-1,17
1,<environment.Job instance at 0x7f975d6d52d0>,0,2,[ 3 14],1,-1,3,-1,1
1,<environment.Job instance at 0x7f975d6d58c0>,2,27,[7 4],3,-1,44,-1,17
1,<environment.Job instance at 0x7f975d6d53c0>,9,13,[12  3],10,-1,30,-1,17
1,<environment.Job instance at 0x7f975d6d5cd0>,7,24,[6 3],8,-1,41,-1,17
1,<environment.Job instance at 0x7f975cf8c5a0>,12,23,[ 3 11],13,-1,40,-1,17
1,<environment.Job instance at 0x7f975cf8c8c0>,13,14,[ 4 13],14,-1,31,-1,17
1,<environment.Job instance at 0x7f975cf8c460>,14,26,[9 3],15,-1,43,-1,17
1,<environment.Job instance at 0x7f975cf8c2d0>,17,20,[ 4 14],18,-1,38,-1,18
1,<environment.Job instance at 0x7f975cf8c1e0>,19,14,[12  5],20,-1,34,-1,20
1,<environment.Job instance at 0x7f975cf8cd20>,20,25,[ 5 12],21,-1,46,-1,21
1,<environment.Job instance at 0x7f975d6d5a50>,8,28,[2 8],9,-1,50,-1,22
1,<environment.Job instance at 0x7f975cf8c910>,22,2,[14  2],23,-1,33,-1,31
1,<environment.Job instance at 0x7f975ca00690>,26,20,[ 1 11],27,-1,64,-1,44
1,<environment.Job instance at 0x7f975cf83320>,24,23,[6 4],25,-1,76,-1,53
1,<environment.Job instance at 0x7f975cf83820>,28,18,[ 5 13],29,-1,71,-1,53
1,<environment.Job instance at 0x7f975cf7f2d0>,31,28,[1 5],32,-1,94,-1,66
1,<environment.Job instance at 0x7f975cf7fb90>,33,25,[8 1],34,-1,94,-1,69
1,<environment.Job instance at 0x7f975cf7f4b0>,35,12,[12  3],36,-1,81,-1,69
1,<environment.Job instance at 0x7f975cf6ef50>,38,25,[4 5],39,-1,99,-1,74
1,<environment.Job instance at 0x7f975cf82050>,41,28,[13  4],42,-1,111,-1,83
1,<environment.Job instance at 0x7f975cf901e0>,42,20,[13  2],43,-1,103,-1,83
1,<environment.Job instance at 0x7f975dd75dc0>,43,14,[12  3],44,-1,97,-1,83
1,<environment.Job instance at 0x7f975cf90050>,44,17,[ 5 13],45,-1,100,-1,83
1,<environment.Job instance at 0x7f975cf6eeb0>,39,25,[10  3],40,-1,115,-1,90
1,<environment.Job instance at 0x7f975c578410>,46,18,[13  4],47,-1,108,-1,90
1,<environment.Job instance at 0x7f975d0ab5a0>,49,16,[ 2 11],50,-1,106,-1,90
1,<environment.Job instance at 0x7f975d83a690>,51,25,[2 5],52,-1,128,-1,103
1,<environment.Job instance at 0x7f975ca3be10>,58,23,[ 3 14],59,-1,140,-1,117
1,<environment.Job instance at 0x7f975dd171e0>,59,21,[ 5 13],60,-1,138,-1,117
1,<environment.Job instance at 0x7f975c7da640>,60,16,[ 3 14],61,-1,133,-1,117
1,<environment.Job instance at 0x7f975d5fd1e0>,62,14,[11  3],63,-1,134,-1,120
1,<environment.Job instance at 0x7f975d785b90>,0,20,[1 7],1,-1,21,-1,1
1,<environment.Job instance at 0x7f975cdc4cd0>,1,18,[9 3],2,-1,21,-1,3
1,<environment.Job instance at 0x7f975cdc4d70>,3,14,[6 2],4,-1,18,-1,4
1,<environment.Job instance at 0x7f975d785960>,2,16,[3 8],3,-1,20,-1,4
1,<environment.Job instance at 0x7f975cdc4640>,17,28,[ 3 13],18,-1,52,-1,24
1,<environment.Job instance at 0x7f975d7b7690>,24,14,[12  2],25,-1,45,-1,31
1,<environment.Job instance at 0x7f975cdc4190>,16,16,[3 6],17,-1,47,-1,31
1,<environment.Job instance at 0x7f975cdd9d20>,4,3,[14  3],5,-1,8,-1,5
1,<environment.Job instance at 0x7f975cdfe5a0>,7,14,[ 1 13],8,-1,22,-1,8
1,<environment.Job instance at 0x7f975cdfeb90>,5,28,[1 7],6,-1,48,-1,20
1,<environment.Job instance at 0x7f975ca9e0a0>,9,13,[13  5],10,-1,33,-1,20
1,<environment.Job instance at 0x7f975c98d500>,10,3,[12  1],11,-1,23,-1,20
1,<environment.Job instance at 0x7f975c803550>,12,24,[ 2 12],13,-1,44,-1,20
1,<environment.Job instance at 0x7f975d37bdc0>,14,17,[ 5 14],15,-1,37,-1,20
1,<environment.Job instance at 0x7f975ca1a500>,17,28,[ 3 13],18,-1,62,-1,34
1,<environment.Job instance at 0x7f975dc96460>,19,2,[14  1],20,-1,36,-1,34
1,<environment.Job instance at 0x7f975dc96a00>,21,12,[ 4 12],22,-1,47,-1,35
1,<environment.Job instance at 0x7f975db9fa50>,22,12,[12  5],23,-1,47,-1,35
1,<environment.Job instance at 0x7f975dba8a00>,24,14,[12  2],25,-1,51,-1,37
1,<environment.Job instance at 0x7f975dbb7550>,26,15,[ 1 12],27,-1,65,-1,50
1,<environment.Job instance at 0x7f975d8de460>,29,23,[5 9],30,-1,78,-1,55
1,<environment.Job instance at 0x7f975c577d20>,31,23,[4 7],32,-1,78,-1,55
1,<environment.Job instance at 0x7f975dbb73c0>,33,20,[ 2 12],34,-1,75,-1,55
1,<environment.Job instance at 0x7f975ce03af0>,34,25,[9 4],35,-1,80,-1,55
1,<environment.Job instance at 0x7f975ce03410>,35,24,[5 1],36,-1,79,-1,55
1,<environment.Job instance at 0x7f975ce031e0>,40,24,[ 1 10],41,-1,92,-1,68
1,<environment.Job instance at 0x7f975ce03f50>,37,27,[1 7],38,-1,95,-1,68
1,<environment.Job instance at 0x7f975ce032d0>,43,21,[13  3],44,-1,89,-1,68
1,<environment.Job instance at 0x7f975ce03cd0>,41,26,[10  5],42,-1,99,-1,73
1,<environment.Job instance at 0x7f975ce037d0>,49,3,[ 1 12],50,-1,77,-1,74
1,<environment.Job instance at 0x7f975c7ffb40>,50,16,[13  4],51,-1,90,-1,74
1,<environment.Job instance at 0x7f975d8e9c80>,51,19,[11  2],52,-1,93,-1,74
1,<environment.Job instance at 0x7f975c574f00>,52,2,[ 4 14],53,-1,76,-1,74
1,<environment.Job instance at 0x7f975c55b820>,54,15,[13  5],55,-1,91,-1,76
1,<environment.Job instance at 0x7f975cdfc7d0>,60,27,[ 5 14],61,-1,143,-1,116
1,<environment.Job instance at 0x7f975c563a00>,61,22,[12  4],62,-1,138,-1,116
1,<environment.Job instance at 0x7f975c9300a0>,62,2,[13  2],63,-1,118,-1,116
1,<environment.Job instance at 0x7f975d8e7780>,10,22,[8 2],11,-1,34,-1,12
1,<environment.Job instance at 0x7f975d8e73c0>,12,16,[4 6],13,-1,29,-1,13
1,<environment.Job instance at 0x7f975d8e77d0>,11,27,[4 9],12,-1,50,-1,23
1,<environment.Job instance at 0x7f975d8e7500>,5,17,[11  1],6,-1,51,-1,34
1,<environment.Job instance at 0x7f975c55bb90>,24,16,[10  1],25,-1,50,-1,34
1,<environment.Job instance at 0x7f975c55bcd0>,27,14,[5 5],28,-1,48,-1,34
1,<environment.Job instance at 0x7f975c9322d0>,1,27,[ 4 13],2,-1,29,-1,2
1,<environment.Job instance at 0x7f975d718cd0>,3,18,[ 2 13],4,-1,22,-1,4
1,<environment.Job instance at 0x7f975d718050>,5,17,[11  1],6,-1,23,-1,6
1,<environment.Job instance at 0x7f975d70c280>,6,13,[12  1],7,-1,20,-1,7
1,<environment.Job instance at 0x7f975d702fa0>,11,27,[4 9],12,-1,42,-1,15
1,<environment.Job instance at 0x7f975d7203c0>,13,19,[ 1 11],14,-1,34,-1,15
1,<environment.Job instance at 0x7f975c91f9b0>,15,3,[14  5],16,-1,19,-1,16
1,<environment.Job instance at 0x7f975c955d20>,17,18,[12  5],18,-1,36,-1,18
1,<environment.Job instance at 0x7f975c9551e0>,18,3,[14  5],19,-1,22,-1,19
1,<environment.Job instance at 0x7f975c9277d0>,20,16,[ 2 12],21,-1,37,-1,21
1,<environment.Job instance at 0x7f975c9274b0>,22,18,[12  1],23,-1,41,-1,23
1,<environment.Job instance at 0x7f975c9403c0>,25,21,[12  4],26,-1,52,-1,31
1,<environment.Job instance at 0x7f975c945b40>,26,14,[ 3 12],27,-1,45,-1,31
1,<environment.Job instance at 0x7f975c923c30>,28,2,[11  5],29,-1,34,-1,32
1,<environment.Job instance at 0x7f975c945640>,30,28,[13  3],31,-1,62,-1,34
1,<environment.Job instance at 0x7f975c91da00>,33,2,[14  3],34,-1,47,-1,45
1,<environment.Job instance at 0x7f975c91d910>,35,1,[ 2 12],36,-1,47,-1,46
1,<environment.Job instance at 0x7f975c925dc0>,40,16,[ 1 13],41,-1,65,-1,49
1,<environment.Job instance at 0x7f975c925cd0>,41,18,[ 3 13],42,-1,67,-1,49
1,<environment.Job instance at 0x7f975c926870>,42,28,[7 1],43,-1,79,-1,51
1,<environment.Job instance at 0x7f975c926190>,43,27,[2 7],44,-1,78,-1,51
1,<environment.Job instance at 0x7f975c94aaf0>,37,23,[9 5],38,-1,74,-1,51
1,<environment.Job instance at 0x7f975c9300a0>,47,24,[12  2],48,-1,75,-1,51
1,<environment.Job instance at 0x7f975ce10aa0>,50,25,[5 4],51,-1,91,-1,66
1,<environment.Job instance at 0x7f975cdfc960>,51,17,[ 5 11],52,-1,83,-1,66
1,<environment.Job instance at 0x7f975cdfc8c0>,52,15,[12  2],53,-1,81,-1,66
1,<environment.Job instance at 0x7f975db79a50>,53,28,[10  2],54,-1,94,-1,66
1,<environment.Job instance at 0x7f975c574280>,55,1,[ 1 11],56,-1,67,-1,66
1,<environment.Job instance at 0x7f975c574550>,56,23,[5 5],57,-1,92,-1,69
1,<environment.Job instance at 0x7f975dda7550>,59,26,[ 4 13],60,-1,107,-1,81
1,<environment.Job instance at 0x7f975d343730>,63,16,[ 1 14],64,-1,100,-1,84
1,<environment.Job instance at 0x7f975ca1a500>,65,3,[12  5],66,-1,90,-1,87
1,<environment.Job instance at 0x7f975c5770a0>,67,14,[ 5 13],68,-1,111,-1,97
1,<environment.Job instance at 0x7f975d8e72d0>,69,22,[13  4],70,-1,124,-1,102
1,<environment.Job instance at 0x7f975d8e74b0>,70,13,[11  4],71,-1,115,-1,102
1,<environment.Job instance at 0x7f975d8e7730>,73,22,[ 1 11],74,-1,127,-1,105
1,<environment.Job instance at 0x7f975d8e7280>,72,23,[10  2],73,-1,144,-1,121
1,<environment.Job instance at 0x7f975db7b6e0>,77,27,[12  1],78,-1,148,-1,121
1,<environment.Job instance at 0x7f975db7bc30>,78,26,[14  5],79,-1,147,-1,121
1,<environment.Job instance at 0x7f975db7b140>,79,12,[ 4 12],80,-1,133,-1,121
1,<environment.Job instance at 0x7f975d9dd640>,2,28,[5 3],3,-1,31,-1,3
1,<environment.Job instance at 0x7f975d9dda50>,7,16,[2 5],8,-1,24,-1,8
1,<environment.Job instance at 0x7f975d9dd820>,8,17,[9 4],9,-1,26,-1,9
1,<environment.Job instance at 0x7f975d9ddc30>,13,27,[5 1],14,-1,41,-1,14
1,<environment.Job instance at 0x7f975d9ddfa0>,16,20,[4 7],17,-1,38,-1,18
1,<environment.Job instance at 0x7f975d72d960>,17,21,[13  2],18,-1,39,-1,18
1,<environment.Job instance at 0x7f975c9b0320>,20,18,[5 6],21,-1,39,-1,21
1,<environment.Job instance at 0x7f975c9b0140>,21,28,[7 3],22,-1,50,-1,22
1,<environment.Job instance at 0x7f976639f280>,2,28,[5 3],3,-1,31,-1,3
1,<environment.Job instance at 0x7f976639fdc0>,6,24,[11  2],7,-1,31,-1,7
1,<environment.Job instance at 0x7f975dba8550>,12,18,[ 1 13],13,-1,38,-1,20
1,<environment.Job instance at 0x7f975dba8780>,13,27,[5 1],14,-1,48,-1,21
1,<environment.Job instance at 0x7f975dba86e0>,11,24,[7 2],12,-1,50,-1,26
1,<environment.Job instance at 0x7f975c6d95a0>,17,21,[13  2],18,-1,47,-1,26
1,<environment.Job instance at 0x7f975c6d9050>,19,1,[11  5],20,-1,27,-1,26
1,<environment.Job instance at 0x7f976639fc30>,3,23,[10  1],4,-1,59,-1,36
1,<environment.Job instance at 0x7f975c6d9b40>,21,28,[7 3],22,-1,64,-1,36
1,<environment.Job instance at 0x7f975dbb7c80>,24,16,[13  2],25,-1,52,-1,36
1,<environment.Job instance at 0x7f975dbb7050>,28,28,[13  5],29,-1,66,-1,38
1,<environment.Job instance at 0x7f975dbb72d0>,31,16,[ 3 13],32,-1,68,-1,52
1,<environment.Job instance at 0x7f975dbb7cd0>,29,23,[9 3],30,-1,78,-1,55
1,<environment.Job instance at 0x7f975dbb7aa0>,34,3,[14  3],35,-1,58,-1,55
1,<environment.Job instance at 0x7f975db7b190>,41,14,[11  2],42,-1,89,-1,75
1,<environment.Job instance at 0x7f975db7b6e0>,44,27,[ 1 11],45,-1,112,-1,85
1,<environment.Job instance at 0x7f975db7b4b0>,43,23,[10  2],44,-1,130,-1,107
1,<environment.Job instance at 0x7f975d8e7eb0>,48,3,[13  3],49,-1,110,-1,107
1,<environment.Job instance at 0x7f975cfab690>,0,26,[4 5],1,-1,27,-1,1
1,<environment.Job instance at 0x7f975cec7500>,1,28,[8 2],2,-1,30,-1,2
1,<environment.Job instance at 0x7f975cec7050>,12,21,[14  5],13,-1,40,-1,19
1,<environment.Job instance at 0x7f975cec7960>,9,15,[ 4 11],10,-1,36,-1,21
1,<environment.Job instance at 0x7f975cdf3fa0>,15,13,[9 1],16,-1,34,-1,21
1,<environment.Job instance at 0x7f975cdf3e60>,16,25,[4 7],17,-1,46,-1,21
1,<environment.Job instance at 0x7f975cdf3c30>,17,17,[5 6],18,-1,38,-1,21
1,<environment.Job instance at 0x7f975db9e0f0>,18,15,[3 5],19,-1,36,-1,21
1,<environment.Job instance at 0x7f975db9e5a0>,23,14,[12  5],24,-1,50,-1,36
1,<environment.Job instance at 0x7f975db9ea50>,19,14,[ 2 12],20,-1,50,-1,36
1,<environment.Job instance at 0x7f975db9efa0>,25,17,[7 5],26,-1,57,-1,40
1,<environment.Job instance at 0x7f975cec7d20>,11,24,[11  4],12,-1,64,-1,40
1,<environment.Job instance at 0x7f975db9e050>,26,14,[9 2],27,-1,54,-1,40
1,<environment.Job instance at 0x7f975db9e8c0>,20,20,[ 3 14],21,-1,63,-1,43
1,<environment.Job instance at 0x7f975db9e910>,21,18,[ 1 11],22,-1,61,-1,43
1,<environment.Job instance at 0x7f975db9e320>,32,12,[ 2 14],33,-1,55,-1,43
1,<environment.Job instance at 0x7f975db9ef00>,30,27,[2 7],31,-1,70,-1,43
1,<environment.Job instance at 0x7f975db9ea00>,29,21,[5 1],30,-1,64,-1,43
1,<environment.Job instance at 0x7f975db9e820>,35,14,[3 8],36,-1,57,-1,43
1,<environment.Job instance at 0x7f975db9eeb0>,34,17,[8 1],35,-1,60,-1,43
1,<environment.Job instance at 0x7f975db51550>,36,15,[3 7],37,-1,60,-1,45
1,<environment.Job instance at 0x7f975db51730>,44,23,[1 9],45,-1,82,-1,59
1,<environment.Job instance at 0x7f975db518c0>,38,25,[10  2],39,-1,84,-1,59
1,<environment.Job instance at 0x7f975c95dd20>,45,18,[ 2 10],46,-1,77,-1,59
1,<environment.Job instance at 0x7f975c95daf0>,47,16,[8 2],48,-1,75,-1,59
1,<environment.Job instance at 0x7f975db51140>,46,22,[5 8],47,-1,81,-1,59
1,<environment.Job instance at 0x7f975c95d780>,48,18,[2 5],49,-1,77,-1,59
1,<environment.Job instance at 0x7f975ce5e3c0>,0,26,[4 5],1,-1,27,-1,1
1,<environment.Job instance at 0x7f975c9c5550>,1,28,[8 2],2,-1,30,-1,2
1,<environment.Job instance at 0x7f975c9b0050>,2,21,[11  3],3,-1,24,-1,3
1,<environment.Job instance at 0x7f975c9b0500>,3,19,[14  3],4,-1,23,-1,4
1,<environment.Job instance at 0x7f975d702fa0>,9,15,[ 4 11],10,-1,25,-1,10
1,<environment.Job instance at 0x7f975d718050>,10,15,[ 1 11],11,-1,26,-1,11
1,<environment.Job instance at 0x7f975c92cfa0>,11,24,[11  4],12,-1,36,-1,12
1,<environment.Job instance at 0x7f975d702eb0>,12,21,[14  5],13,-1,34,-1,13
1,<environment.Job instance at 0x7f975c932910>,6,23,[ 2 10],7,-1,42,-1,19
1,<environment.Job instance at 0x7f975c91f820>,16,25,[4 7],17,-1,44,-1,19
1,<environment.Job instance at 0x7f975c9277d0>,19,14,[ 2 12],20,-1,34,-1,20
1,<environment.Job instance at 0x7f975c9551e0>,20,20,[ 3 14],21,-1,41,-1,21
1,<environment.Job instance at 0x7f975c9403c0>,21,18,[ 1 11],22,-1,40,-1,22
1,<environment.Job instance at 0x7f975c940f00>,22,3,[ 5 12],23,-1,26,-1,23
1,<environment.Job instance at 0x7f975c927f50>,23,14,[12  5],24,-1,38,-1,24
1,<environment.Job instance at 0x7f975c91daa0>,30,27,[2 7],31,-1,69,-1,42
1,<environment.Job instance at 0x7f975ce02c30>,32,12,[ 2 14],33,-1,54,-1,42
1,<environment.Job instance at 0x7f975c94a7d0>,33,1,[12  2],34,-1,43,-1,42
1,<environment.Job instance at 0x7f975c925e10>,37,13,[13  1],38,-1,73,-1,60
1,<environment.Job instance at 0x7f975c94a370>,38,25,[10  2],39,-1,93,-1,68
1,<environment.Job instance at 0x7f975c926140>,39,13,[ 2 14],40,-1,81,-1,68
1,<environment.Job instance at 0x7f975c926eb0>,41,12,[13  1],42,-1,80,-1,68
1,<environment.Job instance at 0x7f975cde2e10>,43,3,[13  4],44,-1,71,-1,68
1,<environment.Job instance at 0x7f975ce10c80>,44,23,[1 9],45,-1,98,-1,75
1,<environment.Job instance at 0x7f975db9fa50>,50,16,[ 4 14],51,-1,102,-1,86
1,<environment.Job instance at 0x7f975d8de460>,54,18,[ 4 13],55,-1,131,-1,113
1,<environment.Job instance at 0x7f975d2cb5f0>,56,13,[12  2],57,-1,126,-1,113
1,<environment.Job instance at 0x7f975c577f50>,57,23,[6 1],58,-1,138,-1,115
1,<environment.Job instance at 0x7f975dac23c0>,0,17,[9 5],1,-1,18,-1,1
1,<environment.Job instance at 0x7f975c4f8f00>,10,21,[5 8],11,-1,33,-1,12
1,<environment.Job instance at 0x7f975c4f8640>,11,19,[3 7],12,-1,31,-1,12
1,<environment.Job instance at 0x7f975d249140>,20,18,[13  3],21,-1,47,-1,29
1,<environment.Job instance at 0x7f975cf7fa00>,21,18,[ 3 13],22,-1,48,-1,30
1,<environment.Job instance at 0x7f975cf7f690>,24,17,[ 2 10],25,-1,48,-1,31
1,<environment.Job instance at 0x7f975d36d190>,19,16,[7 4],20,-1,49,-1,33
1,<environment.Job instance at 0x7f975d976be0>,28,18,[5 5],29,-1,54,-1,36
1,<environment.Job instance at 0x7f975ce02a00>,34,28,[2 6],35,-1,114,-1,86
1,<environment.Job instance at 0x7f975cc4ddc0>,33,26,[11  3],34,-1,112,-1,86
1,<environment.Job instance at 0x7f975d0f8a50>,25,18,[2 9],26,-1,108,-1,90
1,<environment.Job instance at 0x7f975dd160a0>,38,18,[6 5],39,-1,108,-1,90
1,<environment.Job instance at 0x7f975dd1a820>,40,14,[10  5],41,-1,104,-1,90
1,<environment.Job instance at 0x7f975dd11500>,37,17,[10  2],38,-1,107,-1,90
1,<environment.Job instance at 0x7f975c8bbfa0>,7,26,[13  1],8,-1,126,-1,100
1,<environment.Job instance at 0x7f975dd1a1e0>,44,25,[2 8],45,-1,125,-1,100
1,<environment.Job instance at 0x7f975d2e2820>,1,13,[ 3 12],2,-1,15,-1,2
1,<environment.Job instance at 0x7f975d2e2a50>,4,25,[6 1],5,-1,31,-1,6
1,<environment.Job instance at 0x7f97663d5e60>,7,26,[13  1],8,-1,34,-1,8
1,<environment.Job instance at 0x7f97663d5c30>,8,23,[13  2],9,-1,32,-1,9
1,<environment.Job instance at 0x7f975db9eaf0>,12,21,[ 3 13],13,-1,39,-1,18
1,<environment.Job instance at 0x7f975dba8640>,20,18,[13  3],21,-1,55,-1,37
1,<environment.Job instance at 0x7f975dba80a0>,21,18,[ 3 13],22,-1,55,-1,37
1,<environment.Job instance at 0x7f975dbb7910>,26,12,[14  3],27,-1,70,-1,58
1,<environment.Job instance at 0x7f975dbb7b90>,29,21,[ 5 13],30,-1,96,-1,75
1,<environment.Job instance at 0x7f975dbb7280>,33,26,[11  3],34,-1,114,-1,88
1,<environment.Job instance at 0x7f975dbb75f0>,34,28,[2 6],35,-1,131,-1,103
1,<environment.Job instance at 0x7f975c7ff320>,41,18,[13  1],42,-1,136,-1,118
1,<environment.Job instance at 0x7f975d50d640>,0,26,[8 5],1,-1,27,-1,1
1,<environment.Job instance at 0x7f975d182730>,0,26,[8 5],1,-1,27,-1,1
1,<environment.Job instance at 0x7f975d182c30>,1,21,[12  3],2,-1,23,-1,2
1,<environment.Job instance at 0x7f975d182d20>,3,26,[ 2 10],4,-1,30,-1,4
1,<environment.Job instance at 0x7f975d738c80>,5,12,[ 5 13],6,-1,18,-1,6
1,<environment.Job instance at 0x7f975d738e10>,6,17,[12  3],7,-1,24,-1,7
1,<environment.Job instance at 0x7f975d738d70>,8,28,[8 3],9,-1,37,-1,9
1,<environment.Job instance at 0x7f975d738f00>,9,26,[11  4],10,-1,36,-1,10
1,<environment.Job instance at 0x7f975d738280>,10,2,[ 3 14],11,-1,13,-1,11
1,<environment.Job instance at 0x7f975d738320>,11,1,[ 5 14],12,-1,13,-1,12
1,<environment.Job instance at 0x7f975d738050>,12,27,[ 1 10],13,-1,40,-1,13
1,<environment.Job instance at 0x7f975d182640>,13,13,[11  4],14,-1,27,-1,14
1,<environment.Job instance at 0x7f975dce50f0>,16,28,[ 4 14],17,-1,45,-1,17
1,<environment.Job instance at 0x7f975dce58c0>,18,1,[ 3 12],19,-1,20,-1,19
1,<environment.Job instance at 0x7f975ce17af0>,21,28,[3 6],22,-1,60,-1,32
1,<environment.Job instance at 0x7f975ce17280>,25,23,[7 1],26,-1,55,-1,32
1,<environment.Job instance at 0x7f975ce17fa0>,26,13,[12  4],27,-1,45,-1,32
1,<environment.Job instance at 0x7f975ce170a0>,29,23,[8 2],30,-1,57,-1,34
1,<environment.Job instance at 0x7f975ce173c0>,23,26,[9 4],24,-1,60,-1,34
1,<environment.Job instance at 0x7f975caacc80>,31,12,[14  3],32,-1,46,-1,34
1,<environment.Job instance at 0x7f975ce17eb0>,32,18,[11  4],33,-1,52,-1,34
1,<environment.Job instance at 0x7f975caac0f0>,33,16,[11  3],34,-1,50,-1,34
1,<environment.Job instance at 0x7f975c623370>,37,25,[ 2 13],38,-1,73,-1,48
1,<environment.Job instance at 0x7f975dae4820>,38,26,[ 5 11],39,-1,74,-1,48
1,<environment.Job instance at 0x7f975ca05dc0>,40,17,[13  3],41,-1,66,-1,49
1,<environment.Job instance at 0x7f975d6d6d70>,41,28,[5 2],42,-1,83,-1,55
1,<environment.Job instance at 0x7f975cd8f190>,43,24,[ 4 14],44,-1,88,-1,64
1,<environment.Job instance at 0x7f975cf31d70>,44,3,[12  2],45,-1,67,-1,64
1,<environment.Job instance at 0x7f975dd1a8c0>,45,22,[ 1 11],46,-1,86,-1,64
1,<environment.Job instance at 0x7f975d249500>,48,13,[14  4],49,-1,77,-1,64
1,<environment.Job instance at 0x7f97668da960>,50,28,[ 3 14],51,-1,95,-1,67
1,<environment.Job instance at 0x7f97668dac80>,51,3,[ 1 14],52,-1,70,-1,67
1,<environment.Job instance at 0x7f975d9f9aa0>,52,1,[ 2 13],53,-1,68,-1,67
1,<environment.Job instance at 0x7f975cf7f4b0>,54,20,[14  4],55,-1,87,-1,67
1,<environment.Job instance at 0x7f975c9250f0>,57,1,[13  4],58,-1,80,-1,79
1,<environment.Job instance at 0x7f975c925cd0>,59,2,[ 5 11],60,-1,81,-1,79
1,<environment.Job instance at 0x7f975d9f9230>,53,27,[9 4],54,-1,107,-1,80
1,<environment.Job instance at 0x7f975c926e60>,60,25,[9 4],61,-1,105,-1,80
1,<environment.Job instance at 0x7f975c7ff5f0>,63,26,[6 3],64,-1,106,-1,80
1,<environment.Job instance at 0x7f975dbb73c0>,66,27,[5 7],67,-1,119,-1,92
1,<environment.Job instance at 0x7f975dbb75f0>,67,3,[ 2 11],68,-1,95,-1,92
1,<environment.Job instance at 0x7f975dbb7eb0>,69,1,[ 5 12],70,-1,93,-1,92
1,<environment.Job instance at 0x7f975dbb7500>,71,22,[ 2 13],72,-1,127,-1,105
1,<environment.Job instance at 0x7f975dbb7aa0>,70,27,[ 2 10],71,-1,135,-1,108
1,<environment.Job instance at 0x7f975dbb7190>,73,18,[13  1],74,-1,126,-1,108
1,<environment.Job instance at 0x7f975dbb7410>,72,25,[1 7],73,-1,133,-1,108
1,<environment.Job instance at 0x7f975dbb7870>,76,25,[ 5 10],77,-1,150,-1,125
1,<environment.Job instance at 0x7f975dba8e60>,80,24,[7 4],81,-1,151,-1,127
1,<environment.Job instance at 0x7f975dba8140>,81,18,[ 1 11],82,-1,145,-1,127
1,<environment.Job instance at 0x7f5558aebb40>,2,18,[ 3 10],3,-1,21,-1,3
1,<environment.Job instance at 0x7f5558aebe10>,5,18,[7 5],6,-1,24,-1,6
1,<environment.Job instance at 0x7f5558aebd20>,6,19,[1 7],7,-1,27,-1,8
1,<environment.Job instance at 0x7f5558aef370>,13,15,[4 5],14,-1,29,-1,14
1,<environment.Job instance at 0x7f5558aef4b0>,15,20,[3 5],16,-1,36,-1,16
1,<environment.Job instance at 0x7f5558aef550>,16,19,[ 3 10],17,-1,36,-1,17
1,<environment.Job instance at 0x7f5558aef730>,19,21,[8 5],20,-1,49,-1,28
1,<environment.Job instance at 0x7f5558aef460>,14,21,[ 3 11],15,-1,49,-1,28
1,<environment.Job instance at 0x7f5558aef780>,23,18,[7 4],24,-1,47,-1,29
1,<environment.Job instance at 0x7f5558aef410>,20,21,[13  5],21,-1,50,-1,29
1,<environment.Job instance at 0x7f5558aefb40>,26,20,[4 8],27,-1,50,-1,30
1,<environment.Job instance at 0x7f5558aef0a0>,10,14,[1 6],11,-1,44,-1,30
1,<environment.Job instance at 0x7f5558aef870>,21,22,[8 2],22,-1,62,-1,40
1,<environment.Job instance at 0x7f5558aefbe0>,27,25,[14  4],28,-1,65,-1,40
1,<environment.Job instance at 0x7f5558aeffa0>,29,24,[5 1],30,-1,64,-1,40
1,<environment.Job instance at 0x7f5558af3280>,34,20,[5 3],35,-1,60,-1,40
1,<environment.Job instance at 0x7f5558af33c0>,36,16,[8 1],37,-1,56,-1,40
1,<environment.Job instance at 0x7f5558af3500>,38,14,[5 5],39,-1,54,-1,40
1,<environment.Job instance at 0x7f5558af3af0>,44,14,[8 4],45,-1,64,-1,50
1,<environment.Job instance at 0x7f5558af3c30>,43,14,[10  1],44,-1,64,-1,50
1,<environment.Job instance at 0x7f5558af3e10>,46,17,[ 5 12],47,-1,67,-1,50
1,<environment.Job instance at 0x7f5558af30f0>,33,16,[9 3],34,-1,69,-1,53
1,<environment.Job instance at 0x7f5558af3c80>,48,25,[5 4],49,-1,79,-1,54
1,<environment.Job instance at 0x7f5558af3cd0>,49,23,[2 6],50,-1,77,-1,54
1,<environment.Job instance at 0x7f5558af3eb0>,47,16,[6 2],48,-1,71,-1,55
1,<environment.Job instance at 0x7f5558af38c0>,40,18,[ 5 13],41,-1,73,-1,55
1,<environment.Job instance at 0x7f5558af51e0>,52,27,[9 1],53,-1,83,-1,56
1,<environment.Job instance at 0x7f5558af5320>,53,22,[9 5],54,-1,78,-1,56
1,<environment.Job instance at 0x7f5558af39b0>,42,24,[ 4 14],43,-1,81,-1,57
1,<environment.Job instance at 0x7f5558af5460>,55,14,[ 2 10],56,-1,71,-1,57
1,<environment.Job instance at 0x7f5558af5230>,50,13,[12  1],51,-1,70,-1,57
1,<environment.Job instance at 0x7f5558af50a0>,51,24,[ 1 11],52,-1,81,-1,57
1,<environment.Job instance at 0x7f5558af5500>,56,17,[6 4],57,-1,75,-1,58
1,<environment.Job instance at 0x7f5558af5960>,60,17,[9 3],61,-1,80,-1,63
1,<environment.Job instance at 0x7f5558af5aa0>,61,14,[ 2 10],62,-1,77,-1,63
1,<environment.Job instance at 0x7f5558af59b0>,62,24,[ 3 10],63,-1,87,-1,63
1,<environment.Job instance at 0x7f5558af5c30>,64,20,[9 1],65,-1,85,-1,65
1,<environment.Job instance at 0x7f5558af5d70>,65,15,[ 1 11],66,-1,81,-1,66
1,<environment.Job instance at 0x7f5558af5e10>,66,12,[6 1],67,-1,79,-1,67
1,<environment.Job instance at 0x7f5558af3d70>,45,28,[6 4],46,-1,96,-1,68
1,<environment.Job instance at 0x7f5558af5780>,59,16,[8 1],60,-1,85,-1,69
1,<environment.Job instance at 0x7f5558af7050>,69,26,[5 4],70,-1,96,-1,70
1,<environment.Job instance at 0x7f5558af5f00>,68,25,[ 2 12],69,-1,95,-1,70
1,<environment.Job instance at 0x7f5558af5f50>,70,22,[5 6],71,-1,94,-1,72
1,<environment.Job instance at 0x7f5558af7230>,72,18,[5 5],73,-1,91,-1,73
1,<environment.Job instance at 0x7f5558af7820>,79,15,[4 7],80,-1,98,-1,83
1,<environment.Job instance at 0x7f5558af78c0>,80,19,[8 4],81,-1,109,-1,90
1,<environment.Job instance at 0x7f5558af7640>,77,19,[8 1],78,-1,109,-1,90
1,<environment.Job instance at 0x7f5558af30a0>,32,14,[8 3],33,-1,104,-1,90
1,<environment.Job instance at 0x7f5558af7960>,81,17,[2 7],82,-1,107,-1,90
1,<environment.Job instance at 0x7f5558af36e0>,4,24,[ 3 11],5,-1,29,-1,5
1,<environment.Job instance at 0x7f5558af5910>,8,24,[ 2 10],9,-1,45,-1,21
1,<environment.Job instance at 0x7f5558af5820>,12,13,[ 2 12],13,-1,34,-1,21
1,<environment.Job instance at 0x7f55621357d0>,14,21,[ 3 11],15,-1,43,-1,22
1,<environment.Job instance at 0x7f5558c0f910>,17,18,[ 5 13],18,-1,40,-1,22
1,<environment.Job instance at 0x7f5558c57fa0>,20,21,[13  5],21,-1,56,-1,35
1,<environment.Job instance at 0x7f5558bcef50>,24,2,[ 3 12],25,-1,51,-1,49
1,<environment.Job instance at 0x7f5558bf7d70>,27,25,[14  4],28,-1,74,-1,49
1,<environment.Job instance at 0x7f5558be8b40>,29,24,[5 1],30,-1,89,-1,65
1,<environment.Job instance at 0x7f5558bad9b0>,40,18,[ 5 13],41,-1,133,-1,115
1,<environment.Job instance at 0x7f5558bad730>,41,3,[14  5],42,-1,118,-1,115
1,<environment.Job instance at 0x7f5558bad410>,42,24,[ 4 14],43,-1,139,-1,115
1,<environment.Job instance at 0x7f5558c93730>,45,28,[6 4],46,-1,156,-1,128
1,<environment.Job instance at 0x7f5558c414b0>,46,17,[ 5 12],47,-1,145,-1,128
1,<environment.Job instance at 0x7f5558c93b40>,48,25,[5 4],49,-1,157,-1,132
1,<environment.Job instance at 0x7f5558c98f50>,49,23,[2 6],50,-1,155,-1,132
1,<environment.Job instance at 0x7f5558c41960>,50,13,[12  1],51,-1,145,-1,132
1,<environment.Job instance at 0x7f5558b76c30>,51,24,[ 1 11],52,-1,156,-1,132
1,<environment.Job instance at 0x7f5558c987d0>,52,27,[9 1],53,-1,159,-1,132
1,<environment.Job instance at 0x7f5558231eb0>,1,18,[10  5],2,-1,23,-1,5
1,<environment.Job instance at 0x7f55582360f0>,5,19,[1 5],6,-1,25,-1,6
1,<environment.Job instance at 0x7f55582360a0>,6,25,[5 4],7,-1,32,-1,7
1,<environment.Job instance at 0x7f5558236f50>,8,28,[7 1],9,-1,37,-1,9
1,<environment.Job instance at 0x7f55582315f0>,4,17,[ 3 14],5,-1,33,-1,16
1,<environment.Job instance at 0x7f5558313c30>,0,17,[ 2 11],1,-1,18,-1,1
1,<environment.Job instance at 0x7f55582ff690>,4,17,[ 3 14],5,-1,22,-1,5
1,<environment.Job instance at 0x7f55582ff460>,6,25,[5 4],7,-1,42,-1,17
1,<environment.Job instance at 0x7f5558316c30>,11,24,[12  2],12,-1,41,-1,17
1,<environment.Job instance at 0x7f5558316c80>,12,26,[ 3 11],13,-1,43,-1,17
1,<environment.Job instance at 0x7f5558316af0>,8,28,[7 1],9,-1,48,-1,20
1,<environment.Job instance at 0x7f55582f2f50>,15,16,[ 1 11],16,-1,36,-1,20
1,<environment.Job instance at 0x7f555829aaf0>,17,1,[ 5 12],18,-1,21,-1,20
1,<environment.Job instance at 0x7f55582a26e0>,20,2,[14  2],21,-1,24,-1,22
1,<environment.Job instance at 0x7f55582aee10>,23,20,[14  2],24,-1,53,-1,33
1,<environment.Job instance at 0x7f55582b1870>,25,2,[ 1 14],26,-1,39,-1,37
1,<environment.Job instance at 0x7f55582aef50>,26,16,[12  1],27,-1,53,-1,37
1,<environment.Job instance at 0x7f55582b42d0>,27,15,[ 4 14],28,-1,52,-1,37
1,<environment.Job instance at 0x7f555829af50>,18,24,[8 5],19,-1,71,-1,47
1,<environment.Job instance at 0x7f55582b4f00>,29,3,[ 5 11],30,-1,50,-1,47
1,<environment.Job instance at 0x7f55582b4eb0>,30,22,[11  3],31,-1,69,-1,47
1,<environment.Job instance at 0x7f55582a6460>,31,18,[11  2],32,-1,65,-1,47
1,<environment.Job instance at 0x7f55583a03c0>,36,19,[ 5 14],37,-1,79,-1,60
1,<environment.Job instance at 0x7f55582b8960>,38,27,[9 4],39,-1,101,-1,74
1,<environment.Job instance at 0x7f55582b8b40>,39,25,[3 9],40,-1,99,-1,74
1,<environment.Job instance at 0x7f55582aadc0>,43,23,[ 2 14],44,-1,101,-1,78
1,<environment.Job instance at 0x7f55582aaeb0>,44,12,[ 2 11],45,-1,90,-1,78
1,<environment.Job instance at 0x7f555850ecd0>,49,26,[3 6],50,-1,130,-1,104
1,<environment.Job instance at 0x7f5558467280>,50,12,[11  1],51,-1,116,-1,104
1,<environment.Job instance at 0x7f55582bc410>,51,12,[ 5 11],52,-1,116,-1,104
1,<environment.Job instance at 0x7f55582c5910>,48,28,[4 7],49,-1,132,-1,104
1,<environment.Job instance at 0x7f55584368c0>,54,2,[ 1 11],55,-1,106,-1,104
1,<environment.Job instance at 0x7f55582e01e0>,61,21,[ 4 11],62,-1,145,-1,124
1,<environment.Job instance at 0x7f55582e0eb0>,62,2,[ 3 12],63,-1,126,-1,124
1,<environment.Job instance at 0x7f55582e0a50>,60,23,[5 8],61,-1,157,-1,134
1,<environment.Job instance at 0x7f555843b5a0>,64,28,[3 8],65,-1,162,-1,134
1,<environment.Job instance at 0x7f555843b050>,65,24,[12  1],66,-1,158,-1,134
1,<environment.Job instance at 0x7f555843f820>,66,14,[11  2],67,-1,148,-1,134
1,<environment.Job instance at 0x7f555843ff00>,67,27,[5 3],68,-1,161,-1,134
1,<environment.Job instance at 0x7f555825f460>,69,17,[ 5 11],70,-1,151,-1,134
1,<environment.Job instance at 0x7f5558179b40>,9,16,[7 2],10,-1,28,-1,12
1,<environment.Job instance at 0x7f5558179280>,11,22,[ 1 10],12,-1,34,-1,12
1,<environment.Job instance at 0x7f5558179190>,14,25,[5 5],15,-1,52,-1,27
1,<environment.Job instance at 0x7f5558179f50>,25,24,[8 2],26,-1,59,-1,35
1,<environment.Job instance at 0x7f5558179be0>,18,18,[12  1],19,-1,54,-1,36
1,<environment.Job instance at 0x7f5558179780>,24,16,[ 2 11],25,-1,52,-1,36
1,<environment.Job instance at 0x7f556215d640>,29,16,[ 4 13],30,-1,53,-1,37
1,<environment.Job instance at 0x7f556215d8c0>,27,14,[8 5],28,-1,51,-1,37
1,<environment.Job instance at 0x7f556215d730>,31,25,[10  5],32,-1,62,-1,37
1,<environment.Job instance at 0x7f556215da00>,28,22,[9 3],29,-1,59,-1,37
1,<environment.Job instance at 0x7f5558179960>,17,26,[7 1],18,-1,63,-1,37
1,<environment.Job instance at 0x7f556215d6e0>,30,26,[4 7],31,-1,63,-1,37
1,<environment.Job instance at 0x7f556215d370>,33,14,[2 8],34,-1,51,-1,37
1,<environment.Job instance at 0x7f556215daa0>,36,20,[ 3 11],37,-1,57,-1,37
1,<environment.Job instance at 0x7f556215df00>,37,16,[8 3],38,-1,54,-1,38
1,<environment.Job instance at 0x7f556215dd20>,39,24,[6 5],40,-1,64,-1,40
1,<environment.Job instance at 0x7f555809ddc0>,42,17,[4 8],43,-1,60,-1,43
1,<environment.Job instance at 0x7f555809d730>,43,14,[ 3 10],44,-1,60,-1,46
1,<environment.Job instance at 0x7f555809d0f0>,45,24,[9 3],46,-1,70,-1,46
1,<environment.Job instance at 0x7f55581790a0>,1,14,[ 4 13],2,-1,16,-1,2
1,<environment.Job instance at 0x7f5558179d20>,2,1,[ 5 14],3,-1,4,-1,3
1,<environment.Job instance at 0x7f55580f0d70>,6,28,[14  3],7,-1,35,-1,7
1,<environment.Job instance at 0x7f556215d5f0>,7,24,[ 4 11],8,-1,32,-1,8
1,<environment.Job instance at 0x7f55622a5780>,8,3,[11  1],9,-1,12,-1,9
1,<environment.Job instance at 0x7f556215fd70>,14,25,[5 5],15,-1,42,-1,17
1,<environment.Job instance at 0x7f556215f690>,13,24,[2 7],14,-1,41,-1,17
1,<environment.Job instance at 0x7f5558182690>,17,26,[7 1],18,-1,45,-1,19
1,<environment.Job instance at 0x7f5558182050>,18,18,[12  1],19,-1,37,-1,19
1,<environment.Job instance at 0x7f5558182230>,19,15,[ 1 13],20,-1,35,-1,20
1,<environment.Job instance at 0x7f5558182a50>,20,1,[11  3],21,-1,22,-1,21
1,<environment.Job instance at 0x7f5558182b90>,24,16,[ 2 11],25,-1,41,-1,25
1,<environment.Job instance at 0x7f5558182e60>,25,24,[8 2],26,-1,55,-1,31
1,<environment.Job instance at 0x7f5558182140>,29,16,[ 4 13],30,-1,54,-1,38
1,<environment.Job instance at 0x7f5558182910>,31,25,[10  5],32,-1,72,-1,47
1,<environment.Job instance at 0x7f55581824b0>,30,26,[4 7],31,-1,73,-1,47
1,<environment.Job instance at 0x7f5558126f00>,36,20,[ 3 11],37,-1,69,-1,49
1,<environment.Job instance at 0x7f55581262d0>,39,24,[6 5],40,-1,87,-1,63
1,<environment.Job instance at 0x7f5558126a50>,41,25,[5 1],42,-1,90,-1,65
1,<environment.Job instance at 0x7f5558126190>,44,18,[ 4 13],45,-1,85,-1,67
1,<environment.Job instance at 0x7f5558126730>,45,24,[9 3],46,-1,103,-1,79
1,<environment.Job instance at 0x7f5558126b40>,46,15,[13  4],47,-1,94,-1,79
1,<environment.Job instance at 0x7f55582970f0>,48,24,[ 2 13],49,-1,103,-1,79
1,<environment.Job instance at 0x7f5558297d70>,49,3,[ 2 14],50,-1,82,-1,79
1,<environment.Job instance at 0x7f555812a7d0>,50,16,[ 5 13],51,-1,95,-1,79
1,<environment.Job instance at 0x7f5558297be0>,55,24,[6 1],56,-1,118,-1,94
1,<environment.Job instance at 0x7f5558297910>,57,18,[13  2],58,-1,112,-1,94
1,<environment.Job instance at 0x7f5558297aa0>,58,19,[ 5 13],59,-1,113,-1,94
1,<environment.Job instance at 0x7f55582971e0>,59,28,[3 5],60,-1,127,-1,99
1,<environment.Job instance at 0x7f5558297a50>,62,26,[5 3],63,-1,125,-1,99
1,<environment.Job instance at 0x7f5558297f00>,63,18,[11  4],64,-1,117,-1,99
1,<environment.Job instance at 0x7f55582972d0>,64,15,[ 3 11],65,-1,114,-1,99
1,<environment.Job instance at 0x7f55580e6960>,67,12,[ 3 11],68,-1,111,-1,99
1,<environment.Job instance at 0x7f5558297dc0>,66,27,[2 8],67,-1,138,-1,111
1,<environment.Job instance at 0x7f55580e68c0>,70,24,[ 5 11],71,-1,136,-1,112
1,<environment.Job instance at 0x7f55580e6aa0>,72,27,[4 6],73,-1,154,-1,127
1,<environment.Job instance at 0x7f55580e6af0>,73,1,[ 2 11],74,-1,128,-1,127
1,<environment.Job instance at 0x7f55580e6b40>,75,15,[13  3],76,-1,142,-1,127
1,<environment.Job instance at 0x7f55580e62d0>,76,12,[14  2],77,-1,139,-1,127
1,<environment.Job instance at 0x7f55580e66e0>,77,1,[ 2 11],78,-1,128,-1,127
1,<environment.Job instance at 0x7f55580e61e0>,79,15,[12  5],80,-1,142,-1,127
1,<environment.Job instance at 0x7f55580e6820>,80,16,[ 3 12],81,-1,143,-1,127
1,<environment.Job instance at 0x7f55580e3be0>,81,16,[ 3 12],82,-1,143,-1,127
1,<environment.Job instance at 0x7f55590fc460>,0,16,[2 7],1,-1,17,-1,1
1,<environment.Job instance at 0x7f55580bb8c0>,1,20,[7 4],2,-1,22,-1,2
1,<environment.Job instance at 0x7f55580bbc30>,14,15,[6 4],15,-1,33,-1,18
1,<environment.Job instance at 0x7f55580bbeb0>,13,28,[11  3],14,-1,46,-1,18
1,<environment.Job instance at 0x7f55580bb190>,17,15,[5 7],18,-1,33,-1,18
1,<environment.Job instance at 0x7f555810a500>,18,13,[7 1],19,-1,33,-1,20
1,<environment.Job instance at 0x7f5558510c30>,3,16,[11  1],4,-1,20,-1,4
1,<environment.Job instance at 0x7f5558f86a50>,5,14,[11  5],6,-1,20,-1,6
1,<environment.Job instance at 0x7f5558158e60>,6,13,[ 1 11],7,-1,20,-1,7
1,<environment.Job instance at 0x7f5558f862d0>,8,25,[6 1],9,-1,34,-1,9
1,<environment.Job instance at 0x7f55581582d0>,9,15,[ 3 12],10,-1,25,-1,10
1,<environment.Job instance at 0x7f5558158820>,10,18,[13  2],11,-1,29,-1,11
1,<environment.Job instance at 0x7f55622b0230>,2,23,[2 8],3,-1,40,-1,17
1,<environment.Job instance at 0x7f5558158a50>,13,28,[11  3],14,-1,45,-1,17
1,<environment.Job instance at 0x7f5558158f50>,15,28,[ 4 10],16,-1,46,-1,18
1,<environment.Job instance at 0x7f55580dcb40>,21,16,[ 5 13],22,-1,39,-1,23
1,<environment.Job instance at 0x7f55580dc320>,23,24,[5 6],24,-1,58,-1,34
1,<environment.Job instance at 0x7f55580dcf00>,26,14,[ 3 14],27,-1,48,-1,34
1,<environment.Job instance at 0x7f55580dcaf0>,27,24,[3 9],28,-1,76,-1,52
1,<environment.Job instance at 0x7f55580e0af0>,30,12,[ 2 12],31,-1,64,-1,52
1,<environment.Job instance at 0x7f55580e0d20>,32,1,[ 2 11],33,-1,53,-1,52
1,<environment.Job instance at 0x7f55580e0cd0>,33,27,[ 3 14],34,-1,79,-1,52
1,<environment.Job instance at 0x7f55580e0690>,36,28,[5 2],37,-1,87,-1,59
1,<environment.Job instance at 0x7f55580e07d0>,37,28,[13  5],38,-1,87,-1,59
1,<environment.Job instance at 0x7f555809db40>,51,25,[7 3],52,-1,137,-1,112
1,<environment.Job instance at 0x7f55580f0c80>,53,27,[ 5 13],54,-1,139,-1,112
1,<environment.Job instance at 0x7f55580f0550>,54,13,[14  5],55,-1,125,-1,112
1,<environment.Job instance at 0x7f555810af00>,55,12,[ 4 13],56,-1,124,-1,112
1,<environment.Job instance at 0x7f5558179140>,57,14,[ 3 12],58,-1,126,-1,112
1,<environment.Job instance at 0x7f55580bb730>,58,23,[7 3],59,-1,135,-1,112
1,<environment.Job instance at 0x7f55580bb5a0>,59,27,[5 8],60,-1,139,-1,112
1,<environment.Job instance at 0x7f555830e820>,63,23,[10  3],64,-1,147,-1,124
1,<environment.Job instance at 0x7f5558145280>,65,26,[14  5],66,-1,150,-1,124
1,<environment.Job instance at 0x7f555830ef50>,64,24,[4 8],65,-1,152,-1,128
1,<environment.Job instance at 0x7f55584b7d70>,2,18,[ 5 11],3,-1,26,-1,8
1,<environment.Job instance at 0x7f55584d0c30>,14,28,[5 5],15,-1,46,-1,18
1,<environment.Job instance at 0x7f55584b7c30>,5,18,[ 1 12],6,-1,36,-1,18
1,<environment.Job instance at 0x7f55584d0870>,16,24,[10  2],17,-1,44,-1,20
1,<environment.Job instance at 0x7f55584d0b90>,15,19,[ 1 12],16,-1,41,-1,22
1,<environment.Job instance at 0x7f55584d1190>,19,12,[8 2],20,-1,35,-1,23
1,<environment.Job instance at 0x7f55584d0050>,11,14,[9 5],12,-1,41,-1,27
1,<environment.Job instance at 0x7f55584d1320>,18,19,[ 5 10],19,-1,46,-1,27
1,<environment.Job instance at 0x7f55584d1e60>,20,28,[ 1 12],21,-1,55,-1,27
1,<environment.Job instance at 0x7f55584d0910>,13,17,[14  3],14,-1,49,-1,32
1,<environment.Job instance at 0x7f5558f70190>,23,16,[5 5],24,-1,48,-1,32
1,<environment.Job instance at 0x7f555858f1e0>,33,12,[8 2],34,-1,53,-1,41
1,<environment.Job instance at 0x7f5558f49370>,26,1,[5 7],27,-1,43,-1,42
1,<environment.Job instance at 0x7f5558c48640>,35,15,[13  4],36,-1,59,-1,44
1,<environment.Job instance at 0x7f5558c48050>,36,3,[9 1],37,-1,47,-1,44
1,<environment.Job instance at 0x7f5558c480f0>,34,17,[3 7],35,-1,61,-1,44
1,<environment.Job instance at 0x7f55584c4c80>,40,17,[2 7],41,-1,67,-1,50
1,<environment.Job instance at 0x7f55584d60f0>,30,12,[13  4],31,-1,151,-1,139
1,<environment.Job instance at 0x7f5558c40af0>,48,16,[ 3 12],49,-1,155,-1,139
1,<environment.Job instance at 0x7f5558c3fb40>,49,12,[ 3 12],50,-1,151,-1,139
1,<environment.Job instance at 0x7f5558c3f050>,50,13,[ 3 12],51,-1,152,-1,139
1,<environment.Job instance at 0x7f5558c3f730>,51,24,[ 4 10],52,-1,163,-1,139
1,<environment.Job instance at 0x7f55585680f0>,52,25,[11  2],53,-1,164,-1,139
1,<environment.Job instance at 0x7f5558568050>,53,1,[ 1 14],54,-1,140,-1,139
1,<environment.Job instance at 0x7f55585683c0>,54,16,[5 5],55,-1,155,-1,139
1,<environment.Job instance at 0x7f5558568910>,55,12,[ 3 10],56,-1,151,-1,139
1,<environment.Job instance at 0x7f5558568550>,56,17,[4 5],57,-1,156,-1,139
1,<environment.Job instance at 0x7f5558568730>,57,13,[8 5],58,-1,152,-1,139
1,<environment.Job instance at 0x7f55585689b0>,58,13,[3 9],59,-1,152,-1,139
1,<environment.Job instance at 0x7f5558568e60>,59,14,[ 2 11],60,-1,153,-1,139
1,<environment.Job instance at 0x7f5558568c30>,60,16,[6 5],61,-1,155,-1,139
1,<environment.Job instance at 0x7f5558568c80>,61,3,[5 9],62,-1,142,-1,139
1,<environment.Job instance at 0x7f5558568870>,62,2,[6 4],63,-1,141,-1,139
1,<environment.Job instance at 0x7f5558568f00>,63,2,[3 5],64,-1,141,-1,139
1,<environment.Job instance at 0x7f5558568370>,64,15,[2 5],65,-1,154,-1,139
1,<environment.Job instance at 0x7f5558568aa0>,65,14,[4 8],66,-1,153,-1,139
1,<environment.Job instance at 0x7f5558ec13c0>,1,27,[14  3],2,-1,29,-1,2
1,<environment.Job instance at 0x7f5558505c80>,2,18,[ 5 11],3,-1,21,-1,3
1,<environment.Job instance at 0x7f55585ec0f0>,5,18,[ 1 12],6,-1,24,-1,6
1,<environment.Job instance at 0x7f5558505910>,4,25,[4 9],5,-1,32,-1,7
1,<environment.Job instance at 0x7f55585f4fa0>,10,2,[11  4],11,-1,13,-1,11
1,<environment.Job instance at 0x7f55585f4460>,13,17,[14  3],14,-1,32,-1,15
1,<environment.Job instance at 0x7f55585f4410>,14,28,[5 5],15,-1,44,-1,16
1,<environment.Job instance at 0x7f55585f4af0>,15,19,[ 1 12],16,-1,35,-1,16
1,<environment.Job instance at 0x7f555852d690>,17,2,[ 4 13],18,-1,20,-1,18
1,<environment.Job instance at 0x7f55585f4b90>,16,24,[10  2],17,-1,45,-1,21
1,<environment.Job instance at 0x7f55587c16e0>,20,28,[ 1 12],21,-1,49,-1,21
1,<environment.Job instance at 0x7f55587c10f0>,21,15,[13  1],22,-1,37,-1,22
1,<environment.Job instance at 0x7f55587c1a00>,22,2,[ 5 12],23,-1,25,-1,23
1,<environment.Job instance at 0x7f55587c1af0>,24,12,[ 4 13],25,-1,37,-1,25
1,<environment.Job instance at 0x7f55587c6af0>,25,24,[5 3],26,-1,57,-1,33
1,<environment.Job instance at 0x7f55587c6410>,28,3,[12  3],29,-1,36,-1,33
1,<environment.Job instance at 0x7f5558626a00>,30,12,[13  4],31,-1,45,-1,33
1,<environment.Job instance at 0x7f5562135230>,35,15,[13  4],36,-1,51,-1,36
1,<environment.Job instance at 0x7f555862cf00>,39,26,[14  4],40,-1,78,-1,52
1,<environment.Job instance at 0x7f555862ce10>,42,18,[14  1],43,-1,79,-1,61
1,<environment.Job instance at 0x7f555862c5f0>,43,24,[9 2],44,-1,99,-1,75
1,<environment.Job instance at 0x7f555863b870>,45,15,[ 5 11],46,-1,90,-1,75
1,<environment.Job instance at 0x7f555863b5a0>,46,27,[2 7],47,-1,106,-1,79
1,<environment.Job instance at 0x7f555863b050>,48,16,[ 3 12],49,-1,95,-1,79
1,<environment.Job instance at 0x7f555863b0f0>,49,12,[ 3 12],50,-1,91,-1,79
1,<environment.Job instance at 0x7f555863b8c0>,50,13,[ 3 12],51,-1,92,-1,79
1,<environment.Job instance at 0x7f555863be10>,51,24,[ 4 10],52,-1,103,-1,79
1,<environment.Job instance at 0x7f5558145140>,52,25,[11  2],53,-1,104,-1,79
1,<environment.Job instance at 0x7f5558145c80>,53,1,[ 1 14],54,-1,80,-1,79
1,<environment.Job instance at 0x7f5558145730>,59,14,[ 2 11],60,-1,117,-1,103
1,<environment.Job instance at 0x7f555853d780>,0,18,[6 5],1,-1,19,-1,1
1,<environment.Job instance at 0x7f555853d230>,6,15,[3 7],7,-1,22,-1,7
1,<environment.Job instance at 0x7f555853daf0>,7,25,[8 4],8,-1,33,-1,8
1,<environment.Job instance at 0x7f555853d370>,11,14,[4 5],12,-1,26,-1,12
1,<environment.Job instance at 0x7f555853d410>,12,18,[2 5],13,-1,31,-1,13
1,<environment.Job instance at 0x7f555853dd70>,14,14,[1 7],15,-1,29,-1,15
1,<environment.Job instance at 0x7f555853d4b0>,15,15,[ 1 10],16,-1,31,-1,16
1,<environment.Job instance at 0x7f555895f050>,17,14,[5 7],18,-1,32,-1,18
1,<environment.Job instance at 0x7f555895fdc0>,20,26,[1 6],21,-1,47,-1,21
1,<environment.Job instance at 0x7f555895f230>,21,23,[5 5],22,-1,45,-1,22
1,<environment.Job instance at 0x7f555895fc80>,24,15,[10  3],25,-1,45,-1,30
1,<environment.Job instance at 0x7f555895f410>,33,16,[9 4],34,-1,51,-1,35
1,<environment.Job instance at 0x7f55596378c0>,35,22,[5 5],36,-1,58,-1,36
1,<environment.Job instance at 0x7f55596372d0>,37,26,[3 6],38,-1,64,-1,38
1,<environment.Job instance at 0x7f55584d0190>,1,18,[ 5 12],2,-1,20,-1,2
1,<environment.Job instance at 0x7f55584b7190>,2,2,[ 2 13],3,-1,5,-1,3
1,<environment.Job instance at 0x7f5558574af0>,3,26,[ 3 14],4,-1,30,-1,4
1,<environment.Job instance at 0x7f5558f86c30>,4,15,[11  5],5,-1,20,-1,5
1,<environment.Job instance at 0x7f5558158b40>,10,18,[ 4 12],11,-1,29,-1,11
1,<environment.Job instance at 0x7f5558158410>,13,3,[14  5],14,-1,21,-1,18
1,<environment.Job instance at 0x7f55584d0cd0>,7,25,[8 4],8,-1,44,-1,19
1,<environment.Job instance at 0x7f5559619140>,20,26,[1 6],21,-1,70,-1,44
1,<environment.Job instance at 0x7f5558505370>,21,23,[5 5],22,-1,67,-1,44
1,<environment.Job instance at 0x7f5558505c80>,22,1,[12  2],23,-1,45,-1,44
1,<environment.Job instance at 0x7f555895f730>,23,15,[14  2],24,-1,59,-1,44
1,<environment.Job instance at 0x7f555895f1e0>,25,3,[12  1],26,-1,47,-1,44
1,<environment.Job instance at 0x7f55596373c0>,26,13,[11  4],27,-1,57,-1,44
1,<environment.Job instance at 0x7f555895f960>,27,28,[6 1],28,-1,73,-1,45
1,<environment.Job instance at 0x7f555895f9b0>,28,3,[14  3],29,-1,48,-1,45
1,<environment.Job instance at 0x7f5558f65eb0>,29,1,[14  5],30,-1,46,-1,45
1,<environment.Job instance at 0x7f5558f65af0>,30,27,[10  3],31,-1,78,-1,51
1,<environment.Job instance at 0x7f555853dc80>,37,26,[3 6],38,-1,84,-1,58
1,<environment.Job instance at 0x7f555857a320>,39,21,[ 1 12],40,-1,91,-1,70
1,<environment.Job instance at 0x7f555853dc30>,41,13,[13  4],42,-1,84,-1,71
1,<environment.Job instance at 0x7f55583c05f0>,42,24,[10  4],43,-1,95,-1,71
1,<environment.Job instance at 0x7f55581c0780>,44,17,[ 2 11],45,-1,88,-1,71
1,<environment.Job instance at 0x7f5558589640>,46,1,[ 2 11],47,-1,72,-1,71
1,<environment.Job instance at 0x7f55582ed4b0>,49,2,[ 2 13],50,-1,88,-1,86
1,<environment.Job instance at 0x7f5558bfac30>,50,14,[ 1 13],51,-1,100,-1,86
1,<environment.Job instance at 0x7f55587890f0>,51,23,[9 4],52,-1,109,-1,86
1,<environment.Job instance at 0x7f555966b230>,52,28,[8 5],53,-1,114,-1,86
1,<environment.Job instance at 0x7f5561ec0640>,47,25,[7 5],48,-1,111,-1,86
1,<environment.Job instance at 0x7f5558581410>,54,23,[8 4],55,-1,109,-1,86
1,<environment.Job instance at 0x7f555885c550>,62,12,[11  5],63,-1,127,-1,115
1,<environment.Job instance at 0x7f55592484b0>,65,25,[12  1],66,-1,158,-1,133
1,<environment.Job instance at 0x7f5558948050>,68,19,[ 4 11],69,-1,158,-1,139
1,<environment.Job instance at 0x7f5558fa4230>,2,17,[7 4],3,-1,21,-1,4
1,<environment.Job instance at 0x7f555902e640>,3,16,[12  2],4,-1,20,-1,4
1,<environment.Job instance at 0x7f5559226e60>,6,16,[3 9],7,-1,23,-1,7
1,<environment.Job instance at 0x7f5558f9ac30>,11,23,[ 5 10],12,-1,41,-1,18
1,<environment.Job instance at 0x7f5559226a50>,12,25,[ 2 14],13,-1,92,-1,67
1,<environment.Job instance at 0x7f555923c640>,26,1,[10  5],27,-1,68,-1,67
1,<environment.Job instance at 0x7f555929e500>,19,18,[7 4],20,-1,85,-1,67
1,<environment.Job instance at 0x7f555923cdc0>,29,25,[ 5 10],30,-1,93,-1,68
1,<environment.Job instance at 0x7f555923cfa0>,30,16,[ 3 12],31,-1,84,-1,68
1,<environment.Job instance at 0x7f555923c780>,28,24,[14  3],29,-1,93,-1,69
1,<environment.Job instance at 0x7f555923c820>,31,15,[7 3],32,-1,86,-1,71
1,<environment.Job instance at 0x7f555923c410>,33,14,[10  1],34,-1,86,-1,72
1,<environment.Job instance at 0x7f55587037d0>,22,18,[6 4],23,-1,90,-1,72
1,<environment.Job instance at 0x7f555923cf00>,27,14,[5 3],28,-1,86,-1,72
1,<environment.Job instance at 0x7f555923cc80>,36,22,[5 2],37,-1,94,-1,72
1,<environment.Job instance at 0x7f55592b4eb0>,37,18,[ 5 12],38,-1,90,-1,72
1,<environment.Job instance at 0x7f55592b4820>,38,17,[3 6],39,-1,90,-1,73
1,<environment.Job instance at 0x7f555923ce60>,32,17,[9 2],33,-1,91,-1,74
1,<environment.Job instance at 0x7f55592b4aa0>,42,21,[10  5],43,-1,98,-1,77
1,<environment.Job instance at 0x7f5558433230>,43,16,[ 2 10],44,-1,93,-1,77
1,<environment.Job instance at 0x7f555923c0a0>,35,3,[7 1],36,-1,81,-1,78
1,<environment.Job instance at 0x7f5558433e10>,44,26,[5 5],45,-1,105,-1,79
1,<environment.Job instance at 0x7f55595af3c0>,46,23,[7 1],47,-1,103,-1,80
1,<environment.Job instance at 0x7f5558707d20>,48,18,[ 5 10],49,-1,100,-1,82
1,<environment.Job instance at 0x7f555808b460>,0,18,[ 1 14],1,-1,19,-1,1
1,<environment.Job instance at 0x7f555864f370>,3,16,[12  2],4,-1,20,-1,4
1,<environment.Job instance at 0x7f555864f690>,4,12,[11  2],5,-1,17,-1,5
1,<environment.Job instance at 0x7f5561d05c30>,7,21,[11  1],8,-1,29,-1,8
1,<environment.Job instance at 0x7f555830ce60>,10,14,[11  2],11,-1,25,-1,11
1,<environment.Job instance at 0x7f555808b140>,9,24,[8 3],10,-1,41,-1,17
1,<environment.Job instance at 0x7f55588c4fa0>,12,25,[ 2 14],13,-1,42,-1,17
1,<environment.Job instance at 0x7f55588c4f00>,13,12,[ 3 13],14,-1,29,-1,17
1,<environment.Job instance at 0x7f55588c4230>,11,23,[ 5 10],12,-1,40,-1,17
1,<environment.Job instance at 0x7f555916b780>,23,13,[11  2],24,-1,58,-1,45
1,<environment.Job instance at 0x7f555916bdc0>,24,13,[12  3],25,-1,58,-1,45
1,<environment.Job instance at 0x7f55581fef00>,28,24,[14  3],29,-1,87,-1,63
1,<environment.Job instance at 0x7f55581fee60>,30,16,[ 3 12],31,-1,80,-1,64
1,<environment.Job instance at 0x7f55581fec30>,29,25,[ 5 10],30,-1,114,-1,89
1,<environment.Job instance at 0x7f5558beed70>,37,18,[ 5 12],38,-1,110,-1,92
1,<environment.Job instance at 0x7f555966b230>,44,26,[5 5],45,-1,148,-1,122
1,<environment.Job instance at 0x7f55585892d0>,46,23,[7 1],47,-1,145,-1,122
1,<environment.Job instance at 0x7f5558589640>,47,14,[12  4],48,-1,136,-1,122
1,<environment.Job instance at 0x7f555895fc30>,49,25,[6 3],50,-1,153,-1,128
1,<environment.Job instance at 0x7f555895f640>,50,23,[7 4],51,-1,162,-1,139
1,<environment.Job instance at 0x7f5558e059b0>,52,12,[13  4],53,-1,151,-1,139
1,<environment.Job instance at 0x7f5558505c80>,53,28,[5 4],54,-1,167,-1,139
1,<environment.Job instance at 0x7f5558e39a00>,5,25,[5 5],6,-1,32,-1,7
1,<environment.Job instance at 0x7f5558e393c0>,7,22,[5 3],8,-1,30,-1,8
1,<environment.Job instance at 0x7f5561ec0500>,1,26,[ 4 10],2,-1,28,-1,2
1,<environment.Job instance at 0x7f5561cfbeb0>,8,15,[12  4],9,-1,24,-1,9
1,<environment.Job instance at 0x7f555877d550>,10,1,[ 1 11],11,-1,12,-1,11
1,<environment.Job instance at 0x7f55581bce60>,11,18,[ 2 12],12,-1,30,-1,12
1,<environment.Job instance at 0x7f55581bc500>,12,22,[ 2 11],13,-1,35,-1,13
1,<environment.Job instance at 0x7f5561cfb320>,5,25,[5 5],6,-1,45,-1,20
1,<environment.Job instance at 0x7f55596370f0>,6,26,[2 9],7,-1,46,-1,20
1,<environment.Job instance at 0x7f55582d8780>,9,27,[10  3],10,-1,47,-1,20
1,<environment.Job instance at 0x7f55581bc320>,13,23,[8 4],14,-1,43,-1,20
1,<environment.Job instance at 0x7f55623133c0>,18,24,[2 6],19,-1,44,-1,20
1,<environment.Job instance at 0x7f55584c7a50>,15,28,[ 4 10],16,-1,50,-1,22
1,<environment.Job instance at 0x7f555895f1e0>,22,27,[ 2 10],23,-1,52,-1,25
1,<environment.Job instance at 0x7f55588a87d0>,24,1,[11  5],25,-1,26,-1,25
1,<environment.Job instance at 0x7f555887b370>,25,14,[ 5 14],26,-1,40,-1,26
1,<environment.Job instance at 0x7f55582e0d20>,29,2,[ 5 13],30,-1,32,-1,30
1,<environment.Job instance at 0x7f55620350a0>,27,25,[9 2],28,-1,63,-1,38
1,<environment.Job instance at 0x7f55582b1a50>,32,13,[ 5 13],33,-1,55,-1,42
1,<environment.Job instance at 0x7f555916b960>,35,24,[5 1],36,-1,81,-1,57
1,<environment.Job instance at 0x7f555916b780>,36,13,[ 5 12],37,-1,70,-1,57
1,<environment.Job instance at 0x7f555830ce60>,38,23,[1 8],39,-1,80,-1,57
1,<environment.Job instance at 0x7f555830c190>,39,28,[ 2 10],40,-1,85,-1,57
1,<environment.Job instance at 0x7f5561d05cd0>,42,21,[ 3 14],43,-1,79,-1,58
1,<environment.Job instance at 0x7f5558c612d0>,46,21,[13  5],47,-1,94,-1,73
1,<environment.Job instance at 0x7f5558c61230>,50,14,[11  4],51,-1,104,-1,90
1,<environment.Job instance at 0x7f5558c61b40>,52,28,[ 1 13],53,-1,118,-1,90
1,<environment.Job instance at 0x7f5558c617d0>,53,19,[ 5 14],54,-1,109,-1,90
1,<environment.Job instance at 0x7f5558049140>,56,2,[ 4 14],57,-1,106,-1,104
1,<environment.Job instance at 0x7f5558049050>,57,18,[14  4],58,-1,122,-1,104
1,<environment.Job instance at 0x7f5558049690>,58,18,[ 3 11],59,-1,122,-1,104
1,<environment.Job instance at 0x7f55580492d0>,60,26,[ 2 11],61,-1,131,-1,105
1,<environment.Job instance at 0x7f5558049190>,61,13,[13  4],62,-1,118,-1,105
1,<environment.Job instance at 0x7f55580493c0>,64,13,[12  4],65,-1,130,-1,117
1,<environment.Job instance at 0x7f5558049550>,65,17,[ 5 13],66,-1,134,-1,117
1,<environment.Job instance at 0x7f5558049500>,66,16,[ 5 14],67,-1,133,-1,117
1,<environment.Job instance at 0x7f5558049640>,67,25,[5 8],68,-1,158,-1,133
1,<environment.Job instance at 0x7f5558049c80>,69,17,[ 2 14],70,-1,150,-1,133
1,<environment.Job instance at 0x7f5558049cd0>,70,18,[11  3],71,-1,151,-1,133
1,<environment.Job instance at 0x7f5557f42e10>,1,23,[2 6],2,-1,25,-1,2
1,<environment.Job instance at 0x7f5557f42b40>,4,22,[6 5],5,-1,27,-1,5
1,<environment.Job instance at 0x7f5557f42280>,13,16,[4 6],14,-1,30,-1,14
1,<environment.Job instance at 0x7f5558964820>,1,23,[2 6],2,-1,25,-1,2
1,<environment.Job instance at 0x7f5558964a00>,2,15,[ 3 13],3,-1,18,-1,3
1,<environment.Job instance at 0x7f55589641e0>,6,13,[11  4],7,-1,20,-1,7
1,<environment.Job instance at 0x7f5558964280>,7,17,[ 3 12],8,-1,25,-1,8
1,<environment.Job instance at 0x7f5558964d20>,10,2,[12  2],11,-1,13,-1,11
1,<environment.Job instance at 0x7f5559501820>,11,17,[13  5],12,-1,29,-1,12
1,<environment.Job instance at 0x7f55589640f0>,5,24,[9 2],6,-1,43,-1,19
1,<environment.Job instance at 0x7f5559501870>,14,15,[ 5 12],15,-1,34,-1,19
1,<environment.Job instance at 0x7f5559501230>,19,25,[10  5],20,-1,52,-1,27
1,<environment.Job instance at 0x7f5559501640>,23,28,[4 6],24,-1,57,-1,29
1,<environment.Job instance at 0x7f5559501d20>,24,26,[2 6],25,-1,55,-1,29
1,<environment.Job instance at 0x7f5559501320>,26,15,[14  4],27,-1,44,-1,29
1,<environment.Job instance at 0x7f5559501aa0>,27,13,[13  5],28,-1,42,-1,29
1,<environment.Job instance at 0x7f5558049dc0>,32,1,[ 1 13],33,-1,42,-1,41
1,<environment.Job instance at 0x7f5558049640>,33,26,[8 2],34,-1,71,-1,45
1,<environment.Job instance at 0x7f5558049500>,34,26,[5 7],35,-1,82,-1,56
1,<environment.Job instance at 0x7f55580493c0>,36,26,[11  1],37,-1,82,-1,56
1,<environment.Job instance at 0x7f5558049050>,42,18,[ 1 12],43,-1,88,-1,70
1,<environment.Job instance at 0x7f55623133c0>,43,15,[ 3 11],44,-1,85,-1,70
1,<environment.Job instance at 0x7f5558049a00>,44,24,[1 5],45,-1,107,-1,83
1,<environment.Job instance at 0x7f55622b0500>,45,23,[6 3],46,-1,106,-1,83
1,<environment.Job instance at 0x7f55622b0230>,46,16,[ 2 13],47,-1,99,-1,83
1,<environment.Job instance at 0x7f55588a87d0>,47,21,[ 4 13],48,-1,104,-1,83
1,<environment.Job instance at 0x7f55587bb4b0>,50,27,[13  3],51,-1,113,-1,86
1,<environment.Job instance at 0x7f5558794780>,51,24,[3 9],52,-1,120,-1,96
1,<environment.Job instance at 0x7f5558794cd0>,53,23,[14  1],54,-1,119,-1,96
1,<environment.Job instance at 0x7f5558951140>,54,27,[11  2],55,-1,123,-1,96
1,<environment.Job instance at 0x7f55591e6820>,57,22,[ 3 14],58,-1,124,-1,102
1,<environment.Job instance at 0x7f5558951780>,58,15,[13  2],59,-1,117,-1,102
1,<environment.Job instance at 0x7f5558951f00>,59,16,[11  3],60,-1,118,-1,102
1,<environment.Job instance at 0x7f5558927190>,63,1,[13  2],64,-1,115,-1,114
1,<environment.Job instance at 0x7f5558b0ed20>,3,14,[ 1 10],4,-1,19,-1,5
1,<environment.Job instance at 0x7f5558b0e0f0>,6,19,[8 3],7,-1,26,-1,7
1,<environment.Job instance at 0x7f5558dc69b0>,11,17,[8 4],12,-1,29,-1,12
1,<environment.Job instance at 0x7f555893d640>,0,2,[14  3],1,-1,3,-1,1
1,<environment.Job instance at 0x7f555893dd20>,1,24,[13  5],2,-1,26,-1,2
1,<environment.Job instance at 0x7f5561cb0460>,7,12,[14  1],8,-1,20,-1,8
1,<environment.Job instance at 0x7f5561cb0a00>,9,13,[11  4],10,-1,23,-1,10
1,<environment.Job instance at 0x7f555893d0a0>,5,27,[ 3 10],6,-1,45,-1,18
1,<environment.Job instance at 0x7f5558794a00>,14,15,[ 4 13],15,-1,41,-1,26
1,<environment.Job instance at 0x7f55596c5b90>,16,13,[11  4],17,-1,42,-1,29
1,<environment.Job instance at 0x7f5558e88820>,28,14,[11  2],29,-1,79,-1,65
1,<environment.Job instance at 0x7f5558e885f0>,29,23,[12  3],30,-1,88,-1,65
1,<environment.Job instance at 0x7f5558e88370>,30,28,[4 7],31,-1,95,-1,67
1,<environment.Job instance at 0x7f5558e7b6e0>,33,16,[11  4],34,-1,83,-1,67
1,<environment.Job instance at 0x7f5558d536e0>,34,24,[1 7],35,-1,102,-1,78
1,<environment.Job instance at 0x7f5558e7b730>,36,17,[13  2],37,-1,95,-1,78
1,<environment.Job instance at 0x7f5558e98e10>,38,23,[13  4],39,-1,101,-1,78
1,<environment.Job instance at 0x7f5558e987d0>,40,26,[1 9],41,-1,116,-1,90
1,<environment.Job instance at 0x7f5558e98870>,43,3,[13  4],44,-1,93,-1,90
1,<environment.Job instance at 0x7f5561d3e320>,45,12,[13  4],46,-1,103,-1,91
1,<environment.Job instance at 0x7f5558e98460>,41,25,[5 4],42,-1,126,-1,101
1,<environment.Job instance at 0x7f55586f7fa0>,47,19,[12  3],48,-1,120,-1,101
1,<environment.Job instance at 0x7f5561d26af0>,48,17,[ 5 11],49,-1,118,-1,101
1,<environment.Job instance at 0x7f5558b16550>,52,18,[14  2],53,-1,127,-1,109
1,<environment.Job instance at 0x7f5558b16f00>,53,15,[14  3],54,-1,124,-1,109
1,<environment.Job instance at 0x7f5558128230>,55,17,[12  2],56,-1,128,-1,111
1,<environment.Job instance at 0x7f5558a06f50>,56,20,[ 5 12],57,-1,131,-1,111
1,<environment.Job instance at 0x7f5558d6f320>,57,28,[ 5 11],58,-1,139,-1,111
1,<environment.Job instance at 0x7f5558d6f0a0>,59,23,[5 9],60,-1,151,-1,128
1,<environment.Job instance at 0x7f55622aee60>,61,28,[14  5],62,-1,156,-1,128
1,<environment.Job instance at 0x7f55621d9910>,63,13,[12  1],64,-1,141,-1,128
1,<environment.Job instance at 0x7f55585f9e60>,64,28,[ 5 11],65,-1,156,-1,128
1,<environment.Job instance at 0x7f55582811e0>,2,25,[3 6],3,-1,28,-1,3
1,<environment.Job instance at 0x7f55595df910>,5,22,[8 3],6,-1,30,-1,8
1,<environment.Job instance at 0x7f5558c9e190>,7,12,[11  4],8,-1,20,-1,8
1,<environment.Job instance at 0x7f5558c9e140>,13,23,[2 5],14,-1,38,-1,15
1,<environment.Job instance at 0x7f5558932960>,17,18,[ 4 12],18,-1,41,-1,23
1,<environment.Job instance at 0x7f5558932320>,16,14,[11  5],17,-1,37,-1,23
1,<environment.Job instance at 0x7f5558932460>,20,19,[3 7],21,-1,42,-1,23
1,<environment.Job instance at 0x7f5558932b40>,22,12,[13  3],23,-1,36,-1,24
1,<environment.Job instance at 0x7f5558fff780>,24,19,[5 8],25,-1,44,-1,25
1,<environment.Job instance at 0x7f5558fff500>,25,27,[12  3],26,-1,53,-1,26
1,<environment.Job instance at 0x7f5558932140>,27,26,[ 4 11],28,-1,54,-1,28
1,<environment.Job instance at 0x7f5558fffb90>,23,17,[5 4],24,-1,45,-1,28
1,<environment.Job instance at 0x7f55589324b0>,18,24,[ 3 11],19,-1,53,-1,29
1,<environment.Job instance at 0x7f5558fffcd0>,30,24,[ 5 12],31,-1,58,-1,34
1,<environment.Job instance at 0x7f5558932910>,19,15,[ 3 10],20,-1,55,-1,40
1,<environment.Job instance at 0x7f5559214e60>,36,16,[8 2],37,-1,60,-1,44
1,<environment.Job instance at 0x7f5558fff730>,26,19,[8 1],27,-1,63,-1,44
1,<environment.Job instance at 0x7f55592148c0>,37,19,[ 4 11],38,-1,63,-1,44
1,<environment.Job instance at 0x7f5558c9e960>,11,13,[12  4],12,-1,57,-1,44
1,<environment.Job instance at 0x7f5559214f00>,40,12,[10  3],41,-1,56,-1,44
1,<environment.Job instance at 0x7f5559214320>,38,14,[4 7],39,-1,60,-1,46
1,<environment.Job instance at 0x7f55589fe190>,35,14,[ 3 12],36,-1,61,-1,47
1,<environment.Job instance at 0x7f5558fff690>,29,23,[1 6],30,-1,71,-1,48
1,<environment.Job instance at 0x7f55592143c0>,41,13,[10  4],42,-1,62,-1,49
1,<environment.Job instance at 0x7f55589535a0>,45,14,[ 4 10],46,-1,63,-1,49
1,<environment.Job instance at 0x7f5558953280>,47,14,[11  4],48,-1,63,-1,49
1,<environment.Job instance at 0x7f5558a037d0>,49,24,[4 8],50,-1,75,-1,51
1,<environment.Job instance at 0x7f5558a03af0>,50,21,[9 5],51,-1,72,-1,51
1,<environment.Job instance at 0x7f5558708aa0>,57,20,[9 5],58,-1,79,-1,59
1,<environment.Job instance at 0x7f5558e7a0f0>,2,25,[3 6],3,-1,28,-1,3
1,<environment.Job instance at 0x7f5557e2deb0>,4,16,[ 5 12],5,-1,21,-1,5
1,<environment.Job instance at 0x7f5558e7aaa0>,7,12,[11  4],8,-1,20,-1,8
1,<environment.Job instance at 0x7f55587dd1e0>,9,2,[12  3],10,-1,12,-1,10
1,<environment.Job instance at 0x7f555879d410>,10,3,[14  2],11,-1,14,-1,11
1,<environment.Job instance at 0x7f5558176af0>,11,13,[12  4],12,-1,25,-1,12
1,<environment.Job instance at 0x7f55587dd320>,13,23,[2 5],14,-1,40,-1,17
1,<environment.Job instance at 0x7f5558956280>,16,14,[11  5],17,-1,31,-1,17
1,<environment.Job instance at 0x7f55587f2280>,17,18,[ 4 12],18,-1,36,-1,18
1,<environment.Job instance at 0x7f55587f2e60>,18,24,[ 3 11],19,-1,43,-1,19
1,<environment.Job instance at 0x7f5558c05960>,22,12,[13  3],23,-1,40,-1,28
1,<environment.Job instance at 0x7f5558e11a00>,25,27,[12  3],26,-1,59,-1,32
1,<environment.Job instance at 0x7f5558951cd0>,27,26,[ 4 11],28,-1,67,-1,41
1,<environment.Job instance at 0x7f55589519b0>,30,24,[ 5 12],31,-1,69,-1,45
1,<environment.Job instance at 0x7f5558951780>,29,23,[1 6],30,-1,70,-1,47
1,<environment.Job instance at 0x7f55587141e0>,32,3,[ 3 12],33,-1,50,-1,47
1,<environment.Job instance at 0x7f55587148c0>,34,14,[14  5],35,-1,68,-1,54
1,<environment.Job instance at 0x7f5558714820>,35,14,[ 3 12],36,-1,68,-1,54
1,<environment.Job instance at 0x7f55587145a0>,37,19,[ 4 11],38,-1,73,-1,54
1,<environment.Job instance at 0x7f5561cb1960>,39,2,[11  4],40,-1,56,-1,54
1,<environment.Job instance at 0x7f5558954910>,46,2,[ 1 11],47,-1,79,-1,77
1,<environment.Job instance at 0x7f5558954960>,47,14,[11  4],48,-1,91,-1,77
1,<environment.Job instance at 0x7f5558954230>,48,24,[ 4 11],49,-1,101,-1,77
1,<environment.Job instance at 0x7f5558954050>,49,24,[4 8],50,-1,115,-1,91
1,<environment.Job instance at 0x7f5558954190>,51,25,[5 4],52,-1,116,-1,91
1,<environment.Job instance at 0x7f5558926fa0>,56,26,[8 5],57,-1,140,-1,114
1,<environment.Job instance at 0x7f5558927b40>,59,18,[12  1],60,-1,132,-1,114
1,<environment.Job instance at 0x7f55590c9320>,64,23,[6 2],65,-1,155,-1,132
1,<environment.Job instance at 0x7f55622aee60>,65,1,[11  4],66,-1,133,-1,132
1,<environment.Job instance at 0x7f556231b0a0>,66,3,[ 1 12],67,-1,135,-1,132
1,<environment.Job instance at 0x7f555828c730>,67,14,[12  1],68,-1,146,-1,132
1,<environment.Job instance at 0x7f5561d06960>,6,26,[5 4],7,-1,33,-1,7
1,<environment.Job instance at 0x7f5561d060f0>,7,18,[ 1 11],8,-1,27,-1,9
1,<environment.Job instance at 0x7f55592886e0>,12,20,[8 5],13,-1,33,-1,13
1,<environment.Job instance at 0x7f5559288230>,14,26,[8 5],15,-1,43,-1,17
1,<environment.Job instance at 0x7f5559288550>,20,22,[4 9],21,-1,43,-1,21
1,<environment.Job instance at 0x7f5559288370>,22,14,[9 2],23,-1,37,-1,23
1,<environment.Job instance at 0x7f5559288500>,16,26,[8 5],17,-1,51,-1,25
1,<environment.Job instance at 0x7f5561d06050>,15,25,[5 5],16,-1,50,-1,25
1,<environment.Job instance at 0x7f55585892d0>,25,20,[ 4 12],26,-1,46,-1,26
1,<environment.Job instance at 0x7f55585890f0>,26,28,[5 8],27,-1,55,-1,27
1,<environment.Job instance at 0x7f5558589d70>,21,23,[2 9],22,-1,50,-1,27
1,<environment.Job instance at 0x7f5558589fa0>,29,15,[3 8],30,-1,46,-1,31
1,<environment.Job instance at 0x7f55596c5b90>,1,25,[ 1 12],2,-1,27,-1,2
1,<environment.Job instance at 0x7f5558c99e10>,3,1,[ 2 13],4,-1,5,-1,4
1,<environment.Job instance at 0x7f5558fffa50>,5,17,[13  3],6,-1,23,-1,6
1,<environment.Job instance at 0x7f555960a190>,7,18,[ 1 11],8,-1,26,-1,8
1,<environment.Job instance at 0x7f55586bde10>,8,13,[ 2 12],9,-1,22,-1,9
1,<environment.Job instance at 0x7f555891e960>,6,26,[5 4],7,-1,39,-1,13
1,<environment.Job instance at 0x7f55592883c0>,14,26,[8 5],15,-1,51,-1,25
1,<environment.Job instance at 0x7f5558589690>,16,26,[8 5],17,-1,51,-1,25
1,<environment.Job instance at 0x7f555847ecd0>,19,3,[ 2 13],20,-1,28,-1,25
1,<environment.Job instance at 0x7f5559288cd0>,15,25,[5 5],16,-1,50,-1,25
1,<environment.Job instance at 0x7f55591530f0>,24,15,[ 3 11],25,-1,43,-1,28
1,<environment.Job instance at 0x7f5559153870>,25,20,[ 4 12],26,-1,48,-1,28
1,<environment.Job instance at 0x7f5559153d20>,26,28,[5 8],27,-1,60,-1,32
1,<environment.Job instance at 0x7f55592d6fa0>,27,17,[ 3 14],28,-1,49,-1,32
1,<environment.Job instance at 0x7f55592d65f0>,28,27,[ 3 10],29,-1,59,-1,32
1,<environment.Job instance at 0x7f555847e370>,21,23,[2 9],22,-1,55,-1,32
1,<environment.Job instance at 0x7f55592d6230>,32,2,[14  1],33,-1,35,-1,33
1,<environment.Job instance at 0x7f55592d6f00>,35,25,[2 8],36,-1,71,-1,46
1,<environment.Job instance at 0x7f55592d6730>,39,2,[ 5 11],40,-1,49,-1,47
1,<environment.Job instance at 0x7f55592d6910>,46,24,[14  3],47,-1,104,-1,80
1,<environment.Job instance at 0x7f5559469cd0>,49,2,[13  4],50,-1,94,-1,92
1,<environment.Job instance at 0x7f5559469d20>,50,22,[12  2],51,-1,114,-1,92
1,<environment.Job instance at 0x7f5559469690>,52,2,[14  5],53,-1,101,-1,99
1,<environment.Job instance at 0x7f55588ec5f0>,53,28,[ 3 11],54,-1,127,-1,99
1,<environment.Job instance at 0x7f55588ecd20>,54,12,[ 2 14],55,-1,111,-1,99
1,<environment.Job instance at 0x7f55588ecfa0>,55,18,[14  4],56,-1,117,-1,99
1,<environment.Job instance at 0x7f55588ecf50>,56,14,[12  5],57,-1,113,-1,99
1,<environment.Job instance at 0x7f55588ec730>,57,28,[9 4],58,-1,133,-1,105
1,<environment.Job instance at 0x7f55588ec190>,58,28,[13  4],59,-1,133,-1,105
1,<environment.Job instance at 0x7f55588ece10>,59,16,[ 3 13],60,-1,121,-1,105
1,<environment.Job instance at 0x7f55588ecc80>,61,1,[ 2 13],62,-1,106,-1,105
1,<environment.Job instance at 0x7f55588ec280>,65,18,[ 4 12],66,-1,134,-1,116
1,<environment.Job instance at 0x7f555848acd0>,17,24,[6 3],18,-1,42,-1,18
1,<environment.Job instance at 0x7f555848a4b0>,18,28,[2 8],19,-1,47,-1,19
1,<environment.Job instance at 0x7f555848a780>,16,15,[1 8],17,-1,37,-1,22
1,<environment.Job instance at 0x7f555848a870>,19,13,[12  3],20,-1,36,-1,23
1,<environment.Job instance at 0x7f555848a410>,22,23,[ 3 11],23,-1,46,-1,23
1,<environment.Job instance at 0x7f555848aeb0>,23,14,[ 4 13],24,-1,39,-1,25
1,<environment.Job instance at 0x7f555848a9b0>,24,26,[9 3],25,-1,51,-1,25
1,<environment.Job instance at 0x7f555848ae10>,25,16,[ 5 10],26,-1,43,-1,27
1,<environment.Job instance at 0x7f5558469b40>,0,1,[14  4],1,-1,2,-1,1
1,<environment.Job instance at 0x7f5558469050>,1,2,[14  4],2,-1,4,-1,2
1,<environment.Job instance at 0x7f5558469e60>,2,24,[2 9],3,-1,27,-1,3
1,<environment.Job instance at 0x7f5558469cd0>,3,12,[ 2 12],4,-1,16,-1,4
1,<environment.Job instance at 0x7f5558469c80>,4,14,[13  4],5,-1,19,-1,5
1,<environment.Job instance at 0x7f55584693c0>,5,20,[ 3 11],6,-1,26,-1,6
1,<environment.Job instance at 0x7f5558469640>,7,16,[14  4],8,-1,24,-1,8
1,<environment.Job instance at 0x7f5558469730>,10,2,[ 3 14],11,-1,13,-1,11
1,<environment.Job instance at 0x7f556951c9b0>,12,27,[7 4],13,-1,54,-1,27
1,<environment.Job instance at 0x7f555862c410>,19,13,[12  3],20,-1,40,-1,27
1,<environment.Job instance at 0x7f555862c5a0>,17,24,[6 3],18,-1,51,-1,27
1,<environment.Job instance at 0x7f555862c960>,22,23,[ 3 11],23,-1,50,-1,27
1,<environment.Job instance at 0x7f555862c9b0>,23,14,[ 4 13],24,-1,41,-1,27
1,<environment.Job instance at 0x7f555862c5f0>,24,26,[9 3],25,-1,53,-1,27
1,<environment.Job instance at 0x7f555862c280>,27,20,[ 4 14],28,-1,48,-1,28
1,<environment.Job instance at 0x7f555862ca50>,29,14,[12  5],30,-1,44,-1,30
1,<environment.Job instance at 0x7f555862cb40>,30,25,[ 5 12],31,-1,56,-1,31
1,<environment.Job instance at 0x7f555862c640>,18,28,[2 8],19,-1,65,-1,37
1,<environment.Job instance at 0x7f555862ccd0>,32,2,[14  2],33,-1,39,-1,37
1,<environment.Job instance at 0x7f5559153780>,34,23,[6 4],35,-1,68,-1,45
1,<environment.Job instance at 0x7f5559153c80>,36,20,[ 1 11],37,-1,65,-1,45
1,<environment.Job instance at 0x7f5559153d20>,38,18,[ 5 13],39,-1,63,-1,45
1,<environment.Job instance at 0x7f5562064dc0>,41,28,[1 5],42,-1,99,-1,71
1,<environment.Job instance at 0x7f55596a3910>,43,25,[8 1],44,-1,99,-1,74
1,<environment.Job instance at 0x7f55586f8eb0>,45,12,[12  3],46,-1,86,-1,74
1,<environment.Job instance at 0x7f55586f8cd0>,48,25,[4 5],49,-1,101,-1,76
1,<environment.Job instance at 0x7f5559283fa0>,51,28,[13  4],52,-1,115,-1,87
1,<environment.Job instance at 0x7f55592838c0>,52,20,[13  2],53,-1,107,-1,87
1,<environment.Job instance at 0x7f5559283500>,53,14,[12  3],54,-1,101,-1,87
1,<environment.Job instance at 0x7f5558223550>,54,17,[ 5 13],55,-1,104,-1,87
1,<environment.Job instance at 0x7f5559599690>,56,18,[13  4],57,-1,108,-1,90
1,<environment.Job instance at 0x7f5559283410>,49,25,[10  3],50,-1,128,-1,103
1,<environment.Job instance at 0x7f5557d7dfa0>,59,16,[ 2 11],60,-1,119,-1,103
1,<environment.Job instance at 0x7f55595ace60>,61,25,[2 5],62,-1,129,-1,104
1,<environment.Job instance at 0x7f555805e500>,68,23,[ 3 14],69,-1,140,-1,117
1,<environment.Job instance at 0x7f5561cba820>,69,21,[ 5 13],70,-1,138,-1,117
1,<environment.Job instance at 0x7f55592affa0>,70,16,[ 3 14],71,-1,133,-1,117
1,<environment.Job instance at 0x7f55591ae6e0>,72,14,[11  3],73,-1,138,-1,124
1,<environment.Job instance at 0x7f555808b0f0>,74,13,[14  1],75,-1,146,-1,133
1,<environment.Job instance at 0x7f55591b85f0>,1,18,[9 3],2,-1,20,-1,2
1,<environment.Job instance at 0x7f5558382cd0>,2,16,[3 8],3,-1,19,-1,3
1,<environment.Job instance at 0x7f55583822d0>,5,28,[1 7],6,-1,34,-1,6
1,<environment.Job instance at 0x7f5558382460>,6,14,[4 7],7,-1,21,-1,7
1,<environment.Job instance at 0x7f5558a53410>,26,15,[ 1 12],27,-1,62,-1,47
1,<environment.Job instance at 0x7f5558a53870>,29,23,[5 9],30,-1,74,-1,51
1,<environment.Job instance at 0x7f5558a534b0>,27,15,[9 4],28,-1,66,-1,51
1,<environment.Job instance at 0x7f5558a538c0>,31,23,[4 7],32,-1,74,-1,51
1,<environment.Job instance at 0x7f5558a53b40>,33,20,[ 2 12],34,-1,71,-1,51
1,<environment.Job instance at 0x7f5558a53910>,30,15,[7 4],31,-1,66,-1,51
1,<environment.Job instance at 0x7f5558a53140>,24,14,[12  2],25,-1,65,-1,51
1,<environment.Job instance at 0x7f5558a53c80>,38,19,[6 4],39,-1,70,-1,51
1,<environment.Job instance at 0x7f5558a53f00>,39,22,[3 7],40,-1,73,-1,51
1,<environment.Job instance at 0x7f5558a281e0>,43,21,[13  3],44,-1,137,-1,116
1,<environment.Job instance at 0x7f5559557e60>,17,28,[ 3 13],18,-1,145,-1,117
1,<environment.Job instance at 0x7f5558a28500>,48,13,[4 9],49,-1,130,-1,117
1,<environment.Job instance at 0x7f5558a28960>,51,19,[11  2],52,-1,136,-1,117
1,<environment.Job instance at 0x7f5558a285f0>,49,3,[ 1 12],50,-1,121,-1,118
1,<environment.Job instance at 0x7f5558a53e60>,41,26,[10  5],42,-1,144,-1,118
1,<environment.Job instance at 0x7f5558a287d0>,54,15,[13  5],55,-1,134,-1,119
1,<environment.Job instance at 0x7f5558a28aa0>,56,17,[ 4 10],57,-1,136,-1,119
1,<environment.Job instance at 0x7f5558a28b40>,57,12,[10  1],58,-1,132,-1,120
1,<environment.Job instance at 0x7f5558a28910>,53,15,[9 2],54,-1,135,-1,120
1,<environment.Job instance at 0x7f5558a28c80>,59,21,[5 3],60,-1,141,-1,120
1,<environment.Job instance at 0x7f55580c8500>,4,3,[14  3],5,-1,8,-1,5
1,<environment.Job instance at 0x7f5558a81190>,7,14,[ 1 13],8,-1,22,-1,8
1,<environment.Job instance at 0x7f5558a81be0>,5,28,[1 7],6,-1,48,-1,20
1,<environment.Job instance at 0x7f55581f31e0>,9,13,[13  5],10,-1,33,-1,20
1,<environment.Job instance at 0x7f55581f3370>,10,3,[12  1],11,-1,23,-1,20
1,<environment.Job instance at 0x7f5557d6d1e0>,12,24,[ 2 12],13,-1,44,-1,20
1,<environment.Job instance at 0x7f5557d8a6e0>,14,17,[ 5 14],15,-1,37,-1,20
1,<environment.Job instance at 0x7f5557f951e0>,17,28,[ 3 13],18,-1,62,-1,34
1,<environment.Job instance at 0x7f5557f95e10>,19,2,[14  1],20,-1,36,-1,34
1,<environment.Job instance at 0x7f5558be45f0>,21,12,[ 4 12],22,-1,47,-1,35
1,<environment.Job instance at 0x7f5557f95410>,22,12,[12  5],23,-1,47,-1,35
1,<environment.Job instance at 0x7f555919b230>,24,14,[12  2],25,-1,51,-1,37
1,<environment.Job instance at 0x7f5557d81820>,26,15,[ 1 12],27,-1,65,-1,50
1,<environment.Job instance at 0x7f55681d4dc0>,29,23,[5 9],30,-1,78,-1,55
1,<environment.Job instance at 0x7f5559587cd0>,31,23,[4 7],32,-1,78,-1,55
1,<environment.Job instance at 0x7f555948b280>,33,20,[ 2 12],34,-1,75,-1,55
1,<environment.Job instance at 0x7f5558223550>,34,25,[9 4],35,-1,80,-1,55
1,<environment.Job instance at 0x7f5559283cd0>,35,24,[5 1],36,-1,79,-1,55
1,<environment.Job instance at 0x7f55623133c0>,40,24,[ 1 10],41,-1,92,-1,68
1,<environment.Job instance at 0x7f55592830a0>,37,27,[1 7],38,-1,95,-1,68
1,<environment.Job instance at 0x7f55586f81e0>,43,21,[13  3],44,-1,89,-1,68
1,<environment.Job instance at 0x7f5562064dc0>,41,26,[10  5],42,-1,99,-1,73
1,<environment.Job instance at 0x7f5558469320>,49,3,[ 1 12],50,-1,77,-1,74
1,<environment.Job instance at 0x7f5558469550>,50,16,[13  4],51,-1,90,-1,74
1,<environment.Job instance at 0x7f5558469640>,51,19,[11  2],52,-1,93,-1,74
1,<environment.Job instance at 0x7f5558469eb0>,52,2,[ 4 14],53,-1,76,-1,74
1,<environment.Job instance at 0x7f5558469c80>,54,15,[13  5],55,-1,91,-1,76
1,<environment.Job instance at 0x7f555813e370>,60,27,[ 5 14],61,-1,143,-1,116
1,<environment.Job instance at 0x7f55593c4640>,61,22,[12  4],62,-1,138,-1,116
1,<environment.Job instance at 0x7f5558ba7910>,62,2,[13  2],63,-1,118,-1,116
1,<environment.Job instance at 0x7f5558b10a50>,69,12,[ 4 14],70,-1,145,-1,133
1,<environment.Job instance at 0x7f5558a31d70>,0,22,[8 2],1,-1,24,-1,2
1,<environment.Job instance at 0x7f5558a31e60>,2,16,[4 6],3,-1,19,-1,3
1,<environment.Job instance at 0x7f5558a31a50>,3,19,[ 1 11],4,-1,23,-1,4
1,<environment.Job instance at 0x7f5558a31b90>,4,15,[2 8],5,-1,20,-1,5
1,<environment.Job instance at 0x7f5558a31820>,5,3,[14  5],6,-1,9,-1,6
1,<environment.Job instance at 0x7f5558a31690>,6,1,[8 1],7,-1,8,-1,7
1,<environment.Job instance at 0x7f5558a31640>,1,27,[4 9],2,-1,34,-1,7
1,<environment.Job instance at 0x7f5558e08960>,14,16,[10  1],15,-1,32,-1,16
1,<environment.Job instance at 0x7f5558428550>,15,21,[12  4],16,-1,37,-1,16
1,<environment.Job instance at 0x7f555923ca50>,27,23,[9 5],28,-1,51,-1,28
1,<environment.Job instance at 0x7f555923c5f0>,31,18,[ 3 13],32,-1,64,-1,46
1,<environment.Job instance at 0x7f5557db8820>,32,28,[7 1],33,-1,74,-1,46
1,<environment.Job instance at 0x7f5558555870>,35,15,[6 4],36,-1,61,-1,46
1,<environment.Job instance at 0x7f5558d64af0>,37,24,[12  2],38,-1,70,-1,46
1,<environment.Job instance at 0x7f555923c2d0>,26,20,[8 3],27,-1,66,-1,46
1,<environment.Job instance at 0x7f5558d64140>,38,15,[8 2],39,-1,61,-1,46
1,<environment.Job instance at 0x7f5558d64870>,36,15,[7 2],37,-1,67,-1,52
1,<environment.Job instance at 0x7f5558d641e0>,42,15,[12  2],43,-1,68,-1,53
1,<environment.Job instance at 0x7f55595951e0>,43,28,[10  2],44,-1,81,-1,53
1,<environment.Job instance at 0x7f55595957d0>,44,18,[10  1],45,-1,71,-1,53
1,<environment.Job instance at 0x7f5558e086e0>,12,18,[12  1],13,-1,91,-1,73
1,<environment.Job instance at 0x7f5557ea74b0>,20,28,[13  3],21,-1,104,-1,76
1,<environment.Job instance at 0x7f55582c56e0>,46,23,[5 5],47,-1,112,-1,89
1,<environment.Job instance at 0x7f555892e8c0>,54,20,[1 5],55,-1,109,-1,89
1,<environment.Job instance at 0x7f5558964410>,56,20,[6 5],57,-1,109,-1,89
1,<environment.Job instance at 0x7f556951c0a0>,1,27,[4 9],2,-1,29,-1,2
1,<environment.Job instance at 0x7f555813e370>,3,19,[ 1 11],4,-1,23,-1,4
1,<environment.Job instance at 0x7f556204e8c0>,5,3,[14  5],6,-1,9,-1,6
1,<environment.Job instance at 0x7f5558be47d0>,7,18,[12  5],8,-1,26,-1,8
1,<environment.Job instance at 0x7f5557d8a690>,8,3,[14  5],9,-1,12,-1,9
1,<environment.Job instance at 0x7f5557d8ac30>,10,16,[ 2 12],11,-1,27,-1,11
1,<environment.Job instance at 0x7f5558c87460>,12,18,[12  1],13,-1,31,-1,13
1,<environment.Job instance at 0x7f55581ed320>,15,21,[12  4],16,-1,44,-1,23
1,<environment.Job instance at 0x7f55581f3370>,16,14,[ 3 12],17,-1,37,-1,23
1,<environment.Job instance at 0x7f5558bbe730>,18,2,[11  5],19,-1,25,-1,23
1,<environment.Job instance at 0x7f55585920f0>,20,28,[13  3],21,-1,52,-1,24
1,<environment.Job instance at 0x7f5558592140>,23,2,[14  3],24,-1,39,-1,37
1,<environment.Job instance at 0x7f5557ff5820>,25,1,[ 2 12],26,-1,39,-1,38
1,<environment.Job instance at 0x7f5557ff5780>,27,23,[9 5],28,-1,64,-1,41
1,<environment.Job instance at 0x7f55587df230>,30,16,[ 1 13],31,-1,57,-1,41
1,<environment.Job instance at 0x7f55587dfaa0>,31,18,[ 3 13],32,-1,59,-1,41
1,<environment.Job instance at 0x7f55592b7500>,32,28,[7 1],33,-1,69,-1,41
1,<environment.Job instance at 0x7f55582af050>,33,27,[2 7],34,-1,70,-1,43
1,<environment.Job instance at 0x7f555855a730>,37,24,[12  2],38,-1,67,-1,43
1,<environment.Job instance at 0x7f555931e690>,40,25,[5 4],41,-1,83,-1,58
1,<environment.Job instance at 0x7f555931eaf0>,41,17,[ 5 11],42,-1,75,-1,58
1,<environment.Job instance at 0x7f555931eb90>,42,15,[12  2],43,-1,73,-1,58
1,<environment.Job instance at 0x7f55591d2a00>,43,28,[10  2],44,-1,86,-1,58
1,<environment.Job instance at 0x7f5558239a50>,45,1,[ 1 11],46,-1,59,-1,58
1,<environment.Job instance at 0x7f5558508410>,46,23,[5 5],47,-1,81,-1,58
1,<environment.Job instance at 0x7f5558508730>,49,26,[ 4 13],50,-1,99,-1,73
1,<environment.Job instance at 0x7f55592041e0>,53,16,[ 1 14],54,-1,91,-1,75
1,<environment.Job instance at 0x7f5559523a00>,55,3,[12  5],56,-1,79,-1,76
1,<environment.Job instance at 0x7f5558588c30>,57,14,[ 5 13],58,-1,91,-1,77
1,<environment.Job instance at 0x7f5558588730>,59,22,[13  4],60,-1,109,-1,87
1,<environment.Job instance at 0x7f555952acd0>,60,13,[11  4],61,-1,100,-1,87
1,<environment.Job instance at 0x7f555952ad20>,62,23,[10  2],63,-1,115,-1,92
1,<environment.Job instance at 0x7f555952a3c0>,63,22,[ 1 11],64,-1,114,-1,92
1,<environment.Job instance at 0x7f5558a7cd70>,67,27,[12  1],68,-1,131,-1,104
1,<environment.Job instance at 0x7f5558a7c230>,68,26,[14  5],69,-1,130,-1,104
1,<environment.Job instance at 0x7f5558f94410>,69,12,[ 4 12],70,-1,116,-1,104
1,<environment.Job instance at 0x7f5558e81c80>,76,12,[14  5],77,-1,138,-1,126
1,<environment.Job instance at 0x7f5558e81140>,77,23,[4 8],78,-1,161,-1,138
1,<environment.Job instance at 0x7f555929edc0>,0,18,[5 6],1,-1,19,-1,1
1,<environment.Job instance at 0x7f555929eaf0>,1,28,[7 3],2,-1,30,-1,2
1,<environment.Job instance at 0x7f555929e550>,5,20,[1 6],6,-1,27,-1,7
1,<environment.Job instance at 0x7f555929ef00>,7,22,[ 1 10],8,-1,30,-1,8
1,<environment.Job instance at 0x7f555929e870>,9,23,[9 3],10,-1,33,-1,10
1,<environment.Job instance at 0x7f555929e5f0>,6,18,[3 8],7,-1,29,-1,11
1,<environment.Job instance at 0x7f555929e640>,12,15,[9 4],13,-1,31,-1,16
1,<environment.Job instance at 0x7f555929e190>,16,18,[2 8],17,-1,35,-1,17
1,<environment.Job instance at 0x7f555929e500>,15,14,[7 3],16,-1,31,-1,17
1,<environment.Job instance at 0x7f55591ab460>,19,22,[10  4],20,-1,42,-1,20
1,<environment.Job instance at 0x7f55591abc80>,20,22,[1 5],21,-1,43,-1,21
1,<environment.Job instance at 0x7f55591abd20>,23,23,[10  2],24,-1,48,-1,25
1,<environment.Job instance at 0x7f55591ab3c0>,25,18,[ 2 10],26,-1,44,-1,26
1,<environment.Job instance at 0x7f55591ab050>,29,15,[8 4],30,-1,45,-1,30
1,<environment.Job instance at 0x7f55582b85f0>,30,18,[7 3],31,-1,49,-1,31
1,<environment.Job instance at 0x7f55582b8140>,31,17,[1 7],32,-1,49,-1,32
1,<environment.Job instance at 0x7f55582b8be0>,34,18,[4 5],35,-1,53,-1,35
1,<environment.Job instance at 0x7f55591ab190>,24,27,[ 1 11],25,-1,67,-1,40
1,<environment.Job instance at 0x7f5558592d70>,40,16,[1 9],41,-1,57,-1,41
1,<environment.Job instance at 0x7f55585924b0>,37,12,[10  1],38,-1,54,-1,42
1,<environment.Job instance at 0x7f5558592eb0>,43,16,[8 4],44,-1,64,-1,48
1,<environment.Job instance at 0x7f5558592b90>,46,22,[ 4 10],47,-1,70,-1,48
1,<environment.Job instance at 0x7f5558592910>,45,26,[5 5],46,-1,74,-1,48
1,<environment.Job instance at 0x7f5558592c80>,47,17,[5 4],48,-1,75,-1,58
1,<environment.Job instance at 0x7f5558592f50>,48,19,[4 9],49,-1,77,-1,58
1,<environment.Job instance at 0x7f5558490dc0>,52,23,[10  4],53,-1,81,-1,58
1,<environment.Job instance at 0x7f55584903c0>,51,14,[12  3],52,-1,72,-1,58
1,<environment.Job instance at 0x7f555929ea50>,11,16,[ 3 13],12,-1,76,-1,60
1,<environment.Job instance at 0x7f555931edc0>,56,28,[ 4 10],57,-1,88,-1,60
1,<environment.Job instance at 0x7f5558c0b2d0>,1,28,[7 3],2,-1,30,-1,2
1,<environment.Job instance at 0x7f555931e1e0>,4,16,[13  2],5,-1,21,-1,5
1,<environment.Job instance at 0x7f555855aa00>,8,28,[13  5],9,-1,37,-1,9
1,<environment.Job instance at 0x7f555855a410>,9,23,[9 3],10,-1,33,-1,10
1,<environment.Job instance at 0x7f5558c87460>,11,16,[ 3 13],12,-1,28,-1,12
1,<environment.Job instance at 0x7f55681d4dc0>,14,3,[14  3],15,-1,22,-1,19
1,<environment.Job instance at 0x7f55596738c0>,21,14,[11  2],22,-1,48,-1,34
1,<environment.Job instance at 0x7f555808baf0>,23,23,[10  2],24,-1,57,-1,34
1,<environment.Job instance at 0x7f555808b0f0>,24,27,[ 1 11],25,-1,61,-1,34
1,<environment.Job instance at 0x7f55588ad4b0>,28,3,[13  3],29,-1,48,-1,45
1,<environment.Job instance at 0x7f55582475f0>,39,17,[14  1],40,-1,113,-1,96
1,<environment.Job instance at 0x7f55591a01e0>,42,19,[ 4 13],43,-1,127,-1,108
1,<environment.Job instance at 0x7f5558948410>,45,26,[5 5],46,-1,161,-1,135
1,<environment.Job instance at 0x7f55596e60a0>,5,14,[3 8],6,-1,20,-1,6
1,<environment.Job instance at 0x7f55596e6eb0>,6,15,[3 7],7,-1,22,-1,7
1,<environment.Job instance at 0x7f5558439fa0>,4,17,[8 1],5,-1,25,-1,8
1,<environment.Job instance at 0x7f55595af460>,0,27,[2 7],1,-1,28,-1,1
1,<environment.Job instance at 0x7f55595af780>,2,12,[ 2 14],3,-1,15,-1,3
1,<environment.Job instance at 0x7f55581dcbe0>,3,1,[12  2],4,-1,5,-1,4
1,<environment.Job instance at 0x7f555910aa00>,7,13,[13  1],8,-1,21,-1,8
1,<environment.Job instance at 0x7f55581dc230>,9,13,[ 2 14],10,-1,23,-1,10
1,<environment.Job instance at 0x7f55681d4dc0>,11,12,[13  1],12,-1,24,-1,12
1,<environment.Job instance at 0x7f555808b730>,13,3,[13  4],14,-1,17,-1,14
1,<environment.Job instance at 0x7f55623133c0>,14,23,[1 9],15,-1,38,-1,15
1,<environment.Job instance at 0x7f55704f61e0>,8,25,[10  2],9,-1,53,-1,28
1,<environment.Job instance at 0x7f5562072cd0>,20,16,[ 4 14],21,-1,44,-1,28
1,<environment.Job instance at 0x7f5559658fa0>,24,18,[ 4 13],25,-1,61,-1,43
1,<environment.Job instance at 0x7f55596581e0>,26,13,[12  2],27,-1,65,-1,52
1,<environment.Job instance at 0x7f5559658960>,30,24,[4 5],31,-1,89,-1,65
1,<environment.Job instance at 0x7f5558591b90>,27,23,[6 1],28,-1,88,-1,65
1,<environment.Job instance at 0x7f55580d80a0>,32,1,[ 2 11],33,-1,66,-1,65
1,<environment.Job instance at 0x7f5557e8b5a0>,35,15,[ 1 13],36,-1,88,-1,73
1,<environment.Job instance at 0x7f5558c625a0>,36,25,[2 8],37,-1,98,-1,73
1,<environment.Job instance at 0x7f5558524410>,39,3,[ 3 12],40,-1,76,-1,73
1,<environment.Job instance at 0x7f55585247d0>,40,18,[11  2],41,-1,91,-1,73
1,<environment.Job instance at 0x7f55595d4230>,41,17,[14  2],42,-1,90,-1,73
1,<environment.Job instance at 0x7f5558527640>,42,23,[3 7],43,-1,112,-1,89
1,<environment.Job instance at 0x7f555822f550>,44,15,[13  1],45,-1,104,-1,89
1,<environment.Job instance at 0x7f555968a280>,45,19,[11  4],46,-1,108,-1,89
1,<environment.Job instance at 0x7f5557edd500>,47,25,[3 9],48,-1,126,-1,101
1,<environment.Job instance at 0x7f5557edda50>,51,16,[ 1 12],52,-1,117,-1,101
1,<environment.Job instance at 0x7f5558e793c0>,53,27,[7 4],54,-1,131,-1,104
1,<environment.Job instance at 0x7f5562079410>,57,13,[ 2 13],58,-1,141,-1,128
1,<environment.Job instance at 0x7f55591eb1e0>,0,14,[10  5],1,-1,16,-1,2
1,<environment.Job instance at 0x7f555846eb40>,1,18,[13  1],2,-1,20,-1,2
1,<environment.Job instance at 0x7f55593b6280>,17,18,[5 5],18,-1,37,-1,19
1,<environment.Job instance at 0x7f555949d230>,1,18,[13  1],2,-1,20,-1,2
1,<environment.Job instance at 0x7f55590abdc0>,6,15,[ 3 14],7,-1,22,-1,7
1,<environment.Job instance at 0x7f55590abf00>,8,13,[ 5 13],9,-1,22,-1,9
1,<environment.Job instance at 0x7f5558017af0>,9,17,[ 5 12],10,-1,27,-1,10
1,<environment.Job instance at 0x7f555949d5f0>,4,25,[2 8],5,-1,40,-1,15
1,<environment.Job instance at 0x7f5558ea2af0>,13,3,[ 2 14],14,-1,18,-1,15
1,<environment.Job instance at 0x7f5558ea2320>,14,12,[14  1],15,-1,27,-1,15
1,<environment.Job instance at 0x7f5558ea2aa0>,15,19,[11  3],16,-1,35,-1,16
1,<environment.Job instance at 0x7f55591f40f0>,18,19,[ 4 13],19,-1,38,-1,19
1,<environment.Job instance at 0x7f5558ea2dc0>,16,24,[7 4],17,-1,55,-1,31
1,<environment.Job instance at 0x7f55591f4230>,20,19,[ 4 14],21,-1,50,-1,31
1,<environment.Job instance at 0x7f5558ce3230>,22,24,[14  1],23,-1,55,-1,31
1,<environment.Job instance at 0x7f5558ce3190>,24,27,[7 2],25,-1,60,-1,33
1,<environment.Job instance at 0x7f5558ce34b0>,23,25,[10  3],24,-1,58,-1,33
1,<environment.Job instance at 0x7f5558764cd0>,28,25,[5 6],29,-1,59,-1,34
1,<environment.Job instance at 0x7f5558e75550>,30,1,[14  3],31,-1,35,-1,34
1,<environment.Job instance at 0x7f5558cf0aa0>,32,23,[ 2 11],33,-1,70,-1,47
1,<environment.Job instance at 0x7f5558cd07d0>,34,28,[5 5],35,-1,91,-1,63
1,<environment.Job instance at 0x7f5558cd0e10>,36,2,[12  1],37,-1,65,-1,63
1,<environment.Job instance at 0x7f555911c820>,37,21,[13  4],38,-1,84,-1,63
1,<environment.Job instance at 0x7f5558ea0c30>,41,16,[ 1 14],42,-1,82,-1,66
1,<environment.Job instance at 0x7f5558ea0f50>,42,3,[ 2 12],43,-1,69,-1,66
1,<environment.Job instance at 0x7f5557eef820>,51,1,[ 3 14],52,-1,106,-1,105
1,<environment.Job instance at 0x7f55591e44b0>,52,23,[ 1 12],53,-1,128,-1,105
1,<environment.Job instance at 0x7f5557eef320>,54,28,[ 1 13],55,-1,133,-1,105
1,<environment.Job instance at 0x7f55588af550>,57,26,[ 4 13],58,-1,139,-1,113
1,<environment.Job instance at 0x7f55588af460>,58,24,[5 3],59,-1,143,-1,119
1,<environment.Job instance at 0x7f55588af500>,59,24,[6 2],60,-1,143,-1,119
1,<environment.Job instance at 0x7f555847e5a0>,64,14,[ 1 13],65,-1,151,-1,137
1,<environment.Job instance at 0x7f5558d055a0>,3,27,[9 4],4,-1,33,-1,6
1,<environment.Job instance at 0x7f5558d05640>,4,20,[14  4],5,-1,26,-1,6
1,<environment.Job instance at 0x7f5558d0b780>,12,13,[2 8],13,-1,27,-1,14
1,<environment.Job instance at 0x7f55595891e0>,14,12,[7 5],15,-1,27,-1,15
1,<environment.Job instance at 0x7f5558d0b320>,10,25,[9 4],11,-1,40,-1,15
1,<environment.Job instance at 0x7f5558d0b870>,13,26,[6 3],14,-1,41,-1,15
1,<environment.Job instance at 0x7f5558d0b8c0>,15,17,[10  5],16,-1,34,-1,17
1,<environment.Job instance at 0x7f5559589d70>,17,3,[ 2 11],18,-1,21,-1,18
1,<environment.Job instance at 0x7f5559589960>,18,17,[10  5],19,-1,36,-1,19
1,<environment.Job instance at 0x7f5559589460>,16,27,[5 7],17,-1,47,-1,20
1,<environment.Job instance at 0x7f5559589780>,22,25,[1 7],23,-1,48,-1,23
1,<environment.Job instance at 0x7f5559589dc0>,24,17,[4 9],25,-1,42,-1,25
1,<environment.Job instance at 0x7f5559589820>,20,27,[ 2 10],21,-1,53,-1,26
1,<environment.Job instance at 0x7f5559589a50>,21,22,[ 2 13],22,-1,49,-1,27
1,<environment.Job instance at 0x7f5558d05730>,5,2,[7 1],6,-1,30,-1,28
1,<environment.Job instance at 0x7f5559589eb0>,26,25,[ 5 10],27,-1,59,-1,34
1,<environment.Job instance at 0x7f55585247d0>,0,28,[ 3 14],1,-1,29,-1,1
1,<environment.Job instance at 0x7f55621c6780>,1,3,[ 1 14],2,-1,5,-1,2
1,<environment.Job instance at 0x7f5558786820>,2,1,[ 2 13],3,-1,4,-1,3
1,<environment.Job instance at 0x7f5558786500>,3,27,[9 4],4,-1,31,-1,4
1,<environment.Job instance at 0x7f55593aea00>,4,20,[14  4],5,-1,25,-1,5
1,<environment.Job instance at 0x7f5557fd87d0>,7,1,[13  4],8,-1,9,-1,8
1,<environment.Job instance at 0x7f5558936910>,9,2,[ 5 11],10,-1,12,-1,10
1,<environment.Job instance at 0x7f5559702370>,10,25,[9 4],11,-1,36,-1,11
1,<environment.Job instance at 0x7f5558c09fa0>,13,26,[6 3],14,-1,50,-1,24
1,<environment.Job instance at 0x7f5561ca8320>,17,3,[ 2 11],18,-1,27,-1,24
1,<environment.Job instance at 0x7f5561ca8190>,16,27,[5 7],17,-1,51,-1,24
1,<environment.Job instance at 0x7f5558125230>,19,1,[ 5 12],20,-1,25,-1,24
1,<environment.Job instance at 0x7f5558125280>,20,27,[ 2 10],21,-1,51,-1,24
1,<environment.Job instance at 0x7f55581258c0>,21,22,[ 2 13],22,-1,46,-1,24
1,<environment.Job instance at 0x7f55621358c0>,22,25,[1 7],23,-1,49,-1,24
1,<environment.Job instance at 0x7f55621354b0>,23,18,[13  1],24,-1,42,-1,24
1,<environment.Job instance at 0x7f5557fd02d0>,26,25,[ 5 10],27,-1,66,-1,41
1,<environment.Job instance at 0x7f555836f320>,30,24,[7 4],31,-1,67,-1,43
1,<environment.Job instance at 0x7f555836f960>,31,18,[ 1 11],32,-1,61,-1,43
1,<environment.Job instance at 0x7f5558d96c30>,39,13,[ 2 13],40,-1,72,-1,59
1,<environment.Job instance at 0x7f5561c99280>,40,17,[ 1 13],41,-1,76,-1,59
1,<environment.Job instance at 0x7f5558e6de10>,41,20,[12  1],42,-1,79,-1,59
1,<environment.Job instance at 0x7f5558a00b40>,43,24,[ 3 14],44,-1,85,-1,61
1,<environment.Job instance at 0x7f555917e780>,44,25,[10  2],45,-1,99,-1,74
1,<environment.Job instance at 0x7f5558799410>,49,24,[9 4],50,-1,107,-1,83
1,<environment.Job instance at 0x7f5558248730>,51,15,[ 2 12],52,-1,98,-1,83
1,<environment.Job instance at 0x7f55587bbd70>,52,28,[14  4],53,-1,111,-1,83
1,<environment.Job instance at 0x7f55596b4f50>,53,18,[13  4],54,-1,101,-1,83
1,<environment.Job instance at 0x7f5558248af0>,55,23,[11  4],56,-1,110,-1,87
1,<environment.Job instance at 0x7f55580ec550>,56,17,[ 3 13],57,-1,104,-1,87
1,<environment.Job instance at 0x7f55621dc820>,58,13,[ 4 11],59,-1,100,-1,87
1,<environment.Job instance at 0x7f5557fac6e0>,60,13,[ 5 11],61,-1,111,-1,98
1,<environment.Job instance at 0x7f55580ece60>,61,3,[11  2],62,-1,101,-1,98
1,<environment.Job instance at 0x7f55587aadc0>,63,14,[12  5],64,-1,115,-1,101
1,<environment.Job instance at 0x7f5558990a50>,64,25,[6 2],65,-1,129,-1,104
1,<environment.Job instance at 0x7f55587bae60>,68,25,[ 3 12],69,-1,143,-1,118
1,<environment.Job instance at 0x7f555921bc30>,72,21,[ 2 11],73,-1,145,-1,124
1,<environment.Job instance at 0x7f5558c04e60>,77,28,[14  2],78,-1,160,-1,132
1,<environment.Job instance at 0x7f5561cad820>,7,12,[10  3],8,-1,20,-1,8
1,<environment.Job instance at 0x7f5561cad9b0>,8,14,[5 5],9,-1,23,-1,9
1,<environment.Job instance at 0x7f5557d62d70>,5,12,[11  4],6,-1,22,-1,10
1,<environment.Job instance at 0x7f5558281dc0>,25,17,[7 4],26,-1,83,-1,66
1,<environment.Job instance at 0x7f5557fd8a50>,27,17,[13  3],28,-1,83,-1,66
1,<environment.Job instance at 0x7f5557d90b40>,18,24,[12  3],19,-1,90,-1,66
1,<environment.Job instance at 0x7f5559346fa0>,29,19,[1 7],30,-1,85,-1,66
1,<environment.Job instance at 0x7f5557d908c0>,20,16,[ 5 13],21,-1,82,-1,66
1,<environment.Job instance at 0x7f5557feef00>,32,16,[13  3],33,-1,82,-1,66
1,<environment.Job instance at 0x7f5557feea00>,31,24,[2 7],32,-1,90,-1,66
1,<environment.Job instance at 0x7f5559248cd0>,30,15,[5 2],31,-1,81,-1,66
1,<environment.Job instance at 0x7f5559456e60>,35,15,[7 4],36,-1,81,-1,66
1,<environment.Job instance at 0x7f5559046c80>,36,15,[2 8],37,-1,81,-1,66
1,<environment.Job instance at 0x7f5559046410>,37,16,[3 8],38,-1,82,-1,66
1,<environment.Job instance at 0x7f5561c9aeb0>,1,21,[ 3 13],2,-1,23,-1,2
1,<environment.Job instance at 0x7f5561c9a7d0>,5,12,[11  4],6,-1,18,-1,6
1,<environment.Job instance at 0x7f5558956d20>,9,3,[14  5],10,-1,13,-1,10
1,<environment.Job instance at 0x7f55589f4f00>,10,13,[ 4 11],11,-1,24,-1,11
1,<environment.Job instance at 0x7f55595d46e0>,11,12,[11  4],12,-1,24,-1,12
1,<environment.Job instance at 0x7f55595d4b90>,12,26,[ 5 13],13,-1,39,-1,13
1,<environment.Job instance at 0x7f55595d4af0>,14,3,[ 4 14],15,-1,24,-1,21
1,<environment.Job instance at 0x7f55580be730>,16,17,[ 1 14],17,-1,39,-1,22
1,<environment.Job instance at 0x7f5558cf4870>,18,24,[12  3],19,-1,47,-1,23
1,<environment.Job instance at 0x7f5559333320>,19,12,[11  5],20,-1,35,-1,23
1,<environment.Job instance at 0x7f55586c7730>,20,16,[ 5 13],21,-1,39,-1,23
1,<environment.Job instance at 0x7f55586c7af0>,21,3,[ 1 12],22,-1,26,-1,23
1,<environment.Job instance at 0x7f5558cf4550>,22,26,[4 8],23,-1,51,-1,25
1,<environment.Job instance at 0x7f55588d75f0>,26,14,[ 1 12],27,-1,42,-1,28
1,<environment.Job instance at 0x7f5558c04a50>,27,17,[13  3],28,-1,45,-1,28
1,<environment.Job instance at 0x7f5558c049b0>,28,12,[14  4],29,-1,41,-1,29
1,<environment.Job instance at 0x7f555921b230>,31,24,[2 7],32,-1,67,-1,43
1,<environment.Job instance at 0x7f555921bd20>,32,16,[13  3],33,-1,59,-1,43
1,<environment.Job instance at 0x7f55589901e0>,38,18,[14  5],39,-1,74,-1,56
1,<environment.Job instance at 0x7f5557fac6e0>,39,28,[8 5],40,-1,95,-1,67
1,<environment.Job instance at 0x7f55621dc960>,40,16,[ 4 11],41,-1,83,-1,67
1,<environment.Job instance at 0x7f55596b4f50>,44,18,[ 3 14],45,-1,89,-1,71
1,<environment.Job instance at 0x7f55587bbd70>,45,16,[12  1],46,-1,87,-1,71
1,<environment.Job instance at 0x7f5558799410>,48,19,[ 2 12],49,-1,90,-1,71
1,<environment.Job instance at 0x7f55587990f0>,49,17,[ 2 12],50,-1,88,-1,71
1,<environment.Job instance at 0x7f5561c6bfa0>,55,24,[2 9],56,-1,139,-1,115
1,<environment.Job instance at 0x7f555836fd70>,58,20,[14  5],59,-1,135,-1,115
1,<environment.Job instance at 0x7f5557fd0aa0>,61,18,[14  2],62,-1,136,-1,118
1,<environment.Job instance at 0x7f5562135690>,62,19,[11  5],63,-1,137,-1,118
1,<environment.Job instance at 0x7f4300d52b40>,2,18,[ 3 10],3,-1,21,-1,3
1,<environment.Job instance at 0x7f4300d52e10>,5,18,[7 5],6,-1,24,-1,6
1,<environment.Job instance at 0x7f4300d52d20>,6,19,[1 7],7,-1,27,-1,8
1,<environment.Job instance at 0x7f4300d56550>,16,19,[ 3 10],17,-1,36,-1,17
1,<environment.Job instance at 0x7f4300d56460>,17,18,[ 5 13],18,-1,36,-1,18
1,<environment.Job instance at 0x7f4300d56780>,18,18,[3 6],19,-1,37,-1,19
1,<environment.Job instance at 0x7f4300d56820>,19,21,[8 5],20,-1,44,-1,23
1,<environment.Job instance at 0x7f4300d56690>,20,21,[13  5],21,-1,46,-1,25
1,<environment.Job instance at 0x7f4300d56870>,21,22,[8 2],22,-1,47,-1,25
1,<environment.Job instance at 0x7f4300d56af0>,25,16,[5 3],26,-1,42,-1,26
1,<environment.Job instance at 0x7f4300d56dc0>,26,20,[4 8],27,-1,52,-1,32
1,<environment.Job instance at 0x7f4300d592d0>,33,16,[9 3],34,-1,69,-1,53
1,<environment.Job instance at 0x7f4300d56a50>,23,18,[7 4],24,-1,71,-1,53
1,<environment.Job instance at 0x7f4300d561e0>,13,15,[4 5],14,-1,68,-1,53
1,<environment.Job instance at 0x7f4300d564b0>,15,20,[3 5],16,-1,73,-1,53
1,<environment.Job instance at 0x7f4300d59780>,38,14,[5 5],39,-1,67,-1,53
1,<environment.Job instance at 0x7f4300d59370>,39,12,[3 6],40,-1,65,-1,53
1,<environment.Job instance at 0x7f4300d59870>,40,18,[ 5 13],41,-1,71,-1,53
1,<environment.Job instance at 0x7f4300d593c0>,34,20,[5 3],35,-1,73,-1,53
1,<environment.Job instance at 0x7f4300d56410>,14,21,[ 3 11],15,-1,76,-1,55
1,<environment.Job instance at 0x7f4300d59c80>,45,28,[6 4],46,-1,86,-1,58
1,<environment.Job instance at 0x7f4300d59b90>,47,16,[6 2],48,-1,74,-1,58
1,<environment.Job instance at 0x7f4300d59d20>,46,17,[ 5 12],47,-1,75,-1,58
1,<environment.Job instance at 0x7f4300d56b90>,27,25,[14  4],28,-1,84,-1,59
1,<environment.Job instance at 0x7f4300d59af0>,43,14,[10  1],44,-1,73,-1,59
1,<environment.Job instance at 0x7f4300d59460>,36,16,[8 1],37,-1,75,-1,59
1,<environment.Job instance at 0x7f4300d5c0a0>,52,27,[9 1],53,-1,86,-1,59
1,<environment.Job instance at 0x7f4300d59f50>,51,24,[ 1 11],52,-1,83,-1,59
1,<environment.Job instance at 0x7f4300d5c410>,53,22,[9 5],54,-1,81,-1,59
1,<environment.Job instance at 0x7f4300d599b0>,42,24,[ 4 14],43,-1,83,-1,59
1,<environment.Job instance at 0x7f4300d5c280>,55,14,[ 2 10],56,-1,77,-1,63
1,<environment.Job instance at 0x7f4300d59e60>,48,25,[5 4],49,-1,89,-1,64
1,<environment.Job instance at 0x7f4300d5c640>,56,17,[6 4],57,-1,81,-1,64
1,<environment.Job instance at 0x7f4300d5c870>,62,24,[ 3 10],63,-1,116,-1,92
1,<environment.Job instance at 0x7f4300e6c730>,4,24,[ 3 11],5,-1,29,-1,5
1,<environment.Job instance at 0x7f4300d5c140>,8,24,[ 2 10],9,-1,45,-1,21
1,<environment.Job instance at 0x7f430a39c870>,12,13,[ 2 12],13,-1,34,-1,21
1,<environment.Job instance at 0x7f4300df7f50>,14,21,[ 3 11],15,-1,43,-1,22
1,<environment.Job instance at 0x7f4300e14190>,17,18,[ 5 13],18,-1,40,-1,22
1,<environment.Job instance at 0x7f4300e14af0>,20,21,[13  5],21,-1,56,-1,35
1,<environment.Job instance at 0x7f4300e14050>,24,2,[ 3 12],25,-1,51,-1,49
1,<environment.Job instance at 0x7f4300e14a00>,27,25,[14  4],28,-1,74,-1,49
1,<environment.Job instance at 0x7f4300efaaa0>,29,24,[5 1],30,-1,89,-1,65
1,<environment.Job instance at 0x7f4300e5e640>,40,18,[ 5 13],41,-1,133,-1,115
1,<environment.Job instance at 0x7f4300e5e870>,41,3,[14  5],42,-1,118,-1,115
1,<environment.Job instance at 0x7f4300e0f230>,42,24,[ 4 14],43,-1,139,-1,115
1,<environment.Job instance at 0x7f4300e0f2d0>,45,28,[6 4],46,-1,156,-1,128
1,<environment.Job instance at 0x7f4300e0f910>,46,17,[ 5 12],47,-1,145,-1,128
1,<environment.Job instance at 0x7f4300e0f500>,48,25,[5 4],49,-1,157,-1,132
1,<environment.Job instance at 0x7f4300e0feb0>,49,23,[2 6],50,-1,155,-1,132
1,<environment.Job instance at 0x7f4300e555f0>,50,13,[12  1],51,-1,145,-1,132
1,<environment.Job instance at 0x7f4300e0fe10>,51,24,[ 1 11],52,-1,156,-1,132
1,<environment.Job instance at 0x7f4300e0fc80>,52,27,[9 1],53,-1,159,-1,132
1,<environment.Job instance at 0x7f43004ff0a0>,5,16,[ 1 11],6,-1,23,-1,7
1,<environment.Job instance at 0x7f43004ff4b0>,8,24,[8 5],9,-1,33,-1,9
1,<environment.Job instance at 0x7f43004ff870>,9,14,[3 8],10,-1,24,-1,10
1,<environment.Job instance at 0x7f43004a4730>,11,17,[3 8],12,-1,29,-1,12
1,<environment.Job instance at 0x7f43004a49b0>,12,16,[3 9],13,-1,29,-1,13
1,<environment.Job instance at 0x7f43004a4af0>,14,14,[ 4 10],15,-1,29,-1,15
1,<environment.Job instance at 0x7f43004a4050>,20,22,[11  3],21,-1,66,-1,44
1,<environment.Job instance at 0x7f43004a2550>,26,19,[ 5 14],27,-1,64,-1,45
1,<environment.Job instance at 0x7f43004a20a0>,24,21,[9 1],25,-1,67,-1,46
1,<environment.Job instance at 0x7f43004a2a00>,29,25,[3 9],30,-1,71,-1,46
1,<environment.Job instance at 0x7f43004a26e0>,27,18,[10  1],28,-1,64,-1,46
1,<environment.Job instance at 0x7f4300d62640>,1,24,[12  2],2,-1,26,-1,2
1,<environment.Job instance at 0x7f4300d62500>,2,26,[ 3 11],3,-1,29,-1,3
1,<environment.Job instance at 0x7f4300d61230>,5,16,[ 1 11],6,-1,22,-1,6
1,<environment.Job instance at 0x7f430069faa0>,7,1,[ 5 12],8,-1,9,-1,8
1,<environment.Job instance at 0x7f430054db40>,10,2,[14  2],11,-1,13,-1,11
1,<environment.Job instance at 0x7f4300558870>,13,20,[14  2],14,-1,34,-1,14
1,<environment.Job instance at 0x7f4300d620f0>,8,24,[8 5],9,-1,42,-1,18
1,<environment.Job instance at 0x7f430057a3c0>,15,2,[ 1 14],16,-1,20,-1,18
1,<environment.Job instance at 0x7f430057a370>,16,16,[12  1],17,-1,34,-1,18
1,<environment.Job instance at 0x7f430064ffa0>,17,15,[ 4 14],18,-1,33,-1,18
1,<environment.Job instance at 0x7f430057aaf0>,19,3,[ 5 11],20,-1,23,-1,20
1,<environment.Job instance at 0x7f430057c3c0>,20,22,[11  3],21,-1,43,-1,21
1,<environment.Job instance at 0x7f430057ca50>,21,18,[11  2],22,-1,40,-1,22
1,<environment.Job instance at 0x7f43005003c0>,26,19,[ 5 14],27,-1,60,-1,41
1,<environment.Job instance at 0x7f4300500280>,28,27,[9 4],29,-1,82,-1,55
1,<environment.Job instance at 0x7f4300511910>,29,25,[3 9],30,-1,84,-1,59
1,<environment.Job instance at 0x7f43005095f0>,33,23,[ 2 14],34,-1,83,-1,60
1,<environment.Job instance at 0x7f4300509190>,34,12,[ 2 11],35,-1,72,-1,60
1,<environment.Job instance at 0x7f430050de60>,38,28,[4 7],39,-1,101,-1,73
1,<environment.Job instance at 0x7f43005185a0>,39,26,[3 6],40,-1,99,-1,73
1,<environment.Job instance at 0x7f4300518500>,40,12,[11  1],41,-1,85,-1,73
1,<environment.Job instance at 0x7f4300518eb0>,41,12,[ 5 11],42,-1,85,-1,73
1,<environment.Job instance at 0x7f4300518140>,44,2,[ 1 11],45,-1,75,-1,73
1,<environment.Job instance at 0x7f430051f820>,51,21,[ 4 11],52,-1,127,-1,106
1,<environment.Job instance at 0x7f43005bc820>,52,2,[ 3 12],53,-1,108,-1,106
1,<environment.Job instance at 0x7f430051fd20>,50,23,[5 8],51,-1,131,-1,108
1,<environment.Job instance at 0x7f4300523af0>,54,28,[3 8],55,-1,136,-1,108
1,<environment.Job instance at 0x7f4300523b40>,55,24,[12  1],56,-1,132,-1,108
1,<environment.Job instance at 0x7f4300664dc0>,56,14,[11  2],57,-1,122,-1,108
1,<environment.Job instance at 0x7f4300523b90>,57,27,[5 3],58,-1,135,-1,108
1,<environment.Job instance at 0x7f4300778500>,59,17,[ 5 11],60,-1,125,-1,108
1,<environment.Job instance at 0x7f4300528a50>,61,27,[6 5],62,-1,151,-1,124
1,<environment.Job instance at 0x7f4300528aa0>,62,18,[ 2 14],63,-1,142,-1,124
1,<environment.Job instance at 0x7f430052cfa0>,63,2,[11  2],64,-1,126,-1,124
1,<environment.Job instance at 0x7f430052c3c0>,64,18,[12  2],65,-1,142,-1,124
1,<environment.Job instance at 0x7f4300766730>,66,17,[11  1],67,-1,141,-1,124
1,<environment.Job instance at 0x7f43005145f0>,67,13,[ 4 12],68,-1,137,-1,124
1,<environment.Job instance at 0x7f4300514d70>,68,17,[11  4],69,-1,141,-1,124
1,<environment.Job instance at 0x7f43003ed4b0>,1,15,[4 8],2,-1,17,-1,2
1,<environment.Job instance at 0x7f43003edeb0>,8,22,[9 3],9,-1,32,-1,10
1,<environment.Job instance at 0x7f430a505f00>,10,26,[4 7],11,-1,37,-1,11
1,<environment.Job instance at 0x7f430a3c4cd0>,19,24,[6 5],20,-1,52,-1,28
1,<environment.Job instance at 0x7f430a505500>,14,15,[10  3],15,-1,45,-1,30
1,<environment.Job instance at 0x7f43003ed550>,9,16,[ 4 13],10,-1,52,-1,36
1,<environment.Job instance at 0x7f430a3c4870>,21,25,[5 1],22,-1,61,-1,36
1,<environment.Job instance at 0x7f430a3c4af0>,23,14,[ 3 10],24,-1,50,-1,36
1,<environment.Job instance at 0x7f430a3c4dc0>,22,17,[4 8],23,-1,53,-1,36
1,<environment.Job instance at 0x7f430059ec30>,0,1,[11  3],1,-1,2,-1,1
1,<environment.Job instance at 0x7f430059e7d0>,4,16,[ 2 11],5,-1,21,-1,5
1,<environment.Job instance at 0x7f4300778500>,5,24,[8 2],6,-1,30,-1,6
1,<environment.Job instance at 0x7f430a3c4640>,9,16,[ 4 13],10,-1,26,-1,10
1,<environment.Job instance at 0x7f43003ed140>,10,26,[4 7],11,-1,43,-1,17
1,<environment.Job instance at 0x7f430a505a00>,11,25,[10  5],12,-1,42,-1,17
1,<environment.Job instance at 0x7f43003eda00>,16,20,[ 3 11],17,-1,37,-1,17
1,<environment.Job instance at 0x7f4300347370>,19,24,[6 5],20,-1,56,-1,32
1,<environment.Job instance at 0x7f43003472d0>,21,25,[5 1],22,-1,59,-1,34
1,<environment.Job instance at 0x7f4300343f00>,24,18,[ 4 13],25,-1,54,-1,36
1,<environment.Job instance at 0x7f4300343fa0>,26,15,[13  4],27,-1,63,-1,48
1,<environment.Job instance at 0x7f4300343910>,25,24,[9 3],26,-1,74,-1,50
1,<environment.Job instance at 0x7f4300343410>,28,24,[ 2 13],29,-1,74,-1,50
1,<environment.Job instance at 0x7f43003438c0>,29,3,[ 2 14],30,-1,53,-1,50
1,<environment.Job instance at 0x7f4300343780>,30,16,[ 5 13],31,-1,66,-1,50
1,<environment.Job instance at 0x7f43003439b0>,35,24,[6 1],36,-1,89,-1,65
1,<environment.Job instance at 0x7f43003bf2d0>,37,18,[13  2],38,-1,83,-1,65
1,<environment.Job instance at 0x7f43003bfe60>,38,19,[ 5 13],39,-1,84,-1,65
1,<environment.Job instance at 0x7f43003bfbe0>,39,28,[3 5],40,-1,95,-1,67
1,<environment.Job instance at 0x7f43003bfaf0>,42,26,[5 3],43,-1,93,-1,67
1,<environment.Job instance at 0x7f43003bf910>,43,18,[11  4],44,-1,85,-1,67
1,<environment.Job instance at 0x7f43003bfc30>,44,15,[ 3 11],45,-1,82,-1,67
1,<environment.Job instance at 0x7f43003bf190>,47,12,[ 3 11],48,-1,79,-1,67
1,<environment.Job instance at 0x7f43003bf7d0>,46,27,[2 8],47,-1,106,-1,79
1,<environment.Job instance at 0x7f43003bd960>,50,24,[ 5 11],51,-1,103,-1,79
1,<environment.Job instance at 0x7f43003bd820>,53,1,[ 2 11],54,-1,90,-1,89
1,<environment.Job instance at 0x7f43003bd230>,52,27,[4 6],53,-1,119,-1,92
1,<environment.Job instance at 0x7f43003bdcd0>,55,15,[13  3],56,-1,107,-1,92
1,<environment.Job instance at 0x7f43003bd280>,56,12,[14  2],57,-1,104,-1,92
1,<environment.Job instance at 0x7f43003bd3c0>,57,1,[ 2 11],58,-1,93,-1,92
1,<environment.Job instance at 0x7f43003bde60>,59,15,[12  5],60,-1,107,-1,92
1,<environment.Job instance at 0x7f43003bdb40>,60,16,[ 3 12],61,-1,108,-1,92
1,<environment.Job instance at 0x7f43003ae5f0>,61,16,[ 3 12],62,-1,108,-1,92
1,<environment.Job instance at 0x7f43003ae500>,63,27,[5 1],64,-1,119,-1,92
1,<environment.Job instance at 0x7f43003ae320>,65,26,[5 4],66,-1,132,-1,106
1,<environment.Job instance at 0x7f43003aeb40>,64,25,[10  4],65,-1,131,-1,106
1,<environment.Job instance at 0x7f43003aedc0>,68,12,[ 2 11],69,-1,118,-1,106
1,<environment.Job instance at 0x7f430038a550>,76,24,[3 6],77,-1,166,-1,142
1,<environment.Job instance at 0x7f4300ebe500>,1,16,[1 8],2,-1,20,-1,4
1,<environment.Job instance at 0x7f4301199af0>,5,14,[5 8],6,-1,20,-1,6
1,<environment.Job instance at 0x7f4301199910>,6,28,[5 2],7,-1,35,-1,7
1,<environment.Job instance at 0x7f4301199320>,9,19,[6 4],10,-1,29,-1,10
1,<environment.Job instance at 0x7f4301199780>,10,22,[5 6],11,-1,33,-1,11
1,<environment.Job instance at 0x7f4301199a50>,3,27,[ 3 14],4,-1,40,-1,13
1,<environment.Job instance at 0x7f4301199a00>,15,17,[9 1],16,-1,33,-1,16
1,<environment.Job instance at 0x7f4301199b40>,16,14,[ 2 10],17,-1,31,-1,17
1,<environment.Job instance at 0x7f4301199730>,17,17,[7 4],18,-1,35,-1,18
1,<environment.Job instance at 0x7f4301199b90>,18,2,[7 2],19,-1,21,-1,19
1,<environment.Job instance at 0x7f43011991e0>,19,15,[ 5 10],20,-1,35,-1,20
1,<environment.Job instance at 0x7f43014722d0>,0,12,[ 2 12],1,-1,13,-1,1
1,<environment.Job instance at 0x7f43006d7d20>,2,1,[ 2 11],3,-1,4,-1,3
1,<environment.Job instance at 0x7f430146fd70>,3,27,[ 3 14],4,-1,31,-1,4
1,<environment.Job instance at 0x7f43015298c0>,6,28,[5 2],7,-1,35,-1,7
1,<environment.Job instance at 0x7f43004a55a0>,7,28,[13  5],8,-1,36,-1,8
1,<environment.Job instance at 0x7f43003bf910>,21,25,[7 3],22,-1,73,-1,48
1,<environment.Job instance at 0x7f43003bfb90>,23,27,[ 5 13],24,-1,75,-1,48
1,<environment.Job instance at 0x7f43003bfb40>,24,13,[14  5],25,-1,61,-1,48
1,<environment.Job instance at 0x7f43003bfa00>,25,12,[ 4 13],26,-1,60,-1,48
1,<environment.Job instance at 0x7f43003bf690>,27,14,[ 3 12],28,-1,62,-1,48
1,<environment.Job instance at 0x7f43003bf870>,28,23,[7 3],29,-1,71,-1,48
1,<environment.Job instance at 0x7f43003bfaa0>,29,27,[5 8],30,-1,75,-1,48
1,<environment.Job instance at 0x7f43003430f0>,34,24,[4 8],35,-1,85,-1,61
1,<environment.Job instance at 0x7f4300343be0>,35,26,[14  5],36,-1,87,-1,61
1,<environment.Job instance at 0x7f4300343aa0>,33,23,[10  3],34,-1,89,-1,66
1,<environment.Job instance at 0x7f43003433c0>,42,28,[12  4],43,-1,99,-1,71
1,<environment.Job instance at 0x7f43003472d0>,43,1,[11  1],44,-1,72,-1,71
1,<environment.Job instance at 0x7f4300e10a50>,47,28,[7 5],48,-1,117,-1,89
1,<environment.Job instance at 0x7f43003bdb90>,53,24,[1 9],54,-1,150,-1,126
1,<environment.Job instance at 0x7f43003bdd70>,54,25,[ 3 10],55,-1,151,-1,126
1,<environment.Job instance at 0x7f43003bdd20>,57,2,[13  5],58,-1,128,-1,126
1,<environment.Job instance at 0x7f43003bdf00>,59,18,[11  5],60,-1,144,-1,126
1,<environment.Job instance at 0x7f43003bd4b0>,60,28,[7 2],61,-1,161,-1,133
1,<environment.Job instance at 0x7f43003bdc80>,62,25,[5 7],63,-1,166,-1,141
1,<environment.Job instance at 0x7f4300bab410>,0,17,[2 7],1,-1,18,-1,1
1,<environment.Job instance at 0x7f430071b370>,11,24,[ 4 10],12,-1,36,-1,12
1,<environment.Job instance at 0x7f43014940a0>,2,18,[14  1],3,-1,21,-1,3
1,<environment.Job instance at 0x7f4300ec99b0>,3,24,[9 2],4,-1,28,-1,4
1,<environment.Job instance at 0x7f4300df20f0>,5,15,[ 5 11],6,-1,21,-1,6
1,<environment.Job instance at 0x7f4300df2320>,8,16,[ 3 12],9,-1,25,-1,9
1,<environment.Job instance at 0x7f4300df2190>,9,12,[ 3 12],10,-1,22,-1,10
1,<environment.Job instance at 0x7f4300df2be0>,10,13,[ 3 12],11,-1,24,-1,11
1,<environment.Job instance at 0x7f4300df2fa0>,12,25,[11  2],13,-1,38,-1,13
1,<environment.Job instance at 0x7f43013182d0>,13,1,[ 1 14],14,-1,15,-1,14
1,<environment.Job instance at 0x7f4300df2050>,6,27,[2 7],7,-1,44,-1,17
1,<environment.Job instance at 0x7f4301318550>,11,24,[ 4 10],12,-1,42,-1,18
1,<environment.Job instance at 0x7f4300daa5f0>,19,14,[ 2 11],20,-1,34,-1,20
1,<environment.Job instance at 0x7f4300d83d20>,33,13,[12  5],34,-1,90,-1,77
1,<environment.Job instance at 0x7f4300e62f50>,37,28,[10  3],38,-1,121,-1,93
1,<environment.Job instance at 0x7f4300e626e0>,41,16,[12  2],42,-1,121,-1,105
1,<environment.Job instance at 0x7f4300e621e0>,42,15,[ 5 12],43,-1,120,-1,105
1,<environment.Job instance at 0x7f43019a9d70>,44,2,[13  3],45,-1,107,-1,105
1,<environment.Job instance at 0x7f4300dd3780>,46,15,[13  3],47,-1,134,-1,119
1,<environment.Job instance at 0x7f4300e39140>,51,23,[6 5],52,-1,157,-1,134
1,<environment.Job instance at 0x7f430118af50>,53,2,[ 5 13],54,-1,136,-1,134
1,<environment.Job instance at 0x7f430118a960>,54,27,[4 6],55,-1,162,-1,135
1,<environment.Job instance at 0x7f43011f60f0>,58,22,[ 3 12],59,-1,171,-1,149
1,<environment.Job instance at 0x7f43007293c0>,0,14,[ 1 13],1,-1,15,-1,1
1,<environment.Job instance at 0x7f4301529eb0>,1,23,[9 4],2,-1,25,-1,2
1,<environment.Job instance at 0x7f43003bf050>,2,28,[8 5],3,-1,31,-1,3
1,<environment.Job instance at 0x7f43003bf9b0>,4,23,[8 4],5,-1,28,-1,5
1,<environment.Job instance at 0x7f4300343a00>,12,12,[11  5],13,-1,31,-1,19
1,<environment.Job instance at 0x7f4300343870>,15,25,[12  1],16,-1,44,-1,19
1,<environment.Job instance at 0x7f4300343eb0>,18,19,[ 4 11],19,-1,51,-1,32
1,<environment.Job instance at 0x7f43003434b0>,19,24,[9 5],20,-1,66,-1,42
1,<environment.Job instance at 0x7f43003bd500>,26,14,[ 4 12],27,-1,86,-1,72
1,<environment.Job instance at 0x7f430154ceb0>,28,27,[ 2 11],29,-1,99,-1,72
1,<environment.Job instance at 0x7f43003bd870>,31,17,[ 5 11],32,-1,94,-1,77
1,<environment.Job instance at 0x7f43018b0fa0>,32,16,[12  1],33,-1,93,-1,77
1,<environment.Job instance at 0x7f43003bd550>,33,26,[9 2],34,-1,103,-1,77
1,<environment.Job instance at 0x7f4300f475a0>,35,20,[ 1 13],36,-1,97,-1,77
1,<environment.Job instance at 0x7f4300f37b90>,39,23,[ 3 10],40,-1,128,-1,105
1,<environment.Job instance at 0x7f43011f7460>,41,25,[1 6],42,-1,130,-1,105
1,<environment.Job instance at 0x7f4300982460>,43,24,[1 9],44,-1,145,-1,121
1,<environment.Job instance at 0x7f4300b61d70>,48,26,[13  1],49,-1,159,-1,133
1,<environment.Job instance at 0x7f430181a190>,51,19,[ 5 13],52,-1,155,-1,136
1,<environment.Job instance at 0x7f4300c6e780>,8,14,[10  2],9,-1,25,-1,11
1,<environment.Job instance at 0x7f43009167d0>,9,24,[5 8],10,-1,35,-1,11
1,<environment.Job instance at 0x7f4300c79550>,14,21,[4 9],15,-1,38,-1,17
1,<environment.Job instance at 0x7f4300c791e0>,16,21,[ 4 11],17,-1,38,-1,17
1,<environment.Job instance at 0x7f4300b04190>,18,23,[8 4],19,-1,42,-1,19
1,<environment.Job instance at 0x7f4300c4e140>,24,24,[6 2],25,-1,108,-1,84
1,<environment.Job instance at 0x7f430074abe0>,26,25,[8 3],27,-1,110,-1,85
1,<environment.Job instance at 0x7f43019082d0>,30,16,[1 7],31,-1,101,-1,85
1,<environment.Job instance at 0x7f430187ffa0>,32,18,[2 7],33,-1,103,-1,85
1,<environment.Job instance at 0x7f4300c4e460>,28,16,[10  5],29,-1,102,-1,86
1,<environment.Job instance at 0x7f4309f2d7d0>,34,20,[ 5 13],35,-1,106,-1,86
1,<environment.Job instance at 0x7f4300c79410>,15,21,[ 5 14],16,-1,107,-1,86
1,<environment.Job instance at 0x7f4300776820>,38,27,[6 4],39,-1,113,-1,86
1,<environment.Job instance at 0x7f4300776a00>,37,13,[8 2],38,-1,102,-1,89
1,<environment.Job instance at 0x7f430187a910>,41,28,[8 5],42,-1,117,-1,89
1,<environment.Job instance at 0x7f43007638c0>,40,23,[5 5],41,-1,112,-1,89
1,<environment.Job instance at 0x7f4300c717d0>,43,13,[1 8],44,-1,102,-1,89
1,<environment.Job instance at 0x7f4309f2ccd0>,44,23,[10  2],45,-1,112,-1,89
1,<environment.Job instance at 0x7f4309f2c550>,45,21,[10  3],46,-1,110,-1,89
1,<environment.Job instance at 0x7f43019033c0>,46,17,[14  1],47,-1,106,-1,89
1,<environment.Job instance at 0x7f430187f280>,33,15,[4 7],34,-1,104,-1,89
1,<environment.Job instance at 0x7f4301903820>,48,19,[2 9],49,-1,108,-1,89
1,<environment.Job instance at 0x7f430192ffa0>,50,20,[ 1 10],51,-1,109,-1,89
1,<environment.Job instance at 0x7f4301903870>,47,15,[ 1 12],48,-1,104,-1,89
1,<environment.Job instance at 0x7f4300776d70>,36,16,[9 4],37,-1,106,-1,90
1,<environment.Job instance at 0x7f4309f26e60>,39,25,[6 1],40,-1,115,-1,90
1,<environment.Job instance at 0x7f430192f6e0>,52,25,[5 3],53,-1,115,-1,90
1,<environment.Job instance at 0x7f43019223c0>,55,14,[ 4 10],56,-1,104,-1,90
1,<environment.Job instance at 0x7f43018b3af0>,51,18,[2 7],52,-1,108,-1,90
1,<environment.Job instance at 0x7f430078f7d0>,0,18,[ 3 14],1,-1,19,-1,1
1,<environment.Job instance at 0x7f43007d9140>,2,1,[ 1 14],3,-1,4,-1,3
1,<environment.Job instance at 0x7f430078fe60>,3,26,[3 8],4,-1,30,-1,4
1,<environment.Job instance at 0x7f43007beaa0>,6,1,[12  4],7,-1,8,-1,7
1,<environment.Job instance at 0x7f43011991e0>,7,24,[1 6],8,-1,32,-1,8
1,<environment.Job instance at 0x7f430078f280>,9,24,[5 8],10,-1,34,-1,10
1,<environment.Job instance at 0x7f43012abf50>,15,21,[ 5 14],16,-1,39,-1,18
1,<environment.Job instance at 0x7f43012abc80>,16,21,[ 4 11],17,-1,39,-1,18
1,<environment.Job instance at 0x7f43012ab2d0>,18,23,[8 4],19,-1,54,-1,31
1,<environment.Job instance at 0x7f43007d9730>,4,26,[10  5],5,-1,60,-1,34
1,<environment.Job instance at 0x7f43002f0af0>,24,24,[6 2],25,-1,72,-1,48
1,<environment.Job instance at 0x7f4300739320>,26,25,[8 3],27,-1,73,-1,48
1,<environment.Job instance at 0x7f43007390f0>,27,15,[11  1],28,-1,63,-1,48
1,<environment.Job instance at 0x7f43002eb960>,34,20,[ 5 13],35,-1,84,-1,64
1,<environment.Job instance at 0x7f43017b5e10>,38,27,[6 4],39,-1,118,-1,91
1,<environment.Job instance at 0x7f4300f607d0>,39,25,[6 1],40,-1,116,-1,91
1,<environment.Job instance at 0x7f4300f60370>,40,23,[5 5],41,-1,114,-1,91
1,<environment.Job instance at 0x7f43002f4500>,41,28,[8 5],42,-1,119,-1,91
1,<environment.Job instance at 0x7f43002f41e0>,42,12,[13  5],43,-1,103,-1,91
1,<environment.Job instance at 0x7f4301740e10>,46,17,[14  1],47,-1,121,-1,104
1,<environment.Job instance at 0x7f4300e77230>,47,15,[ 1 12],48,-1,119,-1,104
1,<environment.Job instance at 0x7f4301517f00>,44,23,[10  2],45,-1,127,-1,104
1,<environment.Job instance at 0x7f430181a190>,52,25,[5 3],53,-1,133,-1,108
1,<environment.Job instance at 0x7f43011f7460>,57,27,[ 2 10],58,-1,151,-1,124
1,<environment.Job instance at 0x7f4300f475a0>,58,16,[ 1 12],59,-1,140,-1,124
1,<environment.Job instance at 0x7f43009a88c0>,59,15,[13  4],60,-1,139,-1,124
1,<environment.Job instance at 0x7f43009a8cd0>,60,2,[ 1 13],61,-1,126,-1,124
1,<environment.Job instance at 0x7f4300d8aa50>,62,28,[ 2 14],63,-1,152,-1,124
1,<environment.Job instance at 0x7f43007ec230>,63,28,[5 1],64,-1,165,-1,137
1,<environment.Job instance at 0x7f43003bd780>,66,21,[ 1 11],67,-1,160,-1,139
1,<environment.Job instance at 0x7f430a50e370>,3,13,[10  4],4,-1,18,-1,5
1,<environment.Job instance at 0x7f4300480eb0>,4,15,[8 4],5,-1,20,-1,5
1,<environment.Job instance at 0x7f43002cfcd0>,0,18,[11  3],1,-1,19,-1,1
1,<environment.Job instance at 0x7f43004d5780>,5,24,[11  3],6,-1,30,-1,6
1,<environment.Job instance at 0x7f4301849e60>,6,15,[ 5 12],7,-1,22,-1,7
1,<environment.Job instance at 0x7f43018cec30>,7,26,[ 1 12],8,-1,34,-1,8
1,<environment.Job instance at 0x7f4300b21280>,10,27,[ 3 12],11,-1,38,-1,11
1,<environment.Job instance at 0x7f4300b21af0>,9,25,[1 8],10,-1,39,-1,14
1,<environment.Job instance at 0x7f43007b6280>,12,2,[12  4],13,-1,16,-1,14
1,<environment.Job instance at 0x7f430075c640>,14,28,[11  4],15,-1,43,-1,15
1,<environment.Job instance at 0x7f430117e190>,15,26,[5 7],16,-1,42,-1,16
1,<environment.Job instance at 0x7f4301031aa0>,17,16,[11  2],18,-1,34,-1,18
1,<environment.Job instance at 0x7f43003430f0>,19,13,[13  2],20,-1,33,-1,20
1,<environment.Job instance at 0x7f4300e4fd70>,21,15,[ 5 12],22,-1,37,-1,22
1,<environment.Job instance at 0x7f4301740e10>,32,15,[12  2],33,-1,69,-1,54
1,<environment.Job instance at 0x7f4300e77960>,36,15,[ 3 13],37,-1,82,-1,67
1,<environment.Job instance at 0x7f43017971e0>,40,13,[ 5 11],41,-1,95,-1,82
1,<environment.Job instance at 0x7f4300f60e60>,39,28,[9 4],40,-1,131,-1,103
1,<environment.Job instance at 0x7f43011991e0>,42,24,[8 4],43,-1,127,-1,103
1,<environment.Job instance at 0x7f43004800a0>,48,26,[6 1],49,-1,145,-1,119
1,<environment.Job instance at 0x7f4300480460>,49,3,[ 5 14],50,-1,122,-1,119
1,<environment.Job instance at 0x7f43019438c0>,50,3,[14  4],51,-1,122,-1,119
1,<environment.Job instance at 0x7f43001b35a0>,1,15,[9 2],2,-1,18,-1,3
1,<environment.Job instance at 0x7f43001b30a0>,2,19,[11  3],3,-1,22,-1,3
1,<environment.Job instance at 0x7f43000e1be0>,9,26,[13  5],10,-1,50,-1,24
1,<environment.Job instance at 0x7f43000e13c0>,16,16,[ 5 11],17,-1,58,-1,42
1,<environment.Job instance at 0x7f43000e1a50>,17,16,[11  4],18,-1,58,-1,42
1,<environment.Job instance at 0x7f43000e1410>,10,25,[13  3],11,-1,67,-1,42
1,<environment.Job instance at 0x7f43000e1b40>,12,13,[ 3 12],13,-1,63,-1,50
1,<environment.Job instance at 0x7f43001970f0>,20,19,[ 5 13],21,-1,79,-1,60
1,<environment.Job instance at 0x7f43000e1730>,11,22,[ 5 10],12,-1,86,-1,64
1,<environment.Job instance at 0x7f43001972d0>,21,24,[2 5],22,-1,88,-1,64
1,<environment.Job instance at 0x7f43000e1780>,6,26,[1 9],7,-1,90,-1,64
1,<environment.Job instance at 0x7f43000e15f0>,5,18,[12  4],6,-1,82,-1,64
1,<environment.Job instance at 0x7f43000e12d0>,18,24,[3 5],19,-1,88,-1,64
1,<environment.Job instance at 0x7f4300197870>,24,17,[9 2],25,-1,89,-1,72
1,<environment.Job instance at 0x7f43001975f0>,26,26,[9 2],27,-1,98,-1,72
1,<environment.Job instance at 0x7f4300197c80>,29,28,[2 7],30,-1,100,-1,72
1,<environment.Job instance at 0x7f4300197280>,30,18,[8 1],31,-1,90,-1,72
1,<environment.Job instance at 0x7f4300197820>,32,17,[ 3 13],33,-1,89,-1,72
1,<environment.Job instance at 0x7f4300197500>,33,28,[3 7],34,-1,100,-1,72
1,<environment.Job instance at 0x7f43001978c0>,34,20,[11  2],35,-1,92,-1,72
1,<environment.Job instance at 0x7f4300197460>,35,19,[2 6],36,-1,91,-1,72
1,<environment.Job instance at 0x7f4300197780>,25,26,[ 3 12],26,-1,110,-1,84
1,<environment.Job instance at 0x7f43001974b0>,36,18,[3 5],37,-1,102,-1,84
1,<environment.Job instance at 0x7f43001979b0>,37,14,[ 4 10],38,-1,98,-1,84
1,<environment.Job instance at 0x7f4300197230>,40,16,[9 2],41,-1,100,-1,84
1,<environment.Job instance at 0x7f43001562d0>,42,21,[5 1],43,-1,105,-1,84
1,<environment.Job instance at 0x7f4300156410>,45,27,[6 1],46,-1,111,-1,84
1,<environment.Job instance at 0x7f4300156280>,46,12,[1 9],47,-1,96,-1,84
1,<environment.Job instance at 0x7f4300156af0>,47,22,[1 7],48,-1,106,-1,84
1,<environment.Job instance at 0x7f4300156960>,48,23,[2 6],49,-1,107,-1,84
1,<environment.Job instance at 0x7f4300156b90>,49,16,[9 4],50,-1,100,-1,84
1,<environment.Job instance at 0x7f43001569b0>,50,20,[8 1],51,-1,104,-1,84
1,<environment.Job instance at 0x7f4300156aa0>,52,16,[6 5],53,-1,100,-1,84
1,<environment.Job instance at 0x7f4300156f50>,54,17,[10  4],55,-1,101,-1,84
1,<environment.Job instance at 0x7f4300156460>,55,21,[ 1 10],56,-1,105,-1,84
1,<environment.Job instance at 0x7f4300156780>,56,18,[7 4],57,-1,102,-1,84
1,<environment.Job instance at 0x7f4300197d70>,41,21,[9 4],42,-1,105,-1,84
1,<environment.Job instance at 0x7f4300156c30>,57,19,[3 8],58,-1,103,-1,84
1,<environment.Job instance at 0x7f43011bfaf0>,0,3,[ 2 14],1,-1,4,-1,1
1,<environment.Job instance at 0x7f43011bf5f0>,2,19,[11  3],3,-1,22,-1,3
1,<environment.Job instance at 0x7f43011bfe10>,3,18,[ 5 11],4,-1,22,-1,4
1,<environment.Job instance at 0x7f43011bf730>,4,21,[12  1],5,-1,26,-1,5
1,<environment.Job instance at 0x7f43011bf960>,5,18,[12  4],6,-1,24,-1,6
1,<environment.Job instance at 0x7f4301943780>,6,26,[1 9],7,-1,33,-1,7
1,<environment.Job instance at 0x7f4301943c80>,9,26,[13  5],10,-1,36,-1,10
1,<environment.Job instance at 0x7f43019433c0>,10,25,[13  3],11,-1,36,-1,11
1,<environment.Job instance at 0x7f4301943500>,12,13,[ 3 12],13,-1,26,-1,13
1,<environment.Job instance at 0x7f43019430f0>,15,13,[12  1],16,-1,29,-1,16
1,<environment.Job instance at 0x7f430a50efa0>,16,16,[ 5 11],17,-1,33,-1,17
1,<environment.Job instance at 0x7f4300d6cbe0>,17,16,[11  4],18,-1,34,-1,18
1,<environment.Job instance at 0x7f4301849140>,18,24,[3 5],19,-1,44,-1,20
1,<environment.Job instance at 0x7f43013f8c80>,20,19,[ 5 13],21,-1,40,-1,21
1,<environment.Job instance at 0x7f4300349dc0>,21,24,[2 5],22,-1,57,-1,33
1,<environment.Job instance at 0x7f4300359050>,25,26,[ 3 12],26,-1,60,-1,34
1,<environment.Job instance at 0x7f4300359e60>,28,16,[13  4],29,-1,52,-1,36
1,<environment.Job instance at 0x7f4300359870>,29,28,[2 7],30,-1,65,-1,37
1,<environment.Job instance at 0x7f43003596e0>,26,26,[9 2],27,-1,72,-1,46
1,<environment.Job instance at 0x7f430066a820>,32,17,[ 3 13],33,-1,63,-1,46
1,<environment.Job instance at 0x7f4300658fa0>,34,20,[11  2],35,-1,66,-1,46
1,<environment.Job instance at 0x7f4300658280>,33,28,[3 7],34,-1,77,-1,49
1,<environment.Job instance at 0x7f4300371050>,39,14,[ 5 13],40,-1,75,-1,61
1,<environment.Job instance at 0x7f43003640f0>,44,20,[11  4],45,-1,98,-1,78
1,<environment.Job instance at 0x7f4300364e10>,45,27,[6 1],46,-1,105,-1,78
1,<environment.Job instance at 0x7f43013faa50>,48,23,[2 6],49,-1,101,-1,78
1,<environment.Job instance at 0x7f43013fadc0>,51,27,[10  1],52,-1,107,-1,80
1,<environment.Job instance at 0x7f43003ff320>,59,25,[8 5],60,-1,157,-1,132
1,<environment.Job instance at 0x7f43003ff370>,60,2,[14  3],61,-1,134,-1,132
1,<environment.Job instance at 0x7f43003fff00>,61,24,[13  5],62,-1,156,-1,132
1,<environment.Job instance at 0x7f43013dc230>,1,18,[ 5 10],2,-1,20,-1,2
1,<environment.Job instance at 0x7f43013dc870>,2,18,[10  2],3,-1,22,-1,4
1,<environment.Job instance at 0x7f43013dc5f0>,4,23,[10  1],5,-1,28,-1,5
1,<environment.Job instance at 0x7f43013dca00>,5,22,[8 1],6,-1,28,-1,6
1,<environment.Job instance at 0x7f43013dca50>,10,23,[ 5 10],11,-1,36,-1,13
1,<environment.Job instance at 0x7f43013dc5a0>,8,27,[3 9],9,-1,48,-1,21
1,<environment.Job instance at 0x7f43013dc9b0>,15,13,[10  3],16,-1,35,-1,22
1,<environment.Job instance at 0x7f43013dceb0>,17,16,[11  4],18,-1,38,-1,22
1,<environment.Job instance at 0x7f43013dcd70>,3,13,[ 2 14],4,-1,35,-1,22
1,<environment.Job instance at 0x7f4300f44960>,18,14,[1 7],19,-1,36,-1,22
1,<environment.Job instance at 0x7f4300f44af0>,21,16,[13  2],22,-1,38,-1,22
1,<environment.Job instance at 0x7f4300f44550>,20,18,[1 9],21,-1,40,-1,22
1,<environment.Job instance at 0x7f4300f44c80>,25,18,[10  5],26,-1,45,-1,27
1,<environment.Job instance at 0x7f4300f445f0>,26,26,[13  3],27,-1,66,-1,40
1,<environment.Job instance at 0x7f4300f44d70>,28,18,[5 6],29,-1,58,-1,40
1,<environment.Job instance at 0x7f4300f447d0>,34,20,[3 8],35,-1,92,-1,72
1,<environment.Job instance at 0x7f4300f44050>,29,27,[7 3],30,-1,99,-1,72
1,<environment.Job instance at 0x7f4300f44690>,38,3,[6 4],39,-1,75,-1,72
1,<environment.Job instance at 0x7f43008e3500>,40,21,[1 8],41,-1,93,-1,72
1,<environment.Job instance at 0x7f43008e3410>,39,13,[ 1 12],40,-1,86,-1,73
1,<environment.Job instance at 0x7f4300f44370>,30,15,[ 4 10],31,-1,88,-1,73
1,<environment.Job instance at 0x7f43008e38c0>,46,24,[ 2 12],47,-1,126,-1,102
1,<environment.Job instance at 0x7f43008e3aa0>,51,15,[3 8],52,-1,118,-1,103
1,<environment.Job instance at 0x7f43008e3910>,45,18,[1 9],46,-1,122,-1,104
1,<environment.Job instance at 0x7f43008e3690>,55,22,[8 3],56,-1,150,-1,128
1,<environment.Job instance at 0x7f4301700190>,3,13,[ 2 14],4,-1,17,-1,4
1,<environment.Job instance at 0x7f43003d95a0>,6,14,[14  4],7,-1,21,-1,7
1,<environment.Job instance at 0x7f43013fadc0>,7,13,[ 5 14],8,-1,21,-1,8
1,<environment.Job instance at 0x7f43013faa50>,8,27,[3 9],9,-1,43,-1,16
1,<environment.Job instance at 0x7f43013fa730>,10,23,[ 5 10],11,-1,39,-1,16
1,<environment.Job instance at 0x7f430066ac30>,11,17,[ 1 11],12,-1,33,-1,16
1,<environment.Job instance at 0x7f430146f640>,9,28,[3 8],10,-1,44,-1,16
1,<environment.Job instance at 0x7f430a50e730>,13,1,[ 4 13],14,-1,17,-1,16
1,<environment.Job instance at 0x7f430a50efa0>,14,3,[ 5 13],15,-1,19,-1,16
1,<environment.Job instance at 0x7f43013fa9b0>,16,1,[ 1 14],17,-1,18,-1,17
1,<environment.Job instance at 0x7f4300c70be0>,17,16,[11  4],18,-1,34,-1,18
1,<environment.Job instance at 0x7f430064ea00>,4,23,[10  1],5,-1,44,-1,21
1,<environment.Job instance at 0x7f4300310f50>,21,16,[13  2],22,-1,38,-1,22
1,<environment.Job instance at 0x7f43003103c0>,22,14,[ 2 13],23,-1,37,-1,23
1,<environment.Job instance at 0x7f43003100f0>,23,18,[13  1],24,-1,42,-1,24
1,<environment.Job instance at 0x7f43003104b0>,24,21,[ 2 12],25,-1,46,-1,25
1,<environment.Job instance at 0x7f4300310460>,26,26,[13  3],27,-1,54,-1,28
1,<environment.Job instance at 0x7f4300310690>,27,24,[12  5],28,-1,52,-1,28
1,<environment.Job instance at 0x7f4300322b90>,29,27,[7 3],30,-1,82,-1,55
1,<environment.Job instance at 0x7f430a1192d0>,33,21,[11  1],34,-1,80,-1,59
1,<environment.Job instance at 0x7f4300b27730>,35,18,[11  1],36,-1,77,-1,59
1,<environment.Job instance at 0x7f430037cd20>,39,13,[ 1 12],40,-1,90,-1,77
1,<environment.Job instance at 0x7f43018ef2d0>,46,24,[ 2 12],47,-1,116,-1,92
1,<environment.Job instance at 0x7f430a5e86e0>,52,25,[3 6],53,-1,150,-1,125
1,<environment.Job instance at 0x7f4300500be0>,54,16,[ 5 12],55,-1,141,-1,125
1,<environment.Job instance at 0x7f430065cd20>,57,12,[11  4],58,-1,150,-1,138
1,<environment.Job instance at 0x7f43005c2230>,2,22,[3 6],3,-1,25,-1,3
1,<environment.Job instance at 0x7f43016396e0>,3,13,[9 3],4,-1,18,-1,5
1,<environment.Job instance at 0x7f4300855cd0>,5,15,[7 3],6,-1,21,-1,6
1,<environment.Job instance at 0x7f43008553c0>,6,20,[11  5],7,-1,27,-1,7
1,<environment.Job instance at 0x7f4300855f00>,7,16,[12  3],8,-1,24,-1,8
1,<environment.Job instance at 0x7f4300855d70>,9,19,[7 3],10,-1,29,-1,10
1,<environment.Job instance at 0x7f4300855a00>,10,27,[ 1 10],11,-1,39,-1,12
1,<environment.Job instance at 0x7f4300855870>,12,25,[ 5 11],13,-1,39,-1,14
1,<environment.Job instance at 0x7f4300855910>,14,1,[1 7],15,-1,16,-1,15
1,<environment.Job instance at 0x7f4300855410>,15,20,[5 1],16,-1,36,-1,16
1,<environment.Job instance at 0x7f4300855730>,16,28,[6 3],17,-1,45,-1,17
1,<environment.Job instance at 0x7f43008558c0>,17,13,[4 8],18,-1,31,-1,18
1,<environment.Job instance at 0x7f4300855aa0>,18,12,[2 5],19,-1,31,-1,19
1,<environment.Job instance at 0x7f4300855e10>,19,19,[ 3 12],20,-1,39,-1,20
1,<environment.Job instance at 0x7f4300855550>,20,23,[4 5],21,-1,44,-1,21
1,<environment.Job instance at 0x7f4300855780>,21,17,[8 5],22,-1,39,-1,22
1,<environment.Job instance at 0x7f43005c28c0>,4,17,[ 4 12],5,-1,39,-1,22
1,<environment.Job instance at 0x7f4300855460>,24,17,[12  5],25,-1,42,-1,25
1,<environment.Job instance at 0x7f43008555a0>,31,2,[4 9],32,-1,34,-1,32
1,<environment.Job instance at 0x7f430118e140>,30,15,[ 4 10],31,-1,47,-1,32
1,<environment.Job instance at 0x7f430118ea50>,33,18,[ 2 10],34,-1,52,-1,34
1,<environment.Job instance at 0x7f430118e5f0>,36,19,[ 5 10],37,-1,65,-1,46
1,<environment.Job instance at 0x7f430118e410>,32,28,[1 7],33,-1,79,-1,51
1,<environment.Job instance at 0x7f430186caa0>,42,13,[8 3],43,-1,65,-1,52
1,<environment.Job instance at 0x7f43011abb40>,46,26,[5 4],47,-1,78,-1,52
1,<environment.Job instance at 0x7f430186c730>,45,17,[13  3],46,-1,69,-1,52
1,<environment.Job instance at 0x7f43011ab0a0>,48,13,[ 2 12],49,-1,92,-1,79
1,<environment.Job instance at 0x7f43011ab6e0>,50,21,[1 7],51,-1,100,-1,79
1,<environment.Job instance at 0x7f430186c960>,47,18,[ 1 11],48,-1,100,-1,82
1,<environment.Job instance at 0x7f430079f690>,56,26,[8 5],57,-1,111,-1,85
1,<environment.Job instance at 0x7f430079fa00>,55,25,[5 5],56,-1,110,-1,85
1,<environment.Job instance at 0x7f430079f370>,58,20,[ 1 10],59,-1,105,-1,85
1,<environment.Job instance at 0x7f430079fbe0>,54,26,[8 5],55,-1,111,-1,85
1,<environment.Job instance at 0x7f4300ac60f0>,60,22,[4 9],61,-1,107,-1,85
1,<environment.Job instance at 0x7f4300ac6960>,62,14,[9 2],63,-1,99,-1,85
1,<environment.Job instance at 0x7f4300ac6690>,64,15,[ 3 11],65,-1,100,-1,85
1,<environment.Job instance at 0x7f4300ac6280>,65,20,[ 4 12],66,-1,105,-1,85
1,<environment.Job instance at 0x7f4300ac6460>,61,23,[2 9],62,-1,108,-1,85
1,<environment.Job instance at 0x7f4300ac6780>,67,17,[ 3 14],68,-1,102,-1,85
1,<environment.Job instance at 0x7f4300ac65a0>,66,28,[5 8],67,-1,114,-1,86
1,<environment.Job instance at 0x7f4300ac6e60>,69,15,[3 8],70,-1,102,-1,87
1,<environment.Job instance at 0x7f4300ac6190>,63,14,[7 2],64,-1,102,-1,88
1,<environment.Job instance at 0x7f4300ac68c0>,71,22,[ 1 10],72,-1,111,-1,89
1,<environment.Job instance at 0x7f4300ac6be0>,68,27,[ 3 10],69,-1,116,-1,89
1,<environment.Job instance at 0x7f4300ac6f00>,73,18,[10  4],74,-1,109,-1,91
1,<environment.Job instance at 0x7f4300ac6c30>,70,14,[4 9],71,-1,105,-1,91
1,<environment.Job instance at 0x7f4301226320>,4,17,[ 4 12],5,-1,22,-1,5
1,<environment.Job instance at 0x7f4300349fa0>,6,20,[11  5],7,-1,27,-1,7
1,<environment.Job instance at 0x7f43003490f0>,7,16,[12  3],8,-1,24,-1,8
1,<environment.Job instance at 0x7f4300349370>,11,3,[ 1 11],12,-1,15,-1,12
1,<environment.Job instance at 0x7f43017c00f0>,12,25,[ 5 11],13,-1,38,-1,13
1,<environment.Job instance at 0x7f4300349a50>,16,28,[6 3],17,-1,50,-1,22
1,<environment.Job instance at 0x7f4300349820>,10,27,[ 1 10],11,-1,52,-1,25
1,<environment.Job instance at 0x7f43005de7d0>,19,19,[ 3 12],20,-1,44,-1,25
1,<environment.Job instance at 0x7f4300363c30>,20,23,[4 5],21,-1,48,-1,25
1,<environment.Job instance at 0x7f4300782640>,23,22,[ 2 12],24,-1,47,-1,25
1,<environment.Job instance at 0x7f4300782cd0>,24,17,[12  5],25,-1,42,-1,25
1,<environment.Job instance at 0x7f430087a820>,25,28,[11  4],26,-1,54,-1,26
1,<environment.Job instance at 0x7f4300378960>,27,12,[ 4 14],28,-1,40,-1,28
1,<environment.Job instance at 0x7f4300378460>,32,28,[1 7],33,-1,78,-1,50
1,<environment.Job instance at 0x7f430141f8c0>,34,18,[13  2],35,-1,68,-1,50
1,<environment.Job instance at 0x7f430141fb90>,39,27,[8 5],40,-1,84,-1,57
1,<environment.Job instance at 0x7f43003dfa50>,41,25,[ 1 12],42,-1,82,-1,57
1,<environment.Job instance at 0x7f43003df050>,43,1,[ 2 13],44,-1,70,-1,69
1,<environment.Job instance at 0x7f4301849be0>,45,17,[13  3],46,-1,87,-1,70
1,<environment.Job instance at 0x7f430a1220a0>,46,26,[5 4],47,-1,96,-1,70
1,<environment.Job instance at 0x7f4301005f50>,47,18,[ 1 11],48,-1,88,-1,70
1,<environment.Job instance at 0x7f430065ccd0>,48,13,[ 2 12],49,-1,83,-1,70
1,<environment.Job instance at 0x7f43115061e0>,54,26,[8 5],55,-1,122,-1,96
1,<environment.Job instance at 0x7f4309f09a50>,55,25,[5 5],56,-1,121,-1,96
1,<environment.Job instance at 0x7f4309f09870>,56,26,[8 5],57,-1,122,-1,96
1,<environment.Job instance at 0x7f430037ca50>,59,3,[ 2 13],60,-1,103,-1,100
1,<environment.Job instance at 0x7f430037ceb0>,61,23,[2 9],62,-1,142,-1,119
1,<environment.Job instance at 0x7f43007cd230>,64,15,[ 3 11],65,-1,134,-1,119
1,<environment.Job instance at 0x7f430037cdc0>,65,20,[ 4 12],66,-1,139,-1,119
1,<environment.Job instance at 0x7f430a1190f0>,66,28,[5 8],67,-1,158,-1,130
1,<environment.Job instance at 0x7f430a119640>,67,17,[ 3 14],68,-1,147,-1,130
1,<environment.Job instance at 0x7f430037c320>,68,27,[ 3 10],69,-1,157,-1,130
1,<environment.Job instance at 0x7f4300863a00>,72,2,[14  1],73,-1,148,-1,146
1,<environment.Job instance at 0x7f43015ae370>,0,21,[4 8],1,-1,22,-1,1
1,<environment.Job instance at 0x7f43015ae230>,5,26,[1 9],6,-1,32,-1,6
1,<environment.Job instance at 0x7f43015aeaa0>,8,28,[5 3],9,-1,37,-1,9
1,<environment.Job instance at 0x7f43015aefa0>,9,15,[1 8],10,-1,26,-1,11
1,<environment.Job instance at 0x7f43002f3320>,10,20,[4 9],11,-1,32,-1,12
1,<environment.Job instance at 0x7f4309f00690>,13,24,[ 2 13],14,-1,45,-1,21
1,<environment.Job instance at 0x7f4309f00fa0>,14,14,[ 4 10],15,-1,35,-1,21
1,<environment.Job instance at 0x7f4309f00b40>,20,14,[7 5],21,-1,36,-1,22
1,<environment.Job instance at 0x7f4309f00aa0>,24,12,[5 1],25,-1,38,-1,26
1,<environment.Job instance at 0x7f4309f00320>,26,16,[ 4 13],27,-1,45,-1,29
1,<environment.Job instance at 0x7f43014a4910>,4,3,[ 2 11],5,-1,8,-1,5
1,<environment.Job instance at 0x7f43004fcfa0>,6,28,[9 3],7,-1,48,-1,20
1,<environment.Job instance at 0x7f43001b8e10>,8,28,[5 3],9,-1,48,-1,20
1,<environment.Job instance at 0x7f4301484640>,11,1,[ 3 13],12,-1,21,-1,20
1,<environment.Job instance at 0x7f4301484690>,12,22,[ 2 11],13,-1,42,-1,20
1,<environment.Job instance at 0x7f4301484dc0>,13,24,[ 2 13],14,-1,44,-1,20
1,<environment.Job instance at 0x7f43014a4e10>,5,26,[1 9],6,-1,49,-1,23
1,<environment.Job instance at 0x7f4301473e60>,21,20,[14  4],22,-1,56,-1,36
1,<environment.Job instance at 0x7f4301473c30>,22,22,[ 1 14],23,-1,58,-1,36
1,<environment.Job instance at 0x7f4301473320>,23,2,[14  4],24,-1,38,-1,36
1,<environment.Job instance at 0x7f430027f960>,26,16,[ 4 13],27,-1,53,-1,37
1,<environment.Job instance at 0x7f430147e640>,25,27,[4 9],26,-1,77,-1,50
1,<environment.Job instance at 0x7f430147e460>,28,16,[14  2],29,-1,66,-1,50
1,<environment.Job instance at 0x7f430027baa0>,29,12,[14  2],30,-1,62,-1,50
1,<environment.Job instance at 0x7f430027b320>,30,1,[14  4],31,-1,51,-1,50
1,<environment.Job instance at 0x7f430027b0a0>,31,2,[14  4],32,-1,52,-1,50
1,<environment.Job instance at 0x7f4300273280>,32,24,[2 9],33,-1,74,-1,50
1,<environment.Job instance at 0x7f43002732d0>,33,12,[ 2 12],34,-1,62,-1,50
1,<environment.Job instance at 0x7f4300273c80>,34,14,[13  4],35,-1,64,-1,50
1,<environment.Job instance at 0x7f4300273140>,35,20,[ 3 11],36,-1,70,-1,50
1,<environment.Job instance at 0x7f4300263140>,37,16,[14  4],38,-1,66,-1,50
1,<environment.Job instance at 0x7f4300263050>,40,2,[ 3 14],41,-1,53,-1,51
1,<environment.Job instance at 0x7f4300263be0>,42,27,[7 4],43,-1,90,-1,63
1,<environment.Job instance at 0x7f43014750a0>,47,24,[6 3],48,-1,101,-1,77
1,<environment.Job instance at 0x7f4300274d70>,49,13,[12  3],50,-1,90,-1,77
1,<environment.Job instance at 0x7f4300901af0>,52,23,[ 3 11],53,-1,109,-1,86
1,<environment.Job instance at 0x7f4301496b90>,53,14,[ 4 13],54,-1,100,-1,86
1,<environment.Job instance at 0x7f4301496be0>,54,26,[9 3],55,-1,118,-1,92
1,<environment.Job instance at 0x7f43014752d0>,48,28,[2 8],49,-1,120,-1,92
1,<environment.Job instance at 0x7f430179e370>,57,20,[ 4 14],58,-1,112,-1,92
1,<environment.Job instance at 0x7f430105e0a0>,59,14,[12  5],60,-1,106,-1,92
1,<environment.Job instance at 0x7f430105e280>,60,25,[ 5 12],61,-1,117,-1,92
1,<environment.Job instance at 0x7f430105ecd0>,62,2,[14  2],63,-1,105,-1,103
1,<environment.Job instance at 0x7f430026c550>,64,23,[6 4],65,-1,139,-1,116
1,<environment.Job instance at 0x7f4300553be0>,66,20,[ 1 11],67,-1,136,-1,116
1,<environment.Job instance at 0x7f4300553e10>,68,18,[ 5 13],69,-1,139,-1,121
1,<environment.Job instance at 0x7f430018d8c0>,71,28,[1 5],72,-1,172,-1,144
1,<environment.Job instance at 0x7f430018d910>,73,25,[8 1],74,-1,172,-1,147
1,<environment.Job instance at 0x7f4301499500>,75,12,[12  3],76,-1,159,-1,147
1,<environment.Job instance at 0x7f43008c19b0>,9,22,[4 8],10,-1,32,-1,10
1,<environment.Job instance at 0x7f43008c1500>,11,17,[ 2 10],12,-1,32,-1,15
1,<environment.Job instance at 0x7f43008cf3c0>,16,17,[5 4],17,-1,44,-1,27
1,<environment.Job instance at 0x7f43008c1a50>,4,23,[ 1 11],5,-1,50,-1,27
1,<environment.Job instance at 0x7f43008cf370>,20,20,[1 7],21,-1,47,-1,27
1,<environment.Job instance at 0x7f43008cfaa0>,22,16,[3 8],23,-1,43,-1,27
1,<environment.Job instance at 0x7f43008cfaf0>,23,14,[6 2],24,-1,41,-1,27
1,<environment.Job instance at 0x7f43008fd8c0>,29,13,[13  5],30,-1,91,-1,78
1,<environment.Job instance at 0x7f43008fd320>,36,16,[3 6],37,-1,97,-1,81
1,<environment.Job instance at 0x7f43008d1730>,38,13,[1 7],39,-1,94,-1,81
1,<environment.Job instance at 0x7f43008d10f0>,49,23,[5 9],50,-1,172,-1,149
1,<environment.Job instance at 0x7f4309f5c690>,0,25,[ 1 14],1,-1,26,-1,1
1,<environment.Job instance at 0x7f4300901320>,2,26,[14  4],3,-1,29,-1,3
1,<environment.Job instance at 0x7f43017666e0>,4,23,[ 1 11],5,-1,28,-1,5
1,<environment.Job instance at 0x7f43010bba00>,19,15,[12  3],20,-1,49,-1,34
1,<environment.Job instance at 0x7f430056c500>,24,3,[14  3],25,-1,54,-1,51
1,<environment.Job instance at 0x7f4300cde460>,25,28,[1 7],26,-1,90,-1,62
1,<environment.Job instance at 0x7f4300cde1e0>,27,14,[ 1 13],28,-1,76,-1,62
1,<environment.Job instance at 0x7f43017871e0>,29,13,[13  5],30,-1,75,-1,62
1,<environment.Job instance at 0x7f430097ac30>,30,3,[12  1],31,-1,65,-1,62
1,<environment.Job instance at 0x7f4300ddfbe0>,32,24,[ 2 12],33,-1,87,-1,63
1,<environment.Job instance at 0x7f4300ddf640>,34,17,[ 5 14],35,-1,85,-1,68
1,<environment.Job instance at 0x7f43009785f0>,37,28,[ 3 13],38,-1,106,-1,78
1,<environment.Job instance at 0x7f4300550820>,39,2,[14  1],40,-1,80,-1,78
1,<environment.Job instance at 0x7f430054eaf0>,41,12,[ 4 12],42,-1,93,-1,81
1,<environment.Job instance at 0x7f430054ec30>,42,12,[12  5],43,-1,93,-1,81
1,<environment.Job instance at 0x7f43015c1640>,44,14,[12  2],45,-1,96,-1,82
1,<environment.Job instance at 0x7f430018d140>,46,15,[ 1 12],47,-1,113,-1,98
1,<environment.Job instance at 0x7f430018d9b0>,49,23,[5 9],50,-1,135,-1,112
1,<environment.Job instance at 0x7f43005529b0>,51,23,[4 7],52,-1,135,-1,112
1,<environment.Job instance at 0x7f430097fb90>,53,20,[ 2 12],54,-1,132,-1,112
1,<environment.Job instance at 0x7f430097f5a0>,55,24,[5 1],56,-1,139,-1,115
1,<environment.Job instance at 0x7f430097fe10>,54,25,[9 4],55,-1,141,-1,116
1,<environment.Job instance at 0x7f430097ffa0>,57,27,[1 7],58,-1,158,-1,131
1,<environment.Job instance at 0x7f430179a5f0>,60,24,[ 1 10],61,-1,155,-1,131
1,<environment.Job instance at 0x7f430179a460>,61,26,[10  5],62,-1,157,-1,131
1,<environment.Job instance at 0x7f430179a410>,63,21,[13  3],64,-1,153,-1,132
1,<environment.Job instance at 0x7f430159d6e0>,1,27,[ 4 13],2,-1,29,-1,2
1,<environment.Job instance at 0x7f430159dd70>,3,18,[ 2 13],4,-1,22,-1,4
1,<environment.Job instance at 0x7f430159d9b0>,5,17,[11  1],6,-1,23,-1,6
1,<environment.Job instance at 0x7f430159d4b0>,6,13,[12  1],7,-1,20,-1,7
1,<environment.Job instance at 0x7f430159d410>,11,27,[4 9],12,-1,42,-1,15
1,<environment.Job instance at 0x7f430159d190>,13,19,[ 1 11],14,-1,34,-1,15
1,<environment.Job instance at 0x7f4300fd1140>,15,3,[14  5],16,-1,19,-1,16
1,<environment.Job instance at 0x7f4300fd1c30>,17,18,[12  5],18,-1,36,-1,18
1,<environment.Job instance at 0x7f430002c9b0>,18,3,[14  5],19,-1,22,-1,19
1,<environment.Job instance at 0x7f430002ca00>,20,16,[ 2 12],21,-1,37,-1,21
1,<environment.Job instance at 0x7f4300e76370>,22,18,[12  1],23,-1,41,-1,23
1,<environment.Job instance at 0x7f43016ac870>,25,21,[12  4],26,-1,52,-1,31
1,<environment.Job instance at 0x7f43016acd70>,26,14,[ 3 12],27,-1,45,-1,31
1,<environment.Job instance at 0x7f4301984be0>,28,2,[11  5],29,-1,34,-1,32
1,<environment.Job instance at 0x7f430133e280>,30,28,[13  3],31,-1,62,-1,34
1,<environment.Job instance at 0x7f430133ea50>,33,2,[14  3],34,-1,47,-1,45
1,<environment.Job instance at 0x7f430179aa00>,35,1,[ 2 12],36,-1,47,-1,46
1,<environment.Job instance at 0x7f430179a550>,40,16,[ 1 13],41,-1,65,-1,49
1,<environment.Job instance at 0x7f430179aa50>,41,18,[ 3 13],42,-1,67,-1,49
1,<environment.Job instance at 0x7f43015c1d70>,42,28,[7 1],43,-1,79,-1,51
1,<environment.Job instance at 0x7f43015c1f00>,43,27,[2 7],44,-1,78,-1,51
1,<environment.Job instance at 0x7f430179a8c0>,37,23,[9 5],38,-1,74,-1,51
1,<environment.Job instance at 0x7f43010bbf00>,47,24,[12  2],48,-1,75,-1,51
1,<environment.Job instance at 0x7f4301898280>,50,25,[5 4],51,-1,91,-1,66
1,<environment.Job instance at 0x7f43003bd9b0>,51,17,[ 5 11],52,-1,83,-1,66
1,<environment.Job instance at 0x7f43017666e0>,52,15,[12  2],53,-1,81,-1,66
1,<environment.Job instance at 0x7f4309f5c690>,53,28,[10  2],54,-1,94,-1,66
1,<environment.Job instance at 0x7f4300ae6910>,55,1,[ 1 11],56,-1,67,-1,66
1,<environment.Job instance at 0x7f430022c0a0>,56,23,[5 5],57,-1,92,-1,69
1,<environment.Job instance at 0x7f4300ac6cd0>,59,26,[ 4 13],60,-1,107,-1,81
1,<environment.Job instance at 0x7f4300ac6b90>,63,16,[ 1 14],64,-1,100,-1,84
1,<environment.Job instance at 0x7f430060cc80>,65,3,[12  5],66,-1,90,-1,87
1,<environment.Job instance at 0x7f430060c190>,67,14,[ 5 13],68,-1,111,-1,97
1,<environment.Job instance at 0x7f4300237eb0>,69,22,[13  4],70,-1,124,-1,102
1,<environment.Job instance at 0x7f4300237a50>,70,13,[11  4],71,-1,115,-1,102
1,<environment.Job instance at 0x7f4300237320>,73,22,[ 1 11],74,-1,127,-1,105
1,<environment.Job instance at 0x7f43002376e0>,72,23,[10  2],73,-1,144,-1,121
1,<environment.Job instance at 0x7f43002370a0>,77,27,[12  1],78,-1,148,-1,121
1,<environment.Job instance at 0x7f4300237870>,78,26,[14  5],79,-1,147,-1,121
1,<environment.Job instance at 0x7f43002372d0>,79,12,[ 4 12],80,-1,133,-1,121
1,<environment.Job instance at 0x7f430036be60>,0,18,[5 6],1,-1,19,-1,1
1,<environment.Job instance at 0x7f43000d27d0>,1,28,[7 3],2,-1,30,-1,2
1,<environment.Job instance at 0x7f43000d2280>,5,20,[1 6],6,-1,26,-1,6
1,<environment.Job instance at 0x7f43000d2690>,6,18,[3 8],7,-1,25,-1,7
1,<environment.Job instance at 0x7f4300d533c0>,7,22,[ 1 10],8,-1,30,-1,8
1,<environment.Job instance at 0x7f4300d53af0>,12,15,[9 4],13,-1,28,-1,13
1,<environment.Job instance at 0x7f430188d8c0>,1,28,[7 3],2,-1,30,-1,2
1,<environment.Job instance at 0x7f4300fe69b0>,4,16,[13  2],5,-1,21,-1,5
1,<environment.Job instance at 0x7f43012f0190>,8,28,[13  5],9,-1,37,-1,9
1,<environment.Job instance at 0x7f43012f0a00>,9,23,[9 3],10,-1,33,-1,10
1,<environment.Job instance at 0x7f430177d050>,11,16,[ 3 13],12,-1,28,-1,12
1,<environment.Job instance at 0x7f4300e0f690>,14,3,[14  3],15,-1,22,-1,19
1,<environment.Job instance at 0x7f4300c58370>,21,14,[11  2],22,-1,48,-1,34
1,<environment.Job instance at 0x7f430126d910>,23,23,[10  2],24,-1,57,-1,34
1,<environment.Job instance at 0x7f430180e910>,24,27,[ 1 11],25,-1,61,-1,34
1,<environment.Job instance at 0x7f430127e9b0>,28,3,[13  3],29,-1,48,-1,45
1,<environment.Job instance at 0x7f4301318b40>,39,17,[14  1],40,-1,113,-1,96
1,<environment.Job instance at 0x7f430130f0f0>,42,19,[ 4 13],43,-1,127,-1,108
1,<environment.Job instance at 0x7f43018172d0>,45,26,[5 5],46,-1,161,-1,135
1,<environment.Job instance at 0x7f4300481b90>,5,18,[ 2 10],6,-1,24,-1,6
1,<environment.Job instance at 0x7f4300481820>,6,22,[5 8],7,-1,29,-1,7
1,<environment.Job instance at 0x7f4300481f00>,7,16,[8 2],8,-1,24,-1,8
1,<environment.Job instance at 0x7f4300481190>,8,18,[2 5],9,-1,27,-1,9
1,<environment.Job instance at 0x7f43010123c0>,9,20,[3 9],10,-1,30,-1,10
1,<environment.Job instance at 0x7f4301012190>,11,18,[2 5],12,-1,30,-1,12
1,<environment.Job instance at 0x7f4301012320>,12,13,[10  2],13,-1,27,-1,14
1,<environment.Job instance at 0x7f4301012640>,15,21,[3 7],16,-1,37,-1,16
1,<environment.Job instance at 0x7f4301012aa0>,18,12,[5 9],19,-1,31,-1,19
1,<environment.Job instance at 0x7f43010125f0>,19,18,[4 6],20,-1,38,-1,20
1,<environment.Job instance at 0x7f4301012b40>,20,24,[4 5],21,-1,45,-1,21
1,<environment.Job instance at 0x7f4300829b90>,23,19,[ 5 10],24,-1,43,-1,24
1,<environment.Job instance at 0x7f4300829910>,24,16,[ 3 10],25,-1,41,-1,25
1,<environment.Job instance at 0x7f43004818c0>,13,17,[7 3],14,-1,48,-1,31
1,<environment.Job instance at 0x7f43008296e0>,26,25,[2 8],27,-1,57,-1,32
1,<environment.Job instance at 0x7f4300829280>,32,23,[3 7],33,-1,56,-1,33
1,<environment.Job instance at 0x7f4300829410>,34,15,[13  1],35,-1,50,-1,35
1,<environment.Job instance at 0x7f43008291e0>,31,17,[14  2],32,-1,52,-1,35
1,<environment.Job instance at 0x7f4300829780>,35,19,[11  4],36,-1,56,-1,37
1,<environment.Job instance at 0x7f4300829be0>,37,25,[3 9],38,-1,63,-1,38
1,<environment.Job instance at 0x7f43008295f0>,38,22,[6 5],39,-1,61,-1,39
1,<environment.Job instance at 0x7f430083ac80>,41,16,[ 1 12],42,-1,59,-1,43
1,<environment.Job instance at 0x7f430083a820>,43,27,[7 4],44,-1,71,-1,44
1,<environment.Job instance at 0x7f43010129b0>,14,18,[ 4 13],15,-1,63,-1,45
1,<environment.Job instance at 0x7f430083ad20>,44,18,[1 9],45,-1,63,-1,45
1,<environment.Job instance at 0x7f430083a690>,45,14,[10  5],46,-1,60,-1,46
1,<environment.Job instance at 0x7f430083aaa0>,46,21,[10  3],47,-1,70,-1,49
1,<environment.Job instance at 0x7f430083a6e0>,48,14,[4 9],49,-1,64,-1,50
1,<environment.Job instance at 0x7f430083a730>,49,17,[9 1],50,-1,68,-1,51
1,<environment.Job instance at 0x7f430083a500>,52,20,[5 4],53,-1,73,-1,53
1,<environment.Job instance at 0x7f430083a370>,53,20,[5 8],54,-1,74,-1,54
1,<environment.Job instance at 0x7f43007a85f0>,1,12,[13  1],2,-1,14,-1,2
1,<environment.Job instance at 0x7f43007c7f50>,3,3,[13  4],4,-1,7,-1,4
1,<environment.Job instance at 0x7f43007c7500>,4,23,[1 9],5,-1,28,-1,5
1,<environment.Job instance at 0x7f4301885d20>,10,16,[ 4 14],11,-1,27,-1,11
1,<environment.Job instance at 0x7f4301772870>,14,18,[ 4 13],15,-1,42,-1,24
1,<environment.Job instance at 0x7f4300c6fd20>,16,13,[12  2],17,-1,37,-1,24
1,<environment.Job instance at 0x7f4301270d70>,17,23,[6 1],18,-1,47,-1,24
1,<environment.Job instance at 0x7f4301012cd0>,20,24,[4 5],21,-1,60,-1,36
1,<environment.Job instance at 0x7f4300829320>,22,1,[ 2 11],23,-1,37,-1,36
1,<environment.Job instance at 0x7f4300c5a910>,25,15,[ 1 13],26,-1,60,-1,45
1,<environment.Job instance at 0x7f4300c5af50>,26,25,[2 8],27,-1,86,-1,61
1,<environment.Job instance at 0x7f4300c5aaa0>,29,3,[ 3 12],30,-1,64,-1,61
1,<environment.Job instance at 0x7f430083a8c0>,30,18,[11  2],31,-1,79,-1,61
1,<environment.Job instance at 0x7f430083ae60>,31,17,[14  2],32,-1,78,-1,61
1,<environment.Job instance at 0x7f4300481dc0>,32,23,[3 7],33,-1,84,-1,61
1,<environment.Job instance at 0x7f4300481780>,34,15,[13  1],35,-1,76,-1,61
1,<environment.Job instance at 0x7f4300481e60>,35,19,[11  4],36,-1,80,-1,61
1,<environment.Job instance at 0x7f4300481af0>,37,25,[3 9],38,-1,104,-1,79
1,<environment.Job instance at 0x7f43007eed70>,41,16,[ 1 12],42,-1,95,-1,79
1,<environment.Job instance at 0x7f43007ee870>,43,27,[7 4],44,-1,109,-1,82
1,<environment.Job instance at 0x7f4301536fa0>,47,13,[ 2 13],48,-1,107,-1,94
1,<environment.Job instance at 0x7f430155bd70>,51,28,[1 7],52,-1,168,-1,140
1,<environment.Job instance at 0x7f4300e55550>,2,24,[14  1],3,-1,27,-1,3
1,<environment.Job instance at 0x7f43007d6d70>,1,16,[10  2],2,-1,22,-1,6
1,<environment.Job instance at 0x7f4300c95280>,7,18,[4 5],8,-1,27,-1,9
1,<environment.Job instance at 0x7f4300c952d0>,6,14,[8 2],7,-1,23,-1,9
1,<environment.Job instance at 0x7f4300c95190>,5,22,[6 3],6,-1,31,-1,9
1,<environment.Job instance at 0x7f4300c955a0>,11,16,[7 2],12,-1,28,-1,12
1,<environment.Job instance at 0x7f4300c95460>,9,13,[7 4],10,-1,26,-1,13
1,<environment.Job instance at 0x7f4300caaf50>,4,27,[7 2],5,-1,41,-1,14
1,<environment.Job instance at 0x7f4300c95780>,13,13,[8 5],14,-1,27,-1,14
1,<environment.Job instance at 0x7f4300c956e0>,12,23,[ 2 11],13,-1,37,-1,14
1,<environment.Job instance at 0x7f4300c95af0>,18,18,[5 4],19,-1,37,-1,19
1,<environment.Job instance at 0x7f4300c95be0>,19,21,[6 5],20,-1,41,-1,20
1,<environment.Job instance at 0x7f4300c95b90>,23,17,[ 3 10],24,-1,41,-1,24
1,<environment.Job instance at 0x7f4300c95dc0>,24,12,[3 6],25,-1,37,-1,25
1,<environment.Job instance at 0x7f4300c959b0>,17,21,[13  4],18,-1,46,-1,25
1,<environment.Job instance at 0x7f4300c9c5f0>,34,28,[ 1 13],35,-1,72,-1,44
1,<environment.Job instance at 0x7f4300c9c690>,33,13,[ 3 10],34,-1,57,-1,44
1,<environment.Job instance at 0x7f4300c9c500>,30,21,[2 5],31,-1,65,-1,44
1,<environment.Job instance at 0x7f4300c9cb90>,39,24,[6 2],40,-1,68,-1,44
1,<environment.Job instance at 0x7f4300c9ca50>,36,18,[7 5],37,-1,62,-1,44
1,<environment.Job instance at 0x7f4300c9cc30>,40,12,[5 4],41,-1,56,-1,44
1,<environment.Job instance at 0x7f4300c9c9b0>,37,26,[ 4 13],38,-1,70,-1,44
1,<environment.Job instance at 0x7f4300c9cd70>,42,18,[ 4 10],43,-1,62,-1,44
1,<environment.Job instance at 0x7f43007b3be0>,0,19,[ 4 14],1,-1,20,-1,1
1,<environment.Job instance at 0x7f43007b3a50>,2,24,[14  1],3,-1,27,-1,3
1,<environment.Job instance at 0x7f4301568500>,3,25,[10  3],4,-1,43,-1,18
1,<environment.Job instance at 0x7f43004e1e60>,4,27,[7 2],5,-1,45,-1,18
1,<environment.Job instance at 0x7f430078c690>,10,1,[14  3],11,-1,19,-1,18
1,<environment.Job instance at 0x7f43004975f0>,12,23,[ 2 11],13,-1,41,-1,18
1,<environment.Job instance at 0x7f43007a6960>,8,25,[5 6],9,-1,43,-1,18
1,<environment.Job instance at 0x7f43018a4d70>,14,28,[5 5],15,-1,46,-1,18
1,<environment.Job instance at 0x7f43007b90f0>,16,2,[12  1],17,-1,20,-1,18
1,<environment.Job instance at 0x7f43013a2190>,17,21,[13  4],18,-1,39,-1,18
1,<environment.Job instance at 0x7f430132c8c0>,21,16,[ 1 14],22,-1,50,-1,34
1,<environment.Job instance at 0x7f430177f550>,22,3,[ 2 12],23,-1,37,-1,34
1,<environment.Job instance at 0x7f43003a3190>,31,1,[ 3 14],32,-1,72,-1,71
1,<environment.Job instance at 0x7f43003a3870>,32,23,[ 1 12],33,-1,94,-1,71
1,<environment.Job instance at 0x7f43012cd820>,34,28,[ 1 13],35,-1,99,-1,71
1,<environment.Job instance at 0x7f43010be1e0>,37,26,[ 4 13],38,-1,98,-1,72
1,<environment.Job instance at 0x7f43010be820>,38,24,[5 3],39,-1,109,-1,85
1,<environment.Job instance at 0x7f43010befa0>,39,24,[6 2],40,-1,109,-1,85
1,<environment.Job instance at 0x7f43010be870>,44,14,[ 1 13],45,-1,112,-1,98
1,<environment.Job instance at 0x7f4300ccb410>,46,27,[3 7],47,-1,142,-1,115
1,<environment.Job instance at 0x7f4301435a50>,47,25,[4 7],48,-1,140,-1,115
1,<environment.Job instance at 0x7f43007ba820>,51,26,[4 5],52,-1,157,-1,131
1,<environment.Job instance at 0x7f43007ba8c0>,55,16,[11  3],56,-1,162,-1,146
1,<environment.Job instance at 0x7f43007baf50>,56,22,[13  2],57,-1,168,-1,146
1,<environment.Job instance at 0x7f4301597eb0>,57,15,[ 2 11],58,-1,161,-1,146
1,<environment.Job instance at 0x7f4301597dc0>,59,17,[ 1 12],60,-1,164,-1,147
1,<environment.Job instance at 0x7f43002d72d0>,0,24,[7 4],1,-1,25,-1,1
1,<environment.Job instance at 0x7f4301159960>,3,14,[10  4],4,-1,20,-1,6
1,<environment.Job instance at 0x7f4301159a50>,7,22,[1 8],8,-1,30,-1,8
1,<environment.Job instance at 0x7f4301159dc0>,5,13,[6 4],6,-1,21,-1,8
1,<environment.Job instance at 0x7f4300787640>,0,24,[7 4],1,-1,25,-1,1
1,<environment.Job instance at 0x7f4300c9c410>,1,18,[ 1 11],2,-1,20,-1,2
1,<environment.Job instance at 0x7f4300ad7410>,9,13,[ 2 13],10,-1,23,-1,10
1,<environment.Job instance at 0x7f43009fe8c0>,10,17,[ 1 13],11,-1,28,-1,11
1,<environment.Job instance at 0x7f4300c951e0>,11,20,[12  1],12,-1,32,-1,12
1,<environment.Job instance at 0x7f4300c829b0>,13,24,[ 3 14],14,-1,38,-1,14
1,<environment.Job instance at 0x7f43007c7410>,14,25,[10  2],15,-1,43,-1,18
1,<environment.Job instance at 0x7f43015aa2d0>,19,24,[9 4],20,-1,54,-1,30
1,<environment.Job instance at 0x7f4300483910>,21,15,[ 2 12],22,-1,45,-1,30
1,<environment.Job instance at 0x7f430a1192d0>,22,28,[14  4],23,-1,58,-1,30
1,<environment.Job instance at 0x7f4300c6fd20>,23,18,[13  4],24,-1,48,-1,30
1,<environment.Job instance at 0x7f4301012050>,25,23,[11  4],26,-1,57,-1,34
1,<environment.Job instance at 0x7f4300829500>,26,17,[ 3 13],27,-1,51,-1,34
1,<environment.Job instance at 0x7f430083ae60>,28,13,[ 4 11],29,-1,50,-1,37
1,<environment.Job instance at 0x7f430100fb40>,30,13,[ 5 11],31,-1,55,-1,42
1,<environment.Job instance at 0x7f430100fc80>,31,3,[11  2],32,-1,45,-1,42
1,<environment.Job instance at 0x7f43007ee960>,33,14,[12  5],34,-1,59,-1,45
1,<environment.Job instance at 0x7f43002eeaf0>,34,25,[6 2],35,-1,85,-1,60
1,<environment.Job instance at 0x7f43007eeaa0>,38,25,[ 3 12],39,-1,85,-1,60
1,<environment.Job instance at 0x7f430155bd70>,42,21,[ 2 11],43,-1,84,-1,63
1,<environment.Job instance at 0x7f4301537190>,47,28,[14  2],48,-1,102,-1,74
1,<environment.Job instance at 0x7f4300397fa0>,48,28,[6 2],49,-1,108,-1,80
1,<environment.Job instance at 0x7f43010ba3c0>,49,24,[5 4],50,-1,104,-1,80
1,<environment.Job instance at 0x7f43002d35f0>,51,15,[ 4 14],52,-1,95,-1,80
1,<environment.Job instance at 0x7f43010babe0>,52,17,[12  1],53,-1,97,-1,80
1,<environment.Job instance at 0x7f43002d3b40>,54,14,[ 4 14],55,-1,105,-1,91
1,<environment.Job instance at 0x7f4301597eb0>,61,19,[ 2 12],62,-1,124,-1,105
1,<environment.Job instance at 0x7f42fff88050>,3,18,[8 4],4,-1,23,-1,5
1,<environment.Job instance at 0x7f42fff88f50>,8,19,[ 2 12],9,-1,34,-1,15
1,<environment.Job instance at 0x7f4300426be0>,13,18,[8 5],14,-1,40,-1,22
1,<environment.Job instance at 0x7f42fff85410>,4,18,[ 3 14],5,-1,46,-1,28
1,<environment.Job instance at 0x7f4300ce8d20>,18,20,[14  5],19,-1,48,-1,28
1,<environment.Job instance at 0x7f4300ce87d0>,19,19,[7 5],20,-1,47,-1,28
1,<environment.Job instance at 0x7f42fff88f00>,11,14,[4 7],12,-1,42,-1,28
1,<environment.Job instance at 0x7f430064e5f0>,21,18,[14  2],22,-1,49,-1,31
1,<environment.Job instance at 0x7f430064e280>,22,19,[11  5],23,-1,51,-1,32
1,<environment.Job instance at 0x7f43004263c0>,17,15,[ 5 10],18,-1,48,-1,33
1,<environment.Job instance at 0x7f430064ea00>,23,17,[10  1],24,-1,50,-1,33
1,<environment.Job instance at 0x7f4300e6f820>,25,17,[8 1],26,-1,50,-1,33
1,<environment.Job instance at 0x7f4300e6f5f0>,24,17,[10  1],25,-1,50,-1,33
1,<environment.Job instance at 0x7f430064e230>,20,17,[6 4],21,-1,50,-1,33
1,<environment.Job instance at 0x7f4300e6f8c0>,26,25,[5 5],27,-1,58,-1,33
1,<environment.Job instance at 0x7f4300424aa0>,31,16,[7 3],32,-1,49,-1,33
1,<environment.Job instance at 0x7f4300293320>,30,16,[ 5 11],31,-1,49,-1,33
1,<environment.Job instance at 0x7f4300424780>,33,28,[7 1],34,-1,62,-1,34
1,<environment.Job instance at 0x7f4300424c30>,32,20,[5 3],33,-1,55,-1,35
1,<environment.Job instance at 0x7f4300426af0>,15,24,[2 9],16,-1,59,-1,35
1,<environment.Job instance at 0x7f4300424f00>,34,17,[4 6],35,-1,52,-1,35
1,<environment.Job instance at 0x7f43002bb3c0>,45,18,[8 1],46,-1,90,-1,72
1,<environment.Job instance at 0x7f43002932d0>,28,28,[1 5],29,-1,100,-1,72
1,<environment.Job instance at 0x7f43002bb4b0>,47,15,[5 6],48,-1,87,-1,72
1,<environment.Job instance at 0x7f43002bb8c0>,48,13,[ 3 13],49,-1,85,-1,72
1,<environment.Job instance at 0x7f43002bbdc0>,51,28,[ 1 14],52,-1,104,-1,76
1,<environment.Job instance at 0x7f4300fd1be0>,53,12,[10  4],54,-1,88,-1,76
1,<environment.Job instance at 0x7f43002bb370>,46,23,[13  1],47,-1,99,-1,76
1,<environment.Job instance at 0x7f43007e8eb0>,56,13,[6 4],57,-1,89,-1,76
1,<environment.Job instance at 0x7f4300123320>,59,16,[8 1],60,-1,92,-1,76
1,<environment.Job instance at 0x7f43007bfd70>,0,16,[ 4 11],1,-1,17,-1,1
1,<environment.Job instance at 0x7f43007bf500>,4,18,[ 3 14],5,-1,23,-1,5
1,<environment.Job instance at 0x7f43011591e0>,5,16,[12  1],6,-1,22,-1,6
1,<environment.Job instance at 0x7f43000fcb90>,8,19,[ 2 12],9,-1,28,-1,9
1,<environment.Job instance at 0x7f4301594a50>,9,17,[ 2 12],10,-1,27,-1,10
1,<environment.Job instance at 0x7f4301435a50>,18,20,[14  5],19,-1,56,-1,36
1,<environment.Job instance at 0x7f430078cb90>,15,24,[2 9],16,-1,61,-1,37
1,<environment.Job instance at 0x7f4300585af0>,21,18,[14  2],22,-1,55,-1,37
1,<environment.Job instance at 0x7f430083ae60>,22,19,[11  5],23,-1,56,-1,37
1,<environment.Job instance at 0x7f4300c829b0>,26,25,[5 5],27,-1,77,-1,52
1,<environment.Job instance at 0x7f43013c8050>,28,28,[1 5],29,-1,80,-1,52
1,<environment.Job instance at 0x7f4300426460>,29,2,[ 5 11],30,-1,54,-1,52
1,<environment.Job instance at 0x7f4300293cd0>,30,16,[ 5 11],31,-1,68,-1,52
1,<environment.Job instance at 0x7f42fff88870>,33,28,[7 1],34,-1,96,-1,68
1,<environment.Job instance at 0x7f42fff85140>,36,2,[ 4 12],37,-1,83,-1,81
1,<environment.Job instance at 0x7f4301458b90>,37,14,[12  2],38,-1,95,-1,81
1,<environment.Job instance at 0x7f43001f4a50>,38,23,[1 8],39,-1,104,-1,81
1,<environment.Job instance at 0x7f430081a460>,40,25,[3 5],41,-1,109,-1,84
1,<environment.Job instance at 0x7f430081a410>,41,13,[ 5 13],42,-1,97,-1,84
1,<environment.Job instance at 0x7f430081a5f0>,42,26,[3 8],43,-1,110,-1,84
1,<environment.Job instance at 0x7f4300424cd0>,35,27,[ 1 10],36,-1,112,-1,85
1,<environment.Job instance at 0x7f430081a1e0>,44,13,[ 1 14],45,-1,98,-1,85
1,<environment.Job instance at 0x7f430081adc0>,46,23,[13  1],47,-1,108,-1,85
1,<environment.Job instance at 0x7f430081acd0>,48,13,[ 3 13],49,-1,111,-1,98
1,<environment.Job instance at 0x7f430081ab90>,49,15,[11  2],50,-1,113,-1,98
1,<environment.Job instance at 0x7f430082ed70>,51,28,[ 1 14],52,-1,127,-1,99
1,<environment.Job instance at 0x7f430081aaf0>,50,23,[ 1 10],51,-1,136,-1,113
1,<environment.Job instance at 0x7f430082ed20>,55,24,[4 6],56,-1,140,-1,116
1,<environment.Job instance at 0x7f430082e140>,57,21,[ 4 13],58,-1,137,-1,116
1,<environment.Job instance at 0x7f430082e870>,60,2,[12  2],61,-1,130,-1,128
1,<environment.Job instance at 0x7f430082e230>,61,26,[ 4 11],62,-1,154,-1,128
1,<environment.Job instance at 0x7f4300bca190>,62,24,[ 1 14],63,-1,152,-1,128
1,<environment.Job instance at 0x7f4300bca460>,65,28,[ 4 12],66,-1,168,-1,140
1,<environment.Job instance at 0x7f4300bcab40>,68,24,[3 7],69,-1,168,-1,144
1,<environment.Job instance at 0x7f4300388a00>,0,26,[6 1],1,-1,27,-1,1
1,<environment.Job instance at 0x7f4301142460>,4,16,[2 8],5,-1,22,-1,6
1,<environment.Job instance at 0x7f430138c140>,17,17,[10  2],18,-1,35,-1,18
1,<environment.Job instance at 0x7f4301629780>,19,18,[8 1],20,-1,38,-1,20
1,<environment.Job instance at 0x7f43016b4140>,21,17,[2 9],22,-1,39,-1,22
1,<environment.Job instance at 0x7f43007bf190>,5,27,[13  2],6,-1,125,-1,98
1,<environment.Job instance at 0x7f4300de5b90>,28,28,[13  5],29,-1,127,-1,99
1,<environment.Job instance at 0x7f43015a4690>,27,27,[6 5],28,-1,128,-1,101
1,<environment.Job instance at 0x7f4309ec6410>,30,27,[6 2],31,-1,128,-1,101
1,<environment.Job instance at 0x7f43013831e0>,33,14,[13  5],34,-1,115,-1,101
1,<environment.Job instance at 0x7f43017dee10>,32,15,[5 7],33,-1,125,-1,110
1,<environment.Job instance at 0x7f4300de5690>,29,16,[5 6],30,-1,126,-1,110
1,<environment.Job instance at 0x7f4309f6d2d0>,35,12,[3 9],36,-1,122,-1,110
1,<environment.Job instance at 0x7f4301374550>,43,19,[6 4],44,-1,132,-1,113
1,<environment.Job instance at 0x7f43017da5a0>,45,20,[8 5],46,-1,133,-1,113
1,<environment.Job instance at 0x7f43017da820>,47,28,[5 8],48,-1,170,-1,142
1,<environment.Job instance at 0x7f4301374fa0>,44,23,[ 2 14],45,-1,165,-1,142
1,<environment.Job instance at 0x7f43017ca5a0>,48,17,[7 5],49,-1,160,-1,143
1,<environment.Job instance at 0x7f4301984af0>,0,26,[6 1],1,-1,27,-1,1
1,<environment.Job instance at 0x7f430031d8c0>,3,13,[ 3 14],4,-1,17,-1,4
1,<environment.Job instance at 0x7f4301984a00>,5,27,[13  2],6,-1,33,-1,6
1,<environment.Job instance at 0x7f4301351690>,6,27,[9 3],7,-1,34,-1,7
1,<environment.Job instance at 0x7f4301351e60>,7,13,[13  1],8,-1,21,-1,8
1,<environment.Job instance at 0x7f43013518c0>,13,12,[11  3],14,-1,26,-1,14
1,<environment.Job instance at 0x7f430002ce60>,22,27,[9 1],23,-1,69,-1,42
1,<environment.Job instance at 0x7f430002cfa0>,25,16,[14  3],26,-1,58,-1,42
1,<environment.Job instance at 0x7f430002cc80>,24,28,[ 4 10],25,-1,72,-1,44
1,<environment.Job instance at 0x7f430002c280>,27,27,[6 5],28,-1,71,-1,44
1,<environment.Job instance at 0x7f430002ce10>,28,28,[13  5],29,-1,72,-1,44
1,<environment.Job instance at 0x7f4301006eb0>,30,27,[6 2],31,-1,81,-1,54
1,<environment.Job instance at 0x7f4301006320>,33,14,[13  5],34,-1,68,-1,54
1,<environment.Job instance at 0x7f4301006410>,37,28,[12  1],38,-1,97,-1,69
1,<environment.Job instance at 0x7f4301006640>,40,2,[ 1 13],41,-1,85,-1,83
1,<environment.Job instance at 0x7f430a2d9dc0>,42,24,[10  4],43,-1,117,-1,93
1,<environment.Job instance at 0x7f430a2d9cd0>,44,23,[ 2 14],45,-1,116,-1,93
1,<environment.Job instance at 0x7f430146f640>,46,25,[3 5],47,-1,118,-1,93
1,<environment.Job instance at 0x7f430146fb90>,47,28,[5 8],48,-1,121,-1,93
1,<environment.Job instance at 0x7f430146f140>,49,13,[13  1],50,-1,106,-1,93
1,<environment.Job instance at 0x7f430018c550>,55,24,[1 6],56,-1,141,-1,117
1,<environment.Job instance at 0x7f430018cc80>,61,25,[9 5],62,-1,171,-1,146
1,<environment.Job instance at 0x7f430018ce60>,62,2,[ 1 13],63,-1,148,-1,146
1,<environment.Job instance at 0x7f430018ccd0>,63,28,[5 8],64,-1,174,-1,146
1,<environment.Job instance at 0x7fc65f916b40>,2,18,[ 3 10],3,-1,21,-1,3
1,<environment.Job instance at 0x7fc65f916e10>,5,18,[7 5],6,-1,24,-1,6
1,<environment.Job instance at 0x7fc65f916d20>,6,19,[1 7],7,-1,27,-1,8
1,<environment.Job instance at 0x7fc668f608c0>,7,12,[7 2],8,-1,20,-1,8
1,<environment.Job instance at 0x7fc65f916fa0>,9,17,[8 1],10,-1,34,-1,17
1,<environment.Job instance at 0x7fc65f91b550>,16,19,[ 3 10],17,-1,36,-1,17
1,<environment.Job instance at 0x7fc65f91b730>,18,18,[3 6],19,-1,37,-1,19
1,<environment.Job instance at 0x7fc65f91b690>,19,21,[8 5],20,-1,42,-1,21
1,<environment.Job instance at 0x7fc65f91b8c0>,21,22,[8 2],22,-1,44,-1,22
1,<environment.Job instance at 0x7fc65f91b6e0>,20,21,[13  5],21,-1,48,-1,27
1,<environment.Job instance at 0x7fc65f91b820>,23,18,[7 4],24,-1,46,-1,28
1,<environment.Job instance at 0x7fc65f91bcd0>,26,20,[4 8],27,-1,48,-1,28
1,<environment.Job instance at 0x7fc65f91b370>,14,21,[ 3 11],15,-1,53,-1,32
1,<environment.Job instance at 0x7fc65f91bc30>,27,25,[14  4],28,-1,58,-1,33
1,<environment.Job instance at 0x7fc65f91b640>,17,18,[ 5 13],18,-1,52,-1,34
1,<environment.Job instance at 0x7fc65f91d0a0>,33,16,[9 3],34,-1,50,-1,34
1,<environment.Job instance at 0x7fc65f91d3c0>,32,14,[8 3],33,-1,49,-1,35
1,<environment.Job instance at 0x7fc65f91bf00>,29,24,[5 1],30,-1,59,-1,35
1,<environment.Job instance at 0x7fc65f91d370>,34,20,[5 3],35,-1,57,-1,37
1,<environment.Job instance at 0x7fc65f91d910>,40,18,[ 5 13],41,-1,66,-1,48
1,<environment.Job instance at 0x7fc65f91da50>,42,24,[ 4 14],43,-1,76,-1,52
1,<environment.Job instance at 0x7fc65f91db90>,44,14,[8 4],45,-1,66,-1,52
1,<environment.Job instance at 0x7fc65f91daf0>,43,14,[10  1],44,-1,66,-1,52
1,<environment.Job instance at 0x7fc65f91d500>,36,16,[8 1],37,-1,68,-1,52
1,<environment.Job instance at 0x7fc65f91dd20>,45,28,[6 4],46,-1,80,-1,52
1,<environment.Job instance at 0x7fc65f91df50>,47,16,[6 2],48,-1,68,-1,52
1,<environment.Job instance at 0x7fc65f91df00>,49,23,[2 6],50,-1,75,-1,52
1,<environment.Job instance at 0x7fc65f920320>,53,22,[9 5],54,-1,83,-1,61
1,<environment.Job instance at 0x7fc65f91ddc0>,48,25,[5 4],49,-1,95,-1,70
1,<environment.Job instance at 0x7fc65f9208c0>,61,14,[ 2 10],62,-1,95,-1,81
1,<environment.Job instance at 0x7fc65f91deb0>,46,17,[ 5 12],47,-1,99,-1,82
1,<environment.Job instance at 0x7fc65f920a50>,62,24,[ 3 10],63,-1,108,-1,84
1,<environment.Job instance at 0x7fc65f9207d0>,60,17,[9 3],61,-1,101,-1,84
1,<environment.Job instance at 0x7fc65f91d5a0>,4,24,[ 3 11],5,-1,29,-1,5
1,<environment.Job instance at 0x7fc65f920870>,8,24,[ 2 10],9,-1,45,-1,21
1,<environment.Job instance at 0x7fc65f916910>,12,13,[ 2 12],13,-1,34,-1,21
1,<environment.Job instance at 0x7fc65f9d8e10>,14,21,[ 3 11],15,-1,43,-1,22
1,<environment.Job instance at 0x7fc65f9d8550>,17,18,[ 5 13],18,-1,40,-1,22
1,<environment.Job instance at 0x7fc65f9d8a00>,20,21,[13  5],21,-1,56,-1,35
1,<environment.Job instance at 0x7fc65fa6cdc0>,24,2,[ 3 12],25,-1,51,-1,49
1,<environment.Job instance at 0x7fc65fab7b40>,27,25,[14  4],28,-1,74,-1,49
1,<environment.Job instance at 0x7fc65fac3690>,29,24,[5 1],30,-1,89,-1,65
1,<environment.Job instance at 0x7fc65f9d36e0>,40,18,[ 5 13],41,-1,133,-1,115
1,<environment.Job instance at 0x7fc65f9d3820>,41,3,[14  5],42,-1,118,-1,115
1,<environment.Job instance at 0x7fc65f9d39b0>,42,24,[ 4 14],43,-1,139,-1,115
1,<environment.Job instance at 0x7fc65f9d3cd0>,45,28,[6 4],46,-1,156,-1,128
1,<environment.Job instance at 0x7fc65fa25eb0>,46,17,[ 5 12],47,-1,145,-1,128
1,<environment.Job instance at 0x7fc65f9a10f0>,48,25,[5 4],49,-1,157,-1,132
1,<environment.Job instance at 0x7fc65f9c54b0>,49,23,[2 6],50,-1,155,-1,132
1,<environment.Job instance at 0x7fc65fa25d70>,50,13,[12  1],51,-1,145,-1,132
1,<environment.Job instance at 0x7fc65fa1feb0>,51,24,[ 1 11],52,-1,156,-1,132
1,<environment.Job instance at 0x7fc65f9d7500>,52,27,[9 1],53,-1,159,-1,132
1,<environment.Job instance at 0x7fc65f06a230>,1,17,[3 8],2,-1,20,-1,3
1,<environment.Job instance at 0x7fc65f05e410>,4,14,[ 4 10],5,-1,19,-1,5
1,<environment.Job instance at 0x7fc65f068d70>,14,21,[9 1],15,-1,39,-1,18
1,<environment.Job instance at 0x7fc65f19e140>,18,27,[9 4],19,-1,46,-1,19
1,<environment.Job instance at 0x7fc65f19ea00>,19,25,[3 9],20,-1,45,-1,20
1,<environment.Job instance at 0x7fc65f2931e0>,21,13,[ 4 10],22,-1,35,-1,22
1,<environment.Job instance at 0x7fc65f068910>,16,19,[ 5 14],17,-1,42,-1,23
1,<environment.Job instance at 0x7fc65f1daaa0>,24,12,[ 2 11],25,-1,38,-1,26
1,<environment.Job instance at 0x7fc65f149f50>,23,23,[ 2 14],24,-1,54,-1,31
1,<environment.Job instance at 0x7fc65f05ea00>,7,15,[ 4 14],8,-1,46,-1,31
1,<environment.Job instance at 0x7fc65f068b90>,11,18,[11  2],12,-1,49,-1,31
1,<environment.Job instance at 0x7fc65f149870>,25,19,[5 1],26,-1,50,-1,31
1,<environment.Job instance at 0x7fc65f1495a0>,28,28,[4 7],29,-1,59,-1,31
1,<environment.Job instance at 0x7fc65f1494b0>,29,26,[3 6],30,-1,57,-1,31
1,<environment.Job instance at 0x7fc65f2ef0a0>,17,18,[10  1],18,-1,49,-1,31
1,<environment.Job instance at 0x7fc65f1bba00>,32,15,[3 9],33,-1,50,-1,35
1,<environment.Job instance at 0x7fc65f1b05f0>,40,23,[5 8],41,-1,70,-1,47
1,<environment.Job instance at 0x7fc65f1b00f0>,41,21,[ 4 11],42,-1,68,-1,47
1,<environment.Job instance at 0x7fc65f149820>,27,22,[1 7],28,-1,71,-1,49
1,<environment.Job instance at 0x7fc65eee9460>,51,27,[6 5],52,-1,143,-1,116
1,<environment.Job instance at 0x7fc65f1407d0>,0,2,[14  2],1,-1,3,-1,1
1,<environment.Job instance at 0x7fc65f140960>,3,20,[14  2],4,-1,24,-1,4
1,<environment.Job instance at 0x7fc65f0c4280>,5,2,[ 1 14],6,-1,8,-1,6
1,<environment.Job instance at 0x7fc65f0c49b0>,6,16,[12  1],7,-1,23,-1,7
1,<environment.Job instance at 0x7fc65f122d20>,7,15,[ 4 14],8,-1,23,-1,8
1,<environment.Job instance at 0x7fc65f0c47d0>,9,3,[ 5 11],10,-1,13,-1,10
1,<environment.Job instance at 0x7fc65f106280>,10,22,[11  3],11,-1,33,-1,11
1,<environment.Job instance at 0x7fc65f122dc0>,11,18,[11  2],12,-1,30,-1,12
1,<environment.Job instance at 0x7fc65f0d0190>,16,19,[ 5 14],17,-1,38,-1,19
1,<environment.Job instance at 0x7fc65f0d8cd0>,18,27,[9 4],19,-1,59,-1,32
1,<environment.Job instance at 0x7fc65f0dbaf0>,19,25,[3 9],20,-1,57,-1,32
1,<environment.Job instance at 0x7fc65f0db780>,23,23,[ 2 14],24,-1,56,-1,33
1,<environment.Job instance at 0x7fc65f0d40a0>,24,12,[ 2 11],25,-1,45,-1,33
1,<environment.Job instance at 0x7fc65f0d4500>,28,28,[4 7],29,-1,75,-1,47
1,<environment.Job instance at 0x7fc65f0df410>,29,26,[3 6],30,-1,73,-1,47
1,<environment.Job instance at 0x7fc65f0dff00>,30,12,[11  1],31,-1,59,-1,47
1,<environment.Job instance at 0x7fc65f0e3050>,31,12,[ 5 11],32,-1,59,-1,47
1,<environment.Job instance at 0x7fc65f0e39b0>,34,2,[ 1 11],35,-1,50,-1,48
1,<environment.Job instance at 0x7fc65f0e6f50>,40,23,[5 8],41,-1,99,-1,76
1,<environment.Job instance at 0x7fc65f0c8c30>,41,21,[ 4 11],42,-1,97,-1,76
1,<environment.Job instance at 0x7fc65f0c87d0>,42,2,[ 3 12],43,-1,78,-1,76
1,<environment.Job instance at 0x7fc65f2bb140>,45,24,[12  1],46,-1,110,-1,86
1,<environment.Job instance at 0x7fc65f26f280>,46,14,[11  2],47,-1,100,-1,86
1,<environment.Job instance at 0x7fc65f2a3910>,47,27,[5 3],48,-1,114,-1,87
1,<environment.Job instance at 0x7fc65f13dfa0>,49,17,[ 5 11],50,-1,104,-1,87
1,<environment.Job instance at 0x7fc65f0ea0f0>,44,28,[3 8],45,-1,119,-1,91
1,<environment.Job instance at 0x7fc65f13df00>,52,18,[ 2 14],53,-1,109,-1,91
1,<environment.Job instance at 0x7fc65f1c85a0>,53,2,[11  2],54,-1,93,-1,91
1,<environment.Job instance at 0x7fc65f1c8b40>,54,18,[12  2],55,-1,109,-1,91
1,<environment.Job instance at 0x7fc65f13dc80>,51,27,[6 5],52,-1,131,-1,104
1,<environment.Job instance at 0x7fc65f0f0140>,56,17,[11  1],57,-1,121,-1,104
1,<environment.Job instance at 0x7fc65f0f00a0>,57,13,[ 4 12],58,-1,117,-1,104
1,<environment.Job instance at 0x7fc65f1617d0>,58,17,[11  4],59,-1,121,-1,104
1,<environment.Job instance at 0x7fc65f119af0>,62,28,[7 4],63,-1,147,-1,119
1,<environment.Job instance at 0x7fc65f10e870>,64,28,[4 5],65,-1,147,-1,119
1,<environment.Job instance at 0x7fc65f10edc0>,65,23,[8 3],66,-1,142,-1,119
1,<environment.Job instance at 0x7fc65f120910>,68,28,[9 1],69,-1,177,-1,149
1,<environment.Job instance at 0x7fc65f0f2e60>,72,16,[14  3],73,-1,165,-1,149
1,<environment.Job instance at 0x7fc65f0f2d20>,73,12,[11  4],74,-1,161,-1,149
1,<environment.Job instance at 0x7fc65f089050>,74,15,[14  3],75,-1,164,-1,149
1,<environment.Job instance at 0x7fc65f16a320>,76,13,[ 5 13],77,-1,163,-1,150
1,<environment.Job instance at 0x7fc65f089140>,80,24,[11  3],81,-1,177,-1,153
1,<environment.Job instance at 0x7fc6690c93c0>,1,25,[5 1],2,-1,27,-1,2
1,<environment.Job instance at 0x7fc6690c9c30>,2,17,[4 8],3,-1,20,-1,3
1,<environment.Job instance at 0x7fc660495c80>,1,25,[5 1],2,-1,27,-1,2
1,<environment.Job instance at 0x7fc66011d190>,4,18,[ 4 13],5,-1,23,-1,5
1,<environment.Job instance at 0x7fc65f77a370>,6,15,[13  4],7,-1,22,-1,7
1,<environment.Job instance at 0x7fc66011d9b0>,8,24,[ 2 13],9,-1,33,-1,9
1,<environment.Job instance at 0x7fc65f2b9780>,9,3,[ 2 14],10,-1,13,-1,10
1,<environment.Job instance at 0x7fc668af7230>,10,16,[ 5 13],11,-1,27,-1,11
1,<environment.Job instance at 0x7fc668b33820>,5,24,[9 3],6,-1,39,-1,15
1,<environment.Job instance at 0x7fc6604b2fa0>,15,24,[6 1],16,-1,44,-1,20
1,<environment.Job instance at 0x7fc65f736a50>,17,18,[13  2],18,-1,38,-1,20
1,<environment.Job instance at 0x7fc65f7363c0>,18,19,[ 5 13],19,-1,39,-1,20
1,<environment.Job instance at 0x7fc65f771f00>,19,28,[3 5],20,-1,48,-1,20
1,<environment.Job instance at 0x7fc65febf6e0>,22,26,[5 3],23,-1,49,-1,23
1,<environment.Job instance at 0x7fc65febf5f0>,23,18,[11  4],24,-1,51,-1,33
1,<environment.Job instance at 0x7fc66040d7d0>,24,15,[ 3 11],25,-1,48,-1,33
1,<environment.Job instance at 0x7fc660203370>,26,27,[2 8],27,-1,76,-1,49
1,<environment.Job instance at 0x7fc660203be0>,27,12,[ 3 11],28,-1,61,-1,49
1,<environment.Job instance at 0x7fc660203e60>,30,24,[ 5 11],31,-1,73,-1,49
1,<environment.Job instance at 0x7fc65f33d280>,32,27,[4 6],33,-1,89,-1,62
1,<environment.Job instance at 0x7fc65f33d780>,33,1,[ 2 11],34,-1,63,-1,62
1,<environment.Job instance at 0x7fc65f33d2d0>,35,15,[13  3],36,-1,77,-1,62
1,<environment.Job instance at 0x7fc6600f9eb0>,36,12,[14  2],37,-1,74,-1,62
1,<environment.Job instance at 0x7fc6601ed870>,37,1,[ 2 11],38,-1,63,-1,62
1,<environment.Job instance at 0x7fc65f1b5f50>,39,15,[12  5],40,-1,91,-1,76
1,<environment.Job instance at 0x7fc65f1b51e0>,40,16,[ 3 12],41,-1,92,-1,76
1,<environment.Job instance at 0x7fc65f19ed20>,41,16,[ 3 12],42,-1,92,-1,76
1,<environment.Job instance at 0x7fc65f1496e0>,43,27,[5 1],44,-1,103,-1,76
1,<environment.Job instance at 0x7fc65f149b40>,44,25,[10  4],45,-1,101,-1,76
1,<environment.Job instance at 0x7fc65f19e280>,45,26,[5 4],46,-1,102,-1,76
1,<environment.Job instance at 0x7fc65f365370>,48,12,[ 2 11],49,-1,91,-1,79
1,<environment.Job instance at 0x7fc65f43c5f0>,56,24,[3 6],57,-1,154,-1,130
1,<environment.Job instance at 0x7fc65f43c050>,58,26,[7 4],59,-1,156,-1,130
1,<environment.Job instance at 0x7fc65f43c410>,60,27,[9 5],61,-1,157,-1,130
1,<environment.Job instance at 0x7fc65f1a5960>,66,28,[ 3 14],67,-1,178,-1,150
1,<environment.Job instance at 0x7fc65fa65af0>,0,21,[5 6],1,-1,22,-1,1
1,<environment.Job instance at 0x7fc65fa65cd0>,4,24,[4 8],5,-1,29,-1,5
1,<environment.Job instance at 0x7fc65fa65d20>,7,16,[4 5],8,-1,24,-1,8
1,<environment.Job instance at 0x7fc65f99c730>,8,2,[7 2],9,-1,11,-1,9
1,<environment.Job instance at 0x7fc65f99c690>,9,1,[1 5],10,-1,11,-1,10
1,<environment.Job instance at 0x7fc65f99cd20>,10,1,[1 6],11,-1,12,-1,11
1,<environment.Job instance at 0x7fc65f99c3c0>,11,22,[6 4],12,-1,34,-1,12
1,<environment.Job instance at 0x7fc65f99c0f0>,12,28,[12  4],13,-1,41,-1,13
1,<environment.Job instance at 0x7fc65f99c370>,13,1,[11  1],14,-1,15,-1,14
1,<environment.Job instance at 0x7fc65f99c1e0>,14,17,[2 5],15,-1,32,-1,15
1,<environment.Job instance at 0x7fc65f99c4b0>,15,14,[8 2],16,-1,30,-1,16
1,<environment.Job instance at 0x7fc65f99c870>,21,18,[5 8],22,-1,40,-1,22
1,<environment.Job instance at 0x7fc65f99cb90>,22,19,[2 7],23,-1,42,-1,23
1,<environment.Job instance at 0x7fc65f99ceb0>,17,28,[7 5],18,-1,58,-1,30
1,<environment.Job instance at 0x7fc65fcd5af0>,29,18,[11  5],30,-1,49,-1,31
1,<environment.Job instance at 0x7fc65f99cd70>,20,21,[9 1],21,-1,53,-1,32
1,<environment.Job instance at 0x7fc65fcd5fa0>,26,1,[2 5],27,-1,33,-1,32
1,<environment.Job instance at 0x7fc65fcd59b0>,31,20,[8 3],32,-1,52,-1,32
1,<environment.Job instance at 0x7fc65fcd58c0>,33,18,[5 7],34,-1,52,-1,34
1,<environment.Job instance at 0x7fc65fcd50a0>,28,17,[7 3],29,-1,51,-1,34
1,<environment.Job instance at 0x7fc65fcd5960>,32,25,[5 7],33,-1,61,-1,36
1,<environment.Job instance at 0x7fc65fcd5410>,38,17,[13  2],39,-1,60,-1,43
1,<environment.Job instance at 0x7fc6690cc140>,39,22,[12  5],40,-1,65,-1,43
1,<environment.Job instance at 0x7fc65fcd57d0>,35,21,[ 5 13],36,-1,64,-1,43
1,<environment.Job instance at 0x7fc6690cc7d0>,41,17,[10  4],42,-1,60,-1,43
1,<environment.Job instance at 0x7fc65fcd50f0>,30,28,[7 2],31,-1,71,-1,43
1,<environment.Job instance at 0x7fc65fcd5870>,34,12,[3 8],35,-1,55,-1,43
1,<environment.Job instance at 0x7fc6690cccd0>,43,16,[8 4],44,-1,60,-1,44
1,<environment.Job instance at 0x7fc65f635910>,51,18,[9 4],52,-1,71,-1,53
1,<environment.Job instance at 0x7fc65f321af0>,54,17,[ 3 10],55,-1,97,-1,80
1,<environment.Job instance at 0x7fc65f321820>,55,22,[8 5],56,-1,102,-1,80
1,<environment.Job instance at 0x7fc65f321d20>,57,23,[9 5],58,-1,107,-1,84
1,<environment.Job instance at 0x7fc65f635190>,50,12,[8 1],51,-1,96,-1,84
1,<environment.Job instance at 0x7fc65f3211e0>,58,23,[8 1],59,-1,107,-1,84
1,<environment.Job instance at 0x7fc65f6354b0>,52,25,[11  2],53,-1,121,-1,96
1,<environment.Job instance at 0x7fc65f635230>,48,14,[ 5 14],49,-1,110,-1,96
1,<environment.Job instance at 0x7fc65f3213c0>,59,12,[5 5],60,-1,108,-1,96
1,<environment.Job instance at 0x7fc65f321aa0>,65,18,[6 1],66,-1,114,-1,96
1,<environment.Job instance at 0x7fc65f321500>,67,27,[8 1],68,-1,123,-1,96
1,<environment.Job instance at 0x7fc65f321a50>,68,14,[10  4],69,-1,110,-1,96
1,<environment.Job instance at 0x7fc65f635a50>,44,12,[ 2 13],45,-1,108,-1,96
1,<environment.Job instance at 0x7fc65f3210a0>,69,20,[2 6],70,-1,118,-1,98
1,<environment.Job instance at 0x7fc65f595eb0>,71,23,[5 7],72,-1,121,-1,98
1,<environment.Job instance at 0x7fc65f5955a0>,79,18,[3 6],80,-1,157,-1,139
1,<environment.Job instance at 0x7fc65f595140>,82,18,[ 5 11],83,-1,159,-1,141
1,<environment.Job instance at 0x7fc65f595a50>,84,25,[4 9],85,-1,168,-1,143
1,<environment.Job instance at 0x7fc6690cc4b0>,40,23,[7 1],41,-1,176,-1,153
1,<environment.Job instance at 0x7fc65f595d70>,81,27,[14  3],82,-1,180,-1,153
1,<environment.Job instance at 0x7fc65f474b40>,93,17,[14  3],94,-1,171,-1,154
1,<environment.Job instance at 0x7fc65f5953c0>,86,14,[7 5],87,-1,168,-1,154
1,<environment.Job instance at 0x7fc65f4744b0>,96,24,[10  2],97,-1,178,-1,154
1,<environment.Job instance at 0x7fc65f2be5f0>,98,19,[ 5 10],99,-1,177,-1,158
1,<environment.Job instance at 0x7fc65f5727d0>,5,26,[14  5],6,-1,32,-1,6
1,<environment.Job instance at 0x7fc65f552370>,3,23,[10  3],4,-1,37,-1,14
1,<environment.Job instance at 0x7fc65f5722d0>,4,24,[4 8],5,-1,38,-1,14
1,<environment.Job instance at 0x7fc65f362f00>,12,28,[12  4],13,-1,43,-1,15
1,<environment.Job instance at 0x7fc65f71e870>,13,1,[11  1],14,-1,16,-1,15
1,<environment.Job instance at 0x7fc65f367500>,17,28,[7 5],18,-1,59,-1,31
1,<environment.Job instance at 0x7fc65f31b050>,23,24,[1 9],24,-1,62,-1,38
1,<environment.Job instance at 0x7fc65f31b410>,24,25,[ 3 10],25,-1,63,-1,38
1,<environment.Job instance at 0x7fc65f2b7d20>,27,2,[13  5],28,-1,41,-1,39
1,<environment.Job instance at 0x7fc65f2b7f50>,29,18,[11  5],30,-1,57,-1,39
1,<environment.Job instance at 0x7fc6601470a0>,30,28,[7 2],31,-1,77,-1,49
1,<environment.Job instance at 0x7fc660147230>,32,25,[5 7],33,-1,74,-1,49
1,<environment.Job instance at 0x7fc65f00e640>,35,21,[ 5 13],36,-1,78,-1,57
1,<environment.Job instance at 0x7fc65f1c0820>,38,17,[13  2],39,-1,76,-1,59
1,<environment.Job instance at 0x7fc65f1c0af0>,39,22,[12  5],40,-1,81,-1,59
1,<environment.Job instance at 0x7fc65f1c02d0>,40,23,[7 1],41,-1,103,-1,80
1,<environment.Job instance at 0x7fc65f43c3c0>,44,12,[ 2 13],45,-1,92,-1,80
1,<environment.Job instance at 0x7fc65f43cb90>,48,14,[ 5 14],49,-1,104,-1,90
1,<environment.Job instance at 0x7fc65f43cc80>,47,24,[10  2],48,-1,121,-1,97
1,<environment.Job instance at 0x7fc6601581e0>,52,25,[11  2],53,-1,123,-1,98
1,<environment.Job instance at 0x7fc65f3655a0>,53,15,[ 3 12],54,-1,113,-1,98
1,<environment.Job instance at 0x7fc6600f95a0>,57,23,[9 5],58,-1,146,-1,123
1,<environment.Job instance at 0x7fc6600f9410>,58,23,[8 1],59,-1,146,-1,123
1,<environment.Job instance at 0x7fc65f33d410>,60,15,[ 5 14],61,-1,138,-1,123
1,<environment.Job instance at 0x7fc668aea6e0>,64,3,[11  3],65,-1,138,-1,135
1,<environment.Job instance at 0x7fc65f6caf00>,67,27,[8 1],68,-1,177,-1,150
1,<environment.Job instance at 0x7fc65fd685f0>,7,12,[10  3],8,-1,21,-1,9
1,<environment.Job instance at 0x7fc65fd68eb0>,9,15,[10  1],10,-1,25,-1,10
1,<environment.Job instance at 0x7fc65fd68d70>,10,20,[4 5],11,-1,31,-1,11
1,<environment.Job instance at 0x7fc65fd68690>,11,23,[6 5],12,-1,35,-1,12
1,<environment.Job instance at 0x7fc65fd68cd0>,12,17,[2 6],13,-1,30,-1,13
1,<environment.Job instance at 0x7fc65fd93870>,14,27,[4 6],15,-1,42,-1,15
1,<environment.Job instance at 0x7fc65fd73fa0>,17,21,[9 2],18,-1,39,-1,18
1,<environment.Job instance at 0x7fc65fd73230>,19,17,[4 7],20,-1,37,-1,20
1,<environment.Job instance at 0x7fc65fd68370>,22,16,[10  5],23,-1,39,-1,23
1,<environment.Job instance at 0x7fc660110a00>,8,14,[5 4],9,-1,45,-1,31
1,<environment.Job instance at 0x7fc65fd68730>,6,15,[13  3],7,-1,46,-1,31
1,<environment.Job instance at 0x7fc65fd88aa0>,30,16,[11  3],31,-1,47,-1,31
1,<environment.Job instance at 0x7fc65f796960>,29,22,[7 5],30,-1,53,-1,31
1,<environment.Job instance at 0x7fc65f007870>,26,22,[8 4],27,-1,54,-1,32
1,<environment.Job instance at 0x7fc65f02a190>,31,18,[ 5 10],32,-1,51,-1,33
1,<environment.Job instance at 0x7fc65f02da50>,24,13,[7 5],25,-1,49,-1,36
1,<environment.Job instance at 0x7fc65fd88410>,32,2,[2 6],33,-1,38,-1,36
1,<environment.Job instance at 0x7fc65f7a9b40>,36,3,[1 9],37,-1,40,-1,37
1,<environment.Job instance at 0x7fc65f7bf140>,37,15,[10  4],38,-1,53,-1,38
1,<environment.Job instance at 0x7fc65f7bfe10>,38,13,[ 4 10],39,-1,52,-1,39
1,<environment.Job instance at 0x7fc65f7a9370>,35,16,[9 4],36,-1,56,-1,40
1,<environment.Job instance at 0x7fc65fd88eb0>,33,24,[1 6],34,-1,64,-1,40
1,<environment.Job instance at 0x7fc65f300f00>,39,17,[3 9],40,-1,60,-1,43
1,<environment.Job instance at 0x7fc65f79d6e0>,42,12,[5 6],43,-1,58,-1,46
1,<environment.Job instance at 0x7fc65f2e4410>,45,22,[12  2],46,-1,68,-1,46
1,<environment.Job instance at 0x7fc65fd72140>,46,26,[ 2 10],47,-1,73,-1,47
1,<environment.Job instance at 0x7fc65fd72a00>,49,17,[4 5],50,-1,68,-1,51
1,<environment.Job instance at 0x7fc65f2cbdc0>,52,23,[13  5],53,-1,76,-1,53
1,<environment.Job instance at 0x7fc65f2cbbe0>,54,20,[ 2 10],55,-1,80,-1,60
1,<environment.Job instance at 0x7fc65f2cbe10>,51,24,[9 3],52,-1,84,-1,60
1,<environment.Job instance at 0x7fc65f2c7230>,56,25,[3 6],57,-1,85,-1,60
1,<environment.Job instance at 0x7fc65f2c7280>,60,18,[6 5],61,-1,93,-1,75
1,<environment.Job instance at 0x7fc65f2c7730>,59,27,[9 3],60,-1,118,-1,91
1,<environment.Job instance at 0x7fc65f00c3c0>,44,12,[5 1],45,-1,103,-1,91
1,<environment.Job instance at 0x7fc65f2c74b0>,63,26,[ 3 14],64,-1,117,-1,91
1,<environment.Job instance at 0x7fc65f2c7be0>,65,12,[1 7],66,-1,104,-1,92
1,<environment.Job instance at 0x7fc65f2cbeb0>,53,22,[ 4 10],54,-1,114,-1,92
1,<environment.Job instance at 0x7fc65f2c75a0>,66,15,[3 7],67,-1,111,-1,96
1,<environment.Job instance at 0x7fc65f2c7cd0>,64,15,[11  5],65,-1,111,-1,96
1,<environment.Job instance at 0x7fc65f2c7fa0>,67,25,[8 4],68,-1,121,-1,96
1,<environment.Job instance at 0x7fc65f302780>,68,12,[1 8],69,-1,108,-1,96
1,<environment.Job instance at 0x7fc65f302960>,71,14,[4 5],72,-1,110,-1,96
1,<environment.Job instance at 0x7fc65f302a00>,72,18,[2 5],73,-1,114,-1,96
1,<environment.Job instance at 0x7fc65f302820>,69,16,[5 1],70,-1,112,-1,96
1,<environment.Job instance at 0x7fc65f302b40>,74,14,[1 7],75,-1,110,-1,96
1,<environment.Job instance at 0x7fc65f302cd0>,75,15,[ 1 10],76,-1,111,-1,96
1,<environment.Job instance at 0x7fc65f302fa0>,77,14,[5 7],78,-1,110,-1,96
1,<environment.Job instance at 0x7fc65f302eb0>,78,15,[6 2],79,-1,111,-1,96
1,<environment.Job instance at 0x7fc65f3028c0>,70,18,[ 4 12],71,-1,115,-1,97
1,<environment.Job instance at 0x7fc65f7181e0>,80,26,[1 6],81,-1,125,-1,99
1,<environment.Job instance at 0x7fc65f302e10>,79,2,[10  4],80,-1,101,-1,99
1,<environment.Job instance at 0x7fc65f7183c0>,83,15,[14  2],84,-1,114,-1,99
1,<environment.Job instance at 0x7fc65f718280>,81,23,[5 5],82,-1,123,-1,100
1,<environment.Job instance at 0x7fc65f718320>,82,1,[12  2],83,-1,101,-1,100
1,<environment.Job instance at 0x7fc65f7185a0>,86,13,[11  4],87,-1,114,-1,101
1,<environment.Job instance at 0x7fc65f718640>,87,28,[6 1],88,-1,130,-1,102
1,<environment.Job instance at 0x7fc65f718460>,84,15,[10  3],85,-1,117,-1,102
1,<environment.Job instance at 0x7fc65f718820>,90,27,[10  3],91,-1,129,-1,102
1,<environment.Job instance at 0x7fc65fd72b40>,47,14,[12  5],48,-1,116,-1,102
1,<environment.Job instance at 0x7fc65f718910>,94,18,[10  1],95,-1,140,-1,122
1,<environment.Job instance at 0x7fc65f718a00>,93,16,[9 4],94,-1,138,-1,122
1,<environment.Job instance at 0x7fc65f718e10>,97,26,[3 6],98,-1,149,-1,123
1,<environment.Job instance at 0x7fc65f718aa0>,95,22,[5 5],96,-1,145,-1,123
1,<environment.Job instance at 0x7fc65f718b40>,100,20,[3 8],101,-1,144,-1,124
1,<environment.Job instance at 0x7fc65f718fa0>,102,24,[10  4],103,-1,148,-1,124
1,<environment.Job instance at 0x7fc65f71b370>,103,21,[4 7],104,-1,145,-1,124
1,<environment.Job instance at 0x7fc65f7189b0>,92,2,[3 7],93,-1,126,-1,124
1,<environment.Job instance at 0x7fc65f718cd0>,96,12,[9 1],97,-1,138,-1,126
1,<environment.Job instance at 0x7fc65f71b460>,104,17,[ 2 11],105,-1,143,-1,126
1,<environment.Job instance at 0x7fc65f71b730>,107,25,[7 5],108,-1,152,-1,127
1,<environment.Job instance at 0x7fc65f71b7d0>,108,21,[7 5],109,-1,148,-1,127
1,<environment.Job instance at 0x7fc65f71b910>,110,14,[ 1 13],111,-1,141,-1,127
1,<environment.Job instance at 0x7fc65f71ba50>,111,23,[9 4],112,-1,150,-1,127
1,<environment.Job instance at 0x7fc65f71baf0>,112,28,[8 5],113,-1,155,-1,127
1,<environment.Job instance at 0x7fc65f71bb90>,113,12,[5 8],114,-1,139,-1,127
1,<environment.Job instance at 0x7fc65f71bc30>,114,23,[8 4],115,-1,150,-1,127
1,<environment.Job instance at 0x7fc65f71b640>,105,15,[4 9],106,-1,142,-1,127
1,<environment.Job instance at 0x7fc65f71b550>,115,14,[3 8],116,-1,141,-1,127
1,<environment.Job instance at 0x7fc65f71bd20>,116,12,[10  1],117,-1,139,-1,127
1,<environment.Job instance at 0x7fc65f71bd70>,118,14,[ 4 10],119,-1,141,-1,127
1,<environment.Job instance at 0x7fc65f71bfa0>,119,18,[4 6],120,-1,145,-1,127
1,<environment.Job instance at 0x7fc65f71be60>,120,20,[9 4],121,-1,147,-1,127
1,<environment.Job instance at 0x7fc65f7320a0>,121,20,[5 1],122,-1,147,-1,127
1,<environment.Job instance at 0x7fc65f732140>,122,12,[11  5],123,-1,139,-1,127
1,<environment.Job instance at 0x7fc65f71ba00>,117,12,[2 7],118,-1,139,-1,127
1,<environment.Job instance at 0x7fc65f718f00>,99,21,[ 1 12],100,-1,149,-1,128
1,<environment.Job instance at 0x7fc65f718e60>,98,2,[4 7],99,-1,131,-1,129
1,<environment.Job instance at 0x7fc65f732280>,124,13,[7 4],125,-1,148,-1,135
1,<environment.Job instance at 0x7fc65f7323c0>,126,17,[1 8],127,-1,153,-1,136
1,<environment.Job instance at 0x7fc65f732500>,127,16,[6 2],128,-1,154,-1,138
1,<environment.Job instance at 0x7fc65f7326e0>,128,19,[ 4 11],129,-1,157,-1,138
1,<environment.Job instance at 0x7fc65f71b0a0>,101,13,[13  4],102,-1,151,-1,138
1,<environment.Job instance at 0x7fc65f7325f0>,129,24,[9 5],130,-1,162,-1,138
1,<environment.Job instance at 0x7fc65f732910>,131,16,[ 3 10],132,-1,155,-1,139
1,<environment.Job instance at 0x7fc65f732780>,132,16,[5 7],133,-1,155,-1,139
1,<environment.Job instance at 0x7fc65f732320>,125,25,[12  1],126,-1,164,-1,139
1,<environment.Job instance at 0x7fc65f7321e0>,123,16,[3 8],124,-1,155,-1,139
1,<environment.Job instance at 0x7fc65f7327d0>,130,16,[7 2],131,-1,156,-1,140
1,<environment.Job instance at 0x7fc65f732c80>,138,27,[ 2 11],139,-1,168,-1,141
1,<environment.Job instance at 0x7fc65f70a320>,140,19,[2 8],141,-1,160,-1,141
1,<environment.Job instance at 0x7fc65f70a2d0>,142,16,[12  1],143,-1,159,-1,143
1,<environment.Job instance at 0x7fc65f70a140>,141,17,[ 5 11],142,-1,161,-1,144
1,<environment.Job instance at 0x7fc65f70a3c0>,143,26,[9 2],144,-1,170,-1,144
1,<environment.Job instance at 0x7fc65f70a460>,145,20,[ 1 13],146,-1,166,-1,146
1,<environment.Job instance at 0x7fc65fd68410>,1,16,[12  2],2,-1,18,-1,2
1,<environment.Job instance at 0x7fc65fd73b40>,2,15,[ 5 12],3,-1,18,-1,3
1,<environment.Job instance at 0x7fc65f7855a0>,4,2,[13  3],5,-1,7,-1,5
1,<environment.Job instance at 0x7fc65f00c820>,6,15,[13  3],7,-1,22,-1,7
1,<environment.Job instance at 0x7fc65f356a00>,13,2,[ 5 13],14,-1,16,-1,14
1,<environment.Job instance at 0x7fc65f71b190>,11,23,[6 5],12,-1,41,-1,18
1,<environment.Job instance at 0x7fc65fa60eb0>,18,22,[ 3 12],19,-1,45,-1,23
1,<environment.Job instance at 0x7fc65fa328c0>,14,27,[4 6],15,-1,57,-1,30
1,<environment.Job instance at 0x7fc65fa60f50>,21,17,[ 2 12],22,-1,47,-1,30
1,<environment.Job instance at 0x7fc65fa22e10>,30,16,[11  3],31,-1,66,-1,50
1,<environment.Job instance at 0x7fc65fa25500>,34,16,[14  5],35,-1,77,-1,61
1,<environment.Job instance at 0x7fc65fa22320>,33,24,[1 6],34,-1,87,-1,63
1,<environment.Job instance at 0x7fc65fa6c820>,43,3,[ 1 14],44,-1,101,-1,98
1,<environment.Job instance at 0x7fc65fa6c2d0>,45,22,[12  2],46,-1,130,-1,108
1,<environment.Job instance at 0x7fc65fa6c910>,47,14,[12  5],48,-1,122,-1,108
1,<environment.Job instance at 0x7fc65fa6cbe0>,46,26,[ 2 10],47,-1,148,-1,122
1,<environment.Job instance at 0x7fc65fa65c80>,51,24,[9 3],52,-1,148,-1,124
1,<environment.Job instance at 0x7fc65fa651e0>,52,23,[13  5],53,-1,147,-1,124
1,<environment.Job instance at 0x7fc65fa5a320>,55,2,[12  3],56,-1,129,-1,127
1,<environment.Job instance at 0x7fc65fe73280>,56,25,[3 6],57,-1,165,-1,140
1,<environment.Job instance at 0x7fc65fc44320>,58,13,[12  4],59,-1,153,-1,140
1,<environment.Job instance at 0x7fc65fc44fa0>,59,27,[9 3],60,-1,168,-1,141
1,<environment.Job instance at 0x7fc65f9045f0>,61,18,[ 5 12],62,-1,159,-1,141
1,<environment.Job instance at 0x7fc65f904730>,62,2,[ 2 13],63,-1,143,-1,141
1,<environment.Job instance at 0x7fc65f9046e0>,63,26,[ 3 14],64,-1,167,-1,141
1,<environment.Job instance at 0x7fc6690dadc0>,64,15,[11  5],65,-1,156,-1,141
1,<environment.Job instance at 0x7fc65f904690>,67,25,[8 4],68,-1,182,-1,157
1,<environment.Job instance at 0x7fc65f015dc0>,0,16,[9 4],1,-1,18,-1,2
1,<environment.Job instance at 0x7fc65f0151e0>,2,14,[ 2 10],3,-1,17,-1,3
1,<environment.Job instance at 0x7fc65f015190>,3,25,[3 9],4,-1,29,-1,4
1,<environment.Job instance at 0x7fc65f015a00>,4,16,[ 3 10],5,-1,21,-1,5
1,<environment.Job instance at 0x7fc65f015140>,5,18,[5 5],6,-1,24,-1,6
1,<environment.Job instance at 0x7fc65f015e60>,6,16,[5 5],7,-1,23,-1,7
1,<environment.Job instance at 0x7fc65f3c2500>,7,17,[ 3 10],8,-1,25,-1,8
1,<environment.Job instance at 0x7fc65f3c2820>,8,13,[3 9],9,-1,22,-1,9
1,<environment.Job instance at 0x7fc65f3c2280>,9,2,[ 3 10],10,-1,12,-1,10
1,<environment.Job instance at 0x7fc65f3c26e0>,10,18,[1 5],11,-1,29,-1,11
1,<environment.Job instance at 0x7fc65f3c25a0>,11,18,[9 5],12,-1,30,-1,12
1,<environment.Job instance at 0x7fc65f3c2140>,12,19,[4 5],13,-1,32,-1,13
1,<environment.Job instance at 0x7fc65f3c2be0>,13,3,[1 9],14,-1,17,-1,14
1,<environment.Job instance at 0x7fc65f3c2c80>,14,13,[11  4],15,-1,28,-1,15
1,<environment.Job instance at 0x7fc65f3c2050>,15,12,[2 6],16,-1,28,-1,16
1,<environment.Job instance at 0x7fc65f3c24b0>,16,16,[ 2 13],17,-1,33,-1,17
1,<environment.Job instance at 0x7fc65f3c2320>,17,1,[5 8],18,-1,19,-1,18
1,<environment.Job instance at 0x7fc65f3c21e0>,18,13,[5 5],19,-1,32,-1,19
1,<environment.Job instance at 0x7fc65f3c2190>,20,16,[8 3],21,-1,37,-1,21
1,<environment.Job instance at 0x7fc65f3c27d0>,21,1,[5 4],22,-1,23,-1,22
1,<environment.Job instance at 0x7fc65f3c2960>,22,23,[9 4],23,-1,46,-1,23
1,<environment.Job instance at 0x7fc65f3c2eb0>,23,21,[8 2],24,-1,45,-1,24
1,<environment.Job instance at 0x7fc65f3c22d0>,26,17,[11  2],27,-1,44,-1,27
1,<environment.Job instance at 0x7fc65f79f280>,27,18,[5 5],28,-1,46,-1,28
1,<environment.Job instance at 0x7fc65f015b40>,1,19,[ 5 13],2,-1,48,-1,29
1,<environment.Job instance at 0x7fc65f79f2d0>,36,14,[9 1],37,-1,58,-1,44
1,<environment.Job instance at 0x7fc65f732fa0>,1,19,[ 5 13],2,-1,21,-1,2
1,<environment.Job instance at 0x7fc65f718c30>,3,25,[3 9],4,-1,42,-1,17
1,<environment.Job instance at 0x7fc65fd6bc80>,14,13,[11  4],15,-1,46,-1,33
1,<environment.Job instance at 0x7fc65f79f550>,16,16,[ 2 13],17,-1,64,-1,48
1,<environment.Job instance at 0x7fc65f015370>,22,23,[9 4],23,-1,78,-1,55
1,<environment.Job instance at 0x7fc66055ac30>,24,21,[ 5 13],25,-1,76,-1,55
1,<environment.Job instance at 0x7fc65f4e69b0>,26,17,[11  2],27,-1,72,-1,55
1,<environment.Job instance at 0x7fc65fb24410>,29,28,[10  3],30,-1,100,-1,72
1,<environment.Job instance at 0x7fc65fb95f00>,30,28,[10  4],31,-1,100,-1,72
1,<environment.Job instance at 0x7fc660495c30>,33,1,[13  3],34,-1,73,-1,72
1,<environment.Job instance at 0x7fc65fbcc0f0>,32,25,[5 7],33,-1,99,-1,74
1,<environment.Job instance at 0x7fc65f08deb0>,40,18,[ 1 14],41,-1,122,-1,104
1,<environment.Job instance at 0x7fc65f595190>,39,28,[3 8],40,-1,139,-1,111
1,<environment.Job instance at 0x7fc65f2eb500>,43,16,[12  2],44,-1,127,-1,111
1,<environment.Job instance at 0x7fc65f75faa0>,44,12,[11  2],45,-1,123,-1,111
1,<environment.Job instance at 0x7fc65fdb0230>,47,21,[11  1],48,-1,139,-1,118
1,<environment.Job instance at 0x7fc65fb9ac30>,49,24,[8 3],50,-1,160,-1,136
1,<environment.Job instance at 0x7fc65fb9a910>,50,14,[11  2],51,-1,150,-1,136
1,<environment.Job instance at 0x7fc65fb9a9b0>,51,23,[ 5 10],52,-1,159,-1,136
1,<environment.Job instance at 0x7fc65fb9aaa0>,52,25,[ 2 14],53,-1,161,-1,136
1,<environment.Job instance at 0x7fc65fb9a230>,53,12,[ 3 13],54,-1,148,-1,136
1,<environment.Job instance at 0x7fc65f7a1640>,1,17,[ 1 10],2,-1,20,-1,3
1,<environment.Job instance at 0x7fc65f79cc30>,3,28,[5 1],4,-1,32,-1,4
1,<environment.Job instance at 0x7fc65f79caa0>,4,22,[8 3],5,-1,27,-1,5
1,<environment.Job instance at 0x7fc65f7a2140>,2,28,[ 2 14],3,-1,34,-1,6
1,<environment.Job instance at 0x7fc65f7add70>,7,21,[9 1],8,-1,30,-1,9
1,<environment.Job instance at 0x7fc65f7ad9b0>,8,21,[8 2],9,-1,30,-1,9
1,<environment.Job instance at 0x7fc65f7ad870>,9,16,[1 7],10,-1,27,-1,11
1,<environment.Job instance at 0x7fc65f7add20>,10,21,[8 3],11,-1,32,-1,11
1,<environment.Job instance at 0x7fc65f7afdc0>,11,18,[1 6],12,-1,31,-1,13
1,<environment.Job instance at 0x7fc65f776500>,15,17,[11  4],16,-1,33,-1,16
1,<environment.Job instance at 0x7fc65f776c80>,18,15,[2 5],19,-1,34,-1,19
1,<environment.Job instance at 0x7fc65f776be0>,19,18,[9 5],20,-1,38,-1,20
1,<environment.Job instance at 0x7fc65f776a50>,21,26,[ 4 10],22,-1,48,-1,22
1,<environment.Job instance at 0x7fc65f21b1e0>,23,16,[1 9],24,-1,40,-1,24
1,<environment.Job instance at 0x7fc65f7be870>,24,17,[2 6],25,-1,42,-1,25
1,<environment.Job instance at 0x7fc65f7becd0>,25,25,[5 5],26,-1,51,-1,26
1,<environment.Job instance at 0x7fc65f7be910>,26,26,[2 9],27,-1,53,-1,27
1,<environment.Job instance at 0x7fc65f7b8be0>,27,22,[5 3],28,-1,50,-1,28
1,<environment.Job instance at 0x7fc660454050>,0,2,[ 1 13],1,-1,3,-1,1
1,<environment.Job instance at 0x7fc65f383e10>,2,28,[ 2 14],3,-1,31,-1,3
1,<environment.Job instance at 0x7fc65f383c30>,3,28,[5 1],4,-1,32,-1,4
1,<environment.Job instance at 0x7fc65f02a230>,6,21,[ 1 11],7,-1,28,-1,7
1,<environment.Job instance at 0x7fc66044d6e0>,14,1,[ 2 13],15,-1,28,-1,27
1,<environment.Job instance at 0x7fc65f345960>,15,17,[11  4],16,-1,44,-1,27
1,<environment.Job instance at 0x7fc65eeb7320>,16,27,[ 4 13],17,-1,54,-1,27
1,<environment.Job instance at 0x7fc65f345690>,17,15,[14  1],18,-1,42,-1,27
1,<environment.Job instance at 0x7fc66044d4b0>,12,26,[2 9],13,-1,61,-1,35
1,<environment.Job instance at 0x7fc65f280e10>,21,26,[ 4 10],22,-1,61,-1,35
1,<environment.Job instance at 0x7fc65f280a00>,25,25,[5 5],26,-1,61,-1,36
1,<environment.Job instance at 0x7fc65f280c30>,26,26,[2 9],27,-1,67,-1,41
1,<environment.Job instance at 0x7fc65f2806e0>,28,15,[12  4],29,-1,56,-1,41
1,<environment.Job instance at 0x7fc65ff7eb40>,29,27,[10  3],30,-1,68,-1,41
1,<environment.Job instance at 0x7fc65ff7e780>,30,1,[ 1 11],31,-1,42,-1,41
1,<environment.Job instance at 0x7fc65fd0b960>,31,18,[ 2 12],32,-1,59,-1,41
1,<environment.Job instance at 0x7fc65eea7690>,32,22,[ 2 11],33,-1,63,-1,41
1,<environment.Job instance at 0x7fc65fb76690>,33,23,[8 4],34,-1,64,-1,41
1,<environment.Job instance at 0x7fc65fb766e0>,35,28,[ 4 10],36,-1,79,-1,51
1,<environment.Job instance at 0x7fc65eeb9870>,38,24,[2 6],39,-1,78,-1,54
1,<environment.Job instance at 0x7fc6602ba0f0>,44,1,[11  5],45,-1,86,-1,85
1,<environment.Job instance at 0x7fc6602ba730>,45,14,[ 5 14],46,-1,99,-1,85
1,<environment.Job instance at 0x7fc6602baaf0>,49,2,[ 5 13],50,-1,95,-1,93
1,<environment.Job instance at 0x7fc6602ba640>,47,25,[9 2],48,-1,128,-1,103
1,<environment.Job instance at 0x7fc65f365640>,42,27,[ 2 10],43,-1,132,-1,105
1,<environment.Job instance at 0x7fc65fb9adc0>,52,13,[ 5 13],53,-1,118,-1,105
1,<environment.Job instance at 0x7fc65f368500>,55,24,[5 1],56,-1,129,-1,105
1,<environment.Job instance at 0x7fc65f368b90>,56,13,[ 5 12],57,-1,118,-1,105
1,<environment.Job instance at 0x7fc65f8a0dc0>,58,23,[1 8],59,-1,143,-1,120
1,<environment.Job instance at 0x7fc6604950f0>,59,28,[ 2 10],60,-1,148,-1,120
1,<environment.Job instance at 0x7fc65f76ad20>,62,21,[ 3 14],63,-1,141,-1,120
1,<environment.Job instance at 0x7fc65f302d20>,66,21,[13  5],67,-1,160,-1,139
1,<environment.Job instance at 0x7fc65f732870>,70,14,[11  4],71,-1,173,-1,159
1,<environment.Job instance at 0x7fc65f2ac910>,1,23,[2 6],2,-1,25,-1,2
1,<environment.Job instance at 0x7fc65f2acbe0>,4,22,[6 5],5,-1,27,-1,5
1,<environment.Job instance at 0x7fc65f2acc30>,13,16,[4 6],14,-1,30,-1,14
1,<environment.Job instance at 0x7fc65ee77050>,14,15,[ 5 12],15,-1,30,-1,15
1,<environment.Job instance at 0x7fc65ee77dc0>,15,19,[ 4 10],16,-1,35,-1,16
1,<environment.Job instance at 0x7fc65ee77690>,19,25,[10  5],20,-1,123,-1,98
1,<environment.Job instance at 0x7fc65ff311e0>,36,26,[11  1],37,-1,124,-1,98
1,<environment.Job instance at 0x7fc65ee779b0>,26,15,[14  4],27,-1,114,-1,99
1,<environment.Job instance at 0x7fc65ff31960>,39,13,[10  1],40,-1,112,-1,99
1,<environment.Job instance at 0x7fc65ff312d0>,41,16,[9 3],42,-1,132,-1,116
1,<environment.Job instance at 0x7fc65efc2af0>,1,23,[2 6],2,-1,25,-1,2
1,<environment.Job instance at 0x7fc668ce1190>,2,15,[ 3 13],3,-1,18,-1,3
1,<environment.Job instance at 0x7fc668efbb40>,6,13,[11  4],7,-1,20,-1,7
1,<environment.Job instance at 0x7fc660524320>,7,17,[ 3 12],8,-1,25,-1,8
1,<environment.Job instance at 0x7fc65f2e21e0>,10,2,[12  2],11,-1,13,-1,11
1,<environment.Job instance at 0x7fc65f3934b0>,11,17,[13  5],12,-1,29,-1,12
1,<environment.Job instance at 0x7fc65f2e20a0>,5,24,[9 2],6,-1,43,-1,19
1,<environment.Job instance at 0x7fc65f08d050>,14,15,[ 5 12],15,-1,34,-1,19
1,<environment.Job instance at 0x7fc65f9f9050>,19,25,[10  5],20,-1,52,-1,27
1,<environment.Job instance at 0x7fc6602bad70>,23,28,[4 6],24,-1,57,-1,29
1,<environment.Job instance at 0x7fc65ff7e640>,24,26,[2 6],25,-1,55,-1,29
1,<environment.Job instance at 0x7fc65f280c30>,26,15,[14  4],27,-1,44,-1,29
1,<environment.Job instance at 0x7fc65f280320>,27,13,[13  5],28,-1,42,-1,29
1,<environment.Job instance at 0x7fc65f345960>,32,1,[ 1 13],33,-1,42,-1,41
1,<environment.Job instance at 0x7fc65f2809b0>,33,26,[8 2],34,-1,71,-1,45
1,<environment.Job instance at 0x7fc6600f6910>,34,26,[5 7],35,-1,82,-1,56
1,<environment.Job instance at 0x7fc65f68ba50>,36,26,[11  1],37,-1,82,-1,56
1,<environment.Job instance at 0x7fc65ee772d0>,42,18,[ 1 12],43,-1,88,-1,70
1,<environment.Job instance at 0x7fc65ee77f50>,43,15,[ 3 11],44,-1,85,-1,70
1,<environment.Job instance at 0x7fc6600e6c30>,44,24,[1 5],45,-1,107,-1,83
1,<environment.Job instance at 0x7fc6600e60a0>,45,23,[6 3],46,-1,106,-1,83
1,<environment.Job instance at 0x7fc6600e6870>,46,16,[ 2 13],47,-1,99,-1,83
1,<environment.Job instance at 0x7fc65fb89a00>,47,21,[ 4 13],48,-1,104,-1,83
1,<environment.Job instance at 0x7fc65fb89500>,50,27,[13  3],51,-1,113,-1,86
1,<environment.Job instance at 0x7fc668a4b640>,51,24,[3 9],52,-1,120,-1,96
1,<environment.Job instance at 0x7fc668ac6b40>,53,23,[14  1],54,-1,119,-1,96
1,<environment.Job instance at 0x7fc668ac6eb0>,54,27,[11  2],55,-1,123,-1,96
1,<environment.Job instance at 0x7fc65f8c4eb0>,57,22,[ 3 14],58,-1,124,-1,102
1,<environment.Job instance at 0x7fc65f0b6640>,58,15,[13  2],59,-1,117,-1,102
1,<environment.Job instance at 0x7fc65f0b61e0>,59,16,[11  3],60,-1,118,-1,102
1,<environment.Job instance at 0x7fc65f2acaa0>,63,1,[13  2],64,-1,115,-1,114
1,<environment.Job instance at 0x7fc65f2e98c0>,69,28,[13  5],70,-1,169,-1,141
1,<environment.Job instance at 0x7fc65f2e9a00>,70,27,[6 1],71,-1,172,-1,145
1,<environment.Job instance at 0x7fc65f2e9780>,72,17,[ 5 11],73,-1,162,-1,145
1,<environment.Job instance at 0x7fc65ecd7d20>,1,15,[10  1],2,-1,20,-1,5
1,<environment.Job instance at 0x7fc65ecd7c80>,5,22,[6 4],6,-1,28,-1,6
1,<environment.Job instance at 0x7fc65ecd70a0>,7,17,[ 4 10],8,-1,25,-1,8
1,<environment.Job instance at 0x7fc65ecd79b0>,8,14,[11  2],9,-1,23,-1,9
1,<environment.Job instance at 0x7fc65ecd7320>,4,16,[5 4],5,-1,25,-1,9
1,<environment.Job instance at 0x7fc65ecaaaf0>,13,16,[11  4],14,-1,31,-1,15
1,<environment.Job instance at 0x7fc65ecaab40>,20,26,[1 9],21,-1,47,-1,21
1,<environment.Job instance at 0x7fc65ecaab90>,21,25,[5 4],22,-1,47,-1,22
1,<environment.Job instance at 0x7fc65ecaaf00>,22,22,[ 2 10],23,-1,45,-1,23
1,<environment.Job instance at 0x7fc65ecaa550>,24,18,[3 9],25,-1,43,-1,25
1,<environment.Job instance at 0x7fc65f4c4d70>,8,14,[11  2],9,-1,31,-1,17
1,<environment.Job instance at 0x7fc65f743640>,9,23,[12  3],10,-1,40,-1,17
1,<environment.Job instance at 0x7fc65ff54500>,10,28,[4 7],11,-1,45,-1,17
1,<environment.Job instance at 0x7fc65ff54d70>,13,16,[11  4],14,-1,35,-1,19
1,<environment.Job instance at 0x7fc65ff54aa0>,14,24,[1 7],15,-1,45,-1,21
1,<environment.Job instance at 0x7fc65ff45460>,16,17,[13  2],17,-1,38,-1,21
1,<environment.Job instance at 0x7fc65ff45c80>,18,23,[13  4],19,-1,44,-1,21
1,<environment.Job instance at 0x7fc65ff41e10>,21,25,[5 4],22,-1,49,-1,24
1,<environment.Job instance at 0x7fc65ff41f50>,23,3,[13  4],24,-1,27,-1,24
1,<environment.Job instance at 0x7fc65ff5b3c0>,25,12,[13  4],26,-1,46,-1,34
1,<environment.Job instance at 0x7fc65ff35140>,27,19,[12  3],28,-1,56,-1,37
1,<environment.Job instance at 0x7fc65ff35230>,28,17,[ 5 11],29,-1,54,-1,37
1,<environment.Job instance at 0x7fc65ff457d0>,20,26,[1 9],21,-1,79,-1,53
1,<environment.Job instance at 0x7fc65ff4d370>,32,18,[14  2],33,-1,71,-1,53
1,<environment.Job instance at 0x7fc65ff4dcd0>,33,15,[14  3],34,-1,68,-1,53
1,<environment.Job instance at 0x7fc65f6b3b40>,35,17,[12  2],36,-1,70,-1,53
1,<environment.Job instance at 0x7fc65ff4a050>,36,20,[ 5 12],37,-1,73,-1,53
1,<environment.Job instance at 0x7fc65ff4ad20>,37,28,[ 5 11],38,-1,81,-1,53
1,<environment.Job instance at 0x7fc660369be0>,39,23,[5 9],40,-1,91,-1,68
1,<environment.Job instance at 0x7fc6603832d0>,41,28,[14  5],42,-1,96,-1,68
1,<environment.Job instance at 0x7fc660383cd0>,43,13,[12  1],44,-1,83,-1,70
1,<environment.Job instance at 0x7fc6603936e0>,44,28,[ 5 11],45,-1,98,-1,70
1,<environment.Job instance at 0x7fc660389d20>,52,13,[ 4 14],53,-1,114,-1,101
1,<environment.Job instance at 0x7fc660366cd0>,57,1,[ 4 12],58,-1,117,-1,116
1,<environment.Job instance at 0x7fc65fcb09b0>,59,16,[13  1],60,-1,135,-1,119
1,<environment.Job instance at 0x7fc65fce06e0>,62,3,[13  2],63,-1,134,-1,131
1,<environment.Job instance at 0x7fc65f6a7d20>,63,28,[ 1 14],64,-1,159,-1,131
1,<environment.Job instance at 0x7fc65fcd7f00>,64,18,[ 2 14],65,-1,149,-1,131
1,<environment.Job instance at 0x7fc65fcc70a0>,66,24,[11  5],67,-1,161,-1,137
1,<environment.Job instance at 0x7fc65fcd7a00>,65,25,[ 4 10],66,-1,172,-1,147
1,<environment.Job instance at 0x7fc65f6a7e10>,69,27,[2 9],70,-1,174,-1,147
1,<environment.Job instance at 0x7fc6604b27d0>,0,12,[10  3],1,-1,14,-1,2
1,<environment.Job instance at 0x7fc6604b2c30>,2,20,[ 4 10],3,-1,23,-1,3
1,<environment.Job instance at 0x7fc6604b2910>,1,13,[10  4],2,-1,16,-1,3
1,<environment.Job instance at 0x7fc6604b2eb0>,10,21,[9 5],11,-1,33,-1,12
1,<environment.Job instance at 0x7fc6604b2640>,13,12,[3 5],14,-1,26,-1,14
1,<environment.Job instance at 0x7fc65fedcfa0>,16,26,[8 5],17,-1,43,-1,17
1,<environment.Job instance at 0x7fc65fedc460>,17,20,[9 5],18,-1,38,-1,18
1,<environment.Job instance at 0x7fc65fedc1e0>,18,16,[4 9],19,-1,35,-1,19
1,<environment.Job instance at 0x7fc65ef4ecd0>,24,23,[6 2],25,-1,48,-1,25
1,<environment.Job instance at 0x7fc6604b23c0>,11,25,[5 4],12,-1,61,-1,36
1,<environment.Job instance at 0x7fc65ef4e140>,28,17,[1 6],29,-1,54,-1,37
1,<environment.Job instance at 0x7fc668aa0d20>,35,20,[13  1],36,-1,72,-1,52
1,<environment.Job instance at 0x7fc668aa0e60>,36,17,[ 5 13],37,-1,69,-1,52
1,<environment.Job instance at 0x7fc668aa03c0>,42,21,[5 4],43,-1,93,-1,72
1,<environment.Job instance at 0x7fc6604b2e60>,9,24,[4 8],10,-1,96,-1,72
1,<environment.Job instance at 0x7fc668aa0e10>,49,26,[6 5],50,-1,125,-1,99
1,<environment.Job instance at 0x7fc668aec690>,6,2,[ 1 11],7,-1,9,-1,7
1,<environment.Job instance at 0x7fc66042b3c0>,7,14,[11  4],8,-1,22,-1,8
1,<environment.Job instance at 0x7fc66042b4b0>,8,24,[ 4 11],9,-1,33,-1,9
1,<environment.Job instance at 0x7fc66042b5a0>,9,24,[4 8],10,-1,47,-1,23
1,<environment.Job instance at 0x7fc65fcb5a50>,11,25,[5 4],12,-1,48,-1,23
1,<environment.Job instance at 0x7fc65fa32b90>,16,26,[8 5],17,-1,52,-1,26
1,<environment.Job instance at 0x7fc668efbb40>,19,18,[12  1],20,-1,44,-1,26
1,<environment.Job instance at 0x7fc668a4b640>,25,1,[11  4],26,-1,41,-1,40
1,<environment.Job instance at 0x7fc65ffea820>,26,3,[ 1 12],27,-1,43,-1,40
1,<environment.Job instance at 0x7fc65ffe9410>,27,14,[12  1],28,-1,54,-1,40
1,<environment.Job instance at 0x7fc65ff35f50>,24,23,[6 2],25,-1,66,-1,43
1,<environment.Job instance at 0x7fc65ef3e410>,32,2,[ 1 11],33,-1,56,-1,54
1,<environment.Job instance at 0x7fc65ff4d4b0>,34,18,[12  5],35,-1,72,-1,54
1,<environment.Job instance at 0x7fc65ff4d500>,35,20,[13  1],36,-1,74,-1,54
1,<environment.Job instance at 0x7fc65ff4d370>,36,17,[ 5 13],37,-1,71,-1,54
1,<environment.Job instance at 0x7fc65f266280>,38,23,[4 8],39,-1,82,-1,59
1,<environment.Job instance at 0x7fc65f89fc80>,43,13,[12  5],44,-1,97,-1,84
1,<environment.Job instance at 0x7fc65ff4d140>,41,26,[2 8],42,-1,110,-1,84
1,<environment.Job instance at 0x7fc65f89f870>,45,14,[ 2 11],46,-1,98,-1,84
1,<environment.Job instance at 0x7fc65f89f280>,49,26,[6 5],50,-1,125,-1,99
1,<environment.Job instance at 0x7fc65edf90a0>,51,22,[13  2],52,-1,121,-1,99
1,<environment.Job instance at 0x7fc65f06ae10>,55,24,[4 5],56,-1,150,-1,126
1,<environment.Job instance at 0x7fc668b69550>,56,28,[ 3 11],57,-1,154,-1,126
1,<environment.Job instance at 0x7fc65fb2c7d0>,59,19,[ 2 12],60,-1,147,-1,128
1,<environment.Job instance at 0x7fc668ac6eb0>,64,17,[ 4 12],65,-1,149,-1,132
1,<environment.Job instance at 0x7fc65f768d20>,66,20,[11  5],67,-1,153,-1,133
1,<environment.Job instance at 0x7fc65f7689b0>,67,16,[12  3],68,-1,149,-1,133
1,<environment.Job instance at 0x7fc65fa5cb40>,71,3,[ 1 11],72,-1,148,-1,145
1,<environment.Job instance at 0x7fc65ee0d140>,72,25,[ 5 11],73,-1,170,-1,145
1,<environment.Job instance at 0x7fc6605656e0>,70,27,[ 1 10],71,-1,175,-1,148
1,<environment.Job instance at 0x7fc65ff37af0>,76,28,[6 3],77,-1,186,-1,158
1,<environment.Job instance at 0x7fc65f7e55f0>,3,20,[ 5 10],4,-1,24,-1,4
1,<environment.Job instance at 0x7fc65f7e57d0>,6,14,[10  3],7,-1,22,-1,8
1,<environment.Job instance at 0x7fc65f7e5dc0>,8,21,[3 9],9,-1,30,-1,9
1,<environment.Job instance at 0x7fc65f7336e0>,7,19,[3 5],8,-1,30,-1,11
1,<environment.Job instance at 0x7fc65ef0b500>,14,18,[9 3],15,-1,34,-1,16
1,<environment.Job instance at 0x7fc65fb1f410>,18,24,[8 5],19,-1,43,-1,19
1,<environment.Job instance at 0x7fc65fb1f230>,20,17,[4 8],21,-1,38,-1,21
1,<environment.Job instance at 0x7fc65ef0b190>,15,17,[9 4],16,-1,38,-1,21
1,<environment.Job instance at 0x7fc65fb1fc80>,21,14,[5 6],22,-1,37,-1,23
1,<environment.Job instance at 0x7fc65fb1feb0>,25,21,[9 3],26,-1,50,-1,29
1,<environment.Job instance at 0x7fc65fb1f870>,23,17,[ 5 13],24,-1,51,-1,34
1,<environment.Job instance at 0x7fc65ef11960>,17,14,[14  1],18,-1,51,-1,37
1,<environment.Job instance at 0x7fc65fb1faa0>,32,20,[4 7],33,-1,57,-1,37
1,<environment.Job instance at 0x7fc660514dc0>,37,15,[ 2 12],38,-1,56,-1,41
1,<environment.Job instance at 0x7fc65fb1f0a0>,27,17,[8 4],28,-1,64,-1,47
1,<environment.Job instance at 0x7fc65fb1fe10>,28,13,[10  1],29,-1,60,-1,47
1,<environment.Job instance at 0x7fc660514190>,41,22,[5 8],42,-1,71,-1,49
1,<environment.Job instance at 0x7fc65fb1f820>,35,18,[7 1],36,-1,67,-1,49
1,<environment.Job instance at 0x7fc6605144b0>,39,16,[3 5],40,-1,65,-1,49
1,<environment.Job instance at 0x7fc6602dac80>,55,26,[1 9],56,-1,166,-1,140
1,<environment.Job instance at 0x7fc660514690>,50,21,[4 8],51,-1,164,-1,143
1,<environment.Job instance at 0x7fc660514870>,47,28,[5 5],48,-1,172,-1,144
1,<environment.Job instance at 0x7fc6602daeb0>,56,28,[9 3],57,-1,184,-1,156
1,<environment.Job instance at 0x7fc6602da320>,67,20,[5 4],68,-1,178,-1,158
1,<environment.Job instance at 0x7fc6602daa50>,63,24,[ 2 13],64,-1,182,-1,158
1,<environment.Job instance at 0x7fc6602da780>,69,12,[7 5],70,-1,170,-1,158
1,<environment.Job instance at 0x7fc6602da280>,68,15,[ 3 10],69,-1,173,-1,158
1,<environment.Job instance at 0x7fc65f287d20>,75,27,[4 9],76,-1,185,-1,158
1,<environment.Job instance at 0x7fc65f4a6af0>,1,1,[ 2 13],2,-1,3,-1,2
1,<environment.Job instance at 0x7fc65f48b870>,5,18,[ 4 12],6,-1,24,-1,6
1,<environment.Job instance at 0x7fc65fcf3280>,11,23,[ 4 10],12,-1,40,-1,17
1,<environment.Job instance at 0x7fc6602e59b0>,17,14,[14  1],18,-1,39,-1,25
1,<environment.Job instance at 0x7fc6602e53c0>,18,24,[8 5],19,-1,61,-1,37
1,<environment.Job instance at 0x7fc65f8ad230>,19,3,[14  5],20,-1,40,-1,37
1,<environment.Job instance at 0x7fc65fcdebe0>,23,17,[ 5 13],24,-1,61,-1,44
1,<environment.Job instance at 0x7fc65fcdea50>,24,26,[ 3 14],25,-1,70,-1,44
1,<environment.Job instance at 0x7fc65ff4e780>,37,15,[ 2 12],38,-1,114,-1,99
1,<environment.Job instance at 0x7fc660369be0>,45,24,[ 4 12],46,-1,147,-1,123
1,<environment.Job instance at 0x7fc6600f5e10>,46,12,[14  4],47,-1,135,-1,123
1,<environment.Job instance at 0x7fc6600f5a00>,47,28,[5 5],48,-1,162,-1,134
1,<environment.Job instance at 0x7fc660203f00>,1,24,[5 2],2,-1,26,-1,2
1,<environment.Job instance at 0x7fc660203730>,3,22,[ 4 10],4,-1,26,-1,4
1,<environment.Job instance at 0x7fc660203820>,9,16,[2 6],10,-1,27,-1,11
1,<environment.Job instance at 0x7fc6602034b0>,10,26,[10  4],11,-1,37,-1,11
1,<environment.Job instance at 0x7fc6602032d0>,11,17,[5 5],12,-1,30,-1,13
1,<environment.Job instance at 0x7fc6602037d0>,14,15,[1 8],15,-1,30,-1,15
1,<environment.Job instance at 0x7fc65ed1d8c0>,16,15,[9 1],17,-1,32,-1,17
1,<environment.Job instance at 0x7fc65ed1db40>,17,12,[10  4],18,-1,30,-1,18
1,<environment.Job instance at 0x7fc65ed1d690>,18,15,[10  4],19,-1,34,-1,19
1,<environment.Job instance at 0x7fc65ed1d280>,21,13,[ 5 11],22,-1,35,-1,22
1,<environment.Job instance at 0x7fc65ed1db90>,22,21,[2 8],23,-1,44,-1,23
1,<environment.Job instance at 0x7fc65ed1df00>,23,14,[9 2],24,-1,38,-1,24
1,<environment.Job instance at 0x7fc65ed1d550>,24,28,[7 2],25,-1,53,-1,25
1,<environment.Job instance at 0x7fc65ed1dbe0>,27,13,[3 7],28,-1,41,-1,28
1,<environment.Job instance at 0x7fc65ed1d640>,28,1,[7 2],29,-1,30,-1,29
1,<environment.Job instance at 0x7fc660203550>,30,28,[9 2],31,-1,59,-1,31
1,<environment.Job instance at 0x7fc65fef37d0>,37,22,[10  4],38,-1,67,-1,45
1,<environment.Job instance at 0x7fc65ffbc730>,1,24,[5 2],2,-1,26,-1,2
1,<environment.Job instance at 0x7fc65ffbcb90>,2,3,[11  2],3,-1,6,-1,3
1,<environment.Job instance at 0x7fc65f40ffa0>,4,15,[ 2 13],5,-1,20,-1,5
1,<environment.Job instance at 0x7fc65ffbc460>,6,13,[ 3 12],7,-1,20,-1,7
1,<environment.Job instance at 0x7fc65ffe22d0>,7,14,[ 2 11],8,-1,22,-1,8
1,<environment.Job instance at 0x7fc65ffe2aa0>,8,1,[ 5 14],9,-1,10,-1,9
1,<environment.Job instance at 0x7fc65ffe2870>,10,26,[10  4],11,-1,42,-1,16
1,<environment.Job instance at 0x7fc65ffb5960>,12,24,[4 7],13,-1,50,-1,26
1,<environment.Job instance at 0x7fc65ffbf730>,21,13,[ 5 11],22,-1,54,-1,41
1,<environment.Job instance at 0x7fc65fbcc820>,24,28,[7 2],25,-1,82,-1,54
1,<environment.Job instance at 0x7fc65fbcc190>,26,27,[ 3 12],27,-1,81,-1,54
1,<environment.Job instance at 0x7fc65fbd5910>,29,26,[11  1],30,-1,83,-1,57
1,<environment.Job instance at 0x7fc65ffa95a0>,30,28,[9 2],31,-1,96,-1,68
1,<environment.Job instance at 0x7fc65ffa9550>,31,21,[12  5],32,-1,89,-1,68
1,<environment.Job instance at 0x7fc65ffa96e0>,33,3,[ 2 14],34,-1,71,-1,68
1,<environment.Job instance at 0x7fc65fba7dc0>,39,1,[ 3 11],40,-1,83,-1,82
1,<environment.Job instance at 0x7fc65fbcbe60>,40,25,[ 1 14],41,-1,107,-1,82
1,<environment.Job instance at 0x7fc65fbcbb40>,42,26,[14  4],43,-1,110,-1,84
1,<environment.Job instance at 0x7fc65ffdfeb0>,44,23,[ 1 11],45,-1,118,-1,95
1,<environment.Job instance at 0x7fc65ffbad20>,59,15,[12  3],60,-1,147,-1,132
1,<environment.Job instance at 0x7fc65ffbae60>,64,3,[14  3],65,-1,161,-1,158
1,<environment.Job instance at 0x7fc65f949640>,0,23,[5 5],1,-1,24,-1,1
1,<environment.Job instance at 0x7fc65eff7cd0>,3,15,[4 7],4,-1,19,-1,4
1,<environment.Job instance at 0x7fc65f972d70>,5,18,[4 9],6,-1,24,-1,6
1,<environment.Job instance at 0x7fc65f9729b0>,6,16,[11  2],7,-1,23,-1,7
1,<environment.Job instance at 0x7fc65f972a00>,11,15,[9 5],12,-1,29,-1,14
1,<environment.Job instance at 0x7fc65f972050>,13,12,[10  1],14,-1,26,-1,14
1,<environment.Job instance at 0x7fc65f978e10>,17,13,[9 3],18,-1,31,-1,18
1,<environment.Job instance at 0x7fc65f978be0>,19,27,[6 2],20,-1,47,-1,20
1,<environment.Job instance at 0x7fc65f978eb0>,25,16,[ 2 13],26,-1,44,-1,28
1,<environment.Job instance at 0x7fc65f9784b0>,26,24,[7 1],27,-1,54,-1,30
1,<environment.Job instance at 0x7fc65f9780f0>,27,21,[1 9],28,-1,51,-1,30
1,<environment.Job instance at 0x7fc65f978a50>,22,18,[ 5 13],23,-1,48,-1,30
1,<environment.Job instance at 0x7fc65f978640>,15,28,[6 3],16,-1,63,-1,35
1,<environment.Job instance at 0x7fc65f978190>,29,17,[5 8],30,-1,52,-1,35
1,<environment.Job instance at 0x7fc65f959a50>,30,14,[7 5],31,-1,49,-1,35
1,<environment.Job instance at 0x7fc65f959e60>,40,22,[8 2],41,-1,85,-1,63
1,<environment.Job instance at 0x7fc65f959c30>,36,13,[12  1],37,-1,76,-1,63
1,<environment.Job instance at 0x7fc65f9590a0>,41,27,[4 9],42,-1,119,-1,92
1,<environment.Job instance at 0x7fc65f954230>,50,16,[ 2 12],51,-1,110,-1,94
1,<environment.Job instance at 0x7fc65f954af0>,47,18,[12  5],48,-1,112,-1,94
1,<environment.Job instance at 0x7fc65f954280>,53,16,[1 6],54,-1,110,-1,94
1,<environment.Job instance at 0x7fc65f954190>,54,16,[10  1],55,-1,110,-1,94
1,<environment.Job instance at 0x7fc65f9542d0>,55,21,[12  4],56,-1,115,-1,94
1,<environment.Job instance at 0x7fc65f959050>,43,19,[ 1 11],44,-1,113,-1,94
1,<environment.Job instance at 0x7fc65f954780>,52,18,[12  1],53,-1,112,-1,94
1,<environment.Job instance at 0x7fc65f9633c0>,60,28,[13  3],61,-1,126,-1,98
1,<environment.Job instance at 0x7fc65f9639b0>,62,15,[8 2],63,-1,113,-1,98
1,<environment.Job instance at 0x7fc65f9631e0>,66,20,[8 3],67,-1,120,-1,100
1,<environment.Job instance at 0x7fc65f963f00>,67,23,[9 5],68,-1,123,-1,100
1,<environment.Job instance at 0x7fc65f963050>,68,22,[9 1],69,-1,122,-1,100
1,<environment.Job instance at 0x7fc65f945410>,70,16,[ 1 13],71,-1,116,-1,100
1,<environment.Job instance at 0x7fc65f945af0>,71,18,[ 3 13],72,-1,118,-1,100
1,<environment.Job instance at 0x7fc65f945fa0>,72,28,[7 1],73,-1,128,-1,100
1,<environment.Job instance at 0x7fc65f945d70>,73,27,[2 7],74,-1,127,-1,100
1,<environment.Job instance at 0x7fc65f945320>,74,15,[3 7],75,-1,115,-1,100
1,<environment.Job instance at 0x7fc65f945460>,75,15,[6 4],76,-1,115,-1,100
1,<environment.Job instance at 0x7fc65f945730>,76,15,[7 2],77,-1,115,-1,100
1,<environment.Job instance at 0x7fc65f954370>,56,14,[ 3 12],57,-1,114,-1,100
1,<environment.Job instance at 0x7fc65f945140>,78,15,[8 2],79,-1,115,-1,100
1,<environment.Job instance at 0x7fc65f945230>,80,25,[5 4],81,-1,125,-1,100
1,<environment.Job instance at 0x7fc65f945190>,81,17,[ 5 11],82,-1,118,-1,101
1,<environment.Job instance at 0x7fc65f957a00>,83,28,[10  2],84,-1,153,-1,125
1,<environment.Job instance at 0x7fc65f945550>,79,19,[8 2],80,-1,152,-1,133
1,<environment.Job instance at 0x7fc65f959fa0>,31,27,[ 4 13],32,-1,166,-1,139
1,<environment.Job instance at 0x7fc65f959190>,35,17,[11  1],36,-1,156,-1,139
1,<environment.Job instance at 0x7fc65f957140>,86,23,[5 5],87,-1,162,-1,139
1,<environment.Job instance at 0x7fc65f957460>,87,21,[8 2],88,-1,160,-1,139
1,<environment.Job instance at 0x7fc65f957870>,89,26,[ 4 13],90,-1,165,-1,139
1,<environment.Job instance at 0x7fc65f9571e0>,96,20,[6 5],97,-1,161,-1,141
1,<environment.Job instance at 0x7fc65f19afa0>,97,14,[ 5 13],98,-1,155,-1,141
1,<environment.Job instance at 0x7fc65f19a0a0>,99,22,[13  4],100,-1,168,-1,146
1,<environment.Job instance at 0x7fc65f957730>,91,18,[1 9],92,-1,164,-1,146
1,<environment.Job instance at 0x7fc65f19a730>,102,23,[10  2],103,-1,169,-1,146
1,<environment.Job instance at 0x7fc65f19a320>,100,13,[11  4],101,-1,160,-1,147
1,<environment.Job instance at 0x7fc65f19a050>,103,22,[ 1 11],104,-1,169,-1,147
1,<environment.Job instance at 0x7fc65f19a6e0>,104,17,[8 1],105,-1,164,-1,147
1,<environment.Job instance at 0x7fc660101fa0>,0,23,[5 5],1,-1,24,-1,1
1,<environment.Job instance at 0x7fc65f46edc0>,6,16,[11  2],7,-1,23,-1,7
1,<environment.Job instance at 0x7fc6603bf370>,7,16,[ 4 12],8,-1,24,-1,8
1,<environment.Job instance at 0x7fc668b691e0>,9,1,[14  3],10,-1,11,-1,10
1,<environment.Job instance at 0x7fc660060690>,12,2,[ 2 14],13,-1,15,-1,13
1,<environment.Job instance at 0x7fc660060e60>,14,25,[ 1 11],15,-1,42,-1,17
1,<environment.Job instance at 0x7fc6603bd190>,15,28,[6 3],16,-1,47,-1,19
1,<environment.Job instance at 0x7fc65f7ad230>,18,3,[ 5 13],19,-1,31,-1,28
1,<environment.Job instance at 0x7fc660049050>,19,27,[6 2],20,-1,60,-1,33
1,<environment.Job instance at 0x7fc66014c0a0>,22,18,[ 5 13],23,-1,54,-1,36
1,<environment.Job instance at 0x7fc66014c280>,25,16,[ 2 13],26,-1,68,-1,52
1,<environment.Job instance at 0x7fc66014c140>,24,23,[3 8],25,-1,86,-1,63
1,<environment.Job instance at 0x7fc66014caa0>,26,24,[7 1],27,-1,88,-1,64
1,<environment.Job instance at 0x7fc65f42daa0>,31,27,[ 4 13],32,-1,91,-1,64
1,<environment.Job instance at 0x7fc65f42d820>,33,18,[ 2 13],34,-1,95,-1,77
1,<environment.Job instance at 0x7fc65edcabe0>,35,17,[11  1],36,-1,94,-1,77
1,<environment.Job instance at 0x7fc65edca910>,36,13,[12  1],37,-1,90,-1,77
1,<environment.Job instance at 0x7fc660045a00>,41,27,[4 9],42,-1,117,-1,90
1,<environment.Job instance at 0x7fc66010e050>,43,19,[ 1 11],44,-1,109,-1,90
1,<environment.Job instance at 0x7fc65edc89b0>,45,3,[14  5],46,-1,93,-1,90
1,<environment.Job instance at 0x7fc66010e230>,47,18,[12  5],48,-1,114,-1,96
1,<environment.Job instance at 0x7fc668b318c0>,48,3,[14  5],49,-1,99,-1,96
1,<environment.Job instance at 0x7fc6602ba8c0>,50,16,[ 2 12],51,-1,119,-1,103
1,<environment.Job instance at 0x7fc668b26870>,52,18,[12  1],53,-1,123,-1,105
1,<environment.Job instance at 0x7fc66020ea50>,55,21,[12  4],56,-1,133,-1,112
1,<environment.Job instance at 0x7fc66020efa0>,56,14,[ 3 12],57,-1,126,-1,112
1,<environment.Job instance at 0x7fc66020e6e0>,58,2,[11  5],59,-1,114,-1,112
1,<environment.Job instance at 0x7fc66011f6e0>,60,28,[13  3],61,-1,149,-1,121
1,<environment.Job instance at 0x7fc65fbc3190>,63,2,[14  3],64,-1,130,-1,128
1,<environment.Job instance at 0x7fc65fbc3230>,65,1,[ 2 12],66,-1,132,-1,131
1,<environment.Job instance at 0x7fc65edeb500>,67,23,[9 5],68,-1,172,-1,149
1,<environment.Job instance at 0x7fc65f58fbe0>,70,16,[ 1 13],71,-1,165,-1,149
1,<environment.Job instance at 0x7fc65f7df190>,71,18,[ 3 13],72,-1,167,-1,149
1,<environment.Job instance at 0x7fc65f7df2d0>,72,28,[7 1],73,-1,177,-1,149
1,<environment.Job instance at 0x7fc65f7dffa0>,73,27,[2 7],74,-1,176,-1,149
1,<environment.Job instance at 0x7fc66004a320>,77,24,[12  2],78,-1,175,-1,151
1,<environment.Job instance at 0x7fc65f8c31e0>,2,28,[5 3],3,-1,31,-1,3
1,<environment.Job instance at 0x7fc65f49e230>,7,16,[2 5],8,-1,24,-1,8
1,<environment.Job instance at 0x7fc65f49eaa0>,8,17,[9 4],9,-1,26,-1,9
1,<environment.Job instance at 0x7fc65f49ea00>,11,24,[7 2],12,-1,36,-1,12
1,<environment.Job instance at 0x7fc65f49eb90>,14,22,[10  5],15,-1,38,-1,16
1,<environment.Job instance at 0x7fc66026c910>,16,20,[4 7],17,-1,37,-1,17
1,<environment.Job instance at 0x7fc66026c460>,20,18,[5 6],21,-1,43,-1,25
1,<environment.Job instance at 0x7fc65edf2eb0>,25,20,[1 6],26,-1,50,-1,30
1,<environment.Job instance at 0x7fc65f239b90>,2,28,[5 3],3,-1,31,-1,3
1,<environment.Job instance at 0x7fc65fdc07d0>,6,24,[11  2],7,-1,31,-1,7
1,<environment.Job instance at 0x7fc6603cc550>,12,18,[ 1 13],13,-1,38,-1,20
1,<environment.Job instance at 0x7fc6603cc5a0>,13,27,[5 1],14,-1,48,-1,21
1,<environment.Job instance at 0x7fc6603ccbe0>,11,24,[7 2],12,-1,50,-1,26
1,<environment.Job instance at 0x7fc6603cccd0>,17,21,[13  2],18,-1,47,-1,26
1,<environment.Job instance at 0x7fc65fbb0f00>,19,1,[11  5],20,-1,27,-1,26
1,<environment.Job instance at 0x7fc65f239af0>,3,23,[10  1],4,-1,59,-1,36
1,<environment.Job instance at 0x7fc65fbb0aa0>,21,28,[7 3],22,-1,64,-1,36
1,<environment.Job instance at 0x7fc65f4488c0>,24,16,[13  2],25,-1,52,-1,36
1,<environment.Job instance at 0x7fc66011f550>,28,28,[13  5],29,-1,66,-1,38
1,<environment.Job instance at 0x7fc66020ec80>,31,16,[ 3 13],32,-1,68,-1,52
1,<environment.Job instance at 0x7fc65ec1e870>,29,23,[9 3],30,-1,78,-1,55
1,<environment.Job instance at 0x7fc66020e820>,34,3,[14  3],35,-1,58,-1,55
1,<environment.Job instance at 0x7fc65edcad20>,41,14,[11  2],42,-1,89,-1,75
1,<environment.Job instance at 0x7fc660435460>,44,27,[ 1 11],45,-1,112,-1,85
1,<environment.Job instance at 0x7fc65edca690>,43,23,[10  2],44,-1,130,-1,107
1,<environment.Job instance at 0x7fc66014cd20>,48,3,[13  3],49,-1,110,-1,107
1,<environment.Job instance at 0x7fc65ff1cdc0>,59,17,[14  1],60,-1,171,-1,154
1,<environment.Job instance at 0x7fc65ef3f370>,4,17,[8 1],5,-1,23,-1,6
1,<environment.Job instance at 0x7fc65ef3fc30>,6,15,[3 7],7,-1,22,-1,7
1,<environment.Job instance at 0x7fc65ef3faf0>,11,12,[13  1],12,-1,29,-1,17
1,<environment.Job instance at 0x7fc65fc9e190>,17,16,[8 2],18,-1,34,-1,18
1,<environment.Job instance at 0x7fc6604d1f50>,18,18,[2 5],19,-1,37,-1,19
1,<environment.Job instance at 0x7fc6604d1870>,19,20,[3 9],20,-1,41,-1,21
1,<environment.Job instance at 0x7fc65fc9e320>,15,18,[ 2 10],16,-1,39,-1,21
1,<environment.Job instance at 0x7fc65fc9e0f0>,21,18,[2 5],22,-1,41,-1,23
1,<environment.Job instance at 0x7fc6604d1690>,23,17,[7 3],24,-1,41,-1,24
1,<environment.Job instance at 0x7fc65f0da820>,0,27,[2 7],1,-1,28,-1,1
1,<environment.Job instance at 0x7fc65f0da5a0>,2,12,[ 2 14],3,-1,15,-1,3
1,<environment.Job instance at 0x7fc6600d6870>,3,1,[12  2],4,-1,5,-1,4
1,<environment.Job instance at 0x7fc65f0fff50>,7,13,[13  1],8,-1,21,-1,8
1,<environment.Job instance at 0x7fc65f0ff820>,9,13,[ 2 14],10,-1,23,-1,10
1,<environment.Job instance at 0x7fc65f0ffdc0>,11,12,[13  1],12,-1,24,-1,12
1,<environment.Job instance at 0x7fc65f59bc30>,13,3,[13  4],14,-1,17,-1,14
1,<environment.Job instance at 0x7fc65f0ffd70>,14,23,[1 9],15,-1,38,-1,15
1,<environment.Job instance at 0x7fc65f0ffeb0>,8,25,[10  2],9,-1,53,-1,28
1,<environment.Job instance at 0x7fc65f4f4730>,20,16,[ 4 14],21,-1,44,-1,28
1,<environment.Job instance at 0x7fc6600c7780>,24,18,[ 4 13],25,-1,61,-1,43
1,<environment.Job instance at 0x7fc65f49bcd0>,26,13,[12  2],27,-1,65,-1,52
1,<environment.Job instance at 0x7fc65eb94a00>,30,24,[4 5],31,-1,89,-1,65
1,<environment.Job instance at 0x7fc65f49b410>,27,23,[6 1],28,-1,88,-1,65
1,<environment.Job instance at 0x7fc6600c8460>,32,1,[ 2 11],33,-1,66,-1,65
1,<environment.Job instance at 0x7fc65ebb2690>,35,15,[ 1 13],36,-1,88,-1,73
1,<environment.Job instance at 0x7fc65f5a7730>,36,25,[2 8],37,-1,98,-1,73
1,<environment.Job instance at 0x7fc65f0d8550>,39,3,[ 3 12],40,-1,76,-1,73
1,<environment.Job instance at 0x7fc65f0d8b40>,40,18,[11  2],41,-1,91,-1,73
1,<environment.Job instance at 0x7fc65f5c0fa0>,41,17,[14  2],42,-1,90,-1,73
1,<environment.Job instance at 0x7fc65f5c0820>,42,23,[3 7],43,-1,112,-1,89
1,<environment.Job instance at 0x7fc65f492050>,44,15,[13  1],45,-1,104,-1,89
1,<environment.Job instance at 0x7fc65f4922d0>,45,19,[11  4],46,-1,108,-1,89
1,<environment.Job instance at 0x7fc65f0fcdc0>,47,25,[3 9],48,-1,126,-1,101
1,<environment.Job instance at 0x7fc65fa71410>,51,16,[ 1 12],52,-1,117,-1,101
1,<environment.Job instance at 0x7fc65f0c4f00>,53,27,[7 4],54,-1,131,-1,104
1,<environment.Job instance at 0x7fc65fefd5a0>,57,13,[ 2 13],58,-1,141,-1,128
1,<environment.Job instance at 0x7fc65f4b9fa0>,61,28,[1 7],62,-1,186,-1,158
1,<environment.Job instance at 0x7fc65f4ad370>,3,25,[10  3],4,-1,30,-1,5
1,<environment.Job instance at 0x7fc65f4ad4b0>,5,22,[6 3],6,-1,28,-1,6
1,<environment.Job instance at 0x7fc65f4ad640>,6,14,[8 2],7,-1,21,-1,7
1,<environment.Job instance at 0x7fc65f4ad5a0>,7,18,[4 5],8,-1,26,-1,8
1,<environment.Job instance at 0x7fc65f4adc80>,8,25,[5 6],9,-1,34,-1,9
1,<environment.Job instance at 0x7fc65f4ad9b0>,9,13,[7 4],10,-1,23,-1,10
1,<environment.Job instance at 0x7fc65f4adeb0>,11,16,[7 2],12,-1,28,-1,12
1,<environment.Job instance at 0x7fc65f4adbe0>,12,23,[ 2 11],13,-1,36,-1,13
1,<environment.Job instance at 0x7fc65f4ad5f0>,13,13,[8 5],14,-1,27,-1,14
1,<environment.Job instance at 0x7fc65f4adb40>,14,28,[5 5],15,-1,43,-1,15
1,<environment.Job instance at 0x7fc65ec25e10>,18,18,[5 4],19,-1,37,-1,19
1,<environment.Job instance at 0x7fc65fdc0eb0>,2,24,[14  1],3,-1,45,-1,21
1,<environment.Job instance at 0x7fc65ec25be0>,22,3,[ 2 12],23,-1,27,-1,24
1,<environment.Job instance at 0x7fc65ec25280>,23,17,[ 3 10],24,-1,41,-1,24
1,<environment.Job instance at 0x7fc65ec25f50>,27,13,[3 7],28,-1,41,-1,28
1,<environment.Job instance at 0x7fc65ec25c30>,30,21,[2 5],31,-1,52,-1,31
1,<environment.Job instance at 0x7fc65f4795f0>,37,26,[ 4 13],38,-1,65,-1,39
1,<environment.Job instance at 0x7fc65f4ad910>,4,27,[7 2],5,-1,66,-1,39
1,<environment.Job instance at 0x7fc65f479500>,35,16,[5 5],36,-1,55,-1,39
1,<environment.Job instance at 0x7fc65f479be0>,39,24,[6 2],40,-1,64,-1,40
1,<environment.Job instance at 0x7fc65f479b40>,42,18,[ 4 10],43,-1,72,-1,54
1,<environment.Job instance at 0x7fc65f479820>,43,17,[ 3 10],44,-1,71,-1,54
1,<environment.Job instance at 0x7fc65eba0c30>,47,25,[4 7],48,-1,95,-1,70
1,<environment.Job instance at 0x7fc65eba0730>,49,17,[8 2],50,-1,110,-1,93
1,<environment.Job instance at 0x7fc65eba0d70>,48,15,[9 4],49,-1,108,-1,93
1,<environment.Job instance at 0x7fc65eba0410>,55,16,[11  3],56,-1,111,-1,95
1,<environment.Job instance at 0x7fc65eb9df00>,57,15,[ 2 11],58,-1,110,-1,95
1,<environment.Job instance at 0x7fc65eba0b90>,58,27,[9 3],59,-1,122,-1,95
1,<environment.Job instance at 0x7fc65eb9df50>,59,17,[ 1 12],60,-1,112,-1,95
1,<environment.Job instance at 0x7fc65f479cd0>,36,18,[7 5],37,-1,123,-1,105
1,<environment.Job instance at 0x7fc65eb9d050>,63,18,[12  4],64,-1,123,-1,105
1,<environment.Job instance at 0x7fc65eb9d190>,65,17,[6 4],66,-1,123,-1,106
1,<environment.Job instance at 0x7fc65eb9d370>,66,26,[1 8],67,-1,132,-1,106
1,<environment.Job instance at 0x7fc65eb9d690>,61,12,[9 5],62,-1,119,-1,107
1,<environment.Job instance at 0x7fc65eb9d140>,67,24,[5 6],68,-1,131,-1,107
1,<environment.Job instance at 0x7fc65eb9ddc0>,69,13,[8 3],70,-1,120,-1,107
1,<environment.Job instance at 0x7fc65eb9d320>,70,26,[8 5],71,-1,133,-1,107
1,<environment.Job instance at 0x7fc65eb9dcd0>,71,21,[12  3],72,-1,131,-1,110
1,<environment.Job instance at 0x7fc65eb9d4b0>,73,26,[ 2 10],74,-1,136,-1,110
1,<environment.Job instance at 0x7fc65f451960>,78,28,[8 3],79,-1,138,-1,110
1,<environment.Job instance at 0x7fc65f451d20>,82,27,[ 1 10],83,-1,152,-1,125
1,<environment.Job instance at 0x7fc65f451730>,84,16,[6 3],85,-1,141,-1,125
1,<environment.Job instance at 0x7fc65eba00f0>,54,18,[5 5],55,-1,147,-1,129
1,<environment.Job instance at 0x7fc65f4515f0>,85,16,[6 5],86,-1,145,-1,129
1,<environment.Job instance at 0x7fc65f4510f0>,87,18,[7 3],88,-1,147,-1,129
1,<environment.Job instance at 0x7fc65f451c30>,83,13,[11  4],84,-1,142,-1,129
1,<environment.Job instance at 0x7fc65eb9d9b0>,64,16,[1 8],65,-1,145,-1,129
1,<environment.Job instance at 0x7fc65f451640>,89,14,[1 6],90,-1,143,-1,129
1,<environment.Job instance at 0x7fc65eba02d0>,46,27,[3 7],47,-1,156,-1,129
1,<environment.Job instance at 0x7fc65f4518c0>,86,28,[ 4 14],87,-1,159,-1,131
1,<environment.Job instance at 0x7fc65eba0c80>,44,14,[ 1 13],45,-1,145,-1,131
1,<environment.Job instance at 0x7fc66048e320>,91,28,[3 6],92,-1,165,-1,137
1,<environment.Job instance at 0x7fc65eba0050>,56,22,[13  2],57,-1,161,-1,139
1,<environment.Job instance at 0x7fc66048ebe0>,92,17,[ 4 10],93,-1,156,-1,139
1,<environment.Job instance at 0x7fc66048eaf0>,94,16,[7 3],95,-1,155,-1,139
1,<environment.Job instance at 0x7fc66048eaa0>,96,13,[12  4],97,-1,152,-1,139
1,<environment.Job instance at 0x7fc66048e5f0>,99,23,[8 2],100,-1,162,-1,139
1,<environment.Job instance at 0x7fc66048e190>,98,21,[5 2],99,-1,160,-1,139
1,<environment.Job instance at 0x7fc66048eb90>,102,18,[11  4],103,-1,157,-1,139
1,<environment.Job instance at 0x7fc66048ee60>,103,16,[11  3],104,-1,155,-1,139
1,<environment.Job instance at 0x7fc66048e140>,93,26,[9 4],94,-1,165,-1,139
1,<environment.Job instance at 0x7fc65f0d2f50>,109,16,[5 7],110,-1,157,-1,141
1,<environment.Job instance at 0x7fc65fc16960>,0,19,[ 4 14],1,-1,20,-1,1
1,<environment.Job instance at 0x7fc660051be0>,2,24,[14  1],3,-1,27,-1,3
1,<environment.Job instance at 0x7fc660051a50>,3,25,[10  3],4,-1,43,-1,18
1,<environment.Job instance at 0x7fc65fc160a0>,4,27,[7 2],5,-1,45,-1,18
1,<environment.Job instance at 0x7fc65f3965f0>,10,1,[14  3],11,-1,19,-1,18
1,<environment.Job instance at 0x7fc65f3a9960>,12,23,[ 2 11],13,-1,41,-1,18
1,<environment.Job instance at 0x7fc65f396a00>,8,25,[5 6],9,-1,43,-1,18
1,<environment.Job instance at 0x7fc65f3a9910>,14,28,[5 5],15,-1,46,-1,18
1,<environment.Job instance at 0x7fc65f5a7410>,16,2,[12  1],17,-1,20,-1,18
1,<environment.Job instance at 0x7fc65fa690f0>,17,21,[13  4],18,-1,39,-1,18
1,<environment.Job instance at 0x7fc65eb94a00>,21,16,[ 1 14],22,-1,50,-1,34
1,<environment.Job instance at 0x7fc6600c7780>,22,3,[ 2 12],23,-1,37,-1,34
1,<environment.Job instance at 0x7fc65f10b820>,31,1,[ 3 14],32,-1,72,-1,71
1,<environment.Job instance at 0x7fc65f10be60>,32,23,[ 1 12],33,-1,94,-1,71
1,<environment.Job instance at 0x7fc65f10bfa0>,34,28,[ 1 13],35,-1,99,-1,71
1,<environment.Job instance at 0x7fc65eba0d20>,37,26,[ 4 13],38,-1,98,-1,72
1,<environment.Job instance at 0x7fc65eba0b40>,38,24,[5 3],39,-1,109,-1,85
1,<environment.Job instance at 0x7fc65ed572d0>,39,24,[6 2],40,-1,109,-1,85
1,<environment.Job instance at 0x7fc65f75b050>,44,14,[ 1 13],45,-1,112,-1,98
1,<environment.Job instance at 0x7fc65f0d2500>,46,27,[3 7],47,-1,142,-1,115
1,<environment.Job instance at 0x7fc65f0d2dc0>,47,25,[4 7],48,-1,140,-1,115
1,<environment.Job instance at 0x7fc65f493140>,51,26,[4 5],52,-1,157,-1,131
1,<environment.Job instance at 0x7fc66007e460>,55,16,[11  3],56,-1,162,-1,146
1,<environment.Job instance at 0x7fc65f0c4230>,56,22,[13  2],57,-1,168,-1,146
1,<environment.Job instance at 0x7fc65f0c4f00>,57,15,[ 2 11],58,-1,161,-1,146
1,<environment.Job instance at 0x7fc65f384a00>,59,17,[ 1 12],60,-1,164,-1,147
1,<environment.Job instance at 0x7fc6602ce0f0>,6,19,[5 5],7,-1,31,-1,12
1,<environment.Job instance at 0x7fc6600d2460>,0,17,[ 1 13],1,-1,18,-1,1
1,<environment.Job instance at 0x7fc6600d2410>,1,20,[12  1],2,-1,22,-1,2
1,<environment.Job instance at 0x7fc6600d2140>,3,24,[ 3 14],4,-1,28,-1,4
1,<environment.Job instance at 0x7fc6600d2550>,4,25,[10  2],5,-1,30,-1,5
1,<environment.Job instance at 0x7fc65eb8f9b0>,11,15,[ 2 12],12,-1,27,-1,12
1,<environment.Job instance at 0x7fc65eb8f500>,12,28,[14  4],13,-1,41,-1,13
1,<environment.Job instance at 0x7fc65eb8f410>,13,18,[13  4],14,-1,32,-1,14
1,<environment.Job instance at 0x7fc65eb8f7d0>,15,23,[11  4],16,-1,39,-1,16
1,<environment.Job instance at 0x7fc660089cd0>,16,17,[ 3 13],17,-1,34,-1,17
1,<environment.Job instance at 0x7fc660089870>,18,13,[ 4 11],19,-1,32,-1,19
1,<environment.Job instance at 0x7fc6600d25a0>,9,24,[9 4],10,-1,50,-1,26
1,<environment.Job instance at 0x7fc65ec73410>,20,13,[ 5 11],21,-1,39,-1,26
1,<environment.Job instance at 0x7fc65ec73b40>,21,3,[11  2],22,-1,29,-1,26
1,<environment.Job instance at 0x7fc65fabea50>,23,14,[12  5],24,-1,40,-1,26
1,<environment.Job instance at 0x7fc65f71b910>,24,25,[6 2],25,-1,51,-1,26
1,<environment.Job instance at 0x7fc65f4ad960>,28,25,[ 3 12],29,-1,54,-1,29
1,<environment.Job instance at 0x7fc65f0d2550>,32,21,[ 2 11],33,-1,63,-1,42
1,<environment.Job instance at 0x7fc66048edc0>,37,28,[14  2],38,-1,75,-1,47
1,<environment.Job instance at 0x7fc66048e500>,38,28,[6 2],39,-1,76,-1,48
1,<environment.Job instance at 0x7fc65f11b960>,39,24,[5 4],40,-1,72,-1,48
1,<environment.Job instance at 0x7fc65f10b2d0>,41,15,[ 4 14],42,-1,63,-1,48
1,<environment.Job instance at 0x7fc65f10b7d0>,42,17,[12  1],43,-1,65,-1,48
1,<environment.Job instance at 0x7fc65f4795a0>,44,14,[ 4 14],45,-1,70,-1,56
1,<environment.Job instance at 0x7fc65f5a73c0>,51,19,[ 2 12],52,-1,93,-1,74
1,<environment.Job instance at 0x7fc660051b40>,64,26,[5 7],65,-1,159,-1,133
1,<environment.Job instance at 0x7fc65eba4280>,66,28,[9 1],67,-1,161,-1,133
1,<environment.Job instance at 0x7fc6600f6a50>,68,14,[11  3],69,-1,147,-1,133
1,<environment.Job instance at 0x7fc65ec25460>,70,28,[11  2],71,-1,180,-1,152
1,<environment.Job instance at 0x7fc6600f5c80>,3,17,[10  1],4,-1,22,-1,5
1,<environment.Job instance at 0x7fc6600f5a50>,5,17,[8 1],6,-1,23,-1,6
1,<environment.Job instance at 0x7fc65f4a0eb0>,6,25,[5 5],7,-1,32,-1,7
1,<environment.Job instance at 0x7fc65f4a0a50>,8,28,[1 5],9,-1,37,-1,9
1,<environment.Job instance at 0x7fc65f4a0280>,10,16,[ 5 11],11,-1,27,-1,11
1,<environment.Job instance at 0x7fc65f4a05f0>,11,16,[7 3],12,-1,28,-1,12
1,<environment.Job instance at 0x7fc65f4a0910>,12,20,[5 3],13,-1,33,-1,13
1,<environment.Job instance at 0x7fc6600d2780>,4,17,[10  1],5,-1,30,-1,13
1,<environment.Job instance at 0x7fc65f4a0820>,14,17,[4 6],15,-1,33,-1,16
1,<environment.Job instance at 0x7fc65f4a0960>,20,25,[3 5],21,-1,46,-1,21
1,<environment.Job instance at 0x7fc65f4a0460>,21,13,[ 5 13],22,-1,35,-1,22
1,<environment.Job instance at 0x7fc65f4a0e10>,22,26,[3 8],23,-1,49,-1,23
1,<environment.Job instance at 0x7fc65f4a02d0>,15,27,[ 1 10],16,-1,74,-1,47
1,<environment.Job instance at 0x7fc65f4a0c80>,26,23,[13  1],27,-1,70,-1,47
1,<environment.Job instance at 0x7fc66004e2d0>,29,15,[11  2],30,-1,62,-1,47
1,<environment.Job instance at 0x7fc66004e280>,35,24,[4 6],36,-1,72,-1,48
1,<environment.Job instance at 0x7fc66004eaa0>,36,13,[6 4],37,-1,61,-1,48
1,<environment.Job instance at 0x7fc66004e5f0>,37,21,[ 4 13],38,-1,69,-1,48
1,<environment.Job instance at 0x7fc66004e0a0>,38,1,[5 6],39,-1,49,-1,48
1,<environment.Job instance at 0x7fc66004e410>,39,16,[8 1],40,-1,64,-1,48
1,<environment.Job instance at 0x7fc66004e460>,31,28,[ 1 14],32,-1,76,-1,48
1,<environment.Job instance at 0x7fc66004e780>,33,12,[10  4],34,-1,60,-1,48
1,<environment.Job instance at 0x7fc66004e4b0>,42,24,[ 1 14],43,-1,72,-1,48
1,<environment.Job instance at 0x7fc66004e870>,41,26,[ 4 11],42,-1,74,-1,48
1,<environment.Job instance at 0x7fc66004e690>,43,12,[8 5],44,-1,60,-1,48
1,<environment.Job instance at 0x7fc66004ea00>,47,18,[9 1],48,-1,66,-1,48
1,<environment.Job instance at 0x7fc6601ddaf0>,48,24,[3 7],49,-1,73,-1,49
1,<environment.Job instance at 0x7fc6601dd370>,49,16,[10  1],50,-1,67,-1,51
1,<environment.Job instance at 0x7fc6601dd870>,52,26,[5 6],53,-1,79,-1,53
1,<environment.Job instance at 0x7fc65ee06910>,60,18,[6 3],61,-1,127,-1,109
1,<environment.Job instance at 0x7fc6600f5e10>,13,28,[7 1],14,-1,141,-1,113
1,<environment.Job instance at 0x7fc6601ddeb0>,54,18,[ 3 13],55,-1,131,-1,113
1,<environment.Job instance at 0x7fc65ee06be0>,64,25,[12  4],65,-1,150,-1,125
1,<environment.Job instance at 0x7fc65ee06cd0>,66,18,[10  3],67,-1,144,-1,126
1,<environment.Job instance at 0x7fc65ee064b0>,63,18,[ 5 14],64,-1,144,-1,126
1,<environment.Job instance at 0x7fc65ee06af0>,69,19,[14  4],70,-1,146,-1,127
1,<environment.Job instance at 0x7fc65ee06fa0>,67,20,[2 8],68,-1,148,-1,128
1,<environment.Job instance at 0x7fc65ee060a0>,59,18,[10  5],60,-1,146,-1,128
1,<environment.Job instance at 0x7fc65ee069b0>,71,13,[11  3],72,-1,141,-1,128
1,<environment.Job instance at 0x7fc65ee060f0>,70,25,[ 4 10],71,-1,153,-1,128
1,<environment.Job instance at 0x7fc65f888e10>,80,28,[5 8],81,-1,156,-1,128
1,<environment.Job instance at 0x7fc65ee06d20>,73,15,[4 6],74,-1,145,-1,130
1,<environment.Job instance at 0x7fc65f8880a0>,82,18,[ 5 10],83,-1,151,-1,133
1,<environment.Job instance at 0x7fc65ee06460>,74,16,[ 3 12],75,-1,149,-1,133
1,<environment.Job instance at 0x7fc65f8882d0>,85,17,[5 2],86,-1,150,-1,133
1,<environment.Job instance at 0x7fc65f888c80>,86,27,[4 5],87,-1,160,-1,133
1,<environment.Job instance at 0x7fc65f888410>,87,14,[5 7],88,-1,147,-1,133
1,<environment.Job instance at 0x7fc65f888820>,91,27,[10  5],92,-1,160,-1,133
1,<environment.Job instance at 0x7fc65f888640>,88,15,[14  3],89,-1,150,-1,135
1,<environment.Job instance at 0x7fc65f8881e0>,93,3,[1 5],94,-1,138,-1,135
1,<environment.Job instance at 0x7fc65f888e60>,95,15,[10  1],96,-1,151,-1,136
1,<environment.Job instance at 0x7fc660291cd0>,97,17,[11  5],98,-1,154,-1,137
1,<environment.Job instance at 0x7fc660291320>,99,20,[10  3],100,-1,162,-1,142
1,<environment.Job instance at 0x7fc660291460>,98,2,[ 2 12],99,-1,144,-1,142
1,<environment.Job instance at 0x7fc65f888690>,96,15,[ 2 11],97,-1,158,-1,143
1,<environment.Job instance at 0x7fc660291b40>,101,14,[2 7],102,-1,158,-1,144
1,<environment.Job instance at 0x7fc65ee06500>,72,14,[10  2],73,-1,159,-1,145
1,<environment.Job instance at 0x7fc6602915f0>,102,15,[ 5 10],103,-1,161,-1,146
1,<environment.Job instance at 0x7fc660291e60>,103,28,[ 5 10],104,-1,176,-1,148
1,<environment.Job instance at 0x7fc6602910a0>,100,21,[7 1],101,-1,169,-1,148
1,<environment.Job instance at 0x7fc660291690>,107,14,[12  2],108,-1,162,-1,148
1,<environment.Job instance at 0x7fc66004efa0>,45,28,[ 4 12],46,-1,176,-1,148
1,<environment.Job instance at 0x7fc660291f50>,110,27,[5 5],111,-1,175,-1,148
1,<environment.Job instance at 0x7fc660291820>,108,21,[5 2],109,-1,169,-1,148
1,<environment.Job instance at 0x7fc6602917d0>,104,25,[ 3 10],105,-1,173,-1,148
1,<environment.Job instance at 0x7fc660291960>,111,27,[2 5],112,-1,175,-1,148
1,<environment.Job instance at 0x7fc65f4a0f50>,24,13,[ 1 14],25,-1,161,-1,148
1,<environment.Job instance at 0x7fc660291730>,113,28,[ 5 11],114,-1,178,-1,150
1,<environment.Job instance at 0x7fc660291410>,114,14,[5 5],115,-1,164,-1,150
1,<environment.Job instance at 0x7fc65fbac9b0>,116,27,[4 9],117,-1,177,-1,150
1,<environment.Job instance at 0x7fc65fbac190>,117,1,[4 8],118,-1,151,-1,150
1,<environment.Job instance at 0x7fc65fbac780>,119,17,[ 4 13],120,-1,167,-1,150
1,<environment.Job instance at 0x7fc65fbac2d0>,120,28,[ 1 11],121,-1,182,-1,154
1,<environment.Job instance at 0x7fc65fbace10>,121,18,[ 1 10],122,-1,172,-1,154
1,<environment.Job instance at 0x7fc65f041550>,1,18,[14  2],2,-1,20,-1,2
1,<environment.Job instance at 0x7fc65f4935a0>,2,19,[11  5],3,-1,22,-1,3
1,<environment.Job instance at 0x7fc65f4f62d0>,8,28,[1 5],9,-1,37,-1,9
1,<environment.Job instance at 0x7fc65f4f6eb0>,9,2,[ 5 11],10,-1,12,-1,10
1,<environment.Job instance at 0x7fc65f039230>,10,16,[ 5 11],11,-1,27,-1,11
1,<environment.Job instance at 0x7fc65f7927d0>,6,25,[5 5],7,-1,43,-1,18
1,<environment.Job instance at 0x7fc65f13dc80>,13,28,[7 1],14,-1,46,-1,18
1,<environment.Job instance at 0x7fc65f4deaa0>,15,27,[ 1 10],16,-1,50,-1,23
1,<environment.Job instance at 0x7fc65f4de8c0>,16,2,[ 4 12],17,-1,25,-1,23
1,<environment.Job instance at 0x7fc65f4de7d0>,17,14,[12  2],18,-1,37,-1,23
1,<environment.Job instance at 0x7fc65f02ae60>,18,23,[1 8],19,-1,46,-1,23
1,<environment.Job instance at 0x7fc65f02a690>,20,25,[3 5],21,-1,51,-1,26
1,<environment.Job instance at 0x7fc65f02a0f0>,21,13,[ 5 13],22,-1,39,-1,26
1,<environment.Job instance at 0x7fc65f02a190>,22,26,[3 8],23,-1,52,-1,26
1,<environment.Job instance at 0x7fc6604859b0>,24,13,[ 1 14],25,-1,39,-1,26
1,<environment.Job instance at 0x7fc660485230>,26,23,[13  1],27,-1,54,-1,31
1,<environment.Job instance at 0x7fc6604850a0>,28,13,[ 3 13],29,-1,53,-1,40
1,<environment.Job instance at 0x7fc65f4dc6e0>,29,15,[11  2],30,-1,55,-1,40
1,<environment.Job instance at 0x7fc65f4dc780>,31,28,[ 1 14],32,-1,75,-1,47
1,<environment.Job instance at 0x7fc65f4dc870>,30,23,[ 1 10],31,-1,78,-1,55
1,<environment.Job instance at 0x7fc65f4da230>,35,24,[4 6],36,-1,84,-1,60
1,<environment.Job instance at 0x7fc660110370>,37,21,[ 4 13],38,-1,81,-1,60
1,<environment.Job instance at 0x7fc65f8c37d0>,40,2,[12  2],41,-1,67,-1,65
1,<environment.Job instance at 0x7fc65f8c30f0>,41,26,[ 4 11],42,-1,91,-1,65
1,<environment.Job instance at 0x7fc65f8c3f00>,42,24,[ 1 14],43,-1,89,-1,65
1,<environment.Job instance at 0x7fc668b32a50>,45,28,[ 4 12],46,-1,105,-1,77
1,<environment.Job instance at 0x7fc65f8a6a50>,48,24,[3 7],49,-1,115,-1,91
1,<environment.Job instance at 0x7fc65fff0550>,52,26,[5 6],53,-1,138,-1,112
1,<environment.Job instance at 0x7fc65fb7a4b0>,54,18,[ 3 13],55,-1,130,-1,112
1,<environment.Job instance at 0x7fc65fb7acd0>,56,3,[14  4],57,-1,128,-1,125
1,<environment.Job instance at 0x7fc65fb7a640>,57,16,[ 4 12],58,-1,141,-1,125
1,<environment.Job instance at 0x7fc65ed13be0>,58,2,[14  1],59,-1,127,-1,125
1,<environment.Job instance at 0x7fc65fa79730>,61,15,[14  5],62,-1,145,-1,130
1,<environment.Job instance at 0x7fc6601f4e10>,63,18,[ 5 14],64,-1,161,-1,143
1,<environment.Job instance at 0x7fc65f3f4c30>,64,25,[12  4],65,-1,168,-1,143
1,<environment.Job instance at 0x7fc660051a50>,68,15,[ 5 12],69,-1,164,-1,149
1,<environment.Job instance at 0x7fc660051c30>,69,19,[14  4],70,-1,168,-1,149
1,<environment.Job instance at 0x7fc66004b0a0>,71,13,[11  3],72,-1,162,-1,149
1,<environment.Job instance at 0x7fc66004b190>,70,25,[ 4 10],71,-1,183,-1,158
1,<environment.Job instance at 0x7fc65f3965f0>,74,16,[ 3 12],75,-1,174,-1,158
1,<environment.Job instance at 0x7fc66010f8c0>,0,27,[6 2],1,-1,28,-1,1
1,<environment.Job instance at 0x7fc65f5d9af0>,2,15,[5 7],3,-1,18,-1,3
1,<environment.Job instance at 0x7fc65f5d9230>,6,14,[9 2],7,-1,22,-1,8
1,<environment.Job instance at 0x7fc66040e780>,8,12,[5 5],9,-1,21,-1,9
1,<environment.Job instance at 0x7fc66047e280>,7,28,[12  1],8,-1,37,-1,9
1,<environment.Job instance at 0x7fc66040e230>,13,19,[6 4],14,-1,34,-1,15
1,<environment.Job instance at 0x7fc66040e910>,15,20,[8 5],16,-1,36,-1,16
1,<environment.Job instance at 0x7fc66040ed70>,16,25,[3 5],17,-1,42,-1,17
1,<environment.Job instance at 0x7fc66040efa0>,17,28,[5 8],18,-1,46,-1,18
1,<environment.Job instance at 0x7fc66040e460>,18,17,[7 5],19,-1,36,-1,19
1,<environment.Job instance at 0x7fc66040eb90>,20,14,[ 4 10],21,-1,35,-1,21
1,<environment.Job instance at 0x7fc65eef60f0>,24,21,[8 1],25,-1,46,-1,25
1,<environment.Job instance at 0x7fc65fe67870>,25,24,[1 6],26,-1,50,-1,26
1,<environment.Job instance at 0x7fc65fe67fa0>,26,16,[2 9],27,-1,43,-1,27
1,<environment.Job instance at 0x7fc65fe67aa0>,27,16,[1 8],28,-1,44,-1,28
1,<environment.Job instance at 0x7fc65fd5f9b0>,28,15,[9 3],29,-1,44,-1,29
1,<environment.Job instance at 0x7fc65fbda9b0>,29,15,[4 8],30,-1,45,-1,30
1,<environment.Job instance at 0x7fc65ed9ab90>,31,25,[9 5],32,-1,57,-1,32
1,<environment.Job instance at 0x7fc65fd21eb0>,33,28,[5 8],34,-1,62,-1,34
1,<environment.Job instance at 0x7fc66040e550>,34,15,[2 9],35,-1,50,-1,35
1,<environment.Job instance at 0x7fc65f1fcaa0>,36,28,[3 7],37,-1,65,-1,37
1,<environment.Job instance at 0x7fc6600a71e0>,41,12,[5 6],42,-1,54,-1,42
1,<environment.Job instance at 0x7fc65fc06aa0>,0,27,[6 2],1,-1,28,-1,1
1,<environment.Job instance at 0x7fc6600d25a0>,3,14,[13  5],4,-1,18,-1,4
1,<environment.Job instance at 0x7fc65f888230>,7,28,[12  1],8,-1,36,-1,8
1,<environment.Job instance at 0x7fc660056c80>,10,2,[ 1 13],11,-1,19,-1,17
1,<environment.Job instance at 0x7fc6601dd2d0>,12,24,[10  4],13,-1,43,-1,19
1,<environment.Job instance at 0x7fc66004e8c0>,14,23,[ 2 14],15,-1,42,-1,19
1,<environment.Job instance at 0x7fc65f4a0550>,16,25,[3 5],17,-1,44,-1,19
1,<environment.Job instance at 0x7fc65f78e280>,17,28,[5 8],18,-1,48,-1,20
1,<environment.Job instance at 0x7fc65ec73b40>,19,13,[13  1],20,-1,33,-1,20
1,<environment.Job instance at 0x7fc65f10b9b0>,25,24,[1 6],26,-1,70,-1,46
1,<environment.Job instance at 0x7fc65fa79730>,32,2,[ 1 13],33,-1,78,-1,76
1,<environment.Job instance at 0x7fc65eba4280>,31,25,[9 5],32,-1,102,-1,77
1,<environment.Job instance at 0x7fc65f396690>,33,28,[5 8],34,-1,119,-1,91
1,<environment.Job instance at 0x7fc65f8c3fa0>,36,28,[3 7],37,-1,119,-1,91
1,<environment.Job instance at 0x7fc65f4da050>,39,15,[ 3 14],40,-1,107,-1,92
1,<environment.Job instance at 0x7fc65f4dab90>,42,15,[ 5 14],43,-1,107,-1,92
1,<environment.Job instance at 0x7fc65f4da280>,43,27,[8 4],44,-1,119,-1,92
1,<environment.Job instance at 0x7fc6604856e0>,47,15,[ 4 11],48,-1,119,-1,104
1,<environment.Job instance at 0x7fc65f039cd0>,50,18,[ 2 14],51,-1,136,-1,118
1,<environment.Job instance at 0x7fc65f5f5af0>,52,27,[4 6],53,-1,159,-1,132
1,<environment.Job instance at 0x7fc65f1f1aa0>,56,27,[2 5],57,-1,160,-1,133
1,<environment.Job instance at 0x7fc65f4f60a0>,53,24,[5 9],54,-1,172,-1,148
1,<environment.Job instance at 0x7fc66040e140>,59,1,[ 2 14],60,-1,149,-1,148
1,<environment.Job instance at 0x7fc6600a7780>,61,27,[11  4],62,-1,175,-1,148
1,<environment.Job instance at 0x7fc65f5615a0>,64,2,[11  2],65,-1,151,-1,149
1,<environment.Job instance at 0x7fc65eb8f190>,66,17,[11  2],67,-1,169,-1,152
1,<environment.Job instance at 0x7fc65f71b410>,2,22,[ 4 10],3,-1,25,-1,3
1,<environment.Job instance at 0x7fc65f71b280>,4,15,[5 6],5,-1,20,-1,5
1,<environment.Job instance at 0x7fc65f71b320>,5,17,[5 5],6,-1,23,-1,6
1,<environment.Job instance at 0x7fc65f71bbe0>,6,26,[3 5],7,-1,33,-1,7
1,<environment.Job instance at 0x7fc65f723190>,11,23,[1 6],12,-1,35,-1,12
1,<environment.Job instance at 0x7fc65f723cd0>,26,19,[9 5],27,-1,68,-1,49
1,<environment.Job instance at 0x7fc65f723f00>,29,28,[ 3 10],30,-1,79,-1,51
1,<environment.Job instance at 0x7fc65f723f50>,30,15,[13  1],31,-1,67,-1,52
1,<environment.Job instance at 0x7fc65f735320>,31,13,[ 5 10],32,-1,65,-1,52
1,<environment.Job instance at 0x7fc65f723780>,21,17,[ 2 14],22,-1,69,-1,52
1,<environment.Job instance at 0x7fc65f7353c0>,33,28,[13  4],34,-1,80,-1,52
1,<environment.Job instance at 0x7fc65f723dc0>,28,16,[12  4],29,-1,69,-1,53
1,<environment.Job instance at 0x7fc65efdbfa0>,3,1,[ 1 12],4,-1,5,-1,4
1,<environment.Job instance at 0x7fc65ff1dd70>,7,13,[ 1 11],8,-1,21,-1,8
1,<environment.Job instance at 0x7fc65ff1d460>,6,26,[3 5],7,-1,40,-1,14
1,<environment.Job instance at 0x7fc65ff1d2d0>,11,23,[1 6],12,-1,39,-1,16
1,<environment.Job instance at 0x7fc65ff1dc80>,8,23,[10  2],9,-1,39,-1,16
1,<environment.Job instance at 0x7fc65ff1df50>,13,28,[13  1],14,-1,44,-1,16
1,<environment.Job instance at 0x7fc65f3cea50>,14,15,[ 3 11],15,-1,31,-1,16
1,<environment.Job instance at 0x7fc65ff1d370>,12,26,[2 9],13,-1,54,-1,28
1,<environment.Job instance at 0x7fc65f3ceb40>,21,17,[ 2 14],22,-1,48,-1,31
1,<environment.Job instance at 0x7fc65f3ce410>,22,14,[ 4 14],23,-1,45,-1,31
1,<environment.Job instance at 0x7fc6690d9d70>,24,14,[ 5 11],25,-1,58,-1,44
1,<environment.Job instance at 0x7fc6690d9aa0>,28,16,[12  4],29,-1,63,-1,47
1,<environment.Job instance at 0x7fc65fa88500>,30,15,[13  1],31,-1,62,-1,47
1,<environment.Job instance at 0x7fc6690d9f50>,29,28,[ 3 10],30,-1,87,-1,59
1,<environment.Job instance at 0x7fc65fa889b0>,32,16,[11  4],33,-1,75,-1,59
1,<environment.Job instance at 0x7fc65fa88960>,33,28,[13  4],34,-1,87,-1,59
1,<environment.Job instance at 0x7fc65fa88a50>,36,15,[ 4 11],37,-1,74,-1,59
1,<environment.Job instance at 0x7fc65fa887d0>,37,26,[9 5],38,-1,87,-1,61
1,<environment.Job instance at 0x7fc65fa883c0>,38,24,[9 4],39,-1,85,-1,61
1,<environment.Job instance at 0x7fc65fa88550>,40,25,[ 2 12],41,-1,86,-1,61
1,<environment.Job instance at 0x7fc65fa88c30>,42,16,[12  5],43,-1,88,-1,72
1,<environment.Job instance at 0x7fc6602819b0>,43,25,[4 9],44,-1,99,-1,74
1,<environment.Job instance at 0x7fc660281be0>,44,28,[2 5],45,-1,102,-1,74
1,<environment.Job instance at 0x7fc6602815a0>,47,2,[ 3 12],48,-1,79,-1,77
1,<environment.Job instance at 0x7fc660281910>,53,18,[14  4],54,-1,116,-1,98
1,<environment.Job instance at 0x7fc668a96820>,55,13,[ 2 13],56,-1,113,-1,100
1,<environment.Job instance at 0x7fc668a966e0>,56,25,[ 2 14],57,-1,125,-1,100
1,<environment.Job instance at 0x7fc668a96e10>,57,27,[4 5],58,-1,133,-1,106
1,<environment.Job instance at 0x7fc65fb85550>,66,12,[11  5],67,-1,149,-1,137
1,<environment.Job instance at 0x7fc65fb851e0>,72,14,[ 3 14],73,-1,168,-1,154
1,<environment.Job instance at 0x7fc65fb85eb0>,73,15,[ 2 12],74,-1,169,-1,154
1,<environment.Job instance at 0x7fc65fb85c30>,75,1,[ 3 12],76,-1,155,-1,154
1,<environment.Job instance at 0x7fc65eb8f190>,76,12,[12  3],77,-1,166,-1,154
1,<environment.Job instance at 0x7feb9ad0fb40>,2,18,[ 3 10],3,-1,21,-1,3
1,<environment.Job instance at 0x7feb9ad0fe10>,5,18,[7 5],6,-1,24,-1,6
1,<environment.Job instance at 0x7feb9ad0fd20>,6,19,[1 7],7,-1,27,-1,8
1,<environment.Job instance at 0x7feb9ad13370>,18,18,[3 6],19,-1,46,-1,28
1,<environment.Job instance at 0x7feb9ad13410>,14,21,[ 3 11],15,-1,49,-1,28
1,<environment.Job instance at 0x7feb9ad136e0>,19,21,[8 5],20,-1,51,-1,30
1,<environment.Job instance at 0x7feb9ad138c0>,21,22,[8 2],22,-1,52,-1,30
1,<environment.Job instance at 0x7feb9ad13640>,17,18,[ 5 13],18,-1,48,-1,30
1,<environment.Job instance at 0x7feb9ad13aa0>,23,18,[7 4],24,-1,48,-1,30
1,<environment.Job instance at 0x7feb9ad13fa0>,29,24,[5 1],30,-1,54,-1,30
1,<environment.Job instance at 0x7feb9ad137d0>,20,21,[13  5],21,-1,51,-1,30
1,<environment.Job instance at 0x7feb9ad13be0>,26,20,[4 8],27,-1,63,-1,43
1,<environment.Job instance at 0x7feb9ad13140>,12,13,[ 2 12],13,-1,57,-1,44
1,<environment.Job instance at 0x7feb9ad14410>,32,14,[8 3],33,-1,59,-1,45
1,<environment.Job instance at 0x7feb9ad14550>,34,20,[5 3],35,-1,66,-1,46
1,<environment.Job instance at 0x7feb9ad13500>,16,19,[ 3 10],17,-1,65,-1,46
1,<environment.Job instance at 0x7feb9ad14910>,40,18,[ 5 13],41,-1,65,-1,47
1,<environment.Job instance at 0x7feb9ad13c80>,27,25,[14  4],28,-1,72,-1,47
1,<environment.Job instance at 0x7feb9ad148c0>,42,24,[ 4 14],43,-1,74,-1,50
1,<environment.Job instance at 0x7feb9ad144b0>,33,16,[9 3],34,-1,66,-1,50
1,<environment.Job instance at 0x7feb9ad14820>,43,14,[10  1],44,-1,65,-1,51
1,<environment.Job instance at 0x7feb9ad14be0>,45,28,[6 4],46,-1,79,-1,51
1,<environment.Job instance at 0x7feb9ad14c80>,46,17,[ 5 12],47,-1,68,-1,51
1,<environment.Job instance at 0x7feb9ad14690>,36,16,[8 1],37,-1,67,-1,51
1,<environment.Job instance at 0x7feb9ad14f50>,48,25,[5 4],49,-1,76,-1,51
1,<environment.Job instance at 0x7feb9ad1a0a0>,49,23,[2 6],50,-1,74,-1,51
1,<environment.Job instance at 0x7feb9ad1a320>,52,27,[9 1],53,-1,80,-1,53
1,<environment.Job instance at 0x7feb9ad1a3c0>,53,22,[9 5],54,-1,76,-1,54
1,<environment.Job instance at 0x7feb9ad14870>,39,12,[3 6],40,-1,76,-1,64
1,<environment.Job instance at 0x7feb9ad1a550>,56,17,[6 4],57,-1,84,-1,67
1,<environment.Job instance at 0x7feb9ad14d70>,47,16,[6 2],48,-1,83,-1,67
1,<environment.Job instance at 0x7feb9ad1a960>,60,17,[9 3],61,-1,84,-1,67
1,<environment.Job instance at 0x7feb9ad1a780>,57,15,[6 5],58,-1,83,-1,68
1,<environment.Job instance at 0x7feb9ad1aaa0>,62,24,[ 3 10],63,-1,99,-1,75
1,<environment.Job instance at 0x7feb9ad1a8c0>,59,16,[8 1],60,-1,91,-1,75
1,<environment.Job instance at 0x7feb9ad1ac80>,64,20,[9 1],65,-1,95,-1,75
1,<environment.Job instance at 0x7feb9ad1aa00>,61,14,[ 2 10],62,-1,89,-1,75
1,<environment.Job instance at 0x7feb9ad1a690>,65,15,[ 1 11],66,-1,90,-1,75
1,<environment.Job instance at 0x7feb9ad1aeb0>,67,13,[3 5],68,-1,88,-1,75
1,<environment.Job instance at 0x7feb9ad1afa0>,69,26,[5 4],70,-1,101,-1,75
1,<environment.Job instance at 0x7feb9ad1c0a0>,70,22,[5 6],71,-1,97,-1,75
1,<environment.Job instance at 0x7feb9ad1c140>,71,13,[7 2],72,-1,88,-1,75
1,<environment.Job instance at 0x7feb9ad1c1e0>,72,18,[5 5],73,-1,93,-1,75
1,<environment.Job instance at 0x7feb9ad1c280>,73,27,[8 2],74,-1,102,-1,75
1,<environment.Job instance at 0x7feb9ad1c320>,74,14,[9 1],75,-1,89,-1,75
1,<environment.Job instance at 0x7feb9ad1c3c0>,75,19,[8 3],76,-1,95,-1,76
1,<environment.Job instance at 0x7feb9ad1c640>,76,18,[ 2 10],77,-1,95,-1,77
1,<environment.Job instance at 0x7feb9ad1c550>,77,19,[8 1],78,-1,97,-1,78
1,<environment.Job instance at 0x7feb9ad1c820>,80,19,[8 4],81,-1,101,-1,82
1,<environment.Job instance at 0x7feb9ad1cd70>,85,18,[ 5 12],86,-1,121,-1,103
1,<environment.Job instance at 0x7feb9ad1ceb0>,87,17,[7 4],88,-1,121,-1,104
1,<environment.Job instance at 0x7feb9ad1cd20>,84,21,[ 1 10],85,-1,125,-1,104
1,<environment.Job instance at 0x7feb9ad1c500>,4,24,[ 3 11],5,-1,29,-1,5
1,<environment.Job instance at 0x7feb9add1d70>,8,24,[ 2 10],9,-1,45,-1,21
1,<environment.Job instance at 0x7feb9add1e10>,12,13,[ 2 12],13,-1,34,-1,21
1,<environment.Job instance at 0x7feb9add1f50>,14,21,[ 3 11],15,-1,43,-1,22
1,<environment.Job instance at 0x7feb9add1050>,17,18,[ 5 13],18,-1,40,-1,22
1,<environment.Job instance at 0x7feba4359870>,20,21,[13  5],21,-1,56,-1,35
1,<environment.Job instance at 0x7feb9ae653c0>,24,2,[ 3 12],25,-1,51,-1,49
1,<environment.Job instance at 0x7feb9ae1bfa0>,27,25,[14  4],28,-1,74,-1,49
1,<environment.Job instance at 0x7feb9ae1ba50>,29,24,[5 1],30,-1,89,-1,65
1,<environment.Job instance at 0x7feb9add03c0>,40,18,[ 5 13],41,-1,133,-1,115
1,<environment.Job instance at 0x7feb9add0eb0>,41,3,[14  5],42,-1,118,-1,115
1,<environment.Job instance at 0x7feb9add0870>,42,24,[ 4 14],43,-1,139,-1,115
1,<environment.Job instance at 0x7feb9adbe4b0>,45,28,[6 4],46,-1,156,-1,128
1,<environment.Job instance at 0x7feb9add0d70>,46,17,[ 5 12],47,-1,145,-1,128
1,<environment.Job instance at 0x7feb9add0cd0>,48,25,[5 4],49,-1,157,-1,132
1,<environment.Job instance at 0x7feb9adcc1e0>,49,23,[2 6],50,-1,155,-1,132
1,<environment.Job instance at 0x7feb9adcc370>,50,13,[12  1],51,-1,145,-1,132
1,<environment.Job instance at 0x7feb9adcc5a0>,51,24,[ 1 11],52,-1,156,-1,132
1,<environment.Job instance at 0x7feb9adcc820>,52,27,[9 1],53,-1,159,-1,132
1,<environment.Job instance at 0x7feb9a463af0>,2,18,[4 6],3,-1,21,-1,3
1,<environment.Job instance at 0x7feb9a4639b0>,3,16,[3 5],4,-1,21,-1,5
1,<environment.Job instance at 0x7feb9a458820>,7,18,[10  1],8,-1,34,-1,16
1,<environment.Job instance at 0x7feb9a458910>,13,23,[ 2 14],14,-1,51,-1,28
1,<environment.Job instance at 0x7feb9a5e7870>,18,28,[4 7],19,-1,56,-1,28
1,<environment.Job instance at 0x7feb9a463910>,8,27,[9 4],9,-1,55,-1,28
1,<environment.Job instance at 0x7feb9a5cda50>,19,26,[3 6],20,-1,54,-1,28
1,<environment.Job instance at 0x7feb9a458dc0>,12,14,[4 7],13,-1,42,-1,28
1,<environment.Job instance at 0x7feb9a461af0>,22,15,[3 9],23,-1,43,-1,28
1,<environment.Job instance at 0x7feb9a4611e0>,17,22,[1 7],18,-1,50,-1,28
1,<environment.Job instance at 0x7feb9a5b3d20>,26,14,[8 4],27,-1,44,-1,30
1,<environment.Job instance at 0x7feb9a458fa0>,6,19,[ 5 14],7,-1,53,-1,34
1,<environment.Job instance at 0x7feb9a57feb0>,28,17,[10  5],29,-1,51,-1,34
1,<environment.Job instance at 0x7feb9a545640>,23,2,[ 1 10],24,-1,37,-1,35
1,<environment.Job instance at 0x7feb9a68de10>,30,23,[5 8],31,-1,59,-1,36
1,<environment.Job instance at 0x7feb9a596870>,31,21,[ 4 11],32,-1,60,-1,39
1,<environment.Job instance at 0x7feb9a5967d0>,29,16,[ 3 10],30,-1,55,-1,39
1,<environment.Job instance at 0x7feb9a542f00>,37,27,[5 3],38,-1,93,-1,66
1,<environment.Job instance at 0x7feb9a5ae320>,44,18,[12  2],45,-1,123,-1,105
1,<environment.Job instance at 0x7feb9a2ddd20>,50,16,[7 2],51,-1,121,-1,105
1,<environment.Job instance at 0x7feb9a5428c0>,39,17,[ 5 11],40,-1,126,-1,109
1,<environment.Job instance at 0x7feb9a2e3960>,48,17,[11  4],49,-1,127,-1,110
1,<environment.Job instance at 0x7feb9a2dd6e0>,52,28,[7 4],53,-1,139,-1,111
1,<environment.Job instance at 0x7feb9a2ddcd0>,53,19,[9 2],54,-1,130,-1,111
1,<environment.Job instance at 0x7feb9a2ddf00>,51,18,[ 1 10],52,-1,129,-1,111
1,<environment.Job instance at 0x7feb9a2d4640>,57,15,[5 6],58,-1,126,-1,111
1,<environment.Job instance at 0x7feb9a2cc370>,55,23,[8 3],56,-1,134,-1,111
1,<environment.Job instance at 0x7feb9a2ddaa0>,49,13,[10  1],50,-1,124,-1,111
1,<environment.Job instance at 0x7feb9a2c2a00>,62,16,[14  3],63,-1,127,-1,111
1,<environment.Job instance at 0x7feb9a2c2190>,59,17,[3 5],60,-1,129,-1,112
1,<environment.Job instance at 0x7feb9a463460>,68,20,[7 4],69,-1,133,-1,113
1,<environment.Job instance at 0x7feb9a2cc190>,54,28,[4 5],55,-1,141,-1,113
1,<environment.Job instance at 0x7feb9a441f50>,70,24,[11  3],71,-1,137,-1,113
1,<environment.Job instance at 0x7feb9a369190>,71,22,[5 8],72,-1,135,-1,113
1,<environment.Job instance at 0x7feb9a2c2960>,60,15,[ 5 10],61,-1,128,-1,113
1,<environment.Job instance at 0x7feb9a3b8500>,63,12,[11  4],64,-1,125,-1,113
1,<environment.Job instance at 0x7feb9a464640>,74,28,[13  3],75,-1,141,-1,113
1,<environment.Job instance at 0x7feb9a317410>,73,16,[9 4],74,-1,129,-1,113
1,<environment.Job instance at 0x7feb9a4648c0>,75,16,[7 4],76,-1,129,-1,113
1,<environment.Job instance at 0x7feb9a463aa0>,69,20,[6 2],70,-1,133,-1,113
1,<environment.Job instance at 0x7feb9a325370>,79,21,[6 4],80,-1,134,-1,113
1,<environment.Job instance at 0x7feb9a45e460>,80,17,[2 6],81,-1,130,-1,113
1,<environment.Job instance at 0x7feb9a325e10>,81,16,[ 2 13],82,-1,129,-1,113
1,<environment.Job instance at 0x7feb9a489dc0>,82,17,[8 5],83,-1,130,-1,113
1,<environment.Job instance at 0x7feb9a460280>,85,13,[11  1],86,-1,126,-1,113
1,<environment.Job instance at 0x7feb9a33f7d0>,77,18,[ 1 13],78,-1,131,-1,113
1,<environment.Job instance at 0x7feb9a460eb0>,88,17,[1 7],89,-1,130,-1,113
1,<environment.Job instance at 0x7feb9a460b40>,86,12,[ 3 10],87,-1,125,-1,113
1,<environment.Job instance at 0x7feb9a460730>,89,15,[5 7],90,-1,128,-1,113
1,<environment.Job instance at 0x7feb9a332870>,90,12,[6 2],91,-1,125,-1,113
1,<environment.Job instance at 0x7feb9a332d70>,92,23,[1 7],93,-1,136,-1,113
1,<environment.Job instance at 0x7feb9a331550>,96,19,[ 3 14],97,-1,133,-1,114
1,<environment.Job instance at 0x7feb9a3176e0>,72,16,[7 4],73,-1,131,-1,115
1,<environment.Job instance at 0x7feb9a3314b0>,98,21,[9 5],99,-1,136,-1,115
1,<environment.Job instance at 0x7feb9a331410>,99,18,[10  2],100,-1,133,-1,115
1,<environment.Job instance at 0x7feb9a3317d0>,94,12,[1 8],95,-1,127,-1,115
1,<environment.Job instance at 0x7feb9a331d70>,101,22,[6 1],102,-1,137,-1,115
1,<environment.Job instance at 0x7feb9a331190>,102,14,[3 5],103,-1,129,-1,115
1,<environment.Job instance at 0x7feb9a331870>,103,21,[5 1],104,-1,136,-1,115
1,<environment.Job instance at 0x7feb9a331eb0>,97,2,[14  5],98,-1,117,-1,115
1,<environment.Job instance at 0x7feb9a542c30>,36,14,[11  2],37,-1,129,-1,115
1,<environment.Job instance at 0x7feb9a43f870>,105,20,[5 5],106,-1,136,-1,116
1,<environment.Job instance at 0x7feb9a542f50>,34,28,[3 8],35,-1,145,-1,117
1,<environment.Job instance at 0x7feb9a313c80>,106,18,[4 9],107,-1,135,-1,117
1,<environment.Job instance at 0x7feb9a34ce60>,107,20,[3 7],108,-1,137,-1,117
1,<environment.Job instance at 0x7feb9a313d20>,108,27,[ 3 13],109,-1,145,-1,118
1,<environment.Job instance at 0x7feb9a583050>,41,27,[6 5],42,-1,145,-1,118
1,<environment.Job instance at 0x7feb9a32c1e0>,109,20,[14  3],110,-1,139,-1,119
1,<environment.Job instance at 0x7feb9a32c4b0>,111,14,[ 4 13],112,-1,133,-1,119
1,<environment.Job instance at 0x7feb9a331050>,100,12,[12  4],101,-1,131,-1,119
1,<environment.Job instance at 0x7feb9a350e60>,66,13,[ 5 13],67,-1,132,-1,119
1,<environment.Job instance at 0x7feb9a30d780>,78,24,[ 5 11],79,-1,143,-1,119
1,<environment.Job instance at 0x7feb9a332050>,93,12,[12  2],94,-1,131,-1,119
1,<environment.Job instance at 0x7feb9a32c3c0>,113,13,[5 7],114,-1,132,-1,119
1,<environment.Job instance at 0x7feb9a3b81e0>,64,15,[14  3],65,-1,134,-1,119
1,<environment.Job instance at 0x7feb9a32deb0>,115,16,[6 2],116,-1,135,-1,119
1,<environment.Job instance at 0x7feb9a32df50>,117,24,[ 4 11],118,-1,143,-1,119
1,<environment.Job instance at 0x7feb9a32d820>,119,16,[7 2],120,-1,136,-1,120
1,<environment.Job instance at 0x7feb9a334a50>,121,22,[ 1 10],122,-1,144,-1,122
1,<environment.Job instance at 0x7feb9a33bbe0>,123,24,[2 7],124,-1,148,-1,124
1,<environment.Job instance at 0x7feb9a33bd20>,124,25,[5 5],125,-1,150,-1,125
1,<environment.Job instance at 0x7feb9a2c5190>,126,18,[7 1],127,-1,146,-1,128
1,<environment.Job instance at 0x7feb9a2c25f0>,0,22,[11  3],1,-1,23,-1,1
1,<environment.Job instance at 0x7feb9a331cd0>,1,18,[11  2],2,-1,20,-1,2
1,<environment.Job instance at 0x7feb9a32cc80>,6,19,[ 5 14],7,-1,26,-1,7
1,<environment.Job instance at 0x7feb9a32d050>,8,27,[9 4],9,-1,47,-1,20
1,<environment.Job instance at 0x7feb9ad2d960>,9,25,[3 9],10,-1,45,-1,20
1,<environment.Job instance at 0x7feb9ad2dc30>,13,23,[ 2 14],14,-1,43,-1,20
1,<environment.Job instance at 0x7feb9ad2da00>,14,12,[ 2 11],15,-1,32,-1,20
1,<environment.Job instance at 0x7feb9ad2d690>,18,28,[4 7],19,-1,49,-1,21
1,<environment.Job instance at 0x7feb9ad2d5f0>,19,26,[3 6],20,-1,47,-1,21
1,<environment.Job instance at 0x7feb9ad2d410>,20,12,[11  1],21,-1,33,-1,21
1,<environment.Job instance at 0x7feb9ad2d370>,21,12,[ 5 11],22,-1,34,-1,22
1,<environment.Job instance at 0x7feb9ad2d140>,24,2,[ 1 11],25,-1,27,-1,25
1,<environment.Job instance at 0x7feb9ad1ecd0>,30,23,[5 8],31,-1,73,-1,50
1,<environment.Job instance at 0x7feb9ad1ec30>,31,21,[ 4 11],32,-1,71,-1,50
1,<environment.Job instance at 0x7feb9ad1eb90>,32,2,[ 3 12],33,-1,52,-1,50
1,<environment.Job instance at 0x7feb9ad1e870>,35,24,[12  1],36,-1,85,-1,61
1,<environment.Job instance at 0x7feb9add1050>,36,14,[11  2],37,-1,75,-1,61
1,<environment.Job instance at 0x7feb9ad1e9b0>,37,27,[5 3],38,-1,89,-1,62
1,<environment.Job instance at 0x7feb9add1230>,39,17,[ 5 11],40,-1,79,-1,62
1,<environment.Job instance at 0x7feb9ad1ea50>,34,28,[3 8],35,-1,93,-1,65
1,<environment.Job instance at 0x7feb9add1370>,42,18,[ 2 14],43,-1,83,-1,65
1,<environment.Job instance at 0x7feb9add1410>,43,2,[11  2],44,-1,67,-1,65
1,<environment.Job instance at 0x7feb9add1d70>,44,18,[12  2],45,-1,83,-1,65
1,<environment.Job instance at 0x7feb9add1eb0>,46,17,[11  1],47,-1,95,-1,78
1,<environment.Job instance at 0x7feb9add1550>,47,13,[ 4 12],48,-1,91,-1,78
1,<environment.Job instance at 0x7feb9ad14cd0>,48,17,[11  4],49,-1,95,-1,78
1,<environment.Job instance at 0x7feb9add1870>,41,27,[6 5],42,-1,106,-1,79
1,<environment.Job instance at 0x7feb9a463dc0>,52,28,[7 4],53,-1,121,-1,93
1,<environment.Job instance at 0x7feb9a4fd780>,55,23,[8 3],56,-1,131,-1,108
1,<environment.Job instance at 0x7feb9a4fd0a0>,54,28,[4 5],55,-1,136,-1,108
1,<environment.Job instance at 0x7feb9a5397d0>,58,28,[9 1],59,-1,153,-1,125
1,<environment.Job instance at 0x7feb9a53c050>,62,16,[14  3],63,-1,141,-1,125
1,<environment.Job instance at 0x7feb9a539aa0>,63,12,[11  4],64,-1,137,-1,125
1,<environment.Job instance at 0x7feb9a53ca00>,64,15,[14  3],65,-1,140,-1,125
1,<environment.Job instance at 0x7feb9a537780>,66,13,[ 5 13],67,-1,138,-1,125
1,<environment.Job instance at 0x7feb9a4c0a50>,70,24,[11  3],71,-1,151,-1,127
1,<environment.Job instance at 0x7feb9a4c9a00>,74,28,[13  3],75,-1,172,-1,144
1,<environment.Job instance at 0x7feb9a4d4370>,77,18,[ 1 13],78,-1,180,-1,162
1,<environment.Job instance at 0x7feb9a4d4dc0>,78,24,[ 5 11],79,-1,186,-1,162
1,<environment.Job instance at 0x7feb9a325500>,0,19,[1 8],1,-1,20,-1,1
1,<environment.Job instance at 0x7feb9a325a00>,2,26,[5 3],3,-1,29,-1,3
1,<environment.Job instance at 0x7feb9a325f00>,5,20,[7 3],6,-1,27,-1,7
1,<environment.Job instance at 0x7feb9a325230>,8,17,[6 3],9,-1,26,-1,9
1,<environment.Job instance at 0x7feb9a3254b0>,9,20,[6 2],10,-1,30,-1,10
1,<environment.Job instance at 0x7feb9a325140>,11,17,[2 8],12,-1,29,-1,12
1,<environment.Job instance at 0x7feb9a325320>,12,27,[4 6],13,-1,40,-1,13
1,<environment.Job instance at 0x7feb9a325c30>,14,14,[3 6],15,-1,29,-1,15
1,<environment.Job instance at 0x7feba44c7b40>,25,26,[5 4],26,-1,166,-1,140
1,<environment.Job instance at 0x7feb9a3b5b40>,39,15,[4 9],40,-1,155,-1,140
1,<environment.Job instance at 0x7feb9a3b5870>,38,26,[7 4],39,-1,166,-1,140
1,<environment.Job instance at 0x7feb9a3b5640>,40,27,[9 5],41,-1,186,-1,159
1,<environment.Job instance at 0x7feba44c27d0>,46,28,[ 3 14],47,-1,189,-1,161
1,<environment.Job instance at 0x7feba44c2a00>,47,20,[1 9],48,-1,181,-1,161
1,<environment.Job instance at 0x7feb9a3b5140>,41,14,[3 6],42,-1,177,-1,163
1,<environment.Job instance at 0x7feba44c2eb0>,48,18,[ 3 10],49,-1,185,-1,167
1,<environment.Job instance at 0x7feb9a3b5fa0>,27,15,[1 9],28,-1,182,-1,167
1,<environment.Job instance at 0x7feba43f9f00>,51,12,[8 2],52,-1,179,-1,167
1,<environment.Job instance at 0x7feba43f9f50>,52,19,[11  4],53,-1,187,-1,168
1,<environment.Job instance at 0x7feb9a43e820>,53,27,[9 1],54,-1,195,-1,168
1,<environment.Job instance at 0x7feb9a43e5a0>,54,21,[3 9],55,-1,189,-1,168
1,<environment.Job instance at 0x7feb9a43ef50>,55,22,[7 4],56,-1,190,-1,168
1,<environment.Job instance at 0x7feba44c2b90>,49,21,[6 1],50,-1,189,-1,168
1,<environment.Job instance at 0x7feb9a43e730>,57,17,[8 5],58,-1,185,-1,168
1,<environment.Job instance at 0x7feb9a43e2d0>,60,13,[14  4],61,-1,181,-1,168
1,<environment.Job instance at 0x7feb9a43ea00>,61,17,[2 6],62,-1,186,-1,169
1,<environment.Job instance at 0x7feb9b5ed7d0>,3,18,[11  4],4,-1,22,-1,4
1,<environment.Job instance at 0x7feb9a7bde10>,4,15,[ 3 11],5,-1,20,-1,5
1,<environment.Job instance at 0x7feb9a7bdf50>,7,12,[ 3 11],8,-1,20,-1,8
1,<environment.Job instance at 0x7feb9b88be60>,2,26,[5 3],3,-1,40,-1,14
1,<environment.Job instance at 0x7feb9b5fc690>,10,24,[ 5 11],11,-1,38,-1,14
1,<environment.Job instance at 0x7feb9b555d20>,12,27,[4 6],13,-1,41,-1,14
1,<environment.Job instance at 0x7feb9aac9f00>,13,1,[ 2 11],14,-1,15,-1,14
1,<environment.Job instance at 0x7feb9aac9870>,15,15,[13  3],16,-1,31,-1,16
1,<environment.Job instance at 0x7feb9ab1aaa0>,16,12,[14  2],17,-1,29,-1,17
1,<environment.Job instance at 0x7feb9b1d5b40>,17,1,[ 2 11],18,-1,19,-1,18
1,<environment.Job instance at 0x7feb9b8aaf00>,6,27,[2 8],7,-1,47,-1,20
1,<environment.Job instance at 0x7feb9a3e9af0>,19,15,[12  5],20,-1,35,-1,20
1,<environment.Job instance at 0x7feb9b7f85a0>,20,16,[ 3 12],21,-1,37,-1,21
1,<environment.Job instance at 0x7feb9aada730>,21,16,[ 3 12],22,-1,38,-1,22
1,<environment.Job instance at 0x7feb9ab1a320>,23,27,[5 1],24,-1,58,-1,31
1,<environment.Job instance at 0x7feb9b3b3e10>,25,26,[5 4],26,-1,57,-1,31
1,<environment.Job instance at 0x7feb9aabee60>,28,12,[ 2 11],29,-1,46,-1,34
1,<environment.Job instance at 0x7feb9a7530a0>,36,24,[3 6],37,-1,92,-1,68
1,<environment.Job instance at 0x7feb9a5d3aa0>,38,26,[7 4],39,-1,94,-1,68
1,<environment.Job instance at 0x7feb9b3b3550>,24,25,[10  4],25,-1,93,-1,68
1,<environment.Job instance at 0x7feb9a5d3410>,40,27,[9 5],41,-1,95,-1,68
1,<environment.Job instance at 0x7feb9a7620f0>,46,28,[ 3 14],47,-1,113,-1,85
1,<environment.Job instance at 0x7feb9a757140>,52,19,[11  4],53,-1,133,-1,114
1,<environment.Job instance at 0x7feb9ab3a960>,53,27,[9 1],54,-1,153,-1,126
1,<environment.Job instance at 0x7feb9ab3a7d0>,56,2,[14  3],57,-1,131,-1,129
1,<environment.Job instance at 0x7feb9ab3a460>,58,27,[ 2 12],59,-1,173,-1,146
1,<environment.Job instance at 0x7feb9ab3a5f0>,60,13,[14  4],61,-1,164,-1,151
1,<environment.Job instance at 0x7feb9a596820>,62,16,[ 1 11],63,-1,170,-1,154
1,<environment.Job instance at 0x7feb9a596cd0>,63,26,[12  3],64,-1,180,-1,154
1,<environment.Job instance at 0x7feb9a596500>,65,17,[ 4 13],66,-1,180,-1,163
1,<environment.Job instance at 0x7feb9a8aae10>,0,28,[7 2],1,-1,29,-1,1
1,<environment.Job instance at 0x7feba438f7d0>,1,20,[8 3],2,-1,22,-1,2
1,<environment.Job instance at 0x7feba438f280>,2,25,[5 7],3,-1,28,-1,3
1,<environment.Job instance at 0x7feb9a2ddaa0>,3,18,[5 7],4,-1,22,-1,4
1,<environment.Job instance at 0x7feb9a4b1640>,10,23,[7 1],11,-1,35,-1,12
1,<environment.Job instance at 0x7feb9a8aaf00>,11,17,[10  4],12,-1,29,-1,12
1,<environment.Job instance at 0x7feb9a4b15a0>,13,16,[8 4],14,-1,34,-1,18
1,<environment.Job instance at 0x7feb9a4b7af0>,21,18,[9 4],22,-1,40,-1,22
1,<environment.Job instance at 0x7feb9a7617d0>,0,28,[7 2],1,-1,29,-1,1
1,<environment.Job instance at 0x7feb9a75b050>,2,25,[5 7],3,-1,28,-1,3
1,<environment.Job instance at 0x7feb9a7610f0>,5,21,[ 5 13],6,-1,27,-1,6
1,<environment.Job instance at 0x7feb9a6ad1e0>,8,17,[13  2],9,-1,26,-1,9
1,<environment.Job instance at 0x7feb9a59bbe0>,9,22,[12  5],10,-1,32,-1,10
1,<environment.Job instance at 0x7feb9a59b0f0>,10,23,[7 1],11,-1,45,-1,22
1,<environment.Job instance at 0x7feb9a59b910>,14,12,[ 2 13],15,-1,34,-1,22
1,<environment.Job instance at 0x7feb9a59b1e0>,17,24,[10  2],18,-1,59,-1,35
1,<environment.Job instance at 0x7feb9a6f38c0>,18,14,[ 5 14],19,-1,49,-1,35
1,<environment.Job instance at 0x7feb9a6f3aa0>,22,25,[11  2],23,-1,61,-1,36
1,<environment.Job instance at 0x7feb9a6f3640>,23,15,[ 3 12],24,-1,51,-1,36
1,<environment.Job instance at 0x7feb9ab5d370>,27,23,[9 5],28,-1,84,-1,61
1,<environment.Job instance at 0x7feb9ab5d4b0>,28,23,[8 1],29,-1,84,-1,61
1,<environment.Job instance at 0x7feb9a73aa00>,30,15,[ 5 14],31,-1,76,-1,61
1,<environment.Job instance at 0x7feb9a68ed70>,34,3,[11  3],35,-1,76,-1,73
1,<environment.Job instance at 0x7feb9a68ea50>,37,27,[8 1],38,-1,121,-1,94
1,<environment.Job instance at 0x7feb9a68e0a0>,41,23,[5 7],42,-1,122,-1,99
1,<environment.Job instance at 0x7feb9a68e820>,43,15,[ 2 14],44,-1,114,-1,99
1,<environment.Job instance at 0x7feb9a6b6780>,47,12,[ 3 13],48,-1,120,-1,108
1,<environment.Job instance at 0x7feb9a762690>,51,27,[14  3],52,-1,154,-1,127
1,<environment.Job instance at 0x7feba3ee4af0>,52,18,[ 5 11],53,-1,145,-1,127
1,<environment.Job instance at 0x7feb9a3e3640>,55,18,[ 1 12],56,-1,151,-1,133
1,<environment.Job instance at 0x7feb9a762320>,54,25,[4 9],55,-1,178,-1,153
1,<environment.Job instance at 0x7feb9a3e9af0>,60,2,[11  4],61,-1,155,-1,153
1,<environment.Job instance at 0x7feb9b5da5f0>,63,17,[14  3],64,-1,170,-1,153
1,<environment.Job instance at 0x7feb9b5fc690>,64,28,[5 5],65,-1,183,-1,155
1,<environment.Job instance at 0x7feb9ab1adc0>,65,19,[ 1 12],66,-1,174,-1,155
1,<environment.Job instance at 0x7feb9ab1a6e0>,66,24,[10  2],67,-1,179,-1,155
1,<environment.Job instance at 0x7feb9b5ed7d0>,67,2,[ 4 13],68,-1,157,-1,155
1,<environment.Job instance at 0x7feb9b555d20>,70,28,[ 1 12],71,-1,183,-1,155
1,<environment.Job instance at 0x7feb9b88be60>,71,15,[13  1],72,-1,170,-1,155
1,<environment.Job instance at 0x7feba44d33c0>,72,2,[ 5 12],73,-1,157,-1,155
1,<environment.Job instance at 0x7feb9a4b1460>,74,12,[ 4 13],75,-1,168,-1,156
1,<environment.Job instance at 0x7feb9a4b16e0>,75,24,[5 3],76,-1,191,-1,167
1,<environment.Job instance at 0x7feb9a9a8190>,78,3,[12  3],79,-1,171,-1,168
1,<environment.Job instance at 0x7feb9a4b7fa0>,80,12,[13  4],81,-1,180,-1,168
1,<environment.Job instance at 0x7feb9ab091e0>,11,24,[9 3],12,-1,41,-1,17
1,<environment.Job instance at 0x7feb9ab09640>,13,22,[ 4 10],14,-1,39,-1,17
1,<environment.Job instance at 0x7feb9a6e4e60>,12,23,[13  5],13,-1,41,-1,18
1,<environment.Job instance at 0x7feb9aaff8c0>,19,27,[9 3],20,-1,48,-1,21
1,<environment.Job instance at 0x7feb9aaff370>,21,18,[ 5 12],22,-1,40,-1,22
1,<environment.Job instance at 0x7feb9b25c280>,3,3,[ 1 14],4,-1,7,-1,4
1,<environment.Job instance at 0x7feb9b25c320>,5,22,[12  2],6,-1,28,-1,6
1,<environment.Job instance at 0x7feb9a2e2730>,7,14,[12  5],8,-1,22,-1,8
1,<environment.Job instance at 0x7feb9a81f1e0>,11,24,[9 3],12,-1,39,-1,15
1,<environment.Job instance at 0x7feb9ad3e4b0>,12,23,[13  5],13,-1,38,-1,15
1,<environment.Job instance at 0x7feb9a81f140>,6,26,[ 2 10],7,-1,42,-1,16
1,<environment.Job instance at 0x7feb9aeba5a0>,15,2,[12  3],16,-1,18,-1,16
1,<environment.Job instance at 0x7feb9b0058c0>,16,25,[3 6],17,-1,44,-1,19
1,<environment.Job instance at 0x7feb9b055730>,18,13,[12  4],19,-1,32,-1,19
1,<environment.Job instance at 0x7feb9b0559b0>,19,27,[9 3],20,-1,47,-1,20
1,<environment.Job instance at 0x7feb9af1ccd0>,21,18,[ 5 12],22,-1,40,-1,22
1,<environment.Job instance at 0x7feb9a89ad20>,22,2,[ 2 13],23,-1,25,-1,23
1,<environment.Job instance at 0x7feb9a89adc0>,23,26,[ 3 14],24,-1,50,-1,24
1,<environment.Job instance at 0x7feb9a89ad70>,24,15,[11  5],25,-1,40,-1,25
1,<environment.Job instance at 0x7feb9a89aaf0>,27,25,[8 4],28,-1,62,-1,37
1,<environment.Job instance at 0x7feb9a877730>,30,18,[ 4 12],31,-1,56,-1,38
1,<environment.Job instance at 0x7feb9ae532d0>,33,3,[14  5],34,-1,52,-1,49
1,<environment.Job instance at 0x7feb9a7d34b0>,40,26,[1 6],41,-1,122,-1,96
1,<environment.Job instance at 0x7feb9ada9e10>,41,23,[5 5],42,-1,119,-1,96
1,<environment.Job instance at 0x7feb9b044d20>,42,1,[12  2],43,-1,97,-1,96
1,<environment.Job instance at 0x7feb9b05daa0>,43,15,[14  2],44,-1,111,-1,96
1,<environment.Job instance at 0x7feb9ae76910>,45,3,[12  1],46,-1,99,-1,96
1,<environment.Job instance at 0x7feb9ad73780>,46,13,[11  4],47,-1,109,-1,96
1,<environment.Job instance at 0x7feb9ab6e190>,48,3,[14  3],49,-1,99,-1,96
1,<environment.Job instance at 0x7feb9b451b90>,49,1,[14  5],50,-1,97,-1,96
1,<environment.Job instance at 0x7feb9ab6e5a0>,47,28,[6 1],48,-1,126,-1,98
1,<environment.Job instance at 0x7feb9b03f6e0>,50,27,[10  3],51,-1,125,-1,98
1,<environment.Job instance at 0x7feb9a3312d0>,57,26,[3 6],58,-1,140,-1,114
1,<environment.Job instance at 0x7feb9a331c80>,59,21,[ 1 12],60,-1,135,-1,114
1,<environment.Job instance at 0x7feb9a331d70>,61,13,[13  4],62,-1,129,-1,116
1,<environment.Job instance at 0x7feb9ae12320>,62,24,[10  4],63,-1,150,-1,126
1,<environment.Job instance at 0x7feb9afd3a50>,64,17,[ 2 11],65,-1,143,-1,126
1,<environment.Job instance at 0x7feb9a7ce8c0>,66,1,[ 2 11],67,-1,127,-1,126
1,<environment.Job instance at 0x7feb9a463410>,69,2,[ 2 13],70,-1,138,-1,136
1,<environment.Job instance at 0x7feb9b5ec050>,70,14,[ 1 13],71,-1,150,-1,136
1,<environment.Job instance at 0x7feb9a8aa640>,72,28,[8 5],73,-1,170,-1,142
1,<environment.Job instance at 0x7feba3f5b870>,67,25,[7 5],68,-1,167,-1,142
1,<environment.Job instance at 0x7feb9a753a00>,74,23,[8 4],75,-1,165,-1,142
1,<environment.Job instance at 0x7feb9a8b29b0>,71,23,[9 4],72,-1,165,-1,142
1,<environment.Job instance at 0x7feb9a4b18c0>,82,12,[11  5],83,-1,179,-1,167
1,<environment.Job instance at 0x7feb9a79cf00>,8,14,[ 1 10],9,-1,24,-1,10
1,<environment.Job instance at 0x7feb9a79c6e0>,10,19,[1 5],11,-1,30,-1,11
1,<environment.Job instance at 0x7feb9a79c910>,11,14,[1 7],12,-1,26,-1,12
1,<environment.Job instance at 0x7feb9a79c960>,12,18,[6 4],13,-1,31,-1,13
1,<environment.Job instance at 0x7feb9b75c370>,19,25,[ 5 10],20,-1,57,-1,32
1,<environment.Job instance at 0x7feb9b75caa0>,21,15,[7 3],22,-1,59,-1,44
1,<environment.Job instance at 0x7feb9b75cdc0>,23,14,[10  1],24,-1,59,-1,45
1,<environment.Job instance at 0x7feb9a79c140>,15,14,[3 9],16,-1,59,-1,45
1,<environment.Job instance at 0x7feb9b75c0f0>,27,18,[ 5 12],28,-1,63,-1,45
1,<environment.Job instance at 0x7feb9b75c5a0>,28,17,[3 6],29,-1,63,-1,46
1,<environment.Job instance at 0x7feb9b75c0a0>,29,13,[8 2],30,-1,59,-1,46
1,<environment.Job instance at 0x7feb9a6871e0>,30,13,[4 5],31,-1,59,-1,46
1,<environment.Job instance at 0x7feb9a7841e0>,17,14,[5 3],18,-1,60,-1,46
1,<environment.Job instance at 0x7feb9a687820>,31,12,[ 4 10],32,-1,58,-1,46
1,<environment.Job instance at 0x7feb9b75c960>,25,3,[7 1],26,-1,50,-1,47
1,<environment.Job instance at 0x7feb9a7a9cd0>,2,25,[ 2 14],3,-1,78,-1,53
1,<environment.Job instance at 0x7feb9a687690>,32,21,[10  5],33,-1,75,-1,54
1,<environment.Job instance at 0x7feb9a687c80>,33,16,[ 2 10],34,-1,70,-1,54
1,<environment.Job instance at 0x7feb9a687d70>,34,26,[5 5],35,-1,80,-1,54
1,<environment.Job instance at 0x7feb9a6877d0>,36,23,[7 1],37,-1,77,-1,54
1,<environment.Job instance at 0x7feb9a687b90>,35,14,[5 9],36,-1,68,-1,54
1,<environment.Job instance at 0x7feb9a687aa0>,37,14,[12  4],38,-1,68,-1,54
1,<environment.Job instance at 0x7feb9a687a50>,39,25,[6 3],40,-1,80,-1,55
1,<environment.Job instance at 0x7feb9a687410>,38,18,[ 5 10],39,-1,73,-1,55
1,<environment.Job instance at 0x7feb9a6878c0>,41,13,[8 2],42,-1,77,-1,64
1,<environment.Job instance at 0x7feb9a6872d0>,40,23,[7 4],41,-1,89,-1,66
1,<environment.Job instance at 0x7feb9ab01e10>,0,14,[11  2],1,-1,15,-1,1
1,<environment.Job instance at 0x7feb9a329870>,1,23,[ 5 10],2,-1,25,-1,2
1,<environment.Job instance at 0x7feb9a73a6e0>,2,25,[ 2 14],3,-1,28,-1,3
1,<environment.Job instance at 0x7feb9a73a410>,3,12,[ 3 13],4,-1,16,-1,4
1,<environment.Job instance at 0x7feb9b0ceeb0>,13,13,[11  2],14,-1,37,-1,24
1,<environment.Job instance at 0x7feb9b75c4b0>,14,13,[12  3],15,-1,37,-1,24
1,<environment.Job instance at 0x7feb9a79cb40>,18,24,[14  3],19,-1,61,-1,37
1,<environment.Job instance at 0x7feb9b916b90>,20,16,[ 3 12],21,-1,53,-1,37
1,<environment.Job instance at 0x7feb9a687af0>,19,25,[ 5 10],20,-1,76,-1,51
1,<environment.Job instance at 0x7feb9b050f50>,27,18,[ 5 12],28,-1,87,-1,69
1,<environment.Job instance at 0x7feb9b2ba190>,34,26,[5 5],35,-1,123,-1,97
1,<environment.Job instance at 0x7feb9b7b6d20>,36,23,[7 1],37,-1,122,-1,99
1,<environment.Job instance at 0x7feb9a2c7370>,37,14,[12  4],38,-1,113,-1,99
1,<environment.Job instance at 0x7feb9b4fd4b0>,39,25,[6 3],40,-1,136,-1,111
1,<environment.Job instance at 0x7feb9af634b0>,40,23,[7 4],41,-1,139,-1,116
1,<environment.Job instance at 0x7feb9ae63640>,42,12,[13  4],43,-1,128,-1,116
1,<environment.Job instance at 0x7feb9ae63410>,43,28,[5 4],44,-1,144,-1,116
1,<environment.Job instance at 0x7feb9ae63370>,45,27,[6 3],46,-1,150,-1,123
1,<environment.Job instance at 0x7feb9ae634b0>,46,2,[14  3],47,-1,125,-1,123
1,<environment.Job instance at 0x7feb9a6eae10>,47,25,[14  5],48,-1,148,-1,123
1,<environment.Job instance at 0x7feb9a6ea550>,48,2,[ 2 12],49,-1,125,-1,123
1,<environment.Job instance at 0x7feb9a6eab40>,49,28,[7 1],50,-1,151,-1,123
1,<environment.Job instance at 0x7feb9ac0a820>,50,18,[ 3 14],51,-1,141,-1,123
1,<environment.Job instance at 0x7feb9a6d63c0>,52,1,[ 1 14],53,-1,124,-1,123
1,<environment.Job instance at 0x7feb9a6d6c80>,53,26,[3 8],54,-1,151,-1,125
1,<environment.Job instance at 0x7feb9a40ce10>,56,1,[12  4],57,-1,130,-1,129
1,<environment.Job instance at 0x7feb9ab16e60>,57,24,[1 6],58,-1,153,-1,129
1,<environment.Job instance at 0x7feb9a40c730>,54,26,[10  5],55,-1,167,-1,141
1,<environment.Job instance at 0x7feb9ab16870>,59,24,[5 8],60,-1,171,-1,147
1,<environment.Job instance at 0x7feb9aa00550>,65,21,[ 5 14],66,-1,176,-1,155
1,<environment.Job instance at 0x7feb9aa005a0>,66,21,[ 4 11],67,-1,176,-1,155
1,<environment.Job instance at 0x7feb9aa00050>,68,23,[8 4],69,-1,188,-1,165
1,<environment.Job instance at 0x7feb9a765910>,1,16,[ 2 10],2,-1,19,-1,3
1,<environment.Job instance at 0x7feb9a2f8f00>,3,21,[ 2 10],4,-1,25,-1,4
1,<environment.Job instance at 0x7feb9a2da190>,4,18,[5 9],5,-1,23,-1,5
1,<environment.Job instance at 0x7feb9a2da410>,5,17,[2 5],6,-1,23,-1,6
1,<environment.Job instance at 0x7feb9a2dadc0>,7,19,[1 9],8,-1,27,-1,8
1,<environment.Job instance at 0x7feb9a2da550>,14,12,[10  1],15,-1,28,-1,16
1,<environment.Job instance at 0x7feb9a2daf00>,10,14,[11  4],11,-1,30,-1,16
1,<environment.Job instance at 0x7feb9a2d3640>,17,18,[14  4],18,-1,36,-1,18
1,<environment.Job instance at 0x7feb9a2d3e10>,18,18,[ 3 11],19,-1,37,-1,19
1,<environment.Job instance at 0x7feba3eded70>,2,21,[ 3 14],3,-1,46,-1,25
1,<environment.Job instance at 0x7feb9a2da8c0>,12,28,[ 1 13],13,-1,53,-1,25
1,<environment.Job instance at 0x7feb9a2d3190>,23,17,[3 6],24,-1,42,-1,25
1,<environment.Job instance at 0x7feb9a2d3910>,15,17,[1 9],16,-1,50,-1,33
1,<environment.Job instance at 0x7feb9b90daf0>,31,12,[4 6],32,-1,45,-1,33
1,<environment.Job instance at 0x7feb9a7300f0>,29,17,[ 2 14],30,-1,50,-1,33
1,<environment.Job instance at 0x7feb9a703b40>,28,12,[6 3],29,-1,45,-1,33
1,<environment.Job instance at 0x7feb9b1a4820>,24,13,[12  4],25,-1,46,-1,33
1,<environment.Job instance at 0x7feb9a7b8550>,33,13,[10  4],34,-1,50,-1,37
1,<environment.Job instance at 0x7feb9a7b8fa0>,34,15,[8 4],35,-1,68,-1,53
1,<environment.Job instance at 0x7feb9a655aa0>,37,26,[ 1 12],38,-1,79,-1,53
1,<environment.Job instance at 0x7feb9a70d690>,40,27,[ 3 12],41,-1,80,-1,53
1,<environment.Job instance at 0x7feb9a7980a0>,41,13,[3 9],42,-1,66,-1,53
1,<environment.Job instance at 0x7feb9a70db90>,39,25,[1 8],40,-1,78,-1,53
1,<environment.Job instance at 0x7feb9a703230>,30,18,[11  3],31,-1,71,-1,53
1,<environment.Job instance at 0x7feb9a798230>,43,21,[8 3],44,-1,74,-1,53
1,<environment.Job instance at 0x7feb9b8fefa0>,45,26,[5 7],46,-1,79,-1,53
1,<environment.Job instance at 0x7feb9b9111e0>,57,17,[7 2],58,-1,173,-1,156
1,<environment.Job instance at 0x7feb9b9112d0>,59,21,[5 5],60,-1,177,-1,156
1,<environment.Job instance at 0x7feb9a7aa3c0>,53,17,[10  1],54,-1,177,-1,160
1,<environment.Job instance at 0x7feb9b911e10>,62,15,[12  2],63,-1,175,-1,160
1,<environment.Job instance at 0x7feb9b911820>,63,12,[7 4],64,-1,172,-1,160
1,<environment.Job instance at 0x7feb9a2f5d20>,48,18,[9 5],49,-1,178,-1,160
1,<environment.Job instance at 0x7feb9b911cd0>,66,15,[ 3 13],67,-1,175,-1,160
1,<environment.Job instance at 0x7feb9b911eb0>,65,21,[8 1],66,-1,181,-1,160
1,<environment.Job instance at 0x7feb9b911aa0>,67,21,[9 1],68,-1,183,-1,162
1,<environment.Job instance at 0x7feb9b911410>,68,18,[7 3],69,-1,180,-1,162
1,<environment.Job instance at 0x7feb9b911a50>,69,28,[9 4],70,-1,190,-1,162
1,<environment.Job instance at 0x7feb9b904be0>,71,19,[5 5],72,-1,181,-1,162
1,<environment.Job instance at 0x7feb9b911be0>,70,13,[ 5 11],71,-1,175,-1,162
1,<environment.Job instance at 0x7feb9b904c80>,73,12,[8 1],74,-1,174,-1,162
1,<environment.Job instance at 0x7feb9b904b90>,72,24,[8 4],73,-1,186,-1,162
1,<environment.Job instance at 0x7feb9b904d20>,74,14,[10  2],75,-1,176,-1,162
1,<environment.Job instance at 0x7feb9b8fe550>,44,28,[11  4],45,-1,190,-1,162
1,<environment.Job instance at 0x7feb9b904dc0>,75,22,[5 5],76,-1,186,-1,164
1,<environment.Job instance at 0x7feb9b904f50>,77,14,[4 9],78,-1,179,-1,165
1,<environment.Job instance at 0x7feb9b92d1e0>,81,20,[3 6],82,-1,185,-1,165
1,<environment.Job instance at 0x7feb9b92d280>,82,15,[3 9],83,-1,180,-1,165
1,<environment.Job instance at 0x7feb9b92d320>,83,15,[5 5],84,-1,181,-1,166
1,<environment.Job instance at 0x7feb9b92d460>,85,12,[ 1 10],86,-1,178,-1,166
1,<environment.Job instance at 0x7feb9b92d5a0>,87,15,[10  2],88,-1,183,-1,168
1,<environment.Job instance at 0x7feb9b92d910>,89,26,[5 5],90,-1,194,-1,168
1,<environment.Job instance at 0x7feb9b92d9b0>,91,3,[ 1 10],92,-1,171,-1,168
1,<environment.Job instance at 0x7feb9b92da50>,92,22,[5 8],93,-1,190,-1,168
1,<environment.Job instance at 0x7feb9b92d640>,88,25,[1 6],89,-1,193,-1,168
1,<environment.Job instance at 0x7feb9b92db90>,94,14,[14  4],95,-1,182,-1,168
1,<environment.Job instance at 0x7feb9b92daf0>,93,13,[5 5],94,-1,181,-1,168
1,<environment.Job instance at 0x7feb9b92dcd0>,96,17,[7 1],97,-1,185,-1,168
1,<environment.Job instance at 0x7feb9b92de10>,98,23,[3 6],99,-1,191,-1,168
1,<environment.Job instance at 0x7feb9b92deb0>,99,14,[1 7],100,-1,182,-1,168
1,<environment.Job instance at 0x7feb9ae734b0>,2,21,[ 3 14],3,-1,24,-1,3
1,<environment.Job instance at 0x7feb9ae73960>,6,21,[13  5],7,-1,28,-1,7
1,<environment.Job instance at 0x7feb9ae73cd0>,10,14,[11  4],11,-1,32,-1,18
1,<environment.Job instance at 0x7feb9a7b4f50>,12,28,[ 1 13],13,-1,46,-1,18
1,<environment.Job instance at 0x7feb9a7b4730>,13,19,[ 5 14],14,-1,37,-1,18
1,<environment.Job instance at 0x7feb9ab8c6e0>,16,2,[ 4 14],17,-1,21,-1,19
1,<environment.Job instance at 0x7feb9ab83640>,17,18,[14  4],18,-1,37,-1,19
1,<environment.Job instance at 0x7feb9ab8cf50>,18,18,[ 3 11],19,-1,37,-1,19
1,<environment.Job instance at 0x7feb9ab8cd70>,20,26,[ 2 11],21,-1,47,-1,21
1,<environment.Job instance at 0x7feb9b86e050>,21,13,[13  4],22,-1,35,-1,22
1,<environment.Job instance at 0x7feb9ab32730>,24,13,[12  4],25,-1,48,-1,35
1,<environment.Job instance at 0x7feb9ab32af0>,25,17,[ 5 13],26,-1,52,-1,35
1,<environment.Job instance at 0x7feb9ab32410>,26,16,[ 5 14],27,-1,51,-1,35
1,<environment.Job instance at 0x7feb9ab32f00>,29,17,[ 2 14],30,-1,62,-1,45
1,<environment.Job instance at 0x7feb9b86b3c0>,30,18,[11  3],31,-1,63,-1,45
1,<environment.Job instance at 0x7feb9ab32550>,27,25,[5 8],28,-1,89,-1,64
1,<environment.Job instance at 0x7feb9b4d47d0>,35,24,[11  3],36,-1,88,-1,64
1,<environment.Job instance at 0x7feb9afa0640>,36,15,[ 5 12],37,-1,79,-1,64
1,<environment.Job instance at 0x7feb9afa0d20>,37,26,[ 1 12],38,-1,90,-1,64
1,<environment.Job instance at 0x7feb9b248be0>,40,27,[ 3 12],41,-1,104,-1,77
1,<environment.Job instance at 0x7feb9b2484b0>,39,25,[1 8],40,-1,105,-1,80
1,<environment.Job instance at 0x7feb9a990910>,42,2,[12  4],43,-1,82,-1,80
1,<environment.Job instance at 0x7feb9a9908c0>,44,28,[11  4],45,-1,108,-1,80
1,<environment.Job instance at 0x7feb9ac0a550>,45,26,[5 7],46,-1,106,-1,80
1,<environment.Job instance at 0x7feb9ac0a820>,47,16,[11  2],48,-1,96,-1,80
1,<environment.Job instance at 0x7feb9a6eab40>,49,13,[13  2],50,-1,93,-1,80
1,<environment.Job instance at 0x7feb9ae63370>,51,15,[ 5 12],52,-1,97,-1,82
1,<environment.Job instance at 0x7feb9aebab90>,62,15,[12  2],63,-1,142,-1,127
1,<environment.Job instance at 0x7feb9a7ce8c0>,66,15,[ 3 13],67,-1,149,-1,134
1,<environment.Job instance at 0x7feb9a329870>,69,28,[9 4],70,-1,186,-1,158
1,<environment.Job instance at 0x7feb9a3298c0>,70,13,[ 5 11],71,-1,171,-1,158
1,<environment.Job instance at 0x7feb9b546460>,0,27,[6 1],1,-1,28,-1,1
1,<environment.Job instance at 0x7feb9b546c30>,2,17,[ 5 11],3,-1,20,-1,3
1,<environment.Job instance at 0x7feb9b546870>,4,19,[ 5 10],5,-1,24,-1,5
1,<environment.Job instance at 0x7feb9b546780>,8,24,[10  2],9,-1,33,-1,9
1,<environment.Job instance at 0x7feb9a75b2d0>,11,15,[9 2],12,-1,27,-1,12
1,<environment.Job instance at 0x7feb9a75b780>,12,19,[11  3],13,-1,32,-1,13
1,<environment.Job instance at 0x7feb9a75b1e0>,13,18,[ 5 11],14,-1,32,-1,14
1,<environment.Job instance at 0x7feb9a75b0a0>,21,22,[ 5 10],22,-1,44,-1,22
1,<environment.Job instance at 0x7feb9a75b550>,20,25,[13  3],21,-1,59,-1,34
1,<environment.Job instance at 0x7feb9a75baf0>,19,26,[13  5],20,-1,60,-1,34
1,<environment.Job instance at 0x7feb9b5d20a0>,27,16,[11  4],28,-1,50,-1,34
1,<environment.Job instance at 0x7feb9b5d22d0>,31,24,[2 5],32,-1,61,-1,37
1,<environment.Job instance at 0x7feb9b5d24b0>,34,17,[9 2],35,-1,54,-1,37
1,<environment.Job instance at 0x7feb9b9167d0>,0,27,[6 1],1,-1,28,-1,1
1,<environment.Job instance at 0x7feb9a42a0a0>,2,17,[ 5 11],3,-1,20,-1,3
1,<environment.Job instance at 0x7feb9a7a4b90>,6,24,[14  3],7,-1,31,-1,7
1,<environment.Job instance at 0x7feb9ace85f0>,7,1,[ 1 14],8,-1,9,-1,8
1,<environment.Job instance at 0x7feba44d4280>,10,3,[ 2 14],11,-1,14,-1,11
1,<environment.Job instance at 0x7feb9ad7bc30>,12,19,[11  3],13,-1,35,-1,16
1,<environment.Job instance at 0x7feb9a735870>,13,18,[ 5 11],14,-1,34,-1,16
1,<environment.Job instance at 0x7feb9a329870>,14,21,[12  1],15,-1,37,-1,16
1,<environment.Job instance at 0x7feb9acb2230>,15,18,[12  4],16,-1,34,-1,16
1,<environment.Job instance at 0x7feb9b116190>,8,24,[10  2],9,-1,40,-1,16
1,<environment.Job instance at 0x7feb9a4b7e10>,16,26,[1 9],17,-1,44,-1,18
1,<environment.Job instance at 0x7feb9b7b6d20>,19,26,[13  5],20,-1,46,-1,20
1,<environment.Job instance at 0x7feb9a6eabe0>,20,25,[13  3],21,-1,46,-1,21
1,<environment.Job instance at 0x7feb9b248be0>,22,13,[ 3 12],23,-1,36,-1,23
1,<environment.Job instance at 0x7feb9b2484b0>,25,13,[12  1],26,-1,39,-1,26
1,<environment.Job instance at 0x7feb9ab83640>,26,16,[ 5 11],27,-1,43,-1,27
1,<environment.Job instance at 0x7feb9ab83a50>,27,16,[11  4],28,-1,44,-1,28
1,<environment.Job instance at 0x7feb9b2de320>,28,24,[3 5],29,-1,53,-1,29
1,<environment.Job instance at 0x7feba413f2d0>,30,19,[ 5 13],31,-1,50,-1,31
1,<environment.Job instance at 0x7feb9a75b230>,31,24,[2 5],32,-1,56,-1,32
1,<environment.Job instance at 0x7feb9b513050>,35,26,[ 3 12],36,-1,62,-1,36
1,<environment.Job instance at 0x7feb9b546140>,38,16,[13  4],39,-1,55,-1,39
1,<environment.Job instance at 0x7feb9b5466e0>,39,28,[2 7],40,-1,68,-1,40
1,<environment.Job instance at 0x7feb9b5d2050>,36,26,[9 2],37,-1,72,-1,46
1,<environment.Job instance at 0x7feb9a56f3c0>,42,17,[ 3 13],43,-1,63,-1,46
1,<environment.Job instance at 0x7feb9a56f140>,43,28,[3 7],44,-1,76,-1,48
1,<environment.Job instance at 0x7feb9b0f0140>,44,20,[11  2],45,-1,68,-1,48
1,<environment.Job instance at 0x7feb9b0ce640>,49,14,[ 5 13],50,-1,77,-1,63
1,<environment.Job instance at 0x7feb9ae67d70>,54,20,[11  4],55,-1,100,-1,80
1,<environment.Job instance at 0x7feb9a3ff190>,55,27,[6 1],56,-1,109,-1,82
1,<environment.Job instance at 0x7feb9b525c80>,58,23,[2 6],59,-1,118,-1,95
1,<environment.Job instance at 0x7feb9b275f50>,61,27,[10  1],62,-1,144,-1,117
1,<environment.Job instance at 0x7feb9ad9a460>,69,25,[8 5],70,-1,193,-1,168
1,<environment.Job instance at 0x7feb9ad9ae60>,70,2,[14  3],71,-1,170,-1,168
1,<environment.Job instance at 0x7feb9a963320>,71,24,[13  5],72,-1,192,-1,168
1,<environment.Job instance at 0x7feb9a1f62d0>,0,23,[ 5 10],1,-1,24,-1,1
1,<environment.Job instance at 0x7feb9a1772d0>,5,13,[10  3],6,-1,21,-1,8
1,<environment.Job instance at 0x7feb9a177870>,7,16,[11  4],8,-1,24,-1,8
1,<environment.Job instance at 0x7feb9a177820>,10,18,[1 9],11,-1,30,-1,12
1,<environment.Job instance at 0x7feb9a177640>,11,16,[13  2],12,-1,28,-1,12
1,<environment.Job instance at 0x7feb9a177370>,16,26,[13  3],17,-1,43,-1,17
1,<environment.Job instance at 0x7feb9a1770a0>,15,18,[10  5],16,-1,40,-1,22
1,<environment.Job instance at 0x7feb9a177dc0>,22,22,[7 1],23,-1,68,-1,46
1,<environment.Job instance at 0x7feb9a153b40>,25,18,[11  1],26,-1,64,-1,46
1,<environment.Job instance at 0x7feb9a177730>,17,24,[12  5],18,-1,71,-1,47
1,<environment.Job instance at 0x7feb9a1534b0>,27,15,[2 7],28,-1,62,-1,47
1,<environment.Job instance at 0x7feb9a153230>,30,21,[1 8],31,-1,76,-1,55
1,<environment.Job instance at 0x7feb9a177500>,19,27,[7 3],20,-1,91,-1,64
1,<environment.Job instance at 0x7feb9a1531e0>,29,13,[ 1 12],30,-1,77,-1,64
1,<environment.Job instance at 0x7feb9a153c30>,35,18,[1 9],36,-1,84,-1,66
1,<environment.Job instance at 0x7feb9a153af0>,33,12,[4 6],34,-1,78,-1,66
1,<environment.Job instance at 0x7feb9b548fa0>,0,23,[ 5 10],1,-1,24,-1,1
1,<environment.Job instance at 0x7feb9a4f59b0>,1,17,[ 1 11],2,-1,19,-1,2
1,<environment.Job instance at 0x7feb9a4f5050>,3,1,[ 4 13],4,-1,5,-1,4
1,<environment.Job instance at 0x7feb9ae2c5a0>,4,3,[ 5 13],5,-1,8,-1,5
1,<environment.Job instance at 0x7feb9b547280>,6,1,[ 1 14],7,-1,8,-1,7
1,<environment.Job instance at 0x7feb9ac204b0>,7,16,[11  4],8,-1,24,-1,8
1,<environment.Job instance at 0x7feb9ac20320>,11,16,[13  2],12,-1,28,-1,12
1,<environment.Job instance at 0x7feb9ae45e60>,12,14,[ 2 13],13,-1,27,-1,13
1,<environment.Job instance at 0x7feb9ac20d70>,13,18,[13  1],14,-1,32,-1,14
1,<environment.Job instance at 0x7feb9ac20370>,14,21,[ 2 12],15,-1,36,-1,15
1,<environment.Job instance at 0x7feb9b568be0>,16,26,[13  3],17,-1,43,-1,17
1,<environment.Job instance at 0x7feb9b0b0fa0>,17,24,[12  5],18,-1,42,-1,18
1,<environment.Job instance at 0x7feb9b3be8c0>,19,27,[7 3],20,-1,56,-1,29
1,<environment.Job instance at 0x7feb9b0c9d20>,23,21,[11  1],24,-1,50,-1,29
1,<environment.Job instance at 0x7feb9ac1abe0>,25,18,[11  1],26,-1,47,-1,29
1,<environment.Job instance at 0x7feb9ac1a690>,29,13,[ 1 12],30,-1,55,-1,42
1,<environment.Job instance at 0x7feb9b0b40a0>,36,24,[ 2 12],37,-1,82,-1,58
1,<environment.Job instance at 0x7feb9b0ba640>,42,25,[3 6],43,-1,98,-1,73
1,<environment.Job instance at 0x7feb9b0b55a0>,44,16,[ 5 12],45,-1,100,-1,84
1,<environment.Job instance at 0x7feb9b0b5f00>,47,12,[11  4],48,-1,109,-1,97
1,<environment.Job instance at 0x7feb9b0b5e60>,49,2,[12  3],50,-1,114,-1,112
1,<environment.Job instance at 0x7feb9b0d5050>,50,3,[14  2],51,-1,115,-1,112
1,<environment.Job instance at 0x7feb9b0d5b40>,51,13,[12  4],52,-1,125,-1,112
1,<environment.Job instance at 0x7feb9b0d50f0>,53,23,[2 5],54,-1,136,-1,113
1,<environment.Job instance at 0x7feb9ad69af0>,56,14,[11  5],57,-1,131,-1,117
1,<environment.Job instance at 0x7feb9a26f730>,57,18,[ 4 12],58,-1,135,-1,117
1,<environment.Job instance at 0x7feb9a4d12d0>,58,24,[ 3 11],59,-1,141,-1,117
1,<environment.Job instance at 0x7feb9ac09eb0>,62,12,[13  3],63,-1,156,-1,144
1,<environment.Job instance at 0x7feb9a53f050>,65,27,[12  3],66,-1,175,-1,148
1,<environment.Job instance at 0x7feb9b55cf00>,67,26,[ 4 11],68,-1,184,-1,158
1,<environment.Job instance at 0x7feb9b55c640>,69,23,[1 6],70,-1,189,-1,166
1,<environment.Job instance at 0x7feb9b55c140>,70,24,[ 5 12],71,-1,190,-1,166
1,<environment.Job instance at 0x7feb9b096e60>,72,3,[ 3 12],73,-1,169,-1,166
1,<environment.Job instance at 0x7feb9a396e10>,74,14,[14  5],75,-1,182,-1,168
1,<environment.Job instance at 0x7feb9b5447d0>,75,14,[ 3 12],76,-1,182,-1,168
1,<environment.Job instance at 0x7feba4281b40>,0,15,[ 4 10],1,-1,17,-1,2
1,<environment.Job instance at 0x7feba4281d70>,4,18,[13  2],5,-1,23,-1,5
1,<environment.Job instance at 0x7feba4281be0>,3,18,[ 2 10],4,-1,25,-1,7
1,<environment.Job instance at 0x7feba4281730>,7,3,[9 1],8,-1,11,-1,8
1,<environment.Job instance at 0x7feba4281cd0>,8,15,[3 9],9,-1,24,-1,9
1,<environment.Job instance at 0x7feba4281b90>,9,27,[8 5],10,-1,37,-1,10
1,<environment.Job instance at 0x7feb9b7adf50>,10,12,[5 4],11,-1,23,-1,11
1,<environment.Job instance at 0x7feb9b7ad500>,12,13,[8 3],13,-1,26,-1,13
1,<environment.Job instance at 0x7feb9b7ad730>,16,26,[5 4],17,-1,43,-1,17
1,<environment.Job instance at 0x7feb9b7ad780>,17,18,[ 1 11],18,-1,36,-1,18
1,<environment.Job instance at 0x7feb9b7ad5f0>,19,12,[6 5],20,-1,32,-1,20
1,<environment.Job instance at 0x7feb9b7ad910>,20,21,[1 7],21,-1,42,-1,21
1,<environment.Job instance at 0x7feb9b7ad8c0>,22,20,[8 5],23,-1,43,-1,23
1,<environment.Job instance at 0x7feba4281f50>,6,19,[ 5 10],7,-1,42,-1,23
1,<environment.Job instance at 0x7feb9b7adf00>,25,25,[5 5],26,-1,52,-1,27
1,<environment.Job instance at 0x7feb9b7adcd0>,26,26,[8 5],27,-1,54,-1,28
1,<environment.Job instance at 0x7feb9b7ad460>,31,23,[2 9],32,-1,57,-1,34
1,<environment.Job instance at 0x7feb9b7ad0f0>,30,22,[4 9],31,-1,56,-1,34
1,<environment.Job instance at 0x7feb9a9ad820>,37,17,[ 3 14],38,-1,63,-1,46
1,<environment.Job instance at 0x7feb9a9addc0>,38,27,[ 3 10],39,-1,78,-1,51
1,<environment.Job instance at 0x7feb9a9ad230>,33,14,[7 2],34,-1,65,-1,51
1,<environment.Job instance at 0x7feb9a9ad4b0>,36,28,[5 8],37,-1,79,-1,51
1,<environment.Job instance at 0x7feb9a9ad280>,35,20,[ 4 12],36,-1,71,-1,51
1,<environment.Job instance at 0x7feb9a7788c0>,40,14,[4 9],41,-1,66,-1,52
1,<environment.Job instance at 0x7feb9a778370>,43,18,[10  4],44,-1,70,-1,52
1,<environment.Job instance at 0x7feb9a778910>,41,22,[ 1 10],42,-1,75,-1,53
1,<environment.Job instance at 0x7feb9b7ada00>,15,17,[13  3],16,-1,70,-1,53
1,<environment.Job instance at 0x7feb9a7786e0>,46,20,[4 5],47,-1,76,-1,56
1,<environment.Job instance at 0x7feb9a778eb0>,47,18,[4 6],48,-1,75,-1,57
1,<environment.Job instance at 0x7feb9a7785a0>,48,14,[2 6],49,-1,71,-1,57
1,<environment.Job instance at 0x7feb9a778f50>,51,15,[2 7],52,-1,72,-1,57
1,<environment.Job instance at 0x7feb9a778fa0>,52,16,[5 3],53,-1,73,-1,57
1,<environment.Job instance at 0x7feb9a778cd0>,53,16,[2 7],54,-1,74,-1,58
1,<environment.Job instance at 0x7feb9a9ade60>,39,15,[3 8],40,-1,74,-1,59
1,<environment.Job instance at 0x7feb9a7780a0>,44,22,[ 2 10],45,-1,85,-1,63
1,<environment.Job instance at 0x7feb9a778460>,54,13,[ 3 10],55,-1,77,-1,64
1,<environment.Job instance at 0x7feb9a778500>,56,24,[14  3],57,-1,88,-1,64
1,<environment.Job instance at 0x7feb9b4d4870>,58,17,[6 2],59,-1,82,-1,65
1,<environment.Job instance at 0x7feb9b4d4820>,60,22,[12  2],61,-1,87,-1,65
1,<environment.Job instance at 0x7feb9b4d4500>,63,28,[ 3 11],64,-1,98,-1,70
1,<environment.Job instance at 0x7feb9b4d48c0>,65,18,[14  4],66,-1,92,-1,74
1,<environment.Job instance at 0x7feb9b4d42d0>,66,14,[12  5],67,-1,89,-1,75
1,<environment.Job instance at 0x7feb9b4d40f0>,67,28,[9 4],68,-1,103,-1,75
1,<environment.Job instance at 0x7feb9b4d4f50>,69,16,[ 3 13],70,-1,91,-1,75
1,<environment.Job instance at 0x7feb9b4d4410>,64,12,[ 2 14],65,-1,87,-1,75
1,<environment.Job instance at 0x7feb9a7784b0>,45,25,[2 8],46,-1,100,-1,75
1,<environment.Job instance at 0x7feb9b4d4af0>,73,20,[ 5 10],74,-1,95,-1,75
1,<environment.Job instance at 0x7feb9b4d4280>,72,14,[3 7],73,-1,89,-1,75
1,<environment.Job instance at 0x7feb9a60fd20>,4,18,[13  2],5,-1,23,-1,5
1,<environment.Job instance at 0x7feb9b826cd0>,2,28,[1 7],3,-1,44,-1,16
1,<environment.Job instance at 0x7feb9b8e9f50>,9,27,[8 5],10,-1,43,-1,16
1,<environment.Job instance at 0x7feb9b8e9eb0>,11,25,[ 1 12],12,-1,41,-1,16
1,<environment.Job instance at 0x7feb9b8e9820>,13,1,[ 2 13],14,-1,17,-1,16
1,<environment.Job instance at 0x7feb9b737a00>,15,17,[13  3],16,-1,33,-1,16
1,<environment.Job instance at 0x7feb9b55cf00>,16,26,[5 4],17,-1,44,-1,18
1,<environment.Job instance at 0x7feb9b55c640>,17,18,[ 1 11],18,-1,36,-1,18
1,<environment.Job instance at 0x7feb9b55caa0>,18,13,[ 2 12],19,-1,32,-1,19
1,<environment.Job instance at 0x7feb9a4d14b0>,24,26,[8 5],25,-1,57,-1,31
1,<environment.Job instance at 0x7feb9a4d18c0>,25,25,[5 5],26,-1,56,-1,31
1,<environment.Job instance at 0x7feb9ac09f00>,26,26,[8 5],27,-1,57,-1,31
1,<environment.Job instance at 0x7feb9b0b55a0>,29,3,[ 2 13],30,-1,34,-1,31
1,<environment.Job instance at 0x7feb9b0b56e0>,31,23,[2 9],32,-1,66,-1,43
1,<environment.Job instance at 0x7feb9a4605f0>,34,15,[ 3 11],35,-1,58,-1,43
1,<environment.Job instance at 0x7feb9b4f0780>,35,20,[ 4 12],36,-1,63,-1,43
1,<environment.Job instance at 0x7feb9ae2c5a0>,36,28,[5 8],37,-1,71,-1,43
1,<environment.Job instance at 0x7feb9ae2caa0>,37,17,[ 3 14],38,-1,60,-1,43
1,<environment.Job instance at 0x7feb9b913be0>,38,27,[ 3 10],39,-1,70,-1,43
1,<environment.Job instance at 0x7feb9b84dc80>,42,2,[14  1],43,-1,60,-1,58
1,<environment.Job instance at 0x7feb9aad0230>,45,25,[2 8],46,-1,99,-1,74
1,<environment.Job instance at 0x7feb9a86c5a0>,49,2,[ 5 11],50,-1,92,-1,90
1,<environment.Job instance at 0x7feb9a6b00a0>,56,24,[14  3],57,-1,152,-1,128
1,<environment.Job instance at 0x7feb9b35b0f0>,59,2,[13  4],60,-1,146,-1,144
1,<environment.Job instance at 0x7feb9a854c30>,60,22,[12  2],61,-1,166,-1,144
1,<environment.Job instance at 0x7feb9ad63b40>,62,2,[14  5],63,-1,146,-1,144
1,<environment.Job instance at 0x7feb9b184050>,63,28,[ 3 11],64,-1,172,-1,144
1,<environment.Job instance at 0x7feb9b184eb0>,64,12,[ 2 14],65,-1,156,-1,144
1,<environment.Job instance at 0x7feb9ac955a0>,65,18,[14  4],66,-1,162,-1,144
1,<environment.Job instance at 0x7feb9ac54780>,66,14,[12  5],67,-1,158,-1,144
1,<environment.Job instance at 0x7feb9ade5550>,67,28,[9 4],68,-1,189,-1,161
1,<environment.Job instance at 0x7feb9b8095f0>,68,28,[13  4],69,-1,189,-1,161
1,<environment.Job instance at 0x7feb9aef83c0>,69,16,[ 3 13],70,-1,177,-1,161
1,<environment.Job instance at 0x7feb9b92ad70>,71,1,[ 2 13],72,-1,162,-1,161
1,<environment.Job instance at 0x7feb9afb1500>,1,20,[8 1],2,-1,23,-1,3
1,<environment.Job instance at 0x7feb9afb1af0>,3,14,[ 4 13],4,-1,18,-1,4
1,<environment.Job instance at 0x7feb9afb1fa0>,4,26,[9 3],5,-1,31,-1,5
1,<environment.Job instance at 0x7feb9afb1aa0>,5,16,[ 5 10],6,-1,22,-1,6
1,<environment.Job instance at 0x7feb9afb1c80>,6,18,[5 3],7,-1,25,-1,7
1,<environment.Job instance at 0x7feb9afb15a0>,8,15,[5 7],9,-1,24,-1,9
1,<environment.Job instance at 0x7feb9d966d70>,13,16,[9 4],14,-1,38,-1,22
1,<environment.Job instance at 0x7feb9ab5af00>,30,16,[9 5],31,-1,113,-1,97
1,<environment.Job instance at 0x7feb9ab5a9b0>,28,25,[4 5],29,-1,122,-1,97
1,<environment.Job instance at 0x7feb9ab5a460>,29,25,[10  3],30,-1,149,-1,124
1,<environment.Job instance at 0x7feb9ab5abe0>,34,17,[ 5 13],35,-1,141,-1,124
1,<environment.Job instance at 0x7feb9ab5af50>,36,18,[13  4],37,-1,145,-1,127
1,<environment.Job instance at 0x7feb9ab5a820>,35,13,[9 3],36,-1,141,-1,128
1,<environment.Job instance at 0x7feb9ab5a500>,38,12,[ 3 10],39,-1,143,-1,131
1,<environment.Job instance at 0x7feb9ab5a1e0>,37,20,[7 3],38,-1,152,-1,132
1,<environment.Job instance at 0x7feb9ab5ae10>,32,20,[13  2],33,-1,152,-1,132
1,<environment.Job instance at 0x7feb9ab5ac80>,41,25,[2 5],42,-1,157,-1,132
1,<environment.Job instance at 0x7feb9b92eb90>,46,17,[7 1],47,-1,151,-1,134
1,<environment.Job instance at 0x7feb9b92eb40>,42,3,[4 8],43,-1,137,-1,134
1,<environment.Job instance at 0x7feb9b0aeaa0>,2,23,[ 3 11],3,-1,26,-1,3
1,<environment.Job instance at 0x7feb9b0aeb90>,3,14,[ 4 13],4,-1,18,-1,4
1,<environment.Job instance at 0x7feb9b0c9a00>,7,20,[ 4 14],8,-1,28,-1,8
1,<environment.Job instance at 0x7feb9ac20230>,9,14,[12  5],10,-1,24,-1,10
1,<environment.Job instance at 0x7feb9ac20b40>,10,25,[ 5 12],11,-1,36,-1,11
1,<environment.Job instance at 0x7feb9ac205f0>,12,2,[14  2],13,-1,17,-1,15
1,<environment.Job instance at 0x7feb9b0aefa0>,4,26,[9 3],5,-1,48,-1,22
1,<environment.Job instance at 0x7feb9ac20730>,14,23,[6 4],15,-1,45,-1,22
1,<environment.Job instance at 0x7feb9ac205a0>,16,20,[ 1 11],17,-1,42,-1,22
1,<environment.Job instance at 0x7feb9b0c0a00>,18,18,[ 5 13],19,-1,40,-1,22
1,<environment.Job instance at 0x7feb9b1a4af0>,21,28,[1 5],22,-1,68,-1,40
1,<environment.Job instance at 0x7feb9ac1a320>,23,25,[8 1],24,-1,73,-1,48
1,<environment.Job instance at 0x7feb9ac1a3c0>,25,12,[12  3],26,-1,60,-1,48
1,<environment.Job instance at 0x7feb9ac1ab40>,28,25,[4 5],29,-1,86,-1,61
1,<environment.Job instance at 0x7feb9b131af0>,31,28,[13  4],32,-1,89,-1,61
1,<environment.Job instance at 0x7feb9b131410>,32,20,[13  2],33,-1,81,-1,61
1,<environment.Job instance at 0x7feb9ac1ae10>,33,14,[12  3],34,-1,75,-1,61
1,<environment.Job instance at 0x7feb9ac0daf0>,34,17,[ 5 13],35,-1,78,-1,61
1,<environment.Job instance at 0x7feb9ac1a690>,29,25,[10  3],30,-1,92,-1,67
1,<environment.Job instance at 0x7feb9ac0d410>,36,18,[13  4],37,-1,85,-1,67
1,<environment.Job instance at 0x7feb9ac0ecd0>,39,16,[ 2 11],40,-1,83,-1,67
1,<environment.Job instance at 0x7feb9ac0e730>,41,25,[2 5],42,-1,105,-1,80
1,<environment.Job instance at 0x7feb9b0b40a0>,48,23,[ 3 14],49,-1,118,-1,95
1,<environment.Job instance at 0x7feb9b0b4a00>,49,21,[ 5 13],50,-1,116,-1,95
1,<environment.Job instance at 0x7feb9b0b48c0>,50,16,[ 3 14],51,-1,111,-1,95
1,<environment.Job instance at 0x7feb9b0b4050>,52,14,[11  3],53,-1,111,-1,97
1,<environment.Job instance at 0x7feb9b06a910>,54,13,[14  1],55,-1,123,-1,110
1,<environment.Job instance at 0x7feb9b357370>,61,24,[5 2],62,-1,170,-1,146
1,<environment.Job instance at 0x7feb9b06a500>,62,3,[11  2],63,-1,149,-1,146
1,<environment.Job instance at 0x7feb9b0d5be0>,64,15,[ 2 13],65,-1,161,-1,146
1,<environment.Job instance at 0x7feb9b0d5c30>,66,13,[ 3 12],67,-1,172,-1,159
1,<environment.Job instance at 0x7feb9b0d5500>,67,14,[ 2 11],68,-1,173,-1,159
1,<environment.Job instance at 0x7feb9a1c4e10>,68,1,[ 5 14],69,-1,160,-1,159
1,<environment.Job instance at 0x7feb9a562a50>,70,26,[10  4],71,-1,189,-1,163
1,<environment.Job instance at 0x7feb9a30d0a0>,3,15,[9 2],4,-1,20,-1,5
1,<environment.Job instance at 0x7feb9a30d6e0>,5,18,[1 6],6,-1,24,-1,6
1,<environment.Job instance at 0x7feb9a30dc30>,6,17,[ 4 10],7,-1,24,-1,7
1,<environment.Job instance at 0x7feb9a30daa0>,9,21,[5 3],10,-1,31,-1,10
1,<environment.Job instance at 0x7feb9b438c30>,15,18,[10  4],16,-1,57,-1,39
1,<environment.Job instance at 0x7feb9b4385f0>,25,19,[5 4],26,-1,58,-1,39
1,<environment.Job instance at 0x7feb9b438410>,26,22,[10  5],27,-1,61,-1,39
1,<environment.Job instance at 0x7feb9a4b1140>,30,24,[5 2],31,-1,90,-1,66
1,<environment.Job instance at 0x7feb9a4b1460>,33,21,[5 2],34,-1,90,-1,69
1,<environment.Job instance at 0x7feb9a4b1820>,34,19,[3 5],35,-1,90,-1,71
1,<environment.Job instance at 0x7feb9b4380f0>,20,25,[7 1],21,-1,97,-1,72
1,<environment.Job instance at 0x7feb9a997690>,36,16,[1 7],37,-1,88,-1,72
1,<environment.Job instance at 0x7feb9a9977d0>,39,23,[6 3],40,-1,95,-1,72
1,<environment.Job instance at 0x7feb9a997cd0>,40,20,[1 7],41,-1,92,-1,72
1,<environment.Job instance at 0x7feb9a997f00>,42,18,[8 4],43,-1,90,-1,72
1,<environment.Job instance at 0x7feb9a997280>,43,25,[5 8],44,-1,97,-1,72
1,<environment.Job instance at 0x7feb9a997140>,44,26,[5 8],45,-1,98,-1,72
1,<environment.Job instance at 0x7feb9a997e60>,49,16,[6 3],50,-1,114,-1,98
1,<environment.Job instance at 0x7feb9a0fb8c0>,56,16,[11  2],57,-1,115,-1,99
1,<environment.Job instance at 0x7feb9b438fa0>,24,28,[5 4],25,-1,128,-1,100
1,<environment.Job instance at 0x7feb9a0fbaa0>,57,16,[ 4 12],58,-1,128,-1,112
1,<environment.Job instance at 0x7feb9a0fb370>,61,15,[9 5],62,-1,127,-1,112
1,<environment.Job instance at 0x7feb9a0fb640>,63,12,[10  1],64,-1,124,-1,112
1,<environment.Job instance at 0x7feb9a997960>,50,23,[5 5],51,-1,135,-1,112
1,<environment.Job instance at 0x7feb9afc5640>,0,16,[13  4],1,-1,17,-1,1
1,<environment.Job instance at 0x7feb9afc5960>,1,19,[11  2],2,-1,21,-1,2
1,<environment.Job instance at 0x7feb9afc5b40>,2,2,[ 4 14],3,-1,5,-1,3
1,<environment.Job instance at 0x7feb9aea2aa0>,4,15,[13  5],5,-1,20,-1,5
1,<environment.Job instance at 0x7feb9afaa8c0>,10,27,[ 5 14],11,-1,38,-1,11
1,<environment.Job instance at 0x7feb9a82f730>,11,22,[12  4],12,-1,34,-1,12
1,<environment.Job instance at 0x7feb9a82f870>,12,2,[13  2],13,-1,15,-1,13
1,<environment.Job instance at 0x7feb9afc8be0>,19,12,[ 4 14],20,-1,45,-1,33
1,<environment.Job instance at 0x7feb9afc8fa0>,20,25,[7 1],21,-1,58,-1,33
1,<environment.Job instance at 0x7feb9afb0550>,23,3,[ 1 12],24,-1,39,-1,36
1,<environment.Job instance at 0x7feb9afb04b0>,24,28,[5 4],25,-1,75,-1,47
1,<environment.Job instance at 0x7feb9afb0f00>,27,3,[ 5 13],28,-1,50,-1,47
1,<environment.Job instance at 0x7feb9afce820>,29,25,[6 2],30,-1,76,-1,51
1,<environment.Job instance at 0x7feb9afce280>,30,24,[5 2],31,-1,75,-1,51
1,<environment.Job instance at 0x7feb9afb7500>,32,1,[ 4 12],33,-1,52,-1,51
1,<environment.Job instance at 0x7feb9a8c7af0>,38,21,[14  2],39,-1,87,-1,66
1,<environment.Job instance at 0x7feb9a8c7b90>,39,23,[6 3],40,-1,90,-1,67
1,<environment.Job instance at 0x7feb9a833870>,43,25,[5 8],44,-1,109,-1,84
1,<environment.Job instance at 0x7feb9a833370>,44,26,[5 8],45,-1,110,-1,84
1,<environment.Job instance at 0x7feb9a833cd0>,45,14,[11  4],46,-1,98,-1,84
1,<environment.Job instance at 0x7feb9a833050>,46,16,[14  4],47,-1,100,-1,84
1,<environment.Job instance at 0x7feb9b23dd70>,48,12,[13  4],49,-1,96,-1,84
1,<environment.Job instance at 0x7feb9a833af0>,50,23,[5 5],51,-1,110,-1,87
1,<environment.Job instance at 0x7feb9a815b90>,56,16,[11  2],57,-1,133,-1,117
1,<environment.Job instance at 0x7feb9a237c80>,57,16,[ 4 12],58,-1,133,-1,117
1,<environment.Job instance at 0x7feb9a815910>,59,1,[14  3],60,-1,118,-1,117
1,<environment.Job instance at 0x7feb9aaad6e0>,62,2,[ 2 14],63,-1,133,-1,131
1,<environment.Job instance at 0x7feb9aabcaa0>,64,25,[ 1 11],65,-1,158,-1,133
1,<environment.Job instance at 0x7feb9aabcd20>,65,28,[6 3],66,-1,174,-1,146
1,<environment.Job instance at 0x7feb9a5a0a00>,68,3,[ 5 13],69,-1,153,-1,150
1,<environment.Job instance at 0x7feb9aa93e60>,69,27,[6 2],70,-1,185,-1,158
1,<environment.Job instance at 0x7feb9b23e0a0>,72,18,[ 5 13],73,-1,179,-1,161
1,<environment.Job instance at 0x7feb9a9090a0>,2,18,[1 8],3,-1,22,-1,4
1,<environment.Job instance at 0x7feb9a909be0>,7,16,[5 7],8,-1,24,-1,8
1,<environment.Job instance at 0x7feb9a909370>,9,23,[4 8],10,-1,33,-1,10
1,<environment.Job instance at 0x7feb9ab0d640>,15,18,[ 1 11],16,-1,59,-1,41
1,<environment.Job instance at 0x7feb9ab0d1e0>,12,14,[ 4 10],13,-1,57,-1,43
1,<environment.Job instance at 0x7feb9ab0d780>,21,17,[8 3],22,-1,60,-1,43
1,<environment.Job instance at 0x7feb9ab0df00>,29,13,[8 2],30,-1,75,-1,62
1,<environment.Job instance at 0x7feb9ab0d230>,25,19,[6 1],26,-1,81,-1,62
1,<environment.Job instance at 0x7feb9ab0ddc0>,33,25,[ 5 10],34,-1,87,-1,62
1,<environment.Job instance at 0x7feb9ab0da50>,34,18,[6 3],35,-1,80,-1,62
1,<environment.Job instance at 0x7feb9ab0d4b0>,31,13,[10  3],32,-1,76,-1,63
1,<environment.Job instance at 0x7feb9ab0d140>,32,17,[3 6],33,-1,81,-1,64
1,<environment.Job instance at 0x7feb9ab15be0>,38,20,[9 1],39,-1,84,-1,64
1,<environment.Job instance at 0x7feb9ab15320>,37,28,[3 6],38,-1,93,-1,65
1,<environment.Job instance at 0x7feb9ab15e10>,36,25,[5 8],37,-1,90,-1,65
1,<environment.Job instance at 0x7feb9ab15050>,43,23,[10  1],44,-1,128,-1,105
1,<environment.Job instance at 0x7feb9ab2c050>,50,15,[6 1],51,-1,120,-1,105
1,<environment.Job instance at 0x7feb9ab2c500>,51,24,[7 2],52,-1,129,-1,105
1,<environment.Job instance at 0x7feb9ab2c4b0>,54,22,[10  5],55,-1,127,-1,105
1,<environment.Job instance at 0x7feb9ab2c280>,56,20,[4 7],57,-1,125,-1,105
1,<environment.Job instance at 0x7feb9a5882d0>,0,23,[12  5],1,-1,24,-1,1
1,<environment.Job instance at 0x7feb9a148b40>,1,2,[ 5 14],2,-1,4,-1,2
1,<environment.Job instance at 0x7feb9ac4ea00>,4,13,[12  3],5,-1,18,-1,5
1,<environment.Job instance at 0x7feb9a21ea50>,5,12,[ 5 11],6,-1,18,-1,6
1,<environment.Job instance at 0x7feb9ac4e0f0>,9,23,[4 8],10,-1,44,-1,21
1,<environment.Job instance at 0x7feb9a0fee60>,14,2,[14  1],15,-1,31,-1,29
1,<environment.Job instance at 0x7feb9a0fe460>,15,18,[ 1 11],16,-1,47,-1,29
1,<environment.Job instance at 0x7feb9a12de60>,16,2,[14  5],17,-1,31,-1,29
1,<environment.Job instance at 0x7feb9ac9e7d0>,18,2,[12  5],19,-1,36,-1,34
1,<environment.Job instance at 0x7feba3f2e8c0>,20,2,[ 2 12],21,-1,47,-1,45
1,<environment.Job instance at 0x7feb9b56b410>,26,2,[ 3 14],27,-1,64,-1,62
1,<environment.Job instance at 0x7feb9aba8eb0>,27,17,[ 1 11],28,-1,79,-1,62
1,<environment.Job instance at 0x7feb9a22c870>,30,15,[14  2],31,-1,78,-1,63
1,<environment.Job instance at 0x7feb9a22c460>,33,25,[ 5 10],34,-1,105,-1,80
1,<environment.Job instance at 0x7feb9ae0a500>,35,3,[14  4],36,-1,83,-1,80
1,<environment.Job instance at 0x7feb9aebcb40>,37,28,[3 6],38,-1,122,-1,94
1,<environment.Job instance at 0x7feb9aebc140>,36,25,[5 8],37,-1,119,-1,94
1,<environment.Job instance at 0x7feb9ac51fa0>,42,28,[5 3],43,-1,137,-1,109
1,<environment.Job instance at 0x7feb9ac51370>,46,24,[11  2],47,-1,133,-1,109
1,<environment.Job instance at 0x7feb9ac51050>,43,23,[10  1],44,-1,148,-1,125
1,<environment.Job instance at 0x7feb9a568eb0>,51,24,[7 2],52,-1,150,-1,126
1,<environment.Job instance at 0x7feb9b240af0>,52,18,[ 1 13],53,-1,144,-1,126
1,<environment.Job instance at 0x7feb9b240aa0>,53,27,[5 1],54,-1,153,-1,126
1,<environment.Job instance at 0x7feb9ac686e0>,57,21,[13  2],58,-1,162,-1,141
1,<environment.Job instance at 0x7feb9b21c460>,59,1,[11  5],60,-1,142,-1,141
1,<environment.Job instance at 0x7feb9a7add70>,61,28,[7 3],62,-1,171,-1,143
1,<environment.Job instance at 0x7feb9a5837d0>,64,16,[13  2],65,-1,161,-1,145
1,<environment.Job instance at 0x7feb9a0145a0>,0,26,[4 5],1,-1,27,-1,1
1,<environment.Job instance at 0x7feb9a014fa0>,1,28,[8 2],2,-1,30,-1,2
1,<environment.Job instance at 0x7feb9a0144b0>,6,23,[ 2 10],7,-1,36,-1,13
1,<environment.Job instance at 0x7feb9a931a50>,16,25,[4 7],17,-1,42,-1,17
1,<environment.Job instance at 0x7feb9a931f50>,17,17,[5 6],18,-1,35,-1,18
1,<environment.Job instance at 0x7feb9a9319b0>,21,18,[ 1 11],22,-1,56,-1,38
1,<environment.Job instance at 0x7feb9a9310f0>,23,14,[12  5],24,-1,52,-1,38
1,<environment.Job instance at 0x7feb9a931550>,24,18,[5 3],25,-1,56,-1,38
1,<environment.Job instance at 0x7feb9a9318c0>,25,17,[7 5],26,-1,55,-1,38
1,<environment.Job instance at 0x7feb9a9310a0>,26,14,[9 2],27,-1,52,-1,38
1,<environment.Job instance at 0x7feb9a931140>,27,20,[4 7],28,-1,58,-1,38
1,<environment.Job instance at 0x7feb9a014a50>,12,21,[14  5],13,-1,59,-1,38
1,<environment.Job instance at 0x7feb9a014910>,19,14,[ 2 12],20,-1,52,-1,38
1,<environment.Job instance at 0x7feb9a931f00>,28,13,[7 2],29,-1,51,-1,38
1,<environment.Job instance at 0x7feb9a014dc0>,11,24,[11  4],12,-1,62,-1,38
1,<environment.Job instance at 0x7feb9b452d70>,37,13,[13  1],38,-1,69,-1,56
1,<environment.Job instance at 0x7feb9a931af0>,20,20,[ 3 14],21,-1,76,-1,56
1,<environment.Job instance at 0x7feb9b452910>,38,25,[10  2],39,-1,81,-1,56
1,<environment.Job instance at 0x7feb9b452050>,34,17,[8 1],35,-1,73,-1,56
1,<environment.Job instance at 0x7feb9b452d20>,44,23,[1 9],45,-1,79,-1,56
1,<environment.Job instance at 0x7feb9a9316e0>,30,27,[2 7],31,-1,84,-1,57
1,<environment.Job instance at 0x7feb9b452eb0>,46,22,[5 8],47,-1,80,-1,58
1,<environment.Job instance at 0x7feb9b452820>,45,18,[ 2 10],46,-1,77,-1,59
1,<environment.Job instance at 0x7feb9b452b90>,35,14,[3 8],36,-1,73,-1,59
1,<environment.Job instance at 0x7feb9b4523c0>,42,13,[6 3],43,-1,72,-1,59
1,<environment.Job instance at 0x7feb9b4527d0>,50,16,[ 4 14],51,-1,75,-1,59
1,<environment.Job instance at 0x7feb9b452280>,49,20,[3 9],50,-1,79,-1,59
1,<environment.Job instance at 0x7feba3eb1500>,52,13,[10  2],53,-1,72,-1,59
1,<environment.Job instance at 0x7feb9b452b40>,47,16,[8 2],48,-1,75,-1,59
1,<environment.Job instance at 0x7feb9a2f5dc0>,0,26,[4 5],1,-1,27,-1,1
1,<environment.Job instance at 0x7feb9a2f56e0>,1,28,[8 2],2,-1,30,-1,2
1,<environment.Job instance at 0x7feb9a2f5460>,2,21,[11  3],3,-1,24,-1,3
1,<environment.Job instance at 0x7feb9a782550>,3,19,[14  3],4,-1,23,-1,4
1,<environment.Job instance at 0x7feb9b546a00>,9,15,[ 4 11],10,-1,25,-1,10
1,<environment.Job instance at 0x7feb9a07f960>,10,15,[ 1 11],11,-1,26,-1,11
1,<environment.Job instance at 0x7feb9accbe10>,11,24,[11  4],12,-1,36,-1,12
1,<environment.Job instance at 0x7feb9accb1e0>,12,21,[14  5],13,-1,34,-1,13
1,<environment.Job instance at 0x7feb9b546d20>,6,23,[ 2 10],7,-1,42,-1,19
1,<environment.Job instance at 0x7feb9a0c0320>,16,25,[4 7],17,-1,44,-1,19
1,<environment.Job instance at 0x7feb9a8b1cd0>,19,14,[ 2 12],20,-1,34,-1,20
1,<environment.Job instance at 0x7feb9a8b1410>,20,20,[ 3 14],21,-1,41,-1,21
1,<environment.Job instance at 0x7feba44d32d0>,21,18,[ 1 11],22,-1,40,-1,22
1,<environment.Job instance at 0x7feba44d3d70>,22,3,[ 5 12],23,-1,26,-1,23
1,<environment.Job instance at 0x7feb9aa7f730>,23,14,[12  5],24,-1,38,-1,24
1,<environment.Job instance at 0x7feb9b279be0>,30,27,[2 7],31,-1,69,-1,42
1,<environment.Job instance at 0x7feb9a58eb90>,32,12,[ 2 14],33,-1,54,-1,42
1,<environment.Job instance at 0x7feb9a58e190>,33,1,[12  2],34,-1,43,-1,42
1,<environment.Job instance at 0x7feb9a5837d0>,37,13,[13  1],38,-1,73,-1,60
1,<environment.Job instance at 0x7feb9a7add70>,38,25,[10  2],39,-1,93,-1,68
1,<environment.Job instance at 0x7feb9a7ad910>,39,13,[ 2 14],40,-1,81,-1,68
1,<environment.Job instance at 0x7feb9a12cbe0>,41,12,[13  1],42,-1,80,-1,68
1,<environment.Job instance at 0x7feb9ae0a190>,43,3,[13  4],44,-1,71,-1,68
1,<environment.Job instance at 0x7feb9a0b1d20>,44,23,[1 9],45,-1,98,-1,75
1,<environment.Job instance at 0x7feb9b56b410>,50,16,[ 4 14],51,-1,102,-1,86
1,<environment.Job instance at 0x7feb9a73a6e0>,54,18,[ 4 13],55,-1,131,-1,113
1,<environment.Job instance at 0x7feb9acac820>,56,13,[12  2],57,-1,126,-1,113
1,<environment.Job instance at 0x7feb9b82a820>,57,23,[6 1],58,-1,138,-1,115
1,<environment.Job instance at 0x7feb9a5888c0>,60,24,[4 5],61,-1,155,-1,131
1,<environment.Job instance at 0x7feb9a74baa0>,62,1,[ 2 11],63,-1,132,-1,131
1,<environment.Job instance at 0x7feb9a931870>,65,15,[ 1 13],66,-1,158,-1,143
1,<environment.Job instance at 0x7feb9b4529b0>,66,25,[2 8],67,-1,168,-1,143
1,<environment.Job instance at 0x7feb9b0aab40>,69,3,[ 3 12],70,-1,146,-1,143
1,<environment.Job instance at 0x7feb9b0aa280>,70,18,[11  2],71,-1,161,-1,143
1,<environment.Job instance at 0x7feb9b77a820>,71,17,[14  2],72,-1,160,-1,143
1,<environment.Job instance at 0x7feb9b77a280>,72,23,[3 7],73,-1,182,-1,159
1,<environment.Job instance at 0x7feb9b77a870>,74,15,[13  1],75,-1,174,-1,159
1,<environment.Job instance at 0x7feb9a5b3e60>,75,19,[11  4],76,-1,178,-1,159
1,<environment.Job instance at 0x7feb9a0c5be0>,0,14,[10  5],1,-1,16,-1,2
1,<environment.Job instance at 0x7feb9a0c5fa0>,1,18,[13  1],2,-1,20,-1,2
1,<environment.Job instance at 0x7feb9a0ee0a0>,11,18,[7 2],12,-1,36,-1,18
1,<environment.Job instance at 0x7feb9a0eeb40>,17,18,[5 5],18,-1,38,-1,20
1,<environment.Job instance at 0x7feb9a0eebe0>,10,16,[ 3 10],11,-1,36,-1,20
1,<environment.Job instance at 0x7feb9a0c3050>,23,25,[10  3],24,-1,66,-1,41
1,<environment.Job instance at 0x7feb9a0c3230>,21,16,[10  2],22,-1,57,-1,41
1,<environment.Job instance at 0x7feb9a032eb0>,25,22,[6 3],26,-1,63,-1,41
1,<environment.Job instance at 0x7feb9a032f50>,26,14,[8 2],27,-1,56,-1,42
1,<environment.Job instance at 0x7feb9a0320a0>,28,25,[5 6],29,-1,68,-1,43
1,<environment.Job instance at 0x7feb9a032050>,22,24,[14  1],23,-1,79,-1,55
1,<environment.Job instance at 0x7feb9a0dad70>,32,23,[ 2 11],33,-1,78,-1,55
1,<environment.Job instance at 0x7feb9a032b40>,27,18,[4 5],28,-1,74,-1,56
1,<environment.Job instance at 0x7feb9a0daeb0>,33,13,[8 5],34,-1,69,-1,56
1,<environment.Job instance at 0x7feb9a0da320>,39,21,[6 5],40,-1,78,-1,57
1,<environment.Job instance at 0x7feb9ad77410>,1,18,[13  1],2,-1,20,-1,2
1,<environment.Job instance at 0x7feb9a5d9780>,6,15,[ 3 14],7,-1,22,-1,7
1,<environment.Job instance at 0x7feb9b0edd70>,8,13,[ 5 13],9,-1,22,-1,9
1,<environment.Job instance at 0x7feb9b0df0a0>,9,17,[ 5 12],10,-1,27,-1,10
1,<environment.Job instance at 0x7feb9ad61f00>,4,25,[2 8],5,-1,40,-1,15
1,<environment.Job instance at 0x7feb9b31a8c0>,13,3,[ 2 14],14,-1,18,-1,15
1,<environment.Job instance at 0x7feb9a408230>,14,12,[14  1],15,-1,27,-1,15
1,<environment.Job instance at 0x7feb9a5f25f0>,15,19,[11  3],16,-1,35,-1,16
1,<environment.Job instance at 0x7feb9b0efb90>,18,19,[ 4 13],19,-1,38,-1,19
1,<environment.Job instance at 0x7feb9a94fcd0>,16,24,[7 4],17,-1,55,-1,31
1,<environment.Job instance at 0x7feb9b102f50>,20,19,[ 4 14],21,-1,50,-1,31
1,<environment.Job instance at 0x7feb9a436410>,22,24,[14  1],23,-1,55,-1,31
1,<environment.Job instance at 0x7feb9a99db40>,24,27,[7 2],25,-1,60,-1,33
1,<environment.Job instance at 0x7feb9a436640>,23,25,[10  3],24,-1,58,-1,33
1,<environment.Job instance at 0x7feb9a96cd70>,28,25,[5 6],29,-1,59,-1,34
1,<environment.Job instance at 0x7feb9b0800f0>,30,1,[14  3],31,-1,35,-1,34
1,<environment.Job instance at 0x7feb9a9621e0>,32,23,[ 2 11],33,-1,70,-1,47
1,<environment.Job instance at 0x7feb9ad04050>,34,28,[5 5],35,-1,91,-1,63
1,<environment.Job instance at 0x7feb9ad04640>,36,2,[12  1],37,-1,65,-1,63
1,<environment.Job instance at 0x7feb9ad04870>,37,21,[13  4],38,-1,84,-1,63
1,<environment.Job instance at 0x7feb9aa32e60>,41,16,[ 1 14],42,-1,82,-1,66
1,<environment.Job instance at 0x7feb9ad2c1e0>,42,3,[ 2 12],43,-1,69,-1,66
1,<environment.Job instance at 0x7feb9a413a50>,51,1,[ 3 14],52,-1,106,-1,105
1,<environment.Job instance at 0x7feb9a4139b0>,52,23,[ 1 12],53,-1,128,-1,105
1,<environment.Job instance at 0x7feb9ad3a230>,54,28,[ 1 13],55,-1,133,-1,105
1,<environment.Job instance at 0x7feb9ad3a3c0>,57,26,[ 4 13],58,-1,139,-1,113
1,<environment.Job instance at 0x7feb9ad3a0f0>,58,24,[5 3],59,-1,143,-1,119
1,<environment.Job instance at 0x7feb9ad3a1e0>,59,24,[6 2],60,-1,143,-1,119
1,<environment.Job instance at 0x7feb9a4380a0>,64,14,[ 1 13],65,-1,151,-1,137
1,<environment.Job instance at 0x7feb9a438370>,66,27,[3 7],67,-1,175,-1,148
1,<environment.Job instance at 0x7feb9a4385f0>,67,25,[4 7],68,-1,173,-1,148
1,<environment.Job instance at 0x7feb9a7969b0>,71,26,[4 5],72,-1,190,-1,164
1,<environment.Job instance at 0x7feb9ad36e60>,0,24,[7 4],1,-1,25,-1,1
1,<environment.Job instance at 0x7feb9ad36e10>,3,14,[10  4],4,-1,22,-1,8
1,<environment.Job instance at 0x7feb9a94fa50>,12,14,[2 7],13,-1,29,-1,15
1,<environment.Job instance at 0x7feb9a94f8c0>,15,1,[3 5],16,-1,17,-1,16
1,<environment.Job instance at 0x7feb9ad369b0>,13,24,[ 3 14],14,-1,40,-1,16
1,<environment.Job instance at 0x7feb9a94fbe0>,16,19,[5 5],17,-1,36,-1,17
1,<environment.Job instance at 0x7feb9a94ffa0>,17,17,[4 5],18,-1,35,-1,18
1,<environment.Job instance at 0x7feb9a94feb0>,18,12,[5 8],19,-1,32,-1,20
1,<environment.Job instance at 0x7feb9a94fc30>,20,15,[8 2],21,-1,36,-1,21
1,<environment.Job instance at 0x7feb9a2115a0>,0,24,[7 4],1,-1,25,-1,1
1,<environment.Job instance at 0x7feb9a211500>,1,18,[ 1 11],2,-1,20,-1,2
1,<environment.Job instance at 0x7feb9a2ed7d0>,9,13,[ 2 13],10,-1,23,-1,10
1,<environment.Job instance at 0x7feb9a2c9230>,10,17,[ 1 13],11,-1,28,-1,11
1,<environment.Job instance at 0x7feb9a2c9f50>,11,20,[12  1],12,-1,32,-1,12
1,<environment.Job instance at 0x7feb9a2c9fa0>,13,24,[ 3 14],14,-1,38,-1,14
1,<environment.Job instance at 0x7feb9aa009b0>,14,25,[10  2],15,-1,43,-1,18
1,<environment.Job instance at 0x7feb9aa00280>,19,24,[9 4],20,-1,54,-1,30
1,<environment.Job instance at 0x7feb9a7a89b0>,21,15,[ 2 12],22,-1,45,-1,30
1,<environment.Job instance at 0x7feb9a7a85f0>,22,28,[14  4],23,-1,58,-1,30
1,<environment.Job instance at 0x7feb9a7a8e60>,23,18,[13  4],24,-1,48,-1,30
1,<environment.Job instance at 0x7feb9a7a8af0>,25,23,[11  4],26,-1,57,-1,34
1,<environment.Job instance at 0x7feb9a2ce4b0>,26,17,[ 3 13],27,-1,51,-1,34
1,<environment.Job instance at 0x7feb9a793410>,28,13,[ 4 11],29,-1,50,-1,37
1,<environment.Job instance at 0x7feb9a793c80>,30,13,[ 5 11],31,-1,55,-1,42
1,<environment.Job instance at 0x7feb9a2f7820>,31,3,[11  2],32,-1,45,-1,42
1,<environment.Job instance at 0x7feb9a7b3550>,33,14,[12  5],34,-1,59,-1,45
1,<environment.Job instance at 0x7feb9a7b3eb0>,34,25,[6 2],35,-1,85,-1,60
1,<environment.Job instance at 0x7feb9a786c30>,38,25,[ 3 12],39,-1,85,-1,60
1,<environment.Job instance at 0x7feb9a7aca50>,42,21,[ 2 11],43,-1,84,-1,63
1,<environment.Job instance at 0x7feb9a7a76e0>,47,28,[14  2],48,-1,102,-1,74
1,<environment.Job instance at 0x7feb9a78da00>,48,28,[6 2],49,-1,108,-1,80
1,<environment.Job instance at 0x7feb9a78d910>,49,24,[5 4],50,-1,104,-1,80
1,<environment.Job instance at 0x7feb9a78a3c0>,51,15,[ 4 14],52,-1,95,-1,80
1,<environment.Job instance at 0x7feb9a785780>,52,17,[12  1],53,-1,97,-1,80
1,<environment.Job instance at 0x7feb9a796a50>,54,14,[ 4 14],55,-1,105,-1,91
1,<environment.Job instance at 0x7feb9ad3abe0>,61,19,[ 2 12],62,-1,124,-1,105
1,<environment.Job instance at 0x7feb9b307cd0>,74,26,[5 7],75,-1,184,-1,158
1,<environment.Job instance at 0x7feb9ad61f00>,76,28,[9 1],77,-1,195,-1,167
1,<environment.Job instance at 0x7feb9ad77910>,78,14,[11  3],79,-1,181,-1,167
1,<environment.Job instance at 0x7feb9a5899b0>,0,17,[6 4],1,-1,18,-1,1
1,<environment.Job instance at 0x7feb9a498f00>,3,17,[10  1],4,-1,22,-1,5
1,<environment.Job instance at 0x7feb9a4b80a0>,5,17,[8 1],6,-1,23,-1,6
1,<environment.Job instance at 0x7feb9a4b8140>,6,25,[5 5],7,-1,32,-1,7
1,<environment.Job instance at 0x7feb9a4b8280>,8,28,[1 5],9,-1,37,-1,9
1,<environment.Job instance at 0x7feb9a211690>,4,17,[10  1],5,-1,27,-1,10
1,<environment.Job instance at 0x7feb9a498fa0>,10,16,[ 5 11],11,-1,28,-1,12
1,<environment.Job instance at 0x7feb9a4b84b0>,12,20,[5 3],13,-1,33,-1,13
1,<environment.Job instance at 0x7feb9a4b8640>,13,28,[7 1],14,-1,42,-1,14
1,<environment.Job instance at 0x7feb9a4b86e0>,14,17,[4 6],15,-1,32,-1,15
1,<environment.Job instance at 0x7feb9b093960>,1,18,[14  2],2,-1,20,-1,2
1,<environment.Job instance at 0x7feb9a667a00>,2,19,[11  5],3,-1,22,-1,3
1,<environment.Job instance at 0x7feb9a0dd230>,8,28,[1 5],9,-1,37,-1,9
1,<environment.Job instance at 0x7feb9b060050>,9,2,[ 5 11],10,-1,12,-1,10
1,<environment.Job instance at 0x7feb9b68a2d0>,10,16,[ 5 11],11,-1,27,-1,11
1,<environment.Job instance at 0x7feb9b06e640>,6,25,[5 5],7,-1,43,-1,18
1,<environment.Job instance at 0x7feb9a42cb90>,13,28,[7 1],14,-1,46,-1,18
1,<environment.Job instance at 0x7feb9a42cf50>,15,27,[ 1 10],16,-1,50,-1,23
1,<environment.Job instance at 0x7feb9a42c690>,16,2,[ 4 12],17,-1,25,-1,23
1,<environment.Job instance at 0x7feb9a42cbe0>,17,14,[12  2],18,-1,37,-1,23
1,<environment.Job instance at 0x7feb9a42c7d0>,18,23,[1 8],19,-1,46,-1,23
1,<environment.Job instance at 0x7feb9a42cd70>,20,25,[3 5],21,-1,51,-1,26
1,<environment.Job instance at 0x7feb9a42c460>,21,13,[ 5 13],22,-1,39,-1,26
1,<environment.Job instance at 0x7feb9a42cd20>,22,26,[3 8],23,-1,52,-1,26
1,<environment.Job instance at 0x7feb9a42ccd0>,24,13,[ 1 14],25,-1,39,-1,26
1,<environment.Job instance at 0x7feb9a42ba50>,26,23,[13  1],27,-1,54,-1,31
1,<environment.Job instance at 0x7feb9a42b0f0>,28,13,[ 3 13],29,-1,53,-1,40
1,<environment.Job instance at 0x7feb9a42baa0>,29,15,[11  2],30,-1,55,-1,40
1,<environment.Job instance at 0x7feb9a42bdc0>,31,28,[ 1 14],32,-1,75,-1,47
1,<environment.Job instance at 0x7feb9a42b500>,30,23,[ 1 10],31,-1,78,-1,55
1,<environment.Job instance at 0x7feb9a42bd70>,35,24,[4 6],36,-1,84,-1,60
1,<environment.Job instance at 0x7feb9a42b5f0>,37,21,[ 4 13],38,-1,81,-1,60
1,<environment.Job instance at 0x7feb9b2fe3c0>,40,2,[12  2],41,-1,67,-1,65
1,<environment.Job instance at 0x7feb9b2fefa0>,41,26,[ 4 11],42,-1,91,-1,65
1,<environment.Job instance at 0x7feb9b2fe410>,42,24,[ 1 14],43,-1,89,-1,65
1,<environment.Job instance at 0x7feb9b2fe690>,45,28,[ 4 12],46,-1,105,-1,77
1,<environment.Job instance at 0x7feb9b2feb40>,48,24,[3 7],49,-1,115,-1,91
1,<environment.Job instance at 0x7feb9b0ef9b0>,52,26,[5 6],53,-1,138,-1,112
1,<environment.Job instance at 0x7feb9b0ef870>,54,18,[ 3 13],55,-1,130,-1,112
1,<environment.Job instance at 0x7feb9b0ef7d0>,56,3,[14  4],57,-1,128,-1,125
1,<environment.Job instance at 0x7feb9b0efa00>,57,16,[ 4 12],58,-1,141,-1,125
1,<environment.Job instance at 0x7feb9b0eff00>,58,2,[14  1],59,-1,127,-1,125
1,<environment.Job instance at 0x7feb9b0efaa0>,61,15,[14  5],62,-1,145,-1,130
1,<environment.Job instance at 0x7feb9ad36cd0>,63,18,[ 5 14],64,-1,161,-1,143
1,<environment.Job instance at 0x7feb9ad36640>,64,25,[12  4],65,-1,168,-1,143
1,<environment.Job instance at 0x7feb9ad61f00>,68,15,[ 5 12],69,-1,164,-1,149
1,<environment.Job instance at 0x7feb9ad77910>,69,19,[14  4],70,-1,168,-1,149
1,<environment.Job instance at 0x7feb9b05ae60>,71,13,[11  3],72,-1,162,-1,149
1,<environment.Job instance at 0x7feb9ad77410>,70,25,[ 4 10],71,-1,183,-1,158
1,<environment.Job instance at 0x7feb9b05a140>,74,16,[ 3 12],75,-1,174,-1,158
1,<environment.Job instance at 0x7feb9b307cd0>,76,21,[11  3],77,-1,187,-1,166
1,<environment.Job instance at 0x7feb9a96cd70>,77,28,[3 7],78,-1,195,-1,167
1,<environment.Job instance at 0x7feb9b109aa0>,79,3,[ 4 12],80,-1,170,-1,167
1,<environment.Job instance at 0x7feb9b05acd0>,80,28,[5 8],81,-1,195,-1,167
1,<environment.Job instance at 0x7feb9b05a6e0>,81,18,[12  4],82,-1,185,-1,167
1,<environment.Job instance at 0x7feb9a9621e0>,83,2,[ 5 11],84,-1,169,-1,167
1,<environment.Job instance at 0x7feb9b438730>,3,19,[6 4],4,-1,24,-1,5
1,<environment.Job instance at 0x7feb9b438c30>,5,20,[8 5],6,-1,26,-1,6
1,<environment.Job instance at 0x7feb9b438fa0>,6,25,[3 5],7,-1,32,-1,7
1,<environment.Job instance at 0x7feb9b438e10>,7,28,[5 8],8,-1,36,-1,8
1,<environment.Job instance at 0x7feb9b4383c0>,8,17,[7 5],9,-1,26,-1,9
1,<environment.Job instance at 0x7feb9a116500>,16,16,[2 9],17,-1,37,-1,21
1,<environment.Job instance at 0x7feb9a116f00>,17,16,[1 8],18,-1,37,-1,21
1,<environment.Job instance at 0x7feb9a1167d0>,21,25,[9 5],22,-1,48,-1,23
1,<environment.Job instance at 0x7feb9a4b0730>,4,23,[ 2 14],5,-1,46,-1,23
1,<environment.Job instance at 0x7feb9a116e10>,29,15,[ 3 14],30,-1,50,-1,35
1,<environment.Job instance at 0x7feb9a116730>,18,15,[9 3],19,-1,50,-1,35
1,<environment.Job instance at 0x7feb9a116d20>,24,15,[2 9],25,-1,50,-1,35
1,<environment.Job instance at 0x7feb9b21c870>,33,27,[8 4],34,-1,62,-1,35
1,<environment.Job instance at 0x7feb9b21cb90>,34,14,[1 8],35,-1,49,-1,35
1,<environment.Job instance at 0x7feb9b21c8c0>,35,14,[9 1],36,-1,50,-1,36
1,<environment.Job instance at 0x7feb9b21c730>,36,13,[8 3],37,-1,51,-1,38
1,<environment.Job instance at 0x7feb9b21c2d0>,37,15,[ 4 11],38,-1,55,-1,40
1,<environment.Job instance at 0x7feb9b21ca00>,32,15,[ 5 14],33,-1,64,-1,49
1,<environment.Job instance at 0x7feb9a116cd0>,30,20,[6 3],31,-1,72,-1,52
1,<environment.Job instance at 0x7feb9b21c0a0>,40,18,[ 2 14],41,-1,71,-1,53
1,<environment.Job instance at 0x7feb9a1168c0>,23,28,[5 8],24,-1,81,-1,53
1,<environment.Job instance at 0x7feb9b21c6e0>,42,27,[4 6],43,-1,80,-1,53
1,<environment.Job instance at 0x7feb9b21c3c0>,38,20,[6 5],39,-1,73,-1,53
1,<environment.Job instance at 0x7feb9a0c00a0>,46,27,[2 5],47,-1,80,-1,53
1,<environment.Job instance at 0x7feb9a0c07d0>,47,14,[10  3],48,-1,67,-1,53
1,<environment.Job instance at 0x7feb9a0c0f00>,43,24,[5 9],44,-1,77,-1,53
1,<environment.Job instance at 0x7feb9a0c0be0>,51,27,[11  4],52,-1,80,-1,53
1,<environment.Job instance at 0x7feb9a0c09b0>,48,14,[10  2],49,-1,68,-1,54
1,<environment.Job instance at 0x7feb9a10dc30>,55,18,[1 6],56,-1,74,-1,56
1,<environment.Job instance at 0x7feb9a10d5f0>,57,14,[8 5],58,-1,74,-1,60
1,<environment.Job instance at 0x7feb9a078730>,59,18,[ 5 14],60,-1,78,-1,60
1,<environment.Job instance at 0x7feb9a078d70>,61,18,[10  3],62,-1,81,-1,63
1,<environment.Job instance at 0x7feb9b21ce10>,41,15,[1 9],42,-1,82,-1,67
1,<environment.Job instance at 0x7feb9adf9550>,67,27,[ 2 11],68,-1,95,-1,68
1,<environment.Job instance at 0x7feb9a078c30>,66,16,[ 2 13],67,-1,84,-1,68
1,<environment.Job instance at 0x7feb9a10d7d0>,56,17,[11  2],57,-1,85,-1,68
1,<environment.Job instance at 0x7feb9a0781e0>,68,19,[ 3 14],69,-1,88,-1,69
1,<environment.Job instance at 0x7feb9a078fa0>,65,15,[2 9],66,-1,85,-1,70
1,<environment.Job instance at 0x7feb9adf92d0>,70,27,[6 4],71,-1,98,-1,71
1,<environment.Job instance at 0x7feb9adf9050>,72,26,[5 7],73,-1,99,-1,73
1,<environment.Job instance at 0x7feb9adf9640>,75,20,[1 5],76,-1,102,-1,82
1,<environment.Job instance at 0x7feb9adf9a50>,77,16,[14  3],78,-1,100,-1,84
1,<environment.Job instance at 0x7feb9adf9aa0>,78,23,[4 5],79,-1,107,-1,84
1,<environment.Job instance at 0x7feb9adf93c0>,79,18,[4 6],80,-1,102,-1,84
1,<environment.Job instance at 0x7feb9adf9820>,80,15,[11  2],81,-1,104,-1,89
1,<environment.Job instance at 0x7feb9adf9e10>,81,27,[11  4],82,-1,116,-1,89
1,<environment.Job instance at 0x7feb9adf90f0>,82,14,[3 9],83,-1,103,-1,89
1,<environment.Job instance at 0x7feb9adf94b0>,83,20,[8 1],84,-1,109,-1,89
1,<environment.Job instance at 0x7feb9b21ca50>,39,14,[6 2],40,-1,103,-1,89
1,<environment.Job instance at 0x7feb9adf9d20>,84,28,[5 3],85,-1,117,-1,89
1,<environment.Job instance at 0x7feb9adf9370>,71,13,[10  5],72,-1,102,-1,89
1,<environment.Job instance at 0x7feb9a703be0>,86,19,[7 4],87,-1,108,-1,89
1,<environment.Job instance at 0x7feb9a703280>,89,17,[5 8],90,-1,107,-1,90
1,<environment.Job instance at 0x7feb9a703370>,87,19,[13  4],88,-1,121,-1,102
1,<environment.Job instance at 0x7feb9a116f50>,26,28,[3 7],27,-1,159,-1,131
1,<environment.Job instance at 0x7feb9a703b40>,93,22,[1 7],94,-1,153,-1,131
1,<environment.Job instance at 0x7feb9a703320>,103,27,[5 2],104,-1,158,-1,131
1,<environment.Job instance at 0x7feb9a703aa0>,97,18,[7 3],98,-1,149,-1,131
1,<environment.Job instance at 0x7feb9a703640>,91,12,[ 2 14],92,-1,143,-1,131
1,<environment.Job instance at 0x7feb9b80cd70>,109,14,[7 3],110,-1,145,-1,131
1,<environment.Job instance at 0x7feb9b80cf50>,108,14,[5 6],109,-1,145,-1,131
1,<environment.Job instance at 0x7feb9b80c5f0>,107,13,[6 3],108,-1,144,-1,131
1,<environment.Job instance at 0x7feb9b80ca50>,112,17,[7 3],113,-1,148,-1,131
1,<environment.Job instance at 0x7feb9b80c2d0>,110,15,[9 1],111,-1,147,-1,132
1,<environment.Job instance at 0x7feb9a997280>,115,23,[14  4],116,-1,156,-1,133
1,<environment.Job instance at 0x7feb9a703230>,100,18,[3 5],101,-1,151,-1,133
1,<environment.Job instance at 0x7feb9a997410>,116,16,[14  2],117,-1,149,-1,133
1,<environment.Job instance at 0x7feb9b80c280>,113,15,[1 7],114,-1,148,-1,133
1,<environment.Job instance at 0x7feb9a997140>,119,14,[10  5],120,-1,147,-1,133
1,<environment.Job instance at 0x7feb99fe5dc0>,120,13,[ 2 10],121,-1,146,-1,133
1,<environment.Job instance at 0x7feb9aaebcd0>,122,14,[9 1],123,-1,147,-1,133
1,<environment.Job instance at 0x7feb9a92d320>,124,13,[10  2],125,-1,146,-1,133
1,<environment.Job instance at 0x7feb9b00fa00>,125,18,[ 3 10],126,-1,151,-1,133
1,<environment.Job instance at 0x7feb9b00faa0>,127,16,[5 3],128,-1,150,-1,134
1,<environment.Job instance at 0x7feb9b00f780>,129,19,[4 7],130,-1,154,-1,135
1,<environment.Job instance at 0x7feb9a997230>,117,17,[4 5],118,-1,152,-1,135
1,<environment.Job instance at 0x7feb9b00f910>,130,18,[4 9],131,-1,161,-1,143
1,<environment.Job instance at 0x7feb9a116b40>,0,2,[ 1 13],1,-1,3,-1,1
1,<environment.Job instance at 0x7feb9b21c7d0>,2,24,[10  4],3,-1,27,-1,3
1,<environment.Job instance at 0x7feb9a10d960>,4,23,[ 2 14],5,-1,28,-1,5
1,<environment.Job instance at 0x7feb9adf9140>,9,13,[13  1],10,-1,23,-1,10
1,<environment.Job instance at 0x7feb9a078780>,6,25,[3 5],7,-1,48,-1,23
1,<environment.Job instance at 0x7feb9a231280>,7,28,[5 8],8,-1,51,-1,23
1,<environment.Job instance at 0x7feb9af9c410>,15,24,[1 6],16,-1,50,-1,26
1,<environment.Job instance at 0x7feb9b438640>,22,2,[ 1 13],23,-1,44,-1,42
1,<environment.Job instance at 0x7feb9b438cd0>,21,25,[9 5],22,-1,77,-1,52
1,<environment.Job instance at 0x7feb9b3feb90>,23,28,[5 8],24,-1,84,-1,56
1,<environment.Job instance at 0x7feb9a49f960>,26,28,[3 7],27,-1,84,-1,56
1,<environment.Job instance at 0x7feb9adb80f0>,29,15,[ 3 14],30,-1,72,-1,57
1,<environment.Job instance at 0x7feb9a883690>,32,15,[ 5 14],33,-1,73,-1,58
1,<environment.Job instance at 0x7feb9a8832d0>,33,27,[8 4],34,-1,94,-1,67
1,<environment.Job instance at 0x7feb9a211500>,37,15,[ 4 11],38,-1,85,-1,70
1,<environment.Job instance at 0x7feb9a2112d0>,40,18,[ 2 14],41,-1,102,-1,84
1,<environment.Job instance at 0x7feb9a2c9230>,42,27,[4 6],43,-1,125,-1,98
1,<environment.Job instance at 0x7feb9a2c9320>,43,24,[5 9],44,-1,123,-1,99
1,<environment.Job instance at 0x7feb9a2ce690>,46,27,[2 5],47,-1,126,-1,99
1,<environment.Job instance at 0x7feb9a7a83c0>,49,1,[ 2 14],50,-1,101,-1,100
1,<environment.Job instance at 0x7feb9a793e60>,51,27,[11  4],52,-1,127,-1,100
1,<environment.Job instance at 0x7feb9a7b35a0>,54,2,[11  2],55,-1,116,-1,114
1,<environment.Job instance at 0x7feb9a79afa0>,56,17,[11  2],57,-1,131,-1,114
1,<environment.Job instance at 0x7feb9a7b35f0>,59,18,[ 5 14],60,-1,149,-1,131
1,<environment.Job instance at 0x7feb9a7bb4b0>,60,3,[ 2 14],61,-1,134,-1,131
1,<environment.Job instance at 0x7feb9a7aca00>,62,3,[11  2],63,-1,135,-1,132
1,<environment.Job instance at 0x7feb9ad31820>,64,1,[ 5 14],65,-1,134,-1,133
1,<environment.Job instance at 0x7feb9a7a7d70>,66,16,[ 2 13],67,-1,162,-1,146
1,<environment.Job instance at 0x7feb9a78da50>,67,27,[ 2 11],68,-1,173,-1,146
1,<environment.Job instance at 0x7feb9a78da00>,68,19,[ 3 14],69,-1,165,-1,146
1,<environment.Job instance at 0x7feb9a785640>,70,27,[6 4],71,-1,174,-1,147
1,<environment.Job instance at 0x7feb9a7969b0>,72,26,[5 7],73,-1,188,-1,162
1,<environment.Job instance at 0x7feb9abcd230>,0,13,[9 2],1,-1,15,-1,2
1,<environment.Job instance at 0x7feb9a2115f0>,4,14,[ 5 11],5,-1,19,-1,5
1,<environment.Job instance at 0x7feb9a211f00>,5,16,[10  2],6,-1,22,-1,6
1,<environment.Job instance at 0x7feb9a211b90>,6,19,[9 5],7,-1,26,-1,7
1,<environment.Job instance at 0x7feb9a211a00>,7,16,[1 7],8,-1,24,-1,8
1,<environment.Job instance at 0x7feb9a8833c0>,17,26,[9 5],18,-1,44,-1,18
1,<environment.Job instance at 0x7feb9a883550>,18,24,[9 4],19,-1,43,-1,19
1,<environment.Job instance at 0x7feb9b69acd0>,12,16,[11  4],13,-1,37,-1,21
1,<environment.Job instance at 0x7feb99f8a960>,1,17,[ 2 14],2,-1,19,-1,2
1,<environment.Job instance at 0x7feb9a519dc0>,2,14,[ 4 14],3,-1,17,-1,3
1,<environment.Job instance at 0x7feb9b093550>,4,14,[ 5 11],5,-1,19,-1,5
1,<environment.Job instance at 0x7feb9b0800f0>,8,16,[12  4],9,-1,25,-1,9
1,<environment.Job instance at 0x7feb9a79afa0>,10,15,[13  1],11,-1,26,-1,11
1,<environment.Job instance at 0x7feb9a2c9320>,12,16,[11  4],13,-1,29,-1,13
1,<environment.Job instance at 0x7feb9a2112d0>,13,28,[13  4],14,-1,42,-1,14
1,<environment.Job instance at 0x7feb9a79a280>,9,28,[ 3 10],10,-1,52,-1,24
1,<environment.Job instance at 0x7feb9a997870>,16,15,[ 4 11],17,-1,39,-1,24
1,<environment.Job instance at 0x7feb9a0c0640>,17,26,[9 5],18,-1,56,-1,30
1,<environment.Job instance at 0x7feb9a211230>,18,24,[9 4],19,-1,54,-1,30
1,<environment.Job instance at 0x7feb9a116b40>,20,25,[ 2 12],21,-1,55,-1,30
1,<environment.Job instance at 0x7feb9a41eb40>,22,16,[12  5],23,-1,46,-1,30
1,<environment.Job instance at 0x7feb9aa9ec80>,24,28,[2 5],25,-1,65,-1,37
1,<environment.Job instance at 0x7feb9a11ae60>,23,25,[4 9],24,-1,62,-1,37
1,<environment.Job instance at 0x7feb9b11f1e0>,27,2,[ 3 12],28,-1,39,-1,37
1,<environment.Job instance at 0x7feb9b349730>,33,18,[14  4],34,-1,71,-1,53
1,<environment.Job instance at 0x7feb9b2629b0>,35,13,[ 2 13],36,-1,68,-1,55
1,<environment.Job instance at 0x7feb9b2628c0>,36,25,[ 2 14],37,-1,80,-1,55
1,<environment.Job instance at 0x7feb9b2622d0>,37,27,[4 5],38,-1,85,-1,58
1,<environment.Job instance at 0x7feb9a0da1e0>,46,12,[11  5],47,-1,101,-1,89
1,<environment.Job instance at 0x7feb9a0daf50>,52,14,[ 3 14],53,-1,131,-1,117
1,<environment.Job instance at 0x7feb9a0da640>,53,15,[ 2 12],54,-1,132,-1,117
1,<environment.Job instance at 0x7feb9b290690>,55,1,[ 3 12],56,-1,118,-1,117
1,<environment.Job instance at 0x7feb9b290b90>,56,12,[12  3],57,-1,129,-1,117
1,<environment.Job instance at 0x7feb9b290aa0>,59,28,[4 8],60,-1,164,-1,136
1,<environment.Job instance at 0x7feb9b4440f0>,66,24,[7 1],67,-1,178,-1,154
1,<environment.Job instance at 0x7feb9b444500>,68,13,[12  5],69,-1,167,-1,154
1,<environment.Job instance at 0x7feb9b444780>,71,25,[11  2],72,-1,194,-1,169
1,<environment.Job instance at 0x7feb9b540050>,2,22,[8 3],3,-1,25,-1,3
1,<environment.Job instance at 0x7feb9b540d20>,3,23,[3 6],4,-1,27,-1,4
1,<environment.Job instance at 0x7feb9d95eaa0>,5,13,[6 5],6,-1,19,-1,6
1,<environment.Job instance at 0x7feb9b4eb190>,8,15,[2 8],9,-1,25,-1,10
1,<environment.Job instance at 0x7feb9a75e780>,10,28,[5 9],11,-1,39,-1,11
1,<environment.Job instance at 0x7feba44d2fa0>,12,13,[5 6],13,-1,26,-1,13
1,<environment.Job instance at 0x7feb9b4eba50>,13,14,[9 5],14,-1,28,-1,14
1,<environment.Job instance at 0x7feb9a5c4320>,14,14,[ 1 10],15,-1,29,-1,15
1,<environment.Job instance at 0x7feb9a5c4a00>,16,28,[3 8],17,-1,45,-1,17
1,<environment.Job instance at 0x7feb9b1afcd0>,18,16,[10  5],19,-1,35,-1,19
1,<environment.Job instance at 0x7feba3f1f9b0>,20,16,[ 2 10],21,-1,37,-1,21
1,<environment.Job instance at 0x7feb9a40ed70>,23,16,[3 8],24,-1,40,-1,24
1,<environment.Job instance at 0x7feb9ad2d0a0>,26,27,[5 6],27,-1,54,-1,27
1,<environment.Job instance at 0x7feb9b4af320>,28,24,[8 1],29,-1,53,-1,29
1,<environment.Job instance at 0x7feb9a40e9b0>,31,14,[ 4 11],32,-1,46,-1,32
1,<environment.Job instance at 0x7feb9b736a50>,32,16,[4 6],33,-1,49,-1,33
1,<environment.Job instance at 0x7feb9a766be0>,34,14,[4 7],35,-1,49,-1,35
1,<environment.Job instance at 0x7feb9aa60d70>,39,18,[6 5],40,-1,58,-1,40
1,<environment.Job instance at 0x7feb9aa7b7d0>,44,21,[6 5],45,-1,88,-1,67
1,<environment.Job instance at 0x7feb9aa7bd70>,46,16,[1 7],47,-1,83,-1,67
1,<environment.Job instance at 0x7feb9a9d1c80>,51,14,[ 5 10],52,-1,81,-1,67
1,<environment.Job instance at 0x7feb9a9d1690>,52,19,[1 9],53,-1,86,-1,67
1,<environment.Job instance at 0x7feb9a9c93c0>,55,18,[10  4],56,-1,85,-1,67
1,<environment.Job instance at 0x7feb9a9c90f0>,60,16,[8 1],61,-1,112,-1,96
1,<environment.Job instance at 0x7feb9a9c94b0>,62,17,[7 3],63,-1,116,-1,99
1,<environment.Job instance at 0x7feb9a9fb640>,64,16,[11  4],65,-1,115,-1,99
1,<environment.Job instance at 0x7feb9a102730>,1,1,[13  2],2,-1,3,-1,2
1,<environment.Job instance at 0x7feb9a102550>,7,13,[14  5],8,-1,21,-1,8
1,<environment.Job instance at 0x7feb9a102780>,3,23,[3 6],4,-1,37,-1,14
1,<environment.Job instance at 0x7feb9accbdc0>,10,28,[5 9],11,-1,45,-1,17
1,<environment.Job instance at 0x7feb9ae69aa0>,16,28,[3 8],17,-1,69,-1,41
1,<environment.Job instance at 0x7feb9ae69230>,19,12,[12  1],20,-1,54,-1,42
1,<environment.Job instance at 0x7feb9a0e4e60>,25,18,[ 4 11],26,-1,87,-1,69
1,<environment.Job instance at 0x7feb9a0e4b90>,26,27,[5 6],27,-1,109,-1,82
1,<environment.Job instance at 0x7feb9a0e4460>,28,24,[8 1],29,-1,121,-1,97
1,<environment.Job instance at 0x7feba63068c0>,31,14,[ 4 11],32,-1,111,-1,97
1,<environment.Job instance at 0x7feb9b4e4f50>,35,17,[ 5 13],36,-1,116,-1,99
1,<environment.Job instance at 0x7feb9b4e47d0>,36,12,[ 5 12],37,-1,111,-1,99
1,<environment.Job instance at 0x7feb9b4e4500>,45,16,[ 5 14],46,-1,149,-1,133
1,<environment.Job instance at 0x7feb9b4e4b40>,47,13,[13  2],48,-1,146,-1,133
1,<environment.Job instance at 0x7fd0eac72b40>,2,18,[ 3 10],3,-1,21,-1,3
1,<environment.Job instance at 0x7fd0eac72e10>,5,18,[7 5],6,-1,24,-1,6
1,<environment.Job instance at 0x7fd0eac72d20>,6,19,[1 7],7,-1,27,-1,8
1,<environment.Job instance at 0x7fd0eac76500>,16,19,[ 3 10],17,-1,36,-1,17
1,<environment.Job instance at 0x7fd0eac76af0>,23,18,[7 4],24,-1,45,-1,27
1,<environment.Job instance at 0x7fd0eac7f410>,4,24,[ 3 11],5,-1,29,-1,5
1,<environment.Job instance at 0x7fd0eac82910>,8,24,[ 2 10],9,-1,45,-1,21
1,<environment.Job instance at 0x7fd0eac72910>,12,13,[ 2 12],13,-1,34,-1,21
1,<environment.Job instance at 0x7fd0ead34870>,14,21,[ 3 11],15,-1,43,-1,22
1,<environment.Job instance at 0x7fd0ead34690>,17,18,[ 5 13],18,-1,40,-1,22
1,<environment.Job instance at 0x7fd0ead34a00>,20,21,[13  5],21,-1,56,-1,35
1,<environment.Job instance at 0x7fd0eadc8cd0>,24,2,[ 3 12],25,-1,51,-1,49
1,<environment.Job instance at 0x7fd0ead8c500>,27,25,[14  4],28,-1,74,-1,49
1,<environment.Job instance at 0x7fd0ead80410>,29,24,[5 1],30,-1,89,-1,65
1,<environment.Job instance at 0x7fd0ead332d0>,40,18,[ 5 13],41,-1,133,-1,115
1,<environment.Job instance at 0x7fd0ead33690>,41,3,[14  5],42,-1,118,-1,115
1,<environment.Job instance at 0x7fd0ead33e10>,42,24,[ 4 14],43,-1,139,-1,115
1,<environment.Job instance at 0x7fd0ead92cd0>,45,28,[6 4],46,-1,156,-1,128
1,<environment.Job instance at 0x7fd0ead92e10>,46,17,[ 5 12],47,-1,145,-1,128
1,<environment.Job instance at 0x7fd0ead92b90>,48,25,[5 4],49,-1,157,-1,132
1,<environment.Job instance at 0x7fd0ead92870>,49,23,[2 6],50,-1,155,-1,132
1,<environment.Job instance at 0x7fd0ead214b0>,50,13,[12  1],51,-1,145,-1,132
1,<environment.Job instance at 0x7fd0ead21910>,51,24,[ 1 11],52,-1,156,-1,132
1,<environment.Job instance at 0x7fd0ead2f370>,52,27,[9 1],53,-1,159,-1,132
1,<environment.Job instance at 0x7fd0ea3c53c0>,2,14,[4 7],3,-1,17,-1,3
1,<environment.Job instance at 0x7fd0ea3c5a50>,7,22,[1 7],8,-1,30,-1,8
1,<environment.Job instance at 0x7fd0eac761e0>,12,15,[3 9],13,-1,37,-1,22
1,<environment.Job instance at 0x7fd0ea4a8550>,24,28,[3 8],25,-1,53,-1,25
1,<environment.Job instance at 0x7fd0ea4a87d0>,21,21,[ 4 11],22,-1,50,-1,29
1,<environment.Job instance at 0x7fd0ea4e7aa0>,27,27,[5 3],28,-1,56,-1,29
1,<environment.Job instance at 0x7fd0ea3c6320>,20,23,[5 8],21,-1,52,-1,29
1,<environment.Job instance at 0x7fd0ea3c5b40>,8,28,[4 7],9,-1,59,-1,31
1,<environment.Job instance at 0x7fd0ea55f690>,29,17,[ 5 11],30,-1,48,-1,31
1,<environment.Job instance at 0x7fd0ea55fe60>,28,17,[10  2],29,-1,48,-1,31
1,<environment.Job instance at 0x7fd0ea4a5050>,31,27,[6 5],32,-1,60,-1,33
1,<environment.Job instance at 0x7fd0ea4a5230>,34,18,[12  2],35,-1,53,-1,35
1,<environment.Job instance at 0x7fd0ea5f13c0>,25,24,[12  1],26,-1,60,-1,36
1,<environment.Job instance at 0x7fd0ea4fd6e0>,18,17,[10  5],19,-1,56,-1,39
1,<environment.Job instance at 0x7fd0ea4a58c0>,36,17,[11  1],37,-1,58,-1,41
1,<environment.Job instance at 0x7fd0ea4a5690>,32,18,[ 2 14],33,-1,59,-1,41
1,<environment.Job instance at 0x7fd0ea4a50f0>,38,17,[11  4],39,-1,58,-1,41
1,<environment.Job instance at 0x7fd0ea4a5aa0>,35,15,[3 5],36,-1,56,-1,41
1,<environment.Job instance at 0x7fd0f4954500>,40,16,[7 2],41,-1,57,-1,41
1,<environment.Job instance at 0x7fd0ea4a5be0>,30,13,[5 1],31,-1,55,-1,42
1,<environment.Job instance at 0x7fd0ea2464b0>,41,18,[ 1 10],42,-1,60,-1,42
1,<environment.Job instance at 0x7fd0ea246fa0>,42,28,[7 4],43,-1,71,-1,43
1,<environment.Job instance at 0x7fd0ea245780>,43,19,[9 2],44,-1,63,-1,44
1,<environment.Job instance at 0x7fd0ea245a50>,44,28,[4 5],45,-1,73,-1,45
1,<environment.Job instance at 0x7fd0ea245140>,45,23,[8 3],46,-1,69,-1,46
1,<environment.Job instance at 0x7fd0ea23f460>,48,28,[9 1],49,-1,77,-1,49
1,<environment.Job instance at 0x7fd0ea22d4b0>,49,17,[3 5],50,-1,67,-1,50
1,<environment.Job instance at 0x7fd0ea22d370>,50,15,[ 5 10],51,-1,66,-1,51
1,<environment.Job instance at 0x7fd0ea26df00>,61,22,[5 8],62,-1,158,-1,136
1,<environment.Job instance at 0x7fd0ea3a52d0>,57,20,[5 2],58,-1,156,-1,136
1,<environment.Job instance at 0x7fd0f42f2780>,39,13,[10  1],40,-1,149,-1,136
1,<environment.Job instance at 0x7fd0ea27caa0>,64,28,[13  3],65,-1,165,-1,137
1,<environment.Job instance at 0x7fd0ea2b1e10>,60,24,[11  3],61,-1,161,-1,137
1,<environment.Job instance at 0x7fd0ea270550>,65,16,[7 4],66,-1,153,-1,137
1,<environment.Job instance at 0x7fd0ea27b9b0>,68,24,[ 5 11],69,-1,189,-1,165
1,<environment.Job instance at 0x7fd0ea27bd70>,67,18,[ 1 13],68,-1,183,-1,165
1,<environment.Job instance at 0x7fd0ea292af0>,72,17,[8 5],73,-1,187,-1,170
1,<environment.Job instance at 0x7fd0ea3a3dc0>,71,16,[ 2 13],72,-1,186,-1,170
1,<environment.Job instance at 0x7fd0ea2923c0>,78,17,[1 7],79,-1,187,-1,170
1,<environment.Job instance at 0x7fd0ea272f50>,58,20,[7 4],59,-1,190,-1,170
1,<environment.Job instance at 0x7fd0ea292280>,80,12,[6 2],81,-1,182,-1,170
1,<environment.Job instance at 0x7fd0ea292be0>,73,2,[ 5 11],74,-1,172,-1,170
1,<environment.Job instance at 0x7fd0ea292820>,79,15,[5 7],80,-1,185,-1,170
1,<environment.Job instance at 0x7fd0ea292460>,83,12,[12  2],84,-1,182,-1,170
1,<environment.Job instance at 0x7fd0ea3c3cd0>,84,12,[1 8],85,-1,182,-1,170
1,<environment.Job instance at 0x7fd0ea3c3eb0>,86,19,[ 3 14],87,-1,189,-1,170
1,<environment.Job instance at 0x7fd0ea2925a0>,82,23,[1 7],83,-1,193,-1,170
1,<environment.Job instance at 0x7fd0ea296fa0>,88,21,[9 5],89,-1,191,-1,170
1,<environment.Job instance at 0x7fd0ea296820>,89,18,[10  2],90,-1,189,-1,171
1,<environment.Job instance at 0x7fd0ea3c3410>,85,2,[14  3],86,-1,173,-1,171
1,<environment.Job instance at 0x7fd0ea2964b0>,91,22,[6 1],92,-1,194,-1,172
1,<environment.Job instance at 0x7fd0ea2961e0>,92,14,[3 5],93,-1,186,-1,172
1,<environment.Job instance at 0x7fd0ea2968c0>,90,12,[12  4],91,-1,184,-1,172
1,<environment.Job instance at 0x7fd0ea296730>,93,21,[5 1],94,-1,193,-1,172
1,<environment.Job instance at 0x7fd0ea2920a0>,81,2,[5 1],82,-1,174,-1,172
1,<environment.Job instance at 0x7fd0ea2965f0>,96,18,[4 9],97,-1,192,-1,174
1,<environment.Job instance at 0x7fd0ea295230>,97,20,[3 7],98,-1,194,-1,174
1,<environment.Job instance at 0x7fd0eac90a00>,3,23,[ 2 14],4,-1,27,-1,4
1,<environment.Job instance at 0x7fd0eac903c0>,4,12,[ 2 11],5,-1,17,-1,5
1,<environment.Job instance at 0x7fd0eac902d0>,10,12,[11  1],11,-1,27,-1,15
1,<environment.Job instance at 0x7fd0eac90050>,11,12,[ 5 11],12,-1,27,-1,15
1,<environment.Job instance at 0x7fd0eac90960>,8,28,[4 7],9,-1,43,-1,15
1,<environment.Job instance at 0x7fd0eac90230>,9,26,[3 6],10,-1,41,-1,15
1,<environment.Job instance at 0x7fd0eac83f00>,14,2,[ 1 11],15,-1,17,-1,15
1,<environment.Job instance at 0x7fd0eac83c80>,20,23,[5 8],21,-1,60,-1,37
1,<environment.Job instance at 0x7fd0eac83870>,21,21,[ 4 11],22,-1,58,-1,37
1,<environment.Job instance at 0x7fd0eac838c0>,22,2,[ 3 12],23,-1,39,-1,37
1,<environment.Job instance at 0x7fd0eac836e0>,24,28,[3 8],25,-1,66,-1,38
1,<environment.Job instance at 0x7fd0eac83eb0>,25,24,[12  1],26,-1,62,-1,38
1,<environment.Job instance at 0x7fd0f4302280>,26,14,[11  2],27,-1,52,-1,38
1,<environment.Job instance at 0x7fd0eac82c30>,27,27,[5 3],28,-1,65,-1,38
1,<environment.Job instance at 0x7fd0ea4c1e10>,29,17,[ 5 11],30,-1,55,-1,38
1,<environment.Job instance at 0x7fd0ea49d5f0>,31,27,[6 5],32,-1,78,-1,51
1,<environment.Job instance at 0x7fd0ea49deb0>,32,18,[ 2 14],33,-1,69,-1,51
1,<environment.Job instance at 0x7fd0ea52ffa0>,33,2,[11  2],34,-1,53,-1,51
1,<environment.Job instance at 0x7fd0ea49de10>,34,18,[12  2],35,-1,69,-1,51
1,<environment.Job instance at 0x7fd0ea49dcd0>,36,17,[11  1],37,-1,68,-1,51
1,<environment.Job instance at 0x7fd0ea4234b0>,37,13,[ 4 12],38,-1,64,-1,51
1,<environment.Job instance at 0x7fd0ea465190>,38,17,[11  4],39,-1,68,-1,51
1,<environment.Job instance at 0x7fd0ea48d500>,42,28,[7 4],43,-1,108,-1,80
1,<environment.Job instance at 0x7fd0ea42c140>,44,28,[4 5],45,-1,108,-1,80
1,<environment.Job instance at 0x7fd0ea42ce10>,45,23,[8 3],46,-1,103,-1,80
1,<environment.Job instance at 0x7fd0ea42fd20>,48,28,[9 1],49,-1,126,-1,98
1,<environment.Job instance at 0x7fd0ea437730>,52,16,[14  3],53,-1,114,-1,98
1,<environment.Job instance at 0x7fd0ea437870>,53,12,[11  4],54,-1,110,-1,98
1,<environment.Job instance at 0x7fd0ea49f5a0>,54,15,[14  3],55,-1,113,-1,98
1,<environment.Job instance at 0x7fd0ea49f5f0>,56,13,[ 5 13],57,-1,112,-1,99
1,<environment.Job instance at 0x7fd0ea46db90>,60,24,[11  3],61,-1,124,-1,100
1,<environment.Job instance at 0x7fd0ea442b40>,64,28,[13  3],65,-1,129,-1,101
1,<environment.Job instance at 0x7fd0ea4428c0>,67,18,[ 1 13],68,-1,135,-1,117
1,<environment.Job instance at 0x7fd0ea43e230>,68,24,[ 5 11],69,-1,141,-1,117
1,<environment.Job instance at 0x7fd0ea48a500>,71,16,[ 2 13],72,-1,147,-1,131
1,<environment.Job instance at 0x7fd0ea48a3c0>,73,2,[ 5 11],74,-1,141,-1,139
1,<environment.Job instance at 0x7fd0ea48acd0>,75,13,[11  1],76,-1,160,-1,147
1,<environment.Job instance at 0x7fd0f4363e60>,0,16,[ 3 12],1,-1,17,-1,1
1,<environment.Job instance at 0x7fd0ea28a5f0>,1,16,[ 3 12],2,-1,18,-1,2
1,<environment.Job instance at 0x7fd0ea28a2d0>,3,27,[5 1],4,-1,31,-1,4
1,<environment.Job instance at 0x7fd0ea2fd910>,4,25,[10  4],5,-1,30,-1,5
1,<environment.Job instance at 0x7fd0ea2fd5a0>,5,26,[5 4],6,-1,32,-1,6
1,<environment.Job instance at 0x7fd0ea28a5a0>,8,12,[ 2 11],9,-1,21,-1,9
1,<environment.Job instance at 0x7fd0ea3bbd20>,16,24,[3 6],17,-1,42,-1,18
1,<environment.Job instance at 0x7fd0ea3bb550>,18,26,[7 4],19,-1,57,-1,31
1,<environment.Job instance at 0x7fd0ea3bb410>,20,27,[9 5],21,-1,58,-1,31
1,<environment.Job instance at 0x7fd0ea270e60>,26,28,[ 3 14],27,-1,76,-1,48
1,<environment.Job instance at 0x7fd0ea270b90>,32,19,[11  4],33,-1,86,-1,67
1,<environment.Job instance at 0x7fd0ea2709b0>,33,27,[9 1],34,-1,106,-1,79
1,<environment.Job instance at 0x7fd0ea26d050>,36,2,[14  3],37,-1,83,-1,81
1,<environment.Job instance at 0x7fd0ea26da50>,38,27,[ 2 12],39,-1,108,-1,81
1,<environment.Job instance at 0x7fd0ea26deb0>,40,13,[14  4],41,-1,109,-1,96
1,<environment.Job instance at 0x7fd0ea26daa0>,42,16,[ 1 11],43,-1,114,-1,98
1,<environment.Job instance at 0x7fd0ea26dcd0>,43,26,[12  3],44,-1,124,-1,98
1,<environment.Job instance at 0x7fd0ea26d7d0>,45,17,[ 4 13],46,-1,116,-1,99
1,<environment.Job instance at 0x7fd0ea26de10>,47,28,[1 9],48,-1,145,-1,117
1,<environment.Job instance at 0x7fd0ea26d960>,48,26,[7 3],49,-1,155,-1,129
1,<environment.Job instance at 0x7fd0ea268be0>,53,18,[14  3],54,-1,147,-1,129
1,<environment.Job instance at 0x7fd0ea2687d0>,58,25,[9 1],59,-1,191,-1,166
1,<environment.Job instance at 0x7fd0eb119140>,5,18,[6 1],6,-1,25,-1,7
1,<environment.Job instance at 0x7fd0eb119550>,7,27,[8 1],8,-1,35,-1,8
1,<environment.Job instance at 0x7fd0eb119280>,8,14,[10  4],9,-1,23,-1,9
1,<environment.Job instance at 0x7fd0eb119e10>,9,20,[2 6],10,-1,30,-1,10
1,<environment.Job instance at 0x7fd0eb119690>,11,23,[5 7],12,-1,35,-1,12
1,<environment.Job instance at 0x7fd0eb119be0>,18,16,[2 6],19,-1,35,-1,19
1,<environment.Job instance at 0x7fd0eb119230>,19,18,[3 6],20,-1,38,-1,20
1,<environment.Job instance at 0x7fd0eb11d5f0>,35,19,[ 1 12],36,-1,104,-1,85
1,<environment.Job instance at 0x7fd0eb11d5a0>,34,28,[5 5],35,-1,113,-1,85
1,<environment.Job instance at 0x7fd0eaa0e0a0>,0,15,[ 5 14],1,-1,16,-1,1
1,<environment.Job instance at 0x7fd0ea2efdc0>,4,3,[11  3],5,-1,8,-1,5
1,<environment.Job instance at 0x7fd0ea3c9140>,7,27,[8 1],8,-1,44,-1,17
1,<environment.Job instance at 0x7fd0ea2615f0>,11,23,[5 7],12,-1,40,-1,17
1,<environment.Job instance at 0x7fd0ea261f00>,13,15,[ 2 14],14,-1,32,-1,17
1,<environment.Job instance at 0x7fd0ea261050>,17,12,[ 3 13],18,-1,30,-1,18
1,<environment.Job instance at 0x7fd0ea261a50>,21,27,[14  3],22,-1,62,-1,35
1,<environment.Job instance at 0x7fd0ea261f50>,22,18,[ 5 11],23,-1,53,-1,35
1,<environment.Job instance at 0x7fd0eb738640>,24,25,[4 9],25,-1,64,-1,39
1,<environment.Job instance at 0x7fd0ea8aac30>,25,18,[ 1 12],26,-1,57,-1,39
1,<environment.Job instance at 0x7fd0eb1197d0>,30,2,[11  4],31,-1,50,-1,48
1,<environment.Job instance at 0x7fd0ead55f50>,33,17,[14  3],34,-1,71,-1,54
1,<environment.Job instance at 0x7fd0eb036820>,35,19,[ 1 12],36,-1,74,-1,55
1,<environment.Job instance at 0x7fd0eb72ba00>,36,24,[10  2],37,-1,82,-1,58
1,<environment.Job instance at 0x7fd0eb118460>,37,2,[ 4 13],38,-1,60,-1,58
1,<environment.Job instance at 0x7fd0eaca3f00>,34,28,[5 5],35,-1,86,-1,58
1,<environment.Job instance at 0x7fd0eadd1320>,40,28,[ 1 12],41,-1,86,-1,58
1,<environment.Job instance at 0x7fd0eb39dc30>,41,15,[13  1],42,-1,73,-1,58
1,<environment.Job instance at 0x7fd0eb120af0>,42,2,[ 5 12],43,-1,60,-1,58
1,<environment.Job instance at 0x7fd0ea8ef050>,44,12,[ 4 13],45,-1,74,-1,62
1,<environment.Job instance at 0x7fd0ea8ef0a0>,45,24,[5 3],46,-1,86,-1,62
1,<environment.Job instance at 0x7fd0eaca1280>,48,3,[12  3],49,-1,65,-1,62
1,<environment.Job instance at 0x7fd0eae23820>,50,12,[13  4],51,-1,75,-1,63
1,<environment.Job instance at 0x7fd0eae23aa0>,55,15,[13  4],56,-1,93,-1,78
1,<environment.Job instance at 0x7fd0eacd15f0>,59,26,[14  4],60,-1,112,-1,86
1,<environment.Job instance at 0x7fd0ead8c1e0>,62,18,[14  1],63,-1,116,-1,98
1,<environment.Job instance at 0x7fd0ead97aa0>,63,24,[9 2],64,-1,132,-1,108
1,<environment.Job instance at 0x7fd0ead97c30>,65,15,[ 5 11],66,-1,123,-1,108
1,<environment.Job instance at 0x7fd0eacfd870>,66,27,[2 7],67,-1,139,-1,112
1,<environment.Job instance at 0x7fd0eacfd3c0>,68,16,[ 3 12],69,-1,128,-1,112
1,<environment.Job instance at 0x7fd0eacfdaa0>,69,12,[ 3 12],70,-1,124,-1,112
1,<environment.Job instance at 0x7fd0eacaae10>,70,13,[ 3 12],71,-1,125,-1,112
1,<environment.Job instance at 0x7fd0eacfd5f0>,71,24,[ 4 10],72,-1,137,-1,113
1,<environment.Job instance at 0x7fd0eacaa690>,72,25,[11  2],73,-1,138,-1,113
1,<environment.Job instance at 0x7fd0eacaa870>,73,1,[ 1 14],74,-1,114,-1,113
1,<environment.Job instance at 0x7fd0eacaa5a0>,79,14,[ 2 11],80,-1,151,-1,137
1,<environment.Job instance at 0x7fd0ea786140>,1,23,[5 5],2,-1,25,-1,2
1,<environment.Job instance at 0x7fd0eadb2280>,4,15,[10  3],5,-1,22,-1,7
1,<environment.Job instance at 0x7fd0eb0c1aa0>,6,13,[11  4],7,-1,20,-1,7
1,<environment.Job instance at 0x7fd0eb0c1690>,13,16,[9 4],14,-1,30,-1,14
1,<environment.Job instance at 0x7fd0eb0e0dc0>,14,18,[10  1],15,-1,34,-1,16
1,<environment.Job instance at 0x7fd0ea7dc8c0>,0,26,[1 6],1,-1,27,-1,1
1,<environment.Job instance at 0x7fd0ea7dc230>,1,23,[5 5],2,-1,25,-1,2
1,<environment.Job instance at 0x7fd0ea7dc280>,2,1,[12  2],3,-1,4,-1,3
1,<environment.Job instance at 0x7fd0fb426960>,3,15,[14  2],4,-1,19,-1,4
1,<environment.Job instance at 0x7fd0ea8f44b0>,5,3,[12  1],6,-1,9,-1,6
1,<environment.Job instance at 0x7fd0ea8f4c30>,6,13,[11  4],7,-1,20,-1,7
1,<environment.Job instance at 0x7fd0ea3705f0>,8,3,[14  3],9,-1,12,-1,9
1,<environment.Job instance at 0x7fd0ea8f47d0>,9,1,[14  5],10,-1,11,-1,10
1,<environment.Job instance at 0x7fd0ea8f4e10>,7,28,[6 1],8,-1,48,-1,20
1,<environment.Job instance at 0x7fd0ea8f4730>,10,27,[10  3],11,-1,47,-1,20
1,<environment.Job instance at 0x7fd0ea8f4be0>,17,26,[3 6],18,-1,46,-1,20
1,<environment.Job instance at 0x7fd0eb0797d0>,19,21,[ 1 12],20,-1,41,-1,20
1,<environment.Job instance at 0x7fd0eb0796e0>,21,13,[13  4],22,-1,35,-1,22
1,<environment.Job instance at 0x7fd0f44363c0>,24,17,[ 2 11],25,-1,42,-1,25
1,<environment.Job instance at 0x7fd0f4436140>,26,1,[ 2 11],27,-1,28,-1,27
1,<environment.Job instance at 0x7fd0eb079230>,22,24,[10  4],23,-1,57,-1,33
1,<environment.Job instance at 0x7fd0eb2835f0>,29,2,[ 2 13],30,-1,35,-1,33
1,<environment.Job instance at 0x7fd0eb2834b0>,30,14,[ 1 13],31,-1,47,-1,33
1,<environment.Job instance at 0x7fd0eb1e3a50>,31,23,[9 4],32,-1,56,-1,33
1,<environment.Job instance at 0x7fd0eb1e3050>,32,28,[8 5],33,-1,61,-1,33
1,<environment.Job instance at 0x7fd0f44369b0>,27,25,[7 5],28,-1,58,-1,33
1,<environment.Job instance at 0x7fd0eb1e3fa0>,34,23,[8 4],35,-1,72,-1,49
1,<environment.Job instance at 0x7fd0f42e5370>,42,12,[11  5],43,-1,77,-1,65
1,<environment.Job instance at 0x7fd0eae25870>,45,25,[12  1],46,-1,100,-1,75
1,<environment.Job instance at 0x7fd0eae25c30>,48,19,[ 4 11],49,-1,108,-1,89
1,<environment.Job instance at 0x7fd0eacb16e0>,49,24,[9 5],50,-1,121,-1,97
1,<environment.Job instance at 0x7fd0eb3b4f50>,56,14,[ 4 12],57,-1,138,-1,124
1,<environment.Job instance at 0x7fd0ead820f0>,58,27,[ 2 11],59,-1,153,-1,126
1,<environment.Job instance at 0x7fd0eadc8460>,61,17,[ 5 11],62,-1,151,-1,134
1,<environment.Job instance at 0x7fd0eadc85a0>,62,16,[12  1],63,-1,150,-1,134
1,<environment.Job instance at 0x7fd0eadc89b0>,63,26,[9 2],64,-1,163,-1,137
1,<environment.Job instance at 0x7fd0eac6a320>,65,20,[ 1 13],66,-1,157,-1,137
1,<environment.Job instance at 0x7fd0ead7e050>,69,23,[ 3 10],70,-1,195,-1,172
1,<environment.Job instance at 0x7fd0ea77a2d0>,71,25,[1 6],72,-1,197,-1,172
1,<environment.Job instance at 0x7fd0ea6cdb90>,9,24,[5 8],10,-1,34,-1,10
1,<environment.Job instance at 0x7fd0eb7a1a50>,14,21,[4 9],15,-1,36,-1,15
1,<environment.Job instance at 0x7fd0eb7a1960>,8,14,[10  2],9,-1,30,-1,16
1,<environment.Job instance at 0x7fd0eb7a14b0>,16,21,[ 4 11],17,-1,61,-1,40
1,<environment.Job instance at 0x7fd0eb7a10f0>,18,23,[8 4],19,-1,63,-1,40
1,<environment.Job instance at 0x7fd0eb7a1550>,15,21,[ 5 14],16,-1,61,-1,40
1,<environment.Job instance at 0x7fd0eb7a15f0>,20,20,[5 7],21,-1,60,-1,40
1,<environment.Job instance at 0x7fd0eb7a1140>,13,14,[10  2],14,-1,54,-1,40
1,<environment.Job instance at 0x7fd0eb7a1870>,21,16,[4 8],22,-1,56,-1,40
1,<environment.Job instance at 0x7fd0eb7a1b40>,26,25,[8 3],27,-1,65,-1,40
1,<environment.Job instance at 0x7fd0ea705370>,27,15,[11  1],28,-1,55,-1,40
1,<environment.Job instance at 0x7fd0ea705c80>,28,16,[10  5],29,-1,60,-1,44
1,<environment.Job instance at 0x7fd0eb7a16e0>,23,15,[2 8],24,-1,59,-1,44
1,<environment.Job instance at 0x7fd0eb7a1370>,12,13,[7 4],13,-1,57,-1,44
1,<environment.Job instance at 0x7fd0ea705050>,32,18,[2 7],33,-1,62,-1,44
1,<environment.Job instance at 0x7fd0eb7a1e60>,24,24,[6 2],25,-1,68,-1,44
1,<environment.Job instance at 0x7fd0ea705280>,34,20,[ 5 13],35,-1,64,-1,44
1,<environment.Job instance at 0x7fd0ea705fa0>,30,16,[1 7],31,-1,60,-1,44
1,<environment.Job instance at 0x7fd0ea705b40>,36,16,[9 4],37,-1,60,-1,44
1,<environment.Job instance at 0x7fd0ea705690>,38,27,[6 4],39,-1,71,-1,44
1,<environment.Job instance at 0x7fd0ea705b90>,37,13,[8 2],38,-1,57,-1,44
1,<environment.Job instance at 0x7fd0ea6cd050>,4,26,[10  5],5,-1,70,-1,44
1,<environment.Job instance at 0x7fd0eb7a1dc0>,22,18,[6 1],23,-1,63,-1,45
1,<environment.Job instance at 0x7fd0ea705640>,41,28,[8 5],42,-1,73,-1,45
1,<environment.Job instance at 0x7fd0ea705d70>,40,23,[5 5],41,-1,68,-1,45
1,<environment.Job instance at 0x7fd0ea705f50>,39,25,[6 1],40,-1,70,-1,45
1,<environment.Job instance at 0x7fd0eb7a11e0>,7,24,[1 6],8,-1,69,-1,45
1,<environment.Job instance at 0x7fd0ea705780>,44,23,[10  2],45,-1,68,-1,45
1,<environment.Job instance at 0x7fd0ea7054b0>,43,13,[1 8],44,-1,59,-1,46
1,<environment.Job instance at 0x7fd0ea705aa0>,45,21,[10  3],46,-1,67,-1,46
1,<environment.Job instance at 0x7fd0ea379c30>,50,20,[ 1 10],51,-1,71,-1,51
1,<environment.Job instance at 0x7fd0ea379820>,48,19,[2 9],49,-1,70,-1,51
1,<environment.Job instance at 0x7fd0ea705230>,46,17,[14  1],47,-1,75,-1,58
1,<environment.Job instance at 0x7fd0ea379f50>,53,18,[3 8],54,-1,76,-1,58
1,<environment.Job instance at 0x7fd0ea379a00>,52,25,[5 3],53,-1,83,-1,58
1,<environment.Job instance at 0x7fd0ea379a50>,51,18,[2 7],52,-1,76,-1,58
1,<environment.Job instance at 0x7fd0ea3797d0>,55,14,[ 4 10],56,-1,72,-1,58
1,<environment.Job instance at 0x7fd0ea379e10>,57,27,[ 2 10],58,-1,85,-1,58
1,<environment.Job instance at 0x7fd0ea3790f0>,58,16,[ 1 12],59,-1,76,-1,60
1,<environment.Job instance at 0x7fd0ea645050>,61,17,[ 1 10],62,-1,79,-1,62
1,<environment.Job instance at 0x7fd0ea645230>,62,28,[ 2 14],63,-1,93,-1,65
1,<environment.Job instance at 0x7fd0ea379780>,56,15,[4 8],57,-1,80,-1,65
1,<environment.Job instance at 0x7fd0ea379dc0>,59,15,[13  4],60,-1,80,-1,65
1,<environment.Job instance at 0x7fd0ea645be0>,64,22,[8 3],65,-1,87,-1,65
1,<environment.Job instance at 0x7fd0ea645e10>,67,21,[9 1],68,-1,90,-1,69
1,<environment.Job instance at 0x7fd0eadc0e60>,68,21,[8 2],69,-1,91,-1,70
1,<environment.Job instance at 0x7fd0eadc0320>,70,21,[8 3],71,-1,92,-1,71
1,<environment.Job instance at 0x7fd0ea705af0>,33,15,[4 7],34,-1,87,-1,72
1,<environment.Job instance at 0x7fd0ea645d20>,66,21,[ 1 11],67,-1,93,-1,72
1,<environment.Job instance at 0x7fd0eadc03c0>,69,16,[1 7],70,-1,88,-1,72
1,<environment.Job instance at 0x7fd0eadc0730>,72,26,[2 9],73,-1,99,-1,73
1,<environment.Job instance at 0x7fd0eadc0c30>,73,14,[5 5],74,-1,88,-1,74
1,<environment.Job instance at 0x7fd0eaa916e0>,0,18,[ 3 14],1,-1,19,-1,1
1,<environment.Job instance at 0x7fd0eaa91550>,2,1,[ 1 14],3,-1,4,-1,3
1,<environment.Job instance at 0x7fd0eaa91460>,3,26,[3 8],4,-1,30,-1,4
1,<environment.Job instance at 0x7fd0eb0c11e0>,6,1,[12  4],7,-1,8,-1,7
1,<environment.Job instance at 0x7fd0eaa91320>,7,24,[1 6],8,-1,32,-1,8
1,<environment.Job instance at 0x7fd0eaf49410>,9,24,[5 8],10,-1,34,-1,10
1,<environment.Job instance at 0x7fd0eaca1cd0>,15,21,[ 5 14],16,-1,39,-1,18
1,<environment.Job instance at 0x7fd0eaca1730>,16,21,[ 4 11],17,-1,39,-1,18
1,<environment.Job instance at 0x7fd0eacda6e0>,18,23,[8 4],19,-1,54,-1,31
1,<environment.Job instance at 0x7fd0eaa912d0>,4,26,[10  5],5,-1,60,-1,34
1,<environment.Job instance at 0x7fd0ea705a50>,24,24,[6 2],25,-1,72,-1,48
1,<environment.Job instance at 0x7fd0eaa3d5f0>,26,25,[8 3],27,-1,73,-1,48
1,<environment.Job instance at 0x7fd0eb68df50>,27,15,[11  1],28,-1,63,-1,48
1,<environment.Job instance at 0x7fd0eaada820>,34,20,[ 5 13],35,-1,84,-1,64
1,<environment.Job instance at 0x7fd0ea6cd960>,38,27,[6 4],39,-1,118,-1,91
1,<environment.Job instance at 0x7fd0ea2170a0>,39,25,[6 1],40,-1,116,-1,91
1,<environment.Job instance at 0x7fd0eaac90a0>,40,23,[5 5],41,-1,114,-1,91
1,<environment.Job instance at 0x7fd0ea217410>,41,28,[8 5],42,-1,119,-1,91
1,<environment.Job instance at 0x7fd0ea217320>,42,12,[13  5],43,-1,103,-1,91
1,<environment.Job instance at 0x7fd0eaeeb500>,46,17,[14  1],47,-1,121,-1,104
1,<environment.Job instance at 0x7fd0ea2c3f00>,47,15,[ 1 12],48,-1,119,-1,104
1,<environment.Job instance at 0x7fd0eb6ca230>,44,23,[10  2],45,-1,127,-1,104
1,<environment.Job instance at 0x7fd0ea2000a0>,52,25,[5 3],53,-1,133,-1,108
1,<environment.Job instance at 0x7fd0eb0cce10>,57,27,[ 2 10],58,-1,151,-1,124
1,<environment.Job instance at 0x7fd0eb0ccfa0>,58,16,[ 1 12],59,-1,140,-1,124
1,<environment.Job instance at 0x7fd0eb0cc5a0>,59,15,[13  4],60,-1,139,-1,124
1,<environment.Job instance at 0x7fd0eb0ccf00>,60,2,[ 1 13],61,-1,126,-1,124
1,<environment.Job instance at 0x7fd0ea204aa0>,62,28,[ 2 14],63,-1,152,-1,124
1,<environment.Job instance at 0x7fd0ea20c5a0>,63,28,[5 1],64,-1,165,-1,137
1,<environment.Job instance at 0x7fd0ea213a50>,66,21,[ 1 11],67,-1,160,-1,139
1,<environment.Job instance at 0x7fd0ea66e500>,7,21,[9 1],8,-1,29,-1,8
1,<environment.Job instance at 0x7fd0ea69faf0>,8,18,[7 3],9,-1,27,-1,9
1,<environment.Job instance at 0x7fd0ea69f870>,9,28,[9 4],10,-1,38,-1,10
1,<environment.Job instance at 0x7fd0ea69fa50>,11,19,[5 5],12,-1,31,-1,12
1,<environment.Job instance at 0x7fd0ea69fd20>,12,24,[8 4],13,-1,37,-1,13
1,<environment.Job instance at 0x7fd0ea69fd70>,13,12,[8 1],14,-1,26,-1,14
1,<environment.Job instance at 0x7fd0ea69f550>,14,14,[10  2],15,-1,29,-1,15
1,<environment.Job instance at 0x7fd0ea6913c0>,15,22,[5 5],16,-1,38,-1,16
1,<environment.Job instance at 0x7fd0ea6912d0>,17,14,[4 9],18,-1,32,-1,18
1,<environment.Job instance at 0x7fd0ea691870>,18,26,[6 1],19,-1,45,-1,19
1,<environment.Job instance at 0x7fd0ea691960>,21,20,[3 6],22,-1,42,-1,22
1,<environment.Job instance at 0x7fd0ea691780>,22,15,[3 9],23,-1,38,-1,23
1,<environment.Job instance at 0x7fd0ea67b4b0>,25,12,[ 1 10],26,-1,38,-1,26
1,<environment.Job instance at 0x7fd0eb76d5f0>,27,15,[10  2],28,-1,43,-1,28
1,<environment.Job instance at 0x7fd0ea561af0>,28,25,[1 6],29,-1,54,-1,29
1,<environment.Job instance at 0x7fd0ea561780>,29,26,[5 5],30,-1,56,-1,30
1,<environment.Job instance at 0x7fd0eb77c320>,32,22,[5 8],33,-1,55,-1,33
1,<environment.Job instance at 0x7fd0eb75cc80>,36,17,[7 1],37,-1,56,-1,39
1,<environment.Job instance at 0x7fd0eaa28dc0>,41,23,[2 6],42,-1,67,-1,44
1,<environment.Job instance at 0x7fd0eaa2e460>,43,15,[5 5],44,-1,59,-1,44
1,<environment.Job instance at 0x7fd0eaa2e6e0>,44,22,[6 5],45,-1,67,-1,45
1,<environment.Job instance at 0x7fd0ea62cc30>,2,15,[12  2],3,-1,18,-1,3
1,<environment.Job instance at 0x7fd0ea7119b0>,6,15,[ 3 13],7,-1,22,-1,7
1,<environment.Job instance at 0x7fd0ea6cf640>,10,13,[ 5 11],11,-1,24,-1,11
1,<environment.Job instance at 0x7fd0ea6cfc80>,12,24,[8 4],13,-1,39,-1,15
1,<environment.Job instance at 0x7fd0ea702280>,18,26,[6 1],19,-1,56,-1,30
1,<environment.Job instance at 0x7fd0ea702be0>,19,3,[ 5 14],20,-1,33,-1,30
1,<environment.Job instance at 0x7fd0ea7025a0>,20,3,[14  4],21,-1,33,-1,30
1,<environment.Job instance at 0x7fd0ea6cf820>,9,28,[9 4],10,-1,62,-1,34
1,<environment.Job instance at 0x7fd0ea63a7d0>,26,2,[13  2],27,-1,36,-1,34
1,<environment.Job instance at 0x7fd0ea6490f0>,28,25,[1 6],29,-1,69,-1,44
1,<environment.Job instance at 0x7fd0ea6496e0>,29,26,[5 5],30,-1,70,-1,44
1,<environment.Job instance at 0x7fd0eadcb4b0>,30,15,[12  2],31,-1,59,-1,44
1,<environment.Job instance at 0x7fd0eaafc320>,34,14,[14  4],35,-1,65,-1,51
1,<environment.Job instance at 0x7fd0eb889e10>,38,23,[3 6],39,-1,101,-1,78
1,<environment.Job instance at 0x7fd0ea214050>,41,23,[2 6],42,-1,102,-1,79
1,<environment.Job instance at 0x7fd0ea211870>,42,15,[ 3 13],43,-1,94,-1,79
1,<environment.Job instance at 0x7fd0eb695730>,45,24,[9 2],46,-1,104,-1,80
1,<environment.Job instance at 0x7fd0eac76d20>,46,13,[11  4],47,-1,93,-1,80
1,<environment.Job instance at 0x7fd0eac76910>,47,17,[ 3 12],48,-1,97,-1,80
1,<environment.Job instance at 0x7fd0ea20c7d0>,50,2,[12  2],51,-1,94,-1,92
1,<environment.Job instance at 0x7fd0ea200f50>,51,17,[13  5],52,-1,109,-1,92
1,<environment.Job instance at 0x7fd0eb6d55a0>,54,15,[ 5 12],55,-1,109,-1,94
1,<environment.Job instance at 0x7fd0eb6cafa0>,59,25,[10  5],60,-1,135,-1,110
1,<environment.Job instance at 0x7fd0ea217410>,63,28,[4 6],64,-1,155,-1,127
1,<environment.Job instance at 0x7fd0ead399b0>,64,26,[2 6],65,-1,153,-1,127
1,<environment.Job instance at 0x7fd0eacbb190>,66,15,[14  4],67,-1,143,-1,128
1,<environment.Job instance at 0x7fd0eacb16e0>,67,13,[13  5],68,-1,141,-1,128
1,<environment.Job instance at 0x7fd0eb0c1f50>,72,1,[ 1 13],73,-1,143,-1,142
1,<environment.Job instance at 0x7fd0eaa87f50>,73,26,[8 2],74,-1,180,-1,154
1,<environment.Job instance at 0x7fd0eb1205a0>,74,26,[5 7],75,-1,180,-1,154
1,<environment.Job instance at 0x7fd0eb88fbe0>,76,26,[11  1],77,-1,180,-1,154
1,<environment.Job instance at 0x7fd0eadbef50>,4,16,[1 8],5,-1,21,-1,5
1,<environment.Job instance at 0x7fd0eadbeaa0>,6,19,[8 3],7,-1,26,-1,7
1,<environment.Job instance at 0x7fd0eaa65af0>,16,13,[11  4],17,-1,31,-1,18
1,<environment.Job instance at 0x7fd0eaa656e0>,18,16,[1 6],19,-1,35,-1,19
1,<environment.Job instance at 0x7fd0eaa65cd0>,17,19,[6 4],18,-1,39,-1,20
1,<environment.Job instance at 0x7fd0eaa65870>,14,15,[ 4 13],15,-1,39,-1,24
1,<environment.Job instance at 0x7fd0eaa65d70>,23,3,[10  2],24,-1,27,-1,24
1,<environment.Job instance at 0x7fd0eaa651e0>,21,15,[10  1],22,-1,39,-1,24
1,<environment.Job instance at 0x7fd0eaa65960>,24,16,[5 4],25,-1,41,-1,25
1,<environment.Job instance at 0x7fd0eaa65a00>,25,22,[6 4],26,-1,48,-1,26
1,<environment.Job instance at 0x7fd0eaada500>,27,17,[ 4 10],28,-1,45,-1,28
1,<environment.Job instance at 0x7fd0eb68e4b0>,0,2,[14  3],1,-1,3,-1,1
1,<environment.Job instance at 0x7fd0eb68e500>,1,24,[13  5],2,-1,26,-1,2
1,<environment.Job instance at 0x7fd0eacda6e0>,7,12,[14  1],8,-1,20,-1,8
1,<environment.Job instance at 0x7fd0eacda0a0>,9,13,[11  4],10,-1,23,-1,10
1,<environment.Job instance at 0x7fd0eb68e9b0>,5,27,[ 3 10],6,-1,45,-1,18
1,<environment.Job instance at 0x7fd0ea446050>,14,15,[ 4 13],15,-1,41,-1,26
1,<environment.Job instance at 0x7fd0ea705e60>,16,13,[11  4],17,-1,42,-1,29
1,<environment.Job instance at 0x7fd0eadc0780>,28,14,[11  2],29,-1,79,-1,65
1,<environment.Job instance at 0x7fd0eadc0280>,29,23,[12  3],30,-1,88,-1,65
1,<environment.Job instance at 0x7fd0eadc0410>,30,28,[4 7],31,-1,95,-1,67
1,<environment.Job instance at 0x7fd0fb426960>,33,16,[11  4],34,-1,83,-1,67
1,<environment.Job instance at 0x7fd0f3e28320>,34,24,[1 7],35,-1,102,-1,78
1,<environment.Job instance at 0x7fd0eb27c550>,36,17,[13  2],37,-1,95,-1,78
1,<environment.Job instance at 0x7fd0eb0af780>,38,23,[13  4],39,-1,101,-1,78
1,<environment.Job instance at 0x7fd0ea7101e0>,40,26,[1 9],41,-1,116,-1,90
1,<environment.Job instance at 0x7fd0ea6cfc80>,43,3,[13  4],44,-1,93,-1,90
1,<environment.Job instance at 0x7fd0ea6cf640>,45,12,[13  4],46,-1,103,-1,91
1,<environment.Job instance at 0x7fd0ea707b40>,41,25,[5 4],42,-1,126,-1,101
1,<environment.Job instance at 0x7fd0ea6cf780>,47,19,[12  3],48,-1,120,-1,101
1,<environment.Job instance at 0x7fd0ea6cf0f0>,48,17,[ 5 11],49,-1,118,-1,101
1,<environment.Job instance at 0x7fd0ea5a0190>,52,18,[14  2],53,-1,127,-1,109
1,<environment.Job instance at 0x7fd0ea5a0140>,53,15,[14  3],54,-1,124,-1,109
1,<environment.Job instance at 0x7fd0eaa650f0>,55,17,[12  2],56,-1,128,-1,111
1,<environment.Job instance at 0x7fd0ea8e5fa0>,56,20,[ 5 12],57,-1,131,-1,111
1,<environment.Job instance at 0x7fd0eaadad20>,57,28,[ 5 11],58,-1,139,-1,111
1,<environment.Job instance at 0x7fd0eaa65d20>,59,23,[5 9],60,-1,151,-1,128
1,<environment.Job instance at 0x7fd0eaa65780>,61,28,[14  5],62,-1,156,-1,128
1,<environment.Job instance at 0x7fd0eadbed70>,63,13,[12  1],64,-1,141,-1,128
1,<environment.Job instance at 0x7fd0eadae280>,64,28,[ 5 11],65,-1,156,-1,128
1,<environment.Job instance at 0x7fd0eb5501e0>,72,13,[ 4 14],73,-1,161,-1,148
1,<environment.Job instance at 0x7fd0ea6e4960>,77,1,[ 4 12],78,-1,164,-1,163
1,<environment.Job instance at 0x7fd0eb358a00>,79,16,[13  1],80,-1,182,-1,166
1,<environment.Job instance at 0x7fd0f3dfa820>,0,12,[10  3],1,-1,14,-1,2
1,<environment.Job instance at 0x7fd0f3dfab40>,1,13,[10  4],2,-1,15,-1,2
1,<environment.Job instance at 0x7fd0f3dfa320>,2,20,[ 4 10],3,-1,23,-1,3
1,<environment.Job instance at 0x7fd0f3dfa690>,5,14,[ 4 10],6,-1,20,-1,6
1,<environment.Job instance at 0x7fd0ea31f960>,10,21,[9 5],11,-1,33,-1,12
1,<environment.Job instance at 0x7fd0ea31f6e0>,16,26,[8 5],17,-1,43,-1,17
1,<environment.Job instance at 0x7fd0ea31fcd0>,17,20,[9 5],18,-1,38,-1,18
1,<environment.Job instance at 0x7fd0ea31f550>,18,16,[4 9],19,-1,35,-1,19
1,<environment.Job instance at 0x7fd0ea31fa00>,20,14,[5 4],21,-1,35,-1,21
1,<environment.Job instance at 0x7fd0ea31f780>,21,15,[6 4],22,-1,37,-1,22
1,<environment.Job instance at 0x7fd0ea31f190>,24,23,[6 2],25,-1,48,-1,25
1,<environment.Job instance at 0x7fd0eb84f2d0>,28,17,[1 6],29,-1,46,-1,29
1,<environment.Job instance at 0x7fd0eb84fc30>,30,13,[4 8],31,-1,44,-1,31
1,<environment.Job instance at 0x7fd0f3dfa780>,11,25,[5 4],12,-1,58,-1,33
1,<environment.Job instance at 0x7fd0f4257aa0>,6,2,[ 1 11],7,-1,9,-1,7
1,<environment.Job instance at 0x7fd0eaa3a410>,7,14,[11  4],8,-1,22,-1,8
1,<environment.Job instance at 0x7fd0eaa3a2d0>,8,24,[ 4 11],9,-1,33,-1,9
1,<environment.Job instance at 0x7fd0eadf7af0>,9,24,[4 8],10,-1,47,-1,23
1,<environment.Job instance at 0x7fd0eaa048c0>,11,25,[5 4],12,-1,48,-1,23
1,<environment.Job instance at 0x7fd0eb13d280>,16,26,[8 5],17,-1,52,-1,26
1,<environment.Job instance at 0x7fd0ea445dc0>,19,18,[12  1],20,-1,44,-1,26
1,<environment.Job instance at 0x7fd0eb176460>,25,1,[11  4],26,-1,41,-1,40
1,<environment.Job instance at 0x7fd0ea9f71e0>,26,3,[ 1 12],27,-1,43,-1,40
1,<environment.Job instance at 0x7fd0ea9f7b90>,27,14,[12  1],28,-1,54,-1,40
1,<environment.Job instance at 0x7fd0ea9f77d0>,24,23,[6 2],25,-1,66,-1,43
1,<environment.Job instance at 0x7fd0eb178a00>,32,2,[ 1 11],33,-1,56,-1,54
1,<environment.Job instance at 0x7fd0eb1788c0>,34,18,[12  5],35,-1,72,-1,54
1,<environment.Job instance at 0x7fd0eb178aa0>,35,20,[13  1],36,-1,74,-1,54
1,<environment.Job instance at 0x7fd0ea9f6fa0>,36,17,[ 5 13],37,-1,71,-1,54
1,<environment.Job instance at 0x7fd0eb15b190>,38,23,[4 8],39,-1,82,-1,59
1,<environment.Job instance at 0x7fd0ea2e6cd0>,43,13,[12  5],44,-1,97,-1,84
1,<environment.Job instance at 0x7fd0eb15b0f0>,41,26,[2 8],42,-1,110,-1,84
1,<environment.Job instance at 0x7fd0ea2e60a0>,45,14,[ 2 11],46,-1,98,-1,84
1,<environment.Job instance at 0x7fd0ea2f8500>,49,26,[6 5],50,-1,125,-1,99
1,<environment.Job instance at 0x7fd0ea31c230>,51,22,[13  2],52,-1,121,-1,99
1,<environment.Job instance at 0x7fd0ea2ee4b0>,55,24,[4 5],56,-1,150,-1,126
1,<environment.Job instance at 0x7fd0ea2ee730>,56,28,[ 3 11],57,-1,154,-1,126
1,<environment.Job instance at 0x7fd0eb154d70>,59,19,[ 2 12],60,-1,147,-1,128
1,<environment.Job instance at 0x7fd0ea2facd0>,64,17,[ 4 12],65,-1,149,-1,132
1,<environment.Job instance at 0x7fd0eadb2370>,66,20,[11  5],67,-1,153,-1,133
1,<environment.Job instance at 0x7fd0ea2fab90>,67,16,[12  3],68,-1,149,-1,133
1,<environment.Job instance at 0x7fd0eb0a36e0>,71,3,[ 1 11],72,-1,148,-1,145
1,<environment.Job instance at 0x7fd0eaa8e780>,72,25,[ 5 11],73,-1,170,-1,145
1,<environment.Job instance at 0x7fd0eb09a230>,70,27,[ 1 10],71,-1,175,-1,148
1,<environment.Job instance at 0x7fd0eaa05410>,76,28,[6 3],77,-1,186,-1,158
1,<environment.Job instance at 0x7fd0ea195690>,79,19,[ 3 12],80,-1,184,-1,165
1,<environment.Job instance at 0x7fd0eabed190>,80,23,[4 5],81,-1,188,-1,165
1,<environment.Job instance at 0x7fd0ea186dc0>,83,22,[ 2 12],84,-1,193,-1,171
1,<environment.Job instance at 0x7fd0ea186050>,84,17,[12  5],85,-1,188,-1,171
1,<environment.Job instance at 0x7fd0eb0e0870>,85,28,[11  4],86,-1,199,-1,171
1,<environment.Job instance at 0x7fd0eb332780>,0,17,[4 8],1,-1,18,-1,1
1,<environment.Job instance at 0x7fd0eb0db820>,2,16,[8 4],3,-1,19,-1,3
1,<environment.Job instance at 0x7fd0eb0dba00>,5,21,[9 3],6,-1,29,-1,8
1,<environment.Job instance at 0x7fd0eb0db5f0>,8,13,[10  1],9,-1,22,-1,9
1,<environment.Job instance at 0x7fd0eb0dbe60>,7,17,[8 4],8,-1,27,-1,10
1,<environment.Job instance at 0x7fd0eb0dbfa0>,12,20,[4 7],13,-1,33,-1,13
1,<environment.Job instance at 0x7fd0eb0dba50>,15,18,[7 1],16,-1,35,-1,17
1,<environment.Job instance at 0x7fd0ea685230>,19,16,[3 5],20,-1,36,-1,20
1,<environment.Job instance at 0x7fd0ea685820>,21,22,[5 8],22,-1,44,-1,22
1,<environment.Job instance at 0x7fd0ea685e60>,23,18,[7 1],24,-1,42,-1,24
1,<environment.Job instance at 0x7fd0ea685eb0>,24,21,[5 3],25,-1,46,-1,25
1,<environment.Job instance at 0x7fd0eb0db6e0>,16,15,[6 2],17,-1,41,-1,26
1,<environment.Job instance at 0x7fd0ea685500>,27,28,[5 5],28,-1,57,-1,29
1,<environment.Job instance at 0x7fd0ea6854b0>,28,18,[6 3],29,-1,47,-1,29
1,<environment.Job instance at 0x7fd0eac0baf0>,38,28,[5 3],39,-1,68,-1,40
1,<environment.Job instance at 0x7fd0eac0b190>,39,15,[1 8],40,-1,55,-1,40
1,<environment.Job instance at 0x7fd0eac0bc30>,40,20,[4 9],41,-1,61,-1,41
1,<environment.Job instance at 0x7fd0eb40ffa0>,43,24,[ 2 13],44,-1,96,-1,72
1,<environment.Job instance at 0x7fd0eac0b050>,35,26,[1 9],36,-1,98,-1,72
1,<environment.Job instance at 0x7fd0eb40fd20>,47,20,[5 4],48,-1,94,-1,74
1,<environment.Job instance at 0x7fd0eb40f320>,49,12,[7 5],50,-1,86,-1,74
1,<environment.Job instance at 0x7fd0eb40f7d0>,45,13,[5 8],46,-1,87,-1,74
1,<environment.Job instance at 0x7fd0f41aae60>,3,17,[ 5 13],4,-1,21,-1,4
1,<environment.Job instance at 0x7fd0ead178c0>,4,26,[ 3 14],5,-1,31,-1,5
1,<environment.Job instance at 0x7fd0eadb2f50>,17,15,[ 2 12],18,-1,47,-1,32
1,<environment.Job instance at 0x7fd0ea9f6d20>,25,24,[ 4 12],26,-1,78,-1,54
1,<environment.Job instance at 0x7fd0eadba550>,26,12,[14  4],27,-1,66,-1,54
1,<environment.Job instance at 0x7fd0eacaa7d0>,27,28,[5 5],28,-1,82,-1,54
1,<environment.Job instance at 0x7fd10434da50>,34,3,[ 2 11],35,-1,85,-1,82
1,<environment.Job instance at 0x7fd0ea5b63c0>,35,26,[1 9],36,-1,111,-1,85
1,<environment.Job instance at 0x7fd0f4360f50>,36,28,[9 3],37,-1,125,-1,97
1,<environment.Job instance at 0x7fd0eafd6f00>,38,28,[5 3],39,-1,125,-1,97
1,<environment.Job instance at 0x7fd0ea3041e0>,41,1,[ 3 13],42,-1,100,-1,99
1,<environment.Job instance at 0x7fd0ea304370>,42,22,[ 2 11],43,-1,121,-1,99
1,<environment.Job instance at 0x7fd0ea3040a0>,43,24,[ 2 13],44,-1,123,-1,99
1,<environment.Job instance at 0x7fd0ea414e10>,51,20,[14  4],52,-1,167,-1,147
1,<environment.Job instance at 0x7fd0ea9f4190>,52,22,[ 1 14],53,-1,169,-1,147
1,<environment.Job instance at 0x7fd0eb451fa0>,53,2,[14  4],54,-1,149,-1,147
1,<environment.Job instance at 0x7fd0eb451d70>,55,27,[4 9],56,-1,188,-1,161
1,<environment.Job instance at 0x7fd0eae5b4b0>,56,16,[ 4 13],57,-1,177,-1,161
1,<environment.Job instance at 0x7fd0eb86bbe0>,58,16,[14  2],59,-1,177,-1,161
1,<environment.Job instance at 0x7fd0eb1426e0>,59,12,[14  2],60,-1,173,-1,161
1,<environment.Job instance at 0x7fd0ea618cd0>,60,1,[14  4],61,-1,162,-1,161
1,<environment.Job instance at 0x7fd0eafad500>,61,2,[14  4],62,-1,163,-1,161
1,<environment.Job instance at 0x7fd0eabbaa00>,63,12,[ 2 12],64,-1,173,-1,161
1,<environment.Job instance at 0x7fd0eabba780>,64,14,[13  4],65,-1,175,-1,161
1,<environment.Job instance at 0x7fd0eac3b5f0>,65,20,[ 3 11],66,-1,181,-1,161
1,<environment.Job instance at 0x7fd0eafad3c0>,62,24,[2 9],63,-1,199,-1,175
1,<environment.Job instance at 0x7fd0eac3b0a0>,67,16,[14  4],68,-1,191,-1,175
1,<environment.Job instance at 0x7fd0f3fbcaa0>,70,2,[ 3 14],71,-1,178,-1,176
1,<environment.Job instance at 0x7fd0eaee5f50>,72,27,[7 4],73,-1,205,-1,178
1,<environment.Job instance at 0x7fd0eade6cd0>,0,25,[ 1 14],1,-1,26,-1,1
1,<environment.Job instance at 0x7fd0eadccbe0>,2,26,[14  4],3,-1,29,-1,3
1,<environment.Job instance at 0x7fd0eadcc780>,4,23,[ 1 11],5,-1,28,-1,5
1,<environment.Job instance at 0x7fd0eafc0690>,19,15,[12  3],20,-1,49,-1,34
1,<environment.Job instance at 0x7fd0eafc02d0>,24,3,[14  3],25,-1,54,-1,51
1,<environment.Job instance at 0x7fd0eafc03c0>,25,28,[1 7],26,-1,90,-1,62
1,<environment.Job instance at 0x7fd0eafc0f00>,27,14,[ 1 13],28,-1,76,-1,62
1,<environment.Job instance at 0x7fd0eafc0af0>,29,13,[13  5],30,-1,75,-1,62
1,<environment.Job instance at 0x7fd0eafc00f0>,30,3,[12  1],31,-1,65,-1,62
1,<environment.Job instance at 0x7fd0eafc0730>,32,24,[ 2 12],33,-1,87,-1,63
1,<environment.Job instance at 0x7fd0f4360550>,34,17,[ 5 14],35,-1,85,-1,68
1,<environment.Job instance at 0x7fd0f4360f00>,37,28,[ 3 13],38,-1,106,-1,78
1,<environment.Job instance at 0x7fd0f4360730>,39,2,[14  1],40,-1,80,-1,78
1,<environment.Job instance at 0x7fd0f4360be0>,41,12,[ 4 12],42,-1,93,-1,81
1,<environment.Job instance at 0x7fd0f43605f0>,42,12,[12  5],43,-1,93,-1,81
1,<environment.Job instance at 0x7fd0eab3b3c0>,44,14,[12  2],45,-1,96,-1,82
1,<environment.Job instance at 0x7fd0eab3b410>,46,15,[ 1 12],47,-1,113,-1,98
1,<environment.Job instance at 0x7fd0eab3b280>,49,23,[5 9],50,-1,135,-1,112
1,<environment.Job instance at 0x7fd0eab3b550>,51,23,[4 7],52,-1,135,-1,112
1,<environment.Job instance at 0x7fd0eab3be60>,53,20,[ 2 12],54,-1,132,-1,112
1,<environment.Job instance at 0x7fd0eab3b0a0>,55,24,[5 1],56,-1,139,-1,115
1,<environment.Job instance at 0x7fd0eab3b910>,54,25,[9 4],55,-1,141,-1,116
1,<environment.Job instance at 0x7fd0eab3be10>,57,27,[1 7],58,-1,158,-1,131
1,<environment.Job instance at 0x7fd0eab3b8c0>,60,24,[ 1 10],61,-1,155,-1,131
1,<environment.Job instance at 0x7fd0eab3b870>,61,26,[10  5],62,-1,157,-1,131
1,<environment.Job instance at 0x7fd0eafad1e0>,63,21,[13  3],64,-1,153,-1,132
1,<environment.Job instance at 0x7fd0eafad5f0>,69,3,[ 1 12],70,-1,154,-1,151
1,<environment.Job instance at 0x7fd0eafad8c0>,70,16,[13  4],71,-1,167,-1,151
1,<environment.Job instance at 0x7fd0eafad320>,71,19,[11  2],72,-1,170,-1,151
1,<environment.Job instance at 0x7fd0eafad550>,72,2,[ 4 14],73,-1,153,-1,151
1,<environment.Job instance at 0x7fd0eafad870>,74,15,[13  5],75,-1,166,-1,151
1,<environment.Job instance at 0x7fd0eadcc280>,2,15,[8 2],3,-1,18,-1,3
1,<environment.Job instance at 0x7fd0f3e71dc0>,3,2,[14  3],4,-1,7,-1,5
1,<environment.Job instance at 0x7fd0f3e71c30>,4,3,[8 3],5,-1,8,-1,5
1,<environment.Job instance at 0x7fd0f3e71d20>,6,20,[8 3],7,-1,27,-1,7
1,<environment.Job instance at 0x7fd0ea156870>,7,23,[9 5],8,-1,31,-1,8
1,<environment.Job instance at 0x7fd0ea156b40>,8,22,[9 1],9,-1,31,-1,9
1,<environment.Job instance at 0x7fd0ea156a50>,14,15,[3 7],15,-1,31,-1,16
1,<environment.Job instance at 0x7fd0ea156410>,16,15,[7 2],17,-1,32,-1,17
1,<environment.Job instance at 0x7fd0ea156460>,18,15,[8 2],19,-1,36,-1,21
1,<environment.Job instance at 0x7fd0ea61d730>,21,17,[ 5 11],22,-1,39,-1,22
1,<environment.Job instance at 0x7fd0ea61dc80>,23,28,[10  2],24,-1,73,-1,45
1,<environment.Job instance at 0x7fd0ea61dfa0>,26,23,[5 5],27,-1,68,-1,45
1,<environment.Job instance at 0x7fd0ea61d870>,27,21,[8 2],28,-1,66,-1,45
1,<environment.Job instance at 0x7fd0ea61daf0>,25,1,[ 1 11],26,-1,46,-1,45
1,<environment.Job instance at 0x7fd0ea61da50>,29,26,[ 4 13],30,-1,71,-1,45
1,<environment.Job instance at 0x7fd0ea156d20>,24,18,[10  1],25,-1,63,-1,45
1,<environment.Job instance at 0x7fd0ea61d1e0>,31,18,[1 9],32,-1,63,-1,45
1,<environment.Job instance at 0x7fd0ea61dd20>,30,3,[6 3],31,-1,48,-1,45
1,<environment.Job instance at 0x7fd0ea61df50>,32,12,[ 5 10],33,-1,60,-1,48
1,<environment.Job instance at 0x7fd0ea156e10>,20,25,[5 4],21,-1,73,-1,48
1,<environment.Job instance at 0x7fd0ea61d190>,33,16,[ 1 14],34,-1,64,-1,48
1,<environment.Job instance at 0x7fd0ea61de10>,35,3,[12  5],36,-1,53,-1,50
1,<environment.Job instance at 0x7fd0f44374b0>,37,14,[ 5 13],38,-1,64,-1,50
1,<environment.Job instance at 0x7fd0ea61d0a0>,34,20,[1 5],35,-1,70,-1,50
1,<environment.Job instance at 0x7fd0f4363870>,40,13,[11  4],41,-1,63,-1,50
1,<environment.Job instance at 0x7fd0f4363460>,42,23,[10  2],43,-1,73,-1,50
1,<environment.Job instance at 0x7fd0f4363140>,44,17,[8 1],45,-1,67,-1,50
1,<environment.Job instance at 0x7fd0ea1568c0>,13,27,[2 7],14,-1,79,-1,52
1,<environment.Job instance at 0x7fd0ea61db90>,22,15,[12  2],23,-1,67,-1,52
1,<environment.Job instance at 0x7fd0f4437320>,39,22,[13  4],40,-1,74,-1,52
1,<environment.Job instance at 0x7fd0f4363820>,47,27,[12  1],48,-1,80,-1,53
1,<environment.Job instance at 0x7fd0f43635f0>,45,12,[2 6],46,-1,65,-1,53
1,<environment.Job instance at 0x7fd0f4363690>,49,12,[ 4 12],50,-1,65,-1,53
1,<environment.Job instance at 0x7fd0ea61d050>,36,20,[6 5],37,-1,73,-1,53
1,<environment.Job instance at 0x7fd0ea693a50>,52,17,[9 5],53,-1,71,-1,54
1,<environment.Job instance at 0x7fd0ea693870>,55,18,[3 7],56,-1,74,-1,56
1,<environment.Job instance at 0x7fd0f4363d20>,43,22,[ 1 11],44,-1,82,-1,60
1,<environment.Job instance at 0x7fd0f4363e60>,48,26,[14  5],49,-1,92,-1,66
1,<environment.Job instance at 0x7fd0ea693230>,57,23,[4 8],58,-1,89,-1,66
1,<environment.Job instance at 0x7fd0ea6937d0>,56,12,[14  5],57,-1,78,-1,66
1,<environment.Job instance at 0x7fd0eb0bab40>,63,13,[3 7],64,-1,79,-1,66
1,<environment.Job instance at 0x7fd0eb0ba280>,64,13,[12  3],65,-1,96,-1,83
1,<environment.Job instance at 0x7fd0eb0ba5a0>,68,13,[3 8],69,-1,97,-1,84
1,<environment.Job instance at 0x7fd0ea6932d0>,58,12,[9 4],59,-1,97,-1,85
1,<environment.Job instance at 0x7fd0eb0ba0f0>,69,23,[4 8],70,-1,108,-1,85
1,<environment.Job instance at 0x7fd0eb0bac30>,71,18,[10  4],72,-1,104,-1,86
1,<environment.Job instance at 0x7fd0eb0baf00>,72,14,[ 4 10],73,-1,100,-1,86
1,<environment.Job instance at 0x7fd0eb0ba190>,67,16,[5 7],68,-1,102,-1,86
1,<environment.Job instance at 0x7fd0eab3b690>,0,28,[13  3],1,-1,29,-1,1
1,<environment.Job instance at 0x7fd0eab3ba00>,3,2,[14  3],4,-1,6,-1,4
1,<environment.Job instance at 0x7fd0eab3bf50>,5,1,[ 2 12],6,-1,7,-1,6
1,<environment.Job instance at 0x7fd0eab3b820>,10,16,[ 1 13],11,-1,34,-1,18
1,<environment.Job instance at 0x7fd0eab3beb0>,11,18,[ 3 13],12,-1,36,-1,18
1,<environment.Job instance at 0x7fd0eadccd20>,12,28,[7 1],13,-1,46,-1,18
1,<environment.Job instance at 0x7fd0eadcc7d0>,13,27,[2 7],14,-1,45,-1,18
1,<environment.Job instance at 0x7fd0eab3b730>,7,23,[9 5],8,-1,41,-1,18
1,<environment.Job instance at 0x7fd0eadcc550>,17,24,[12  2],18,-1,42,-1,18
1,<environment.Job instance at 0x7fd0eadcceb0>,20,25,[5 4],21,-1,48,-1,23
1,<environment.Job instance at 0x7fd0eadcc2d0>,21,17,[ 5 11],22,-1,40,-1,23
1,<environment.Job instance at 0x7fd0eadccfa0>,22,15,[12  2],23,-1,38,-1,23
1,<environment.Job instance at 0x7fd0eb4bc870>,25,1,[ 1 11],26,-1,34,-1,33
1,<environment.Job instance at 0x7fd0eade60a0>,26,23,[5 5],27,-1,61,-1,38
1,<environment.Job instance at 0x7fd0ea409910>,29,26,[ 4 13],30,-1,64,-1,38
1,<environment.Job instance at 0x7fd0ea60b370>,33,16,[ 1 14],34,-1,59,-1,43
1,<environment.Job instance at 0x7fd0eadcce60>,23,28,[10  2],24,-1,86,-1,58
1,<environment.Job instance at 0x7fd0ea60bc30>,35,3,[12  5],36,-1,61,-1,58
1,<environment.Job instance at 0x7fd0ea5e4500>,37,14,[ 5 13],38,-1,72,-1,58
1,<environment.Job instance at 0x7fd0ea5e4c80>,39,22,[13  4],40,-1,80,-1,58
1,<environment.Job instance at 0x7fd0ea5e26e0>,40,13,[11  4],41,-1,71,-1,58
1,<environment.Job instance at 0x7fd0ea5e45a0>,42,23,[10  2],43,-1,84,-1,61
1,<environment.Job instance at 0x7fd0eac71af0>,43,22,[ 1 11],44,-1,83,-1,61
1,<environment.Job instance at 0x7fd0ea60d5f0>,47,27,[12  1],48,-1,88,-1,61
1,<environment.Job instance at 0x7fd0ea60df50>,48,26,[14  5],49,-1,87,-1,61
1,<environment.Job instance at 0x7fd0ea60d730>,49,12,[ 4 12],50,-1,73,-1,61
1,<environment.Job instance at 0x7fd0eb360f00>,56,12,[14  5],57,-1,97,-1,85
1,<environment.Job instance at 0x7fd0eb360e60>,57,23,[4 8],58,-1,118,-1,95
1,<environment.Job instance at 0x7fd0eb876f50>,60,23,[12  5],61,-1,130,-1,107
1,<environment.Job instance at 0x7fd0ea61a910>,61,2,[ 5 14],62,-1,109,-1,107
1,<environment.Job instance at 0x7fd0eb35ab40>,64,13,[12  3],65,-1,123,-1,110
1,<environment.Job instance at 0x7fd0eb35a7d0>,65,12,[ 5 11],66,-1,122,-1,110
1,<environment.Job instance at 0x7fd0ea601280>,69,23,[4 8],70,-1,171,-1,148
1,<environment.Job instance at 0x7fd0eb379e60>,74,2,[14  1],75,-1,165,-1,163
1,<environment.Job instance at 0x7fd0eb361eb0>,75,18,[ 1 11],76,-1,181,-1,163
1,<environment.Job instance at 0x7fd0eb3612d0>,76,2,[14  5],77,-1,165,-1,163
1,<environment.Job instance at 0x7fd0eb361f00>,78,2,[12  5],79,-1,173,-1,171
1,<environment.Job instance at 0x7fd0ea29daa0>,80,2,[ 2 12],81,-1,177,-1,175
1,<environment.Job instance at 0x7fd0eacd8a50>,5,16,[3 8],6,-1,23,-1,7
1,<environment.Job instance at 0x7fd0eacd82d0>,8,21,[8 4],9,-1,32,-1,11
1,<environment.Job instance at 0x7fd0eacd87d0>,10,21,[6 4],11,-1,32,-1,11
1,<environment.Job instance at 0x7fd0ea383b40>,21,15,[11  3],22,-1,59,-1,44
1,<environment.Job instance at 0x7fd0ea3837d0>,18,15,[ 4 10],19,-1,62,-1,47
1,<environment.Job instance at 0x7fd0ea383460>,25,18,[8 4],26,-1,67,-1,49
1,<environment.Job instance at 0x7fd0ea383730>,23,28,[7 2],24,-1,77,-1,49
1,<environment.Job instance at 0x7fd0ea3839b0>,24,14,[5 5],25,-1,63,-1,49
1,<environment.Job instance at 0x7fd0ea383fa0>,28,16,[1 7],29,-1,66,-1,50
1,<environment.Job instance at 0x7fd0ea3833c0>,30,12,[10  5],31,-1,62,-1,50
1,<environment.Job instance at 0x7fd0eacd70a0>,31,16,[10  1],32,-1,66,-1,50
1,<environment.Job instance at 0x7fd0eacd7a50>,32,28,[6 5],33,-1,78,-1,50
1,<environment.Job instance at 0x7fd0eacd7be0>,34,19,[ 5 12],35,-1,69,-1,50
1,<environment.Job instance at 0x7fd0eacd7cd0>,35,27,[2 8],36,-1,77,-1,50
1,<environment.Job instance at 0x7fd0ea383a00>,22,17,[4 9],23,-1,67,-1,50
1,<environment.Job instance at 0x7fd0ea383870>,26,12,[3 5],27,-1,62,-1,50
1,<environment.Job instance at 0x7fd0eacd74b0>,39,19,[5 4],40,-1,69,-1,50
1,<environment.Job instance at 0x7fd0eacd7b90>,40,12,[9 4],41,-1,62,-1,50
1,<environment.Job instance at 0x7fd0eacd7780>,37,15,[5 5],38,-1,65,-1,50
1,<environment.Job instance at 0x7fd0ea383230>,27,22,[1 9],28,-1,72,-1,50
1,<environment.Job instance at 0x7fd0eacd7f50>,43,18,[4 8],44,-1,68,-1,50
1,<environment.Job instance at 0x7fd0eacd7280>,44,27,[4 6],45,-1,77,-1,50
1,<environment.Job instance at 0x7fd0eb872370>,46,15,[ 1 12],47,-1,65,-1,50
1,<environment.Job instance at 0x7fd0eacd8c30>,7,24,[ 4 14],8,-1,74,-1,50
1,<environment.Job instance at 0x7fd0eb872820>,48,24,[8 1],49,-1,74,-1,50
1,<environment.Job instance at 0x7fd0eb8723c0>,50,26,[4 5],51,-1,81,-1,55
1,<environment.Job instance at 0x7fd0eb872b40>,51,28,[8 2],52,-1,83,-1,55
1,<environment.Job instance at 0x7fd0eb872c30>,52,21,[11  3],53,-1,76,-1,55
1,<environment.Job instance at 0x7fd0eacd7370>,33,17,[14  3],34,-1,73,-1,56
1,<environment.Job instance at 0x7fd0eb8728c0>,53,19,[14  3],54,-1,78,-1,59
1,<environment.Job instance at 0x7fd0eb872d20>,49,23,[12  1],50,-1,82,-1,59
1,<environment.Job instance at 0x7fd0eb8724b0>,54,14,[2 9],55,-1,73,-1,59
1,<environment.Job instance at 0x7fd0eafa18c0>,60,15,[ 1 11],61,-1,76,-1,61
1,<environment.Job instance at 0x7fd0eafa1820>,65,13,[9 1],66,-1,82,-1,69
1,<environment.Job instance at 0x7fd0eafa10f0>,67,17,[5 6],68,-1,88,-1,71
1,<environment.Job instance at 0x7fd0eb8721e0>,56,23,[ 2 10],57,-1,94,-1,71
1,<environment.Job instance at 0x7fd0eafa1550>,68,15,[3 5],69,-1,86,-1,71
1,<environment.Job instance at 0x7fd0eb8741e0>,71,18,[ 1 11],72,-1,92,-1,74
1,<environment.Job instance at 0x7fd0eafa1cd0>,66,25,[4 7],67,-1,100,-1,75
1,<environment.Job instance at 0x7fd0eb874460>,73,14,[12  5],74,-1,89,-1,75
1,<environment.Job instance at 0x7fd0eb874af0>,74,18,[5 3],75,-1,93,-1,75
1,<environment.Job instance at 0x7fd0eb874b40>,69,14,[ 2 12],70,-1,90,-1,76
1,<environment.Job instance at 0x7fd0eb8743c0>,75,17,[7 5],76,-1,93,-1,76
1,<environment.Job instance at 0x7fd0eafa1050>,61,24,[11  4],62,-1,110,-1,86
1,<environment.Job instance at 0x7fd0eaf79c30>,0,22,[ 1 11],1,-1,23,-1,1
1,<environment.Job instance at 0x7fd0eaf79730>,2,26,[5 3],3,-1,29,-1,3
1,<environment.Job instance at 0x7fd0eae02a50>,7,24,[ 4 14],8,-1,32,-1,8
1,<environment.Job instance at 0x7fd0eaac5eb0>,12,2,[ 5 11],13,-1,16,-1,14
1,<environment.Job instance at 0x7fd0eb5f0e60>,13,13,[ 2 13],14,-1,27,-1,14
1,<environment.Job instance at 0x7fd0eb8d2b90>,21,15,[11  3],22,-1,58,-1,43
1,<environment.Job instance at 0x7fd0ea3675f0>,23,28,[7 2],24,-1,72,-1,44
1,<environment.Job instance at 0x7fd0eb876fa0>,32,28,[6 5],33,-1,114,-1,86
1,<environment.Job instance at 0x7fd0eb868a50>,33,17,[14  3],34,-1,103,-1,86
1,<environment.Job instance at 0x7fd0eb868a00>,34,19,[ 5 12],35,-1,105,-1,86
1,<environment.Job instance at 0x7fd0eb046a00>,36,2,[ 3 13],37,-1,88,-1,86
1,<environment.Job instance at 0x7fd0eb046be0>,35,27,[2 8],36,-1,117,-1,90
1,<environment.Job instance at 0x7fd0ea556a00>,44,27,[4 6],45,-1,138,-1,111
1,<environment.Job instance at 0x7fd0eaa6e550>,46,15,[ 1 12],47,-1,126,-1,111
1,<environment.Job instance at 0x7fd0eaa6ee60>,47,1,[ 3 12],48,-1,112,-1,111
1,<environment.Job instance at 0x7fd0ea574320>,49,23,[12  1],50,-1,136,-1,113
1,<environment.Job instance at 0x7fd0eaa6e5f0>,48,24,[8 1],49,-1,144,-1,120
1,<environment.Job instance at 0x7fd0ea417b90>,51,28,[8 2],52,-1,148,-1,120
1,<environment.Job instance at 0x7fd0ea417500>,52,21,[11  3],53,-1,141,-1,120
1,<environment.Job instance at 0x7fd0eaa6e6e0>,53,19,[14  3],54,-1,139,-1,120
1,<environment.Job instance at 0x7fd0eaa6ed70>,50,26,[4 5],51,-1,146,-1,120
1,<environment.Job instance at 0x7fd0eb3b18c0>,56,23,[ 2 10],57,-1,152,-1,129
1,<environment.Job instance at 0x7fd0eac3d0f0>,59,15,[ 4 11],60,-1,144,-1,129
1,<environment.Job instance at 0x7fd0eb5660a0>,60,15,[ 1 11],61,-1,144,-1,129
1,<environment.Job instance at 0x7fd0eb566690>,61,24,[11  4],62,-1,153,-1,129
1,<environment.Job instance at 0x7fd0eb5662d0>,62,21,[14  5],63,-1,150,-1,129
1,<environment.Job instance at 0x7fd0eb297230>,69,14,[ 2 12],70,-1,157,-1,143
1,<environment.Job instance at 0x7fd0eaa91960>,70,20,[ 3 14],71,-1,163,-1,143
1,<environment.Job instance at 0x7fd0eaa91280>,71,18,[ 1 11],72,-1,161,-1,143
1,<environment.Job instance at 0x7fd0eb055eb0>,72,3,[ 5 12],73,-1,146,-1,143
1,<environment.Job instance at 0x7fd0eb055370>,73,14,[12  5],74,-1,157,-1,143
1,<environment.Job instance at 0x7fd0eac22aa0>,66,25,[4 7],67,-1,181,-1,156
1,<environment.Job instance at 0x7fd0eafab5a0>,0,17,[9 5],1,-1,18,-1,1
1,<environment.Job instance at 0x7fd0eae2faf0>,10,21,[5 8],11,-1,33,-1,12
1,<environment.Job instance at 0x7fd0eafab640>,11,19,[3 7],12,-1,31,-1,12
1,<environment.Job instance at 0x7fd0eae29820>,20,18,[13  3],21,-1,55,-1,37
1,<environment.Job instance at 0x7fd0eae29460>,19,16,[7 4],20,-1,53,-1,37
1,<environment.Job instance at 0x7fd0eae29780>,25,18,[2 9],26,-1,59,-1,41
1,<environment.Job instance at 0x7fd0eae29320>,24,17,[ 2 10],25,-1,58,-1,41
1,<environment.Job instance at 0x7fd0eae29910>,28,18,[5 5],29,-1,59,-1,41
1,<environment.Job instance at 0x7fd0eae29d20>,29,21,[ 5 13],30,-1,62,-1,41
1,<environment.Job instance at 0x7fd0eae2f410>,15,18,[ 1 10],16,-1,59,-1,41
1,<environment.Job instance at 0x7fd0eae2f910>,12,21,[ 3 13],13,-1,65,-1,44
1,<environment.Job instance at 0x7fd0eb1abd20>,34,28,[2 6],35,-1,91,-1,63
1,<environment.Job instance at 0x7fd0eae2f640>,7,26,[13  1],8,-1,89,-1,63
1,<environment.Job instance at 0x7fd0eae292d0>,32,15,[ 2 10],33,-1,78,-1,63
1,<environment.Job instance at 0x7fd0eae297d0>,22,14,[10  4],23,-1,84,-1,70
1,<environment.Job instance at 0x7fd0eb1ab4b0>,40,14,[10  5],41,-1,87,-1,73
1,<environment.Job instance at 0x7fd0eb1ab960>,38,18,[6 5],39,-1,91,-1,73
1,<environment.Job instance at 0x7fd0ea0d99b0>,41,18,[13  1],42,-1,103,-1,85
1,<environment.Job instance at 0x7fd0eb1ab320>,39,16,[6 1],40,-1,101,-1,85
1,<environment.Job instance at 0x7fd0eb359b40>,52,13,[1 8],53,-1,98,-1,85
1,<environment.Job instance at 0x7fd0ea0d9c30>,49,17,[ 5 12],50,-1,102,-1,85
1,<environment.Job instance at 0x7fd0ea0d9730>,50,16,[ 3 10],51,-1,101,-1,85
1,<environment.Job instance at 0x7fd0ea0d9780>,51,18,[7 2],52,-1,104,-1,86
1,<environment.Job instance at 0x7fd0eb359230>,55,19,[11  3],56,-1,105,-1,86
1,<environment.Job instance at 0x7fd0eb359280>,56,24,[7 4],57,-1,110,-1,86
1,<environment.Job instance at 0x7fd0eb359140>,54,12,[14  1],55,-1,98,-1,86
1,<environment.Job instance at 0x7fd0f4437460>,1,13,[ 3 12],2,-1,15,-1,2
1,<environment.Job instance at 0x7fd0eb24ecd0>,4,25,[6 1],5,-1,31,-1,6
1,<environment.Job instance at 0x7fd0eb6dbb90>,7,26,[13  1],8,-1,34,-1,8
1,<environment.Job instance at 0x7fd0eb6dbaa0>,8,23,[13  2],9,-1,32,-1,9
1,<environment.Job instance at 0x7fd0eb397960>,12,21,[ 3 13],13,-1,39,-1,18
1,<environment.Job instance at 0x7fd0eaa3e460>,20,18,[13  3],21,-1,55,-1,37
1,<environment.Job instance at 0x7fd0eb605870>,21,18,[ 3 13],22,-1,55,-1,37
1,<environment.Job instance at 0x7fd0eadba280>,26,12,[14  3],27,-1,70,-1,58
1,<environment.Job instance at 0x7fd0ea377730>,29,21,[ 5 13],30,-1,96,-1,75
1,<environment.Job instance at 0x7fd0eaa91960>,33,26,[11  3],34,-1,114,-1,88
1,<environment.Job instance at 0x7fd0eac3d0f0>,34,28,[2 6],35,-1,131,-1,103
1,<environment.Job instance at 0x7fd0e9f36550>,41,18,[13  1],42,-1,136,-1,118
1,<environment.Job instance at 0x7fd0eaa6ec80>,44,25,[2 8],45,-1,162,-1,137
1,<environment.Job instance at 0x7fd0eaa6e5f0>,46,15,[ 3 14],47,-1,152,-1,137
1,<environment.Job instance at 0x7fd0ea556140>,48,13,[ 5 13],49,-1,152,-1,139
1,<environment.Job instance at 0x7fd0ea5563c0>,49,17,[ 5 12],50,-1,156,-1,139
1,<environment.Job instance at 0x7fd0eaeefe60>,53,3,[ 2 14],54,-1,156,-1,153
1,<environment.Job instance at 0x7fd0eb0803c0>,54,12,[14  1],55,-1,165,-1,153
1,<environment.Job instance at 0x7fd0eb080370>,55,19,[11  3],56,-1,172,-1,153
1,<environment.Job instance at 0x7fd0ea361320>,56,24,[7 4],57,-1,192,-1,168
1,<environment.Job instance at 0x7fd0eb716870>,58,19,[ 4 13],59,-1,187,-1,168
1,<environment.Job instance at 0x7fd0eb5f00f0>,60,19,[ 4 14],61,-1,187,-1,168
1,<environment.Job instance at 0x7fd0eb28bf00>,62,24,[14  1],63,-1,193,-1,169
1,<environment.Job instance at 0x7fd0f3ea03c0>,3,27,[9 4],4,-1,31,-1,4
1,<environment.Job instance at 0x7fd0e9ee0780>,6,21,[2 5],7,-1,28,-1,7
1,<environment.Job instance at 0x7fd0eafd0370>,8,1,[5 9],9,-1,15,-1,14
1,<environment.Job instance at 0x7fd0eafd0730>,12,13,[2 8],13,-1,28,-1,15
1,<environment.Job instance at 0x7fd0eafd0410>,15,17,[10  5],16,-1,33,-1,16
1,<environment.Job instance at 0x7fd0eafd0f00>,16,27,[5 7],17,-1,44,-1,17
1,<environment.Job instance at 0x7fd0eafd0690>,10,25,[9 4],11,-1,44,-1,19
1,<environment.Job instance at 0x7fd0eb39d2d0>,0,28,[ 3 14],1,-1,29,-1,1
1,<environment.Job instance at 0x7fd0eb39d870>,1,3,[ 1 14],2,-1,5,-1,2
1,<environment.Job instance at 0x7fd0eb39d820>,2,1,[ 2 13],3,-1,4,-1,3
1,<environment.Job instance at 0x7fd0eb39dfa0>,3,27,[9 4],4,-1,31,-1,4
1,<environment.Job instance at 0x7fd0eb39d640>,4,20,[14  4],5,-1,25,-1,5
1,<environment.Job instance at 0x7fd0ea39aa00>,7,1,[13  4],8,-1,9,-1,8
1,<environment.Job instance at 0x7fd0eb803e10>,9,2,[ 5 11],10,-1,12,-1,10
1,<environment.Job instance at 0x7fd0eb486730>,10,25,[9 4],11,-1,36,-1,11
1,<environment.Job instance at 0x7fd0ea3d95f0>,13,26,[6 3],14,-1,50,-1,24
1,<environment.Job instance at 0x7fd0ea4fb370>,17,3,[ 2 11],18,-1,27,-1,24
1,<environment.Job instance at 0x7fd0eae555a0>,16,27,[5 7],17,-1,51,-1,24
1,<environment.Job instance at 0x7fd0eaec87d0>,19,1,[ 5 12],20,-1,25,-1,24
1,<environment.Job instance at 0x7fd0eadc0f00>,20,27,[ 2 10],21,-1,51,-1,24
1,<environment.Job instance at 0x7fd0eaef3eb0>,21,22,[ 2 13],22,-1,46,-1,24
1,<environment.Job instance at 0x7fd0eab2f1e0>,22,25,[1 7],23,-1,49,-1,24
1,<environment.Job instance at 0x7fd0eaaec410>,23,18,[13  1],24,-1,42,-1,24
1,<environment.Job instance at 0x7fd0ea3d7b90>,26,25,[ 5 10],27,-1,66,-1,41
1,<environment.Job instance at 0x7fd0eb476690>,30,24,[7 4],31,-1,67,-1,43
1,<environment.Job instance at 0x7fd0eb476230>,31,18,[ 1 11],32,-1,61,-1,43
1,<environment.Job instance at 0x7fd0eb3a2c80>,39,13,[ 2 13],40,-1,72,-1,59
1,<environment.Job instance at 0x7fd0eb39a690>,40,17,[ 1 13],41,-1,76,-1,59
1,<environment.Job instance at 0x7fd0eb39af50>,41,20,[12  1],42,-1,79,-1,59
1,<environment.Job instance at 0x7fd0eb3abe10>,43,24,[ 3 14],44,-1,85,-1,61
1,<environment.Job instance at 0x7fd0eb3ba190>,44,25,[10  2],45,-1,99,-1,74
1,<environment.Job instance at 0x7fd0eb3bacd0>,49,24,[9 4],50,-1,107,-1,83
1,<environment.Job instance at 0x7fd0eb46cf50>,51,15,[ 2 12],52,-1,98,-1,83
1,<environment.Job instance at 0x7fd0eb46c500>,52,28,[14  4],53,-1,111,-1,83
1,<environment.Job instance at 0x7fd0eb46cfa0>,53,18,[13  4],54,-1,101,-1,83
1,<environment.Job instance at 0x7fd0eb38ae10>,55,23,[11  4],56,-1,110,-1,87
1,<environment.Job instance at 0x7fd0eb38a500>,56,17,[ 3 13],57,-1,104,-1,87
1,<environment.Job instance at 0x7fd0eb3a6230>,58,13,[ 4 11],59,-1,100,-1,87
1,<environment.Job instance at 0x7fd0eb3a62d0>,60,13,[ 5 11],61,-1,111,-1,98
1,<environment.Job instance at 0x7fd0ea5217d0>,61,3,[11  2],62,-1,101,-1,98
1,<environment.Job instance at 0x7fd0ea53f2d0>,63,14,[12  5],64,-1,115,-1,101
1,<environment.Job instance at 0x7fd0ea53f370>,64,25,[6 2],65,-1,129,-1,104
1,<environment.Job instance at 0x7fd0ea528460>,68,25,[ 3 12],69,-1,143,-1,118
1,<environment.Job instance at 0x7fd0ea54c410>,72,21,[ 2 11],73,-1,145,-1,124
1,<environment.Job instance at 0x7fd0ea53efa0>,77,28,[14  2],78,-1,160,-1,132
1,<environment.Job instance at 0x7fd0ea54ce60>,78,28,[6 2],79,-1,169,-1,141
1,<environment.Job instance at 0x7fd0eb4674b0>,79,24,[5 4],80,-1,165,-1,141
1,<environment.Job instance at 0x7fd0eb44f460>,81,15,[ 4 14],82,-1,156,-1,141
1,<environment.Job instance at 0x7fd0eb44f7d0>,82,17,[12  1],83,-1,158,-1,141
1,<environment.Job instance at 0x7fd0eb44f230>,84,14,[ 4 14],85,-1,163,-1,149
1,<environment.Job instance at 0x7fd0eb44f1e0>,91,19,[ 2 12],92,-1,192,-1,173
1,<environment.Job instance at 0x7fd0ea460140>,3,18,[8 4],4,-1,23,-1,5
1,<environment.Job instance at 0x7fd0ea460fa0>,13,18,[8 5],14,-1,32,-1,14
1,<environment.Job instance at 0x7fd0ea460c80>,8,19,[ 2 12],9,-1,33,-1,14
1,<environment.Job instance at 0x7fd0ea5956e0>,4,18,[ 3 14],5,-1,33,-1,15
1,<environment.Job instance at 0x7fd0ea460aa0>,15,24,[2 9],16,-1,40,-1,16
1,<environment.Job instance at 0x7fd0ea460b90>,17,15,[ 5 10],18,-1,33,-1,18
1,<environment.Job instance at 0x7fd0ea4604b0>,18,20,[14  5],19,-1,41,-1,21
1,<environment.Job instance at 0x7fd0ea460a00>,21,18,[14  2],22,-1,47,-1,29
1,<environment.Job instance at 0x7fd0ea3d90a0>,23,17,[10  1],24,-1,46,-1,29
1,<environment.Job instance at 0x7fd0ea460910>,19,19,[7 5],20,-1,49,-1,30
1,<environment.Job instance at 0x7fd0ea460f00>,11,14,[4 7],12,-1,44,-1,30
1,<environment.Job instance at 0x7fd0ea3d9280>,26,25,[5 5],27,-1,59,-1,34
1,<environment.Job instance at 0x7fd0ea3d9d20>,27,13,[7 4],28,-1,47,-1,34
1,<environment.Job instance at 0x7fd0ea3d9230>,28,28,[1 5],29,-1,64,-1,36
1,<environment.Job instance at 0x7fd0ea3d9eb0>,30,16,[ 5 11],31,-1,53,-1,37
1,<environment.Job instance at 0x7fd0ea3d96e0>,25,17,[8 1],26,-1,56,-1,39
1,<environment.Job instance at 0x7fd0ea3d92d0>,24,17,[10  1],25,-1,57,-1,40
1,<environment.Job instance at 0x7fd0eaa6a4b0>,33,28,[7 1],34,-1,68,-1,40
1,<environment.Job instance at 0x7fd0ea4605f0>,22,19,[11  5],23,-1,59,-1,40
1,<environment.Job instance at 0x7fd0ea3d90f0>,32,20,[5 3],33,-1,63,-1,43
1,<environment.Job instance at 0x7fd0ea460eb0>,20,17,[6 4],21,-1,60,-1,43
1,<environment.Job instance at 0x7fd0eaa6af00>,34,17,[4 6],35,-1,60,-1,43
1,<environment.Job instance at 0x7fd0eaa6a910>,40,25,[3 5],41,-1,68,-1,43
1,<environment.Job instance at 0x7fd0eaa6aeb0>,42,26,[3 8],43,-1,69,-1,43
1,<environment.Job instance at 0x7fd0eac358c0>,0,16,[ 4 11],1,-1,17,-1,1
1,<environment.Job instance at 0x7fd0ea5009b0>,4,18,[ 3 14],5,-1,23,-1,5
1,<environment.Job instance at 0x7fd0ea500dc0>,5,16,[12  1],6,-1,22,-1,6
1,<environment.Job instance at 0x7fd0ea500be0>,8,19,[ 2 12],9,-1,28,-1,9
1,<environment.Job instance at 0x7fd0ea500af0>,9,17,[ 2 12],10,-1,27,-1,10
1,<environment.Job instance at 0x7fd0eac53140>,18,20,[14  5],19,-1,56,-1,36
1,<environment.Job instance at 0x7fd0ea5291e0>,15,24,[2 9],16,-1,61,-1,37
1,<environment.Job instance at 0x7fd0ea53edc0>,21,18,[14  2],22,-1,55,-1,37
1,<environment.Job instance at 0x7fd0ea53efa0>,22,19,[11  5],23,-1,56,-1,37
1,<environment.Job instance at 0x7fd0eb3aba00>,26,25,[5 5],27,-1,77,-1,52
1,<environment.Job instance at 0x7fd0ea861370>,28,28,[1 5],29,-1,80,-1,52
1,<environment.Job instance at 0x7fd0ea861d20>,29,2,[ 5 11],30,-1,54,-1,52
1,<environment.Job instance at 0x7fd0ea4fb370>,30,16,[ 5 11],31,-1,68,-1,52
1,<environment.Job instance at 0x7fd0ea4600f0>,33,28,[7 1],34,-1,96,-1,68
1,<environment.Job instance at 0x7fd0eb0ba870>,36,2,[ 4 12],37,-1,83,-1,81
1,<environment.Job instance at 0x7fd0ea3d95f0>,37,14,[12  2],38,-1,95,-1,81
1,<environment.Job instance at 0x7fd0ea3d9780>,38,23,[1 8],39,-1,104,-1,81
1,<environment.Job instance at 0x7fd0eadb9b90>,40,25,[3 5],41,-1,109,-1,84
1,<environment.Job instance at 0x7fd0ea3d2b90>,41,13,[ 5 13],42,-1,97,-1,84
1,<environment.Job instance at 0x7fd0eaa6a280>,42,26,[3 8],43,-1,110,-1,84
1,<environment.Job instance at 0x7fd0ea507410>,35,27,[ 1 10],36,-1,112,-1,85
1,<environment.Job instance at 0x7fd0eae76230>,44,13,[ 1 14],45,-1,98,-1,85
1,<environment.Job instance at 0x7fd0ea4e2cd0>,46,23,[13  1],47,-1,108,-1,85
1,<environment.Job instance at 0x7fd0ea4e2b90>,48,13,[ 3 13],49,-1,111,-1,98
1,<environment.Job instance at 0x7fd0ea4e2af0>,49,15,[11  2],50,-1,113,-1,98
1,<environment.Job instance at 0x7fd0ea7b7410>,51,28,[ 1 14],52,-1,127,-1,99
1,<environment.Job instance at 0x7fd0ea4e2a50>,50,23,[ 1 10],51,-1,136,-1,113
1,<environment.Job instance at 0x7fd0ea7b7140>,55,24,[4 6],56,-1,140,-1,116
1,<environment.Job instance at 0x7fd0ea92f730>,57,21,[ 4 13],58,-1,137,-1,116
1,<environment.Job instance at 0x7fd0ea89f1e0>,60,2,[12  2],61,-1,130,-1,128
1,<environment.Job instance at 0x7fd0ea89f4b0>,61,26,[ 4 11],62,-1,154,-1,128
1,<environment.Job instance at 0x7fd0ea89f9b0>,62,24,[ 1 14],63,-1,152,-1,128
1,<environment.Job instance at 0x7fd0ea3cba00>,65,28,[ 4 12],66,-1,168,-1,140
1,<environment.Job instance at 0x7fd0eab2fb40>,68,24,[3 7],69,-1,168,-1,144
1,<environment.Job instance at 0x7fd0eab2f640>,72,26,[5 6],73,-1,205,-1,179
1,<environment.Job instance at 0x7fd0eb3ba410>,0,27,[6 2],1,-1,28,-1,1
1,<environment.Job instance at 0x7fd0eb84fa50>,2,15,[5 7],3,-1,18,-1,3
1,<environment.Job instance at 0x7fd0eb84f410>,6,14,[9 2],7,-1,21,-1,7
1,<environment.Job instance at 0x7fd0eb84f8c0>,13,19,[6 4],14,-1,33,-1,14
1,<environment.Job instance at 0x7fd0eb84f640>,15,20,[8 5],16,-1,36,-1,16
1,<environment.Job instance at 0x7fd0eb84f280>,16,25,[3 5],17,-1,42,-1,17
1,<environment.Job instance at 0x7fd0eb84f0a0>,17,28,[5 8],18,-1,46,-1,18
1,<environment.Job instance at 0x7fd0eb84f2d0>,18,17,[7 5],19,-1,37,-1,20
1,<environment.Job instance at 0x7fd0eac31eb0>,0,27,[6 2],1,-1,28,-1,1
1,<environment.Job instance at 0x7fd0ea547820>,3,14,[13  5],4,-1,18,-1,4
1,<environment.Job instance at 0x7fd0ea5474b0>,7,28,[12  1],8,-1,36,-1,8
1,<environment.Job instance at 0x7fd0eb38afa0>,10,2,[ 1 13],11,-1,19,-1,17
1,<environment.Job instance at 0x7fd0eb38a640>,12,24,[10  4],13,-1,43,-1,19
1,<environment.Job instance at 0x7fd0ea54c3c0>,14,23,[ 2 14],15,-1,42,-1,19
1,<environment.Job instance at 0x7fd0ea54c6e0>,16,25,[3 5],17,-1,44,-1,19
1,<environment.Job instance at 0x7fd0ea54c410>,17,28,[5 8],18,-1,48,-1,20
1,<environment.Job instance at 0x7fd0ea528460>,19,13,[13  1],20,-1,33,-1,20
1,<environment.Job instance at 0x7fd0ea538640>,25,24,[1 6],26,-1,70,-1,46
1,<environment.Job instance at 0x7fd0ea5216e0>,32,2,[ 1 13],33,-1,78,-1,76
1,<environment.Job instance at 0x7fd0ea5213c0>,31,25,[9 5],32,-1,102,-1,77
1,<environment.Job instance at 0x7fd0ea5215a0>,33,28,[5 8],34,-1,119,-1,91
1,<environment.Job instance at 0x7fd0ea521b40>,36,28,[3 7],37,-1,119,-1,91
1,<environment.Job instance at 0x7fd0eac28910>,39,15,[ 3 14],40,-1,107,-1,92
1,<environment.Job instance at 0x7fd0ea52bd20>,42,15,[ 5 14],43,-1,107,-1,92
1,<environment.Job instance at 0x7fd0ea52bc30>,43,27,[8 4],44,-1,119,-1,92
1,<environment.Job instance at 0x7fd0ea524460>,47,15,[ 4 11],48,-1,119,-1,104
1,<environment.Job instance at 0x7fd0eac5ad70>,50,18,[ 2 14],51,-1,136,-1,118
1,<environment.Job instance at 0x7fd0eac5a140>,52,27,[4 6],53,-1,159,-1,132
1,<environment.Job instance at 0x7fd0eaecb9b0>,56,27,[2 5],57,-1,160,-1,133
1,<environment.Job instance at 0x7fd0ea52f0a0>,53,24,[5 9],54,-1,172,-1,148
1,<environment.Job instance at 0x7fd0eac52730>,59,1,[ 2 14],60,-1,149,-1,148
1,<environment.Job instance at 0x7fd0ea7ab960>,61,27,[11  4],62,-1,175,-1,148
1,<environment.Job instance at 0x7fd0eaa7e190>,64,2,[11  2],65,-1,151,-1,149
1,<environment.Job instance at 0x7fd0ea7ab550>,66,17,[11  2],67,-1,169,-1,152
1,<environment.Job instance at 0x7fd0ea51f320>,69,18,[ 5 14],70,-1,183,-1,165
1,<environment.Job instance at 0x7fd0ea51f230>,70,3,[ 2 14],71,-1,168,-1,165
1,<environment.Job instance at 0x7fd0ea7d66e0>,72,3,[11  2],73,-1,168,-1,165
1,<environment.Job instance at 0x7fd0ea7d6f00>,74,1,[ 5 14],75,-1,168,-1,167
1,<environment.Job instance at 0x7fd0eb3dec30>,0,13,[9 2],1,-1,15,-1,2
1,<environment.Job instance at 0x7fd0eb4a70a0>,4,14,[ 5 11],5,-1,19,-1,5
1,<environment.Job instance at 0x7fd0eb4a7a50>,5,16,[10  2],6,-1,22,-1,6
1,<environment.Job instance at 0x7fd0eb4a7cd0>,6,19,[9 5],7,-1,26,-1,7
1,<environment.Job instance at 0x7fd0eb3fbeb0>,1,17,[ 2 14],2,-1,19,-1,2
1,<environment.Job instance at 0x7fd0eb3f1c30>,2,14,[ 4 14],3,-1,17,-1,3
1,<environment.Job instance at 0x7fd0eb3f14b0>,4,14,[ 5 11],5,-1,19,-1,5
1,<environment.Job instance at 0x7fd0eb3f1410>,8,16,[12  4],9,-1,25,-1,9
1,<environment.Job instance at 0x7fd0eb3f19b0>,10,15,[13  1],11,-1,26,-1,11
1,<environment.Job instance at 0x7fd0eac358c0>,12,16,[11  4],13,-1,29,-1,13
1,<environment.Job instance at 0x7fd0eb3fdb90>,13,28,[13  4],14,-1,42,-1,14
1,<environment.Job instance at 0x7fd0eb3fd640>,9,28,[ 3 10],10,-1,52,-1,24
1,<environment.Job instance at 0x7fd0eb84f460>,16,15,[ 4 11],17,-1,39,-1,24
1,<environment.Job instance at 0x7fd0ea8709b0>,17,26,[9 5],18,-1,56,-1,30
1,<environment.Job instance at 0x7fd0eb3f4870>,18,24,[9 4],19,-1,54,-1,30
1,<environment.Job instance at 0x7fd0eb84f140>,20,25,[ 2 12],21,-1,55,-1,30
1,<environment.Job instance at 0x7fd0ea500c30>,22,16,[12  5],23,-1,46,-1,30
1,<environment.Job instance at 0x7fd0ea500e60>,24,28,[2 5],25,-1,65,-1,37
1,<environment.Job instance at 0x7fd0ea500c80>,23,25,[4 9],24,-1,62,-1,37
1,<environment.Job instance at 0x7fd0eac3c410>,27,2,[ 3 12],28,-1,39,-1,37
1,<environment.Job instance at 0x7fd0ea529c30>,33,18,[14  4],34,-1,71,-1,53
1,<environment.Job instance at 0x7fd0ea53e410>,35,13,[ 2 13],36,-1,68,-1,55
1,<environment.Job instance at 0x7fd0eaaee050>,36,25,[ 2 14],37,-1,80,-1,55
1,<environment.Job instance at 0x7fd0ea486640>,37,27,[4 5],38,-1,85,-1,58
1,<environment.Job instance at 0x7fd0eadb9280>,46,12,[11  5],47,-1,101,-1,89
1,<environment.Job instance at 0x7fd0ea7b7c80>,52,14,[ 3 14],53,-1,131,-1,117
1,<environment.Job instance at 0x7fd0ea3cbc80>,53,15,[ 2 12],54,-1,132,-1,117
1,<environment.Job instance at 0x7fd0ea3cb5f0>,55,1,[ 3 12],56,-1,118,-1,117
1,<environment.Job instance at 0x7fd0ea3cb5a0>,56,12,[12  3],57,-1,129,-1,117
1,<environment.Job instance at 0x7fd0eab2f910>,59,28,[4 8],60,-1,164,-1,136
1,<environment.Job instance at 0x7fd0ea0d76e0>,66,24,[7 1],67,-1,178,-1,154
1,<environment.Job instance at 0x7fd0eb3926e0>,68,13,[12  5],69,-1,167,-1,154
1,<environment.Job instance at 0x7fd0eaa7e190>,71,25,[11  2],72,-1,194,-1,169
1,<environment.Job instance at 0x7fd0ea51f460>,73,13,[11  2],74,-1,189,-1,176
1,<environment.Job instance at 0x7fd0ea7ab2d0>,76,24,[ 5 13],77,-1,203,-1,179
1,<environment.Job instance at 0x7fd0eac520f0>,78,17,[ 3 11],79,-1,196,-1,179
1,<environment.Job instance at 0x7fd0e9ec0960>,0,28,[5 9],1,-1,29,-1,1
1,<environment.Job instance at 0x7fd0eb02cfa0>,3,14,[9 5],4,-1,18,-1,4
1,<environment.Job instance at 0x7fd0eb02cd20>,4,14,[ 1 10],5,-1,20,-1,6
1,<environment.Job instance at 0x7fd0eb02caa0>,6,28,[3 8],7,-1,35,-1,7
1,<environment.Job instance at 0x7fd0eb02c370>,8,16,[10  5],9,-1,25,-1,9
1,<environment.Job instance at 0x7fd0eb02c140>,10,16,[ 2 10],11,-1,28,-1,12
1,<environment.Job instance at 0x7fd0eb66ebe0>,13,16,[3 8],14,-1,30,-1,14
1,<environment.Job instance at 0x7fd0eb66ed20>,15,18,[ 4 11],16,-1,34,-1,16
1,<environment.Job instance at 0x7fd0eb66ea50>,16,27,[5 6],17,-1,44,-1,17
1,<environment.Job instance at 0x7fd0eb66e6e0>,18,24,[8 1],19,-1,43,-1,19
1,<environment.Job instance at 0x7fd0ea900730>,21,14,[ 4 11],22,-1,36,-1,22
1,<environment.Job instance at 0x7fd0eb665b40>,22,16,[4 6],23,-1,39,-1,23
1,<environment.Job instance at 0x7fd0eb665140>,24,14,[4 7],25,-1,39,-1,25
1,<environment.Job instance at 0x7fd0eb665640>,27,17,[5 4],28,-1,45,-1,28
1,<environment.Job instance at 0x7fd0eb6650a0>,29,18,[6 5],30,-1,48,-1,30
1,<environment.Job instance at 0x7fd0eb665b90>,30,14,[10  5],31,-1,45,-1,31
1,<environment.Job instance at 0x7fd0ea7997d0>,34,21,[6 5],35,-1,56,-1,35
1,<environment.Job instance at 0x7fd0ea7995a0>,36,16,[1 7],37,-1,53,-1,37
1,<environment.Job instance at 0x7fd0ea1d2820>,42,19,[1 9],43,-1,62,-1,43
1,<environment.Job instance at 0x7fd0ea1d2780>,43,16,[2 9],44,-1,60,-1,44
1,<environment.Job instance at 0x7fd0ea1d2910>,45,18,[10  4],46,-1,71,-1,53
1,<environment.Job instance at 0x7fd0ea799a50>,37,13,[13  2],38,-1,104,-1,91
1,<environment.Job instance at 0x7fd0ea7706e0>,54,16,[11  4],55,-1,107,-1,91
1,<environment.Job instance at 0x7fd0e9eca0f0>,55,19,[14  3],56,-1,110,-1,91
1,<environment.Job instance at 0x7fd0e9ecadc0>,56,28,[ 2 11],57,-1,119,-1,91
1,<environment.Job instance at 0x7fd0e9eca820>,57,17,[12  1],58,-1,110,-1,93
1,<environment.Job instance at 0x7fd0ea770e60>,51,28,[11  1],52,-1,121,-1,93
1,<environment.Job instance at 0x7fd0ea3e7cd0>,59,14,[13  3],60,-1,107,-1,93
1,<environment.Job instance at 0x7fd0e9eae910>,62,24,[ 2 12],63,-1,118,-1,94
1,<environment.Job instance at 0x7fd0ea770dc0>,53,16,[2 9],54,-1,110,-1,94
1,<environment.Job instance at 0x7fd0e9eae410>,63,21,[ 5 14],64,-1,118,-1,97
1,<environment.Job instance at 0x7fd0ea6b2d70>,67,18,[11  2],68,-1,115,-1,97
1,<environment.Job instance at 0x7fd0eabf7320>,69,17,[9 1],70,-1,117,-1,100
1,<environment.Job instance at 0x7fd0ead81f00>,68,3,[2 9],69,-1,103,-1,100
1,<environment.Job instance at 0x7fd0ea9c1460>,71,28,[6 3],72,-1,135,-1,107
1,<environment.Job instance at 0x7fd0ea35dd70>,72,22,[13  5],73,-1,129,-1,107
1,<environment.Job instance at 0x7fd0ea35daa0>,73,19,[ 3 11],74,-1,127,-1,108
1,<environment.Job instance at 0x7fd0ead44d20>,75,18,[9 5],76,-1,126,-1,108
1,<environment.Job instance at 0x7fd0eb01bd20>,79,17,[4 6],80,-1,131,-1,114
1,<environment.Job instance at 0x7fd0ea1595f0>,84,12,[ 4 10],85,-1,126,-1,114
1,<environment.Job instance at 0x7fd0ea159b40>,85,23,[14  1],86,-1,137,-1,114
1,<environment.Job instance at 0x7fd0ea159aa0>,86,16,[8 4],87,-1,130,-1,114
1,<environment.Job instance at 0x7fd0ea1d2b40>,47,13,[ 4 12],48,-1,127,-1,114
1,<environment.Job instance at 0x7fd0ea159a50>,83,15,[ 2 11],84,-1,130,-1,115
1,<environment.Job instance at 0x7fd0eacaae60>,90,13,[ 3 11],91,-1,128,-1,115
1,<environment.Job instance at 0x7fd0ea159fa0>,88,19,[4 9],89,-1,137,-1,118
1,<environment.Job instance at 0x7fd0eacaa910>,91,16,[6 4],92,-1,134,-1,118
1,<environment.Job instance at 0x7fd0ea05f5a0>,0,28,[5 9],1,-1,29,-1,1
1,<environment.Job instance at 0x7fd0eb411640>,6,28,[3 8],7,-1,42,-1,14
1,<environment.Job instance at 0x7fd0eb411320>,9,12,[12  1],10,-1,26,-1,14
1,<environment.Job instance at 0x7fd0eb411870>,15,18,[ 4 11],16,-1,46,-1,28
1,<environment.Job instance at 0x7fd0ea966960>,18,24,[8 1],19,-1,69,-1,45
1,<environment.Job instance at 0x7fd0ea966c80>,21,14,[ 4 11],22,-1,59,-1,45
1,<environment.Job instance at 0x7fd0eb411550>,16,27,[5 6],17,-1,85,-1,58
1,<environment.Job instance at 0x7fd0ea9666e0>,25,17,[ 5 13],26,-1,75,-1,58
1,<environment.Job instance at 0x7fd0ea9663c0>,26,12,[ 5 12],27,-1,70,-1,58
1,<environment.Job instance at 0x7fd0eac520a0>,35,16,[ 5 14],36,-1,107,-1,91
1,<environment.Job instance at 0x7fd0ea486640>,37,13,[13  2],38,-1,104,-1,91
1,<environment.Job instance at 0x7fd0eb6650f0>,47,13,[ 4 12],48,-1,146,-1,133
1,<environment.Job instance at 0x7fd0ea9004b0>,48,3,[13  3],49,-1,136,-1,133
1,<environment.Job instance at 0x7fd0ea799f00>,51,28,[11  1],52,-1,164,-1,136
1,<environment.Job instance at 0x7fd0ea1d2aa0>,54,16,[11  4],55,-1,155,-1,139
1,<environment.Job instance at 0x7fd0ea1597d0>,55,19,[14  3],56,-1,158,-1,139
1,<environment.Job instance at 0x7fd0ead44cd0>,56,28,[ 2 11],57,-1,167,-1,139
1,<environment.Job instance at 0x7fd0ead44af0>,57,17,[12  1],58,-1,156,-1,139
1,<environment.Job instance at 0x7fd0eb2803c0>,59,14,[13  3],60,-1,166,-1,152
1,<environment.Job instance at 0x7fd0ea0ddcd0>,62,24,[ 2 12],63,-1,181,-1,157
1,<environment.Job instance at 0x7fd0ea0ddd70>,63,21,[ 5 14],64,-1,178,-1,157
1,<environment.Job instance at 0x7fd0ea0dd500>,64,27,[ 4 14],65,-1,184,-1,157
1,<environment.Job instance at 0x7fd0ea937d20>,67,18,[11  2],68,-1,187,-1,169
1,<environment.Job instance at 0x7fd0eac9bc80>,2,18,[7 4],3,-1,21,-1,3
1,<environment.Job instance at 0x7fd0eb254c30>,6,25,[5 2],7,-1,32,-1,7
1,<environment.Job instance at 0x7fd0eb63cb40>,8,23,[10  2],9,-1,32,-1,9
1,<environment.Job instance at 0x7fd0ead06a00>,19,20,[12  4],20,-1,42,-1,22
1,<environment.Job instance at 0x7fd0ead06410>,21,17,[1 9],22,-1,39,-1,22
1,<environment.Job instance at 0x7fd0eb63c370>,16,21,[ 5 11],17,-1,118,-1,97
1,<environment.Job instance at 0x7fd0ea847eb0>,35,20,[2 9],36,-1,117,-1,97
1,<environment.Job instance at 0x7fd0eb239870>,0,2,[13  5],1,-1,3,-1,1
1,<environment.Job instance at 0x7fd0eb2396e0>,3,3,[12  1],4,-1,7,-1,4
1,<environment.Job instance at 0x7fd0ea88a690>,6,25,[5 2],7,-1,33,-1,8
1,<environment.Job instance at 0x7fd0ea88a370>,9,15,[11  5],10,-1,25,-1,10
1,<environment.Job instance at 0x7fd0ea88ab90>,10,24,[13  4],11,-1,35,-1,11
1,<environment.Job instance at 0x7fd0e9f7f4b0>,11,18,[ 2 13],12,-1,30,-1,12
1,<environment.Job instance at 0x7fd0e9f7f870>,12,27,[ 5 10],13,-1,40,-1,13
1,<environment.Job instance at 0x7fd0ea88a960>,8,23,[10  2],9,-1,37,-1,14
1,<environment.Job instance at 0x7fd0e9f7f9b0>,16,21,[ 5 11],17,-1,38,-1,17
1,<environment.Job instance at 0x7fd0e9f7f910>,19,20,[12  4],20,-1,40,-1,20
1,<environment.Job instance at 0x7fd0e9f7f6e0>,18,27,[4 9],19,-1,73,-1,46
1,<environment.Job instance at 0x7fd0e9f7fcd0>,23,18,[14  3],24,-1,64,-1,46
1,<environment.Job instance at 0x7fd0e9f7f500>,25,12,[ 5 13],26,-1,58,-1,46
1,<environment.Job instance at 0x7fd0e9f7f780>,26,26,[5 2],27,-1,73,-1,47
1,<environment.Job instance at 0x7fd0eb73d7d0>,28,24,[14  3],29,-1,71,-1,47
1,<environment.Job instance at 0x7fd0eb73d910>,30,12,[ 4 11],31,-1,59,-1,47
1,<environment.Job instance at 0x7fd0eb73d0f0>,33,3,[ 3 11],34,-1,64,-1,61
1,<environment.Job instance at 0x7fd0eb73d640>,37,24,[ 1 14],38,-1,98,-1,74
1,<environment.Job instance at 0x7fd0eb73deb0>,38,14,[ 1 11],39,-1,88,-1,74
1,<environment.Job instance at 0x7fd0eb73da00>,39,25,[6 2],40,-1,100,-1,75
1,<environment.Job instance at 0x7fd0eb73d320>,40,14,[13  2],41,-1,89,-1,75
1,<environment.Job instance at 0x7fd0eb73d550>,41,17,[11  4],42,-1,92,-1,75
1,<environment.Job instance at 0x7fd0eb73dbe0>,44,2,[ 4 11],45,-1,91,-1,89
1,<environment.Job instance at 0x7fd0eb714550>,48,1,[ 3 11],49,-1,106,-1,105
1,<environment.Job instance at 0x7fd0eb714050>,54,18,[ 4 14],55,-1,140,-1,122
1,<environment.Job instance at 0x7fd0eb714780>,56,25,[11  3],57,-1,158,-1,133
1,<environment.Job instance at 0x7fabd99c2b40>,2,18,[ 3 10],3,-1,21,-1,3
1,<environment.Job instance at 0x7fabd99c2e10>,5,18,[7 5],6,-1,25,-1,7
1,<environment.Job instance at 0x7fabd99c7050>,9,17,[8 1],10,-1,27,-1,10
1,<environment.Job instance at 0x7fabd99c7460>,13,15,[4 5],14,-1,29,-1,14
1,<environment.Job instance at 0x7fabd99c74b0>,15,20,[3 5],16,-1,36,-1,16
1,<environment.Job instance at 0x7fabd99c7550>,16,19,[ 3 10],17,-1,36,-1,17
1,<environment.Job instance at 0x7fabd99c2960>,4,24,[ 3 11],5,-1,29,-1,5
1,<environment.Job instance at 0x7fabd99bad20>,8,24,[ 2 10],9,-1,45,-1,21
1,<environment.Job instance at 0x7fabd9a95960>,12,13,[ 2 12],13,-1,34,-1,21
1,<environment.Job instance at 0x7fabd9af9870>,14,21,[ 3 11],15,-1,43,-1,22
1,<environment.Job instance at 0x7fabd9ae61e0>,17,18,[ 5 13],18,-1,40,-1,22
1,<environment.Job instance at 0x7fabd9be14b0>,20,21,[13  5],21,-1,56,-1,35
1,<environment.Job instance at 0x7fabd9a67690>,24,2,[ 3 12],25,-1,51,-1,49
1,<environment.Job instance at 0x7fabd9a84b90>,27,25,[14  4],28,-1,74,-1,49
1,<environment.Job instance at 0x7fabd9a84410>,29,24,[5 1],30,-1,89,-1,65
1,<environment.Job instance at 0x7fabd9b6fcd0>,40,18,[ 5 13],41,-1,133,-1,115
1,<environment.Job instance at 0x7fabd9a56870>,41,3,[14  5],42,-1,118,-1,115
1,<environment.Job instance at 0x7fabd9a560f0>,42,24,[ 4 14],43,-1,139,-1,115
1,<environment.Job instance at 0x7fabd9ae2a00>,45,28,[6 4],46,-1,156,-1,128
1,<environment.Job instance at 0x7fabd9ae2780>,46,17,[ 5 12],47,-1,145,-1,128
1,<environment.Job instance at 0x7fabd9ae2500>,48,25,[5 4],49,-1,157,-1,132
1,<environment.Job instance at 0x7fabd9ae2320>,49,23,[2 6],50,-1,155,-1,132
1,<environment.Job instance at 0x7fabd9ae2c30>,50,13,[12  1],51,-1,145,-1,132
1,<environment.Job instance at 0x7fabd9ae27d0>,51,24,[ 1 11],52,-1,156,-1,132
1,<environment.Job instance at 0x7fabd9b6a0f0>,52,27,[9 1],53,-1,159,-1,132
1,<environment.Job instance at 0x7fabd9115320>,8,17,[10  5],9,-1,27,-1,10
1,<environment.Job instance at 0x7fabd91155f0>,10,23,[5 8],11,-1,34,-1,11
1,<environment.Job instance at 0x7fabd9115af0>,11,21,[ 4 11],12,-1,33,-1,12
1,<environment.Job instance at 0x7fabd910dfa0>,14,28,[3 8],15,-1,43,-1,15
1,<environment.Job instance at 0x7fabd99de8c0>,0,12,[11  1],1,-1,13,-1,1
1,<environment.Job instance at 0x7fabd99de500>,1,12,[ 5 11],2,-1,14,-1,2
1,<environment.Job instance at 0x7fabd99de5f0>,4,2,[ 1 11],5,-1,7,-1,5
1,<environment.Job instance at 0x7fabd99de0f0>,11,21,[ 4 11],12,-1,33,-1,12
1,<environment.Job instance at 0x7fabd9a84d70>,12,2,[ 3 12],13,-1,15,-1,13
1,<environment.Job instance at 0x7fabd99de050>,10,23,[5 8],11,-1,41,-1,18
1,<environment.Job instance at 0x7fabd9a842d0>,14,28,[3 8],15,-1,46,-1,18
1,<environment.Job instance at 0x7fabd9a849b0>,15,24,[12  1],16,-1,42,-1,18
1,<environment.Job instance at 0x7fabd9a847d0>,16,14,[11  2],17,-1,32,-1,18
1,<environment.Job instance at 0x7fabd9a84a00>,17,27,[5 3],18,-1,45,-1,18
1,<environment.Job instance at 0x7fabd8fe3f00>,19,17,[ 5 11],20,-1,37,-1,20
1,<environment.Job instance at 0x7fabd9a84230>,21,27,[6 5],22,-1,53,-1,26
1,<environment.Job instance at 0x7fabd91c9b90>,22,18,[ 2 14],23,-1,44,-1,26
1,<environment.Job instance at 0x7fabd91c9d70>,23,2,[11  2],24,-1,28,-1,26
1,<environment.Job instance at 0x7fabd921de60>,24,18,[12  2],25,-1,44,-1,26
1,<environment.Job instance at 0x7fabd922d230>,26,17,[11  1],27,-1,44,-1,27
1,<environment.Job instance at 0x7fabd91c1910>,27,13,[ 4 12],28,-1,41,-1,28
1,<environment.Job instance at 0x7fabd91edf50>,28,17,[11  4],29,-1,46,-1,29
1,<environment.Job instance at 0x7fabd92c8eb0>,32,28,[7 4],33,-1,75,-1,47
1,<environment.Job instance at 0x7fabd9173140>,34,28,[4 5],35,-1,75,-1,47
1,<environment.Job instance at 0x7fabd9173910>,35,23,[8 3],36,-1,70,-1,47
1,<environment.Job instance at 0x7fabd9173320>,38,28,[9 1],39,-1,89,-1,61
1,<environment.Job instance at 0x7fabd91830f0>,42,16,[14  3],43,-1,82,-1,66
1,<environment.Job instance at 0x7fabd9183190>,43,12,[11  4],44,-1,78,-1,66
1,<environment.Job instance at 0x7fabd9183eb0>,44,15,[14  3],45,-1,81,-1,66
1,<environment.Job instance at 0x7fabd91ef190>,46,13,[ 5 13],47,-1,91,-1,78
1,<environment.Job instance at 0x7fabd91ef3c0>,50,24,[11  3],51,-1,103,-1,79
1,<environment.Job instance at 0x7fabd918ee60>,54,28,[13  3],55,-1,109,-1,81
1,<environment.Job instance at 0x7fabd9192dc0>,57,18,[ 1 13],58,-1,115,-1,97
1,<environment.Job instance at 0x7fabd9192a50>,58,24,[ 5 11],59,-1,121,-1,97
1,<environment.Job instance at 0x7fabd917f8c0>,61,16,[ 2 13],62,-1,116,-1,100
1,<environment.Job instance at 0x7fabd91955a0>,63,2,[ 5 11],64,-1,117,-1,115
1,<environment.Job instance at 0x7fabd9195780>,65,13,[11  1],66,-1,128,-1,115
1,<environment.Job instance at 0x7fabd918aa00>,73,12,[12  2],74,-1,168,-1,156
1,<environment.Job instance at 0x7fabd918a780>,72,23,[1 7],73,-1,180,-1,157
1,<environment.Job instance at 0x7fabd919ea00>,75,2,[14  3],76,-1,159,-1,157
1,<environment.Job instance at 0x7fabd919e050>,76,19,[ 3 14],77,-1,176,-1,157
1,<environment.Job instance at 0x7fabd92700f0>,77,2,[14  5],78,-1,159,-1,157
1,<environment.Job instance at 0x7fabd93e63c0>,80,12,[12  4],81,-1,173,-1,161
1,<environment.Job instance at 0x7fabd8f8d140>,0,27,[9 5],1,-1,28,-1,1
1,<environment.Job instance at 0x7fabd8f8dcd0>,3,18,[4 8],4,-1,22,-1,4
1,<environment.Job instance at 0x7fabd8f8dd70>,5,20,[6 4],6,-1,26,-1,6
1,<environment.Job instance at 0x7fabd8f8d3c0>,7,20,[1 9],8,-1,28,-1,8
1,<environment.Job instance at 0x7fabd8f8d320>,8,18,[ 3 10],9,-1,27,-1,9
1,<environment.Job instance at 0x7fabd8f8d5f0>,9,21,[6 1],10,-1,32,-1,11
1,<environment.Job instance at 0x7fabd8f8d2d0>,12,19,[11  4],13,-1,32,-1,13
1,<environment.Job instance at 0x7fabe3035050>,13,27,[9 1],14,-1,41,-1,14
1,<environment.Job instance at 0x7fabe30358c0>,14,21,[3 9],15,-1,36,-1,15
1,<environment.Job instance at 0x7fabe3035230>,15,22,[7 4],16,-1,38,-1,16
1,<environment.Job instance at 0x7fabe30354b0>,17,17,[8 5],18,-1,35,-1,18
1,<environment.Job instance at 0x7fabe3035e60>,21,17,[2 6],22,-1,44,-1,27
1,<environment.Job instance at 0x7fabe3035370>,22,16,[ 1 11],23,-1,64,-1,48
1,<environment.Job instance at 0x7fabe3035550>,23,26,[12  3],24,-1,78,-1,52
1,<environment.Job instance at 0x7fabe30352d0>,34,18,[6 3],35,-1,70,-1,52
1,<environment.Job instance at 0x7fabe3034a50>,35,18,[9 2],36,-1,70,-1,52
1,<environment.Job instance at 0x7fabe3034e60>,42,23,[2 8],43,-1,101,-1,78
1,<environment.Job instance at 0x7fabda330460>,0,27,[9 5],1,-1,28,-1,1
1,<environment.Job instance at 0x7fabd9e5a460>,6,28,[ 3 14],7,-1,35,-1,7
1,<environment.Job instance at 0x7fabd9404be0>,12,19,[11  4],13,-1,46,-1,27
1,<environment.Job instance at 0x7fabda2a9320>,16,2,[14  3],17,-1,49,-1,47
1,<environment.Job instance at 0x7fabd95e4c30>,18,27,[ 2 12],19,-1,74,-1,47
1,<environment.Job instance at 0x7fabd9404dc0>,13,27,[9 1],14,-1,74,-1,47
1,<environment.Job instance at 0x7fabd93eebe0>,20,13,[14  4],21,-1,60,-1,47
1,<environment.Job instance at 0x7fabda170b90>,22,16,[ 1 11],23,-1,63,-1,47
1,<environment.Job instance at 0x7fabda170b40>,23,26,[12  3],24,-1,73,-1,47
1,<environment.Job instance at 0x7fabd93e8fa0>,25,17,[ 4 13],26,-1,64,-1,47
1,<environment.Job instance at 0x7fabd93e8be0>,27,28,[1 9],28,-1,91,-1,63
1,<environment.Job instance at 0x7fabd93e8c80>,28,26,[7 3],29,-1,89,-1,63
1,<environment.Job instance at 0x7fabda1a2870>,33,18,[14  3],34,-1,94,-1,76
1,<environment.Job instance at 0x7fabe2b7f6e0>,38,25,[9 1],39,-1,133,-1,108
1,<environment.Job instance at 0x7fabd952a640>,43,16,[11  1],44,-1,142,-1,126
1,<environment.Job instance at 0x7fabd94d6050>,45,14,[11  5],46,-1,140,-1,126
1,<environment.Job instance at 0x7fabd94d6870>,46,13,[ 1 11],47,-1,139,-1,126
1,<environment.Job instance at 0x7fabd952a6e0>,42,23,[2 8],43,-1,150,-1,127
1,<environment.Job instance at 0x7fabd9a710f0>,48,25,[6 1],49,-1,152,-1,127
1,<environment.Job instance at 0x7fabd9820c30>,49,15,[ 3 12],50,-1,142,-1,127
1,<environment.Job instance at 0x7fabd94d6fa0>,50,18,[13  2],51,-1,145,-1,127
1,<environment.Job instance at 0x7fabd97e5500>,53,28,[11  3],54,-1,156,-1,128
1,<environment.Job instance at 0x7fabd97e51e0>,55,28,[ 4 10],56,-1,171,-1,143
1,<environment.Job instance at 0x7fabd93ec190>,61,16,[ 5 13],62,-1,161,-1,145
1,<environment.Job instance at 0x7fabd93ecaa0>,63,24,[5 6],64,-1,184,-1,160
1,<environment.Job instance at 0x7fabd91fe500>,66,14,[ 3 14],67,-1,174,-1,160
1,<environment.Job instance at 0x7fabd9259aa0>,67,24,[3 9],68,-1,202,-1,178
1,<environment.Job instance at 0x7fabd9473e10>,70,12,[ 2 12],71,-1,190,-1,178
1,<environment.Job instance at 0x7fabd9254460>,72,1,[ 2 11],73,-1,179,-1,178
1,<environment.Job instance at 0x7fabd9254190>,73,27,[ 3 14],74,-1,205,-1,178
1,<environment.Job instance at 0x7fabd91f3780>,76,28,[5 2],77,-1,211,-1,183
1,<environment.Job instance at 0x7fabd91f36e0>,77,28,[13  5],78,-1,211,-1,183
1,<environment.Job instance at 0x7fabd93d5d70>,1,14,[9 5],2,-1,18,-1,4
1,<environment.Job instance at 0x7fabd93eb6e0>,3,17,[14  3],4,-1,21,-1,4
1,<environment.Job instance at 0x7fabd93d5370>,4,28,[5 5],5,-1,33,-1,5
1,<environment.Job instance at 0x7fabd93eb5f0>,8,19,[ 5 10],9,-1,29,-1,10
1,<environment.Job instance at 0x7fabd93eb3c0>,13,16,[5 5],14,-1,44,-1,28
1,<environment.Job instance at 0x7fabd9411640>,0,2,[11  4],1,-1,3,-1,1
1,<environment.Job instance at 0x7fabd9601e60>,3,17,[14  3],4,-1,21,-1,4
1,<environment.Job instance at 0x7fabd9411af0>,4,28,[5 5],5,-1,33,-1,5
1,<environment.Job instance at 0x7fabd9601b40>,5,19,[ 1 12],6,-1,25,-1,6
1,<environment.Job instance at 0x7fabd9411d70>,7,2,[ 4 13],8,-1,10,-1,8
1,<environment.Job instance at 0x7fabda15ec30>,10,28,[ 1 12],11,-1,39,-1,11
1,<environment.Job instance at 0x7fabda15e140>,11,15,[13  1],12,-1,27,-1,12
1,<environment.Job instance at 0x7fabda15ebe0>,12,2,[ 5 12],13,-1,15,-1,13
1,<environment.Job instance at 0x7fabda15e4b0>,14,12,[ 4 13],15,-1,27,-1,15
1,<environment.Job instance at 0x7fabda15e5f0>,6,24,[10  2],7,-1,40,-1,16
1,<environment.Job instance at 0x7fabda0df6e0>,15,24,[5 3],16,-1,40,-1,16
1,<environment.Job instance at 0x7fabd940deb0>,18,3,[12  3],19,-1,22,-1,19
1,<environment.Job instance at 0x7fabd940d3c0>,20,12,[13  4],21,-1,33,-1,21
1,<environment.Job instance at 0x7fabd99c6e60>,25,15,[13  4],26,-1,43,-1,28
1,<environment.Job instance at 0x7fabd93a7140>,29,26,[14  4],30,-1,71,-1,45
1,<environment.Job instance at 0x7fabd93a7190>,32,18,[14  1],33,-1,64,-1,46
1,<environment.Job instance at 0x7fabd93a7b90>,33,24,[9 2],34,-1,72,-1,48
1,<environment.Job instance at 0x7fabd93a7640>,35,15,[ 5 11],36,-1,63,-1,48
1,<environment.Job instance at 0x7fabd93a71e0>,36,27,[2 7],37,-1,89,-1,62
1,<environment.Job instance at 0x7fabd94156e0>,38,16,[ 3 12],39,-1,78,-1,62
1,<environment.Job instance at 0x7fabd9415230>,39,12,[ 3 12],40,-1,74,-1,62
1,<environment.Job instance at 0x7fabd9415f00>,40,13,[ 3 12],41,-1,75,-1,62
1,<environment.Job instance at 0x7fabd911ab40>,42,25,[11  2],43,-1,87,-1,62
1,<environment.Job instance at 0x7fabd911a960>,43,1,[ 1 14],44,-1,63,-1,62
1,<environment.Job instance at 0x7fabd9473960>,41,24,[ 4 10],42,-1,98,-1,74
1,<environment.Job instance at 0x7fabd97e5460>,49,14,[ 2 11],50,-1,100,-1,86
1,<environment.Job instance at 0x7fabd94d6050>,63,13,[12  5],64,-1,149,-1,136
1,<environment.Job instance at 0x7fabda1a2cd0>,67,28,[10  3],68,-1,183,-1,155
1,<environment.Job instance at 0x7fabd93e8c80>,71,16,[12  2],72,-1,186,-1,170
1,<environment.Job instance at 0x7fabd93eebe0>,72,15,[ 5 12],73,-1,185,-1,170
1,<environment.Job instance at 0x7fabd93e8fa0>,74,2,[13  3],75,-1,178,-1,176
1,<environment.Job instance at 0x7fabd9821730>,76,15,[13  3],77,-1,193,-1,178
1,<environment.Job instance at 0x7fabd952a050>,0,20,[9 4],1,-1,21,-1,1
1,<environment.Job instance at 0x7fabd9e1bcd0>,3,16,[3 8],4,-1,20,-1,4
1,<environment.Job instance at 0x7fabd9449d20>,6,17,[1 8],7,-1,25,-1,8
1,<environment.Job instance at 0x7fabd9e131e0>,8,19,[ 4 11],9,-1,28,-1,9
1,<environment.Job instance at 0x7fabd9e136e0>,9,24,[9 5],10,-1,34,-1,10
1,<environment.Job instance at 0x7fabd9e13c30>,11,16,[ 3 10],12,-1,28,-1,12
1,<environment.Job instance at 0x7fabd9e13d70>,12,16,[5 7],13,-1,29,-1,13
1,<environment.Job instance at 0x7fabd9e1ba50>,16,14,[ 4 12],17,-1,31,-1,17
1,<environment.Job instance at 0x7fabd9e38690>,20,19,[2 8],21,-1,40,-1,21
1,<environment.Job instance at 0x7fabd9e20d70>,21,17,[ 5 11],22,-1,39,-1,22
1,<environment.Job instance at 0x7fabd9411230>,7,16,[6 2],8,-1,38,-1,22
1,<environment.Job instance at 0x7fabd9393690>,31,25,[1 6],32,-1,112,-1,87
1,<environment.Job instance at 0x7fabd93947d0>,25,20,[ 1 13],26,-1,107,-1,87
1,<environment.Job instance at 0x7fabd9410050>,41,19,[ 5 13],42,-1,111,-1,92
1,<environment.Job instance at 0x7fabda516c80>,38,26,[13  1],39,-1,118,-1,92
1,<environment.Job instance at 0x7fabd9e21690>,43,25,[3 9],44,-1,118,-1,93
1,<environment.Job instance at 0x7fabda50eaa0>,46,16,[5 5],47,-1,110,-1,94
1,<environment.Job instance at 0x7fabd93931e0>,29,23,[ 3 10],30,-1,117,-1,94
1,<environment.Job instance at 0x7fabda50e6e0>,47,17,[ 3 10],48,-1,112,-1,95
1,<environment.Job instance at 0x7fabd93fcd70>,50,18,[1 5],51,-1,113,-1,95
1,<environment.Job instance at 0x7fabd9e21230>,44,16,[ 3 10],45,-1,111,-1,95
1,<environment.Job instance at 0x7fabd9402f50>,51,18,[9 5],52,-1,113,-1,95
1,<environment.Job instance at 0x7fabd93f0410>,54,13,[11  4],55,-1,111,-1,98
1,<environment.Job instance at 0x7fabda50e050>,45,18,[5 5],46,-1,126,-1,108
1,<environment.Job instance at 0x7fabd93f0b90>,60,16,[8 3],61,-1,124,-1,108
1,<environment.Job instance at 0x7fabd93f0c80>,62,23,[9 4],63,-1,131,-1,108
1,<environment.Job instance at 0x7fabd93f0870>,63,21,[8 2],64,-1,129,-1,108
1,<environment.Job instance at 0x7fabd93f0aa0>,66,17,[11  2],67,-1,125,-1,108
1,<environment.Job instance at 0x7fabd93f80f0>,67,18,[5 5],68,-1,128,-1,110
1,<environment.Job instance at 0x7fabda0c44b0>,2,12,[11  5],3,-1,15,-1,3
1,<environment.Job instance at 0x7fabda0c4d20>,5,25,[12  1],6,-1,31,-1,6
1,<environment.Job instance at 0x7fabd9b21dc0>,8,19,[ 4 11],9,-1,28,-1,9
1,<environment.Job instance at 0x7fabd963f280>,9,24,[9 5],10,-1,45,-1,21
1,<environment.Job instance at 0x7fabd963fe10>,16,14,[ 4 12],17,-1,51,-1,37
1,<environment.Job instance at 0x7fabd963fd20>,18,27,[ 2 11],19,-1,65,-1,38
1,<environment.Job instance at 0x7fabd9d19230>,21,17,[ 5 11],22,-1,56,-1,39
1,<environment.Job instance at 0x7fabd9dfabe0>,22,16,[12  1],23,-1,55,-1,39
1,<environment.Job instance at 0x7fabd9d015f0>,25,20,[ 1 13],26,-1,62,-1,42
1,<environment.Job instance at 0x7fabd9dfaf00>,23,26,[9 2],24,-1,96,-1,70
1,<environment.Job instance at 0x7fabd9c1c050>,29,23,[ 3 10],30,-1,97,-1,74
1,<environment.Job instance at 0x7fabd9dc96e0>,31,25,[1 6],32,-1,99,-1,74
1,<environment.Job instance at 0x7fabd9dc9870>,33,24,[1 9],34,-1,98,-1,74
1,<environment.Job instance at 0x7fabd9dc9f00>,38,26,[13  1],39,-1,115,-1,89
1,<environment.Job instance at 0x7fabd9edacd0>,41,19,[ 5 13],42,-1,115,-1,96
1,<environment.Job instance at 0x7fabd9d02d20>,43,25,[3 9],44,-1,135,-1,110
1,<environment.Job instance at 0x7fabda04f230>,54,13,[11  4],55,-1,180,-1,167
1,<environment.Job instance at 0x7fabd9b752d0>,56,16,[ 2 13],57,-1,185,-1,169
1,<environment.Job instance at 0x7fabda4b9a50>,64,21,[ 5 13],65,-1,206,-1,185
1,<environment.Job instance at 0x7fabd937caa0>,0,20,[ 1 10],1,-1,22,-1,2
1,<environment.Job instance at 0x7fabd937cd20>,2,25,[5 3],3,-1,28,-1,3
1,<environment.Job instance at 0x7fabda51fdc0>,3,18,[3 8],4,-1,22,-1,4
1,<environment.Job instance at 0x7fabd9df9640>,1,18,[2 7],2,-1,22,-1,4
1,<environment.Job instance at 0x7fabda51f640>,5,14,[ 4 10],6,-1,21,-1,7
1,<environment.Job instance at 0x7fabda51fa00>,6,15,[4 8],7,-1,22,-1,7
1,<environment.Job instance at 0x7fabda51fb90>,13,28,[5 1],14,-1,42,-1,14
1,<environment.Job instance at 0x7fabda51f8c0>,14,22,[8 3],15,-1,37,-1,15
1,<environment.Job instance at 0x7fabda51fb40>,11,17,[ 1 10],12,-1,33,-1,16
1,<environment.Job instance at 0x7fabd944bd70>,25,17,[11  4],26,-1,43,-1,26
1,<environment.Job instance at 0x7fabda51f500>,17,21,[9 1],18,-1,48,-1,27
1,<environment.Job instance at 0x7fabd93f04b0>,2,25,[5 3],3,-1,28,-1,3
1,<environment.Job instance at 0x7fabe2f481e0>,8,16,[ 1 12],9,-1,37,-1,21
1,<environment.Job instance at 0x7fabd9e688c0>,9,15,[13  4],10,-1,36,-1,21
1,<environment.Job instance at 0x7fabd9e30960>,10,2,[ 1 13],11,-1,23,-1,21
1,<environment.Job instance at 0x7fabd93a7140>,12,28,[ 2 14],13,-1,51,-1,23
1,<environment.Job instance at 0x7fabda51f140>,13,28,[5 1],14,-1,64,-1,36
1,<environment.Job instance at 0x7fabd986d640>,16,21,[ 1 11],17,-1,57,-1,36
1,<environment.Job instance at 0x7fabd937cbe0>,22,26,[2 9],23,-1,80,-1,54
1,<environment.Job instance at 0x7fabd97e12d0>,24,1,[ 2 13],25,-1,55,-1,54
1,<environment.Job instance at 0x7fabd8f5c690>,25,17,[11  4],26,-1,71,-1,54
1,<environment.Job instance at 0x7fabd98630f0>,26,27,[ 4 13],27,-1,81,-1,54
1,<environment.Job instance at 0x7fabd9410190>,27,15,[14  1],28,-1,69,-1,54
1,<environment.Job instance at 0x7fabd93a7190>,7,27,[ 2 10],8,-1,86,-1,59
1,<environment.Job instance at 0x7fabd93fcaa0>,31,26,[ 4 10],32,-1,99,-1,73
1,<environment.Job instance at 0x7fabd9e3bbe0>,35,25,[5 5],36,-1,111,-1,86
1,<environment.Job instance at 0x7fabd9a2ec30>,38,15,[12  4],39,-1,105,-1,90
1,<environment.Job instance at 0x7fabd985ff00>,39,27,[10  3],40,-1,117,-1,90
1,<environment.Job instance at 0x7fabd9a71b40>,40,1,[ 1 11],41,-1,91,-1,90
1,<environment.Job instance at 0x7fabd9a71910>,41,18,[ 2 12],42,-1,108,-1,90
1,<environment.Job instance at 0x7fabd940b370>,42,22,[ 2 11],43,-1,112,-1,90
1,<environment.Job instance at 0x7fabd9f2d370>,43,23,[8 4],44,-1,113,-1,90
1,<environment.Job instance at 0x7fabd9e3bd70>,36,26,[2 9],37,-1,116,-1,90
1,<environment.Job instance at 0x7fabda5021e0>,45,28,[ 4 10],46,-1,131,-1,103
1,<environment.Job instance at 0x7fabd929f280>,48,24,[2 6],49,-1,127,-1,103
1,<environment.Job instance at 0x7fabda3fd5f0>,54,1,[11  5],55,-1,126,-1,125
1,<environment.Job instance at 0x7fabd93fb050>,55,14,[ 5 14],56,-1,139,-1,125
1,<environment.Job instance at 0x7fabd99c66e0>,57,25,[9 2],58,-1,164,-1,139
1,<environment.Job instance at 0x7fabda518500>,52,27,[ 2 10],53,-1,166,-1,139
1,<environment.Job instance at 0x7fabda192280>,59,2,[ 5 13],60,-1,141,-1,139
1,<environment.Job instance at 0x7fabda192eb0>,62,13,[ 5 13],63,-1,155,-1,142
1,<environment.Job instance at 0x7fabd9c7f230>,65,24,[5 1],66,-1,179,-1,155
1,<environment.Job instance at 0x7fabd9c7f5a0>,66,13,[ 5 12],67,-1,168,-1,155
1,<environment.Job instance at 0x7fabd934b0a0>,68,23,[1 8],69,-1,193,-1,170
1,<environment.Job instance at 0x7fabd9c7f370>,69,28,[ 2 10],70,-1,198,-1,170
1,<environment.Job instance at 0x7fabd96d0190>,72,21,[ 3 14],73,-1,196,-1,175
1,<environment.Job instance at 0x7fabd96bab90>,0,16,[7 3],1,-1,18,-1,2
1,<environment.Job instance at 0x7fabd958af50>,2,16,[1 8],3,-1,19,-1,3
1,<environment.Job instance at 0x7fabd9673a50>,3,28,[4 6],4,-1,32,-1,4
1,<environment.Job instance at 0x7fabd9673b90>,4,26,[2 6],5,-1,31,-1,5
1,<environment.Job instance at 0x7fabd9673eb0>,5,20,[9 3],6,-1,26,-1,6
1,<environment.Job instance at 0x7fabd9fc6f50>,13,26,[8 2],14,-1,40,-1,14
1,<environment.Job instance at 0x7fabd9461aa0>,14,26,[5 7],15,-1,41,-1,15
1,<environment.Job instance at 0x7fabd9690fa0>,18,15,[2 6],19,-1,34,-1,19
1,<environment.Job instance at 0x7fabd9696410>,26,16,[ 2 13],27,-1,46,-1,30
1,<environment.Job instance at 0x7fabd9e11050>,6,15,[14  4],7,-1,22,-1,7
1,<environment.Job instance at 0x7fabd8f63fa0>,7,13,[13  5],8,-1,21,-1,8
1,<environment.Job instance at 0x7fabd938a0a0>,3,28,[4 6],4,-1,42,-1,14
1,<environment.Job instance at 0x7fabd9e11910>,4,26,[2 6],5,-1,40,-1,14
1,<environment.Job instance at 0x7fabda4f05a0>,12,1,[ 1 13],13,-1,15,-1,14
1,<environment.Job instance at 0x7fabda4f0870>,13,26,[8 2],14,-1,43,-1,17
1,<environment.Job instance at 0x7fabd91dbe60>,16,26,[11  1],17,-1,43,-1,17
1,<environment.Job instance at 0x7fabd91db690>,14,26,[5 7],15,-1,53,-1,27
1,<environment.Job instance at 0x7fabd9224eb0>,22,18,[ 1 12],23,-1,51,-1,33
1,<environment.Job instance at 0x7fabd92a5820>,23,15,[ 3 11],24,-1,48,-1,33
1,<environment.Job instance at 0x7fabd92a5640>,24,24,[1 5],25,-1,63,-1,39
1,<environment.Job instance at 0x7fabd92a5730>,26,16,[ 2 13],27,-1,55,-1,39
1,<environment.Job instance at 0x7fabd91195f0>,27,21,[ 4 13],28,-1,60,-1,39
1,<environment.Job instance at 0x7fabd92a5280>,25,23,[6 3],26,-1,69,-1,46
1,<environment.Job instance at 0x7fabd9119dc0>,30,27,[13  3],31,-1,73,-1,46
1,<environment.Job instance at 0x7fabd9cf5fa0>,31,24,[3 9],32,-1,79,-1,55
1,<environment.Job instance at 0x7fabd9dd3230>,33,23,[14  1],34,-1,78,-1,55
1,<environment.Job instance at 0x7fabe2b3fcd0>,34,27,[11  2],35,-1,82,-1,55
1,<environment.Job instance at 0x7fabd934b0a0>,37,22,[ 3 14],38,-1,79,-1,57
1,<environment.Job instance at 0x7fabd9ed1d20>,38,15,[13  2],39,-1,72,-1,57
1,<environment.Job instance at 0x7fabd98f40a0>,39,16,[11  3],40,-1,73,-1,57
1,<environment.Job instance at 0x7fabda192eb0>,43,1,[13  2],44,-1,84,-1,83
1,<environment.Job instance at 0x7fabda3fd5f0>,49,28,[13  5],50,-1,128,-1,100
1,<environment.Job instance at 0x7fabd93fb050>,50,27,[6 1],51,-1,133,-1,106
1,<environment.Job instance at 0x7fabd99c60f0>,52,17,[ 5 11],53,-1,123,-1,106
1,<environment.Job instance at 0x7fabd916e5a0>,56,24,[14  3],57,-1,153,-1,129
1,<environment.Job instance at 0x7fabd985f140>,57,1,[ 1 14],58,-1,130,-1,129
1,<environment.Job instance at 0x7fabd9c75a50>,58,24,[10  2],59,-1,159,-1,135
1,<environment.Job instance at 0x7fabd96c4140>,60,3,[ 2 14],61,-1,138,-1,135
1,<environment.Job instance at 0x7fabd96b97d0>,62,19,[11  3],63,-1,154,-1,135
1,<environment.Job instance at 0x7fabd97e12d0>,63,18,[ 5 11],64,-1,153,-1,135
1,<environment.Job instance at 0x7fabd90c2500>,64,21,[12  1],65,-1,156,-1,135
1,<environment.Job instance at 0x7fabd9821730>,65,18,[12  4],66,-1,153,-1,135
1,<environment.Job instance at 0x7fabe2f481e0>,66,26,[1 9],67,-1,169,-1,143
1,<environment.Job instance at 0x7fabd9e30960>,69,26,[13  5],70,-1,169,-1,143
1,<environment.Job instance at 0x7fabd93a7140>,70,25,[13  3],71,-1,168,-1,143
1,<environment.Job instance at 0x7fabd93a7f50>,72,13,[ 3 12],73,-1,164,-1,151
1,<environment.Job instance at 0x7fabd8fdf190>,75,13,[12  1],76,-1,172,-1,159
1,<environment.Job instance at 0x7fabd93af230>,76,16,[ 5 11],77,-1,175,-1,159
1,<environment.Job instance at 0x7fabd9e139b0>,77,16,[11  4],78,-1,175,-1,159
1,<environment.Job instance at 0x7fabd9e380a0>,78,24,[3 5],79,-1,183,-1,159
1,<environment.Job instance at 0x7fabd9e24dc0>,80,19,[ 5 13],81,-1,178,-1,159
1,<environment.Job instance at 0x7fabd9e242d0>,81,24,[2 5],82,-1,186,-1,162
1,<environment.Job instance at 0x7fabd9e24280>,85,26,[ 3 12],86,-1,193,-1,167
1,<environment.Job instance at 0x7fabd9863910>,86,26,[9 2],87,-1,193,-1,167
1,<environment.Job instance at 0x7fabd98638c0>,88,16,[13  4],89,-1,183,-1,167
1,<environment.Job instance at 0x7fabd9976d70>,89,28,[2 7],90,-1,196,-1,168
1,<environment.Job instance at 0x7fabe2f04f00>,92,17,[ 3 13],93,-1,193,-1,176
1,<environment.Job instance at 0x7fabd918aa50>,93,28,[3 7],94,-1,208,-1,180
1,<environment.Job instance at 0x7fabd9410190>,94,20,[11  2],95,-1,200,-1,180
1,<environment.Job instance at 0x7fabda1a2cd0>,10,15,[10  4],11,-1,27,-1,12
1,<environment.Job instance at 0x7fabda0a7cd0>,23,13,[ 2 14],24,-1,52,-1,39
1,<environment.Job instance at 0x7fabda0a7280>,24,23,[10  1],25,-1,75,-1,52
1,<environment.Job instance at 0x7fabda1a2b40>,17,20,[4 8],18,-1,72,-1,52
1,<environment.Job instance at 0x7fabda0a7190>,37,16,[11  4],38,-1,169,-1,153
1,<environment.Job instance at 0x7fabda0a7230>,30,23,[ 5 10],31,-1,176,-1,153
1,<environment.Job instance at 0x7fabda1a2190>,16,24,[11  5],17,-1,177,-1,153
1,<environment.Job instance at 0x7fabda0a7e10>,36,1,[ 1 14],37,-1,154,-1,153
1,<environment.Job instance at 0x7fabd93930f0>,2,13,[ 4 14],3,-1,16,-1,3
1,<environment.Job instance at 0x7fabda3dc640>,7,1,[ 4 12],8,-1,9,-1,8
1,<environment.Job instance at 0x7fabd99956e0>,9,16,[13  1],10,-1,26,-1,10
1,<environment.Job instance at 0x7fabd9f716e0>,12,3,[13  2],13,-1,16,-1,13
1,<environment.Job instance at 0x7fabd9006550>,13,28,[ 1 14],14,-1,42,-1,14
1,<environment.Job instance at 0x7fabd930b870>,14,18,[ 2 14],15,-1,33,-1,15
1,<environment.Job instance at 0x7fabd91f8e60>,16,24,[11  5],17,-1,43,-1,19
1,<environment.Job instance at 0x7fabe3034af0>,15,25,[ 4 10],16,-1,46,-1,21
1,<environment.Job instance at 0x7fabda538550>,19,27,[2 9],20,-1,48,-1,21
1,<environment.Job instance at 0x7fabda18d280>,23,13,[ 2 14],24,-1,47,-1,34
1,<environment.Job instance at 0x7fabd9e168c0>,24,23,[10  1],25,-1,60,-1,37
1,<environment.Job instance at 0x7fabda18dc80>,26,14,[14  4],27,-1,51,-1,37
1,<environment.Job instance at 0x7fabd918a820>,27,13,[ 5 14],28,-1,50,-1,37
1,<environment.Job instance at 0x7fabd9976d70>,28,27,[3 9],29,-1,81,-1,54
1,<environment.Job instance at 0x7fabd9863730>,31,17,[ 1 11],32,-1,71,-1,54
1,<environment.Job instance at 0x7fabda18d960>,29,28,[3 8],30,-1,82,-1,54
1,<environment.Job instance at 0x7fabd9863f00>,33,1,[ 4 13],34,-1,55,-1,54
1,<environment.Job instance at 0x7fabd9863550>,34,3,[ 5 13],35,-1,57,-1,54
1,<environment.Job instance at 0x7fabd98638c0>,30,23,[ 5 10],31,-1,77,-1,54
1,<environment.Job instance at 0x7fabd9e6ec80>,36,1,[ 1 14],37,-1,55,-1,54
1,<environment.Job instance at 0x7fabd931b190>,37,16,[11  4],38,-1,70,-1,54
1,<environment.Job instance at 0x7fabd934b0a0>,41,16,[13  2],42,-1,86,-1,70
1,<environment.Job instance at 0x7fabda3fd5f0>,42,14,[ 2 13],43,-1,84,-1,70
1,<environment.Job instance at 0x7fabd96d0e60>,43,18,[13  1],44,-1,88,-1,70
1,<environment.Job instance at 0x7fabd96d0190>,44,21,[ 2 12],45,-1,91,-1,70
1,<environment.Job instance at 0x7fabd98f4550>,46,26,[13  3],47,-1,99,-1,73
1,<environment.Job instance at 0x7fabd91196e0>,47,24,[12  5],48,-1,97,-1,73
1,<environment.Job instance at 0x7fabd98f44b0>,49,27,[7 3],50,-1,113,-1,86
1,<environment.Job instance at 0x7fabd92a5be0>,53,21,[11  1],54,-1,125,-1,104
1,<environment.Job instance at 0x7fabd9582dc0>,55,18,[11  1],56,-1,126,-1,108
1,<environment.Job instance at 0x7fabd941f500>,59,13,[ 1 12],60,-1,134,-1,121
1,<environment.Job instance at 0x7fabda1a2550>,66,24,[ 2 12],67,-1,162,-1,138
1,<environment.Job instance at 0x7fabd90d1550>,72,25,[3 6],73,-1,198,-1,173
1,<environment.Job instance at 0x7fabd9b2c280>,74,16,[ 5 12],75,-1,189,-1,173
1,<environment.Job instance at 0x7fabd96c8230>,77,12,[11  4],78,-1,198,-1,186
1,<environment.Job instance at 0x7fabd8e675f0>,0,23,[4 5],1,-1,24,-1,1
1,<environment.Job instance at 0x7fabd8e670f0>,1,17,[8 5],2,-1,19,-1,2
1,<environment.Job instance at 0x7fabd8e05730>,19,27,[8 5],20,-1,47,-1,20
1,<environment.Job instance at 0x7fabd8e05820>,16,19,[ 5 10],17,-1,41,-1,22
1,<environment.Job instance at 0x7fabd9b2c500>,0,23,[4 5],1,-1,24,-1,1
1,<environment.Job instance at 0x7fabd9efbe10>,3,22,[ 2 12],4,-1,26,-1,4
1,<environment.Job instance at 0x7fabd9e476e0>,4,17,[12  5],5,-1,22,-1,5
1,<environment.Job instance at 0x7fabe3034af0>,5,28,[11  4],6,-1,34,-1,6
1,<environment.Job instance at 0x7fabd8eb4370>,7,12,[ 4 14],8,-1,20,-1,8
1,<environment.Job instance at 0x7fabd8ed5f00>,12,28,[1 7],13,-1,47,-1,19
1,<environment.Job instance at 0x7fabd8ed5410>,14,18,[13  2],15,-1,37,-1,19
1,<environment.Job instance at 0x7fabd8ed47d0>,19,27,[8 5],20,-1,64,-1,37
1,<environment.Job instance at 0x7fabd8ecf0a0>,21,25,[ 1 12],22,-1,62,-1,37
1,<environment.Job instance at 0x7fabd8ecfaa0>,23,1,[ 2 13],24,-1,38,-1,37
1,<environment.Job instance at 0x7fabe2ba3af0>,25,17,[13  3],26,-1,57,-1,40
1,<environment.Job instance at 0x7fabe2ba3960>,26,26,[5 4],27,-1,74,-1,48
1,<environment.Job instance at 0x7fabd8eea410>,27,18,[ 1 11],28,-1,66,-1,48
1,<environment.Job instance at 0x7fabd8eea820>,28,13,[ 2 12],29,-1,61,-1,48
1,<environment.Job instance at 0x7fabd985e550>,34,26,[8 5],35,-1,87,-1,61
1,<environment.Job instance at 0x7fabd985e280>,35,25,[5 5],36,-1,86,-1,61
1,<environment.Job instance at 0x7fabe2b828c0>,36,26,[8 5],37,-1,87,-1,61
1,<environment.Job instance at 0x7fabe2b933c0>,39,3,[ 2 13],40,-1,64,-1,61
1,<environment.Job instance at 0x7fabe2b931e0>,41,23,[2 9],42,-1,84,-1,61
1,<environment.Job instance at 0x7fabe2b93280>,44,15,[ 3 11],45,-1,76,-1,61
1,<environment.Job instance at 0x7fabe2b74640>,45,20,[ 4 12],46,-1,81,-1,61
1,<environment.Job instance at 0x7fabe2b74870>,46,28,[5 8],47,-1,95,-1,67
1,<environment.Job instance at 0x7fabe2bb1820>,47,17,[ 3 14],48,-1,84,-1,67
1,<environment.Job instance at 0x7fabe2bb17d0>,48,27,[ 3 10],49,-1,94,-1,67
1,<environment.Job instance at 0x7fabda3f5910>,52,2,[14  1],53,-1,83,-1,81
1,<environment.Job instance at 0x7fabda55f730>,55,25,[2 8],56,-1,123,-1,98
1,<environment.Job instance at 0x7fabe2b89910>,59,2,[ 5 11],60,-1,116,-1,114
1,<environment.Job instance at 0x7fabd9d6b730>,66,24,[14  3],67,-1,183,-1,159
1,<environment.Job instance at 0x7fabda2a0a00>,69,2,[13  4],70,-1,173,-1,171
1,<environment.Job instance at 0x7fabda2a00f0>,70,22,[12  2],71,-1,193,-1,171
1,<environment.Job instance at 0x7fabd9d51f00>,72,2,[14  5],73,-1,186,-1,184
1,<environment.Job instance at 0x7fabd9756280>,73,28,[ 3 11],74,-1,212,-1,184
1,<environment.Job instance at 0x7fabd9756190>,74,12,[ 2 14],75,-1,196,-1,184
1,<environment.Job instance at 0x7fabda363280>,75,18,[14  4],76,-1,202,-1,184
1,<environment.Job instance at 0x7fabda363d20>,76,14,[12  5],77,-1,198,-1,184
1,<environment.Job instance at 0x7fabd9866f00>,78,28,[13  4],79,-1,212,-1,184
1,<environment.Job instance at 0x7fabda2172d0>,79,16,[ 3 13],80,-1,200,-1,184
1,<environment.Job instance at 0x7fabd92cd7d0>,3,16,[9 4],4,-1,21,-1,5
1,<environment.Job instance at 0x7fabd92cd190>,4,23,[6 4],5,-1,28,-1,5
1,<environment.Job instance at 0x7fabe2bc1aa0>,0,25,[ 5 12],1,-1,26,-1,1
1,<environment.Job instance at 0x7fabd9990140>,2,2,[14  2],3,-1,5,-1,3
1,<environment.Job instance at 0x7fabd970a4b0>,6,20,[ 1 11],7,-1,27,-1,7
1,<environment.Job instance at 0x7fabd99a0190>,8,18,[ 5 13],9,-1,27,-1,9
1,<environment.Job instance at 0x7fabd91102d0>,4,23,[6 4],5,-1,38,-1,15
1,<environment.Job instance at 0x7fabd8ee80a0>,11,28,[1 5],12,-1,43,-1,15
1,<environment.Job instance at 0x7fabd9505550>,13,25,[8 1],14,-1,45,-1,20
1,<environment.Job instance at 0x7fabd8edbc80>,15,12,[12  3],16,-1,32,-1,20
1,<environment.Job instance at 0x7fabd9739c30>,18,25,[4 5],19,-1,53,-1,28
1,<environment.Job instance at 0x7fabd94d6c30>,21,28,[13  4],22,-1,56,-1,28
1,<environment.Job instance at 0x7fabd8edb190>,22,20,[13  2],23,-1,48,-1,28
1,<environment.Job instance at 0x7fabd8eda0f0>,23,14,[12  3],24,-1,42,-1,28
1,<environment.Job instance at 0x7fabd8eda730>,24,17,[ 5 13],25,-1,45,-1,28
1,<environment.Job instance at 0x7fabd8edad20>,26,18,[13  4],27,-1,54,-1,36
1,<environment.Job instance at 0x7fabda5b38c0>,19,25,[10  3],20,-1,74,-1,49
1,<environment.Job instance at 0x7fabd8eda0a0>,29,16,[ 2 11],30,-1,65,-1,49
1,<environment.Job instance at 0x7fabda3d9f00>,31,25,[2 5],32,-1,74,-1,49
1,<environment.Job instance at 0x7fabd998caf0>,38,23,[ 3 14],39,-1,82,-1,59
1,<environment.Job instance at 0x7fabd998c410>,39,21,[ 5 13],40,-1,80,-1,59
1,<environment.Job instance at 0x7fabd998c4b0>,40,16,[ 3 14],41,-1,75,-1,59
1,<environment.Job instance at 0x7fabd8edca50>,42,14,[11  3],43,-1,82,-1,68
1,<environment.Job instance at 0x7fabd8edc690>,44,13,[14  1],45,-1,88,-1,75
1,<environment.Job instance at 0x7fabd8edce10>,51,24,[5 2],52,-1,141,-1,117
1,<environment.Job instance at 0x7fabd8edc370>,52,3,[11  2],53,-1,120,-1,117
1,<environment.Job instance at 0x7fabd8edce60>,54,15,[ 2 13],55,-1,132,-1,117
1,<environment.Job instance at 0x7fabd940d690>,56,13,[ 3 12],57,-1,136,-1,123
1,<environment.Job instance at 0x7fabd940d9b0>,57,14,[ 2 11],58,-1,137,-1,123
1,<environment.Job instance at 0x7fabd940deb0>,58,1,[ 5 14],59,-1,124,-1,123
1,<environment.Job instance at 0x7fabda4ba370>,60,26,[10  4],61,-1,163,-1,137
1,<environment.Job instance at 0x7fabd924ab90>,62,24,[4 7],63,-1,174,-1,150
1,<environment.Job instance at 0x7fabd9756280>,71,13,[ 5 11],72,-1,185,-1,172
1,<environment.Job instance at 0x7fabd9d51f00>,74,28,[7 2],75,-1,207,-1,179
1,<environment.Job instance at 0x7fabda2a00f0>,76,27,[ 3 12],77,-1,206,-1,179
1,<environment.Job instance at 0x7fabe2b93640>,0,24,[5 2],1,-1,25,-1,1
1,<environment.Job instance at 0x7fabe2bd20f0>,3,21,[5 2],4,-1,25,-1,4
1,<environment.Job instance at 0x7fabd955d550>,4,19,[3 5],5,-1,24,-1,5
1,<environment.Job instance at 0x7fabd955d0a0>,6,16,[1 7],7,-1,23,-1,7
1,<environment.Job instance at 0x7fabd955d230>,10,20,[1 7],11,-1,31,-1,11
1,<environment.Job instance at 0x7fabd955d460>,12,18,[8 4],13,-1,31,-1,13
1,<environment.Job instance at 0x7fabd955df00>,13,25,[5 8],14,-1,39,-1,14
1,<environment.Job instance at 0x7fabd955db90>,14,26,[5 8],15,-1,41,-1,15
1,<environment.Job instance at 0x7fabd955d2d0>,17,14,[8 1],18,-1,33,-1,19
1,<environment.Job instance at 0x7fabd955db40>,19,16,[6 3],20,-1,36,-1,20
1,<environment.Job instance at 0x7fabda2209b0>,20,23,[5 5],21,-1,44,-1,21
1,<environment.Job instance at 0x7fabda220820>,24,14,[8 2],25,-1,39,-1,25
1,<environment.Job instance at 0x7fabda220280>,25,18,[4 9],26,-1,44,-1,26
1,<environment.Job instance at 0x7fabda220190>,26,16,[11  2],27,-1,43,-1,27
1,<environment.Job instance at 0x7fabda220050>,27,16,[ 4 12],28,-1,44,-1,28
1,<environment.Job instance at 0x7fabda2203c0>,30,17,[7 1],31,-1,48,-1,31
1,<environment.Job instance at 0x7fabd93c97d0>,31,15,[9 5],32,-1,47,-1,32
1,<environment.Job instance at 0x7fabd93c9e60>,35,28,[6 3],36,-1,64,-1,36
1,<environment.Job instance at 0x7fabd93c9d70>,36,17,[7 1],37,-1,57,-1,40
1,<environment.Job instance at 0x7fabd9ecc780>,41,16,[8 1],42,-1,59,-1,43
1,<environment.Job instance at 0x7fabd955d050>,18,12,[13  4],19,-1,56,-1,44
1,<environment.Job instance at 0x7fabd9ecc960>,44,23,[3 8],45,-1,68,-1,45
1,<environment.Job instance at 0x7fabd9eccbe0>,46,24,[7 1],47,-1,71,-1,47
1,<environment.Job instance at 0x7fabd9ecc320>,45,16,[ 2 13],46,-1,64,-1,48
1,<environment.Job instance at 0x7fabd9ecceb0>,42,18,[ 5 13],43,-1,66,-1,48
1,<environment.Job instance at 0x7fabd9ecc230>,47,21,[1 9],48,-1,69,-1,48
1,<environment.Job instance at 0x7fabd9eccd20>,48,17,[3 5],49,-1,66,-1,49
1,<environment.Job instance at 0x7fabd9ecc910>,49,17,[5 8],50,-1,67,-1,50
1,<environment.Job instance at 0x7fabd955ddc0>,16,16,[14  4],17,-1,81,-1,65
1,<environment.Job instance at 0x7fabd9ecc640>,60,22,[8 2],61,-1,122,-1,100
1,<environment.Job instance at 0x7fabd9faecd0>,63,19,[ 1 11],64,-1,121,-1,102
1,<environment.Job instance at 0x7fabd9faee60>,64,15,[2 8],65,-1,119,-1,104
1,<environment.Job instance at 0x7fabd9fae0a0>,67,18,[12  5],68,-1,122,-1,104
1,<environment.Job instance at 0x7fabd9faeb90>,69,13,[9 4],70,-1,117,-1,104
1,<environment.Job instance at 0x7fabe2b38f50>,70,16,[ 2 12],71,-1,120,-1,104
1,<environment.Job instance at 0x7fabd9ecc9b0>,56,13,[12  1],57,-1,119,-1,106
1,<environment.Job instance at 0x7fabe2b38e10>,74,16,[10  1],75,-1,126,-1,110
1,<environment.Job instance at 0x7fabe2b38460>,73,16,[1 6],74,-1,126,-1,110
1,<environment.Job instance at 0x7fabe2b38140>,75,21,[12  4],76,-1,131,-1,110
1,<environment.Job instance at 0x7fabe2b38be0>,76,14,[ 3 12],77,-1,124,-1,110
1,<environment.Job instance at 0x7fabe2b38c30>,77,14,[5 5],78,-1,124,-1,110
1,<environment.Job instance at 0x7fabd9542730>,82,15,[8 2],83,-1,125,-1,110
1,<environment.Job instance at 0x7fabd9542140>,86,20,[8 3],87,-1,130,-1,110
1,<environment.Job instance at 0x7fabd9542af0>,87,23,[9 5],88,-1,133,-1,110
1,<environment.Job instance at 0x7fabd9542190>,88,22,[9 1],89,-1,132,-1,110
1,<environment.Job instance at 0x7fabda1f58c0>,0,24,[5 2],1,-1,25,-1,1
1,<environment.Job instance at 0x7fabe2b70230>,2,1,[ 4 12],3,-1,4,-1,3
1,<environment.Job instance at 0x7fabd964eb90>,8,21,[14  2],9,-1,30,-1,9
1,<environment.Job instance at 0x7fabd964e730>,9,23,[6 3],10,-1,33,-1,10
1,<environment.Job instance at 0x7fabd964e2d0>,13,25,[5 8],14,-1,50,-1,25
1,<environment.Job instance at 0x7fabd964e820>,14,26,[5 8],15,-1,51,-1,25
1,<environment.Job instance at 0x7fabd964ef50>,15,14,[11  4],16,-1,39,-1,25
1,<environment.Job instance at 0x7fabd964e4b0>,16,16,[14  4],17,-1,41,-1,25
1,<environment.Job instance at 0x7fabd964ef00>,18,12,[13  4],19,-1,37,-1,25
1,<environment.Job instance at 0x7fabd964ed70>,20,23,[5 5],21,-1,51,-1,28
1,<environment.Job instance at 0x7fabd92cd640>,26,16,[11  2],27,-1,58,-1,42
1,<environment.Job instance at 0x7fabd9b63050>,27,16,[ 4 12],28,-1,58,-1,42
1,<environment.Job instance at 0x7fabd9f716e0>,29,1,[14  3],30,-1,45,-1,44
1,<environment.Job instance at 0x7fabd8eb4320>,32,2,[ 2 14],33,-1,47,-1,45
1,<environment.Job instance at 0x7fabd8ed5410>,34,25,[ 1 11],35,-1,83,-1,58
1,<environment.Job instance at 0x7fabd8ed5960>,35,28,[6 3],36,-1,89,-1,61
1,<environment.Job instance at 0x7fabd8ed5a50>,38,3,[ 5 13],39,-1,76,-1,73
1,<environment.Job instance at 0x7fabd8ed5780>,39,27,[6 2],40,-1,112,-1,85
1,<environment.Job instance at 0x7fabd8ecf190>,42,18,[ 5 13],43,-1,103,-1,85
1,<environment.Job instance at 0x7fabe2ba33c0>,44,23,[3 8],45,-1,121,-1,98
1,<environment.Job instance at 0x7fabd8ed4370>,45,16,[ 2 13],46,-1,114,-1,98
1,<environment.Job instance at 0x7fabd8ed47d0>,46,24,[7 1],47,-1,122,-1,98
1,<environment.Job instance at 0x7fabd8eead20>,51,27,[ 4 13],52,-1,142,-1,115
1,<environment.Job instance at 0x7fabd8eea820>,53,18,[ 2 13],54,-1,145,-1,127
1,<environment.Job instance at 0x7fabe2b828c0>,55,17,[11  1],56,-1,146,-1,129
1,<environment.Job instance at 0x7fabe2b82f00>,56,13,[12  1],57,-1,142,-1,129
1,<environment.Job instance at 0x7fabe2bb12d0>,61,27,[4 9],62,-1,173,-1,146
1,<environment.Job instance at 0x7fabe2bb18c0>,63,19,[ 1 11],64,-1,165,-1,146
1,<environment.Job instance at 0x7fabe2b7ed70>,65,3,[14  5],66,-1,152,-1,149
1,<environment.Job instance at 0x7fabe2b7e280>,67,18,[12  5],68,-1,167,-1,149
1,<environment.Job instance at 0x7fabda55f730>,68,3,[14  5],69,-1,152,-1,149
1,<environment.Job instance at 0x7fabe2b955f0>,70,16,[ 2 12],71,-1,166,-1,150
1,<environment.Job instance at 0x7fabe2b890a0>,72,18,[12  1],73,-1,180,-1,162
1,<environment.Job instance at 0x7fabe2b91460>,75,21,[12  4],76,-1,189,-1,168
1,<environment.Job instance at 0x7fabe2b91a00>,76,14,[ 3 12],77,-1,182,-1,168
1,<environment.Job instance at 0x7fabd99a8c30>,78,2,[11  5],79,-1,171,-1,169
1,<environment.Job instance at 0x7fabda2a0d20>,80,28,[13  3],81,-1,208,-1,180
1,<environment.Job instance at 0x7fabd9d6b730>,83,2,[14  3],84,-1,184,-1,182
1,<environment.Job instance at 0x7fabd924ab90>,85,1,[ 2 12],86,-1,184,-1,183
1,<environment.Job instance at 0x7fabda3dcb90>,4,22,[10  5],5,-1,28,-1,6
1,<environment.Job instance at 0x7fabda3dcc80>,6,20,[4 7],7,-1,27,-1,7
1,<environment.Job instance at 0x7fabda3dc050>,10,18,[5 6],11,-1,29,-1,11
1,<environment.Job instance at 0x7fabe2b93500>,19,23,[9 3],20,-1,52,-1,29
1,<environment.Job instance at 0x7fabda0a9780>,21,16,[ 3 13],22,-1,45,-1,29
1,<environment.Job instance at 0x7fabe2b93e10>,18,28,[13  5],19,-1,59,-1,31
1,<environment.Job instance at 0x7fabda0a9410>,22,15,[9 4],23,-1,51,-1,36
1,<environment.Job instance at 0x7fabda3dc0f0>,14,16,[13  2],15,-1,52,-1,36
1,<environment.Job instance at 0x7fabe2b93320>,17,22,[ 1 10],18,-1,58,-1,36
1,<environment.Job instance at 0x7fabda0a9550>,26,18,[2 8],27,-1,54,-1,36
1,<environment.Job instance at 0x7fabd983e050>,29,22,[10  4],30,-1,58,-1,36
1,<environment.Job instance at 0x7fabda0a9af0>,25,14,[7 3],26,-1,51,-1,37
1,<environment.Job instance at 0x7fabda3dcaf0>,11,28,[7 3],12,-1,66,-1,38
1,<environment.Job instance at 0x7fabd983e4b0>,31,14,[11  2],32,-1,52,-1,38
1,<environment.Job instance at 0x7fabd983ec30>,32,13,[6 2],33,-1,51,-1,38
1,<environment.Job instance at 0x7fabd983eb90>,33,23,[10  2],34,-1,61,-1,38
1,<environment.Job instance at 0x7fabd983e910>,34,27,[ 1 11],35,-1,65,-1,38
1,<environment.Job instance at 0x7fabd983e820>,35,18,[ 2 10],36,-1,56,-1,38
1,<environment.Job instance at 0x7fabd96195f0>,39,15,[8 4],40,-1,55,-1,40
1,<environment.Job instance at 0x7fabd9619690>,40,18,[7 3],41,-1,59,-1,41
1,<environment.Job instance at 0x7fabd9619c30>,41,17,[1 7],42,-1,59,-1,42
1,<environment.Job instance at 0x7fabd9619140>,43,21,[1 7],44,-1,65,-1,44
1,<environment.Job instance at 0x7fabd9619910>,44,18,[4 5],45,-1,63,-1,45
1,<environment.Job instance at 0x7fabd9619230>,46,15,[ 3 10],47,-1,64,-1,49
1,<environment.Job instance at 0x7fabd9c7c280>,1,24,[7 2],2,-1,26,-1,2
1,<environment.Job instance at 0x7fabd9c7ce10>,2,18,[ 1 13],3,-1,21,-1,3
1,<environment.Job instance at 0x7fabd9c7c0a0>,3,27,[5 1],4,-1,31,-1,4
1,<environment.Job instance at 0x7fabd9e93f00>,7,21,[13  2],8,-1,29,-1,8
1,<environment.Job instance at 0x7fabd9e8df00>,9,1,[11  5],10,-1,11,-1,10
1,<environment.Job instance at 0x7fabd9c71320>,14,16,[13  2],15,-1,37,-1,21
1,<environment.Job instance at 0x7fabd9afe460>,11,28,[7 3],12,-1,49,-1,21
1,<environment.Job instance at 0x7fabd9c71820>,18,28,[13  5],19,-1,49,-1,21
1,<environment.Job instance at 0x7fabd9c71d70>,19,23,[9 3],20,-1,46,-1,23
1,<environment.Job instance at 0x7fabd9c77e10>,21,16,[ 3 13],22,-1,39,-1,23
1,<environment.Job instance at 0x7fabd9ebb730>,24,3,[14  3],25,-1,32,-1,29
1,<environment.Job instance at 0x7fabd9ea1f50>,31,14,[11  2],32,-1,60,-1,46
1,<environment.Job instance at 0x7fabd9ea5500>,34,27,[ 1 11],35,-1,88,-1,61
1,<environment.Job instance at 0x7fabd9ea55a0>,33,23,[10  2],34,-1,91,-1,68
1,<environment.Job instance at 0x7fabda0923c0>,38,3,[13  3],39,-1,82,-1,79
1,<environment.Job instance at 0x7fabd9ea3e10>,49,17,[14  1],50,-1,145,-1,128
1,<environment.Job instance at 0x7fabd91380a0>,52,19,[ 4 13],53,-1,159,-1,140
1,<environment.Job instance at 0x7fabd9ea76e0>,55,26,[5 5],56,-1,187,-1,161
1,<environment.Job instance at 0x7fabda00b5f0>,61,14,[12  3],62,-1,202,-1,188
1,<environment.Job instance at 0x7fabd9b003c0>,2,23,[3 7],3,-1,27,-1,4
1,<environment.Job instance at 0x7fabda54a0a0>,16,21,[10  3],17,-1,60,-1,39
1,<environment.Job instance at 0x7fabda54a050>,19,17,[9 1],20,-1,57,-1,40
1,<environment.Job instance at 0x7fabda54aa00>,18,14,[4 9],19,-1,54,-1,40
1,<environment.Job instance at 0x7fabda54aaf0>,22,20,[5 4],23,-1,60,-1,40
1,<environment.Job instance at 0x7fabda5e7500>,23,20,[5 8],24,-1,61,-1,41
1,<environment.Job instance at 0x7fabda5e7370>,24,22,[7 5],25,-1,106,-1,84
1,<environment.Job instance at 0x7fabda5e7f00>,32,26,[9 2],33,-1,189,-1,163
1,<environment.Job instance at 0x7fabda5be370>,0,18,[11  2],1,-1,19,-1,1
1,<environment.Job instance at 0x7fabda5be690>,1,17,[14  2],2,-1,19,-1,2
1,<environment.Job instance at 0x7fabda5be6e0>,2,23,[3 7],3,-1,26,-1,3
1,<environment.Job instance at 0x7fabea3f0fa0>,4,15,[13  1],5,-1,20,-1,5
1,<environment.Job instance at 0x7fabda5bedc0>,5,19,[11  4],6,-1,25,-1,6
1,<environment.Job instance at 0x7fabd9ff26e0>,11,16,[ 1 12],12,-1,28,-1,12
1,<environment.Job instance at 0x7fabda5e66e0>,13,27,[7 4],14,-1,46,-1,19
1,<environment.Job instance at 0x7fabd92d4f50>,17,13,[ 2 13],18,-1,33,-1,20
1,<environment.Job instance at 0x7fabd9f9f050>,7,25,[3 9],8,-1,47,-1,22
1,<environment.Job instance at 0x7fabd9138140>,21,28,[1 7],22,-1,50,-1,22
1,<environment.Job instance at 0x7fabd93c3500>,26,25,[4 7],27,-1,76,-1,51
1,<environment.Job instance at 0x7fabd9fdc230>,27,2,[ 5 11],28,-1,53,-1,51
1,<environment.Job instance at 0x7fabd9fdc4b0>,28,16,[ 4 12],29,-1,67,-1,51
1,<environment.Job instance at 0x7fabd9fdcbe0>,29,15,[12  5],30,-1,66,-1,51
1,<environment.Job instance at 0x7fabd96138c0>,30,22,[14  5],31,-1,73,-1,51
1,<environment.Job instance at 0x7fabd9e1e730>,25,25,[6 5],26,-1,76,-1,51
1,<environment.Job instance at 0x7fabd9613730>,32,26,[9 2],33,-1,77,-1,51
1,<environment.Job instance at 0x7fabd8c70870>,34,12,[13  2],35,-1,63,-1,51
1,<environment.Job instance at 0x7fabd92b5460>,36,12,[12  4],37,-1,63,-1,51
1,<environment.Job instance at 0x7fabda52b4b0>,38,27,[8 5],39,-1,90,-1,63
1,<environment.Job instance at 0x7fabd9f46050>,39,15,[12  4],40,-1,78,-1,63
1,<environment.Job instance at 0x7fabda3f4d70>,41,18,[ 1 13],42,-1,81,-1,63
1,<environment.Job instance at 0x7fabd98db370>,43,26,[5 4],44,-1,96,-1,70
1,<environment.Job instance at 0x7fabda340c80>,45,15,[13  3],46,-1,92,-1,77
1,<environment.Job instance at 0x7fabda3f66e0>,48,15,[13  3],49,-1,97,-1,82
1,<environment.Job instance at 0x7fabda3ec550>,50,18,[12  4],51,-1,112,-1,94
1,<environment.Job instance at 0x7fabda3ec910>,51,23,[9 5],52,-1,126,-1,103
1,<environment.Job instance at 0x7fabd916ab90>,53,15,[ 3 11],54,-1,119,-1,104
1,<environment.Job instance at 0x7fabd916af00>,54,2,[11  3],55,-1,106,-1,104
1,<environment.Job instance at 0x7fabd96c8780>,61,13,[ 3 12],62,-1,154,-1,141
1,<environment.Job instance at 0x7fabd96c8640>,64,25,[6 1],65,-1,183,-1,158
1,<environment.Job instance at 0x7fabda3fa460>,67,26,[13  1],68,-1,197,-1,171
1,<environment.Job instance at 0x7fabda3fac30>,68,23,[13  2],69,-1,194,-1,171
1,<environment.Job instance at 0x7fabd9604690>,72,21,[ 3 13],73,-1,201,-1,180
1,<environment.Job instance at 0x7fabd8e1a820>,0,26,[8 5],1,-1,27,-1,1
1,<environment.Job instance at 0x7fabd93759b0>,0,26,[8 5],1,-1,27,-1,1
1,<environment.Job instance at 0x7fabda33dcd0>,1,21,[12  3],2,-1,23,-1,2
1,<environment.Job instance at 0x7fabd96d45f0>,3,26,[ 2 10],4,-1,30,-1,4
1,<environment.Job instance at 0x7fabd96d4cd0>,5,12,[ 5 13],6,-1,18,-1,6
1,<environment.Job instance at 0x7fabd9132eb0>,6,17,[12  3],7,-1,24,-1,7
1,<environment.Job instance at 0x7fabd91323c0>,8,28,[8 3],9,-1,37,-1,9
1,<environment.Job instance at 0x7fabd9132410>,9,26,[11  4],10,-1,36,-1,10
1,<environment.Job instance at 0x7fabd9132140>,10,2,[ 3 14],11,-1,13,-1,11
1,<environment.Job instance at 0x7fabd91322d0>,11,1,[ 5 14],12,-1,13,-1,12
1,<environment.Job instance at 0x7fabd9132050>,12,27,[ 1 10],13,-1,40,-1,13
1,<environment.Job instance at 0x7fabd9132aa0>,13,13,[11  4],14,-1,27,-1,14
1,<environment.Job instance at 0x7fabd9132f00>,16,28,[ 4 14],17,-1,45,-1,17
1,<environment.Job instance at 0x7fabd9c762d0>,18,1,[ 3 12],19,-1,20,-1,19
1,<environment.Job instance at 0x7fabd9a4d370>,21,28,[3 6],22,-1,60,-1,32
1,<environment.Job instance at 0x7fabd8cb2af0>,25,23,[7 1],26,-1,55,-1,32
1,<environment.Job instance at 0x7fabda1fc370>,26,13,[12  4],27,-1,45,-1,32
1,<environment.Job instance at 0x7fabda314870>,29,23,[8 2],30,-1,57,-1,34
1,<environment.Job instance at 0x7fabda324910>,23,26,[9 4],24,-1,60,-1,34
1,<environment.Job instance at 0x7fabd916e4b0>,31,12,[14  3],32,-1,46,-1,34
1,<environment.Job instance at 0x7fabda314fa0>,32,18,[11  4],33,-1,52,-1,34
1,<environment.Job instance at 0x7fabda314370>,33,16,[11  3],34,-1,50,-1,34
1,<environment.Job instance at 0x7fabd91ec050>,37,25,[ 2 13],38,-1,73,-1,48
1,<environment.Job instance at 0x7fabda21c960>,38,26,[ 5 11],39,-1,74,-1,48
1,<environment.Job instance at 0x7fabda21cd70>,40,17,[13  3],41,-1,66,-1,49
1,<environment.Job instance at 0x7fabd8feaa00>,41,28,[5 2],42,-1,83,-1,55
1,<environment.Job instance at 0x7fabd8fea820>,43,24,[ 4 14],44,-1,88,-1,64
1,<environment.Job instance at 0x7fabd8fea230>,44,3,[12  2],45,-1,67,-1,64
1,<environment.Job instance at 0x7fabd92cc0a0>,45,22,[ 1 11],46,-1,86,-1,64
1,<environment.Job instance at 0x7fabd9aa9cd0>,48,13,[14  4],49,-1,77,-1,64
1,<environment.Job instance at 0x7fabd9737fa0>,50,28,[ 3 14],51,-1,95,-1,67
1,<environment.Job instance at 0x7fabd914c4b0>,51,3,[ 1 14],52,-1,70,-1,67
1,<environment.Job instance at 0x7fabd914c370>,52,1,[ 2 13],53,-1,68,-1,67
1,<environment.Job instance at 0x7fabd914c9b0>,54,20,[14  4],55,-1,87,-1,67
1,<environment.Job instance at 0x7fabd914c730>,57,1,[13  4],58,-1,80,-1,79
1,<environment.Job instance at 0x7fabd914cf50>,59,2,[ 5 11],60,-1,81,-1,79
1,<environment.Job instance at 0x7fabd914c320>,53,27,[9 4],54,-1,107,-1,80
1,<environment.Job instance at 0x7fabd914c6e0>,60,25,[9 4],61,-1,105,-1,80
1,<environment.Job instance at 0x7fabda1f3460>,63,26,[6 3],64,-1,106,-1,80
1,<environment.Job instance at 0x7fabd9161f50>,66,27,[5 7],67,-1,119,-1,92
1,<environment.Job instance at 0x7fabd9604d70>,67,3,[ 2 11],68,-1,95,-1,92
1,<environment.Job instance at 0x7fabd96c8640>,69,1,[ 5 12],70,-1,93,-1,92
1,<environment.Job instance at 0x7fabd96c8730>,71,22,[ 2 13],72,-1,127,-1,105
1,<environment.Job instance at 0x7fabd96c8e60>,70,27,[ 2 10],71,-1,135,-1,108
1,<environment.Job instance at 0x7fabd96c8460>,73,18,[13  1],74,-1,126,-1,108
1,<environment.Job instance at 0x7fabd96c8500>,72,25,[1 7],73,-1,133,-1,108
1,<environment.Job instance at 0x7fabd96c8c30>,76,25,[ 5 10],77,-1,150,-1,125
1,<environment.Job instance at 0x7fabd8c70870>,80,24,[7 4],81,-1,151,-1,127
1,<environment.Job instance at 0x7fabd916af00>,81,18,[ 1 11],82,-1,145,-1,127
1,<environment.Job instance at 0x7fabd97e56e0>,89,13,[ 2 13],90,-1,156,-1,143
1,<environment.Job instance at 0x7fabd9e1ee60>,90,17,[ 1 13],91,-1,160,-1,143
1,<environment.Job instance at 0x7fabd92d4f50>,91,20,[12  1],92,-1,163,-1,143
1,<environment.Job instance at 0x7fabd9138550>,93,24,[ 3 14],94,-1,169,-1,145
1,<environment.Job instance at 0x7fabea3f0fa0>,99,24,[9 4],100,-1,197,-1,173
1,<environment.Job instance at 0x7fabd9ff26e0>,94,25,[10  2],95,-1,198,-1,173
1,<environment.Job instance at 0x7fabe2f02dc0>,101,15,[ 2 12],102,-1,188,-1,173
1,<environment.Job instance at 0x7fabe2f02960>,102,28,[14  4],103,-1,201,-1,173
1,<environment.Job instance at 0x7fabe2f02910>,103,18,[13  4],104,-1,191,-1,173
1,<environment.Job instance at 0x7fabd9c77690>,105,23,[11  4],106,-1,196,-1,173
1,<environment.Job instance at 0x7fabd9c77280>,106,17,[ 3 13],107,-1,190,-1,173
1,<environment.Job instance at 0x7fabd94f6f00>,108,13,[ 4 11],109,-1,186,-1,173
1,<environment.Job instance at 0x7fabd94f62d0>,110,13,[ 5 11],111,-1,189,-1,176
1,<environment.Job instance at 0x7fabd94f65a0>,111,3,[11  2],112,-1,179,-1,176
1,<environment.Job instance at 0x7fabd94f6370>,113,14,[12  5],114,-1,202,-1,188
1,<environment.Job instance at 0x7fabd90be0a0>,7,12,[10  3],8,-1,21,-1,9
1,<environment.Job instance at 0x7fabd90be140>,13,15,[5 9],14,-1,37,-1,22
1,<environment.Job instance at 0x7fabd9e5a550>,22,26,[4 8],23,-1,81,-1,55
1,<environment.Job instance at 0x7fabd90d3640>,25,17,[7 4],26,-1,75,-1,58
1,<environment.Job instance at 0x7fabd90d3e10>,27,17,[13  3],28,-1,101,-1,84
1,<environment.Job instance at 0x7fabd9e7ccd0>,39,28,[8 5],40,-1,181,-1,153
1,<environment.Job instance at 0x7fabd9e7c550>,32,16,[13  3],33,-1,169,-1,153
1,<environment.Job instance at 0x7fabd9d00dc0>,44,18,[ 3 14],45,-1,171,-1,153
1,<environment.Job instance at 0x7fabe3186be0>,45,16,[12  1],46,-1,169,-1,153
1,<environment.Job instance at 0x7fabd9e7c640>,38,18,[14  5],39,-1,182,-1,164
1,<environment.Job instance at 0x7fabd9e7c1e0>,46,16,[5 5],47,-1,180,-1,164
1,<environment.Job instance at 0x7fabda32ddc0>,50,14,[8 3],51,-1,184,-1,170
1,<environment.Job instance at 0x7fabda315140>,53,18,[8 5],54,-1,188,-1,170
1,<environment.Job instance at 0x7fabda315f00>,55,24,[2 9],56,-1,194,-1,170
1,<environment.Job instance at 0x7fabda315460>,57,15,[ 5 10],58,-1,185,-1,170
1,<environment.Job instance at 0x7fabd90be730>,10,13,[ 4 11],11,-1,183,-1,170
1,<environment.Job instance at 0x7fabda315c30>,59,19,[7 5],60,-1,190,-1,171
1,<environment.Job instance at 0x7fabd9e7cfa0>,43,18,[8 4],44,-1,190,-1,172
1,<environment.Job instance at 0x7fabda3158c0>,62,19,[11  5],63,-1,203,-1,184
1,<environment.Job instance at 0x7fabda315be0>,61,18,[14  2],62,-1,202,-1,184
1,<environment.Job instance at 0x7fabda3155f0>,63,17,[10  1],64,-1,201,-1,184
1,<environment.Job instance at 0x7fabda3151e0>,64,17,[10  1],65,-1,201,-1,184
1,<environment.Job instance at 0x7fabda3155a0>,66,25,[5 5],67,-1,209,-1,184
1,<environment.Job instance at 0x7fabda315690>,65,17,[8 1],66,-1,201,-1,184
1,<environment.Job instance at 0x7fabda3156e0>,68,28,[1 5],69,-1,212,-1,184
1,<environment.Job instance at 0x7fabda315550>,70,16,[ 5 11],71,-1,200,-1,184
1,<environment.Job instance at 0x7fabda33a730>,71,16,[7 3],72,-1,201,-1,185
1,<environment.Job instance at 0x7fabd93ed190>,72,20,[5 3],73,-1,205,-1,185
1,<environment.Job instance at 0x7fabd9546dc0>,73,28,[7 1],74,-1,213,-1,185
1,<environment.Job instance at 0x7fabd93edaa0>,74,17,[4 6],75,-1,206,-1,189
1,<environment.Job instance at 0x7fabd9cecb40>,1,21,[ 3 13],2,-1,23,-1,2
1,<environment.Job instance at 0x7fabd9ed2960>,5,12,[11  4],6,-1,18,-1,6
1,<environment.Job instance at 0x7fabd94382d0>,9,3,[14  5],10,-1,13,-1,10
1,<environment.Job instance at 0x7fabd9438910>,10,13,[ 4 11],11,-1,24,-1,11
1,<environment.Job instance at 0x7fabd9438960>,11,12,[11  4],12,-1,24,-1,12
1,<environment.Job instance at 0x7fabd932f8c0>,12,26,[ 5 13],13,-1,39,-1,13
1,<environment.Job instance at 0x7fabd8e0e5a0>,14,3,[ 4 14],15,-1,24,-1,21
1,<environment.Job instance at 0x7fabd9438370>,16,17,[ 1 14],17,-1,39,-1,22
1,<environment.Job instance at 0x7fabd8df0050>,18,24,[12  3],19,-1,47,-1,23
1,<environment.Job instance at 0x7fabd8df0140>,19,12,[11  5],20,-1,35,-1,23
1,<environment.Job instance at 0x7fabd8df0500>,20,16,[ 5 13],21,-1,39,-1,23
1,<environment.Job instance at 0x7fabda0730a0>,21,3,[ 1 12],22,-1,26,-1,23
1,<environment.Job instance at 0x7fabd956b370>,22,26,[4 8],23,-1,51,-1,25
1,<environment.Job instance at 0x7fabd8df06e0>,26,14,[ 1 12],27,-1,42,-1,28
1,<environment.Job instance at 0x7fabd94505a0>,27,17,[13  3],28,-1,45,-1,28
1,<environment.Job instance at 0x7fabd9450e10>,28,12,[14  4],29,-1,41,-1,29
1,<environment.Job instance at 0x7fabd913d2d0>,31,24,[2 7],32,-1,67,-1,43
1,<environment.Job instance at 0x7fabd9eddc80>,32,16,[13  3],33,-1,59,-1,43
1,<environment.Job instance at 0x7fabd8e04370>,38,18,[14  5],39,-1,74,-1,56
1,<environment.Job instance at 0x7fabd8e04280>,39,28,[8 5],40,-1,95,-1,67
1,<environment.Job instance at 0x7fabd9ef2050>,40,16,[ 4 11],41,-1,83,-1,67
1,<environment.Job instance at 0x7fabd9ef2910>,44,18,[ 3 14],45,-1,89,-1,71
1,<environment.Job instance at 0x7fabd8fd1f50>,45,16,[12  1],46,-1,87,-1,71
1,<environment.Job instance at 0x7fabd94f7960>,48,19,[ 2 12],49,-1,90,-1,71
1,<environment.Job instance at 0x7fabd94f7410>,49,17,[ 2 12],50,-1,88,-1,71
1,<environment.Job instance at 0x7fabd92ff820>,55,24,[2 9],56,-1,139,-1,115
1,<environment.Job instance at 0x7fabd944afa0>,58,20,[14  5],59,-1,135,-1,115
1,<environment.Job instance at 0x7fabd945db40>,61,18,[14  2],62,-1,136,-1,118
1,<environment.Job instance at 0x7fabd945d960>,62,19,[11  5],63,-1,137,-1,118
1,<environment.Job instance at 0x7fabd9448cd0>,66,25,[5 5],67,-1,178,-1,153
1,<environment.Job instance at 0x7fabd9300dc0>,68,28,[1 5],69,-1,194,-1,166
1,<environment.Job instance at 0x7fabd9447e60>,69,2,[ 5 11],70,-1,168,-1,166
1,<environment.Job instance at 0x7fabd9447dc0>,70,16,[ 5 11],71,-1,182,-1,166
1,<environment.Job instance at 0x7fabd93011e0>,73,28,[7 1],74,-1,198,-1,170
1,<environment.Job instance at 0x7fabd9301d70>,76,2,[ 4 12],77,-1,184,-1,182
1,<environment.Job instance at 0x7fabd9321be0>,77,14,[12  2],78,-1,196,-1,182
1,<environment.Job instance at 0x7fabd9301e60>,75,27,[ 1 10],76,-1,214,-1,187
1,<environment.Job instance at 0x7fabd9321190>,78,23,[1 8],79,-1,210,-1,187
1,<environment.Job instance at 0x7fabd9321d70>,80,25,[3 5],81,-1,212,-1,187
1,<environment.Job instance at 0x7fabd9321500>,81,13,[ 5 13],82,-1,200,-1,187
1,<environment.Job instance at 0x7fabd96bccd0>,82,26,[3 8],83,-1,213,-1,187
1,<environment.Job instance at 0x7fabd96bcb40>,84,13,[ 1 14],85,-1,200,-1,187
1,<environment.Job instance at 0x7fabd96d0aa0>,86,23,[13  1],87,-1,210,-1,187
1,<environment.Job instance at 0x7fabd9aad280>,0,26,[6 1],1,-1,27,-1,1
1,<environment.Job instance at 0x7fabd9519410>,4,16,[2 8],5,-1,22,-1,6
1,<environment.Job instance at 0x7fabd9cec820>,5,27,[13  2],6,-1,33,-1,6
1,<environment.Job instance at 0x7fabd915f500>,17,17,[10  2],18,-1,37,-1,20
1,<environment.Job instance at 0x7fabd915f140>,19,18,[8 1],20,-1,38,-1,20
1,<environment.Job instance at 0x7fabd915f640>,21,17,[2 9],22,-1,40,-1,23
1,<environment.Job instance at 0x7fabd915f550>,22,27,[9 1],23,-1,53,-1,26
1,<environment.Job instance at 0x7fabd9519e10>,13,12,[11  3],14,-1,39,-1,27
1,<environment.Job instance at 0x7fabd915f9b0>,26,22,[8 5],27,-1,49,-1,27
1,<environment.Job instance at 0x7fabd915fd70>,27,27,[6 5],28,-1,55,-1,28
1,<environment.Job instance at 0x7fabd915f280>,29,16,[5 6],30,-1,47,-1,31
1,<environment.Job instance at 0x7fabd915f050>,32,15,[5 7],33,-1,48,-1,33
1,<environment.Job instance at 0x7fabd8fd1b90>,36,14,[9 2],37,-1,52,-1,38
1,<environment.Job instance at 0x7fabd9bd8050>,0,26,[6 1],1,-1,27,-1,1
1,<environment.Job instance at 0x7fabd95cdc80>,3,13,[ 3 14],4,-1,17,-1,4
1,<environment.Job instance at 0x7fabd95ce550>,5,27,[13  2],6,-1,33,-1,6
1,<environment.Job instance at 0x7fabd8e2c140>,6,27,[9 3],7,-1,34,-1,7
1,<environment.Job instance at 0x7fabd8e2c3c0>,7,13,[13  1],8,-1,21,-1,8
1,<environment.Job instance at 0x7fabd95b4af0>,13,12,[11  3],14,-1,26,-1,14
1,<environment.Job instance at 0x7fabd9434820>,22,27,[9 1],23,-1,69,-1,42
1,<environment.Job instance at 0x7fabd9460b90>,25,16,[14  3],26,-1,58,-1,42
1,<environment.Job instance at 0x7fabd9460c30>,24,28,[ 4 10],25,-1,72,-1,44
1,<environment.Job instance at 0x7fabd9447f00>,27,27,[6 5],28,-1,71,-1,44
1,<environment.Job instance at 0x7fabd945d960>,28,28,[13  5],29,-1,72,-1,44
1,<environment.Job instance at 0x7fabd8e04370>,30,27,[6 2],31,-1,81,-1,54
1,<environment.Job instance at 0x7fabd9ecb280>,33,14,[13  5],34,-1,68,-1,54
1,<environment.Job instance at 0x7fabd9535230>,37,28,[12  1],38,-1,97,-1,69
1,<environment.Job instance at 0x7fabd8df6820>,40,2,[ 1 13],41,-1,85,-1,83
1,<environment.Job instance at 0x7fabd96cf5f0>,42,24,[10  4],43,-1,117,-1,93
1,<environment.Job instance at 0x7fabd96cf870>,44,23,[ 2 14],45,-1,116,-1,93
1,<environment.Job instance at 0x7fabd95e2410>,46,25,[3 5],47,-1,118,-1,93
1,<environment.Job instance at 0x7fabd95e2870>,47,28,[5 8],48,-1,121,-1,93
1,<environment.Job instance at 0x7fabda0a55f0>,49,13,[13  1],50,-1,106,-1,93
1,<environment.Job instance at 0x7fabd915f5a0>,55,24,[1 6],56,-1,141,-1,117
1,<environment.Job instance at 0x7fabd9cec410>,61,25,[9 5],62,-1,171,-1,146
1,<environment.Job instance at 0x7fabd9cecdc0>,62,2,[ 1 13],63,-1,148,-1,146
1,<environment.Job instance at 0x7fabd9cec550>,63,28,[5 8],64,-1,174,-1,146
1,<environment.Job instance at 0x7fabd9cecc80>,66,28,[3 7],67,-1,189,-1,161
1,<environment.Job instance at 0x7fabd95191e0>,69,15,[ 3 14],70,-1,176,-1,161
1,<environment.Job instance at 0x7fabd95190f0>,72,15,[ 5 14],73,-1,177,-1,162
1,<environment.Job instance at 0x7fabd9519cd0>,73,27,[8 4],74,-1,191,-1,164
1,<environment.Job instance at 0x7fabd9de96e0>,77,15,[ 4 11],78,-1,189,-1,174
1,<environment.Job instance at 0x7fabd9594460>,80,18,[ 2 14],81,-1,207,-1,189
1,<environment.Job instance at 0x7fabd91c6a50>,2,22,[ 4 10],3,-1,25,-1,3
1,<environment.Job instance at 0x7fabd91c6960>,4,15,[5 6],5,-1,20,-1,5
1,<environment.Job instance at 0x7fabd91c6cd0>,5,17,[5 5],6,-1,23,-1,6
1,<environment.Job instance at 0x7fabd91c6be0>,6,26,[3 5],7,-1,33,-1,7
1,<environment.Job instance at 0x7fabd91de050>,11,23,[1 6],12,-1,36,-1,13
1,<environment.Job instance at 0x7fabd91de500>,17,12,[3 7],18,-1,30,-1,18
1,<environment.Job instance at 0x7fabd91de780>,20,13,[9 2],21,-1,34,-1,21
1,<environment.Job instance at 0x7fabd91c6fa0>,12,26,[2 9],13,-1,47,-1,21
1,<environment.Job instance at 0x7fabd96bc050>,3,1,[ 1 12],4,-1,5,-1,4
1,<environment.Job instance at 0x7fabd96bee10>,7,13,[ 1 11],8,-1,21,-1,8
1,<environment.Job instance at 0x7fabd96befa0>,6,26,[3 5],7,-1,40,-1,14
1,<environment.Job instance at 0x7fabd96ded70>,11,23,[1 6],12,-1,39,-1,16
1,<environment.Job instance at 0x7fabd96deaa0>,8,23,[10  2],9,-1,39,-1,16
1,<environment.Job instance at 0x7fabda110690>,13,28,[13  1],14,-1,44,-1,16
1,<environment.Job instance at 0x7fabd96ed5f0>,14,15,[ 3 11],15,-1,31,-1,16
1,<environment.Job instance at 0x7fabda1101e0>,12,26,[2 9],13,-1,54,-1,28
1,<environment.Job instance at 0x7fabd9aa73c0>,21,17,[ 2 14],22,-1,48,-1,31
1,<environment.Job instance at 0x7fabd96dfa50>,22,14,[ 4 14],23,-1,45,-1,31
1,<environment.Job instance at 0x7fabd96df320>,24,14,[ 5 11],25,-1,58,-1,44
1,<environment.Job instance at 0x7fabd9154640>,28,16,[12  4],29,-1,63,-1,47
1,<environment.Job instance at 0x7fabd9ecad20>,30,15,[13  1],31,-1,62,-1,47
1,<environment.Job instance at 0x7fabd96df9b0>,29,28,[ 3 10],30,-1,87,-1,59
1,<environment.Job instance at 0x7fabd9eca820>,32,16,[11  4],33,-1,75,-1,59
1,<environment.Job instance at 0x7fabd95edb90>,33,28,[13  4],34,-1,87,-1,59
1,<environment.Job instance at 0x7fabd9ba7550>,36,15,[ 4 11],37,-1,74,-1,59
1,<environment.Job instance at 0x7fabd9aa3910>,37,26,[9 5],38,-1,87,-1,61
1,<environment.Job instance at 0x7fabd9aa35a0>,38,24,[9 4],39,-1,85,-1,61
1,<environment.Job instance at 0x7fabd9bd7d70>,40,25,[ 2 12],41,-1,86,-1,61
1,<environment.Job instance at 0x7fabd9bd7eb0>,42,16,[12  5],43,-1,88,-1,72
1,<environment.Job instance at 0x7fabd9bd7320>,43,25,[4 9],44,-1,99,-1,74
1,<environment.Job instance at 0x7fabd95c8550>,44,28,[2 5],45,-1,102,-1,74
1,<environment.Job instance at 0x7fabd9b6c550>,47,2,[ 3 12],48,-1,79,-1,77
1,<environment.Job instance at 0x7fabd957a410>,53,18,[14  4],54,-1,116,-1,98
1,<environment.Job instance at 0x7fabd957ad20>,55,13,[ 2 13],56,-1,113,-1,100
1,<environment.Job instance at 0x7fabd9578a00>,56,25,[ 2 14],57,-1,125,-1,100
1,<environment.Job instance at 0x7fabd95784b0>,57,27,[4 5],58,-1,133,-1,106
1,<environment.Job instance at 0x7fabd923c690>,66,12,[11  5],67,-1,149,-1,137
1,<environment.Job instance at 0x7fabd923c9b0>,72,14,[ 3 14],73,-1,168,-1,154
1,<environment.Job instance at 0x7fabd923c140>,73,15,[ 2 12],74,-1,169,-1,154
1,<environment.Job instance at 0x7fabd9ca1690>,75,1,[ 3 12],76,-1,155,-1,154
1,<environment.Job instance at 0x7fabd923cf00>,76,12,[12  3],77,-1,166,-1,154
1,<environment.Job instance at 0x7fabd9bb8320>,79,28,[4 8],80,-1,197,-1,169
1,<environment.Job instance at 0x7fabd954c7d0>,2,22,[8 3],3,-1,25,-1,3
1,<environment.Job instance at 0x7fabd954c5a0>,3,23,[3 6],4,-1,27,-1,4
1,<environment.Job instance at 0x7fabda5946e0>,8,15,[2 8],9,-1,25,-1,10
1,<environment.Job instance at 0x7fabda594230>,10,28,[5 9],11,-1,39,-1,11
1,<environment.Job instance at 0x7fabda594640>,13,14,[9 5],14,-1,28,-1,14
1,<environment.Job instance at 0x7fabda594eb0>,14,14,[ 1 10],15,-1,29,-1,15
1,<environment.Job instance at 0x7fabda594dc0>,15,1,[10  3],16,-1,17,-1,16
1,<environment.Job instance at 0x7fabda594a00>,16,28,[3 8],17,-1,45,-1,17
1,<environment.Job instance at 0x7fabda594410>,18,16,[10  5],19,-1,35,-1,19
1,<environment.Job instance at 0x7fabda5945a0>,20,16,[ 2 10],21,-1,37,-1,21
1,<environment.Job instance at 0x7fabda594550>,22,13,[1 5],23,-1,36,-1,23
1,<environment.Job instance at 0x7fabd9967960>,23,16,[3 8],24,-1,40,-1,24
1,<environment.Job instance at 0x7fabd9967870>,24,15,[7 3],25,-1,40,-1,25
1,<environment.Job instance at 0x7fabd9967a50>,25,18,[ 4 11],26,-1,44,-1,26
1,<environment.Job instance at 0x7fabd9967370>,26,27,[5 6],27,-1,54,-1,27
1,<environment.Job instance at 0x7fabd9967f00>,28,24,[8 1],29,-1,53,-1,29
1,<environment.Job instance at 0x7fabd9967cd0>,31,14,[ 4 11],32,-1,46,-1,32
1,<environment.Job instance at 0x7fabd99678c0>,32,16,[4 6],33,-1,49,-1,33
1,<environment.Job instance at 0x7fabd9967b90>,37,17,[5 4],38,-1,55,-1,38
1,<environment.Job instance at 0x7fabd9967c80>,39,18,[6 5],40,-1,58,-1,40
1,<environment.Job instance at 0x7fabd994a820>,40,14,[10  5],41,-1,55,-1,41
1,<environment.Job instance at 0x7fabd994a690>,44,21,[6 5],45,-1,66,-1,45
1,<environment.Job instance at 0x7fabd945ab40>,55,18,[10  4],56,-1,96,-1,78
1,<environment.Job instance at 0x7fabd945af00>,57,13,[ 4 12],58,-1,98,-1,85
1,<environment.Job instance at 0x7fabd945a690>,60,16,[8 1],61,-1,101,-1,85
1,<environment.Job instance at 0x7fabd945a640>,61,28,[11  1],62,-1,114,-1,86
1,<environment.Job instance at 0x7fabd945a870>,62,17,[7 3],63,-1,103,-1,86
1,<environment.Job instance at 0x7fabd994a050>,47,13,[13  2],48,-1,99,-1,86
1,<environment.Job instance at 0x7fabd945ad20>,63,16,[2 9],64,-1,102,-1,86
1,<environment.Job instance at 0x7fabd945a140>,65,19,[14  3],66,-1,108,-1,89
1,<environment.Job instance at 0x7fabd945a960>,66,28,[ 2 11],67,-1,117,-1,89
1,<environment.Job instance at 0x7fabd99e00f0>,1,1,[13  2],2,-1,3,-1,2
1,<environment.Job instance at 0x7fabd99d1f50>,7,13,[14  5],8,-1,21,-1,8
1,<environment.Job instance at 0x7fabd99d10f0>,3,23,[3 6],4,-1,37,-1,14
1,<environment.Job instance at 0x7fabd99b7e10>,10,28,[5 9],11,-1,45,-1,17
1,<environment.Job instance at 0x7fabd90277d0>,16,28,[3 8],17,-1,69,-1,41
1,<environment.Job instance at 0x7fabd9bd8050>,19,12,[12  1],20,-1,54,-1,42
1,<environment.Job instance at 0x7fabd95cdd70>,25,18,[ 4 11],26,-1,87,-1,69
1,<environment.Job instance at 0x7fabd95cdcd0>,26,27,[5 6],27,-1,109,-1,82
1,<environment.Job instance at 0x7fabd95e9870>,28,24,[8 1],29,-1,121,-1,97
1,<environment.Job instance at 0x7fabd95b4af0>,31,14,[ 4 11],32,-1,111,-1,97
1,<environment.Job instance at 0x7fabd95b48c0>,35,17,[ 5 13],36,-1,116,-1,99
1,<environment.Job instance at 0x7fabd96c17d0>,36,12,[ 5 12],37,-1,111,-1,99
1,<environment.Job instance at 0x7fabd9dfa780>,45,16,[ 5 14],46,-1,149,-1,133
1,<environment.Job instance at 0x7fabd8df6820>,47,13,[13  2],48,-1,146,-1,133
1,<environment.Job instance at 0x7fabd915fb90>,57,13,[ 4 12],58,-1,189,-1,176
1,<environment.Job instance at 0x7fabd915f5a0>,58,3,[13  3],59,-1,179,-1,176
1,<environment.Job instance at 0x7fabd8fd1d70>,61,28,[11  1],62,-1,207,-1,179
1,<environment.Job instance at 0x7fabd8e55370>,2,18,[7 4],3,-1,21,-1,3
1,<environment.Job instance at 0x7fabd8bfbe10>,6,25,[5 2],7,-1,32,-1,7
1,<environment.Job instance at 0x7fabd8f1f910>,13,15,[5 5],14,-1,34,-1,19
1,<environment.Job instance at 0x7fabda594460>,0,2,[13  5],1,-1,3,-1,1
1,<environment.Job instance at 0x7fabda110820>,3,3,[12  1],4,-1,7,-1,4
1,<environment.Job instance at 0x7fabd9baca00>,6,25,[5 2],7,-1,33,-1,8
1,<environment.Job instance at 0x7fabd977b5f0>,9,15,[11  5],10,-1,25,-1,10
1,<environment.Job instance at 0x7fabd8fd1960>,10,24,[13  4],11,-1,35,-1,11
1,<environment.Job instance at 0x7fabd8fd1280>,11,18,[ 2 13],12,-1,30,-1,12
1,<environment.Job instance at 0x7fabd95e2320>,12,27,[ 5 10],13,-1,40,-1,13
1,<environment.Job instance at 0x7fabd8fd1f00>,8,23,[10  2],9,-1,37,-1,14
1,<environment.Job instance at 0x7fabd9460b90>,16,21,[ 5 11],17,-1,38,-1,17
1,<environment.Job instance at 0x7fabd8bfd7d0>,19,20,[12  4],20,-1,40,-1,20
1,<environment.Job instance at 0x7fabea3f0fa0>,18,27,[4 9],19,-1,73,-1,46
1,<environment.Job instance at 0x7fabd96c1870>,23,18,[14  3],24,-1,64,-1,46
1,<environment.Job instance at 0x7fabda482280>,25,12,[ 5 13],26,-1,58,-1,46
1,<environment.Job instance at 0x7fabda482a50>,26,26,[5 2],27,-1,73,-1,47
1,<environment.Job instance at 0x7fabda4820a0>,28,24,[14  3],29,-1,71,-1,47
1,<environment.Job instance at 0x7fabda4823c0>,30,12,[ 4 11],31,-1,59,-1,47
1,<environment.Job instance at 0x7fabd946ad20>,33,3,[ 3 11],34,-1,64,-1,61
1,<environment.Job instance at 0x7fabda324370>,37,24,[ 1 14],38,-1,98,-1,74
1,<environment.Job instance at 0x7fabda324140>,38,14,[ 1 11],39,-1,88,-1,74
1,<environment.Job instance at 0x7fabda324e10>,39,25,[6 2],40,-1,100,-1,75
1,<environment.Job instance at 0x7fabda3241e0>,40,14,[13  2],41,-1,89,-1,75
1,<environment.Job instance at 0x7fabda324dc0>,41,17,[11  4],42,-1,92,-1,75
1,<environment.Job instance at 0x7fabda324eb0>,44,2,[ 4 11],45,-1,91,-1,89
1,<environment.Job instance at 0x7fabda324460>,48,1,[ 3 11],49,-1,106,-1,105
1,<environment.Job instance at 0x7fabd8d99370>,54,18,[ 4 14],55,-1,140,-1,122
1,<environment.Job instance at 0x7fabd8d99d70>,56,25,[11  3],57,-1,158,-1,133
1,<environment.Job instance at 0x7fabda33baa0>,68,24,[ 4 13],69,-1,207,-1,183
1,<environment.Job instance at 0x7fabd8c7baa0>,69,23,[14  5],70,-1,206,-1,183
1,<environment.Job instance at 0x7fabd9e7c370>,19,22,[14  4],20,-1,105,-1,83
1,<environment.Job instance at 0x7fabda0df8c0>,20,28,[ 5 11],21,-1,115,-1,87
1,<environment.Job instance at 0x7fabd9c2e1e0>,24,14,[3 9],25,-1,101,-1,87
1,<environment.Job instance at 0x7fabda3a48c0>,17,22,[9 4],18,-1,109,-1,87
1,<environment.Job instance at 0x7fabe2f49aa0>,26,15,[9 2],27,-1,102,-1,87
1,<environment.Job instance at 0x7fabda391e10>,29,25,[1 7],30,-1,112,-1,87
1,<environment.Job instance at 0x7fabda391be0>,30,13,[7 5],31,-1,100,-1,87
1,<environment.Job instance at 0x7fabda363c80>,33,17,[5 9],34,-1,105,-1,88
1,<environment.Job instance at 0x7fabe2f49640>,27,27,[9 5],28,-1,115,-1,88
1,<environment.Job instance at 0x7fabd96c00a0>,23,20,[ 4 10],24,-1,108,-1,88
1,<environment.Job instance at 0x7fabd9c2e2d0>,25,18,[1 9],26,-1,131,-1,113
1,<environment.Job instance at 0x7fabd9de2280>,44,28,[8 5],45,-1,141,-1,113
1,<environment.Job instance at 0x7fabd9c5ca50>,42,18,[8 2],43,-1,131,-1,113
1,<environment.Job instance at 0x7fabd9de2870>,45,17,[1 7],46,-1,130,-1,113
1,<environment.Job instance at 0x7fabd9c60fa0>,46,16,[ 5 10],47,-1,129,-1,113
1,<environment.Job instance at 0x7fabd9c4e7d0>,49,13,[9 1],50,-1,126,-1,113
1,<environment.Job instance at 0x7fabd9683500>,2,17,[ 2 11],3,-1,20,-1,3
1,<environment.Job instance at 0x7fabd998e410>,4,14,[ 2 11],5,-1,19,-1,5
1,<environment.Job instance at 0x7fabd96838c0>,5,12,[ 2 13],6,-1,18,-1,6
1,<environment.Job instance at 0x7fabd9683230>,3,27,[6 2],4,-1,40,-1,13
1,<environment.Job instance at 0x7fabd96836e0>,6,24,[10  3],7,-1,62,-1,38
1,<environment.Job instance at 0x7fabd9e5f190>,16,16,[12  2],17,-1,54,-1,38
1,<environment.Job instance at 0x7fabd9e5f730>,18,18,[11  2],19,-1,59,-1,41
1,<environment.Job instance at 0x7fabd9e5f0f0>,19,22,[14  4],20,-1,63,-1,41
1,<environment.Job instance at 0x7fabd9e5f3c0>,20,28,[ 5 11],21,-1,69,-1,41
1,<environment.Job instance at 0x7fabd9abd3c0>,22,13,[14  1],23,-1,54,-1,41
1,<environment.Job instance at 0x7fabd9abd0f0>,27,27,[9 5],28,-1,96,-1,69
1,<environment.Job instance at 0x7fabd9abda50>,29,25,[1 7],30,-1,96,-1,71
1,<environment.Job instance at 0x7fabd9fefeb0>,31,3,[11  5],32,-1,74,-1,71
1,<environment.Job instance at 0x7fabd9fef140>,35,23,[6 3],36,-1,108,-1,85
1,<environment.Job instance at 0x7fabd9fef5a0>,36,22,[12  3],37,-1,107,-1,85
1,<environment.Job instance at 0x7fabd9fefa50>,38,1,[11  5],39,-1,86,-1,85
1,<environment.Job instance at 0x7fabd9fefd70>,39,25,[ 3 10],40,-1,114,-1,89
1,<environment.Job instance at 0x7fabd94f3eb0>,44,28,[8 5],45,-1,130,-1,102
1,<environment.Job instance at 0x7fabd94f3f00>,50,23,[ 2 11],51,-1,158,-1,135
1,<environment.Job instance at 0x7fabd94f3aa0>,51,28,[5 5],52,-1,164,-1,136
1,<environment.Job instance at 0x7fabd94f3690>,52,14,[ 4 12],53,-1,150,-1,136
1,<environment.Job instance at 0x7fabd92f8370>,54,14,[14  5],55,-1,150,-1,136
1,<environment.Job instance at 0x7fabd8dc0b90>,66,15,[ 1 11],67,-1,196,-1,181
1,<environment.Job instance at 0x7fabd8dc0870>,67,20,[ 5 12],68,-1,201,-1,181
1,<environment.Job instance at 0x7fabd8dc0500>,69,23,[10  2],70,-1,210,-1,187
1,<environment.Job instance at 0x7fabd8dc0640>,71,14,[13  1],72,-1,201,-1,187
