iteration,job object,job ID,job Length,job ressource requirement,job enter time,job start time,job finish time,job waiting time,current time
1,<environment.Job instance at 0x14f74691a3c0>,2,2,[10  1],5,5,7,0,5
1,<environment.Job instance at 0x14f74691a1e0>,4,2,[ 1 13],7,7,9,0,7
1,<environment.Job instance at 0x14f74691a460>,5,3,[6 1],9,9,12,0,9
1,<environment.Job instance at 0x14f73eeaff50>,2,1,[2 7],3,3,4,0,3
1,<environment.Job instance at 0x14f745f37370>,0,1,[8 1],1,1,2,0,1
1,<environment.Job instance at 0x14f73febb4b0>,1,1,[1 9],5,5,6,0,5
1,<environment.Job instance at 0x14f73c2a41e0>,3,1,[13  1],4,4,5,0,4
1,<environment.Job instance at 0x14f741aba4b0>,5,1,[2 5],6,6,7,0,6
1,<environment.Job instance at 0x14f740c1ec80>,3,1,[1 6],7,7,8,0,7
1,<environment.Job instance at 0x14f745f194b0>,5,2,[ 1 10],9,9,11,0,9
1,<environment.Job instance at 0x14f71d960f00>,4,1,[10  1],7,7,8,0,7
1,<environment.Job instance at 0x14f73feb6410>,5,16,[8 1],7,14,30,7,14
1,<environment.Job instance at 0x14f740bd8af0>,0,1,[2 8],1,1,2,0,1
1,<environment.Job instance at 0x14f73feb6eb0>,1,1,[ 2 10],2,2,3,0,2
1,<environment.Job instance at 0x14f740b69eb0>,2,1,[ 2 14],3,3,4,0,3
1,<environment.Job instance at 0x14f740bd8dc0>,3,1,[8 2],4,4,5,0,4
1,<environment.Job instance at 0x14f741aa39b0>,4,3,[5 2],6,16,19,10,16
1,<environment.Job instance at 0x14f741aa3730>,5,15,[9 2],7,16,31,9,16
1,<environment.Job instance at 0x14f741aa3a00>,6,18,[2 6],8,19,37,11,18
1,<environment.Job instance at 0x14f741aa3e10>,7,1,[1 6],9,27,28,18,27
1,<environment.Job instance at 0x14f71d72fe60>,2,1,[1 8],6,7,8,1,7
1,<environment.Job instance at 0x14f71dd80aa0>,4,2,[2 9],5,5,7,0,5
1,<environment.Job instance at 0x14f0e6dae9b0>,7,1,[2 6],8,8,9,0,8
1,<environment.Job instance at 0x14f0e6daef00>,13,2,[8 1],17,17,19,0,17
1,<environment.Job instance at 0x14f0e6da5370>,14,2,[ 1 10],18,18,20,0,18
1,<environment.Job instance at 0x14f0e55a6500>,4,2,[ 1 13],7,7,9,0,7
1,<environment.Job instance at 0x14f0e55a6550>,6,1,[2 7],10,10,11,0,10
1,<environment.Job instance at 0x14f0e55a6910>,9,2,[2 8],14,14,16,0,14
1,<environment.Job instance at 0x14f0ec7d8c30>,2,1,[2 7],3,3,4,0,3
1,<environment.Job instance at 0x14f0e7785690>,1,1,[1 6],3,3,4,0,3
1,<environment.Job instance at 0x14f09fe91780>,2,1,[2 9],5,5,6,0,5
1,<environment.Job instance at 0x14f09fe99460>,1,1,[1 9],5,5,6,0,5
1,<environment.Job instance at 0x14f09fa3c320>,9,1,[13  1],14,14,15,0,14
1,<environment.Job instance at 0x14f09fa3c640>,10,3,[1 9],15,15,18,0,15
1,<environment.Job instance at 0x14f09fa3c690>,11,1,[2 5],16,16,17,0,16
1,<environment.Job instance at 0x14f09fa3c280>,12,2,[ 2 10],17,18,20,1,17
1,<environment.Job instance at 0x14f09fa3cdc0>,1,2,[6 2],3,3,5,0,3
1,<environment.Job instance at 0x14f09f9c52d0>,3,1,[1 6],7,7,8,0,7
1,<environment.Job instance at 0x14f09fb5f690>,11,1,[10  1],17,17,18,0,17
1,<environment.Job instance at 0x14f09fb5fb90>,12,2,[ 1 10],18,18,20,0,18
1,<environment.Job instance at 0x14f0e55ce0f0>,0,2,[1 8],1,1,3,0,1
1,<environment.Job instance at 0x14f0e6d43370>,7,2,[14  1],10,14,16,4,14
1,<environment.Job instance at 0x14f09fb7eb90>,13,16,[8 1],17,20,36,3,20
1,<environment.Job instance at 0x14f0e6d43910>,9,3,[2 8],12,47,50,35,47
1,<environment.Job instance at 0x14f0e6cbfb90>,10,12,[9 2],14,85,97,71,85
1,<environment.Job instance at 0x14f0e01846e0>,0,1,[2 8],1,1,2,0,1
1,<environment.Job instance at 0x14f09fc39500>,1,1,[ 2 10],2,2,3,0,2
1,<environment.Job instance at 0x14f0e0184af0>,2,1,[ 2 14],3,3,4,0,3
1,<environment.Job instance at 0x14f09fb50f00>,6,2,[ 1 10],10,10,12,0,10
1,<environment.Job instance at 0x14f0e01606e0>,11,3,[5 2],16,25,28,9,25
1,<environment.Job instance at 0x14f0e0160cd0>,13,18,[2 6],18,25,43,7,25
1,<environment.Job instance at 0x14f0e0160320>,14,1,[1 6],19,31,32,12,31
1,<environment.Job instance at 0x14f0e01607d0>,2,1,[1 8],6,8,9,2,8
1,<environment.Job instance at 0x14f09f9833c0>,5,2,[1 8],9,9,11,0,9
1,<environment.Job instance at 0x14f09f983500>,6,3,[1 7],11,12,15,1,12
1,<environment.Job instance at 0x14f09f9835a0>,7,13,[ 1 14],12,15,28,3,12
1,<environment.Job instance at 0x14f0e0160dc0>,1,3,[12  1],4,21,24,17,21
1,<environment.Job instance at 0x14f09f9837d0>,10,2,[7 2],15,38,40,23,38
1,<environment.Job instance at 0x14f09f983730>,9,3,[1 9],14,55,58,41,55
1,<environment.Job instance at 0x14f0e6bf90f0>,2,1,[1 7],3,3,4,0,3
1,<environment.Job instance at 0x14f09faa9e60>,3,1,[2 9],4,4,5,0,4
1,<environment.Job instance at 0x14f09f9fb190>,10,2,[2 5],13,26,28,13,26
1,<environment.Job instance at 0x14f09f9fbf50>,15,16,[1 6],19,26,42,7,26
1,<environment.Job instance at 0x14f09f9fb780>,11,3,[6 1],14,92,95,78,92
1,<environment.Job instance at 0x14f09f9fbe60>,8,2,[8 2],11,123,125,112,123
1,<environment.Job instance at 0x14f09f9fbfa0>,9,3,[8 1],12,248,251,236,248
1,<environment.Job instance at 0x14f09fd68280>,2,1,[2 6],3,3,4,0,3
1,<environment.Job instance at 0x14f0e00e3500>,5,1,[9 1],11,11,12,0,11
1,<environment.Job instance at 0x14f0e00e36e0>,7,2,[6 2],13,13,15,0,13
1,<environment.Job instance at 0x14f0e00e3230>,8,1,[9 1],15,15,16,0,15
1,<environment.Job instance at 0x14f0e00e3a00>,10,1,[ 1 10],17,17,18,0,17
1,<environment.Job instance at 0x14f0e00e3b40>,11,2,[1 5],19,19,21,0,19
1,<environment.Job instance at 0x14f09f859f50>,1,1,[7 2],3,3,4,0,3
1,<environment.Job instance at 0x14f09f8597d0>,3,2,[ 2 12],6,7,9,1,7
1,<environment.Job instance at 0x14f09f859c30>,4,14,[6 1],7,7,21,0,7
1,<environment.Job instance at 0x14f0e4e1eb40>,0,1,[2 8],1,1,2,0,1
1,<environment.Job instance at 0x14f09f859640>,1,1,[7 1],2,2,3,0,2
1,<environment.Job instance at 0x14f0ec781cd0>,12,1,[1 6],17,17,18,0,17
1,<environment.Job instance at 0x14f0e6d4a230>,7,1,[1 8],9,46,47,37,46
1,<environment.Job instance at 0x14f0e6b21910>,1,1,[2 5],4,4,5,0,4
1,<environment.Job instance at 0x14f0e6b21820>,10,2,[ 1 10],17,17,19,0,17
1,<environment.Job instance at 0x14f0e6b214b0>,11,3,[7 2],18,18,21,0,18
1,<environment.Job instance at 0x14f09ff23820>,4,1,[ 2 10],5,5,6,0,5
1,<environment.Job instance at 0x14f09ff23b90>,10,2,[ 2 10],15,21,23,6,21
1,<environment.Job instance at 0x14f09ff23d20>,12,17,[10  1],18,21,38,3,21
1,<environment.Job instance at 0x14f09ff23cd0>,11,15,[8 2],16,84,99,68,84
1,<environment.Job instance at 0x14f09ff16c30>,0,1,[6 2],1,1,2,0,1
1,<environment.Job instance at 0x14f09f7762d0>,0,1,[7 2],1,1,2,0,1
1,<environment.Job instance at 0x14f0ebec6a00>,8,2,[2 9],11,11,13,0,11
1,<environment.Job instance at 0x14f157a929b0>,7,1,[2 6],8,8,9,0,8
1,<environment.Job instance at 0x14f15f622b40>,9,2,[6 1],11,11,13,0,11
1,<environment.Job instance at 0x14f157a92f50>,11,3,[1 8],13,13,16,0,13
1,<environment.Job instance at 0x14f157a92be0>,12,3,[1 8],14,16,19,2,14
1,<environment.Job instance at 0x14f157a68c80>,13,2,[8 1],17,17,19,0,17
1,<environment.Job instance at 0x14f157ac1960>,14,2,[ 1 10],18,19,21,1,18
1,<environment.Job instance at 0x14f157ac12d0>,15,1,[ 1 10],20,21,22,1,20
1,<environment.Job instance at 0x14f15f5c88c0>,16,1,[2 5],21,21,22,0,21
1,<environment.Job instance at 0x14f157a96730>,20,2,[ 1 13],27,27,29,0,27
1,<environment.Job instance at 0x14f1560160a0>,3,1,[2 7],5,5,6,0,5
1,<environment.Job instance at 0x14f156016aa0>,14,2,[ 1 10],20,20,22,0,20
1,<environment.Job instance at 0x14f156016e60>,15,1,[8 1],21,21,22,0,21
1,<environment.Job instance at 0x14f15600a2d0>,18,25,[12  2],24,24,49,0,24
1,<environment.Job instance at 0x14f156016050>,11,15,[11  1],14,50,65,36,50
1,<environment.Job instance at 0x14f1560161e0>,12,2,[1 8],15,132,134,117,132
1,<environment.Job instance at 0x14f1560196e0>,2,1,[2 9],5,5,6,0,5
1,<environment.Job instance at 0x14f154254960>,10,1,[10  2],19,19,20,0,19
1,<environment.Job instance at 0x14f1542543c0>,11,22,[1 5],20,20,42,0,20
1,<environment.Job instance at 0x14f154165320>,3,1,[13  1],4,4,5,0,4
1,<environment.Job instance at 0x14f154165190>,5,1,[2 5],6,6,7,0,6
1,<environment.Job instance at 0x14f154165a00>,6,2,[ 2 10],7,7,9,0,7
1,<environment.Job instance at 0x14f154165820>,9,2,[6 2],13,13,15,0,13
1,<environment.Job instance at 0x14f154165d70>,11,1,[1 6],17,17,18,0,17
1,<environment.Job instance at 0x14f1541650f0>,12,2,[2 5],18,18,20,0,18
1,<environment.Job instance at 0x14f154165cd0>,13,2,[ 1 10],19,19,21,0,19
1,<environment.Job instance at 0x14f154195eb0>,19,1,[10  1],27,27,28,0,27
1,<environment.Job instance at 0x14f154195e60>,20,2,[ 1 10],28,28,30,0,28
1,<environment.Job instance at 0x14f14473a370>,7,2,[14  1],10,13,15,3,13
1,<environment.Job instance at 0x14f144736a00>,16,1,[2 8],21,22,23,1,22
1,<environment.Job instance at 0x14f144736d70>,17,1,[ 2 10],22,23,24,1,22
1,<environment.Job instance at 0x14f144736a50>,18,1,[ 2 14],23,24,25,1,23
1,<environment.Job instance at 0x14f144736dc0>,19,1,[8 2],24,25,26,1,24
1,<environment.Job instance at 0x14f144736050>,15,13,[2 9],20,25,38,5,25
1,<environment.Job instance at 0x14f144736500>,21,18,[1 8],26,38,56,12,30
1,<environment.Job instance at 0x14f14473a190>,9,3,[2 8],12,65,68,53,65
1,<environment.Job instance at 0x14f144736230>,14,17,[1 9],19,569,586,550,569
1,<environment.Job instance at 0x14f1448ce780>,4,3,[5 2],6,24,27,18,24
1,<environment.Job instance at 0x14f15432acd0>,6,18,[2 6],8,27,45,19,27
1,<environment.Job instance at 0x14f15432a230>,7,1,[1 6],9,35,36,26,35
1,<environment.Job instance at 0x14f15432a640>,8,1,[1 7],10,36,37,26,36
1,<environment.Job instance at 0x14f15432abe0>,9,3,[9 1],13,36,39,23,36
1,<environment.Job instance at 0x14f1578c63c0>,10,3,[12  1],14,39,42,25,36
1,<environment.Job instance at 0x14f1578c6190>,11,1,[1 8],16,37,38,21,36
1,<environment.Job instance at 0x14f1578c6280>,12,15,[1 6],17,38,53,21,36
1,<environment.Job instance at 0x14f1578c6be0>,13,3,[7 2],18,42,45,24,37
1,<environment.Job instance at 0x14f1578c6500>,14,2,[1 8],19,45,47,26,41
1,<environment.Job instance at 0x14f1578c6aa0>,15,3,[1 7],21,47,50,26,42
1,<environment.Job instance at 0x14f1578c6460>,16,13,[ 1 14],22,53,66,31,42
1,<environment.Job instance at 0x14f144736cd0>,17,27,[1 8],23,66,93,43,64
1,<environment.Job instance at 0x14f144736230>,18,3,[1 9],24,93,96,69,67
1,<environment.Job instance at 0x14f1578c6a50>,19,2,[7 2],25,67,69,42,67
1,<environment.Job instance at 0x14f1578c6820>,20,12,[6 1],26,67,79,41,67
1,<environment.Job instance at 0x14f1578c61e0>,21,28,[2 8],29,96,124,67,95
1,<environment.Job instance at 0x14f144928b40>,15,1,[1 7],23,23,24,0,23
1,<environment.Job instance at 0x14f15779acd0>,16,1,[2 9],24,24,25,0,24
1,<environment.Job instance at 0x14f144783a50>,14,13,[ 2 10],22,39,52,17,39
1,<environment.Job instance at 0x14f1578a7050>,19,14,[10  1],29,39,53,10,39
1,<environment.Job instance at 0x14f144913730>,12,3,[5 2],20,145,148,125,145
1,<environment.Job instance at 0x14f1447f9820>,18,1,[ 1 10],27,27,28,0,27
1,<environment.Job instance at 0x14f15431e370>,19,2,[1 5],29,45,47,16,45
1,<environment.Job instance at 0x14f1562c9e60>,16,1,[9 1],25,88,89,63,88
1,<environment.Job instance at 0x14f1447f9dc0>,17,2,[8 1],26,120,122,94,120
1,<environment.Job instance at 0x14f144653640>,5,1,[2 8],12,12,13,0,12
1,<environment.Job instance at 0x14f144653aa0>,7,2,[7 2],17,17,19,0,17
1,<environment.Job instance at 0x14f144653f50>,14,14,[6 1],27,37,51,10,37
1,<environment.Job instance at 0x14f144653eb0>,16,16,[1 7],29,38,54,9,38
1,<environment.Job instance at 0x14f144653910>,12,2,[5 2],24,74,76,50,74
1,<environment.Job instance at 0x14f144653d70>,13,2,[ 2 12],26,138,140,112,138
1,<environment.Job instance at 0x14f1445e1910>,6,3,[1 5],9,40,43,31,40
1,<environment.Job instance at 0x14f1445e1be0>,7,21,[ 2 13],10,43,64,33,42
1,<environment.Job instance at 0x14f1445e14b0>,8,1,[2 8],11,64,65,53,49
1,<environment.Job instance at 0x14f1445e1140>,9,1,[7 1],12,66,67,54,66
1,<environment.Job instance at 0x14f15d45f410>,10,18,[5 2],13,66,84,53,66
1,<environment.Job instance at 0x14f15d45f460>,11,2,[8 2],15,71,73,56,71
1,<environment.Job instance at 0x14f15d45f2d0>,12,3,[1 7],16,81,84,65,81
1,<environment.Job instance at 0x14f15d45fd70>,13,18,[8 1],17,82,100,65,82
1,<environment.Job instance at 0x14f15d45f690>,14,1,[5 2],18,84,85,66,82
1,<environment.Job instance at 0x14f15d45f8c0>,15,1,[1 8],19,87,88,68,87
1,<environment.Job instance at 0x14f15d45f500>,16,3,[1 7],20,95,98,75,95
1,<environment.Job instance at 0x14f15d45f0a0>,17,2,[5 2],22,96,98,74,96
1,<environment.Job instance at 0x14f144b37a50>,18,2,[1 7],24,98,100,74,97
1,<environment.Job instance at 0x14f144b37500>,19,2,[5 2],25,104,106,79,104
1,<environment.Job instance at 0x14f144b37c80>,20,1,[1 6],27,105,106,78,105
1,<environment.Job instance at 0x14f144b37460>,21,12,[7 1],28,105,117,77,105
1,<environment.Job instance at 0x14f144b37140>,22,2,[10  1],29,117,119,88,106
1,<environment.Job instance at 0x14f14459ca50>,1,1,[2 5],4,4,5,0,4
1,<environment.Job instance at 0x14f15ce07050>,10,2,[ 1 10],17,17,19,0,17
1,<environment.Job instance at 0x14f1445eb6e0>,12,21,[7 2],20,20,41,0,20
1,<environment.Job instance at 0x14f144781460>,15,1,[6 1],23,23,24,0,23
1,<environment.Job instance at 0x14f144781a00>,17,3,[1 7],29,29,32,0,29
1,<environment.Job instance at 0x14f15cb534b0>,11,1,[1 8],18,30,31,12,30
1,<environment.Job instance at 0x14f15cb536e0>,14,3,[5 2],24,30,33,6,30
1,<environment.Job instance at 0x14f15cb53be0>,15,2,[ 2 10],25,31,33,6,30
1,<environment.Job instance at 0x14f15cb53d70>,16,15,[8 2],26,30,45,4,30
1,<environment.Job instance at 0x14f15cb53dc0>,17,17,[10  1],28,45,62,17,33
1,<environment.Job instance at 0x14f15ce09fa0>,3,3,[1 9],4,50,53,46,50
1,<environment.Job instance at 0x14f15cb53640>,10,18,[5 2],17,97,115,80,97
1,<environment.Job instance at 0x14f157a26050>,9,18,[ 1 10],16,48,66,32,48
1,<environment.Job instance at 0x14f144973aa0>,16,3,[2 7],26,66,69,40,53
1,<environment.Job instance at 0x14f144973eb0>,17,14,[7 2],27,67,81,40,67
1,<environment.Job instance at 0x14f144973960>,18,2,[ 1 10],29,70,72,41,70
1,<environment.Job instance at 0x14f1584013c0>,3,16,[1 5],8,8,24,0,8
1,<environment.Job instance at 0x14f1577caf50>,6,2,[5 1],13,13,15,0,13
1,<environment.Job instance at 0x14f1577caeb0>,7,1,[2 7],14,14,15,0,14
1,<environment.Job instance at 0x14f1577cafa0>,9,2,[6 1],16,16,18,0,16
1,<environment.Job instance at 0x14f1541ba3c0>,15,1,[7 2],26,26,27,0,26
1,<environment.Job instance at 0x14f144583190>,8,1,[10  1],14,14,15,0,14
1,<environment.Job instance at 0x14f144583500>,9,27,[1 7],15,15,42,0,15
1,<environment.Job instance at 0x14f15cbbdfa0>,17,1,[5 1],29,32,33,3,32
1,<environment.Job instance at 0x14f144583050>,16,3,[2 9],27,42,45,15,42
1,<environment.Job instance at 0x14f144583c80>,13,1,[2 6],23,135,136,112,135
1,<environment.Job instance at 0x14f144583460>,14,2,[1 5],25,153,155,128,153
1,<environment.Job instance at 0x14f144694a00>,2,1,[1 8],5,5,6,0,5
1,<environment.Job instance at 0x14f1444fda50>,15,1,[8 2],21,52,53,31,52
1,<environment.Job instance at 0x14f15f7876e0>,14,1,[2 8],20,53,54,33,53
1,<environment.Job instance at 0x14f15f787280>,16,14,[14  1],22,156,170,134,156
1,<environment.Job instance at 0x14f15cb55a00>,1,1,[1 5],2,2,3,0,2
1,<environment.Job instance at 0x14f1577a0500>,9,3,[6 1],10,10,13,0,10
1,<environment.Job instance at 0x14f15779df00>,10,2,[1 8],11,11,13,0,11
1,<environment.Job instance at 0x14f15779d690>,12,2,[2 8],13,13,15,0,13
1,<environment.Job instance at 0x14f15601cb90>,18,27,[ 2 10],23,25,52,2,25
1,<environment.Job instance at 0x14f14491fc80>,3,1,[7 1],6,6,7,0,6
1,<environment.Job instance at 0x14f15876fe10>,4,2,[7 1],7,7,9,0,7
1,<environment.Job instance at 0x14f15876feb0>,5,1,[7 2],8,8,9,0,8
1,<environment.Job instance at 0x14f1587534b0>,14,2,[1 5],20,21,23,1,21
1,<environment.Job instance at 0x14f1587539b0>,15,1,[1 7],21,31,32,10,31
1,<environment.Job instance at 0x14f158753aa0>,16,3,[2 7],22,37,40,15,37
1,<environment.Job instance at 0x14f158753b90>,17,2,[1 5],23,37,39,14,37
1,<environment.Job instance at 0x14f158753b40>,18,1,[1 9],25,40,41,15,37
1,<environment.Job instance at 0x14f158753cd0>,19,1,[2 5],26,39,40,13,37
1,<environment.Job instance at 0x14f158753d20>,20,15,[7 1],27,37,52,10,37
1,<environment.Job instance at 0x14f158753e10>,21,1,[2 6],28,46,47,18,46
1,<environment.Job instance at 0x14f1562eb050>,7,1,[1 8],9,9,10,0,9
1,<environment.Job instance at 0x14f1562eb410>,9,2,[2 6],11,11,13,0,11
1,<environment.Job instance at 0x14f1562ebf00>,10,3,[9 2],12,12,15,0,12
1,<environment.Job instance at 0x14f1562eb3c0>,11,2,[10  2],13,15,17,2,13
1,<environment.Job instance at 0x14f15788e140>,16,2,[7 2],20,22,24,2,22
1,<environment.Job instance at 0x14f15788e230>,17,13,[5 1],21,23,36,2,23
1,<environment.Job instance at 0x14f15788e5f0>,18,2,[1 8],22,23,25,1,23
1,<environment.Job instance at 0x14f15788ecd0>,14,2,[1 6],17,24,26,7,23
1,<environment.Job instance at 0x14f157891820>,23,3,[7 1],27,43,46,16,43
1,<environment.Job instance at 0x14f154372140>,6,23,[1 6],11,11,34,0,11
1,<environment.Job instance at 0x14f15cacafa0>,11,2,[7 1],22,22,24,0,22
1,<environment.Job instance at 0x14f15caca690>,13,1,[7 1],26,26,27,0,26
1,<environment.Job instance at 0x1476bbe9aa50>,7,1,[2 6],8,8,9,0,8
1,<environment.Job instance at 0x1476bbe9d410>,15,1,[ 1 10],20,20,21,0,20
1,<environment.Job instance at 0x1476bbe80730>,16,1,[2 5],21,21,22,0,21
1,<environment.Job instance at 0x1476bbe7b6e0>,20,2,[ 1 13],27,27,29,0,27
1,<environment.Job instance at 0x1476bbe7b0a0>,22,1,[2 7],30,30,31,0,30
1,<environment.Job instance at 0x1476bbdf1e10>,26,1,[2 7],35,38,39,3,38
1,<environment.Job instance at 0x1476bbdf1690>,28,2,[2 7],37,38,40,1,38
1,<environment.Job instance at 0x1476bbdeb140>,25,2,[2 8],34,85,87,51,85
1,<environment.Job instance at 0x1476bbdf13c0>,27,2,[2 7],36,136,138,100,136
1,<environment.Job instance at 0x1476ba412a00>,2,1,[2 7],3,3,4,0,3
1,<environment.Job instance at 0x1476c19569b0>,1,1,[1 9],5,5,6,0,5
1,<environment.Job instance at 0x1476c1956e60>,9,1,[13  1],14,14,15,0,14
1,<environment.Job instance at 0x1476c1956eb0>,11,1,[2 5],16,16,17,0,16
1,<environment.Job instance at 0x1476c1956780>,12,2,[ 2 10],17,17,19,0,17
1,<environment.Job instance at 0x1476c1974690>,21,3,[7 2],31,31,34,0,31
1,<environment.Job instance at 0x1476c18bdaa0>,22,14,[7 1],32,35,49,3,35
1,<environment.Job instance at 0x1476c18bd230>,25,1,[10  1],37,49,50,12,37
1,<environment.Job instance at 0x1476c18bda50>,26,2,[ 1 10],38,38,40,0,38
1,<environment.Job instance at 0x1476a8c4caf0>,2,1,[1 5],3,3,4,0,3
1,<environment.Job instance at 0x1476a8c4c690>,5,1,[2 5],8,8,9,0,8
1,<environment.Job instance at 0x1476a8bf1c30>,7,2,[14  1],10,15,17,5,15
1,<environment.Job instance at 0x1476a8bf1af0>,11,15,[10  2],15,19,34,4,19
1,<environment.Job instance at 0x1476a8bf1eb0>,14,17,[1 9],19,19,36,0,19
1,<environment.Job instance at 0x1476c0f1d550>,15,13,[2 9],20,36,49,16,20
1,<environment.Job instance at 0x1476c0f1d8c0>,16,1,[2 8],21,49,50,28,21
1,<environment.Job instance at 0x1476c0f1d640>,17,1,[ 2 10],22,50,51,28,23
1,<environment.Job instance at 0x1476c19662d0>,18,1,[ 2 14],23,51,52,28,24
1,<environment.Job instance at 0x1476c1966640>,21,18,[1 8],26,52,70,26,50
1,<environment.Job instance at 0x1476c1966190>,24,3,[ 2 10],32,70,73,38,53
1,<environment.Job instance at 0x1476c19663c0>,25,3,[2 5],33,55,58,22,55
1,<environment.Job instance at 0x1476c1966780>,26,1,[8 1],34,103,104,69,103
1,<environment.Job instance at 0x1476c1966b40>,27,3,[5 2],36,114,117,78,114
1,<environment.Job instance at 0x1476c1966320>,28,15,[9 2],37,126,141,89,126
1,<environment.Job instance at 0x1476c1966a00>,29,18,[2 6],38,140,158,102,140
1,<environment.Job instance at 0x1476c1966050>,30,1,[1 6],39,182,183,143,182
1,<environment.Job instance at 0x14770a942230>,2,1,[1 8],6,11,12,5,11
1,<environment.Job instance at 0x1476a8b00870>,5,2,[1 8],9,12,14,3,11
1,<environment.Job instance at 0x1476a8afb0f0>,7,13,[ 1 14],12,14,27,2,13
1,<environment.Job instance at 0x1476a8afbdc0>,8,27,[1 8],13,27,54,14,26
1,<environment.Job instance at 0x1476a8afb5a0>,9,3,[1 9],14,54,57,40,44
1,<environment.Job instance at 0x1476a8afb5f0>,10,2,[7 2],15,45,47,30,45
1,<environment.Job instance at 0x1476a8afbe60>,11,12,[6 1],16,45,57,29,45
1,<environment.Job instance at 0x1476a8afbb90>,12,28,[2 8],19,57,85,38,56
1,<environment.Job instance at 0x1476a8afbaf0>,13,3,[5 1],23,68,71,45,68
1,<environment.Job instance at 0x1476a8afbd70>,14,15,[1 7],25,71,86,46,70
1,<environment.Job instance at 0x1476a8afba00>,15,3,[ 2 10],26,86,89,60,70
1,<environment.Job instance at 0x1476a8afb190>,16,2,[1 9],28,89,91,61,70
1,<environment.Job instance at 0x1476a8afbaa0>,17,2,[ 2 10],31,91,93,60,70
1,<environment.Job instance at 0x1476a8afbb40>,18,3,[5 2],32,85,88,53,72
1,<environment.Job instance at 0x1476a8af7280>,19,15,[2 7],33,93,108,60,79
1,<environment.Job instance at 0x1476a8af78c0>,20,2,[ 2 10],34,108,110,74,82
1,<environment.Job instance at 0x1476a8af7910>,21,2,[2 9],35,110,112,75,85
1,<environment.Job instance at 0x1476a8af79b0>,22,17,[ 2 10],36,112,129,76,100
1,<environment.Job instance at 0x1476a8af7320>,23,19,[ 1 10],38,129,148,91,119
1,<environment.Job instance at 0x1476a8af7b90>,24,2,[9 1],39,127,129,88,127
1,<environment.Job instance at 0x1476a8afb820>,6,3,[1 7],11,221,224,210,221
1,<environment.Job instance at 0x1476c38941e0>,2,1,[1 7],3,3,4,0,3
1,<environment.Job instance at 0x1476a8aebbe0>,3,1,[2 9],4,4,5,0,4
1,<environment.Job instance at 0x1476b82c1050>,10,2,[2 5],13,18,20,5,18
1,<environment.Job instance at 0x1476baf10230>,15,16,[1 6],19,20,36,1,20
1,<environment.Job instance at 0x1476baf10140>,17,17,[7 1],22,22,39,0,22
1,<environment.Job instance at 0x1476baf10b90>,18,1,[2 6],23,23,24,0,23
1,<environment.Job instance at 0x1476baf10f50>,22,12,[1 5],32,32,44,0,32
1,<environment.Job instance at 0x1476baf10820>,23,2,[6 2],33,33,35,0,33
1,<environment.Job instance at 0x1476baf10aa0>,24,1,[9 1],35,39,40,4,35
1,<environment.Job instance at 0x1476a8cd06e0>,25,2,[8 1],36,40,42,4,36
1,<environment.Job instance at 0x1476a8cd0eb0>,26,1,[ 1 10],37,42,43,5,37
1,<environment.Job instance at 0x1476a8cd0aa0>,27,2,[1 5],39,39,41,0,39
1,<environment.Job instance at 0x1476baf105a0>,21,1,[9 1],31,44,45,13,44
1,<environment.Job instance at 0x1476b82c1730>,7,12,[7 1],10,47,59,37,47
1,<environment.Job instance at 0x1476b82c1320>,8,2,[8 2],11,63,65,52,63
1,<environment.Job instance at 0x1476baf10730>,20,15,[9 2],30,79,94,49,79
1,<environment.Job instance at 0x1476bbdf2a00>,0,1,[2 8],1,1,2,0,1
1,<environment.Job instance at 0x1476a8b89af0>,12,1,[1 6],17,17,18,0,17
1,<environment.Job instance at 0x1476bcb29640>,15,3,[2 7],20,20,23,0,20
1,<environment.Job instance at 0x1476a8fcc730>,16,17,[7 1],22,22,39,0,22
1,<environment.Job instance at 0x1476a8fbe410>,17,1,[2 5],24,24,25,0,24
1,<environment.Job instance at 0x1476c195a4b0>,23,2,[2 5],34,34,36,0,34
1,<environment.Job instance at 0x1476c1876d20>,24,1,[ 2 10],35,36,37,1,35
1,<environment.Job instance at 0x1476c188b050>,26,2,[ 1 10],37,37,39,0,37
1,<environment.Job instance at 0x1476c121c910>,27,3,[7 2],38,38,41,0,38
1,<environment.Job instance at 0x1476a8b89eb0>,7,1,[1 8],9,77,78,68,77
1,<environment.Job instance at 0x1476c187a2d0>,2,1,[6 1],3,3,4,0,3
1,<environment.Job instance at 0x1476a899fdc0>,20,2,[ 2 10],35,35,37,0,35
1,<environment.Job instance at 0x1476a899de10>,8,3,[1 9],14,49,52,35,49
1,<environment.Job instance at 0x1476a899fe10>,22,17,[10  1],38,49,66,11,49
1,<environment.Job instance at 0x1476a899f550>,15,18,[5 2],27,85,103,58,85
1,<environment.Job instance at 0x1476a89a1230>,0,1,[6 2],1,1,2,0,1
1,<environment.Job instance at 0x1476b8132500>,11,3,[ 2 10],20,107,110,87,107
1,<environment.Job instance at 0x1476ba486f50>,23,16,[1 5],38,108,124,70,108
1,<environment.Job instance at 0x1476a8b154b0>,10,1,[7 2],16,16,17,0,16
1,<environment.Job instance at 0x1476a8a55be0>,24,15,[2 8],38,87,102,49,87
1,<environment.Job instance at 0x1476b80cd320>,25,16,[2 8],39,292,308,253,292
1,<environment.Job instance at 0x1476bc77eb40>,5,1,[5 1],9,9,10,0,9
1,<environment.Job instance at 0x1476c1909f00>,9,1,[1 8],15,15,16,0,15
1,<environment.Job instance at 0x1476c1932af0>,19,2,[1 5],28,28,30,0,28
1,<environment.Job instance at 0x1476c1932870>,23,14,[14  1],32,51,65,19,51
1,<environment.Job instance at 0x1476c1932b40>,21,1,[2 8],30,69,70,39,69
1,<environment.Job instance at 0x1476c1932c80>,22,1,[8 2],31,124,125,93,124
1,<environment.Job instance at 0x1476c11f24b0>,5,2,[ 1 10],6,6,8,0,6
1,<environment.Job instance at 0x1476b802b7d0>,11,3,[2 8],12,12,15,0,12
1,<environment.Job instance at 0x1476b802b050>,12,2,[2 8],13,15,17,2,13
1,<environment.Job instance at 0x1476b802b2d0>,13,3,[5 2],16,16,19,0,16
1,<environment.Job instance at 0x1476b802bfa0>,14,1,[6 2],18,18,19,0,18
1,<environment.Job instance at 0x1476b802b3c0>,15,2,[2 8],19,19,21,0,19
1,<environment.Job instance at 0x1476b802b460>,16,1,[6 2],21,21,22,0,21
1,<environment.Job instance at 0x1476b802b780>,17,1,[2 9],22,22,23,0,22
1,<environment.Job instance at 0x1476b802b1e0>,18,27,[ 2 10],23,23,50,0,23
1,<environment.Job instance at 0x1476a8f5ba00>,29,1,[7 2],38,38,39,0,38
1,<environment.Job instance at 0x1476bbe78910>,6,2,[1 5],10,10,12,0,10
1,<environment.Job instance at 0x1476bbe78a50>,7,1,[1 7],11,45,46,34,45
1,<environment.Job instance at 0x1476bbe780f0>,8,3,[2 7],12,45,48,33,45
1,<environment.Job instance at 0x1476bbe78d70>,9,2,[1 5],13,46,48,33,46
1,<environment.Job instance at 0x1476bbe78280>,10,1,[1 9],15,48,49,33,46
1,<environment.Job instance at 0x1476bbe78140>,11,1,[2 5],16,48,49,32,46
1,<environment.Job instance at 0x1476bbe78690>,12,15,[7 1],17,47,62,30,47
1,<environment.Job instance at 0x1476ba6c8820>,13,1,[2 6],18,55,56,37,55
1,<environment.Job instance at 0x1476ba6c8690>,14,1,[2 8],20,58,59,38,58
1,<environment.Job instance at 0x1476a876ea00>,15,1,[2 6],21,61,62,40,61
1,<environment.Job instance at 0x1476a876e780>,16,3,[1 7],23,61,64,38,61
1,<environment.Job instance at 0x1476a8f8b8c0>,17,17,[2 7],24,62,79,38,61
1,<environment.Job instance at 0x1476b8214e60>,18,14,[1 6],25,64,78,39,61
1,<environment.Job instance at 0x1476a8f8bc80>,19,17,[9 1],26,62,79,36,61
1,<environment.Job instance at 0x1476a8f8b820>,20,3,[5 1],27,79,82,52,61
1,<environment.Job instance at 0x1476a8f8b370>,21,1,[10  1],28,79,80,51,62
1,<environment.Job instance at 0x1476b9f1d460>,22,1,[1 8],29,80,81,51,62
1,<environment.Job instance at 0x1476b9f1d410>,23,12,[9 2],30,80,92,50,63
1,<environment.Job instance at 0x1476a87e2aa0>,24,2,[2 6],31,82,84,51,63
1,<environment.Job instance at 0x1476b9f1d640>,25,3,[9 2],32,92,95,60,66
1,<environment.Job instance at 0x1476a8ef0500>,26,2,[10  2],33,95,97,62,69
1,<environment.Job instance at 0x1476a8d2f460>,27,16,[10  2],34,97,113,63,86
1,<environment.Job instance at 0x1476a8b2ff50>,28,16,[ 2 10],35,95,111,60,95
1,<environment.Job instance at 0x1476b9f1d5a0>,29,2,[1 6],37,111,113,74,95
1,<environment.Job instance at 0x1476bbb700f0>,30,15,[2 6],39,111,126,72,97
1,<environment.Job instance at 0x1476bbb70140>,3,1,[2 5],4,4,5,0,4
1,<environment.Job instance at 0x1476ba3c09b0>,6,1,[1 9],12,12,13,0,12
1,<environment.Job instance at 0x1476ba3c0a00>,8,1,[10  2],15,15,16,0,15
1,<environment.Job instance at 0x1476ba3c0280>,9,1,[5 2],16,16,17,0,16
1,<environment.Job instance at 0x1476ba3c0230>,11,2,[ 1 10],20,27,29,7,27
1,<environment.Job instance at 0x1476ba3c0140>,14,2,[1 6],27,29,31,2,27
1,<environment.Job instance at 0x1476ba3c0eb0>,15,3,[1 9],28,30,33,2,30
1,<environment.Job instance at 0x1476ba3b2140>,17,1,[6 2],32,32,33,0,32
1,<environment.Job instance at 0x1476ba3b2230>,20,1,[2 8],39,39,40,0,39
1,<environment.Job instance at 0x1476ba468050>,4,27,[1 7],5,6,33,1,6
1,<environment.Job instance at 0x1476ba468730>,16,13,[10  1],25,25,38,0,25
1,<environment.Job instance at 0x1476a8824a00>,23,3,[6 2],37,45,48,8,45
1,<environment.Job instance at 0x1476a8824320>,24,1,[8 1],39,55,56,16,55
1,<environment.Job instance at 0x1476a8824b40>,1,1,[2 9],4,4,5,0,4
1,<environment.Job instance at 0x1476a8e774b0>,8,3,[1 7],14,14,17,0,14
1,<environment.Job instance at 0x1476a8e776e0>,9,14,[9 2],16,16,30,0,16
1,<environment.Job instance at 0x1476a8e77b90>,11,2,[7 2],18,30,32,12,18
1,<environment.Job instance at 0x1476a8e771e0>,10,1,[10  2],17,32,33,15,19
1,<environment.Job instance at 0x1476a8e77640>,13,3,[1 5],20,20,23,0,20
1,<environment.Job instance at 0x1476a8e77f00>,14,12,[2 9],22,23,35,1,22
1,<environment.Job instance at 0x1476a8e77aa0>,15,3,[9 2],23,33,36,10,23
1,<environment.Job instance at 0x1476a8e77b40>,16,13,[1 9],24,35,48,11,24
1,<environment.Job instance at 0x1476ba46dcd0>,17,2,[1 8],25,48,50,23,25
1,<environment.Job instance at 0x1476ba46d320>,18,12,[1 7],27,48,60,21,31
1,<environment.Job instance at 0x1476ba46d0f0>,19,1,[ 1 10],29,60,61,31,32
1,<environment.Job instance at 0x1476ba46d870>,20,19,[2 5],30,50,69,20,40
1,<environment.Job instance at 0x1476ba46d500>,21,17,[2 9],31,61,78,30,49
1,<environment.Job instance at 0x1476ba46d640>,23,2,[6 2],33,50,52,17,49
1,<environment.Job instance at 0x1476ba46de10>,24,17,[5 2],34,69,86,35,57
1,<environment.Job instance at 0x1476ba46db40>,25,1,[6 1],36,57,58,21,57
1,<environment.Job instance at 0x1476a8980c30>,26,12,[ 1 10],37,78,90,41,61
1,<environment.Job instance at 0x1476a8980a50>,27,3,[2 7],39,90,93,51,64
1,<environment.Job instance at 0x1476a8e775a0>,5,16,[8 1],10,94,110,84,94
1,<environment.Job instance at 0x1476ba4685f0>,2,1,[6 2],3,3,4,0,3
1,<environment.Job instance at 0x1476c0fe5c80>,12,1,[1 5],16,16,17,0,16
1,<environment.Job instance at 0x1476c0fe5eb0>,14,1,[5 2],19,19,20,0,19
1,<environment.Job instance at 0x1476c0fe5f00>,16,25,[9 1],21,21,46,0,21
1,<environment.Job instance at 0x1476c0fd45a0>,19,21,[2 5],25,25,46,0,25
1,<environment.Job instance at 0x1476c0fd4a50>,27,14,[2 6],35,39,53,4,39
1,<environment.Job instance at 0x1476c0fd4cd0>,29,17,[2 5],37,46,63,9,39
1,<environment.Job instance at 0x1476c0fd4e60>,30,2,[10  2],38,46,48,8,39
1,<environment.Job instance at 0x1476c0fd42d0>,22,15,[7 2],29,67,82,38,67
1,<environment.Job instance at 0x1476c0fd4780>,23,15,[6 1],30,163,178,133,163
1,<environment.Job instance at 0x14b02863caa0>,2,1,[2 5],3,3,4,0,3
1,<environment.Job instance at 0x14b020adb5f0>,3,1,[6 2],4,4,5,0,4
1,<environment.Job instance at 0x14b020ae5d70>,15,1,[ 1 10],20,20,21,0,20
1,<environment.Job instance at 0x14b01f03ad70>,16,1,[2 5],21,21,22,0,21
1,<environment.Job instance at 0x14b020aac140>,20,2,[ 1 13],27,34,36,7,34
1,<environment.Job instance at 0x14b020aacd20>,26,1,[2 7],35,36,37,1,35
1,<environment.Job instance at 0x14b020a150a0>,27,2,[2 7],36,36,38,0,36
1,<environment.Job instance at 0x14b020aa1d70>,28,2,[2 7],37,37,39,0,37
1,<environment.Job instance at 0x14b0209d0d70>,33,1,[2 7],43,43,44,0,43
1,<environment.Job instance at 0x14b020aac0a0>,24,12,[ 1 10],32,54,66,22,54
1,<environment.Job instance at 0x14b01c0dec80>,3,1,[1 6],7,7,8,0,7
1,<environment.Job instance at 0x14b01c0dedc0>,12,2,[ 1 10],18,18,20,0,18
1,<environment.Job instance at 0x14b01c0ddc80>,13,1,[7 2],20,20,21,0,20
1,<environment.Job instance at 0x14b01c0ddbe0>,14,2,[1 8],21,21,23,0,21
1,<environment.Job instance at 0x14b01c0dd0f0>,21,2,[14  1],30,34,36,4,34
1,<environment.Job instance at 0x14b01c0da9b0>,28,17,[1 9],39,39,56,0,39
1,<environment.Job instance at 0x14b01c0da2d0>,29,13,[2 9],40,56,69,16,40
1,<environment.Job instance at 0x14b01c0dae10>,30,1,[2 8],41,69,70,28,41
1,<environment.Job instance at 0x14b01c0dafa0>,31,1,[ 2 10],42,70,71,28,42
1,<environment.Job instance at 0x14b01c0dbaf0>,32,1,[ 2 14],43,71,72,28,43
1,<environment.Job instance at 0x14b01c0dba50>,33,1,[8 2],44,44,45,0,44
1,<environment.Job instance at 0x14b01c0dbc80>,35,18,[1 8],46,72,90,26,61
1,<environment.Job instance at 0x14b01c0ddeb0>,23,3,[2 8],32,90,93,58,86
1,<environment.Job instance at 0x14b01c0dd230>,22,1,[5 1],31,108,109,77,108
1,<environment.Job instance at 0x14b01c0dde10>,24,12,[9 2],34,136,148,102,136
1,<environment.Job instance at 0x14b027ae2820>,4,3,[5 2],6,19,22,13,19
1,<environment.Job instance at 0x14b027ae23c0>,6,18,[2 6],8,19,37,11,19
1,<environment.Job instance at 0x14b027ae2f50>,7,1,[1 6],9,19,20,10,19
1,<environment.Job instance at 0x14b027ae2140>,8,1,[1 7],10,20,21,10,20
1,<environment.Job instance at 0x14b027ae2fa0>,9,3,[9 1],13,22,25,9,20
1,<environment.Job instance at 0x14b027ae2320>,10,3,[12  1],14,25,28,11,20
1,<environment.Job instance at 0x14b027ae2780>,11,1,[1 8],16,56,57,40,56
1,<environment.Job instance at 0x14b027ae2c30>,14,2,[1 8],19,58,60,39,58
1,<environment.Job instance at 0x14b027ae21e0>,15,3,[1 7],21,59,62,38,59
1,<environment.Job instance at 0x14b027ae2e60>,16,13,[ 1 14],22,62,75,40,60
1,<environment.Job instance at 0x14b025aecaa0>,17,27,[1 8],23,75,102,52,73
1,<environment.Job instance at 0x14b025aece10>,18,3,[1 9],24,102,105,78,76
1,<environment.Job instance at 0x14b025aec1e0>,19,2,[7 2],25,76,78,51,76
1,<environment.Job instance at 0x14b025aec5a0>,20,12,[6 1],26,76,88,50,76
1,<environment.Job instance at 0x14b025aec550>,21,28,[2 8],29,105,133,76,104
1,<environment.Job instance at 0x14b025aec780>,25,2,[1 9],38,133,135,95,106
1,<environment.Job instance at 0x14b025aec8c0>,26,2,[ 2 10],41,135,137,94,110
1,<environment.Job instance at 0x14b025aecbe0>,27,3,[5 2],42,110,113,68,110
1,<environment.Job instance at 0x14b025aecc30>,28,15,[2 7],43,113,128,70,110
1,<environment.Job instance at 0x14b025aecf00>,29,2,[ 2 10],44,137,139,93,110
1,<environment.Job instance at 0x14b025aec050>,30,2,[2 9],45,139,141,94,113
1,<environment.Job instance at 0x14b025aeca50>,31,17,[ 2 10],46,141,158,95,135
1,<environment.Job instance at 0x14affd6f96e0>,2,1,[1 7],3,3,4,0,3
1,<environment.Job instance at 0x14affd6f9820>,3,1,[2 9],4,4,5,0,4
1,<environment.Job instance at 0x14affd82ee10>,10,2,[2 5],13,18,20,5,18
1,<environment.Job instance at 0x14b0209a1cd0>,17,17,[7 1],22,61,78,39,61
1,<environment.Job instance at 0x14b0209a1b40>,24,1,[9 1],35,78,79,43,61
1,<environment.Job instance at 0x14b0209a18c0>,31,1,[2 6],46,64,65,18,64
1,<environment.Job instance at 0x14b0209a1730>,32,2,[1 6],47,64,66,17,64
1,<environment.Job instance at 0x14b0209a1910>,25,2,[8 1],36,67,69,31,67
1,<environment.Job instance at 0x14affd82e320>,8,2,[8 2],11,113,115,102,113
1,<environment.Job instance at 0x14b0209a1410>,26,1,[ 1 10],37,135,136,98,135
1,<environment.Job instance at 0x14affd82e640>,9,3,[8 1],12,166,169,154,166
1,<environment.Job instance at 0x14b01eb38f00>,5,3,[8 1],12,12,15,0,12
1,<environment.Job instance at 0x14b01eb38550>,6,1,[7 2],13,13,14,0,13
1,<environment.Job instance at 0x14b021736f00>,7,2,[5 2],14,14,16,0,14
1,<environment.Job instance at 0x14b01eb38140>,8,2,[ 2 12],16,16,18,0,16
1,<environment.Job instance at 0x14affd8d4640>,1,1,[2 5],4,4,5,0,4
1,<environment.Job instance at 0x14b01c1390a0>,10,2,[ 1 10],17,17,19,0,17
1,<environment.Job instance at 0x14affd6baf50>,12,21,[7 2],20,20,41,0,20
1,<environment.Job instance at 0x14b025bec4b0>,19,20,[8 2],32,41,61,9,41
1,<environment.Job instance at 0x14b02658a230>,23,2,[2 7],41,45,47,4,45
1,<environment.Job instance at 0x14b01f08ac80>,21,3,[1 9],34,94,97,60,94
1,<environment.Job instance at 0x14b026486960>,22,3,[1 8],38,234,237,196,234
1,<environment.Job instance at 0x14b0209b8d70>,8,15,[ 1 11],17,18,33,1,18
1,<environment.Job instance at 0x14affd7d93c0>,14,1,[9 2],25,25,26,0,25
1,<environment.Job instance at 0x14b0209b8870>,16,2,[1 6],28,33,35,5,28
1,<environment.Job instance at 0x14affd7cf910>,17,3,[ 2 10],30,35,38,5,30
1,<environment.Job instance at 0x14b0264e3960>,18,1,[7 2],31,31,32,0,31
1,<environment.Job instance at 0x14b0264e3870>,21,1,[6 2],35,35,36,0,35
1,<environment.Job instance at 0x14b0209b8a00>,9,2,[8 1],18,37,39,19,37
1,<environment.Job instance at 0x14affdb18370>,24,2,[ 1 10],39,42,44,3,42
1,<environment.Job instance at 0x14b02657e690>,25,3,[10  2],40,50,53,10,50
1,<environment.Job instance at 0x14b01c022cd0>,29,16,[1 5],48,51,67,3,51
1,<environment.Job instance at 0x14b01f0c08c0>,5,2,[ 2 12],10,84,86,74,84
1,<environment.Job instance at 0x14b0209b8230>,6,1,[6 2],11,96,97,85,96
1,<environment.Job instance at 0x14b0209b8280>,7,3,[2 7],13,198,201,185,198
1,<environment.Job instance at 0x14affd5e5410>,10,1,[7 2],16,16,17,0,16
1,<environment.Job instance at 0x14affd5e5be0>,16,2,[2 9],25,25,27,0,25
1,<environment.Job instance at 0x14affd5e7550>,27,1,[2 6],43,43,44,0,43
1,<environment.Job instance at 0x14affd5e78c0>,28,2,[1 5],45,45,47,0,45
1,<environment.Job instance at 0x14affd5e79b0>,29,2,[8 1],46,46,48,0,46
1,<environment.Job instance at 0x14affd5e7b40>,30,3,[2 9],47,50,53,3,50
1,<environment.Job instance at 0x14affd5e70a0>,22,1,[10  1],34,70,71,36,70
1,<environment.Job instance at 0x14affd5e7b90>,31,1,[5 1],49,135,136,86,135
1,<environment.Job instance at 0x14affd5e7050>,23,27,[1 7],35,167,194,132,167
1,<environment.Job instance at 0x14affd5e9f00>,0,2,[1 9],1,1,3,0,1
1,<environment.Job instance at 0x14affd5e7050>,2,1,[1 8],5,5,6,0,5
1,<environment.Job instance at 0x14b01c3649b0>,12,2,[1 5],18,18,20,0,18
1,<environment.Job instance at 0x14affd8b1aa0>,17,2,[6 1],24,24,26,0,24
1,<environment.Job instance at 0x14affd8b16e0>,20,3,[ 2 11],30,30,33,0,30
1,<environment.Job instance at 0x14affd8b1690>,21,2,[1 7],31,33,35,2,31
1,<environment.Job instance at 0x14affd8b1d20>,22,1,[1 5],32,33,34,1,32
1,<environment.Job instance at 0x14b027b22aa0>,26,2,[ 1 10],36,40,42,4,40
1,<environment.Job instance at 0x14b027b22960>,24,3,[1 6],34,47,50,13,47
1,<environment.Job instance at 0x14b027b229b0>,28,15,[7 2],38,47,62,9,47
1,<environment.Job instance at 0x14b027b221e0>,29,16,[2 8],39,50,66,11,48
1,<environment.Job instance at 0x14b027b22730>,33,2,[2 8],43,66,68,23,48
1,<environment.Job instance at 0x14affda43aa0>,34,3,[5 2],46,48,51,2,48
1,<environment.Job instance at 0x14affda43140>,35,1,[6 2],48,51,52,3,48
1,<environment.Job instance at 0x14b01c2f0f50>,36,2,[2 8],49,68,70,19,49
1,<environment.Job instance at 0x14b0285dbc30>,32,3,[2 8],42,74,77,32,74
1,<environment.Job instance at 0x14affd8b1870>,15,1,[8 2],21,74,75,53,74
1,<environment.Job instance at 0x14b027b22910>,31,2,[1 8],41,78,80,37,78
1,<environment.Job instance at 0x14affd8b1a00>,16,14,[14  1],22,189,203,167,189
1,<environment.Job instance at 0x14affd8b1280>,1,1,[2 9],2,2,3,0,2
1,<environment.Job instance at 0x14affd73b230>,5,1,[5 2],7,7,8,0,7
1,<environment.Job instance at 0x14b0213e38c0>,17,3,[1 7],23,23,26,0,23
1,<environment.Job instance at 0x14b0276835a0>,23,1,[1 7],31,38,39,7,38
1,<environment.Job instance at 0x14b025b924b0>,5,2,[1 6],7,7,9,0,7
1,<environment.Job instance at 0x14b025b92a00>,11,1,[2 5],14,14,15,0,14
1,<environment.Job instance at 0x14b025b92d70>,17,1,[ 2 10],20,20,21,0,20
1,<environment.Job instance at 0x14b025b92fa0>,18,2,[10  2],22,22,24,0,22
1,<environment.Job instance at 0x14b025b92e60>,19,3,[7 1],26,26,29,0,26
1,<environment.Job instance at 0x14b025b76320>,20,3,[2 8],27,27,30,0,27
1,<environment.Job instance at 0x14b025b76460>,21,3,[1 9],28,30,33,2,28
1,<environment.Job instance at 0x14b025b760f0>,24,23,[1 6],31,36,59,5,36
1,<environment.Job instance at 0x14b025b92cd0>,16,25,[12  1],19,46,71,27,46
1,<environment.Job instance at 0x14b025b66320>,33,14,[2 5],48,49,63,1,49
1,<environment.Job instance at 0x14b025b92b90>,14,3,[7 1],17,75,78,58,75
1,<environment.Job instance at 0x14b025b92c30>,15,13,[10  1],18,118,131,100,118
1,<environment.Job instance at 0x14b01c2fc370>,6,1,[1 9],12,12,13,0,12
1,<environment.Job instance at 0x14b02178a280>,8,1,[10  2],15,15,16,0,15
1,<environment.Job instance at 0x14b02178a460>,9,1,[5 2],16,16,17,0,16
1,<environment.Job instance at 0x14b02178adc0>,10,26,[2 8],18,23,49,5,23
1,<environment.Job instance at 0x14b01c2e5fa0>,17,1,[6 2],32,32,33,0,32
1,<environment.Job instance at 0x14b01c2e5a00>,22,2,[6 2],41,41,43,0,41
1,<environment.Job instance at 0x14affdb92690>,29,2,[6 1],49,114,116,65,114
1,<environment.Job instance at 0x14b027ae33c0>,13,1,[ 1 12],26,26,27,0,26
1,<environment.Job instance at 0x14b027ae3b90>,15,1,[8 1],29,29,30,0,29
1,<environment.Job instance at 0x14b027ae3730>,16,3,[1 9],31,31,34,0,31
1,<environment.Job instance at 0x14b027ae38c0>,17,1,[2 9],34,34,35,0,34
1,<environment.Job instance at 0x14b027ae37d0>,18,2,[7 2],35,35,37,0,35
1,<environment.Job instance at 0x14b027ae31e0>,22,2,[7 1],41,45,47,4,45
1,<environment.Job instance at 0x14b027ae3c30>,23,16,[ 1 10],42,45,61,3,45
1,<environment.Job instance at 0x14b027ae3e10>,24,3,[2 5],44,47,50,3,45
1,<environment.Job instance at 0x14b027ae3320>,25,1,[8 1],45,50,51,5,45
1,<environment.Job instance at 0x14b01c2c4190>,26,28,[5 1],46,50,78,4,50
1,<environment.Job instance at 0x14b01c2c4820>,27,13,[8 2],47,73,86,26,73
1,<environment.Job instance at 0x14b01c2c41e0>,28,18,[5 1],48,84,102,36,84
1,<environment.Job instance at 0x14b01c2c4b90>,29,15,[6 1],49,96,111,47,96
1,<environment.Job instance at 0x14b025b8e3c0>,10,3,[2 8],19,143,146,124,143
1,<environment.Job instance at 0x14b027ae3280>,21,3,[9 2],38,196,199,158,196
1,<environment.Job instance at 0x14affd7cdcd0>,0,1,[6 2],1,1,2,0,1
1,<environment.Job instance at 0x14b025bcadc0>,2,1,[7 1],4,4,5,0,4
1,<environment.Job instance at 0x14affd7cd230>,4,3,[ 1 10],6,6,9,0,6
1,<environment.Job instance at 0x14affd7cdfa0>,5,3,[1 5],7,7,10,0,7
1,<environment.Job instance at 0x14affd7cd9b0>,6,3,[2 7],8,9,12,1,8
1,<environment.Job instance at 0x14affd7cdeb0>,8,2,[2 8],10,10,12,0,10
1,<environment.Job instance at 0x14affd7cd050>,9,2,[5 1],11,12,14,1,11
1,<environment.Job instance at 0x14b025e1b0a0>,11,1,[1 9],17,17,18,0,17
1,<environment.Job instance at 0x14affdaafe60>,18,25,[8 1],29,29,54,0,29
1,<environment.Job instance at 0x14affdaafd70>,25,2,[7 2],38,47,49,9,47
1,<environment.Job instance at 0x14b02489edc0>,31,2,[1 8],45,62,64,17,62
1,<environment.Job instance at 0x14b02489e640>,33,1,[ 1 10],49,64,65,15,62
1,<environment.Job instance at 0x14affdaafb40>,28,12,[2 9],42,65,77,23,62
1,<environment.Job instance at 0x14affdaaf3c0>,22,3,[1 7],34,105,108,71,105
1,<environment.Job instance at 0x14affdaaf370>,24,1,[10  2],37,128,129,91,128
1,<environment.Job instance at 0x14b01f0b7410>,7,1,[1 6],10,10,11,0,10
1,<environment.Job instance at 0x14b01f0b7cd0>,9,1,[1 7],12,12,13,0,12
1,<environment.Job instance at 0x14b01efd07d0>,10,1,[6 2],13,13,14,0,13
1,<environment.Job instance at 0x14b01efd00a0>,16,2,[7 2],20,26,28,6,26
1,<environment.Job instance at 0x14b01efd0e10>,19,1,[8 1],24,29,30,5,29
1,<environment.Job instance at 0x14affdbcccd0>,21,1,[10  1],28,33,34,5,33
1,<environment.Job instance at 0x14affdbccbe0>,22,1,[5 2],29,33,34,4,33
1,<environment.Job instance at 0x14affdbcc870>,23,17,[10  1],30,35,52,5,35
1,<environment.Job instance at 0x14affdbcc500>,25,1,[10  2],33,52,53,19,35
1,<environment.Job instance at 0x14b01c26aa50>,28,15,[5 2],36,36,51,0,36
1,<environment.Job instance at 0x14b01c26a2d0>,30,15,[7 2],39,53,68,14,39
1,<environment.Job instance at 0x14b01c26a1e0>,31,15,[6 1],40,53,68,13,40
1,<environment.Job instance at 0x14affdaa07d0>,32,2,[2 9],41,51,53,10,41
1,<environment.Job instance at 0x14b01c26a730>,33,2,[1 5],42,53,55,11,42
1,<environment.Job instance at 0x14b02174bd20>,34,16,[1 8],43,55,71,12,43
1,<environment.Job instance at 0x14b02174baa0>,35,14,[2 6],45,68,82,23,53
1,<environment.Job instance at 0x14b02174bfa0>,36,1,[9 1],46,68,69,22,53
1,<environment.Job instance at 0x14b02174bd70>,37,17,[2 5],47,71,88,24,59
1,<environment.Job instance at 0x14b02174bb90>,38,2,[10  2],48,71,73,23,59
1,<environment.Job instance at 0x14affdbcc550>,27,21,[2 5],35,82,103,47,82
1,<environment.Job instance at 0x14b01efd0aa0>,14,14,[8 2],17,111,125,94,111
1,<environment.Job instance at 0x14b01c26a410>,29,3,[2 7],38,129,132,91,129
1,<environment.Job instance at 0x14affd908410>,2,1,[1 7],3,3,4,0,3
1,<environment.Job instance at 0x14affd908a50>,4,1,[6 2],7,7,8,0,7
1,<environment.Job instance at 0x14affd908690>,5,1,[5 1],8,9,10,1,9
1,<environment.Job instance at 0x14b02094acd0>,6,1,[2 6],10,10,11,0,10
1,<environment.Job instance at 0x14affd9d8f00>,13,2,[ 1 10],18,18,20,0,18
1,<environment.Job instance at 0x14affd774820>,19,13,[2 8],26,26,39,0,26
1,<environment.Job instance at 0x14affd7890a0>,20,16,[6 1],27,27,43,0,27
1,<environment.Job instance at 0x14b027add690>,21,1,[8 2],28,39,40,11,28
1,<environment.Job instance at 0x14b021349eb0>,22,1,[5 2],29,29,30,0,29
1,<environment.Job instance at 0x14b0207a2be0>,24,1,[1 8],31,39,40,8,31
1,<environment.Job instance at 0x14b01c2a19b0>,17,17,[7 1],24,40,57,16,32
1,<environment.Job instance at 0x14b0207a2820>,25,2,[6 2],32,565,567,533,565
1,<environment.Job instance at 0x14b020a8c0a0>,27,1,[6 2],35,598,599,563,598
1,<environment.Job instance at 0x14b020a8cd70>,28,3,[8 2],36,1978,1981,1942,1978
1,<environment.Job instance at 0x14b020789190>,3,22,[8 1],5,5,27,0,5
1,<environment.Job instance at 0x14b026592690>,14,22,[2 6],19,19,41,0,19
1,<environment.Job instance at 0x14b026592780>,15,1,[ 1 14],20,41,42,21,20
1,<environment.Job instance at 0x14b026592af0>,18,2,[9 1],24,27,29,3,24
1,<environment.Job instance at 0x14b026592e10>,21,1,[5 1],29,29,30,0,29
1,<environment.Job instance at 0x14b026592f50>,22,2,[7 2],30,30,32,0,30
1,<environment.Job instance at 0x14b02656f0a0>,24,3,[1 8],33,72,75,39,72
1,<environment.Job instance at 0x14b026592dc0>,25,1,[ 2 10],34,121,122,87,121
1,<environment.Job instance at 0x14b02656f230>,26,2,[7 2],36,318,320,282,318
1,<environment.Job instance at 0x14b02656f140>,27,1,[6 1],37,318,319,281,318
1,<environment.Job instance at 0x14b02656f280>,28,2,[6 1],39,319,321,280,318
1,<environment.Job instance at 0x14b02656f410>,29,17,[1 7],40,428,445,388,428
1,<environment.Job instance at 0x14b02656f500>,30,15,[10  2],44,554,569,510,554
1,<environment.Job instance at 0x14b02656f4b0>,31,2,[7 2],45,569,571,524,567
1,<environment.Job instance at 0x14b02656f460>,32,1,[1 5],47,568,569,521,568
1,<environment.Job instance at 0x14b02656f690>,33,14,[5 2],49,569,583,520,569
1,<environment.Job instance at 0x14affd4049b0>,7,2,[ 1 11],17,17,19,0,17
1,<environment.Job instance at 0x14affd404640>,9,1,[1 8],20,20,21,0,20
1,<environment.Job instance at 0x14b02085dfa0>,28,1,[1 9],41,67,68,26,67
1,<environment.Job instance at 0x14affd410320>,16,3,[ 2 14],27,68,71,41,67
1,<environment.Job instance at 0x14b02085d910>,30,1,[6 1],43,67,68,24,67
1,<environment.Job instance at 0x14b02085dd20>,31,3,[5 2],44,71,74,27,67
1,<environment.Job instance at 0x14b02085dbe0>,32,16,[7 1],45,67,83,22,67
1,<environment.Job instance at 0x14b02085d820>,33,2,[8 2],46,74,76,28,67
1,<environment.Job instance at 0x14b02085d500>,34,1,[9 2],47,83,84,36,67
1,<environment.Job instance at 0x14b02085d140>,35,2,[1 7],48,71,73,23,67
1,<environment.Job instance at 0x14affd410a50>,14,1,[8 2],25,90,91,65,90
1,<environment.Job instance at 0x150cd69ef5f0>,7,1,[2 6],8,8,9,0,8
1,<environment.Job instance at 0x150cd6a19f50>,14,2,[ 1 10],18,18,20,0,18
1,<environment.Job instance at 0x150cd6a19b40>,15,1,[ 1 10],20,20,21,0,20
1,<environment.Job instance at 0x150cde52b8c0>,16,1,[2 5],21,21,22,0,21
1,<environment.Job instance at 0x150cd69f3960>,20,2,[ 1 13],27,27,29,0,27
1,<environment.Job instance at 0x150cd69e8d20>,22,1,[2 7],30,30,31,0,30
1,<environment.Job instance at 0x150cd69e87d0>,25,2,[2 8],34,34,36,0,34
1,<environment.Job instance at 0x150cd695f780>,26,1,[2 7],35,35,36,0,35
1,<environment.Job instance at 0x150cd6920050>,27,2,[2 7],36,36,38,0,36
1,<environment.Job instance at 0x150cd695e1e0>,28,2,[2 7],37,37,39,0,37
1,<environment.Job instance at 0x150cd691a0f0>,33,1,[2 7],43,43,44,0,43
1,<environment.Job instance at 0x150cd691fd70>,31,3,[9 2],41,46,49,5,46
1,<environment.Job instance at 0x150cd6960370>,35,2,[1 8],45,46,48,1,46
1,<environment.Job instance at 0x150cd52168c0>,41,25,[12  2],54,54,79,0,54
1,<environment.Job instance at 0x150cd4f8ab90>,2,1,[2 9],5,5,6,0,5
1,<environment.Job instance at 0x150cd4a87b40>,16,3,[9 2],28,32,35,4,32
1,<environment.Job instance at 0x150cd4a87cd0>,17,3,[10  1],29,35,38,6,32
1,<environment.Job instance at 0x150cd4a87e60>,18,12,[9 1],31,38,50,7,32
1,<environment.Job instance at 0x150cd4a87730>,19,3,[2 9],32,32,35,0,32
1,<environment.Job instance at 0x150cd4a875f0>,21,1,[13  1],34,50,51,16,34
1,<environment.Job instance at 0x150cd4a87be0>,22,3,[1 9],35,35,38,0,35
1,<environment.Job instance at 0x150cd4a87c80>,23,1,[2 5],36,36,37,0,36
1,<environment.Job instance at 0x150cd4d02820>,24,2,[ 2 10],37,38,40,1,37
1,<environment.Job instance at 0x150cd4d02c30>,25,3,[2 9],39,40,43,1,39
1,<environment.Job instance at 0x150cd4d02500>,27,2,[6 2],43,43,45,0,43
1,<environment.Job instance at 0x150cd4d02640>,28,3,[6 2],46,46,49,0,46
1,<environment.Job instance at 0x150cd4d02870>,29,1,[1 6],47,49,50,2,47
1,<environment.Job instance at 0x150cd521a5a0>,30,2,[2 5],48,49,51,1,48
1,<environment.Job instance at 0x150cd521a780>,31,2,[ 1 10],49,51,53,2,49
1,<environment.Job instance at 0x150cd521ac80>,32,3,[2 9],50,53,56,3,50
1,<environment.Job instance at 0x150cd521acd0>,33,3,[7 2],51,51,54,0,51
1,<environment.Job instance at 0x150cd521ab90>,36,12,[2 8],55,56,68,1,55
1,<environment.Job instance at 0x150cdbac3e60>,37,1,[10  1],57,57,58,0,57
1,<environment.Job instance at 0x150cd4fb94b0>,38,2,[ 1 10],58,68,70,10,58
1,<environment.Job instance at 0x150cd4a87230>,14,17,[8 1],26,72,89,46,72
1,<environment.Job instance at 0x150cd0016eb0>,4,1,[2 7],7,7,8,0,7
1,<environment.Job instance at 0x150cd0016320>,7,2,[14  1],10,10,12,0,10
1,<environment.Job instance at 0x150cd00142d0>,8,1,[5 1],11,12,13,1,11
1,<environment.Job instance at 0x150cd0014140>,13,16,[8 1],17,21,37,4,21
1,<environment.Job instance at 0x150cd0014f50>,16,1,[2 8],21,21,22,0,21
1,<environment.Job instance at 0x150cd4fc13c0>,18,1,[ 2 14],23,23,24,0,23
1,<environment.Job instance at 0x150cd4fc15f0>,19,1,[8 2],24,37,38,13,24
1,<environment.Job instance at 0x150cd4fc12d0>,20,15,[5 1],25,26,41,1,26
1,<environment.Job instance at 0x150cd4fc1eb0>,22,2,[ 1 10],30,30,32,0,30
1,<environment.Job instance at 0x150cd4fc1e10>,23,3,[11  2],31,41,44,10,31
1,<environment.Job instance at 0x150cd4fc1f50>,24,3,[ 2 10],32,32,35,0,32
1,<environment.Job instance at 0x150cd5a7d410>,25,3,[2 5],33,35,38,2,33
1,<environment.Job instance at 0x150cd5a7d190>,26,1,[8 1],34,38,39,4,34
1,<environment.Job instance at 0x150cd5a7d050>,27,3,[5 2],36,44,47,8,36
1,<environment.Job instance at 0x150cd5a7dcd0>,30,1,[1 6],39,39,40,0,39
1,<environment.Job instance at 0x150cd5a7db90>,31,1,[1 7],40,40,41,0,40
1,<environment.Job instance at 0x150cdc427910>,32,3,[9 1],43,44,47,1,43
1,<environment.Job instance at 0x150cdc4270f0>,33,3,[12  1],44,47,50,3,44
1,<environment.Job instance at 0x150cdc427b90>,34,1,[1 8],46,46,47,0,46
1,<environment.Job instance at 0x150cdc4273c0>,35,15,[1 6],47,49,64,2,49
1,<environment.Job instance at 0x150cdc427f50>,38,3,[1 7],51,51,54,0,51
1,<environment.Job instance at 0x150cdc4279b0>,37,2,[1 8],49,54,56,5,52
1,<environment.Job instance at 0x150cdc427780>,40,27,[1 8],53,56,83,3,54
1,<environment.Job instance at 0x150cdc4275a0>,41,3,[1 9],54,83,86,29,57
1,<environment.Job instance at 0x150cdc427e10>,42,2,[7 2],55,64,66,9,57
1,<environment.Job instance at 0x150cdc427cd0>,43,12,[6 1],56,57,69,1,57
1,<environment.Job instance at 0x150cd01c5140>,14,13,[ 2 10],22,22,35,0,22
1,<environment.Job instance at 0x150cd01c5460>,15,1,[1 7],23,35,36,12,23
1,<environment.Job instance at 0x150cd01c5e10>,16,1,[2 9],24,36,37,12,34
1,<environment.Job instance at 0x150cd01c5dc0>,18,3,[ 2 10],27,37,40,10,36
1,<environment.Job instance at 0x150cd01c5820>,19,14,[10  1],29,36,50,7,36
1,<environment.Job instance at 0x150cd01c5690>,20,12,[7 1],30,50,62,20,36
1,<environment.Job instance at 0x150cd01c55a0>,24,3,[6 1],34,50,53,16,38
1,<environment.Job instance at 0x150cd01c5230>,25,2,[10  1],35,62,64,27,39
1,<environment.Job instance at 0x150cd01a6780>,28,16,[1 6],39,51,67,12,51
1,<environment.Job instance at 0x150cd01a6b40>,32,16,[9 1],46,64,80,18,52
1,<environment.Job instance at 0x150cd01a6730>,33,15,[9 2],50,80,95,30,74
1,<environment.Job instance at 0x150cd01a1370>,12,3,[5 2],20,99,102,79,99
1,<environment.Job instance at 0x150cd01a6050>,31,1,[2 6],43,137,138,94,137
1,<environment.Job instance at 0x150ccb631460>,5,1,[2 8],12,12,13,0,12
1,<environment.Job instance at 0x150ccb802190>,11,1,[7 2],23,23,24,0,23
1,<environment.Job instance at 0x150cd69889b0>,13,2,[ 2 12],26,27,29,1,27
1,<environment.Job instance at 0x150cd6988320>,18,2,[6 2],32,32,34,0,32
1,<environment.Job instance at 0x150cd6988a50>,19,1,[1 5],33,33,34,0,33
1,<environment.Job instance at 0x150cdc478730>,1,1,[2 5],4,4,5,0,4
1,<environment.Job instance at 0x150cd6711c80>,10,2,[ 1 10],17,17,19,0,17
1,<environment.Job instance at 0x150cd6711cd0>,11,3,[7 2],18,18,21,0,18
1,<environment.Job instance at 0x150cd6711e60>,12,21,[7 2],20,20,41,0,20
1,<environment.Job instance at 0x150cdba6ebe0>,23,2,[2 7],41,41,43,0,41
1,<environment.Job instance at 0x150cdba6e910>,24,2,[9 2],42,42,44,0,42
1,<environment.Job instance at 0x150cdba6e7d0>,25,3,[5 2],43,43,46,0,43
1,<environment.Job instance at 0x150cdba6e1e0>,26,16,[7 2],44,44,60,0,44
1,<environment.Job instance at 0x150cde47feb0>,32,3,[5 2],54,54,57,0,54
1,<environment.Job instance at 0x150cdda2fdc0>,33,2,[ 2 10],55,55,57,0,55
1,<environment.Job instance at 0x150cdda2f2d0>,34,15,[8 2],56,58,73,2,58
1,<environment.Job instance at 0x150cdda2f550>,35,17,[10  1],58,78,95,20,78
1,<environment.Job instance at 0x150cdba6ec80>,21,3,[1 9],34,110,113,76,110
1,<environment.Job instance at 0x150cdba6e9b0>,22,3,[1 8],38,127,130,89,127
1,<environment.Job instance at 0x150cdbb2e7d0>,0,1,[6 2],1,1,2,0,1
1,<environment.Job instance at 0x150cdbb2eaa0>,8,1,[9 2],15,81,82,66,81
1,<environment.Job instance at 0x150ccb817780>,19,3,[10  2],30,84,87,54,84
1,<environment.Job instance at 0x150ccb7bfa00>,20,2,[2 9],31,85,87,54,85
1,<environment.Job instance at 0x150cdc528870>,22,18,[6 2],36,87,105,51,86
1,<environment.Job instance at 0x150cdc51ddc0>,23,16,[1 5],38,118,134,80,118
1,<environment.Job instance at 0x150cd00b3f50>,34,2,[9 2],55,131,133,76,131
1,<environment.Job instance at 0x150cd00b3640>,35,1,[7 2],56,478,479,422,478
1,<environment.Job instance at 0x150cdc512aa0>,5,12,[5 2],8,8,20,0,8
1,<environment.Job instance at 0x150cd0129960>,6,3,[8 1],9,9,12,0,9
1,<environment.Job instance at 0x150cd01290a0>,7,3,[8 1],13,13,16,0,13
1,<environment.Job instance at 0x150ccb692eb0>,8,1,[10  1],14,16,17,2,14
1,<environment.Job instance at 0x150ccb6924b0>,9,27,[1 7],15,17,44,2,15
1,<environment.Job instance at 0x150ccb7df870>,20,3,[2 8],32,32,35,0,32
1,<environment.Job instance at 0x150ccb7ad190>,17,1,[5 1],29,35,36,6,35
1,<environment.Job instance at 0x150cd76d1af0>,23,3,[1 6],37,37,40,0,37
1,<environment.Job instance at 0x150cd010ca00>,24,2,[8 2],38,38,40,0,38
1,<environment.Job instance at 0x150cd010cfa0>,27,2,[1 7],42,48,50,6,48
1,<environment.Job instance at 0x150ccb883d70>,30,2,[1 8],46,50,52,4,50
1,<environment.Job instance at 0x150ccb8838c0>,31,2,[1 5],48,50,52,2,50
1,<environment.Job instance at 0x150cd68a3a50>,21,1,[1 8],35,62,63,27,62
1,<environment.Job instance at 0x150ccb734780>,34,1,[8 2],51,71,72,20,71
1,<environment.Job instance at 0x150ccb7343c0>,36,2,[6 1],54,71,73,17,71
1,<environment.Job instance at 0x150ccb734b40>,37,3,[10  1],56,73,76,17,71
1,<environment.Job instance at 0x150ccb750190>,3,3,[1 6],4,4,7,0,4
1,<environment.Job instance at 0x150ccb51d500>,5,2,[ 1 10],6,7,9,1,6
1,<environment.Job instance at 0x150ccb51d6e0>,9,3,[6 1],10,10,13,0,10
1,<environment.Job instance at 0x150ccb51da00>,10,2,[1 8],11,11,13,0,11
1,<environment.Job instance at 0x150ccb51db40>,11,3,[2 8],12,13,16,1,12
1,<environment.Job instance at 0x150ccb51dc80>,12,2,[2 8],13,16,18,3,13
1,<environment.Job instance at 0x150ccb51ddc0>,13,3,[5 2],16,16,19,0,16
1,<environment.Job instance at 0x150ccb51de10>,14,1,[6 2],18,18,19,0,18
1,<environment.Job instance at 0x150ccb51df00>,15,2,[2 8],19,19,21,0,19
1,<environment.Job instance at 0x150ccb51da50>,16,1,[6 2],21,21,22,0,21
1,<environment.Job instance at 0x150ccb51f2d0>,17,1,[2 9],22,22,23,0,22
1,<environment.Job instance at 0x150ccb51f460>,18,27,[ 2 10],23,23,50,0,23
1,<environment.Job instance at 0x150ccb521370>,38,2,[1 5],50,50,52,0,50
1,<environment.Job instance at 0x150ccb521c30>,39,1,[1 7],51,52,53,1,52
1,<environment.Job instance at 0x150ccb521d20>,40,3,[2 7],52,52,55,0,52
1,<environment.Job instance at 0x150ccb521f00>,41,2,[1 5],53,53,55,0,53
1,<environment.Job instance at 0x150ccb521eb0>,42,1,[1 9],55,56,57,1,56
1,<environment.Job instance at 0x150ccb521a50>,43,1,[2 5],56,57,58,1,57
1,<environment.Job instance at 0x150ccb524280>,44,15,[7 1],57,62,77,5,62
1,<environment.Job instance at 0x150ccb5240f0>,45,1,[2 6],58,76,77,18,76
1,<environment.Job instance at 0x150ccb4a6b90>,0,1,[2 6],1,1,2,0,1
1,<environment.Job instance at 0x150ccb35db90>,14,2,[1 6],17,20,22,3,20
1,<environment.Job instance at 0x150ccb32e0f0>,16,2,[7 2],20,24,26,4,24
1,<environment.Job instance at 0x150ccb35d640>,15,15,[2 6],19,24,39,5,24
1,<environment.Job instance at 0x150cdc4b9320>,5,3,[5 1],7,24,27,17,24
1,<environment.Job instance at 0x150ccb2e9b40>,20,1,[2 5],24,26,27,2,24
1,<environment.Job instance at 0x150ccb32e730>,17,13,[5 1],21,26,39,5,25
1,<environment.Job instance at 0x150ccb32afa0>,22,2,[7 1],26,27,29,1,26
1,<environment.Job instance at 0x150ccb2e7b90>,23,3,[7 1],27,29,32,2,27
1,<environment.Job instance at 0x150ccb2e75a0>,24,13,[10  1],28,39,52,11,29
1,<environment.Job instance at 0x150ccb318aa0>,26,1,[ 2 10],30,39,40,9,30
1,<environment.Job instance at 0x150ccb2f7e10>,27,2,[10  2],32,52,54,20,32
1,<environment.Job instance at 0x150ccb2e78c0>,28,3,[7 1],36,36,39,0,36
1,<environment.Job instance at 0x150ccb2772d0>,29,3,[2 8],37,40,43,3,37
1,<environment.Job instance at 0x150ccb32c190>,30,3,[1 9],38,43,46,5,38
1,<environment.Job instance at 0x150ccb2ed460>,33,23,[1 6],41,46,69,5,41
1,<environment.Job instance at 0x150ccb2775f0>,32,3,[2 9],40,54,57,14,47
1,<environment.Job instance at 0x150ccb2eddc0>,36,3,[6 1],49,57,60,8,49
1,<environment.Job instance at 0x150ccb2ed3c0>,35,3,[10  1],47,60,63,13,49
1,<environment.Job instance at 0x150ccb2ed5a0>,38,2,[7 1],52,57,59,5,53
1,<environment.Job instance at 0x150ccb2ed410>,39,18,[2 6],54,59,77,5,55
1,<environment.Job instance at 0x150ccb2ed500>,37,3,[8 1],50,63,66,13,57
1,<environment.Job instance at 0x150ccb2ed550>,40,1,[7 1],56,66,67,10,60
1,<environment.Job instance at 0x150ccb2ed5f0>,42,14,[2 5],58,69,83,11,60
1,<environment.Job instance at 0x150ccb2edaf0>,41,2,[5 1],57,66,68,9,63
1,<environment.Job instance at 0x150ccb2e71e0>,25,25,[12  1],29,81,106,52,81
1,<environment.Job instance at 0x150ccb2c6e60>,13,16,[ 2 10],15,228,244,213,228
1,<environment.Job instance at 0x150cd67924b0>,9,1,[5 2],16,16,17,0,16
1,<environment.Job instance at 0x150cdc950690>,10,26,[2 8],18,22,48,4,22
1,<environment.Job instance at 0x150cd69baaa0>,26,27,[1 7],45,49,76,4,49
1,<environment.Job instance at 0x150cd896d0a0>,35,2,[2 9],57,76,78,19,57
1,<environment.Job instance at 0x150cd6797eb0>,1,1,[5 1],3,3,4,0,3
1,<environment.Job instance at 0x150cd69ba8c0>,3,2,[1 8],7,7,9,0,7
1,<environment.Job instance at 0x150ccb70cfa0>,4,1,[10  2],8,8,9,0,8
1,<environment.Job instance at 0x150cd02f2a50>,17,2,[7 1],31,32,34,1,32
1,<environment.Job instance at 0x150cd02f2dc0>,18,16,[ 1 10],32,34,50,2,34
1,<environment.Job instance at 0x150cd02f2e60>,19,3,[2 5],34,34,37,0,34
1,<environment.Job instance at 0x150cd02f29b0>,20,1,[8 1],35,37,38,2,36
1,<environment.Job instance at 0x150cd02f2eb0>,21,28,[5 1],36,37,65,1,36
1,<environment.Job instance at 0x150cd02de2d0>,22,13,[8 2],37,64,77,27,64
1,<environment.Job instance at 0x150cd02de460>,23,18,[5 1],38,73,91,35,73
1,<environment.Job instance at 0x150cd02de500>,24,15,[6 1],39,77,92,38,75
1,<environment.Job instance at 0x150cd02de5a0>,25,3,[6 2],40,91,94,51,86
1,<environment.Job instance at 0x150cd02de640>,26,1,[6 2],41,92,93,51,88
1,<environment.Job instance at 0x150cd02de5f0>,27,17,[9 2],43,93,110,50,91
1,<environment.Job instance at 0x150cd02de780>,28,1,[7 1],44,110,111,66,93
1,<environment.Job instance at 0x150cd02de7d0>,29,12,[2 8],45,94,106,49,93
1,<environment.Job instance at 0x150cd02de8c0>,30,3,[ 1 10],46,106,109,60,93
1,<environment.Job instance at 0x150cd02de960>,31,3,[1 5],47,94,97,47,93
1,<environment.Job instance at 0x150cd02dea00>,32,3,[2 7],48,109,112,61,93
1,<environment.Job instance at 0x150cd02deaa0>,33,13,[2 5],49,109,122,60,93
1,<environment.Job instance at 0x150cd02deb40>,34,2,[2 8],50,112,114,62,93
1,<environment.Job instance at 0x150cd02debe0>,35,2,[5 1],51,106,108,55,94
1,<environment.Job instance at 0x150cd02ded20>,37,1,[1 9],57,114,115,57,94
1,<environment.Job instance at 0x150cd02ded70>,38,3,[7 1],58,111,114,53,94
1,<environment.Job instance at 0x150cd02dee60>,39,3,[7 2],59,115,118,56,94
1,<environment.Job instance at 0x150cd02f2230>,8,1,[ 1 12],16,122,123,106,121
1,<environment.Job instance at 0x150cd02de6e0>,36,1,[6 2],56,130,131,74,130
1,<environment.Job instance at 0x150cd02f2a00>,15,13,[13  2],27,132,145,105,132
1,<environment.Job instance at 0x150ccb9d3190>,8,3,[1 7],14,14,17,0,14
1,<environment.Job instance at 0x150ccb9d3960>,9,14,[9 2],16,16,30,0,16
1,<environment.Job instance at 0x150ccb9d35f0>,10,1,[10  2],17,30,31,13,17
1,<environment.Job instance at 0x150ccb9d3140>,11,2,[7 2],18,31,33,13,18
1,<environment.Job instance at 0x150ccb9d3780>,12,16,[1 9],19,19,35,0,19
1,<environment.Job instance at 0x150ccb6e7780>,13,3,[1 5],20,33,36,13,20
1,<environment.Job instance at 0x150ccb6e70f0>,14,12,[2 9],22,35,47,13,24
1,<environment.Job instance at 0x150ccb6e71e0>,19,1,[ 1 10],29,47,48,18,29
1,<environment.Job instance at 0x150ccb6e7410>,20,19,[2 5],30,36,55,6,30
1,<environment.Job instance at 0x150ccb6e7aa0>,21,17,[2 9],31,48,65,17,36
1,<environment.Job instance at 0x150ccba58dc0>,23,2,[6 2],33,55,57,22,36
1,<environment.Job instance at 0x150ccba58f50>,24,17,[5 2],34,55,72,21,43
1,<environment.Job instance at 0x150ccba58e60>,25,1,[6 1],36,43,44,7,43
1,<environment.Job instance at 0x150ccba58230>,26,12,[ 1 10],37,65,77,28,48
1,<environment.Job instance at 0x150ccba58410>,30,1,[1 7],42,77,78,35,50
1,<environment.Job instance at 0x150ccba58cd0>,31,1,[6 2],43,57,58,14,50
1,<environment.Job instance at 0x150ccba58370>,32,2,[2 7],44,77,79,33,50
1,<environment.Job instance at 0x150ccba58640>,34,3,[7 1],46,50,53,4,50
1,<environment.Job instance at 0x150ccba580f0>,27,3,[2 7],39,78,81,39,63
1,<environment.Job instance at 0x150ccba58b90>,28,1,[1 6],40,82,83,42,82
1,<environment.Job instance at 0x150ccb9d3500>,6,16,[1 6],11,2815,2831,2804,2815
1,<environment.Job instance at 0x150ccb459050>,1,1,[10  2],3,3,4,0,3
1,<environment.Job instance at 0x150ccb9d3500>,2,21,[ 2 10],4,5,26,1,5
1,<environment.Job instance at 0x150cdc4171e0>,12,1,[9 1],16,16,17,0,16
1,<environment.Job instance at 0x150ccb510e10>,8,2,[2 9],11,26,28,15,17
1,<environment.Job instance at 0x150cdc3f74b0>,16,2,[5 2],21,21,23,0,21
1,<environment.Job instance at 0x150cd0086910>,17,2,[5 1],22,22,24,0,22
1,<environment.Job instance at 0x150cd00868c0>,18,1,[1 7],23,28,29,5,23
1,<environment.Job instance at 0x150cd01eff00>,19,17,[9 1],26,26,43,0,26
1,<environment.Job instance at 0x150ccb884320>,20,1,[6 2],27,29,30,2,27
1,<environment.Job instance at 0x150cd72e9870>,21,1,[5 1],28,28,29,0,28
1,<environment.Job instance at 0x150cd4fd0b40>,22,1,[2 6],30,30,31,0,30
1,<environment.Job instance at 0x150cd4fd0690>,23,3,[2 6],31,31,34,0,31
1,<environment.Job instance at 0x150cdba95f00>,24,2,[9 1],32,43,45,11,32
1,<environment.Job instance at 0x150cd7347370>,25,13,[6 1],34,34,47,0,34
1,<environment.Job instance at 0x150ccb66f410>,26,2,[7 2],35,45,47,10,35
1,<environment.Job instance at 0x150cd0257320>,27,2,[9 2],36,47,49,11,36
1,<environment.Job instance at 0x150cd72bf370>,28,3,[5 1],37,47,50,10,37
1,<environment.Job instance at 0x150cd72bfc80>,29,2,[ 1 10],38,45,47,7,38
1,<environment.Job instance at 0x150cd72bf050>,32,1,[8 2],43,49,50,6,43
1,<environment.Job instance at 0x150cdba6b960>,33,17,[7 1],44,50,67,6,44
1,<environment.Job instance at 0x150cdba6b050>,34,17,[2 7],45,49,66,4,46
1,<environment.Job instance at 0x150cdba6ba00>,35,13,[2 8],46,66,79,20,62
1,<environment.Job instance at 0x150cdba6b690>,36,16,[6 1],47,62,78,15,62
1,<environment.Job instance at 0x150cdba6bb40>,37,1,[8 2],48,78,79,30,70
1,<environment.Job instance at 0x150cdba6b820>,38,1,[5 2],49,71,72,22,71
1,<environment.Job instance at 0x150cd732bc30>,39,1,[7 1],50,72,73,22,71
1,<environment.Job instance at 0x150cdba6b320>,40,1,[1 8],51,79,80,28,71
1,<environment.Job instance at 0x150cd732b0a0>,41,2,[6 2],52,73,75,21,71
1,<environment.Job instance at 0x150ccb427af0>,42,13,[2 9],53,80,93,27,71
1,<environment.Job instance at 0x150cd00ef0f0>,43,1,[6 2],55,75,76,20,71
1,<environment.Job instance at 0x150ccb427c80>,44,3,[8 2],56,79,82,23,71
1,<environment.Job instance at 0x150ccb48f320>,46,13,[10  1],59,82,95,23,71
1,<environment.Job instance at 0x150ccb4274b0>,45,2,[ 1 10],58,93,95,35,92
1,<environment.Job instance at 0x150ccb510d20>,6,15,[7 2],9,95,110,86,92
1,<environment.Job instance at 0x150ccb510af0>,7,15,[6 1],10,414,429,404,414
1,<environment.Job instance at 0x150cd7407f50>,6,1,[5 1],7,7,8,0,7
1,<environment.Job instance at 0x150cd73f6280>,10,3,[2 8],11,75,78,64,75
1,<environment.Job instance at 0x150cd73f6320>,11,2,[2 5],12,85,87,73,85
1,<environment.Job instance at 0x150cd73f62d0>,12,13,[7 2],14,114,127,100,114
1,<environment.Job instance at 0x150cd73f6460>,13,22,[8 1],15,145,167,130,145
1,<environment.Job instance at 0x150cd73f64b0>,14,15,[ 2 10],16,173,188,157,173
1,<environment.Job instance at 0x150cd73f65a0>,15,3,[10  2],17,175,178,158,175
1,<environment.Job instance at 0x150cd73f6550>,16,3,[2 5],19,185,188,166,185
1,<environment.Job instance at 0x150cd73f66e0>,17,17,[1 7],20,313,330,293,313
1,<environment.Job instance at 0x150cd73f6730>,18,3,[7 2],21,314,317,293,314
1,<environment.Job instance at 0x150cd73f6820>,19,2,[2 9],22,330,332,308,326
1,<environment.Job instance at 0x150cd73f68c0>,20,2,[2 7],23,381,383,358,381
1,<environment.Job instance at 0x150cd73f6870>,21,18,[6 1],25,428,446,403,428
1,<environment.Job instance at 0x150cd73f6a00>,22,15,[2 9],26,530,545,504,530
1,<environment.Job instance at 0x150cd73f6a50>,23,2,[10  1],27,534,536,507,534
1,<environment.Job instance at 0x150cd73f69b0>,24,22,[2 6],29,538,560,509,538
1,<environment.Job instance at 0x150cd73f6be0>,25,1,[ 1 14],30,560,561,530,538
1,<environment.Job instance at 0x150cd73f6c30>,26,16,[6 2],31,639,655,608,639
1,<environment.Job instance at 0x150cd73f6d20>,27,1,[6 1],32,661,662,629,661
1,<environment.Job instance at 0x150cd73f6cd0>,28,2,[9 1],34,681,683,647,681
1,<environment.Job instance at 0x150cd73f6d70>,29,19,[1 5],36,700,719,664,700
1,<environment.Job instance at 0x150cd73f6eb0>,30,1,[8 1],37,716,717,679,716
1,<environment.Job instance at 0x150cd73f6fa0>,31,1,[5 1],39,727,728,688,727
1,<environment.Job instance at 0x150cd73f6dc0>,32,2,[7 2],40,734,736,694,734
1,<environment.Job instance at 0x150cd73f6b40>,33,3,[ 2 14],42,782,785,740,782
1,<environment.Job instance at 0x150cd73da1e0>,34,3,[1 8],43,813,816,770,813
1,<environment.Job instance at 0x150cd73da230>,35,1,[ 2 10],44,828,829,784,828
1,<environment.Job instance at 0x150cd73da190>,36,2,[7 2],46,846,848,800,846
1,<environment.Job instance at 0x150cd73da3c0>,37,1,[6 1],47,866,867,819,866
1,<environment.Job instance at 0x150cd73da460>,38,2,[6 1],49,901,903,852,901
1,<environment.Job instance at 0x150cd73da500>,39,17,[1 7],50,949,966,899,949
1,<environment.Job instance at 0x150cd73da140>,40,15,[10  2],54,951,966,897,951
1,<environment.Job instance at 0x150cd73da640>,41,2,[7 2],55,970,972,915,970
1,<environment.Job instance at 0x150cd73da5f0>,42,1,[1 5],57,977,978,920,977
1,<environment.Job instance at 0x150cd73da690>,43,14,[5 2],59,991,1005,932,991
1,<environment.Job instance at 0x150cd7407c80>,8,3,[5 2],9,2196,2199,2187,2196
1,<environment.Job instance at 0x150cd7407c30>,9,2,[8 2],10,2234,2236,2224,2234
1,<environment.Job instance at 0x150cd5a83370>,4,1,[13  1],5,2931,2932,2926,2931
1,<environment.Job instance at 0x150ccb62b230>,3,2,[ 1 11],7,19,21,12,19
1,<environment.Job instance at 0x150ccb62ba00>,7,2,[8 2],12,20,22,8,20
1,<environment.Job instance at 0x150cdc492910>,13,1,[5 1],18,74,75,56,74
1,<environment.Job instance at 0x150cdc492960>,12,3,[ 2 14],17,76,79,59,76
1,<environment.Job instance at 0x150cdc492230>,14,2,[2 6],19,79,81,60,76
1,<environment.Job instance at 0x150cdc4925a0>,16,1,[7 2],22,79,80,57,76
1,<environment.Job instance at 0x150cdc492e10>,17,12,[6 2],23,79,91,56,76
1,<environment.Job instance at 0x150cdc492050>,18,3,[1 7],24,81,84,57,81
1,<environment.Job instance at 0x150cdba3ee60>,24,1,[1 9],31,84,85,53,81
1,<environment.Job instance at 0x150cdba3e460>,25,16,[1 8],32,85,101,53,81
1,<environment.Job instance at 0x150cdba3ec30>,26,1,[6 1],33,81,82,48,81
1,<environment.Job instance at 0x150cdba3ed70>,27,3,[5 2],34,82,85,48,81
1,<environment.Job instance at 0x150cdba3eaf0>,28,16,[7 1],35,85,101,50,81
1,<environment.Job instance at 0x150cdba3ed20>,29,2,[8 2],36,101,103,65,88
1,<environment.Job instance at 0x150cdba3eaa0>,33,16,[2 9],42,101,117,59,89
1,<environment.Job instance at 0x150cdba3e050>,34,23,[2 6],44,103,126,59,97
1,<environment.Job instance at 0x150cdba3eeb0>,35,23,[9 1],46,117,140,71,111
1,<environment.Job instance at 0x150cdba3e4b0>,36,14,[ 1 10],47,126,140,79,112
1,<environment.Job instance at 0x150cd68178c0>,6,1,[ 2 10],17,17,18,0,17
1,<environment.Job instance at 0x150cd680d550>,1,1,[7 1],4,4,5,0,4
1,<environment.Job instance at 0x150ccba612d0>,6,1,[7 1],9,9,10,0,9
1,<environment.Job instance at 0x150ccba61a00>,7,1,[2 6],12,12,13,0,12
1,<environment.Job instance at 0x150ccba61550>,9,1,[5 1],14,14,15,0,14
1,<environment.Job instance at 0x150ccba61eb0>,11,1,[6 1],16,16,17,0,16
1,<environment.Job instance at 0x150ccba4c280>,14,2,[8 2],23,23,25,0,23
1,<environment.Job instance at 0x150ccb440d70>,18,21,[6 1],30,30,51,0,30
1,<environment.Job instance at 0x150ccb440230>,24,1,[1 7],40,2181,2182,2141,2181
1,<environment.Job instance at 0x150cd4fb4b40>,25,12,[2 8],41,2803,2815,2762,2803
1,<environment.Job instance at 0x150cd4fb4c30>,1,1,[1 7],4,4,5,0,4
1,<environment.Job instance at 0x150ccb69f1e0>,6,21,[9 1],11,11,32,0,11
1,<environment.Job instance at 0x150ccb69feb0>,19,20,[ 2 11],28,31,51,3,31
1,<environment.Job instance at 0x150ccb6a42d0>,24,1,[2 8],35,51,52,16,35
1,<environment.Job instance at 0x150ccb6a48c0>,26,1,[8 1],38,38,39,0,38
1,<environment.Job instance at 0x150ccb6a49b0>,27,1,[1 8],40,52,53,12,40
1,<environment.Job instance at 0x150ccb6a4af0>,28,1,[2 9],41,53,54,12,41
1,<environment.Job instance at 0x150ccb6a4c80>,29,3,[1 9],42,54,57,12,42
1,<environment.Job instance at 0x150ccb6a4eb0>,31,1,[7 2],45,45,46,0,45
1,<environment.Job instance at 0x150ccb6a4c30>,32,1,[10  1],46,46,47,0,46
1,<environment.Job instance at 0x150ccb6a4f00>,33,3,[2 5],48,51,54,3,48
1,<environment.Job instance at 0x150ccb68e2d0>,34,2,[6 2],49,49,51,0,49
1,<environment.Job instance at 0x150ccb68e0f0>,36,3,[2 9],51,57,60,6,51
1,<environment.Job instance at 0x150ccb68e7d0>,40,1,[7 1],55,58,59,3,58
1,<environment.Job instance at 0x150ccb68e910>,42,2,[1 8],57,60,62,3,58
1,<environment.Job instance at 0x150ccb68e9b0>,43,26,[8 1],58,62,88,4,62
1,<environment.Job instance at 0x150ccb68e640>,37,1,[1 6],52,66,67,14,66
1,<environment.Job instance at 0x150ccb6a40a0>,21,3,[ 2 10],31,128,131,97,128
1,<environment.Job instance at 0x150ccb6a4780>,25,1,[5 1],36,190,191,154,190
1,<environment.Job instance at 0x15447c5a7280>,7,1,[2 6],8,8,9,0,8
1,<environment.Job instance at 0x15447c5a0e10>,11,3,[1 8],13,13,16,0,13
1,<environment.Job instance at 0x15447c5a0960>,14,2,[ 1 10],18,18,20,0,18
1,<environment.Job instance at 0x15447c5a01e0>,15,1,[ 1 10],20,20,21,0,20
1,<environment.Job instance at 0x1544840bc8c0>,16,1,[2 5],21,21,22,0,21
1,<environment.Job instance at 0x15447c58a8c0>,25,2,[2 8],34,37,39,3,37
1,<environment.Job instance at 0x15447c58a5f0>,26,1,[2 7],35,37,38,2,37
1,<environment.Job instance at 0x15447c58a0f0>,27,2,[2 7],36,38,40,2,37
1,<environment.Job instance at 0x15447c581c80>,32,3,[2 9],42,44,47,2,44
1,<environment.Job instance at 0x15447c4ad730>,33,1,[2 7],43,47,48,4,44
1,<environment.Job instance at 0x15447c4adaf0>,34,15,[11  1],44,48,63,4,48
1,<environment.Job instance at 0x15447c4ed730>,35,2,[1 8],45,48,50,3,48
1,<environment.Job instance at 0x15447c4f35f0>,36,3,[10  2],48,63,66,15,48
1,<environment.Job instance at 0x15447c25bbe0>,37,2,[ 1 10],50,50,52,0,50
1,<environment.Job instance at 0x15447adab460>,38,1,[8 1],51,66,67,15,51
1,<environment.Job instance at 0x15447a869b90>,39,3,[1 5],52,52,55,0,52
1,<environment.Job instance at 0x15447a87ed70>,40,3,[1 6],53,53,56,0,53
1,<environment.Job instance at 0x15447ada9be0>,41,25,[12  2],54,67,92,13,63
1,<environment.Job instance at 0x15447a896190>,47,1,[1 6],63,63,64,0,63
1,<environment.Job instance at 0x15447a896c80>,48,1,[2 9],65,65,66,0,65
1,<environment.Job instance at 0x15447c58a230>,23,2,[8 1],31,92,94,61,76
1,<environment.Job instance at 0x15447c58a460>,21,3,[6 1],29,95,98,66,95
1,<environment.Job instance at 0x15447c58a550>,20,2,[ 1 13],27,104,106,77,104
1,<environment.Job instance at 0x15447c58a730>,22,1,[2 7],30,294,295,264,294
1,<environment.Job instance at 0x15447aaf5b40>,5,22,[1 5],10,10,32,0,10
1,<environment.Job instance at 0x15447ab15370>,13,3,[2 9],22,22,25,0,22
1,<environment.Job instance at 0x15447ab15820>,14,3,[1 9],23,25,28,2,23
1,<environment.Job instance at 0x15447ab158c0>,15,1,[13  1],24,25,26,1,24
1,<environment.Job instance at 0x15447ab15cd0>,16,3,[1 9],25,28,31,3,25
1,<environment.Job instance at 0x15447ab15af0>,17,1,[2 5],26,31,32,5,26
1,<environment.Job instance at 0x15447ab15050>,18,2,[ 2 10],27,32,34,5,27
1,<environment.Job instance at 0x15447ab1a5a0>,23,1,[1 6],37,37,38,0,37
1,<environment.Job instance at 0x15447a893b90>,36,1,[1 5],53,53,54,0,53
1,<environment.Job instance at 0x1544840bc230>,37,2,[1 9],56,56,58,0,56
1,<environment.Job instance at 0x15447a893b40>,38,1,[2 7],57,58,59,1,57
1,<environment.Job instance at 0x15447a893780>,39,1,[2 5],58,58,59,0,58
1,<environment.Job instance at 0x15447ada9eb0>,44,12,[9 2],64,79,91,15,79
1,<environment.Job instance at 0x15447ada9e60>,47,16,[8 1],67,91,107,24,80
1,<environment.Job instance at 0x154481fd60a0>,2,1,[ 2 14],3,3,4,0,3
1,<environment.Job instance at 0x154481fd66e0>,6,2,[ 1 10],10,10,12,0,10
1,<environment.Job instance at 0x154481fd6730>,11,3,[5 2],16,34,37,18,34
1,<environment.Job instance at 0x154481fd6500>,13,18,[2 6],18,35,53,17,35
1,<environment.Job instance at 0x154481fd6cd0>,14,1,[1 6],19,36,37,17,36
1,<environment.Job instance at 0x15447d28b1e0>,15,1,[1 7],20,37,38,17,37
1,<environment.Job instance at 0x15447d28b5f0>,16,3,[9 1],23,37,40,14,37
1,<environment.Job instance at 0x15447d28b4b0>,17,3,[12  1],24,42,45,18,42
1,<environment.Job instance at 0x15447d28beb0>,18,1,[1 8],26,42,43,16,42
1,<environment.Job instance at 0x15447d28b140>,19,15,[1 6],27,43,58,16,42
1,<environment.Job instance at 0x15447d28b7d0>,20,3,[7 2],28,59,62,31,59
1,<environment.Job instance at 0x154481fd6be0>,7,3,[11  2],11,62,65,51,61
1,<environment.Job instance at 0x15447816ca00>,2,2,[2 5],3,3,5,0,3
1,<environment.Job instance at 0x154478059eb0>,15,2,[6 2],23,28,30,5,28
1,<environment.Job instance at 0x1544780596e0>,17,2,[8 1],26,28,30,2,28
1,<environment.Job instance at 0x154478059a00>,18,1,[ 1 10],27,28,29,1,28
1,<environment.Job instance at 0x1544780597d0>,19,2,[1 5],29,29,31,0,29
1,<environment.Job instance at 0x154478059730>,20,3,[1 5],30,30,33,0,30
1,<environment.Job instance at 0x1544615b6730>,28,2,[7 2],47,47,49,0,47
1,<environment.Job instance at 0x1544615b60f0>,29,2,[2 5],48,48,50,0,48
1,<environment.Job instance at 0x15446137afa0>,31,3,[8 1],52,52,55,0,52
1,<environment.Job instance at 0x15446137aaa0>,32,1,[7 2],53,53,54,0,53
1,<environment.Job instance at 0x15446137ae10>,33,2,[5 2],54,54,56,0,54
1,<environment.Job instance at 0x15446137a690>,34,2,[ 2 12],56,56,58,0,56
1,<environment.Job instance at 0x15446137ab90>,40,1,[1 5],63,67,68,4,67
1,<environment.Job instance at 0x15446137acd0>,42,3,[ 2 10],65,67,70,2,67
1,<environment.Job instance at 0x15446137a320>,43,3,[ 1 13],66,70,73,4,67
1,<environment.Job instance at 0x1544815da730>,44,3,[1 5],69,73,76,4,69
1,<environment.Job instance at 0x154478059550>,13,1,[9 1],21,89,90,68,89
1,<environment.Job instance at 0x15446137ac30>,38,13,[ 1 11],61,93,106,32,93
1,<environment.Job instance at 0x15446137a0a0>,39,2,[6 2],62,119,121,57,119
1,<environment.Job instance at 0x1544780598c0>,14,12,[1 5],22,139,151,117,139
1,<environment.Job instance at 0x1544611acb40>,0,1,[2 8],1,1,2,0,1
1,<environment.Job instance at 0x154478059870>,1,1,[7 1],2,2,3,0,2
1,<environment.Job instance at 0x1544611b18c0>,12,1,[1 6],17,17,18,0,17
1,<environment.Job instance at 0x1544611b1320>,16,17,[7 1],22,22,39,0,22
1,<environment.Job instance at 0x1544611b7410>,26,2,[ 1 10],37,37,39,0,37
1,<environment.Job instance at 0x1544611b7be0>,27,3,[7 2],38,38,41,0,38
1,<environment.Job instance at 0x154481689960>,28,21,[7 2],40,40,61,0,40
1,<environment.Job instance at 0x15447cec1a00>,31,1,[6 1],43,49,50,6,49
1,<environment.Job instance at 0x15448164da50>,35,20,[8 2],52,52,72,0,52
1,<environment.Job instance at 0x1544818fc050>,33,3,[1 7],49,82,85,33,82
1,<environment.Job instance at 0x1544611b1730>,7,1,[1 8],9,112,113,103,112
1,<environment.Job instance at 0x154461312370>,43,1,[ 2 10],65,187,188,122,187
1,<environment.Job instance at 0x154461305500>,8,15,[ 1 11],17,203,218,186,203
1,<environment.Job instance at 0x154461305dc0>,16,2,[1 6],28,218,220,190,205
1,<environment.Job instance at 0x1544613a5410>,17,3,[ 2 10],30,220,223,190,205
1,<environment.Job instance at 0x1544613a5780>,18,1,[7 2],31,205,206,174,205
1,<environment.Job instance at 0x1544613a5500>,19,3,[9 1],32,206,209,174,205
1,<environment.Job instance at 0x1544613a5a00>,20,16,[9 1],33,209,225,176,205
1,<environment.Job instance at 0x1544613a58c0>,22,3,[2 7],36,223,226,187,205
1,<environment.Job instance at 0x1544613a5d20>,23,14,[7 2],37,225,239,188,210
1,<environment.Job instance at 0x1544613a52d0>,24,2,[ 1 10],39,226,228,187,210
1,<environment.Job instance at 0x1544613a50a0>,25,3,[10  2],40,239,242,199,213
1,<environment.Job instance at 0x1544613a5280>,26,2,[2 9],41,228,230,187,213
1,<environment.Job instance at 0x1544613a5fa0>,27,3,[9 1],44,242,245,198,216
1,<environment.Job instance at 0x1544613a50f0>,28,18,[6 2],46,242,260,196,239
1,<environment.Job instance at 0x1544613a5af0>,31,14,[1 6],52,255,269,203,255
1,<environment.Job instance at 0x1544613a5050>,32,2,[5 1],53,255,257,202,255
1,<environment.Job instance at 0x1544613a54b0>,33,1,[2 7],54,257,258,203,255
1,<environment.Job instance at 0x1544613a5d70>,34,2,[10  2],55,260,262,205,255
1,<environment.Job instance at 0x1544820237d0>,35,2,[6 1],56,258,260,202,255
1,<environment.Job instance at 0x154482023a50>,36,3,[9 2],58,262,265,204,255
1,<environment.Job instance at 0x1544820232d0>,37,3,[6 2],61,265,268,204,255
1,<environment.Job instance at 0x154461305190>,6,1,[6 2],11,273,274,262,273
1,<environment.Job instance at 0x154461305320>,5,2,[ 2 12],10,292,294,282,292
1,<environment.Job instance at 0x154461305280>,7,3,[2 7],13,465,468,452,465
1,<environment.Job instance at 0x15448169c780>,5,12,[5 2],8,8,20,0,8
1,<environment.Job instance at 0x15448169cb40>,6,3,[8 1],9,9,12,0,9
1,<environment.Job instance at 0x15447c5227d0>,7,3,[8 1],13,13,16,0,13
1,<environment.Job instance at 0x15447c39a6e0>,8,1,[10  1],14,16,17,2,14
1,<environment.Job instance at 0x1544816c66e0>,9,27,[1 7],15,17,44,2,15
1,<environment.Job instance at 0x15447c392aa0>,16,3,[2 9],27,44,47,17,41
1,<environment.Job instance at 0x154481fb5d20>,23,3,[1 6],37,41,44,4,41
1,<environment.Job instance at 0x154481fb5fa0>,24,2,[8 2],38,41,43,3,41
1,<environment.Job instance at 0x154478156f50>,25,14,[9 1],40,43,57,3,41
1,<environment.Job instance at 0x15447c3a3910>,26,3,[10  1],41,57,60,16,41
1,<environment.Job instance at 0x15447ab76fa0>,28,15,[1 5],43,44,59,1,43
1,<environment.Job instance at 0x15447c403b90>,29,3,[1 9],44,47,50,3,44
1,<environment.Job instance at 0x15447e4dfd20>,30,2,[1 8],46,50,52,4,46
1,<environment.Job instance at 0x15447c594140>,31,2,[1 5],48,52,54,4,48
1,<environment.Job instance at 0x15447e4e60a0>,33,1,[2 8],50,54,55,4,50
1,<environment.Job instance at 0x154481f5e140>,34,1,[8 2],51,60,61,9,51
1,<environment.Job instance at 0x15447814c780>,36,2,[6 1],54,60,62,6,54
1,<environment.Job instance at 0x15447814c190>,37,3,[10  1],56,62,65,6,56
1,<environment.Job instance at 0x154461649c80>,39,3,[ 2 11],60,61,64,1,60
1,<environment.Job instance at 0x154461649aa0>,40,2,[1 7],61,64,66,3,61
1,<environment.Job instance at 0x15447cf0d190>,41,1,[1 5],62,64,65,2,62
1,<environment.Job instance at 0x15447cf0de60>,45,2,[ 1 10],66,66,68,0,66
1,<environment.Job instance at 0x15447c5a6500>,46,17,[2 9],67,70,87,3,70
1,<environment.Job instance at 0x15447cf0d8c0>,47,15,[7 2],68,70,85,2,70
1,<environment.Job instance at 0x15447a6312d0>,48,16,[2 8],69,87,103,18,75
1,<environment.Job instance at 0x15447c397dc0>,14,2,[1 5],25,92,94,67,92
1,<environment.Job instance at 0x15447c3926e0>,15,2,[8 1],26,141,143,115,141
1,<environment.Job instance at 0x1544816d2d20>,35,14,[14  1],52,2659,2673,2607,2659
1,<environment.Job instance at 0x154481fb3140>,4,1,[6 2],8,8,9,0,8
1,<environment.Job instance at 0x1544611e0dc0>,6,1,[6 2],11,11,12,0,11
1,<environment.Job instance at 0x154461368f50>,7,1,[2 9],12,12,13,0,12
1,<environment.Job instance at 0x15447add8a50>,19,1,[7 2],28,28,29,0,28
1,<environment.Job instance at 0x15447d25a140>,20,3,[10  2],29,29,32,0,29
1,<environment.Job instance at 0x15447c50f730>,21,2,[5 2],30,30,32,0,30
1,<environment.Job instance at 0x15447add81e0>,3,1,[2 5],4,4,5,0,4
1,<environment.Job instance at 0x15446102c550>,1,1,[6 2],2,2,3,0,2
1,<environment.Job instance at 0x15446157e140>,4,1,[2 8],9,9,10,0,9
1,<environment.Job instance at 0x15448160fbe0>,9,2,[5 2],14,14,16,0,14
1,<environment.Job instance at 0x15448160f050>,10,27,[1 7],15,15,42,0,15
1,<environment.Job instance at 0x15448160f460>,11,21,[1 8],16,17,38,1,17
1,<environment.Job instance at 0x15447c411690>,13,2,[6 1],19,38,40,19,19
1,<environment.Job instance at 0x15447c411b40>,14,2,[ 1 10],20,42,44,22,20
1,<environment.Job instance at 0x15447c4115a0>,16,2,[5 1],23,38,40,15,23
1,<environment.Job instance at 0x154481f5aeb0>,25,3,[2 8],39,44,47,5,39
1,<environment.Job instance at 0x154481f94550>,27,2,[8 2],45,45,47,0,45
1,<environment.Job instance at 0x15447cf1a910>,28,1,[ 1 12],46,47,48,1,46
1,<environment.Job instance at 0x15447cf1ad70>,29,3,[6 2],47,47,50,0,47
1,<environment.Job instance at 0x154481f61cd0>,36,3,[9 2],58,58,61,0,58
1,<environment.Job instance at 0x154481f61f50>,37,2,[7 1],61,61,63,0,61
1,<environment.Job instance at 0x154481f61500>,38,16,[ 1 10],62,62,78,0,62
1,<environment.Job instance at 0x15446132a370>,39,3,[2 5],64,64,67,0,64
1,<environment.Job instance at 0x15446132ad20>,40,1,[8 1],65,67,68,2,65
1,<environment.Job instance at 0x15446132a9b0>,41,28,[5 1],66,67,95,1,66
1,<environment.Job instance at 0x15446132a0f0>,43,18,[5 1],68,68,86,0,68
1,<environment.Job instance at 0x15446132a410>,44,15,[6 1],69,86,101,17,77
1,<environment.Job instance at 0x1544611635a0>,0,1,[6 2],1,1,2,0,1
1,<environment.Job instance at 0x154483133aa0>,2,1,[7 1],4,4,5,0,4
1,<environment.Job instance at 0x1544781fad70>,11,1,[1 9],17,17,18,0,17
1,<environment.Job instance at 0x1544781fa960>,18,25,[8 1],29,40,65,11,40
1,<environment.Job instance at 0x15446178e640>,25,2,[7 2],38,45,47,7,45
1,<environment.Job instance at 0x1544781faaf0>,16,1,[9 1],25,65,66,40,51
1,<environment.Job instance at 0x15446178e550>,27,3,[1 5],40,52,55,12,52
1,<environment.Job instance at 0x15446178edc0>,28,12,[2 9],42,54,66,12,54
1,<environment.Job instance at 0x15447add5370>,29,3,[9 2],43,66,69,23,54
1,<environment.Job instance at 0x15447add5dc0>,30,13,[1 9],44,74,87,30,74
1,<environment.Job instance at 0x15447cf8f230>,37,2,[6 2],53,74,76,21,74
1,<environment.Job instance at 0x15447ce2dc30>,38,17,[5 2],54,74,91,20,74
1,<environment.Job instance at 0x15447ce2de60>,39,1,[6 1],56,76,77,20,74
1,<environment.Job instance at 0x15447ce2df50>,40,12,[ 1 10],57,87,99,30,74
1,<environment.Job instance at 0x15447ce2d5a0>,41,3,[2 7],59,99,102,40,74
1,<environment.Job instance at 0x1544617945f0>,42,1,[1 6],60,99,100,39,74
1,<environment.Job instance at 0x15446158a7d0>,43,3,[8 2],61,77,80,16,74
1,<environment.Job instance at 0x1544816a7280>,44,1,[1 7],62,100,101,38,74
1,<environment.Job instance at 0x1544816a7870>,46,2,[2 7],64,101,103,37,74
1,<environment.Job instance at 0x1544614c3140>,47,16,[ 2 10],65,103,119,38,90
1,<environment.Job instance at 0x15447c590050>,9,2,[5 1],11,135,137,124,135
1,<environment.Job instance at 0x15448401bc80>,21,2,[10  2],33,159,161,126,159
1,<environment.Job instance at 0x1544616f4d20>,3,1,[1 5],6,6,7,0,6
1,<environment.Job instance at 0x15447aaeab90>,5,1,[5 2],9,9,10,0,9
1,<environment.Job instance at 0x15447aaeacd0>,7,25,[9 1],11,13,38,2,13
1,<environment.Job instance at 0x15447aae0190>,17,16,[1 8],23,24,40,1,24
1,<environment.Job instance at 0x15447aae0820>,18,14,[2 6],25,25,39,0,25
1,<environment.Job instance at 0x15447aae0960>,19,1,[9 1],26,38,39,12,26
1,<environment.Job instance at 0x15447aae0aa0>,20,17,[2 5],27,39,56,12,27
1,<environment.Job instance at 0x15447aae0be0>,21,2,[10  2],28,39,41,11,29
1,<environment.Job instance at 0x15447aae0d20>,22,15,[9 2],30,41,56,11,30
1,<environment.Job instance at 0x15447aae0f00>,25,1,[1 7],33,40,41,7,33
1,<environment.Job instance at 0x15447ab18fa0>,38,17,[12  1],50,56,73,6,53
1,<environment.Job instance at 0x15447ab0a050>,39,1,[8 2],53,73,74,20,53
1,<environment.Job instance at 0x15447aae0e60>,23,2,[5 2],31,73,75,42,61
1,<environment.Job instance at 0x15447ab0a460>,40,17,[7 1],54,74,91,20,62
1,<environment.Job instance at 0x15447ab0a6e0>,44,1,[8 2],58,75,76,17,62
1,<environment.Job instance at 0x15447ab0a780>,45,1,[5 2],59,76,77,17,62
1,<environment.Job instance at 0x15447ab0a820>,46,1,[7 1],60,77,78,17,62
1,<environment.Job instance at 0x15447ab0a8c0>,47,1,[1 8],61,62,63,1,62
1,<environment.Job instance at 0x15447ab0a410>,48,2,[6 2],62,78,80,16,62
1,<environment.Job instance at 0x15447ab1a9b0>,50,1,[6 2],65,80,81,15,65
1,<environment.Job instance at 0x154461197780>,51,3,[8 2],66,81,84,15,66
1,<environment.Job instance at 0x1544611975a0>,52,2,[ 1 10],68,68,70,0,68
1,<environment.Job instance at 0x15447ab0a500>,41,17,[2 7],55,86,103,31,86
1,<environment.Job instance at 0x15447aae04b0>,15,2,[2 9],21,103,105,82,99
1,<environment.Job instance at 0x15447ab0a640>,43,16,[6 1],57,103,119,46,103
1,<environment.Job instance at 0x15447aae0500>,16,2,[1 5],22,187,189,165,187
1,<environment.Job instance at 0x15447c39a870>,4,1,[13  1],5,7,8,2,7
1,<environment.Job instance at 0x15447c39abe0>,13,22,[8 1],15,15,37,0,15
1,<environment.Job instance at 0x1544613fa140>,16,3,[2 5],19,19,22,0,19
1,<environment.Job instance at 0x1544613fa190>,24,22,[2 6],29,35,57,6,35
1,<environment.Job instance at 0x15447c4a56e0>,33,3,[ 2 14],42,57,60,15,51
1,<environment.Job instance at 0x15447c4a5280>,34,3,[1 8],43,51,54,8,51
1,<environment.Job instance at 0x15447c4a5dc0>,35,1,[ 2 10],44,60,61,16,51
1,<environment.Job instance at 0x15447c4a50a0>,36,2,[7 2],46,54,56,8,51
1,<environment.Job instance at 0x15447c4a5b90>,37,1,[6 1],47,51,52,4,51
1,<environment.Job instance at 0x15447c4a55f0>,38,2,[6 1],49,52,54,3,51
1,<environment.Job instance at 0x1544613faf00>,20,2,[2 7],23,54,56,31,51
1,<environment.Job instance at 0x154460eebe10>,42,1,[1 5],57,60,61,3,57
1,<environment.Job instance at 0x154460eeb0a0>,41,2,[7 2],55,63,65,8,63
1,<environment.Job instance at 0x154460eeb230>,45,15,[14  1],61,86,101,25,86
1,<environment.Job instance at 0x154460f45140>,47,14,[1 6],63,87,101,24,87
1,<environment.Job instance at 0x15447c39acd0>,6,1,[5 1],7,104,105,97,104
1,<environment.Job instance at 0x154481ffb0f0>,25,1,[ 1 14],30,107,108,77,107
1,<environment.Job instance at 0x154460eeb730>,44,27,[5 1],60,114,141,54,114
1,<environment.Job instance at 0x1544616452d0>,5,1,[10  1],8,8,9,0,8
1,<environment.Job instance at 0x1544617990f0>,7,2,[ 2 10],12,12,14,0,12
1,<environment.Job instance at 0x154461799e10>,9,1,[1 9],14,14,15,0,14
1,<environment.Job instance at 0x154461799cd0>,10,1,[8 2],17,17,18,0,17
1,<environment.Job instance at 0x15447c301aa0>,11,22,[2 5],19,19,41,0,19
1,<environment.Job instance at 0x15447c301230>,12,1,[9 2],20,20,21,0,20
1,<environment.Job instance at 0x15448035a3c0>,13,1,[10  1],21,21,22,0,21
1,<environment.Job instance at 0x1544611d39b0>,19,14,[7 1],30,30,44,0,30
1,<environment.Job instance at 0x15447c46d6e0>,24,3,[9 2],35,44,47,9,35
1,<environment.Job instance at 0x15448038bdc0>,25,1,[6 2],37,37,38,0,37
1,<environment.Job instance at 0x154460e5cd70>,26,2,[ 1 10],38,41,43,3,38
1,<environment.Job instance at 0x154460e5c690>,27,2,[2 7],39,39,41,0,39
1,<environment.Job instance at 0x154461786dc0>,28,3,[9 2],41,47,50,6,41
1,<environment.Job instance at 0x154460e7be60>,29,3,[10  1],42,50,53,8,42
1,<environment.Job instance at 0x1544614668c0>,14,26,[ 2 13],23,48,74,25,48
1,<environment.Job instance at 0x15447c413e60>,37,1,[1 8],60,74,75,14,65
1,<environment.Job instance at 0x15447c413a50>,38,2,[2 9],61,75,77,14,65
1,<environment.Job instance at 0x15447c4131e0>,39,2,[8 2],62,65,67,3,65
1,<environment.Job instance at 0x15447c413af0>,40,15,[10  1],63,67,82,4,65
1,<environment.Job instance at 0x1544612c0af0>,41,28,[5 2],64,77,105,13,76
1,<environment.Job instance at 0x1544612c00a0>,42,1,[8 2],65,82,83,17,76
1,<environment.Job instance at 0x1544612c0460>,43,2,[ 1 10],66,82,84,16,76
1,<environment.Job instance at 0x154460e9f320>,44,3,[ 2 14],67,105,108,38,79
1,<environment.Job instance at 0x15447aab3e60>,45,1,[5 1],68,83,84,15,81
1,<environment.Job instance at 0x15447aab3690>,46,2,[2 6],69,84,86,15,81
1,<environment.Job instance at 0x15447a8692d0>,17,2,[12  1],27,114,116,87,114
1,<environment.Job instance at 0x15447c413140>,36,3,[2 8],58,277,280,219,277
1,<environment.Job instance at 0x15447c413320>,35,2,[ 1 11],57,366,368,309,366
1,<environment.Job instance at 0x15447cf19190>,18,15,[2 5],29,455,470,426,455
1,<environment.Job instance at 0x15447c4a5fa0>,0,1,[7 2],2,2,3,0,2
1,<environment.Job instance at 0x154461346230>,11,3,[5 2],14,20,23,6,20
1,<environment.Job instance at 0x154461346370>,13,2,[8 2],16,20,22,4,20
1,<environment.Job instance at 0x1544613463c0>,14,1,[9 2],17,22,23,5,20
1,<environment.Job instance at 0x154461346320>,15,2,[1 7],18,21,23,3,21
1,<environment.Job instance at 0x154461346870>,16,26,[1 6],21,23,49,2,21
1,<environment.Job instance at 0x154461346a50>,17,16,[2 9],22,23,39,1,23
1,<environment.Job instance at 0x154461346b90>,18,23,[2 6],24,39,62,15,33
1,<environment.Job instance at 0x154461346c30>,19,23,[9 1],26,39,62,13,33
1,<environment.Job instance at 0x1544613469b0>,20,14,[ 1 10],27,62,76,35,51
1,<environment.Job instance at 0x154461331780>,30,20,[8 1],40,62,82,22,55
1,<environment.Job instance at 0x154461331870>,31,2,[7 1],41,76,78,35,62
1,<environment.Job instance at 0x154461331af0>,35,1,[2 6],50,78,79,28,70
1,<environment.Job instance at 0x154461352190>,39,13,[ 2 11],60,79,92,19,71
1,<environment.Job instance at 0x154461352050>,40,3,[1 8],61,92,95,31,71
1,<environment.Job instance at 0x1544613523c0>,41,1,[8 1],63,82,83,19,75
1,<environment.Job instance at 0x154461352410>,42,16,[9 1],64,83,99,19,75
1,<environment.Job instance at 0x154461352320>,43,12,[7 2],66,99,111,33,89
1,<environment.Job instance at 0x15446135bb90>,8,1,[1 9],11,200,201,189,200
1,<environment.Job instance at 0x1544613a9c80>,4,1,[ 2 10],7,7,8,0,7
1,<environment.Job instance at 0x1544613a9500>,5,1,[6 2],8,8,9,0,8
1,<environment.Job instance at 0x1544613a9aa0>,6,2,[ 1 12],9,10,12,1,10
1,<environment.Job instance at 0x1544613a9280>,12,1,[ 2 10],16,16,17,0,16
1,<environment.Job instance at 0x1544613a9410>,13,2,[1 6],17,17,19,0,17
1,<environment.Job instance at 0x1544614c1910>,14,2,[8 1],18,18,20,0,18
1,<environment.Job instance at 0x1544614c18c0>,15,1,[2 7],20,20,21,0,20
1,<environment.Job instance at 0x1544614c16e0>,16,2,[1 8],21,21,23,0,21
1,<environment.Job instance at 0x154481fadc30>,23,3,[2 8],30,32,35,2,32
1,<environment.Job instance at 0x154481fade10>,25,1,[7 1],34,34,35,0,34
1,<environment.Job instance at 0x154481fad780>,26,2,[5 2],35,35,37,0,35
1,<environment.Job instance at 0x154481fadc80>,29,2,[ 1 10],38,38,40,0,38
1,<environment.Job instance at 0x154481fad370>,30,1,[7 1],39,39,40,0,39
1,<environment.Job instance at 0x154481fad960>,31,1,[2 6],42,42,43,0,42
1,<environment.Job instance at 0x154481fad4b0>,32,2,[10  2],43,43,45,0,43
1,<environment.Job instance at 0x1544616395a0>,33,1,[5 1],44,44,45,0,44
1,<environment.Job instance at 0x154461639aa0>,34,2,[8 2],45,45,47,0,45
1,<environment.Job instance at 0x154461639e60>,35,1,[6 1],46,46,47,0,46
1,<environment.Job instance at 0x154461639050>,38,2,[8 2],53,53,55,0,53
1,<environment.Job instance at 0x154481fadd20>,22,2,[1 7],29,60,62,31,60
1,<environment.Job instance at 0x154461639c30>,40,3,[2 6],57,60,63,3,60
1,<environment.Job instance at 0x154461386c80>,44,14,[2 6],63,69,83,6,69
1,<environment.Job instance at 0x1544616393c0>,45,1,[ 2 10],64,83,84,19,69
1,<environment.Job instance at 0x154461386d20>,46,2,[2 8],65,70,72,5,70
1,<environment.Job instance at 0x1544613868c0>,47,1,[1 7],68,73,74,5,73
1,<environment.Job instance at 0x154461639be0>,43,3,[ 2 13],62,102,105,40,102
1,<environment.Job instance at 0x154481fadd70>,24,2,[6 2],31,134,136,103,134
1,<environment.Job instance at 0x154481fad050>,28,3,[6 1],37,204,207,167,204
1,<environment.Job instance at 0x154481fad050>,3,1,[9 1],4,4,5,0,4
1,<environment.Job instance at 0x15447ce2dd70>,4,1,[ 2 10],5,5,6,0,5
1,<environment.Job instance at 0x15447ce2df00>,6,3,[ 1 10],11,11,14,0,11
1,<environment.Job instance at 0x15447ce2dd20>,7,1,[8 2],12,12,13,0,12
1,<environment.Job instance at 0x15447ce2d5a0>,13,3,[1 5],20,20,23,0,20
1,<environment.Job instance at 0x15447ce2d460>,15,1,[1 7],24,24,25,0,24
1,<environment.Job instance at 0x15447ce2d730>,17,2,[7 1],26,26,28,0,26
1,<environment.Job instance at 0x15447821b050>,18,28,[1 6],27,27,55,0,27
1,<environment.Job instance at 0x15447821bcd0>,19,1,[1 7],30,30,31,0,30
1,<environment.Job instance at 0x15447ce2d2d0>,12,1,[2 6],19,33,34,14,33
1,<environment.Job instance at 0x15447821b550>,21,16,[1 6],32,34,50,2,33
1,<environment.Job instance at 0x15447821bbe0>,22,15,[10  2],33,33,48,0,33
1,<environment.Job instance at 0x15447821ba50>,26,1,[1 9],39,50,51,11,39
1,<environment.Job instance at 0x15447821bd20>,27,1,[2 7],40,51,52,11,40
1,<environment.Job instance at 0x15447c26d500>,4,1,[7 1],5,5,6,0,5
1,<environment.Job instance at 0x15447c26d9b0>,7,26,[8 1],8,9,35,1,9
1,<environment.Job instance at 0x15447c26dcd0>,10,27,[6 1],11,12,39,1,12
1,<environment.Job instance at 0x15447c26de60>,14,2,[2 9],15,35,37,20,21
1,<environment.Job instance at 0x15447c25e370>,20,1,[6 1],25,35,36,10,25
1,<environment.Job instance at 0x15447c25e1e0>,17,17,[ 2 10],19,37,54,18,31
1,<environment.Job instance at 0x15447c25e820>,22,2,[1 7],29,32,34,3,32
1,<environment.Job instance at 0x15447c25e7d0>,23,3,[7 1],30,36,39,6,32
1,<environment.Job instance at 0x15447c25e960>,24,1,[6 1],31,39,40,8,32
1,<environment.Job instance at 0x15447c25eb90>,25,15,[6 2],32,39,54,7,32
1,<environment.Job instance at 0x15447c25eeb0>,26,3,[2 9],33,54,57,21,33
1,<environment.Job instance at 0x15447c268050>,29,16,[2 7],37,57,73,20,44
1,<environment.Job instance at 0x15447c268140>,30,2,[1 8],39,57,59,18,44
1,<environment.Job instance at 0x15447c268280>,31,2,[1 5],40,54,56,14,44
1,<environment.Job instance at 0x15447c268320>,32,1,[1 5],41,56,57,15,44
1,<environment.Job instance at 0x15447c2684b0>,33,2,[9 1],42,54,56,12,44
1,<environment.Job instance at 0x15447c2683c0>,34,3,[9 2],43,59,62,16,44
1,<environment.Job instance at 0x15447c268500>,35,17,[5 2],44,62,79,18,54
1,<environment.Job instance at 0x15447c268a50>,36,2,[2 6],46,60,62,14,60
1,<environment.Job instance at 0x15447c268b90>,37,1,[ 1 10],47,73,74,26,68
1,<environment.Job instance at 0x15447c268be0>,38,1,[2 7],48,345,346,297,345
1,<environment.Job instance at 0x15447c2689b0>,39,2,[2 6],49,2187,2189,2138,2187
1,<environment.Job instance at 0x15447c268cd0>,1,1,[1 6],2,2,3,0,2
1,<environment.Job instance at 0x15447a870370>,12,1,[ 2 13],18,23,24,5,23
1,<environment.Job instance at 0x15446148e730>,16,1,[5 1],22,23,24,1,23
1,<environment.Job instance at 0x1544614970a0>,18,2,[1 7],24,24,26,0,24
1,<environment.Job instance at 0x154461497730>,19,1,[6 2],27,27,28,0,27
1,<environment.Job instance at 0x1544816e2460>,25,1,[5 2],39,41,42,2,41
1,<environment.Job instance at 0x15446148e820>,15,16,[2 5],21,52,68,31,52
1,<environment.Job instance at 0x1544816e2e60>,32,1,[ 1 10],48,52,53,4,52
1,<environment.Job instance at 0x1544816e29b0>,33,26,[2 5],49,53,79,4,52
1,<environment.Job instance at 0x1544614b49b0>,37,1,[1 8],55,68,69,13,55
1,<environment.Job instance at 0x1544816e28c0>,29,2,[2 9],44,69,71,25,68
1,<environment.Job instance at 0x1544614b4500>,45,2,[ 2 13],69,79,81,10,78
1,<environment.Job instance at 0x1544816e2dc0>,27,1,[7 2],42,91,92,49,91
1,<environment.Job instance at 0x15447a870f50>,13,2,[2 5],19,99,101,80,99
1,<environment.Job instance at 0x1544816e2af0>,28,1,[2 8],43,111,112,68,111
1,<environment.Job instance at 0x1544816e2050>,1,28,[2 5],3,4,32,1,4
1,<environment.Job instance at 0x15447d1fe910>,23,25,[9 1],33,64,89,31,64
1,<environment.Job instance at 0x15447d1fe190>,9,24,[2 9],12,100,124,88,100
1,<environment.Job instance at 0x15447d21a690>,36,1,[7 2],51,121,122,70,121
1,<environment.Job instance at 0x15447d21a820>,37,3,[9 1],52,135,138,83,135
1,<environment.Job instance at 0x15447d21a410>,38,15,[6 1],53,146,161,93,146
1,<environment.Job instance at 0x15447d21a550>,39,1,[2 5],54,165,166,111,165
1,<environment.Job instance at 0x15447d21ab40>,40,2,[1 5],56,207,209,151,207
1,<environment.Job instance at 0x15447d21aa50>,41,3,[2 8],57,215,218,158,215
1,<environment.Job instance at 0x15447d21a7d0>,42,17,[10  1],58,256,273,198,256
1,<environment.Job instance at 0x15447d21ae60>,43,26,[5 2],59,268,294,209,268
1,<environment.Job instance at 0x15447d21aaf0>,44,1,[8 2],60,304,305,244,304
1,<environment.Job instance at 0x15447d21aeb0>,45,2,[2 6],61,316,318,255,316
1,<environment.Job instance at 0x15447d21ae10>,46,3,[1 9],62,347,350,285,347
1,<environment.Job instance at 0x15446136f190>,47,2,[1 7],64,370,372,306,370
1,<environment.Job instance at 0x15446136f640>,48,3,[2 9],65,421,424,356,421
1,<environment.Job instance at 0x15446136f780>,49,2,[6 1],66,441,443,375,441
1,<environment.Job instance at 0x15446136f960>,50,1,[5 1],67,446,447,379,446
1,<environment.Job instance at 0x15446136fb40>,51,16,[2 6],68,461,477,393,461
1,<environment.Job instance at 0x14e2c8a5baf0>,7,1,[2 6],8,8,9,0,8
1,<environment.Job instance at 0x14e2c8a804b0>,13,2,[8 1],17,17,19,0,17
1,<environment.Job instance at 0x14e2c8a80a00>,14,2,[ 1 10],18,18,20,0,18
1,<environment.Job instance at 0x14e2c8a80b40>,15,1,[ 1 10],20,20,21,0,20
1,<environment.Job instance at 0x14e2c8a75aa0>,16,1,[2 5],21,21,22,0,21
1,<environment.Job instance at 0x14e2c8a84500>,22,1,[2 7],30,30,31,0,30
1,<environment.Job instance at 0x14e2c8a7bd70>,23,2,[8 1],31,31,33,0,31
1,<environment.Job instance at 0x14e2c8a7b820>,27,2,[2 7],36,38,40,2,38
1,<environment.Job instance at 0x14e2c8a7b050>,26,1,[2 7],35,38,39,3,38
1,<environment.Job instance at 0x14e2c89ed5f0>,33,1,[2 7],43,54,55,11,54
1,<environment.Job instance at 0x14e2c89ed500>,34,15,[11  1],44,63,78,19,63
1,<environment.Job instance at 0x14e2c72a5140>,42,1,[10  1],56,78,79,22,63
1,<environment.Job instance at 0x14e2c6fa1820>,43,3,[7 2],57,79,82,22,63
1,<environment.Job instance at 0x14e2c6d78c80>,44,3,[1 8],58,63,66,5,63
1,<environment.Job instance at 0x14e2c6b0e0f0>,45,3,[2 8],60,66,69,6,63
1,<environment.Job instance at 0x14e2c6d78d70>,46,2,[2 8],61,69,71,8,63
1,<environment.Job instance at 0x14e2c6b0ee10>,47,1,[1 6],63,63,64,0,63
1,<environment.Job instance at 0x14e2c6d905f0>,48,1,[2 9],65,71,72,6,65
1,<environment.Job instance at 0x14e2c89f4cd0>,30,15,[2 9],40,72,87,32,68
1,<environment.Job instance at 0x14e2c6d904b0>,50,12,[9 1],68,82,94,14,68
1,<environment.Job instance at 0x14e2c6d90e60>,51,2,[8 2],69,94,96,25,69
1,<environment.Job instance at 0x14e2c6d90eb0>,52,2,[1 7],72,91,93,19,91
1,<environment.Job instance at 0x14e2c6b0d690>,53,3,[6 1],73,93,96,20,91
1,<environment.Job instance at 0x14e2c6b0d730>,54,2,[2 5],75,91,93,16,91
1,<environment.Job instance at 0x14e2c6b0d7d0>,56,1,[10  2],79,96,97,17,91
1,<environment.Job instance at 0x14e2c6fc9780>,41,25,[12  2],54,97,122,43,97
1,<environment.Job instance at 0x14e2c8a84050>,19,3,[6 2],26,125,128,99,125
1,<environment.Job instance at 0x14e2c8a84960>,20,2,[ 1 13],27,264,266,237,264
1,<environment.Job instance at 0x14e2c6d88280>,1,1,[1 9],5,5,6,0,5
1,<environment.Job instance at 0x14e2c6d888c0>,9,1,[13  1],14,14,15,0,14
1,<environment.Job instance at 0x14e2c6d8fb90>,10,3,[1 9],15,15,18,0,15
1,<environment.Job instance at 0x14e2c6d8fa00>,11,1,[2 5],16,16,17,0,16
1,<environment.Job instance at 0x14e2c6d8f280>,17,1,[1 6],27,27,28,0,27
1,<environment.Job instance at 0x14e2c88745a0>,25,1,[10  1],37,37,38,0,37
1,<environment.Job instance at 0x14e2c88748c0>,27,1,[7 2],40,40,41,0,40
1,<environment.Job instance at 0x14e2c8874c30>,30,1,[1 5],43,43,44,0,43
1,<environment.Job instance at 0x14e2c6b1a780>,32,1,[2 7],47,47,48,0,47
1,<environment.Job instance at 0x14e2c6b0d410>,35,2,[14  1],50,57,59,7,57
1,<environment.Job instance at 0x14e2c6b0dd70>,39,15,[10  2],55,59,74,4,58
1,<environment.Job instance at 0x14e2c6b0ddc0>,42,17,[1 9],59,59,76,0,59
1,<environment.Job instance at 0x14e2c6b0d7d0>,41,16,[8 1],57,74,90,17,61
1,<environment.Job instance at 0x14e2c70140f0>,45,1,[ 2 10],62,76,77,14,62
1,<environment.Job instance at 0x14e2c70148c0>,46,1,[ 2 14],63,77,78,14,63
1,<environment.Job instance at 0x14e2c7014af0>,47,1,[8 2],64,90,91,26,64
1,<environment.Job instance at 0x14e2c72a39b0>,48,15,[5 1],65,78,93,13,65
1,<environment.Job instance at 0x14e2c7014050>,50,2,[ 1 10],70,78,80,8,70
1,<environment.Job instance at 0x14e2cdb098c0>,52,3,[ 2 10],72,83,86,11,83
1,<environment.Job instance at 0x14e2cdb09550>,53,3,[2 5],73,86,89,13,83
1,<environment.Job instance at 0x14e2c9365550>,54,1,[8 1],74,91,92,17,84
1,<environment.Job instance at 0x14e2cdb284b0>,55,3,[5 2],76,92,95,16,84
1,<environment.Job instance at 0x14e2cdb28140>,56,15,[9 2],77,93,108,16,84
1,<environment.Job instance at 0x14e2cdb4e640>,57,18,[2 6],78,95,113,17,85
1,<environment.Job instance at 0x14e2cddf6690>,58,1,[1 6],79,93,94,14,93
1,<environment.Job instance at 0x14e2c70149b0>,44,1,[2 8],61,192,193,131,192
1,<environment.Job instance at 0x14e2c6b0daa0>,37,3,[2 8],52,2406,2409,2354,2406
1,<environment.Job instance at 0x14e2c6b0d6e0>,38,12,[9 2],54,2824,2836,2770,2824
1,<environment.Job instance at 0x14e2ce45ea00>,5,2,[1 8],9,10,12,1,10
1,<environment.Job instance at 0x14e2c6b0d6e0>,2,1,[1 8],6,13,14,7,13
1,<environment.Job instance at 0x14e2c6b0dd20>,1,3,[12  1],4,17,20,13,17
1,<environment.Job instance at 0x14e2ce45e640>,10,2,[7 2],15,20,22,5,17
1,<environment.Job instance at 0x14e2ce45ea50>,9,3,[1 9],14,19,22,5,19
1,<environment.Job instance at 0x14e2ce45e3c0>,12,28,[2 8],19,22,50,3,21
1,<environment.Job instance at 0x14e2ce4d0910>,16,2,[1 9],28,50,52,22,28
1,<environment.Job instance at 0x14e2ce45ed70>,6,3,[1 7],11,35,38,24,35
1,<environment.Job instance at 0x14e2c8754690>,25,3,[5 2],40,40,43,0,40
1,<environment.Job instance at 0x14e2c8754410>,26,2,[ 1 10],41,52,54,11,41
1,<environment.Job instance at 0x14e2c8754460>,27,13,[ 2 10],42,54,67,12,42
1,<environment.Job instance at 0x14e2c8754fa0>,28,1,[1 7],43,43,44,0,43
1,<environment.Job instance at 0x14e2c8754140>,29,1,[2 9],44,67,68,23,44
1,<environment.Job instance at 0x14e2c8754be0>,30,15,[1 7],45,68,83,23,54
1,<environment.Job instance at 0x14e2c8754780>,31,3,[ 2 10],47,83,86,36,57
1,<environment.Job instance at 0x14e2c931e190>,32,14,[10  1],49,57,71,8,57
1,<environment.Job instance at 0x14e2c931e410>,33,12,[7 1],50,71,83,21,57
1,<environment.Job instance at 0x14e2c931eb40>,37,3,[6 1],54,71,74,17,57
1,<environment.Job instance at 0x14e2c931e370>,38,2,[10  1],55,83,85,28,57
1,<environment.Job instance at 0x14e2c703d910>,41,16,[1 6],59,86,102,27,75
1,<environment.Job instance at 0x14e2c703d050>,46,15,[9 2],70,85,100,15,75
1,<environment.Job instance at 0x14e2c703d730>,47,1,[9 1],71,100,101,29,81
1,<environment.Job instance at 0x14e2c703d3c0>,50,1,[9 1],75,101,102,26,81
1,<environment.Job instance at 0x14e2c6fde140>,51,2,[8 1],76,102,104,26,81
1,<environment.Job instance at 0x14e2c6fde230>,52,1,[ 1 10],77,102,103,25,81
1,<environment.Job instance at 0x14e2c6fde910>,53,2,[1 5],79,81,83,2,81
1,<environment.Job instance at 0x14e2c7017e60>,45,16,[9 1],66,152,168,86,152
1,<environment.Job instance at 0x14e2ce45e0f0>,3,15,[1 6],7,459,474,452,459
1,<environment.Job instance at 0x14e2ce45ee60>,7,13,[ 1 14],12,479,492,467,479
1,<environment.Job instance at 0x14e2c423b230>,5,1,[2 8],12,12,13,0,12
1,<environment.Job instance at 0x14e2a57cbcd0>,11,1,[7 2],23,23,24,0,23
1,<environment.Job instance at 0x14e2a57cb050>,12,2,[5 2],24,24,26,0,24
1,<environment.Job instance at 0x14e2a57cbb90>,13,2,[ 2 12],26,26,28,0,26
1,<environment.Job instance at 0x14e2c42bd820>,22,3,[ 1 13],36,52,55,16,52
1,<environment.Job instance at 0x14e2c42bdeb0>,23,3,[1 5],39,55,58,16,52
1,<environment.Job instance at 0x14e2c42bdfa0>,24,21,[ 2 13],40,58,79,18,52
1,<environment.Job instance at 0x14e2c42bdf00>,25,1,[2 8],41,55,56,14,52
1,<environment.Job instance at 0x14e2c42bd0a0>,26,1,[7 1],42,52,53,10,52
1,<environment.Job instance at 0x14e2a57cb5a0>,19,1,[1 5],33,79,80,46,64
1,<environment.Job instance at 0x14e2c42bd690>,31,1,[5 2],48,65,66,17,65
1,<environment.Job instance at 0x14e2c42bdd70>,32,1,[1 8],49,79,80,30,65
1,<environment.Job instance at 0x14e2c42bd780>,33,3,[1 7],50,80,83,30,65
1,<environment.Job instance at 0x14e2c4151be0>,34,2,[5 2],52,66,68,14,65
1,<environment.Job instance at 0x14e2c4151a00>,35,2,[1 7],54,80,82,26,65
1,<environment.Job instance at 0x14e2c4151780>,36,2,[5 2],55,68,70,13,65
1,<environment.Job instance at 0x14e2c4151f00>,37,1,[1 6],57,82,83,25,65
1,<environment.Job instance at 0x14e2c4151230>,38,12,[7 1],58,70,82,12,65
1,<environment.Job instance at 0x14e2c41513c0>,39,2,[10  1],59,82,84,23,65
1,<environment.Job instance at 0x14e2c4151500>,40,3,[2 7],60,83,86,23,65
1,<environment.Job instance at 0x14e2c4151c30>,41,17,[7 1],62,84,101,22,72
1,<environment.Job instance at 0x14e2c4151eb0>,42,1,[2 5],64,91,92,27,91
1,<environment.Job instance at 0x14e2c4285550>,51,2,[ 1 10],77,115,117,38,115
1,<environment.Job instance at 0x14e2a5701b90>,2,1,[6 1],3,3,4,0,3
1,<environment.Job instance at 0x14e2a56fbc80>,20,2,[ 2 10],35,35,37,0,35
1,<environment.Job instance at 0x14e2a56f8be0>,23,2,[ 2 12],40,58,60,18,58
1,<environment.Job instance at 0x14e2a56f89b0>,24,1,[6 2],41,58,59,17,58
1,<environment.Job instance at 0x14e2a56f84b0>,22,17,[10  1],38,59,76,21,58
1,<environment.Job instance at 0x14e2a56f8c30>,27,2,[8 1],48,76,78,28,63
1,<environment.Job instance at 0x14e2a58d9820>,39,1,[6 2],65,76,77,11,65
1,<environment.Job instance at 0x14e2a58d9910>,40,3,[2 7],66,66,69,0,66
1,<environment.Job instance at 0x14e2a58d9be0>,41,14,[7 2],67,77,91,10,67
1,<environment.Job instance at 0x14e2a58ee370>,42,2,[ 1 10],69,83,85,14,83
1,<environment.Job instance at 0x14e2c42c2690>,44,2,[2 9],71,89,91,18,89
1,<environment.Job instance at 0x14e2a55cfbe0>,45,3,[9 1],74,103,106,29,103
1,<environment.Job instance at 0x14e2c9447780>,46,18,[6 2],76,103,121,27,103
1,<environment.Job instance at 0x14e2a58d9b40>,47,16,[1 5],78,106,122,28,104
1,<environment.Job instance at 0x14e2a588fe60>,19,12,[5 2],28,33,45,5,33
1,<environment.Job instance at 0x14e2a588fa00>,22,1,[10  1],34,34,35,0,34
1,<environment.Job instance at 0x14e2a588f870>,23,27,[1 7],35,35,62,0,35
1,<environment.Job instance at 0x14e2a5892190>,28,2,[1 5],45,45,47,0,45
1,<environment.Job instance at 0x14e2a58d9190>,29,2,[8 1],46,46,48,0,46
1,<environment.Job instance at 0x14e2a58d9e60>,30,3,[2 9],47,62,65,15,47
1,<environment.Job instance at 0x14e2a58d9730>,31,1,[5 1],49,49,50,0,49
1,<environment.Job instance at 0x14e2a58d9d70>,33,2,[1 9],51,65,67,14,51
1,<environment.Job instance at 0x14e2a58d9500>,34,3,[2 8],52,52,55,0,52
1,<environment.Job instance at 0x14e2a589fdc0>,35,1,[1 8],55,55,56,0,55
1,<environment.Job instance at 0x14e2a582baa0>,36,16,[2 6],56,56,72,0,56
1,<environment.Job instance at 0x14e2a5709dc0>,37,3,[1 6],57,67,70,10,57
1,<environment.Job instance at 0x14e2a58142d0>,38,2,[8 2],58,58,60,0,58
1,<environment.Job instance at 0x14e2a58140a0>,40,3,[10  1],61,67,70,6,61
1,<environment.Job instance at 0x14e2a5814960>,43,3,[1 9],64,70,73,6,64
1,<environment.Job instance at 0x14e2a5814a50>,44,2,[1 8],66,73,75,7,66
1,<environment.Job instance at 0x14e2a5807500>,46,15,[10  1],69,72,87,3,69
1,<environment.Job instance at 0x14e2a5807d70>,50,2,[6 1],74,87,89,13,85
1,<environment.Job instance at 0x14e2a588fcd0>,21,3,[8 1],33,87,90,54,86
1,<environment.Job instance at 0x14e2a58078c0>,51,3,[10  1],76,90,93,14,86
1,<environment.Job instance at 0x14e2a5807870>,52,3,[10  2],77,96,99,19,96
1,<environment.Job instance at 0x14e2d0510140>,3,3,[1 6],4,4,7,0,4
1,<environment.Job instance at 0x14e2cfa77460>,5,2,[ 1 10],6,7,9,1,6
1,<environment.Job instance at 0x14e2d0505b40>,9,3,[6 1],10,10,13,0,10
1,<environment.Job instance at 0x14e2c893c870>,10,2,[1 8],11,11,13,0,11
1,<environment.Job instance at 0x14e2c8941e60>,12,2,[2 8],13,13,15,0,13
1,<environment.Job instance at 0x14e2cfa770a0>,14,1,[6 2],18,18,19,0,18
1,<environment.Job instance at 0x14e2c4249780>,15,2,[2 8],19,19,21,0,19
1,<environment.Job instance at 0x14e2a5b0e140>,16,1,[6 2],21,21,22,0,21
1,<environment.Job instance at 0x14e2c8917c80>,17,1,[2 9],22,22,23,0,22
1,<environment.Job instance at 0x14e2a56e60f0>,21,1,[5 2],27,27,28,0,27
1,<environment.Job instance at 0x14e2c89335a0>,22,1,[2 5],28,28,29,0,28
1,<environment.Job instance at 0x14e2a56e6f00>,23,2,[ 1 10],30,30,32,0,30
1,<environment.Job instance at 0x14e2a56ae410>,24,3,[2 5],31,31,34,0,31
1,<environment.Job instance at 0x14e2c42bdc30>,25,12,[6 1],32,32,44,0,32
1,<environment.Job instance at 0x14e2a5aed7d0>,28,2,[7 1],37,37,39,0,37
1,<environment.Job instance at 0x14e2c8917190>,18,27,[ 2 10],23,50,77,27,50
1,<environment.Job instance at 0x14e2c40c7320>,37,1,[6 2],49,50,51,1,50
1,<environment.Job instance at 0x14e2c40c7550>,38,2,[1 5],50,51,53,1,50
1,<environment.Job instance at 0x14e2c7053f00>,39,1,[1 7],51,77,78,26,51
1,<environment.Job instance at 0x14e2c88feaf0>,41,2,[1 5],53,53,55,0,53
1,<environment.Job instance at 0x14e2c88feeb0>,42,1,[1 9],55,78,79,23,55
1,<environment.Job instance at 0x14e2cfab1460>,43,1,[2 5],56,56,57,0,56
1,<environment.Job instance at 0x14e2cfab1230>,45,1,[2 6],58,77,78,19,58
1,<environment.Job instance at 0x14e2c89e3cd0>,46,1,[2 8],60,79,80,19,60
1,<environment.Job instance at 0x14e2cfb5af00>,47,1,[2 6],61,78,79,17,61
1,<environment.Job instance at 0x14e2c89e3500>,48,3,[1 7],63,79,82,16,63
1,<environment.Job instance at 0x14e2a5a280f0>,52,3,[5 1],67,69,72,2,69
1,<environment.Job instance at 0x14e2cfaceeb0>,53,1,[10  1],68,72,73,4,69
1,<environment.Job instance at 0x14e2c41de5a0>,54,1,[1 8],69,80,81,11,69
1,<environment.Job instance at 0x14e2c40c7730>,35,13,[12  2],47,81,94,34,75
1,<environment.Job instance at 0x14e2c41de9b0>,56,2,[2 6],71,81,83,10,75
1,<environment.Job instance at 0x14e2c41ac190>,57,3,[9 2],72,75,78,3,75
1,<environment.Job instance at 0x14e2c944f780>,58,2,[10  2],73,94,96,21,75
1,<environment.Job instance at 0x14e2cdb62050>,59,16,[10  2],74,96,112,22,83
1,<environment.Job instance at 0x14e2c412a050>,61,2,[1 6],77,83,85,6,83
1,<environment.Job instance at 0x14e2c4339e60>,3,1,[2 5],4,4,5,0,4
1,<environment.Job instance at 0x14e2c4286410>,5,2,[7 1],6,6,8,0,6
1,<environment.Job instance at 0x14e2c4339fa0>,8,25,[12  1],9,14,39,5,14
1,<environment.Job instance at 0x14e2a59f90f0>,24,2,[5 1],37,39,41,2,37
1,<environment.Job instance at 0x14e2a56340f0>,23,1,[7 1],36,49,50,13,49
1,<environment.Job instance at 0x14e2c42cdd20>,26,3,[5 2],40,49,52,9,49
1,<environment.Job instance at 0x14e2c42b50f0>,27,12,[1 5],41,49,61,8,49
1,<environment.Job instance at 0x14e2c72a6820>,28,13,[7 2],42,50,63,8,49
1,<environment.Job instance at 0x14e2c42b5960>,29,3,[8 1],43,61,64,18,49
1,<environment.Job instance at 0x14e2c72a2b40>,32,16,[1 5],51,63,79,12,52
1,<environment.Job instance at 0x14e2c72a2eb0>,33,1,[1 9],52,63,64,11,52
1,<environment.Job instance at 0x14e2c72a2d20>,34,3,[2 9],54,64,67,10,54
1,<environment.Job instance at 0x14e2c93ac1e0>,35,1,[10  2],55,67,68,12,55
1,<environment.Job instance at 0x14e2c93ac4b0>,36,1,[5 2],56,56,57,0,56
1,<environment.Job instance at 0x14e2a563e5f0>,37,26,[2 8],58,67,93,9,65
1,<environment.Job instance at 0x14e2a5a0daf0>,41,2,[1 6],67,79,81,12,67
1,<environment.Job instance at 0x14e2c433ceb0>,44,1,[6 2],72,87,88,15,87
1,<environment.Job instance at 0x14e2c4267820>,10,2,[10  2],12,126,128,114,126
1,<environment.Job instance at 0x14e2c42d9370>,20,3,[8 1],30,143,146,113,143
1,<environment.Job instance at 0x14e2c42d9370>,3,2,[5 2],4,4,6,0,4
1,<environment.Job instance at 0x14e2a55a79b0>,4,27,[1 7],5,6,33,1,6
1,<environment.Job instance at 0x14e2a55a7c30>,7,2,[6 1],9,9,11,0,9
1,<environment.Job instance at 0x14e2a55a7c80>,8,2,[ 1 10],10,33,35,23,10
1,<environment.Job instance at 0x14e2a55a7a00>,9,3,[9 2],12,12,15,0,12
1,<environment.Job instance at 0x14e2a55a7f50>,10,2,[5 1],13,13,15,0,13
1,<environment.Job instance at 0x14e2a55a9230>,15,1,[5 1],23,23,24,0,23
1,<environment.Job instance at 0x14e2a55a9190>,13,2,[2 9],17,35,37,18,23
1,<environment.Job instance at 0x14e2a55a9870>,19,3,[2 8],29,37,40,8,34
1,<environment.Job instance at 0x14e2a55a9960>,20,15,[2 7],30,37,52,7,35
1,<environment.Job instance at 0x14e2a55a9d20>,22,1,[ 1 12],36,52,53,16,38
1,<environment.Job instance at 0x14e2a55a9dc0>,23,3,[6 2],37,40,43,3,38
1,<environment.Job instance at 0x14e2a55ab230>,26,1,[2 9],44,53,54,9,44
1,<environment.Job instance at 0x14e2a55ab2d0>,27,2,[7 2],45,46,48,1,46
1,<environment.Job instance at 0x14e2a55ab190>,28,12,[7 1],46,49,61,3,49
1,<environment.Job instance at 0x14e2a55abdc0>,35,28,[5 1],56,56,84,0,56
1,<environment.Job instance at 0x14e2a55aba00>,38,15,[6 1],59,187,202,128,187
1,<environment.Job instance at 0x14e2a55ad280>,40,1,[6 2],61,369,370,308,369
1,<environment.Job instance at 0x14e2a55ad410>,43,12,[2 8],65,1390,1402,1325,1390
1,<environment.Job instance at 0x14e2a55ad370>,44,3,[ 1 10],66,1702,1705,1636,1702
1,<environment.Job instance at 0x14e2a55ad4b0>,45,3,[1 5],67,2231,2234,2164,2231
1,<environment.Job instance at 0x14e2ce48cc80>,10,1,[10  2],17,29,30,12,29
1,<environment.Job instance at 0x14e2ce48c2d0>,11,2,[7 2],18,30,32,12,29
1,<environment.Job instance at 0x14e2ce48c190>,8,3,[1 7],14,29,32,15,29
1,<environment.Job instance at 0x14e2a5681280>,13,3,[1 5],20,29,32,9,29
1,<environment.Job instance at 0x14e2a5681e10>,14,12,[2 9],22,32,44,10,29
1,<environment.Job instance at 0x14e2c8865f50>,15,3,[9 2],23,40,43,17,40
1,<environment.Job instance at 0x14e2c88653c0>,17,2,[1 8],25,44,46,19,40
1,<environment.Job instance at 0x14e2c8865230>,18,12,[1 7],27,44,56,17,40
1,<environment.Job instance at 0x14e2c8865fa0>,19,1,[ 1 10],29,56,57,27,40
1,<environment.Job instance at 0x14e2a56b7780>,20,19,[2 5],30,46,65,16,40
1,<environment.Job instance at 0x14e2a56b7960>,21,17,[2 9],31,57,74,26,45
1,<environment.Job instance at 0x14e2c8aa3c30>,25,1,[6 1],36,46,47,10,45
1,<environment.Job instance at 0x14e2c8aa3d70>,26,12,[ 1 10],37,74,86,37,57
1,<environment.Job instance at 0x14e2c8aa3050>,27,3,[2 7],39,86,89,47,70
1,<environment.Job instance at 0x14e2c4266aa0>,34,3,[7 1],46,70,73,24,70
1,<environment.Job instance at 0x14e2c4266e60>,35,14,[8 2],47,73,87,26,70
1,<environment.Job instance at 0x14e2ce4a27d0>,36,2,[1 9],49,89,91,40,70
1,<environment.Job instance at 0x14e2ce4a26e0>,37,2,[7 2],50,87,89,37,70
1,<environment.Job instance at 0x14e2ce4a2aa0>,38,3,[5 2],52,70,73,18,70
1,<environment.Job instance at 0x14e2ce4a2c80>,40,1,[8 1],54,89,90,35,73
1,<environment.Job instance at 0x14e2ce4a2a50>,41,1,[1 5],56,86,87,30,73
1,<environment.Job instance at 0x14e2ce4a2280>,42,1,[10  1],58,90,91,32,73
1,<environment.Job instance at 0x14e2ce4a2910>,43,1,[5 2],59,73,74,14,73
1,<environment.Job instance at 0x14e2ce4a21e0>,39,13,[2 8],53,94,107,41,94
1,<environment.Job instance at 0x14e2c8774fa0>,46,1,[10  2],63,95,96,32,95
1,<environment.Job instance at 0x14e2c8774140>,48,21,[2 5],65,101,122,36,101
1,<environment.Job instance at 0x14e2c8774be0>,47,21,[ 2 10],64,107,128,43,102
1,<environment.Job instance at 0x14e2c41825f0>,53,2,[2 9],71,128,130,57,106
1,<environment.Job instance at 0x14e2c4182a00>,54,2,[1 5],72,122,124,50,107
1,<environment.Job instance at 0x14e2cfec95f0>,57,1,[9 1],76,124,125,48,116
1,<environment.Job instance at 0x14e2c4182eb0>,55,16,[1 8],73,132,148,59,132
1,<environment.Job instance at 0x14e2c8aa34b0>,28,1,[1 6],40,163,164,123,163
1,<environment.Job instance at 0x14e2c41bbc30>,2,1,[1 7],3,3,4,0,3
1,<environment.Job instance at 0x14e2c41bb280>,4,1,[6 2],7,7,8,0,7
1,<environment.Job instance at 0x14e2c41bb780>,5,1,[5 1],8,8,9,0,8
1,<environment.Job instance at 0x14e2c6b0c960>,12,3,[5 1],17,17,20,0,17
1,<environment.Job instance at 0x14e2c6b0cc80>,13,2,[ 1 10],18,18,20,0,18
1,<environment.Job instance at 0x14e2c42c8d70>,19,13,[2 8],26,26,39,0,26
1,<environment.Job instance at 0x14e2c42c8410>,17,17,[7 1],24,26,43,2,26
1,<environment.Job instance at 0x14e2a57700f0>,4,1,[6 1],7,115,116,108,115
1,<environment.Job instance at 0x14e2a5770140>,5,2,[6 1],9,299,301,290,299
1,<environment.Job instance at 0x14e2a57702d0>,6,17,[1 7],10,517,534,507,517
1,<environment.Job instance at 0x14e2a57703c0>,7,15,[10  2],14,552,567,538,552
1,<environment.Job instance at 0x14e2a5770370>,8,2,[7 2],15,567,569,552,560
1,<environment.Job instance at 0x14e2a5770320>,9,1,[1 5],17,578,579,561,578
1,<environment.Job instance at 0x14e2a5770550>,10,14,[5 2],19,687,701,668,687
1,<environment.Job instance at 0x14e2a5770500>,11,27,[5 1],20,690,717,670,690
1,<environment.Job instance at 0x14e2a57705f0>,12,15,[14  1],21,867,882,846,867
1,<environment.Job instance at 0x14e2a5770690>,13,2,[1 9],22,876,878,854,876
1,<environment.Job instance at 0x14e2a5770730>,14,14,[1 6],23,880,894,857,880
1,<environment.Job instance at 0x14e2a57705a0>,15,1,[1 8],24,1012,1013,988,1012
1,<environment.Job instance at 0x14e2a5770820>,16,1,[2 9],26,1190,1191,1164,1190
1,<environment.Job instance at 0x14e2a57708c0>,17,2,[10  2],27,1216,1218,1189,1216
1,<environment.Job instance at 0x14e2a5770af0>,18,1,[6 1],30,1218,1219,1188,1217
1,<environment.Job instance at 0x14e2a5770a50>,19,1,[7 2],32,1278,1279,1246,1278
1,<environment.Job instance at 0x14e2a5770a00>,20,2,[2 7],33,1333,1335,1300,1333
1,<environment.Job instance at 0x14e2a5770b90>,21,3,[2 5],34,1454,1457,1420,1454
1,<environment.Job instance at 0x14e2a5770be0>,22,25,[6 1],35,1506,1531,1471,1506
1,<environment.Job instance at 0x14e2a5770c30>,23,12,[5 2],37,1614,1626,1577,1614
1,<environment.Job instance at 0x14e2a5770d20>,24,1,[10  1],38,1618,1619,1580,1618
1,<environment.Job instance at 0x14e2a5770f50>,25,3,[10  1],41,1911,1914,1870,1911
1,<environment.Job instance at 0x14e2a5770f00>,26,2,[ 2 10],42,1912,1914,1870,1912
1,<environment.Job instance at 0x14e2a5770e60>,27,3,[9 2],43,1959,1962,1916,1959
1,<environment.Job instance at 0x14e2a5770fa0>,28,1,[1 9],44,1960,1961,1916,1960
1,<environment.Job instance at 0x14e2a5779140>,29,1,[8 2],47,1962,1963,1915,1960
1,<environment.Job instance at 0x14e2a57790a0>,30,22,[2 5],49,2435,2457,2386,2435
1,<environment.Job instance at 0x14e2a57791e0>,31,1,[9 2],50,2655,2656,2605,2655
1,<environment.Job instance at 0x14e2a57792d0>,32,1,[10  1],51,2671,2672,2620,2671
1,<environment.Job instance at 0x14e2a5793910>,7,2,[8 2],12,12,14,0,12
1,<environment.Job instance at 0x14e2a57792d0>,3,2,[ 1 11],7,13,15,6,13
1,<environment.Job instance at 0x14e2a5793500>,8,15,[10  1],13,14,29,1,13
1,<environment.Job instance at 0x14e2a5793550>,12,3,[ 2 14],17,17,20,0,17
1,<environment.Job instance at 0x14e2c93e4d70>,19,2,[6 2],26,29,31,3,27
1,<environment.Job instance at 0x14e2c93e4960>,22,14,[ 2 10],29,29,43,0,29
1,<environment.Job instance at 0x14e2c93e49b0>,23,14,[9 2],30,31,45,1,30
1,<environment.Job instance at 0x14e2c4284820>,24,1,[1 9],31,43,44,12,31
1,<environment.Job instance at 0x14e2c4284410>,26,1,[6 1],33,44,45,11,33
1,<environment.Job instance at 0x14e2c886d2d0>,31,2,[1 7],38,46,48,8,46
1,<environment.Job instance at 0x14e2c886dbe0>,32,26,[1 6],41,46,72,5,46
1,<environment.Job instance at 0x14e2c886de10>,30,1,[9 2],37,48,49,11,48
1,<environment.Job instance at 0x14e2c886d370>,35,23,[9 1],46,49,72,3,48
1,<environment.Job instance at 0x14e2c886d5a0>,37,1,[5 2],48,49,50,1,49
1,<environment.Job instance at 0x14e2c886db40>,38,1,[8 2],49,72,73,23,49
1,<environment.Job instance at 0x14e2c886da50>,39,2,[7 2],51,72,74,21,51
1,<environment.Job instance at 0x14e2c886dfa0>,41,2,[10  1],54,74,76,20,54
1,<environment.Job instance at 0x14e2c8871c30>,42,1,[9 1],55,76,77,21,55
1,<environment.Job instance at 0x14e2c8871140>,44,3,[1 6],57,57,60,0,57
1,<environment.Job instance at 0x14e2c8871230>,45,3,[12  1],59,77,80,18,59
1,<environment.Job instance at 0x14e2c8871be0>,50,2,[1 8],69,69,71,0,69
1,<environment.Job instance at 0x14e2c8871fa0>,51,1,[2 6],70,71,72,1,70
1,<environment.Job instance at 0x14e2c88715a0>,52,2,[9 2],73,80,82,7,73
1,<environment.Job instance at 0x14e2c8871500>,53,1,[ 2 10],77,77,78,0,77
1,<environment.Job instance at 0x14e2c886d410>,36,14,[ 1 10],47,87,101,40,87
1,<environment.Job instance at 0x14e2a56f01e0>,1,1,[8 1],3,3,4,0,3
1,<environment.Job instance at 0x14e2a536e820>,6,2,[7 2],14,14,16,0,14
1,<environment.Job instance at 0x14e2a536eeb0>,7,2,[5 2],16,16,18,0,16
1,<environment.Job instance at 0x14e2a5872fa0>,8,1,[ 2 10],17,17,18,0,17
1,<environment.Job instance at 0x14e2c4256f50>,9,1,[6 2],18,18,19,0,18
1,<environment.Job instance at 0x14e2a55804b0>,10,2,[ 1 12],19,19,21,0,19
1,<environment.Job instance at 0x14e2c41033c0>,13,21,[5 1],22,25,46,3,25
1,<environment.Job instance at 0x14e2c4173f00>,25,2,[10  2],38,38,40,0,38
1,<environment.Job instance at 0x14e2c4173820>,26,2,[1 7],39,40,42,1,39
1,<environment.Job instance at 0x14e2c4173640>,27,3,[2 8],40,42,45,2,40
1,<environment.Job instance at 0x14e2a5767140>,28,2,[6 2],41,41,43,0,41
1,<environment.Job instance at 0x14e2a5767690>,29,1,[7 1],44,44,45,0,44
1,<environment.Job instance at 0x14e2c8a0d050>,30,2,[5 2],45,45,47,0,45
1,<environment.Job instance at 0x14e2c8a0d140>,32,3,[6 1],47,47,50,0,47
1,<environment.Job instance at 0x14e2c88fac80>,33,2,[ 1 10],48,48,50,0,48
1,<environment.Job instance at 0x14e2a550b190>,34,1,[7 1],49,49,50,0,49
1,<environment.Job instance at 0x14e2c88fa050>,35,1,[2 6],52,52,53,0,52
1,<environment.Job instance at 0x14e2c8835cd0>,37,1,[5 1],54,54,55,0,54
1,<environment.Job instance at 0x14e2c8835a50>,38,2,[8 2],55,55,57,0,55
1,<environment.Job instance at 0x14e2a547a7d0>,39,1,[6 1],56,56,57,0,56
1,<environment.Job instance at 0x14e2c9332190>,42,2,[8 2],63,63,65,0,63
1,<environment.Job instance at 0x14e2c706f410>,46,21,[6 1],70,70,91,0,70
1,<environment.Job instance at 0x14e2c706f910>,45,2,[7 1],68,89,91,21,89
1,<environment.Job instance at 0x14e2c706fd70>,48,14,[2 6],73,89,103,16,89
1,<environment.Job instance at 0x14e2a53b7190>,49,1,[ 2 10],74,103,104,29,90
1,<environment.Job instance at 0x14e2c706faf0>,50,2,[2 8],75,99,101,24,99
1,<environment.Job instance at 0x14e2c42c72d0>,51,1,[1 7],78,119,120,41,119
1,<environment.Job instance at 0x14e2c40cbc80>,3,1,[9 1],4,4,5,0,4
1,<environment.Job instance at 0x14e2ce45d4b0>,4,1,[ 2 10],5,5,6,0,5
1,<environment.Job instance at 0x14e2c40dd370>,6,3,[ 1 10],11,11,14,0,11
1,<environment.Job instance at 0x14e2c40dd460>,7,1,[8 2],12,12,13,0,12
1,<environment.Job instance at 0x14e2c40dd7d0>,13,3,[1 5],20,20,23,0,20
1,<environment.Job instance at 0x14e2c40dda00>,15,1,[1 7],24,24,25,0,24
1,<environment.Job instance at 0x14e2c40ddd70>,17,2,[7 1],26,26,28,0,26
1,<environment.Job instance at 0x14e2c40ddeb0>,18,28,[1 6],27,27,55,0,27
1,<environment.Job instance at 0x14e2c40ddfa0>,19,1,[1 7],30,30,31,0,30
1,<environment.Job instance at 0x14e2c40ddf00>,20,21,[9 1],31,31,52,0,31
1,<environment.Job instance at 0x14e2c40c4dc0>,30,2,[ 2 10],45,55,57,10,45
1,<environment.Job instance at 0x14e2c40b1c80>,33,20,[ 2 11],48,57,77,9,48
1,<environment.Job instance at 0x14e2c40b1320>,37,1,[9 2],54,54,55,0,54
1,<environment.Job instance at 0x14e2c40b1fa0>,38,1,[2 8],55,77,78,22,55
1,<environment.Job instance at 0x14e2c40b12d0>,39,1,[5 1],56,56,57,0,56
1,<environment.Job instance at 0x14e2c40b1e60>,40,1,[8 1],58,58,59,0,58
1,<environment.Job instance at 0x14e2c40b1190>,41,1,[1 8],60,78,79,18,60
1,<environment.Job instance at 0x14e2c40b10a0>,42,1,[2 9],61,79,80,18,61
1,<environment.Job instance at 0x14e2c40b1c30>,43,3,[1 9],62,80,83,18,62
1,<environment.Job instance at 0x14e2c40b1b90>,45,1,[7 2],65,68,69,3,68
1,<environment.Job instance at 0x14e2c40b1cd0>,46,1,[10  1],66,69,70,3,68
1,<environment.Job instance at 0x14e2c40b55f0>,47,3,[2 5],68,77,80,9,68
1,<environment.Job instance at 0x14e2c40b5910>,48,2,[6 2],69,70,72,1,69
1,<environment.Job instance at 0x14e2c40dd500>,12,1,[2 6],19,80,81,61,70
1,<environment.Job instance at 0x14e2c40b53c0>,51,1,[1 6],72,81,82,9,72
1,<environment.Job instance at 0x14e2c40b5370>,52,1,[10  1],73,73,74,0,73
1,<environment.Job instance at 0x14e2c40b56e0>,50,3,[2 9],71,83,86,12,74
1,<environment.Job instance at 0x14e2c40b5460>,53,17,[5 1],74,82,99,8,75
1,<environment.Job instance at 0x14e2c40b5c80>,56,2,[1 8],77,86,88,9,77
1,<environment.Job instance at 0x14e2c40b5a00>,57,26,[8 1],78,82,108,4,79
1,<environment.Job instance at 0x14e2c40b5550>,58,3,[2 5],79,88,91,9,79
1,<environment.Job instance at 0x14e2c40b5d70>,54,1,[7 1],75,99,100,24,93
1,<environment.Job instance at 0x14e2c40dd0f0>,10,13,[8 2],16,115,128,99,115
1,<environment.Job instance at 0x14e2c40dd6e0>,11,1,[7 1],17,145,146,128,145
1,<environment.Job instance at 0x14e2c40e1140>,1,21,[9 2],2,2,23,0,2
1,<environment.Job instance at 0x14e2a5a13f00>,6,3,[7 2],8,23,26,15,9
1,<environment.Job instance at 0x14e2a5a13f50>,8,1,[1 8],12,12,13,0,12
1,<environment.Job instance at 0x14e2a59f1f50>,10,1,[6 1],15,15,16,0,15
1,<environment.Job instance at 0x14e2a54a29b0>,11,28,[14  1],18,26,54,8,25
1,<environment.Job instance at 0x14e2a54a2050>,16,3,[2 9],23,54,57,31,28
1,<environment.Job instance at 0x14e2a54a26e0>,20,2,[1 8],29,30,32,1,30
1,<environment.Job instance at 0x14e2a54a2140>,21,2,[1 5],30,32,34,2,30
1,<environment.Job instance at 0x14e2a573a190>,22,1,[1 5],31,34,35,3,31
1,<environment.Job instance at 0x14e2a573aa00>,23,2,[9 1],32,54,56,22,32
1,<environment.Job instance at 0x14e2a573a550>,24,3,[9 2],33,56,59,23,33
1,<environment.Job instance at 0x14e2a54a2c80>,19,16,[2 7],27,66,82,39,66
1,<environment.Job instance at 0x14e2cfac3500>,26,2,[2 6],36,92,94,56,92
1,<environment.Job instance at 0x14e2cfac3aa0>,27,1,[ 1 10],37,94,95,57,92
1,<environment.Job instance at 0x14e2cfac3690>,28,1,[2 7],38,92,93,54,92
1,<environment.Job instance at 0x14e2cfac3d20>,29,2,[2 6],39,95,97,56,92
1,<environment.Job instance at 0x14e2cfac3320>,30,17,[5 2],40,92,109,52,92
1,<environment.Job instance at 0x14e2cfac35f0>,31,2,[5 1],42,107,109,65,107
1,<environment.Job instance at 0x14e2cfac3a00>,32,2,[8 2],43,111,113,68,111
1,<environment.Job instance at 0x14e2cfac3cd0>,33,2,[12  1],45,113,115,68,112
1,<environment.Job instance at 0x14e2cfac31e0>,34,14,[1 9],46,115,129,69,115
1,<environment.Job instance at 0x14e2cfac3050>,35,1,[2 8],47,129,130,82,117
1,<environment.Job instance at 0x14e2cfac3af0>,36,18,[10  2],48,117,135,69,117
1,<environment.Job instance at 0x14e2cfac3910>,37,12,[2 9],49,136,148,87,136
1,<environment.Job instance at 0x14e2cfac3960>,38,15,[2 5],50,138,153,88,138
1,<environment.Job instance at 0x14e2cfac3eb0>,39,3,[1 6],51,148,151,97,143
1,<environment.Job instance at 0x14e2cfac38c0>,40,2,[1 8],53,151,153,98,148
1,<environment.Job instance at 0x14e2cfac3730>,41,17,[7 1],54,150,167,96,150
1,<environment.Job instance at 0x14e2cfac3280>,42,16,[8 2],55,166,182,111,166
1,<environment.Job instance at 0x14e2cfaab230>,43,3,[1 5],58,181,184,123,181
1,<environment.Job instance at 0x14e2cfaabdc0>,44,1,[10  1],59,182,183,123,181
1,<environment.Job instance at 0x14e2cfaabaf0>,45,1,[10  2],60,183,184,123,181
1,<environment.Job instance at 0x14e2cfaabb90>,46,16,[7 1],61,187,203,126,187
1,<environment.Job instance at 0x14e2cfaabe10>,47,1,[1 6],62,202,203,140,202
1,<environment.Job instance at 0x14e2cfaab870>,48,14,[1 8],63,202,216,139,202
1,<environment.Job instance at 0x14e2cfaab410>,49,2,[5 1],64,203,205,139,202
1,<environment.Job instance at 0x14e2cfaab9b0>,50,2,[7 2],65,204,206,139,204
1,<environment.Job instance at 0x14e2cfaab7d0>,51,1,[1 6],66,208,209,142,208
1,<environment.Job instance at 0x14e2cfaabc30>,52,3,[2 6],67,209,212,142,208
1,<environment.Job instance at 0x14e2cfaabf50>,53,3,[1 9],68,216,219,148,208
1,<environment.Job instance at 0x14e2cfaab820>,54,3,[6 1],69,208,211,139,208
1,<environment.Job instance at 0x14e2cfaaba00>,55,15,[6 1],75,211,226,136,209
1,<environment.Job instance at 0x14e2cfaab370>,56,2,[7 1],76,225,227,149,225
1,<environment.Job instance at 0x14e2cfaabaa0>,57,17,[8 1],77,226,243,149,226
1,<environment.Job instance at 0x14e2cfaab140>,58,1,[ 2 13],78,244,245,166,244
1,<environment.Job instance at 0x14e2cfaab050>,59,2,[2 5],79,245,247,166,244
1,<environment.Job instance at 0x14e2a5460640>,19,3,[1 9],31,31,34,0,31
1,<environment.Job instance at 0x14e2c8abbcd0>,22,1,[1 8],35,35,36,0,35
1,<environment.Job instance at 0x14e2c8abb820>,23,1,[10  2],39,39,40,0,39
1,<environment.Job instance at 0x14e2c8abbdc0>,24,2,[2 6],40,40,42,0,40
1,<environment.Job instance at 0x14e2c8abba50>,25,1,[1 5],41,41,42,0,41
1,<environment.Job instance at 0x14e2c8abb4b0>,26,3,[7 2],43,43,46,0,43
1,<environment.Job instance at 0x14e2c8abb050>,27,1,[2 8],44,44,45,0,44
1,<environment.Job instance at 0x14e2c8abbe10>,32,28,[2 5],53,53,81,0,53
1,<environment.Job instance at 0x14e2c6f9baf0>,0,1,[9 1],1,1,2,0,1
1,<environment.Job instance at 0x14e2c6d6e410>,1,1,[1 8],2,2,3,0,2
1,<environment.Job instance at 0x14e2c93c9b40>,7,3,[2 6],9,9,12,0,9
1,<environment.Job instance at 0x14e2c93c9be0>,8,2,[8 1],10,10,12,0,10
1,<environment.Job instance at 0x14e2c93c9960>,9,1,[6 2],11,12,13,1,11
1,<environment.Job instance at 0x14e2c93c9e10>,10,1,[9 1],12,12,13,0,12
1,<environment.Job instance at 0x14e2c93c9f50>,11,1,[2 5],14,14,15,0,14
1,<environment.Job instance at 0x14e2c93d6230>,13,1,[2 7],18,18,19,0,18
1,<environment.Job instance at 0x14e2c93d6370>,14,2,[ 1 14],20,20,22,0,20
1,<environment.Job instance at 0x14e2c93d6460>,15,1,[7 2],21,22,23,1,21
1,<environment.Job instance at 0x14e2c93d6870>,18,1,[2 5],24,24,25,0,24
1,<environment.Job instance at 0x14e2c93d69b0>,19,2,[1 5],26,26,28,0,26
1,<environment.Job instance at 0x14e2c93d6cd0>,22,26,[5 2],29,29,55,0,29
1,<environment.Job instance at 0x14e2c939daa0>,34,3,[1 9],46,58,61,12,58
1,<environment.Job instance at 0x14e2c72b90a0>,43,1,[ 1 12],64,68,69,4,68
1,<environment.Job instance at 0x14e2c88d24b0>,47,12,[5 2],69,75,87,6,75
1,<environment.Job instance at 0x14e2c407e870>,48,1,[9 1],70,75,76,5,75
1,<environment.Job instance at 0x14e2c93a4780>,49,20,[9 1],71,76,96,5,75
1,<environment.Job instance at 0x14e2c93a49b0>,51,2,[13  1],74,96,98,22,78
1,<environment.Job instance at 0x14e2c93a44b0>,52,1,[12  2],75,98,99,23,78
1,<environment.Job instance at 0x14e2c93a41e0>,53,1,[5 1],76,87,88,11,78
1,<environment.Job instance at 0x14e2c93a45a0>,54,3,[8 1],77,99,102,22,78
1,<environment.Job instance at 0x14e2c972b0a0>,55,2,[6 2],78,88,90,10,78
1,<environment.Job instance at 0x14e2c96bc9b0>,56,3,[9 2],79,102,105,23,79
1,<environment.Job instance at 0x14e2c939df50>,38,22,[2 9],53,98,120,45,98
1,<environment.Job instance at 0x14e2c93d6eb0>,24,2,[2 6],31,149,151,118,149
1,<environment.Job instance at 0x14e2c939d460>,33,1,[ 1 10],45,176,177,131,176
1,<environment.Job instance at 0x14e2a5b36a50>,3,1,[7 1],13,13,14,0,13
1,<environment.Job instance at 0x14e2a5b365a0>,9,1,[7 2],20,20,21,0,20
1,<environment.Job instance at 0x14e2a5b53c30>,13,1,[1 9],26,26,27,0,26
1,<environment.Job instance at 0x14e2a5b53230>,14,3,[1 7],27,27,30,0,27
1,<environment.Job instance at 0x14e2a5b53eb0>,15,1,[1 8],28,28,29,0,28
1,<environment.Job instance at 0x14e2a5b53aa0>,16,20,[7 2],29,29,49,0,29
1,<environment.Job instance at 0x14e2a5b53e60>,17,1,[1 9],30,30,31,0,30
1,<environment.Job instance at 0x14e2a5b53780>,21,1,[8 1],36,36,37,0,36
1,<environment.Job instance at 0x14e2c88035f0>,30,1,[11  1],53,67,68,14,67
1,<environment.Job instance at 0x14e2c8803960>,31,2,[5 1],54,81,83,27,81
1,<environment.Job instance at 0x14e2c88034b0>,32,2,[1 6],55,84,86,29,84
1,<environment.Job instance at 0x14e2c8803a50>,33,2,[1 8],56,88,90,32,88
1,<environment.Job instance at 0x14e2c8803b90>,34,1,[6 1],57,95,96,38,95
1,<environment.Job instance at 0x14e2c8803af0>,35,18,[10  2],59,107,125,48,107
1,<environment.Job instance at 0x14e2c88036e0>,36,1,[6 1],60,126,127,66,126
1,<environment.Job instance at 0x14e2c8803190>,37,1,[2 9],61,130,131,69,130
1,<environment.Job instance at 0x14e2c8803f50>,38,1,[1 5],62,132,133,70,132
1,<environment.Job instance at 0x14e2c8803780>,39,16,[ 2 10],63,136,152,73,136
1,<environment.Job instance at 0x14e2c8803410>,40,3,[5 1],64,136,139,72,136
1,<environment.Job instance at 0x14e2c8803910>,41,3,[1 7],65,152,155,87,138
1,<environment.Job instance at 0x14e2c8803820>,42,3,[10  2],67,139,142,72,138
1,<environment.Job instance at 0x14e2c9453be0>,43,17,[9 2],69,142,159,73,141
1,<environment.Job instance at 0x14e2c9453230>,44,2,[9 2],71,162,164,91,162
1,<environment.Job instance at 0x14e2c9453280>,45,2,[2 7],75,177,179,102,177
1,<environment.Job instance at 0x14e2c9453730>,46,1,[8 1],76,193,194,117,193
1,<environment.Job instance at 0x14e2c94530a0>,47,15,[7 1],77,195,210,118,195
1,<environment.Job instance at 0x14e2c9453460>,48,1,[1 8],78,199,200,121,199
1,<environment.Job instance at 0x14e2c94531e0>,49,12,[7 2],79,206,218,127,206
1,<environment.Job instance at 0x14e2c7010fa0>,1,1,[ 2 10],2,2,3,0,2
1,<environment.Job instance at 0x14e2c70030f0>,5,1,[9 2],8,8,9,0,8
1,<environment.Job instance at 0x14e2c70035a0>,11,1,[1 5],15,15,16,0,15
1,<environment.Job instance at 0x14e2c7003640>,12,2,[1 9],16,16,18,0,16
1,<environment.Job instance at 0x14e2c7003a00>,13,2,[1 7],19,19,21,0,19
1,<environment.Job instance at 0x14e2c7003a50>,14,3,[1 8],20,20,23,0,20
1,<environment.Job instance at 0x14e2c7003af0>,16,2,[2 8],22,23,25,1,22
1,<environment.Job instance at 0x14e2c7003e60>,17,3,[1 7],23,23,26,0,23
1,<environment.Job instance at 0x14e2c7003fa0>,18,2,[6 1],24,25,27,1,24
1,<environment.Job instance at 0x14e2c7003cd0>,19,3,[7 2],25,25,28,0,25
1,<environment.Job instance at 0x14e2c6fff230>,20,2,[8 1],26,27,29,1,26
1,<environment.Job instance at 0x14e2c6fff3c0>,21,15,[8 2],27,29,44,2,27
1,<environment.Job instance at 0x14e82bebd910>,7,1,[2 6],8,8,9,0,8
1,<environment.Job instance at 0x14e82bedc190>,14,2,[ 1 10],18,18,20,0,18
1,<environment.Job instance at 0x14e82bedc7d0>,15,1,[ 1 10],20,20,21,0,20
1,<environment.Job instance at 0x14e8339d9230>,16,1,[2 5],21,21,22,0,21
1,<environment.Job instance at 0x14e82be14f00>,20,2,[ 1 13],27,32,34,5,32
1,<environment.Job instance at 0x14e82be9e5f0>,26,1,[2 7],35,35,36,0,35
1,<environment.Job instance at 0x14e82be9eb90>,24,12,[ 1 10],32,37,49,5,37
1,<environment.Job instance at 0x14e82bdd75f0>,30,15,[2 9],40,53,68,13,53
1,<environment.Job instance at 0x14e82a6c6910>,40,3,[1 6],53,54,57,1,54
1,<environment.Job instance at 0x14e829f31b90>,43,3,[7 2],57,57,60,0,57
1,<environment.Job instance at 0x14e829f31190>,45,3,[2 8],60,68,71,8,60
1,<environment.Job instance at 0x14e829f31c30>,47,1,[1 6],63,63,64,0,63
1,<environment.Job instance at 0x14e829f31910>,48,1,[2 9],65,71,72,6,65
1,<environment.Job instance at 0x14e829f30d70>,49,16,[8 2],66,66,82,0,66
1,<environment.Job instance at 0x14e829f307d0>,50,12,[9 1],68,831,843,763,831
1,<environment.Job instance at 0x14e829f30730>,51,2,[8 2],69,1779,1781,1710,1779
1,<environment.Job instance at 0x14e829f301e0>,57,22,[1 5],80,2679,2701,2599,2679
1,<environment.Job instance at 0x14e829f2f6e0>,3,1,[13  1],4,4,5,0,4
1,<environment.Job instance at 0x14e829f2f4b0>,5,1,[2 5],6,6,7,0,6
1,<environment.Job instance at 0x14e829f2fd20>,6,2,[ 2 10],7,7,9,0,7
1,<environment.Job instance at 0x14e82a6c80a0>,11,1,[1 6],17,17,18,0,17
1,<environment.Job instance at 0x14e82a6c8a00>,19,1,[10  1],27,27,28,0,27
1,<environment.Job instance at 0x14e82a6c8870>,20,2,[ 1 10],28,28,30,0,28
1,<environment.Job instance at 0x14e82a6c83c0>,21,1,[7 2],30,30,31,0,30
1,<environment.Job instance at 0x14e82a6c8370>,22,2,[1 8],31,31,33,0,31
1,<environment.Job instance at 0x14e82a6f0e10>,24,1,[1 5],33,33,34,0,33
1,<environment.Job instance at 0x14e82a6f0b40>,25,2,[1 9],36,36,38,0,36
1,<environment.Job instance at 0x14e82a6f0dc0>,26,1,[2 7],37,38,39,1,37
1,<environment.Job instance at 0x14e82a6f0460>,29,2,[14  1],40,44,46,4,44
1,<environment.Job instance at 0x14e82a6f05a0>,30,1,[5 1],41,46,47,5,44
1,<environment.Job instance at 0x14e82a6f0af0>,31,3,[2 8],42,46,49,4,44
1,<environment.Job instance at 0x14e82bc416e0>,41,1,[8 2],54,57,58,3,57
1,<environment.Job instance at 0x14e82bc412d0>,39,1,[ 2 10],52,62,63,10,62
1,<environment.Job instance at 0x14e82a4b5a50>,43,18,[1 8],56,71,89,15,71
1,<environment.Job instance at 0x14e82a4b53c0>,44,2,[ 1 10],60,89,91,29,71
1,<environment.Job instance at 0x14e82a4b5c80>,45,3,[11  2],61,71,74,10,71
1,<environment.Job instance at 0x14e82a4b5d20>,46,3,[ 2 10],62,97,100,35,97
1,<environment.Job instance at 0x14e82a4b5e10>,47,3,[2 5],63,103,106,40,103
1,<environment.Job instance at 0x14e82a4b5280>,48,1,[8 1],64,104,105,40,104
1,<environment.Job instance at 0x14e82a4b5780>,49,3,[5 2],66,107,110,41,107
1,<environment.Job instance at 0x14e82a4b52d0>,52,1,[1 6],69,109,110,40,109
1,<environment.Job instance at 0x14e82a4b5e60>,53,1,[1 7],70,109,110,39,109
1,<environment.Job instance at 0x14e82a4b5b40>,54,3,[9 1],73,110,113,37,109
1,<environment.Job instance at 0x14e83328b320>,55,3,[12  1],74,120,123,46,120
1,<environment.Job instance at 0x14e8318b88c0>,56,1,[1 8],76,121,122,45,121
1,<environment.Job instance at 0x14e83328b550>,57,15,[1 6],77,121,136,44,121
1,<environment.Job instance at 0x14e82a1b3190>,58,3,[7 2],78,123,126,45,121
1,<environment.Job instance at 0x14e83328b1e0>,59,2,[1 8],79,126,128,47,121
1,<environment.Job instance at 0x14e83328b460>,60,3,[1 7],81,122,125,41,121
1,<environment.Job instance at 0x14e82c870730>,61,13,[ 1 14],82,136,149,54,122
1,<environment.Job instance at 0x14e830fc0b40>,62,27,[1 8],83,149,176,66,148
1,<environment.Job instance at 0x14e82bc97050>,38,1,[2 8],51,176,177,125,155
1,<environment.Job instance at 0x14e831213be0>,66,28,[2 8],89,177,205,88,177
1,<environment.Job instance at 0x14e82a4b5f00>,40,1,[ 2 14],53,205,206,152,205
1,<environment.Job instance at 0x14e82a6f02d0>,32,12,[9 2],44,214,226,170,214
1,<environment.Job instance at 0x14e82a446d70>,15,1,[1 7],23,25,26,2,25
1,<environment.Job instance at 0x14e82a446cd0>,16,1,[2 9],24,26,27,2,25
1,<environment.Job instance at 0x14e82a4469b0>,14,13,[ 2 10],22,35,48,13,35
1,<environment.Job instance at 0x14e82a446b90>,18,3,[ 2 10],27,48,51,21,35
1,<environment.Job instance at 0x14e82a446e10>,19,14,[10  1],29,35,49,6,35
1,<environment.Job instance at 0x14e82a4462d0>,20,12,[7 1],30,49,61,19,35
1,<environment.Job instance at 0x14e82a446be0>,22,3,[8 1],32,51,54,19,35
1,<environment.Job instance at 0x14e82a4463c0>,23,2,[2 5],33,54,56,21,35
1,<environment.Job instance at 0x14e82a446640>,24,3,[6 1],34,54,57,20,35
1,<environment.Job instance at 0x14e82a446190>,25,2,[10  1],35,61,63,26,35
1,<environment.Job instance at 0x14e82a44f190>,26,3,[ 2 10],37,56,59,19,37
1,<environment.Job instance at 0x14e82a44f820>,27,18,[8 1],38,63,81,25,52
1,<environment.Job instance at 0x14e82a44f2d0>,31,1,[2 6],43,59,60,16,52
1,<environment.Job instance at 0x14e82a414190>,37,1,[9 1],55,81,82,26,69
1,<environment.Job instance at 0x14e82a414410>,39,1,[ 1 10],57,69,70,12,69
1,<environment.Job instance at 0x14e82a460690>,44,1,[2 6],66,71,72,5,71
1,<environment.Job instance at 0x14e82a460be0>,45,2,[1 6],67,71,73,4,71
1,<environment.Job instance at 0x14e83187edc0>,47,1,[2 8],72,78,79,6,78
1,<environment.Job instance at 0x14e82a4147d0>,32,16,[9 1],46,98,114,52,98
1,<environment.Job instance at 0x14e83187ec80>,52,3,[8 1],82,114,117,32,112
1,<environment.Job instance at 0x14e83187e5f0>,56,14,[6 1],87,113,127,26,113
1,<environment.Job instance at 0x14e83187e4b0>,57,15,[2 8],88,122,137,34,122
1,<environment.Job instance at 0x14e83187e500>,55,2,[ 2 12],86,153,155,67,153
1,<environment.Job instance at 0x14e82a446870>,12,3,[5 2],20,160,163,140,160
1,<environment.Job instance at 0x14e82a446820>,13,2,[ 1 10],21,171,173,150,171
1,<environment.Job instance at 0x14e82828c0a0>,6,3,[1 5],9,34,37,25,34
1,<environment.Job instance at 0x14e82a446820>,7,21,[ 2 13],10,74,95,64,74
1,<environment.Job instance at 0x14e82828c230>,8,1,[2 8],11,95,96,84,84
1,<environment.Job instance at 0x14e82819d730>,9,1,[7 1],12,109,110,97,109
1,<environment.Job instance at 0x14e82819dd20>,10,18,[5 2],13,113,131,100,113
1,<environment.Job instance at 0x14e82819db40>,11,2,[8 2],15,120,122,105,120
1,<environment.Job instance at 0x14e82819d050>,12,3,[1 7],16,122,125,106,122
1,<environment.Job instance at 0x14e82819d5a0>,13,18,[8 1],17,127,145,110,127
1,<environment.Job instance at 0x14e82819d870>,14,1,[5 2],18,138,139,120,138
1,<environment.Job instance at 0x14e82819d640>,15,1,[1 8],19,139,140,120,139
1,<environment.Job instance at 0x14e82819d550>,16,3,[1 7],20,141,144,121,141
1,<environment.Job instance at 0x14e82819d500>,17,2,[5 2],22,141,143,119,141
1,<environment.Job instance at 0x14e82819d780>,18,2,[1 7],24,175,177,151,175
1,<environment.Job instance at 0x14e82819da50>,19,2,[5 2],25,178,180,153,178
1,<environment.Job instance at 0x14e82819d7d0>,20,1,[1 6],27,178,179,151,178
1,<environment.Job instance at 0x14e82819d230>,21,12,[7 1],28,178,190,150,178
1,<environment.Job instance at 0x14e82819d1e0>,22,2,[10  1],29,190,192,161,187
1,<environment.Job instance at 0x14e82819d460>,23,3,[2 7],30,190,193,160,190
1,<environment.Job instance at 0x14e82819d190>,24,17,[7 1],32,192,209,160,190
1,<environment.Job instance at 0x14e82819d370>,25,1,[2 5],34,203,204,169,203
1,<environment.Job instance at 0x14e82819db90>,26,3,[1 8],35,208,211,173,208
1,<environment.Job instance at 0x14e82819daa0>,27,12,[7 2],37,208,220,171,208
1,<environment.Job instance at 0x14e82819daf0>,28,2,[7 2],39,209,211,170,208
1,<environment.Job instance at 0x14e82819ddc0>,29,3,[ 2 10],41,211,214,170,209
1,<environment.Job instance at 0x14e82819dfa0>,30,14,[8 2],42,214,228,172,210
1,<environment.Job instance at 0x14e82819df00>,31,2,[2 5],44,225,227,181,225
1,<environment.Job instance at 0x14e8282b28c0>,32,1,[ 2 10],45,227,228,182,225
1,<environment.Job instance at 0x14e8282b2910>,33,14,[8 1],46,228,242,182,225
1,<environment.Job instance at 0x14e8282b2be0>,34,2,[ 1 10],47,240,242,193,240
1,<environment.Job instance at 0x14e8282b2500>,35,3,[7 2],48,242,245,194,242
1,<environment.Job instance at 0x14e8282b2050>,36,21,[7 2],50,243,264,193,243
1,<environment.Job instance at 0x14e8282b2d70>,37,13,[5 2],51,265,278,214,265
1,<environment.Job instance at 0x14e8282b2960>,38,3,[1 9],52,272,275,220,272
1,<environment.Job instance at 0x14e8282b25f0>,39,1,[6 1],53,273,274,220,273
1,<environment.Job instance at 0x14e8282b2730>,40,3,[5 1],54,274,277,220,274
1,<environment.Job instance at 0x14e8282b2b90>,41,3,[1 7],59,275,278,216,275
1,<environment.Job instance at 0x14e8282b2140>,42,12,[7 1],61,277,289,216,277
1,<environment.Job instance at 0x14e8282b21e0>,43,20,[8 2],62,288,308,226,288
1,<environment.Job instance at 0x14e8282b2af0>,44,2,[10  1],63,308,310,245,302
1,<environment.Job instance at 0x14e8282b2f00>,45,3,[1 9],64,305,308,241,305
1,<environment.Job instance at 0x14e8282b25a0>,46,3,[1 8],68,308,311,240,305
1,<environment.Job instance at 0x14e828267460>,47,2,[2 7],71,310,312,239,307
1,<environment.Job instance at 0x14e828267d20>,48,2,[9 2],72,311,313,239,307
1,<environment.Job instance at 0x14e828267640>,49,3,[5 2],73,312,315,239,310
1,<environment.Job instance at 0x14e828267870>,50,16,[7 2],74,313,329,239,311
1,<environment.Job instance at 0x14e828267b90>,51,1,[ 2 10],75,316,317,241,316
1,<environment.Job instance at 0x14e828267230>,52,18,[5 2],77,325,343,248,325
1,<environment.Job instance at 0x14e8282678c0>,53,1,[1 8],78,333,334,255,333
1,<environment.Job instance at 0x14e828267a00>,54,13,[1 7],80,334,347,254,334
1,<environment.Job instance at 0x14e8282670f0>,55,12,[2 9],83,347,359,264,335
1,<environment.Job instance at 0x14e8282679b0>,56,3,[5 2],84,342,345,258,342
1,<environment.Job instance at 0x14e828267c30>,57,2,[ 2 10],85,359,361,274,354
1,<environment.Job instance at 0x14e8282671e0>,58,15,[8 2],86,366,381,280,366
1,<environment.Job instance at 0x14e828267aa0>,59,17,[10  1],88,381,398,293,375
1,<environment.Job instance at 0x14e818af37d0>,0,1,[6 2],1,1,2,0,1
1,<environment.Job instance at 0x14e82be3ce60>,11,3,[ 2 10],20,23,26,3,23
1,<environment.Job instance at 0x14e82be3caa0>,12,1,[7 2],21,98,99,77,98
1,<environment.Job instance at 0x14e83194d3c0>,27,1,[2 7],44,98,99,54,98
1,<environment.Job instance at 0x14e83194d410>,28,2,[10  2],45,99,101,54,99
1,<environment.Job instance at 0x14e83194d6e0>,30,3,[9 2],48,101,104,53,99
1,<environment.Job instance at 0x14e83194d370>,32,2,[5 2],52,99,101,47,99
1,<environment.Job instance at 0x14e83194da00>,34,2,[9 2],55,104,106,49,99
1,<environment.Job instance at 0x14e83194df00>,35,1,[7 2],56,106,107,50,99
1,<environment.Job instance at 0x14e83194d960>,36,3,[1 7],58,104,107,46,104
1,<environment.Job instance at 0x14e83194ddc0>,40,26,[9 1],64,112,138,48,112
1,<environment.Job instance at 0x14e83194dc30>,42,2,[2 5],66,148,150,82,148
1,<environment.Job instance at 0x14e830ed0140>,47,1,[10  1],74,205,206,131,205
1,<environment.Job instance at 0x14e82bc61140>,53,2,[1 5],85,207,209,122,207
1,<environment.Job instance at 0x14e82be15a50>,54,2,[8 1],86,212,214,126,212
1,<environment.Job instance at 0x14e82826bc30>,2,1,[1 8],5,5,6,0,5
1,<environment.Job instance at 0x14e830fbb230>,12,2,[1 5],18,18,20,0,18
1,<environment.Job instance at 0x14e830f609b0>,17,2,[6 1],24,24,26,0,24
1,<environment.Job instance at 0x14e818fa4a50>,20,3,[ 2 11],30,30,33,0,30
1,<environment.Job instance at 0x14e818fa4a00>,21,2,[1 7],31,33,35,2,31
1,<environment.Job instance at 0x14e818fa40a0>,22,1,[1 5],32,33,34,1,32
1,<environment.Job instance at 0x14e818fa4d70>,24,3,[1 6],34,35,38,1,35
1,<environment.Job instance at 0x14e818fa48c0>,28,15,[7 2],38,41,56,3,41
1,<environment.Job instance at 0x14e818fa4eb0>,30,3,[6 1],40,47,50,7,47
1,<environment.Job instance at 0x14e818fa4460>,31,2,[1 8],41,47,49,6,47
1,<environment.Job instance at 0x14e818da6dc0>,32,3,[2 8],42,49,52,7,47
1,<environment.Job instance at 0x14e818da6af0>,33,2,[2 8],43,52,54,9,47
1,<environment.Job instance at 0x14e818da60f0>,34,3,[5 2],46,50,53,4,47
1,<environment.Job instance at 0x14e818da6690>,35,1,[6 2],48,53,54,5,48
1,<environment.Job instance at 0x14e828265cd0>,36,2,[2 8],49,54,56,5,49
1,<environment.Job instance at 0x14e818ec9c30>,37,1,[6 2],51,54,55,3,51
1,<environment.Job instance at 0x14e828265870>,38,1,[2 9],52,56,57,4,52
1,<environment.Job instance at 0x14e828265be0>,39,27,[ 2 10],53,57,84,4,55
1,<environment.Job instance at 0x14e828265dc0>,40,2,[10  1],54,56,58,2,55
1,<environment.Job instance at 0x14e828265730>,41,2,[2 7],56,84,86,28,57
1,<environment.Job instance at 0x14e82bce35f0>,42,1,[5 2],57,58,59,1,57
1,<environment.Job instance at 0x14e828265410>,43,1,[2 5],58,59,60,1,58
1,<environment.Job instance at 0x14e82af18870>,44,2,[ 1 10],60,86,88,26,60
1,<environment.Job instance at 0x14e818d7ff00>,45,3,[2 5],61,61,64,0,61
1,<environment.Job instance at 0x14e818c97140>,47,2,[5 2],63,64,66,1,63
1,<environment.Job instance at 0x14e818d0a0a0>,50,1,[7 2],68,68,69,0,68
1,<environment.Job instance at 0x14e818fa43c0>,25,16,[1 5],35,75,91,40,75
1,<environment.Job instance at 0x14e82cb8b0f0>,56,13,[12  2],77,88,101,11,77
1,<environment.Job instance at 0x14e82cbb0a50>,58,1,[6 2],79,84,85,5,79
1,<environment.Job instance at 0x14e82bb93280>,59,2,[1 5],80,88,90,8,80
1,<environment.Job instance at 0x14e82bdcaaa0>,61,3,[2 7],82,90,93,8,82
1,<environment.Job instance at 0x14e830f81b90>,62,2,[1 5],83,91,93,8,83
1,<environment.Job instance at 0x14e830faba00>,63,1,[1 9],85,93,94,8,85
1,<environment.Job instance at 0x14e818c883c0>,64,1,[2 5],86,94,95,8,86
1,<environment.Job instance at 0x14e818c88b40>,65,15,[7 1],87,101,116,14,87
1,<environment.Job instance at 0x14e830f10640>,66,1,[2 6],88,95,96,7,88
1,<environment.Job instance at 0x14e830fbb050>,15,1,[8 2],21,148,149,127,148
1,<environment.Job instance at 0x14e830fbb910>,16,14,[14  1],22,166,180,144,166
1,<environment.Job instance at 0x14e83124e4b0>,0,1,[2 6],1,1,2,0,1
1,<environment.Job instance at 0x14e83124efa0>,7,1,[1 8],9,9,10,0,9
1,<environment.Job instance at 0x14e818c902d0>,8,12,[9 2],10,10,22,0,10
1,<environment.Job instance at 0x14e82bdbfc80>,16,2,[7 2],20,22,24,2,20
1,<environment.Job instance at 0x14e818c99140>,15,15,[2 6],19,21,36,2,21
1,<environment.Job instance at 0x14e818c8b820>,18,2,[1 8],22,24,26,2,24
1,<environment.Job instance at 0x14e828024aa0>,19,14,[6 1],23,24,38,1,24
1,<environment.Job instance at 0x14e8280180f0>,25,25,[12  1],29,38,63,9,38
1,<environment.Job instance at 0x14e83300be60>,33,23,[1 6],41,52,75,11,52
1,<environment.Job instance at 0x14e8338c8370>,20,1,[2 5],24,55,56,31,55
1,<environment.Job instance at 0x14e818fd2b40>,40,1,[7 1],56,63,64,7,56
1,<environment.Job instance at 0x14e818e3d5a0>,41,2,[5 1],57,63,65,6,57
1,<environment.Job instance at 0x14e82de07a50>,42,14,[2 5],58,58,72,0,58
1,<environment.Job instance at 0x14e818e45550>,43,3,[5 2],60,75,78,15,75
1,<environment.Job instance at 0x14e830ee19b0>,45,13,[7 2],62,75,88,13,75
1,<environment.Job instance at 0x14e830f609b0>,46,3,[8 1],63,78,81,15,75
1,<environment.Job instance at 0x14e82a442230>,49,16,[1 5],71,81,97,10,75
1,<environment.Job instance at 0x14e82a442c80>,50,1,[1 9],72,77,78,5,77
1,<environment.Job instance at 0x14e82a442370>,51,3,[2 9],74,88,91,14,78
1,<environment.Job instance at 0x14e82a4427d0>,52,1,[10  2],75,91,92,16,78
1,<environment.Job instance at 0x14e82af2dd20>,53,1,[5 2],76,81,82,5,78
1,<environment.Job instance at 0x14e8189f4140>,54,26,[2 8],78,105,131,27,105
1,<environment.Job instance at 0x14e83124e9b0>,5,3,[5 1],7,152,155,145,152
1,<environment.Job instance at 0x14e8318f5a00>,6,1,[10  1],8,180,181,172,180
1,<environment.Job instance at 0x14e818b1e320>,1,1,[6 2],2,2,3,0,2
1,<environment.Job instance at 0x14e82bdb13c0>,4,1,[2 8],9,9,10,0,9
1,<environment.Job instance at 0x14e82bcd30a0>,10,27,[1 7],15,15,42,0,15
1,<environment.Job instance at 0x14e82bcaf8c0>,16,2,[5 1],23,23,25,0,23
1,<environment.Job instance at 0x14e818c98eb0>,17,17,[1 9],24,42,59,18,30
1,<environment.Job instance at 0x14e818b2b0a0>,28,1,[ 1 12],46,59,60,13,54
1,<environment.Job instance at 0x14e818b4a140>,30,1,[8 1],49,54,55,5,54
1,<environment.Job instance at 0x14e818ec52d0>,32,1,[2 9],54,60,61,6,54
1,<environment.Job instance at 0x14e8318b7d20>,33,2,[7 2],55,55,57,0,55
1,<environment.Job instance at 0x14e82bcaf410>,19,2,[2 9],27,63,65,36,63
1,<environment.Job instance at 0x14e818b20230>,40,1,[8 1],65,65,66,0,65
1,<environment.Job instance at 0x14e82bcb9190>,41,28,[5 1],66,66,94,0,66
1,<environment.Job instance at 0x14e82835c870>,4,25,[8 1],9,9,34,0,9
1,<environment.Job instance at 0x14e8189e3a50>,15,3,[9 2],23,34,37,11,30
1,<environment.Job instance at 0x14e8189e3be0>,17,2,[1 8],25,30,32,5,30
1,<environment.Job instance at 0x14e8189e3cd0>,19,1,[ 1 10],29,32,33,3,30
1,<environment.Job instance at 0x14e8189e3af0>,18,12,[1 7],27,33,45,6,30
1,<environment.Job instance at 0x14e8189e30f0>,11,2,[7 2],18,37,39,19,33
1,<environment.Job instance at 0x14e8189e5320>,21,17,[2 9],31,45,62,14,33
1,<environment.Job instance at 0x14e8189e5460>,23,2,[6 2],33,37,39,4,33
1,<environment.Job instance at 0x14e8189e3f00>,20,19,[2 5],30,39,58,9,34
1,<environment.Job instance at 0x14e8189e5820>,25,1,[6 1],36,39,40,3,36
1,<environment.Job instance at 0x14e8189e5aa0>,27,3,[2 7],39,62,65,23,39
1,<environment.Job instance at 0x14e8189e5b90>,28,1,[1 6],40,58,59,18,40
1,<environment.Job instance at 0x14e8189e5d20>,29,3,[8 2],41,41,44,0,41
1,<environment.Job instance at 0x14e8189e5e60>,30,1,[1 7],42,62,63,20,42
1,<environment.Job instance at 0x14e8189e5fa0>,31,1,[6 2],43,44,45,1,43
1,<environment.Job instance at 0x14e8189e52d0>,24,17,[5 2],34,63,80,29,55
1,<environment.Job instance at 0x14e8189e75a0>,36,2,[1 9],49,65,67,16,56
1,<environment.Job instance at 0x14e8189e7500>,37,2,[7 2],50,59,61,9,56
1,<environment.Job instance at 0x14e8189e7550>,38,3,[5 2],52,59,62,7,56
1,<environment.Job instance at 0x14e8189e75f0>,39,13,[2 8],53,67,80,14,56
1,<environment.Job instance at 0x14e8189e7820>,40,1,[8 1],54,56,57,2,56
1,<environment.Job instance at 0x14e8189e7870>,41,1,[1 5],56,63,64,7,58
1,<environment.Job instance at 0x14e8189e7d20>,42,1,[10  1],58,62,63,4,58
1,<environment.Job instance at 0x14e8189e7f00>,43,1,[5 2],59,61,62,2,59
1,<environment.Job instance at 0x14e8189692d0>,47,21,[ 2 10],64,80,101,16,72
1,<environment.Job instance at 0x14e8189693c0>,48,21,[2 5],65,72,93,7,72
1,<environment.Job instance at 0x14e8189e7d70>,44,17,[10  1],60,93,110,33,81
1,<environment.Job instance at 0x14e818969550>,50,3,[2 7],68,101,104,33,81
1,<environment.Job instance at 0x14e8189696e0>,51,15,[7 2],69,110,125,41,96
1,<environment.Job instance at 0x14e8189695f0>,57,1,[9 1],76,125,126,49,97
1,<environment.Job instance at 0x14e818969c30>,58,17,[2 5],77,101,118,24,97
1,<environment.Job instance at 0x14e818969d20>,59,2,[10  2],78,126,128,48,106
1,<environment.Job instance at 0x14e818969dc0>,62,2,[5 1],82,110,112,28,106
1,<environment.Job instance at 0x14e818969b40>,63,1,[1 7],83,106,107,23,106
1,<environment.Job instance at 0x14e81896c0f0>,66,1,[5 1],88,114,115,26,114
1,<environment.Job instance at 0x14e81896c050>,64,17,[9 1],86,128,145,42,123
1,<environment.Job instance at 0x14e8189e53c0>,22,3,[6 2],32,144,147,112,144
1,<environment.Job instance at 0x14e8189e3730>,12,16,[1 9],19,377,393,358,377
1,<environment.Job instance at 0x14e82bd29500>,6,2,[ 1 10],8,8,10,0,8
1,<environment.Job instance at 0x14e82bcf11e0>,10,17,[7 1],14,15,32,1,15
1,<environment.Job instance at 0x14e828126410>,0,1,[1 9],1,1,2,0,1
1,<environment.Job instance at 0x14e82bcf10f0>,2,1,[6 1],3,3,4,0,3
1,<environment.Job instance at 0x14e82a6e76e0>,6,1,[9 2],7,7,8,0,7
1,<environment.Job instance at 0x14e82a6e7550>,7,2,[1 7],8,8,10,0,8
1,<environment.Job instance at 0x14e82bc7a780>,8,26,[1 6],11,11,37,0,11
1,<environment.Job instance at 0x14e82a6f9690>,21,3,[12  1],29,40,43,11,40
1,<environment.Job instance at 0x14e82a6f95f0>,23,2,[7 1],31,43,45,12,40
1,<environment.Job instance at 0x14e82a6f97d0>,24,3,[9 1],36,45,48,9,40
1,<environment.Job instance at 0x14e82a6f96e0>,25,13,[2 5],38,40,53,2,40
1,<environment.Job instance at 0x14e82a6f9820>,26,2,[1 8],39,40,42,1,40
1,<environment.Job instance at 0x14e82a6f9910>,27,1,[2 6],40,43,44,3,40
1,<environment.Job instance at 0x14e82a6f9f50>,28,2,[9 2],43,48,50,5,43
1,<environment.Job instance at 0x14e82a6f9dc0>,29,1,[ 2 10],47,50,51,3,47
1,<environment.Job instance at 0x14e82a6f9fa0>,30,3,[11  1],49,51,54,2,49
1,<environment.Job instance at 0x14e82a6f9fa0>,1,1,[7 1],4,4,5,0,4
1,<environment.Job instance at 0x14e8187dff50>,7,1,[2 6],12,12,13,0,12
1,<environment.Job instance at 0x14e8187df050>,9,1,[5 1],14,14,15,0,14
1,<environment.Job instance at 0x14e8187af910>,18,21,[6 1],30,30,51,0,30
1,<environment.Job instance at 0x14e8187af780>,19,3,[ 2 13],32,35,38,3,35
1,<environment.Job instance at 0x14e8187af050>,23,1,[1 7],38,38,39,0,38
1,<environment.Job instance at 0x14e8187af7d0>,24,1,[1 7],40,40,41,0,40
1,<environment.Job instance at 0x14e8187edd20>,26,27,[5 2],42,52,79,10,52
1,<environment.Job instance at 0x14e8187ed780>,32,1,[8 2],52,52,53,0,52
1,<environment.Job instance at 0x14e8187f32d0>,34,2,[8 1],55,70,72,15,70
1,<environment.Job instance at 0x14e818f31cd0>,45,21,[9 1],71,86,107,15,86
1,<environment.Job instance at 0x14e8187edfa0>,28,1,[9 1],44,107,108,63,92
1,<environment.Job instance at 0x14e818f31050>,49,2,[ 2 10],76,92,94,16,92
1,<environment.Job instance at 0x14e82c7f7c30>,51,1,[1 9],79,94,95,15,92
1,<environment.Job instance at 0x14e82c7f7550>,52,1,[2 7],80,95,96,15,92
1,<environment.Job instance at 0x14e82c7f7fa0>,53,2,[1 8],81,96,98,15,92
1,<environment.Job instance at 0x14e82cb5a140>,54,1,[1 9],83,98,99,15,92
1,<environment.Job instance at 0x14e82cb5a0a0>,55,2,[ 2 10],85,99,101,14,92
1,<environment.Job instance at 0x14e82cb5ad20>,57,12,[9 1],87,108,120,21,95
1,<environment.Job instance at 0x14e82cb5ad70>,58,20,[ 2 11],88,101,121,13,95
1,<environment.Job instance at 0x14e818f315f0>,47,15,[10  2],73,120,135,47,106
1,<environment.Job instance at 0x14e8187afa00>,21,1,[ 2 10],34,139,140,105,139
1,<environment.Job instance at 0x14e82c85f410>,3,1,[2 8],5,5,6,0,5
1,<environment.Job instance at 0x14e82c85f140>,4,1,[5 1],6,6,7,0,6
1,<environment.Job instance at 0x14e829f459b0>,5,1,[8 1],8,8,9,0,8
1,<environment.Job instance at 0x14e82c85f230>,6,1,[1 8],10,10,11,0,10
1,<environment.Job instance at 0x14e82c85f5f0>,7,1,[2 9],11,11,12,0,11
1,<environment.Job instance at 0x14e82c7fe8c0>,10,1,[7 2],15,15,16,0,15
1,<environment.Job instance at 0x14e828319820>,11,1,[10  1],16,16,17,0,16
1,<environment.Job instance at 0x14e82806ac30>,22,26,[8 1],28,31,57,3,31
1,<environment.Job instance at 0x14e8332999b0>,29,2,[2 9],35,56,58,21,56
1,<environment.Job instance at 0x14e82de2baf0>,35,1,[6 1],45,57,58,12,56
1,<environment.Job instance at 0x14e82de2b2d0>,36,28,[14  1],48,58,86,10,57
1,<environment.Job instance at 0x14e82cb6b280>,45,2,[1 8],59,84,86,25,84
1,<environment.Job instance at 0x14e82de2b410>,38,3,[7 1],50,86,89,36,85
1,<environment.Job instance at 0x14e82c822fa0>,46,2,[1 5],60,86,88,26,85
1,<environment.Job instance at 0x14e82c822f50>,47,1,[1 5],61,86,87,25,85
1,<environment.Job instance at 0x14e818e439b0>,49,3,[9 2],63,89,92,26,85
1,<environment.Job instance at 0x14e818e43140>,50,17,[5 2],64,86,103,22,85
1,<environment.Job instance at 0x14e82cb76050>,51,2,[2 6],66,92,94,26,92
1,<environment.Job instance at 0x14e82bd340a0>,56,2,[5 1],72,97,99,25,97
1,<environment.Job instance at 0x14e82ddf16e0>,57,2,[8 2],73,99,101,26,98
1,<environment.Job instance at 0x14e830ed07d0>,58,2,[12  1],75,103,105,28,98
1,<environment.Job instance at 0x14e818dd4910>,59,14,[1 9],76,98,112,22,98
1,<environment.Job instance at 0x14e818dd4d20>,60,1,[2 8],77,112,113,35,98
1,<environment.Job instance at 0x14e818dd48c0>,61,18,[10  2],78,105,123,27,98
1,<environment.Job instance at 0x14e818f13be0>,62,12,[2 9],79,113,125,34,98
1,<environment.Job instance at 0x14e818f13dc0>,63,15,[2 5],80,123,138,43,122
1,<environment.Job instance at 0x14e818f13780>,64,3,[1 6],81,130,133,49,130
1,<environment.Job instance at 0x14e818f13eb0>,65,2,[1 8],83,138,140,55,138
1,<environment.Job instance at 0x14e818f13d20>,66,17,[7 1],84,140,157,56,140
1,<environment.Job instance at 0x14e818b57370>,68,3,[1 5],88,156,159,68,156
1,<environment.Job instance at 0x14e8187df500>,24,2,[8 1],30,168,170,138,168
1,<environment.Job instance at 0x14e81872ca50>,25,27,[6 1],31,279,306,248,279
1,<environment.Job instance at 0x14e8282f0cd0>,43,2,[11  2],56,2565,2567,2509,2565
1,<environment.Job instance at 0x14e8189d1410>,1,1,[1 6],2,2,3,0,2
1,<environment.Job instance at 0x14e8189d1c30>,3,2,[5 1],4,4,6,0,4
1,<environment.Job instance at 0x14e818fd4f00>,5,1,[1 6],6,6,7,0,6
1,<environment.Job instance at 0x14e818fd0820>,12,1,[ 2 13],18,18,19,0,18
1,<environment.Job instance at 0x14e818fd0c80>,16,1,[5 1],22,22,23,0,22
1,<environment.Job instance at 0x14e818fd0f00>,18,2,[1 7],24,24,26,0,24
1,<environment.Job instance at 0x14e818fd0eb0>,19,1,[6 2],27,27,28,0,27
1,<environment.Job instance at 0x14e818fd0e60>,20,3,[5 2],28,28,31,0,28
1,<environment.Job instance at 0x14e818fbc320>,21,15,[8 1],29,31,46,2,31
1,<environment.Job instance at 0x14e818fbc500>,23,2,[8 2],32,46,48,14,32
1,<environment.Job instance at 0x14e818fbc730>,25,1,[5 2],39,39,40,0,39
1,<environment.Job instance at 0x14e818fbcfa0>,31,2,[7 1],47,47,49,0,47
1,<environment.Job instance at 0x14e818fbce10>,32,1,[ 1 10],48,48,49,0,48
1,<environment.Job instance at 0x14e818fb9230>,33,26,[2 5],49,49,75,0,49
1,<environment.Job instance at 0x14e818fbb140>,47,28,[2 5],73,76,104,3,76
1,<environment.Job instance at 0x14e818fbb3c0>,48,15,[ 2 10],74,98,113,24,98
1,<environment.Job instance at 0x14e818fbb460>,49,1,[1 9],75,113,114,38,102
1,<environment.Job instance at 0x14e818fbb2d0>,50,3,[6 2],76,104,107,28,103
1,<environment.Job instance at 0x14e818fbb5f0>,51,16,[ 1 11],77,114,130,37,105
1,<environment.Job instance at 0x14e818fbb4b0>,52,1,[2 6],78,130,131,52,118
1,<environment.Job instance at 0x14e818fbb640>,53,1,[1 5],80,130,131,50,121
1,<environment.Job instance at 0x14e818fbb730>,54,2,[2 8],81,131,133,50,123
1,<environment.Job instance at 0x14e818fbb8c0>,55,24,[2 9],82,133,157,51,128
1,<environment.Job instance at 0x14e818fbb7d0>,56,3,[2 5],85,135,138,50,135
1,<environment.Job instance at 0x14e818fbb690>,57,18,[5 2],87,138,156,51,136
1,<environment.Job instance at 0x14e818fbba50>,58,1,[1 6],88,156,157,68,137
1,<environment.Job instance at 0x14e818fb9e60>,45,2,[ 2 13],69,274,276,205,274
1,<environment.Job instance at 0x14e818fd0a00>,14,3,[9 1],20,304,307,284,304
1,<environment.Job instance at 0x14e818fbc2d0>,22,3,[2 7],30,336,339,306,336
1,<environment.Job instance at 0x14e82bea9dc0>,7,1,[9 1],11,11,12,0,11
1,<environment.Job instance at 0x14e82bea99b0>,8,1,[1 8],12,12,13,0,12
1,<environment.Job instance at 0x14e8283bdbe0>,21,2,[ 1 14],30,33,35,3,33
1,<environment.Job instance at 0x14e8283bddc0>,22,1,[7 2],31,35,36,4,33
1,<environment.Job instance at 0x14e818937b40>,17,1,[9 1],22,33,34,11,33
1,<environment.Job instance at 0x14e8283bdd20>,25,1,[2 5],34,36,37,2,36
1,<environment.Job instance at 0x14e82823f690>,31,2,[2 6],41,41,43,0,41
1,<environment.Job instance at 0x14e82823f0a0>,33,2,[1 7],44,44,46,0,44
1,<environment.Job instance at 0x14e82823fa00>,35,2,[6 1],46,46,48,0,46
1,<environment.Job instance at 0x14e8283cd410>,36,1,[5 1],47,47,48,0,47
1,<environment.Job instance at 0x14e8283cd0f0>,37,16,[2 6],48,48,64,0,48
1,<environment.Job instance at 0x14e8283cdb40>,45,22,[2 9],63,63,85,0,63
1,<environment.Job instance at 0x14e82bea1a00>,49,2,[6 1],73,73,75,0,73
1,<environment.Job instance at 0x14e818961690>,50,1,[ 1 12],74,85,86,11,74
1,<environment.Job instance at 0x14e832ed9780>,51,1,[10  2],75,75,76,0,75
1,<environment.Job instance at 0x14e8318d7d20>,52,3,[2 9],76,86,89,10,76
1,<environment.Job instance at 0x14e8318d7190>,54,12,[5 2],79,82,94,3,82
1,<environment.Job instance at 0x14e8189b3a00>,55,1,[9 1],80,85,86,5,82
1,<environment.Job instance at 0x14e8189b38c0>,56,20,[9 1],81,89,109,8,82
1,<environment.Job instance at 0x14e8283bda50>,29,26,[5 2],39,101,127,62,101
1,<environment.Job instance at 0x14e830ef3190>,59,1,[12  2],85,127,128,42,110
1,<environment.Job instance at 0x14e8189b3f50>,60,1,[5 1],86,111,112,25,111
1,<environment.Job instance at 0x14e828200b40>,61,3,[8 1],87,117,120,30,117
1,<environment.Job instance at 0x14e82fc71370>,63,3,[9 2],89,120,123,31,120
1,<environment.Job instance at 0x14e818946960>,3,1,[7 1],13,13,14,0,13
1,<environment.Job instance at 0x14e818946730>,7,2,[5 1],18,18,20,0,18
1,<environment.Job instance at 0x14e818946be0>,9,1,[7 2],20,20,21,0,20
1,<environment.Job instance at 0x14e82c704280>,13,1,[1 9],26,26,27,0,26
1,<environment.Job instance at 0x14e82c704fa0>,15,1,[1 8],28,28,29,0,28
1,<environment.Job instance at 0x14e82c704320>,16,20,[7 2],29,29,49,0,29
1,<environment.Job instance at 0x14e82c7041e0>,21,1,[8 1],36,36,37,0,36
1,<environment.Job instance at 0x14e83195f2d0>,26,1,[ 1 13],41,53,54,12,53
1,<environment.Job instance at 0x14e818f126e0>,30,1,[11  1],53,53,54,0,53
1,<environment.Job instance at 0x14e818f128c0>,32,2,[1 6],55,154,156,99,154
1,<environment.Job instance at 0x14e818f122d0>,33,2,[1 8],56,482,484,426,482
1,<environment.Job instance at 0x14e818f12320>,34,1,[6 1],57,489,490,432,489
1,<environment.Job instance at 0x14e818f12280>,35,18,[10  2],59,499,517,440,499
1,<environment.Job instance at 0x14e818f12af0>,36,1,[6 1],60,634,635,574,634
1,<environment.Job instance at 0x14e818f120f0>,37,1,[2 9],61,742,743,681,742
1,<environment.Job instance at 0x14e818f12550>,38,1,[1 5],62,755,756,693,755
1,<environment.Job instance at 0x14e818f12820>,39,16,[ 2 10],63,765,781,702,765
1,<environment.Job instance at 0x14e818f12870>,40,3,[5 1],64,768,771,704,768
1,<environment.Job instance at 0x14e818f12f50>,41,3,[1 7],65,781,784,716,776
1,<environment.Job instance at 0x14e818f12190>,42,3,[10  2],67,776,779,709,776
1,<environment.Job instance at 0x14e818f12640>,43,17,[9 2],69,779,796,710,779
1,<environment.Job instance at 0x14e818f12c80>,44,2,[9 2],71,815,817,744,815
1,<environment.Job instance at 0x14e818b28eb0>,45,2,[2 7],75,978,980,903,978
1,<environment.Job instance at 0x14e818b28140>,46,1,[8 1],76,1066,1067,990,1066
1,<environment.Job instance at 0x14e818b284b0>,47,15,[7 1],77,1066,1081,989,1066
1,<environment.Job instance at 0x14e818b28230>,48,1,[1 8],78,1094,1095,1016,1094
1,<environment.Job instance at 0x14e818b28460>,49,12,[7 2],79,1122,1134,1043,1122
1,<environment.Job instance at 0x14e818b28c80>,50,13,[1 9],80,1150,1163,1070,1150
1,<environment.Job instance at 0x14e818b28690>,51,2,[7 2],81,1151,1153,1070,1151
1,<environment.Job instance at 0x14e818b28500>,52,1,[ 2 10],82,1163,1164,1081,1152
1,<environment.Job instance at 0x14e818b288c0>,53,16,[1 7],83,1164,1180,1081,1152
1,<environment.Job instance at 0x14e818b289b0>,54,17,[5 2],85,1152,1169,1067,1152
1,<environment.Job instance at 0x14e818b28b40>,55,3,[10  1],87,1169,1172,1082,1153
1,<environment.Job instance at 0x14e818b28780>,56,1,[9 2],88,1200,1201,1112,1200
1,<environment.Job instance at 0x14e818b28320>,57,17,[8 1],89,1210,1227,1121,1210
1,<environment.Job instance at 0x14e818b28320>,3,1,[1 5],5,5,6,0,5
1,<environment.Job instance at 0x14e818b28e60>,4,2,[1 9],6,6,8,0,6
1,<environment.Job instance at 0x14e831915f00>,5,2,[1 7],9,9,11,0,9
1,<environment.Job instance at 0x14e83190ebe0>,15,2,[8 2],20,20,22,0,20
1,<environment.Job instance at 0x14e83190ecd0>,16,1,[1 6],21,21,22,0,21
1,<environment.Job instance at 0x14e83190ee60>,17,3,[6 1],22,22,25,0,22
1,<environment.Job instance at 0x14e83190efa0>,18,16,[1 5],23,25,41,2,25
1,<environment.Job instance at 0x14e818c2d370>,7,2,[ 1 10],12,12,14,0,12
1,<environment.Job instance at 0x14e818c2d6e0>,10,1,[7 2],16,16,17,0,16
1,<environment.Job instance at 0x14e818c2daf0>,16,16,[ 2 10],25,33,49,8,33
1,<environment.Job instance at 0x14e818c2db40>,17,2,[5 1],27,97,99,70,97
1,<environment.Job instance at 0x14e818c2dc80>,18,3,[6 1],28,98,101,70,98
1,<environment.Job instance at 0x14e818c2dc30>,19,1,[10  1],29,101,102,72,98
1,<environment.Job instance at 0x14e818c2db90>,20,15,[7 1],30,102,117,72,98
1,<environment.Job instance at 0x14e818c2ddc0>,21,3,[ 2 10],31,100,103,69,100
1,<environment.Job instance at 0x14e818c2de10>,22,17,[2 9],33,103,120,70,101
1,<environment.Job instance at 0x14e818c2dfa0>,23,1,[9 2],34,117,118,83,109
1,<environment.Job instance at 0x14e818c2deb0>,24,3,[2 9],35,120,123,85,109
1,<environment.Job instance at 0x14e818c330a0>,25,3,[2 5],36,110,113,74,110
1,<environment.Job instance at 0x14e818c33050>,26,3,[1 7],37,123,126,86,113
1,<environment.Job instance at 0x14e818c33190>,27,2,[2 6],38,118,120,80,114
1,<environment.Job instance at 0x14e818c33230>,28,2,[5 2],39,120,122,81,116
1,<environment.Job instance at 0x14e818c332d0>,29,12,[ 1 10],40,126,138,86,119
1,<environment.Job instance at 0x14e818c33370>,30,2,[1 5],41,122,124,81,119
1,<environment.Job instance at 0x14e818c33410>,31,12,[5 1],42,120,132,78,119
1,<environment.Job instance at 0x14e818c334b0>,32,1,[10  1],43,132,133,89,124
1,<environment.Job instance at 0x14e818c335f0>,33,3,[1 7],45,138,141,93,128
1,<environment.Job instance at 0x14e818c33780>,34,1,[10  2],47,133,134,86,131
1,<environment.Job instance at 0x14e818c33820>,35,1,[6 1],49,131,132,82,131
1,<environment.Job instance at 0x14e818c338c0>,36,13,[1 6],50,138,151,88,132
1,<environment.Job instance at 0x14e818c33870>,37,2,[1 8],51,141,143,90,132
1,<environment.Job instance at 0x14e818c33960>,38,17,[6 1],52,134,151,82,133
1,<environment.Job instance at 0x14e818c33a00>,39,1,[8 1],53,143,144,90,142
1,<environment.Job instance at 0x14e818c337d0>,40,3,[1 6],54,144,147,90,143
1,<environment.Job instance at 0x14e818c33b90>,41,2,[1 9],57,151,153,94,146
1,<environment.Job instance at 0x14e818c33c80>,42,17,[2 7],58,153,170,95,147
1,<environment.Job instance at 0x14e818c33be0>,43,12,[5 1],59,160,172,101,160
1,<environment.Job instance at 0x14e818c33d70>,44,16,[1 7],61,161,177,100,161
1,<environment.Job instance at 0x14e818c33dc0>,45,3,[2 6],62,170,173,108,165
1,<environment.Job instance at 0x14e818c33fa0>,46,17,[6 1],65,170,187,105,167
1,<environment.Job instance at 0x14e818c33f50>,47,3,[2 8],66,177,180,111,173
1,<environment.Job instance at 0x14e818c33f00>,48,2,[9 1],68,180,182,112,177
1,<environment.Job instance at 0x14e818c375f0>,49,12,[5 2],69,182,194,113,177
1,<environment.Job instance at 0x14e818c371e0>,50,1,[1 9],70,182,183,112,177
1,<environment.Job instance at 0x14e818c37c80>,51,1,[1 5],71,187,188,116,187
1,<environment.Job instance at 0x14e818c37230>,52,26,[2 7],72,187,213,115,187
1,<environment.Job instance at 0x14e818c37140>,53,3,[2 8],73,205,208,132,205
1,<environment.Job instance at 0x14e818c37b40>,54,3,[2 9],74,213,216,139,206
1,<environment.Job instance at 0x14e818c37410>,55,15,[8 1],76,208,223,132,206
1,<environment.Job instance at 0x14e818c375a0>,56,1,[2 7],77,208,209,131,208
1,<environment.Job instance at 0x14e818c37320>,57,1,[7 2],78,216,217,138,210
1,<environment.Job instance at 0x14e818c37aa0>,58,25,[1 7],79,217,242,138,213
1,<environment.Job instance at 0x14e818c37be0>,59,1,[ 2 10],80,242,243,162,236
1,<environment.Job instance at 0x14e818c37eb0>,60,2,[2 5],81,241,243,160,241
1,<environment.Job instance at 0x14e818c37960>,61,15,[7 2],82,243,258,161,242
1,<environment.Job instance at 0x14e818c37370>,62,1,[7 2],85,248,249,163,248
1,<environment.Job instance at 0x14e818c37d20>,63,1,[1 8],86,251,252,165,251
1,<environment.Job instance at 0x14e818c37460>,64,2,[1 7],87,252,254,165,252
1,<environment.Job instance at 0x14e818c37820>,65,22,[ 1 10],88,254,276,166,252
1,<environment.Job instance at 0x14e818c37910>,66,2,[1 6],89,276,278,187,273
1,<environment.Job instance at 0x1547cdb03c30>,7,1,[2 6],8,8,9,0,8
1,<environment.Job instance at 0x1547d5672b40>,9,2,[6 1],11,11,13,0,11
1,<environment.Job instance at 0x1547cdb03320>,11,3,[1 8],13,13,16,0,13
1,<environment.Job instance at 0x1547cdb03e10>,12,3,[1 8],14,16,19,2,14
1,<environment.Job instance at 0x1547cdafc730>,13,2,[8 1],17,17,19,0,17
1,<environment.Job instance at 0x1547cdafc230>,14,2,[ 1 10],18,19,21,1,18
1,<environment.Job instance at 0x1547cdafc1e0>,15,1,[ 1 10],20,21,22,1,20
1,<environment.Job instance at 0x1547cdae6230>,20,2,[ 1 13],27,27,29,0,27
1,<environment.Job instance at 0x1547cdae68c0>,22,1,[2 7],30,30,31,0,30
1,<environment.Job instance at 0x1547cdae6320>,23,2,[8 1],31,31,33,0,31
1,<environment.Job instance at 0x1547cdadd550>,26,1,[2 7],35,35,36,0,35
1,<environment.Job instance at 0x1547cdadd780>,27,2,[2 7],36,36,38,0,36
1,<environment.Job instance at 0x1547cda0fb40>,33,1,[2 7],43,43,44,0,43
1,<environment.Job instance at 0x1547cbdc5be0>,37,2,[ 1 10],50,55,57,5,55
1,<environment.Job instance at 0x1547cc011cd0>,38,1,[8 1],51,56,57,5,56
1,<environment.Job instance at 0x1547cc02bfa0>,39,3,[1 5],52,57,60,5,56
1,<environment.Job instance at 0x1547cc305960>,40,3,[1 6],53,57,60,4,56
1,<environment.Job instance at 0x1547cc0170a0>,41,25,[12  2],54,57,82,3,56
1,<environment.Job instance at 0x1547cbdda320>,42,1,[10  1],56,82,83,26,57
1,<environment.Job instance at 0x1547cbb70960>,44,3,[1 8],58,60,63,2,58
1,<environment.Job instance at 0x1547cbb85b40>,3,1,[1 6],7,7,8,0,7
1,<environment.Job instance at 0x1547cbb85140>,11,1,[10  1],17,17,18,0,17
1,<environment.Job instance at 0x1547cc053e60>,13,1,[7 2],20,20,21,0,20
1,<environment.Job instance at 0x1547cc053f50>,14,2,[1 8],21,21,23,0,21
1,<environment.Job instance at 0x1547cc053460>,16,1,[1 5],23,23,24,0,23
1,<environment.Job instance at 0x1547cc053aa0>,17,2,[1 9],26,26,28,0,26
1,<environment.Job instance at 0x1547cc053190>,19,1,[2 5],28,28,29,0,28
1,<environment.Job instance at 0x1547cbb6fbe0>,21,2,[14  1],30,34,36,4,34
1,<environment.Job instance at 0x1547cbb6f2d0>,27,16,[8 1],37,40,56,3,40
1,<environment.Job instance at 0x1547cc051a00>,31,1,[ 2 10],42,46,47,4,46
1,<environment.Job instance at 0x1547cc051190>,32,1,[ 2 14],43,47,48,4,46
1,<environment.Job instance at 0x1547cbb6f0a0>,28,17,[1 9],39,48,65,9,46
1,<environment.Job instance at 0x1547cc051af0>,34,15,[5 1],45,48,63,3,46
1,<environment.Job instance at 0x1547cbb75cd0>,38,3,[ 2 10],52,118,121,66,118
1,<environment.Job instance at 0x1547cbb75780>,39,3,[2 5],53,452,455,399,452
1,<environment.Job instance at 0x1547cbdf1410>,40,1,[8 1],54,537,538,483,537
1,<environment.Job instance at 0x1547cbdf18c0>,41,3,[5 2],56,550,553,494,550
1,<environment.Job instance at 0x1547cbdf1d20>,42,15,[9 2],57,565,580,508,565
1,<environment.Job instance at 0x1547cbdf1f50>,43,18,[2 6],58,768,786,710,768
1,<environment.Job instance at 0x1547cbdf15f0>,44,1,[1 6],59,770,771,711,770
1,<environment.Job instance at 0x1547cbdf19b0>,45,1,[1 7],60,777,778,717,777
1,<environment.Job instance at 0x1547cbdf11e0>,46,3,[9 1],63,872,875,809,872
1,<environment.Job instance at 0x1547cbdf1780>,47,3,[12  1],64,960,963,896,960
1,<environment.Job instance at 0x1547cbdf1820>,48,1,[1 8],66,1002,1003,936,1002
1,<environment.Job instance at 0x1547cbdf1140>,49,15,[1 6],67,1742,1757,1675,1742
1,<environment.Job instance at 0x1547cbdf1500>,50,3,[7 2],68,1743,1746,1675,1743
1,<environment.Job instance at 0x1547cbdf1190>,51,2,[1 8],69,1748,1750,1679,1748
1,<environment.Job instance at 0x1547cbdf1a50>,52,3,[1 7],71,1778,1781,1707,1778
1,<environment.Job instance at 0x1547cbdf1460>,53,13,[ 1 14],72,1990,2003,1918,1990
1,<environment.Job instance at 0x1547cbdf1e10>,54,27,[1 8],73,2185,2212,2112,2185
1,<environment.Job instance at 0x1547cbdf1b40>,55,3,[1 9],74,2212,2215,2138,2186
1,<environment.Job instance at 0x1547ce4ee8c0>,56,2,[7 2],75,2186,2188,2111,2186
1,<environment.Job instance at 0x1547cbdf1c80>,57,12,[6 1],76,2187,2199,2111,2187
1,<environment.Job instance at 0x1547cda19be0>,58,28,[2 8],79,2793,2821,2714,2793
1,<environment.Job instance at 0x1547cc081460>,59,3,[5 1],83,2800,2803,2717,2800
1,<environment.Job instance at 0x1547cda19280>,60,15,[1 7],85,2804,2819,2719,2804
1,<environment.Job instance at 0x1547cbdf2d70>,61,3,[ 2 10],86,2821,2824,2735,2819
1,<environment.Job instance at 0x1547ce475910>,62,2,[1 9],88,2824,2826,2736,2819
1,<environment.Job instance at 0x1547ce41dc30>,63,2,[ 2 10],91,2826,2828,2735,2824
1,<environment.Job instance at 0x1547c820f870>,2,1,[1 7],3,3,4,0,3
1,<environment.Job instance at 0x1547c820fe60>,3,1,[2 9],4,4,5,0,4
1,<environment.Job instance at 0x1547c820f410>,14,18,[8 1],18,22,40,4,22
1,<environment.Job instance at 0x1547c82987d0>,18,1,[2 6],23,23,24,0,23
1,<environment.Job instance at 0x1547c820fd70>,10,2,[2 5],13,23,25,10,23
1,<environment.Job instance at 0x1547c8298af0>,21,1,[9 1],31,40,41,9,31
1,<environment.Job instance at 0x1547c8298b40>,22,12,[1 5],32,32,44,0,32
1,<environment.Job instance at 0x1547c8298a00>,23,2,[6 2],33,33,35,0,33
1,<environment.Job instance at 0x1547c82986e0>,24,1,[9 1],35,41,42,6,35
1,<environment.Job instance at 0x1547c8298050>,25,2,[8 1],36,42,44,6,36
1,<environment.Job instance at 0x1547c80ffaf0>,26,1,[ 1 10],37,44,45,7,37
1,<environment.Job instance at 0x1547c80ffc80>,27,2,[1 5],39,39,41,0,39
1,<environment.Job instance at 0x1547c80ff640>,28,3,[1 5],40,41,44,1,40
1,<environment.Job instance at 0x1547c80ffd70>,30,3,[2 8],45,45,48,0,45
1,<environment.Job instance at 0x1547c820f5f0>,8,2,[8 2],11,45,47,34,45
1,<environment.Job instance at 0x1547c80ff780>,31,1,[2 6],46,47,48,1,46
1,<environment.Job instance at 0x1547c80ff2d0>,32,2,[1 6],47,48,50,1,47
1,<environment.Job instance at 0x1547c80ff3c0>,29,2,[10  2],41,48,50,7,47
1,<environment.Job instance at 0x1547c8204280>,37,2,[2 5],58,71,73,13,71
1,<environment.Job instance at 0x1547c8204640>,42,2,[ 2 12],66,73,75,7,71
1,<environment.Job instance at 0x1547c8295eb0>,47,2,[6 2],72,81,83,9,81
1,<environment.Job instance at 0x1547c82952d0>,48,1,[1 5],73,81,82,8,81
1,<environment.Job instance at 0x1547c82040a0>,43,14,[6 1],67,81,95,14,81
1,<environment.Job instance at 0x1547c8295910>,50,3,[ 2 10],75,82,85,7,81
1,<environment.Job instance at 0x1547c82955f0>,51,3,[ 1 13],76,85,88,9,81
1,<environment.Job instance at 0x1547c8295370>,52,3,[1 5],79,88,91,9,82
1,<environment.Job instance at 0x1547c8295b40>,53,21,[ 2 13],80,91,112,11,84
1,<environment.Job instance at 0x1547c8295d70>,54,1,[2 8],81,112,113,31,94
1,<environment.Job instance at 0x1547c82954b0>,55,1,[7 1],82,95,96,13,95
1,<environment.Job instance at 0x1547c82e2f00>,56,18,[5 2],83,96,114,13,95
1,<environment.Job instance at 0x1547c82e2b90>,1,1,[2 5],4,4,5,0,4
1,<environment.Job instance at 0x1547c831f960>,10,2,[ 1 10],17,17,19,0,17
1,<environment.Job instance at 0x1547c831f460>,12,21,[7 2],20,20,41,0,20
1,<environment.Job instance at 0x15479e88b730>,23,2,[2 7],41,41,43,0,41
1,<environment.Job instance at 0x15479e88bcd0>,19,20,[8 2],32,42,62,10,42
1,<environment.Job instance at 0x1547c8316cd0>,36,2,[ 2 12],60,77,79,17,77
1,<environment.Job instance at 0x1547c8316870>,37,1,[6 2],61,77,78,16,77
1,<environment.Job instance at 0x1547c8316140>,34,15,[8 2],56,84,99,28,84
1,<environment.Job instance at 0x1547c8316960>,46,18,[ 1 10],76,157,175,81,157
1,<environment.Job instance at 0x1547c831ec30>,53,3,[2 7],86,182,185,96,182
1,<environment.Job instance at 0x1547c831efa0>,54,14,[7 2],87,200,214,113,200
1,<environment.Job instance at 0x1547c831e280>,55,2,[ 1 10],89,623,625,534,623
1,<environment.Job instance at 0x1547c83b6370>,10,1,[7 2],16,16,17,0,16
1,<environment.Job instance at 0x15479e9010a0>,21,3,[8 1],33,33,36,0,33
1,<environment.Job instance at 0x15479e901f50>,22,1,[10  1],34,36,37,2,34
1,<environment.Job instance at 0x15479e901d70>,23,27,[1 7],35,35,62,0,35
1,<environment.Job instance at 0x1547cc0bd960>,31,1,[5 1],49,52,53,3,52
1,<environment.Job instance at 0x1547cc0bd6e0>,33,2,[1 9],51,62,64,11,55
1,<environment.Job instance at 0x1547d54f9c80>,35,1,[1 8],55,58,59,3,58
1,<environment.Job instance at 0x1547cc0bdaa0>,30,3,[2 9],47,68,71,21,68
1,<environment.Job instance at 0x1547cc034f50>,37,3,[1 6],57,69,72,12,69
1,<environment.Job instance at 0x1547c82c8eb0>,38,2,[8 2],58,71,73,13,69
1,<environment.Job instance at 0x1547c82c8fa0>,39,14,[9 1],60,73,87,13,69
1,<environment.Job instance at 0x1547c82c8cd0>,40,3,[10  1],61,87,90,26,69
1,<environment.Job instance at 0x1547c82c8dc0>,41,2,[1 7],62,71,73,9,69
1,<environment.Job instance at 0x1547ce3f8aa0>,42,15,[1 5],63,72,87,9,69
1,<environment.Job instance at 0x1547d4b05cd0>,43,3,[1 9],64,73,76,9,70
1,<environment.Job instance at 0x1547c82c8a00>,44,2,[1 8],66,76,78,10,70
1,<environment.Job instance at 0x1547c82c8c80>,45,2,[1 5],68,78,80,10,70
1,<environment.Job instance at 0x1547ce383550>,46,15,[10  1],69,90,105,21,76
1,<environment.Job instance at 0x15479e9a03c0>,0,1,[6 2],1,1,2,0,1
1,<environment.Job instance at 0x15479e9a04b0>,1,1,[2 9],2,2,3,0,2
1,<environment.Job instance at 0x1547cc000be0>,17,3,[1 7],23,23,26,0,23
1,<environment.Job instance at 0x15479e9a0910>,15,2,[5 2],20,34,36,14,34
1,<environment.Job instance at 0x1547cc000320>,21,1,[6 2],29,35,36,6,35
1,<environment.Job instance at 0x1547cc000b90>,22,2,[1 5],30,35,37,5,35
1,<environment.Job instance at 0x1547cc0007d0>,23,1,[1 7],31,36,37,5,35
1,<environment.Job instance at 0x1547cc000690>,24,3,[2 7],32,37,40,5,35
1,<environment.Job instance at 0x1547cc000a50>,25,2,[1 5],33,37,39,4,35
1,<environment.Job instance at 0x1547cc000e10>,26,1,[1 9],35,40,41,5,35
1,<environment.Job instance at 0x15479ea32b90>,27,1,[2 5],36,39,40,3,36
1,<environment.Job instance at 0x15479ea32f50>,28,15,[7 1],37,37,52,0,37
1,<environment.Job instance at 0x1547d2c2ee60>,9,1,[5 2],16,16,17,0,16
1,<environment.Job instance at 0x1547d2c2e550>,10,26,[2 8],18,18,44,0,18
1,<environment.Job instance at 0x1547ce4c5a00>,17,1,[6 2],32,32,33,0,32
1,<environment.Job instance at 0x1547ce4c5320>,18,3,[10  2],34,34,37,0,34
1,<environment.Job instance at 0x1547d18e27d0>,25,2,[5 2],44,47,49,3,47
1,<environment.Job instance at 0x1547d18e2230>,26,27,[1 7],45,49,76,4,49
1,<environment.Job instance at 0x1547d18e2910>,27,21,[1 8],46,51,72,5,51
1,<environment.Job instance at 0x1547d18e2370>,29,2,[6 1],49,72,74,23,51
1,<environment.Job instance at 0x1547d18e2320>,30,2,[ 1 10],50,76,78,26,51
1,<environment.Job instance at 0x1547d18e2b40>,31,3,[9 2],52,74,77,22,52
1,<environment.Job instance at 0x1547c8133c30>,32,2,[5 1],53,72,74,19,53
1,<environment.Job instance at 0x1547c81335a0>,33,17,[1 9],54,78,95,24,66
1,<environment.Job instance at 0x1547c8133a00>,36,15,[2 8],62,95,110,33,81
1,<environment.Job instance at 0x1547cd8908c0>,43,2,[8 2],75,83,85,8,83
1,<environment.Job instance at 0x1547cd890e60>,44,1,[ 1 12],76,110,111,34,83
1,<environment.Job instance at 0x1547cd890a00>,46,1,[8 1],79,85,86,6,83
1,<environment.Job instance at 0x1547ce7bc410>,48,1,[2 9],84,111,112,27,84
1,<environment.Job instance at 0x1547ce7ca550>,39,2,[1 8],67,112,114,45,103
1,<environment.Job instance at 0x1547d2b8aa50>,52,3,[9 2],88,103,106,15,103
1,<environment.Job instance at 0x1547ce48b910>,53,2,[7 1],91,106,108,15,103
1,<environment.Job instance at 0x1547ce781230>,54,16,[ 1 10],92,114,130,22,103
1,<environment.Job instance at 0x1547c81932d0>,56,1,[8 1],95,108,109,13,104
1,<environment.Job instance at 0x1547ce79c230>,57,28,[5 1],96,106,134,10,105
1,<environment.Job instance at 0x1547c806a2d0>,58,13,[8 2],97,109,122,12,105
1,<environment.Job instance at 0x1547ce782d70>,19,16,[8 1],30,47,63,17,47
1,<environment.Job instance at 0x15479eb68870>,29,3,[9 2],43,68,71,25,68
1,<environment.Job instance at 0x1547cd7f9d20>,11,1,[1 9],17,68,69,51,68
1,<environment.Job instance at 0x15479eb9a0f0>,31,2,[1 8],45,69,71,24,68
1,<environment.Job instance at 0x15479eb9a730>,32,12,[1 7],47,71,83,24,68
1,<environment.Job instance at 0x1547ce49b0f0>,33,1,[ 1 10],49,83,84,34,68
1,<environment.Job instance at 0x1547cd9383c0>,34,19,[2 5],50,69,88,19,68
1,<environment.Job instance at 0x1547cfa425f0>,44,1,[1 7],62,102,103,40,102
1,<environment.Job instance at 0x1547cfa42dc0>,45,1,[6 2],63,102,103,39,102
1,<environment.Job instance at 0x1547cd938550>,35,17,[2 9],51,118,135,67,118
1,<environment.Job instance at 0x15479ebe93c0>,49,14,[8 2],67,131,145,64,131
1,<environment.Job instance at 0x1547d18c7eb0>,55,1,[1 5],76,135,136,59,131
1,<environment.Job instance at 0x1547d2b1afa0>,56,1,[10  1],78,145,146,67,131
1,<environment.Job instance at 0x1547d2b1a050>,57,1,[5 2],79,131,132,52,131
1,<environment.Job instance at 0x1547d2b1af00>,58,17,[10  1],80,146,163,66,134
1,<environment.Job instance at 0x1547d2b1ac80>,59,25,[9 1],81,163,188,82,159
1,<environment.Job instance at 0x1547ce7afaf0>,67,2,[2 9],91,185,187,94,185
1,<environment.Job instance at 0x1547cd7f95a0>,9,2,[5 1],11,247,249,236,247
1,<environment.Job instance at 0x1547cd7f95a0>,2,1,[1 7],3,3,4,0,3
1,<environment.Job instance at 0x15479e5f2960>,4,1,[6 2],7,7,8,0,7
1,<environment.Job instance at 0x15479e5f2820>,5,1,[5 1],8,8,9,0,8
1,<environment.Job instance at 0x15479e5f2a50>,6,1,[2 6],10,10,11,0,10
1,<environment.Job instance at 0x15479e5f4460>,13,2,[ 1 10],18,18,20,0,18
1,<environment.Job instance at 0x15479e5f4280>,19,13,[2 8],26,26,39,0,26
1,<environment.Job instance at 0x15479e5f4aa0>,20,16,[6 1],27,27,43,0,27
1,<environment.Job instance at 0x15479e5f4820>,17,17,[7 1],24,47,64,23,47
1,<environment.Job instance at 0x15479eaa7190>,0,26,[1 6],1,2,28,1,2
1,<environment.Job instance at 0x15479e654e60>,9,2,[10  1],14,21,23,7,21
1,<environment.Job instance at 0x1547cd9c9d20>,10,1,[9 1],15,23,24,8,21
1,<environment.Job instance at 0x15479e6547d0>,8,3,[6 1],13,50,53,37,50
1,<environment.Job instance at 0x1547cda1b5f0>,14,20,[8 1],20,50,70,30,50
1,<environment.Job instance at 0x1547cda1bf00>,15,2,[7 1],21,78,80,57,78
1,<environment.Job instance at 0x1547cda1b8c0>,16,3,[9 1],26,103,106,77,103
1,<environment.Job instance at 0x1547cd7ba870>,17,13,[2 5],28,104,117,76,104
1,<environment.Job instance at 0x1547cd7baeb0>,18,2,[1 8],29,105,107,76,105
1,<environment.Job instance at 0x15479ea20370>,19,1,[2 6],30,108,109,78,108
1,<environment.Job instance at 0x15479ea206e0>,20,2,[9 2],33,110,112,77,110
1,<environment.Job instance at 0x15479e86b410>,21,1,[ 2 10],37,112,113,75,111
1,<environment.Job instance at 0x1547cd7bae60>,22,3,[11  1],39,115,118,76,115
1,<environment.Job instance at 0x1547d2c3f5f0>,23,13,[ 2 11],40,117,130,77,115
1,<environment.Job instance at 0x1547d2c3fdc0>,24,3,[1 8],41,130,133,89,115
1,<environment.Job instance at 0x1547d2c3f230>,25,1,[8 1],43,125,126,82,125
1,<environment.Job instance at 0x1547d2c3f870>,26,16,[9 1],44,126,142,82,125
1,<environment.Job instance at 0x1547d2c3fc80>,27,12,[7 2],46,142,154,96,125
1,<environment.Job instance at 0x1547d2c3f320>,28,15,[ 2 10],52,133,148,81,125
1,<environment.Job instance at 0x1547d2c3f780>,29,2,[5 2],53,130,132,77,126
1,<environment.Job instance at 0x1547d2c3fbe0>,30,2,[7 2],54,148,150,94,129
1,<environment.Job instance at 0x1547d2c3f640>,31,2,[5 2],56,142,144,86,133
1,<environment.Job instance at 0x1547d2c3fb40>,32,1,[ 2 10],57,150,151,93,136
1,<environment.Job instance at 0x1547d2c3f910>,33,1,[6 2],58,144,145,86,139
1,<environment.Job instance at 0x15479e3d5780>,34,2,[ 1 12],59,151,153,92,142
1,<environment.Job instance at 0x15479e3d5550>,35,16,[2 9],60,153,169,93,146
1,<environment.Job instance at 0x15479e3d5320>,36,2,[5 2],61,153,155,92,150
1,<environment.Job instance at 0x15479e79baa0>,37,21,[5 1],62,158,179,96,158
1,<environment.Job instance at 0x1547d35230f0>,38,3,[2 8],63,169,172,106,165
1,<environment.Job instance at 0x1547d3523820>,39,3,[8 2],65,165,168,100,165
1,<environment.Job instance at 0x1547d35231e0>,40,1,[ 2 10],66,172,173,106,166
1,<environment.Job instance at 0x1547d3523fa0>,41,2,[1 6],67,169,171,102,166
1,<environment.Job instance at 0x1547d35236e0>,42,2,[8 1],68,172,174,104,172
1,<environment.Job instance at 0x1547d349bd20>,43,1,[2 7],70,173,174,103,173
1,<environment.Job instance at 0x1547d349b780>,44,2,[1 8],71,174,176,103,174
1,<environment.Job instance at 0x1547d349b410>,45,13,[7 1],72,174,187,102,174
1,<environment.Job instance at 0x1547d349b0f0>,46,3,[ 2 10],75,179,182,104,179
1,<environment.Job instance at 0x1547cd7fbb40>,47,2,[2 7],76,184,186,108,184
1,<environment.Job instance at 0x1547cd7fbcd0>,48,22,[ 2 10],77,186,208,109,186
1,<environment.Job instance at 0x1547cd7fbaa0>,49,2,[10  2],78,193,195,115,193
1,<environment.Job instance at 0x1547cd7fb8c0>,50,2,[1 7],79,208,210,129,194
1,<environment.Job instance at 0x1547cd7fbaf0>,51,3,[2 8],80,208,211,128,198
1,<environment.Job instance at 0x1547cd7fb550>,52,2,[6 2],81,198,200,117,198
1,<environment.Job instance at 0x1547cd7fbfa0>,53,1,[7 1],84,201,202,117,201
1,<environment.Job instance at 0x1547cd7fbc80>,54,2,[5 2],85,202,204,117,202
1,<environment.Job instance at 0x1547cd7fb050>,55,15,[1 9],86,211,226,125,204
1,<environment.Job instance at 0x1547cd7fb910>,56,3,[6 1],87,210,213,123,210
1,<environment.Job instance at 0x1547d3a40550>,57,2,[ 1 10],88,226,228,138,223
1,<environment.Job instance at 0x1547d3a40500>,58,1,[7 1],89,224,225,135,224
1,<environment.Job instance at 0x1547d3a403c0>,59,1,[2 6],92,225,226,133,224
1,<environment.Job instance at 0x1547d3a40050>,60,2,[10  2],93,226,228,133,225
1,<environment.Job instance at 0x1547d3a40370>,61,1,[5 1],94,228,229,134,225
1,<environment.Job instance at 0x1547c807b460>,62,2,[8 2],95,228,230,133,225
1,<environment.Job instance at 0x1547c807b0a0>,63,1,[6 1],96,229,230,133,227
1,<environment.Job instance at 0x1547c815d5a0>,64,3,[8 1],98,230,233,132,227
1,<environment.Job instance at 0x15479e654910>,5,21,[6 1],10,10,31,0,10
1,<environment.Job instance at 0x15479e662640>,1,21,[9 2],2,3,24,1,3
1,<environment.Job instance at 0x1547cd89aaa0>,8,1,[1 8],12,75,76,63,75
1,<environment.Job instance at 0x1547cc025e10>,13,3,[7 1],20,78,81,58,78
1,<environment.Job instance at 0x1547cc025460>,15,15,[6 2],22,1480,1495,1458,1480
1,<environment.Job instance at 0x15479e4030a0>,16,3,[2 9],23,1487,1490,1464,1487
1,<environment.Job instance at 0x1547cdad7f50>,0,1,[7 2],2,2,3,0,2
1,<environment.Job instance at 0x1547c810e5a0>,5,1,[ 1 10],8,8,9,0,8
1,<environment.Job instance at 0x15479e7931e0>,15,1,[2 8],24,24,25,0,24
1,<environment.Job instance at 0x1547cd7baf50>,18,2,[ 2 13],29,33,35,4,33
1,<environment.Job instance at 0x1547c80ef5a0>,23,3,[6 2],36,36,39,0,36
1,<environment.Job instance at 0x15479e435320>,24,16,[ 1 11],37,37,53,0,37
1,<environment.Job instance at 0x1547ce4eaaa0>,25,1,[2 6],38,53,54,15,38
1,<environment.Job instance at 0x15479e762f50>,26,1,[1 5],40,53,54,13,40
1,<environment.Job instance at 0x1547ce7ba1e0>,27,2,[2 8],41,54,56,13,41
1,<environment.Job instance at 0x15479eb93dc0>,29,3,[2 5],45,54,57,9,51
1,<environment.Job instance at 0x15479eb930a0>,30,18,[5 2],47,51,69,4,51
1,<environment.Job instance at 0x15479e435820>,28,24,[2 9],42,57,81,15,52
1,<environment.Job instance at 0x1547d35a9f00>,37,2,[6 1],58,58,60,0,58
1,<environment.Job instance at 0x1547d35a9cd0>,38,3,[1 5],59,69,72,10,59
1,<environment.Job instance at 0x15479e3d0eb0>,39,2,[10  2],60,72,74,12,60
1,<environment.Job instance at 0x1547d550a2d0>,40,1,[9 1],61,69,70,8,61
1,<environment.Job instance at 0x1547d550aeb0>,41,1,[1 8],62,81,82,19,62
1,<environment.Job instance at 0x15479e432f50>,42,25,[9 1],63,74,99,11,70
1,<environment.Job instance at 0x15479e432cd0>,43,3,[2 7],64,82,85,18,70
1,<environment.Job instance at 0x1547d4b00f50>,44,1,[7 1],65,70,71,5,70
1,<environment.Job instance at 0x1547d4b00230>,45,2,[7 2],66,99,101,33,72
1,<environment.Job instance at 0x1547d46a1cd0>,20,28,[2 5],33,77,105,44,77
1,<environment.Job instance at 0x15479e994690>,54,2,[ 1 14],80,105,107,25,80
1,<environment.Job instance at 0x15479e994460>,55,1,[7 2],81,101,102,20,81
1,<environment.Job instance at 0x1547d4b00cd0>,46,13,[10  1],68,102,115,34,88
1,<environment.Job instance at 0x1547d18d4aa0>,67,3,[2 9],95,102,105,7,97
1,<environment.Job instance at 0x1547c813a7d0>,47,3,[2 6],69,141,144,72,141
1,<environment.Job instance at 0x15479e3c6460>,16,1,[9 1],30,40,41,10,40
1,<environment.Job instance at 0x15479e3c6fa0>,13,3,[2 9],26,89,92,63,89
1,<environment.Job instance at 0x15479e3c6550>,11,1,[ 1 12],24,93,94,69,93
1,<environment.Job instance at 0x15479e3c6910>,20,1,[12  2],35,106,107,71,106
1,<environment.Job instance at 0x15479e3c69b0>,22,3,[8 1],37,107,110,70,107
1,<environment.Job instance at 0x15479e3c6960>,23,2,[6 2],38,107,109,69,107
1,<environment.Job instance at 0x15479e3c6690>,24,3,[9 2],39,110,113,71,107
1,<environment.Job instance at 0x15479e3cf230>,25,2,[1 6],46,109,111,63,109
1,<environment.Job instance at 0x15479e3cf140>,26,18,[8 1],48,113,131,65,109
1,<environment.Job instance at 0x15479e3cf0f0>,27,2,[2 8],50,118,120,68,118
1,<environment.Job instance at 0x15479e3cf6e0>,33,3,[9 1],59,131,134,72,119
1,<environment.Job instance at 0x15479e3cf5f0>,34,1,[7 2],60,134,135,74,132
1,<environment.Job instance at 0x15479e3cfa00>,35,17,[6 2],62,132,149,70,132
1,<environment.Job instance at 0x15479e3cf050>,36,3,[9 2],64,140,143,76,140
1,<environment.Job instance at 0x15479e3cfb40>,37,2,[2 5],65,143,145,78,140
1,<environment.Job instance at 0x15479e3cfbe0>,38,1,[1 9],66,145,146,79,141
1,<environment.Job instance at 0x15479e3cfa50>,39,3,[1 7],67,146,149,79,141
1,<environment.Job instance at 0x15479e3cfc30>,40,1,[1 8],68,143,144,75,141
1,<environment.Job instance at 0x15479e3cfcd0>,41,20,[7 2],69,144,164,75,144
1,<environment.Job instance at 0x15479e3cfd70>,42,1,[1 9],70,149,150,79,144
1,<environment.Job instance at 0x15479e3cfe10>,43,2,[2 6],71,150,152,79,145
1,<environment.Job instance at 0x15479e3cfeb0>,44,3,[ 2 10],72,152,155,80,145
1,<environment.Job instance at 0x15479e3cff50>,45,13,[2 8],73,155,168,82,145
1,<environment.Job instance at 0x15479e3cf870>,46,1,[8 1],76,164,165,88,145
1,<environment.Job instance at 0x15479e3d2140>,47,3,[1 6],77,164,167,87,146
1,<environment.Job instance at 0x15479e3d2230>,48,2,[1 6],78,150,152,72,148
1,<environment.Job instance at 0x15479e3d2280>,49,1,[2 5],79,155,156,76,148
1,<environment.Job instance at 0x15479e3d22d0>,50,14,[ 2 10],80,168,182,88,153
1,<environment.Job instance at 0x15479e3d2370>,51,1,[ 1 13],81,182,183,101,171
1,<environment.Job instance at 0x15479e3d2410>,52,12,[ 1 14],82,183,195,101,173
1,<environment.Job instance at 0x15479e3d24b0>,53,1,[5 2],83,173,174,90,173
1,<environment.Job instance at 0x15479e3d2550>,54,12,[2 9],84,195,207,111,178
1,<environment.Job instance at 0x15479e3d2780>,55,1,[11  1],93,198,199,105,198
1,<environment.Job instance at 0x15479e3d2870>,56,2,[5 1],94,199,201,105,199
1,<environment.Job instance at 0x15479e3d2050>,57,2,[1 6],95,201,203,106,200
1,<environment.Job instance at 0x15479e3d2910>,58,2,[1 8],96,207,209,111,200
1,<environment.Job instance at 0x15479e3d29b0>,59,1,[6 1],97,200,201,103,200
1,<environment.Job instance at 0x15479e3d28c0>,60,18,[10  2],99,203,221,104,200
1,<environment.Job instance at 0x1547c8387c30>,0,1,[2 9],1,1,2,0,1
1,<environment.Job instance at 0x15479e3cf690>,1,1,[1 5],2,2,3,0,2
1,<environment.Job instance at 0x15479ea4dcd0>,14,2,[7 2],21,21,23,0,21
1,<environment.Job instance at 0x15479ea4d550>,15,1,[ 2 10],22,22,23,0,22
1,<environment.Job instance at 0x1547c838c460>,16,16,[1 7],23,29,45,6,29
1,<environment.Job instance at 0x1547c838c550>,21,2,[1 5],30,30,32,0,30
1,<environment.Job instance at 0x1547c838c2d0>,23,2,[10  2],32,33,35,1,33
1,<environment.Job instance at 0x1547c838cc80>,25,1,[1 5],35,35,36,0,35
1,<environment.Job instance at 0x1547c838cfa0>,26,2,[1 9],36,45,47,9,36
1,<environment.Job instance at 0x1547c838c190>,27,2,[1 7],39,39,41,0,39
1,<environment.Job instance at 0x1547cc05ed70>,28,3,[1 8],40,41,44,1,40
1,<environment.Job instance at 0x1547c838cb40>,20,17,[8 1],29,44,61,15,41
1,<environment.Job instance at 0x1547cc05e960>,38,1,[1 6],51,58,59,7,58
1,<environment.Job instance at 0x1547cc05e190>,39,3,[6 1],52,60,63,8,60
1,<environment.Job instance at 0x15479ea3dbe0>,41,3,[2 5],54,61,64,7,60
1,<environment.Job instance at 0x15479ea3d500>,42,3,[2 8],56,61,64,5,60
1,<environment.Job instance at 0x15479e789a00>,5,1,[6 1],8,8,9,0,8
1,<environment.Job instance at 0x1547cd7c8e60>,12,2,[2 6],15,21,23,6,21
1,<environment.Job instance at 0x1547cd7c8690>,13,3,[2 7],17,21,24,4,21
1,<environment.Job instance at 0x1547cd7c8820>,15,3,[1 5],20,23,26,3,21
1,<environment.Job instance at 0x1547cd7c8050>,16,2,[2 8],21,24,26,3,21
1,<environment.Job instance at 0x15479e659a50>,1,1,[1 7],2,2,3,0,2
1,<environment.Job instance at 0x15479eb02050>,2,1,[9 1],4,4,5,0,4
1,<environment.Job instance at 0x1547cc064280>,0,1,[14  1],1,3,4,2,3
1,<environment.Job instance at 0x1547cc064640>,2,3,[10  1],3,4,7,1,3
1,<environment.Job instance at 0x1547cc0df690>,3,1,[8 1],4,7,8,3,6
1,<environment.Job instance at 0x1547cc0df960>,6,2,[6 1],9,9,11,0,9
1,<environment.Job instance at 0x1547cc0df500>,8,1,[ 1 10],12,12,13,0,12
1,<environment.Job instance at 0x15479e7f1e10>,9,3,[9 1],14,14,17,0,14
1,<environment.Job instance at 0x15479e7f1e60>,10,1,[8 2],16,17,18,1,16
1,<environment.Job instance at 0x15479e7f1370>,12,1,[10  1],19,19,20,0,19
1,<environment.Job instance at 0x15479e7f1960>,14,2,[8 1],21,21,23,0,21
1,<environment.Job instance at 0x15479e7f14b0>,15,1,[5 2],22,22,23,0,22
1,<environment.Job instance at 0x1547cd8f89b0>,30,1,[2 5],38,38,39,0,38
1,<environment.Job instance at 0x1547cd8f8f50>,31,3,[ 1 11],41,43,46,2,43
1,<environment.Job instance at 0x1547cd8f8d70>,34,3,[1 5],46,46,49,0,46
1,<environment.Job instance at 0x1547cd8f8af0>,35,1,[8 1],47,47,48,0,47
1,<environment.Job instance at 0x1547ce46f870>,42,14,[2 8],55,56,70,1,56
1,<environment.Job instance at 0x1547ce46f550>,44,3,[1 7],58,58,61,0,58
1,<environment.Job instance at 0x1547ce46f780>,45,3,[7 1],59,61,64,2,59
1,<environment.Job instance at 0x1547ce46feb0>,46,2,[2 7],60,64,66,4,60
1,<environment.Job instance at 0x1547c80606e0>,48,1,[1 9],62,70,71,8,62
1,<environment.Job instance at 0x1547c8060c30>,51,16,[1 6],66,66,82,0,66
1,<environment.Job instance at 0x1547c8060d70>,52,3,[2 6],68,71,74,3,68
1,<environment.Job instance at 0x1547c8060a50>,54,3,[ 1 14],70,82,85,12,70
1,<environment.Job instance at 0x1547c8060190>,55,3,[5 1],71,71,74,0,71
1,<environment.Job instance at 0x1547c8060cd0>,56,2,[8 1],73,74,76,1,73
1,<environment.Job instance at 0x1547c8060f50>,58,3,[8 2],75,76,79,1,75
1,<environment.Job instance at 0x1547c8060e60>,60,2,[2 7],79,79,81,0,79
1,<environment.Job instance at 0x1547c8060af0>,53,14,[10  1],69,83,97,14,83
1,<environment.Job instance at 0x15479ea70b90>,62,13,[ 2 10],82,96,109,14,96
1,<environment.Job instance at 0x15479ea70500>,65,1,[8 1],85,97,98,12,96
1,<environment.Job instance at 0x15479ea705f0>,66,18,[10  1],86,98,116,12,97
1,<environment.Job instance at 0x15479ea70780>,67,1,[8 2],87,116,117,29,100
1,<environment.Job instance at 0x15479eb58e60>,75,14,[9 2],99,117,131,18,102
1,<environment.Job instance at 0x1547cd8f8aa0>,33,2,[2 5],43,156,158,113,156
1,<environment.Job instance at 0x1547cd8d58c0>,8,1,[ 2 10],11,11,12,0,11
1,<environment.Job instance at 0x1547cd8d55a0>,9,2,[6 2],12,12,14,0,12
1,<environment.Job instance at 0x1547cd8d5c30>,10,1,[1 5],14,14,15,0,14
1,<environment.Job instance at 0x1547cd8d5d20>,11,2,[5 2],15,15,17,0,15
1,<environment.Job instance at 0x1547cd8d5eb0>,12,2,[8 1],16,16,18,0,16
1,<environment.Job instance at 0x1547cd8d5fa0>,13,2,[8 1],17,18,20,1,17
1,<environment.Job instance at 0x1547cd8d4550>,17,3,[2 7],21,21,24,0,21
1,<environment.Job instance at 0x1547cd8d4820>,22,13,[8 1],26,58,71,32,58
1,<environment.Job instance at 0x1547cd8d4dc0>,31,2,[11  1],38,124,126,86,124
1,<environment.Job instance at 0x1547cd8c3280>,36,14,[2 5],46,124,138,78,124
1,<environment.Job instance at 0x1547cd8c30f0>,37,2,[1 8],47,124,126,77,124
1,<environment.Job instance at 0x1547cd8c30a0>,38,1,[5 1],48,126,127,78,124
1,<environment.Job instance at 0x1547cd8c3500>,39,14,[1 7],49,126,140,77,124
1,<environment.Job instance at 0x1547cd8c3870>,40,2,[8 1],51,127,129,76,125
1,<environment.Job instance at 0x1547cd8c3640>,41,2,[6 2],53,129,131,76,125
1,<environment.Job instance at 0x1547cd8c3780>,42,2,[1 5],54,138,140,84,125
1,<environment.Job instance at 0x1547cd8c3960>,43,2,[9 2],55,131,133,76,125
1,<environment.Job instance at 0x1547cd8c3a00>,44,1,[9 1],58,133,134,75,125
1,<environment.Job instance at 0x1547cd8c3c30>,46,2,[6 2],60,134,136,74,125
1,<environment.Job instance at 0x1547cd8c3d70>,47,2,[2 9],62,140,142,78,125
1,<environment.Job instance at 0x1547cd8c3aa0>,48,17,[2 9],63,142,159,79,130
1,<environment.Job instance at 0x1547d350a0a0>,50,2,[ 1 10],65,159,161,94,132
1,<environment.Job instance at 0x1547d350a1e0>,52,2,[1 8],68,161,163,93,134
1,<environment.Job instance at 0x1547d350a280>,53,16,[ 1 12],69,163,179,94,150
1,<environment.Job instance at 0x1547d350a410>,54,1,[1 5],70,158,159,88,158
1,<environment.Job instance at 0x1547d350a5f0>,55,3,[2 8],71,179,182,108,160
1,<environment.Job instance at 0x1547d350a460>,56,12,[7 2],72,160,172,88,160
1,<environment.Job instance at 0x1547d350a550>,57,1,[2 5],74,161,162,87,160
1,<environment.Job instance at 0x1547d350a640>,58,17,[ 1 10],76,182,199,106,170
1,<environment.Job instance at 0x1547d350a6e0>,59,3,[1 6],79,179,182,100,174
1,<environment.Job instance at 0x1547d350a870>,60,3,[2 6],80,199,202,119,175
1,<environment.Job instance at 0x1547d350a910>,61,3,[2 5],81,182,185,101,176
1,<environment.Job instance at 0x1547d350a960>,62,16,[7 2],82,185,201,103,176
1,<environment.Job instance at 0x1547d350a9b0>,63,12,[9 1],83,201,213,118,189
1,<environment.Job instance at 0x1547d350aa00>,64,3,[7 2],85,190,193,105,190
1,<environment.Job instance at 0x1547d350aaa0>,65,3,[1 6],87,199,202,112,192
1,<environment.Job instance at 0x1547d350ab40>,66,2,[1 6],89,212,214,123,212
1,<environment.Job instance at 0x1547d350acd0>,67,2,[8 1],93,213,215,120,213
1,<environment.Job instance at 0x1547d350ad70>,68,3,[9 2],94,215,218,121,214
1,<environment.Job instance at 0x1547d350ae10>,69,1,[2 8],96,217,218,121,217
1,<environment.Job instance at 0x1547d350abe0>,70,2,[10  1],97,218,220,121,217
1,<environment.Job instance at 0x1547d350ae60>,71,13,[1 8],98,220,233,122,220
1,<environment.Job instance at 0x14ea59064aa0>,2,1,[2 5],3,3,4,0,3
1,<environment.Job instance at 0x14ea514af870>,7,1,[2 6],8,8,9,0,8
1,<environment.Job instance at 0x14ea59064b40>,9,2,[6 1],11,11,13,0,11
1,<environment.Job instance at 0x14ea514af320>,11,3,[1 8],13,13,16,0,13
1,<environment.Job instance at 0x14ea5150d1e0>,13,2,[8 1],17,17,19,0,17
1,<environment.Job instance at 0x14ea5150d0f0>,14,2,[ 1 10],18,18,20,0,18
1,<environment.Job instance at 0x14ea5150d230>,15,1,[ 1 10],20,20,21,0,20
1,<environment.Job instance at 0x14ea51442e60>,20,2,[ 1 13],27,27,29,0,27
1,<environment.Job instance at 0x14ea51442320>,22,1,[2 7],30,30,31,0,30
1,<environment.Job instance at 0x14ea514cfe10>,23,2,[8 1],31,31,33,0,31
1,<environment.Job instance at 0x14ea514cf640>,26,1,[2 7],35,35,36,0,35
1,<environment.Job instance at 0x14ea514cfc80>,27,2,[2 7],36,36,38,0,36
1,<environment.Job instance at 0x14ea51443820>,33,1,[2 7],43,43,44,0,43
1,<environment.Job instance at 0x14ea51ea2a50>,4,1,[10  1],7,7,8,0,7
1,<environment.Job instance at 0x14ea51ea2280>,5,2,[ 1 10],8,8,10,0,8
1,<environment.Job instance at 0x14ea51ea2050>,6,1,[7 2],10,10,11,0,10
1,<environment.Job instance at 0x14ea4fcfbaf0>,14,2,[14  1],20,22,24,2,22
1,<environment.Job instance at 0x14ea4fa51230>,23,1,[2 8],31,32,33,1,32
1,<environment.Job instance at 0x14ea4fa51370>,24,1,[ 2 10],32,33,34,1,32
1,<environment.Job instance at 0x14ea4fa514b0>,25,1,[ 2 14],33,34,35,1,33
1,<environment.Job instance at 0x14ea4fa51b90>,26,1,[8 2],34,35,36,1,34
1,<environment.Job instance at 0x14ea4fa513c0>,22,13,[2 9],30,35,48,5,35
1,<environment.Job instance at 0x14ea4fa511e0>,27,15,[5 1],35,37,52,2,37
1,<environment.Job instance at 0x14ea4fa51e10>,29,2,[ 1 10],40,48,50,8,40
1,<environment.Job instance at 0x14ea4fa519b0>,28,18,[1 8],36,50,68,14,42
1,<environment.Job instance at 0x14ea4fa51cd0>,32,3,[2 5],43,51,54,8,51
1,<environment.Job instance at 0x14ea4f7e1f50>,33,1,[8 1],44,52,53,8,51
1,<environment.Job instance at 0x14ea4f7e13c0>,34,3,[5 2],46,53,56,7,51
1,<environment.Job instance at 0x14ea4f7e12d0>,35,15,[9 2],47,54,69,7,51
1,<environment.Job instance at 0x14ea4f7e1190>,36,18,[2 6],48,68,86,20,57
1,<environment.Job instance at 0x14ea4f7e1550>,37,1,[1 6],49,68,69,19,65
1,<environment.Job instance at 0x14ea4f7e1280>,38,1,[1 7],50,69,70,19,66
1,<environment.Job instance at 0x14ea4faa7b40>,39,3,[9 1],53,69,72,16,66
1,<environment.Job instance at 0x14ea4fcf9280>,40,3,[12  1],54,72,75,18,69
1,<environment.Job instance at 0x14ea4fcf9910>,41,1,[1 8],56,71,72,15,71
1,<environment.Job instance at 0x14ea4fcf9f00>,42,15,[1 6],57,72,87,15,71
1,<environment.Job instance at 0x14ea4fcf9b40>,43,3,[7 2],58,75,78,17,72
1,<environment.Job instance at 0x14ea4fcf91e0>,44,2,[1 8],59,86,88,27,72
1,<environment.Job instance at 0x14ea4fcf9140>,45,3,[1 7],61,87,90,26,72
1,<environment.Job instance at 0x14ea4fcf9050>,46,13,[ 1 14],62,90,103,28,74
1,<environment.Job instance at 0x14ea4fcfb5f0>,16,3,[2 8],22,103,106,81,89
1,<environment.Job instance at 0x14ea4f560be0>,48,3,[1 9],64,106,109,42,97
1,<environment.Job instance at 0x14ea4f560e60>,49,2,[7 2],65,104,106,39,104
1,<environment.Job instance at 0x14ea4f560dc0>,50,12,[6 1],66,108,120,42,108
1,<environment.Job instance at 0x14ea4fcf90f0>,47,27,[1 8],63,109,136,46,108
1,<environment.Job instance at 0x14ea51ead410>,53,15,[1 7],75,120,135,45,108
1,<environment.Job instance at 0x14ea51ea3fa0>,54,3,[ 2 10],76,136,139,60,110
1,<environment.Job instance at 0x14ea56844870>,55,2,[1 9],78,139,141,61,112
1,<environment.Job instance at 0x14ea56844e10>,56,2,[ 2 10],81,141,143,60,114
1,<environment.Job instance at 0x14ea565c8190>,57,3,[5 2],82,114,117,32,114
1,<environment.Job instance at 0x14ea565c8820>,58,15,[2 7],83,143,158,60,129
1,<environment.Job instance at 0x14ea565c8c80>,59,2,[ 2 10],84,158,160,74,131
1,<environment.Job instance at 0x14ea51e31280>,60,2,[2 9],85,160,162,75,133
1,<environment.Job instance at 0x14ea56eb23c0>,61,17,[ 2 10],86,162,179,76,150
1,<environment.Job instance at 0x14ea565e4640>,62,19,[ 1 10],88,179,198,91,169
1,<environment.Job instance at 0x14ea56843a50>,63,2,[9 1],89,169,171,80,169
1,<environment.Job instance at 0x14ea56843870>,64,3,[5 2],90,171,174,81,169
1,<environment.Job instance at 0x14ea565e1960>,65,2,[ 1 10],91,198,200,107,171
1,<environment.Job instance at 0x14ea56843cd0>,66,13,[ 2 10],92,200,213,108,184
1,<environment.Job instance at 0x14ea56849fa0>,67,1,[1 7],93,213,214,120,185
1,<environment.Job instance at 0x14ea5655dc30>,68,1,[2 9],94,214,215,120,186
1,<environment.Job instance at 0x14ea56849b40>,69,15,[1 7],95,215,230,120,201
1,<environment.Job instance at 0x14ea5659bb90>,70,3,[ 2 10],97,230,233,133,204
1,<environment.Job instance at 0x14ea56543050>,71,14,[10  1],99,204,218,105,204
1,<environment.Job instance at 0x14ea56543870>,72,12,[7 1],100,218,230,118,204
1,<environment.Job instance at 0x14ea565c2500>,73,2,[8 2],101,230,232,129,204
1,<environment.Job instance at 0x14ea565430f0>,74,3,[8 1],102,232,235,130,206
1,<environment.Job instance at 0x14ea565c2140>,75,2,[2 5],103,213,215,110,206
1,<environment.Job instance at 0x14ea565a3640>,76,3,[6 1],104,218,221,114,206
1,<environment.Job instance at 0x14ea565a30a0>,77,2,[10  1],105,235,237,130,208
1,<environment.Job instance at 0x14ea565a3be0>,78,3,[ 2 10],107,233,236,126,208
1,<environment.Job instance at 0x14ea565a3780>,79,18,[8 1],108,237,255,129,226
1,<environment.Job instance at 0x14ea565a3910>,80,16,[1 6],109,236,252,127,226
1,<environment.Job instance at 0x14ea5661bd70>,51,28,[2 8],69,257,285,188,257
1,<environment.Job instance at 0x14ea4fa51f50>,21,17,[1 9],29,590,607,561,590
1,<environment.Job instance at 0x14ea1ab0e780>,2,1,[2 6],3,3,4,0,3
1,<environment.Job instance at 0x14ea1abc6960>,5,1,[9 1],11,11,12,0,11
1,<environment.Job instance at 0x14ea1abc6c30>,7,2,[6 2],13,13,15,0,13
1,<environment.Job instance at 0x14ea1abc6500>,8,1,[9 1],15,15,16,0,15
1,<environment.Job instance at 0x14ea1abc6730>,10,1,[ 1 10],17,17,18,0,17
1,<environment.Job instance at 0x14ea1abc6e10>,11,2,[1 5],19,19,21,0,19
1,<environment.Job instance at 0x14ea1abc6550>,15,1,[2 6],26,26,27,0,26
1,<environment.Job instance at 0x14ea4c092e60>,16,2,[1 6],27,27,29,0,27
1,<environment.Job instance at 0x14ea4c092eb0>,18,1,[2 8],32,32,33,0,32
1,<environment.Job instance at 0x14ea4c092be0>,23,3,[8 1],42,42,45,0,42
1,<environment.Job instance at 0x14ea4c092730>,24,1,[7 2],43,43,44,0,43
1,<environment.Job instance at 0x14ea4c092b40>,25,2,[5 2],44,44,46,0,44
1,<environment.Job instance at 0x14ea4c092410>,26,2,[ 2 12],46,46,48,0,46
1,<environment.Job instance at 0x14ea4c0925a0>,27,14,[6 1],47,47,61,0,47
1,<environment.Job instance at 0x14ea1a6aa910>,13,12,[2 9],23,23,35,0,23
1,<environment.Job instance at 0x14ea1a6aa780>,14,3,[5 2],24,24,27,0,24
1,<environment.Job instance at 0x14ea1a6aad20>,15,2,[ 2 10],25,35,37,10,25
1,<environment.Job instance at 0x14ea1a6aaeb0>,16,15,[8 2],26,26,41,0,26
1,<environment.Job instance at 0x14ea513292d0>,18,2,[ 2 12],30,37,39,7,31
1,<environment.Job instance at 0x14ea51329140>,20,3,[2 7],33,39,42,6,33
1,<environment.Job instance at 0x14ea51329d70>,22,2,[8 1],38,87,89,49,87
1,<environment.Job instance at 0x14ea1a685460>,34,1,[6 2],55,87,88,32,87
1,<environment.Job instance at 0x14ea1a685730>,35,3,[2 7],56,88,91,32,87
1,<environment.Job instance at 0x14ea1a685dc0>,36,14,[7 2],57,89,103,32,87
1,<environment.Job instance at 0x14ea1a6858c0>,37,2,[ 1 10],59,91,93,32,87
1,<environment.Job instance at 0x14ea1a5db2d0>,38,3,[10  2],60,103,106,43,87
1,<environment.Job instance at 0x14ea1a5dbd70>,39,2,[2 9],61,93,95,32,87
1,<environment.Job instance at 0x14ea4c114780>,40,3,[9 1],64,106,109,42,88
1,<environment.Job instance at 0x14ea4c1146e0>,41,18,[6 2],66,120,138,54,120
1,<environment.Job instance at 0x14ea4c1149b0>,47,2,[10  2],75,138,140,63,121
1,<environment.Job instance at 0x14ea4c03b410>,56,14,[1 6],89,146,160,57,146
1,<environment.Job instance at 0x14ea4c03beb0>,59,26,[9 1],94,148,174,54,148
1,<environment.Job instance at 0x14ea4c03b460>,60,2,[2 9],95,240,242,145,240
1,<environment.Job instance at 0x14ea4c03bd70>,1,1,[2 6],3,3,4,0,3
1,<environment.Job instance at 0x14ea1a555a50>,9,1,[1 8],15,15,16,0,15
1,<environment.Job instance at 0x14ea1a6f2050>,27,3,[ 2 11],40,40,43,0,40
1,<environment.Job instance at 0x14ea1a6f2230>,28,2,[1 7],41,43,45,2,41
1,<environment.Job instance at 0x14ea56ed1af0>,29,1,[1 5],42,43,44,1,42
1,<environment.Job instance at 0x14ea1a5518c0>,23,14,[14  1],32,44,58,12,43
1,<environment.Job instance at 0x14ea1a91feb0>,33,2,[ 1 10],46,46,48,0,46
1,<environment.Job instance at 0x14ea1a662e10>,34,17,[2 9],47,58,75,11,47
1,<environment.Job instance at 0x14ea4c156280>,35,15,[7 2],48,58,73,10,48
1,<environment.Job instance at 0x14ea4fcfc820>,39,3,[2 8],52,75,78,23,53
1,<environment.Job instance at 0x14ea4fcfc5f0>,40,2,[2 8],53,78,80,25,53
1,<environment.Job instance at 0x14ea51469eb0>,41,3,[5 2],56,58,61,2,56
1,<environment.Job instance at 0x14ea51469b90>,42,1,[6 2],58,61,62,3,58
1,<environment.Job instance at 0x14ea514693c0>,43,2,[2 8],59,80,82,21,59
1,<environment.Job instance at 0x14ea1a4a1960>,44,1,[6 2],61,62,63,1,61
1,<environment.Job instance at 0x14ea51469410>,45,1,[2 9],62,82,83,20,62
1,<environment.Job instance at 0x14ea51e41f50>,38,2,[1 8],51,83,85,32,65
1,<environment.Job instance at 0x14ea56f5c0f0>,47,2,[10  1],64,73,75,9,65
1,<environment.Job instance at 0x14ea4f7e4be0>,48,2,[2 7],66,75,77,9,66
1,<environment.Job instance at 0x14ea4f7be050>,49,1,[5 2],67,67,68,0,67
1,<environment.Job instance at 0x14ea1a41f730>,50,1,[2 5],68,73,74,5,68
1,<environment.Job instance at 0x14ea520fbaa0>,51,2,[ 1 10],70,85,87,15,70
1,<environment.Job instance at 0x14ea1a41a500>,52,3,[2 5],71,77,80,6,71
1,<environment.Job instance at 0x14ea4c18a730>,53,12,[6 1],72,77,89,5,72
1,<environment.Job instance at 0x14ea56844960>,56,2,[7 1],77,80,82,3,77
1,<environment.Job instance at 0x14ea1a522dc0>,57,1,[7 2],78,82,83,4,78
1,<environment.Job instance at 0x14ea1a522e10>,58,3,[10  2],79,89,92,10,79
1,<environment.Job instance at 0x14ea1a522460>,59,2,[5 2],80,83,85,3,80
1,<environment.Job instance at 0x14ea1a460820>,64,17,[9 2],88,92,109,4,88
1,<environment.Job instance at 0x14ea1a460640>,65,1,[6 2],89,92,93,3,89
1,<environment.Job instance at 0x14ea1a460190>,66,2,[1 5],90,90,92,0,90
1,<environment.Job instance at 0x14ea1a4f9f00>,67,1,[1 7],91,91,92,0,91
1,<environment.Job instance at 0x14ea1a4f9c80>,68,3,[2 7],92,93,96,1,92
1,<environment.Job instance at 0x14ea1a4f9050>,69,2,[1 5],93,93,95,0,93
1,<environment.Job instance at 0x14ea1a4f95a0>,70,1,[1 9],95,96,97,1,95
1,<environment.Job instance at 0x14ea1a4f9870>,71,1,[2 5],96,97,98,1,96
1,<environment.Job instance at 0x14ea1a4f9eb0>,72,15,[7 1],97,128,143,31,128
1,<environment.Job instance at 0x14ea1a4f9410>,73,1,[2 6],98,144,145,46,144
1,<environment.Job instance at 0x14ea1a73e230>,74,1,[2 8],100,145,146,45,145
1,<environment.Job instance at 0x14ea1a73e500>,75,1,[2 6],101,145,146,44,145
1,<environment.Job instance at 0x14ea1a73ea00>,76,3,[1 7],103,146,149,43,145
1,<environment.Job instance at 0x14ea1a526c80>,77,17,[2 7],104,146,163,42,145
1,<environment.Job instance at 0x14ea1a526050>,78,14,[1 6],105,149,163,44,145
1,<environment.Job instance at 0x14ea1a526140>,79,17,[9 1],106,145,162,39,145
1,<environment.Job instance at 0x14ea1a5267d0>,80,3,[5 1],107,162,165,55,145
1,<environment.Job instance at 0x14ea1a5260f0>,81,1,[10  1],108,163,164,55,145
1,<environment.Job instance at 0x14ea1a526500>,82,1,[1 8],109,164,165,55,145
1,<environment.Job instance at 0x14ea5651da50>,11,1,[2 5],14,14,15,0,14
1,<environment.Job instance at 0x14ea5651d0f0>,12,14,[2 8],15,15,29,0,15
1,<environment.Job instance at 0x14ea5651dc80>,13,2,[7 1],16,16,18,0,16
1,<environment.Job instance at 0x14ea5651dbe0>,14,3,[7 1],17,18,21,1,17
1,<environment.Job instance at 0x14ea5651dfa0>,15,13,[10  1],18,21,34,3,18
1,<environment.Job instance at 0x14ea5651de60>,17,1,[ 2 10],20,29,30,9,20
1,<environment.Job instance at 0x14ea5651de10>,18,2,[10  2],22,34,36,12,22
1,<environment.Job instance at 0x14ea5651daf0>,19,3,[7 1],26,36,39,10,26
1,<environment.Job instance at 0x14ea5651d410>,20,3,[2 8],27,30,33,3,27
1,<environment.Job instance at 0x14ea565205f0>,21,3,[1 9],28,33,36,5,28
1,<environment.Job instance at 0x14ea56520140>,22,16,[10  1],29,39,55,10,29
1,<environment.Job instance at 0x14ea56520460>,25,12,[7 1],34,55,67,21,47
1,<environment.Job instance at 0x14ea5651d190>,16,25,[12  1],19,67,92,48,63
1,<environment.Job instance at 0x14ea56520e60>,26,3,[10  1],37,92,95,55,72
1,<environment.Job instance at 0x14ea1a755550>,40,16,[1 5],61,76,92,15,76
1,<environment.Job instance at 0x14ea50546dc0>,42,3,[2 9],64,76,79,12,76
1,<environment.Job instance at 0x14ea50546fa0>,43,1,[10  2],65,95,96,30,76
1,<environment.Job instance at 0x14ea50546780>,46,2,[ 1 10],70,92,94,22,77
1,<environment.Job instance at 0x14ea514430a0>,47,16,[ 2 10],72,94,110,22,81
1,<environment.Job instance at 0x14ea514433c0>,48,3,[10  2],73,96,99,23,81
1,<environment.Job instance at 0x14ea514437d0>,49,2,[1 6],77,81,83,4,81
1,<environment.Job instance at 0x14ea56f28190>,50,3,[1 9],78,83,86,5,81
1,<environment.Job instance at 0x14ea51443dc0>,51,16,[2 7],81,110,126,29,97
1,<environment.Job instance at 0x14ea1a7e36e0>,53,3,[10  2],84,99,102,15,97
1,<environment.Job instance at 0x14ea565a2550>,55,1,[2 8],89,110,111,21,107
1,<environment.Job instance at 0x14ea521ad6e0>,60,2,[5 2],94,107,109,13,107
1,<environment.Job instance at 0x14ea521ad780>,61,27,[1 7],95,111,138,16,109
1,<environment.Job instance at 0x14ea1aae3320>,62,21,[1 8],96,126,147,30,118
1,<environment.Job instance at 0x14ea4fa208c0>,64,2,[6 1],99,118,120,19,118
1,<environment.Job instance at 0x14ea51247b40>,65,2,[ 1 10],100,147,149,47,120
1,<environment.Job instance at 0x14ea4fa06a50>,66,3,[9 2],102,138,141,36,120
1,<environment.Job instance at 0x14ea584fa780>,67,2,[5 1],103,120,122,17,120
1,<environment.Job instance at 0x14ea1a6d10a0>,68,17,[1 9],104,149,166,45,137
1,<environment.Job instance at 0x14ea584fa690>,70,2,[2 9],107,166,168,59,139
1,<environment.Job instance at 0x14ea4f7e4320>,9,2,[1 8],12,168,170,156,156
1,<environment.Job instance at 0x14ea5651d820>,10,14,[6 1],13,172,186,159,172
1,<environment.Job instance at 0x14ea5146adc0>,17,2,[7 1],31,31,33,0,31
1,<environment.Job instance at 0x14ea5147eeb0>,18,16,[ 1 10],32,32,48,0,32
1,<environment.Job instance at 0x14ea1a5028c0>,19,3,[2 5],34,34,37,0,34
1,<environment.Job instance at 0x14ea51497aa0>,20,1,[8 1],35,37,38,2,35
1,<environment.Job instance at 0x14ea565c2b40>,21,28,[5 1],36,37,65,1,36
1,<environment.Job instance at 0x14ea1a7a6910>,8,1,[ 1 12],16,64,65,48,64
1,<environment.Job instance at 0x14ea50549910>,22,13,[8 2],37,64,77,27,64
1,<environment.Job instance at 0x14ea1a69f960>,24,15,[6 1],39,67,82,28,67
1,<environment.Job instance at 0x14ea4c1c7410>,28,1,[7 1],44,77,78,33,67
1,<environment.Job instance at 0x14ea565f6910>,29,12,[2 8],45,77,89,32,68
1,<environment.Job instance at 0x14ea565f6730>,30,3,[ 1 10],46,68,71,22,68
1,<environment.Job instance at 0x14ea1a9b8730>,31,3,[1 5],47,71,74,24,68
1,<environment.Job instance at 0x14ea565f9d70>,32,3,[2 7],48,82,85,34,68
1,<environment.Job instance at 0x14ea565f9460>,33,13,[2 5],49,85,98,36,69
1,<environment.Job instance at 0x14ea1a89ff00>,35,2,[5 1],51,78,80,27,69
1,<environment.Job instance at 0x14ea1a89fd70>,36,1,[6 2],56,80,81,24,69
1,<environment.Job instance at 0x14ea4c18eeb0>,37,1,[1 9],57,74,75,17,69
1,<environment.Job instance at 0x14ea4c18e0f0>,38,3,[7 1],58,85,88,27,69
1,<environment.Job instance at 0x14ea565f9b90>,34,2,[2 8],50,89,91,39,69
1,<environment.Job instance at 0x14ea1a403230>,42,1,[9 1],65,88,89,23,69
1,<environment.Job instance at 0x14ea1a403050>,43,17,[2 8],66,91,108,25,85
1,<environment.Job instance at 0x14ea56fbffa0>,46,16,[1 6],71,98,114,27,85
1,<environment.Job instance at 0x14ea514146e0>,47,2,[10  2],73,89,91,16,85
1,<environment.Job instance at 0x14ea1aa38a50>,48,3,[1 7],74,108,111,34,85
1,<environment.Job instance at 0x14ea1aa38aa0>,49,14,[9 2],76,108,122,32,93
1,<environment.Job instance at 0x14ea1aa38230>,50,1,[10  2],77,93,94,16,93
1,<environment.Job instance at 0x14ea1aa382d0>,51,2,[7 2],78,94,96,16,93
1,<environment.Job instance at 0x14ea552b9730>,57,2,[1 8],85,114,116,29,93
1,<environment.Job instance at 0x14ea1a7aef00>,59,1,[ 1 10],89,116,117,27,101
1,<environment.Job instance at 0x14ea1aa38280>,52,16,[1 9],79,117,133,38,104
1,<environment.Job instance at 0x14ea1a7ae820>,61,17,[2 9],91,133,150,42,121
1,<environment.Job instance at 0x14ea1a7ae690>,63,2,[6 2],93,122,124,29,121
1,<environment.Job instance at 0x14ea58f695f0>,64,17,[5 2],94,121,138,27,121
1,<environment.Job instance at 0x14ea588bc550>,65,1,[6 1],96,124,125,28,121
1,<environment.Job instance at 0x14ea5684a6e0>,66,12,[ 1 10],97,150,162,53,133
1,<environment.Job instance at 0x14ea584d36e0>,67,3,[2 7],99,162,165,63,136
1,<environment.Job instance at 0x14ea5656dc30>,68,1,[1 6],100,138,139,38,136
1,<environment.Job instance at 0x14ea5656d550>,69,3,[8 2],101,139,142,38,136
1,<environment.Job instance at 0x14ea1a8a3b40>,70,1,[1 7],102,162,163,60,136
1,<environment.Job instance at 0x14ea5656db90>,71,1,[6 2],103,136,137,33,136
1,<environment.Job instance at 0x14ea1aa3f960>,72,2,[2 7],104,163,165,59,136
1,<environment.Job instance at 0x14ea1aa3f280>,73,16,[ 2 10],105,165,181,60,152
1,<environment.Job instance at 0x14ea1aa3fcd0>,75,14,[8 2],107,165,179,58,152
1,<environment.Job instance at 0x14ea1aa3fa00>,76,2,[1 9],109,181,183,72,154
1,<environment.Job instance at 0x14ea1a7a6d70>,15,13,[13  2],27,186,199,159,186
1,<environment.Job instance at 0x14ea56f45f50>,2,1,[8 1],4,4,5,0,4
1,<environment.Job instance at 0x14ea56f45780>,4,1,[10  1],8,8,9,0,8
1,<environment.Job instance at 0x14ea52176050>,5,1,[5 2],9,9,10,0,9
1,<environment.Job instance at 0x14ea56f26820>,7,25,[9 1],11,14,39,3,14
1,<environment.Job instance at 0x14ea51373eb0>,15,2,[2 9],21,22,24,1,22
1,<environment.Job instance at 0x14ea5130f9b0>,16,2,[1 5],22,22,24,0,22
1,<environment.Job instance at 0x14ea56f26960>,10,21,[2 5],15,24,45,9,23
1,<environment.Job instance at 0x14ea5139c820>,19,1,[9 1],26,39,40,13,26
1,<environment.Job instance at 0x14ea565f6190>,22,15,[9 2],30,40,55,10,30
1,<environment.Job instance at 0x14ea51e9abe0>,23,2,[5 2],31,45,47,14,31
1,<environment.Job instance at 0x14ea514615f0>,24,2,[5 1],32,47,49,15,32
1,<environment.Job instance at 0x14ea1a9c9dc0>,25,1,[1 7],33,33,34,0,33
1,<environment.Job instance at 0x14ea1a9c90a0>,26,17,[9 1],36,55,72,19,43
1,<environment.Job instance at 0x14ea56f895a0>,29,1,[2 6],40,43,44,3,43
1,<environment.Job instance at 0x14ea51330820>,30,3,[2 6],41,49,52,8,43
1,<environment.Job instance at 0x14ea56f89730>,31,2,[9 1],42,72,74,30,45
1,<environment.Job instance at 0x14ea1a9c5140>,32,13,[6 1],44,52,65,8,45
1,<environment.Job instance at 0x14ea1a9c7140>,36,2,[ 1 10],48,65,67,17,48
1,<environment.Job instance at 0x14ea1a9c71e0>,37,13,[2 6],49,67,80,18,51
1,<environment.Job instance at 0x14ea1a9c7b40>,38,17,[12  1],50,74,91,24,62
1,<environment.Job instance at 0x14ea1a9c7c30>,39,1,[8 2],53,91,92,38,74
1,<environment.Job instance at 0x14ea56f26d70>,9,21,[ 2 10],14,80,101,66,75
1,<environment.Job instance at 0x14ea1a5d1dc0>,45,1,[5 2],59,91,92,32,75
1,<environment.Job instance at 0x14ea1a5d14b0>,46,1,[7 1],60,92,93,32,75
1,<environment.Job instance at 0x14ea1a573f50>,47,1,[1 8],61,75,76,14,75
1,<environment.Job instance at 0x14ea1a573b90>,48,2,[6 2],62,92,94,30,75
1,<environment.Job instance at 0x14ea565fb690>,50,1,[6 2],65,93,94,28,76
1,<environment.Job instance at 0x14ea1a9c7dc0>,40,17,[7 1],54,94,111,40,82
1,<environment.Job instance at 0x14ea565fb550>,52,2,[ 1 10],68,101,103,33,87
1,<environment.Job instance at 0x14ea565fb7d0>,54,1,[5 1],70,94,95,24,87
1,<environment.Job instance at 0x14ea513272d0>,55,14,[2 9],71,103,117,32,88
1,<environment.Job instance at 0x14ea51327550>,57,3,[10  1],73,111,114,38,108
1,<environment.Job instance at 0x14ea1a9c8050>,60,3,[2 7],76,117,120,41,108
1,<environment.Job instance at 0x14ea1a9c8c30>,61,1,[5 1],77,114,115,37,113
1,<environment.Job instance at 0x14ea1a9c87d0>,62,17,[1 8],78,117,134,39,113
1,<environment.Job instance at 0x14ea1a9c8af0>,63,3,[5 2],79,114,117,35,113
1,<environment.Job instance at 0x14ea1a9c8960>,64,2,[8 2],80,115,117,35,113
1,<environment.Job instance at 0x14ea1a9c8b90>,65,3,[2 8],81,134,137,53,113
1,<environment.Job instance at 0x14ea1a9c8550>,66,2,[2 5],82,120,122,38,114
1,<environment.Job instance at 0x14ea1a9c8d70>,67,13,[7 2],84,120,133,36,114
1,<environment.Job instance at 0x14ea1a9c88c0>,68,22,[8 1],85,133,155,48,126
1,<environment.Job instance at 0x14ea1a9d2be0>,72,17,[1 7],90,137,154,47,126
1,<environment.Job instance at 0x14ea1a9d24b0>,73,3,[7 2],91,154,157,63,133
1,<environment.Job instance at 0x14ea1a9d20f0>,74,2,[2 9],92,155,157,63,133
1,<environment.Job instance at 0x14ea1a9d2730>,75,2,[2 7],93,137,139,44,136
1,<environment.Job instance at 0x14ea1a9d2410>,76,18,[6 1],95,155,173,60,144
1,<environment.Job instance at 0x14ea1a9d23c0>,77,15,[2 9],96,157,172,61,144
1,<environment.Job instance at 0x14ea1a9d2140>,78,2,[10  1],97,173,175,76,146
1,<environment.Job instance at 0x14ea1a5d1190>,44,1,[8 2],58,172,173,114,164
1,<environment.Job instance at 0x14ea1a9d28c0>,80,1,[ 1 14],100,173,174,73,166
1,<environment.Job instance at 0x14ea1a9d2820>,79,22,[2 6],99,174,196,75,167
1,<environment.Job instance at 0x14ea1a9d2eb0>,83,2,[9 1],104,175,177,71,167
1,<environment.Job instance at 0x14ea1a9d2af0>,84,19,[1 5],106,174,193,68,167
1,<environment.Job instance at 0x14ea1a9d29b0>,85,1,[8 1],107,177,178,70,167
1,<environment.Job instance at 0x14ea1a9d2aa0>,86,1,[5 1],109,167,168,58,167
1,<environment.Job instance at 0x14ea1a9d2910>,81,16,[6 2],101,197,213,96,197
1,<environment.Job instance at 0x14ea1a96cc80>,59,1,[13  1],75,257,258,182,257
1,<environment.Job instance at 0x14ea5130f0a0>,14,15,[6 1],20,277,292,257,277
1,<environment.Job instance at 0x14ea1a3f50f0>,4,1,[6 1],7,204,205,197,204
1,<environment.Job instance at 0x14ea1a3f5140>,5,2,[6 1],9,214,216,205,214
1,<environment.Job instance at 0x14ea1a3f52d0>,6,17,[1 7],10,307,324,297,307
1,<environment.Job instance at 0x14ea1a3f53c0>,7,15,[10  2],14,479,494,465,479
1,<environment.Job instance at 0x14ea1a3f5370>,8,2,[7 2],15,494,496,479,490
1,<environment.Job instance at 0x14ea1a3f5320>,9,1,[1 5],17,492,493,475,492
1,<environment.Job instance at 0x14ea1a3f5550>,10,14,[5 2],19,493,507,474,492
1,<environment.Job instance at 0x14ea1a3f5500>,11,27,[5 1],20,498,525,478,498
1,<environment.Job instance at 0x14ea1a3f55f0>,12,15,[14  1],21,525,540,504,516
1,<environment.Job instance at 0x14ea1a3f5690>,13,2,[1 9],22,536,538,514,536
1,<environment.Job instance at 0x14ea1a3f5730>,14,14,[1 6],23,1266,1280,1243,1266
1,<environment.Job instance at 0x14ea1a3f55a0>,15,1,[1 8],24,1369,1370,1345,1369
1,<environment.Job instance at 0x14ea1a3f5820>,16,1,[2 9],26,1387,1388,1361,1387
1,<environment.Job instance at 0x14ea1a3f58c0>,17,2,[10  2],27,1412,1414,1385,1412
1,<environment.Job instance at 0x14ea1a3f5af0>,18,1,[6 1],30,1551,1552,1521,1551
1,<environment.Job instance at 0x14ea1a3f5a50>,19,1,[7 2],32,1873,1874,1841,1873
1,<environment.Job instance at 0x14ea1a3f5a00>,20,2,[2 7],33,1981,1983,1948,1981
1,<environment.Job instance at 0x14ea1a3f5b90>,21,3,[2 5],34,1988,1991,1954,1988
1,<environment.Job instance at 0x14ea1a3f5be0>,22,25,[6 1],35,2060,2085,2025,2060
1,<environment.Job instance at 0x14ea1a3f5c30>,23,12,[5 2],37,2080,2092,2043,2080
1,<environment.Job instance at 0x14ea1a3f5d20>,24,1,[10  1],38,2269,2270,2231,2269
1,<environment.Job instance at 0x14ea1a3f5f50>,25,3,[10  1],41,2326,2329,2285,2326
1,<environment.Job instance at 0x14ea1a3f5f00>,26,2,[ 2 10],42,2326,2328,2284,2326
1,<environment.Job instance at 0x14ea1a3f5e60>,27,3,[9 2],43,2329,2332,2286,2327
1,<environment.Job instance at 0x14ea1a3f5fa0>,28,1,[1 9],44,2425,2426,2381,2425
1,<environment.Job instance at 0x14ea1a377140>,29,1,[8 2],47,2552,2553,2505,2552
1,<environment.Job instance at 0x14ea56f2b7d0>,0,1,[1 9],1,1,2,0,1
1,<environment.Job instance at 0x14ea56f2bb40>,2,1,[6 1],3,3,4,0,3
1,<environment.Job instance at 0x14ea51382e60>,6,1,[9 2],7,7,8,0,7
1,<environment.Job instance at 0x14ea51382910>,8,26,[1 6],11,12,38,1,12
1,<environment.Job instance at 0x14ea51299320>,15,2,[7 2],21,24,26,3,24
1,<environment.Job instance at 0x14ea512995a0>,16,3,[6 1],23,24,27,1,24
1,<environment.Job instance at 0x14ea56f65d20>,17,2,[10  1],24,27,29,3,24
1,<environment.Job instance at 0x14ea51e01dc0>,18,1,[9 1],25,29,30,4,25
1,<environment.Job instance at 0x14ea1a5ff460>,19,3,[5 1],26,29,32,3,26
1,<environment.Job instance at 0x14ea1a5ffc30>,21,3,[12  1],29,44,47,15,44
1,<environment.Job instance at 0x14ea513f57d0>,24,3,[9 1],36,47,50,11,46
1,<environment.Job instance at 0x14ea513f5b90>,25,13,[2 5],38,48,61,10,48
1,<environment.Job instance at 0x14ea513f58c0>,28,2,[9 2],43,50,52,7,48
1,<environment.Job instance at 0x14ea1a57d550>,29,1,[ 2 10],47,52,53,5,50
1,<environment.Job instance at 0x14ea51d95320>,31,13,[ 2 11],50,61,74,11,53
1,<environment.Job instance at 0x14ea5653cd70>,37,2,[5 2],63,70,72,7,70
1,<environment.Job instance at 0x14ea5653ceb0>,38,2,[7 2],64,70,72,6,70
1,<environment.Job instance at 0x14ea5653c820>,39,2,[5 2],66,72,74,6,70
1,<environment.Job instance at 0x14ea552a8af0>,40,1,[ 2 10],67,74,75,7,70
1,<environment.Job instance at 0x14ea5653ca00>,41,1,[6 2],68,72,73,4,70
1,<environment.Job instance at 0x14ea552a84b0>,42,2,[ 1 12],69,75,77,6,70
1,<environment.Job instance at 0x14ea5653cdc0>,32,3,[1 8],51,77,80,26,76
1,<environment.Job instance at 0x14ea552a85f0>,44,2,[5 2],71,130,132,59,130
1,<environment.Job instance at 0x14ea51442b90>,46,3,[2 8],73,130,133,57,130
1,<environment.Job instance at 0x14ea51442730>,47,3,[8 2],75,130,133,55,130
1,<environment.Job instance at 0x14ea51442f00>,48,1,[ 2 10],76,133,134,57,133
1,<environment.Job instance at 0x14ea514422d0>,49,2,[1 6],77,134,136,57,133
1,<environment.Job instance at 0x14ea51442910>,50,2,[8 1],78,133,135,55,133
1,<environment.Job instance at 0x14ea552c35a0>,51,1,[2 7],80,134,135,54,133
1,<environment.Job instance at 0x14ea4f9f35a0>,52,2,[1 8],81,135,137,54,133
1,<environment.Job instance at 0x14ea552c3be0>,53,13,[7 1],82,135,148,53,133
1,<environment.Job instance at 0x14ea4f9f3820>,54,3,[ 2 10],85,147,150,62,147
1,<environment.Job instance at 0x14ea4c0a6dc0>,55,2,[2 7],86,150,152,64,147
1,<environment.Job instance at 0x14ea4c0a6f00>,56,22,[ 2 10],87,152,174,65,148
1,<environment.Job instance at 0x14ea4c0a65f0>,57,2,[10  2],88,148,150,60,148
1,<environment.Job instance at 0x14ea4c0a6a00>,58,2,[1 7],89,150,152,61,149
1,<environment.Job instance at 0x14ea4c0a6be0>,59,3,[2 8],90,174,177,84,150
1,<environment.Job instance at 0x14ea4c0a6c30>,60,2,[6 2],91,152,154,61,150
1,<environment.Job instance at 0x14ea4c0a6500>,61,1,[7 1],94,150,151,56,150
1,<environment.Job instance at 0x14ea4c0a6230>,62,2,[5 2],95,154,156,59,154
1,<environment.Job instance at 0x14ea4c0a6eb0>,63,15,[1 9],96,177,192,81,163
1,<environment.Job instance at 0x14ea4c0a62d0>,65,2,[ 1 10],98,192,194,94,170
1,<environment.Job instance at 0x14ea51299f00>,13,1,[5 2],18,362,363,344,362
1,<environment.Job instance at 0x14ea4c0a6910>,64,3,[6 1],97,400,403,303,400
1,<environment.Job instance at 0x14ea1a6e92d0>,5,21,[6 1],10,10,31,0,10
1,<environment.Job instance at 0x14ea521bc410>,11,1,[1 7],20,775,776,755,775
1,<environment.Job instance at 0x14ea521bcd20>,12,12,[2 8],21,1764,1776,1743,1764
1,<environment.Job instance at 0x14ea521bc7d0>,13,27,[5 2],22,2279,2306,2257,2279
1,<environment.Job instance at 0x14ea521bc640>,14,27,[1 9],23,2301,2328,2278,2301
1,<environment.Job instance at 0x14ea521bcf00>,15,1,[9 1],24,2539,2540,2515,2539
1,<environment.Job instance at 0x14ea56f231e0>,2,1,[6 1],5,5,6,0,5
1,<environment.Job instance at 0x14ea5147a190>,0,1,[1 5],1,1,2,0,1
1,<environment.Job instance at 0x14ea5147a0f0>,2,1,[2 8],4,4,5,0,4
1,<environment.Job instance at 0x14ea1a2e6410>,5,2,[ 2 13],9,13,15,4,13
1,<environment.Job instance at 0x14ea1a2e6960>,10,3,[6 2],16,16,19,0,16
1,<environment.Job instance at 0x14ea1a2e6730>,11,16,[ 1 11],17,17,33,0,17
1,<environment.Job instance at 0x14ea1a2e6aa0>,12,1,[2 6],18,33,34,15,18
1,<environment.Job instance at 0x14ea1a2e6a00>,13,1,[1 5],20,33,34,13,20
1,<environment.Job instance at 0x14ea1a2e6050>,14,2,[2 8],21,34,36,13,21
1,<environment.Job instance at 0x14ea1a2e6c80>,15,24,[2 9],22,36,60,14,31
1,<environment.Job instance at 0x14ea1a2e6f00>,16,3,[2 5],25,34,37,9,31
1,<environment.Job instance at 0x14ea1a2e63c0>,17,18,[5 2],27,37,55,10,31
1,<environment.Job instance at 0x14ea1a2e6e10>,18,1,[1 6],28,55,56,27,31
1,<environment.Job instance at 0x14ea513d81e0>,21,3,[2 7],32,60,63,28,34
1,<environment.Job instance at 0x14ea513d8050>,22,1,[10  1],36,36,37,0,36
1,<environment.Job instance at 0x14ea513d8550>,23,3,[10  1],37,56,59,19,37
1,<environment.Job instance at 0x14ea513d8c30>,24,2,[6 1],38,38,40,0,38
1,<environment.Job instance at 0x14ea513d8460>,25,3,[1 5],39,56,59,17,39
1,<environment.Job instance at 0x14ea513d8eb0>,26,2,[10  2],40,59,61,19,40
1,<environment.Job instance at 0x14ea513d8370>,27,1,[9 1],41,61,62,20,41
1,<environment.Job instance at 0x14ea513d8a50>,28,1,[1 8],42,62,63,20,42
1,<environment.Job instance at 0x14ea565a9190>,29,25,[9 1],43,63,88,20,59
1,<environment.Job instance at 0x14ea565a91e0>,30,3,[2 7],44,63,66,19,61
1,<environment.Job instance at 0x14ea1a2e6c30>,7,28,[2 5],13,63,91,50,62
1,<environment.Job instance at 0x14ea565a9cd0>,36,1,[6 2],51,88,89,37,62
1,<environment.Job instance at 0x14ea565a9c80>,37,1,[9 1],52,89,90,37,62
1,<environment.Job instance at 0x14ea565a9af0>,38,1,[2 5],54,66,67,12,62
1,<environment.Job instance at 0x14ea565a98c0>,40,1,[2 7],58,67,68,9,62
1,<environment.Job instance at 0x14ea1a84ef50>,41,2,[ 1 14],60,91,93,31,64
1,<environment.Job instance at 0x14ea565a94b0>,42,1,[7 2],61,88,89,27,64
1,<environment.Job instance at 0x14ea565a9410>,31,1,[7 1],45,90,91,45,64
1,<environment.Job instance at 0x14ea1a871190>,45,1,[2 5],64,68,69,4,64
1,<environment.Job instance at 0x14ea1a871690>,46,2,[1 5],66,69,71,3,66
1,<environment.Job instance at 0x14ea1a871c30>,47,3,[2 8],67,71,74,4,67
1,<environment.Job instance at 0x14ea1a871460>,48,17,[10  1],68,91,108,23,82
1,<environment.Job instance at 0x14ea1a843dc0>,57,16,[2 6],78,103,119,25,103
1,<environment.Job instance at 0x14ea1a843c30>,65,22,[2 9],93,108,130,15,106
1,<environment.Job instance at 0x14ea5146baf0>,70,1,[ 1 12],104,130,131,26,117
1,<environment.Job instance at 0x14ea5146bd70>,67,14,[2 5],97,131,145,34,121
1,<environment.Job instance at 0x14ea565a9870>,32,2,[7 2],46,169,171,123,169
1,<environment.Job instance at 0x14ea4fd150a0>,2,2,[13  1],4,10,12,6,10
1,<environment.Job instance at 0x14ea1a139280>,6,2,[6 2],8,13,15,5,13
1,<environment.Job instance at 0x14ea56fa2730>,11,1,[7 1],23,23,24,0,23
1,<environment.Job instance at 0x14ea1a532be0>,17,1,[7 2],30,30,31,0,30
1,<environment.Job instance at 0x14ea1a8c20a0>,21,1,[1 9],36,36,37,0,36
1,<environment.Job instance at 0x14ea5215d4b0>,23,1,[1 8],38,38,39,0,38
1,<environment.Job instance at 0x14ea4fab7960>,24,20,[7 2],39,39,59,0,39
1,<environment.Job instance at 0x14ea1a83cd70>,19,3,[9 2],34,59,62,25,48
1,<environment.Job instance at 0x14ea51240320>,35,12,[ 1 14],52,62,74,10,58
1,<environment.Job instance at 0x14ea1a8a96e0>,36,1,[5 2],53,74,75,21,62
1,<environment.Job instance at 0x14ea1a5be460>,34,1,[ 1 13],51,74,75,23,74
1,<environment.Job instance at 0x14ea1a8a98c0>,37,12,[2 9],54,75,87,21,75
1,<environment.Job instance at 0x14ea1a1ce6e0>,39,2,[5 1],64,78,80,14,78
1,<environment.Job instance at 0x14ea1a1cedc0>,40,2,[1 6],65,80,82,15,80
1,<environment.Job instance at 0x14ea1a1ce230>,41,2,[1 8],66,87,89,21,84
1,<environment.Job instance at 0x14ea1a696c30>,42,1,[6 1],67,84,85,17,84
1,<environment.Job instance at 0x14ea1a1ce0a0>,38,1,[11  1],63,87,88,24,87
1,<environment.Job instance at 0x14ea1a6969b0>,43,18,[10  2],69,88,106,19,87
1,<environment.Job instance at 0x14ea1a1fe460>,49,3,[1 7],75,103,106,28,103
1,<environment.Job instance at 0x14ea4fa03be0>,56,1,[1 8],88,106,107,18,103
1,<environment.Job instance at 0x14ea4fa03dc0>,57,12,[7 2],89,106,118,17,106
1,<environment.Job instance at 0x14ea5863cd70>,58,13,[1 9],90,115,128,25,115
1,<environment.Job instance at 0x14ea5863cc80>,59,2,[7 2],91,115,117,24,115
1,<environment.Job instance at 0x14ea5863cf50>,60,1,[ 2 10],92,128,129,36,115
1,<environment.Job instance at 0x14ea4c0816e0>,61,16,[1 7],93,129,145,36,116
1,<environment.Job instance at 0x14ea4c081780>,63,3,[10  1],97,118,121,21,116
1,<environment.Job instance at 0x14ea4c081e60>,64,1,[9 2],98,121,122,23,116
1,<environment.Job instance at 0x14ea4c081b90>,65,17,[8 1],99,122,139,23,117
1,<environment.Job instance at 0x14ea4c0812d0>,66,2,[1 5],100,141,143,41,141
1,<environment.Job instance at 0x14ea4c081190>,68,2,[10  2],102,141,143,39,141
1,<environment.Job instance at 0x14ea4c081f50>,69,15,[9 1],104,143,158,39,141
1,<environment.Job instance at 0x14ea4c0817d0>,70,1,[1 5],105,143,144,38,143
1,<environment.Job instance at 0x14ea1a2e6140>,5,3,[8 1],7,170,173,163,170
1,<environment.Job instance at 0x14ea52154b40>,4,1,[5 1],6,350,351,344,350
1,<environment.Job instance at 0x14ea5650c2d0>,3,1,[12  2],5,525,526,520,525
1,<environment.Job instance at 0x14ea1a8c7640>,2,2,[10  1],4,4,6,0,4
1,<environment.Job instance at 0x14ea1a8c70f0>,3,1,[ 1 10],7,7,8,0,7
1,<environment.Job instance at 0x14ea1ab5aeb0>,4,1,[5 2],8,8,9,0,8
1,<environment.Job instance at 0x14ea1ab5a5f0>,5,1,[8 1],9,9,10,0,9
1,<environment.Job instance at 0x14ea1ab63190>,21,2,[10  1],36,95,97,59,95
1,<environment.Job instance at 0x14ea5656d320>,2,1,[8 1],3,3,4,0,3
1,<environment.Job instance at 0x14ea5656d2d0>,3,3,[1 6],4,4,7,0,4
1,<environment.Job instance at 0x14ea1a7aaa00>,4,2,[1 9],7,7,9,0,7
1,<environment.Job instance at 0x14ea511a9460>,10,3,[2 8],16,16,19,0,16
1,<environment.Job instance at 0x14ea511a9640>,11,2,[9 1],18,18,20,0,18
1,<environment.Job instance at 0x14ea511a9370>,13,1,[1 9],20,20,21,0,20
1,<environment.Job instance at 0x14ea511a9dc0>,14,1,[1 5],21,21,22,0,21
1,<environment.Job instance at 0x14ea51d39370>,15,26,[2 7],22,22,48,0,22
1,<environment.Job instance at 0x14ea51d39230>,19,1,[2 7],27,27,28,0,27
1,<environment.Job instance at 0x14ea51d399b0>,20,1,[7 2],28,28,29,0,28
1,<environment.Job instance at 0x14ea51d395f0>,21,25,[1 7],29,29,54,0,29
1,<environment.Job instance at 0x14ea51d39190>,22,1,[ 2 10],30,54,55,24,30
1,<environment.Job instance at 0x14ea56561280>,29,2,[1 6],39,48,50,9,39
1,<environment.Job instance at 0x14ea56561cd0>,30,1,[14  1],41,50,51,9,41
1,<environment.Job instance at 0x14ea56561820>,31,3,[10  1],42,42,45,0,42
1,<environment.Job instance at 0x14ea56561f50>,32,3,[10  1],43,45,48,2,43
1,<environment.Job instance at 0x14ea565619b0>,33,1,[8 1],44,48,49,4,44
1,<environment.Job instance at 0x14ea511aba00>,38,1,[ 1 10],52,55,56,3,55
1,<environment.Job instance at 0x14ea511ab6e0>,37,16,[6 1],50,55,71,5,55
1,<environment.Job instance at 0x14ea511ab4b0>,40,1,[8 2],56,56,57,0,56
1,<environment.Job instance at 0x14ea511ab820>,42,1,[10  1],59,71,72,12,59
1,<environment.Job instance at 0x14ea511ab460>,44,2,[8 1],61,61,63,0,61
1,<environment.Job instance at 0x14ea511ab500>,45,1,[5 2],62,63,64,1,62
1,<environment.Job instance at 0x14ea56e91eb0>,60,1,[2 5],78,84,85,6,84
1,<environment.Job instance at 0x14ea552b9410>,59,15,[2 7],77,157,172,80,157
1,<environment.Job instance at 0x14ea1aa535a0>,62,2,[1 9],82,172,174,90,157
1,<environment.Job instance at 0x14ea1a31dd20>,63,2,[2 5],83,160,162,77,160
1,<environment.Job instance at 0x14ea5685adc0>,64,3,[1 5],86,167,170,81,167
1,<environment.Job instance at 0x14ea51df6a50>,65,1,[8 1],87,168,169,81,168
1,<environment.Job instance at 0x14ea58ef1960>,66,2,[8 2],88,169,171,81,169
1,<environment.Job instance at 0x14ea5135c730>,67,14,[9 2],89,171,185,82,170
1,<environment.Job instance at 0x14ea5135c820>,68,2,[5 2],90,182,184,92,182
1,<environment.Job instance at 0x14ea5132b050>,69,3,[1 5],91,183,186,92,183
1,<environment.Job instance at 0x14ea5121f6e0>,70,1,[1 5],93,184,185,91,184
1,<environment.Job instance at 0x14ea56841410>,71,16,[8 1],94,195,211,101,195
1,<environment.Job instance at 0x14ea4c0eeb90>,72,14,[2 8],95,203,217,108,203
1,<environment.Job instance at 0x14ea56841640>,73,15,[8 2],96,224,239,128,224
1,<environment.Job instance at 0x14ea56841910>,74,3,[1 7],98,228,231,130,228
1,<environment.Job instance at 0x14ea1a73ea50>,75,3,[7 1],99,231,234,132,230
1,<environment.Job instance at 0x14ea5131d280>,76,2,[2 7],100,234,236,134,234
1,<environment.Job instance at 0x14ea1a73eaf0>,77,14,[ 2 10],101,237,251,136,237
1,<environment.Job instance at 0x14ea1a853910>,78,1,[1 9],102,251,252,149,242
1,<environment.Job instance at 0x14ea1a52f730>,79,18,[5 2],103,258,276,155,258
1,<environment.Job instance at 0x14ea1aa905a0>,80,2,[1 8],105,264,266,159,264
1,<environment.Job instance at 0x14ea51303af0>,81,16,[1 6],106,266,282,160,266
1,<environment.Job instance at 0x14ea52135cd0>,82,3,[2 6],108,283,286,175,283
1,<environment.Job instance at 0x14ea51de0230>,83,14,[10  1],109,289,303,180,289
1,<environment.Job instance at 0x14ea5661a230>,9,23,[1 5],14,14,37,0,14
1,<environment.Job instance at 0x14ea5661a640>,15,2,[2 8],20,26,28,6,26
1,<environment.Job instance at 0x14ea5661ad70>,20,14,[9 2],29,29,43,0,29
1,<environment.Job instance at 0x14ea5661adc0>,21,16,[8 2],31,43,59,12,31
1,<environment.Job instance at 0x14ea5661afa0>,22,3,[1 5],32,36,39,4,36
1,<environment.Job instance at 0x14ea5661ac30>,19,22,[5 1],26,38,60,12,38
1,<environment.Job instance at 0x14ea566118c0>,29,1,[ 2 10],41,43,44,2,41
1,<environment.Job instance at 0x14ea56611b90>,31,1,[1 5],44,44,45,0,44
1,<environment.Job instance at 0x14ea56611f50>,34,2,[8 1],47,59,61,12,47
1,<environment.Job instance at 0x14ea56611410>,26,2,[2 8],37,50,52,13,50
1,<environment.Job instance at 0x14ea5661d4b0>,38,3,[2 7],51,52,55,1,51
1,<environment.Job instance at 0x14ea5661d5f0>,39,18,[ 2 11],52,55,73,3,52
1,<environment.Job instance at 0x14ea5661d730>,40,2,[1 6],53,73,75,20,53
1,<environment.Job instance at 0x14ea5661d870>,41,16,[1 9],54,73,89,19,60
1,<environment.Job instance at 0x14ea5661d3c0>,42,2,[ 1 13],55,89,91,34,62
1,<environment.Job instance at 0x14ea5661d5a0>,43,13,[8 1],56,75,88,19,62
1,<environment.Job instance at 0x14ea5661d8c0>,44,1,[6 1],57,62,63,5,62
1,<environment.Job instance at 0x14ea5661d960>,45,2,[ 1 10],58,91,93,33,70
1,<environment.Job instance at 0x14ea1a7baeb0>,51,2,[8 2],67,71,73,4,71
1,<environment.Job instance at 0x14ea56634280>,52,2,[11  1],68,88,90,20,71
1,<environment.Job instance at 0x14ea56634c80>,53,1,[8 2],69,90,91,21,71
1,<environment.Job instance at 0x14ea56634780>,54,12,[1 8],70,93,105,23,76
1,<environment.Job instance at 0x14ea1a418320>,58,2,[1 8],77,105,107,28,89
1,<environment.Job instance at 0x14ea515194b0>,59,1,[5 1],78,91,92,13,89
1,<environment.Job instance at 0x14ea56634230>,56,3,[9 1],74,103,106,29,103
1,<environment.Job instance at 0x14ea51dce640>,62,2,[6 2],83,106,108,23,103
1,<environment.Job instance at 0x14ea1a433aa0>,63,2,[1 5],84,103,105,19,103
1,<environment.Job instance at 0x14ea521565a0>,65,1,[9 1],88,107,108,19,103
1,<environment.Job instance at 0x14ea52156b40>,66,2,[9 1],89,108,110,19,103
1,<environment.Job instance at 0x14ea51ea6fa0>,67,2,[6 2],90,108,110,18,103
1,<environment.Job instance at 0x14ea52171230>,68,2,[2 9],92,110,112,18,103
1,<environment.Job instance at 0x14ea1a99b0a0>,61,2,[8 1],81,110,112,29,106
1,<environment.Job instance at 0x14ea521710f0>,71,2,[ 1 10],95,117,119,22,117
1,<environment.Job instance at 0x14ea1a7a2c80>,75,1,[1 5],100,119,120,19,119
1,<environment.Job instance at 0x14ea1a358eb0>,76,3,[2 8],101,119,122,18,119
1,<environment.Job instance at 0x14ea51252730>,77,12,[7 2],102,119,131,17,119
1,<environment.Job instance at 0x14ea521338c0>,78,1,[2 5],104,120,121,16,119
1,<environment.Job instance at 0x14ea51505730>,79,17,[ 1 10],106,122,139,16,120
1,<environment.Job instance at 0x14ea5216a230>,80,3,[1 6],109,139,142,30,120
1,<environment.Job instance at 0x14ea1a3afaf0>,4,3,[1 6],7,7,10,0,7
1,<environment.Job instance at 0x14ea1a3af9b0>,5,2,[1 6],9,9,11,0,9
1,<environment.Job instance at 0x14ea1a3af640>,6,2,[8 1],13,13,15,0,13
1,<environment.Job instance at 0x14ea1a3afdc0>,8,1,[2 8],16,16,17,0,16
1,<environment.Job instance at 0x14ea1a3af870>,9,2,[10  1],17,17,19,0,17
1,<environment.Job instance at 0x14ea1a3a6d70>,21,1,[5 2],37,37,38,0,37
1,<environment.Job instance at 0x14ea1a3a66e0>,22,1,[9 1],38,38,39,0,38
1,<environment.Job instance at 0x14ea1a3a6d20>,23,23,[9 1],40,40,63,0,40
1,<environment.Job instance at 0x14ea1a3a6e10>,20,3,[1 9],36,44,47,8,44
1,<environment.Job instance at 0x14ea1a3a6b40>,27,2,[1 5],44,45,47,1,45
1,<environment.Job instance at 0x14ea1a79a870>,28,1,[2 5],45,47,48,2,45
1,<environment.Job instance at 0x14ea1a3a6f00>,24,14,[10  1],41,63,77,22,49
1,<environment.Job instance at 0x14ea1a79a960>,30,1,[10  1],50,77,78,27,50
1,<environment.Job instance at 0x14ea1a79aeb0>,31,1,[7 1],51,78,79,27,51
1,<environment.Job instance at 0x14ea1a79a4b0>,32,2,[10  1],52,79,81,27,52
1,<environment.Job instance at 0x14ea1a79a2d0>,33,1,[6 2],53,53,54,0,53
1,<environment.Job instance at 0x14ea1a79af50>,34,3,[6 2],54,54,57,0,54
1,<environment.Job instance at 0x14ea1a79a140>,37,18,[2 9],61,61,79,0,61
1,<environment.Job instance at 0x14ea1a79a5f0>,38,13,[2 8],63,79,92,16,63
1,<environment.Job instance at 0x14ea1a79a690>,39,3,[1 9],64,92,95,28,66
1,<environment.Job instance at 0x14ea1a716140>,44,15,[2 7],71,95,110,24,81
1,<environment.Job instance at 0x14ea1a716a50>,48,1,[14  2],76,92,93,16,81
1,<environment.Job instance at 0x14ea1a7161e0>,49,2,[6 2],77,93,95,16,91
1,<environment.Job instance at 0x14ea1a7160f0>,50,13,[6 1],78,93,106,15,92
1,<environment.Job instance at 0x14ea1a7168c0>,51,2,[1 9],79,110,112,31,98
1,<environment.Job instance at 0x14ea1a31f7d0>,52,3,[6 2],80,101,104,21,101
1,<environment.Job instance at 0x14ea512585a0>,54,2,[1 8],83,106,108,23,101
1,<environment.Job instance at 0x14ea51258550>,55,17,[9 1],84,108,125,24,101
1,<environment.Job instance at 0x14ea512580f0>,56,2,[2 8],87,112,114,25,101
1,<environment.Job instance at 0x14ea512584b0>,57,14,[2 8],88,114,128,26,101
1,<environment.Job instance at 0x14ea51258e10>,59,17,[7 2],91,125,142,34,113
1,<environment.Job instance at 0x14ea1a303fa0>,61,2,[10  1],95,142,144,47,115
1,<environment.Job instance at 0x14ea1a3032d0>,62,18,[8 1],97,144,162,47,133
1,<environment.Job instance at 0x14ea1a3a6e60>,17,12,[6 1],30,184,196,154,184
1,<environment.Job instance at 0x14ea1a3a6dc0>,18,18,[1 6],31,1554,1572,1523,1554
1,<environment.Job instance at 0x14ea1a3a6aa0>,1,1,[ 2 10],2,2,3,0,2
1,<environment.Job instance at 0x14ea1aab0280>,7,1,[1 6],12,12,13,0,12
1,<environment.Job instance at 0x14ea1aab0410>,9,1,[8 2],15,15,16,0,15
1,<environment.Job instance at 0x14ea1aab0870>,11,2,[14  1],17,17,19,0,17
1,<environment.Job instance at 0x14ea1aab0a50>,16,14,[1 7],24,24,38,0,24
1,<environment.Job instance at 0x14ea1aab0dc0>,19,1,[2 9],28,38,39,10,28
1,<environment.Job instance at 0x14ea1aa952d0>,20,1,[10  2],29,29,30,0,29
1,<environment.Job instance at 0x14ea1aa95410>,21,2,[5 2],32,32,34,0,32
1,<environment.Job instance at 0x14ea1aa95460>,22,2,[10  1],33,34,36,1,33
1,<environment.Job instance at 0x14ea1aa95690>,23,17,[7 1],35,36,53,1,35
1,<environment.Job instance at 0x14ea1aa95d70>,32,2,[8 1],56,57,59,1,57
1,<environment.Job instance at 0x14ea1aa95e60>,30,3,[6 2],50,59,62,9,59
1,<environment.Job instance at 0x14ea1aa9d550>,35,2,[2 6],60,60,62,0,60
1,<environment.Job instance at 0x14ea1aa9d1e0>,34,14,[10  2],59,62,76,3,61
1,<environment.Job instance at 0x14ea1aa9de60>,44,2,[9 1],77,77,79,0,77
1,<environment.Job instance at 0x14ea1aa9df50>,43,1,[2 8],74,81,82,7,81
1,<environment.Job instance at 0x14ea1aab40f0>,46,13,[7 2],81,82,95,1,82
1,<environment.Job instance at 0x14ea1aab4550>,48,3,[5 2],87,87,90,0,87
1,<environment.Job instance at 0x14ea1aab4820>,51,1,[9 1],91,95,96,4,91
1,<environment.Job instance at 0x14ea1aab4c30>,54,16,[5 2],95,95,111,0,95
1,<environment.Job instance at 0x14ea1aab4e10>,55,13,[ 1 13],96,96,109,0,96
1,<environment.Job instance at 0x14ea1aab4f50>,56,2,[10  1],97,109,111,12,97
1,<environment.Job instance at 0x14ea1aab4fa0>,57,2,[8 1],98,111,113,13,98
1,<environment.Job instance at 0x14ea1aa9a190>,58,3,[2 9],100,111,114,11,100
1,<environment.Job instance at 0x14ea1aa9a320>,59,1,[1 9],101,114,115,13,101
1,<environment.Job instance at 0x14ea1aab4b90>,52,2,[1 7],93,115,117,22,101
1,<environment.Job instance at 0x14ea1aa9a3c0>,61,2,[5 1],103,111,113,8,103
1,<environment.Job instance at 0x14ea1aa9a730>,62,3,[2 5],104,113,116,9,104
1,<environment.Job instance at 0x14ea1aa9a870>,63,1,[6 1],105,113,114,8,105
1,<environment.Job instance at 0x14ea1aa9a9b0>,64,1,[5 2],107,115,116,8,107
1,<environment.Job instance at 0x14ea1aa9aaa0>,65,1,[6 1],108,114,115,6,108
1,<environment.Job instance at 0x14ea1aab0aa0>,14,18,[10  2],22,119,137,97,119
1,<environment.Job instance at 0x145da1ee0aa0>,3,1,[6 2],4,4,5,0,4
1,<environment.Job instance at 0x145d9a374640>,15,1,[ 1 10],20,20,21,0,20
1,<environment.Job instance at 0x145d9a345af0>,16,1,[2 5],21,21,22,0,21
1,<environment.Job instance at 0x145d9a277e60>,20,2,[ 1 13],27,32,34,5,32
1,<environment.Job instance at 0x145d9a34b730>,26,1,[2 7],35,35,36,0,35
1,<environment.Job instance at 0x145d9a34be60>,27,2,[2 7],36,36,38,0,36
1,<environment.Job instance at 0x145d9a34b050>,28,2,[2 7],37,37,39,0,37
1,<environment.Job instance at 0x145d9a2c4b90>,33,1,[2 7],43,43,44,0,43
1,<environment.Job instance at 0x145da02abd20>,34,15,[11  1],44,44,59,0,44
1,<environment.Job instance at 0x145d9a2c3730>,35,2,[1 8],45,45,47,0,45
1,<environment.Job instance at 0x145d988840a0>,36,3,[10  2],48,59,62,11,48
1,<environment.Job instance at 0x145d98633be0>,37,2,[ 1 10],50,50,52,0,50
1,<environment.Job instance at 0x145d98644dc0>,38,1,[8 1],51,62,63,11,51
1,<environment.Job instance at 0x145d9a026e60>,39,3,[1 5],52,52,55,0,52
1,<environment.Job instance at 0x145d988c8e10>,7,2,[14  1],10,12,14,2,12
1,<environment.Job instance at 0x145d9a2bbd70>,16,1,[2 8],21,22,23,1,22
1,<environment.Job instance at 0x145d9a2bb7d0>,17,1,[ 2 10],22,23,24,1,22
1,<environment.Job instance at 0x145d9a2bbf00>,18,1,[ 2 14],23,24,25,1,23
1,<environment.Job instance at 0x145d9a2bb1e0>,19,1,[8 2],24,25,26,1,24
1,<environment.Job instance at 0x145d9a2bbe10>,15,13,[2 9],20,25,38,5,25
1,<environment.Job instance at 0x145d9a2bbeb0>,20,15,[5 1],25,26,41,1,26
1,<environment.Job instance at 0x145d988bf7d0>,22,2,[ 1 10],30,38,40,8,30
1,<environment.Job instance at 0x145d988bff00>,23,3,[11  2],31,41,44,10,31
1,<environment.Job instance at 0x145d988bfa00>,24,3,[ 2 10],32,40,43,8,32
1,<environment.Job instance at 0x145d988bf140>,25,3,[2 5],33,33,36,0,33
1,<environment.Job instance at 0x145d988bf5a0>,26,1,[8 1],34,36,37,2,34
1,<environment.Job instance at 0x145d988bf550>,27,3,[5 2],36,37,40,1,36
1,<environment.Job instance at 0x145d988bf5f0>,31,1,[1 7],40,43,44,3,40
1,<environment.Job instance at 0x145d988bf190>,32,3,[9 1],43,44,47,1,43
1,<environment.Job instance at 0x145d9a2c2870>,33,3,[12  1],44,47,50,3,44
1,<environment.Job instance at 0x145d988bfdc0>,29,18,[2 6],38,47,65,9,47
1,<environment.Job instance at 0x145d983de820>,36,3,[7 2],48,50,53,2,48
1,<environment.Job instance at 0x145d988c1460>,37,2,[1 8],49,53,55,4,49
1,<environment.Job instance at 0x145d983f2e10>,38,3,[1 7],51,55,58,4,51
1,<environment.Job instance at 0x145d988c1f00>,41,3,[1 9],54,58,61,4,56
1,<environment.Job instance at 0x145d988c1a00>,42,2,[7 2],55,134,136,79,134
1,<environment.Job instance at 0x145d983f3dc0>,48,2,[1 9],68,134,136,66,134
1,<environment.Job instance at 0x145d983f33c0>,49,2,[ 2 10],71,136,138,65,134
1,<environment.Job instance at 0x145d983f3370>,50,3,[5 2],72,134,137,62,134
1,<environment.Job instance at 0x145d983f3e60>,51,15,[2 7],73,138,153,65,134
1,<environment.Job instance at 0x145d983f3d70>,52,2,[ 2 10],74,153,155,79,134
1,<environment.Job instance at 0x145d983f38c0>,53,2,[2 9],75,155,157,80,134
1,<environment.Job instance at 0x145d983f3a50>,54,17,[ 2 10],76,157,174,81,146
1,<environment.Job instance at 0x145d9ad31870>,55,19,[ 1 10],78,174,193,96,174
1,<environment.Job instance at 0x145d983f3c80>,56,2,[9 1],79,178,180,99,178
1,<environment.Job instance at 0x145d9893fa00>,57,3,[5 2],80,178,181,98,178
1,<environment.Job instance at 0x145d983f3aa0>,58,2,[ 1 10],81,193,195,112,178
1,<environment.Job instance at 0x145d9f435aa0>,59,13,[ 2 10],82,195,208,113,179
1,<environment.Job instance at 0x145d983f3280>,60,1,[1 7],83,208,209,125,185
1,<environment.Job instance at 0x145d98915550>,61,1,[2 9],84,209,210,125,187
1,<environment.Job instance at 0x145d98915690>,62,15,[1 7],85,210,225,125,199
1,<environment.Job instance at 0x145d9f6c0550>,63,3,[ 2 10],87,225,228,138,210
1,<environment.Job instance at 0x145d9f3e5140>,64,14,[10  1],89,221,235,132,221
1,<environment.Job instance at 0x145d9ad177d0>,65,12,[7 1],90,235,247,145,222
1,<environment.Job instance at 0x145d9f43e500>,67,3,[8 1],92,235,238,143,223
1,<environment.Job instance at 0x145d9fdadd70>,68,2,[2 5],93,223,225,130,223
1,<environment.Job instance at 0x145d9f4ad4b0>,69,3,[6 1],94,238,241,144,224
1,<environment.Job instance at 0x145d9f6bf9b0>,70,2,[10  1],95,247,249,152,224
1,<environment.Job instance at 0x145d9f470820>,71,3,[ 2 10],97,228,231,131,226
1,<environment.Job instance at 0x145d9f4ad780>,73,16,[1 6],99,238,254,139,227
1,<environment.Job instance at 0x145d9f418eb0>,74,17,[1 6],101,238,255,137,232
1,<environment.Job instance at 0x145d9a2bb280>,9,3,[2 8],12,254,257,242,234
1,<environment.Job instance at 0x145d9fd1d0f0>,75,17,[7 1],102,253,270,151,253
1,<environment.Job instance at 0x145d9ac35d70>,78,15,[9 2],110,270,285,160,256
1,<environment.Job instance at 0x145d9f4669b0>,79,1,[9 1],111,285,286,174,274
1,<environment.Job instance at 0x145d9f49fb40>,82,1,[9 1],115,286,287,171,274
1,<environment.Job instance at 0x145d9f3ddcd0>,84,1,[ 1 10],117,274,275,157,274
1,<environment.Job instance at 0x145d98b75140>,85,2,[1 5],119,278,280,159,278
1,<environment.Job instance at 0x145d9f37dcd0>,2,1,[2 6],6,6,7,0,6
1,<environment.Job instance at 0x145d9fdb0460>,5,1,[2 8],12,12,13,0,12
1,<environment.Job instance at 0x145d5b68b0f0>,9,18,[ 1 10],16,38,56,22,38
1,<environment.Job instance at 0x145d5b68b550>,16,3,[2 7],26,455,458,429,455
1,<environment.Job instance at 0x145d5b0f3f50>,30,3,[9 2],48,455,458,407,455
1,<environment.Job instance at 0x145d5b0f3eb0>,31,3,[6 2],51,467,470,416,467
1,<environment.Job instance at 0x145d5b0f3870>,33,3,[1 7],53,467,470,414,467
1,<environment.Job instance at 0x145d5b23a230>,36,3,[1 7],58,470,473,412,467
1,<environment.Job instance at 0x145d5b23a460>,37,14,[1 6],59,471,485,412,471
1,<environment.Job instance at 0x145d5b23aaf0>,38,14,[1 9],60,522,536,462,522
1,<environment.Job instance at 0x145d5b23ad70>,39,3,[6 1],63,547,550,484,547
1,<environment.Job instance at 0x145d5b23a3c0>,41,2,[2 9],65,547,549,482,547
1,<environment.Job instance at 0x145d5b23aa50>,42,2,[2 5],66,547,549,481,547
1,<environment.Job instance at 0x145d5b23a870>,43,16,[2 9],67,549,565,482,547
1,<environment.Job instance at 0x145d5b23a410>,44,12,[5 2],68,549,561,481,547
1,<environment.Job instance at 0x145d5b23a910>,45,3,[8 1],69,573,576,504,573
1,<environment.Job instance at 0x145d5b5f3780>,47,1,[10  1],74,958,959,884,958
1,<environment.Job instance at 0x145d5b5f3be0>,55,3,[2 9],87,1022,1025,935,1022
1,<environment.Job instance at 0x145d5b5f3af0>,57,3,[1 5],90,1201,1204,1111,1201
1,<environment.Job instance at 0x145d5b5f3820>,58,2,[1 9],91,1222,1224,1131,1222
1,<environment.Job instance at 0x145d5b5d04b0>,59,3,[2 8],92,1359,1362,1267,1359
1,<environment.Job instance at 0x145d5b5d0aa0>,65,3,[10  1],101,1361,1364,1260,1361
1,<environment.Job instance at 0x145d5b5d0d70>,66,2,[1 7],102,1362,1364,1260,1361
1,<environment.Job instance at 0x145d5b5d0eb0>,67,15,[1 5],103,1362,1377,1259,1362
1,<environment.Job instance at 0x145d5b5d0690>,68,3,[1 9],104,1364,1367,1260,1363
1,<environment.Job instance at 0x145d5b5d0640>,69,2,[1 8],106,1378,1380,1272,1378
1,<environment.Job instance at 0x145d5b5d0320>,70,2,[1 5],108,1383,1385,1275,1383
1,<environment.Job instance at 0x145d5b5d0190>,71,15,[10  1],109,1417,1432,1308,1417
1,<environment.Job instance at 0x145d5b5d0870>,73,1,[8 2],111,1432,1433,1321,1429
1,<environment.Job instance at 0x145d9a220b90>,75,2,[6 1],114,1432,1434,1318,1431
1,<environment.Job instance at 0x145d9a2203c0>,76,3,[10  1],116,1434,1437,1318,1431
1,<environment.Job instance at 0x145d9a220190>,77,3,[10  2],117,1437,1440,1320,1432
1,<environment.Job instance at 0x145d5affce60>,9,3,[6 1],10,10,13,0,10
1,<environment.Job instance at 0x145d5affcaf0>,10,2,[1 8],11,11,13,0,11
1,<environment.Job instance at 0x145d9fe01230>,12,2,[2 8],13,13,15,0,13
1,<environment.Job instance at 0x145d9fe01f50>,17,1,[2 9],22,22,23,0,22
1,<environment.Job instance at 0x145d9fe041e0>,28,2,[7 1],37,38,40,1,38
1,<environment.Job instance at 0x145d9fe04140>,29,1,[7 2],38,38,39,0,38
1,<environment.Job instance at 0x145d5b6dd690>,30,3,[10  2],39,40,43,1,39
1,<environment.Job instance at 0x145d5b38c230>,36,17,[9 2],48,49,66,1,49
1,<environment.Job instance at 0x145d5b38c140>,37,1,[6 2],49,120,121,71,120
1,<environment.Job instance at 0x145d5b38c640>,38,2,[1 5],50,130,132,80,130
1,<environment.Job instance at 0x145d5b38c7d0>,39,1,[1 7],51,132,133,81,132
1,<environment.Job instance at 0x145d5b6bd3c0>,40,3,[2 7],52,140,143,88,140
1,<environment.Job instance at 0x145d5b6bda00>,41,2,[1 5],53,141,143,88,141
1,<environment.Job instance at 0x145d5b6bd9b0>,42,1,[1 9],55,143,144,88,141
1,<environment.Job instance at 0x145d5b6bdf50>,43,1,[2 5],56,143,144,87,142
1,<environment.Job instance at 0x145d5b6bd500>,44,15,[7 1],57,143,158,86,143
1,<environment.Job instance at 0x145d5b6bd230>,45,1,[2 6],58,144,145,86,143
1,<environment.Job instance at 0x145d5b6bd0f0>,46,1,[2 8],60,144,145,84,143
1,<environment.Job instance at 0x145d5b730b40>,47,1,[2 6],61,154,155,93,154
1,<environment.Job instance at 0x145d5b730af0>,48,3,[1 7],63,154,157,91,154
1,<environment.Job instance at 0x145d5b730910>,49,17,[2 7],64,155,172,91,154
1,<environment.Job instance at 0x145d5b7308c0>,50,14,[1 6],65,157,171,92,154
1,<environment.Job instance at 0x145d5b730b90>,51,17,[9 1],66,158,175,92,154
1,<environment.Job instance at 0x145d5b730410>,52,3,[5 1],67,172,175,105,154
1,<environment.Job instance at 0x145d5b5de280>,53,1,[10  1],68,175,176,107,154
1,<environment.Job instance at 0x145d5af7ed20>,54,1,[1 8],69,172,173,103,154
1,<environment.Job instance at 0x145d5b730820>,55,12,[9 2],70,176,188,106,163
1,<environment.Job instance at 0x145d5b1c16e0>,56,2,[2 6],71,175,177,104,163
1,<environment.Job instance at 0x145da1d6d5a0>,57,3,[9 2],72,188,191,116,163
1,<environment.Job instance at 0x145d9ac83b40>,58,2,[10  2],73,191,193,118,164
1,<environment.Job instance at 0x145d5afa5c30>,59,16,[10  2],74,193,209,119,192
1,<environment.Job instance at 0x145d5aedaf50>,60,16,[ 2 10],75,194,210,119,194
1,<environment.Job instance at 0x145d5b7c9280>,61,2,[1 6],77,210,212,133,194
1,<environment.Job instance at 0x145d5b2ee280>,62,15,[2 6],79,210,225,131,196
1,<environment.Job instance at 0x145d5b144d20>,63,2,[7 2],80,209,211,129,196
1,<environment.Job instance at 0x145d5b144550>,65,2,[1 8],82,212,214,130,196
1,<environment.Job instance at 0x145d9a064cd0>,66,14,[6 1],83,211,225,128,196
1,<environment.Job instance at 0x145d9a064e10>,67,1,[2 5],84,215,216,131,215
1,<environment.Job instance at 0x145d9a13e320>,73,1,[ 2 10],90,225,226,135,217
1,<environment.Job instance at 0x145d9f3ee4b0>,74,2,[10  2],92,314,316,222,314
1,<environment.Job instance at 0x145d9f3eef00>,75,3,[7 1],96,1990,1993,1894,1990
1,<environment.Job instance at 0x145d9889ca00>,8,1,[10  2],15,15,16,0,15
1,<environment.Job instance at 0x145d9889c1e0>,9,1,[5 2],16,16,17,0,16
1,<environment.Job instance at 0x145d9886b370>,14,2,[1 6],27,27,29,0,27
1,<environment.Job instance at 0x145d9886b870>,20,1,[2 8],39,39,40,0,39
1,<environment.Job instance at 0x145d9886b9b0>,21,2,[7 2],40,40,42,0,40
1,<environment.Job instance at 0x145d9f466f50>,22,2,[6 2],41,41,43,0,41
1,<environment.Job instance at 0x145d9f466fa0>,23,3,[9 1],42,42,45,0,42
1,<environment.Job instance at 0x145da1387410>,24,14,[2 8],43,43,57,0,43
1,<environment.Job instance at 0x145da1387f00>,25,2,[5 2],44,45,47,1,44
1,<environment.Job instance at 0x145da13872d0>,26,27,[1 7],45,47,74,2,45
1,<environment.Job instance at 0x145da1387640>,27,21,[1 8],46,57,78,11,49
1,<environment.Job instance at 0x145da1387780>,28,17,[2 8],47,78,95,31,67
1,<environment.Job instance at 0x145d5b1d6eb0>,37,1,[5 1],63,74,75,11,71
1,<environment.Job instance at 0x145d5b3f3e10>,38,13,[10  1],65,75,88,10,71
1,<environment.Job instance at 0x145d5b3f3780>,39,2,[1 8],67,95,97,28,71
1,<environment.Job instance at 0x145d5b3f3eb0>,41,3,[2 8],69,97,100,28,73
1,<environment.Job instance at 0x145d5b3f35f0>,43,2,[8 2],75,88,90,13,75
1,<environment.Job instance at 0x145d5b087aa0>,44,1,[ 1 12],76,100,101,24,76
1,<environment.Job instance at 0x145d9f3a4d70>,46,1,[8 1],79,90,91,11,79
1,<environment.Job instance at 0x145d9f3a4820>,47,3,[1 9],81,101,104,20,81
1,<environment.Job instance at 0x145d9f418c80>,48,1,[2 9],84,104,105,20,84
1,<environment.Job instance at 0x145d5b378f50>,49,2,[7 2],85,91,93,6,85
1,<environment.Job instance at 0x145d9acdb5a0>,10,1,[10  2],17,29,30,12,29
1,<environment.Job instance at 0x145d9fd6c1e0>,11,2,[7 2],18,30,32,12,29
1,<environment.Job instance at 0x145d9fd6c410>,8,3,[1 7],14,30,33,16,30
1,<environment.Job instance at 0x145d9fd6c140>,13,3,[1 5],20,30,33,10,30
1,<environment.Job instance at 0x145d9fd6cb40>,14,12,[2 9],22,33,45,11,30
1,<environment.Job instance at 0x145d9fd6c690>,15,3,[9 2],23,32,35,9,30
1,<environment.Job instance at 0x145d9fd6c7d0>,16,13,[1 9],24,45,58,21,30
1,<environment.Job instance at 0x145d9fd6ca00>,19,1,[ 1 10],29,58,59,29,34
1,<environment.Job instance at 0x145d9fd6ccd0>,17,2,[1 8],25,59,61,34,48
1,<environment.Job instance at 0x145d5b4e66e0>,21,17,[2 9],31,61,78,30,49
1,<environment.Job instance at 0x145d5b4e6500>,22,3,[6 2],32,49,52,17,49
1,<environment.Job instance at 0x145d5b4e6f00>,23,2,[6 2],33,49,51,16,49
1,<environment.Job instance at 0x145d5b4e62d0>,24,17,[5 2],34,51,68,17,49
1,<environment.Job instance at 0x145d5b4e61e0>,25,1,[6 1],36,52,53,16,49
1,<environment.Job instance at 0x145da13849b0>,31,1,[6 2],43,61,62,18,61
1,<environment.Job instance at 0x145d5b4e64b0>,26,12,[ 1 10],37,78,90,41,64
1,<environment.Job instance at 0x145da13842d0>,34,3,[7 1],46,64,67,18,64
1,<environment.Job instance at 0x145da1384910>,35,14,[8 2],47,67,81,20,65
1,<environment.Job instance at 0x145da13844b0>,36,2,[1 9],49,90,92,41,65
1,<environment.Job instance at 0x145da1384320>,37,2,[7 2],50,81,83,31,65
1,<environment.Job instance at 0x145da1384140>,38,3,[5 2],52,68,71,16,65
1,<environment.Job instance at 0x145d5b28b370>,39,13,[2 8],53,92,105,39,76
1,<environment.Job instance at 0x145d5afdda00>,46,1,[10  2],63,83,84,20,76
1,<environment.Job instance at 0x145d5b542d70>,45,25,[9 1],61,87,112,26,87
1,<environment.Job instance at 0x145da138f190>,52,15,[6 1],70,107,122,37,107
1,<environment.Job instance at 0x145d5b5d00f0>,56,14,[2 6],75,112,126,37,111
1,<environment.Job instance at 0x145d5afdd550>,48,21,[2 5],65,112,133,47,111
1,<environment.Job instance at 0x145d5afddf00>,47,21,[ 2 10],64,126,147,62,124
1,<environment.Job instance at 0x145d9fe826e0>,65,1,[6 2],87,124,125,37,124
1,<environment.Job instance at 0x145d9fe82230>,66,1,[5 1],88,124,125,36,124
1,<environment.Job instance at 0x145d9fe82cd0>,67,1,[2 6],90,147,148,57,124
1,<environment.Job instance at 0x145d5b64c550>,68,3,[2 6],91,147,150,56,124
1,<environment.Job instance at 0x145d5b64c320>,69,2,[9 1],92,133,135,41,124
1,<environment.Job instance at 0x145da1734b40>,70,13,[6 1],94,135,148,41,124
1,<environment.Job instance at 0x145d5b64c6e0>,71,2,[7 2],95,135,137,40,124
1,<environment.Job instance at 0x145d5b64c1e0>,72,2,[9 2],96,148,150,52,125
1,<environment.Job instance at 0x145d5b0a7b90>,73,3,[5 1],97,137,140,40,125
1,<environment.Job instance at 0x145d5b0a7c80>,74,2,[ 1 10],98,150,152,52,125
1,<environment.Job instance at 0x145d5afb8d70>,4,1,[13  1],5,5,6,0,5
1,<environment.Job instance at 0x145d5afb8780>,6,1,[5 1],7,7,8,0,7
1,<environment.Job instance at 0x145d9a02aeb0>,13,22,[8 1],15,16,38,1,16
1,<environment.Job instance at 0x145d5af7c050>,24,22,[2 6],29,31,53,2,31
1,<environment.Job instance at 0x145d98b7b780>,25,1,[ 1 14],30,53,54,23,31
1,<environment.Job instance at 0x145d9a02a640>,21,18,[6 1],25,38,56,13,36
1,<environment.Job instance at 0x145d5b079280>,30,1,[8 1],37,54,55,17,37
1,<environment.Job instance at 0x145d5b079d20>,31,1,[5 1],39,39,40,0,39
1,<environment.Job instance at 0x145d5b494230>,32,2,[7 2],40,40,42,0,40
1,<environment.Job instance at 0x145d5b494b40>,33,3,[ 2 14],42,55,58,13,42
1,<environment.Job instance at 0x145d5b494870>,34,3,[1 8],43,43,46,0,43
1,<environment.Job instance at 0x145d5b494dc0>,35,1,[ 2 10],44,58,59,14,44
1,<environment.Job instance at 0x145d98b94cd0>,36,2,[7 2],46,46,48,0,46
1,<environment.Job instance at 0x145d5b056f00>,37,1,[6 1],47,48,49,1,47
1,<environment.Job instance at 0x145d9f436b40>,38,2,[6 1],49,49,51,0,49
1,<environment.Job instance at 0x145d9f436140>,39,17,[1 7],50,59,76,9,50
1,<environment.Job instance at 0x145d5b7a6780>,40,15,[10  2],54,58,73,4,54
1,<environment.Job instance at 0x145d9f425190>,42,1,[1 5],57,59,60,2,58
1,<environment.Job instance at 0x145d9f4751e0>,3,2,[ 1 11],7,14,16,7,14
1,<environment.Job instance at 0x145d5ae77dc0>,7,2,[8 2],12,14,16,2,14
1,<environment.Job instance at 0x145d5ae7b230>,9,28,[5 2],14,14,42,0,14
1,<environment.Job instance at 0x145d5ae7b370>,10,1,[8 2],15,17,18,2,17
1,<environment.Job instance at 0x145d5ae7b280>,12,3,[ 2 14],17,42,45,25,17
1,<environment.Job instance at 0x145d5ae7b410>,13,1,[5 1],18,24,25,6,24
1,<environment.Job instance at 0x145d5adfd320>,21,14,[7 1],28,30,44,2,30
1,<environment.Job instance at 0x145d5adfd640>,24,1,[1 9],31,31,32,0,31
1,<environment.Job instance at 0x145d5adfd780>,25,16,[1 8],32,45,61,13,32
1,<environment.Job instance at 0x145d5adfd8c0>,26,1,[6 1],33,44,45,11,33
1,<environment.Job instance at 0x145d5adfda00>,27,3,[5 2],34,45,48,11,34
1,<environment.Job instance at 0x145d5adfdb40>,28,16,[7 1],35,45,61,10,35
1,<environment.Job instance at 0x145d5adfdc80>,29,2,[8 2],36,61,63,25,36
1,<environment.Job instance at 0x145d5adfddc0>,30,1,[9 2],37,63,64,26,37
1,<environment.Job instance at 0x145d5adfdf00>,31,2,[1 7],38,38,40,0,38
1,<environment.Job instance at 0x145d5adfdcd0>,33,16,[2 9],42,61,77,19,48
1,<environment.Job instance at 0x145d5adff2d0>,35,23,[9 1],46,64,87,18,58
1,<environment.Job instance at 0x145d5adff320>,36,14,[ 1 10],47,77,91,30,62
1,<environment.Job instance at 0x145d5adff140>,38,1,[8 2],49,87,88,38,62
1,<environment.Job instance at 0x145d5adff550>,39,2,[7 2],51,88,90,37,62
1,<environment.Job instance at 0x145d5adff640>,40,3,[6 1],53,87,90,34,62
1,<environment.Job instance at 0x145d5adff5f0>,41,2,[10  1],54,90,92,36,63
1,<environment.Job instance at 0x145d5adff6e0>,42,1,[9 1],55,92,93,37,64
1,<environment.Job instance at 0x145d5adff780>,43,3,[5 1],56,77,80,21,64
1,<environment.Job instance at 0x145d5adff820>,44,3,[1 6],57,91,94,34,65
1,<environment.Job instance at 0x145d5adff690>,45,3,[12  1],59,93,96,34,67
1,<environment.Job instance at 0x145d5adff9b0>,46,20,[8 1],60,96,116,36,89
1,<environment.Job instance at 0x145d5ae01af0>,56,3,[1 8],81,2392,2395,2311,2392
1,<environment.Job instance at 0x145d5ae01d70>,57,1,[8 1],83,2849,2850,2766,2849
1,<environment.Job instance at 0x145d5ae06cd0>,1,1,[7 1],4,4,5,0,4
1,<environment.Job instance at 0x145d9f42e870>,6,1,[7 1],9,9,10,0,9
1,<environment.Job instance at 0x145d9f42e050>,7,1,[2 6],12,12,13,0,12
1,<environment.Job instance at 0x145da133f730>,9,1,[5 1],14,14,15,0,14
1,<environment.Job instance at 0x145da133f690>,11,1,[6 1],16,16,17,0,16
1,<environment.Job instance at 0x145d9abfb370>,18,21,[6 1],30,30,51,0,30
1,<environment.Job instance at 0x145d9abfb7d0>,24,1,[1 7],40,118,119,78,118
1,<environment.Job instance at 0x145d9abfbbe0>,26,27,[5 2],42,119,146,77,119
1,<environment.Job instance at 0x145d9abfba50>,27,27,[1 9],43,124,151,81,124
1,<environment.Job instance at 0x145d9abfb960>,28,1,[9 1],44,133,134,89,133
1,<environment.Job instance at 0x145d9abfbe60>,29,1,[ 2 10],45,151,152,106,134
1,<environment.Job instance at 0x145d9abfbc30>,30,12,[2 8],48,152,164,104,136
1,<environment.Job instance at 0x145d988819b0>,31,3,[ 1 10],51,164,167,113,141
1,<environment.Job instance at 0x145d98881280>,32,1,[8 2],52,151,152,99,151
1,<environment.Job instance at 0x145d98881af0>,33,18,[9 1],53,152,170,99,151
1,<environment.Job instance at 0x145d98881460>,34,2,[8 1],55,170,172,115,152
1,<environment.Job instance at 0x145d98881640>,37,1,[2 6],59,152,153,93,152
1,<environment.Job instance at 0x145d9ad0b410>,38,3,[1 5],60,153,156,93,152
1,<environment.Job instance at 0x145d9ad0b230>,39,3,[8 2],63,172,175,109,153
1,<environment.Job instance at 0x145d9ad0b5f0>,40,1,[1 7],64,167,168,103,153
1,<environment.Job instance at 0x145d9ad0b280>,41,3,[2 8],65,168,171,103,153
1,<environment.Job instance at 0x145d9ad0b460>,42,2,[7 1],66,171,173,105,153
1,<environment.Job instance at 0x145d9ad0b550>,43,28,[1 6],67,173,201,106,172
1,<environment.Job instance at 0x145d9a2b3780>,45,21,[9 1],71,186,207,115,186
1,<environment.Job instance at 0x145d9a2b39b0>,46,16,[1 6],72,186,202,114,186
1,<environment.Job instance at 0x145d5b7a5690>,50,3,[5 1],77,201,204,124,186
1,<environment.Job instance at 0x145d5b7a5140>,51,1,[1 9],79,202,203,123,186
1,<environment.Job instance at 0x145d5b7a59b0>,52,1,[2 7],80,204,205,124,186
1,<environment.Job instance at 0x145d5b7a5af0>,53,2,[1 8],81,205,207,124,186
1,<environment.Job instance at 0x145d5b7a5b90>,54,1,[1 9],83,203,204,120,188
1,<environment.Job instance at 0x145d5b7a5e10>,55,2,[ 2 10],85,207,209,122,189
1,<environment.Job instance at 0x145d5b7a5870>,56,3,[9 1],86,207,210,121,189
1,<environment.Job instance at 0x145d5b7a5c30>,57,12,[9 1],87,210,222,123,193
1,<environment.Job instance at 0x145d5b7a5190>,58,20,[ 2 11],88,209,229,121,200
1,<environment.Job instance at 0x145d5b7a5c80>,60,3,[ 2 10],91,229,232,138,203
1,<environment.Job instance at 0x145d5b7a5dc0>,61,15,[6 1],93,222,237,129,208
1,<environment.Job instance at 0x145d5b7a5b40>,62,1,[9 2],94,232,233,138,208
1,<environment.Job instance at 0x145d5b7a5640>,63,1,[2 8],95,233,234,138,208
1,<environment.Job instance at 0x145d5b7a5f00>,64,1,[5 1],96,222,223,126,208
1,<environment.Job instance at 0x145d5b7a5780>,65,1,[8 1],98,234,235,136,208
1,<environment.Job instance at 0x145d5b7a54b0>,66,1,[1 8],100,234,235,134,208
1,<environment.Job instance at 0x145da1335c30>,67,1,[2 9],101,235,236,134,208
1,<environment.Job instance at 0x145da13357d0>,68,3,[1 9],102,236,239,134,210
1,<environment.Job instance at 0x145da1335eb0>,69,14,[ 1 10],104,239,253,135,224
1,<environment.Job instance at 0x145da1335870>,72,3,[2 5],108,235,238,127,229
1,<environment.Job instance at 0x145da1335af0>,73,2,[6 2],109,229,231,120,229
1,<environment.Job instance at 0x145da1335320>,74,18,[2 9],110,253,271,143,242
1,<environment.Job instance at 0x145da1335c80>,75,3,[2 9],111,271,274,160,245
1,<environment.Job instance at 0x145da1335820>,76,1,[1 6],112,253,254,141,247
1,<environment.Job instance at 0x145d9a16f050>,77,1,[10  1],113,248,249,135,248
1,<environment.Job instance at 0x145d9a16fe10>,78,17,[5 1],114,254,271,140,250
1,<environment.Job instance at 0x145d9a16f230>,79,1,[7 1],115,250,251,135,250
1,<environment.Job instance at 0x145d9a16f9b0>,80,3,[9 2],116,271,274,155,250
1,<environment.Job instance at 0x145d9a16f500>,81,2,[1 8],117,274,276,157,251
1,<environment.Job instance at 0x145d9a16fc30>,82,26,[8 1],118,274,300,156,271
1,<environment.Job instance at 0x145d9ad61910>,83,3,[2 5],119,274,277,155,271
1,<environment.Job instance at 0x145d9abfbe10>,25,12,[2 8],41,524,536,483,524
1,<environment.Job instance at 0x145d9a1ff870>,2,17,[7 2],3,3,20,0,3
1,<environment.Job instance at 0x145d9a20f820>,7,17,[ 2 10],9,10,27,1,10
1,<environment.Job instance at 0x145d5b383d20>,11,28,[14  1],18,27,55,9,26
1,<environment.Job instance at 0x145d9fddc460>,20,2,[1 8],29,36,38,7,36
1,<environment.Job instance at 0x145d5ac57730>,21,2,[1 5],30,38,40,8,36
1,<environment.Job instance at 0x145d9fddceb0>,22,1,[1 5],31,40,41,9,36
1,<environment.Job instance at 0x145d5ac57690>,23,2,[9 1],32,55,57,23,36
1,<environment.Job instance at 0x145d5b436c80>,8,1,[1 8],12,41,42,29,39
1,<environment.Job instance at 0x145d9fd09140>,26,2,[2 6],36,55,57,19,44
1,<environment.Job instance at 0x145d5aec10f0>,27,1,[ 1 10],37,45,46,8,45
1,<environment.Job instance at 0x145d5b5794b0>,28,1,[2 7],38,55,56,17,45
1,<environment.Job instance at 0x145d5b579f00>,29,2,[2 6],39,56,58,17,45
1,<environment.Job instance at 0x145d5b579dc0>,30,17,[5 2],40,57,74,17,48
1,<environment.Job instance at 0x145d5b579cd0>,31,2,[5 1],42,57,59,15,48
1,<environment.Job instance at 0x145d5b579a50>,32,2,[8 2],43,59,61,16,48
1,<environment.Job instance at 0x145d9b0527d0>,33,2,[12  1],45,229,231,184,229
1,<environment.Job instance at 0x145d9b052dc0>,35,1,[2 8],47,229,230,182,229
1,<environment.Job instance at 0x145d9b052b90>,36,18,[10  2],48,231,249,183,229
1,<environment.Job instance at 0x145d9b052af0>,37,12,[2 9],49,230,242,181,229
1,<environment.Job instance at 0x145d9b0525f0>,38,15,[2 5],50,242,257,192,242
1,<environment.Job instance at 0x145d9b052a50>,39,3,[1 6],51,244,247,193,244
1,<environment.Job instance at 0x145d9b052be0>,40,2,[1 8],53,247,249,194,244
1,<environment.Job instance at 0x145d5b0e6eb0>,41,17,[7 1],54,249,266,195,244
1,<environment.Job instance at 0x145d9b052b40>,42,16,[8 2],55,262,278,207,262
1,<environment.Job instance at 0x145d5b0e6f00>,43,3,[1 5],58,266,269,208,262
1,<environment.Job instance at 0x145d5b0e67d0>,44,1,[10  1],59,278,279,219,267
1,<environment.Job instance at 0x145d5b0e6cd0>,46,16,[7 1],61,279,295,218,267
1,<environment.Job instance at 0x145d5b0e6a00>,47,1,[1 6],62,267,268,205,267
1,<environment.Job instance at 0x145d5b4d6140>,48,14,[1 8],63,268,282,205,267
1,<environment.Job instance at 0x145d5b4d6a00>,49,2,[5 1],64,269,271,205,267
1,<environment.Job instance at 0x145d5b4d6e60>,50,2,[7 2],65,279,281,214,267
1,<environment.Job instance at 0x145d5b4d6d70>,51,1,[1 6],66,278,279,212,267
1,<environment.Job instance at 0x145d5b4d6190>,52,3,[2 6],67,281,284,214,267
1,<environment.Job instance at 0x145d5b4d6f50>,53,3,[1 9],68,284,287,216,267
1,<environment.Job instance at 0x145d9b036870>,54,3,[6 1],69,271,274,202,267
1,<environment.Job instance at 0x145d9fde5d20>,55,15,[6 1],75,282,297,207,268
1,<environment.Job instance at 0x145d5b57f730>,56,2,[7 1],76,295,297,219,268
1,<environment.Job instance at 0x145d5b57fb90>,57,17,[8 1],77,297,314,220,285
1,<environment.Job instance at 0x145d5b57f8c0>,58,1,[ 2 13],78,287,288,209,285
1,<environment.Job instance at 0x145d9f3b8140>,59,2,[2 5],79,288,290,209,285
1,<environment.Job instance at 0x145d9f3b8410>,60,3,[9 1],80,314,317,234,288
1,<environment.Job instance at 0x145d9f3b8b90>,61,16,[2 5],81,290,306,209,288
1,<environment.Job instance at 0x145d9f3b8a50>,62,1,[5 1],82,297,298,215,288
1,<environment.Job instance at 0x145d5b76f9b0>,65,1,[6 2],87,306,307,219,288
1,<environment.Job instance at 0x145d5b76f7d0>,66,3,[5 2],88,298,301,210,288
1,<environment.Job instance at 0x145d5b76f4b0>,67,15,[8 1],89,317,332,228,303
1,<environment.Job instance at 0x145d5b0244b0>,69,2,[8 2],92,332,334,240,305
1,<environment.Job instance at 0x145d5b76f2d0>,70,14,[2 9],97,307,321,210,305
1,<environment.Job instance at 0x145d5b76fc80>,71,1,[5 2],99,305,306,206,305
1,<environment.Job instance at 0x145d9f6c0c80>,72,13,[7 2],100,321,334,221,305
1,<environment.Job instance at 0x145d5b76f140>,73,1,[7 2],102,334,335,232,306
1,<environment.Job instance at 0x145d9b00cfa0>,74,1,[2 8],103,334,335,231,306
1,<environment.Job instance at 0x145d9b00caf0>,75,2,[2 9],104,335,337,231,308
1,<environment.Job instance at 0x145d5b740550>,76,3,[2 6],105,335,338,230,309
1,<environment.Job instance at 0x145d5b7402d0>,77,2,[7 1],107,337,339,230,310
1,<environment.Job instance at 0x145d5b740f50>,78,1,[ 1 10],108,338,339,230,310
1,<environment.Job instance at 0x145d5b740be0>,79,26,[2 5],109,339,365,230,336
1,<environment.Job instance at 0x145d5b3fefa0>,84,1,[10  2],119,339,340,220,336
1,<environment.Job instance at 0x145d9fddc500>,18,2,[11  2],26,390,392,364,390
1,<environment.Job instance at 0x145d9a1f6fa0>,0,1,[1 5],1,1,2,0,1
1,<environment.Job instance at 0x145d9a35a780>,2,1,[2 8],4,4,5,0,4
1,<environment.Job instance at 0x145d9405df00>,5,2,[ 2 13],9,13,15,4,13
1,<environment.Job instance at 0x145d9404d0a0>,10,3,[6 2],16,16,19,0,16
1,<environment.Job instance at 0x145d9404d5a0>,11,16,[ 1 11],17,17,33,0,17
1,<environment.Job instance at 0x145d9404d460>,12,1,[2 6],18,33,34,15,18
1,<environment.Job instance at 0x145d9404d3c0>,13,1,[1 5],20,33,34,13,20
1,<environment.Job instance at 0x145d9404d870>,14,2,[2 8],21,34,36,13,21
1,<environment.Job instance at 0x145d9404da00>,15,24,[2 9],22,36,60,14,31
1,<environment.Job instance at 0x145d9404d320>,16,3,[2 5],25,34,37,9,31
1,<environment.Job instance at 0x145d9404d960>,17,18,[5 2],27,37,55,10,31
1,<environment.Job instance at 0x145d9404da50>,18,1,[1 6],28,55,56,27,31
1,<environment.Job instance at 0x145d9404df50>,21,3,[2 7],32,60,63,28,34
1,<environment.Job instance at 0x145d9405f640>,22,1,[10  1],36,36,37,0,36
1,<environment.Job instance at 0x145d9405f460>,23,3,[10  1],37,56,59,19,37
1,<environment.Job instance at 0x145d9405f960>,24,2,[6 1],38,38,40,0,38
1,<environment.Job instance at 0x145d9405f1e0>,25,3,[1 5],39,56,59,17,39
1,<environment.Job instance at 0x145d9405f690>,26,2,[10  2],40,59,61,19,40
1,<environment.Job instance at 0x145d9405f280>,27,1,[9 1],41,61,62,20,41
1,<environment.Job instance at 0x145d9405f230>,28,1,[1 8],42,62,63,20,42
1,<environment.Job instance at 0x145d9405fe60>,29,25,[9 1],43,63,88,20,59
1,<environment.Job instance at 0x145d9405f500>,30,3,[2 7],44,63,66,19,59
1,<environment.Job instance at 0x145d9405fb40>,31,1,[7 1],45,88,89,43,60
1,<environment.Job instance at 0x145d9405fd70>,33,13,[10  1],48,89,102,41,73
1,<environment.Job instance at 0x145d9405e550>,41,2,[ 1 14],60,73,75,13,73
1,<environment.Job instance at 0x145d9405e3c0>,42,1,[7 2],61,88,89,27,73
1,<environment.Job instance at 0x145d9405e780>,43,3,[9 1],62,102,105,40,76
1,<environment.Job instance at 0x145d9405e910>,45,1,[2 5],64,76,77,12,76
1,<environment.Job instance at 0x145d9405eaf0>,47,3,[2 8],67,76,79,9,76
1,<environment.Job instance at 0x145d9405ed20>,49,26,[5 2],69,89,115,20,86
1,<environment.Job instance at 0x145d9405ec30>,48,17,[10  1],68,105,122,37,93
1,<environment.Job instance at 0x145d940386e0>,55,2,[6 1],76,122,124,46,95
1,<environment.Job instance at 0x145d94054190>,65,22,[2 9],93,115,137,22,108
1,<environment.Job instance at 0x145d9a169aa0>,69,2,[6 1],103,122,124,19,108
1,<environment.Job instance at 0x145d9acfc0f0>,70,1,[ 1 12],104,137,138,33,109
1,<environment.Job instance at 0x145d9acfc140>,71,1,[10  2],105,124,125,19,109
1,<environment.Job instance at 0x145d9acfc2d0>,72,3,[2 9],106,138,141,32,112
1,<environment.Job instance at 0x145d9acfc1e0>,73,13,[2 9],107,141,154,34,125
1,<environment.Job instance at 0x145d5af29be0>,75,1,[9 1],110,125,126,15,125
1,<environment.Job instance at 0x145d5af134b0>,76,20,[9 1],111,126,146,15,125
1,<environment.Job instance at 0x145d5af2e640>,77,3,[5 1],113,146,149,33,125
1,<environment.Job instance at 0x145d5af2ef50>,78,2,[13  1],114,149,151,35,125
1,<environment.Job instance at 0x145d5af21640>,79,1,[12  2],115,151,152,36,125
1,<environment.Job instance at 0x145d5af21f00>,80,1,[5 1],116,137,138,21,125
1,<environment.Job instance at 0x145d9acfe1e0>,81,3,[8 1],117,146,149,29,125
1,<environment.Job instance at 0x145d9acfe3c0>,82,2,[6 2],118,152,154,34,125
1,<environment.Job instance at 0x145d9acfe280>,83,3,[9 2],119,154,157,35,128
1,<environment.Job instance at 0x145d9404d190>,7,28,[2 5],13,174,202,161,174
1,<environment.Job instance at 0x145d9404d1e0>,9,1,[1 9],15,337,338,322,337
1,<environment.Job instance at 0x145d988d4910>,2,2,[2 8],10,10,12,0,10
1,<environment.Job instance at 0x145d988d4050>,3,1,[7 1],13,13,14,0,13
1,<environment.Job instance at 0x145d5ae03a50>,9,1,[7 2],20,20,21,0,20
1,<environment.Job instance at 0x145d5af4dd20>,13,1,[1 9],26,26,27,0,26
1,<environment.Job instance at 0x145d5af4d500>,15,1,[1 8],28,28,29,0,28
1,<environment.Job instance at 0x145d5b7e5910>,20,13,[2 8],33,34,47,1,34
1,<environment.Job instance at 0x145d5b7e5690>,21,1,[8 1],36,37,38,1,37
1,<environment.Job instance at 0x145d5b7e56e0>,22,3,[1 6],37,37,40,0,37
1,<environment.Job instance at 0x145d5b7e5dc0>,26,1,[ 1 13],41,47,48,6,41
1,<environment.Job instance at 0x145d5ac78730>,4,3,[2 8],5,5,8,0,5
1,<environment.Job instance at 0x145d5ac78a00>,5,2,[1 7],6,6,8,0,6
1,<environment.Job instance at 0x145d9b05d8c0>,6,2,[1 6],7,8,10,1,7
1,<environment.Job instance at 0x145d5b638870>,12,1,[2 5],15,15,16,0,15
1,<environment.Job instance at 0x145d9b05d2d0>,11,2,[9 1],14,21,23,7,21
1,<environment.Job instance at 0x145d5b638b40>,16,15,[10  1],23,23,38,0,23
1,<environment.Job instance at 0x145d5b2c4be0>,20,3,[10  1],28,38,41,10,28
1,<environment.Job instance at 0x145d9a155fa0>,26,1,[ 2 10],35,35,36,0,35
1,<environment.Job instance at 0x145d98627be0>,23,2,[8 2],31,41,43,10,35
1,<environment.Job instance at 0x145d9fe01d20>,30,16,[5 1],41,45,61,4,45
1,<environment.Job instance at 0x145d9fe018c0>,31,3,[2 5],43,47,50,4,47
1,<environment.Job instance at 0x145d989100a0>,35,1,[6 1],48,49,50,1,49
1,<environment.Job instance at 0x145d9a0694b0>,37,16,[2 9],50,52,68,2,52
1,<environment.Job instance at 0x145d9a069640>,38,3,[2 6],51,61,64,10,52
1,<environment.Job instance at 0x145d9a069e60>,39,3,[2 6],52,64,67,12,52
1,<environment.Job instance at 0x145d5b5f4370>,40,1,[5 2],53,53,54,0,53
1,<environment.Job instance at 0x145d5b280a50>,41,3,[7 1],54,54,57,0,54
1,<environment.Job instance at 0x145d5b3e9780>,42,2,[2 6],55,67,69,12,56
1,<environment.Job instance at 0x145d5b280f50>,43,3,[2 7],57,68,71,11,57
1,<environment.Job instance at 0x145d5b17f7d0>,7,1,[2 9],10,10,11,0,10
1,<environment.Job instance at 0x145d5b17f8c0>,9,1,[9 2],13,13,14,0,13
1,<environment.Job instance at 0x145d5b1ab280>,14,2,[7 1],20,20,22,0,20
1,<environment.Job instance at 0x145d5b1ab550>,16,1,[1 7],22,22,23,0,22
1,<environment.Job instance at 0x145d5b1ab690>,17,1,[9 1],24,24,25,0,24
1,<environment.Job instance at 0x145d5b19d0a0>,0,1,[14  1],1,1,2,0,1
1,<environment.Job instance at 0x145d5b39aeb0>,3,1,[8 1],4,4,5,0,4
1,<environment.Job instance at 0x145d9b03fb40>,12,1,[10  1],19,19,20,0,19
1,<environment.Job instance at 0x145d9b03fcd0>,14,2,[8 1],21,21,23,0,21
1,<environment.Job instance at 0x145d9b03fa50>,15,1,[5 2],22,22,23,0,22
1,<environment.Job instance at 0x145d9b03f0a0>,16,3,[1 7],23,23,26,0,23
1,<environment.Job instance at 0x145d9b03fe60>,17,2,[5 1],24,24,26,0,24
1,<environment.Job instance at 0x145d5b3a47d0>,20,1,[1 5],28,28,29,0,28
1,<environment.Job instance at 0x145d5b3a4e10>,21,1,[8 2],29,29,30,0,29
1,<environment.Job instance at 0x145d5b3a4410>,23,1,[10  1],31,31,32,0,31
1,<environment.Job instance at 0x145d5b3a40f0>,24,2,[ 1 10],32,32,34,0,32
1,<environment.Job instance at 0x145d9fdb0140>,30,1,[2 5],38,38,39,0,38
1,<environment.Job instance at 0x145d9fdb0820>,31,3,[ 1 11],41,41,44,0,41
1,<environment.Job instance at 0x145d9fdb0910>,32,2,[1 9],42,44,46,2,42
1,<environment.Job instance at 0x145d9fdb0dc0>,33,2,[2 5],43,44,46,1,43
1,<environment.Job instance at 0x145d9fdb0c80>,34,3,[1 5],46,46,49,0,46
1,<environment.Job instance at 0x145d9fdb0230>,35,1,[8 1],47,47,48,0,47
1,<environment.Job instance at 0x145d9fdb0eb0>,36,2,[8 2],48,48,50,0,48
1,<environment.Job instance at 0x145d5abf2fa0>,40,1,[1 5],53,53,54,0,53
1,<environment.Job instance at 0x145d5abf24b0>,41,16,[8 1],54,56,72,2,56
1,<environment.Job instance at 0x145d5b3b4140>,53,14,[10  1],69,74,88,5,74
1,<environment.Job instance at 0x145d9a1cae60>,54,3,[ 1 14],70,74,77,4,74
1,<environment.Job instance at 0x145d5b3b4a50>,55,3,[5 1],71,77,80,6,74
1,<environment.Job instance at 0x145d5b3b43c0>,56,2,[8 1],73,88,90,15,74
1,<environment.Job instance at 0x145d5b3b4cd0>,57,3,[9 1],74,90,93,16,74
1,<environment.Job instance at 0x145d9fd9e5a0>,58,3,[8 2],75,93,96,18,75
1,<environment.Job instance at 0x145d98638b90>,59,12,[7 2],77,93,105,16,77
1,<environment.Job instance at 0x145d9a12c910>,60,2,[2 7],79,87,89,8,87
1,<environment.Job instance at 0x145d5b1e9c80>,62,13,[ 2 10],82,96,109,14,88
1,<environment.Job instance at 0x145d5b6dccd0>,63,2,[1 9],83,89,91,6,88
1,<environment.Job instance at 0x145d9a138f00>,64,23,[1 5],84,105,128,21,99
1,<environment.Job instance at 0x145d9a2de050>,67,1,[8 2],87,109,110,22,99
1,<environment.Job instance at 0x145d9afa0910>,68,2,[7 1],88,110,112,22,99
1,<environment.Job instance at 0x145d5b603af0>,69,1,[5 1],89,99,100,10,99
1,<environment.Job instance at 0x145d5b256dc0>,74,22,[5 1],96,109,131,13,102
1,<environment.Job instance at 0x145d5ac58b40>,70,2,[2 8],90,110,112,20,109
1,<environment.Job instance at 0x145d5b18b690>,77,3,[1 5],102,112,115,10,109
1,<environment.Job instance at 0x145d5b18b730>,78,2,[5 2],103,112,114,9,109
1,<environment.Job instance at 0x145d9b018a00>,79,13,[8 1],105,114,127,9,109
1,<environment.Job instance at 0x145d9b018b40>,80,1,[7 2],106,127,128,21,109
1,<environment.Job instance at 0x145d9b018d20>,81,2,[2 8],107,128,130,21,109
1,<environment.Job instance at 0x145d9b018500>,82,12,[9 1],108,130,142,22,113
1,<environment.Job instance at 0x145d9b0187d0>,83,3,[9 2],110,142,145,32,116
1,<environment.Job instance at 0x145d9a2af690>,84,1,[ 2 10],111,131,132,20,116
1,<environment.Job instance at 0x145d9b0183c0>,85,2,[6 2],112,128,130,16,116
1,<environment.Job instance at 0x145d9a1e4640>,86,1,[1 5],114,116,117,2,116
1,<environment.Job instance at 0x145d9a1e4690>,87,2,[5 2],115,132,134,17,116
1,<environment.Job instance at 0x145d9fdb3b40>,91,3,[10  2],119,145,148,26,119
1,<environment.Job instance at 0x145d9ad6a320>,7,2,[ 1 10],8,128,130,120,128
1,<environment.Job instance at 0x145d9ad6a4b0>,8,1,[5 1],9,135,136,126,135
1,<environment.Job instance at 0x145d9ad6a8c0>,9,3,[5 2],10,139,142,129,139
1,<environment.Job instance at 0x145d9ad6a910>,10,17,[6 2],14,171,188,157,171
1,<environment.Job instance at 0x145d9ad6a870>,11,3,[5 2],15,201,204,186,201
1,<environment.Job instance at 0x145d9ad6a730>,12,15,[10  2],16,249,264,233,249
1,<environment.Job instance at 0x145d9ad6ad70>,13,2,[8 2],17,265,267,248,265
1,<environment.Job instance at 0x145d9ad6a500>,14,2,[11  1],18,283,285,265,283
1,<environment.Job instance at 0x145d9ad6afa0>,15,1,[8 2],19,313,314,294,313
1,<environment.Job instance at 0x145d9ad6a820>,16,12,[1 8],20,313,325,293,313
1,<environment.Job instance at 0x145d9ad6a7d0>,17,28,[ 2 10],21,380,408,359,380
1,<environment.Job instance at 0x145d9ad6abe0>,18,3,[9 1],24,380,383,356,380
1,<environment.Job instance at 0x145d9ad6a2d0>,19,14,[2 5],26,383,397,357,380
1,<environment.Job instance at 0x145d9ad6a690>,20,2,[1 8],27,408,410,381,387
1,<environment.Job instance at 0x145d9ad6a050>,21,1,[5 1],28,397,398,369,389
1,<environment.Job instance at 0x145d9ad6a0a0>,22,14,[1 7],29,408,422,379,393
1,<environment.Job instance at 0x145d9ad6a190>,23,2,[8 1],31,397,399,366,396
1,<environment.Job instance at 0x145d9ad6ae60>,24,2,[6 2],33,403,405,370,403
1,<environment.Job instance at 0x145d9a3179b0>,25,2,[1 5],34,405,407,371,404
1,<environment.Job instance at 0x145d9a317190>,26,2,[9 2],35,410,412,375,404
1,<environment.Job instance at 0x145d9a3172d0>,27,1,[9 1],38,407,408,369,405
1,<environment.Job instance at 0x145d9a3171e0>,28,2,[9 1],39,412,414,373,408
1,<environment.Job instance at 0x145d9a317320>,29,2,[6 2],40,414,416,374,408
1,<environment.Job instance at 0x145d9a317230>,30,2,[2 9],42,422,424,380,409
1,<environment.Job instance at 0x145d9a317460>,31,17,[2 9],43,424,441,381,412
1,<environment.Job instance at 0x145d9a317aa0>,32,3,[7 1],44,420,423,376,420
1,<environment.Job instance at 0x145d9a317550>,33,2,[ 1 10],45,441,443,396,420
1,<environment.Job instance at 0x145d9a317050>,34,2,[ 1 11],47,443,445,396,421
1,<environment.Job instance at 0x145d9a317500>,35,2,[1 8],48,445,447,397,424
1,<environment.Job instance at 0x145d9a317c30>,36,16,[ 1 12],49,447,463,398,434
1,<environment.Job instance at 0x145d9a317820>,37,1,[1 5],50,438,439,388,438
1,<environment.Job instance at 0x145d9a317730>,38,3,[2 8],51,463,466,412,438
1,<environment.Job instance at 0x145d9a317960>,39,12,[7 2],52,441,453,389,441
1,<environment.Job instance at 0x145d9a317e10>,40,1,[2 5],54,445,446,391,441
1,<environment.Job instance at 0x145d9a317f50>,41,17,[ 1 10],56,466,483,410,454
1,<environment.Job instance at 0x145d9a317dc0>,42,3,[1 6],59,463,466,404,454
1,<environment.Job instance at 0x145d9a317690>,43,3,[2 6],60,483,486,423,458
1,<environment.Job instance at 0x145d9a317af0>,44,3,[2 5],61,466,469,405,458
1,<environment.Job instance at 0x145d9a3175f0>,45,16,[7 2],62,469,485,407,458
1,<environment.Job instance at 0x145d9ad210a0>,46,12,[9 1],63,485,497,422,485
1,<environment.Job instance at 0x145d9ad21910>,47,3,[7 2],65,497,500,432,489
1,<environment.Job instance at 0x145d9ad21460>,48,3,[1 6],67,505,508,438,505
1,<environment.Job instance at 0x145d9ad21d20>,49,2,[1 6],69,542,544,473,542
1,<environment.Job instance at 0x145d9ad21c30>,50,2,[8 1],73,542,544,469,542
1,<environment.Job instance at 0x145d9ad21820>,51,3,[9 2],74,553,556,479,553
1,<environment.Job instance at 0x145d9ad21500>,52,1,[2 8],76,594,595,518,594
1,<environment.Job instance at 0x145d9ad21b40>,53,2,[10  1],77,594,596,517,594
1,<environment.Job instance at 0x145d9ad21230>,54,13,[1 8],78,595,608,517,595
1,<environment.Job instance at 0x145d9ad21870>,55,3,[5 1],80,613,616,533,613
1,<environment.Job instance at 0x145d9ad215f0>,56,26,[5 2],82,637,663,555,637
1,<environment.Job instance at 0x145d9ad218c0>,57,2,[7 2],84,684,686,600,684
1,<environment.Job instance at 0x145d9ad21730>,58,12,[2 8],85,707,719,622,707
1,<environment.Job instance at 0x145d9ad214b0>,59,14,[10  2],86,711,725,625,711
1,<environment.Job instance at 0x145d9ad21be0>,60,3,[2 6],87,742,745,655,742
1,<environment.Job instance at 0x145d9ad21dc0>,61,12,[6 1],90,767,779,677,767
1,<environment.Job instance at 0x145d9ad217d0>,62,18,[1 6],91,879,897,788,879
1,<environment.Job instance at 0x145d9ad21cd0>,63,14,[9 2],93,881,895,788,881
1,<environment.Job instance at 0x145d9ad21eb0>,65,1,[5 2],97,905,906,808,905
1,<environment.Job instance at 0x145d9ad21aa0>,66,1,[9 1],98,946,947,848,946
1,<environment.Job instance at 0x145d9ad219b0>,67,23,[9 1],100,947,970,847,946
1,<environment.Job instance at 0x145d9f465af0>,68,14,[10  1],101,970,984,869,970
1,<environment.Job instance at 0x145d9f465370>,69,18,[1 7],102,982,1000,880,982
1,<environment.Job instance at 0x145d9f465640>,70,16,[9 2],103,984,1000,881,982
1,<environment.Job instance at 0x145d9f465fa0>,71,2,[1 5],104,1001,1003,897,1001
1,<environment.Job instance at 0x145d9f465a00>,72,1,[2 5],105,1033,1034,928,1033
1,<environment.Job instance at 0x145d9f465820>,73,12,[5 1],108,1038,1050,930,1038
1,<environment.Job instance at 0x145d9f465dc0>,74,1,[10  1],110,1068,1069,958,1068
1,<environment.Job instance at 0x145d9f4650a0>,75,1,[7 1],111,1083,1084,972,1083
1,<environment.Job instance at 0x145d9f465730>,76,2,[10  1],112,1142,1144,1030,1142
1,<environment.Job instance at 0x145d9f465c80>,77,1,[6 2],113,1168,1169,1055,1168
1,<environment.Job instance at 0x145d9f4650f0>,78,3,[6 2],114,1170,1173,1056,1170
1,<environment.Job instance at 0x145d9f465410>,79,3,[2 5],118,1200,1203,1082,1200
1,<environment.Job instance at 0x145d9f4653c0>,80,2,[5 1],119,1201,1203,1082,1201
1,<environment.Job instance at 0x145d5b0aafa0>,11,1,[14  2],16,22,23,6,22
1,<environment.Job instance at 0x145d5b0aaeb0>,12,2,[6 2],17,33,35,16,33
1,<environment.Job instance at 0x145d5b0ba1e0>,14,2,[1 9],19,167,169,148,167
1,<environment.Job instance at 0x145d5b0ba280>,15,3,[6 2],20,191,194,171,191
1,<environment.Job instance at 0x145d5b0ba410>,17,2,[1 8],23,191,193,168,191
1,<environment.Job instance at 0x145d5b0ba460>,18,17,[9 1],24,193,210,169,191
1,<environment.Job instance at 0x145d5b0ba3c0>,19,2,[2 8],27,209,211,182,209
1,<environment.Job instance at 0x145d5b0ba550>,22,17,[7 2],31,210,227,179,209
1,<environment.Job instance at 0x145d5b0ba8c0>,23,13,[8 1],34,211,224,177,209
1,<environment.Job instance at 0x145d5b0ba960>,24,2,[10  1],35,227,229,192,209
1,<environment.Job instance at 0x145d5b0baa00>,25,18,[8 1],37,229,247,192,218
1,<environment.Job instance at 0x145d5b0baaa0>,26,1,[6 2],38,224,225,186,218
1,<environment.Job instance at 0x145d5b0bac30>,27,1,[6 1],39,225,226,186,218
1,<environment.Job instance at 0x145d5b0bab40>,28,1,[8 1],40,226,227,186,218
1,<environment.Job instance at 0x145d5b0bac80>,29,1,[5 1],43,227,228,184,218
1,<environment.Job instance at 0x145d5b0bad20>,30,2,[1 9],44,224,226,180,218
1,<environment.Job instance at 0x145d5b0ba870>,31,3,[ 2 10],46,228,231,182,218
1,<environment.Job instance at 0x145d5b0bae60>,32,2,[7 1],48,231,233,183,218
1,<environment.Job instance at 0x145d5b0bafa0>,33,2,[ 1 10],51,233,235,182,218
1,<environment.Job instance at 0x145d5b0baeb0>,34,1,[ 2 10],52,235,236,183,218
1,<environment.Job instance at 0x145d5b0badc0>,35,3,[1 9],54,236,239,182,218
1,<environment.Job instance at 0x145d5b0ae190>,36,17,[ 1 10],55,239,256,184,228
1,<environment.Job instance at 0x145d5b0ae460>,40,1,[1 6],62,256,257,194,228
1,<environment.Job instance at 0x145d5b0ae4b0>,41,1,[1 8],63,256,257,193,228
1,<environment.Job instance at 0x145d5b0ae2d0>,42,1,[8 2],65,247,248,182,239
1,<environment.Job instance at 0x145d5b0ae640>,45,14,[6 2],70,239,253,169,239
1,<environment.Job instance at 0x145d5b0ae780>,46,1,[5 2],71,248,249,177,241
1,<environment.Job instance at 0x145d5b0ae8c0>,47,18,[10  2],72,257,275,185,247
1,<environment.Job instance at 0x145d5b0ae910>,48,3,[1 5],73,253,256,180,247
1,<environment.Job instance at 0x145d5b0ae960>,49,14,[1 7],74,257,271,183,247
1,<environment.Job instance at 0x145d5b0ae500>,50,2,[1 8],76,271,273,195,250
1,<environment.Job instance at 0x145d5b0aeaa0>,51,12,[5 2],77,273,285,196,257
1,<environment.Job instance at 0x145d5b0aec30>,52,1,[2 9],78,275,276,197,259
1,<environment.Job instance at 0x145d5b0aeb40>,53,1,[10  2],79,276,277,197,260
1,<environment.Job instance at 0x145d5b0aec80>,54,2,[5 2],82,277,279,195,276
1,<environment.Job instance at 0x145d5b0aed20>,55,2,[10  1],83,279,281,196,276
1,<environment.Job instance at 0x145d5b0aea00>,56,17,[7 1],85,281,298,196,278
1,<environment.Job instance at 0x145d5b0aeeb0>,57,1,[7 2],86,289,290,203,289
1,<environment.Job instance at 0x145d5b0aefa0>,58,15,[7 1],87,293,308,206,293
1,<environment.Job instance at 0x145d5b0aef50>,59,13,[5 2],93,301,314,208,301
1,<environment.Job instance at 0x145d5b0a50a0>,60,3,[1 9],94,303,306,209,303
1,<environment.Job instance at 0x145d5b0aee60>,61,1,[1 7],97,306,307,209,304
1,<environment.Job instance at 0x145d5b0a5140>,62,14,[7 1],99,308,322,209,304
1,<environment.Job instance at 0x145d5b0a5320>,63,3,[6 2],100,314,317,214,305
1,<environment.Job instance at 0x145d5b0a5410>,64,17,[6 2],105,317,334,212,305
1,<environment.Job instance at 0x145d5b0a5370>,65,2,[8 1],106,322,324,216,305
1,<environment.Job instance at 0x145d5b0a5230>,66,3,[8 2],108,324,327,216,305
1,<environment.Job instance at 0x145d5b0a5460>,67,14,[10  2],109,334,348,225,320
1,<environment.Job instance at 0x145d5b0a5690>,68,2,[2 6],110,340,342,230,340
1,<environment.Job instance at 0x145d5b0a55a0>,69,17,[1 9],111,342,359,231,342
1,<environment.Job instance at 0x145d5b0a56e0>,70,3,[1 6],112,348,351,236,343
1,<environment.Job instance at 0x145d5b0a5780>,71,1,[8 1],113,351,352,238,343
1,<environment.Job instance at 0x145d5b0a5820>,72,1,[6 1],114,351,352,237,345
1,<environment.Job instance at 0x145d5b0a5550>,73,1,[1 9],118,359,360,241,345
1,<environment.Job instance at 0x145d9f4653c0>,3,3,[2 7],6,1536,1539,1530,1536
1,<environment.Job instance at 0x145d5b670730>,2,1,[2 8],4,4,5,0,4
1,<environment.Job instance at 0x145d988bd280>,3,2,[9 1],7,7,9,0,7
1,<environment.Job instance at 0x145d5b670b90>,9,3,[1 5],20,20,23,0,20
1,<environment.Job instance at 0x145d5b670320>,10,1,[9 1],21,21,22,0,21
1,<environment.Job instance at 0x145d5b670d20>,11,2,[1 7],23,23,25,0,23
1,<environment.Job instance at 0x145d5b677e10>,18,1,[1 9],31,32,33,1,32
1,<environment.Job instance at 0x145d5b677eb0>,21,3,[2 5],34,34,37,0,34
1,<environment.Job instance at 0x145da1332190>,23,1,[5 2],37,532,533,495,532
1,<environment.Job instance at 0x145d5ae9c7d0>,7,1,[6 2],11,11,12,0,11
1,<environment.Job instance at 0x145d5ae9cfa0>,13,21,[6 2],22,22,43,0,22
1,<environment.Job instance at 0x145d5aeb4b90>,21,1,[ 1 10],35,35,36,0,35
1,<environment.Job instance at 0x145d5ae9ce60>,11,13,[ 2 10],18,36,49,18,36
1,<environment.Job instance at 0x145d5aeb4eb0>,23,3,[2 9],37,49,52,12,37
1,<environment.Job instance at 0x145d5aeb4c80>,26,27,[7 1],41,41,68,0,41
1,<environment.Job instance at 0x145d5aeb1140>,27,18,[8 1],42,52,70,10,48
1,<environment.Job instance at 0x145d5aeb1fa0>,39,1,[2 7],63,68,69,5,67
1,<environment.Job instance at 0x145d5aeb13c0>,30,2,[2 6],46,70,72,24,70
1,<environment.Job instance at 0x145d5ae99550>,43,3,[1 8],68,71,74,3,71
1,<environment.Job instance at 0x145d5ae991e0>,42,23,[1 9],66,74,97,8,74
1,<environment.Job instance at 0x145d5ae99dc0>,50,3,[1 6],86,86,89,0,86
1,<environment.Job instance at 0x145d9fe262d0>,52,1,[2 7],88,97,98,9,88
1,<environment.Job instance at 0x145d9fe26410>,53,2,[2 5],89,89,91,0,89
1,<environment.Job instance at 0x145d9fe26550>,54,3,[1 8],90,97,100,7,90
1,<environment.Job instance at 0x145d9fe26690>,55,1,[10  2],91,91,92,0,91
1,<environment.Job instance at 0x145d5ae99870>,44,3,[2 9],72,100,103,28,91
1,<environment.Job instance at 0x145d9fe26cd0>,62,13,[8 1],104,109,122,5,109
1,<environment.Job instance at 0x145d9fe26a00>,58,3,[9 2],96,122,125,26,121
1,<environment.Job instance at 0x145d9fe3da50>,71,2,[7 2],117,125,127,8,121
1,<environment.Job instance at 0x145d9fe3daa0>,72,2,[13  1],118,127,129,9,121
1,<environment.Job instance at 0x145d9fe3db90>,73,2,[1 7],119,121,123,2,121
1,<environment.Job instance at 0x145d5ae9c870>,5,1,[7 2],8,162,163,154,162
1,<environment.Job instance at 0x14f8103d09b0>,7,1,[2 6],8,8,9,0,8
1,<environment.Job instance at 0x14f81043b2d0>,15,1,[ 1 10],20,20,21,0,20
1,<environment.Job instance at 0x14f8103fe730>,16,1,[2 5],21,21,22,0,21
1,<environment.Job instance at 0x14f8103f9370>,20,2,[ 1 13],27,35,37,8,35
1,<environment.Job instance at 0x14f8103649b0>,26,1,[2 7],35,37,38,2,35
1,<environment.Job instance at 0x14f8103ee410>,33,1,[2 7],43,43,44,0,43
1,<environment.Job instance at 0x14f8103f98c0>,24,12,[ 1 10],32,53,65,21,53
1,<environment.Job instance at 0x14f81036d460>,34,15,[11  1],44,53,68,9,53
1,<environment.Job instance at 0x14f80e93dd70>,38,1,[8 1],51,68,69,17,53
1,<environment.Job instance at 0x14f80e945dc0>,39,3,[1 5],52,65,68,13,53
1,<environment.Job instance at 0x14f80e998870>,40,3,[1 6],53,65,68,12,53
1,<environment.Job instance at 0x14f816356d20>,36,3,[10  2],48,69,72,21,58
1,<environment.Job instance at 0x14f80ec20410>,42,1,[10  1],56,72,73,16,60
1,<environment.Job instance at 0x14f80ec1eb90>,43,3,[7 2],57,73,76,16,60
1,<environment.Job instance at 0x14f80e6f2190>,44,3,[1 8],58,68,71,10,61
1,<environment.Job instance at 0x14f80e7025a0>,0,1,[5 1],1,1,2,0,1
1,<environment.Job instance at 0x14f810366460>,5,16,[8 1],7,10,26,3,10
1,<environment.Job instance at 0x14f810366d70>,8,1,[2 8],11,11,12,0,11
1,<environment.Job instance at 0x14f8103665f0>,9,1,[ 2 10],12,12,13,0,12
1,<environment.Job instance at 0x14f8103667d0>,10,1,[ 2 14],13,13,14,0,13
1,<environment.Job instance at 0x14f810366960>,11,1,[8 2],14,26,27,12,14
1,<environment.Job instance at 0x14f8103665a0>,12,15,[5 1],15,15,30,0,15
1,<environment.Job instance at 0x14f810366c80>,13,18,[1 8],16,16,34,0,16
1,<environment.Job instance at 0x14f810366820>,14,2,[ 1 10],20,34,36,14,20
1,<environment.Job instance at 0x14f80e49bbe0>,15,3,[11  2],21,30,33,9,21
1,<environment.Job instance at 0x14f80e49bd20>,16,3,[ 2 10],22,36,39,14,22
1,<environment.Job instance at 0x14f80e49b730>,18,1,[8 1],24,27,28,3,24
1,<environment.Job instance at 0x14f80e49baf0>,26,1,[1 8],36,39,40,3,36
1,<environment.Job instance at 0x14f80e49b280>,25,3,[12  1],34,50,53,16,50
1,<environment.Job instance at 0x14f8103645f0>,28,3,[7 2],38,53,56,15,50
1,<environment.Job instance at 0x14f810364e10>,3,2,[ 2 12],6,7,9,1,7
1,<environment.Job instance at 0x14f7f5652410>,11,3,[ 2 10],15,21,24,6,21
1,<environment.Job instance at 0x14f7f56527d0>,12,3,[ 1 13],16,24,27,8,22
1,<environment.Job instance at 0x14f7f5652d70>,13,3,[1 5],19,27,30,8,22
1,<environment.Job instance at 0x14f7f5652500>,14,21,[ 2 13],20,30,51,10,22
1,<environment.Job instance at 0x14f7f5652550>,15,1,[2 8],21,27,28,6,23
1,<environment.Job instance at 0x14f7f56940a0>,16,1,[7 1],22,23,24,1,23
1,<environment.Job instance at 0x14f7f5694280>,17,18,[5 2],23,24,42,1,24
1,<environment.Job instance at 0x14f7f56945f0>,18,2,[8 2],25,28,30,3,25
1,<environment.Job instance at 0x14f7f5694910>,19,3,[1 7],26,51,54,25,26
1,<environment.Job instance at 0x14f7f5694320>,20,18,[8 1],27,42,60,15,32
1,<environment.Job instance at 0x14f7f56045f0>,22,1,[1 8],29,54,55,25,46
1,<environment.Job instance at 0x14f7f5652c30>,9,1,[1 5],13,81,82,68,81
1,<environment.Job instance at 0x14f7f578d730>,38,2,[2 5],54,82,84,28,82
1,<environment.Job instance at 0x14f7f578df50>,32,1,[2 5],44,82,83,38,82
1,<environment.Job instance at 0x14f7f578dd70>,40,14,[8 1],56,82,96,26,82
1,<environment.Job instance at 0x14f7f578db90>,41,2,[ 1 10],57,85,87,28,85
1,<environment.Job instance at 0x14f7f578da50>,39,1,[ 2 10],55,87,88,32,85
1,<environment.Job instance at 0x14f7f578d960>,43,21,[7 2],60,89,110,29,89
1,<environment.Job instance at 0x14f7f578dd20>,44,13,[5 2],61,96,109,35,96
1,<environment.Job instance at 0x14f7f578d780>,51,2,[10  1],73,110,112,37,96
1,<environment.Job instance at 0x14f7f5661be0>,52,3,[1 9],74,102,105,28,102
1,<environment.Job instance at 0x14f7f578d1e0>,45,3,[1 9],62,108,111,46,108
1,<environment.Job instance at 0x14f7f5661640>,54,2,[2 7],81,111,113,30,108
1,<environment.Job instance at 0x14f7f578daf0>,50,20,[8 2],72,121,141,49,121
1,<environment.Job instance at 0x14f7f5661e10>,53,3,[1 8],78,133,136,55,133
1,<environment.Job instance at 0x14f7f578b1e0>,60,1,[1 8],88,176,177,88,176
1,<environment.Job instance at 0x14f7f578bb90>,64,2,[ 2 10],95,178,180,83,178
1,<environment.Job instance at 0x14f7f578ba00>,65,15,[8 2],96,179,194,83,179
1,<environment.Job instance at 0x14f7f578bd20>,66,17,[10  1],98,194,211,96,183
1,<environment.Job instance at 0x14f7f571d500>,68,1,[6 2],101,211,212,110,208
1,<environment.Job instance at 0x14f7f571d1e0>,69,3,[2 7],103,208,211,105,208
1,<environment.Job instance at 0x14f7f571d0f0>,70,15,[ 1 11],107,211,226,104,209
1,<environment.Job instance at 0x14f7f571d050>,71,2,[8 1],108,211,213,103,209
1,<environment.Job instance at 0x14f7f571d820>,72,2,[1 9],111,226,228,115,209
1,<environment.Job instance at 0x14f7f571d730>,73,2,[1 6],112,226,228,114,212
1,<environment.Job instance at 0x14f7f571d460>,74,1,[1 9],113,230,231,117,230
1,<environment.Job instance at 0x14f7f571d870>,75,3,[1 8],114,233,236,119,233
1,<environment.Job instance at 0x14f7f571daa0>,76,1,[9 2],115,246,247,131,246
1,<environment.Job instance at 0x14f7f571dfa0>,77,18,[ 1 10],116,397,415,281,397
1,<environment.Job instance at 0x14f7f571d320>,78,2,[1 6],118,420,422,302,420
1,<environment.Job instance at 0x14f7f571d2d0>,79,3,[ 2 10],120,422,425,302,422
1,<environment.Job instance at 0x14f7f57867d0>,80,1,[7 2],121,425,426,304,425
1,<environment.Job instance at 0x14f7f5786fa0>,81,3,[9 1],122,429,432,307,429
1,<environment.Job instance at 0x14f7f5786d70>,82,16,[9 1],123,432,448,309,430
1,<environment.Job instance at 0x14f7f5786640>,83,1,[6 2],125,431,432,306,431
1,<environment.Job instance at 0x14f7f5786dc0>,84,3,[2 7],126,433,436,307,433
1,<environment.Job instance at 0x14f7f57866e0>,85,14,[7 2],127,448,462,321,435
1,<environment.Job instance at 0x14f7f5786cd0>,86,2,[ 1 10],129,452,454,323,452
1,<environment.Job instance at 0x14f80c041910>,15,1,[7 2],26,26,27,0,26
1,<environment.Job instance at 0x14f80c0a1c80>,25,3,[8 1],39,40,43,1,40
1,<environment.Job instance at 0x14f80c0a1320>,26,3,[8 1],43,43,46,0,43
1,<environment.Job instance at 0x14f7f5459690>,22,2,[2 5],36,43,45,7,43
1,<environment.Job instance at 0x14f80c0a1e10>,27,1,[10  1],44,46,47,2,44
1,<environment.Job instance at 0x14f7f5459500>,24,12,[5 2],38,45,57,7,45
1,<environment.Job instance at 0x14f80c0a14b0>,30,16,[2 8],49,49,65,0,49
1,<environment.Job instance at 0x14f80c0a1c30>,31,13,[ 2 10],52,65,78,13,52
1,<environment.Job instance at 0x14f80c0a17d0>,32,1,[2 6],53,57,58,4,53
1,<environment.Job instance at 0x14f80c042960>,33,2,[1 5],55,55,57,0,55
1,<environment.Job instance at 0x14f80c042410>,34,2,[8 1],56,57,59,1,56
1,<environment.Job instance at 0x14f80c042be0>,35,3,[2 9],57,78,81,21,57
1,<environment.Job instance at 0x14f80c042b90>,36,1,[5 1],59,59,60,0,59
1,<environment.Job instance at 0x14f80c042550>,37,3,[1 5],60,60,63,0,60
1,<environment.Job instance at 0x14f80c042f00>,38,2,[1 9],61,81,83,20,61
1,<environment.Job instance at 0x14f80c0422d0>,39,3,[2 8],62,83,86,21,62
1,<environment.Job instance at 0x14f80c042730>,40,1,[1 8],65,86,87,21,65
1,<environment.Job instance at 0x14f7f578fd70>,41,16,[2 6],66,78,94,12,66
1,<environment.Job instance at 0x14f7f578f230>,42,3,[1 6],67,87,90,20,67
1,<environment.Job instance at 0x14f7f578fc80>,43,2,[8 2],68,68,70,0,68
1,<environment.Job instance at 0x14f7f578f500>,44,14,[9 1],70,83,97,13,70
1,<environment.Job instance at 0x14f7f578f2d0>,45,3,[10  1],71,71,74,0,71
1,<environment.Job instance at 0x14f7f578f460>,46,2,[1 7],72,90,92,18,72
1,<environment.Job instance at 0x14f7f578fdc0>,47,15,[1 5],73,92,107,19,78
1,<environment.Job instance at 0x14f7f578f0a0>,50,2,[1 5],78,94,96,16,78
1,<environment.Job instance at 0x14f7f578ff00>,51,15,[10  1],79,97,112,18,83
1,<environment.Job instance at 0x14f80c09a320>,53,1,[8 2],81,112,113,31,84
1,<environment.Job instance at 0x14f7f56cd7d0>,55,2,[6 1],84,112,114,28,85
1,<environment.Job instance at 0x14f7f57c9280>,56,3,[10  1],86,114,117,28,88
1,<environment.Job instance at 0x14f7f5406d70>,57,3,[10  2],87,117,120,30,114
1,<environment.Job instance at 0x14f80c072960>,58,3,[ 2 11],90,118,121,28,118
1,<environment.Job instance at 0x14f80c09a550>,54,14,[14  1],82,121,135,39,119
1,<environment.Job instance at 0x14f7f56cd500>,59,2,[1 7],91,121,123,30,119
1,<environment.Job instance at 0x14f810dcd050>,63,16,[1 5],95,123,139,28,119
1,<environment.Job instance at 0x14f7f578a370>,64,2,[ 1 10],96,135,137,39,119
1,<environment.Job instance at 0x14f7f578a820>,65,17,[2 9],97,137,154,40,125
1,<environment.Job instance at 0x14f7f578a730>,66,15,[7 2],98,139,154,41,138
1,<environment.Job instance at 0x14f7f578adc0>,67,16,[2 8],99,154,170,55,141
1,<environment.Job instance at 0x14f7f578a640>,74,2,[2 8],109,170,172,61,143
1,<environment.Job instance at 0x14f7f578aeb0>,75,1,[6 2],111,143,144,32,143
1,<environment.Job instance at 0x14f7f578a190>,76,1,[2 9],112,172,173,60,144
1,<environment.Job instance at 0x14f7f4f8b6e0>,77,27,[ 2 10],113,173,200,60,171
1,<environment.Job instance at 0x14f7f4fe8870>,80,1,[5 2],117,171,172,54,171
1,<environment.Job instance at 0x14f7f4f6c0a0>,81,1,[2 5],118,171,172,53,171
1,<environment.Job instance at 0x14f80c0ada50>,82,2,[ 1 10],120,200,202,80,173
1,<environment.Job instance at 0x14f7f4fa57d0>,83,3,[2 5],121,173,176,52,173
1,<environment.Job instance at 0x14f7f4fdcf00>,84,12,[6 1],122,176,188,54,173
1,<environment.Job instance at 0x14f7f4f54500>,85,2,[5 2],123,176,178,53,173
1,<environment.Job instance at 0x14f7f4f54a50>,86,1,[7 1],126,178,179,52,173
1,<environment.Job instance at 0x14f7f5094aa0>,87,2,[7 1],127,179,181,52,173
1,<environment.Job instance at 0x14f7f5094820>,88,1,[7 2],128,181,182,53,173
1,<environment.Job instance at 0x14f7f4fe2230>,89,3,[10  2],129,188,191,59,173
1,<environment.Job instance at 0x14f7f578a690>,79,2,[2 7],116,202,204,86,202
1,<environment.Job instance at 0x14f80c0a11e0>,29,15,[2 8],48,1228,1243,1180,1228
1,<environment.Job instance at 0x14f7f5042960>,6,2,[1 5],10,22,24,12,22
1,<environment.Job instance at 0x14f7f5042a50>,7,1,[1 7],11,59,60,48,59
1,<environment.Job instance at 0x14f7f5042e10>,8,3,[2 7],12,60,63,48,60
1,<environment.Job instance at 0x14f7f5042140>,9,2,[1 5],13,133,135,120,133
1,<environment.Job instance at 0x14f7f5042d20>,10,1,[1 9],15,137,138,122,137
1,<environment.Job instance at 0x14f7f5042af0>,11,1,[2 5],16,137,138,121,137
1,<environment.Job instance at 0x14f7f50420a0>,12,15,[7 1],17,137,152,120,137
1,<environment.Job instance at 0x14f7f5042730>,13,1,[2 6],18,148,149,130,148
1,<environment.Job instance at 0x14f7f5042f50>,14,1,[2 8],20,151,152,131,151
1,<environment.Job instance at 0x14f7f5042f00>,15,1,[2 6],21,151,152,130,151
1,<environment.Job instance at 0x14f7f5042e60>,16,3,[1 7],23,152,155,129,151
1,<environment.Job instance at 0x14f7f50423c0>,17,17,[2 7],24,152,169,128,151
1,<environment.Job instance at 0x14f7f5042a00>,18,14,[1 6],25,155,169,130,151
1,<environment.Job instance at 0x14f7f5042050>,19,17,[9 1],26,152,169,126,151
1,<environment.Job instance at 0x14f7f50427d0>,20,3,[5 1],27,169,172,142,166
1,<environment.Job instance at 0x14f7f5042370>,21,1,[10  1],28,169,170,141,166
1,<environment.Job instance at 0x14f7f50424b0>,22,1,[1 8],29,170,171,141,170
1,<environment.Job instance at 0x14f7f5042870>,23,12,[9 2],30,170,182,140,170
1,<environment.Job instance at 0x14f7f5042690>,24,2,[2 6],31,177,179,146,177
1,<environment.Job instance at 0x14f7f5042410>,25,3,[9 2],32,182,185,150,178
1,<environment.Job instance at 0x14f7f5042dc0>,26,2,[10  2],33,185,187,152,181
1,<environment.Job instance at 0x14f7f5042c80>,27,16,[10  2],34,187,203,153,183
1,<environment.Job instance at 0x14f7f50389b0>,28,16,[ 2 10],35,198,214,163,198
1,<environment.Job instance at 0x14f7f5038dc0>,29,2,[1 6],37,214,216,177,199
1,<environment.Job instance at 0x14f7f5038af0>,30,15,[2 6],39,214,229,175,200
1,<environment.Job instance at 0x14f7f5038aa0>,31,2,[7 2],40,203,205,163,200
1,<environment.Job instance at 0x14f7f50380f0>,32,13,[5 1],41,203,216,162,200
1,<environment.Job instance at 0x14f7f4f3b960>,33,2,[1 8],42,216,218,174,202
1,<environment.Job instance at 0x14f7f4f3bbe0>,34,14,[6 1],43,205,219,162,202
1,<environment.Job instance at 0x14f7f4f3b780>,35,1,[2 5],44,218,219,174,202
1,<environment.Job instance at 0x14f7f4f3bb40>,36,14,[2 8],45,219,233,174,208
1,<environment.Job instance at 0x14f7f4f3be10>,37,2,[7 1],46,219,221,173,209
1,<environment.Job instance at 0x14f7f4f3bdc0>,38,3,[7 1],47,221,224,174,211
1,<environment.Job instance at 0x14f7f4f3b5a0>,39,13,[10  1],48,224,237,176,213
1,<environment.Job instance at 0x14f7f4f3bc30>,40,25,[12  1],49,237,262,188,233
1,<environment.Job instance at 0x14f7f4f3b320>,41,1,[ 2 10],50,250,251,200,250
1,<environment.Job instance at 0x14f7f5032eb0>,42,2,[10  2],52,262,264,210,259
1,<environment.Job instance at 0x14f7f5032820>,43,3,[7 1],56,264,267,208,261
1,<environment.Job instance at 0x14f7f5032280>,44,3,[2 8],57,265,268,208,265
1,<environment.Job instance at 0x14f7f5032320>,45,3,[1 9],58,268,271,210,265
1,<environment.Job instance at 0x14f7f5032d70>,46,16,[10  1],59,267,283,208,265
1,<environment.Job instance at 0x14f80e6d73c0>,47,3,[2 9],60,271,274,211,266
1,<environment.Job instance at 0x14f81036de10>,48,23,[1 6],61,274,297,213,268
1,<environment.Job instance at 0x14f7f52d24b0>,49,12,[7 1],64,283,295,219,268
1,<environment.Job instance at 0x14f7f52bd690>,50,3,[10  1],67,295,298,228,269
1,<environment.Job instance at 0x14f7f52bd050>,51,3,[6 1],69,283,286,214,269
1,<environment.Job instance at 0x14f8101d1fa0>,52,3,[8 1],70,298,301,228,272
1,<environment.Job instance at 0x14f8101d1410>,53,2,[7 1],72,286,288,214,272
1,<environment.Job instance at 0x14f8101d1e10>,54,18,[2 6],74,298,316,224,298
1,<environment.Job instance at 0x14f8101d1050>,55,1,[7 1],76,301,302,225,298
1,<environment.Job instance at 0x14f8101d17d0>,56,2,[5 1],77,298,300,221,298
1,<environment.Job instance at 0x14f8101d1b40>,57,14,[2 5],78,300,314,222,298
1,<environment.Job instance at 0x14f8101d1780>,58,3,[5 2],80,302,305,222,298
1,<environment.Job instance at 0x14f8101d1960>,59,12,[1 5],81,314,326,233,298
1,<environment.Job instance at 0x14f8101d1aa0>,60,13,[7 2],82,305,318,223,298
1,<environment.Job instance at 0x14f8101d1870>,61,3,[8 1],83,318,321,235,306
1,<environment.Job instance at 0x14f810ca8b40>,62,3,[2 6],86,316,319,230,312
1,<environment.Job instance at 0x14f80ec1c820>,63,18,[1 5],87,319,337,232,312
1,<environment.Job instance at 0x14f8101d1d70>,64,16,[1 5],91,321,337,230,312
1,<environment.Job instance at 0x14f7f543c910>,65,1,[1 9],92,337,338,245,313
1,<environment.Job instance at 0x14f810d82910>,66,3,[2 9],94,338,341,244,313
1,<environment.Job instance at 0x14f815ea4d70>,67,1,[10  2],95,326,327,231,313
1,<environment.Job instance at 0x14f810d82a50>,68,1,[5 2],96,314,315,218,313
1,<environment.Job instance at 0x14f815ea4280>,69,26,[2 8],98,341,367,243,338
1,<environment.Job instance at 0x14f80e9dde10>,70,2,[ 1 10],100,367,369,267,340
1,<environment.Job instance at 0x14f80e9b6730>,71,16,[ 2 10],102,369,385,267,356
1,<environment.Job instance at 0x14f815ea4500>,72,3,[10  2],103,356,359,253,356
1,<environment.Job instance at 0x14f815ea4370>,73,2,[1 6],107,359,361,252,356
1,<environment.Job instance at 0x14f80e9905a0>,74,3,[1 9],108,385,388,277,359
1,<environment.Job instance at 0x14f815ea4960>,75,16,[2 7],111,388,404,277,375
1,<environment.Job instance at 0x14f80c035e60>,76,1,[6 2],112,375,376,263,375
1,<environment.Job instance at 0x14f81553b190>,77,3,[10  2],114,376,379,262,375
1,<environment.Job instance at 0x14f7f52c9780>,78,3,[5 1],118,379,382,261,375
1,<environment.Job instance at 0x14f7f57d36e0>,79,1,[2 8],119,388,389,269,375
1,<environment.Job instance at 0x14f7f52b61e0>,80,2,[7 2],120,379,381,259,375
1,<environment.Job instance at 0x14f8110344b0>,81,2,[6 2],121,381,383,260,375
1,<environment.Job instance at 0x14f7f57d9820>,82,3,[9 1],122,383,386,261,375
1,<environment.Job instance at 0x14f7f4f863c0>,83,14,[2 8],123,389,403,266,375
1,<environment.Job instance at 0x14f811034370>,84,2,[5 2],124,385,387,261,375
1,<environment.Job instance at 0x14f815547780>,85,27,[1 7],125,403,430,278,401
1,<environment.Job instance at 0x14f8155478c0>,86,21,[1 8],126,404,425,278,401
1,<environment.Job instance at 0x14f810dbaaa0>,87,17,[2 8],127,425,442,298,413
1,<environment.Job instance at 0x14f7f5415190>,88,2,[6 1],129,430,432,301,413
1,<environment.Job instance at 0x14f7f51758c0>,11,15,[2 7],20,20,35,0,20
1,<environment.Job instance at 0x14f7f5175cd0>,13,1,[ 1 12],26,35,36,9,31
1,<environment.Job instance at 0x14f7f5175c80>,12,2,[8 2],25,31,33,6,31
1,<environment.Job instance at 0x14f7f5175500>,16,3,[1 9],31,36,39,5,31
1,<environment.Job instance at 0x14f7f5175730>,17,1,[2 9],34,39,40,5,34
1,<environment.Job instance at 0x14f7f5537140>,2,21,[ 2 10],4,5,26,1,5
1,<environment.Job instance at 0x14f811034d70>,9,2,[1 5],12,12,14,0,12
1,<environment.Job instance at 0x14f811034910>,8,2,[2 9],11,26,28,15,15
1,<environment.Job instance at 0x14f811034e60>,12,1,[9 1],16,17,18,1,17
1,<environment.Job instance at 0x14f811034be0>,13,17,[2 5],17,18,35,1,17
1,<environment.Job instance at 0x14f7f5737b40>,16,2,[5 2],21,28,30,7,23
1,<environment.Job instance at 0x14f7f5737550>,17,2,[5 1],22,26,28,4,24
1,<environment.Job instance at 0x14f81039b8c0>,18,1,[1 7],23,28,29,5,24
1,<environment.Job instance at 0x14f7f5181460>,19,17,[9 1],26,30,47,4,26
1,<environment.Job instance at 0x14f8100cee10>,20,1,[6 2],27,29,30,2,27
1,<environment.Job instance at 0x14f7f5187410>,22,1,[2 6],30,30,31,0,30
1,<environment.Job instance at 0x14f815f1f5f0>,23,3,[2 6],31,31,34,0,31
1,<environment.Job instance at 0x14f815e0d2d0>,24,2,[9 1],32,47,49,15,32
1,<environment.Job instance at 0x14f7f5318320>,26,2,[7 2],35,49,51,14,35
1,<environment.Job instance at 0x14f7f53181e0>,27,2,[9 2],36,51,53,15,36
1,<environment.Job instance at 0x14f7f5318500>,28,3,[5 1],37,37,40,0,37
1,<environment.Job instance at 0x14f7f5318640>,29,2,[ 1 10],38,38,40,0,38
1,<environment.Job instance at 0x14f80e9c75f0>,32,1,[8 2],43,49,50,6,43
1,<environment.Job instance at 0x14f80c0ec0f0>,34,17,[2 7],45,50,67,5,45
1,<environment.Job instance at 0x14f80e990f50>,35,13,[2 8],46,53,66,7,46
1,<environment.Job instance at 0x14f810d5e460>,36,16,[6 1],47,66,82,19,53
1,<environment.Job instance at 0x14f8180f0a50>,37,1,[8 2],48,67,68,19,53
1,<environment.Job instance at 0x14f817f315a0>,38,1,[5 2],49,66,67,17,53
1,<environment.Job instance at 0x14f80e9b9780>,39,1,[7 1],50,68,69,18,53
1,<environment.Job instance at 0x14f80e9b97d0>,40,1,[1 8],51,67,68,16,53
1,<environment.Job instance at 0x14f80e9b9c30>,41,2,[6 2],52,69,71,17,53
1,<environment.Job instance at 0x14f80e9b9410>,42,13,[2 9],53,68,81,15,53
1,<environment.Job instance at 0x14f7f56529b0>,43,1,[6 2],55,71,72,16,55
1,<environment.Job instance at 0x14f815f01730>,44,3,[8 2],56,81,84,25,56
1,<environment.Job instance at 0x14f815f01870>,45,2,[ 1 10],58,81,83,23,58
1,<environment.Job instance at 0x14f7f56a5f50>,46,13,[10  1],59,84,97,25,68
1,<environment.Job instance at 0x14f7f56a5870>,47,1,[5 1],60,72,73,12,68
1,<environment.Job instance at 0x14f7f56a5d70>,48,14,[2 9],61,83,97,22,68
1,<environment.Job instance at 0x14f7f56a5dc0>,49,2,[7 2],62,73,75,11,68
1,<environment.Job instance at 0x14f7f56a5e60>,51,3,[6 1],64,75,78,11,68
1,<environment.Job instance at 0x14f80f46eb40>,52,1,[13  1],65,97,98,32,69
1,<environment.Job instance at 0x14f80f46e1e0>,53,3,[2 7],66,97,100,31,71
1,<environment.Job instance at 0x14f80f46eaf0>,54,1,[5 1],67,78,79,11,71
1,<environment.Job instance at 0x14f7f56a5c80>,50,3,[10  1],63,98,101,35,72
1,<environment.Job instance at 0x14f7f52dab90>,56,3,[5 2],69,100,103,31,74
1,<environment.Job instance at 0x14f815769c80>,57,2,[8 2],70,101,103,31,74
1,<environment.Job instance at 0x14f8157699b0>,58,3,[2 8],71,101,104,30,75
1,<environment.Job instance at 0x14f815769730>,59,2,[2 5],72,79,81,7,76
1,<environment.Job instance at 0x14f8157693c0>,60,13,[7 2],74,103,116,29,100
1,<environment.Job instance at 0x14f8157690a0>,61,22,[8 1],75,104,126,29,101
1,<environment.Job instance at 0x14f815769550>,62,15,[ 2 10],76,116,131,40,102
1,<environment.Job instance at 0x14f8102b6eb0>,63,3,[10  2],77,126,129,49,102
1,<environment.Job instance at 0x14f7f53abdc0>,64,3,[2 5],79,129,132,50,103
1,<environment.Job instance at 0x14f81745b280>,65,17,[1 7],80,131,148,51,123
1,<environment.Job instance at 0x14f8110341e0>,6,15,[7 2],9,131,146,122,128
1,<environment.Job instance at 0x14f7f56ad3c0>,70,15,[2 9],86,148,163,62,141
1,<environment.Job instance at 0x14f7f5685dc0>,72,22,[2 6],89,141,163,52,141
1,<environment.Job instance at 0x14f7f578baa0>,73,1,[ 1 14],90,163,164,73,141
1,<environment.Job instance at 0x14f7f578b0a0>,75,1,[6 1],92,146,147,54,146
1,<environment.Job instance at 0x14f7f578b370>,76,2,[9 1],94,163,165,69,146
1,<environment.Job instance at 0x14f7f56ad0a0>,74,16,[6 2],91,164,180,73,151
1,<environment.Job instance at 0x14f7f535b410>,78,1,[8 1],97,165,166,68,151
1,<environment.Job instance at 0x14f7f535ba00>,79,1,[5 1],99,166,167,67,151
1,<environment.Job instance at 0x14f7f55b46e0>,80,2,[7 2],100,167,169,67,151
1,<environment.Job instance at 0x14f7f55b4910>,81,3,[ 2 14],102,180,183,78,154
1,<environment.Job instance at 0x14f80c109b40>,82,3,[1 8],103,165,168,62,154
1,<environment.Job instance at 0x14f7f53e9d20>,83,1,[ 2 10],104,168,169,64,154
1,<environment.Job instance at 0x14f7f53e9e60>,84,2,[7 2],106,169,171,63,154
1,<environment.Job instance at 0x14f7f55cb370>,85,1,[6 1],107,171,172,64,154
1,<environment.Job instance at 0x14f7f55cb7d0>,86,2,[6 1],109,172,174,63,154
1,<environment.Job instance at 0x14f7f5604c80>,87,17,[1 7],110,183,200,73,171
1,<environment.Job instance at 0x14f81103f0f0>,92,27,[5 1],120,174,201,54,173
1,<environment.Job instance at 0x14f81103f140>,93,15,[14  1],121,201,216,80,187
1,<environment.Job instance at 0x14f81103f410>,94,2,[1 9],122,200,202,78,188
1,<environment.Job instance at 0x14f81103fbe0>,95,14,[1 6],123,202,216,79,188
1,<environment.Job instance at 0x14f81103f320>,96,1,[1 8],124,216,217,92,188
1,<environment.Job instance at 0x14f80e4877d0>,97,1,[2 9],126,217,218,91,189
1,<environment.Job instance at 0x14f80e487f00>,98,2,[10  2],127,216,218,89,189
1,<environment.Job instance at 0x14f7f5685eb0>,71,2,[10  1],87,507,509,420,507
1,<environment.Job instance at 0x14f81543ac30>,31,17,[12  1],40,595,612,555,595
1,<environment.Job instance at 0x14f80c10b9b0>,0,1,[7 2],2,2,3,0,2
1,<environment.Job instance at 0x14f81039b910>,5,1,[10  1],8,8,9,0,8
1,<environment.Job instance at 0x14f8110a1280>,7,2,[ 2 10],12,12,14,0,12
1,<environment.Job instance at 0x14f81039bb40>,9,1,[1 9],14,14,15,0,14
1,<environment.Job instance at 0x14f81039b9b0>,10,1,[8 2],17,17,18,0,17
1,<environment.Job instance at 0x14f81029daf0>,11,22,[2 5],19,19,41,0,19
1,<environment.Job instance at 0x14f80c0fefa0>,18,15,[2 5],29,29,44,0,29
1,<environment.Job instance at 0x14f810334c30>,20,2,[7 1],31,32,34,1,32
1,<environment.Job instance at 0x14f7f56ffbe0>,21,1,[8 1],32,34,35,2,32
1,<environment.Job instance at 0x14f80e48c7d0>,22,2,[10  2],33,35,37,2,33
1,<environment.Job instance at 0x14f815f1f960>,23,14,[9 1],34,37,51,3,34
1,<environment.Job instance at 0x14f80c0fe780>,14,26,[ 2 13],23,56,82,33,56
1,<environment.Job instance at 0x14f7f518a5a0>,35,2,[ 1 11],57,82,84,25,57
1,<environment.Job instance at 0x14f7f518a280>,36,3,[2 8],58,84,87,26,58
1,<environment.Job instance at 0x14f7f518a460>,37,1,[1 8],60,87,88,27,60
1,<environment.Job instance at 0x14f7f518aa00>,38,2,[2 9],61,88,90,27,61
1,<environment.Job instance at 0x14f80e4befa0>,39,2,[8 2],62,62,64,0,62
1,<environment.Job instance at 0x14f7f518a500>,41,28,[5 2],64,64,92,0,64
1,<environment.Job instance at 0x14f7f5716280>,42,1,[8 2],65,82,83,17,65
1,<environment.Job instance at 0x14f7f5716e60>,43,2,[ 1 10],66,90,92,24,66
1,<environment.Job instance at 0x14f810d9e5a0>,31,2,[8 2],50,231,233,181,231
1,<environment.Job instance at 0x14f7f5716c30>,46,2,[2 6],69,282,284,213,282
1,<environment.Job instance at 0x14f7f519b320>,47,1,[8 1],70,668,669,598,668
1,<environment.Job instance at 0x14f80c0a09b0>,48,1,[7 2],72,793,794,721,793
1,<environment.Job instance at 0x14f80c0a08c0>,49,12,[6 2],73,793,805,720,793
1,<environment.Job instance at 0x14f80c0a00a0>,50,3,[1 7],74,797,800,723,797
1,<environment.Job instance at 0x14f80c0a0c30>,51,2,[6 2],76,885,887,809,885
1,<environment.Job instance at 0x14f815e2f1e0>,52,3,[9 1],77,885,888,808,885
1,<environment.Job instance at 0x14f80c0a00f0>,53,14,[7 1],78,888,902,810,885
1,<environment.Job instance at 0x14f815e2f9b0>,54,14,[ 2 10],79,2406,2420,2327,2406
1,<environment.Job instance at 0x14f815e2fb90>,55,14,[9 2],80,2480,2494,2400,2480
1,<environment.Job instance at 0x14f80e4c3eb0>,56,1,[1 9],81,2492,2493,2411,2492
1,<environment.Job instance at 0x14f7f4f2b230>,5,2,[5 2],13,13,15,0,13
1,<environment.Job instance at 0x14f7f4f2b1e0>,6,2,[7 2],14,14,16,0,14
1,<environment.Job instance at 0x14f7f4f2b410>,8,1,[ 2 10],17,17,18,0,17
1,<environment.Job instance at 0x14f7f4f2b5a0>,9,1,[6 2],18,18,19,0,18
1,<environment.Job instance at 0x14f7f4f2b8c0>,10,2,[ 1 12],19,20,22,1,20
1,<environment.Job instance at 0x14f7f4f2bb40>,12,2,[5 2],21,21,23,0,21
1,<environment.Job instance at 0x14f7f4f2bc80>,13,21,[5 1],22,22,43,0,22
1,<environment.Job instance at 0x14f7f4ead730>,28,2,[6 2],41,41,43,0,41
1,<environment.Job instance at 0x14f7f4eadaa0>,24,22,[ 2 10],37,42,64,5,42
1,<environment.Job instance at 0x14f7f4eaf640>,34,1,[7 1],49,49,50,0,49
1,<environment.Job instance at 0x14f7f4eb15a0>,46,21,[6 1],70,70,91,0,70
1,<environment.Job instance at 0x14f7f4eb1190>,49,1,[ 2 10],74,153,154,79,153
1,<environment.Job instance at 0x14f7f4eb1910>,51,1,[1 7],78,163,164,85,163
1,<environment.Job instance at 0x14f7f4eb1a00>,52,1,[1 7],80,239,240,159,239
1,<environment.Job instance at 0x14f7f4eb1870>,53,12,[2 8],81,270,282,189,270
1,<environment.Job instance at 0x14f7f4eb1aa0>,54,27,[5 2],82,305,332,223,305
1,<environment.Job instance at 0x14f7f4eb1af0>,55,27,[1 9],83,327,354,244,327
1,<environment.Job instance at 0x14f7f4eb1be0>,56,1,[9 1],84,443,444,359,443
1,<environment.Job instance at 0x14f7f4eb1b40>,57,1,[ 2 10],85,457,458,372,457
1,<environment.Job instance at 0x14f7f4eb1d70>,58,12,[2 8],88,521,533,433,521
1,<environment.Job instance at 0x14f7f4eb1e10>,59,3,[ 1 10],91,541,544,450,541
1,<environment.Job instance at 0x14f7f4eb1f00>,60,1,[8 2],92,633,634,541,633
1,<environment.Job instance at 0x14f7f4eb1c30>,61,18,[9 1],93,634,652,541,633
1,<environment.Job instance at 0x14f7f4eb1f50>,62,2,[8 1],95,652,654,557,646
1,<environment.Job instance at 0x14f7f4eb30a0>,64,1,[7 1],97,716,717,619,716
1,<environment.Job instance at 0x14f7f4eb3190>,66,3,[1 5],100,740,743,640,740
1,<environment.Job instance at 0x14f7f4eb3460>,67,3,[8 2],103,938,941,835,938
1,<environment.Job instance at 0x14f7f4eb3410>,68,1,[1 7],104,938,939,834,938
1,<environment.Job instance at 0x14f7f4eb33c0>,69,3,[2 8],105,939,942,834,939
1,<environment.Job instance at 0x14f7f4eb3370>,70,2,[7 1],106,941,943,835,939
1,<environment.Job instance at 0x14f7f4eb3550>,71,28,[1 6],107,2377,2405,2270,2377
1,<environment.Job instance at 0x14f7f4eb3690>,72,1,[1 7],110,2834,2835,2724,2834
1,<environment.Job instance at 0x14f7f4eb3780>,73,21,[9 1],111,2898,2919,2787,2898
1,<environment.Job instance at 0x14f7f4eb36e0>,74,16,[1 6],112,2925,2941,2813,2925
1,<environment.Job instance at 0x14f7f4eba460>,2,1,[9 2],4,4,5,0,4
1,<environment.Job instance at 0x14f8102bb370>,3,1,[2 8],5,5,6,0,5
1,<environment.Job instance at 0x14f8102bbb40>,4,1,[5 1],6,6,7,0,6
1,<environment.Job instance at 0x14f7f4eba410>,5,1,[8 1],8,8,9,0,8
1,<environment.Job instance at 0x14f8102bb320>,6,1,[1 8],10,10,11,0,10
1,<environment.Job instance at 0x14f8102bb5a0>,7,1,[2 9],11,11,12,0,11
1,<environment.Job instance at 0x14f8102bbe60>,11,1,[10  1],16,16,17,0,16
1,<environment.Job instance at 0x14f81029f280>,19,1,[7 1],25,25,26,0,25
1,<environment.Job instance at 0x14f80e94c410>,26,21,[9 2],32,32,53,0,32
1,<environment.Job instance at 0x14f810256d20>,29,2,[2 9],35,48,50,13,48
1,<environment.Job instance at 0x14f8102568c0>,33,1,[1 8],42,51,52,9,51
1,<environment.Job instance at 0x14f810256c80>,34,16,[5 2],43,51,67,8,51
1,<environment.Job instance at 0x14f7f562cd20>,35,1,[6 1],45,53,54,8,51
1,<environment.Job instance at 0x14f7f562cd70>,36,28,[14  1],48,67,95,19,66
1,<environment.Job instance at 0x14f7f56a6fa0>,43,2,[11  2],56,95,97,39,75
1,<environment.Job instance at 0x14f816f9ef00>,52,1,[ 1 10],67,82,83,15,82
1,<environment.Job instance at 0x14f816f9ee10>,58,2,[12  1],75,97,99,22,88
1,<environment.Job instance at 0x14f8103b26e0>,60,1,[2 8],77,96,97,19,96
1,<environment.Job instance at 0x14f810d9f960>,65,2,[1 8],83,115,117,32,115
1,<environment.Job instance at 0x14f810cdd690>,66,17,[7 1],84,117,134,33,117
1,<environment.Job instance at 0x14f7f56a6f50>,48,2,[9 1],62,135,137,73,135
1,<environment.Job instance at 0x14f815e0d640>,74,2,[5 1],94,137,139,43,137
1,<environment.Job instance at 0x14f8174493c0>,75,2,[7 2],95,137,139,42,137
1,<environment.Job instance at 0x14f7f55819b0>,76,1,[1 6],96,137,138,41,137
1,<environment.Job instance at 0x14f8102ab550>,77,3,[2 6],97,137,140,40,137
1,<environment.Job instance at 0x14f7f52d2d70>,78,3,[1 9],98,139,142,41,137
1,<environment.Job instance at 0x14f7f54d0c80>,79,3,[6 1],99,140,143,41,137
1,<environment.Job instance at 0x14f7f4ff4550>,80,15,[6 1],105,140,155,35,137
1,<environment.Job instance at 0x14f8101143c0>,83,1,[ 2 13],108,142,143,34,137
1,<environment.Job instance at 0x14f7f4f0aaf0>,84,2,[2 5],109,143,145,34,137
1,<environment.Job instance at 0x14f7f5206f50>,81,2,[7 1],106,143,145,37,137
1,<environment.Job instance at 0x14f815e5dfa0>,87,1,[5 1],112,145,146,33,137
1,<environment.Job instance at 0x14f815e5d0a0>,88,12,[ 1 10],113,145,157,32,137
1,<environment.Job instance at 0x14f8110faf50>,89,2,[1 7],114,157,159,43,137
1,<environment.Job instance at 0x14f7f4fc2be0>,90,1,[6 2],117,146,147,29,142
1,<environment.Job instance at 0x14f8103c9780>,93,3,[2 7],120,157,160,37,142
1,<environment.Job instance at 0x14f8103c9730>,94,2,[8 2],122,147,149,25,142
1,<environment.Job instance at 0x14f8103c9cd0>,95,14,[2 9],127,160,174,33,145
1,<environment.Job instance at 0x14f7f54a2280>,96,1,[5 2],129,164,165,35,164
1,<environment.Job instance at 0x14f80e946be0>,82,17,[8 1],107,174,191,67,174
1,<environment.Job instance at 0x14f80e94c550>,24,2,[8 1],30,191,193,161,180
1,<environment.Job instance at 0x14f80e94cfa0>,25,27,[6 1],31,223,250,192,223
1,<environment.Job instance at 0x14f7f55b7c30>,0,1,[7 2],2,2,3,0,2
1,<environment.Job instance at 0x14f7f4eaf320>,1,1,[2 8],3,3,4,0,3
1,<environment.Job instance at 0x14f811085e60>,5,1,[ 1 10],8,8,9,0,8
1,<environment.Job instance at 0x14f7f5375f50>,10,1,[1 8],15,15,16,0,15
1,<environment.Job instance at 0x14f7f5375f00>,11,1,[10  2],19,19,20,0,19
1,<environment.Job instance at 0x14f7f5416e10>,15,1,[2 8],24,24,25,0,24
1,<environment.Job instance at 0x14f80c09ec30>,18,2,[ 2 13],29,33,35,4,33
1,<environment.Job instance at 0x14f80c09e6e0>,23,3,[6 2],36,36,39,0,36
1,<environment.Job instance at 0x14f80c09e730>,24,16,[ 1 11],37,37,53,0,37
1,<environment.Job instance at 0x14f80c09e9b0>,25,1,[2 6],38,53,54,15,38
1,<environment.Job instance at 0x14f7f558d5f0>,26,1,[1 5],40,53,54,13,40
1,<environment.Job instance at 0x14f80c09e280>,27,2,[2 8],41,54,56,13,41
1,<environment.Job instance at 0x14f810dc3dc0>,28,24,[2 9],42,56,80,14,51
1,<environment.Job instance at 0x14f81018af00>,30,18,[5 2],47,51,69,4,51
1,<environment.Job instance at 0x14f815e8e8c0>,31,1,[1 6],48,69,70,21,51
1,<environment.Job instance at 0x14f80c0a06e0>,36,3,[10  1],57,70,73,13,57
1,<environment.Job instance at 0x14f80c044d70>,37,2,[6 1],58,58,60,0,58
1,<environment.Job instance at 0x14f80c044460>,38,3,[1 5],59,70,73,11,59
1,<environment.Job instance at 0x14f7f578a550>,39,2,[10  2],60,73,75,13,60
1,<environment.Job instance at 0x14f7f5620e60>,40,1,[9 1],61,75,76,14,61
1,<environment.Job instance at 0x14f7f4d39fa0>,41,1,[1 8],62,80,81,18,62
1,<environment.Job instance at 0x14f7f578a820>,42,25,[9 1],63,76,101,13,72
1,<environment.Job instance at 0x14f80c044be0>,43,3,[2 7],64,81,84,17,72
1,<environment.Job instance at 0x14f7f57c9dc0>,44,1,[7 1],65,101,102,36,73
1,<environment.Job instance at 0x14f7f519daa0>,45,2,[7 2],66,101,103,35,74
1,<environment.Job instance at 0x14f7f57c9050>,46,13,[10  1],68,103,116,35,87
1,<environment.Job instance at 0x14f7f57c9820>,47,3,[2 6],69,88,91,19,88
1,<environment.Job instance at 0x14f810d841e0>,48,2,[8 1],70,116,118,46,89
1,<environment.Job instance at 0x14f7f57c93c0>,49,1,[6 2],71,91,92,20,89
1,<environment.Job instance at 0x14f7f556bd70>,50,1,[9 1],72,118,119,46,90
1,<environment.Job instance at 0x14f7f559ad70>,51,1,[2 5],74,92,93,18,91
1,<environment.Job instance at 0x14f80c0a0b40>,35,1,[10  1],56,119,120,63,93
1,<environment.Job instance at 0x14f7f559a870>,53,1,[2 7],78,93,94,15,93
1,<environment.Job instance at 0x14f7f559a5f0>,54,2,[ 1 14],80,94,96,14,94
1,<environment.Job instance at 0x14f7f559ae60>,52,3,[10  2],77,120,123,43,94
1,<environment.Job instance at 0x14f7f559aa50>,56,3,[9 1],82,123,126,41,97
1,<environment.Job instance at 0x14f7f559a2d0>,55,1,[7 2],81,102,103,21,98
1,<environment.Job instance at 0x14f80c06e230>,58,1,[2 5],84,98,99,14,98
1,<environment.Job instance at 0x14f7f559a780>,59,2,[1 5],86,98,100,12,98
1,<environment.Job instance at 0x14f7f530dcd0>,60,3,[2 8],87,103,106,16,103
1,<environment.Job instance at 0x14f80c09e550>,20,28,[2 5],33,103,131,70,103
1,<environment.Job instance at 0x14f80c0a0d20>,34,3,[2 7],52,106,109,54,105
1,<environment.Job instance at 0x14f7f55ff8c0>,63,1,[8 2],90,126,127,36,105
1,<environment.Job instance at 0x14f80ec47d70>,64,2,[2 6],91,109,111,18,105
1,<environment.Job instance at 0x14f7f54f58c0>,65,3,[1 9],92,111,114,19,105
1,<environment.Job instance at 0x14f80e49e690>,66,2,[1 7],94,114,116,20,105
1,<environment.Job instance at 0x14f7f5275f00>,67,3,[2 9],95,116,119,21,105
1,<environment.Job instance at 0x14f7f5581960>,68,2,[6 1],96,127,129,31,106
1,<environment.Job instance at 0x14f7f57865a0>,69,1,[5 1],97,126,127,29,106
1,<environment.Job instance at 0x14f810ce8730>,57,15,[6 1],83,127,142,44,113
1,<environment.Job instance at 0x14f7f55e6a00>,72,14,[5 2],104,129,143,25,114
1,<environment.Job instance at 0x14f7f55e6c30>,73,1,[ 1 10],105,131,132,26,114
1,<environment.Job instance at 0x14f817468e60>,74,3,[1 9],106,123,126,17,114
1,<environment.Job instance at 0x14f817468730>,75,2,[9 2],108,142,144,34,115
1,<environment.Job instance at 0x14f811022eb0>,77,21,[10  2],112,144,165,32,136
1,<environment.Job instance at 0x14f8110229b0>,76,3,[2 7],109,136,139,27,136
1,<environment.Job instance at 0x14f815f129b0>,83,1,[ 1 12],124,139,140,15,136
1,<environment.Job instance at 0x14f815f12af0>,84,1,[10  2],125,165,166,40,137
1,<environment.Job instance at 0x14f815f127d0>,85,3,[2 9],126,143,146,17,137
1,<environment.Job instance at 0x14f815f125a0>,86,13,[2 9],127,146,159,19,137
1,<environment.Job instance at 0x14f815f12820>,87,12,[5 2],129,159,171,30,142
1,<environment.Job instance at 0x14f7f559ac80>,62,26,[5 2],89,167,193,78,167
1,<environment.Job instance at 0x14f7f55e6140>,71,2,[7 1],100,299,301,199,299
1,<environment.Job instance at 0x14f7f4f8e1e0>,6,2,[6 2],8,13,15,5,13
1,<environment.Job instance at 0x14f7f4f8e280>,7,3,[9 2],9,34,37,25,34
1,<environment.Job instance at 0x14f7f4f8e550>,8,2,[1 6],16,60,62,44,60
1,<environment.Job instance at 0x14f7f4f8e370>,9,18,[8 1],18,61,79,43,61
1,<environment.Job instance at 0x14f7f4f8e3c0>,10,2,[2 8],20,104,106,84,104
1,<environment.Job instance at 0x14f7f4f8e640>,11,1,[7 1],23,135,136,112,135
1,<environment.Job instance at 0x14f7f4f8e6e0>,12,2,[2 6],24,135,137,111,135
1,<environment.Job instance at 0x14f7f4f8e500>,13,3,[6 2],26,135,138,109,135
1,<environment.Job instance at 0x14f7f4f8e780>,14,12,[2 9],27,137,149,110,135
1,<environment.Job instance at 0x14f7f4f8e8c0>,15,2,[5 1],28,138,140,110,138
1,<environment.Job instance at 0x14f7f4f8e7d0>,16,3,[9 1],29,140,143,111,139
1,<environment.Job instance at 0x14f7f4f8e910>,17,1,[7 2],30,143,144,113,141
1,<environment.Job instance at 0x14f7f4f8e730>,18,17,[6 2],32,143,160,111,141
1,<environment.Job instance at 0x14f7f4f8e9b0>,19,3,[9 2],34,152,155,118,152
1,<environment.Job instance at 0x14f7f4f8ec80>,20,2,[2 5],35,155,157,120,155
1,<environment.Job instance at 0x14f7f4f8eb40>,21,1,[1 9],36,157,158,121,157
1,<environment.Job instance at 0x14f7f4f8ebe0>,22,3,[1 7],37,158,161,121,157
1,<environment.Job instance at 0x14f7f4f8ed20>,23,1,[1 8],38,160,161,122,157
1,<environment.Job instance at 0x14f7f4f8edc0>,24,20,[7 2],39,161,181,122,157
1,<environment.Job instance at 0x14f7f4f8ee60>,25,1,[1 9],40,161,162,121,158
1,<environment.Job instance at 0x14f7f4f8efa0>,26,2,[2 6],41,163,165,122,163
1,<environment.Job instance at 0x14f7f4f8eaf0>,27,3,[ 2 10],42,171,174,129,171
1,<environment.Job instance at 0x14f7f4f8ef00>,28,13,[2 8],43,174,187,131,171
1,<environment.Job instance at 0x14f7f4f90140>,29,1,[8 1],46,181,182,135,175
1,<environment.Job instance at 0x14f7f4f901e0>,30,3,[1 6],47,181,184,134,180
1,<environment.Job instance at 0x14f7f4f90320>,31,2,[1 6],48,184,186,136,180
1,<environment.Job instance at 0x14f7f4f90370>,32,1,[2 5],49,180,181,131,180
1,<environment.Job instance at 0x14f7f4f903c0>,33,14,[ 2 10],50,187,201,137,183
1,<environment.Job instance at 0x14f7f4f90460>,34,1,[ 1 13],51,201,202,150,195
1,<environment.Job instance at 0x14f7f4f90500>,35,12,[ 1 14],52,202,214,150,195
1,<environment.Job instance at 0x14f7f4f905a0>,36,1,[5 2],53,214,215,161,204
1,<environment.Job instance at 0x14f7f4f90640>,37,12,[2 9],54,214,226,160,204
1,<environment.Job instance at 0x14f7f4f90960>,38,1,[11  1],63,213,214,150,213
1,<environment.Job instance at 0x14f7f4f906e0>,39,2,[5 1],64,214,216,150,214
1,<environment.Job instance at 0x14f7f4f909b0>,40,2,[1 6],65,216,218,151,214
1,<environment.Job instance at 0x14f7f4f90a50>,41,2,[1 8],66,226,228,160,214
1,<environment.Job instance at 0x14f7f4f90a00>,42,1,[6 1],67,218,219,151,218
1,<environment.Job instance at 0x14f7f4f90aa0>,43,18,[10  2],69,219,237,150,218
1,<environment.Job instance at 0x14f7f4f90b40>,44,1,[6 1],70,237,238,167,235
1,<environment.Job instance at 0x14f7f4f90cd0>,45,1,[2 9],71,235,236,164,235
1,<environment.Job instance at 0x14f7f4f90d70>,46,1,[1 5],72,236,237,164,235
1,<environment.Job instance at 0x14f7f4f90e10>,47,16,[ 2 10],73,237,253,164,235
1,<environment.Job instance at 0x14f7f4f90dc0>,48,3,[5 1],74,237,240,163,235
1,<environment.Job instance at 0x14f7f4f90e60>,49,3,[1 7],75,253,256,178,237
1,<environment.Job instance at 0x14f7f4f90eb0>,50,3,[10  2],77,241,244,164,241
1,<environment.Job instance at 0x14f7f4f90c80>,51,17,[9 2],79,244,261,165,241
1,<environment.Job instance at 0x14f7f4f90f00>,52,2,[9 2],81,261,263,180,257
1,<environment.Job instance at 0x14f7f4f9c190>,53,2,[2 7],85,260,262,175,260
1,<environment.Job instance at 0x14f7f4f9c2d0>,54,1,[8 1],86,263,264,177,260
1,<environment.Job instance at 0x14f7f4f9c0a0>,55,15,[7 1],87,263,278,176,260
1,<environment.Job instance at 0x14f7f4f9c320>,56,1,[1 8],88,262,263,174,261
1,<environment.Job instance at 0x14f7f4f9c3c0>,57,12,[7 2],89,264,276,175,261
1,<environment.Job instance at 0x14f7f4f9c460>,58,13,[1 9],90,264,277,174,263
1,<environment.Job instance at 0x14f7f4f9c500>,59,2,[7 2],91,276,278,185,269
1,<environment.Job instance at 0x14f7f4f9c5a0>,60,1,[ 2 10],92,278,279,186,271
1,<environment.Job instance at 0x14f7f4f9c640>,61,16,[1 7],93,279,295,186,273
1,<environment.Job instance at 0x14f7f4f9c230>,62,17,[5 2],95,284,301,189,284
1,<environment.Job instance at 0x14f7f4f9c6e0>,63,3,[10  1],97,295,298,198,295
1,<environment.Job instance at 0x14f7f4f9c910>,64,1,[9 2],98,298,299,200,296
1,<environment.Job instance at 0x14f7f4f9c9b0>,65,17,[8 1],99,299,316,200,296
1,<environment.Job instance at 0x14f7f4f9c820>,66,2,[1 5],100,309,311,209,309
1,<environment.Job instance at 0x14f7f4f9ca00>,67,13,[1 9],101,309,322,208,309
1,<environment.Job instance at 0x14f7f4f9caa0>,68,2,[10  2],102,316,318,214,310
1,<environment.Job instance at 0x14f7f4f9c780>,69,15,[9 1],104,318,333,214,315
1,<environment.Job instance at 0x14f7f4f9cc80>,70,1,[1 5],105,328,329,223,328
1,<environment.Job instance at 0x14f7f4f9cd70>,71,2,[1 9],106,329,331,223,329
1,<environment.Job instance at 0x14f7f4f9cbe0>,72,2,[1 7],109,331,333,222,329
1,<environment.Job instance at 0x14f7f4f9ce10>,73,3,[1 8],110,333,336,223,329
1,<environment.Job instance at 0x14f7f4f9cf50>,74,19,[5 2],111,330,349,219,330
1,<environment.Job instance at 0x14f7f4f9cfa0>,75,2,[2 8],112,336,338,224,332
1,<environment.Job instance at 0x14f7f4f9ceb0>,76,3,[1 7],113,338,341,225,337
1,<environment.Job instance at 0x14f7f4f9cc30>,77,2,[6 1],114,339,341,225,339
1,<environment.Job instance at 0x14f7f4f85190>,78,3,[7 2],115,341,344,226,340
1,<environment.Job instance at 0x14f7f4f85230>,79,2,[8 1],116,344,346,228,342
1,<environment.Job instance at 0x14f7f4f852d0>,80,15,[8 2],117,346,361,229,342
1,<environment.Job instance at 0x14f7f4f85370>,81,1,[10  1],118,361,362,243,357
1,<environment.Job instance at 0x14f7f4f85050>,82,2,[8 2],120,362,364,242,357
1,<environment.Job instance at 0x14f7f4f854b0>,83,1,[1 6],121,359,360,238,359
1,<environment.Job instance at 0x14f7f4f85640>,84,3,[6 1],122,362,365,240,360
1,<environment.Job instance at 0x14f7f4f85550>,85,16,[1 5],123,361,377,238,361
1,<environment.Job instance at 0x14f7f4f85690>,86,3,[2 5],124,368,371,244,368
1,<environment.Job instance at 0x14f7f4f85410>,87,3,[2 8],126,371,374,245,368
1,<environment.Job instance at 0x14f7f4f857d0>,88,17,[12  1],127,369,386,242,369
1,<environment.Job instance at 0x14f7f4f85960>,89,3,[1 8],128,382,385,254,382
1,<environment.Job instance at 0x14f7f4e8a5f0>,5,2,[1 7],6,6,8,0,6
1,<environment.Job instance at 0x14f7f4dc0280>,11,2,[9 1],14,16,18,2,16
1,<environment.Job instance at 0x14f810d815f0>,16,15,[10  1],23,23,38,0,23
1,<environment.Job instance at 0x14f810130dc0>,20,3,[10  1],28,38,41,10,28
1,<environment.Job instance at 0x14f8101300a0>,21,3,[1 8],29,29,32,0,29
1,<environment.Job instance at 0x14f8154a7640>,22,2,[2 9],30,32,34,2,30
1,<environment.Job instance at 0x14f8154a7e10>,23,2,[8 2],31,41,43,10,31
1,<environment.Job instance at 0x14f8154a7a50>,24,2,[8 1],32,43,45,11,32
1,<environment.Job instance at 0x14f8154a7d70>,25,16,[7 2],34,41,57,7,34
1,<environment.Job instance at 0x14f7f4f83dc0>,29,13,[1 7],40,45,58,5,43
1,<environment.Job instance at 0x14f7f4f831e0>,31,3,[2 5],43,45,48,2,43
1,<environment.Job instance at 0x14f817400af0>,2,1,[7 2],5,5,6,0,5
1,<environment.Job instance at 0x14f815e3deb0>,5,1,[10  2],9,9,10,0,9
1,<environment.Job instance at 0x14f815e3dd20>,8,1,[1 7],12,12,13,0,12
1,<environment.Job instance at 0x14f810140c80>,9,1,[9 1],14,14,15,0,14
1,<environment.Job instance at 0x14f81018a5a0>,1,1,[5 2],2,2,3,0,2
1,<environment.Job instance at 0x14f7f53eb280>,25,3,[1 5],31,35,38,4,35
1,<environment.Job instance at 0x14f7f53eb050>,26,1,[1 5],33,36,37,3,36
1,<environment.Job instance at 0x14f7f53eb3c0>,27,16,[8 1],34,36,52,2,36
1,<environment.Job instance at 0x14f7f53eb550>,28,14,[2 8],35,38,52,3,38
1,<environment.Job instance at 0x14f7f53ebaa0>,31,3,[7 1],39,52,55,13,39
1,<environment.Job instance at 0x14f7f53eb6e0>,32,2,[2 7],40,52,54,12,41
1,<environment.Job instance at 0x14f7f53ebb90>,33,14,[ 2 10],41,54,68,13,41
1,<environment.Job instance at 0x14f7f53d6640>,41,3,[5 1],51,55,58,4,55
1,<environment.Job instance at 0x14f7f53d6370>,42,2,[8 1],53,55,57,2,55
1,<environment.Job instance at 0x14f7f53d6780>,43,3,[9 1],54,58,61,4,55
1,<environment.Job instance at 0x14f7f53d6dc0>,46,2,[2 7],59,68,70,9,59
1,<environment.Job instance at 0x14f7f53d6d70>,50,23,[1 5],64,85,108,21,85
1,<environment.Job instance at 0x14f7f53bc4b0>,55,1,[5 1],69,104,105,35,104
1,<environment.Job instance at 0x14f7f53bc6e0>,59,2,[10  1],74,105,107,31,105
1,<environment.Job instance at 0x14f7f53d60f0>,40,3,[ 1 14],50,108,111,58,105
1,<environment.Job instance at 0x14f7f53bc0f0>,61,14,[9 2],79,111,125,32,105
1,<environment.Job instance at 0x14f7f53bc640>,60,22,[5 1],76,110,132,34,110
1,<environment.Job instance at 0x14f7f53c10a0>,70,1,[ 2 10],91,125,126,34,110
1,<environment.Job instance at 0x14f7f53c1050>,72,1,[1 5],94,111,112,17,110
1,<environment.Job instance at 0x14f7f53bc9b0>,62,16,[8 2],81,125,141,44,116
1,<environment.Job instance at 0x14f7f53c1500>,77,3,[10  2],99,141,144,42,122
1,<environment.Job instance at 0x14f7f53c15a0>,78,18,[2 5],100,126,144,26,125
1,<environment.Job instance at 0x14f7f53c1780>,81,2,[1 6],103,132,134,29,125
1,<environment.Job instance at 0x14f7f53c1820>,82,16,[1 9],104,144,160,40,131
1,<environment.Job instance at 0x14f7f53c1be0>,83,2,[ 1 13],105,160,162,55,133
1,<environment.Job instance at 0x14f7f53c1d70>,84,13,[8 1],106,144,157,38,133
1,<environment.Job instance at 0x14f7f53cf0a0>,85,1,[6 1],107,144,145,37,133
1,<environment.Job instance at 0x14f7f53cf050>,86,2,[ 1 10],108,162,164,54,135
1,<environment.Job instance at 0x14f7f53cf410>,87,1,[5 1],109,135,136,26,135
1,<environment.Job instance at 0x14f7f53cf5a0>,88,3,[5 2],110,136,139,26,135
1,<environment.Job instance at 0x14f7f4eacbe0>,89,17,[6 2],114,145,162,31,135
1,<environment.Job instance at 0x14f7f5329b40>,90,3,[5 2],115,157,160,42,135
1,<environment.Job instance at 0x14f7f57451e0>,91,15,[10  2],116,162,177,46,148
1,<environment.Job instance at 0x14f7f531ac80>,94,1,[8 2],119,177,178,58,176
1,<environment.Job instance at 0x14f7f531a7d0>,95,12,[1 8],120,290,302,170,290
1,<environment.Job instance at 0x14f7f531ab40>,96,28,[ 2 10],121,324,352,203,324
1,<environment.Job instance at 0x14f7f531a460>,97,3,[9 1],124,329,332,205,329
1,<environment.Job instance at 0x14f7f531aa00>,98,14,[2 5],126,332,346,206,331
1,<environment.Job instance at 0x14f7f531e6e0>,99,2,[1 8],127,352,354,225,331
1,<environment.Job instance at 0x14f7f51d2410>,100,1,[5 1],128,346,347,218,331
1,<environment.Job instance at 0x14f7f531e7d0>,101,14,[1 7],129,352,366,223,338
1,<environment.Job instance at 0x14f8103a9230>,12,2,[1 8],18,20,22,2,20
1,<environment.Job instance at 0x14f8103a9fa0>,11,2,[ 1 11],17,24,26,7,24
1,<environment.Job instance at 0x14f810d715a0>,17,1,[2 5],24,26,27,2,24
1,<environment.Job instance at 0x14f810d71870>,21,3,[2 5],31,31,34,0,31
1,<environment.Job instance at 0x14f810d715f0>,22,16,[7 2],32,32,48,0,32
1,<environment.Job instance at 0x14f810d71f50>,23,12,[9 1],33,48,60,15,33
1,<environment.Job instance at 0x14f810d71be0>,24,3,[7 2],35,35,38,0,35
1,<environment.Job instance at 0x14f810d71fa0>,25,3,[1 6],37,37,40,0,37
1,<environment.Job instance at 0x14f810d71dc0>,26,2,[1 6],39,39,41,0,39
1,<environment.Job instance at 0x14f810d61370>,27,2,[8 1],43,44,46,1,44
1,<environment.Job instance at 0x14f815dca6e0>,43,1,[9 1],68,76,77,8,76
1,<environment.Job instance at 0x14f815dca320>,42,1,[5 2],67,76,77,9,76
1,<environment.Job instance at 0x14f815dca2d0>,44,23,[9 1],70,80,103,10,80
1,<environment.Job instance at 0x14f815dcac80>,49,1,[2 5],75,83,84,8,83
1,<environment.Job instance at 0x14f815dca8c0>,50,12,[5 1],78,86,98,8,86
1,<environment.Job instance at 0x14f815dca410>,51,1,[10  1],80,103,104,23,86
1,<environment.Job instance at 0x14f815dca9b0>,52,1,[7 1],81,104,105,23,86
1,<environment.Job instance at 0x14f815dcdf50>,53,2,[10  1],82,105,107,23,86
1,<environment.Job instance at 0x14f815dcdeb0>,54,1,[6 2],83,98,99,15,86
1,<environment.Job instance at 0x14f81740a780>,55,3,[6 2],84,99,102,15,86
1,<environment.Job instance at 0x14f817427640>,56,3,[2 5],88,102,105,14,88
1,<environment.Job instance at 0x14f7f575edc0>,57,2,[5 1],89,104,106,15,89
1,<environment.Job instance at 0x14f815dca460>,45,14,[10  1],71,107,121,36,92
1,<environment.Job instance at 0x14f7f4e216e0>,59,13,[2 8],93,106,119,13,93
1,<environment.Job instance at 0x14f7f53ce0f0>,60,3,[1 9],94,119,122,25,98
1,<environment.Job instance at 0x14f7f553b870>,64,18,[7 2],100,121,139,21,110
1,<environment.Job instance at 0x14f7f4eac690>,66,2,[9 1],102,139,141,37,112
1,<environment.Job instance at 0x14f80c09b690>,67,2,[14  2],104,141,143,37,114
1,<environment.Job instance at 0x14f7f51ec6e0>,68,3,[ 1 10],105,139,142,34,139
1,<environment.Job instance at 0x14f7f530ab40>,71,13,[6 1],108,143,156,35,139
1,<environment.Job instance at 0x14f7f530aaa0>,72,2,[1 9],109,142,144,33,139
1,<environment.Job instance at 0x14f80c0321e0>,73,3,[6 2],110,143,146,33,139
1,<environment.Job instance at 0x14f80c032aa0>,74,3,[5 2],112,146,149,34,139
1,<environment.Job instance at 0x14f80c032820>,75,2,[1 8],113,144,146,31,139
1,<environment.Job instance at 0x14f80c032730>,76,17,[9 1],114,149,166,35,139
1,<environment.Job instance at 0x14f8154c0fa0>,77,2,[2 8],117,146,148,29,139
1,<environment.Job instance at 0x14f80c03ca00>,78,14,[2 8],118,156,170,38,141
1,<environment.Job instance at 0x14f80c03ce60>,79,1,[10  2],119,166,167,47,141
1,<environment.Job instance at 0x14f80c03c730>,80,17,[7 2],121,167,184,46,155
1,<environment.Job instance at 0x14f80c03cfa0>,81,13,[8 1],124,170,183,46,155
1,<environment.Job instance at 0x14f80c03cbe0>,82,2,[10  1],125,184,186,59,157
1,<environment.Job instance at 0x14f80c03c870>,83,18,[8 1],127,186,204,59,175
1,<environment.Job instance at 0x14f80c03c370>,84,1,[6 2],128,183,184,55,175
1,<environment.Job instance at 0x14f80c03c550>,85,1,[6 1],129,186,187,57,175
1,<environment.Job instance at 0x14f810d565f0>,69,1,[14  2],106,306,307,200,306
1,<environment.Job instance at 0x14f8103a9eb0>,13,16,[ 1 12],19,444,460,425,444
1,<environment.Job instance at 0x14f810dcda00>,0,1,[5 1],3,3,4,0,3
1,<environment.Job instance at 0x14f81235ec30>,5,1,[ 2 10],12,12,13,0,12
1,<environment.Job instance at 0x14f7f4d65640>,18,18,[10  2],32,139,157,107,139
1,<environment.Job instance at 0x14f7f4d65960>,19,3,[1 5],33,157,160,124,157
1,<environment.Job instance at 0x14f7f4d651e0>,20,14,[1 7],34,161,175,127,161
1,<environment.Job instance at 0x14f7f4d65320>,21,2,[1 8],36,163,165,127,163
1,<environment.Job instance at 0x14f7f4d650a0>,22,12,[5 2],37,165,177,128,164
1,<environment.Job instance at 0x14f7f4d65190>,23,1,[2 9],38,175,176,137,167
1,<environment.Job instance at 0x14f7f4d65a50>,24,1,[10  2],39,176,177,137,173
1,<environment.Job instance at 0x14f7f4d65a00>,25,2,[5 2],42,183,185,141,183
1,<environment.Job instance at 0x14f81039c870>,26,2,[10  1],43,183,185,140,183
1,<environment.Job instance at 0x14f81039c140>,27,17,[7 1],45,185,202,140,185
1,<environment.Job instance at 0x14f81039c780>,28,1,[7 2],46,200,201,154,200
1,<environment.Job instance at 0x14f81039c4b0>,29,15,[7 1],47,214,229,167,214
1,<environment.Job instance at 0x14f81039c1e0>,30,13,[5 2],53,233,246,180,233
1,<environment.Job instance at 0x14f81039c5a0>,31,3,[1 9],54,248,251,194,248
1,<environment.Job instance at 0x14f81039ca00>,32,1,[1 7],57,251,252,194,249
1,<environment.Job instance at 0x14f81039cc80>,33,14,[7 1],59,260,274,201,260
1,<environment.Job instance at 0x14f81039c410>,34,3,[6 2],60,269,272,209,269
1,<environment.Job instance at 0x14f81039c910>,35,17,[6 2],65,275,292,210,275
1,<environment.Job instance at 0x14f81039c3c0>,36,2,[8 1],66,292,294,226,292
1,<environment.Job instance at 0x14f81039c500>,37,3,[8 2],68,296,299,228,296
1,<environment.Job instance at 0x14f7f50f3fa0>,38,14,[10  2],69,299,313,230,296
1,<environment.Job instance at 0x14f81039c960>,39,2,[2 6],70,321,323,251,321
1,<environment.Job instance at 0x14f7f50f3a00>,40,17,[1 9],71,322,339,251,322
1,<environment.Job instance at 0x14f7f50f35f0>,41,3,[1 6],72,323,326,251,322
1,<environment.Job instance at 0x14f7f50f3d20>,42,1,[8 1],73,326,327,253,322
1,<environment.Job instance at 0x14f7f50f3280>,43,1,[6 1],74,326,327,252,324
1,<environment.Job instance at 0x14f7f50f3eb0>,44,1,[1 9],78,339,340,261,326
1,<environment.Job instance at 0x14f7f50f30a0>,45,3,[10  2],82,327,330,245,326
1,<environment.Job instance at 0x14f7f50f3f00>,46,17,[6 1],83,330,347,247,327
1,<environment.Job instance at 0x14f7f50f39b0>,47,1,[2 8],84,359,360,275,359
1,<environment.Job instance at 0x14f7f50f3370>,48,2,[9 1],87,359,361,272,359
1,<environment.Job instance at 0x14f7f50f3be0>,50,13,[7 2],91,361,374,270,359
1,<environment.Job instance at 0x14f8110ff730>,51,2,[6 2],92,360,362,268,359
1,<environment.Job instance at 0x14f8110ffbe0>,52,3,[5 2],97,365,368,268,365
1,<environment.Job instance at 0x14f8110ff820>,53,3,[ 2 10],98,379,382,281,379
1,<environment.Job instance at 0x14f8110ff3c0>,54,3,[1 5],100,380,383,280,380
1,<environment.Job instance at 0x14f8110ffe60>,55,1,[9 1],101,382,383,281,380
1,<environment.Job instance at 0x14f8110ffb40>,56,2,[1 7],103,382,384,279,380
1,<environment.Job instance at 0x14f8110ff8c0>,57,2,[2 5],104,383,385,279,380
1,<environment.Job instance at 0x14f8110ff690>,58,16,[5 2],105,383,399,278,380
1,<environment.Job instance at 0x14f8110ff0f0>,59,13,[ 1 13],106,398,411,292,398
1,<environment.Job instance at 0x14f8110ff870>,60,2,[10  1],107,399,401,292,398
1,<environment.Job instance at 0x14f8110ff410>,61,2,[8 1],108,401,403,293,400
1,<environment.Job instance at 0x14f8110ff7d0>,62,3,[2 9],110,411,414,301,400
1,<environment.Job instance at 0x14f8110ffb90>,63,1,[1 9],111,414,415,303,400
1,<environment.Job instance at 0x14f8110ffe10>,64,18,[8 2],112,403,421,291,403
1,<environment.Job instance at 0x14f8110ffd20>,65,2,[5 1],113,434,436,321,434
1,<environment.Job instance at 0x14f8110ffaa0>,66,3,[2 5],114,442,445,328,442
1,<environment.Job instance at 0x14f8110ff550>,67,1,[6 1],115,443,444,328,443
1,<environment.Job instance at 0x14f8110ff320>,68,1,[5 2],117,443,444,326,443
1,<environment.Job instance at 0x14f8110ff910>,69,1,[6 1],118,453,454,335,453
1,<environment.Job instance at 0x14f8110ff190>,70,3,[2 5],124,459,462,335,459
1,<environment.Job instance at 0x14f8110ff9b0>,71,2,[2 5],126,477,479,351,477
1,<environment.Job instance at 0x14f81022ba50>,72,1,[2 9],127,483,484,356,483
1,<environment.Job instance at 0x14f8110ff460>,73,18,[7 2],129,496,514,367,496
1,<environment.Job instance at 0x14f7f52206e0>,4,1,[2 5],5,5,6,0,5
1,<environment.Job instance at 0x14f7f5220550>,5,1,[2 8],6,6,7,0,6
1,<environment.Job instance at 0x14f7f520f1e0>,14,2,[1 9],18,18,20,0,18
1,<environment.Job instance at 0x14f7f520f410>,19,1,[2 5],28,141,142,113,141
1,<environment.Job instance at 0x14f7f520f4b0>,20,2,[1 8],29,141,143,112,141
1,<environment.Job instance at 0x14f7f520f5f0>,21,17,[1 6],30,143,160,113,143
1,<environment.Job instance at 0x14f7f520f500>,22,17,[10  2],31,145,162,114,145
1,<environment.Job instance at 0x14f7f520f640>,23,12,[1 7],32,156,168,124,156
1,<environment.Job instance at 0x14f7f520f8c0>,25,3,[9 1],37,162,165,125,159
1,<environment.Job instance at 0x14f7f520f9b0>,26,27,[9 2],38,165,192,127,163
1,<environment.Job instance at 0x14f7f520f870>,27,2,[7 1],39,192,194,153,166
1,<environment.Job instance at 0x14f7f520fa50>,28,3,[1 6],40,191,194,151,191
1,<environment.Job instance at 0x14f7f520faa0>,29,1,[6 1],41,192,193,151,191
1,<environment.Job instance at 0x14f7f520faf0>,30,1,[1 5],42,192,193,150,192
1,<environment.Job instance at 0x14f7f520fb40>,31,2,[1 7],43,193,195,150,192
1,<environment.Job instance at 0x14f7f520fbe0>,32,3,[1 7],44,194,197,150,192
1,<environment.Job instance at 0x14f7f520fc80>,33,1,[1 8],45,215,216,170,215
1,<environment.Job instance at 0x14f7f520fd20>,34,2,[2 5],46,229,231,183,229
1,<environment.Job instance at 0x14f7f520fdc0>,35,3,[1 9],47,254,257,207,254
1,<environment.Job instance at 0x14f7f520ff00>,36,3,[8 1],48,256,259,208,256
1,<environment.Job instance at 0x14f7f520ffa0>,37,1,[2 9],49,257,258,208,256
1,<environment.Job instance at 0x14f7f51fa140>,38,3,[1 9],52,258,261,206,257
1,<environment.Job instance at 0x14f7f51fa230>,39,1,[9 1],53,300,301,247,300
1,<environment.Job instance at 0x14f7f51fa050>,40,3,[1 7],54,301,304,247,301
1,<environment.Job instance at 0x14f7f51fa1e0>,41,2,[1 8],55,303,305,248,303
1,<environment.Job instance at 0x14f7f51fa320>,42,16,[10  1],56,314,330,258,314
1,<environment.Job instance at 0x14f7f51fa3c0>,43,3,[5 1],58,318,321,260,318
1,<environment.Job instance at 0x14f7f51fa460>,44,3,[9 2],59,330,333,271,319
1,<environment.Job instance at 0x14f7f51fa550>,45,14,[ 1 12],60,321,335,261,319
1,<environment.Job instance at 0x14f7f51fa500>,46,2,[ 1 10],61,335,337,274,330
1,<environment.Job instance at 0x14f7f51fa690>,47,1,[9 1],62,341,342,279,341
1,<environment.Job instance at 0x14f7f51fa5a0>,48,2,[1 5],63,345,347,282,345
1,<environment.Job instance at 0x14f7f51fa6e0>,49,1,[6 2],64,346,347,282,346
1,<environment.Job instance at 0x14f7f51fa820>,50,3,[7 2],66,346,349,280,346
1,<environment.Job instance at 0x14f7f51fa8c0>,51,13,[1 6],67,346,359,279,346
1,<environment.Job instance at 0x14f7f51fa9b0>,52,19,[5 1],68,364,383,296,364
1,<environment.Job instance at 0x14f7f51faaf0>,53,1,[5 2],70,439,440,369,439
1,<environment.Job instance at 0x14f7f51fab90>,54,3,[1 8],72,445,448,373,445
1,<environment.Job instance at 0x14f7f51fab40>,55,16,[ 1 10],73,507,523,434,507
1,<environment.Job instance at 0x14f7f51fac30>,56,20,[10  2],74,528,548,454,528
1,<environment.Job instance at 0x14f7f51facd0>,57,15,[2 8],75,529,544,454,529
1,<environment.Job instance at 0x14f7f51fabe0>,58,1,[1 5],77,536,537,459,536
1,<environment.Job instance at 0x14f7f51fadc0>,59,1,[7 2],78,553,554,475,553
1,<environment.Job instance at 0x14f7f51fae60>,60,3,[ 2 10],80,573,576,493,573
1,<environment.Job instance at 0x14f7f51faf50>,61,1,[6 2],81,600,601,519,600
1,<environment.Job instance at 0x14f7f51faf00>,62,3,[10  2],83,610,613,527,610
1,<environment.Job instance at 0x14f7f51f6050>,63,3,[2 7],85,611,614,526,611
1,<environment.Job instance at 0x14f7f51f60a0>,64,15,[7 2],86,615,630,529,615
1,<environment.Job instance at 0x14f7f51f62d0>,65,13,[ 2 10],88,620,633,532,620
1,<environment.Job instance at 0x14f7f51f61e0>,66,1,[1 5],91,640,641,549,640
1,<environment.Job instance at 0x14f7f51f6410>,67,21,[6 2],92,653,674,561,653
1,<environment.Job instance at 0x14f7f51f64b0>,68,16,[6 1],94,655,671,561,655
1,<environment.Job instance at 0x14f7f51f6500>,69,1,[8 2],95,671,672,576,663
1,<environment.Job instance at 0x14f7f51f63c0>,70,2,[ 2 10],96,665,667,569,665
1,<environment.Job instance at 0x14f7f51f6550>,71,1,[1 6],97,676,677,579,676
1,<environment.Job instance at 0x14f7f51f6730>,72,1,[ 1 10],102,686,687,584,686
1,<environment.Job instance at 0x14f7f51f6690>,73,14,[2 7],103,717,731,614,717
1,<environment.Job instance at 0x14f7f51f65a0>,74,3,[7 1],104,722,725,618,722
1,<environment.Job instance at 0x14f7f51f6780>,75,1,[ 1 10],105,731,732,626,723
1,<environment.Job instance at 0x14f7f51f6910>,76,18,[6 1],106,727,745,621,727
1,<environment.Job instance at 0x14f7f51f6820>,77,3,[2 9],107,741,744,634,741
1,<environment.Job instance at 0x14f7f51f6960>,78,14,[ 1 10],108,744,758,636,742
1,<environment.Job instance at 0x14f7f51f6a00>,79,18,[2 8],109,762,780,653,762
1,<environment.Job instance at 0x14f7f51f6b40>,80,27,[7 1],111,785,812,674,785
1,<environment.Job instance at 0x14f7f51f6be0>,81,18,[8 1],112,788,806,676,788
1,<environment.Job instance at 0x14f7f51f6cd0>,82,2,[6 2],113,806,808,693,806
1,<environment.Job instance at 0x14f7f51f6e10>,83,16,[6 2],115,812,828,697,812
1,<environment.Job instance at 0x14f7f51f6d20>,84,2,[2 6],116,825,827,709,825
1,<environment.Job instance at 0x14f7f51f6e60>,85,2,[9 1],118,847,849,729,847
1,<environment.Job instance at 0x14f815dbe960>,86,2,[8 1],120,849,851,729,849
1,<environment.Job instance at 0x14f7f51f6fa0>,87,1,[ 1 10],123,857,858,734,857
1,<environment.Job instance at 0x14f7f520b140>,88,1,[8 1],124,881,882,757,881
1,<environment.Job instance at 0x14f7f520b0a0>,89,1,[8 1],125,890,891,765,890
1,<environment.Job instance at 0x14f7f520b8c0>,90,3,[2 7],126,900,903,774,900
1,<environment.Job instance at 0x14f7f520b690>,91,14,[1 9],128,913,927,785,913
1,<environment.Job instance at 0x14f7f534da00>,4,23,[1 9],6,6,29,0,6
1,<environment.Job instance at 0x14f7f5428820>,7,1,[8 2],14,14,15,0,14
1,<environment.Job instance at 0x14f7f53f1320>,22,2,[6 2],38,38,40,0,38
1,<environment.Job instance at 0x14f7f535e1e0>,28,1,[2 6],50,51,52,1,51
1,<environment.Job instance at 0x14f7f535e5a0>,29,2,[1 8],51,54,56,3,54
1,<environment.Job instance at 0x14f7f535e500>,30,1,[8 2],53,54,55,1,54
1,<environment.Job instance at 0x14f7f535e550>,31,13,[1 9],54,56,69,2,54
1,<environment.Job instance at 0x14f7f535e230>,32,2,[2 8],56,69,71,13,56
1,<environment.Job instance at 0x14f7f535e870>,33,2,[7 2],57,57,59,0,57
1,<environment.Job instance at 0x14f7f535eb90>,34,2,[13  1],58,59,61,1,58
1,<environment.Job instance at 0x14f7f535ec80>,35,2,[1 7],59,69,71,10,59
1,<environment.Job instance at 0x14f7f535e320>,36,3,[6 2],60,61,64,1,60
1,<environment.Job instance at 0x14f7f533b320>,38,1,[7 1],64,64,65,0,64
1,<environment.Job instance at 0x14f80c0456e0>,42,21,[2 6],69,76,97,7,76
1,<environment.Job instance at 0x14f80c045730>,43,15,[5 2],70,77,92,7,77
1,<environment.Job instance at 0x14f80c045550>,44,13,[6 2],71,77,90,6,77
1,<environment.Job instance at 0x14f80c045870>,48,12,[5 2],76,90,102,14,77
1,<environment.Job instance at 0x14f80c0455a0>,49,14,[2 8],78,97,111,19,84
1,<environment.Job instance at 0x14f80c0607d0>,57,13,[9 1],89,102,115,13,90
1,<environment.Job instance at 0x14f80c0600f0>,58,2,[1 6],90,92,94,2,91
1,<environment.Job instance at 0x14f80c060d70>,59,24,[9 2],91,115,139,24,110
1,<environment.Job instance at 0x14f7f4fdfaf0>,65,1,[1 9],100,111,112,11,111
1,<environment.Job instance at 0x14f7f4fdf8c0>,66,1,[10  2],101,139,140,38,133
1,<environment.Job instance at 0x14f7f4fdf410>,72,2,[1 5],109,133,135,24,133
1,<environment.Job instance at 0x14f7f4fdf5a0>,73,2,[6 1],110,135,137,25,133
1,<environment.Job instance at 0x14f7f4fdf820>,74,15,[2 8],112,137,152,25,133
1,<environment.Job instance at 0x14f7f4fdfa00>,75,17,[8 1],113,140,157,27,133
1,<environment.Job instance at 0x14f7f4fdf6e0>,76,1,[ 2 10],115,152,153,37,133
1,<environment.Job instance at 0x14f7f4fdfc80>,77,2,[2 8],118,133,135,15,133
1,<environment.Job instance at 0x14f7f4fdf230>,78,16,[8 1],120,157,173,37,144
1,<environment.Job instance at 0x14f80c041550>,80,1,[2 5],122,144,145,22,144
1,<environment.Job instance at 0x14f7f4fdfeb0>,81,3,[2 8],126,153,156,27,144
1,<environment.Job instance at 0x14f80c041500>,82,2,[1 9],127,156,158,29,144
1,<environment.Job instance at 0x14f80c041780>,83,3,[2 6],128,145,148,17,144
1,<environment.Job instance at 0x14f810d24640>,84,2,[5 2],129,148,150,19,144
1,<environment.Job instance at 0x14f7f53f1d70>,25,2,[2 6],45,173,175,128,173
1,<environment.Job instance at 0x14f80c060960>,61,14,[2 8],94,466,480,372,466
1,<environment.Job instance at 0x14f8103d96e0>,5,1,[9 1],7,7,8,0,7
1,<environment.Job instance at 0x14f8103d97d0>,7,1,[7 1],10,10,11,0,10
1,<environment.Job instance at 0x14f8103d98c0>,8,2,[2 7],11,11,13,0,11
1,<environment.Job instance at 0x14f8103d99b0>,9,23,[2 9],12,13,36,1,12
1,<environment.Job instance at 0x14f8103fbdc0>,22,1,[8 1],36,36,37,0,36
1,<environment.Job instance at 0x14f8103fbf00>,23,1,[10  1],37,37,38,0,37
1,<environment.Job instance at 0x14f810401820>,30,2,[2 8],45,45,47,0,45
1,<environment.Job instance at 0x14f810401cd0>,37,1,[7 2],56,59,60,3,59
1,<environment.Job instance at 0x14f8104016e0>,38,3,[1 7],57,59,62,2,59
1,<environment.Job instance at 0x14f810401c30>,39,1,[2 9],58,62,63,4,59
1,<environment.Job instance at 0x14f8103ca230>,40,3,[1 8],60,63,66,3,61
1,<environment.Job instance at 0x14f8103ca3c0>,41,14,[ 1 10],63,82,96,19,82
1,<environment.Job instance at 0x14f8103ca460>,43,14,[2 9],68,105,119,37,105
1,<environment.Job instance at 0x14f810401aa0>,32,3,[13  1],47,121,124,74,121
1,<environment.Job instance at 0x14f8103ca960>,49,1,[9 2],77,124,125,47,121
1,<environment.Job instance at 0x14f8103ca8c0>,50,1,[2 9],78,121,122,43,121
1,<environment.Job instance at 0x14b5c60d3be0>,7,1,[2 6],8,8,9,0,8
1,<environment.Job instance at 0x14b5c60f6a50>,15,1,[ 1 10],20,20,21,0,20
1,<environment.Job instance at 0x14b5cdc0f8c0>,16,1,[2 5],21,21,22,0,21
1,<environment.Job instance at 0x14b5c60d7d20>,20,2,[ 1 13],27,27,29,0,27
1,<environment.Job instance at 0x14b5c60d7320>,22,1,[2 7],30,30,31,0,30
1,<environment.Job instance at 0x14b5c60cca00>,32,3,[2 9],42,54,57,12,54
1,<environment.Job instance at 0x14b5c60ccc30>,33,1,[2 7],43,57,58,14,54
1,<environment.Job instance at 0x14b5c5ffe320>,28,2,[2 7],37,68,70,31,68
1,<environment.Job instance at 0x14b5c604bfa0>,38,1,[8 1],51,70,71,19,70
1,<environment.Job instance at 0x14b5cdc0b1e0>,39,3,[1 5],52,73,76,21,73
1,<environment.Job instance at 0x14b5c60496e0>,41,25,[12  2],54,74,99,20,74
1,<environment.Job instance at 0x14b5c43e9a50>,1,1,[ 2 10],2,2,3,0,2
1,<environment.Job instance at 0x14b5c43e97d0>,2,1,[ 2 14],3,4,5,1,4
1,<environment.Job instance at 0x14b5c41657d0>,10,1,[8 1],14,202,203,188,202
1,<environment.Job instance at 0x14b5c4165af0>,11,3,[5 2],16,217,220,201,217
1,<environment.Job instance at 0x14b5c4165b90>,12,15,[9 2],17,282,297,265,282
1,<environment.Job instance at 0x14b5c41654b0>,13,18,[2 6],18,532,550,514,532
1,<environment.Job instance at 0x14b5c4165370>,14,1,[1 6],19,570,571,551,570
1,<environment.Job instance at 0x14b5c4165690>,15,1,[1 7],20,757,758,737,757
1,<environment.Job instance at 0x14b5c4165230>,16,3,[9 1],23,815,818,792,815
1,<environment.Job instance at 0x14b5c4165eb0>,17,3,[12  1],24,865,868,841,865
1,<environment.Job instance at 0x14b5c4165cd0>,18,1,[1 8],26,889,890,863,889
1,<environment.Job instance at 0x14b5c4165f50>,19,15,[1 6],27,1016,1031,989,1016
1,<environment.Job instance at 0x14b5c4165f00>,20,3,[7 2],28,1107,1110,1079,1107
1,<environment.Job instance at 0x14b5c4165fa0>,21,2,[1 8],29,1377,1379,1348,1377
1,<environment.Job instance at 0x14b5c48fa460>,22,3,[1 7],31,1713,1716,1682,1713
1,<environment.Job instance at 0x14b5c48fa500>,23,13,[ 1 14],32,1858,1871,1826,1858
1,<environment.Job instance at 0x14b5c48fad20>,24,27,[1 8],33,2015,2042,1982,2015
1,<environment.Job instance at 0x14b5c48fafa0>,25,3,[1 9],34,2042,2045,2008,2018
1,<environment.Job instance at 0x14b5c48fabe0>,26,2,[7 2],35,2018,2020,1983,2018
1,<environment.Job instance at 0x14b5c48fac80>,27,12,[6 1],36,2018,2030,1982,2018
1,<environment.Job instance at 0x14b5c48fab90>,28,28,[2 8],39,2206,2234,2167,2206
1,<environment.Job instance at 0x14b5c48fa910>,29,3,[5 1],43,2209,2212,2166,2209
1,<environment.Job instance at 0x14b5c6ae9cd0>,0,1,[2 8],1,1,2,0,1
1,<environment.Job instance at 0x14b5c6aa6500>,1,1,[7 1],2,2,3,0,2
1,<environment.Job instance at 0x14b5cbad20a0>,12,1,[1 6],17,17,18,0,17
1,<environment.Job instance at 0x14b5c6dc2910>,24,1,[ 2 10],35,37,38,2,37
1,<environment.Job instance at 0x14b5c6ddc8c0>,28,21,[7 2],40,44,65,4,44
1,<environment.Job instance at 0x14b5c6ddce10>,30,3,[1 9],42,48,51,6,48
1,<environment.Job instance at 0x14b5c6ddce60>,31,1,[6 1],43,48,49,5,48
1,<environment.Job instance at 0x14b5c6ddc370>,32,3,[5 1],44,49,52,5,48
1,<environment.Job instance at 0x14b5c6ddc4b0>,33,3,[1 7],49,51,54,2,49
1,<environment.Job instance at 0x14b5c6dc2e10>,26,2,[ 1 10],37,54,56,17,51
1,<environment.Job instance at 0x14b5cbbd0aa0>,34,12,[7 1],51,52,64,1,52
1,<environment.Job instance at 0x14b5cbbd0410>,36,2,[10  1],53,65,67,12,53
1,<environment.Job instance at 0x14b5cbbd0a00>,37,3,[1 9],54,56,59,2,54
1,<environment.Job instance at 0x14b5cbbd01e0>,38,3,[1 8],58,59,62,1,58
1,<environment.Job instance at 0x14b5cbbd0820>,39,2,[2 7],61,64,66,3,61
1,<environment.Job instance at 0x14b5cbbd0500>,35,20,[8 2],52,67,87,15,63
1,<environment.Job instance at 0x14b5cbbd0b40>,43,1,[ 2 10],65,66,67,1,65
1,<environment.Job instance at 0x14b5c6ddad20>,49,2,[ 2 10],75,91,93,16,91
1,<environment.Job instance at 0x14b5cd1104b0>,54,3,[2 7],83,97,100,14,97
1,<environment.Job instance at 0x14b5cd110eb0>,52,2,[ 2 12],80,147,149,67,147
1,<environment.Job instance at 0x14b5c6d20e10>,69,3,[2 7],106,154,157,48,154
1,<environment.Job instance at 0x14b5c6d20140>,70,14,[7 2],107,155,169,48,155
1,<environment.Job instance at 0x14b5c6d20050>,71,2,[ 1 10],109,372,374,263,372
1,<environment.Job instance at 0x14b5cbaa6370>,81,2,[10  2],125,2118,2120,1993,2118
1,<environment.Job instance at 0x14b5c6ab4730>,88,1,[7 2],136,2132,2133,1996,2132
1,<environment.Job instance at 0x14b58edff1e0>,8,1,[10  1],14,14,15,0,14
1,<environment.Job instance at 0x14b58edffcd0>,9,27,[1 7],15,15,42,0,15
1,<environment.Job instance at 0x14b5c5fb6e60>,15,2,[8 1],26,29,31,3,29
1,<environment.Job instance at 0x14b5c5fb6d70>,17,1,[5 1],29,30,31,1,30
1,<environment.Job instance at 0x14b5c5fb69b0>,18,3,[1 5],30,31,34,1,31
1,<environment.Job instance at 0x14b5c5fb6190>,19,2,[1 9],31,42,44,11,31
1,<environment.Job instance at 0x14b5c5fb6960>,21,1,[1 8],35,35,36,0,35
1,<environment.Job instance at 0x14b5c5fb65f0>,14,2,[1 5],25,36,38,11,35
1,<environment.Job instance at 0x14b58f3eb870>,23,3,[1 6],37,40,43,3,40
1,<environment.Job instance at 0x14b58f3eb140>,24,2,[8 2],38,40,42,2,40
1,<environment.Job instance at 0x14b58f3eb320>,25,14,[9 1],40,43,57,3,40
1,<environment.Job instance at 0x14b58f3ebaf0>,27,2,[1 7],42,44,46,2,42
1,<environment.Job instance at 0x14b5cbbbeb90>,33,1,[2 8],50,50,51,0,50
1,<environment.Job instance at 0x14b5cbbbe320>,34,1,[8 2],51,57,58,6,51
1,<environment.Job instance at 0x14b5cbbbe5f0>,36,2,[6 1],54,54,56,0,54
1,<environment.Job instance at 0x14b5cbbbe230>,39,3,[ 2 11],60,60,63,0,60
1,<environment.Job instance at 0x14b5cbbbe8c0>,40,2,[1 7],61,63,65,2,61
1,<environment.Job instance at 0x14b5cbbbe370>,41,1,[1 5],62,63,64,1,62
1,<environment.Job instance at 0x14b5cbbbef50>,35,14,[14  1],52,67,81,15,67
1,<environment.Job instance at 0x14b5c6aa68c0>,43,3,[1 6],64,98,101,34,98
1,<environment.Job instance at 0x14b5c6aa6910>,50,2,[1 8],71,99,101,28,99
1,<environment.Job instance at 0x14b5c6aa6e10>,51,3,[2 8],72,101,104,29,99
1,<environment.Job instance at 0x14b5c6aa67d0>,52,2,[2 8],73,104,106,31,99
1,<environment.Job instance at 0x14b5c6aa6050>,53,3,[5 2],76,101,104,25,99
1,<environment.Job instance at 0x14b5c6aa6550>,54,1,[6 2],78,101,102,23,99
1,<environment.Job instance at 0x14b5c6aa6f50>,55,2,[2 8],79,106,108,27,99
1,<environment.Job instance at 0x14b5c6aa6eb0>,56,1,[6 2],81,102,103,21,99
1,<environment.Job instance at 0x14b5c6aa6190>,57,1,[2 9],82,108,109,26,100
1,<environment.Job instance at 0x14b58f178c30>,61,1,[5 2],87,105,106,18,105
1,<environment.Job instance at 0x14b58f178f50>,62,1,[2 5],88,105,106,17,105
1,<environment.Job instance at 0x14b5c606cbe0>,63,2,[ 1 10],90,109,111,19,105
1,<environment.Job instance at 0x14b5c6aa65f0>,58,27,[ 2 10],83,111,138,28,109
1,<environment.Job instance at 0x14b58f38fa50>,67,1,[7 1],96,109,110,13,109
1,<environment.Job instance at 0x14b58f38feb0>,69,1,[7 2],98,109,110,11,109
1,<environment.Job instance at 0x14b58f38ff50>,70,3,[10  2],99,110,113,11,109
1,<environment.Job instance at 0x14b5c0136690>,71,2,[5 2],100,113,115,13,110
1,<environment.Job instance at 0x14b58ed59910>,3,1,[2 5],4,4,5,0,4
1,<environment.Job instance at 0x14b58ed599b0>,5,2,[7 1],6,6,8,0,6
1,<environment.Job instance at 0x14b58f38f910>,8,25,[12  1],9,9,34,0,9
1,<environment.Job instance at 0x14b58ed55af0>,16,23,[1 6],21,21,44,0,21
1,<environment.Job instance at 0x14b58ed558c0>,18,3,[10  1],27,34,37,7,27
1,<environment.Job instance at 0x14b58ed55f50>,19,3,[6 1],29,37,40,8,29
1,<environment.Job instance at 0x14b58ed55eb0>,20,3,[8 1],30,37,40,7,30
1,<environment.Job instance at 0x14b58ed55550>,23,1,[7 1],36,40,41,4,36
1,<environment.Job instance at 0x14b58ed555a0>,24,2,[5 1],37,40,42,3,37
1,<environment.Job instance at 0x14b58eef2460>,33,1,[1 9],52,52,53,0,52
1,<environment.Job instance at 0x14b58eef21e0>,34,3,[2 9],54,54,57,0,54
1,<environment.Job instance at 0x14b58eef2640>,35,1,[10  2],55,55,56,0,55
1,<environment.Job instance at 0x14b58eef2140>,36,1,[5 2],56,56,57,0,56
1,<environment.Job instance at 0x14b58eef2aa0>,37,26,[2 8],58,58,84,0,58
1,<environment.Job instance at 0x14b5cbad5a00>,52,2,[5 2],84,85,87,1,85
1,<environment.Job instance at 0x14b58ec6d730>,53,27,[1 7],85,85,112,0,85
1,<environment.Job instance at 0x14b5c60854b0>,54,21,[1 8],86,90,111,4,90
1,<environment.Job instance at 0x14b5c43b1fa0>,56,2,[6 1],89,111,113,22,90
1,<environment.Job instance at 0x14b58ec5c2d0>,57,2,[ 1 10],90,112,114,22,90
1,<environment.Job instance at 0x14b5cb1658c0>,58,3,[9 2],92,113,116,21,92
1,<environment.Job instance at 0x14b58ec0be10>,59,2,[5 1],93,111,113,18,93
1,<environment.Job instance at 0x14b58ec0b730>,60,17,[1 9],94,114,131,20,102
1,<environment.Job instance at 0x14b58ec765a0>,61,3,[9 2],95,116,119,21,102
1,<environment.Job instance at 0x14b58ec769b0>,62,2,[2 9],97,131,133,34,106
1,<environment.Job instance at 0x14b58ecb0c80>,65,13,[10  1],105,119,132,14,106
1,<environment.Job instance at 0x14b58ec63730>,70,2,[8 2],115,132,134,17,129
1,<environment.Job instance at 0x14b58ed2eb40>,74,3,[1 9],121,133,136,12,129
1,<environment.Job instance at 0x14b58ed2e8c0>,75,1,[2 9],124,136,137,12,129
1,<environment.Job instance at 0x14b58ed2e460>,76,2,[7 2],125,134,136,9,129
1,<environment.Job instance at 0x14b58ed2e820>,77,12,[7 1],126,134,146,8,129
1,<environment.Job instance at 0x14b58ed2e870>,78,13,[13  2],127,146,159,19,130
1,<environment.Job instance at 0x14b58ec5de60>,81,16,[ 1 10],132,137,153,5,132
1,<environment.Job instance at 0x14b58ed11370>,85,13,[8 2],137,159,172,22,143
1,<environment.Job instance at 0x14b58eccbd70>,86,18,[5 1],138,159,177,21,148
1,<environment.Job instance at 0x14b58ed11190>,87,15,[6 1],139,172,187,33,169
1,<environment.Job instance at 0x14b58ed2e2d0>,71,1,[ 1 12],116,215,216,99,215
1,<environment.Job instance at 0x14b58ee72e10>,44,1,[6 2],72,226,227,154,226
1,<environment.Job instance at 0x14b5cbae9a50>,0,1,[6 2],1,1,2,0,1
1,<environment.Job instance at 0x14b5cbae93c0>,2,1,[7 1],4,4,5,0,4
1,<environment.Job instance at 0x14b5c69c5e60>,4,3,[ 1 10],6,6,9,0,6
1,<environment.Job instance at 0x14b5c69c5a50>,5,3,[1 5],7,7,10,0,7
1,<environment.Job instance at 0x14b5c4694230>,8,2,[2 8],10,10,12,0,10
1,<environment.Job instance at 0x14b5c4694910>,11,1,[1 9],17,17,18,0,17
1,<environment.Job instance at 0x14b5cbb363c0>,18,25,[8 1],29,30,55,1,30
1,<environment.Job instance at 0x14b5c46ee5a0>,23,14,[9 2],36,55,69,19,40
1,<environment.Job instance at 0x14b58eeca0f0>,25,2,[7 2],38,40,42,2,40
1,<environment.Job instance at 0x14b58eecac80>,29,3,[9 2],43,69,72,26,45
1,<environment.Job instance at 0x14b58eecab40>,30,13,[1 9],44,47,60,3,47
1,<environment.Job instance at 0x14b58eeca370>,31,2,[1 8],45,60,62,15,47
1,<environment.Job instance at 0x14b5c5fb70a0>,32,12,[1 7],47,62,74,15,48
1,<environment.Job instance at 0x14b5c5fb7640>,33,1,[ 1 10],49,74,75,25,49
1,<environment.Job instance at 0x14b5c5fb78c0>,34,19,[2 5],50,60,79,10,50
1,<environment.Job instance at 0x14b5c5fb72d0>,35,17,[2 9],51,75,92,24,63
1,<environment.Job instance at 0x14b5c5eaf460>,38,17,[5 2],54,79,96,25,70
1,<environment.Job instance at 0x14b5c5eaf0f0>,48,3,[7 1],66,75,78,9,71
1,<environment.Job instance at 0x14b5c0191280>,49,14,[8 2],67,79,93,12,71
1,<environment.Job instance at 0x14b5c0191e60>,50,2,[1 9],69,92,94,23,71
1,<environment.Job instance at 0x14b58eed4960>,51,2,[7 2],70,72,74,2,72
1,<environment.Job instance at 0x14b58eed4b40>,52,3,[5 2],72,93,96,21,72
1,<environment.Job instance at 0x14b5cb1bb7d0>,53,13,[2 8],73,94,107,21,78
1,<environment.Job instance at 0x14b58eed4550>,55,1,[1 5],76,96,97,20,78
1,<environment.Job instance at 0x14b58eed43c0>,56,1,[10  1],78,78,79,0,78
1,<environment.Job instance at 0x14b58eed4d70>,57,1,[5 2],79,96,97,17,79
1,<environment.Job instance at 0x14b5c5175870>,58,17,[10  1],80,97,114,17,85
1,<environment.Job instance at 0x14b5c5175e10>,59,25,[9 1],81,120,145,39,120
1,<environment.Job instance at 0x14b58ef1fbe0>,67,2,[2 9],91,142,144,51,142
1,<environment.Job instance at 0x14b5cccb0230>,73,2,[10  2],98,145,147,47,142
1,<environment.Job instance at 0x14b58eefd5a0>,74,15,[9 2],100,147,162,47,142
1,<environment.Job instance at 0x14b5c00965f0>,75,2,[5 2],101,149,151,48,149
1,<environment.Job instance at 0x14b58edadb40>,76,2,[5 1],102,169,171,67,169
1,<environment.Job instance at 0x14b58ee3a370>,85,2,[7 2],115,169,171,54,169
1,<environment.Job instance at 0x14b58ee3ab90>,86,2,[9 2],116,171,173,55,169
1,<environment.Job instance at 0x14b58ee3a870>,87,3,[5 1],117,171,174,54,169
1,<environment.Job instance at 0x14b58ee3a2d0>,88,2,[ 1 10],118,169,171,51,169
1,<environment.Job instance at 0x14b58ee3a190>,89,13,[2 6],119,173,186,54,169
1,<environment.Job instance at 0x14b58ee3a050>,90,17,[12  1],120,174,191,54,169
1,<environment.Job instance at 0x14b58ee3a910>,91,1,[8 2],123,173,174,50,169
1,<environment.Job instance at 0x14b58ee3a3c0>,92,17,[7 1],124,191,208,67,182
1,<environment.Job instance at 0x14b58ee3a320>,96,1,[8 2],128,191,192,63,182
1,<environment.Job instance at 0x14b5c6d63c80>,99,1,[1 8],131,182,183,51,182
1,<environment.Job instance at 0x14b5cbac4500>,100,2,[6 2],132,192,194,60,182
1,<environment.Job instance at 0x14b5cbac45a0>,101,13,[2 9],133,192,205,59,182
1,<environment.Job instance at 0x14b5cb127140>,102,1,[6 2],135,194,195,59,182
1,<environment.Job instance at 0x14b5cbac40f0>,103,3,[8 2],136,205,208,69,182
1,<environment.Job instance at 0x14b5c5e49aa0>,104,2,[ 1 10],138,186,188,48,182
1,<environment.Job instance at 0x14b5c5e492d0>,105,13,[10  1],139,208,221,69,192
1,<environment.Job instance at 0x14b5cb44d050>,19,16,[8 1],30,223,239,193,223
1,<environment.Job instance at 0x14b58eecafa0>,22,3,[1 7],34,258,261,224,258
1,<environment.Job instance at 0x14b5cb220780>,4,1,[13  1],5,6,7,1,6
1,<environment.Job instance at 0x14b58f239550>,13,22,[8 1],15,15,37,0,15
1,<environment.Job instance at 0x14b58f34cdc0>,15,3,[10  2],17,37,40,20,17
1,<environment.Job instance at 0x14b58ec35730>,21,18,[6 1],25,40,58,15,30
1,<environment.Job instance at 0x14b5c01eef00>,24,22,[2 6],29,34,56,5,34
1,<environment.Job instance at 0x14b5c606aa00>,26,16,[6 2],31,40,56,9,36
1,<environment.Job instance at 0x14b58f39f230>,27,1,[6 1],32,56,57,24,38
1,<environment.Job instance at 0x14b58ec34640>,28,2,[9 1],34,57,59,23,38
1,<environment.Job instance at 0x14b58f39fc80>,29,19,[1 5],36,38,57,2,38
1,<environment.Job instance at 0x14b5c00def50>,30,1,[8 1],37,59,60,22,38
1,<environment.Job instance at 0x14b58edd9460>,31,1,[5 1],39,58,59,19,39
1,<environment.Job instance at 0x14b5c6af1640>,32,2,[7 2],40,59,61,19,40
1,<environment.Job instance at 0x14b5d6155690>,34,3,[1 8],43,1572,1575,1529,1572
1,<environment.Job instance at 0x14b5cbab30f0>,35,1,[ 2 10],44,2108,2109,2064,2108
1,<environment.Job instance at 0x14b58ed6f690>,0,1,[7 2],2,2,3,0,2
1,<environment.Job instance at 0x14b5cbae6a00>,14,1,[9 2],17,17,18,0,17
1,<environment.Job instance at 0x14b5c6a9a3c0>,15,2,[1 7],18,18,20,0,18
1,<environment.Job instance at 0x14b5cbae6dc0>,16,26,[1 6],21,21,47,0,21
1,<environment.Job instance at 0x14b58efb2280>,18,23,[2 6],24,24,47,0,24
1,<environment.Job instance at 0x14b5cbaf8a00>,19,23,[9 1],26,26,49,0,26
1,<environment.Job instance at 0x14b58ed26320>,21,1,[5 2],28,47,48,19,28
1,<environment.Job instance at 0x14b58ed25be0>,22,1,[8 2],29,49,50,20,29
1,<environment.Job instance at 0x14b58ed26460>,23,2,[7 2],31,49,51,18,31
1,<environment.Job instance at 0x14b58ed12230>,24,3,[6 1],33,50,53,17,33
1,<environment.Job instance at 0x14b5c46e40f0>,26,1,[9 1],35,51,52,16,35
1,<environment.Job instance at 0x14b5cbae65f0>,11,3,[5 2],14,52,55,38,50
1,<environment.Job instance at 0x14b5cd132550>,30,20,[8 1],40,53,73,13,51
1,<environment.Job instance at 0x14b5cd1324b0>,31,2,[7 1],41,67,69,26,67
1,<environment.Job instance at 0x14b5c5f49820>,39,13,[ 2 11],60,71,84,11,71
1,<environment.Job instance at 0x14b5c5f5f960>,40,3,[1 8],61,84,87,23,78
1,<environment.Job instance at 0x14b58f0e1230>,41,1,[8 1],63,80,81,17,80
1,<environment.Job instance at 0x14b5c49032d0>,42,16,[9 1],64,81,97,17,80
1,<environment.Job instance at 0x14b5c4903dc0>,43,12,[7 2],66,97,109,31,82
1,<environment.Job instance at 0x14b5c49034b0>,44,15,[ 2 10],72,109,124,37,109
1,<environment.Job instance at 0x14b5c5f59a50>,45,2,[5 2],73,119,121,46,119
1,<environment.Job instance at 0x14b58f0c7190>,46,2,[7 2],74,120,122,46,120
1,<environment.Job instance at 0x14b5c4932e60>,47,2,[5 2],76,121,123,45,120
1,<environment.Job instance at 0x14b5c4932c80>,48,1,[ 2 10],77,124,125,47,120
1,<environment.Job instance at 0x14b58f0c75a0>,49,1,[6 2],78,122,123,44,120
1,<environment.Job instance at 0x14b5c6a8fd20>,50,2,[ 1 12],79,125,127,46,120
1,<environment.Job instance at 0x14b5c46d6f50>,51,16,[2 9],80,127,143,47,120
1,<environment.Job instance at 0x14b58f192190>,52,2,[5 2],81,123,125,42,120
1,<environment.Job instance at 0x14b58f192c30>,53,21,[5 1],82,123,144,41,120
1,<environment.Job instance at 0x14b5c5f99cd0>,54,3,[2 8],83,143,146,60,141
1,<environment.Job instance at 0x14b5c5f99050>,55,3,[8 2],85,142,145,57,142
1,<environment.Job instance at 0x14b5c5f55f50>,56,1,[ 2 10],86,146,147,60,142
1,<environment.Job instance at 0x14b5c5f55280>,57,2,[1 6],87,147,149,60,142
1,<environment.Job instance at 0x14b58ed31a00>,58,2,[8 1],88,145,147,57,142
1,<environment.Job instance at 0x14b5c5f55fa0>,59,1,[2 7],90,147,148,57,142
1,<environment.Job instance at 0x14b58ed22f50>,60,2,[1 8],91,148,150,57,144
1,<environment.Job instance at 0x14b58ed31a50>,61,13,[7 1],92,147,160,55,144
1,<environment.Job instance at 0x14b58ed22140>,62,3,[ 2 10],95,150,153,55,144
1,<environment.Job instance at 0x14b58ed22780>,63,2,[2 7],96,153,155,57,144
1,<environment.Job instance at 0x14b58ed22190>,64,22,[ 2 10],97,155,177,58,148
1,<environment.Job instance at 0x14b58ed22870>,65,2,[10  2],98,160,162,62,156
1,<environment.Job instance at 0x14b58ed22550>,66,2,[1 7],99,177,179,78,160
1,<environment.Job instance at 0x14b58ed22960>,67,3,[2 8],100,177,180,77,160
1,<environment.Job instance at 0x14b58ed22f00>,68,2,[6 2],101,162,164,61,160
1,<environment.Job instance at 0x14b58ed221e0>,69,1,[7 1],104,162,163,58,160
1,<environment.Job instance at 0x14b58ed22fa0>,70,2,[5 2],105,163,165,58,160
1,<environment.Job instance at 0x14b58ed220f0>,71,15,[1 9],106,180,195,74,166
1,<environment.Job instance at 0x14b58ed22230>,72,3,[6 1],107,179,182,72,175
1,<environment.Job instance at 0x14b58ed22af0>,73,2,[ 1 10],108,195,197,87,180
1,<environment.Job instance at 0x14b58ed227d0>,74,1,[7 1],109,180,181,71,180
1,<environment.Job instance at 0x14b58ed225a0>,75,1,[2 6],112,182,183,70,180
1,<environment.Job instance at 0x14b58ed22370>,76,2,[10  2],113,183,185,70,180
1,<environment.Job instance at 0x14b58ed22320>,77,1,[5 1],114,185,186,71,183
1,<environment.Job instance at 0x14b58ed24fa0>,78,2,[8 2],115,185,187,70,183
1,<environment.Job instance at 0x14b58ed245a0>,79,1,[6 1],116,186,187,70,183
1,<environment.Job instance at 0x14b58ed24690>,80,3,[8 1],118,187,190,69,183
1,<environment.Job instance at 0x14b58ed24f00>,81,15,[6 1],122,187,202,65,183
1,<environment.Job instance at 0x14b58ed24910>,82,2,[8 2],123,190,192,67,183
1,<environment.Job instance at 0x14b58ed24960>,83,17,[10  1],126,202,219,76,190
1,<environment.Job instance at 0x14b58ed24b90>,84,3,[2 6],127,197,200,70,193
1,<environment.Job instance at 0x14b58ed24550>,85,2,[7 1],128,193,195,65,193
1,<environment.Job instance at 0x14b58ed24d20>,86,21,[6 1],130,219,240,89,215
1,<environment.Job instance at 0x14b58ed240f0>,87,3,[ 2 13],132,223,226,91,223
1,<environment.Job instance at 0x14b58ed24a00>,88,14,[2 6],133,226,240,93,223
1,<environment.Job instance at 0x14b58ed24b40>,89,1,[ 2 10],134,240,241,106,232
1,<environment.Job instance at 0x14b58ed24c30>,90,2,[2 8],135,232,234,97,232
1,<environment.Job instance at 0x14b58ed38e10>,91,1,[1 7],138,234,235,96,232
1,<environment.Job instance at 0x14b5cbae6370>,3,1,[9 1],4,4,5,0,4
1,<environment.Job instance at 0x14b58eb7a500>,4,1,[ 2 10],5,5,6,0,5
1,<environment.Job instance at 0x14b58eb7a820>,6,3,[ 1 10],11,11,14,0,11
1,<environment.Job instance at 0x14b58eb7a910>,7,1,[8 2],12,12,13,0,12
1,<environment.Job instance at 0x14b58eb7ac80>,13,3,[1 5],20,20,23,0,20
1,<environment.Job instance at 0x14b58eb7aeb0>,15,1,[1 7],24,24,25,0,24
1,<environment.Job instance at 0x14b58eb7c230>,17,2,[7 1],26,26,28,0,26
1,<environment.Job instance at 0x14b58eb7c3c0>,18,28,[1 6],27,27,55,0,27
1,<environment.Job instance at 0x14b58eb7a640>,12,1,[2 6],19,33,34,14,33
1,<environment.Job instance at 0x14b58eb7c6e0>,21,16,[1 6],32,34,50,2,33
1,<environment.Job instance at 0x14b58eb7c780>,22,15,[10  2],33,33,48,0,33
1,<environment.Job instance at 0x14b58eb7c730>,24,2,[ 2 10],36,55,57,19,36
1,<environment.Job instance at 0x14b58eb7c910>,26,1,[1 9],39,50,51,11,39
1,<environment.Job instance at 0x14b58eb7ceb0>,27,1,[2 7],40,51,52,11,40
1,<environment.Job instance at 0x14b58eb7cfa0>,28,2,[1 8],41,52,54,11,41
1,<environment.Job instance at 0x14b58eb7ce10>,29,1,[1 9],43,54,55,11,43
1,<environment.Job instance at 0x14b58eb7e2d0>,30,2,[ 2 10],45,57,59,12,45
1,<environment.Job instance at 0x14b58eb7e410>,31,3,[9 1],46,51,54,5,46
1,<environment.Job instance at 0x14b58eb7e5a0>,32,12,[9 1],47,55,67,8,47
1,<environment.Job instance at 0x14b58eb7e6e0>,33,20,[ 2 11],48,59,79,11,50
1,<environment.Job instance at 0x14b58eb7e500>,36,15,[6 1],53,67,82,14,53
1,<environment.Job instance at 0x14b58eb805f0>,45,1,[7 2],65,67,68,2,65
1,<environment.Job instance at 0x14b58eb7e8c0>,38,1,[2 8],55,79,80,24,70
1,<environment.Job instance at 0x14b58eb80c80>,50,3,[2 9],71,80,83,9,71
1,<environment.Job instance at 0x14b58eb80dc0>,51,1,[1 6],72,79,80,7,72
1,<environment.Job instance at 0x14b58eb80f00>,52,1,[10  1],73,82,83,9,73
1,<environment.Job instance at 0x14b58eb80e10>,53,17,[5 1],74,83,100,9,75
1,<environment.Job instance at 0x14b58eb80d70>,54,1,[7 1],75,75,76,0,75
1,<environment.Job instance at 0x14b58eb82730>,59,2,[8 1],80,83,85,3,81
1,<environment.Job instance at 0x14b58eb827d0>,60,27,[6 1],81,85,112,4,83
1,<environment.Job instance at 0x14b58eb828c0>,61,21,[9 2],82,100,121,18,92
1,<environment.Job instance at 0x14b58eb82c80>,64,2,[2 9],85,92,94,7,92
1,<environment.Job instance at 0x14b58eb82c30>,65,13,[2 8],87,112,125,25,96
1,<environment.Job instance at 0x14b58eb82dc0>,66,3,[7 2],88,121,124,33,96
1,<environment.Job instance at 0x14b58eb82d70>,67,17,[ 2 10],89,125,142,36,120
1,<environment.Job instance at 0x14b58eb844b0>,72,2,[1 7],99,142,144,43,120
1,<environment.Job instance at 0x14b58eb846e0>,73,3,[7 1],100,124,127,24,120
1,<environment.Job instance at 0x14b58eb84780>,74,1,[6 1],101,121,122,20,120
1,<environment.Job instance at 0x14b58eb84820>,75,15,[6 2],102,122,137,20,120
1,<environment.Job instance at 0x14b58eb848c0>,76,3,[2 9],103,144,147,41,120
1,<environment.Job instance at 0x14b58eb84870>,77,17,[1 8],105,147,164,42,145
1,<environment.Job instance at 0x14b58eb84b90>,79,16,[2 7],107,189,205,82,189
1,<environment.Job instance at 0x14b58eb84aa0>,80,2,[1 8],109,190,192,81,190
1,<environment.Job instance at 0x14b58eb84c30>,81,2,[1 5],110,192,194,82,192
1,<environment.Job instance at 0x14b58eb84cd0>,82,1,[1 5],111,203,204,92,203
1,<environment.Job instance at 0x14b58eb84e60>,83,2,[9 1],112,207,209,95,207
1,<environment.Job instance at 0x14b58eb84d70>,84,3,[9 2],113,209,212,96,207
1,<environment.Job instance at 0x14b58eb84eb0>,85,17,[5 2],114,207,224,93,207
1,<environment.Job instance at 0x14b58eb84960>,86,2,[2 6],116,212,214,96,208
1,<environment.Job instance at 0x14b58eb86050>,87,1,[ 1 10],117,210,211,93,210
1,<environment.Job instance at 0x14b58eb860f0>,88,1,[2 7],118,212,213,94,210
1,<environment.Job instance at 0x14b58eb86280>,89,2,[2 6],119,213,215,94,210
1,<environment.Job instance at 0x14b58eb86190>,90,17,[5 2],120,214,231,94,210
1,<environment.Job instance at 0x14b58ebf23c0>,91,2,[5 1],122,215,217,93,213
1,<environment.Job instance at 0x14b58ebf2320>,92,2,[8 2],123,224,226,101,213
1,<environment.Job instance at 0x14b58ebf2910>,93,2,[12  1],125,231,233,106,221
1,<environment.Job instance at 0x14b58ebf2370>,94,14,[1 9],126,221,235,95,221
1,<environment.Job instance at 0x14b58ebf22d0>,95,1,[2 8],127,235,236,108,221
1,<environment.Job instance at 0x14b58ebf24b0>,96,18,[10  2],128,233,251,105,222
1,<environment.Job instance at 0x14b58ebdcb90>,97,12,[2 9],129,236,248,107,223
1,<environment.Job instance at 0x14b58efdc6e0>,98,15,[2 5],130,248,263,118,234
1,<environment.Job instance at 0x14b58ebdc730>,99,3,[1 6],131,248,251,117,238
1,<environment.Job instance at 0x14b5c6020dc0>,100,2,[1 8],133,251,253,118,240
1,<environment.Job instance at 0x14b58f3e7190>,101,17,[7 1],134,251,268,117,241
1,<environment.Job instance at 0x14b58f3f0b90>,102,16,[8 2],135,263,279,128,261
1,<environment.Job instance at 0x14b58ebdc1e0>,103,3,[1 5],138,268,271,130,263
1,<environment.Job instance at 0x14b5c60209b0>,104,1,[10  1],139,279,280,140,263
1,<environment.Job instance at 0x14b58eb8de10>,1,1,[1 6],2,2,3,0,2
1,<environment.Job instance at 0x14b58ee23eb0>,4,2,[7 2],5,5,7,0,5
1,<environment.Job instance at 0x14b58ee23640>,5,1,[1 6],6,6,7,0,6
1,<environment.Job instance at 0x14b5c6aa05a0>,10,2,[7 1],16,16,18,0,16
1,<environment.Job instance at 0x14b5c60484b0>,12,1,[ 2 13],18,18,19,0,18
1,<environment.Job instance at 0x14b5c6a92d20>,16,1,[5 1],22,22,23,0,22
1,<environment.Job instance at 0x14b5c6a92b40>,17,12,[ 1 10],23,23,35,0,23
1,<environment.Job instance at 0x14b5c6a92820>,18,2,[1 7],24,35,37,11,24
1,<environment.Job instance at 0x14b5c6a929b0>,19,1,[6 2],27,27,28,0,27
1,<environment.Job instance at 0x14b5c6a92b90>,20,3,[5 2],28,28,31,0,28
1,<environment.Job instance at 0x14b5c6a92410>,21,15,[8 1],29,29,44,0,29
1,<environment.Job instance at 0x14b5cd0e9af0>,25,1,[5 2],39,39,40,0,39
1,<environment.Job instance at 0x14b5cd0e9a50>,28,1,[2 8],43,44,45,1,44
1,<environment.Job instance at 0x14b58f19ca50>,31,2,[7 1],47,47,49,0,47
1,<environment.Job instance at 0x14b58f19cb40>,32,1,[ 1 10],48,48,49,0,48
1,<environment.Job instance at 0x14b58f19ce10>,33,26,[2 5],49,49,75,0,49
1,<environment.Job instance at 0x14b5cd0e9280>,29,2,[2 9],44,56,58,12,56
1,<environment.Job instance at 0x14b58ef8da00>,40,1,[1 5],61,61,62,0,61
1,<environment.Job instance at 0x14b58ef7e4b0>,42,1,[2 8],64,64,65,0,64
1,<environment.Job instance at 0x14b58ef7e0a0>,43,18,[1 7],66,66,84,0,66
1,<environment.Job instance at 0x14b58efeba50>,45,2,[ 2 13],69,84,86,15,69
1,<environment.Job instance at 0x14b5c6048dc0>,14,3,[9 1],20,69,72,49,69
1,<environment.Job instance at 0x14b58efeb820>,49,1,[1 9],75,86,87,11,75
1,<environment.Job instance at 0x14b5c6047780>,50,3,[6 2],76,76,79,0,76
1,<environment.Job instance at 0x14b58ed65370>,51,16,[ 1 11],77,87,103,10,77
1,<environment.Job instance at 0x14b58ee690a0>,52,1,[2 6],78,78,79,0,78
1,<environment.Job instance at 0x14b58f1e9730>,53,1,[1 5],80,80,81,0,80
1,<environment.Job instance at 0x14b58ee69cd0>,54,2,[2 8],81,81,83,0,81
1,<environment.Job instance at 0x14b58ee69f50>,55,24,[2 9],82,103,127,21,98
1,<environment.Job instance at 0x14b58ee69fa0>,56,3,[2 5],85,103,106,18,98
1,<environment.Job instance at 0x14b58ee69b90>,57,18,[5 2],87,106,124,19,98
1,<environment.Job instance at 0x14b58ee695a0>,58,1,[1 6],88,124,125,36,98
1,<environment.Job instance at 0x14b5c5ee2cd0>,59,2,[2 6],90,125,127,35,98
1,<environment.Job instance at 0x14b58ee69640>,61,3,[2 7],92,127,130,35,101
1,<environment.Job instance at 0x14b58ee69eb0>,63,3,[10  1],97,101,104,4,101
1,<environment.Job instance at 0x14b5c600e230>,64,2,[6 1],98,104,106,6,101
1,<environment.Job instance at 0x14b58ee363c0>,65,3,[1 5],99,127,130,28,101
1,<environment.Job instance at 0x14b5c011c140>,68,1,[1 8],102,130,131,28,102
1,<environment.Job instance at 0x14b5cd14f460>,70,3,[2 7],104,130,133,26,105
1,<environment.Job instance at 0x14b58edcceb0>,74,3,[2 6],109,131,134,22,117
1,<environment.Job instance at 0x14b58edcc4b0>,75,2,[8 1],110,117,119,7,117
1,<environment.Job instance at 0x14b5c4183b40>,81,2,[ 1 14],120,134,136,14,120
1,<environment.Job instance at 0x14b58f17e280>,82,1,[7 2],121,121,122,0,121
1,<environment.Job instance at 0x14b5c5f4b1e0>,85,1,[2 5],124,133,134,9,124
1,<environment.Job instance at 0x14b5c5f4bd70>,86,2,[1 5],126,136,138,10,126
1,<environment.Job instance at 0x14b5c5f4bd20>,87,3,[2 8],127,136,139,9,127
1,<environment.Job instance at 0x14b5c5f4baa0>,88,17,[10  1],128,131,148,3,128
1,<environment.Job instance at 0x14b5c5f4b230>,89,26,[5 2],129,139,165,10,136
1,<environment.Job instance at 0x14b5c5f4b730>,90,1,[8 2],130,148,149,18,136
1,<environment.Job instance at 0x14b58edc0410>,91,2,[2 6],131,148,150,17,136
1,<environment.Job instance at 0x14b58edc0a00>,92,3,[1 9],132,150,153,18,136
1,<environment.Job instance at 0x14b58edc03c0>,93,2,[1 7],134,153,155,19,136
1,<environment.Job instance at 0x14b58edc0b40>,94,3,[2 9],135,155,158,20,136
1,<environment.Job instance at 0x14b58edc0af0>,95,2,[6 1],136,149,151,13,136
1,<environment.Job instance at 0x14b5c5f93f50>,96,1,[5 1],137,151,152,14,137
1,<environment.Job instance at 0x14b58ec3edc0>,97,16,[2 6],138,158,174,20,154
1,<environment.Job instance at 0x14b5cb179fa0>,48,15,[ 2 10],74,202,217,128,202
1,<environment.Job instance at 0x14b5c6a920a0>,15,16,[2 5],21,241,257,220,241
1,<environment.Job instance at 0x14b5c46877d0>,13,3,[2 9],26,26,29,0,26
1,<environment.Job instance at 0x14b5c6d473c0>,11,1,[ 1 12],24,30,31,6,30
1,<environment.Job instance at 0x14b58efeab90>,15,12,[5 2],29,31,43,2,31
1,<environment.Job instance at 0x14b58f05a5a0>,18,3,[5 1],33,33,36,0,33
1,<environment.Job instance at 0x14b58f05aaf0>,19,2,[13  1],34,43,45,9,34
1,<environment.Job instance at 0x14b5cb19c640>,20,1,[12  2],35,45,46,10,35
1,<environment.Job instance at 0x14b5cb19cb40>,21,1,[5 1],36,36,37,0,36
1,<environment.Job instance at 0x14b5cb19cb90>,22,3,[8 1],37,37,40,0,37
1,<environment.Job instance at 0x14b5cb19c820>,23,2,[6 2],38,40,42,2,38
1,<environment.Job instance at 0x14b58e9d1870>,24,3,[9 2],39,46,49,7,39
1,<environment.Job instance at 0x14b58e9d18c0>,25,2,[1 6],46,46,48,0,46
1,<environment.Job instance at 0x14b58f328910>,27,2,[2 8],50,50,52,0,50
1,<environment.Job instance at 0x14b5cbba86e0>,28,1,[7 1],53,53,54,0,53
1,<environment.Job instance at 0x14b5cbba80f0>,29,2,[2 6],54,54,56,0,54
1,<environment.Job instance at 0x14b58f05a6e0>,17,20,[9 1],31,56,76,25,56
1,<environment.Job instance at 0x14b5cbba8730>,34,1,[7 2],60,76,77,16,60
1,<environment.Job instance at 0x14b58ef0a0f0>,40,1,[1 8],68,68,69,0,68
1,<environment.Job instance at 0x14b58ef0a500>,43,2,[2 6],71,71,73,0,71
1,<environment.Job instance at 0x14b5cba92190>,44,3,[ 2 10],72,73,76,1,72
1,<environment.Job instance at 0x14b5cda7d4b0>,45,13,[2 8],73,76,89,3,73
1,<environment.Job instance at 0x14b5cbb66fa0>,47,3,[1 6],77,77,80,0,77
1,<environment.Job instance at 0x14b5cbb66f50>,48,2,[1 6],78,80,82,2,78
1,<environment.Job instance at 0x14b5cbb66c30>,51,1,[ 1 13],81,89,90,8,81
1,<environment.Job instance at 0x14b5cbb66e10>,49,1,[2 5],79,90,91,11,90
1,<environment.Job instance at 0x14b5cbb66320>,54,12,[2 9],84,97,109,13,97
1,<environment.Job instance at 0x14b5c6d6dd20>,16,1,[1 7],22,22,23,0,22
1,<environment.Job instance at 0x14b5c43e8960>,17,1,[9 1],24,24,25,0,24
1,<environment.Job instance at 0x14b58edb25a0>,1,1,[5 2],2,2,3,0,2
1,<environment.Job instance at 0x14b58e981690>,21,1,[8 1],27,45,46,18,45
1,<environment.Job instance at 0x14b58f10b500>,20,3,[1 5],26,45,48,19,45
1,<environment.Job instance at 0x14b5c5fa05a0>,23,14,[9 2],29,46,60,17,45
1,<environment.Job instance at 0x14b5c5fa0460>,24,2,[5 2],30,45,47,15,45
1,<environment.Job instance at 0x14b58f282230>,26,1,[1 5],33,45,46,12,45
1,<environment.Job instance at 0x14b58ed6acd0>,28,14,[2 8],35,47,61,12,45
1,<environment.Job instance at 0x14b5c43d0870>,29,15,[8 2],36,60,75,24,46
1,<environment.Job instance at 0x14b5c43d0d70>,30,3,[1 7],38,61,64,23,46
1,<environment.Job instance at 0x14b5c5f86a00>,31,3,[7 1],39,64,67,25,50
1,<environment.Job instance at 0x14b5c5f86280>,32,2,[2 7],40,183,185,143,183
1,<environment.Job instance at 0x14b58f219550>,36,2,[1 8],45,238,240,193,238
1,<environment.Job instance at 0x14b5c6d00690>,37,16,[1 6],46,252,268,206,252
1,<environment.Job instance at 0x14b5c6a418c0>,38,3,[2 6],48,258,261,210,258
1,<environment.Job instance at 0x14b5c6a41640>,39,14,[10  1],49,265,279,216,265
1,<environment.Job instance at 0x14b5c6a41550>,40,3,[ 1 14],50,306,309,256,306
1,<environment.Job instance at 0x14b5c6a41d20>,41,3,[5 1],51,306,309,255,306
1,<environment.Job instance at 0x14b58ef45eb0>,42,2,[8 1],53,314,316,261,314
1,<environment.Job instance at 0x14b58ef450f0>,43,3,[9 1],54,316,319,262,315
1,<environment.Job instance at 0x14b58f3b9960>,44,3,[8 2],55,323,326,268,323
1,<environment.Job instance at 0x14b58ef452d0>,45,12,[7 2],57,338,350,281,338
1,<environment.Job instance at 0x14b5c00b2d70>,46,2,[2 7],59,355,357,296,355
1,<environment.Job instance at 0x14b58f10de10>,48,13,[ 2 10],62,357,370,295,355
1,<environment.Job instance at 0x14b58f10d3c0>,49,2,[1 9],63,370,372,307,356
1,<environment.Job instance at 0x14b5cb1bb230>,50,23,[1 5],64,356,379,292,356
1,<environment.Job instance at 0x14b5ccca6c30>,51,1,[8 1],65,356,357,291,356
1,<environment.Job instance at 0x14b5ccca6320>,52,18,[10  1],66,370,388,304,359
1,<environment.Job instance at 0x14b5ccca6dc0>,53,1,[8 2],67,388,389,321,360
1,<environment.Job instance at 0x14b5c43bf5f0>,55,1,[5 1],69,387,388,318,387
1,<environment.Job instance at 0x14b5c43bf410>,56,2,[2 8],70,388,390,318,387
1,<environment.Job instance at 0x14b5c43bff50>,54,2,[7 1],68,389,391,321,387
1,<environment.Job instance at 0x14b58f351a50>,58,3,[8 2],72,390,393,318,387
1,<environment.Job instance at 0x14b58e97daf0>,59,2,[10  1],74,393,395,319,387
1,<environment.Job instance at 0x14b5cb135280>,60,22,[5 1],76,391,413,315,387
1,<environment.Job instance at 0x14b5cb135aa0>,61,14,[9 2],79,409,423,330,409
1,<environment.Job instance at 0x14b5cb135820>,64,2,[5 2],83,418,420,335,418
1,<environment.Job instance at 0x14b5cb1358c0>,66,1,[7 2],86,423,424,337,421
1,<environment.Job instance at 0x14b5cb1355a0>,67,2,[2 8],87,421,423,334,421
1,<environment.Job instance at 0x14b5cb135780>,68,12,[9 1],88,424,436,336,421
1,<environment.Job instance at 0x14b5cb135a50>,69,3,[9 2],90,436,439,346,433
1,<environment.Job instance at 0x14b5cb135b40>,70,1,[ 2 10],91,438,439,347,438
1,<environment.Job instance at 0x14b5cb135d70>,72,1,[1 5],94,439,440,345,438
1,<environment.Job instance at 0x14b5cb135b90>,73,2,[5 2],95,439,441,344,438
1,<environment.Job instance at 0x14b5cb135230>,74,2,[8 1],96,439,441,343,438
1,<environment.Job instance at 0x14b5cb135190>,75,2,[8 1],97,441,443,344,438
1,<environment.Job instance at 0x14b5cbb6f7d0>,76,17,[ 2 10],98,440,457,342,438
1,<environment.Job instance at 0x14b5cbb6fb90>,77,3,[10  2],99,443,446,344,438
1,<environment.Job instance at 0x14b5cbb6f690>,81,2,[1 6],103,457,459,354,438
1,<environment.Job instance at 0x14b5cbb6fe10>,82,16,[1 9],104,457,473,353,445
1,<environment.Job instance at 0x14b5cbb6f9b0>,83,2,[ 1 13],105,473,475,368,446
1,<environment.Job instance at 0x14b5cbb6fcd0>,84,13,[8 1],106,459,472,353,446
1,<environment.Job instance at 0x14b5cbb6fbe0>,85,1,[6 1],107,446,447,339,446
1,<environment.Job instance at 0x14b5cbb6f730>,86,2,[ 1 10],108,475,477,367,448
1,<environment.Job instance at 0x14b5cbb6fe60>,87,1,[5 1],109,448,449,339,448
1,<environment.Job instance at 0x14b5cbb6f140>,88,3,[5 2],110,448,451,338,448
1,<environment.Job instance at 0x14b5cbb6fa00>,89,17,[6 2],114,459,476,345,448
1,<environment.Job instance at 0x14b5cbb6f5a0>,90,3,[5 2],115,449,452,334,448
1,<environment.Job instance at 0x14b5cbb6f8c0>,91,15,[10  2],116,476,491,360,475
1,<environment.Job instance at 0x14b5cbb6fb40>,92,2,[8 2],117,748,750,631,748
1,<environment.Job instance at 0x14b5cbb6ff00>,93,2,[11  1],118,842,844,724,842
1,<environment.Job instance at 0x14b5cbb6fc80>,94,1,[8 2],119,881,882,762,881
1,<environment.Job instance at 0x14b5cbb6ff50>,95,12,[1 8],120,1027,1039,907,1027
1,<environment.Job instance at 0x14b5cbb6f3c0>,96,28,[ 2 10],121,1315,1343,1194,1315
1,<environment.Job instance at 0x14b5cbb6f230>,97,3,[9 1],124,1321,1324,1197,1321
1,<environment.Job instance at 0x14b5cbb6f2d0>,98,14,[2 5],126,1324,1338,1198,1321
1,<environment.Job instance at 0x14b58ea4e460>,99,2,[1 8],127,1343,1345,1216,1321
1,<environment.Job instance at 0x14b58ea4e870>,100,1,[5 1],128,1338,1339,1210,1322
1,<environment.Job instance at 0x14b58ea4e410>,101,14,[1 7],129,1343,1357,1214,1329
1,<environment.Job instance at 0x14b58ea4e9b0>,102,2,[8 1],131,1338,1340,1207,1338
1,<environment.Job instance at 0x14b58ea4ef50>,103,2,[6 2],133,1340,1342,1207,1338
1,<environment.Job instance at 0x14b58ea4eeb0>,104,2,[1 5],134,1345,1347,1211,1339
1,<environment.Job instance at 0x14b58ea4e6e0>,105,2,[9 2],135,1345,1347,1210,1340
1,<environment.Job instance at 0x14b58ea4e0f0>,106,1,[9 1],138,1342,1343,1204,1341
1,<environment.Job instance at 0x14b5ccc98280>,107,2,[9 1],139,1347,1349,1208,1345
1,<environment.Job instance at 0x14b58ee35a00>,3,2,[ 1 10],5,5,7,0,5
1,<environment.Job instance at 0x14b58e981140>,4,2,[ 1 11],7,9,11,2,9
1,<environment.Job instance at 0x14b58e96d5a0>,7,1,[1 5],10,11,12,1,11
1,<environment.Job instance at 0x14b58e96d8c0>,10,1,[2 5],14,14,15,0,14
1,<environment.Job instance at 0x14b58e96d690>,14,3,[2 5],21,21,24,0,21
1,<environment.Job instance at 0x14b58e96deb0>,15,16,[7 2],22,22,38,0,22
1,<environment.Job instance at 0x14b58e9531e0>,18,3,[1 6],27,28,31,1,28
1,<environment.Job instance at 0x14b58e953690>,20,2,[8 1],33,33,35,0,33
1,<environment.Job instance at 0x14b58e953910>,22,1,[2 8],36,36,37,0,36
1,<environment.Job instance at 0x14b58e953a00>,23,2,[10  1],37,38,40,1,38
1,<environment.Job instance at 0x14b58e953f50>,28,12,[2 8],45,51,63,6,51
1,<environment.Job instance at 0x14b58e946140>,34,3,[1 9],56,63,66,7,60
1,<environment.Job instance at 0x14b58e946730>,35,1,[5 2],57,60,61,3,60
1,<environment.Job instance at 0x14b58e946780>,36,1,[9 1],58,61,62,3,60
1,<environment.Job instance at 0x14b58e9465a0>,37,23,[9 1],60,62,85,2,60
1,<environment.Job instance at 0x14b58e953e60>,30,3,[2 6],47,67,70,20,67
1,<environment.Job instance at 0x14b58e946dc0>,42,1,[2 5],65,74,75,9,74
1,<environment.Job instance at 0x14b58e946b90>,39,18,[1 7],62,74,92,12,74
1,<environment.Job instance at 0x14b58e946f00>,44,1,[10  1],70,85,86,15,74
1,<environment.Job instance at 0x14b58e951500>,45,1,[7 1],71,86,87,15,74
1,<environment.Job instance at 0x14b58e951910>,46,2,[10  1],72,87,89,15,74
1,<environment.Job instance at 0x14b58e951c30>,47,1,[6 2],73,86,87,13,74
1,<environment.Job instance at 0x14b58e951be0>,48,3,[6 2],74,89,92,15,74
1,<environment.Job instance at 0x14b58e951320>,49,3,[2 5],78,78,81,0,78
1,<environment.Job instance at 0x14b58e951eb0>,50,2,[5 1],79,81,83,2,79
1,<environment.Job instance at 0x14b58e9510f0>,51,18,[2 9],81,92,110,11,81
1,<environment.Job instance at 0x14b58e951550>,52,13,[2 8],83,110,123,27,94
1,<environment.Job instance at 0x14b58e966320>,58,15,[2 7],91,110,125,19,96
1,<environment.Job instance at 0x14b58e966500>,59,2,[9 1],92,96,98,4,96
1,<environment.Job instance at 0x14b58e9660a0>,60,2,[14  2],94,125,127,31,98
1,<environment.Job instance at 0x14b58e966550>,61,3,[ 1 10],95,125,128,30,99
1,<environment.Job instance at 0x14b58e9667d0>,62,1,[14  2],96,127,128,31,99
1,<environment.Job instance at 0x14b58e966870>,63,2,[6 2],97,99,101,2,99
1,<environment.Job instance at 0x14b58e966910>,64,13,[6 1],98,128,141,30,112
1,<environment.Job instance at 0x14b58e966eb0>,70,2,[2 8],107,123,125,16,114
1,<environment.Job instance at 0x14b5c491c5a0>,72,1,[10  2],109,141,142,32,114
1,<environment.Job instance at 0x14b5c491c550>,73,17,[7 2],111,142,159,31,130
1,<environment.Job instance at 0x14b58e96a0f0>,85,1,[ 2 10],132,132,133,0,132
1,<environment.Job instance at 0x14b5c491cb90>,77,1,[6 2],118,137,138,19,137
1,<environment.Job instance at 0x14b5c4188820>,88,13,[ 1 10],137,137,150,0,137
1,<environment.Job instance at 0x14b58e96d5f0>,8,3,[2 8],11,1252,1255,1241,1252
1,<environment.Job instance at 0x14b5c4910e10>,1,1,[1 6],2,2,3,0,2
1,<environment.Job instance at 0x14b5c0132820>,2,1,[1 8],3,3,4,0,3
1,<environment.Job instance at 0x14b5c4910d20>,3,1,[8 2],5,5,6,0,5
1,<environment.Job instance at 0x14b5c0132d20>,5,2,[14  1],7,11,13,4,11
1,<environment.Job instance at 0x14b5c0132550>,7,1,[5 2],11,13,14,2,11
1,<environment.Job instance at 0x14b58eb41f00>,11,2,[1 8],16,16,18,0,16
1,<environment.Job instance at 0x14b58ece1690>,26,2,[8 1],46,46,48,0,46
1,<environment.Job instance at 0x14b58ece1050>,27,3,[8 2],48,48,51,0,48
1,<environment.Job instance at 0x14b58ece16e0>,32,1,[8 1],53,59,60,6,59
1,<environment.Job instance at 0x14b58ece1500>,33,1,[6 1],54,59,60,5,59
1,<environment.Job instance at 0x14b58ece1d20>,34,1,[1 9],58,59,60,1,59
1,<environment.Job instance at 0x14b58eabe8c0>,35,3,[10  2],62,62,65,0,62
1,<environment.Job instance at 0x14b58ece1820>,31,3,[1 6],52,63,66,11,63
1,<environment.Job instance at 0x14b58eabe0f0>,37,1,[2 8],64,65,66,1,64
1,<environment.Job instance at 0x14b58eabe230>,38,2,[9 1],67,67,69,0,67
1,<environment.Job instance at 0x14b58eabe910>,39,18,[2 8],68,68,86,0,68
1,<environment.Job instance at 0x14b58eabe370>,40,13,[7 2],71,71,84,0,71
1,<environment.Job instance at 0x14b58eac3a50>,45,1,[9 1],81,84,85,3,81
1,<environment.Job instance at 0x14b58eac3870>,46,2,[1 7],83,85,87,2,83
1,<environment.Job instance at 0x14b58eac3fa0>,47,2,[2 5],84,86,88,2,84
1,<environment.Job instance at 0x14b58eac38c0>,48,16,[5 2],85,86,102,1,85
1,<environment.Job instance at 0x14b58eae42d0>,50,2,[10  1],87,175,177,88,175
1,<environment.Job instance at 0x14b58eae4870>,51,2,[8 1],88,275,277,187,275
1,<environment.Job instance at 0x14b58eae4d20>,52,3,[2 9],90,402,405,312,402
1,<environment.Job instance at 0x14b58eae1370>,53,1,[1 9],91,407,408,316,407
1,<environment.Job instance at 0x14b58eae1140>,54,18,[8 2],92,410,428,318,410
1,<environment.Job instance at 0x14b58eae1460>,55,2,[5 1],93,431,433,338,431
1,<environment.Job instance at 0x14b58eae1550>,56,3,[2 5],94,450,453,356,450
1,<environment.Job instance at 0x14b58eae1050>,57,1,[6 1],95,465,466,370,465
1,<environment.Job instance at 0x14b58eae1aa0>,58,1,[5 2],97,730,731,633,730
1,<environment.Job instance at 0x14b58eae1410>,59,1,[6 1],98,820,821,722,820
1,<environment.Job instance at 0x14b5c6072a00>,60,3,[2 5],104,864,867,760,864
1,<environment.Job instance at 0x14b58eae1280>,61,2,[2 5],106,883,885,777,883
1,<environment.Job instance at 0x14b58eae1190>,62,1,[2 9],107,988,989,881,988
1,<environment.Job instance at 0x14b58eae1d70>,63,18,[7 2],109,1000,1018,891,1000
1,<environment.Job instance at 0x14b5cd0c3870>,64,15,[1 5],110,1139,1154,1029,1139
1,<environment.Job instance at 0x14b58eae10f0>,65,2,[2 9],111,1217,1219,1106,1217
1,<environment.Job instance at 0x14b5cd0c3dc0>,66,2,[6 2],112,1310,1312,1198,1310
1,<environment.Job instance at 0x14b5c4610050>,67,3,[2 6],113,1347,1350,1234,1347
1,<environment.Job instance at 0x14b58e94ed70>,68,2,[1 6],114,1348,1350,1234,1348
1,<environment.Job instance at 0x14b5c805db90>,69,1,[2 5],115,1350,1351,1235,1350
1,<environment.Job instance at 0x14b5cb1d4c80>,70,1,[2 8],116,1366,1367,1250,1366
1,<environment.Job instance at 0x14b5c417e410>,71,2,[10  1],117,1377,1379,1260,1377
1,<environment.Job instance at 0x14b58ecbe820>,72,2,[7 1],118,1505,1507,1387,1505
1,<environment.Job instance at 0x14b5cb1daa00>,73,2,[7 2],119,1527,1529,1408,1527
1,<environment.Job instance at 0x14b58eac5550>,74,1,[9 2],120,1562,1563,1442,1562
1,<environment.Job instance at 0x14b5c5e24d70>,75,2,[9 1],121,1572,1574,1451,1572
1,<environment.Job instance at 0x14b5c008f960>,76,3,[9 1],123,1598,1601,1475,1598
1,<environment.Job instance at 0x14b5c41880f0>,77,14,[8 2],125,1609,1623,1484,1609
1,<environment.Job instance at 0x14b58f1533c0>,78,3,[2 9],126,1723,1726,1597,1723
1,<environment.Job instance at 0x14b5c41884b0>,79,2,[1 9],128,1811,1813,1683,1811
1,<environment.Job instance at 0x14b5c6a303c0>,80,3,[ 2 12],130,1848,1851,1718,1848
1,<environment.Job instance at 0x14b58eb63be0>,81,3,[9 1],131,1935,1938,1804,1935
1,<environment.Job instance at 0x14b5c4610e10>,82,3,[1 8],133,2058,2061,1925,2058
1,<environment.Job instance at 0x14b5cb1f1730>,83,2,[5 1],137,2162,2164,2025,2162
1,<environment.Job instance at 0x14b5cb1d9eb0>,84,1,[2 5],138,2169,2170,2031,2169
1,<environment.Job instance at 0x14b5cb1d97d0>,85,2,[1 8],139,2338,2340,2199,2338
1,<environment.Job instance at 0x14b5cb1d97d0>,2,2,[11  1],4,4,6,0,4
1,<environment.Job instance at 0x14b58f1b6460>,4,27,[9 2],8,8,35,0,8
1,<environment.Job instance at 0x14b5c014e140>,5,1,[2 6],10,10,11,0,10
1,<environment.Job instance at 0x14b5c014e320>,6,2,[1 8],11,11,13,0,11
1,<environment.Job instance at 0x14b5c014e2d0>,7,1,[8 2],13,13,14,0,13
1,<environment.Job instance at 0x14b5c014e5f0>,9,2,[2 8],16,16,18,0,16
1,<environment.Job instance at 0x14b5c014e5a0>,10,2,[7 2],17,17,19,0,17
1,<environment.Job instance at 0x14b5c014e4b0>,11,2,[13  1],18,19,21,1,19
1,<environment.Job instance at 0x14b5c014e6e0>,12,2,[1 7],19,19,21,0,19
1,<environment.Job instance at 0x14b5c014e690>,14,3,[8 1],22,22,25,0,22
1,<environment.Job instance at 0x14b5c014ec80>,15,1,[7 1],24,24,25,0,24
1,<environment.Job instance at 0x14b5c014edc0>,16,1,[1 5],25,25,26,0,25
1,<environment.Job instance at 0x14b5c014ef50>,17,15,[10  1],26,26,41,0,26
1,<environment.Job instance at 0x14b5c016e050>,19,21,[2 6],29,30,51,1,30
1,<environment.Job instance at 0x14b5c016e640>,23,2,[6 2],34,46,48,12,46
1,<environment.Job instance at 0x14b5c016eaa0>,27,1,[6 2],40,46,47,6,46
1,<environment.Job instance at 0x14b5c016ec30>,28,16,[7 1],41,47,63,6,46
1,<environment.Job instance at 0x14b5c016ecd0>,29,1,[1 7],42,54,55,12,54
1,<environment.Job instance at 0x14b5c00bc1e0>,35,2,[1 6],50,57,59,7,57
1,<environment.Job instance at 0x14b5c00bc690>,37,2,[8 2],53,59,61,6,58
1,<environment.Job instance at 0x14b5c00bc230>,36,24,[9 2],51,63,87,12,60
1,<environment.Job instance at 0x14b5c00bcaf0>,40,16,[5 1],58,61,77,3,60
1,<environment.Job instance at 0x14b5c00bc9b0>,39,2,[6 2],55,77,79,22,61
1,<environment.Job instance at 0x14b5c00bcaa0>,42,1,[1 9],60,61,62,1,61
1,<environment.Job instance at 0x14b5c00bcf00>,43,1,[10  2],61,87,88,26,61
1,<environment.Job instance at 0x14b5c00d31e0>,44,3,[1 7],64,64,67,0,64
1,<environment.Job instance at 0x14b5c00d3280>,45,1,[6 2],65,79,80,14,65
1,<environment.Job instance at 0x14b5c5fb6370>,47,2,[7 2],67,88,90,21,67
1,<environment.Job instance at 0x14b5c00bcb90>,41,14,[9 1],59,90,104,31,75
1,<environment.Job instance at 0x14b5c5e60820>,49,2,[1 5],69,75,77,6,75
1,<environment.Job instance at 0x14b5c015d500>,50,2,[6 1],70,80,82,10,75
1,<environment.Job instance at 0x14b5c015d0f0>,51,15,[2 8],72,82,97,10,75
1,<environment.Job instance at 0x14b5c0162cd0>,53,1,[ 2 10],75,97,98,22,75
1,<environment.Job instance at 0x14b5c0162aa0>,57,1,[2 5],82,83,84,1,83
1,<environment.Job instance at 0x14b5c01620f0>,52,17,[8 1],73,104,121,31,93
1,<environment.Job instance at 0x14b58eeea190>,78,3,[8 1],114,121,124,7,114
1,<environment.Job instance at 0x14b58edf4500>,80,3,[8 2],118,124,127,6,118
1,<environment.Job instance at 0x14b5c5e522d0>,81,2,[8 1],120,127,129,7,120
1,<environment.Job instance at 0x14b5c5e52460>,82,3,[2 7],121,121,124,0,121
1,<environment.Job instance at 0x14b5c0169870>,83,1,[1 6],122,122,123,0,122
1,<environment.Job instance at 0x14b5c0169550>,84,1,[8 1],126,129,130,3,126
1,<environment.Job instance at 0x14b5c01690a0>,86,15,[2 8],128,129,144,1,129
1,<environment.Job instance at 0x14b58eeec370>,88,12,[8 1],130,130,142,0,130
1,<environment.Job instance at 0x14b58eeecc80>,90,3,[10  1],132,142,145,10,132
1,<environment.Job instance at 0x14b58edddb40>,93,16,[1 9],136,144,160,8,136
1,<environment.Job instance at 0x14b58eddd550>,94,3,[13  1],137,145,148,8,137
1,<environment.Job instance at 0x14b5c5e7eb90>,4,1,[2 9],8,8,9,0,8
1,<environment.Job instance at 0x14b5c5e7eaf0>,7,1,[1 6],16,16,17,0,16
1,<environment.Job instance at 0x14b5c6025050>,15,1,[2 9],28,29,30,1,29
1,<environment.Job instance at 0x14b5c6025af0>,18,3,[6 2],35,35,38,0,35
1,<environment.Job instance at 0x14b5c6025fa0>,19,1,[1 8],36,37,38,1,37
1,<environment.Job instance at 0x14b5c6025820>,20,2,[5 2],37,37,39,0,37
1,<environment.Job instance at 0x14b5c6025690>,21,19,[8 1],38,38,57,0,38
1,<environment.Job instance at 0x14b5c6025870>,22,1,[8 2],39,57,58,18,54
1,<environment.Job instance at 0x14b5c6025a50>,24,2,[1 8],41,57,59,16,57
1,<environment.Job instance at 0x14b58f242e60>,25,16,[9 2],42,58,74,16,57
1,<environment.Job instance at 0x14b5c6025550>,23,1,[1 6],40,73,74,33,73
1,<environment.Job instance at 0x14b58f242aa0>,27,1,[5 1],44,73,74,29,73
1,<environment.Job instance at 0x14b58f242960>,28,2,[2 7],45,74,76,29,73
1,<environment.Job instance at 0x14b58f2420a0>,29,2,[9 1],46,74,76,28,74
1,<environment.Job instance at 0x14b58f242dc0>,30,1,[1 8],47,76,77,29,74
1,<environment.Job instance at 0x14b58f242780>,31,2,[10  2],48,76,78,28,74
1,<environment.Job instance at 0x14b58f242550>,32,1,[9 2],49,78,79,29,76
1,<environment.Job instance at 0x14b58f2422d0>,33,14,[2 7],50,78,92,28,78
1,<environment.Job instance at 0x14b58f242c80>,34,1,[10  1],52,79,80,27,78
1,<environment.Job instance at 0x14b58f242690>,35,23,[5 2],54,80,103,26,78
1,<environment.Job instance at 0x14b58f242eb0>,36,2,[2 9],56,99,101,43,99
1,<environment.Job instance at 0x14b58f1e9d70>,37,3,[9 1],57,101,104,44,100
1,<environment.Job instance at 0x14b5c6025be0>,17,14,[13  1],33,104,118,71,103
1,<environment.Job instance at 0x14b5c60250f0>,11,26,[ 2 10],21,103,129,82,103
1,<environment.Job instance at 0x14b58f1e9190>,38,17,[2 6],58,129,146,71,121
1,<environment.Job instance at 0x14b58f1e9b90>,43,18,[2 9],64,129,147,65,128
1,<environment.Job instance at 0x14b58f1e9aa0>,44,2,[2 8],65,147,149,82,138
1,<environment.Job instance at 0x14b58f1e95a0>,45,14,[9 1],66,146,160,80,140
1,<environment.Job instance at 0x14b58f1e9e10>,46,16,[5 1],68,158,174,90,158
1,<environment.Job instance at 0x14b58f1e9cd0>,47,28,[5 2],69,165,193,96,165
1,<environment.Job instance at 0x14b58f1e9230>,48,3,[7 2],71,174,177,103,169
1,<environment.Job instance at 0x14b58f1e9fa0>,49,2,[2 7],72,182,184,110,182
1,<environment.Job instance at 0x14b58f1e9320>,50,3,[2 9],74,184,187,110,182
1,<environment.Job instance at 0x14b58f1e6af0>,51,1,[10  2],75,187,188,112,184
1,<environment.Job instance at 0x14b58f1e6cd0>,52,2,[ 1 10],78,188,190,110,186
1,<environment.Job instance at 0x14b58f1e62d0>,53,1,[9 2],79,188,189,109,186
1,<environment.Job instance at 0x14b58f1e6870>,54,17,[2 5],83,190,207,107,187
1,<environment.Job instance at 0x14b58f1e6960>,55,18,[ 2 10],84,193,211,109,189
1,<environment.Job instance at 0x14b58f1e6c80>,56,1,[ 1 10],86,211,212,125,189
1,<environment.Job instance at 0x14b58f1e65f0>,57,1,[2 6],87,190,191,103,190
1,<environment.Job instance at 0x14b58f1e6a50>,58,1,[2 6],88,191,192,103,190
1,<environment.Job instance at 0x14b58f1e6280>,59,16,[10  2],90,207,223,117,194
1,<environment.Job instance at 0x14b58f1e69b0>,60,12,[1 9],91,212,224,121,195
1,<environment.Job instance at 0x14b58f1e6370>,61,1,[7 2],92,223,224,131,199
1,<environment.Job instance at 0x14b58f1e61e0>,62,12,[1 5],93,224,236,131,209
1,<environment.Job instance at 0x14b58f1e6b90>,63,2,[1 9],94,224,226,130,210
1,<environment.Job instance at 0x14b58f1e6230>,64,1,[5 1],95,223,224,128,210
1,<environment.Job instance at 0x14b5c605a7d0>,65,3,[6 2],97,226,229,129,210
1,<environment.Job instance at 0x14b5c605a550>,66,2,[2 7],98,226,228,128,210
1,<environment.Job instance at 0x14b5c605a6e0>,67,16,[10  1],100,229,245,129,216
1,<environment.Job instance at 0x14b5c605a410>,68,3,[2 8],101,228,231,127,217
1,<environment.Job instance at 0x14b5c605a140>,69,26,[2 6],102,243,269,141,243
1,<environment.Job instance at 0x14b5c605a780>,70,1,[2 6],103,250,251,147,250
1,<environment.Job instance at 0x14b5c605a3c0>,71,15,[8 2],104,250,265,146,250
1,<environment.Job instance at 0x14b5c605aa00>,72,3,[ 2 10],105,269,272,164,262
1,<environment.Job instance at 0x14b5c605a640>,73,14,[1 5],106,263,277,157,263
1,<environment.Job instance at 0x14b5c605a8c0>,74,1,[ 2 10],107,272,273,165,263
1,<environment.Job instance at 0x14b5c605a460>,75,3,[ 2 10],108,273,276,165,264
1,<environment.Job instance at 0x14b5c605ab90>,76,2,[5 1],109,265,267,156,264
1,<environment.Job instance at 0x14b5c605ab40>,77,12,[1 9],112,276,288,164,265
1,<environment.Job instance at 0x14b5c5fd1140>,78,1,[1 9],113,288,289,175,266
1,<environment.Job instance at 0x14b5c5fd1960>,79,21,[2 7],114,289,310,175,281
1,<environment.Job instance at 0x14b5c5fd1690>,80,3,[8 2],115,289,292,174,289
1,<environment.Job instance at 0x14b5c5fd1410>,81,3,[1 7],116,292,295,176,290
1,<environment.Job instance at 0x14b5c5fd1050>,82,2,[9 2],117,295,297,178,290
1,<environment.Job instance at 0x14b5c5fd14b0>,83,2,[7 1],118,292,294,174,291
1,<environment.Job instance at 0x14b5c5fa76e0>,84,1,[1 6],119,291,292,172,291
1,<environment.Job instance at 0x14b5c5fa75f0>,85,27,[2 7],120,297,324,177,295
1,<environment.Job instance at 0x14b5c5fa75a0>,86,1,[1 9],121,324,325,203,296
1,<environment.Job instance at 0x14b5c5fa70f0>,87,13,[1 6],122,310,323,188,296
1,<environment.Job instance at 0x14b5c5fa7190>,88,3,[5 1],123,297,300,174,296
1,<environment.Job instance at 0x14b5c5fa71e0>,89,15,[7 2],124,310,325,186,297
1,<environment.Job instance at 0x14b5c5fa77d0>,90,2,[1 6],127,325,327,198,299
1,<environment.Job instance at 0x14b5c5fa7640>,91,16,[2 7],130,325,341,195,320
1,<environment.Job instance at 0x14b5c5fa78c0>,92,3,[ 2 13],134,341,344,207,320
1,<environment.Job instance at 0x14b5c5fa7500>,93,2,[2 8],135,327,329,192,321
1,<environment.Job instance at 0x14b5c5fa7c30>,94,3,[10  1],136,329,332,193,322
1,<environment.Job instance at 0x14b58ebb91e0>,95,21,[1 5],139,344,365,205,338
1,<environment.Job instance at 0x14b5c0106be0>,26,1,[2 7],33,33,34,0,33
1,<environment.Job instance at 0x14b5c0106eb0>,28,1,[2 9],36,36,37,0,36
1,<environment.Job instance at 0x14b5c01252d0>,31,1,[1 7],40,40,41,0,40
1,<environment.Job instance at 0x14b5c01259b0>,37,2,[ 1 12],47,50,52,3,50
1,<environment.Job instance at 0x14b5c00f8190>,46,3,[6 1],60,65,68,5,65
1,<environment.Job instance at 0x14b5c00f8b90>,58,1,[6 1],78,91,92,13,91
1,<environment.Job instance at 0x14b5c0125e60>,44,1,[10  2],58,103,104,45,103
1,<environment.Job instance at 0x14b5c012e190>,63,1,[10  2],85,104,105,19,103
1,<environment.Job instance at 0x14b5c00fb730>,83,2,[8 1],114,163,165,49,163
1,<environment.Job instance at 0x14b5c00fb5a0>,84,1,[10  1],115,165,166,50,163
1,<environment.Job instance at 0x14b5c00fb780>,85,2,[5 1],116,163,165,47,163
1,<environment.Job instance at 0x14b5c00fb820>,86,1,[1 6],117,163,164,46,163
1,<environment.Job instance at 0x14b5c012e1e0>,64,1,[5 1],86,165,166,79,164
1,<environment.Job instance at 0x14b5c5e9f4b0>,88,3,[9 2],120,166,169,46,166
1,<environment.Job instance at 0x14b58f352cd0>,90,1,[10  1],125,169,170,44,166
1,<environment.Job instance at 0x14b58f3701e0>,89,13,[ 1 14],122,180,193,58,180
1,<environment.Job instance at 0x14b58ed721e0>,97,2,[9 1],134,181,183,47,181
1,<environment.Job instance at 0x14b5c5e8e370>,98,2,[2 6],138,193,195,55,181
1,<environment.Job instance at 0x14b5c01257d0>,38,2,[7 1],48,259,261,211,259
1,<environment.Job instance at 0x1491c723bb40>,7,1,[2 6],8,8,9,0,8
1,<environment.Job instance at 0x1491c723be60>,9,2,[6 1],11,11,13,0,11
1,<environment.Job instance at 0x1491c7299f50>,11,3,[1 8],13,13,16,0,13
1,<environment.Job instance at 0x1491c7295140>,12,3,[1 8],14,16,19,2,14
1,<environment.Job instance at 0x1491c7295870>,14,2,[ 1 10],18,19,21,1,18
1,<environment.Job instance at 0x1491c7295640>,15,1,[ 1 10],20,21,22,1,20
1,<environment.Job instance at 0x1491c7255be0>,16,1,[2 5],21,21,22,0,21
1,<environment.Job instance at 0x1491c72640a0>,20,2,[ 1 13],27,27,29,0,27
1,<environment.Job instance at 0x1491c7264190>,22,1,[2 7],30,30,31,0,30
1,<environment.Job instance at 0x1491c71d37d0>,4,3,[5 2],6,18,21,12,18
1,<environment.Job instance at 0x1491c57cfd20>,5,15,[9 2],7,19,34,12,19
1,<environment.Job instance at 0x1491c57cf050>,7,1,[1 6],9,33,34,24,33
1,<environment.Job instance at 0x1491c57cfdc0>,11,1,[1 8],16,34,35,18,33
1,<environment.Job instance at 0x1491c57cfe10>,12,15,[1 6],17,33,48,16,33
1,<environment.Job instance at 0x1491c57cf7d0>,13,3,[7 2],18,35,38,17,33
1,<environment.Job instance at 0x1491c5303190>,14,2,[1 8],19,38,40,19,34
1,<environment.Job instance at 0x1491ced921e0>,15,3,[1 7],21,35,38,14,34
1,<environment.Job instance at 0x1491c57cf5a0>,16,13,[ 1 14],22,48,61,26,34
1,<environment.Job instance at 0x1491c71d3870>,2,3,[2 5],3,61,64,58,54
1,<environment.Job instance at 0x1491c57cf550>,18,3,[1 9],24,61,64,37,54
1,<environment.Job instance at 0x1491c57cfa00>,17,27,[1 8],23,64,91,41,62
1,<environment.Job instance at 0x1491c57cf780>,20,12,[6 1],26,63,75,37,63
1,<environment.Job instance at 0x1491c57cf140>,19,2,[7 2],25,85,87,60,85
1,<environment.Job instance at 0x1491c57cf4b0>,21,28,[2 8],29,91,119,62,90
1,<environment.Job instance at 0x1491c55707d0>,23,15,[1 7],35,90,105,55,90
1,<environment.Job instance at 0x1491c55703c0>,24,3,[ 2 10],36,119,122,83,94
1,<environment.Job instance at 0x1491c55700a0>,25,2,[1 9],38,122,124,84,101
1,<environment.Job instance at 0x1491c5570320>,26,2,[ 2 10],41,124,126,83,101
1,<environment.Job instance at 0x1491c5570aa0>,27,3,[5 2],42,105,108,63,101
1,<environment.Job instance at 0x1491c5570280>,28,15,[2 7],43,126,141,83,112
1,<environment.Job instance at 0x1491c5570be0>,29,2,[ 2 10],44,141,143,97,126
1,<environment.Job instance at 0x1491c5570d70>,30,2,[2 9],45,143,145,98,130
1,<environment.Job instance at 0x1491c5570d20>,31,17,[ 2 10],46,145,162,99,133
1,<environment.Job instance at 0x1491c57eff50>,32,19,[ 1 10],48,162,181,114,152
1,<environment.Job instance at 0x1491c57ef690>,33,2,[9 1],49,152,154,103,152
1,<environment.Job instance at 0x1491c57efdc0>,34,3,[5 2],50,154,157,104,152
1,<environment.Job instance at 0x1491c57efd20>,35,2,[ 1 10],51,181,183,130,154
1,<environment.Job instance at 0x1491c57ef410>,36,13,[ 2 10],52,183,196,131,167
1,<environment.Job instance at 0x1491c57ef0f0>,37,1,[1 7],53,196,197,143,168
1,<environment.Job instance at 0x1491c57ef5f0>,38,1,[2 9],54,197,198,143,169
1,<environment.Job instance at 0x1491c57ef870>,39,15,[1 7],55,198,213,143,184
1,<environment.Job instance at 0x1491c57ef3c0>,40,3,[ 2 10],57,213,216,156,187
1,<environment.Job instance at 0x1491c57ef6e0>,41,14,[10  1],59,187,201,128,187
1,<environment.Job instance at 0x1491c57efeb0>,42,12,[7 1],60,201,213,141,187
1,<environment.Job instance at 0x1491c57ef9b0>,43,2,[8 2],61,213,215,152,187
1,<environment.Job instance at 0x1491c57efb90>,44,3,[8 1],62,215,218,153,189
1,<environment.Job instance at 0x1491c57ef320>,45,2,[2 5],63,196,198,133,189
1,<environment.Job instance at 0x1491c57efe60>,46,3,[6 1],64,201,204,137,189
1,<environment.Job instance at 0x1491c57efaf0>,47,2,[10  1],65,218,220,153,191
1,<environment.Job instance at 0x1491c5300730>,48,3,[ 2 10],67,216,219,149,192
1,<environment.Job instance at 0x1491c5300690>,49,18,[8 1],68,220,238,152,211
1,<environment.Job instance at 0x1491c5300d70>,50,16,[1 6],69,231,247,162,231
1,<environment.Job instance at 0x1491c53002d0>,51,17,[1 6],71,231,248,160,231
1,<environment.Job instance at 0x1491c53005a0>,52,17,[7 1],72,238,255,166,231
1,<environment.Job instance at 0x1491c53006e0>,53,1,[2 6],73,247,248,174,231
1,<environment.Job instance at 0x1491c5300a00>,54,16,[9 1],76,255,271,179,242
1,<environment.Job instance at 0x1491c5300550>,55,15,[9 2],80,271,286,191,265
1,<environment.Job instance at 0x1491c5300280>,56,1,[9 1],81,286,287,205,278
1,<environment.Job instance at 0x1491c53000f0>,57,12,[1 5],82,279,291,197,279
1,<environment.Job instance at 0x1491c5300500>,58,2,[6 2],83,287,289,204,279
1,<environment.Job instance at 0x1491c5300fa0>,59,1,[9 1],85,289,290,204,279
1,<environment.Job instance at 0x1491c57f4320>,60,2,[8 1],86,287,289,201,279
1,<environment.Job instance at 0x1491c52ed960>,61,1,[ 1 10],87,290,291,203,279
1,<environment.Job instance at 0x1491c57f4aa0>,62,2,[1 5],89,279,281,190,279
1,<environment.Job instance at 0x1491c57f4910>,63,3,[1 5],90,281,284,191,279
1,<environment.Job instance at 0x1491c57f48c0>,64,2,[10  2],91,291,293,200,279
1,<environment.Job instance at 0x1491c57f4230>,65,3,[2 8],95,284,287,189,279
1,<environment.Job instance at 0x1491c57f4640>,66,1,[2 6],96,289,290,193,279
1,<environment.Job instance at 0x1491c5303050>,67,2,[1 6],97,291,293,194,279
1,<environment.Job instance at 0x1491c5303820>,68,18,[7 2],99,293,311,194,282
1,<environment.Job instance at 0x1491c5303460>,69,1,[2 8],102,293,294,191,282
1,<environment.Job instance at 0x1491c5303870>,70,18,[10  1],106,311,329,205,300
1,<environment.Job instance at 0x1491c5303140>,71,2,[7 2],107,300,302,193,300
1,<environment.Job instance at 0x1491c5303500>,72,2,[2 5],108,302,304,194,302
1,<environment.Job instance at 0x1491c5303c80>,73,14,[2 8],109,302,316,193,302
1,<environment.Job instance at 0x1491c5303af0>,74,3,[8 1],112,329,332,217,303
1,<environment.Job instance at 0x1491c5825690>,75,1,[7 2],113,329,330,216,303
1,<environment.Job instance at 0x1491c7c41fa0>,76,2,[5 2],114,304,306,190,303
1,<environment.Job instance at 0x1491c53033c0>,77,2,[ 2 12],116,316,318,200,303
1,<environment.Job instance at 0x1491c52ec5f0>,78,14,[6 1],117,330,344,213,324
1,<environment.Job instance at 0x1491cc5d4c30>,79,15,[2 8],118,336,351,218,336
1,<environment.Job instance at 0x1491c53035a0>,80,16,[1 7],119,344,360,225,336
1,<environment.Job instance at 0x1491ce6482d0>,81,13,[ 1 11],121,360,373,239,344
1,<environment.Job instance at 0x1491ccc7cbe0>,82,2,[6 2],122,351,353,229,344
1,<environment.Job instance at 0x1491cc5d5a50>,83,1,[1 5],123,351,352,228,344
1,<environment.Job instance at 0x1491cc2cf460>,84,16,[1 7],124,373,389,249,360
1,<environment.Job instance at 0x1491cc2f9dc0>,85,3,[ 2 10],125,389,392,264,363
1,<environment.Job instance at 0x1491cc2f9730>,86,3,[ 1 13],126,392,395,266,366
1,<environment.Job instance at 0x1491cc31df00>,87,3,[1 5],129,373,376,244,366
1,<environment.Job instance at 0x1491cc36aaa0>,88,21,[ 2 13],130,395,416,265,387
1,<environment.Job instance at 0x1491c7c2d3c0>,89,1,[2 8],131,387,388,256,387
1,<environment.Job instance at 0x1491cc5cee60>,90,1,[7 1],132,388,389,256,387
1,<environment.Job instance at 0x1491cc34ea50>,91,18,[5 2],133,388,406,255,387
1,<environment.Job instance at 0x1491cc34e7d0>,92,2,[8 2],135,389,391,254,387
1,<environment.Job instance at 0x1491c7c69820>,93,3,[1 7],136,416,419,280,390
1,<environment.Job instance at 0x1491cc5d1cd0>,94,18,[8 1],137,406,424,269,395
1,<environment.Job instance at 0x1491c7c31910>,95,1,[5 2],138,416,417,278,395
1,<environment.Job instance at 0x1491cc2cd2d0>,96,1,[1 8],139,419,420,280,396
1,<environment.Job instance at 0x1491cc5d29b0>,97,3,[1 7],140,420,423,280,396
1,<environment.Job instance at 0x1491cc5d2c80>,98,2,[5 2],142,417,419,275,396
1,<environment.Job instance at 0x1491cc3affa0>,99,2,[1 7],144,420,422,276,396
1,<environment.Job instance at 0x1491cc2fec80>,100,2,[5 2],145,422,424,277,396
1,<environment.Job instance at 0x1491cc3af0a0>,101,1,[1 6],147,419,420,272,396
1,<environment.Job instance at 0x1491ccc3ad70>,102,12,[7 1],148,424,436,276,410
1,<environment.Job instance at 0x1491cc2feaf0>,103,2,[10  1],149,436,438,287,411
1,<environment.Job instance at 0x1491c57cf6e0>,22,3,[5 1],33,1500,1503,1467,1500
1,<environment.Job instance at 0x1491c57cffa0>,6,18,[2 6],8,2350,2368,2342,2350
1,<environment.Job instance at 0x1491c7f7bf50>,1,1,[2 5],4,4,5,0,4
1,<environment.Job instance at 0x1491c40ad7d0>,10,2,[ 1 10],17,17,19,0,17
1,<environment.Job instance at 0x1491c4162e60>,12,21,[7 2],20,20,41,0,20
1,<environment.Job instance at 0x1491c4162190>,22,3,[1 8],38,38,41,0,38
1,<environment.Job instance at 0x1491c40e4190>,23,2,[2 7],41,41,43,0,41
1,<environment.Job instance at 0x1491c40e4e10>,24,2,[9 2],42,42,44,0,42
1,<environment.Job instance at 0x1491c40e4eb0>,25,3,[5 2],43,43,46,0,43
1,<environment.Job instance at 0x1491c40e4910>,27,1,[ 2 10],45,54,55,9,54
1,<environment.Job instance at 0x1491c40e4be0>,29,1,[1 8],48,55,56,7,55
1,<environment.Job instance at 0x1491c40e4d20>,28,18,[5 2],47,55,73,8,55
1,<environment.Job instance at 0x1491c410c960>,33,2,[ 2 10],55,56,58,1,55
1,<environment.Job instance at 0x1491c410ce10>,34,15,[8 2],56,58,73,2,58
1,<environment.Job instance at 0x1491c40f5a00>,36,2,[ 2 12],60,73,75,13,62
1,<environment.Job instance at 0x1491c40f5af0>,37,1,[6 2],61,73,74,12,62
1,<environment.Job instance at 0x1491c4162640>,21,3,[1 9],34,80,83,46,80
1,<environment.Job instance at 0x1491c40f54b0>,40,2,[8 1],68,81,83,13,81
1,<environment.Job instance at 0x1491c40f5780>,41,2,[1 9],71,83,85,12,81
1,<environment.Job instance at 0x1491c40f50f0>,42,2,[1 6],72,83,85,11,81
1,<environment.Job instance at 0x1491c40f5d20>,43,1,[1 9],73,85,86,12,81
1,<environment.Job instance at 0x1491c40f5280>,44,3,[1 8],74,86,89,12,81
1,<environment.Job instance at 0x1491c40f5b90>,45,1,[9 2],75,85,86,10,81
1,<environment.Job instance at 0x1491c40f5190>,46,18,[ 1 10],76,89,107,13,83
1,<environment.Job instance at 0x1491c40f55f0>,49,1,[7 2],81,86,87,5,85
1,<environment.Job instance at 0x1491c4105690>,50,3,[9 1],82,90,93,8,90
1,<environment.Job instance at 0x1491c4105780>,51,16,[9 1],83,93,109,10,90
1,<environment.Job instance at 0x1491c4105230>,52,1,[6 2],85,107,108,22,103
1,<environment.Job instance at 0x1491c40a5a00>,56,3,[10  2],90,109,112,19,105
1,<environment.Job instance at 0x1491c40a5870>,58,3,[9 1],94,112,115,18,107
1,<environment.Job instance at 0x1491c40a5410>,60,16,[1 5],98,152,168,54,152
1,<environment.Job instance at 0x1491c40a1690>,71,2,[9 2],115,153,155,38,153
1,<environment.Job instance at 0x1491c40a19b0>,72,1,[7 2],116,155,156,39,153
1,<environment.Job instance at 0x1491c40a1780>,74,14,[1 6],119,153,167,34,153
1,<environment.Job instance at 0x1491c40a1730>,75,14,[1 9],120,167,181,47,154
1,<environment.Job instance at 0x1491c40a1140>,76,3,[6 1],123,165,168,42,165
1,<environment.Job instance at 0x1491c40a1fa0>,77,26,[9 1],124,168,194,44,165
1,<environment.Job instance at 0x1491c40a1910>,78,2,[2 9],125,181,183,56,165
1,<environment.Job instance at 0x1491c40d8eb0>,82,3,[8 1],129,194,197,65,175
1,<environment.Job instance at 0x1491c40d8dc0>,83,3,[8 1],133,197,200,64,195
1,<environment.Job instance at 0x1491c422f640>,85,27,[1 7],135,195,222,60,195
1,<environment.Job instance at 0x1491c422f9b0>,86,15,[2 8],138,200,215,62,195
1,<environment.Job instance at 0x1491c40dbdc0>,89,1,[2 6],143,195,196,52,195
1,<environment.Job instance at 0x1491c40dbe10>,90,2,[1 5],145,228,230,83,228
1,<environment.Job instance at 0x1491c405eaa0>,92,3,[2 9],147,228,231,81,228
1,<environment.Job instance at 0x1491bc340e60>,93,1,[5 1],149,228,229,79,228
1,<environment.Job instance at 0x1491c4124c80>,2,1,[1 8],5,5,6,0,5
1,<environment.Job instance at 0x1491c4234690>,10,3,[1 9],14,14,17,0,14
1,<environment.Job instance at 0x1491c42343c0>,11,2,[1 8],16,17,19,1,16
1,<environment.Job instance at 0x1491c4234dc0>,12,2,[1 5],18,18,20,0,18
1,<environment.Job instance at 0x1491c4234e10>,17,2,[6 1],24,24,26,0,24
1,<environment.Job instance at 0x1491bc2b27d0>,20,3,[ 2 11],30,30,33,0,30
1,<environment.Job instance at 0x1491bc2b2c80>,21,2,[1 7],31,33,35,2,31
1,<environment.Job instance at 0x1491c4174d20>,22,1,[1 5],32,33,34,1,32
1,<environment.Job instance at 0x1491c4174870>,28,15,[7 2],38,46,61,8,46
1,<environment.Job instance at 0x1491c4174050>,24,3,[1 6],34,49,52,15,49
1,<environment.Job instance at 0x1491c4174f00>,30,3,[6 1],40,50,53,10,50
1,<environment.Job instance at 0x1491c4174af0>,31,2,[1 8],41,52,54,11,50
1,<environment.Job instance at 0x1491c41740f0>,32,3,[2 8],42,54,57,12,50
1,<environment.Job instance at 0x1491c4174190>,33,2,[2 8],43,57,59,14,50
1,<environment.Job instance at 0x1491c4174aa0>,34,3,[5 2],46,53,56,7,50
1,<environment.Job instance at 0x1491c42ba500>,35,1,[6 2],48,56,57,8,51
1,<environment.Job instance at 0x1491c42bac80>,36,2,[2 8],49,59,61,10,51
1,<environment.Job instance at 0x1491c4236140>,37,1,[6 2],51,57,58,6,51
1,<environment.Job instance at 0x1491c4236370>,39,27,[ 2 10],53,61,88,8,59
1,<environment.Job instance at 0x1491c4236d20>,40,2,[10  1],54,61,63,7,59
1,<environment.Job instance at 0x1491c4236320>,41,2,[2 7],56,88,90,32,61
1,<environment.Job instance at 0x1491c42364b0>,42,1,[5 2],57,63,64,6,61
1,<environment.Job instance at 0x1491c4236cd0>,43,1,[2 5],58,64,65,6,61
1,<environment.Job instance at 0x1491c4173370>,48,1,[7 1],66,66,67,0,66
1,<environment.Job instance at 0x1491c41735a0>,49,2,[7 1],67,67,69,0,67
1,<environment.Job instance at 0x1491c41738c0>,50,1,[7 2],68,69,70,1,68
1,<environment.Job instance at 0x1491c41732d0>,52,2,[5 2],70,70,72,0,70
1,<environment.Job instance at 0x1491c4236190>,38,1,[2 9],52,90,91,38,75
1,<environment.Job instance at 0x1491c42e3730>,56,13,[12  2],77,77,90,0,77
1,<environment.Job instance at 0x1491c417d460>,58,1,[6 2],79,90,91,11,79
1,<environment.Job instance at 0x1491c417d910>,60,1,[1 7],81,91,92,10,81
1,<environment.Job instance at 0x14919feb00f0>,61,3,[2 7],82,91,94,9,82
1,<environment.Job instance at 0x1491c4216b40>,62,2,[1 5],83,88,90,5,83
1,<environment.Job instance at 0x1491c4216910>,63,1,[1 9],85,94,95,9,86
1,<environment.Job instance at 0x14919fda5be0>,67,1,[2 8],90,92,93,2,90
1,<environment.Job instance at 0x1491c41636e0>,68,1,[2 6],91,93,94,2,91
1,<environment.Job instance at 0x1491c4163410>,69,3,[1 7],93,95,98,2,94
1,<environment.Job instance at 0x14919fde3f00>,73,3,[5 1],97,97,100,0,97
1,<environment.Job instance at 0x14919fdaf550>,74,1,[10  1],98,98,99,0,98
1,<environment.Job instance at 0x14919fe52190>,75,1,[1 8],99,99,100,0,99
1,<environment.Job instance at 0x14919fed1d70>,82,2,[1 6],107,124,126,17,124
1,<environment.Job instance at 0x14919fe369b0>,78,3,[9 2],102,133,136,31,133
1,<environment.Job instance at 0x14919fef08c0>,84,2,[7 2],110,136,138,26,133
1,<environment.Job instance at 0x14919fe90550>,87,14,[6 1],113,133,147,20,133
1,<environment.Job instance at 0x14919fe90b90>,89,14,[2 8],115,136,150,21,133
1,<environment.Job instance at 0x14919fe901e0>,93,25,[12  1],119,147,172,28,143
1,<environment.Job instance at 0x14919fe90a00>,90,2,[7 1],116,172,174,56,156
1,<environment.Job instance at 0x14919fdda230>,102,12,[7 1],134,172,184,38,156
1,<environment.Job instance at 0x14919feecbe0>,101,23,[1 6],131,158,181,27,158
1,<environment.Job instance at 0x14919fe2bd20>,103,3,[10  1],137,188,191,51,188
1,<environment.Job instance at 0x1491c4234e60>,15,1,[8 2],21,191,192,170,191
1,<environment.Job instance at 0x14919fe905a0>,88,1,[2 5],114,200,201,86,200
1,<environment.Job instance at 0x1491c4234460>,16,14,[14  1],22,214,228,192,214
1,<environment.Job instance at 0x14919fe917d0>,10,26,[2 8],18,18,44,0,18
1,<environment.Job instance at 0x14919fe87410>,25,2,[5 2],44,48,50,4,48
1,<environment.Job instance at 0x14919fe93640>,26,27,[1 7],45,48,75,3,48
1,<environment.Job instance at 0x14919fe938c0>,27,21,[1 8],46,51,72,5,51
1,<environment.Job instance at 0x14919fe93be0>,29,2,[6 1],49,72,74,23,51
1,<environment.Job instance at 0x14919fe93f50>,30,2,[ 1 10],50,75,77,25,51
1,<environment.Job instance at 0x1491bc0b8550>,31,3,[9 2],52,74,77,22,52
1,<environment.Job instance at 0x1491ccc3c960>,32,2,[5 1],53,72,74,19,53
1,<environment.Job instance at 0x1491c5a850a0>,33,17,[1 9],54,81,98,27,81
1,<environment.Job instance at 0x14919fe3fdc0>,39,2,[1 8],67,98,100,31,81
1,<environment.Job instance at 0x14919fe3feb0>,40,1,[10  2],68,86,87,18,86
1,<environment.Job instance at 0x14919fe3fe10>,43,2,[8 2],75,87,89,12,86
1,<environment.Job instance at 0x14919fe3ffa0>,44,1,[ 1 12],76,100,101,24,86
1,<environment.Job instance at 0x1491ce2a54b0>,45,3,[6 2],77,87,90,10,86
1,<environment.Job instance at 0x1491c40d8910>,46,1,[8 1],79,89,90,10,86
1,<environment.Job instance at 0x1491c7b9f780>,47,3,[1 9],81,101,104,20,86
1,<environment.Job instance at 0x14919fe3f8c0>,48,1,[2 9],84,104,105,20,86
1,<environment.Job instance at 0x14919fe3fc30>,49,2,[7 2],85,107,109,22,107
1,<environment.Job instance at 0x1491c4320d70>,7,1,[1 6],10,10,11,0,10
1,<environment.Job instance at 0x1491c4320460>,9,1,[1 7],12,12,13,0,12
1,<environment.Job instance at 0x1491c4320c30>,10,1,[6 2],13,13,14,0,13
1,<environment.Job instance at 0x14919ffdd050>,11,2,[2 7],14,14,16,0,14
1,<environment.Job instance at 0x14919ffddf50>,16,2,[7 2],20,20,22,0,20
1,<environment.Job instance at 0x14919ffdd410>,17,3,[5 2],22,22,25,0,22
1,<environment.Job instance at 0x14919ffdd320>,18,13,[2 8],23,23,36,0,23
1,<environment.Job instance at 0x14919ffdd960>,19,1,[8 1],24,24,25,0,24
1,<environment.Job instance at 0x1491bc0ca550>,20,1,[1 5],26,26,27,0,26
1,<environment.Job instance at 0x1491bc0ca3c0>,21,1,[10  1],28,28,29,0,28
1,<environment.Job instance at 0x1491bc0ca0a0>,23,17,[10  1],30,30,47,0,30
1,<environment.Job instance at 0x1491bc0caf00>,29,3,[2 7],38,50,53,12,50
1,<environment.Job instance at 0x1491bc0ca2d0>,27,21,[2 5],35,50,71,15,50
1,<environment.Job instance at 0x1491c57dd3c0>,31,15,[6 1],40,50,65,10,50
1,<environment.Job instance at 0x1491c57ddd70>,32,2,[2 9],41,53,55,12,50
1,<environment.Job instance at 0x1491c57dde10>,33,2,[1 5],42,55,57,13,50
1,<environment.Job instance at 0x1491c57ddc30>,34,16,[1 8],43,57,73,14,50
1,<environment.Job instance at 0x1491c57dd190>,35,14,[2 6],45,71,85,26,56
1,<environment.Job instance at 0x1491c57dd0a0>,36,1,[9 1],46,65,66,19,56
1,<environment.Job instance at 0x1491c57dd500>,38,2,[10  2],48,67,69,19,67
1,<environment.Job instance at 0x1491c57dd910>,40,2,[5 2],51,69,71,18,67
1,<environment.Job instance at 0x1491c57dd8c0>,41,2,[5 1],52,71,73,19,67
1,<environment.Job instance at 0x1491cc38f3c0>,42,1,[1 7],53,73,74,20,67
1,<environment.Job instance at 0x1491cc38fb90>,43,17,[9 1],56,73,90,17,67
1,<environment.Job instance at 0x1491cc378fa0>,44,1,[6 2],57,85,86,28,67
1,<environment.Job instance at 0x1491cc378f50>,45,1,[5 1],58,86,87,28,67
1,<environment.Job instance at 0x1491cc378c30>,46,1,[2 6],60,74,75,14,67
1,<environment.Job instance at 0x1491cc378af0>,47,3,[2 6],61,75,78,14,67
1,<environment.Job instance at 0x1491cc378be0>,48,2,[9 1],62,90,92,28,67
1,<environment.Job instance at 0x1491cc378550>,49,13,[6 1],64,87,100,23,71
1,<environment.Job instance at 0x1491cc378410>,52,3,[5 1],67,92,95,25,87
1,<environment.Job instance at 0x1491c7be8500>,56,1,[8 2],73,95,96,22,87
1,<environment.Job instance at 0x1491c7c6be60>,57,17,[7 1],74,96,113,22,87
1,<environment.Job instance at 0x1491c708ef00>,4,1,[ 2 10],7,7,8,0,7
1,<environment.Job instance at 0x1491c708ea00>,6,2,[ 1 12],9,9,11,0,9
1,<environment.Job instance at 0x1491c70a2be0>,14,2,[8 1],18,18,20,0,18
1,<environment.Job instance at 0x1491c70a20a0>,15,1,[2 7],20,20,21,0,20
1,<environment.Job instance at 0x1491ccc5f410>,16,2,[1 8],21,21,23,0,21
1,<environment.Job instance at 0x1491c70a2c30>,17,13,[7 1],22,22,35,0,22
1,<environment.Job instance at 0x1491c708e690>,9,21,[5 1],12,27,48,15,27
1,<environment.Job instance at 0x1491c404a8c0>,25,1,[7 1],34,35,36,1,34
1,<environment.Job instance at 0x1491c70eb2d0>,29,2,[ 1 10],38,38,40,0,38
1,<environment.Job instance at 0x1491c70eb870>,30,1,[7 1],39,39,40,0,39
1,<environment.Job instance at 0x1491c70eb730>,31,1,[2 6],42,42,43,0,42
1,<environment.Job instance at 0x1491c70e9730>,35,1,[6 1],46,46,47,0,46
1,<environment.Job instance at 0x1491c438ec30>,43,3,[ 2 13],62,77,80,15,77
1,<environment.Job instance at 0x1491c438e3c0>,41,2,[7 1],58,77,79,19,77
1,<environment.Job instance at 0x1491c711fb40>,45,1,[ 2 10],64,80,81,16,77
1,<environment.Job instance at 0x1491cc352d70>,46,2,[2 8],65,81,83,16,77
1,<environment.Job instance at 0x1491c70fda50>,47,1,[1 7],68,81,82,13,77
1,<environment.Job instance at 0x1491c70fdcd0>,48,1,[1 7],70,82,83,12,77
1,<environment.Job instance at 0x14919ffcecd0>,49,12,[2 8],71,83,95,12,77
1,<environment.Job instance at 0x14919ffce910>,50,27,[5 2],72,83,110,11,81
1,<environment.Job instance at 0x1491c424df50>,67,28,[1 6],97,97,125,0,97
1,<environment.Job instance at 0x1491c424ddc0>,69,21,[9 1],101,109,130,8,109
1,<environment.Job instance at 0x14919ffce140>,51,27,[1 9],73,125,152,52,123
1,<environment.Job instance at 0x14919ff8ce10>,83,16,[9 2],120,130,146,10,123
1,<environment.Job instance at 0x14919ff8ce60>,84,3,[ 2 10],121,152,155,31,126
1,<environment.Job instance at 0x14919ff8c320>,85,15,[6 1],123,146,161,23,132
1,<environment.Job instance at 0x14919ff8c280>,86,1,[9 2],124,155,156,31,133
1,<environment.Job instance at 0x1491c438f820>,87,1,[2 8],125,156,157,31,133
1,<environment.Job instance at 0x1491c438f960>,88,1,[5 1],126,137,138,11,137
1,<environment.Job instance at 0x1491c438f640>,89,1,[8 1],128,146,147,18,138
1,<environment.Job instance at 0x1491c438f690>,90,1,[1 8],130,157,158,27,138
1,<environment.Job instance at 0x1491c438f6e0>,91,1,[2 9],131,158,159,27,138
1,<environment.Job instance at 0x1491c438f730>,92,3,[1 9],132,159,162,27,138
1,<environment.Job instance at 0x1491c421bcd0>,93,14,[ 1 10],134,162,176,28,147
1,<environment.Job instance at 0x1491c421b820>,96,3,[2 5],138,156,159,18,154
1,<environment.Job instance at 0x1491c421b730>,97,2,[6 2],139,159,161,20,155
1,<environment.Job instance at 0x1491c421b640>,98,18,[2 9],140,176,194,36,165
1,<environment.Job instance at 0x1491c423cd70>,99,3,[2 9],141,194,197,53,168
1,<environment.Job instance at 0x1491c423cf50>,100,1,[1 6],142,176,177,34,168
1,<environment.Job instance at 0x1491c423cfa0>,101,1,[10  1],143,168,169,25,168
1,<environment.Job instance at 0x1491c423cd20>,102,17,[5 1],144,177,194,33,168
1,<environment.Job instance at 0x1491c423cc30>,103,1,[7 1],145,169,170,24,168
1,<environment.Job instance at 0x1491c423c190>,104,3,[9 2],146,170,173,24,168
1,<environment.Job instance at 0x1491c423ce60>,105,2,[1 8],147,197,199,50,170
1,<environment.Job instance at 0x1491c423cb90>,107,3,[2 5],149,173,176,24,170
1,<environment.Job instance at 0x1491c70a2640>,11,3,[8 2],15,1544,1547,1529,1544
1,<environment.Job instance at 0x1491c70a2640>,2,17,[7 2],3,3,20,0,3
1,<environment.Job instance at 0x14919fd3b370>,8,1,[1 8],12,20,21,8,20
1,<environment.Job instance at 0x14919fd3b5f0>,11,28,[14  1],18,21,49,3,21
1,<environment.Job instance at 0x14919fd3b500>,7,17,[ 2 10],9,327,344,318,327
1,<environment.Job instance at 0x14919fd3bd20>,19,16,[2 7],27,397,413,370,397
1,<environment.Job instance at 0x14919fd3d0a0>,20,2,[1 8],29,431,433,402,431
1,<environment.Job instance at 0x14919fd3d2d0>,21,2,[1 5],30,495,497,465,495
1,<environment.Job instance at 0x14919fd3d320>,22,1,[1 5],31,645,646,614,645
1,<environment.Job instance at 0x14919fd3d3c0>,23,2,[9 1],32,718,720,686,718
1,<environment.Job instance at 0x14919fd3d280>,24,3,[9 2],33,813,816,780,813
1,<environment.Job instance at 0x14919fd3d500>,25,17,[5 2],34,1047,1064,1013,1047
1,<environment.Job instance at 0x14919fd3d4b0>,26,2,[2 6],36,1155,1157,1119,1155
1,<environment.Job instance at 0x14919fd3d640>,27,1,[ 1 10],37,1286,1287,1249,1286
1,<environment.Job instance at 0x14919fd3d7d0>,28,1,[2 7],38,1309,1310,1271,1309
1,<environment.Job instance at 0x14919fd3d820>,30,17,[5 2],40,1309,1326,1269,1309
1,<environment.Job instance at 0x14919fd3d5a0>,31,2,[5 1],42,1309,1311,1267,1309
1,<environment.Job instance at 0x14919fd3d960>,32,2,[8 2],43,1311,1313,1268,1309
1,<environment.Job instance at 0x14919fd3d8c0>,33,2,[12  1],45,1326,1328,1281,1309
1,<environment.Job instance at 0x14919fd3da00>,34,14,[1 9],46,1310,1324,1264,1309
1,<environment.Job instance at 0x14919fd3db40>,36,18,[10  2],48,1328,1346,1280,1317
1,<environment.Job instance at 0x14919fd3dc80>,37,12,[2 9],49,1324,1336,1275,1317
1,<environment.Job instance at 0x14919fd3dd20>,38,15,[2 5],50,1336,1351,1286,1322
1,<environment.Job instance at 0x14919fd3df00>,43,3,[1 5],58,1336,1339,1278,1322
1,<environment.Job instance at 0x14919fcc0190>,44,1,[10  1],59,1346,1347,1287,1322
1,<environment.Job instance at 0x14919fcc0280>,45,1,[10  2],60,1347,1348,1287,1322
1,<environment.Job instance at 0x14919fcc0460>,49,2,[5 1],64,1348,1350,1284,1330
1,<environment.Job instance at 0x14919fcc0500>,50,2,[7 2],65,1348,1350,1283,1330
1,<environment.Job instance at 0x14919fcc05a0>,51,1,[1 6],66,1339,1340,1273,1330
1,<environment.Job instance at 0x14919fcc06e0>,53,3,[1 9],68,1350,1353,1282,1330
1,<environment.Job instance at 0x14919fcc02d0>,46,16,[7 1],61,1350,1366,1289,1342
1,<environment.Job instance at 0x14919fcc08c0>,56,2,[7 1],76,1365,1367,1289,1365
1,<environment.Job instance at 0x14919fcc0a00>,57,17,[8 1],77,1368,1385,1291,1368
1,<environment.Job instance at 0x14919fcc0a50>,58,1,[ 2 13],78,1383,1384,1305,1383
1,<environment.Job instance at 0x14919fcc0aa0>,59,2,[2 5],79,1384,1386,1305,1384
1,<environment.Job instance at 0x14919fcc0b40>,60,3,[9 1],80,1385,1388,1305,1384
1,<environment.Job instance at 0x14919fcc0be0>,61,16,[2 5],81,1388,1404,1307,1388
1,<environment.Job instance at 0x14919fcc0c80>,62,1,[5 1],82,1388,1389,1306,1388
1,<environment.Job instance at 0x14919fcc0d20>,63,12,[ 1 10],83,1390,1402,1307,1390
1,<environment.Job instance at 0x14919fcc0e60>,65,1,[6 2],87,1402,1403,1315,1390
1,<environment.Job instance at 0x14919fcc0fa0>,66,3,[5 2],88,1402,1405,1314,1390
1,<environment.Job instance at 0x14919fcc0820>,67,15,[8 1],89,1403,1418,1314,1390
1,<environment.Job instance at 0x14919fcc0f00>,68,3,[2 7],90,1404,1407,1314,1390
1,<environment.Job instance at 0x14919fcc30a0>,69,2,[8 2],92,1418,1420,1326,1391
1,<environment.Job instance at 0x14919fcc31e0>,70,14,[2 9],97,1407,1421,1310,1392
1,<environment.Job instance at 0x14919fcc3190>,71,1,[5 2],99,1405,1406,1306,1393
1,<environment.Job instance at 0x14919fcc3640>,80,3,[1 9],111,1421,1424,1310,1395
1,<environment.Job instance at 0x14919fcc3780>,82,3,[8 1],114,1420,1423,1306,1395
1,<environment.Job instance at 0x14919fcc3960>,83,1,[1 8],115,1424,1425,1309,1396
1,<environment.Job instance at 0x14919fcc3a50>,84,1,[10  2],119,1423,1424,1304,1396
1,<environment.Job instance at 0x14919fcc3aa0>,85,2,[2 6],120,1424,1426,1304,1397
1,<environment.Job instance at 0x14919fcc3be0>,86,1,[1 5],121,1402,1403,1281,1397
1,<environment.Job instance at 0x14919fcc3b90>,87,3,[7 2],123,1425,1428,1302,1399
1,<environment.Job instance at 0x14919fcc3d20>,88,1,[2 8],124,1426,1427,1302,1399
1,<environment.Job instance at 0x14919fcc3c80>,89,18,[1 7],126,1427,1445,1301,1416
1,<environment.Job instance at 0x14919fcc3eb0>,90,3,[10  1],128,1428,1431,1300,1416
1,<environment.Job instance at 0x14919fcc3fa0>,91,2,[ 2 13],129,1445,1447,1316,1418
1,<environment.Job instance at 0x14919fcc3e60>,92,3,[7 2],131,1431,1434,1300,1418
1,<environment.Job instance at 0x14919fcc3dc0>,93,28,[2 5],133,1447,1475,1314,1446
1,<environment.Job instance at 0x14919fcc5230>,94,15,[ 2 10],134,1447,1462,1313,1446
1,<environment.Job instance at 0x14919fcc52d0>,95,1,[1 9],135,1462,1463,1327,1446
1,<environment.Job instance at 0x14919fcc5140>,96,3,[6 2],136,1463,1466,1327,1446
1,<environment.Job instance at 0x14919fcc5320>,97,16,[ 1 11],137,1475,1491,1338,1463
1,<environment.Job instance at 0x14919fcc53c0>,98,1,[2 6],138,1463,1464,1325,1463
1,<environment.Job instance at 0x14919fcc5050>,99,1,[1 5],140,1464,1465,1324,1464
1,<environment.Job instance at 0x14919fcc5500>,100,2,[2 8],141,1465,1467,1324,1464
1,<environment.Job instance at 0x14919fcc5690>,101,24,[2 9],142,1491,1515,1349,1488
1,<environment.Job instance at 0x14919fcc5820>,104,1,[1 6],148,1494,1495,1346,1494
1,<environment.Job instance at 0x14919fd3bf50>,18,2,[11  2],26,1767,1769,1741,1767
1,<environment.Job instance at 0x14919fd3b1e0>,2,1,[10  1],6,6,7,0,6
1,<environment.Job instance at 0x1491ccd2d410>,7,1,[9 1],11,11,12,0,11
1,<environment.Job instance at 0x1491ccd2d5a0>,8,1,[1 8],12,12,13,0,12
1,<environment.Job instance at 0x14919fd892d0>,20,1,[2 7],28,28,29,0,28
1,<environment.Job instance at 0x14919fd89730>,21,2,[ 1 14],30,34,36,4,34
1,<environment.Job instance at 0x14919fd89f00>,24,15,[6 1],33,36,51,3,36
1,<environment.Job instance at 0x14919fdaf690>,40,1,[ 1 10],55,55,56,0,55
1,<environment.Job instance at 0x14919fdaf460>,41,3,[1 9],56,56,59,0,56
1,<environment.Job instance at 0x14919fdaf0a0>,42,2,[9 2],58,58,60,0,58
1,<environment.Job instance at 0x14919fdafe60>,43,3,[2 7],59,59,62,0,59
1,<environment.Job instance at 0x14919fdaf500>,39,14,[5 2],54,60,74,6,59
1,<environment.Job instance at 0x14919ff5beb0>,50,1,[ 1 12],74,142,143,68,142
1,<environment.Job instance at 0x14919fea5640>,55,1,[9 1],80,142,143,62,142
1,<environment.Job instance at 0x1491c70a75a0>,57,3,[5 1],83,142,145,59,142
1,<environment.Job instance at 0x14919fd89780>,22,1,[7 2],31,143,144,112,142
1,<environment.Job instance at 0x14919fdaf5a0>,45,22,[2 9],63,143,165,80,142
1,<environment.Job instance at 0x1491bc1ce320>,58,2,[13  1],84,145,147,61,144
1,<environment.Job instance at 0x1491bc1ce0f0>,62,2,[6 2],88,147,149,59,144
1,<environment.Job instance at 0x1491bc054230>,64,2,[1 6],96,149,151,53,144
1,<environment.Job instance at 0x1491cddfc5f0>,73,1,[7 2],110,144,145,34,144
1,<environment.Job instance at 0x1491bc1ce550>,60,1,[5 1],86,147,148,61,146
1,<environment.Job instance at 0x1491c7074460>,75,3,[9 2],114,151,154,37,146
1,<environment.Job instance at 0x1491bc379fa0>,76,2,[2 5],115,154,156,39,146
1,<environment.Job instance at 0x1491bc230f00>,77,1,[1 9],116,165,166,49,147
1,<environment.Job instance at 0x1491c402a370>,79,1,[1 8],118,166,167,48,147
1,<environment.Job instance at 0x1491c402acd0>,80,20,[7 2],119,156,176,37,149
1,<environment.Job instance at 0x1491c402a410>,81,1,[1 9],120,167,168,47,167
1,<environment.Job instance at 0x1491c433bd70>,0,1,[2 9],1,1,2,0,1
1,<environment.Job instance at 0x1491c433bcd0>,1,1,[1 5],2,2,3,0,2
1,<environment.Job instance at 0x1491c433b9b0>,10,15,[7 1],17,20,35,3,20
1,<environment.Job instance at 0x14919ff002d0>,15,1,[ 2 10],22,22,23,0,22
1,<environment.Job instance at 0x1491c6f3b190>,23,2,[10  2],32,35,37,3,32
1,<environment.Job instance at 0x1491cb047d70>,24,15,[9 1],34,37,52,3,36
1,<environment.Job instance at 0x14919fed60f0>,27,2,[1 7],39,39,41,0,39
1,<environment.Job instance at 0x14919fed6230>,28,3,[1 8],40,41,44,1,40
1,<environment.Job instance at 0x14919fed65a0>,25,1,[1 5],35,41,42,6,41
1,<environment.Job instance at 0x1491cd1aec80>,30,2,[2 8],42,44,46,2,42
1,<environment.Job instance at 0x1491cd1aed70>,31,3,[1 7],43,46,49,3,43
1,<environment.Job instance at 0x1491cd1aea00>,32,2,[6 1],44,49,51,5,44
1,<environment.Job instance at 0x1491cd1ae5a0>,33,3,[7 2],45,52,55,7,45
1,<environment.Job instance at 0x1491cd1ae0f0>,34,2,[8 1],46,52,54,6,46
1,<environment.Job instance at 0x1491cd1ae730>,35,15,[8 2],47,54,69,7,47
1,<environment.Job instance at 0x1491cd1ae7d0>,36,1,[10  1],48,69,70,21,48
1,<environment.Job instance at 0x1491c423cc80>,37,2,[8 2],50,70,72,20,50
1,<environment.Job instance at 0x1491c40dbd20>,38,1,[1 6],51,51,52,0,51
1,<environment.Job instance at 0x1491c7bc8230>,39,3,[6 1],52,55,58,3,52
1,<environment.Job instance at 0x1491c423c370>,41,3,[2 5],54,58,61,4,54
1,<environment.Job instance at 0x1491c7bc8f00>,42,3,[2 8],56,58,61,2,56
1,<environment.Job instance at 0x1491c7bc80f0>,43,17,[12  1],57,72,89,15,60
1,<environment.Job instance at 0x1491c7bc84b0>,44,3,[1 8],58,61,64,3,60
1,<environment.Job instance at 0x1491c7bc8a00>,45,2,[2 5],60,61,63,1,60
1,<environment.Job instance at 0x1491c7b76140>,46,3,[1 9],61,64,67,3,61
1,<environment.Job instance at 0x1491cc34ec80>,52,2,[1 6],67,67,69,0,67
1,<environment.Job instance at 0x1491cc2b7af0>,59,3,[1 8],77,77,80,0,77
1,<environment.Job instance at 0x1491c41d92d0>,60,2,[2 8],80,80,82,0,80
1,<environment.Job instance at 0x14919fe931e0>,58,1,[2 5],75,94,95,19,94
1,<environment.Job instance at 0x1491c5557e10>,65,3,[8 1],87,95,98,8,95
1,<environment.Job instance at 0x1491c40131e0>,67,3,[1 8],89,95,98,6,95
1,<environment.Job instance at 0x1491c4013870>,68,2,[2 9],90,98,100,8,95
1,<environment.Job instance at 0x1491c4013050>,69,2,[8 2],91,98,100,7,95
1,<environment.Job instance at 0x1491c4013c30>,70,2,[8 1],92,100,102,8,95
1,<environment.Job instance at 0x1491c4013910>,71,16,[7 2],94,100,116,6,95
1,<environment.Job instance at 0x1491c7c40d20>,73,3,[ 2 10],97,102,105,5,97
1,<environment.Job instance at 0x1491c72403c0>,76,16,[5 1],101,278,294,177,278
1,<environment.Job instance at 0x1491c72402d0>,78,13,[1 5],104,797,810,693,797
1,<environment.Job instance at 0x1491c7240280>,82,18,[8 2],109,920,938,811,920
1,<environment.Job instance at 0x1491cddff370>,3,1,[ 1 10],7,7,8,0,7
1,<environment.Job instance at 0x1491c7ebf780>,4,1,[5 2],8,8,9,0,8
1,<environment.Job instance at 0x1491c71d92d0>,0,1,[14  1],1,6,7,5,6
1,<environment.Job instance at 0x1491c71d9230>,4,17,[7 2],6,9,26,3,9
1,<environment.Job instance at 0x1491c7ed6320>,15,1,[5 2],22,22,23,0,22
1,<environment.Job instance at 0x14919fdd6460>,20,1,[1 5],28,28,29,0,28
1,<environment.Job instance at 0x14919fdd6550>,21,1,[8 2],29,29,30,0,29
1,<environment.Job instance at 0x14919fdd6be0>,23,1,[10  1],31,31,32,0,31
1,<environment.Job instance at 0x1491c71c93c0>,33,2,[2 5],43,206,208,163,206
1,<environment.Job instance at 0x1491c71e4460>,34,3,[1 5],46,332,335,286,332
1,<environment.Job instance at 0x1491c71e4410>,35,1,[8 1],47,351,352,304,351
1,<environment.Job instance at 0x1491c71e4870>,36,2,[8 2],48,443,445,395,443
1,<environment.Job instance at 0x1491c71e40f0>,37,14,[9 2],49,445,459,396,443
1,<environment.Job instance at 0x1491c71e45a0>,38,2,[5 2],50,455,457,405,455
1,<environment.Job instance at 0x1491c71e4e10>,39,3,[1 5],51,456,459,405,456
1,<environment.Job instance at 0x1491c71e4d70>,40,1,[1 5],53,457,458,404,456
1,<environment.Job instance at 0x1491c7b8e5a0>,41,16,[8 1],54,459,475,405,456
1,<environment.Job instance at 0x1491c7b8ef00>,42,14,[2 8],55,472,486,417,472
1,<environment.Job instance at 0x1491c7b8e690>,43,15,[8 2],56,555,570,499,555
1,<environment.Job instance at 0x1491c7b8e6e0>,44,3,[1 7],58,671,674,613,671
1,<environment.Job instance at 0x1491c7b8eaa0>,45,3,[7 1],59,714,717,655,714
1,<environment.Job instance at 0x1491c7b8e910>,46,2,[2 7],60,902,904,842,902
1,<environment.Job instance at 0x1491c7b8e7d0>,47,14,[ 2 10],61,1234,1248,1173,1234
1,<environment.Job instance at 0x1491c7b86730>,48,1,[1 9],62,1264,1265,1202,1264
1,<environment.Job instance at 0x1491c7b862d0>,49,18,[5 2],63,1272,1290,1209,1272
1,<environment.Job instance at 0x1491c7b863c0>,50,2,[1 8],65,1497,1499,1432,1497
1,<environment.Job instance at 0x1491bc1525a0>,51,16,[1 6],66,1841,1857,1775,1841
1,<environment.Job instance at 0x1491bc152f50>,52,3,[2 6],68,1872,1875,1804,1872
1,<environment.Job instance at 0x1491bc152c30>,53,14,[10  1],69,1891,1905,1822,1891
1,<environment.Job instance at 0x1491bc152c80>,54,3,[ 1 14],70,2060,2063,1990,2060
1,<environment.Job instance at 0x1491bc129690>,55,3,[5 1],71,2233,2236,2162,2233
1,<environment.Job instance at 0x1491bc1298c0>,56,2,[8 1],73,2344,2346,2271,2344
1,<environment.Job instance at 0x1491bc129f00>,57,3,[9 1],74,2347,2350,2273,2347
1,<environment.Job instance at 0x1491bc129820>,58,3,[8 2],75,2525,2528,2450,2525
1,<environment.Job instance at 0x1491bc129d20>,59,12,[7 2],77,2584,2596,2507,2584
1,<environment.Job instance at 0x1491bc129e60>,60,2,[2 7],79,2589,2591,2510,2589
1,<environment.Job instance at 0x1491bc129140>,61,17,[6 2],81,2807,2824,2726,2807
1,<environment.Job instance at 0x1491bc129050>,62,13,[ 2 10],82,2868,2881,2786,2868
1,<environment.Job instance at 0x1491bc129d70>,63,2,[1 9],83,2933,2935,2850,2933
1,<environment.Job instance at 0x1491c41e7c80>,10,2,[ 1 10],15,15,17,0,15
1,<environment.Job instance at 0x1491c71a1cd0>,11,2,[ 1 11],17,17,19,0,17
1,<environment.Job instance at 0x1491c52ed460>,20,3,[2 6],30,90,93,60,90
1,<environment.Job instance at 0x1491c62f65f0>,33,26,[5 2],52,136,162,84,136
1,<environment.Job instance at 0x1491c62f6f50>,41,3,[1 9],66,146,149,80,146
1,<environment.Job instance at 0x14919fdba3c0>,43,1,[9 1],68,147,148,79,147
1,<environment.Job instance at 0x14919fdbaf00>,45,14,[10  1],71,149,163,78,147
1,<environment.Job instance at 0x14919fb8c690>,46,18,[1 7],72,167,185,95,167
1,<environment.Job instance at 0x14919fb8ca00>,48,2,[1 5],74,173,175,99,173
1,<environment.Job instance at 0x14919fb8c5a0>,49,1,[2 5],75,175,176,100,173
1,<environment.Job instance at 0x1491c41f8320>,50,12,[5 1],78,173,185,95,173
1,<environment.Job instance at 0x1491c41f8af0>,51,1,[10  1],80,185,186,105,173
1,<environment.Job instance at 0x1491c41f8280>,52,1,[7 1],81,173,174,92,173
1,<environment.Job instance at 0x1491c41f8050>,53,2,[10  1],82,186,188,104,173
1,<environment.Job instance at 0x1491c41f8550>,54,1,[6 2],83,174,175,91,173
1,<environment.Job instance at 0x1491c41f87d0>,55,3,[6 2],84,175,178,91,173
1,<environment.Job instance at 0x1491c430da50>,56,3,[2 5],88,176,179,88,173
1,<environment.Job instance at 0x1491c430dd20>,57,2,[5 1],89,178,180,89,173
1,<environment.Job instance at 0x1491c422b370>,58,18,[2 9],91,185,203,94,174
1,<environment.Job instance at 0x1491c422bbe0>,59,13,[2 8],93,203,216,110,187
1,<environment.Job instance at 0x1491bc23ec30>,60,3,[1 9],94,216,219,122,197
1,<environment.Job instance at 0x14919fac0f00>,61,3,[2 7],96,203,206,107,198
1,<environment.Job instance at 0x1491bc23ecd0>,62,3,[2 9],97,219,222,122,198
1,<environment.Job instance at 0x1491bc23ef00>,63,3,[6 1],99,206,209,107,201
1,<environment.Job instance at 0x1491c71aff00>,64,18,[7 2],100,206,224,106,201
1,<environment.Job instance at 0x1491c71af3c0>,65,15,[2 7],101,222,237,121,209
1,<environment.Job instance at 0x14919fb528c0>,68,3,[ 1 10],105,237,240,132,211
1,<environment.Job instance at 0x14919fb52f50>,69,1,[14  2],106,237,238,131,211
1,<environment.Job instance at 0x1491c6fcfa50>,70,2,[6 2],107,213,215,106,213
1,<environment.Job instance at 0x1491cd1a35a0>,71,13,[6 1],108,215,228,107,213
1,<environment.Job instance at 0x1491cd1a34b0>,72,2,[1 9],109,240,242,131,214
1,<environment.Job instance at 0x1491cd1a37d0>,73,3,[6 2],110,224,227,114,214
1,<environment.Job instance at 0x1491cd1a30f0>,74,3,[5 2],112,227,230,115,214
1,<environment.Job instance at 0x1491cd1a35f0>,75,2,[1 8],113,230,232,117,215
1,<environment.Job instance at 0x1491cd1a31e0>,76,17,[9 1],114,238,255,124,226
1,<environment.Job instance at 0x1491cd1a3500>,77,2,[2 8],117,232,234,115,226
1,<environment.Job instance at 0x1491cd1a3780>,78,14,[2 8],118,242,256,124,228
1,<environment.Job instance at 0x1491cd1a3910>,79,1,[10  2],119,234,235,115,229
1,<environment.Job instance at 0x1491c71f48c0>,80,17,[7 2],121,255,272,134,248
1,<environment.Job instance at 0x1491c71f47d0>,81,13,[8 1],124,272,285,148,272
1,<environment.Job instance at 0x1491c71f4be0>,82,2,[10  1],125,285,287,160,284
1,<environment.Job instance at 0x1491c71f4f00>,83,18,[8 1],127,287,305,160,287
1,<environment.Job instance at 0x1491c71f46e0>,84,1,[6 2],128,304,305,176,304
1,<environment.Job instance at 0x1491c71f4370>,85,1,[6 1],129,305,306,176,305
1,<environment.Job instance at 0x1491c71f43c0>,86,1,[8 1],130,305,306,175,305
1,<environment.Job instance at 0x14919fbd80f0>,87,1,[5 1],133,306,307,173,305
1,<environment.Job instance at 0x14919fbd8140>,88,2,[1 9],134,305,307,171,305
1,<environment.Job instance at 0x14919fbd8fa0>,89,3,[ 2 10],136,307,310,171,305
1,<environment.Job instance at 0x14919fbd8e60>,90,2,[7 1],138,306,308,168,305
1,<environment.Job instance at 0x14919fbd8230>,91,2,[ 1 10],141,310,312,169,305
1,<environment.Job instance at 0x14919fbd8d70>,92,1,[ 2 10],142,312,313,170,305
1,<environment.Job instance at 0x14919fbd8c80>,93,3,[1 9],144,313,316,169,305
1,<environment.Job instance at 0x14919fbd8b90>,94,17,[ 1 10],145,316,333,171,305
1,<environment.Job instance at 0x14919fbd8050>,95,13,[ 1 10],147,333,346,186,317
1,<environment.Job instance at 0x1491ccd779b0>,1,1,[1 6],2,2,3,0,2
1,<environment.Job instance at 0x1491bc148320>,2,1,[1 8],3,3,4,0,3
1,<environment.Job instance at 0x1491c7c10e10>,3,1,[8 2],5,5,6,0,5
1,<environment.Job instance at 0x14919fc89f00>,6,14,[6 2],10,12,26,2,12
1,<environment.Job instance at 0x14919fc9a960>,10,14,[1 7],14,17,31,3,17
1,<environment.Job instance at 0x14919fc9a690>,12,12,[5 2],17,20,32,3,20
1,<environment.Job instance at 0x14919fc9adc0>,13,1,[2 9],18,31,32,13,21
1,<environment.Job instance at 0x14919fc9aaf0>,14,1,[10  2],19,32,33,13,21
1,<environment.Job instance at 0x14919fc9a4b0>,15,2,[5 2],22,26,28,4,26
1,<environment.Job instance at 0x14919fc9ae10>,16,2,[10  1],23,33,35,10,27
1,<environment.Job instance at 0x14919fc9a460>,17,17,[7 1],25,35,52,10,27
1,<environment.Job instance at 0x14919fc9aa00>,18,1,[7 2],26,29,30,3,29
1,<environment.Job instance at 0x14919fc9a050>,19,15,[7 1],27,35,50,8,29
1,<environment.Job instance at 0x14919fc8a190>,22,1,[1 7],37,37,38,0,37
1,<environment.Job instance at 0x14919fc9af00>,7,1,[5 2],11,50,51,39,37
1,<environment.Job instance at 0x14919fc8a2d0>,21,3,[1 9],34,39,42,5,39
1,<environment.Job instance at 0x14919fc8a690>,24,3,[6 2],40,51,54,11,45
1,<environment.Job instance at 0x14919fc8a5a0>,23,14,[7 1],39,52,66,13,45
1,<environment.Job instance at 0x14919fc9ab40>,5,2,[14  1],7,66,68,59,53
1,<environment.Job instance at 0x14919fc8af00>,32,1,[8 1],53,54,55,1,53
1,<environment.Job instance at 0x14919fc8aeb0>,33,1,[6 1],54,55,56,1,54
1,<environment.Job instance at 0x14919fc8a5f0>,29,2,[2 6],50,57,59,7,57
1,<environment.Job instance at 0x14919fca13c0>,34,1,[1 9],58,59,60,1,58
1,<environment.Job instance at 0x14919fca1780>,37,1,[2 8],64,64,65,0,64
1,<environment.Job instance at 0x14919fca18c0>,38,2,[9 1],67,68,70,1,67
1,<environment.Job instance at 0x14919fc8a4b0>,25,17,[6 2],45,68,85,23,68
1,<environment.Job instance at 0x14919fca1eb0>,44,3,[1 5],80,80,83,0,80
1,<environment.Job instance at 0x14919fc902d0>,45,1,[9 1],81,83,84,2,81
1,<environment.Job instance at 0x14919fc90550>,47,2,[2 5],84,84,86,0,84
1,<environment.Job instance at 0x14919fc90910>,52,3,[2 9],90,92,95,2,92
1,<environment.Job instance at 0x14919fc90aa0>,53,1,[1 9],91,95,96,4,92
1,<environment.Job instance at 0x14919fc90af0>,54,18,[8 2],92,92,110,0,92
1,<environment.Job instance at 0x14919fc907d0>,55,2,[5 1],93,101,103,8,101
1,<environment.Job instance at 0x14919fc88640>,62,1,[2 9],107,1947,1948,1840,1947
1,<environment.Job instance at 0x14919fc88780>,63,18,[7 2],109,2728,2746,2619,2728
1,<environment.Job instance at 0x14919fc88820>,64,15,[1 5],110,2737,2752,2627,2737
1,<environment.Job instance at 0x1491c710da50>,0,1,[6 1],1,1,2,0,1
1,<environment.Job instance at 0x14919ff33050>,4,1,[1 8],5,5,6,0,5
1,<environment.Job instance at 0x14919ff33dc0>,8,1,[2 9],9,9,10,0,9
1,<environment.Job instance at 0x1491c4070cd0>,1,1,[7 1],4,4,5,0,4
1,<environment.Job instance at 0x1491c4070910>,4,17,[6 1],8,9,26,1,9
1,<environment.Job instance at 0x1491cde32f00>,13,1,[6 2],20,20,21,0,20
1,<environment.Job instance at 0x1491cde32640>,15,1,[1 7],22,46,47,24,46
1,<environment.Job instance at 0x1491cde32870>,11,12,[5 2],16,46,58,30,46
1,<environment.Job instance at 0x1491cde32910>,22,24,[9 2],31,46,70,15,46
1,<environment.Job instance at 0x1491cde32a00>,23,2,[8 2],33,70,72,37,46
1,<environment.Job instance at 0x1491bc28a780>,24,14,[2 8],34,58,72,24,46
1,<environment.Job instance at 0x1491bc28a1e0>,25,2,[6 2],35,72,74,37,46
1,<environment.Job instance at 0x1491bc28a410>,28,1,[1 9],40,51,52,11,51
1,<environment.Job instance at 0x1491bc28acd0>,29,1,[10  2],41,74,75,33,51
1,<environment.Job instance at 0x1491bc28a910>,30,3,[1 7],44,52,55,8,51
1,<environment.Job instance at 0x1491bc28a550>,31,1,[6 2],45,72,73,27,51
1,<environment.Job instance at 0x1491bc28a0f0>,26,16,[5 1],38,73,89,35,73
1,<environment.Job instance at 0x1491cde2a870>,39,1,[ 2 10],55,75,76,20,75
1,<environment.Job instance at 0x1491c7c0fcd0>,46,3,[2 6],68,76,79,8,75
1,<environment.Job instance at 0x1491c7c0fc80>,47,2,[5 2],69,75,77,6,75
1,<environment.Job instance at 0x1491c7c0f4b0>,48,2,[ 2 10],72,79,81,7,75
1,<environment.Job instance at 0x1491c7c0f0a0>,49,3,[2 8],73,81,84,8,75
1,<environment.Job instance at 0x14919fb4c460>,50,1,[2 5],74,76,77,2,76
1,<environment.Job instance at 0x14919fb4cd20>,51,2,[5 1],75,77,79,2,76
1,<environment.Job instance at 0x1491c7c0c320>,52,17,[6 2],76,79,96,3,76
1,<environment.Job instance at 0x14919feb4460>,53,1,[9 1],77,89,90,12,77
1,<environment.Job instance at 0x14919feb4c80>,54,12,[1 7],79,90,102,11,80
1,<environment.Job instance at 0x14919feb45f0>,55,1,[7 1],80,90,91,10,80
1,<environment.Job instance at 0x14919feb49b0>,56,2,[2 7],81,84,86,3,81
1,<environment.Job instance at 0x1491c7099be0>,60,1,[1 6],86,98,99,12,98
1,<environment.Job instance at 0x1491bc3ce7d0>,61,2,[6 2],87,98,100,11,98
1,<environment.Job instance at 0x1491bc200a50>,62,2,[10  2],89,100,102,11,98
1,<environment.Job instance at 0x14919fb8cfa0>,63,2,[2 7],93,102,104,9,98
1,<environment.Job instance at 0x14919fe54c30>,64,3,[8 1],94,102,105,8,98
1,<environment.Job instance at 0x14919fe54500>,65,1,[8 2],96,99,100,3,98
1,<environment.Job instance at 0x14919ff91af0>,66,3,[8 2],98,105,108,7,98
1,<environment.Job instance at 0x1491bc27c3c0>,67,2,[8 1],100,108,110,8,100
1,<environment.Job instance at 0x1491bc045410>,68,3,[2 7],101,102,105,1,101
1,<environment.Job instance at 0x1491bc045d20>,69,1,[1 6],102,104,105,2,102
1,<environment.Job instance at 0x1491c7bd6c80>,70,1,[8 1],106,110,111,4,106
1,<environment.Job instance at 0x1491c7bd6eb0>,71,1,[10  1],107,111,112,4,107
1,<environment.Job instance at 0x1491c7bd6e60>,73,2,[9 1],109,112,114,3,109
1,<environment.Job instance at 0x1491c7bd6140>,75,12,[7 1],111,114,126,3,111
1,<environment.Job instance at 0x1491c4173550>,76,3,[10  1],112,126,129,14,112
1,<environment.Job instance at 0x1491c7e9f230>,77,3,[7 1],113,114,117,1,113
1,<environment.Job instance at 0x14919ffe78c0>,78,2,[2 8],115,117,119,2,115
1,<environment.Job instance at 0x14919fe941e0>,58,15,[5 2],83,134,149,51,134
1,<environment.Job instance at 0x1491ce271d70>,81,3,[2 9],118,157,160,39,157
1,<environment.Job instance at 0x14919ff64f00>,87,1,[2 9],128,160,161,32,157
1,<environment.Job instance at 0x1491c57c95a0>,88,3,[1 8],130,161,164,31,157
1,<environment.Job instance at 0x1491c57c9be0>,89,14,[ 1 10],133,164,178,31,158
1,<environment.Job instance at 0x1491c57c9190>,90,1,[1 6],136,160,161,24,160
1,<environment.Job instance at 0x14919fca2140>,91,14,[2 9],138,178,192,40,163
1,<environment.Job instance at 0x14919fca2d70>,92,2,[6 2],139,183,185,44,183
1,<environment.Job instance at 0x14919fca2550>,93,3,[1 6],140,185,188,45,184
1,<environment.Job instance at 0x14919fca25a0>,94,26,[ 2 10],141,192,218,51,189
1,<environment.Job instance at 0x14919fca2d20>,95,3,[ 2 10],142,218,221,76,208
1,<environment.Job instance at 0x14919fca2690>,96,3,[6 2],143,211,214,68,211
1,<environment.Job instance at 0x14919fca29b0>,97,1,[9 2],147,214,215,67,214
1,<environment.Job instance at 0x14919fca21e0>,98,1,[2 9],148,221,222,73,214
1,<environment.Job instance at 0x14919fca28c0>,99,18,[2 7],149,222,240,73,216
1,<environment.Job instance at 0x14919fd0feb0>,7,1,[10  2],9,9,10,0,9
1,<environment.Job instance at 0x1491cc2f0960>,10,13,[9 1],16,16,29,0,16
1,<environment.Job instance at 0x1491ccd0a780>,17,3,[1 7],25,25,28,0,25
1,<environment.Job instance at 0x1491ccd0a8c0>,20,13,[2 5],32,37,50,5,37
1,<environment.Job instance at 0x1491ccd08960>,26,1,[6 1],38,38,39,0,38
1,<environment.Job instance at 0x1491ccd08190>,25,3,[8 1],37,48,51,11,48
1,<environment.Job instance at 0x1491ccd08a00>,31,1,[10  2],45,51,52,6,48
1,<environment.Job instance at 0x1491ccd08910>,32,1,[5 1],46,48,49,2,48
1,<environment.Job instance at 0x1491ccd08230>,33,3,[1 8],47,49,52,2,48
1,<environment.Job instance at 0x1491ccd81c30>,34,2,[5 1],48,52,54,4,48
1,<environment.Job instance at 0x1491ccd81d70>,35,15,[9 2],50,52,67,2,50
1,<environment.Job instance at 0x14919fd3ee60>,53,2,[5 1],76,92,94,16,92
1,<environment.Job instance at 0x1491cc305960>,54,1,[1 6],77,92,93,15,92
1,<environment.Job instance at 0x1491cc305690>,56,3,[9 2],80,92,95,12,92
1,<environment.Job instance at 0x1491cc305b40>,1,1,[11  2],2,3,4,1,3
1,<environment.Job instance at 0x14919fd062d0>,3,2,[2 9],4,4,6,0,4
1,<environment.Job instance at 0x1491ccd82500>,2,18,[8 2],3,7,25,4,7
1,<environment.Job instance at 0x1491c6f4f320>,14,18,[ 2 10],21,21,39,0,21
1,<environment.Job instance at 0x1491c6f4f5a0>,15,12,[5 1],23,71,83,48,71
1,<environment.Job instance at 0x1491c6f4f460>,16,3,[9 2],24,107,110,83,107
1,<environment.Job instance at 0x1491c6f4f820>,20,3,[1 9],31,113,116,82,113
1,<environment.Job instance at 0x1491c6f4f8c0>,21,22,[1 7],32,422,444,390,422
1,<environment.Job instance at 0x1491c6f4fa00>,22,1,[10  2],35,479,480,444,479
1,<environment.Job instance at 0x1491c6f4f9b0>,23,28,[2 9],36,490,518,454,490
1,<environment.Job instance at 0x1491c6f4f960>,24,3,[8 1],37,539,542,502,539
1,<environment.Job instance at 0x1491c6f4f910>,25,1,[1 6],38,622,623,584,622
1,<environment.Job instance at 0x1491c6f4faf0>,26,1,[2 7],39,626,627,587,626
1,<environment.Job instance at 0x1491c6f4fb40>,27,2,[ 1 10],40,644,646,604,644
1,<environment.Job instance at 0x1491c6f4fb90>,28,1,[7 1],41,678,679,637,678
1,<environment.Job instance at 0x1491c6f4fc30>,29,2,[9 1],42,716,718,674,716
1,<environment.Job instance at 0x1491c6f4fd70>,30,1,[5 1],44,716,717,672,716
1,<environment.Job instance at 0x1491c6f4fe10>,31,1,[2 7],45,717,718,672,716
1,<environment.Job instance at 0x1491c6f4ff00>,32,15,[5 1],46,718,733,672,716
1,<environment.Job instance at 0x1491c6f4feb0>,33,1,[10  1],47,720,721,673,720
1,<environment.Job instance at 0x1491c6f2b190>,37,17,[1 7],51,729,746,678,729
1,<environment.Job instance at 0x1491c6f2b230>,38,2,[1 9],52,746,748,694,729
1,<environment.Job instance at 0x1491c6f2b500>,39,3,[1 7],56,731,734,675,731
1,<environment.Job instance at 0x1491c6f2b2d0>,40,1,[5 1],58,733,734,675,732
1,<environment.Job instance at 0x1491c6f2b4b0>,41,22,[5 2],59,734,756,675,732
1,<environment.Job instance at 0x1491c6f2b5a0>,42,1,[5 1],60,742,743,682,742
1,<environment.Job instance at 0x1491c6f2b6e0>,43,2,[1 6],62,754,756,692,754
1,<environment.Job instance at 0x1491c6f2b780>,44,12,[ 1 10],64,766,778,702,766
1,<environment.Job instance at 0x1491c6f2b820>,45,1,[ 1 11],66,778,779,712,767
1,<environment.Job instance at 0x1491c6f2b8c0>,46,13,[6 1],67,771,784,704,771
1,<environment.Job instance at 0x1491c6f2b870>,47,19,[7 2],68,772,791,704,772
1,<environment.Job instance at 0x1491c6f2ba00>,49,13,[9 2],70,791,804,721,788
1,<environment.Job instance at 0x1491c6f2bd70>,53,17,[1 8],75,788,805,713,788
1,<environment.Job instance at 0x1491c6f5a1e0>,56,1,[ 2 10],79,805,806,726,789
1,<environment.Job instance at 0x1491c6f5a0f0>,58,3,[1 6],81,806,809,725,792
1,<environment.Job instance at 0x1491c6f5a320>,59,18,[ 1 12],82,814,832,732,814
1,<environment.Job instance at 0x1491c6f5a230>,60,2,[ 1 10],83,832,834,749,816
1,<environment.Job instance at 0x1491c6f5a370>,61,1,[2 9],84,834,835,750,819
1,<environment.Job instance at 0x1491c6f5a410>,62,21,[10  1],85,831,852,746,831
1,<environment.Job instance at 0x1491c6f5a550>,63,14,[1 8],87,837,851,750,837
1,<environment.Job instance at 0x1491c6f5abe0>,71,17,[1 9],98,851,868,753,840
1,<environment.Job instance at 0x1491c6f5ab90>,72,1,[5 1],99,868,869,769,868
1,<environment.Job instance at 0x1491c6f5ab40>,73,3,[6 1],100,874,877,774,874
1,<environment.Job instance at 0x1491c6f5ad20>,74,3,[8 2],103,875,878,772,875
1,<environment.Job instance at 0x1491c6f5ac30>,75,18,[7 1],105,877,895,772,875
1,<environment.Job instance at 0x1491c6f5ad70>,76,3,[2 5],106,878,881,772,875
1,<environment.Job instance at 0x1491c6f5ae60>,77,1,[1 6],107,890,891,783,890
1,<environment.Job instance at 0x1491c6f5aeb0>,79,2,[1 7],109,890,892,781,890
1,<environment.Job instance at 0x14919fe6e0f0>,80,2,[7 2],110,891,893,781,890
1,<environment.Job instance at 0x14919fe6e140>,81,2,[7 1],111,893,895,782,890
1,<environment.Job instance at 0x14919fe6e190>,82,1,[ 2 12],112,895,896,783,890
1,<environment.Job instance at 0x14919fe6e230>,83,2,[ 1 10],113,892,894,779,890
1,<environment.Job instance at 0x14919fe6e370>,84,13,[6 1],114,895,908,781,890
1,<environment.Job instance at 0x14919fe6e550>,85,2,[1 5],115,896,898,781,890
1,<environment.Job instance at 0x14919fe6e2d0>,86,2,[6 1],116,895,897,779,890
1,<environment.Job instance at 0x14919fe6e410>,87,3,[2 8],117,896,899,779,890
1,<environment.Job instance at 0x14919fe6e8c0>,90,3,[7 1],122,898,901,776,890
1,<environment.Job instance at 0x14919fe6e870>,91,14,[2 7],123,1231,1245,1108,1231
1,<environment.Job instance at 0x14ab50474b40>,2,1,[2 5],3,3,4,0,3
1,<environment.Job instance at 0x14ab489082d0>,7,1,[2 6],8,8,9,0,8
1,<environment.Job instance at 0x14ab48913140>,15,1,[ 1 10],20,20,21,0,20
1,<environment.Job instance at 0x14ab488d9b40>,16,1,[2 5],21,21,22,0,21
1,<environment.Job instance at 0x14ab488e8140>,20,2,[ 1 13],27,27,29,0,27
1,<environment.Job instance at 0x14ab488e88c0>,22,1,[2 7],30,30,31,0,30
1,<environment.Job instance at 0x14ab48853640>,25,2,[2 8],34,38,40,4,38
1,<environment.Job instance at 0x14ab4710c2d0>,2,1,[1 8],6,9,10,3,9
1,<environment.Job instance at 0x14ab46972fa0>,5,2,[1 8],9,10,12,1,10
1,<environment.Job instance at 0x14ab46972c80>,6,3,[1 7],11,13,16,2,13
1,<environment.Job instance at 0x14ab46972460>,9,3,[1 9],14,39,42,25,39
1,<environment.Job instance at 0x14ab46972820>,7,13,[ 1 14],12,42,55,30,40
1,<environment.Job instance at 0x14ab469725a0>,11,12,[6 1],16,40,52,24,40
1,<environment.Job instance at 0x14ab46972140>,12,28,[2 8],19,55,83,36,54
1,<environment.Job instance at 0x14ab46970aa0>,14,15,[1 7],25,79,94,54,79
1,<environment.Job instance at 0x14ab469701e0>,15,3,[ 2 10],26,94,97,68,84
1,<environment.Job instance at 0x14ab46970550>,16,2,[1 9],28,97,99,69,88
1,<environment.Job instance at 0x14ab469704b0>,17,2,[ 2 10],31,99,101,68,92
1,<environment.Job instance at 0x14ab46970370>,18,3,[5 2],32,93,96,61,93
1,<environment.Job instance at 0x14ab469705f0>,19,15,[2 7],33,101,116,68,93
1,<environment.Job instance at 0x14ab46970e60>,20,2,[ 2 10],34,116,118,82,110
1,<environment.Job instance at 0x14ab46970dc0>,21,2,[2 9],35,118,120,83,115
1,<environment.Job instance at 0x14ab46970d20>,22,17,[ 2 10],36,120,137,84,115
1,<environment.Job instance at 0x14ab469700f0>,13,3,[5 1],23,123,126,100,123
1,<environment.Job instance at 0x14ab46970a50>,26,2,[ 1 10],41,137,139,96,130
1,<environment.Job instance at 0x14ab46eeb190>,28,1,[1 7],43,139,140,96,131
1,<environment.Job instance at 0x14ab46eeb8c0>,29,1,[2 9],44,140,141,96,131
1,<environment.Job instance at 0x14ab4710c410>,1,3,[12  1],4,134,137,130,134
1,<environment.Job instance at 0x14ab46eeb460>,33,12,[7 1],50,137,149,87,134
1,<environment.Job instance at 0x14ab46eebcd0>,34,2,[8 2],51,141,143,90,134
1,<environment.Job instance at 0x14ab46eeb0f0>,35,3,[8 1],52,143,146,91,134
1,<environment.Job instance at 0x14ab46eeb370>,36,2,[2 5],53,139,141,86,134
1,<environment.Job instance at 0x14ab46eeb500>,37,3,[6 1],54,146,149,92,134
1,<environment.Job instance at 0x14ab46eeba00>,38,2,[10  1],55,149,151,94,134
1,<environment.Job instance at 0x14ab46eeb6e0>,39,3,[ 2 10],57,146,149,89,134
1,<environment.Job instance at 0x14ab46eeb960>,40,18,[8 1],58,151,169,93,140
1,<environment.Job instance at 0x14ab46970c80>,23,19,[ 1 10],38,166,185,128,166
1,<environment.Job instance at 0x14ab47107aa0>,46,15,[9 2],70,169,184,99,166
1,<environment.Job instance at 0x14ab471077d0>,47,1,[9 1],71,184,185,113,166
1,<environment.Job instance at 0x14ab47107f50>,48,12,[1 5],72,185,197,113,168
1,<environment.Job instance at 0x14ab47107a00>,49,2,[6 2],73,185,187,112,168
1,<environment.Job instance at 0x14ab47107fa0>,51,2,[8 1],76,185,187,109,175
1,<environment.Job instance at 0x14ab46ea4fa0>,60,1,[2 8],92,187,188,95,177
1,<environment.Job instance at 0x14ab492c5730>,61,18,[10  1],96,187,205,91,177
1,<environment.Job instance at 0x14ab46ea4f50>,62,2,[7 2],97,205,207,108,178
1,<environment.Job instance at 0x14ab4fd3eaa0>,63,2,[2 5],98,188,190,90,178
1,<environment.Job instance at 0x14ab4fd3ec80>,64,14,[2 8],99,190,204,91,179
1,<environment.Job instance at 0x14ab488504b0>,65,3,[8 1],102,205,208,103,179
1,<environment.Job instance at 0x14ab48850500>,66,1,[7 2],103,207,208,104,179
1,<environment.Job instance at 0x14ab48850f00>,67,2,[5 2],104,179,181,75,179
1,<environment.Job instance at 0x14ab48850230>,68,2,[ 2 12],106,208,210,102,181
1,<environment.Job instance at 0x14ab48850e10>,69,14,[6 1],107,208,222,101,204
1,<environment.Job instance at 0x14ab48850140>,74,1,[1 5],113,212,213,99,212
1,<environment.Job instance at 0x14ab488506e0>,73,2,[6 2],112,212,214,100,212
1,<environment.Job instance at 0x14ab4d9b3be0>,77,3,[ 1 13],116,214,217,98,212
1,<environment.Job instance at 0x14ab4da300f0>,78,3,[1 5],119,217,220,98,212
1,<environment.Job instance at 0x14ab4da33c80>,79,21,[ 2 13],120,220,241,100,212
1,<environment.Job instance at 0x14ab48850820>,80,1,[2 8],121,213,214,92,212
1,<environment.Job instance at 0x14ab4d962aa0>,81,1,[7 1],122,214,215,92,212
1,<environment.Job instance at 0x14ab4d9620f0>,82,18,[5 2],123,222,240,99,212
1,<environment.Job instance at 0x14ab4922b5a0>,83,2,[8 2],125,217,219,92,212
1,<environment.Job instance at 0x14ab4d9f1190>,84,3,[1 7],126,366,369,240,366
1,<environment.Job instance at 0x14ab4dc53730>,86,1,[5 2],128,516,517,388,516
1,<environment.Job instance at 0x14ab492f59b0>,87,1,[1 8],129,690,691,561,690
1,<environment.Job instance at 0x14ab4dc54730>,88,3,[1 7],130,712,715,582,712
1,<environment.Job instance at 0x14ab492e2d20>,89,2,[5 2],132,713,715,581,713
1,<environment.Job instance at 0x14ab4e2cf1e0>,90,2,[1 7],134,788,790,654,788
1,<environment.Job instance at 0x14ab4da417d0>,91,2,[5 2],135,859,861,724,859
1,<environment.Job instance at 0x14ab4da05b40>,92,1,[1 6],137,878,879,741,878
1,<environment.Job instance at 0x14ab4da05b90>,93,12,[7 1],138,1052,1064,914,1052
1,<environment.Job instance at 0x14ab4da05d70>,94,2,[10  1],139,1064,1066,925,1064
1,<environment.Job instance at 0x14ab4da05370>,95,3,[2 7],140,1202,1205,1062,1202
1,<environment.Job instance at 0x14ab4da05e10>,96,17,[7 1],142,1310,1327,1168,1310
1,<environment.Job instance at 0x14ab4da05dc0>,97,1,[2 5],144,1399,1400,1255,1399
1,<environment.Job instance at 0x14ab4da052d0>,98,3,[1 8],145,1425,1428,1280,1425
1,<environment.Job instance at 0x14ab4da053c0>,99,12,[7 2],147,1438,1450,1291,1438
1,<environment.Job instance at 0x14ab4da05500>,100,2,[7 2],149,1476,1478,1327,1476
1,<environment.Job instance at 0x14ab4d9f9460>,101,3,[ 2 10],151,1549,1552,1398,1549
1,<environment.Job instance at 0x14ab4d9f9c30>,102,14,[8 2],152,1563,1577,1411,1563
1,<environment.Job instance at 0x14ab4d9f93c0>,103,2,[2 5],154,1604,1606,1450,1604
1,<environment.Job instance at 0x14ab4d9f9f50>,104,1,[ 2 10],155,1640,1641,1485,1640
1,<environment.Job instance at 0x14ab4d9f9f00>,105,14,[8 1],156,1702,1716,1546,1702
1,<environment.Job instance at 0x14ab4d9f9d20>,106,2,[ 1 10],157,1808,1810,1651,1808
1,<environment.Job instance at 0x14ab4d9f9370>,107,3,[7 2],158,1858,1861,1700,1858
1,<environment.Job instance at 0x14ab25641460>,2,1,[6 1],3,3,4,0,3
1,<environment.Job instance at 0x14ab25b05f50>,6,20,[8 2],12,12,32,0,12
1,<environment.Job instance at 0x14ab492c0690>,14,1,[ 2 10],25,25,26,0,25
1,<environment.Job instance at 0x14ab492c0dc0>,23,2,[ 2 12],40,44,46,4,44
1,<environment.Job instance at 0x14ab492c0050>,20,2,[ 2 10],35,46,48,11,44
1,<environment.Job instance at 0x14ab492c0a00>,22,17,[10  1],38,44,61,6,44
1,<environment.Job instance at 0x14ab492f0dc0>,33,18,[ 1 10],56,57,75,1,57
1,<environment.Job instance at 0x14ab492f0af0>,35,3,[ 2 10],60,75,78,15,60
1,<environment.Job instance at 0x14ab492f0960>,36,1,[7 2],61,61,62,0,61
1,<environment.Job instance at 0x14ab492f0640>,37,3,[9 1],62,62,65,0,62
1,<environment.Job instance at 0x14ab492f0500>,38,16,[9 1],63,65,81,2,63
1,<environment.Job instance at 0x14ab46ea9550>,46,18,[6 2],76,81,99,5,81
1,<environment.Job instance at 0x14ab46eb7870>,64,26,[9 1],104,148,174,44,148
1,<environment.Job instance at 0x14ab492f05f0>,43,3,[10  2],70,180,183,110,180
1,<environment.Job instance at 0x14ab46eb7050>,69,3,[8 1],109,183,186,74,180
1,<environment.Job instance at 0x14ab46eb7eb0>,70,3,[8 1],113,186,189,73,182
1,<environment.Job instance at 0x14ab46eb7730>,72,27,[1 7],115,247,274,132,247
1,<environment.Job instance at 0x14ab4e3bdbe0>,78,2,[8 1],126,257,259,131,257
1,<environment.Job instance at 0x14ab4e3bd640>,79,3,[2 9],127,274,277,147,257
1,<environment.Job instance at 0x14ab4e3bde10>,80,1,[5 1],129,262,263,133,262
1,<environment.Job instance at 0x14ab4e3bd3c0>,81,3,[1 5],130,262,265,132,262
1,<environment.Job instance at 0x14ab4e3bd4b0>,82,2,[1 9],131,277,279,146,262
1,<environment.Job instance at 0x14ab46eeb320>,83,3,[2 8],132,268,271,136,268
1,<environment.Job instance at 0x14ab46eebc30>,84,1,[1 8],135,289,290,154,289
1,<environment.Job instance at 0x14ab46eeba50>,85,16,[2 6],136,292,308,156,292
1,<environment.Job instance at 0x14ab46e9f3c0>,86,3,[1 6],137,312,315,175,312
1,<environment.Job instance at 0x14ab4e342780>,87,2,[8 2],138,316,318,178,316
1,<environment.Job instance at 0x14ab25b08820>,88,14,[9 1],140,336,350,196,336
1,<environment.Job instance at 0x14ab25b03f50>,89,3,[10  1],141,350,353,209,336
1,<environment.Job instance at 0x14ab25b03820>,90,2,[1 7],142,336,338,194,336
1,<environment.Job instance at 0x14ab25b03a00>,91,15,[1 5],143,340,355,197,340
1,<environment.Job instance at 0x14ab25b03190>,92,3,[1 9],144,340,343,196,340
1,<environment.Job instance at 0x14ab25b039b0>,93,2,[1 8],146,344,346,198,344
1,<environment.Job instance at 0x14ab25b0a8c0>,94,2,[1 5],148,346,348,198,344
1,<environment.Job instance at 0x14ab25a7e2d0>,95,15,[10  1],149,353,368,204,344
1,<environment.Job instance at 0x14ab25b6bdc0>,96,1,[2 8],150,361,362,211,361
1,<environment.Job instance at 0x14ab25b03550>,99,2,[6 1],154,368,370,214,365
1,<environment.Job instance at 0x14ab258c4140>,100,3,[10  1],156,370,373,214,365
1,<environment.Job instance at 0x14ab25a02be0>,101,3,[10  2],157,373,376,216,366
1,<environment.Job instance at 0x14ab440a75a0>,4,16,[1 5],5,5,21,0,5
1,<environment.Job instance at 0x14ab259aceb0>,12,2,[2 8],13,13,15,0,13
1,<environment.Job instance at 0x14ab259accd0>,13,3,[5 2],16,16,19,0,16
1,<environment.Job instance at 0x14ab259acd20>,15,2,[2 8],19,19,21,0,19
1,<environment.Job instance at 0x14ab440ad140>,16,1,[6 2],21,21,22,0,21
1,<environment.Job instance at 0x14ab440ad4b0>,17,1,[2 9],22,22,23,0,22
1,<environment.Job instance at 0x14ab259ace10>,14,1,[6 2],18,23,24,5,23
1,<environment.Job instance at 0x14ab440ad320>,19,2,[10  1],24,24,26,0,24
1,<environment.Job instance at 0x14ab440ad730>,21,1,[5 2],27,27,28,0,27
1,<environment.Job instance at 0x14ab440adfa0>,23,2,[ 1 10],30,30,32,0,30
1,<environment.Job instance at 0x14ab440ad910>,27,1,[7 1],36,36,37,0,36
1,<environment.Job instance at 0x14ab25b37b40>,30,3,[10  2],39,39,42,0,39
1,<environment.Job instance at 0x14ab25b37870>,31,2,[5 2],40,40,42,0,40
1,<environment.Job instance at 0x14ab256e6aa0>,37,1,[6 2],49,50,51,1,50
1,<environment.Job instance at 0x14ab256e62d0>,38,2,[1 5],50,50,52,0,50
1,<environment.Job instance at 0x14ab257b9410>,39,1,[1 7],51,51,52,0,51
1,<environment.Job instance at 0x14ab257b99b0>,40,3,[2 7],52,52,55,0,52
1,<environment.Job instance at 0x14ab257b9280>,41,2,[1 5],53,53,55,0,53
1,<environment.Job instance at 0x14ab25b3ae60>,42,1,[1 9],55,55,56,0,55
1,<environment.Job instance at 0x14ab25b3a140>,43,1,[2 5],56,56,57,0,56
1,<environment.Job instance at 0x14ab25b3a4b0>,45,1,[2 6],58,58,59,0,58
1,<environment.Job instance at 0x14ab25b3a190>,46,1,[2 8],60,60,61,0,60
1,<environment.Job instance at 0x14ab25b3aeb0>,47,1,[2 6],61,61,62,0,61
1,<environment.Job instance at 0x14ab25b3aa00>,48,3,[1 7],63,63,66,0,63
1,<environment.Job instance at 0x14ab256e6730>,36,17,[9 2],48,64,81,16,64
1,<environment.Job instance at 0x14ab44131730>,50,14,[1 6],65,172,186,107,172
1,<environment.Job instance at 0x14ab44131dc0>,51,17,[9 1],66,172,189,106,172
1,<environment.Job instance at 0x14ab441313c0>,52,3,[5 1],67,172,175,105,172
1,<environment.Job instance at 0x14ab25bd33c0>,53,1,[10  1],68,189,190,121,172
1,<environment.Job instance at 0x14ab25bd3c80>,54,1,[1 8],69,175,176,106,172
1,<environment.Job instance at 0x14ab25bd3be0>,55,12,[9 2],70,190,202,120,174
1,<environment.Job instance at 0x14ab25bd3320>,56,2,[2 6],71,176,178,105,175
1,<environment.Job instance at 0x14ab25bd3500>,57,3,[9 2],72,202,205,130,176
1,<environment.Job instance at 0x14ab25bd36e0>,58,2,[10  2],73,205,207,132,179
1,<environment.Job instance at 0x14ab25bd3a50>,59,16,[10  2],74,207,223,133,206
1,<environment.Job instance at 0x14ab25bd38c0>,60,16,[ 2 10],75,233,249,158,233
1,<environment.Job instance at 0x14ab25bd34b0>,61,2,[1 6],77,249,251,172,233
1,<environment.Job instance at 0x14ab25bd39b0>,62,15,[2 6],79,249,264,170,235
1,<environment.Job instance at 0x14ab25bd31e0>,63,2,[7 2],80,235,237,155,235
1,<environment.Job instance at 0x14ab25bd32d0>,65,2,[1 8],82,251,253,169,235
1,<environment.Job instance at 0x14ab25bd3780>,66,14,[6 1],83,235,249,152,235
1,<environment.Job instance at 0x14ab25bd3190>,67,1,[2 5],84,253,254,169,245
1,<environment.Job instance at 0x14ab440c0fa0>,68,14,[2 8],85,254,268,169,247
1,<environment.Job instance at 0x14ab440c0dc0>,69,2,[7 1],86,247,249,161,247
1,<environment.Job instance at 0x14ab440c0050>,70,3,[7 1],87,249,252,162,247
1,<environment.Job instance at 0x14ab4417a8c0>,71,13,[10  1],88,252,265,164,247
1,<environment.Job instance at 0x14ab440abaa0>,72,25,[12  1],89,265,290,176,264
1,<environment.Job instance at 0x14ab440abe10>,73,1,[ 2 10],90,289,290,199,289
1,<environment.Job instance at 0x14ab440ab5f0>,74,2,[10  2],92,312,314,220,312
1,<environment.Job instance at 0x14ab440abd20>,75,3,[7 1],96,314,317,218,313
1,<environment.Job instance at 0x14ab25bb48c0>,76,3,[2 8],97,313,316,216,313
1,<environment.Job instance at 0x14ab25bb4e60>,77,3,[1 9],98,316,319,218,313
1,<environment.Job instance at 0x14ab25bb45a0>,78,16,[10  1],99,320,336,221,320
1,<environment.Job instance at 0x14ab25bb41e0>,79,3,[2 9],100,335,338,235,335
1,<environment.Job instance at 0x14ab4e2a1140>,80,23,[1 6],101,366,389,265,366
1,<environment.Job instance at 0x14ab2575f370>,81,12,[7 1],104,366,378,262,366
1,<environment.Job instance at 0x14ab4415fcd0>,82,3,[10  1],107,378,381,271,366
1,<environment.Job instance at 0x14ab4e2a1a00>,83,3,[6 1],109,367,370,258,367
1,<environment.Job instance at 0x14ab4e2a1f50>,84,3,[8 1],110,381,384,271,367
1,<environment.Job instance at 0x14ab4e2a18c0>,85,2,[7 1],112,370,372,258,367
1,<environment.Job instance at 0x14ab4414c500>,86,18,[2 6],114,372,390,258,367
1,<environment.Job instance at 0x14ab4e2a1280>,87,1,[7 1],116,384,385,268,367
1,<environment.Job instance at 0x14ab25546870>,88,2,[5 1],117,372,374,255,370
1,<environment.Job instance at 0x14ab4879adc0>,89,14,[2 5],118,389,403,271,374
1,<environment.Job instance at 0x14ab4879af00>,90,3,[5 2],120,384,387,264,376
1,<environment.Job instance at 0x14ab25bdddc0>,91,12,[1 5],121,390,402,269,376
1,<environment.Job instance at 0x14ab25bdd320>,92,13,[7 2],122,387,400,265,376
1,<environment.Job instance at 0x14ab25bdd4b0>,93,3,[8 1],123,400,403,277,376
1,<environment.Job instance at 0x14ab2558ab40>,94,3,[2 6],126,402,405,276,400
1,<environment.Job instance at 0x14ab25bddeb0>,95,18,[1 5],127,403,421,276,402
1,<environment.Job instance at 0x14ab25491b90>,96,16,[1 5],131,405,421,274,402
1,<environment.Job instance at 0x14ab254a0550>,97,1,[1 9],132,421,422,289,402
1,<environment.Job instance at 0x14ab2545daf0>,98,3,[2 9],134,422,425,288,402
1,<environment.Job instance at 0x14ab254730a0>,99,1,[10  2],135,403,404,268,402
1,<environment.Job instance at 0x14ab25473190>,100,1,[5 2],136,404,405,268,402
1,<environment.Job instance at 0x14ab254e5190>,101,26,[2 8],138,425,451,287,422
1,<environment.Job instance at 0x14ab254e5b40>,102,2,[ 1 10],140,451,453,311,434
1,<environment.Job instance at 0x14ab2548daf0>,108,1,[6 2],152,434,435,282,434
1,<environment.Job instance at 0x14ab2546e7d0>,109,3,[10  2],154,435,438,281,434
1,<environment.Job instance at 0x14ab25563dc0>,110,3,[5 1],158,438,441,280,435
1,<environment.Job instance at 0x14ab25493280>,111,1,[2 8],159,453,454,294,435
1,<environment.Job instance at 0x14ab259ac050>,10,2,[1 8],11,456,458,445,456
1,<environment.Job instance at 0x14ab25557280>,4,27,[1 7],5,6,33,1,6
1,<environment.Job instance at 0x14ab255575a0>,7,2,[6 1],9,9,11,0,9
1,<environment.Job instance at 0x14ab25557870>,8,2,[ 1 10],10,33,35,23,10
1,<environment.Job instance at 0x14ab25557aa0>,10,2,[5 1],13,13,15,0,13
1,<environment.Job instance at 0x14ab25557d20>,17,2,[1 8],27,27,29,0,27
1,<environment.Job instance at 0x14ab255424b0>,18,1,[10  2],28,29,30,1,28
1,<environment.Job instance at 0x14ab255420a0>,19,3,[2 8],29,30,33,1,29
1,<environment.Job instance at 0x14ab25542500>,26,1,[2 9],44,44,45,0,44
1,<environment.Job instance at 0x14ab255427d0>,22,1,[ 1 12],36,45,46,9,44
1,<environment.Job instance at 0x14ab25503f00>,29,13,[13  2],47,47,60,0,47
1,<environment.Job instance at 0x14ab4926c910>,32,16,[ 1 10],52,52,68,0,52
1,<environment.Job instance at 0x14ab440fb140>,33,3,[2 5],54,60,63,6,54
1,<environment.Job instance at 0x14ab4d91fcd0>,34,1,[8 1],55,63,64,8,55
1,<environment.Job instance at 0x14ab2595f4b0>,36,13,[8 2],57,64,77,7,57
1,<environment.Job instance at 0x14ab4e2ab5a0>,39,3,[6 2],60,72,75,12,72
1,<environment.Job instance at 0x14ab4400cd20>,41,17,[9 2],63,77,94,14,72
1,<environment.Job instance at 0x14ab46e53780>,45,3,[1 5],67,72,75,5,72
1,<environment.Job instance at 0x14ab4411caf0>,48,2,[2 8],70,75,77,5,72
1,<environment.Job instance at 0x14ab4408e230>,49,2,[5 1],71,75,77,4,72
1,<environment.Job instance at 0x14ab25b80730>,50,1,[6 2],76,77,78,1,76
1,<environment.Job instance at 0x14ab4926f9b0>,51,1,[1 9],77,78,79,1,77
1,<environment.Job instance at 0x14ab4926fb90>,52,3,[7 1],78,94,97,16,78
1,<environment.Job instance at 0x14ab4d9ab050>,53,3,[7 2],79,94,97,15,79
1,<environment.Job instance at 0x14ab48775a50>,56,1,[9 1],85,97,98,12,85
1,<environment.Job instance at 0x14ab4e2abfa0>,42,1,[7 1],64,98,99,34,88
1,<environment.Job instance at 0x14ab2547e460>,62,3,[1 7],94,98,101,4,98
1,<environment.Job instance at 0x14ab25462550>,67,3,[1 5],100,112,115,12,112
1,<environment.Job instance at 0x14ab25462e60>,68,12,[2 9],102,119,131,17,119
1,<environment.Job instance at 0x14ab25462b90>,69,3,[9 2],103,119,122,16,119
1,<environment.Job instance at 0x14ab25462f00>,70,13,[1 9],104,131,144,27,123
1,<environment.Job instance at 0x14ab25462fa0>,71,2,[1 8],105,144,146,39,123
1,<environment.Job instance at 0x14ab2545d910>,73,1,[ 1 10],109,146,147,37,127
1,<environment.Job instance at 0x14ab2545d9b0>,74,19,[2 5],110,127,146,17,127
1,<environment.Job instance at 0x14ab2590d0a0>,58,25,[8 1],89,127,152,38,127
1,<environment.Job instance at 0x14ab4dc607d0>,76,3,[6 2],112,146,149,34,127
1,<environment.Job instance at 0x14ab254912d0>,77,2,[6 2],113,149,151,36,127
1,<environment.Job instance at 0x14ab2546e1e0>,81,3,[2 7],119,151,154,32,136
1,<environment.Job instance at 0x14ab2546e0f0>,82,1,[1 6],120,147,148,27,136
1,<environment.Job instance at 0x14ab2546e6e0>,83,3,[8 2],121,152,155,31,136
1,<environment.Job instance at 0x14ab2546ec30>,84,1,[1 7],122,148,149,26,136
1,<environment.Job instance at 0x14ab2546e050>,85,1,[6 2],123,154,155,31,136
1,<environment.Job instance at 0x14ab254a0cd0>,86,2,[2 7],124,155,157,31,136
1,<environment.Job instance at 0x14ab25491d20>,78,17,[5 2],114,155,172,41,149
1,<environment.Job instance at 0x14ab488e4910>,90,2,[1 9],129,157,159,28,151
1,<environment.Job instance at 0x14ab2542e9b0>,91,2,[7 2],130,155,157,25,152
1,<environment.Job instance at 0x14ab2543ff50>,93,13,[2 8],133,159,172,26,152
1,<environment.Job instance at 0x14ab2543f320>,94,1,[8 1],134,157,158,23,152
1,<environment.Job instance at 0x14ab488abb40>,95,1,[1 5],136,152,153,16,152
1,<environment.Job instance at 0x14ab49246050>,96,1,[10  1],138,172,173,34,152
1,<environment.Job instance at 0x14ab4d979320>,97,1,[5 2],139,153,154,14,152
1,<environment.Job instance at 0x14ab4d979640>,98,17,[10  1],140,173,190,33,161
1,<environment.Job instance at 0x14ab258fbe10>,101,21,[ 2 10],144,172,193,28,164
1,<environment.Job instance at 0x14ab258fb460>,103,15,[5 2],146,190,205,44,176
1,<environment.Job instance at 0x14ab44176690>,106,15,[6 1],150,190,205,40,176
1,<environment.Job instance at 0x14ab25566280>,107,2,[2 9],151,193,195,42,176
1,<environment.Job instance at 0x14ab255661e0>,108,2,[1 5],152,195,197,43,176
1,<environment.Job instance at 0x14ab254ea730>,109,16,[1 8],153,197,213,44,184
1,<environment.Job instance at 0x14ab254ea690>,110,14,[2 6],155,205,219,50,190
1,<environment.Job instance at 0x14ab255570f0>,16,13,[10  1],25,252,265,227,252
1,<environment.Job instance at 0x14ab5037e280>,2,1,[1 7],3,3,4,0,3
1,<environment.Job instance at 0x14ab256d8a00>,4,1,[6 2],7,7,8,0,7
1,<environment.Job instance at 0x14ab256d8d70>,5,1,[5 1],8,8,9,0,8
1,<environment.Job instance at 0x14ab256d8b40>,6,1,[2 6],10,10,11,0,10
1,<environment.Job instance at 0x14ab47974eb0>,12,3,[5 1],17,17,20,0,17
1,<environment.Job instance at 0x14ab47974d70>,17,17,[7 1],24,25,42,1,25
1,<environment.Job instance at 0x14ab486d0550>,21,1,[8 2],28,40,41,12,40
1,<environment.Job instance at 0x14ab486d0b90>,23,1,[7 1],30,42,43,12,42
1,<environment.Job instance at 0x14ab486d0910>,24,1,[1 8],31,46,47,15,46
1,<environment.Job instance at 0x14ab486d0af0>,25,2,[6 2],32,59,61,27,59
1,<environment.Job instance at 0x14ab486d0c30>,22,1,[5 2],29,59,60,30,59
1,<environment.Job instance at 0x14ab486d04b0>,27,1,[6 2],35,60,61,25,59
1,<environment.Job instance at 0x14ab486d0cd0>,28,3,[8 2],36,61,64,25,59
1,<environment.Job instance at 0x14ab486d0a50>,29,2,[ 1 10],38,59,61,21,59
1,<environment.Job instance at 0x14ab486d0780>,30,13,[10  1],39,64,77,25,59
1,<environment.Job instance at 0x14ab486d05a0>,31,1,[5 1],40,80,81,40,80
1,<environment.Job instance at 0x14ab486d0320>,34,3,[10  1],43,124,127,81,124
1,<environment.Job instance at 0x14ab486d00a0>,35,3,[6 1],44,127,130,83,125
1,<environment.Job instance at 0x14ab4870ea50>,37,3,[2 7],46,126,129,80,126
1,<environment.Job instance at 0x14ab4870ed70>,38,1,[5 1],47,1133,1134,1086,1133
1,<environment.Job instance at 0x14ab25ba36e0>,3,2,[ 1 11],7,19,21,12,19
1,<environment.Job instance at 0x14ab25ba3f50>,7,2,[8 2],12,19,21,7,19
1,<environment.Job instance at 0x14ab25a4e5f0>,11,2,[ 1 10],16,21,23,5,19
1,<environment.Job instance at 0x14ab25a4e370>,13,1,[5 1],18,19,20,1,19
1,<environment.Job instance at 0x14ab25a4e690>,14,2,[2 6],19,23,25,4,19
1,<environment.Job instance at 0x14ab255fc190>,15,1,[8 1],20,117,118,97,117
1,<environment.Job instance at 0x14ab440f3190>,16,1,[7 2],22,123,124,101,123
1,<environment.Job instance at 0x14ab2589b460>,17,12,[6 2],23,141,153,118,141
1,<environment.Job instance at 0x14ab2589bbe0>,18,3,[1 7],24,167,170,143,167
1,<environment.Job instance at 0x14ab259992d0>,19,2,[6 2],26,169,171,143,169
1,<environment.Job instance at 0x14ab4e3e19b0>,20,3,[9 1],27,171,174,144,171
1,<environment.Job instance at 0x14ab25982dc0>,21,14,[7 1],28,176,190,148,176
1,<environment.Job instance at 0x14ab4e3e1960>,22,14,[ 2 10],29,184,198,155,184
1,<environment.Job instance at 0x14ab48747f50>,23,14,[9 2],30,190,204,160,188
1,<environment.Job instance at 0x14ab4da0ecd0>,24,1,[1 9],31,205,206,174,205
1,<environment.Job instance at 0x14ab486fe910>,25,16,[1 8],32,206,222,174,206
1,<environment.Job instance at 0x14ab486fefa0>,26,1,[6 1],33,210,211,177,210
1,<environment.Job instance at 0x14ab4da1f050>,27,3,[5 2],34,210,213,176,210
1,<environment.Job instance at 0x14ab2599c5f0>,28,16,[7 1],35,211,227,176,211
1,<environment.Job instance at 0x14ab486fedc0>,29,2,[8 2],36,229,231,193,229
1,<environment.Job instance at 0x14ab486fe230>,30,1,[9 2],37,231,232,194,231
1,<environment.Job instance at 0x14ab25520d70>,31,2,[1 7],38,231,233,193,231
1,<environment.Job instance at 0x14ab259a8230>,32,26,[1 6],41,231,257,190,231
1,<environment.Job instance at 0x14ab259a8320>,33,16,[2 9],42,241,257,199,241
1,<environment.Job instance at 0x14ab48714320>,36,14,[ 1 10],47,257,271,210,242
1,<environment.Job instance at 0x14ab48714b40>,37,1,[5 2],48,267,268,219,267
1,<environment.Job instance at 0x14ab2559baa0>,46,20,[8 1],60,268,288,208,268
1,<environment.Job instance at 0x14ab2559b960>,47,2,[7 1],61,271,273,210,269
1,<environment.Job instance at 0x14ab488dcd20>,48,3,[9 1],66,288,291,222,270
1,<environment.Job instance at 0x14ab2559b870>,49,13,[2 5],68,273,286,205,270
1,<environment.Job instance at 0x14ab488e2730>,50,2,[1 8],69,275,277,206,275
1,<environment.Job instance at 0x14ab2559b6e0>,51,1,[2 6],70,288,289,218,288
1,<environment.Job instance at 0x14ab256af1e0>,52,2,[9 2],73,291,293,218,288
1,<environment.Job instance at 0x14ab488e2640>,53,1,[ 2 10],77,290,291,213,290
1,<environment.Job instance at 0x14ab488e2fa0>,54,3,[11  1],79,293,296,214,290
1,<environment.Job instance at 0x14ab469a40f0>,55,13,[ 2 11],80,295,308,215,295
1,<environment.Job instance at 0x14ab469a4fa0>,56,3,[1 8],81,308,311,227,295
1,<environment.Job instance at 0x14ab469a4780>,57,1,[8 1],83,296,297,213,295
1,<environment.Job instance at 0x14ab4fa4ccd0>,58,16,[9 1],84,297,313,213,295
1,<environment.Job instance at 0x14ab4fa4cf50>,59,12,[7 2],86,313,325,227,296
1,<environment.Job instance at 0x14ab46e93e10>,60,15,[ 2 10],92,321,336,229,321
1,<environment.Job instance at 0x14ab4f8df8c0>,61,2,[5 2],93,321,323,228,321
1,<environment.Job instance at 0x14ab4f8df190>,62,2,[7 2],94,325,327,231,321
1,<environment.Job instance at 0x14ab4da1daf0>,63,2,[5 2],96,323,325,227,321
1,<environment.Job instance at 0x14ab25b107d0>,64,1,[ 2 10],97,336,337,239,321
1,<environment.Job instance at 0x14ab25b104b0>,65,1,[6 2],98,325,326,227,322
1,<environment.Job instance at 0x14ab25b103c0>,66,2,[ 1 12],99,337,339,238,324
1,<environment.Job instance at 0x14ab4d915460>,67,16,[2 9],100,339,355,239,326
1,<environment.Job instance at 0x14ab4d915a50>,68,2,[5 2],101,345,347,244,345
1,<environment.Job instance at 0x14ab48761af0>,69,21,[5 1],102,345,366,243,345
1,<environment.Job instance at 0x14ab4d9150f0>,70,3,[2 8],103,360,363,257,360
1,<environment.Job instance at 0x14ab48761410>,71,3,[8 2],105,360,363,255,360
1,<environment.Job instance at 0x14ab4412c730>,72,1,[ 2 10],106,363,364,257,360
1,<environment.Job instance at 0x14ab4412c960>,73,2,[1 6],107,364,366,257,360
1,<environment.Job instance at 0x14ab440790f0>,74,2,[8 1],108,363,365,255,361
1,<environment.Job instance at 0x14ab4412c140>,75,1,[2 7],110,365,366,255,362
1,<environment.Job instance at 0x14ab4e3f3780>,76,2,[1 8],111,366,368,255,362
1,<environment.Job instance at 0x14ab4e3f3d20>,77,13,[7 1],112,365,378,253,362
1,<environment.Job instance at 0x14ab4e3f3690>,78,3,[ 2 10],115,369,372,254,369
1,<environment.Job instance at 0x14ab4e3f3af0>,79,2,[2 7],116,372,374,256,369
1,<environment.Job instance at 0x14ab5056a7d0>,80,22,[ 2 10],117,374,396,257,369
1,<environment.Job instance at 0x14ab4da2efa0>,81,2,[10  2],118,386,388,268,386
1,<environment.Job instance at 0x14ab4da2ea00>,82,2,[1 7],119,396,398,277,386
1,<environment.Job instance at 0x14ab25598c30>,83,3,[2 8],120,396,399,276,386
1,<environment.Job instance at 0x14ab255982d0>,84,2,[6 2],121,388,390,267,386
1,<environment.Job instance at 0x14ab4fcc8910>,85,1,[7 1],124,388,389,264,388
1,<environment.Job instance at 0x14ab4fcc8a00>,86,2,[5 2],125,389,391,264,389
1,<environment.Job instance at 0x14ab25598730>,87,15,[1 9],126,399,414,273,390
1,<environment.Job instance at 0x14ab25598b40>,88,3,[6 1],127,392,395,265,392
1,<environment.Job instance at 0x14ab4401cb90>,89,2,[ 1 10],128,414,416,286,396
1,<environment.Job instance at 0x14ab4401ce10>,90,1,[7 1],129,398,399,269,396
1,<environment.Job instance at 0x14ab4401c230>,91,1,[2 6],132,398,399,266,398
1,<environment.Job instance at 0x14ab4a83df00>,92,2,[10  2],133,399,401,266,398
1,<environment.Job instance at 0x14ab492b3910>,93,1,[5 1],134,401,402,267,399
1,<environment.Job instance at 0x14ab492b3a00>,94,2,[8 2],135,401,403,266,399
1,<environment.Job instance at 0x14ab5036efa0>,95,1,[6 1],136,402,403,266,400
1,<environment.Job instance at 0x14ab5036ef50>,96,3,[8 1],138,403,406,265,400
1,<environment.Job instance at 0x14ab5030ce60>,97,15,[6 1],142,403,418,261,400
1,<environment.Job instance at 0x14ab2598cb90>,98,2,[8 2],143,409,411,266,409
1,<environment.Job instance at 0x14ab4404f6e0>,99,17,[10  1],146,418,435,272,412
1,<environment.Job instance at 0x14ab5030c5f0>,100,3,[2 6],147,431,434,284,431
1,<environment.Job instance at 0x14ab4408d6e0>,101,2,[7 1],148,435,437,287,432
1,<environment.Job instance at 0x14ab4408d640>,102,21,[6 1],150,435,456,285,435
1,<environment.Job instance at 0x14ab258b9fa0>,103,3,[ 2 13],152,435,438,283,435
1,<environment.Job instance at 0x14ab4400f820>,104,14,[2 6],153,438,452,285,435
1,<environment.Job instance at 0x14ab4d9fa2d0>,105,1,[ 2 10],154,452,453,298,446
1,<environment.Job instance at 0x14ab258b9050>,106,2,[2 8],155,446,448,291,446
1,<environment.Job instance at 0x14ab4e325320>,107,1,[1 7],158,448,449,290,446
1,<environment.Job instance at 0x14ab25ba3230>,5,1,[1 8],10,662,663,652,662
1,<environment.Job instance at 0x14ab25656f50>,1,27,[5 2],2,3,30,1,3
1,<environment.Job instance at 0x14ab25abc7d0>,3,1,[9 1],4,4,5,0,4
1,<environment.Job instance at 0x14ab25abfa50>,4,1,[ 2 10],5,5,6,0,5
1,<environment.Job instance at 0x14ab25abfc30>,6,3,[ 1 10],11,11,14,0,11
1,<environment.Job instance at 0x14ab487110a0>,7,1,[8 2],12,12,13,0,12
1,<environment.Job instance at 0x14ab48711dc0>,9,2,[8 1],15,15,17,0,15
1,<environment.Job instance at 0x14ab48711f50>,12,1,[2 6],19,19,20,0,19
1,<environment.Job instance at 0x14ab487110f0>,13,3,[1 5],20,20,23,0,20
1,<environment.Job instance at 0x14ab25ab8280>,15,1,[1 7],24,24,25,0,24
1,<environment.Job instance at 0x14ab25adbe10>,16,3,[2 8],25,25,28,0,25
1,<environment.Job instance at 0x14ab25adb2d0>,17,2,[7 1],26,26,28,0,26
1,<environment.Job instance at 0x14ab25adb820>,18,28,[1 6],27,28,56,1,27
1,<environment.Job instance at 0x14ab25adb370>,19,1,[1 7],30,30,31,0,30
1,<environment.Job instance at 0x14ab25641780>,20,21,[9 1],31,31,52,0,31
1,<environment.Job instance at 0x14ab4e409b40>,35,3,[ 2 10],51,56,59,5,53
1,<environment.Job instance at 0x14ab4e3d16e0>,37,1,[9 2],54,54,55,0,54
1,<environment.Job instance at 0x14ab4e3d1550>,38,1,[2 8],55,55,56,0,55
1,<environment.Job instance at 0x14ab4e3d1f50>,39,1,[5 1],56,56,57,0,56
1,<environment.Job instance at 0x14ab4e3d1730>,40,1,[8 1],58,58,59,0,58
1,<environment.Job instance at 0x14ab48794b90>,41,1,[1 8],60,60,61,0,60
1,<environment.Job instance at 0x14ab487a0d20>,42,1,[2 9],61,61,62,0,61
1,<environment.Job instance at 0x14ab487505f0>,43,3,[1 9],62,62,65,0,62
1,<environment.Job instance at 0x14ab487327d0>,44,14,[ 1 10],64,65,79,1,64
1,<environment.Job instance at 0x14ab4873ab90>,45,1,[7 2],65,65,66,0,65
1,<environment.Job instance at 0x14ab4873a7d0>,46,1,[10  1],66,66,67,0,66
1,<environment.Job instance at 0x14ab4877ddc0>,47,3,[2 5],68,68,71,0,68
1,<environment.Job instance at 0x14ab4877d550>,48,2,[6 2],69,71,73,2,69
1,<environment.Job instance at 0x14ab4877de60>,49,18,[2 9],70,79,97,9,70
1,<environment.Job instance at 0x14ab48741690>,50,3,[2 9],71,97,100,26,71
1,<environment.Job instance at 0x14ab48741910>,51,1,[1 6],72,79,80,7,72
1,<environment.Job instance at 0x14ab4e3e1870>,52,1,[10  1],73,73,74,0,73
1,<environment.Job instance at 0x14ab4e3e1140>,53,17,[5 1],74,80,97,6,74
1,<environment.Job instance at 0x14ab4e3a03c0>,60,27,[6 1],81,81,108,0,81
1,<environment.Job instance at 0x14ab4e3a0c30>,59,2,[8 1],80,100,102,20,82
1,<environment.Job instance at 0x14ab4e3a0a00>,61,21,[9 2],82,102,123,20,94
1,<environment.Job instance at 0x14ab4e3a00a0>,63,16,[5 2],84,108,124,24,95
1,<environment.Job instance at 0x14ab2555b280>,70,1,[6 1],95,123,124,28,100
1,<environment.Job instance at 0x14ab4e3a09b0>,68,1,[1 8],92,125,126,33,125
1,<environment.Job instance at 0x14ab4e3a0230>,65,13,[2 8],87,126,139,39,125
1,<environment.Job instance at 0x14ab2555bbe0>,73,3,[7 1],100,125,128,25,125
1,<environment.Job instance at 0x14ab2555b780>,74,1,[6 1],101,125,126,24,125
1,<environment.Job instance at 0x14ab2555bc30>,75,15,[6 2],102,126,141,24,125
1,<environment.Job instance at 0x14ab2555b5a0>,76,3,[2 9],103,139,142,36,125
1,<environment.Job instance at 0x14ab2555bd70>,77,17,[1 8],105,142,159,37,130
1,<environment.Job instance at 0x14ab2555baf0>,78,2,[11  2],106,143,145,37,143
1,<environment.Job instance at 0x14ab2555b640>,79,16,[2 7],107,145,161,38,143
1,<environment.Job instance at 0x14ab2555b320>,80,2,[1 8],109,159,161,50,143
1,<environment.Job instance at 0x14ab2555bc80>,81,2,[1 5],110,143,145,33,143
1,<environment.Job instance at 0x14ab2555b550>,82,1,[1 5],111,161,162,50,143
1,<environment.Job instance at 0x14ab2555baa0>,83,2,[9 1],112,161,163,49,143
1,<environment.Job instance at 0x14ab487aa7d0>,84,3,[9 2],113,163,166,50,143
1,<environment.Job instance at 0x14ab487aaa00>,85,17,[5 2],114,161,178,47,149
1,<environment.Job instance at 0x14ab487aaeb0>,86,2,[2 6],116,166,168,50,159
1,<environment.Job instance at 0x14ab487aacd0>,87,1,[ 1 10],117,162,163,45,159
1,<environment.Job instance at 0x14ab487aae60>,88,1,[2 7],118,166,167,48,159
1,<environment.Job instance at 0x14ab487aa3c0>,89,2,[2 6],119,167,169,48,160
1,<environment.Job instance at 0x14ab487aaf50>,90,17,[5 2],120,168,185,48,160
1,<environment.Job instance at 0x14ab487aab40>,91,2,[5 1],122,169,171,47,160
1,<environment.Job instance at 0x14ab487aab90>,92,2,[8 2],123,178,180,55,160
1,<environment.Job instance at 0x14ab487aabe0>,93,2,[12  1],125,185,187,60,161
1,<environment.Job instance at 0x14ab48776c30>,94,14,[1 9],126,171,185,45,161
1,<environment.Job instance at 0x14ab48776e60>,95,1,[2 8],127,185,186,58,161
1,<environment.Job instance at 0x14ab48776280>,96,18,[10  2],128,187,205,59,176
1,<environment.Job instance at 0x14ab48776550>,97,12,[2 9],129,186,198,57,176
1,<environment.Job instance at 0x14ab48776410>,98,15,[2 5],130,198,213,68,184
1,<environment.Job instance at 0x14ab48776460>,99,3,[1 6],131,198,201,67,184
1,<environment.Job instance at 0x14ab48776230>,100,2,[1 8],133,201,203,68,185
1,<environment.Job instance at 0x14ab48776960>,101,17,[7 1],134,205,222,71,193
1,<environment.Job instance at 0x14ab48776d20>,102,16,[8 2],135,213,229,78,200
1,<environment.Job instance at 0x14ab487761e0>,103,3,[1 5],138,203,206,65,200
1,<environment.Job instance at 0x14ab487762d0>,104,1,[10  1],139,229,230,90,201
1,<environment.Job instance at 0x14ab487765a0>,105,1,[10  2],140,230,231,90,202
1,<environment.Job instance at 0x14ab48776f00>,106,16,[7 1],141,231,247,90,218
1,<environment.Job instance at 0x14ab487881e0>,107,1,[1 6],142,222,223,80,218
1,<environment.Job instance at 0x14ab48788140>,108,14,[1 8],143,223,237,80,218
1,<environment.Job instance at 0x14ab48788eb0>,109,2,[5 1],144,222,224,78,218
1,<environment.Job instance at 0x14ab48788370>,110,2,[7 2],145,231,233,86,221
1,<environment.Job instance at 0x14ab48788410>,111,1,[1 6],146,222,223,76,221
1,<environment.Job instance at 0x14ab2562b2d0>,112,3,[2 6],147,233,236,86,221
1,<environment.Job instance at 0x14ab2562beb0>,113,3,[1 9],148,237,240,89,221
1,<environment.Job instance at 0x14ab2562ba50>,114,3,[6 1],149,224,227,75,222
1,<environment.Job instance at 0x14ab255f9370>,115,15,[6 1],155,236,251,81,222
1,<environment.Job instance at 0x14ab255f9460>,116,2,[7 1],156,247,249,91,222
1,<environment.Job instance at 0x14ab255f9e10>,117,17,[8 1],157,249,266,92,237
1,<environment.Job instance at 0x14ab255f98c0>,119,2,[2 5],159,240,242,81,237
1,<environment.Job instance at 0x14ab255f90a0>,118,1,[ 2 13],158,300,301,142,300
1,<environment.Job instance at 0x14ab4e4095a0>,33,20,[ 2 11],48,810,830,762,810
1,<environment.Job instance at 0x14ab256201e0>,3,2,[1 7],4,4,6,0,4
1,<environment.Job instance at 0x14ab253b2aa0>,7,3,[2 7],10,10,13,0,10
1,<environment.Job instance at 0x14ab253b2d70>,10,1,[5 2],19,19,20,0,19
1,<environment.Job instance at 0x14ab253b4550>,17,1,[ 1 10],28,28,29,0,28
1,<environment.Job instance at 0x14ab253b46e0>,18,26,[2 5],29,29,55,0,29
1,<environment.Job instance at 0x14ab253b65f0>,30,2,[ 2 13],49,55,57,6,53
1,<environment.Job instance at 0x14ab253b6a00>,34,1,[1 9],55,57,58,2,55
1,<environment.Job instance at 0x14ab253b89b0>,54,25,[9 1],83,133,158,50,133
1,<environment.Job instance at 0x14ab253b6190>,32,28,[2 5],53,204,232,151,204
1,<environment.Job instance at 0x14ab253ba410>,67,1,[7 2],101,286,287,185,286
1,<environment.Job instance at 0x14ab253ba460>,68,3,[9 1],102,366,369,264,366
1,<environment.Job instance at 0x14ab253ba5a0>,69,15,[6 1],103,368,383,265,368
1,<environment.Job instance at 0x14ab253ba4b0>,70,1,[2 5],104,383,384,279,383
1,<environment.Job instance at 0x14ab253ba5f0>,71,2,[1 5],106,412,414,306,412
1,<environment.Job instance at 0x14ab253ba690>,72,3,[2 8],107,436,439,329,436
1,<environment.Job instance at 0x14ab253ba960>,73,17,[10  1],108,465,482,357,465
1,<environment.Job instance at 0x14ab253baaa0>,74,26,[5 2],109,502,528,393,502
1,<environment.Job instance at 0x14ab253babe0>,75,1,[8 2],110,540,541,430,540
1,<environment.Job instance at 0x14ab253baaf0>,76,2,[2 6],111,664,666,553,664
1,<environment.Job instance at 0x14ab253badc0>,77,3,[1 9],112,699,702,587,699
1,<environment.Job instance at 0x14ab253ba140>,78,2,[1 7],114,731,733,617,731
1,<environment.Job instance at 0x14ab253ba7d0>,79,3,[2 9],115,742,745,627,742
1,<environment.Job instance at 0x14ab253baeb0>,80,2,[6 1],116,780,782,664,780
1,<environment.Job instance at 0x14ab253bafa0>,81,1,[5 1],117,781,782,664,781
1,<environment.Job instance at 0x14ab253bd050>,82,16,[2 6],118,797,813,679,797
1,<environment.Job instance at 0x14ab253bd3c0>,83,2,[7 1],120,798,800,678,798
1,<environment.Job instance at 0x14ab253bd5a0>,84,14,[5 2],124,798,812,674,798
1,<environment.Job instance at 0x14ab253bd230>,85,1,[ 1 10],125,813,814,688,800
1,<environment.Job instance at 0x14ab253bd780>,86,3,[1 9],126,814,817,688,802
1,<environment.Job instance at 0x14ab253bd730>,87,2,[9 2],128,812,814,684,803
1,<environment.Job instance at 0x14ab253bd690>,88,3,[2 7],129,817,820,688,812
1,<environment.Job instance at 0x14ab253bd7d0>,89,21,[10  2],132,814,835,682,812
1,<environment.Job instance at 0x14ab253bd960>,90,22,[2 9],133,844,866,711,844
1,<environment.Job instance at 0x14ab253bde60>,91,3,[1 7],135,870,873,735,870
1,<environment.Job instance at 0x14ab253bdf00>,92,14,[2 5],137,892,906,755,892
1,<environment.Job instance at 0x14ab253bdcd0>,93,13,[1 5],141,913,926,772,913
1,<environment.Job instance at 0x14ab257fcf50>,94,2,[6 1],143,947,949,804,947
1,<environment.Job instance at 0x14ab440e1fa0>,95,1,[ 1 12],144,956,957,812,956
1,<environment.Job instance at 0x14ab502f8a00>,96,1,[10  2],145,974,975,829,974
1,<environment.Job instance at 0x14ab440d4640>,97,3,[2 9],146,1040,1043,894,1040
1,<environment.Job instance at 0x14ab25414780>,98,13,[2 9],147,1160,1173,1013,1160
1,<environment.Job instance at 0x14ab25414c80>,99,12,[5 2],149,1227,1239,1078,1227
1,<environment.Job instance at 0x14ab2582cbe0>,100,1,[9 1],150,1240,1241,1090,1240
1,<environment.Job instance at 0x14ab440ecf00>,101,20,[9 1],151,1482,1502,1331,1482
1,<environment.Job instance at 0x14ab25422e10>,102,3,[5 1],153,1507,1510,1354,1507
1,<environment.Job instance at 0x14ab25422550>,103,2,[13  1],154,1531,1533,1377,1531
1,<environment.Job instance at 0x14ab2541deb0>,104,1,[12  2],155,1533,1534,1378,1532
1,<environment.Job instance at 0x14ab2582c1e0>,105,1,[5 1],156,1551,1552,1395,1551
1,<environment.Job instance at 0x14ab254170a0>,106,3,[8 1],157,1594,1597,1437,1594
1,<environment.Job instance at 0x14ab2542a0f0>,107,2,[6 2],158,1678,1680,1520,1678
1,<environment.Job instance at 0x14ab2542ab90>,108,3,[9 2],159,1694,1697,1535,1694
1,<environment.Job instance at 0x14ab253b6140>,2,2,[2 8],10,10,12,0,10
1,<environment.Job instance at 0x14ab4407d0a0>,3,1,[7 1],13,13,14,0,13
1,<environment.Job instance at 0x14ab46971f00>,9,1,[7 2],20,20,21,0,20
1,<environment.Job instance at 0x14ab46971c30>,13,1,[1 9],26,26,27,0,26
1,<environment.Job instance at 0x14ab46971eb0>,15,1,[1 8],28,28,29,0,28
1,<environment.Job instance at 0x14ab46971410>,16,20,[7 2],29,29,49,0,29
1,<environment.Job instance at 0x14ab46ee00a0>,17,1,[1 9],30,30,31,0,30
1,<environment.Job instance at 0x14ab44068960>,30,1,[11  1],53,62,63,9,62
1,<environment.Job instance at 0x14ab44068460>,31,2,[5 1],54,66,68,12,66
1,<environment.Job instance at 0x14ab44068b40>,32,2,[1 6],55,174,176,119,174
1,<environment.Job instance at 0x14ab440680f0>,33,2,[1 8],56,175,177,119,175
1,<environment.Job instance at 0x14ab44068af0>,34,1,[6 1],57,200,201,143,200
1,<environment.Job instance at 0x14ab440684b0>,35,18,[10  2],59,205,223,146,205
1,<environment.Job instance at 0x14ab440685a0>,36,1,[6 1],60,223,224,163,222
1,<environment.Job instance at 0x14ab44068910>,37,1,[2 9],61,226,227,165,226
1,<environment.Job instance at 0x14ab44068aa0>,38,1,[1 5],62,231,232,169,231
1,<environment.Job instance at 0x14ab44068500>,39,16,[ 2 10],63,231,247,168,231
1,<environment.Job instance at 0x14ab44068140>,40,3,[5 1],64,243,246,179,243
1,<environment.Job instance at 0x14ab46eee0a0>,41,3,[1 7],65,247,250,182,243
1,<environment.Job instance at 0x14ab46eee820>,42,3,[10  2],67,248,251,181,248
1,<environment.Job instance at 0x14ab46eeed20>,43,17,[9 2],69,251,268,182,251
1,<environment.Job instance at 0x14ab46eeee10>,44,2,[9 2],71,269,271,198,269
1,<environment.Job instance at 0x14ab46eeef00>,45,2,[2 7],75,273,275,198,273
1,<environment.Job instance at 0x14ab46eeec80>,46,1,[8 1],76,273,274,197,273
1,<environment.Job instance at 0x14ab46eee870>,47,15,[7 1],77,274,289,197,274
1,<environment.Job instance at 0x14ab46eeeaf0>,48,1,[1 8],78,292,293,214,292
1,<environment.Job instance at 0x14ab46eeeaa0>,49,12,[7 2],79,298,310,219,298
1,<environment.Job instance at 0x14ab46eee730>,50,13,[1 9],80,314,327,234,314
1,<environment.Job instance at 0x14ab46eee690>,51,2,[7 2],81,314,316,233,314
1,<environment.Job instance at 0x14ab46eeefa0>,52,1,[ 2 10],82,327,328,245,314
1,<environment.Job instance at 0x14ab46eeecd0>,53,16,[1 7],83,328,344,245,315
1,<environment.Job instance at 0x14ab46eeeb90>,54,17,[5 2],85,315,332,230,315
1,<environment.Job instance at 0x14ab46eee5a0>,55,3,[10  1],87,332,335,245,315
1,<environment.Job instance at 0x14ab46eee140>,56,1,[9 2],88,316,317,228,315
1,<environment.Job instance at 0x14ab46eee8c0>,57,17,[8 1],89,335,352,246,324
1,<environment.Job instance at 0x14ab46eeb820>,58,2,[1 5],90,328,330,238,324
1,<environment.Job instance at 0x14ab46eeb4b0>,59,13,[1 9],91,344,357,253,332
1,<environment.Job instance at 0x14ab46eeb3c0>,60,2,[10  2],92,352,354,260,333
1,<environment.Job instance at 0x14ab46eeb140>,61,15,[9 1],94,354,369,260,340
1,<environment.Job instance at 0x14ab46eebaa0>,62,1,[1 5],95,371,372,276,371
1,<environment.Job instance at 0x14ab46eebaf0>,63,2,[1 9],96,371,373,275,371
1,<environment.Job instance at 0x14ab46eebeb0>,64,2,[1 7],99,373,375,274,371
1,<environment.Job instance at 0x14ab46eeb6e0>,65,3,[1 8],100,373,376,273,371
1,<environment.Job instance at 0x14ab46eebb40>,66,19,[5 2],101,375,394,274,372
1,<environment.Job instance at 0x14ab46eebc30>,67,2,[2 8],102,393,395,291,393
1,<environment.Job instance at 0x14ab46eebf00>,68,3,[1 7],103,401,404,298,401
1,<environment.Job instance at 0x14ab46eeb780>,69,2,[6 1],104,401,403,297,401
1,<environment.Job instance at 0x14ab46eeb550>,70,3,[7 2],105,401,404,296,401
1,<environment.Job instance at 0x14ab46eebd20>,71,2,[8 1],106,404,406,298,401
1,<environment.Job instance at 0x14ab46eeb1e0>,72,15,[8 2],107,408,423,301,408
1,<environment.Job instance at 0x14ab46eeb910>,73,1,[10  1],108,431,432,323,431
1,<environment.Job instance at 0x14ab46eebb90>,74,2,[8 2],110,436,438,326,436
1,<environment.Job instance at 0x14ab25543aa0>,75,1,[1 6],111,443,444,332,443
1,<environment.Job instance at 0x14ab25543cd0>,76,3,[6 1],112,455,458,343,455
1,<environment.Job instance at 0x14ab25543c80>,77,16,[1 5],113,455,471,342,455
1,<environment.Job instance at 0x14ab255437d0>,78,3,[2 5],114,477,480,363,477
1,<environment.Job instance at 0x14ab25543910>,79,3,[2 8],116,479,482,363,479
1,<environment.Job instance at 0x14ab259b5c80>,80,17,[12  1],117,485,502,368,485
1,<environment.Job instance at 0x14ab259b5320>,81,3,[1 8],118,505,508,387,505
1,<environment.Job instance at 0x14ab259b52d0>,82,2,[2 5],120,506,508,386,506
1,<environment.Job instance at 0x14ab4da21320>,83,3,[1 9],121,508,511,387,506
1,<environment.Job instance at 0x14ab259b57d0>,84,15,[9 1],122,506,521,384,506
1,<environment.Job instance at 0x14ab4da21140>,85,12,[6 1],123,521,533,398,521
1,<environment.Job instance at 0x14ab4da215a0>,86,13,[8 1],124,530,543,406,530
1,<environment.Job instance at 0x14ab4da215f0>,87,3,[2 8],125,543,546,418,543
1,<environment.Job instance at 0x14ab4da21280>,88,2,[1 7],126,543,545,417,543
1,<environment.Job instance at 0x14ab4da213c0>,89,2,[1 6],127,545,547,418,544
1,<environment.Job instance at 0x14ab486edb90>,90,14,[ 2 10],128,552,566,424,552
1,<environment.Job instance at 0x14ab4da21c80>,91,1,[2 7],130,566,567,436,552
1,<environment.Job instance at 0x14ab4da21d70>,92,3,[8 2],131,552,555,421,552
1,<environment.Job instance at 0x14ab4da21820>,93,3,[ 2 10],132,567,570,435,552
1,<environment.Job instance at 0x14ab4417a190>,94,2,[9 1],134,555,557,421,552
1,<environment.Job instance at 0x14ab440dfc80>,95,1,[2 5],135,557,558,422,552
1,<environment.Job instance at 0x14ab4e2fb2d0>,96,3,[1 8],137,570,573,433,552
1,<environment.Job instance at 0x14ab252f4910>,97,2,[2 8],140,573,575,433,552
1,<environment.Job instance at 0x14ab259d1c80>,98,17,[1 8],142,575,592,433,563
1,<environment.Job instance at 0x14ab25b90be0>,99,15,[10  1],143,563,578,420,563
1,<environment.Job instance at 0x14ab25b90870>,100,3,[1 8],145,592,595,447,568
1,<environment.Job instance at 0x14ab4405c320>,101,12,[1 7],146,578,590,432,573
1,<environment.Job instance at 0x14ab46e78e60>,102,3,[8 1],147,590,593,443,573
1,<environment.Job instance at 0x14ab4415aa50>,103,3,[10  1],148,593,596,445,587
1,<environment.Job instance at 0x14ab257d1be0>,104,3,[1 8],149,595,598,446,592
1,<environment.Job instance at 0x14ab486b1c30>,105,2,[2 9],150,598,600,448,597
1,<environment.Job instance at 0x14ab25530cd0>,106,2,[8 2],151,598,600,447,598
1,<environment.Job instance at 0x14ab46e65410>,107,2,[8 1],152,600,602,448,598
1,<environment.Job instance at 0x14ab25881b90>,108,16,[7 2],154,600,616,446,598
1,<environment.Job instance at 0x14ab25414960>,109,1,[ 2 10],155,615,616,460,615
1,<environment.Job instance at 0x14ab25552d70>,110,3,[ 2 10],157,616,619,459,615
1,<environment.Job instance at 0x14ab4e382b90>,111,12,[ 2 11],158,619,631,461,615
1,<environment.Job instance at 0x14ab440688c0>,28,1,[5 2],43,1356,1357,1313,1356
1,<environment.Job instance at 0x14ab25ac7f50>,5,1,[6 1],8,8,9,0,8
1,<environment.Job instance at 0x14ab2583c820>,12,2,[2 6],15,21,23,6,21
1,<environment.Job instance at 0x14ab2583c140>,15,3,[1 5],20,21,24,1,21
1,<environment.Job instance at 0x14ab4d979be0>,16,2,[2 8],21,23,25,2,21
1,<environment.Job instance at 0x14ab4f4bb7d0>,2,1,[8 1],3,3,4,0,3
1,<environment.Job instance at 0x14ab4d979be0>,4,2,[1 9],7,7,9,0,7
1,<environment.Job instance at 0x14ab25acb5a0>,8,3,[2 6],12,12,15,0,12
1,<environment.Job instance at 0x14ab25acbc80>,13,1,[1 9],20,20,21,0,20
1,<environment.Job instance at 0x14ab25acbdc0>,14,1,[1 5],21,21,22,0,21
1,<environment.Job instance at 0x14ab25acbf00>,15,26,[2 7],22,22,48,0,22
1,<environment.Job instance at 0x14ab25ac20a0>,19,1,[2 7],27,29,30,2,29
1,<environment.Job instance at 0x14ab25ac2050>,20,1,[7 2],28,30,31,2,29
1,<environment.Job instance at 0x14ab25ac24b0>,22,1,[ 2 10],30,48,49,18,33
1,<environment.Job instance at 0x14ab25ac2be0>,25,1,[7 2],35,35,36,0,35
1,<environment.Job instance at 0x14ab25ac2d20>,26,1,[1 8],36,36,37,0,36
1,<environment.Job instance at 0x14ab25ac2e60>,27,2,[1 7],37,37,39,0,37
1,<environment.Job instance at 0x14ab25ac2fa0>,28,22,[ 1 10],38,49,71,11,42
1,<environment.Job instance at 0x14ab25ac2eb0>,30,1,[14  1],41,49,50,8,42
1,<environment.Job instance at 0x14ab25ad05a0>,33,1,[8 1],44,44,45,0,44
1,<environment.Job instance at 0x14ab25ad0820>,36,2,[6 1],49,51,53,2,51
1,<environment.Job instance at 0x14ab25ad0be0>,38,1,[ 1 10],52,71,72,19,52
1,<environment.Job instance at 0x14ab25ad0e10>,40,1,[8 2],56,56,57,0,56
1,<environment.Job instance at 0x14ab25ad0eb0>,42,1,[10  1],59,59,60,0,59
1,<environment.Job instance at 0x14ab25aed230>,43,3,[8 1],60,60,63,0,60
1,<environment.Job instance at 0x14ab25aed3c0>,44,2,[8 1],61,63,65,2,61
1,<environment.Job instance at 0x14ab25aed500>,45,1,[5 2],62,62,63,0,62
1,<environment.Job instance at 0x14ab25aed640>,46,3,[1 7],63,72,75,9,63
1,<environment.Job instance at 0x14ab4407d910>,47,2,[5 1],64,64,66,0,64
1,<environment.Job instance at 0x14ab2565f500>,49,2,[5 2],67,67,69,0,67
1,<environment.Job instance at 0x14ab485d6910>,50,1,[1 5],68,69,70,1,68
1,<environment.Job instance at 0x14ab255b9b40>,51,1,[8 2],69,70,71,1,69
1,<environment.Job instance at 0x14ab4880bf50>,52,2,[7 1],70,71,73,1,70
1,<environment.Job instance at 0x14ab251f4eb0>,53,1,[10  1],71,73,74,2,71
1,<environment.Job instance at 0x14ab25ac2280>,21,25,[1 7],29,72,97,43,72
1,<environment.Job instance at 0x14ab47958be0>,55,2,[1 8],73,75,77,2,73
1,<environment.Job instance at 0x14ab49516190>,60,1,[2 5],78,78,79,0,78
1,<environment.Job instance at 0x14ab49275e10>,61,3,[ 1 11],81,97,100,16,81
1,<environment.Job instance at 0x14ab47127a00>,62,2,[1 9],82,100,102,18,82
1,<environment.Job instance at 0x14ab49506410>,63,2,[2 5],83,83,85,0,83
1,<environment.Job instance at 0x14ab495068c0>,64,3,[1 5],86,86,89,0,86
1,<environment.Job instance at 0x14ab49506cd0>,65,1,[8 1],87,87,88,0,87
1,<environment.Job instance at 0x14ab4953a2d0>,71,16,[8 1],94,96,112,2,96
1,<environment.Job instance at 0x14ab4711c780>,74,3,[1 7],98,102,105,4,98
1,<environment.Job instance at 0x14ab256535f0>,75,3,[7 1],99,105,108,6,99
1,<environment.Job instance at 0x14ab256537d0>,76,2,[2 7],100,102,104,2,100
1,<environment.Job instance at 0x14ab4952ee10>,78,1,[1 9],102,108,109,6,102
1,<environment.Job instance at 0x14ab2563ab40>,81,16,[1 6],106,110,126,4,110
1,<environment.Job instance at 0x14ab2563a820>,82,3,[2 6],108,110,113,2,110
1,<environment.Job instance at 0x14ab25633960>,83,14,[10  1],109,112,126,3,110
1,<environment.Job instance at 0x14ab256334b0>,84,3,[ 1 14],110,126,129,16,110
1,<environment.Job instance at 0x14ab4952d230>,94,23,[1 5],124,129,152,5,128
1,<environment.Job instance at 0x14ab49530b40>,99,1,[5 1],129,153,154,24,153
1,<environment.Job instance at 0x14ab49530780>,103,2,[10  1],134,153,155,19,153
1,<environment.Job instance at 0x14ab49530370>,104,22,[5 1],136,154,176,18,153
1,<environment.Job instance at 0x14ab4952deb0>,93,2,[1 9],123,167,169,44,167
1,<environment.Job instance at 0x14ab49530230>,113,3,[9 2],150,179,182,29,179
1,<environment.Job instance at 0x14ab2566bcd0>,114,1,[ 2 10],151,179,180,28,179
1,<environment.Job instance at 0x14ab49530140>,115,2,[6 2],152,180,182,28,179
1,<environment.Job instance at 0x14ab2566b550>,116,1,[1 5],154,182,183,28,179
1,<environment.Job instance at 0x14ab2566b0f0>,117,2,[5 2],155,182,184,27,179
1,<environment.Job instance at 0x14ab2566b140>,118,2,[8 1],156,182,184,26,179
1,<environment.Job instance at 0x14ab49530aa0>,110,1,[7 2],146,184,185,38,179
1,<environment.Job instance at 0x14ab2566b690>,121,3,[10  2],159,185,188,26,179
1,<environment.Job instance at 0x14ab25acba50>,11,2,[9 1],18,225,227,207,225
1,<environment.Job instance at 0x14ab47105a50>,4,2,[ 1 13],5,17,19,12,17
1,<environment.Job instance at 0x14ab47105870>,7,2,[ 1 10],8,38,40,30,38
1,<environment.Job instance at 0x14ab440130f0>,13,2,[8 2],17,38,40,21,38
1,<environment.Job instance at 0x14ab44013f00>,14,2,[11  1],18,40,42,22,38
1,<environment.Job instance at 0x14ab44013af0>,15,1,[8 2],19,42,43,23,38
1,<environment.Job instance at 0x14ab440137d0>,16,12,[1 8],20,72,84,52,72
1,<environment.Job instance at 0x14ab44013550>,20,2,[1 8],27,84,86,57,72
1,<environment.Job instance at 0x14ab44013730>,21,1,[5 1],28,72,73,44,72
1,<environment.Job instance at 0x14ab440133c0>,22,14,[1 7],29,73,87,44,72
1,<environment.Job instance at 0x14ab44013960>,23,2,[8 1],31,86,88,55,72
1,<environment.Job instance at 0x14ab44013e10>,24,2,[6 2],33,86,88,53,72
1,<environment.Job instance at 0x14ab44013230>,25,2,[1 5],34,87,89,53,72
1,<environment.Job instance at 0x14ab440135f0>,26,2,[9 2],35,88,90,53,72
1,<environment.Job instance at 0x14ab44013c30>,27,1,[9 1],38,72,73,34,72
1,<environment.Job instance at 0x14ab44013460>,28,2,[9 1],39,90,92,51,72
1,<environment.Job instance at 0x14ab44013370>,29,2,[6 2],40,89,91,49,72
1,<environment.Job instance at 0x14ab4711eaf0>,30,2,[2 9],42,91,93,49,72
1,<environment.Job instance at 0x14ab4711e140>,31,17,[2 9],43,93,110,50,81
1,<environment.Job instance at 0x14ab4711e690>,33,2,[ 1 10],45,110,112,65,83
1,<environment.Job instance at 0x14ab4711ebe0>,34,2,[ 1 11],47,112,114,65,85
1,<environment.Job instance at 0x14ab4871d5f0>,5,1,[ 2 10],12,12,13,0,12
1,<environment.Job instance at 0x14ab4870eeb0>,11,1,[1 6],22,22,23,0,22
1,<environment.Job instance at 0x14ab46e36550>,12,1,[1 8],23,23,24,0,23
1,<environment.Job instance at 0x14ab4dc88550>,13,1,[8 2],25,25,26,0,25
1,<environment.Job instance at 0x14ab25bcf870>,14,2,[10  2],26,26,28,0,26
1,<environment.Job instance at 0x14ab25746a00>,15,2,[14  1],27,28,30,1,27
1,<environment.Job instance at 0x14ab2582ccd0>,17,1,[5 2],31,31,32,0,31
1,<environment.Job instance at 0x14ab2518a960>,23,1,[2 9],38,41,42,3,41
1,<environment.Job instance at 0x14ab25335cd0>,24,1,[10  2],39,41,42,2,41
1,<environment.Job instance at 0x14ab25335af0>,22,12,[5 2],37,48,60,11,48
1,<environment.Job instance at 0x14ab495c4460>,28,1,[7 2],46,55,56,9,55
1,<environment.Job instance at 0x14ab253b8730>,35,17,[6 2],65,67,84,2,67
1,<environment.Job instance at 0x14ab491a55f0>,32,1,[1 7],57,70,71,13,70
1,<environment.Job instance at 0x14ab492fe410>,39,2,[2 6],70,70,72,0,70
1,<environment.Job instance at 0x14ab25729f50>,43,1,[6 1],74,74,75,0,74
1,<environment.Job instance at 0x14ab25729410>,44,1,[1 9],78,78,79,0,78
1,<environment.Job instance at 0x14ab4408e5f0>,45,3,[10  2],82,84,87,2,82
1,<environment.Job instance at 0x14ab49185280>,47,1,[2 8],84,84,85,0,84
1,<environment.Job instance at 0x14ab4d91c820>,40,17,[1 9],71,85,102,14,84
1,<environment.Job instance at 0x14ab49185960>,46,17,[6 1],83,87,104,4,85
1,<environment.Job instance at 0x14ab4e82d0a0>,55,1,[9 1],101,102,103,1,101
1,<environment.Job instance at 0x14ab4e82dd20>,56,2,[1 7],103,103,105,0,103
1,<environment.Job instance at 0x14ab4e82d320>,57,2,[2 5],104,104,106,0,104
1,<environment.Job instance at 0x14ab440a0c80>,4,27,[9 2],8,8,35,0,8
1,<environment.Job instance at 0x14ab440a0cd0>,7,1,[6 1],11,21,22,10,21
1,<environment.Job instance at 0x14ab440a0e60>,8,1,[1 5],12,38,39,26,38
1,<environment.Job instance at 0x14ab440a0f00>,11,1,[1 8],15,39,40,24,39
1,<environment.Job instance at 0x14ab440b5140>,12,2,[2 5],16,52,54,36,52
1,<environment.Job instance at 0x14ab440b5320>,15,1,[2 9],19,57,58,38,57
1,<environment.Job instance at 0x14ab440f82d0>,2,2,[11  1],4,61,63,57,61
1,<environment.Job instance at 0x14ab440a0d20>,5,2,[7 1],9,129,131,120,129
1,<environment.Job instance at 0x14ab4409f0f0>,36,1,[1 5],47,129,130,82,129
1,<environment.Job instance at 0x14ab4409f460>,37,1,[7 2],48,129,130,81,129
1,<environment.Job instance at 0x14ab4409f370>,38,3,[ 2 10],50,130,133,80,129
1,<environment.Job instance at 0x14ab4409f2d0>,39,1,[6 2],51,130,131,79,129
1,<environment.Job instance at 0x14ab4409f5a0>,40,3,[10  2],53,131,134,78,129
1,<environment.Job instance at 0x14ab4409f6e0>,41,3,[2 7],55,133,136,78,129
1,<environment.Job instance at 0x14ab440b5280>,14,3,[8 1],18,134,137,116,129
1,<environment.Job instance at 0x14ab4409fa50>,43,13,[ 2 10],58,145,158,87,145
1,<environment.Job instance at 0x14ab4409feb0>,45,21,[6 2],62,147,168,85,147
1,<environment.Job instance at 0x14ab4409ff50>,46,16,[6 1],64,147,163,83,147
1,<environment.Job instance at 0x14ab4409ffa0>,47,1,[8 2],65,163,164,98,147
1,<environment.Job instance at 0x14ab4409d190>,48,2,[ 2 10],66,158,160,92,156
1,<environment.Job instance at 0x14ab4409d820>,53,1,[ 1 10],75,160,161,85,158
1,<environment.Job instance at 0x14ab4409d8c0>,54,18,[6 1],76,164,182,88,162
1,<environment.Job instance at 0x14ab4409d960>,55,3,[2 9],77,164,167,87,162
1,<environment.Job instance at 0x14ab4409da00>,56,14,[ 1 10],78,167,181,89,162
1,<environment.Job instance at 0x14ab4409d7d0>,58,27,[7 1],81,168,195,87,166
1,<environment.Job instance at 0x14ab4409daa0>,57,18,[2 8],79,181,199,102,170
1,<environment.Job instance at 0x14ab4409dd70>,60,2,[6 2],83,182,184,99,170
1,<environment.Job instance at 0x14ab4409db40>,61,16,[6 2],85,184,200,99,171
1,<environment.Job instance at 0x14ab4409de60>,62,2,[2 6],86,199,201,113,172
1,<environment.Job instance at 0x14ab4409df00>,63,2,[9 1],88,200,202,112,173
1,<environment.Job instance at 0x14ab4409ddc0>,64,2,[8 1],90,202,204,112,175
1,<environment.Job instance at 0x14ab4409dfa0>,65,1,[ 1 10],93,201,202,108,175
1,<environment.Job instance at 0x14ab48836230>,66,1,[8 1],94,204,205,110,176
1,<environment.Job instance at 0x14ab48836320>,67,1,[8 1],95,205,206,110,177
1,<environment.Job instance at 0x14ab48836280>,68,3,[2 7],96,202,205,106,177
1,<environment.Job instance at 0x14ab48836370>,69,14,[1 9],98,205,219,107,190
1,<environment.Job instance at 0x14ab488363c0>,70,3,[1 6],102,202,205,100,190
1,<environment.Job instance at 0x14ab488366e0>,71,1,[2 7],103,199,200,96,190
1,<environment.Job instance at 0x14ab48836550>,72,12,[5 2],104,205,217,101,190
1,<environment.Job instance at 0x14ab48836780>,73,16,[2 6],105,220,236,115,220
1,<environment.Job instance at 0x14ab488368c0>,76,3,[2 9],112,220,223,108,220
1,<environment.Job instance at 0x14ab48836960>,77,1,[8 2],114,223,224,109,220
1,<environment.Job instance at 0x14ab48836af0>,78,3,[7 1],116,224,227,108,220
1,<environment.Job instance at 0x14ab48836c30>,79,3,[ 2 10],119,236,239,117,220
1,<environment.Job instance at 0x14ab48836a00>,80,3,[7 2],121,227,230,106,220
1,<environment.Job instance at 0x14ab48836cd0>,81,3,[9 2],123,230,233,107,220
1,<environment.Job instance at 0x14ab48836e10>,82,3,[1 6],126,223,226,97,220
1,<environment.Job instance at 0x14ab48836eb0>,83,13,[1 5],127,226,239,99,220
1,<environment.Job instance at 0x14ab48836f00>,84,1,[2 7],128,239,240,111,220
1,<environment.Job instance at 0x14ab48836fa0>,85,2,[2 5],129,239,241,110,220
1,<environment.Job instance at 0x14ab4885ad70>,86,3,[1 8],130,240,243,110,220
1,<environment.Job instance at 0x14ab4885a780>,87,1,[10  2],131,233,234,102,220
1,<environment.Job instance at 0x14ab4885a140>,88,18,[1 8],133,243,261,110,232
1,<environment.Job instance at 0x14ab4885aa50>,89,17,[10  2],135,239,256,104,232
1,<environment.Job instance at 0x14ab4885abe0>,90,3,[9 2],136,256,259,120,232
1,<environment.Job instance at 0x14ab4885a640>,91,12,[8 1],137,259,271,122,242
1,<environment.Job instance at 0x14ab4885ab40>,92,2,[6 2],138,259,261,121,242
1,<environment.Job instance at 0x14ab4885a050>,93,16,[ 2 10],143,261,277,118,248
1,<environment.Job instance at 0x14ab4885acd0>,94,13,[8 1],144,271,284,127,255
1,<environment.Job instance at 0x14ab4885aa00>,95,2,[2 6],145,277,279,132,255
1,<environment.Job instance at 0x14ab48845230>,96,17,[2 7],148,277,294,129,265
1,<environment.Job instance at 0x14ab488451e0>,97,1,[2 9],149,294,295,145,266
1,<environment.Job instance at 0x14ab48845320>,98,1,[2 6],150,279,280,129,266
1,<environment.Job instance at 0x14ab488453c0>,99,2,[1 8],151,284,286,133,266
1,<environment.Job instance at 0x14ab48845500>,101,13,[1 9],154,295,308,141,279
1,<environment.Job instance at 0x14ab488457d0>,103,2,[7 2],157,286,288,129,279
1,<environment.Job instance at 0x14ab48845690>,104,2,[13  1],158,288,290,130,279
1,<environment.Job instance at 0x14ab440a4410>,105,2,[1 7],159,280,282,121,279
1,<environment.Job instance at 0x14ab4409f780>,42,15,[7 2],56,352,367,296,352
1,<environment.Job instance at 0x14ab254240a0>,4,17,[6 1],8,10,27,2,10
1,<environment.Job instance at 0x14ab4e3bb410>,13,1,[6 2],20,20,21,0,20
1,<environment.Job instance at 0x14ab4e3bb690>,17,2,[ 1 10],26,26,28,0,26
1,<environment.Job instance at 0x14ab440d4aa0>,19,15,[7 2],28,31,46,3,31
1,<environment.Job instance at 0x14ab440d46e0>,23,2,[8 2],33,33,35,0,33
1,<environment.Job instance at 0x14ab440d41e0>,25,2,[6 2],35,35,37,0,35
1,<environment.Job instance at 0x14ab440d4460>,26,16,[5 1],38,38,54,0,38
1,<environment.Job instance at 0x14ab440d4370>,27,14,[9 1],39,46,60,7,39
1,<environment.Job instance at 0x14ab440d4b40>,28,1,[1 9],40,40,41,0,40
1,<environment.Job instance at 0x14ab440d4a50>,29,1,[10  2],41,60,61,19,41
1,<environment.Job instance at 0x14ab440d42d0>,30,3,[1 7],44,44,47,0,44
1,<environment.Job instance at 0x14ab440d4500>,31,1,[6 2],45,54,55,9,45
1,<environment.Job instance at 0x14ab44062550>,34,13,[6 1],48,61,74,13,52
1,<environment.Job instance at 0x14ab44062780>,39,1,[ 2 10],55,55,56,0,55
1,<environment.Job instance at 0x14ab44062c80>,40,2,[2 8],58,58,60,0,58
1,<environment.Job instance at 0x14ab44062910>,43,1,[2 5],62,63,64,1,63
1,<environment.Job instance at 0x14ab253f7140>,44,3,[2 8],66,66,69,0,66
1,<environment.Job instance at 0x14ab253f75a0>,45,2,[1 9],67,69,71,2,67
1,<environment.Job instance at 0x14ab253f70a0>,46,3,[2 6],68,71,74,3,68
1,<environment.Job instance at 0x14ab253f7e60>,47,2,[5 2],69,69,71,0,69
1,<environment.Job instance at 0x14ab253f7dc0>,49,3,[2 8],73,73,76,0,73
1,<environment.Job instance at 0x14ab4d970e10>,50,1,[2 5],74,74,75,0,74
1,<environment.Job instance at 0x14ab2540ba00>,51,2,[5 1],75,75,77,0,75
1,<environment.Job instance at 0x14ab486f9d70>,54,12,[1 7],79,79,91,0,79
1,<environment.Job instance at 0x14ab4921bb40>,55,1,[7 1],80,81,82,1,81
1,<environment.Job instance at 0x14ab48632cd0>,60,1,[1 6],86,86,87,0,86
1,<environment.Job instance at 0x14ab46bc2f00>,61,2,[6 2],87,87,89,0,87
1,<environment.Job instance at 0x14ab2591e2d0>,62,2,[10  2],89,89,91,0,89
1,<environment.Job instance at 0x14ab252a8d20>,63,2,[2 7],93,93,95,0,93
1,<environment.Job instance at 0x14ab4f90f2d0>,64,3,[8 1],94,94,97,0,94
1,<environment.Job instance at 0x14ab254519b0>,65,1,[8 2],96,97,98,1,96
1,<environment.Job instance at 0x14ab4d95f640>,66,3,[8 2],98,98,101,0,98
1,<environment.Job instance at 0x14ab49189d20>,67,2,[8 1],100,101,103,1,100
1,<environment.Job instance at 0x14ab4f480d70>,68,3,[2 7],101,101,104,0,101
1,<environment.Job instance at 0x14ab257e0e10>,69,1,[1 6],102,102,103,0,102
1,<environment.Job instance at 0x14ab440d4190>,21,2,[1 6],30,105,107,75,105
1,<environment.Job instance at 0x14ab25430500>,70,1,[8 1],106,106,107,0,106
1,<environment.Job instance at 0x14ab252f6550>,59,2,[7 1],84,107,109,23,106
1,<environment.Job instance at 0x14ab257f2050>,71,1,[10  1],107,109,110,2,107
1,<environment.Job instance at 0x14ab257f20a0>,73,2,[9 1],109,110,112,1,109
1,<environment.Job instance at 0x14ab4697bfa0>,77,3,[7 1],113,113,116,0,113
1,<environment.Job instance at 0x14ab4697b870>,78,2,[2 8],115,115,117,0,115
1,<environment.Job instance at 0x14ab4dc774b0>,79,16,[1 9],116,117,133,1,116
1,<environment.Job instance at 0x14ab469a87d0>,80,3,[13  1],117,117,120,0,117
1,<environment.Job instance at 0x14ab25903be0>,81,3,[2 9],118,133,136,15,118
1,<environment.Job instance at 0x14ab25744c80>,82,1,[2 9],119,136,137,17,119
1,<environment.Job instance at 0x14ab25744870>,83,3,[1 8],124,137,140,13,124
1,<environment.Job instance at 0x14ab25744820>,84,1,[10  1],125,125,126,0,125
1,<environment.Job instance at 0x14ab25744640>,85,1,[7 2],126,126,127,0,126
1,<environment.Job instance at 0x14ab25744e10>,86,3,[1 7],127,137,140,10,127
1,<environment.Job instance at 0x14ab25744230>,87,1,[2 9],128,140,141,12,128
1,<environment.Job instance at 0x14ab44092910>,88,3,[1 8],130,141,144,11,130
1,<environment.Job instance at 0x14ab440925f0>,90,1,[1 6],136,136,137,0,136
1,<environment.Job instance at 0x14ab257653c0>,93,3,[1 6],140,140,143,0,140
1,<environment.Job instance at 0x14ab4f8efaa0>,94,26,[ 2 10],141,144,170,3,141
1,<environment.Job instance at 0x14ab440a4190>,101,3,[6 2],155,155,158,0,155
1,<environment.Job instance at 0x14ab440a4f00>,102,1,[1 8],156,170,171,14,158
1,<environment.Job instance at 0x14ab440a4b40>,103,2,[5 2],157,158,160,1,158
1,<environment.Job instance at 0x14ab440a4460>,104,19,[8 1],158,160,179,2,160
1,<environment.Job instance at 0x14ab440a4910>,105,1,[8 2],159,179,180,20,175
1,<environment.Job instance at 0x14ab4697b280>,76,3,[10  1],112,214,217,102,214
1,<environment.Job instance at 0x14ab440d4be0>,22,24,[9 2],31,2395,2419,2364,2395
1,<environment.Job instance at 0x14ab4403d2d0>,3,1,[5 1],4,4,5,0,4
1,<environment.Job instance at 0x14ab4403d0a0>,5,2,[9 1],6,6,8,0,6
1,<environment.Job instance at 0x14ab4403de60>,6,1,[1 8],7,7,8,0,7
1,<environment.Job instance at 0x14ab4403d640>,7,2,[10  2],8,8,10,0,8
1,<environment.Job instance at 0x14ab4403d050>,8,1,[9 2],9,10,11,1,9
1,<environment.Job instance at 0x14ab4403dc80>,10,1,[10  1],12,12,13,0,12
1,<environment.Job instance at 0x14ab44176cd0>,15,1,[1 6],19,19,20,0,19
1,<environment.Job instance at 0x14ab44176f50>,16,17,[1 9],21,21,38,0,21
1,<environment.Job instance at 0x14ab441761e0>,17,3,[ 2 12],22,38,41,16,22
1,<environment.Job instance at 0x14ab491490a0>,18,12,[11  1],23,23,35,0,23
1,<environment.Job instance at 0x14ab49149690>,21,14,[9 1],26,35,49,9,26
1,<environment.Job instance at 0x14ab44176c80>,13,3,[9 1],17,49,52,32,29
1,<environment.Job instance at 0x14ab49149280>,25,2,[2 7],32,41,43,9,32
1,<environment.Job instance at 0x14ab491498c0>,26,3,[2 9],34,43,46,9,34
1,<environment.Job instance at 0x14ab49149190>,27,1,[10  2],35,52,53,17,35
1,<environment.Job instance at 0x14ab25847410>,28,2,[ 1 10],38,46,48,8,38
1,<environment.Job instance at 0x14ab25847820>,29,1,[9 2],39,53,54,14,39
1,<environment.Job instance at 0x14ab258473c0>,32,1,[ 1 10],46,48,49,2,46
1,<environment.Job instance at 0x14ab25847730>,33,1,[2 6],47,49,50,2,47
1,<environment.Job instance at 0x14ab258476e0>,34,1,[2 6],48,49,50,1,48
1,<environment.Job instance at 0x14ab4953ac30>,36,12,[1 9],51,52,64,1,52
1,<environment.Job instance at 0x14ab4953af00>,38,12,[1 5],53,54,66,1,53
1,<environment.Job instance at 0x14ab4953aeb0>,39,2,[1 9],54,64,66,10,54
1,<environment.Job instance at 0x14ab4953acd0>,40,1,[5 1],55,55,56,0,55
1,<environment.Job instance at 0x14ab4953afa0>,41,3,[6 2],57,66,69,9,57
1,<environment.Job instance at 0x14ab4953a780>,42,2,[2 7],58,66,68,8,58
1,<environment.Job instance at 0x14ab49149050>,23,28,[5 2],29,66,94,37,65
1,<environment.Job instance at 0x14ab4953aa00>,45,26,[2 6],62,68,94,6,65
1,<environment.Job instance at 0x14ab4953a3c0>,46,1,[2 6],63,69,70,6,65
1,<environment.Job instance at 0x14ab254ab140>,50,1,[ 2 10],67,94,95,27,68
1,<environment.Job instance at 0x14ab49238820>,51,3,[ 2 10],68,95,98,27,69
1,<environment.Job instance at 0x14ab49238a00>,52,2,[5 1],69,69,71,0,69
1,<environment.Job instance at 0x14ab25beb5a0>,54,1,[1 9],73,98,99,25,73
1,<environment.Job instance at 0x14ab441900a0>,48,3,[ 2 10],65,99,102,34,83
1,<environment.Job instance at 0x14ab25bebbe0>,56,3,[8 2],75,83,86,8,83
1,<environment.Job instance at 0x14ab25beb320>,57,3,[1 7],76,86,89,10,83
1,<environment.Job instance at 0x14ab25bebaf0>,58,2,[9 2],77,94,96,17,83
1,<environment.Job instance at 0x14ab25bebb40>,59,2,[7 1],78,89,91,11,83
1,<environment.Job instance at 0x14ab25beb2d0>,60,1,[1 6],79,89,90,10,83
1,<environment.Job instance at 0x14ab25bebeb0>,61,27,[2 7],80,102,129,22,100
1,<environment.Job instance at 0x14ab253d3320>,64,3,[5 1],83,100,103,17,100
1,<environment.Job instance at 0x14ab49269cd0>,65,15,[7 2],84,100,115,16,100
1,<environment.Job instance at 0x14ab49150550>,66,2,[1 6],87,103,105,16,100
1,<environment.Job instance at 0x14ab488eeaa0>,67,16,[2 7],90,143,159,53,143
1,<environment.Job instance at 0x14ab25389050>,69,2,[2 8],95,152,154,57,152
1,<environment.Job instance at 0x14ab4405c9b0>,70,3,[10  1],96,171,174,75,171
1,<environment.Job instance at 0x14ab4405c280>,71,21,[1 5],99,171,192,72,171
1,<environment.Job instance at 0x14ab4957a730>,72,3,[2 8],100,171,174,71,171
1,<environment.Job instance at 0x14ab25341640>,74,2,[1 6],102,174,176,72,171
1,<environment.Job instance at 0x14ab2575d960>,75,2,[5 2],103,174,176,71,171
1,<environment.Job instance at 0x14ab440fbf00>,76,1,[5 1],104,174,175,70,171
1,<environment.Job instance at 0x14ab4e39ca50>,77,3,[8 1],105,175,178,70,171
1,<environment.Job instance at 0x14ab4e39c9b0>,78,3,[10  1],106,178,181,72,171
1,<environment.Job instance at 0x14ab4e39c6e0>,79,13,[1 9],107,176,189,69,171
1,<environment.Job instance at 0x14ab4e39c370>,80,3,[9 2],110,189,192,79,171
1,<environment.Job instance at 0x14ab4e39cc80>,81,3,[5 1],111,181,184,70,171
1,<environment.Job instance at 0x14ab4e39c050>,82,2,[5 1],113,184,186,71,171
1,<environment.Job instance at 0x14ab255bfbe0>,83,3,[1 9],114,192,195,78,171
1,<environment.Job instance at 0x14ab255bf550>,84,2,[1 9],115,195,197,80,171
1,<environment.Job instance at 0x14ab255bfb40>,85,3,[ 2 10],116,197,200,81,171
1,<environment.Job instance at 0x14ab255bf730>,86,3,[2 6],117,189,192,72,171
1,<environment.Job instance at 0x14ab255bff00>,87,2,[2 8],118,200,202,82,173
1,<environment.Job instance at 0x14ab255bff50>,88,2,[1 8],119,202,204,83,175
1,<environment.Job instance at 0x14ab255bf7d0>,90,2,[2 9],121,204,206,83,177
1,<environment.Job instance at 0x14ab255bf190>,91,1,[1 7],122,200,201,78,177
1,<environment.Job instance at 0x14ab255bfc30>,92,2,[7 1],123,186,188,63,177
1,<environment.Job instance at 0x14ab2563a550>,93,13,[8 2],124,201,214,77,185
1,<environment.Job instance at 0x14ab2563a4b0>,94,3,[2 6],125,192,195,67,185
1,<environment.Job instance at 0x14ab2563a8c0>,95,3,[6 2],127,195,198,68,185
1,<environment.Job instance at 0x14ab2563a780>,96,3,[1 9],128,206,209,78,185
1,<environment.Job instance at 0x14ab2563afa0>,97,3,[1 7],130,209,212,79,185
1,<environment.Job instance at 0x14ab2563ae10>,98,2,[2 7],132,212,214,80,185
1,<environment.Job instance at 0x14ab2563aa50>,99,1,[2 7],133,214,215,81,186
1,<environment.Job instance at 0x14ab2563a910>,100,2,[5 1],134,195,197,61,186
1,<environment.Job instance at 0x14ab253dbe10>,101,1,[2 9],136,215,216,79,187
1,<environment.Job instance at 0x14ab25651f00>,102,1,[ 1 10],138,216,217,78,188
1,<environment.Job instance at 0x14ab441ab870>,103,3,[10  2],139,214,217,75,188
1,<environment.Job instance at 0x14ab441abd70>,104,1,[1 7],140,217,218,77,189
1,<environment.Job instance at 0x14ab441ab370>,105,13,[ 1 10],141,218,231,77,202
1,<environment.Job instance at 0x14ab485c80a0>,106,2,[9 2],142,217,219,75,202
1,<environment.Job instance at 0x14ab4953a4b0>,44,3,[2 8],61,231,234,170,218
1,<environment.Job instance at 0x14ab485c8a00>,107,22,[2 8],144,234,256,90,227
1,<environment.Job instance at 0x14ab257b8550>,109,3,[ 1 10],146,256,259,110,230
1,<environment.Job instance at 0x14ab2539c280>,110,2,[ 1 12],147,259,261,112,232
1,<environment.Job instance at 0x14ab257b8eb0>,111,2,[7 1],148,232,234,84,232
1,<environment.Job instance at 0x14ab257b8f00>,112,1,[10  2],149,234,235,85,232
1,<environment.Job instance at 0x14ab2553fd70>,113,18,[1 6],154,235,253,81,232
1,<environment.Job instance at 0x14ab2553f050>,114,3,[10  2],155,253,256,98,232
1,<environment.Job instance at 0x14ab2553f320>,115,13,[9 1],156,235,248,79,232
1,<environment.Job instance at 0x14ab2553f780>,116,1,[ 1 10],157,261,262,104,233
1,<environment.Job instance at 0x14ab2553fc30>,117,1,[10  2],158,256,257,98,233
1,<environment.Job instance at 0x14ab2553f3c0>,118,16,[5 1],159,257,273,98,244
1,<environment.Job instance at 0x14ab257639b0>,68,3,[ 2 13],94,264,267,170,264
1,<environment.Job instance at 0x14ab485c8dc0>,108,13,[1 5],145,267,280,122,267
1,<environment.Job instance at 0x14ab44176b40>,14,17,[2 6],18,299,316,281,299
1,<environment.Job instance at 0x14ab25493af0>,11,1,[6 1],18,18,19,0,18
1,<environment.Job instance at 0x14ab25493eb0>,14,3,[2 9],21,21,24,0,21
1,<environment.Job instance at 0x14ab2547c1e0>,17,1,[5 1],26,26,27,0,26
1,<environment.Job instance at 0x14ab2547cc30>,26,1,[5 1],38,38,39,0,38
1,<environment.Job instance at 0x14ab25492460>,35,13,[1 6],53,60,73,7,60
1,<environment.Job instance at 0x14ab254925a0>,36,2,[8 1],54,60,62,6,60
1,<environment.Job instance at 0x14ab25492640>,37,1,[10  1],55,62,63,7,60
1,<environment.Job instance at 0x14ab254926e0>,38,2,[5 1],56,60,62,4,60
1,<environment.Job instance at 0x14ab25492780>,39,1,[1 6],57,60,61,3,60
1,<environment.Job instance at 0x14ab25492320>,41,3,[9 2],60,63,66,3,62
1,<environment.Job instance at 0x14ab25492f00>,42,13,[ 1 14],62,73,86,11,64
1,<environment.Job instance at 0x14ab25492be0>,43,1,[10  1],65,66,67,1,65
1,<environment.Job instance at 0x14ab25497280>,44,14,[6 1],66,67,81,1,66
1,<environment.Job instance at 0x14ab254970f0>,46,2,[2 6],69,86,88,17,73
1,<environment.Job instance at 0x14ab25497370>,47,3,[1 6],70,86,89,16,73
1,<environment.Job instance at 0x14ab25497460>,48,3,[1 9],71,88,91,17,73
1,<environment.Job instance at 0x14ab254975f0>,49,2,[7 2],72,86,88,14,73
1,<environment.Job instance at 0x14ab254de8c0>,50,2,[9 1],74,81,83,7,74
1,<environment.Job instance at 0x14ab25492280>,33,18,[2 6],51,89,107,38,81
1,<environment.Job instance at 0x14ab25b4c960>,56,1,[2 6],87,91,92,4,87
1,<environment.Job instance at 0x14ab440fa500>,57,2,[9 1],88,91,93,3,88
1,<environment.Job instance at 0x14ab486205f0>,55,21,[1 9],85,93,114,8,91
1,<environment.Job instance at 0x14ab440f3730>,61,2,[13  2],93,107,109,14,93
1,<environment.Job instance at 0x14ab49510410>,63,3,[7 2],96,109,112,13,96
1,<environment.Job instance at 0x14ab440fa140>,58,16,[ 1 10],90,114,130,24,101
1,<environment.Job instance at 0x14ab44023640>,65,3,[5 1],99,109,112,10,101
1,<environment.Job instance at 0x14ab25b63a50>,66,1,[2 9],101,130,131,29,102
1,<environment.Job instance at 0x14ab2559bb40>,67,1,[5 2],102,112,113,10,102
1,<environment.Job instance at 0x14ab48602820>,71,1,[1 9],107,131,132,24,107
1,<environment.Job instance at 0x14ab440ccc80>,72,1,[8 1],108,112,113,4,108
1,<environment.Job instance at 0x14ab440cce60>,73,2,[9 1],110,113,115,3,110
1,<environment.Job instance at 0x14ab485f38c0>,74,1,[1 6],111,130,131,19,111
1,<environment.Job instance at 0x14ab440ee050>,75,2,[1 5],112,115,117,3,112
1,<environment.Job instance at 0x14ab4861af50>,76,3,[6 1],113,117,120,4,113
1,<environment.Job instance at 0x14ab2559be60>,68,3,[6 2],103,117,120,14,114
1,<environment.Job instance at 0x14ab4d9f25f0>,78,2,[1 7],116,132,134,16,116
1,<environment.Job instance at 0x14ab4d9f2640>,79,3,[1 6],117,131,134,14,117
1,<environment.Job instance at 0x14ab4d9f25a0>,80,1,[7 1],118,120,121,2,118
1,<environment.Job instance at 0x14ab4d9cdb90>,81,13,[7 1],119,132,145,13,119
1,<environment.Job instance at 0x14ab4d9cd910>,82,1,[ 2 10],121,134,135,13,121
1,<environment.Job instance at 0x14ab4d9cde10>,84,1,[2 8],123,135,136,12,123
1,<environment.Job instance at 0x14ab25588f00>,86,1,[2 8],125,136,137,11,125
1,<environment.Job instance at 0x14ab255884b0>,88,1,[10  2],127,127,128,0,127
1,<environment.Job instance at 0x14ab4d9cd7d0>,83,14,[10  2],122,145,159,23,130
1,<environment.Job instance at 0x14ab255887d0>,91,2,[7 1],130,137,139,7,130
1,<environment.Job instance at 0x14ab25588370>,94,18,[8 2],133,159,177,26,153
1,<environment.Job instance at 0x14ab25588190>,93,1,[11  2],132,177,178,45,165
1,<environment.Job instance at 0x14ab25b52910>,5,1,[1 6],8,8,9,0,8
1,<environment.Job instance at 0x14ab25b52af0>,6,1,[2 7],9,9,10,0,9
1,<environment.Job instance at 0x14ab25b38190>,7,2,[ 1 10],10,10,12,0,10
1,<environment.Job instance at 0x14ab25b38690>,8,1,[7 1],11,11,12,0,11
1,<environment.Job instance at 0x14ab25b38820>,9,2,[9 1],12,12,14,0,12
1,<environment.Job instance at 0x14ab25b38cd0>,10,1,[5 1],14,14,15,0,14
1,<environment.Job instance at 0x14ab25b38460>,11,1,[2 7],15,15,16,0,15
1,<environment.Job instance at 0x14ab25b38500>,13,1,[10  1],17,17,18,0,17
1,<environment.Job instance at 0x14ab25b30be0>,14,1,[6 2],18,18,19,0,18
1,<environment.Job instance at 0x14ab25b30b40>,22,1,[5 1],30,30,31,0,30
1,<environment.Job instance at 0x14ab25b30960>,19,3,[1 7],26,32,35,6,32
1,<environment.Job instance at 0x14ab25b2fe60>,23,2,[1 6],32,32,34,0,32
1,<environment.Job instance at 0x14ab25b2f820>,26,13,[6 1],37,41,54,4,41
1,<environment.Job instance at 0x14ab25b2f3c0>,27,19,[7 2],38,41,60,3,41
1,<environment.Job instance at 0x14ab25b2f9b0>,28,13,[5 2],39,55,68,16,55
1,<environment.Job instance at 0x14ab4e36ea50>,35,25,[7 2],48,60,85,12,58
1,<environment.Job instance at 0x14ab4e36e910>,36,1,[ 2 10],49,58,59,9,58
1,<environment.Job instance at 0x14ab4e36eaa0>,32,1,[2 5],43,68,69,25,68
1,<environment.Job instance at 0x14ab4e36b1e0>,40,2,[ 1 10],53,69,71,16,68
1,<environment.Job instance at 0x14ab4e36b5f0>,41,1,[2 9],54,71,72,17,68
1,<environment.Job instance at 0x14ab4e36e780>,39,18,[ 1 12],52,79,97,27,79
1,<environment.Job instance at 0x14ab4400ccd0>,51,17,[1 9],68,97,114,29,85
1,<environment.Job instance at 0x14ab4400c640>,52,1,[5 1],69,85,86,16,85
1,<environment.Job instance at 0x14ab4400cc30>,53,3,[6 1],70,85,88,15,85
1,<environment.Job instance at 0x14ab4400c3c0>,54,3,[8 2],73,86,89,13,85
1,<environment.Job instance at 0x14ab4e362410>,55,18,[7 1],75,89,107,14,85
1,<environment.Job instance at 0x14ab4e3b6140>,56,3,[2 5],76,97,100,21,85
1,<environment.Job instance at 0x14ab4e3b6410>,57,1,[1 6],77,107,108,30,85
1,<environment.Job instance at 0x14ab4e3b6aa0>,58,2,[8 1],78,108,110,30,85
1,<environment.Job instance at 0x14ab4e3b6870>,59,2,[1 7],79,114,116,35,87
1,<environment.Job instance at 0x14ab4e3b6a00>,60,2,[7 2],80,89,91,9,87
1,<environment.Job instance at 0x14ab4e3b6050>,61,2,[7 1],81,91,93,10,87
1,<environment.Job instance at 0x14ab4e3b6910>,62,1,[ 2 12],82,116,117,34,88
1,<environment.Job instance at 0x14ab4e3b6230>,63,2,[ 1 10],83,117,119,34,90
1,<environment.Job instance at 0x14ab4e3b68c0>,65,2,[1 5],85,100,102,15,98
1,<environment.Job instance at 0x14ab4e3b6eb0>,66,2,[6 1],86,102,104,16,98
1,<environment.Job instance at 0x14ab4e3b6c80>,67,3,[2 8],87,119,122,32,98
1,<environment.Job instance at 0x14ab44117aa0>,68,3,[1 7],88,119,122,31,98
1,<environment.Job instance at 0x14ab4413efa0>,69,3,[1 8],90,122,125,32,98
1,<environment.Job instance at 0x14ab254079b0>,74,2,[1 9],99,125,127,26,113
1,<environment.Job instance at 0x14ab4e36bb40>,42,21,[10  1],55,122,143,67,114
1,<environment.Job instance at 0x14ab254072d0>,76,2,[1 5],102,114,116,12,114
1,<environment.Job instance at 0x14ab25407a00>,77,21,[5 2],104,127,148,23,119
1,<environment.Job instance at 0x14ab25407550>,78,2,[ 1 10],105,143,145,38,119
1,<environment.Job instance at 0x14ab254075a0>,79,14,[2 5],106,145,159,39,130
1,<environment.Job instance at 0x14ab25407050>,84,2,[8 2],113,143,145,30,130
1,<environment.Job instance at 0x14ab4d9f4780>,85,3,[6 2],115,145,148,30,130
1,<environment.Job instance at 0x14ab2535db40>,86,2,[7 2],116,148,150,32,130
1,<environment.Job instance at 0x14ab4798c9b0>,89,3,[10  2],121,150,153,29,130
1,<environment.Job instance at 0x14ab4e2bd9b0>,90,2,[8 2],122,153,155,31,130
1,<environment.Job instance at 0x14ab259d10f0>,91,3,[7 1],124,155,158,31,130
1,<environment.Job instance at 0x14ab25bd6780>,93,2,[6 2],127,148,150,21,130
1,<environment.Job instance at 0x14ab4c6bc230>,95,1,[1 7],129,150,151,21,130
1,<environment.Job instance at 0x14ab2535f460>,96,1,[5 2],131,153,154,22,131
1,<environment.Job instance at 0x14ab4c6bc5f0>,94,2,[7 1],128,158,160,30,132
1,<environment.Job instance at 0x14ab25b2f910>,25,1,[ 1 11],36,159,160,123,132
1,<environment.Job instance at 0x14ab4f93b6e0>,97,3,[10  1],132,160,163,28,134
1,<environment.Job instance at 0x14ab258e0f00>,100,1,[10  2],138,163,164,25,155
1,<environment.Job instance at 0x14ab258e05a0>,101,27,[6 1],139,164,191,25,162
1,<environment.Job instance at 0x14ab258e08c0>,103,3,[9 2],143,1215,1218,1072,1215
1,<environment.Job instance at 0x14ab258e0280>,106,12,[9 1],147,2842,2854,2695,2842
1,<environment.Job instance at 0x14ab49527690>,0,1,[9 2],1,1,2,0,1
1,<environment.Job instance at 0x14ab441c3640>,1,1,[6 2],3,3,4,0,3
1,<environment.Job instance at 0x14ab495279b0>,5,1,[12  1],8,8,9,0,8
1,<environment.Job instance at 0x14ab487c6f50>,6,25,[1 7],9,9,34,0,9
1,<environment.Job instance at 0x14ab487e8050>,9,1,[ 1 11],14,34,35,20,32
1,<environment.Job instance at 0x14ab487e8320>,13,1,[1 6],21,32,33,11,32
1,<environment.Job instance at 0x14ab487e89b0>,21,3,[6 1],31,32,35,1,32
1,<environment.Job instance at 0x14ab487e8a50>,22,1,[6 2],32,33,34,1,32
1,<environment.Job instance at 0x14ab487e8be0>,23,2,[8 1],33,34,36,1,33
1,<environment.Job instance at 0x14ab487c41e0>,24,23,[1 9],34,35,58,1,34
1,<environment.Job instance at 0x14ab487c47d0>,29,1,[8 1],40,54,55,14,54
1,<environment.Job instance at 0x14ab487c48c0>,32,1,[6 1],44,54,55,10,54
1,<environment.Job instance at 0x14ab487c4960>,33,2,[2 5],46,55,57,9,54
1,<environment.Job instance at 0x14ab487c4b40>,35,1,[5 1],49,55,56,6,54
1,<environment.Job instance at 0x14ab487c4c30>,36,25,[ 1 10],51,58,83,7,54
1,<environment.Job instance at 0x14ab487c4320>,25,20,[6 1],35,82,102,47,82
1,<environment.Job instance at 0x14ab487c49b0>,38,3,[ 2 10],53,98,101,45,98
1,<environment.Job instance at 0x14ab487ba690>,44,3,[1 9],61,163,166,102,163
1,<environment.Job instance at 0x14ab487ba780>,46,15,[1 8],64,166,181,102,166
1,<environment.Job instance at 0x14ab487ba8c0>,47,2,[8 1],67,176,178,109,176
1,<environment.Job instance at 0x14ab487ba9b0>,48,3,[10  1],68,178,181,110,176
1,<environment.Job instance at 0x14ab487ba960>,49,2,[2 7],72,181,183,109,177
1,<environment.Job instance at 0x14ab487ba870>,50,1,[9 2],74,181,182,107,177
1,<environment.Job instance at 0x14ab487baaf0>,51,18,[2 7],75,182,200,107,177
1,<environment.Job instance at 0x14ab487bab40>,52,2,[2 6],77,193,195,116,193
1,<environment.Job instance at 0x14ab487bacd0>,53,3,[6 2],78,193,196,115,193
1,<environment.Job instance at 0x14ab487babe0>,54,1,[5 2],80,196,197,116,196
1,<environment.Job instance at 0x14ab487baeb0>,55,17,[2 7],83,198,215,115,198
1,<environment.Job instance at 0x14ab487bafa0>,56,1,[ 1 10],84,215,216,131,203
1,<environment.Job instance at 0x14ab487bae60>,57,13,[9 2],85,206,219,121,206
1,<environment.Job instance at 0x14ab487d6190>,58,3,[8 2],87,219,222,132,213
1,<environment.Job instance at 0x14ab487d6370>,59,1,[1 9],88,216,217,128,213
1,<environment.Job instance at 0x14ab487d6280>,60,3,[7 1],90,219,222,129,213
1,<environment.Job instance at 0x14ab487d64b0>,61,17,[8 1],92,222,239,130,213
1,<environment.Job instance at 0x14ab487d6460>,62,16,[1 8],93,228,244,135,228
1,<environment.Job instance at 0x14ab487d6500>,63,18,[2 7],95,239,257,144,236
1,<environment.Job instance at 0x14ab487d66e0>,64,16,[1 8],96,248,264,152,248
1,<environment.Job instance at 0x14ab487d6690>,65,3,[13  1],97,257,260,160,254
1,<environment.Job instance at 0x14ab487d6af0>,66,3,[6 1],100,260,263,160,256
1,<environment.Job instance at 0x14ab487d6550>,67,2,[8 2],101,260,262,159,256
1,<environment.Job instance at 0x14ab487d6960>,68,3,[11  1],102,263,266,161,257
1,<environment.Job instance at 0x14ab487d69b0>,69,16,[5 2],103,266,282,163,259
1,<environment.Job instance at 0x14ab487d6b90>,70,12,[7 2],104,275,287,171,275
1,<environment.Job instance at 0x14ab487d6a00>,71,1,[2 6],105,281,282,176,281
1,<environment.Job instance at 0x14ab487d6be0>,72,26,[1 6],106,282,308,176,281
1,<environment.Job instance at 0x14ab487d6c80>,73,2,[8 1],107,294,296,187,294
1,<environment.Job instance at 0x14ab487d6d20>,74,2,[6 1],108,294,296,186,294
1,<environment.Job instance at 0x14ab487d6e60>,75,3,[7 2],110,296,299,186,295
1,<environment.Job instance at 0x14ab487d6f50>,76,3,[2 6],111,297,300,186,297
1,<environment.Job instance at 0x14ab487d0050>,77,1,[ 2 10],112,308,309,196,297
1,<environment.Job instance at 0x14ab487d0140>,78,2,[5 2],114,300,302,186,300
1,<environment.Job instance at 0x14ab487d00a0>,79,1,[7 2],115,300,301,185,300
1,<environment.Job instance at 0x14ab487d02d0>,80,15,[10  2],116,302,317,186,300
1,<environment.Job instance at 0x14ab487d0280>,81,3,[1 6],117,311,314,194,311
1,<environment.Job instance at 0x14ab487d0410>,82,2,[2 7],118,312,314,194,312
1,<environment.Job instance at 0x14ab487d0320>,83,3,[7 1],119,317,320,198,314
1,<environment.Job instance at 0x14ab487d0460>,84,14,[6 1],120,317,331,197,315
1,<environment.Job instance at 0x14ab487d0500>,85,12,[2 9],121,325,337,204,325
1,<environment.Job instance at 0x14ab487d0640>,86,2,[8 1],123,331,333,208,328
1,<environment.Job instance at 0x14ab487d07d0>,87,3,[ 2 10],125,337,340,212,331
1,<environment.Job instance at 0x14ab487d08c0>,88,1,[1 6],129,334,335,205,334
1,<environment.Job instance at 0x14ab487d0730>,89,3,[1 8],130,340,343,210,334
1,<environment.Job instance at 0x14ab487d09b0>,90,2,[2 7],132,340,342,208,334
1,<environment.Job instance at 0x14ab487d0820>,91,14,[10  1],133,342,356,209,335
1,<environment.Job instance at 0x14ab487d0a00>,92,2,[2 5],135,348,350,213,348
1,<environment.Job instance at 0x14ab487d0b90>,93,2,[1 6],136,349,351,213,349
1,<environment.Job instance at 0x14ab487d0aa0>,94,12,[ 1 10],138,351,363,213,350
1,<environment.Job instance at 0x14ab487d0cd0>,95,3,[9 1],139,356,359,217,354
1,<environment.Job instance at 0x14ab487d0c80>,96,17,[2 8],140,363,380,223,355
1,<environment.Job instance at 0x14ab487d0be0>,97,17,[1 8],141,380,397,239,368
1,<environment.Job instance at 0x14ab487d0e10>,98,17,[ 2 11],142,397,414,255,386
1,<environment.Job instance at 0x14ab487d0d20>,99,25,[ 2 14],143,414,439,271,413
1,<environment.Job instance at 0x14ab487d0f00>,100,1,[1 8],144,439,440,295,435
1,<environment.Job instance at 0x14ab487d0fa0>,101,3,[8 2],147,439,442,292,435
1,<environment.Job instance at 0x14ab487d70a0>,102,3,[2 5],148,439,442,291,435
1,<environment.Job instance at 0x14ab487d7190>,103,3,[9 1],150,442,445,292,437
1,<environment.Job instance at 0x14ab487d7280>,104,2,[8 2],151,445,447,294,439
1,<environment.Job instance at 0x14ab487d71e0>,105,1,[8 1],152,447,448,295,442
1,<environment.Job instance at 0x14ab487d72d0>,106,23,[7 1],153,445,468,292,444
1,<environment.Job instance at 0x14ab487d7410>,107,22,[5 2],154,452,474,298,452
1,<environment.Job instance at 0x14ab487d7460>,108,22,[7 2],156,468,490,312,465
1,<environment.Job instance at 0x14ab487d7500>,109,2,[2 9],157,484,486,327,484
1,<environment.Job instance at 0x14ab487d75f0>,110,3,[ 2 10],158,486,489,328,484
1,<environment.Job instance at 0x14ab487d75a0>,111,1,[2 7],159,489,490,330,485
1,<environment.Job instance at 0x14ab487e80a0>,11,1,[ 2 10],19,2649,2650,2630,2649
1,<environment.Job instance at 0x14f1e39b7fa0>,7,1,[2 6],8,8,9,0,8
1,<environment.Job instance at 0x14f1e39b0780>,12,3,[1 8],14,14,17,0,14
1,<environment.Job instance at 0x14f1e39b02d0>,14,2,[ 1 10],18,18,20,0,18
1,<environment.Job instance at 0x14f1e39b0690>,15,1,[ 1 10],20,20,21,0,20
1,<environment.Job instance at 0x14f1eb4cc8c0>,16,1,[2 5],21,21,22,0,21
1,<environment.Job instance at 0x14f1e399a820>,20,2,[ 1 13],27,28,30,1,28
1,<environment.Job instance at 0x14f1e399a640>,22,1,[2 7],30,30,31,0,30
1,<environment.Job instance at 0x14f1e3991c80>,25,2,[2 8],34,34,36,0,34
1,<environment.Job instance at 0x14f1e39915a0>,26,1,[2 7],35,35,36,0,35
1,<environment.Job instance at 0x14f1e3991e10>,27,2,[2 7],36,36,38,0,36
1,<environment.Job instance at 0x14f1e3991730>,28,2,[2 7],37,37,39,0,37
1,<environment.Job instance at 0x14f1e3908cd0>,33,1,[2 7],43,43,44,0,43
1,<environment.Job instance at 0x14f1e21b93c0>,4,1,[ 2 10],5,5,6,0,5
1,<environment.Job instance at 0x14f1e21b99b0>,12,17,[10  1],18,21,38,3,21
1,<environment.Job instance at 0x14f1e21b97d0>,14,1,[6 2],21,38,39,17,25
1,<environment.Job instance at 0x14f1e21b94b0>,15,3,[2 7],23,32,35,9,32
1,<environment.Job instance at 0x14f1e21b9780>,16,15,[ 1 11],27,35,50,8,32
1,<environment.Job instance at 0x14f1e21b98c0>,17,2,[8 1],28,38,40,10,35
1,<environment.Job instance at 0x14f1e21b9370>,18,2,[1 9],31,50,52,19,37
1,<environment.Job instance at 0x14f1e1f53910>,19,2,[1 6],32,50,52,18,37
1,<environment.Job instance at 0x14f1e1f53780>,20,1,[1 9],33,52,53,19,37
1,<environment.Job instance at 0x14f1e1f53af0>,21,3,[1 8],34,53,56,19,37
1,<environment.Job instance at 0x14f1e1f535a0>,22,1,[9 2],35,40,41,5,37
1,<environment.Job instance at 0x14f1e21b9a00>,13,2,[ 2 12],20,56,58,36,40
1,<environment.Job instance at 0x14f1e1f45960>,26,1,[7 2],41,41,42,0,41
1,<environment.Job instance at 0x14f1e1f535f0>,23,18,[ 1 10],36,58,76,22,47
1,<environment.Job instance at 0x14f1e1f2e730>,33,3,[10  2],50,52,55,2,50
1,<environment.Job instance at 0x14f1e1f2e140>,34,2,[2 9],51,76,78,25,51
1,<environment.Job instance at 0x14f1e1f2e910>,35,3,[9 1],54,55,58,1,54
1,<environment.Job instance at 0x14f1e1f2ef50>,38,3,[5 1],60,60,63,0,60
1,<environment.Job instance at 0x14f1e1f2eb40>,40,2,[5 1],63,63,65,0,63
1,<environment.Job instance at 0x14f1e1f2e9b0>,41,1,[2 7],64,78,79,14,64
1,<environment.Job instance at 0x14f1e1f2e320>,42,2,[10  2],65,65,67,0,65
1,<environment.Job instance at 0x14f1e1f44820>,43,2,[6 1],66,67,69,1,66
1,<environment.Job instance at 0x14f1e1f44140>,44,3,[9 2],68,69,72,1,68
1,<environment.Job instance at 0x14f1e1f520a0>,47,3,[1 7],73,78,81,5,73
1,<environment.Job instance at 0x14f1e1f525f0>,48,2,[9 2],75,75,77,0,75
1,<environment.Job instance at 0x14f1e1f52780>,49,1,[7 2],76,77,78,1,76
1,<environment.Job instance at 0x14f1e1f52500>,50,3,[1 7],78,79,82,1,78
1,<environment.Job instance at 0x14f1e1f52e10>,51,14,[1 6],79,81,95,2,79
1,<environment.Job instance at 0x14f1e21b9b90>,10,2,[ 2 10],15,95,97,80,79
1,<environment.Job instance at 0x14f1e1f42e60>,56,2,[2 5],86,86,88,0,86
1,<environment.Job instance at 0x14f1e1f42460>,57,16,[2 9],87,97,113,10,87
1,<environment.Job instance at 0x14f1e21bb7d0>,61,1,[10  1],94,94,95,0,94
1,<environment.Job instance at 0x14f1e21bbfa0>,63,15,[2 8],98,113,128,15,103
1,<environment.Job instance at 0x14f1e21bbe10>,64,16,[2 8],99,128,144,29,115
1,<environment.Job instance at 0x14f1e21bb3c0>,72,2,[1 9],111,144,146,33,128
1,<environment.Job instance at 0x14f1e21bb190>,65,13,[ 2 10],102,146,159,44,131
1,<environment.Job instance at 0x14f1e1f64d20>,80,2,[1 7],122,132,134,10,132
1,<environment.Job instance at 0x14f1e1f64aa0>,75,16,[2 6],116,159,175,43,146
1,<environment.Job instance at 0x14f1e1f64550>,82,3,[1 9],124,159,162,35,146
1,<environment.Job instance at 0x14f1e0070320>,83,2,[1 8],126,162,164,36,146
1,<environment.Job instance at 0x14f1d0bbe5f0>,84,2,[1 5],128,146,148,18,146
1,<environment.Job instance at 0x14f1e00a6cd0>,85,15,[10  1],129,162,177,33,148
1,<environment.Job instance at 0x14f1e0007a50>,86,1,[2 8],130,164,165,34,148
1,<environment.Job instance at 0x14f1d09b4d70>,87,1,[8 2],131,148,149,17,148
1,<environment.Job instance at 0x14f1e00e1500>,88,14,[14  1],132,177,191,45,163
1,<environment.Job instance at 0x14f1d08feb40>,94,1,[1 5],142,184,185,42,184
1,<environment.Job instance at 0x14f1d0aed0a0>,97,16,[1 5],145,185,201,40,184
1,<environment.Job instance at 0x14f1d0ab4280>,98,2,[ 1 10],146,191,193,45,188
1,<environment.Job instance at 0x14f1d0b59960>,99,17,[2 9],147,193,210,46,189
1,<environment.Job instance at 0x14f1d0b592d0>,100,15,[7 2],148,201,216,53,196
1,<environment.Job instance at 0x14f1e002bdc0>,101,16,[2 8],149,210,226,61,204
1,<environment.Job instance at 0x14f1e002b6e0>,102,3,[6 1],150,209,212,59,209
1,<environment.Job instance at 0x14f1e0016960>,103,2,[1 8],151,226,228,75,209
1,<environment.Job instance at 0x14f1e0016320>,104,3,[2 8],152,228,231,76,209
1,<environment.Job instance at 0x14f1e00160a0>,105,2,[2 8],153,231,233,78,212
1,<environment.Job instance at 0x14f1d0900320>,106,3,[5 2],156,212,215,56,212
1,<environment.Job instance at 0x14f1d0900b40>,107,1,[6 2],158,215,216,57,212
1,<environment.Job instance at 0x14f1d0900a50>,108,2,[2 8],159,233,235,74,212
1,<environment.Job instance at 0x14f1d0af1e60>,109,1,[6 2],161,216,217,55,212
1,<environment.Job instance at 0x14f1d0af1500>,110,1,[2 9],162,235,236,73,212
1,<environment.Job instance at 0x14f1d0af11e0>,111,27,[ 2 10],163,242,269,79,242
1,<environment.Job instance at 0x14f1d0af10f0>,112,2,[10  1],164,270,272,106,270
1,<environment.Job instance at 0x14f1d0af15f0>,113,2,[2 7],166,270,272,104,270
1,<environment.Job instance at 0x14f1d0af1d20>,114,1,[5 2],167,272,273,105,270
1,<environment.Job instance at 0x14f1d0af18c0>,115,1,[2 5],168,270,271,102,270
1,<environment.Job instance at 0x14f1e1f422d0>,55,2,[2 9],85,1667,1669,1582,1667
1,<environment.Job instance at 0x14f1d06d23c0>,3,1,[7 1],6,6,7,0,6
1,<environment.Job instance at 0x14f1d06d2230>,5,1,[7 2],8,8,9,0,8
1,<environment.Job instance at 0x14f1e38ddd20>,14,2,[1 5],20,95,97,75,95
1,<environment.Job instance at 0x14f1e38dde10>,15,1,[1 7],21,100,101,79,100
1,<environment.Job instance at 0x14f1e38dd6e0>,16,3,[2 7],22,100,103,78,100
1,<environment.Job instance at 0x14f1e38dd0f0>,17,2,[1 5],23,101,103,78,100
1,<environment.Job instance at 0x14f1e38ddb40>,18,1,[1 9],25,103,104,78,100
1,<environment.Job instance at 0x14f1e38dd2d0>,19,1,[2 5],26,103,104,77,100
1,<environment.Job instance at 0x14f1e38ddc80>,20,15,[7 1],27,159,174,132,159
1,<environment.Job instance at 0x14f1e38ddf00>,21,1,[2 6],28,174,175,146,174
1,<environment.Job instance at 0x14f1e0083f00>,22,1,[2 8],30,175,176,145,175
1,<environment.Job instance at 0x14f1e0083aa0>,23,1,[2 6],31,175,176,144,175
1,<environment.Job instance at 0x14f1e0083e60>,24,3,[1 7],33,176,179,143,175
1,<environment.Job instance at 0x14f1e00837d0>,25,17,[2 7],34,176,193,142,175
1,<environment.Job instance at 0x14f1e0083870>,26,14,[1 6],35,179,193,144,175
1,<environment.Job instance at 0x14f1e0083d70>,27,17,[9 1],36,175,192,139,175
1,<environment.Job instance at 0x14f1e01d9870>,28,3,[5 1],37,192,195,155,177
1,<environment.Job instance at 0x14f1e01d94b0>,29,1,[10  1],38,193,194,155,177
1,<environment.Job instance at 0x14f1e01d93c0>,30,1,[1 8],39,194,195,155,177
1,<environment.Job instance at 0x14f1e01d9fa0>,31,12,[9 2],40,194,206,154,178
1,<environment.Job instance at 0x14f1e01d9aa0>,32,2,[2 6],41,195,197,154,178
1,<environment.Job instance at 0x14f1e01d9f00>,33,3,[9 2],42,206,209,164,181
1,<environment.Job instance at 0x14f1e01d95f0>,34,2,[10  2],43,209,211,166,184
1,<environment.Job instance at 0x14f1e01d90f0>,35,16,[10  2],44,211,227,167,208
1,<environment.Job instance at 0x14f1e01d95a0>,36,16,[ 2 10],45,224,240,179,224
1,<environment.Job instance at 0x14f1e01d9960>,37,2,[1 6],47,240,242,193,224
1,<environment.Job instance at 0x14f1e01d9eb0>,38,15,[2 6],49,240,255,191,226
1,<environment.Job instance at 0x14f23245b230>,39,2,[7 2],50,227,229,177,226
1,<environment.Job instance at 0x14f1e01d9e10>,40,13,[5 1],51,227,240,176,226
1,<environment.Job instance at 0x14f1e776e5f0>,41,2,[1 8],52,242,244,190,226
1,<environment.Job instance at 0x14f1eb426d20>,42,14,[6 1],53,229,243,176,227
1,<environment.Job instance at 0x14f1eb426e10>,43,1,[2 5],54,244,245,190,229
1,<environment.Job instance at 0x14f1eb426e60>,44,14,[2 8],55,245,259,190,230
1,<environment.Job instance at 0x14f1eb426730>,45,2,[7 1],56,243,245,187,232
1,<environment.Job instance at 0x14f1eb426c80>,46,3,[7 1],57,245,248,188,232
1,<environment.Job instance at 0x14f1eb426960>,47,13,[10  1],58,248,261,190,232
1,<environment.Job instance at 0x14f1eb426910>,48,25,[12  1],59,261,286,202,260
1,<environment.Job instance at 0x14f1eb4266e0>,49,1,[ 2 10],60,285,286,225,285
1,<environment.Job instance at 0x14f1eb426a00>,50,2,[10  2],62,286,288,224,286
1,<environment.Job instance at 0x14f1eb426eb0>,51,3,[7 1],66,288,291,222,286
1,<environment.Job instance at 0x14f1eb426640>,52,3,[2 8],67,289,292,222,289
1,<environment.Job instance at 0x14f1eade3b90>,53,3,[1 9],68,292,295,224,289
1,<environment.Job instance at 0x14f1eb4267d0>,54,16,[10  1],69,291,307,222,289
1,<environment.Job instance at 0x14f1eb426870>,55,3,[2 9],70,306,309,236,306
1,<environment.Job instance at 0x14f1eb420eb0>,56,23,[1 6],71,307,330,236,306
1,<environment.Job instance at 0x14f1eb420f00>,57,12,[7 1],74,309,321,235,306
1,<environment.Job instance at 0x14f1eb4f1780>,58,3,[10  1],77,321,324,244,319
1,<environment.Job instance at 0x14f1eb4e5f00>,59,3,[6 1],79,324,327,245,321
1,<environment.Job instance at 0x14f1e89dfa50>,60,3,[8 1],80,324,327,244,324
1,<environment.Job instance at 0x14f1e89df870>,61,2,[7 1],82,327,329,245,324
1,<environment.Job instance at 0x14f1e89df9b0>,62,18,[2 6],84,327,345,243,327
1,<environment.Job instance at 0x14f1e89df190>,63,1,[7 1],86,329,330,243,327
1,<environment.Job instance at 0x14f1e89dfaf0>,64,2,[5 1],87,327,329,240,327
1,<environment.Job instance at 0x14f1e89dfdc0>,65,14,[2 5],88,330,344,242,327
1,<environment.Job instance at 0x14f1e89df460>,66,3,[5 2],90,329,332,239,327
1,<environment.Job instance at 0x14f1e89df280>,67,12,[1 5],91,344,356,253,327
1,<environment.Job instance at 0x14f1e89df410>,68,13,[7 2],92,332,345,240,327
1,<environment.Job instance at 0x14f1e89dfd20>,69,3,[8 1],93,345,348,252,327
1,<environment.Job instance at 0x14f1eb434e60>,70,3,[2 6],96,345,348,249,327
1,<environment.Job instance at 0x14f1eb434b40>,71,18,[1 5],97,348,366,251,337
1,<environment.Job instance at 0x14f1eb3ad5f0>,72,16,[1 5],101,348,364,247,337
1,<environment.Job instance at 0x14f1eb3ad2d0>,73,1,[1 9],102,364,365,262,337
1,<environment.Job instance at 0x14f1eb3ad870>,74,3,[2 9],104,365,368,261,339
1,<environment.Job instance at 0x14f1eb3ade10>,75,1,[10  2],105,356,357,251,339
1,<environment.Job instance at 0x14f1eb3ad690>,76,1,[5 2],106,344,345,238,339
1,<environment.Job instance at 0x14f1eb3adcd0>,77,26,[2 8],108,368,394,260,365
1,<environment.Job instance at 0x14f1eb3add70>,78,2,[ 1 10],110,394,396,284,367
1,<environment.Job instance at 0x14f1eb3ad4b0>,79,16,[ 2 10],112,396,412,284,383
1,<environment.Job instance at 0x14f1eb3ad1e0>,80,3,[10  2],113,383,386,270,383
1,<environment.Job instance at 0x14f1eb3adb90>,81,2,[1 6],117,386,388,269,383
1,<environment.Job instance at 0x14f1eb3ad140>,82,3,[1 9],118,412,415,294,386
1,<environment.Job instance at 0x14f1eb3adaf0>,83,16,[2 7],121,415,431,294,402
1,<environment.Job instance at 0x14f1eb619820>,84,1,[6 2],122,402,403,280,402
1,<environment.Job instance at 0x14f1eb3adeb0>,85,3,[10  2],124,403,406,279,402
1,<environment.Job instance at 0x14f1eb430230>,86,3,[5 1],128,406,409,278,402
1,<environment.Job instance at 0x14f1eb4302d0>,87,1,[2 8],129,415,416,286,402
1,<environment.Job instance at 0x14f1eb430320>,88,2,[7 2],130,406,408,276,402
1,<environment.Job instance at 0x14f1d0a4cd70>,89,2,[6 2],131,408,410,277,402
1,<environment.Job instance at 0x14f1d0a4c5f0>,90,3,[9 1],132,410,413,278,402
1,<environment.Job instance at 0x14f1d0a4cb90>,91,14,[2 8],133,416,430,283,402
1,<environment.Job instance at 0x14f1d0a4caa0>,92,2,[5 2],134,412,414,278,402
1,<environment.Job instance at 0x14f1d0a4cbe0>,93,27,[1 7],135,430,457,295,428
1,<environment.Job instance at 0x14f1d0a4c050>,94,21,[1 8],136,431,452,295,428
1,<environment.Job instance at 0x14f1e89cef50>,95,17,[2 8],137,452,469,315,440
1,<environment.Job instance at 0x14f1e89ceb40>,96,2,[6 1],139,457,459,318,440
1,<environment.Job instance at 0x14f1e89cec30>,97,2,[ 1 10],140,469,471,329,442
1,<environment.Job instance at 0x14f1e89ce1e0>,98,3,[9 2],142,459,462,317,442
1,<environment.Job instance at 0x14f1e89ce7d0>,99,2,[5 1],143,457,459,314,442
1,<environment.Job instance at 0x14f1e89ced20>,100,17,[1 9],144,471,488,327,459
1,<environment.Job instance at 0x14f1d07d6c30>,101,3,[9 2],145,462,465,317,459
1,<environment.Job instance at 0x14f1e89ce780>,102,2,[2 9],147,488,490,341,461
1,<environment.Job instance at 0x14f1d09e67d0>,103,15,[2 8],152,490,505,338,476
1,<environment.Job instance at 0x14f1e01b7c30>,104,1,[5 1],153,476,477,323,476
1,<environment.Job instance at 0x14f1e89ce6e0>,105,13,[10  1],155,477,490,322,476
1,<environment.Job instance at 0x14f1e004c320>,106,2,[1 8],157,505,507,348,479
1,<environment.Job instance at 0x14f1e004c870>,107,1,[10  2],158,490,491,332,481
1,<environment.Job instance at 0x14f1e004ca50>,108,3,[2 8],159,507,510,348,482
1,<environment.Job instance at 0x14f1e004c5a0>,109,15,[2 7],160,491,506,331,482
1,<environment.Job instance at 0x14f1e004cdc0>,110,2,[8 2],165,506,508,341,483
1,<environment.Job instance at 0x14f1e01669b0>,111,1,[ 1 12],166,510,511,344,483
1,<environment.Job instance at 0x14f1e0166280>,112,3,[6 2],167,508,511,341,483
1,<environment.Job instance at 0x14f1e0166320>,113,1,[8 1],169,510,511,341,483
1,<environment.Job instance at 0x14f1d0543a00>,1,1,[2 9],4,4,5,0,4
1,<environment.Job instance at 0x14f1e9390370>,3,22,[8 1],5,6,28,1,6
1,<environment.Job instance at 0x14f1e943f320>,14,22,[2 6],19,19,41,0,19
1,<environment.Job instance at 0x14f1e943feb0>,15,1,[ 1 14],20,41,42,21,20
1,<environment.Job instance at 0x14f1ea991b40>,18,2,[9 1],24,28,30,4,24
1,<environment.Job instance at 0x14f1ea991af0>,19,19,[1 5],26,42,61,16,32
1,<environment.Job instance at 0x14f1ea991a50>,22,2,[7 2],30,1039,1041,1009,1039
1,<environment.Job instance at 0x14f1ea991f00>,24,3,[1 8],33,1553,1556,1520,1553
1,<environment.Job instance at 0x14f1e42eb870>,6,1,[ 2 10],17,17,18,0,17
1,<environment.Job instance at 0x14f1ea9c7b40>,11,16,[9 1],24,2837,2853,2813,2837
1,<environment.Job instance at 0x14f1d0780aa0>,4,1,[7 1],5,5,6,0,5
1,<environment.Job instance at 0x14f1d0780e60>,6,2,[1 8],7,7,9,0,7
1,<environment.Job instance at 0x14f1e94c0780>,7,26,[8 1],8,9,35,1,9
1,<environment.Job instance at 0x14f1d0786d70>,12,17,[7 2],13,22,39,9,22
1,<environment.Job instance at 0x14f1d0786500>,11,21,[9 2],12,39,60,27,31
1,<environment.Job instance at 0x14f1e4648b90>,14,2,[2 9],15,39,41,24,39
1,<environment.Job instance at 0x14f1d07862d0>,20,1,[6 1],25,41,42,16,39
1,<environment.Job instance at 0x14f1d0793aa0>,21,28,[14  1],28,61,89,33,61
1,<environment.Job instance at 0x14f1e42de2d0>,29,16,[2 7],37,181,197,144,181
1,<environment.Job instance at 0x14f1d086c3c0>,30,2,[1 8],39,191,193,152,191
1,<environment.Job instance at 0x14f1d09baa50>,31,2,[1 5],40,193,195,153,192
1,<environment.Job instance at 0x14f1d09cb0f0>,32,1,[1 5],41,195,196,154,193
1,<environment.Job instance at 0x14f1d09cbaf0>,33,2,[9 1],42,193,195,151,193
1,<environment.Job instance at 0x14f1d0a928c0>,34,3,[9 2],43,202,205,159,202
1,<environment.Job instance at 0x14f1d0a92690>,35,17,[5 2],44,206,223,162,206
1,<environment.Job instance at 0x14f1d0a92820>,36,2,[2 6],46,241,243,195,241
1,<environment.Job instance at 0x14f1d09d04b0>,37,1,[ 1 10],47,244,245,197,244
1,<environment.Job instance at 0x14f1d09d0e10>,38,1,[2 7],48,262,263,214,262
1,<environment.Job instance at 0x14f1d09d06e0>,40,17,[5 2],50,262,279,212,262
1,<environment.Job instance at 0x14f1d079a460>,41,2,[5 1],52,262,264,210,262
1,<environment.Job instance at 0x14f1d09abd70>,42,2,[8 2],53,264,266,211,262
1,<environment.Job instance at 0x14f1d09d0640>,43,2,[12  1],55,279,281,224,262
1,<environment.Job instance at 0x14f1d09abcd0>,44,14,[1 9],56,263,277,207,262
1,<environment.Job instance at 0x14f1d09ab6e0>,45,1,[2 8],57,277,278,220,262
1,<environment.Job instance at 0x14f1d09ab5f0>,46,18,[10  2],58,281,299,223,270
1,<environment.Job instance at 0x14f1d09d60a0>,47,12,[2 9],59,278,290,219,270
1,<environment.Job instance at 0x14f1d09ab780>,48,15,[2 5],60,290,305,230,276
1,<environment.Job instance at 0x14f1d09ab730>,49,3,[1 6],61,290,293,229,276
1,<environment.Job instance at 0x14f1d072d0f0>,50,2,[1 8],63,293,295,230,276
1,<environment.Job instance at 0x14f1d0928190>,51,17,[7 1],64,299,316,235,287
1,<environment.Job instance at 0x14f1d072d460>,52,16,[8 2],65,305,321,240,292
1,<environment.Job instance at 0x14f1d093f550>,53,3,[1 5],68,295,298,227,292
1,<environment.Job instance at 0x14f1d093f7d0>,54,1,[10  1],69,321,322,252,293
1,<environment.Job instance at 0x14f1e949e870>,55,1,[10  2],70,322,323,252,294
1,<environment.Job instance at 0x14f1d0896280>,56,16,[7 1],71,323,339,252,310
1,<environment.Job instance at 0x14f1d08965a0>,57,1,[1 6],72,316,317,244,310
1,<environment.Job instance at 0x14f1d0896cd0>,58,14,[1 8],73,317,331,244,310
1,<environment.Job instance at 0x14f1d0896f00>,59,2,[5 1],74,316,318,242,310
1,<environment.Job instance at 0x14f1e02bc6e0>,60,2,[7 2],75,323,325,248,310
1,<environment.Job instance at 0x14f1e394f050>,61,1,[1 6],76,316,317,240,310
1,<environment.Job instance at 0x14f1e394f320>,62,3,[2 6],77,325,328,248,310
1,<environment.Job instance at 0x14f1d0881320>,63,3,[1 9],78,331,334,253,310
1,<environment.Job instance at 0x14f1d0881a50>,64,3,[6 1],79,318,321,239,310
1,<environment.Job instance at 0x14f1d09de6e0>,65,15,[6 1],85,328,343,243,314
1,<environment.Job instance at 0x14f1e42ec0f0>,66,2,[7 1],86,339,341,253,314
1,<environment.Job instance at 0x14f1d0881af0>,67,17,[8 1],87,341,358,254,329
1,<environment.Job instance at 0x14f1e42eca50>,68,1,[ 2 13],88,334,335,246,329
1,<environment.Job instance at 0x14f1e42ecf50>,69,2,[2 5],89,335,337,246,329
1,<environment.Job instance at 0x14f1e0299870>,70,3,[9 1],90,358,361,268,332
1,<environment.Job instance at 0x14f1e0299460>,71,16,[2 5],91,343,359,252,332
1,<environment.Job instance at 0x14f1d0a6ba00>,72,1,[5 1],92,343,344,251,332
1,<environment.Job instance at 0x14f1d0a7de60>,73,12,[ 1 10],93,359,371,266,342
1,<environment.Job instance at 0x14f1d0a7dfa0>,75,1,[6 2],97,361,362,264,342
1,<environment.Job instance at 0x14f1d0a7d6e0>,76,3,[5 2],98,344,347,246,342
1,<environment.Job instance at 0x14f1d0a7da50>,77,15,[8 1],99,361,376,262,347
1,<environment.Job instance at 0x14f1d0a7d9b0>,78,3,[2 7],100,347,350,247,347
1,<environment.Job instance at 0x14f1d0a7d190>,79,2,[8 2],102,376,378,274,349
1,<environment.Job instance at 0x14f1d0a7d960>,80,14,[2 9],107,371,385,264,356
1,<environment.Job instance at 0x14f1d0a7d050>,81,1,[5 2],109,356,357,247,356
1,<environment.Job instance at 0x14f1d0a7d280>,82,13,[7 2],110,378,391,268,362
1,<environment.Job instance at 0x14f1d0a7d3c0>,83,1,[7 2],112,385,386,273,362
1,<environment.Job instance at 0x14f1d0a7d730>,84,1,[2 8],113,386,387,273,362
1,<environment.Job instance at 0x14f1d0a7deb0>,85,2,[2 9],114,387,389,273,362
1,<environment.Job instance at 0x14f1d08a5cd0>,86,3,[2 6],115,389,392,274,363
1,<environment.Job instance at 0x14f1d08a50a0>,87,2,[7 1],117,391,393,274,364
1,<environment.Job instance at 0x14f1d08a5b90>,88,1,[ 1 10],118,385,386,267,364
1,<environment.Job instance at 0x14f1d08a5190>,89,26,[2 5],119,389,415,270,386
1,<environment.Job instance at 0x14f1d08a5a00>,90,3,[1 9],121,392,395,271,386
1,<environment.Job instance at 0x14f1d08a5e60>,91,17,[1 5],122,395,412,273,386
1,<environment.Job instance at 0x14f1d08a58c0>,92,3,[8 1],124,393,396,269,386
1,<environment.Job instance at 0x14f1d08a5460>,93,1,[1 8],125,412,413,287,386
1,<environment.Job instance at 0x14f1d08a5500>,94,1,[10  2],129,396,397,267,386
1,<environment.Job instance at 0x14f1d08a5690>,95,2,[2 6],130,413,415,283,386
1,<environment.Job instance at 0x14f1d08a5fa0>,96,1,[1 5],131,386,387,255,386
1,<environment.Job instance at 0x14f1d08a5730>,97,3,[7 2],133,397,400,264,386
1,<environment.Job instance at 0x14f1d08a5870>,98,1,[2 8],134,415,416,281,387
1,<environment.Job instance at 0x14f1d08a5780>,99,18,[1 7],136,415,433,279,404
1,<environment.Job instance at 0x14f1d08a5550>,100,3,[10  1],138,404,407,266,404
1,<environment.Job instance at 0x14f1d08a5c30>,101,2,[ 2 13],139,433,435,294,406
1,<environment.Job instance at 0x14f1d08a5910>,102,3,[7 2],141,407,410,266,406
1,<environment.Job instance at 0x14f1d08a55a0>,103,28,[2 5],143,435,463,292,434
1,<environment.Job instance at 0x14f1d09aa3c0>,104,15,[ 2 10],144,435,450,291,434
1,<environment.Job instance at 0x14f1d09aa410>,105,1,[1 9],145,450,451,305,434
1,<environment.Job instance at 0x14f1d09aafa0>,106,3,[6 2],146,451,454,305,434
1,<environment.Job instance at 0x14f1d09aa500>,107,16,[ 1 11],147,463,479,316,450
1,<environment.Job instance at 0x14f1d09aa370>,108,1,[2 6],148,451,452,303,450
1,<environment.Job instance at 0x14f1d09aa7d0>,109,1,[1 5],150,452,453,302,450
1,<environment.Job instance at 0x14f1d09aa320>,110,2,[2 8],151,453,455,302,450
1,<environment.Job instance at 0x14f1d09aa960>,111,24,[2 9],152,479,503,327,474
1,<environment.Job instance at 0x14f1d09aad70>,112,3,[2 5],155,479,482,324,474
1,<environment.Job instance at 0x14f1d09aa2d0>,113,18,[5 2],157,482,500,325,474
1,<environment.Job instance at 0x14f1d09aaa50>,114,1,[1 6],158,500,501,342,474
1,<environment.Job instance at 0x14f1d09aaaa0>,115,2,[2 6],160,501,503,341,474
1,<environment.Job instance at 0x14f1d09aa6e0>,116,2,[6 2],161,474,476,313,474
1,<environment.Job instance at 0x14f1d09aaa00>,117,3,[2 7],162,503,506,341,477
1,<environment.Job instance at 0x14f1d09aa5f0>,118,1,[10  1],166,477,478,311,477
1,<environment.Job instance at 0x14f1e01a35f0>,119,3,[10  1],167,478,481,311,477
1,<environment.Job instance at 0x14f1e01a3410>,120,2,[6 1],168,481,483,313,477
1,<environment.Job instance at 0x14f1e01a3c30>,121,3,[1 5],169,503,506,334,477
1,<environment.Job instance at 0x14f1d0a7d370>,74,2,[1 7],94,821,823,727,821
1,<environment.Job instance at 0x14f1d0a9da00>,28,2,[11  2],36,880,882,844,880
1,<environment.Job instance at 0x14f1e7793870>,0,1,[9 1],1,1,2,0,1
1,<environment.Job instance at 0x14f1d0a9df00>,1,1,[1 8],2,2,3,0,2
1,<environment.Job instance at 0x14f1d046ac80>,13,1,[2 7],18,18,19,0,18
1,<environment.Job instance at 0x14f1d046c320>,14,2,[ 1 14],20,29,31,9,29
1,<environment.Job instance at 0x14f1d046c460>,16,3,[9 1],22,45,48,23,45
1,<environment.Job instance at 0x14f1d046cb90>,31,2,[7 1],40,48,50,8,45
1,<environment.Job instance at 0x14f1d046e140>,32,14,[5 2],44,45,59,1,45
1,<environment.Job instance at 0x14f1d046efa0>,37,21,[10  2],52,52,73,0,52
1,<environment.Job instance at 0x14f1d046ee60>,39,3,[1 7],55,59,62,4,55
1,<environment.Job instance at 0x14f1d0470370>,41,13,[1 5],61,68,81,7,68
1,<environment.Job instance at 0x14f1d0470230>,42,2,[6 1],63,73,75,10,69
1,<environment.Job instance at 0x14f1d0470640>,44,1,[10  2],65,75,76,10,69
1,<environment.Job instance at 0x14f1d0470550>,45,3,[2 9],66,76,79,10,69
1,<environment.Job instance at 0x14f1d0470690>,46,13,[2 9],67,79,92,12,69
1,<environment.Job instance at 0x14f1d0470960>,47,12,[5 2],69,81,93,12,69
1,<environment.Job instance at 0x14f1d0470be0>,48,1,[9 1],70,76,77,6,71
1,<environment.Job instance at 0x14f1d0470dc0>,49,20,[9 1],71,92,112,21,92
1,<environment.Job instance at 0x14f1d0470eb0>,50,3,[5 1],73,108,111,35,108
1,<environment.Job instance at 0x14f1d0470410>,43,1,[ 1 12],64,111,112,47,111
1,<environment.Job instance at 0x14f1d0470fa0>,51,2,[13  1],74,115,117,41,115
1,<environment.Job instance at 0x14f1d0470e10>,53,1,[5 1],76,117,118,41,116
1,<environment.Job instance at 0x14f1d0470d70>,54,3,[8 1],77,117,120,40,116
1,<environment.Job instance at 0x14f1d0472280>,55,2,[6 2],78,120,122,42,120
1,<environment.Job instance at 0x14f1d0472320>,56,3,[9 2],79,122,125,43,122
1,<environment.Job instance at 0x14f1d046ae10>,10,1,[9 1],12,125,126,113,125
1,<environment.Job instance at 0x14f1d0472370>,58,18,[8 1],88,126,144,38,125
1,<environment.Job instance at 0x14f1d04722d0>,57,2,[1 6],86,130,132,44,130
1,<environment.Job instance at 0x14f1d0472690>,60,1,[7 1],93,132,133,39,130
1,<environment.Job instance at 0x14f1d04724b0>,61,2,[2 6],94,133,135,39,131
1,<environment.Job instance at 0x14f1d0472410>,59,2,[2 8],90,133,135,43,131
1,<environment.Job instance at 0x14f1d04726e0>,62,3,[6 2],96,135,138,39,131
1,<environment.Job instance at 0x14f1d0472870>,64,2,[5 1],98,138,140,40,131
1,<environment.Job instance at 0x14f1d0472960>,65,3,[9 1],99,144,147,45,131
1,<environment.Job instance at 0x14f1d0472a00>,66,1,[7 2],100,140,141,40,132
1,<environment.Job instance at 0x14f1d04729b0>,67,17,[6 2],102,141,158,39,132
1,<environment.Job instance at 0x14f1d0472a50>,68,3,[9 2],104,147,150,43,132
1,<environment.Job instance at 0x14f1d0472b90>,69,2,[2 5],105,138,140,33,132
1,<environment.Job instance at 0x14f1d0472c30>,70,1,[1 9],106,135,136,29,132
1,<environment.Job instance at 0x14f1d0472d20>,71,3,[1 7],107,141,144,34,132
1,<environment.Job instance at 0x14f1d0472dc0>,72,1,[1 8],108,136,137,28,133
1,<environment.Job instance at 0x14f1d0472e10>,73,20,[7 2],109,155,175,46,155
1,<environment.Job instance at 0x14f1d0472fa0>,74,1,[1 9],110,169,170,59,169
1,<environment.Job instance at 0x14f1d0472eb0>,75,2,[2 6],111,171,173,60,171
1,<environment.Job instance at 0x14f1d0472f00>,76,3,[ 2 10],112,173,176,61,171
1,<environment.Job instance at 0x14f1d0474280>,77,13,[2 8],113,176,189,63,172
1,<environment.Job instance at 0x14f1d0474410>,78,1,[8 1],116,175,176,59,172
1,<environment.Job instance at 0x14f1d0474370>,79,3,[1 6],117,176,179,59,174
1,<environment.Job instance at 0x14f1d0474640>,80,2,[1 6],118,179,181,61,174
1,<environment.Job instance at 0x14f1d04746e0>,81,1,[2 5],119,181,182,62,174
1,<environment.Job instance at 0x14f1d0474780>,82,14,[ 2 10],120,189,203,69,174
1,<environment.Job instance at 0x14f1d0474870>,83,1,[ 1 13],121,203,204,82,175
1,<environment.Job instance at 0x14f1d0474960>,84,12,[ 1 14],122,204,216,82,187
1,<environment.Job instance at 0x14f1d04749b0>,85,1,[5 2],123,187,188,64,187
1,<environment.Job instance at 0x14f1d0474b40>,86,12,[2 9],124,216,228,92,199
1,<environment.Job instance at 0x14f1e46685a0>,87,1,[11  1],133,199,200,66,199
1,<environment.Job instance at 0x14f1e466b4b0>,88,2,[5 1],134,200,202,66,199
1,<environment.Job instance at 0x14f1d04cceb0>,89,2,[1 6],135,216,218,81,199
1,<environment.Job instance at 0x14f1e466be60>,90,2,[1 8],136,228,230,92,201
1,<environment.Job instance at 0x14f1e00b30a0>,91,1,[6 1],137,201,202,64,201
1,<environment.Job instance at 0x14f1e00b3910>,92,18,[10  2],139,218,236,79,207
1,<environment.Job instance at 0x14f1e463ac30>,93,1,[6 1],140,207,208,67,207
1,<environment.Job instance at 0x14f1d04cfa50>,94,1,[2 9],141,230,231,89,207
1,<environment.Job instance at 0x14f1e463a910>,95,1,[1 5],142,228,229,86,207
1,<environment.Job instance at 0x14f1e4646410>,96,16,[ 2 10],143,231,247,88,222
1,<environment.Job instance at 0x14f1d04e2910>,97,3,[5 1],144,236,239,92,225
1,<environment.Job instance at 0x14f1d04e2870>,98,3,[1 7],145,247,250,102,225
1,<environment.Job instance at 0x14f1d04e2410>,99,3,[10  2],147,239,242,92,225
1,<environment.Job instance at 0x14f1d04e2500>,100,17,[9 2],149,242,259,93,235
1,<environment.Job instance at 0x14f1d04e20a0>,101,2,[9 2],151,259,261,108,239
1,<environment.Job instance at 0x14f1d04e23c0>,102,2,[2 7],155,255,257,100,255
1,<environment.Job instance at 0x14f1d04e2280>,103,1,[8 1],156,261,262,105,255
1,<environment.Job instance at 0x14f1d04e2780>,104,15,[7 1],157,261,276,104,255
1,<environment.Job instance at 0x14f1d04e2190>,105,1,[1 8],158,257,258,99,255
1,<environment.Job instance at 0x14f1d04c86e0>,106,12,[7 2],159,271,283,112,271
1,<environment.Job instance at 0x14f1d04dab90>,107,13,[1 9],160,273,286,113,273
1,<environment.Job instance at 0x14f1d04e25a0>,108,2,[7 2],161,276,278,115,276
1,<environment.Job instance at 0x14f1d04da7d0>,109,1,[ 2 10],162,286,287,124,276
1,<environment.Job instance at 0x14f1d04d7050>,110,16,[1 7],163,287,303,124,278
1,<environment.Job instance at 0x14f1d04d7550>,111,17,[5 2],165,278,295,113,278
1,<environment.Job instance at 0x14f1d04d5d70>,112,3,[10  1],167,295,298,128,280
1,<environment.Job instance at 0x14f1d04d7640>,113,1,[9 2],168,284,285,116,284
1,<environment.Job instance at 0x14f1d04d76e0>,114,17,[8 1],169,298,315,129,287
1,<environment.Job instance at 0x14f1d0470f00>,52,1,[12  2],75,604,605,529,604
1,<environment.Job instance at 0x14f1d0472820>,63,12,[2 9],97,873,885,776,873
1,<environment.Job instance at 0x14f1d046cf50>,30,16,[2 6],38,926,942,888,926
1,<environment.Job instance at 0x14f1d0a86550>,3,1,[1 5],5,5,6,0,5
1,<environment.Job instance at 0x14f1d0a86140>,4,2,[1 9],6,6,8,0,6
1,<environment.Job instance at 0x14f1e1f94dc0>,12,2,[8 1],16,16,18,0,16
1,<environment.Job instance at 0x14f1d05f8be0>,1,1,[1 7],2,2,3,0,2
1,<environment.Job instance at 0x14f1e00d6870>,8,2,[1 9],13,16,18,3,16
1,<environment.Job instance at 0x14f1d05e0050>,11,18,[10  1],16,17,35,1,17
1,<environment.Job instance at 0x14f1d05e0820>,13,2,[7 1],18,35,37,17,18
1,<environment.Job instance at 0x14f1d05e0960>,14,1,[5 1],19,19,20,0,19
1,<environment.Job instance at 0x14f1d05e0aa0>,15,2,[2 8],20,20,22,0,20
1,<environment.Job instance at 0x14f1d05e09b0>,18,2,[10  1],24,37,39,13,24
1,<environment.Job instance at 0x14f1d05e0e10>,19,22,[5 1],26,26,48,0,26
1,<environment.Job instance at 0x14f1d02ad410>,25,1,[7 2],36,39,40,3,36
1,<environment.Job instance at 0x14f1d02ad780>,26,2,[2 8],37,39,41,2,37
1,<environment.Job instance at 0x14f1d02adaa0>,28,3,[9 2],40,41,44,1,40
1,<environment.Job instance at 0x14f1d02adb90>,29,1,[ 2 10],41,44,45,3,41
1,<environment.Job instance at 0x14f1d02add20>,30,2,[6 2],42,44,46,2,42
1,<environment.Job instance at 0x14f1d02ade60>,31,1,[1 5],44,45,46,1,44
1,<environment.Job instance at 0x14f1d02adf50>,32,2,[5 2],45,46,48,1,45
1,<environment.Job instance at 0x14f1d02adeb0>,33,2,[8 1],46,48,50,2,46
1,<environment.Job instance at 0x14f1d02d7190>,34,2,[8 1],47,50,52,3,47
1,<environment.Job instance at 0x14f1d02d73c0>,35,17,[ 2 10],48,48,65,0,48
1,<environment.Job instance at 0x14f1d02d7500>,36,3,[10  2],49,52,55,3,49
1,<environment.Job instance at 0x14f1d02ad8c0>,27,12,[9 1],38,55,67,17,50
1,<environment.Job instance at 0x14f1d02d72d0>,39,18,[ 2 11],52,65,83,13,54
1,<environment.Job instance at 0x14f1d02d77d0>,40,2,[1 6],53,83,85,30,56
1,<environment.Job instance at 0x14f1d02d7780>,38,3,[2 7],51,83,86,32,65
1,<environment.Job instance at 0x14f1d02d7730>,42,2,[ 1 13],55,86,88,31,65
1,<environment.Job instance at 0x14f1d02d78c0>,43,13,[8 1],56,67,80,11,67
1,<environment.Job instance at 0x14f1d02d7870>,41,16,[1 9],54,88,104,34,75
1,<environment.Job instance at 0x14f1d02d7cd0>,47,3,[5 2],60,75,78,15,75
1,<environment.Job instance at 0x14f1d02d7d70>,48,17,[6 2],64,80,97,16,75
1,<environment.Job instance at 0x14f1d02d7e10>,49,3,[5 2],65,78,81,13,75
1,<environment.Job instance at 0x14f1d02d7aa0>,50,15,[10  2],66,97,112,31,83
1,<environment.Job instance at 0x14f1d02db050>,51,2,[8 2],67,88,90,21,83
1,<environment.Job instance at 0x14f1d02db3c0>,52,2,[11  1],68,112,114,44,85
1,<environment.Job instance at 0x14f1d02db370>,53,1,[8 2],69,90,91,21,85
1,<environment.Job instance at 0x14f1d02db5a0>,54,12,[1 8],70,104,116,34,87
1,<environment.Job instance at 0x14f1d02db550>,55,28,[ 2 10],71,116,144,45,115
1,<environment.Job instance at 0x14f1d082deb0>,56,3,[9 1],74,115,118,41,115
1,<environment.Job instance at 0x14f1e37be370>,57,14,[2 5],76,118,132,42,115
1,<environment.Job instance at 0x14f1e465a9b0>,58,2,[1 8],77,144,146,67,117
1,<environment.Job instance at 0x14f1e00c43c0>,59,1,[5 1],78,132,133,54,117
1,<environment.Job instance at 0x14f1e00c4d70>,60,14,[1 7],79,144,158,65,129
1,<environment.Job instance at 0x14f1e00c4eb0>,62,2,[6 2],83,132,134,49,129
1,<environment.Job instance at 0x14f1e00c4910>,63,2,[1 5],84,134,136,50,129
1,<environment.Job instance at 0x14f1e00c4550>,64,2,[9 2],85,136,138,51,129
1,<environment.Job instance at 0x14f1d02a70f0>,65,1,[9 1],88,138,139,50,129
1,<environment.Job instance at 0x14f1d02a76e0>,66,2,[9 1],89,139,141,50,129
1,<environment.Job instance at 0x14f1e00c4e60>,67,2,[6 2],90,141,143,51,129
1,<environment.Job instance at 0x14f1e21b95a0>,71,2,[ 1 10],95,158,160,63,134
1,<environment.Job instance at 0x14f1e1ca4f50>,72,2,[ 1 11],97,160,162,63,134
1,<environment.Job instance at 0x14f1d0b9b230>,69,17,[2 9],93,2882,2899,2789,2882
1,<environment.Job instance at 0x14f1e1c9e050>,14,2,[1 9],19,21,23,2,21
1,<environment.Job instance at 0x14f1ead8abe0>,17,2,[1 8],23,23,25,0,23
1,<environment.Job instance at 0x14f1ead8a910>,19,2,[2 8],27,36,38,9,36
1,<environment.Job instance at 0x14f1ead8a730>,21,1,[10  2],29,36,37,7,36
1,<environment.Job instance at 0x14f1e1c9ee10>,11,1,[14  2],16,38,39,22,38
1,<environment.Job instance at 0x14f1ead8a5a0>,23,13,[8 1],34,39,52,5,38
1,<environment.Job instance at 0x14f1ead8ac80>,24,2,[10  1],35,52,54,17,38
1,<environment.Job instance at 0x14f1d0802140>,25,18,[8 1],37,54,72,17,45
1,<environment.Job instance at 0x14f1e7777690>,40,1,[1 6],62,66,67,4,66
1,<environment.Job instance at 0x14f1e0178910>,41,1,[1 8],63,66,67,3,66
1,<environment.Job instance at 0x14f1e0178be0>,42,1,[8 2],65,72,73,7,66
1,<environment.Job instance at 0x14f1e89ced70>,39,13,[7 2],61,68,81,7,68
1,<environment.Job instance at 0x14f1e0178af0>,44,2,[14  1],67,81,83,14,68
1,<environment.Job instance at 0x14f1d03035a0>,47,18,[10  2],72,83,101,11,77
1,<environment.Job instance at 0x14f1d06eb3c0>,51,12,[5 2],77,87,99,10,87
1,<environment.Job instance at 0x14f1e4395280>,61,1,[1 7],97,104,105,7,104
1,<environment.Job instance at 0x14f1d082d140>,63,3,[6 2],100,104,107,4,104
1,<environment.Job instance at 0x14f1e464f9b0>,64,17,[6 2],105,105,122,0,105
1,<environment.Job instance at 0x14f1d05f1910>,71,1,[8 1],113,113,114,0,113
1,<environment.Job instance at 0x14f1e0242c30>,72,1,[6 1],114,114,115,0,114
1,<environment.Job instance at 0x14f1ea995aa0>,73,1,[1 9],118,118,119,0,118
1,<environment.Job instance at 0x14f1ea995960>,74,3,[10  2],122,122,125,0,122
1,<environment.Job instance at 0x14f1e8a74050>,69,17,[1 9],111,124,141,13,124
1,<environment.Job instance at 0x14f1e0236aa0>,83,3,[1 5],140,141,144,1,141
1,<environment.Job instance at 0x14f1e0236280>,84,1,[9 1],141,141,142,0,141
1,<environment.Job instance at 0x14f1e426f140>,85,2,[1 7],143,143,145,0,143
1,<environment.Job instance at 0x14f1e426f230>,86,2,[2 5],144,144,146,0,144
1,<environment.Job instance at 0x14f1d0a98690>,5,1,[2 8],6,6,7,0,6
1,<environment.Job instance at 0x14f1d09008c0>,19,1,[2 5],28,190,191,162,190
1,<environment.Job instance at 0x14f1e4252b90>,20,2,[1 8],29,190,192,161,190
1,<environment.Job instance at 0x14f1e42528c0>,21,17,[1 6],30,196,213,166,196
1,<environment.Job instance at 0x14f1d02fba50>,22,17,[10  2],31,199,216,168,199
1,<environment.Job instance at 0x14f1d02fb780>,23,12,[1 7],32,210,222,178,210
1,<environment.Job instance at 0x14f1e01692d0>,25,3,[9 1],37,216,219,179,213
1,<environment.Job instance at 0x14f1e01695a0>,26,27,[9 2],38,219,246,181,217
1,<environment.Job instance at 0x14f1e0169460>,27,2,[7 1],39,246,248,207,242
1,<environment.Job instance at 0x14f1e0169f50>,28,3,[1 6],40,243,246,203,243
1,<environment.Job instance at 0x14f1e43a4050>,29,1,[6 1],41,246,247,205,245
1,<environment.Job instance at 0x14f1e1fa2960>,30,1,[1 5],42,245,246,203,245
1,<environment.Job instance at 0x14f1e43a2910>,31,2,[1 7],43,247,249,204,247
1,<environment.Job instance at 0x14f1e43a2e60>,32,3,[1 7],44,257,260,213,257
1,<environment.Job instance at 0x14f1e21e91e0>,33,1,[1 8],45,276,277,231,276
1,<environment.Job instance at 0x14f1d0a18690>,34,2,[2 5],46,317,319,271,317
1,<environment.Job instance at 0x14f1e1a241e0>,35,3,[1 9],47,327,330,280,327
1,<environment.Job instance at 0x14f1e1a24190>,36,3,[8 1],48,335,338,287,335
1,<environment.Job instance at 0x14f1e1a245f0>,37,1,[2 9],49,335,336,286,335
1,<environment.Job instance at 0x14f1e948e640>,38,3,[1 9],52,336,339,284,336
1,<environment.Job instance at 0x14f1e948edc0>,39,1,[9 1],53,365,366,312,365
1,<environment.Job instance at 0x14f1e948e5a0>,40,3,[1 7],54,373,376,319,373
1,<environment.Job instance at 0x14f1e948e550>,41,2,[1 8],55,374,376,319,374
1,<environment.Job instance at 0x14f1e948e690>,42,16,[10  1],56,417,433,361,417
1,<environment.Job instance at 0x14f1e948e870>,43,3,[5 1],58,430,433,372,430
1,<environment.Job instance at 0x14f1d0302b90>,44,3,[9 2],59,433,436,374,430
1,<environment.Job instance at 0x14f1d0302460>,45,14,[ 1 12],60,433,447,373,433
1,<environment.Job instance at 0x14f1e4616a00>,46,2,[ 1 10],61,447,449,386,433
1,<environment.Job instance at 0x14f1d0302410>,47,1,[9 1],62,449,450,387,449
1,<environment.Job instance at 0x14f1d0302500>,48,2,[1 5],63,466,468,403,466
1,<environment.Job instance at 0x14f1e432c910>,49,1,[6 2],64,514,515,450,514
1,<environment.Job instance at 0x14f1e432caa0>,50,3,[7 2],66,516,519,450,516
1,<environment.Job instance at 0x14f1e432c9b0>,51,13,[1 6],67,518,531,451,518
1,<environment.Job instance at 0x14f1e432c5a0>,52,19,[5 1],68,555,574,487,555
1,<environment.Job instance at 0x14f1d08cd820>,53,1,[5 2],70,559,560,489,559
1,<environment.Job instance at 0x14f1e432c960>,54,3,[1 8],72,571,574,499,571
1,<environment.Job instance at 0x14f1e1f2a0a0>,55,16,[ 1 10],73,574,590,501,574
1,<environment.Job instance at 0x14f1e00c2d70>,56,20,[10  2],74,595,615,521,595
1,<environment.Job instance at 0x14f1e1f2a5a0>,57,15,[2 8],75,616,631,541,616
1,<environment.Job instance at 0x14f1e1f2ab90>,58,1,[1 5],77,633,634,556,633
1,<environment.Job instance at 0x14f1e8d05870>,59,1,[7 2],78,657,658,579,657
1,<environment.Job instance at 0x14f1e8d05c30>,60,3,[ 2 10],80,657,660,577,657
1,<environment.Job instance at 0x14f1e1f3e640>,61,1,[6 2],81,666,667,585,666
1,<environment.Job instance at 0x14f1e1f3e410>,62,3,[10  2],83,677,680,594,677
1,<environment.Job instance at 0x14f1d0270af0>,63,3,[2 7],85,677,680,592,677
1,<environment.Job instance at 0x14f1d0270cd0>,64,15,[7 2],86,680,695,594,677
1,<environment.Job instance at 0x14f1d0270aa0>,65,13,[ 2 10],88,692,705,604,692
1,<environment.Job instance at 0x14f1d0270550>,66,1,[1 5],91,744,745,653,744
1,<environment.Job instance at 0x14f1d0270230>,67,21,[6 2],92,744,765,652,744
1,<environment.Job instance at 0x14f1d0270500>,68,16,[6 1],94,761,777,667,761
1,<environment.Job instance at 0x14f1d0270f50>,69,1,[8 2],95,770,771,675,770
1,<environment.Job instance at 0x14f1d02700f0>,70,2,[ 2 10],96,775,777,679,775
1,<environment.Job instance at 0x14f1d0611870>,71,1,[1 6],97,809,810,712,809
1,<environment.Job instance at 0x14f1d0611c80>,72,1,[ 1 10],102,812,813,710,812
1,<environment.Job instance at 0x14f1e377beb0>,73,14,[2 7],103,885,899,782,885
1,<environment.Job instance at 0x14f1e377b0f0>,74,3,[7 1],104,893,896,789,893
1,<environment.Job instance at 0x14f1e377b7d0>,75,1,[ 1 10],105,899,900,794,893
1,<environment.Job instance at 0x14f1e377bb90>,76,18,[6 1],106,893,911,787,893
1,<environment.Job instance at 0x14f1e377bf50>,77,3,[2 9],107,902,905,795,902
1,<environment.Job instance at 0x14f1e7764af0>,78,14,[ 1 10],108,908,922,800,908
1,<environment.Job instance at 0x14f1e77645a0>,79,18,[2 8],109,1143,1161,1034,1143
1,<environment.Job instance at 0x14f1d0b80b40>,80,27,[7 1],111,1151,1178,1040,1151
1,<environment.Job instance at 0x14f1e94b5e60>,81,18,[8 1],112,1173,1191,1061,1173
1,<environment.Job instance at 0x14f1d0b80c80>,82,2,[6 2],113,1184,1186,1071,1184
1,<environment.Job instance at 0x14f1d05fed70>,83,16,[6 2],115,1186,1202,1071,1184
1,<environment.Job instance at 0x14f1e2a10aa0>,84,2,[2 6],116,1198,1200,1082,1198
1,<environment.Job instance at 0x14f1e2a10460>,85,2,[9 1],118,1200,1202,1082,1198
1,<environment.Job instance at 0x14f1d0271cd0>,86,2,[8 1],120,1202,1204,1082,1200
1,<environment.Job instance at 0x14f1d0271500>,87,1,[ 1 10],123,1202,1203,1079,1201
1,<environment.Job instance at 0x14f1d0271f00>,88,1,[8 1],124,1204,1205,1080,1201
1,<environment.Job instance at 0x14f1d0271550>,89,1,[8 1],125,1205,1206,1080,1201
1,<environment.Job instance at 0x14f1e1c8ed70>,90,3,[2 7],126,1204,1207,1078,1204
1,<environment.Job instance at 0x14f1e1c8ee60>,91,14,[1 9],128,1243,1257,1115,1243
1,<environment.Job instance at 0x14f1ea56d4b0>,92,3,[1 6],132,1311,1314,1179,1311
1,<environment.Job instance at 0x14f1e4638af0>,93,1,[2 7],133,1316,1317,1183,1316
1,<environment.Job instance at 0x14f1ea56d960>,94,12,[5 2],134,1321,1333,1187,1321
1,<environment.Job instance at 0x14f1e4638b90>,95,16,[2 6],135,1322,1338,1187,1322
1,<environment.Job instance at 0x14f1e4638c30>,96,23,[1 9],136,1565,1588,1429,1565
1,<environment.Job instance at 0x14f1e4638e10>,97,3,[1 8],138,1606,1609,1468,1606
1,<environment.Job instance at 0x14f1e4638d70>,98,3,[2 9],142,1613,1616,1471,1613
1,<environment.Job instance at 0x14f1e00b4690>,99,1,[8 2],144,1656,1657,1512,1656
1,<environment.Job instance at 0x14f1e00b40f0>,100,3,[7 1],146,1660,1663,1514,1660
1,<environment.Job instance at 0x14f1e00b4b40>,101,3,[ 2 10],149,1661,1664,1512,1661
1,<environment.Job instance at 0x14f1e00b4500>,102,3,[7 2],151,1663,1666,1512,1661
1,<environment.Job instance at 0x14f1e00b4870>,103,3,[9 2],153,1666,1669,1513,1663
1,<environment.Job instance at 0x14f1e00b4aa0>,104,3,[1 6],156,1664,1667,1508,1664
1,<environment.Job instance at 0x14f1e0145be0>,105,13,[1 5],157,1665,1678,1508,1665
1,<environment.Job instance at 0x14f1e0145870>,106,1,[2 7],158,1667,1668,1509,1666
1,<environment.Job instance at 0x14f1e0145460>,107,2,[2 5],159,1682,1684,1523,1682
1,<environment.Job instance at 0x14f1e0145c80>,108,3,[1 8],160,1710,1713,1550,1710
1,<environment.Job instance at 0x14f1e01453c0>,109,1,[10  2],161,1729,1730,1568,1729
1,<environment.Job instance at 0x14f1e0145b40>,110,18,[1 8],163,1981,1999,1818,1981
1,<environment.Job instance at 0x14f1e0145a50>,111,17,[10  2],165,2041,2058,1876,2041
1,<environment.Job instance at 0x14f1e01456e0>,112,3,[9 2],166,2058,2061,1892,2051
1,<environment.Job instance at 0x14f1e0145e60>,113,12,[8 1],167,2061,2073,1894,2057
1,<environment.Job instance at 0x14f1e01451e0>,114,2,[6 2],168,2069,2071,1901,2069
1,<environment.Job instance at 0x14f1d03b7f00>,10,2,[7 2],17,17,19,0,17
1,<environment.Job instance at 0x14f1d03b7fa0>,11,2,[13  1],18,22,24,4,22
1,<environment.Job instance at 0x14f1d03be3c0>,15,1,[7 1],24,24,25,0,24
1,<environment.Job instance at 0x14f1d03be500>,16,1,[1 5],25,25,26,0,25
1,<environment.Job instance at 0x14f1d03be7d0>,18,17,[6 1],28,29,46,1,29
1,<environment.Job instance at 0x14f1d03bee60>,26,14,[2 8],38,39,53,1,39
1,<environment.Job instance at 0x14f1d03bf320>,27,1,[6 2],40,40,41,0,40
1,<environment.Job instance at 0x14f1d03bf370>,29,1,[1 7],42,49,50,7,49
1,<environment.Job instance at 0x14f1d03bf280>,30,2,[1 8],43,53,55,10,50
1,<environment.Job instance at 0x14f1d03bf500>,31,2,[ 1 10],46,55,57,9,50
1,<environment.Job instance at 0x14f1d03bf5a0>,32,15,[2 9],47,57,72,10,50
1,<environment.Job instance at 0x14f1d03bf640>,33,15,[7 2],48,51,66,3,51
1,<environment.Job instance at 0x14f1d03bf780>,34,13,[9 1],49,66,79,17,51
1,<environment.Job instance at 0x14f1d03bfdc0>,38,14,[2 8],54,72,86,18,61
1,<environment.Job instance at 0x14f1d03bd230>,41,14,[9 1],59,79,93,20,64
1,<environment.Job instance at 0x14f1d03bd280>,42,1,[1 9],60,86,87,26,64
1,<environment.Job instance at 0x14f1d03bd460>,43,1,[10  2],61,93,94,32,65
1,<environment.Job instance at 0x14f1d03bd690>,44,3,[1 7],64,87,90,23,65
1,<environment.Job instance at 0x14f1d03bd7d0>,45,1,[6 2],65,65,66,0,65
1,<environment.Job instance at 0x14f1d03bdaa0>,50,2,[6 1],70,90,92,20,76
1,<environment.Job instance at 0x14f1d03bde60>,53,1,[ 2 10],75,92,93,17,88
1,<environment.Job instance at 0x14f1d03bdaf0>,46,15,[7 2],66,94,109,28,94
1,<environment.Job instance at 0x14f1d03cf500>,56,2,[6 2],81,96,98,15,96
1,<environment.Job instance at 0x14f1d03aa190>,66,17,[6 2],96,98,115,2,96
1,<environment.Job instance at 0x14f1d03aaa00>,72,15,[5 2],103,109,124,6,103
1,<environment.Job instance at 0x14f1d03aad70>,73,2,[7 1],104,115,117,11,104
1,<environment.Job instance at 0x14f1d03aaeb0>,74,1,[1 6],106,106,107,0,106
1,<environment.Job instance at 0x14f1d03aadc0>,75,2,[6 2],107,117,119,10,107
1,<environment.Job instance at 0x14f1d03aad20>,76,2,[10  2],109,119,121,10,109
1,<environment.Job instance at 0x14f1d03d9280>,77,2,[2 7],113,113,115,0,113
1,<environment.Job instance at 0x14f1d03d9410>,78,3,[8 1],114,121,124,7,114
1,<environment.Job instance at 0x14f1d03d9550>,79,1,[8 2],116,124,125,8,116
1,<environment.Job instance at 0x14f1d0ae7230>,84,1,[8 1],126,126,127,0,126
1,<environment.Job instance at 0x14f1d0ae84b0>,85,1,[10  1],127,127,128,0,127
1,<environment.Job instance at 0x14f1d0b4d6e0>,91,3,[7 1],133,133,136,0,133
1,<environment.Job instance at 0x14f1d0b63e10>,92,2,[2 8],135,135,137,0,135
1,<environment.Job instance at 0x14f1d0b4d2d0>,90,3,[10  1],132,136,139,4,135
1,<environment.Job instance at 0x14f1d0b5d730>,94,3,[13  1],137,139,142,2,137
1,<environment.Job instance at 0x14f1d03d9230>,95,3,[2 9],138,138,141,0,138
1,<environment.Job instance at 0x14f1d03d9820>,96,1,[2 9],139,141,142,2,139
1,<environment.Job instance at 0x14f1d03d9960>,97,3,[1 8],144,144,147,0,144
1,<environment.Job instance at 0x14f1d03d9a50>,98,1,[10  1],145,145,146,0,145
1,<environment.Job instance at 0x14f1d03d9be0>,99,1,[7 2],146,147,148,1,147
1,<environment.Job instance at 0x14f1d03d9d20>,101,1,[2 9],148,150,151,2,150
1,<environment.Job instance at 0x14f1d03d9fa0>,102,3,[1 8],150,151,154,1,150
1,<environment.Job instance at 0x14f1d03c8370>,104,1,[1 6],156,157,158,1,157
1,<environment.Job instance at 0x14f1d03c82d0>,105,14,[2 9],158,158,172,0,158
1,<environment.Job instance at 0x14f1d03c8550>,106,2,[6 2],159,159,161,0,159
1,<environment.Job instance at 0x14f1d03c8820>,107,3,[1 6],160,161,164,1,160
1,<environment.Job instance at 0x14f1d03c8910>,108,26,[ 2 10],161,172,198,11,169
1,<environment.Job instance at 0x14f1d03c8af0>,111,1,[9 2],167,169,170,2,169
1,<environment.Job instance at 0x14f1d03c8e10>,112,1,[2 9],168,198,199,30,170
1,<environment.Job instance at 0x14f1d03c8f00>,113,18,[2 7],169,199,217,30,188
1,<environment.Job instance at 0x14f1d03be140>,13,3,[6 2],20,221,224,201,221
1,<environment.Job instance at 0x14f1d03befa0>,25,12,[5 2],36,229,241,193,229
1,<environment.Job instance at 0x14f1d09c4c80>,11,1,[6 1],18,18,19,0,18
1,<environment.Job instance at 0x14f1d0835a50>,26,1,[5 1],38,38,39,0,38
1,<environment.Job instance at 0x14f1d0835910>,34,15,[5 2],52,62,77,10,62
1,<environment.Job instance at 0x14f1e3918b90>,36,2,[8 1],54,74,76,20,74
1,<environment.Job instance at 0x14f1e3918410>,39,1,[1 6],57,75,76,18,75
1,<environment.Job instance at 0x14f1d035a550>,0,1,[7 1],1,1,2,0,1
1,<environment.Job instance at 0x14f1d08359b0>,2,1,[5 1],4,4,5,0,4
1,<environment.Job instance at 0x14f1e1a57e60>,8,3,[ 1 10],10,10,13,0,10
1,<environment.Job instance at 0x14f1e1a57550>,10,2,[1 9],12,13,15,1,12
1,<environment.Job instance at 0x14f1e1a57f00>,12,1,[5 1],18,18,19,0,18
1,<environment.Job instance at 0x14f1e1a4f5f0>,17,1,[ 1 11],26,26,27,0,26
1,<environment.Job instance at 0x14f1e1a4f730>,18,13,[6 1],27,28,41,1,28
1,<environment.Job instance at 0x14f1e1a4f820>,19,19,[7 2],28,29,48,1,29
1,<environment.Job instance at 0x14f1e1a4fc80>,22,1,[2 6],31,31,32,0,31
1,<environment.Job instance at 0x14f1e1a4ff00>,24,1,[2 5],33,33,34,0,33
1,<environment.Job instance at 0x14f1e1a4feb0>,26,2,[10  1],36,48,50,12,36
1,<environment.Job instance at 0x14f1e1a36320>,27,25,[7 2],38,50,75,12,46
1,<environment.Job instance at 0x14f1e1a36640>,32,2,[ 1 10],43,46,48,3,46
1,<environment.Job instance at 0x14f1e1a366e0>,33,1,[2 9],44,48,49,4,46
1,<environment.Job instance at 0x14f1e1a36b40>,37,2,[7 1],49,51,53,2,51
1,<environment.Job instance at 0x14f1e1a36be0>,38,1,[9 2],50,75,76,25,51
1,<environment.Job instance at 0x14f1e1a36c80>,39,2,[5 1],51,53,55,2,51
1,<environment.Job instance at 0x14f1e1a365a0>,31,18,[ 1 12],42,74,92,32,74
1,<environment.Job instance at 0x14f1e1a34460>,45,3,[6 1],60,80,83,20,80
1,<environment.Job instance at 0x14f1e1a345a0>,46,3,[8 2],63,80,83,17,80
1,<environment.Job instance at 0x14f1e1a344b0>,47,18,[7 1],65,83,101,18,80
1,<environment.Job instance at 0x14f1e1a34be0>,54,1,[ 2 12],72,92,93,20,80
1,<environment.Job instance at 0x14f1e1a345f0>,48,3,[2 5],66,96,99,30,96
1,<environment.Job instance at 0x14f1d0a010a0>,66,2,[1 9],89,99,101,10,99
1,<environment.Job instance at 0x14f1d0a01550>,68,2,[1 5],92,101,103,9,101
1,<environment.Job instance at 0x14f1e21b75f0>,65,1,[ 2 10],87,102,103,15,102
1,<environment.Job instance at 0x14f1d0a013c0>,70,2,[ 1 10],95,103,105,8,102
1,<environment.Job instance at 0x14f1d0a01e60>,71,14,[2 5],96,103,117,7,103
1,<environment.Job instance at 0x14f1e21ed320>,72,3,[2 9],97,105,108,8,103
1,<environment.Job instance at 0x14f1e21d8d20>,73,1,[10  1],98,105,106,7,103
1,<environment.Job instance at 0x14f1e21d89b0>,74,2,[2 9],99,108,110,9,103
1,<environment.Job instance at 0x14f1e21e39b0>,75,3,[6 1],101,106,109,5,103
1,<environment.Job instance at 0x14f1d0a11550>,76,2,[8 2],103,110,112,7,103
1,<environment.Job instance at 0x14f1d0a110f0>,77,3,[6 2],105,112,115,7,105
1,<environment.Job instance at 0x14f1d0a11aa0>,81,3,[10  2],111,115,118,4,111
1,<environment.Job instance at 0x14f1d0a11be0>,86,2,[7 1],118,118,120,0,118
1,<environment.Job instance at 0x14f1e438e1e0>,87,1,[1 7],119,119,120,0,119
1,<environment.Job instance at 0x14f1e1ec4aa0>,88,1,[5 2],121,121,122,0,121
1,<environment.Job instance at 0x14f1e43970a0>,92,1,[10  2],128,128,129,0,128
1,<environment.Job instance at 0x14f1e4397960>,93,27,[6 1],129,129,156,0,129
1,<environment.Job instance at 0x14f1e1ed1140>,96,3,[5 1],135,135,138,0,135
1,<environment.Job instance at 0x14f1e21b1280>,99,1,[2 7],138,138,139,0,138
1,<environment.Job instance at 0x14f1e21b1b40>,102,2,[12  2],144,195,197,51,195
1,<environment.Job instance at 0x14f1d0a1fbe0>,0,1,[1 6],1,1,2,0,1
1,<environment.Job instance at 0x14f1d0674910>,7,26,[1 7],10,14,40,4,14
1,<environment.Job instance at 0x14f1d06740f0>,13,3,[2 9],17,40,43,23,39
1,<environment.Job instance at 0x14f1d0677370>,16,1,[8 1],20,39,40,19,39
1,<environment.Job instance at 0x14f1d06a1730>,20,2,[2 5],26,39,41,13,39
1,<environment.Job instance at 0x14f1d06a18c0>,23,25,[ 1 10],31,43,68,12,39
1,<environment.Job instance at 0x14f1d06a1e60>,24,3,[13  1],32,41,44,9,40
1,<environment.Job instance at 0x14f1d06a1690>,25,3,[ 2 10],33,68,71,35,42
1,<environment.Job instance at 0x14f1d06a1820>,26,1,[8 2],35,44,45,9,42
1,<environment.Job instance at 0x14f1d06a1460>,27,2,[8 1],37,45,47,8,42
1,<environment.Job instance at 0x14f1d06a8690>,28,1,[1 5],38,47,48,9,44
1,<environment.Job instance at 0x14f1ea9bd410>,39,2,[2 6],57,71,73,14,57
1,<environment.Job instance at 0x14f1ea9bdaf0>,40,3,[6 2],58,58,61,0,58
1,<environment.Job instance at 0x14f1e376ec80>,44,13,[9 2],65,66,79,1,66
1,<environment.Job instance at 0x14f1ea9d2500>,53,3,[6 1],80,80,83,0,80
1,<environment.Job instance at 0x14f1ea9d2690>,54,2,[8 2],81,81,83,0,81
1,<environment.Job instance at 0x14f1ea9d2af0>,55,3,[11  1],82,83,86,1,82
1,<environment.Job instance at 0x14f1ea9d2820>,57,12,[7 2],84,86,98,2,84
1,<environment.Job instance at 0x14f1ea9d2960>,58,1,[2 6],85,85,86,0,85
1,<environment.Job instance at 0x14f1e378a460>,59,26,[1 6],86,86,112,0,86
1,<environment.Job instance at 0x14f1e378a230>,60,2,[8 1],87,98,100,11,87
1,<environment.Job instance at 0x14f1e378acd0>,61,2,[6 1],88,88,90,0,88
1,<environment.Job instance at 0x14f1e378a550>,64,1,[ 2 10],92,112,113,20,92
1,<environment.Job instance at 0x14f1ea9d2780>,51,16,[1 8],76,113,129,37,101
1,<environment.Job instance at 0x14f1e3787410>,73,2,[8 1],103,103,105,0,103
1,<environment.Job instance at 0x14f1d0a1f050>,74,3,[ 2 10],105,129,132,24,105
1,<environment.Job instance at 0x14f1d0a60b90>,75,1,[1 6],109,109,110,0,109
1,<environment.Job instance at 0x14f1d0a60af0>,76,3,[1 8],110,132,135,22,110
1,<environment.Job instance at 0x14f1e1ec43c0>,77,2,[2 7],112,114,116,2,114
1,<environment.Job instance at 0x14f1d0a600a0>,78,14,[10  1],113,116,130,3,114
1,<environment.Job instance at 0x14f1d0a2d280>,79,2,[2 5],115,116,118,1,115
1,<environment.Job instance at 0x14f1d0a2d910>,80,2,[1 6],116,118,120,2,116
1,<environment.Job instance at 0x14f1d0a2d640>,81,12,[ 1 10],118,135,147,17,118
1,<environment.Job instance at 0x14f1d0a2dd70>,82,3,[9 1],119,130,133,11,119
1,<environment.Job instance at 0x14f1e1eae370>,83,17,[2 8],120,147,164,27,145
1,<environment.Job instance at 0x14f1d0bb50a0>,84,17,[1 8],121,179,196,58,179
1,<environment.Job instance at 0x14f1e3838af0>,85,17,[ 2 11],122,196,213,74,185
1,<environment.Job instance at 0x14f1e21b5f50>,86,25,[ 2 14],123,213,238,90,209
1,<environment.Job instance at 0x14f1e21b5aa0>,87,1,[1 8],124,238,239,114,211
1,<environment.Job instance at 0x14f1e3761960>,88,3,[8 2],127,238,241,111,212
1,<environment.Job instance at 0x14f1e45d5230>,89,3,[2 5],128,238,241,110,212
1,<environment.Job instance at 0x14f1d0af0190>,90,3,[9 1],130,212,215,82,212
1,<environment.Job instance at 0x14f1d03c8960>,91,2,[8 2],131,241,243,110,214
1,<environment.Job instance at 0x14f1e3820cd0>,92,1,[8 1],132,216,217,84,216
1,<environment.Job instance at 0x14f1d0a49820>,93,23,[7 1],133,241,264,108,235
1,<environment.Job instance at 0x14f1ea9a73c0>,94,22,[5 2],134,243,265,109,237
1,<environment.Job instance at 0x14f1e372be60>,95,22,[7 2],136,264,286,128,257
1,<environment.Job instance at 0x14f1e02b9690>,96,2,[2 9],137,257,259,120,257
1,<environment.Job instance at 0x14f1e00da2d0>,97,3,[ 2 10],138,264,267,126,264
1,<environment.Job instance at 0x14f1e4612cd0>,98,1,[2 7],139,267,268,128,265
1,<environment.Job instance at 0x14f1e8d34e10>,99,2,[ 2 10],142,268,270,126,267
1,<environment.Job instance at 0x14f1e38ba230>,100,2,[8 1],143,273,275,130,273
1,<environment.Job instance at 0x14f1d03bfb40>,101,21,[5 1],144,275,296,131,273
1,<environment.Job instance at 0x14f1d09ae8c0>,102,3,[9 1],145,286,289,141,273
1,<environment.Job instance at 0x14f1e429db40>,103,1,[9 2],146,295,296,149,295
1,<environment.Job instance at 0x14f1e429d140>,104,15,[2 6],148,296,311,148,295
1,<environment.Job instance at 0x14f1d07071e0>,105,3,[7 2],150,296,299,146,296
1,<environment.Job instance at 0x14f1e2a29af0>,106,2,[ 2 10],151,311,313,160,299
1,<environment.Job instance at 0x14f1e2a29550>,107,3,[ 1 12],155,313,316,158,299
1,<environment.Job instance at 0x14f1d07535f0>,108,1,[10  1],157,304,305,147,304
1,<environment.Job instance at 0x14f1e00687d0>,109,24,[5 2],158,305,329,147,304
1,<environment.Job instance at 0x14f1e2a29be0>,110,24,[2 7],161,327,351,166,327
1,<environment.Job instance at 0x14f1e0068280>,111,3,[1 8],162,329,332,167,327
1,<environment.Job instance at 0x14f1e3763a50>,112,12,[1 6],164,332,344,168,328
1,<environment.Job instance at 0x14f1ea9e9d20>,113,15,[6 2],167,332,347,165,331
1,<environment.Job instance at 0x14f1ea9e9870>,114,18,[8 1],168,347,365,179,336
1,<environment.Job instance at 0x14f1ea9d24b0>,52,3,[13  1],77,2410,2413,2333,2410
1,<environment.Job instance at 0x14f1d06776e0>,14,17,[1 9],18,2859,2876,2841,2859
1,<environment.Job instance at 0x14f1e4267f50>,7,2,[8 1],11,15,17,4,15
1,<environment.Job instance at 0x14f1e42542d0>,10,1,[5 1],15,15,16,0,15
1,<environment.Job instance at 0x14f1e4254550>,12,2,[2 7],19,19,21,0,19
1,<environment.Job instance at 0x14f1e42540f0>,13,15,[5 1],21,21,36,0,21
1,<environment.Job instance at 0x14f1e4254460>,14,3,[5 2],22,24,27,2,24
1,<environment.Job instance at 0x14f1e42545f0>,15,3,[2 8],23,24,27,1,24
1,<environment.Job instance at 0x14f1e4254640>,17,1,[6 2],26,27,28,1,26
1,<environment.Job instance at 0x14f1e4254cd0>,18,2,[1 7],27,27,29,0,27
1,<environment.Job instance at 0x14f1e4254e10>,19,23,[10  2],28,29,52,1,28
1,<environment.Job instance at 0x14f1e4254f50>,20,3,[6 1],29,52,55,23,31
1,<environment.Job instance at 0x14f1e4254c30>,21,2,[13  2],32,55,57,23,36
1,<environment.Job instance at 0x14f1e4254fa0>,22,2,[5 1],33,38,40,5,38
1,<environment.Job instance at 0x14f1e4266140>,23,1,[8 2],35,52,53,17,39
1,<environment.Job instance at 0x14f1e4254820>,16,1,[2 8],25,42,43,17,42
1,<environment.Job instance at 0x14f1e4266280>,26,19,[8 1],42,57,76,15,47
1,<environment.Job instance at 0x14f1e42661e0>,24,25,[2 7],37,54,79,17,54
1,<environment.Job instance at 0x14f1e4266eb0>,34,1,[1 7],53,71,72,18,71
1,<environment.Job instance at 0x14f1e4266f00>,35,3,[6 2],54,76,79,22,71
1,<environment.Job instance at 0x14f1e425d1e0>,36,1,[8 2],55,79,80,24,73
1,<environment.Job instance at 0x14f1e425d0a0>,37,18,[9 2],56,80,98,24,73
1,<environment.Job instance at 0x14f1e425d280>,38,3,[8 1],57,98,101,41,77
1,<environment.Job instance at 0x14f1e425d140>,39,3,[5 1],58,77,80,19,77
1,<environment.Job instance at 0x14f1e425d320>,40,2,[9 1],59,101,103,42,77
1,<environment.Job instance at 0x14f1e425d460>,41,3,[7 1],61,98,101,37,78
1,<environment.Job instance at 0x14f1e425d5a0>,42,1,[1 9],64,79,80,15,79
1,<environment.Job instance at 0x14f1e425d690>,43,14,[7 1],65,103,117,38,89
1,<environment.Job instance at 0x14f1e425dc30>,47,3,[6 1],75,93,96,18,93
1,<environment.Job instance at 0x14f1e425de60>,50,3,[1 7],79,101,104,22,93
1,<environment.Job instance at 0x14f1e42410a0>,51,2,[8 1],80,104,106,24,93
1,<environment.Job instance at 0x14f1e4241190>,52,2,[7 1],83,106,108,23,93
1,<environment.Job instance at 0x14f1e4241280>,53,15,[7 1],84,108,123,24,94
1,<environment.Job instance at 0x14f1e4241550>,54,3,[1 6],86,113,116,27,113
1,<environment.Job instance at 0x14f1e4241410>,57,3,[1 6],89,116,119,27,114
1,<environment.Job instance at 0x14f1e4241b90>,58,17,[5 1],94,117,134,23,115
1,<environment.Job instance at 0x14f1e4241dc0>,59,2,[1 5],96,117,119,21,115
1,<environment.Job instance at 0x14f1e4241e10>,60,1,[7 2],100,123,124,23,116
1,<environment.Job instance at 0x14f1e4241f50>,61,16,[2 6],101,119,135,18,116
1,<environment.Job instance at 0x14f1e4241fa0>,62,1,[7 2],103,124,125,21,116
1,<environment.Job instance at 0x14f1e4252140>,63,1,[10  2],104,134,135,30,116
1,<environment.Job instance at 0x14f1e4241f00>,64,13,[1 8],105,135,148,30,123
1,<environment.Job instance at 0x14f1e4252370>,67,2,[6 2],111,126,128,15,126
1,<environment.Job instance at 0x14f1e4252410>,68,3,[14  1],112,135,138,23,127
1,<environment.Job instance at 0x14f1e4252230>,69,2,[2 7],115,138,140,23,134
1,<environment.Job instance at 0x14f1e4252b40>,70,18,[5 1],118,140,158,22,135
1,<environment.Job instance at 0x14f1e4252cd0>,71,3,[6 2],120,140,143,20,136
1,<environment.Job instance at 0x14f1e4252b90>,72,2,[10  2],121,148,150,27,136
1,<environment.Job instance at 0x14f1e4252d20>,73,2,[1 6],122,143,145,21,138
1,<environment.Job instance at 0x14f1e4252e60>,74,13,[1 7],124,150,163,26,138
1,<environment.Job instance at 0x14f1e4252f50>,76,3,[8 2],126,145,148,19,138
1,<environment.Job instance at 0x14f1e4232140>,77,13,[8 2],127,150,163,23,139
1,<environment.Job instance at 0x14f1e4232190>,78,22,[7 2],128,163,185,35,156
1,<environment.Job instance at 0x14f1e4232320>,80,3,[9 2],130,185,188,55,160
1,<environment.Job instance at 0x14f1e42325a0>,82,2,[ 2 10],133,172,174,39,172
1,<environment.Job instance at 0x14f1e02a6190>,85,14,[1 6],138,174,188,36,172
1,<environment.Job instance at 0x14f1e4202be0>,87,1,[2 6],140,174,175,34,172
1,<environment.Job instance at 0x14f1e02980f0>,88,3,[7 1],141,175,178,34,172
1,<environment.Job instance at 0x14f1d0a4f6e0>,89,3,[1 7],143,178,181,35,172
1,<environment.Job instance at 0x14f1e1c6ab90>,90,15,[10  2],144,188,203,44,174
1,<environment.Job instance at 0x14f1d09f1be0>,91,2,[5 1],146,181,183,35,174
1,<environment.Job instance at 0x14f1e1f51460>,92,1,[8 1],147,203,204,56,175
1,<environment.Job instance at 0x14f1d06bfeb0>,93,3,[2 9],148,188,191,40,175
1,<environment.Job instance at 0x14f1e389e2d0>,94,18,[2 5],149,191,209,42,180
1,<environment.Job instance at 0x14f1d0846960>,95,21,[1 8],150,191,212,41,184
1,<environment.Job instance at 0x14f1e94a30f0>,96,1,[6 1],151,204,205,53,185
1,<environment.Job instance at 0x14f1e94a3af0>,97,15,[2 6],153,209,224,56,195
1,<environment.Job instance at 0x14f1d0844370>,98,21,[10  2],154,212,233,58,204
1,<environment.Job instance at 0x14f1d0844a50>,99,15,[9 1],155,233,248,78,219
1,<environment.Job instance at 0x14f1d0844a00>,100,1,[5 1],156,224,225,68,219
1,<environment.Job instance at 0x14f1e37cb690>,101,3,[2 6],159,219,222,60,219
1,<environment.Job instance at 0x14f1d0839f50>,102,18,[2 9],160,225,243,65,219
1,<environment.Job instance at 0x14f1e00efaa0>,103,3,[9 1],162,248,251,86,222
1,<environment.Job instance at 0x14f1e00efd20>,104,3,[2 6],163,243,246,80,224
1,<environment.Job instance at 0x14f1e00ef820>,105,2,[8 1],164,251,253,87,224
1,<environment.Job instance at 0x14f1e00ef2d0>,106,12,[10  2],165,253,265,88,236
1,<environment.Job instance at 0x14f1d03c87d0>,107,2,[9 2],166,265,267,99,238
1,<environment.Job instance at 0x14f1e00efb40>,108,2,[2 8],167,243,245,76,238
1,<environment.Job instance at 0x14f1e00ef690>,109,1,[1 5],169,238,239,69,238
1,<environment.Job instance at 0x14777daeeb40>,7,1,[2 6],8,8,9,0,8
1,<environment.Job instance at 0x147775f295a0>,9,2,[6 1],11,11,13,0,11
1,<environment.Job instance at 0x147775f93050>,11,3,[1 8],13,13,16,0,13
1,<environment.Job instance at 0x147775f93730>,12,3,[1 8],14,16,19,2,14
1,<environment.Job instance at 0x147775f93870>,13,2,[8 1],17,17,19,0,17
1,<environment.Job instance at 0x147775f93a00>,14,2,[ 1 10],18,19,21,1,18
1,<environment.Job instance at 0x147775f93640>,15,1,[ 1 10],20,21,22,1,20
1,<environment.Job instance at 0x147775f53780>,20,2,[ 1 13],27,27,29,0,27
1,<environment.Job instance at 0x147775f53910>,22,1,[2 7],30,30,31,0,30
1,<environment.Job instance at 0x147775ecbb40>,32,3,[2 9],42,42,45,0,42
1,<environment.Job instance at 0x147775e97aa0>,33,1,[2 7],43,45,46,2,43
1,<environment.Job instance at 0x1477744b09b0>,37,2,[ 1 10],50,54,56,4,54
1,<environment.Job instance at 0x14777448f050>,38,1,[8 1],51,54,55,3,54
1,<environment.Job instance at 0x147774241be0>,39,3,[1 5],52,55,58,3,54
1,<environment.Job instance at 0x1477744915a0>,40,3,[1 6],53,56,59,3,54
1,<environment.Job instance at 0x14777426aeb0>,15,1,[1 7],23,23,24,0,23
1,<environment.Job instance at 0x14777426aa50>,16,1,[2 9],24,24,25,0,24
1,<environment.Job instance at 0x14777426a1e0>,22,3,[8 1],32,52,55,20,52
1,<environment.Job instance at 0x14777426a550>,23,2,[2 5],33,52,54,19,52
1,<environment.Job instance at 0x14777426afa0>,14,13,[ 2 10],22,54,67,32,52
1,<environment.Job instance at 0x1477744ecdc0>,27,18,[8 1],38,55,73,17,53
1,<environment.Job instance at 0x1477744ec870>,30,17,[7 1],42,76,93,34,76
1,<environment.Job instance at 0x147773ff1e10>,38,2,[8 1],56,76,78,20,76
1,<environment.Job instance at 0x147773ff1690>,40,2,[1 5],59,82,84,23,82
1,<environment.Job instance at 0x1477744913c0>,47,1,[2 8],72,83,84,11,83
1,<environment.Job instance at 0x147774491230>,48,18,[10  1],76,93,111,17,83
1,<environment.Job instance at 0x14777454f9b0>,49,2,[7 2],77,89,91,12,89
1,<environment.Job instance at 0x14777b939410>,57,15,[2 8],88,92,107,4,92
1,<environment.Job instance at 0x1477768b2640>,58,16,[1 7],89,107,123,18,94
1,<environment.Job instance at 0x14777b932780>,60,2,[6 2],92,111,113,19,94
1,<environment.Job instance at 0x14777b2dab40>,61,1,[1 5],93,94,95,1,94
1,<environment.Job instance at 0x14777696f7d0>,62,16,[1 7],94,113,129,19,108
1,<environment.Job instance at 0x14777b2d0b40>,64,3,[ 1 13],96,129,132,33,108
1,<environment.Job instance at 0x14777b07fbe0>,63,3,[ 2 10],95,132,135,37,108
1,<environment.Job instance at 0x14777b0ad690>,67,1,[2 8],101,123,124,22,108
1,<environment.Job instance at 0x14777b0ad910>,68,1,[7 1],102,111,112,9,108
1,<environment.Job instance at 0x14777b04c050>,69,18,[5 2],103,124,142,21,115
1,<environment.Job instance at 0x14777b91b7d0>,70,2,[8 2],105,124,126,19,115
1,<environment.Job instance at 0x14777b91b370>,71,3,[1 7],106,135,138,29,115
1,<environment.Job instance at 0x14777b91b3c0>,72,18,[8 1],107,132,150,25,121
1,<environment.Job instance at 0x14777b91ba00>,73,1,[5 2],108,126,127,18,121
1,<environment.Job instance at 0x14777b93dfa0>,74,1,[1 8],109,138,139,29,122
1,<environment.Job instance at 0x14777b93d780>,75,3,[1 7],110,139,142,29,122
1,<environment.Job instance at 0x14777b93de60>,76,2,[5 2],112,127,129,15,122
1,<environment.Job instance at 0x14777b93deb0>,77,2,[1 7],114,142,144,28,122
1,<environment.Job instance at 0x14777b93d870>,78,2,[5 2],115,142,144,27,122
1,<environment.Job instance at 0x14777b93df00>,79,1,[1 6],117,144,145,27,122
1,<environment.Job instance at 0x14777b93d320>,80,12,[7 1],118,145,157,27,129
1,<environment.Job instance at 0x14777b93d370>,81,2,[10  1],119,157,159,38,130
1,<environment.Job instance at 0x14777b93dbe0>,82,3,[2 7],120,150,153,30,130
1,<environment.Job instance at 0x14777454f910>,55,2,[ 2 12],86,161,163,75,161
1,<environment.Job instance at 0x14777b052eb0>,83,17,[7 1],122,161,178,39,161
1,<environment.Job instance at 0x14777afdc5a0>,86,12,[7 2],127,163,175,36,162
1,<environment.Job instance at 0x14777b0767d0>,93,2,[ 1 10],137,169,171,32,169
1,<environment.Job instance at 0x14777b076d70>,95,21,[7 2],140,175,196,35,169
1,<environment.Job instance at 0x14777b076a00>,96,13,[5 2],141,178,191,37,171
1,<environment.Job instance at 0x14777b076a50>,99,3,[5 1],144,191,194,47,173
1,<environment.Job instance at 0x14777b0729b0>,100,3,[1 7],149,176,179,27,176
1,<environment.Job instance at 0x14777b0725f0>,102,20,[8 2],152,194,214,42,185
1,<environment.Job instance at 0x14777b0727d0>,103,2,[10  1],153,214,216,61,187
1,<environment.Job instance at 0x14777b0723c0>,104,3,[1 9],154,187,190,33,187
1,<environment.Job instance at 0x14777b072550>,105,3,[1 8],158,190,193,32,187
1,<environment.Job instance at 0x14777b0726e0>,106,2,[2 7],161,196,198,35,187
1,<environment.Job instance at 0x14777b072050>,107,2,[9 2],162,216,218,54,189
1,<environment.Job instance at 0x14777afd3320>,108,3,[5 2],163,196,199,33,189
1,<environment.Job instance at 0x14777b072870>,109,16,[7 2],164,218,234,54,211
1,<environment.Job instance at 0x14777b2ddcd0>,115,3,[5 2],174,211,214,37,211
1,<environment.Job instance at 0x14777b2dd910>,116,2,[ 2 10],175,211,213,36,211
1,<environment.Job instance at 0x14777b2dd410>,117,15,[8 2],176,218,233,42,211
1,<environment.Job instance at 0x14777b2d05a0>,66,21,[ 2 13],100,233,254,133,225
1,<environment.Job instance at 0x14777b2dd230>,118,17,[10  1],178,243,260,65,243
1,<environment.Job instance at 0x14777426a370>,12,3,[5 2],20,254,257,234,253
1,<environment.Job instance at 0x1477769041e0>,59,13,[ 1 11],91,277,290,186,277
1,<environment.Job instance at 0x147733154e10>,0,1,[6 2],1,1,2,0,1
1,<environment.Job instance at 0x147733154640>,6,1,[1 9],13,23,24,10,23
1,<environment.Job instance at 0x14777ba07f50>,18,2,[ 1 10],29,29,31,0,29
1,<environment.Job instance at 0x14777ba07780>,20,2,[2 9],31,38,40,7,38
1,<environment.Job instance at 0x14777ba07320>,22,18,[6 2],36,38,56,2,38
1,<environment.Job instance at 0x14777ba07640>,21,3,[9 1],34,40,43,6,38
1,<environment.Job instance at 0x14777ba07230>,24,3,[5 1],40,43,46,3,40
1,<environment.Job instance at 0x14777ba073c0>,25,14,[1 6],42,45,59,3,45
1,<environment.Job instance at 0x14777ba07370>,26,2,[5 1],43,46,48,3,45
1,<environment.Job instance at 0x14777ba07500>,27,1,[2 7],44,48,49,4,45
1,<environment.Job instance at 0x14777b97fa00>,28,2,[10  2],45,56,58,11,45
1,<environment.Job instance at 0x14777b97fc30>,29,2,[6 1],46,49,51,3,48
1,<environment.Job instance at 0x14777b97f190>,31,3,[6 2],51,51,54,0,51
1,<environment.Job instance at 0x14777b97f230>,32,2,[5 2],52,54,56,2,54
1,<environment.Job instance at 0x14777b9a6aa0>,34,2,[9 2],55,58,60,3,55
1,<environment.Job instance at 0x14777b9a6f00>,35,1,[7 2],56,60,61,4,56
1,<environment.Job instance at 0x14777b9a6140>,36,3,[1 7],58,58,61,0,58
1,<environment.Job instance at 0x14777b9a6410>,37,14,[1 6],59,59,73,0,59
1,<environment.Job instance at 0x14777b9a6960>,38,14,[1 9],60,61,75,1,60
1,<environment.Job instance at 0x14777b9a6780>,39,3,[6 1],63,73,76,10,63
1,<environment.Job instance at 0x147733154b90>,2,15,[ 1 11],7,75,90,68,71
1,<environment.Job instance at 0x14777b9a6eb0>,45,3,[8 1],69,73,76,4,71
1,<environment.Job instance at 0x14777b309aa0>,46,3,[8 1],73,76,79,3,73
1,<environment.Job instance at 0x14777b309cd0>,47,1,[10  1],74,79,80,5,74
1,<environment.Job instance at 0x14777b9a6320>,40,26,[9 1],64,80,106,16,80
1,<environment.Job instance at 0x14777b3091e0>,49,15,[2 8],78,90,105,12,80
1,<environment.Job instance at 0x14777ba07b90>,23,16,[1 5],38,90,106,52,81
1,<environment.Job instance at 0x14777b3090a0>,52,1,[2 6],83,105,106,22,91
1,<environment.Job instance at 0x14777b309870>,55,3,[2 9],87,106,109,19,91
1,<environment.Job instance at 0x14777b309d20>,58,2,[1 9],91,109,111,18,95
1,<environment.Job instance at 0x14777b3093c0>,56,1,[5 1],89,106,107,17,97
1,<environment.Job instance at 0x14777b309eb0>,50,16,[2 8],79,111,127,32,98
1,<environment.Job instance at 0x14777450c2d0>,62,3,[1 6],97,107,110,10,98
1,<environment.Job instance at 0x14777450c820>,63,2,[8 2],98,110,112,12,98
1,<environment.Job instance at 0x14777450c870>,64,14,[9 1],100,112,126,12,100
1,<environment.Job instance at 0x14777450cd20>,65,3,[10  1],101,126,129,25,101
1,<environment.Job instance at 0x14777450c640>,66,2,[1 7],102,127,129,25,102
1,<environment.Job instance at 0x14777450c690>,67,15,[1 5],103,111,126,8,103
1,<environment.Job instance at 0x147774509730>,68,3,[1 9],104,129,132,25,104
1,<environment.Job instance at 0x147774509500>,69,2,[1 8],106,132,134,26,106
1,<environment.Job instance at 0x1477745094b0>,70,2,[1 5],108,126,128,18,108
1,<environment.Job instance at 0x147774509550>,71,15,[10  1],109,129,144,20,115
1,<environment.Job instance at 0x147774509460>,72,1,[2 8],110,134,135,24,115
1,<environment.Job instance at 0x147774509aa0>,73,1,[8 2],111,144,145,33,116
1,<environment.Job instance at 0x14777b309af0>,53,2,[1 5],85,130,132,45,130
1,<environment.Job instance at 0x147774509370>,74,14,[14  1],112,145,159,33,130
1,<environment.Job instance at 0x147733157e10>,76,3,[10  1],116,159,162,43,133
1,<environment.Job instance at 0x147733157d20>,77,3,[10  2],117,162,165,45,156
1,<environment.Job instance at 0x14773313af00>,79,2,[1 7],121,157,159,36,157
1,<environment.Job instance at 0x147733152eb0>,80,1,[1 5],122,159,160,37,157
1,<environment.Job instance at 0x147733051690>,81,18,[8 2],123,165,183,42,157
1,<environment.Job instance at 0x147732ee2c30>,82,3,[1 6],124,159,162,35,158
1,<environment.Job instance at 0x147732f69780>,83,16,[1 5],125,160,176,35,158
1,<environment.Job instance at 0x1477331f00f0>,84,2,[ 1 10],126,176,178,50,158
1,<environment.Job instance at 0x1477331f09b0>,85,17,[2 9],127,178,195,51,166
1,<environment.Job instance at 0x147732ecb500>,86,15,[7 2],128,183,198,55,169
1,<environment.Job instance at 0x147733177410>,87,16,[2 8],129,195,211,66,182
1,<environment.Job instance at 0x1477332ddbe0>,88,3,[6 1],130,183,186,53,183
1,<environment.Job instance at 0x1477332dd910>,89,2,[1 8],131,211,213,80,184
1,<environment.Job instance at 0x1477332dd500>,90,3,[2 8],132,213,216,81,187
1,<environment.Job instance at 0x1477332ddf50>,91,2,[2 8],133,216,218,83,189
1,<environment.Job instance at 0x147733089a50>,92,3,[5 2],136,189,192,53,189
1,<environment.Job instance at 0x147733020b40>,93,1,[6 2],138,192,193,54,189
1,<environment.Job instance at 0x1477330eb960>,94,2,[2 8],139,218,220,79,191
1,<environment.Job instance at 0x1477330ebf00>,95,1,[6 2],141,193,194,52,191
1,<environment.Job instance at 0x1477330898c0>,96,1,[2 9],142,220,221,78,192
1,<environment.Job instance at 0x1477331073c0>,97,27,[ 2 10],143,221,248,78,219
1,<environment.Job instance at 0x14773305e190>,98,2,[10  1],144,219,221,75,219
1,<environment.Job instance at 0x14773305eb90>,99,2,[2 7],146,248,250,102,221
1,<environment.Job instance at 0x14773305ef00>,100,1,[5 2],147,221,222,74,221
1,<environment.Job instance at 0x147733127c80>,101,1,[2 5],148,222,223,74,221
1,<environment.Job instance at 0x1477330da460>,102,2,[ 1 10],150,250,252,100,223
1,<environment.Job instance at 0x1477330e94b0>,103,3,[2 5],151,223,226,72,223
1,<environment.Job instance at 0x1477330e9460>,104,12,[6 1],152,226,238,74,223
1,<environment.Job instance at 0x1477330e9f00>,105,2,[5 2],153,226,228,73,223
1,<environment.Job instance at 0x147732f68730>,106,1,[7 1],156,228,229,72,223
1,<environment.Job instance at 0x1477330df500>,107,2,[7 1],157,229,231,72,223
1,<environment.Job instance at 0x147732edd4b0>,108,1,[7 2],158,231,232,73,223
1,<environment.Job instance at 0x1477330a8c80>,109,3,[10  2],159,238,241,79,223
1,<environment.Job instance at 0x1477330a8550>,110,2,[5 2],160,232,234,72,223
1,<environment.Job instance at 0x1477330a8820>,111,15,[1 8],162,252,267,90,238
1,<environment.Job instance at 0x14773310b730>,112,3,[1 7],163,252,255,89,238
1,<environment.Job instance at 0x1477330a8780>,113,19,[2 9],166,267,286,101,257
1,<environment.Job instance at 0x147732f650f0>,114,13,[12  2],167,257,270,90,257
1,<environment.Job instance at 0x147732f65eb0>,115,17,[9 2],168,270,287,102,258
1,<environment.Job instance at 0x147732f65d70>,116,1,[6 2],169,286,287,117,258
1,<environment.Job instance at 0x147733200cd0>,117,2,[1 5],170,258,260,88,258
1,<environment.Job instance at 0x1477332008c0>,118,1,[1 7],171,287,288,116,259
1,<environment.Job instance at 0x147733200820>,119,3,[2 7],172,287,290,115,261
1,<environment.Job instance at 0x147733200f50>,120,2,[1 5],173,261,263,88,261
1,<environment.Job instance at 0x1477331443c0>,121,1,[1 9],175,290,291,115,262
1,<environment.Job instance at 0x147733144820>,122,1,[2 5],176,263,264,87,262
1,<environment.Job instance at 0x147733144f00>,123,15,[7 1],177,287,302,110,273
1,<environment.Job instance at 0x1477331b6050>,124,1,[2 6],178,288,289,110,273
1,<environment.Job instance at 0x1477331e7410>,78,3,[ 2 11],120,303,306,183,303
1,<environment.Job instance at 0x14777450ce10>,61,16,[2 6],96,371,387,275,371
1,<environment.Job instance at 0x147733153c80>,9,18,[ 1 10],16,421,439,405,421
1,<environment.Job instance at 0x147733368f00>,7,1,[1 8],9,9,10,0,9
1,<environment.Job instance at 0x1477332dbaf0>,9,2,[2 6],11,11,13,0,11
1,<environment.Job instance at 0x1477332db050>,11,2,[10  2],13,13,15,0,13
1,<environment.Job instance at 0x1477332dbf50>,16,2,[7 2],20,24,26,4,24
1,<environment.Job instance at 0x1477332db3c0>,17,13,[5 1],21,24,37,3,24
1,<environment.Job instance at 0x1477332dbc80>,18,2,[1 8],22,24,26,2,24
1,<environment.Job instance at 0x1477332db140>,19,14,[6 1],23,26,40,3,24
1,<environment.Job instance at 0x1477332db190>,20,1,[2 5],24,26,27,2,24
1,<environment.Job instance at 0x1477332db4b0>,15,15,[2 6],19,47,62,28,47
1,<environment.Job instance at 0x147732cd2550>,26,1,[ 2 10],30,62,63,32,48
1,<environment.Job instance at 0x147732cd28c0>,27,2,[10  2],32,48,50,16,48
1,<environment.Job instance at 0x147732cd2f50>,28,3,[7 1],36,50,53,14,48
1,<environment.Job instance at 0x147776c42be0>,29,3,[2 8],37,50,53,13,48
1,<environment.Job instance at 0x147776c42eb0>,30,3,[1 9],38,53,56,15,48
1,<environment.Job instance at 0x147776c42a50>,31,16,[10  1],39,56,72,17,48
1,<environment.Job instance at 0x147776c42230>,32,3,[2 9],40,63,66,23,50
1,<environment.Job instance at 0x147732cd2280>,25,25,[12  1],29,72,97,43,68
1,<environment.Job instance at 0x147776c42320>,33,23,[1 6],41,76,99,35,76
1,<environment.Job instance at 0x147776ba9c80>,49,16,[1 5],71,82,98,11,82
1,<environment.Job instance at 0x147776ba9780>,50,1,[1 9],72,98,99,26,82
1,<environment.Job instance at 0x147776ba93c0>,51,3,[2 9],74,99,102,25,84
1,<environment.Job instance at 0x147774786cd0>,52,1,[10  2],75,97,98,22,85
1,<environment.Job instance at 0x147774786d20>,53,1,[5 2],76,99,100,23,85
1,<environment.Job instance at 0x147774786be0>,54,26,[2 8],78,109,135,31,109
1,<environment.Job instance at 0x1477332d27d0>,61,1,[6 2],92,110,111,18,110
1,<environment.Job instance at 0x1477332d2e10>,62,3,[10  2],94,111,114,17,111
1,<environment.Job instance at 0x1477332d24b0>,63,3,[5 1],98,114,117,16,111
1,<environment.Job instance at 0x147776c07550>,64,1,[2 8],99,135,136,36,111
1,<environment.Job instance at 0x147733348dc0>,65,2,[7 2],100,122,124,22,122
1,<environment.Job instance at 0x147733281f00>,71,21,[1 8],106,136,157,30,128
1,<environment.Job instance at 0x1477332818c0>,72,17,[2 8],107,157,174,50,145
1,<environment.Job instance at 0x147732ae15a0>,78,3,[9 2],115,159,162,44,159
1,<environment.Job instance at 0x147732be80a0>,81,1,[5 1],123,162,163,39,159
1,<environment.Job instance at 0x147732be84b0>,82,13,[10  1],125,163,176,38,159
1,<environment.Job instance at 0x147732be9eb0>,83,2,[1 8],127,174,176,47,159
1,<environment.Job instance at 0x147732b85b90>,88,1,[ 1 12],136,176,177,40,163
1,<environment.Job instance at 0x147732b94460>,10,1,[10  2],17,29,30,12,29
1,<environment.Job instance at 0x147732b94f50>,11,2,[7 2],18,30,32,12,29
1,<environment.Job instance at 0x147732b94dc0>,8,3,[1 7],14,29,32,15,29
1,<environment.Job instance at 0x147732b940f0>,13,3,[1 5],20,29,32,9,29
1,<environment.Job instance at 0x147732b94d70>,14,12,[2 9],22,32,44,10,29
1,<environment.Job instance at 0x147732b94870>,15,3,[9 2],23,38,41,15,38
1,<environment.Job instance at 0x147732b94550>,17,2,[1 8],25,44,46,19,38
1,<environment.Job instance at 0x147732b94f00>,18,12,[1 7],27,44,56,17,38
1,<environment.Job instance at 0x147732b948c0>,19,1,[ 1 10],29,56,57,27,38
1,<environment.Job instance at 0x147732b94500>,20,19,[2 5],30,46,65,16,39
1,<environment.Job instance at 0x147732b96a00>,23,2,[6 2],33,46,48,13,44
1,<environment.Job instance at 0x147732b94730>,21,17,[2 9],31,57,74,26,45
1,<environment.Job instance at 0x147732b96910>,25,1,[6 1],36,47,48,11,47
1,<environment.Job instance at 0x147732b96460>,28,1,[1 6],40,65,66,25,52
1,<environment.Job instance at 0x147732b96cd0>,29,3,[8 2],41,66,69,25,57
1,<environment.Job instance at 0x147732b96820>,30,1,[1 7],42,74,75,32,57
1,<environment.Job instance at 0x147732b96370>,31,1,[6 2],43,69,70,26,57
1,<environment.Job instance at 0x147732b96b40>,32,2,[2 7],44,74,76,30,57
1,<environment.Job instance at 0x14777b938dc0>,45,25,[9 1],61,90,115,29,90
1,<environment.Job instance at 0x147775d51be0>,33,16,[ 2 10],45,90,106,45,90
1,<environment.Job instance at 0x147776b7e780>,50,3,[2 7],68,106,109,38,90
1,<environment.Job instance at 0x147776b7e190>,51,15,[7 2],69,115,130,46,101
1,<environment.Job instance at 0x147776b7e410>,53,2,[2 9],71,109,111,38,101
1,<environment.Job instance at 0x14777b96d3c0>,54,2,[1 5],72,106,108,34,101
1,<environment.Job instance at 0x147733348a00>,55,16,[1 8],73,111,127,38,101
1,<environment.Job instance at 0x147732abe960>,56,14,[2 6],75,127,141,52,112
1,<environment.Job instance at 0x147732f0c780>,58,17,[2 5],77,112,129,35,112
1,<environment.Job instance at 0x147732d8cf50>,59,2,[10  2],78,130,132,52,112
1,<environment.Job instance at 0x14777b2cfd70>,60,15,[9 2],80,132,147,52,118
1,<environment.Job instance at 0x14777d351cd0>,61,2,[5 2],81,141,143,60,118
1,<environment.Job instance at 0x14777b2cfcd0>,62,2,[5 1],82,143,145,61,118
1,<environment.Job instance at 0x147775e039b0>,63,1,[1 7],83,129,130,46,118
1,<environment.Job instance at 0x147732d904b0>,64,17,[9 1],86,147,164,61,135
1,<environment.Job instance at 0x147732b355f0>,82,1,[8 2],108,164,165,56,153
1,<environment.Job instance at 0x147732b35a00>,83,1,[5 2],109,153,154,44,153
1,<environment.Job instance at 0x147732b35820>,84,1,[7 1],110,164,165,54,153
1,<environment.Job instance at 0x147732b35af0>,85,1,[1 8],111,153,154,42,153
1,<environment.Job instance at 0x147732b359b0>,86,2,[6 2],112,154,156,42,153
1,<environment.Job instance at 0x147775e2b460>,88,1,[6 2],115,156,157,41,153
1,<environment.Job instance at 0x147775e2b370>,90,2,[ 1 10],118,157,159,39,153
1,<environment.Job instance at 0x14777afcd6e0>,97,1,[13  1],125,181,182,56,181
1,<environment.Job instance at 0x1477332e2eb0>,99,1,[5 1],127,183,184,56,183
1,<environment.Job instance at 0x147732abc9b0>,76,17,[12  1],100,184,201,84,183
1,<environment.Job instance at 0x1477332e2500>,101,3,[5 2],129,201,204,72,183
1,<environment.Job instance at 0x1477332e2410>,102,2,[8 2],130,201,203,71,183
1,<environment.Job instance at 0x14777689d500>,105,13,[7 2],134,203,216,69,187
1,<environment.Job instance at 0x147733041230>,107,15,[ 2 10],136,187,202,51,187
1,<environment.Job instance at 0x1477330416e0>,108,3,[10  2],137,216,219,79,190
1,<environment.Job instance at 0x147732f4b960>,109,3,[2 5],139,202,205,63,190
1,<environment.Job instance at 0x147733041870>,110,17,[1 7],140,204,221,64,192
1,<environment.Job instance at 0x1477330eed20>,112,2,[2 9],142,221,223,79,194
1,<environment.Job instance at 0x147732bb3f00>,113,2,[2 7],143,219,221,76,194
1,<environment.Job instance at 0x147732bb3690>,114,18,[6 1],145,219,237,74,208
1,<environment.Job instance at 0x147732aef820>,118,1,[ 1 14],150,223,224,73,208
1,<environment.Job instance at 0x147732aef2d0>,119,16,[6 2],151,224,240,73,211
1,<environment.Job instance at 0x147732aef320>,120,1,[6 1],152,211,212,59,211
1,<environment.Job instance at 0x147733367910>,121,2,[9 1],154,237,239,83,211
1,<environment.Job instance at 0x147733281a50>,122,19,[1 5],156,239,258,83,231
1,<environment.Job instance at 0x14777b989870>,127,3,[1 8],163,239,242,76,237
1,<environment.Job instance at 0x147775e835f0>,128,1,[ 2 10],164,242,243,78,239
1,<environment.Job instance at 0x147775e835a0>,129,2,[7 2],166,246,248,80,246
1,<environment.Job instance at 0x147775e83f50>,130,1,[6 1],167,247,248,80,247
1,<environment.Job instance at 0x147775e83b90>,131,2,[6 1],169,248,250,79,247
1,<environment.Job instance at 0x147775e83d20>,132,17,[1 7],170,247,264,77,247
1,<environment.Job instance at 0x147775e83820>,133,15,[10  2],174,250,265,76,247
1,<environment.Job instance at 0x147775e83320>,134,2,[7 2],175,265,267,90,257
1,<environment.Job instance at 0x147775e83aa0>,135,1,[1 5],177,258,259,81,257
1,<environment.Job instance at 0x147732ac9460>,136,14,[5 2],179,264,278,85,257
1,<environment.Job instance at 0x14777daad280>,1,1,[7 1],4,4,5,0,4
1,<environment.Job instance at 0x147732ecb5a0>,5,2,[ 1 10],8,8,10,0,8
1,<environment.Job instance at 0x147732ecb0a0>,7,1,[2 6],12,12,13,0,12
1,<environment.Job instance at 0x1477331e7fa0>,9,1,[5 1],14,14,15,0,14
1,<environment.Job instance at 0x147732ecc820>,19,3,[ 2 13],32,33,36,1,33
1,<environment.Job instance at 0x147732ecc3c0>,21,1,[ 2 10],34,38,39,4,38
1,<environment.Job instance at 0x147732ecc910>,23,1,[1 7],38,39,40,1,38
1,<environment.Job instance at 0x147732ecc0f0>,24,1,[1 7],40,40,41,0,40
1,<environment.Job instance at 0x147732ecc690>,26,27,[5 2],42,42,69,0,42
1,<environment.Job instance at 0x14773321efa0>,32,1,[8 2],52,52,53,0,52
1,<environment.Job instance at 0x14773321e870>,34,2,[8 1],55,68,70,13,68
1,<environment.Job instance at 0x14773321edc0>,28,1,[9 1],44,78,79,34,78
1,<environment.Job instance at 0x14773321e500>,36,1,[7 1],57,80,81,23,80
1,<environment.Job instance at 0x14777afcb0f0>,43,28,[1 6],67,80,108,13,80
1,<environment.Job instance at 0x14777b99ff00>,41,3,[2 8],65,83,86,18,83
1,<environment.Job instance at 0x147732d11c80>,46,16,[1 6],72,86,102,14,85
1,<environment.Job instance at 0x147732d11f00>,47,15,[10  2],73,86,101,13,85
1,<environment.Job instance at 0x147775e04c30>,48,2,[5 1],75,101,103,26,85
1,<environment.Job instance at 0x147775e044b0>,49,2,[ 2 10],76,108,110,32,92
1,<environment.Job instance at 0x147775e047d0>,51,1,[1 9],79,113,114,34,113
1,<environment.Job instance at 0x147732dedc30>,58,20,[ 2 11],88,114,134,26,113
1,<environment.Job instance at 0x147774570370>,63,1,[2 8],95,134,135,39,116
1,<environment.Job instance at 0x147732caff00>,65,1,[8 1],98,117,118,19,117
1,<environment.Job instance at 0x147732f28f50>,67,1,[2 9],101,135,136,34,117
1,<environment.Job instance at 0x147776933730>,68,3,[1 9],102,136,139,34,117
1,<environment.Job instance at 0x14777d9e8e60>,71,1,[10  1],106,118,119,12,117
1,<environment.Job instance at 0x147732ee6640>,72,3,[2 5],108,134,137,26,117
1,<environment.Job instance at 0x1477330adfa0>,77,1,[10  1],113,126,127,13,126
1,<environment.Job instance at 0x14777b96dd70>,74,18,[2 9],110,139,157,29,128
1,<environment.Job instance at 0x1477331a3af0>,79,1,[7 1],115,140,141,25,140
1,<environment.Job instance at 0x1477331a3550>,80,3,[9 2],116,141,144,25,140
1,<environment.Job instance at 0x1477331a3820>,81,2,[1 8],117,157,159,40,140
1,<environment.Job instance at 0x14777b921460>,83,3,[2 5],119,144,147,25,140
1,<environment.Job instance at 0x14777d9e3b40>,84,2,[8 1],120,144,146,24,140
1,<environment.Job instance at 0x14777d9e3aa0>,85,27,[6 1],121,146,173,25,144
1,<environment.Job instance at 0x147775d9d2d0>,87,17,[7 2],123,147,164,24,144
1,<environment.Job instance at 0x147775d9d0f0>,88,16,[5 2],124,171,187,47,171
1,<environment.Job instance at 0x147775e6eb40>,5,1,[1 6],6,6,7,0,6
1,<environment.Job instance at 0x147732b87460>,16,1,[5 1],22,23,24,1,23
1,<environment.Job instance at 0x147775e12c80>,12,1,[ 2 13],18,36,37,18,36
1,<environment.Job instance at 0x147732c9cf50>,19,1,[6 2],27,36,37,9,36
1,<environment.Job instance at 0x147770074cd0>,15,16,[2 5],21,42,58,21,42
1,<environment.Job instance at 0x147775f56370>,37,1,[1 8],55,63,64,8,63
1,<environment.Job instance at 0x147775f56190>,38,1,[10  2],59,63,64,4,63
1,<environment.Job instance at 0x147775f29140>,39,2,[2 6],60,64,66,4,63
1,<environment.Job instance at 0x147775ef05a0>,40,1,[1 5],61,63,64,2,63
1,<environment.Job instance at 0x147775f4abe0>,42,1,[2 8],64,64,65,0,64
1,<environment.Job instance at 0x147733336d70>,24,14,[2 9],37,66,80,29,66
1,<environment.Job instance at 0x147775f63050>,44,3,[10  1],68,68,71,0,68
1,<environment.Job instance at 0x147776bd4d70>,45,2,[ 2 13],69,80,82,11,69
1,<environment.Job instance at 0x147775d947d0>,47,28,[2 5],73,82,110,9,81
1,<environment.Job instance at 0x147776933b40>,50,3,[6 2],76,135,138,59,135
1,<environment.Job instance at 0x147775e87cd0>,61,3,[2 7],92,160,163,68,160
1,<environment.Job instance at 0x14777423c730>,71,1,[7 1],105,196,197,91,196
1,<environment.Job instance at 0x14777423ca00>,75,2,[8 1],110,196,198,86,196
1,<environment.Job instance at 0x14777423c780>,76,1,[6 2],111,213,214,102,213
1,<environment.Job instance at 0x147775e84aa0>,81,2,[ 1 14],120,214,216,94,214
1,<environment.Job instance at 0x147775e84910>,85,1,[2 5],124,216,217,92,216
1,<environment.Job instance at 0x147775e840a0>,86,2,[1 5],126,216,218,90,216
1,<environment.Job instance at 0x147775e845a0>,87,3,[2 8],127,231,234,104,231
1,<environment.Job instance at 0x147775e84820>,89,26,[5 2],129,232,258,103,232
1,<environment.Job instance at 0x147775e84140>,90,1,[8 2],130,232,233,102,232
1,<environment.Job instance at 0x147775e84b90>,91,2,[2 6],131,234,236,103,232
1,<environment.Job instance at 0x147775e840f0>,92,3,[1 9],132,236,239,104,233
1,<environment.Job instance at 0x147775e842d0>,93,2,[1 7],134,234,236,100,234
1,<environment.Job instance at 0x147775e84cd0>,94,3,[2 9],135,239,242,104,239
1,<environment.Job instance at 0x147777eacc80>,95,2,[6 1],136,240,242,104,240
1,<environment.Job instance at 0x147777eac410>,96,1,[5 1],137,245,246,108,245
1,<environment.Job instance at 0x147777eacb40>,97,16,[2 6],138,252,268,114,252
1,<environment.Job instance at 0x147777eacaf0>,98,2,[7 1],140,252,254,112,252
1,<environment.Job instance at 0x147777eac780>,99,14,[5 2],144,254,268,110,252
1,<environment.Job instance at 0x147775d01870>,100,1,[ 1 10],145,268,269,123,252
1,<environment.Job instance at 0x147775d01140>,101,3,[1 9],146,269,272,123,253
1,<environment.Job instance at 0x147775d017d0>,105,22,[2 9],153,272,294,119,265
1,<environment.Job instance at 0x147775d01820>,106,3,[1 7],155,265,268,110,265
1,<environment.Job instance at 0x147775d012d0>,107,14,[2 5],157,268,282,111,265
1,<environment.Job instance at 0x147775d01d70>,108,13,[1 5],161,282,295,121,266
1,<environment.Job instance at 0x147775d01c30>,109,2,[6 1],163,269,271,106,266
1,<environment.Job instance at 0x147775d01f50>,110,1,[ 1 12],164,295,296,131,273
1,<environment.Job instance at 0x147775d01050>,111,1,[10  2],165,294,295,129,273
1,<environment.Job instance at 0x147775d01500>,112,3,[2 9],166,296,299,130,273
1,<environment.Job instance at 0x147775d01320>,113,13,[2 9],167,299,312,132,284
1,<environment.Job instance at 0x147775d01aa0>,116,20,[9 1],171,304,324,133,304
1,<environment.Job instance at 0x147775d015f0>,117,3,[5 1],173,320,323,147,320
1,<environment.Job instance at 0x147775d01190>,119,1,[12  2],175,348,349,173,348
1,<environment.Job instance at 0x147732b0c730>,120,1,[5 1],176,353,354,177,353
1,<environment.Job instance at 0x147732b0c2d0>,121,3,[8 1],177,355,358,178,355
1,<environment.Job instance at 0x147732b0c9b0>,122,2,[6 2],178,365,367,187,365
1,<environment.Job instance at 0x147732b0c910>,123,3,[9 2],179,373,376,194,373
1,<environment.Job instance at 0x147775e26910>,2,2,[2 8],10,10,12,0,10
1,<environment.Job instance at 0x147775e26d20>,3,1,[7 1],13,13,14,0,13
1,<environment.Job instance at 0x1477329ba0a0>,9,1,[7 2],20,20,21,0,20
1,<environment.Job instance at 0x1477329ba7d0>,13,1,[1 9],26,26,27,0,26
1,<environment.Job instance at 0x1477329baa50>,15,1,[1 8],28,28,29,0,28
1,<environment.Job instance at 0x1477329bac80>,20,13,[2 8],33,34,47,1,34
1,<environment.Job instance at 0x1477329ba9b0>,17,1,[1 9],30,47,48,17,36
1,<environment.Job instance at 0x1477329baf50>,21,1,[8 1],36,37,38,1,37
1,<environment.Job instance at 0x1477329bc1e0>,23,2,[1 6],38,38,40,0,38
1,<environment.Job instance at 0x1477329bc370>,24,1,[2 5],39,40,41,1,39
1,<environment.Job instance at 0x1477329bc4b0>,25,14,[ 2 10],40,48,62,8,40
1,<environment.Job instance at 0x1477329bc690>,26,1,[ 1 13],41,62,63,21,55
1,<environment.Job instance at 0x1477329bc730>,27,12,[ 1 14],42,63,75,21,55
1,<environment.Job instance at 0x1477329bc870>,29,12,[2 9],44,75,87,31,59
1,<environment.Job instance at 0x1477329bc410>,30,1,[11  1],53,59,60,6,59
1,<environment.Job instance at 0x1477329bc9b0>,31,2,[5 1],54,60,62,6,59
1,<environment.Job instance at 0x1477329be9b0>,44,2,[9 2],71,75,77,4,72
1,<environment.Job instance at 0x1477329bcaa0>,33,2,[1 8],56,87,89,31,74
1,<environment.Job instance at 0x1477329befa0>,46,1,[8 1],76,77,78,1,76
1,<environment.Job instance at 0x1477329c0280>,52,1,[ 2 10],82,89,90,7,87
1,<environment.Job instance at 0x1477329c0960>,56,1,[9 2],88,107,108,19,107
1,<environment.Job instance at 0x1477329c0eb0>,62,1,[1 5],95,129,130,34,129
1,<environment.Job instance at 0x1477329c0f00>,63,2,[1 9],96,129,131,33,129
1,<environment.Job instance at 0x1477329c0910>,64,2,[1 7],99,131,133,32,129
1,<environment.Job instance at 0x1477329bef50>,48,1,[1 8],78,131,132,53,129
1,<environment.Job instance at 0x1477329c2230>,67,2,[2 8],102,132,134,30,129
1,<environment.Job instance at 0x1477329c22d0>,68,3,[1 7],103,133,136,30,129
1,<environment.Job instance at 0x1477329c2370>,69,2,[6 1],104,129,131,25,129
1,<environment.Job instance at 0x1477329c2140>,70,3,[7 2],105,134,137,29,129
1,<environment.Job instance at 0x1477329c2050>,71,2,[8 1],106,136,138,30,133
1,<environment.Job instance at 0x1477329c2500>,73,1,[10  1],108,138,139,30,133
1,<environment.Job instance at 0x1477329c2690>,74,2,[8 2],110,139,141,29,133
1,<environment.Job instance at 0x1477329c2910>,75,1,[1 6],111,137,138,26,136
1,<environment.Job instance at 0x1477329c2960>,76,3,[6 1],112,139,142,27,136
1,<environment.Job instance at 0x1477329c2aa0>,77,16,[1 5],113,137,153,24,136
1,<environment.Job instance at 0x1477329c0fa0>,66,19,[5 2],101,141,160,40,136
1,<environment.Job instance at 0x147775f13410>,0,1,[14  1],1,2,3,1,2
1,<environment.Job instance at 0x147775f13910>,3,1,[8 1],4,4,5,0,4
1,<environment.Job instance at 0x147775c6eb90>,14,2,[8 1],21,21,23,0,21
1,<environment.Job instance at 0x147775cd06e0>,15,1,[5 2],22,22,23,0,22
1,<environment.Job instance at 0x14773317ff00>,20,1,[1 5],28,28,29,0,28
1,<environment.Job instance at 0x147733101870>,23,1,[10  1],31,31,32,0,31
1,<environment.Job instance at 0x147732e3a0a0>,35,1,[8 1],47,50,51,3,50
1,<environment.Job instance at 0x147732e3aaf0>,33,2,[2 5],43,70,72,27,70
1,<environment.Job instance at 0x147775e97730>,45,3,[7 1],59,70,73,11,70
1,<environment.Job instance at 0x147775e97370>,46,2,[2 7],60,70,72,10,70
1,<environment.Job instance at 0x147775e97a50>,47,14,[ 2 10],61,72,86,11,72
1,<environment.Job instance at 0x147775e971e0>,49,18,[5 2],63,72,90,9,72
1,<environment.Job instance at 0x147775e73d70>,50,2,[1 8],65,86,88,21,76
1,<environment.Job instance at 0x14777b02dc80>,54,3,[ 1 14],70,90,93,20,76
1,<environment.Job instance at 0x14777b02d410>,55,3,[5 1],71,76,79,5,76
1,<environment.Job instance at 0x14773284e690>,56,2,[8 1],73,79,81,6,76
1,<environment.Job instance at 0x147732c9de10>,57,3,[9 1],74,86,89,12,76
1,<environment.Job instance at 0x147775e63d70>,58,3,[8 2],75,81,84,6,76
1,<environment.Job instance at 0x147732baf4b0>,59,12,[7 2],77,93,105,16,78
1,<environment.Job instance at 0x147779d2f7d0>,60,2,[2 7],79,93,95,14,79
1,<environment.Job instance at 0x147732f8fc80>,62,13,[ 2 10],82,95,108,13,82
1,<environment.Job instance at 0x14777b07ee60>,63,2,[1 9],83,88,90,5,83
1,<environment.Job instance at 0x14777692b780>,65,1,[8 1],85,105,106,20,98
1,<environment.Job instance at 0x14777692b870>,66,18,[10  1],86,106,124,20,98
1,<environment.Job instance at 0x147732d9e2d0>,67,1,[8 2],87,124,125,37,98
1,<environment.Job instance at 0x147732d9eeb0>,68,2,[7 1],88,124,126,36,98
1,<environment.Job instance at 0x147732d9e820>,69,1,[5 1],89,98,99,9,98
1,<environment.Job instance at 0x147732d9e550>,70,2,[2 8],90,108,110,18,98
1,<environment.Job instance at 0x147732d9e370>,71,3,[7 1],91,125,128,34,99
1,<environment.Job instance at 0x147732d9edc0>,72,3,[8 2],92,126,129,34,100
1,<environment.Job instance at 0x147732e88b90>,74,22,[5 1],96,128,150,32,121
1,<environment.Job instance at 0x147732e88230>,73,2,[10  1],94,129,131,35,121
1,<environment.Job instance at 0x147779d57730>,77,3,[1 5],102,131,134,29,122
1,<environment.Job instance at 0x147779d57820>,78,2,[5 2],103,131,133,28,123
1,<environment.Job instance at 0x147732e3a0f0>,31,3,[ 1 11],41,134,137,93,123
1,<environment.Job instance at 0x147779d57500>,79,13,[8 1],105,133,146,28,123
1,<environment.Job instance at 0x147779d57c30>,81,2,[2 8],107,137,139,30,123
1,<environment.Job instance at 0x147779d57410>,80,1,[7 2],106,146,147,40,126
1,<environment.Job instance at 0x147779d57640>,84,1,[ 2 10],111,139,140,28,131
1,<environment.Job instance at 0x147779d57cd0>,85,2,[6 2],112,147,149,35,131
1,<environment.Job instance at 0x147779d577d0>,82,12,[9 1],108,149,161,41,132
1,<environment.Job instance at 0x147732beb1e0>,87,2,[5 2],115,150,152,35,139
1,<environment.Job instance at 0x147732f34460>,3,3,[7 2],5,5,8,0,5
1,<environment.Job instance at 0x147732cb9370>,4,3,[1 6],7,7,10,0,7
1,<environment.Job instance at 0x147732f34320>,5,2,[1 6],9,9,11,0,9
1,<environment.Job instance at 0x147732f34820>,8,1,[2 8],16,16,17,0,16
1,<environment.Job instance at 0x147732f0c050>,19,14,[9 2],33,36,50,3,36
1,<environment.Job instance at 0x147732f0c780>,25,18,[1 7],42,42,60,0,42
1,<environment.Job instance at 0x147732f0cc30>,26,16,[9 2],43,50,66,7,43
1,<environment.Job instance at 0x147732f0cd70>,27,2,[1 5],44,44,46,0,44
1,<environment.Job instance at 0x147732f0ceb0>,28,1,[2 5],45,49,50,4,49
1,<environment.Job instance at 0x147732f0cfa0>,29,12,[5 1],48,50,62,2,50
1,<environment.Job instance at 0x147732c8d190>,31,1,[7 1],51,66,67,15,51
1,<environment.Job instance at 0x147732c8d410>,32,2,[10  1],52,67,69,15,52
1,<environment.Job instance at 0x147732c8d550>,33,1,[6 2],53,62,63,9,53
1,<environment.Job instance at 0x147732c8d690>,34,3,[6 2],54,63,66,9,54
1,<environment.Job instance at 0x147732c8d7d0>,35,3,[2 5],58,66,69,8,58
1,<environment.Job instance at 0x147732c8d910>,36,2,[5 1],59,69,71,10,59
1,<environment.Job instance at 0x147732c8d140>,30,1,[10  1],50,69,70,19,61
1,<environment.Job instance at 0x147732c8dd70>,39,3,[1 9],64,66,69,2,64
1,<environment.Job instance at 0x147732c8deb0>,40,3,[2 7],66,70,73,4,66
1,<environment.Job instance at 0x147732c8de10>,41,3,[2 9],67,73,76,6,67
1,<environment.Job instance at 0x147732c8d5f0>,42,3,[6 1],69,70,73,1,69
1,<environment.Job instance at 0x147732c8db40>,38,13,[2 8],63,76,89,13,70
1,<environment.Job instance at 0x147732cb08c0>,45,2,[9 1],72,73,75,1,72
1,<environment.Job instance at 0x147732cb0820>,46,2,[14  2],74,89,91,15,74
1,<environment.Job instance at 0x14777b9901e0>,47,3,[ 1 10],75,89,92,14,75
1,<environment.Job instance at 0x147732f21460>,49,2,[6 2],77,77,79,0,77
1,<environment.Job instance at 0x147732f21af0>,50,13,[6 1],78,91,104,13,78
1,<environment.Job instance at 0x147732eb8a00>,51,2,[1 9],79,92,94,13,79
1,<environment.Job instance at 0x147732eb8aa0>,52,3,[6 2],80,80,83,0,80
1,<environment.Job instance at 0x1477744aac80>,53,3,[5 2],82,101,104,19,101
1,<environment.Job instance at 0x1477769300f0>,54,2,[1 8],83,102,104,19,102
1,<environment.Job instance at 0x147732f21050>,55,17,[9 1],84,104,121,20,102
1,<environment.Job instance at 0x14773327e960>,56,2,[2 8],87,118,120,31,118
1,<environment.Job instance at 0x1477700375a0>,57,14,[2 8],88,120,134,32,118
1,<environment.Job instance at 0x147732e0b9b0>,58,1,[10  2],89,121,122,32,120
1,<environment.Job instance at 0x147770037280>,59,17,[7 2],91,122,139,31,120
1,<environment.Job instance at 0x147732dfa870>,60,13,[8 1],94,134,147,40,123
1,<environment.Job instance at 0x147732dfa910>,61,2,[10  1],95,147,149,52,133
1,<environment.Job instance at 0x147732dfad70>,62,18,[8 1],97,149,167,52,143
1,<environment.Job instance at 0x147732dfac80>,63,1,[6 2],98,166,167,68,166
1,<environment.Job instance at 0x147732822a50>,64,1,[6 1],99,167,168,68,166
1,<environment.Job instance at 0x147732dfa9b0>,65,1,[8 1],100,167,168,67,166
1,<environment.Job instance at 0x147776c1de60>,66,1,[5 1],103,168,169,65,166
1,<environment.Job instance at 0x14777b038f00>,67,2,[1 9],104,166,168,62,166
1,<environment.Job instance at 0x14777447ea50>,68,3,[ 2 10],106,168,171,62,166
1,<environment.Job instance at 0x14777b038c30>,69,2,[7 1],108,168,170,60,166
1,<environment.Job instance at 0x147732e18280>,70,2,[ 1 10],111,171,173,60,167
1,<environment.Job instance at 0x147732e18e60>,71,1,[ 2 10],112,173,174,61,167
1,<environment.Job instance at 0x147732e180f0>,72,3,[1 9],114,174,177,60,167
1,<environment.Job instance at 0x147732e18f00>,73,17,[ 1 10],115,177,194,62,167
1,<environment.Job instance at 0x147770049320>,75,2,[ 1 10],120,194,196,74,167
1,<environment.Job instance at 0x147732e18e10>,74,13,[ 1 10],117,196,209,79,180
1,<environment.Job instance at 0x147770065870>,77,1,[1 6],122,209,210,87,181
1,<environment.Job instance at 0x147770065780>,78,1,[1 8],123,209,210,86,181
1,<environment.Job instance at 0x147732eb7370>,79,1,[8 2],125,181,182,56,181
1,<environment.Job instance at 0x1477700655f0>,80,2,[10  2],126,182,184,56,181
1,<environment.Job instance at 0x147770065140>,81,2,[14  1],127,184,186,57,181
1,<environment.Job instance at 0x147732e7d500>,82,14,[6 2],130,186,200,56,181
1,<environment.Job instance at 0x147732e7da50>,83,1,[5 2],131,196,197,65,196
1,<environment.Job instance at 0x147732e7db40>,84,18,[10  2],132,210,228,78,199
1,<environment.Job instance at 0x14777003e4b0>,85,3,[1 5],133,200,203,67,199
1,<environment.Job instance at 0x147732e7d820>,86,14,[1 7],134,210,224,76,199
1,<environment.Job instance at 0x147732ea6140>,87,2,[1 8],136,224,226,88,199
1,<environment.Job instance at 0x147770047460>,89,1,[2 9],138,226,227,88,199
1,<environment.Job instance at 0x147770047af0>,90,1,[10  2],139,203,204,64,199
1,<environment.Job instance at 0x147732ea6b40>,91,2,[5 2],142,204,206,62,199
1,<environment.Job instance at 0x147732f0ea00>,92,2,[10  1],143,206,208,63,199
1,<environment.Job instance at 0x147732f0eb40>,93,17,[7 1],145,229,246,84,229
1,<environment.Job instance at 0x147732f0e050>,94,1,[7 2],146,244,245,98,244
1,<environment.Job instance at 0x147732dfd190>,95,15,[7 1],147,245,260,98,245
1,<environment.Job instance at 0x147732dfd0f0>,96,13,[5 2],153,259,272,106,259
1,<environment.Job instance at 0x147732dfbe60>,97,3,[1 9],154,274,277,120,274
1,<environment.Job instance at 0x147732f0efa0>,98,1,[1 7],157,280,281,123,280
1,<environment.Job instance at 0x147732dfbfa0>,99,14,[7 1],159,280,294,121,280
1,<environment.Job instance at 0x147732dfbdc0>,100,3,[6 2],160,297,300,137,297
1,<environment.Job instance at 0x147732dfbf00>,101,17,[6 2],165,298,315,133,298
1,<environment.Job instance at 0x147732dfb5f0>,102,2,[8 1],166,319,321,153,319
1,<environment.Job instance at 0x147732dfb370>,103,3,[8 2],168,324,327,156,324
1,<environment.Job instance at 0x147732dfb190>,104,14,[10  2],169,333,347,164,333
1,<environment.Job instance at 0x147732dfbb90>,105,2,[2 6],170,347,349,177,347
1,<environment.Job instance at 0x147732dfbd70>,106,17,[1 9],171,354,371,183,354
1,<environment.Job instance at 0x147732dfb140>,107,3,[1 6],172,354,357,182,354
1,<environment.Job instance at 0x147732e318c0>,108,1,[8 1],173,357,358,184,354
1,<environment.Job instance at 0x147732e31320>,109,1,[6 1],174,357,358,183,354
1,<environment.Job instance at 0x147732e31640>,110,1,[1 9],178,371,372,193,356
1,<environment.Job instance at 0x1477327b7870>,2,1,[2 8],4,4,5,0,4
1,<environment.Job instance at 0x1477327b9f50>,10,1,[9 1],21,21,22,0,21
1,<environment.Job instance at 0x1477327c55a0>,18,1,[1 9],31,87,88,56,87
1,<environment.Job instance at 0x147732786190>,4,23,[1 9],6,6,29,0,6
1,<environment.Job instance at 0x14773307dd70>,7,1,[8 2],14,14,15,0,14
1,<environment.Job instance at 0x14773277ae10>,22,2,[6 2],38,38,40,0,38
1,<environment.Job instance at 0x1477747a3e10>,28,1,[2 6],50,57,58,7,57
1,<environment.Job instance at 0x147775ef9c30>,30,1,[8 2],53,58,59,5,58
1,<environment.Job instance at 0x147775ef9fa0>,31,13,[1 9],54,58,71,4,58
1,<environment.Job instance at 0x147775ef9640>,32,2,[2 8],56,71,73,15,58
1,<environment.Job instance at 0x147775ef9e10>,33,2,[7 2],57,59,61,2,58
1,<environment.Job instance at 0x147775ef9320>,34,2,[13  1],58,61,63,3,58
1,<environment.Job instance at 0x147732c13d70>,35,2,[1 7],59,71,73,12,59
1,<environment.Job instance at 0x14777b0a57d0>,36,3,[6 2],60,63,66,3,60
1,<environment.Job instance at 0x147732c135f0>,37,3,[8 1],62,63,66,1,62
1,<environment.Job instance at 0x147733208640>,38,1,[7 1],64,66,67,2,64
1,<environment.Job instance at 0x1477330ebaa0>,39,1,[1 5],65,66,67,1,66
1,<environment.Job instance at 0x14773281eaf0>,42,21,[2 6],69,73,94,4,69
1,<environment.Job instance at 0x147732fb06e0>,43,15,[5 2],70,73,88,3,72
1,<environment.Job instance at 0x147732cedf00>,46,2,[6 2],74,76,78,2,76
1,<environment.Job instance at 0x14777b06e460>,51,16,[7 1],81,88,104,7,88
1,<environment.Job instance at 0x14777b06e370>,52,1,[1 7],82,88,89,6,88
1,<environment.Job instance at 0x14777b06ed20>,53,2,[1 8],83,89,91,6,88
1,<environment.Job instance at 0x14777b06ebe0>,54,2,[ 1 10],86,94,96,8,88
1,<environment.Job instance at 0x14773278b4b0>,47,3,[2 5],75,96,99,21,96
1,<environment.Job instance at 0x14777b06e050>,57,13,[9 1],89,104,117,15,97
1,<environment.Job instance at 0x14777b06e550>,58,2,[1 6],90,98,100,8,98
1,<environment.Job instance at 0x14777b06ef00>,59,24,[9 2],91,117,141,26,112
1,<environment.Job instance at 0x1477747824b0>,77,2,[2 8],118,139,141,21,139
1,<environment.Job instance at 0x147774782af0>,79,2,[6 2],121,142,144,21,142
1,<environment.Job instance at 0x147774782f00>,80,1,[2 5],122,142,143,20,142
1,<environment.Job instance at 0x147775efc0f0>,82,2,[1 9],127,143,145,16,142
1,<environment.Job instance at 0x147775efc3c0>,84,2,[5 2],129,142,144,13,142
1,<environment.Job instance at 0x147775efcf00>,85,2,[ 2 10],132,145,147,13,142
1,<environment.Job instance at 0x147775efcc30>,87,1,[2 5],134,142,143,8,142
1,<environment.Job instance at 0x147775efc5f0>,88,2,[5 1],135,144,146,9,142
1,<environment.Job instance at 0x14777b06e4b0>,64,14,[9 1],99,153,167,54,153
1,<environment.Job instance at 0x147776815be0>,90,1,[9 1],137,167,168,30,155
1,<environment.Job instance at 0x147776815f50>,91,12,[1 7],139,155,167,16,155
1,<environment.Job instance at 0x147776815780>,92,1,[7 1],140,168,169,28,158
1,<environment.Job instance at 0x1477327edf50>,97,1,[1 6],146,175,176,29,175
1,<environment.Job instance at 0x147776bfe910>,102,1,[8 2],156,175,176,19,175
1,<environment.Job instance at 0x14773281baf0>,104,2,[8 1],160,176,178,16,175
1,<environment.Job instance at 0x14773281b8c0>,106,1,[1 6],162,175,176,13,175
1,<environment.Job instance at 0x14773281bfa0>,107,1,[8 1],166,178,179,12,175
1,<environment.Job instance at 0x14773281bb90>,108,1,[10  1],167,179,180,12,175
1,<environment.Job instance at 0x147776815050>,93,2,[2 7],141,187,189,46,187
1,<environment.Job instance at 0x14773281b230>,112,12,[7 1],171,187,199,16,187
1,<environment.Job instance at 0x14773281be60>,113,3,[10  1],172,199,202,27,187
1,<environment.Job instance at 0x14773281b0a0>,114,3,[7 1],173,189,192,16,187
1,<environment.Job instance at 0x147732a28870>,116,16,[1 9],176,189,205,13,187
1,<environment.Job instance at 0x147775ed0e10>,117,3,[13  1],177,202,205,25,187
1,<environment.Job instance at 0x147732c139b0>,118,3,[2 9],178,205,208,27,187
1,<environment.Job instance at 0x147732c13be0>,119,1,[2 9],179,208,209,29,187
1,<environment.Job instance at 0x14773281b6e0>,115,2,[2 8],175,212,214,37,212
1,<environment.Job instance at 0x1477747a3230>,25,2,[2 6],45,240,242,195,240
1,<environment.Job instance at 0x1477328ff550>,7,1,[1 6],16,16,17,0,16
1,<environment.Job instance at 0x1477328ffcd0>,15,1,[2 9],28,28,29,0,28
1,<environment.Job instance at 0x1477328ffd70>,16,18,[2 7],29,29,47,0,29
1,<environment.Job instance at 0x1477328ff370>,18,3,[6 2],35,35,38,0,35
1,<environment.Job instance at 0x1477328ffc30>,19,1,[1 8],36,38,39,2,36
1,<environment.Job instance at 0x1477328ff820>,20,2,[5 2],37,39,41,2,37
1,<environment.Job instance at 0x1477328ffa00>,21,19,[8 1],38,39,58,1,38
1,<environment.Job instance at 0x14773290e2d0>,22,1,[8 2],39,63,64,24,63
1,<environment.Job instance at 0x1477328ffdc0>,17,14,[13  1],33,64,78,31,64
1,<environment.Job instance at 0x14773290e730>,30,1,[1 8],47,68,69,21,68
1,<environment.Job instance at 0x14773290e870>,32,1,[9 2],49,78,79,29,70
1,<environment.Job instance at 0x14773290e370>,24,2,[1 8],41,86,88,45,86
1,<environment.Job instance at 0x14773290ea50>,36,2,[2 9],56,88,90,32,87
1,<environment.Job instance at 0x14773290ec80>,37,3,[9 1],57,87,90,30,87
1,<environment.Job instance at 0x14773290ed20>,38,17,[2 6],58,90,107,32,87
1,<environment.Job instance at 0x14773290eaf0>,39,1,[1 6],59,90,91,31,88
1,<environment.Job instance at 0x14773290ebe0>,40,17,[1 9],61,91,108,30,88
1,<environment.Job instance at 0x14773290ee10>,41,3,[ 2 12],62,108,111,46,88
1,<environment.Job instance at 0x14773290efa0>,42,12,[11  1],63,107,119,44,90
1,<environment.Job instance at 0x14773290a910>,49,2,[2 7],72,114,116,42,114
1,<environment.Job instance at 0x14773290aa50>,50,3,[2 9],74,116,119,42,114
1,<environment.Job instance at 0x14773290ab90>,51,1,[10  2],75,119,120,44,114
1,<environment.Job instance at 0x14773290ad20>,52,2,[ 1 10],78,119,121,41,114
1,<environment.Job instance at 0x14773290ac30>,53,1,[9 2],79,120,121,41,114
1,<environment.Job instance at 0x14773290adc0>,55,18,[ 2 10],84,121,139,37,118
1,<environment.Job instance at 0x14773290afa0>,56,1,[ 1 10],86,139,140,53,118
1,<environment.Job instance at 0x1477329000a0>,57,1,[2 6],87,140,141,53,118
1,<environment.Job instance at 0x147732900410>,58,1,[2 6],88,140,141,52,118
1,<environment.Job instance at 0x147732900820>,61,1,[7 2],92,126,127,34,126
1,<environment.Job instance at 0x147732900910>,62,12,[1 5],93,127,139,34,126
1,<environment.Job instance at 0x1477329009b0>,63,2,[1 9],94,141,143,47,126
1,<environment.Job instance at 0x147732900a50>,64,1,[5 1],95,126,127,31,126
1,<environment.Job instance at 0x147732900870>,65,3,[6 2],97,139,142,42,127
1,<environment.Job instance at 0x147732900b90>,66,2,[2 7],98,143,145,45,127
1,<environment.Job instance at 0x14773290ef00>,43,18,[2 9],64,145,163,81,136
1,<environment.Job instance at 0x147732900e10>,69,26,[2 6],102,142,168,40,142
1,<environment.Job instance at 0x1477329292d0>,74,1,[ 2 10],107,168,169,61,144
1,<environment.Job instance at 0x1477329294b0>,77,12,[1 9],112,169,181,57,153
1,<environment.Job instance at 0x147732929550>,78,1,[1 9],113,163,164,50,153
1,<environment.Job instance at 0x147732929e10>,83,2,[7 1],118,166,168,48,166
1,<environment.Job instance at 0x14773292f230>,84,1,[1 6],119,166,167,47,166
1,<environment.Job instance at 0x147732900e60>,68,3,[2 8],101,181,184,80,166
1,<environment.Job instance at 0x14773292f050>,86,1,[1 9],121,184,185,63,171
1,<environment.Job instance at 0x14773292f2d0>,87,13,[1 6],122,171,184,49,171
1,<environment.Job instance at 0x14773292f370>,88,3,[5 1],123,181,184,58,171
1,<environment.Job instance at 0x14773292f410>,89,15,[7 2],124,184,199,60,171
1,<environment.Job instance at 0x14773292f8c0>,90,2,[1 6],127,185,187,58,171
1,<environment.Job instance at 0x14773292fbe0>,91,16,[2 7],130,185,201,55,172
1,<environment.Job instance at 0x14773292f5f0>,92,3,[ 2 13],134,201,204,67,175
1,<environment.Job instance at 0x14773292f550>,93,2,[2 8],135,199,201,64,175
1,<environment.Job instance at 0x14773292fcd0>,94,3,[10  1],136,201,204,65,175
1,<environment.Job instance at 0x1477769429b0>,95,21,[1 5],139,204,225,65,196
1,<environment.Job instance at 0x1477330c0dc0>,106,2,[5 1],153,204,206,51,202
1,<environment.Job instance at 0x1477330e04b0>,112,2,[1 8],159,204,206,45,202
1,<environment.Job instance at 0x1477330e0d20>,113,2,[7 1],160,204,206,44,202
1,<environment.Job instance at 0x14773292fe60>,115,1,[1 7],162,206,207,44,202
1,<environment.Job instance at 0x14773292faf0>,116,2,[7 1],163,206,208,43,202
1,<environment.Job instance at 0x14773292f9b0>,117,13,[8 2],164,208,221,44,202
1,<environment.Job instance at 0x147732910230>,118,3,[2 6],165,207,210,42,202
1,<environment.Job instance at 0x1477329106e0>,120,3,[1 9],168,221,224,53,202
1,<environment.Job instance at 0x147732910460>,121,3,[1 7],170,210,213,40,202
1,<environment.Job instance at 0x147732910a50>,123,1,[2 7],173,213,214,40,202
1,<environment.Job instance at 0x147732910d20>,125,1,[2 9],176,224,225,48,202
1,<environment.Job instance at 0x147732910e10>,126,1,[ 1 10],178,225,226,47,202
1,<environment.Job instance at 0x14773292a230>,127,3,[10  2],179,225,228,46,202
1,<environment.Job instance at 0x1477328ffeb0>,13,3,[6 2],23,231,234,208,231
1,<environment.Job instance at 0x14773290e280>,23,1,[1 6],40,351,352,311,351
1,<environment.Job instance at 0x14777ba47320>,8,18,[1 6],14,21,39,7,21
1,<environment.Job instance at 0x1477331edcd0>,16,2,[2 8],23,24,26,1,24
1,<environment.Job instance at 0x14777ba47aa0>,11,1,[ 1 10],17,39,40,22,30
1,<environment.Job instance at 0x1477331edb40>,21,12,[2 7],33,40,52,7,33
1,<environment.Job instance at 0x14777424abe0>,22,13,[7 2],34,35,48,1,35
1,<environment.Job instance at 0x14777424a820>,23,14,[7 1],35,61,75,26,61
1,<environment.Job instance at 0x1477331cc6e0>,47,18,[ 1 10],70,70,88,0,70
1,<environment.Job instance at 0x1477331cc5f0>,48,18,[2 6],71,88,106,17,78
1,<environment.Job instance at 0x1477331ccb90>,50,13,[1 6],73,88,101,15,78
1,<environment.Job instance at 0x1477331cc370>,51,2,[8 1],74,78,80,4,78
1,<environment.Job instance at 0x1477331cc690>,52,1,[10  1],75,80,81,5,78
1,<environment.Job instance at 0x1477331cc230>,53,2,[5 1],76,78,80,2,78
1,<environment.Job instance at 0x1477331cc550>,54,1,[1 6],77,101,102,24,78
1,<environment.Job instance at 0x14773291dc80>,55,12,[5 2],78,81,93,3,78
1,<environment.Job instance at 0x1477331819b0>,56,3,[9 2],80,81,84,1,80
1,<environment.Job instance at 0x1477331a7820>,57,13,[ 1 14],82,106,119,24,90
1,<environment.Job instance at 0x14777683c1e0>,60,12,[2 8],87,119,131,32,108
1,<environment.Job instance at 0x14777d986aa0>,76,2,[13  2],113,148,150,35,148
1,<environment.Job instance at 0x14777cfbdd20>,81,1,[2 9],121,149,150,28,149
1,<environment.Job instance at 0x14777cfbd820>,82,1,[5 2],122,150,151,28,149
1,<environment.Job instance at 0x14777cfbd8c0>,83,3,[6 2],123,150,153,27,149
1,<environment.Job instance at 0x14777cfbd370>,84,18,[1 7],124,150,168,26,149
1,<environment.Job instance at 0x147733131730>,71,1,[2 6],107,170,171,63,170
1,<environment.Job instance at 0x1477742438c0>,97,1,[ 2 10],141,176,177,35,176
1,<environment.Job instance at 0x1477747872d0>,92,16,[6 2],134,176,192,42,176
1,<environment.Job instance at 0x147774243b90>,99,1,[2 8],143,177,178,34,176
1,<environment.Job instance at 0x147774243c80>,100,3,[7 2],144,176,179,32,176
1,<environment.Job instance at 0x1477742436e0>,101,1,[2 8],145,178,179,33,176
1,<environment.Job instance at 0x147732796050>,102,3,[2 7],146,179,182,33,176
1,<environment.Job instance at 0x147774243730>,103,1,[10  2],147,192,193,45,176
1,<environment.Job instance at 0x147732d2ecd0>,105,2,[8 1],149,182,184,33,178
1,<environment.Job instance at 0x147732d2e2d0>,106,2,[7 1],150,179,181,29,178
1,<environment.Job instance at 0x147732d2e0a0>,107,3,[9 1],151,184,187,33,178
1,<environment.Job instance at 0x147732d2e690>,108,1,[11  2],152,193,194,41,178
1,<environment.Job instance at 0x147774243050>,94,3,[1 6],137,187,190,50,183
1,<environment.Job instance at 0x1477332fe6e0>,110,2,[2 9],154,190,192,36,183
1,<environment.Job instance at 0x1477332fe410>,112,18,[1 6],157,192,210,35,183
1,<environment.Job instance at 0x1477332fea00>,113,3,[9 1],158,194,197,36,185
1,<environment.Job instance at 0x1477332fedc0>,114,3,[9 1],159,197,200,38,185
1,<environment.Job instance at 0x1477332fe460>,115,15,[14  1],160,200,215,40,186
1,<environment.Job instance at 0x147733059960>,116,1,[7 1],161,187,188,26,186
1,<environment.Job instance at 0x147733059230>,117,14,[1 8],163,210,224,47,195
1,<environment.Job instance at 0x147733059780>,118,3,[10  1],165,215,218,50,195
1,<environment.Job instance at 0x1477327ed370>,119,3,[ 1 10],167,224,227,57,198
1,<environment.Job instance at 0x1477330e0960>,120,1,[7 1],168,218,219,50,198
1,<environment.Job instance at 0x14777b992fa0>,121,18,[ 2 10],171,227,245,56,216
1,<environment.Job instance at 0x14773318c2d0>,126,2,[5 1],179,218,220,39,216
1,<environment.Job instance at 0x14777ba473c0>,5,2,[ 1 12],7,251,253,244,251
1,<environment.Job instance at 0x147732eb9410>,5,1,[1 6],8,8,9,0,8
1,<environment.Job instance at 0x147732eb9910>,6,1,[2 7],9,9,10,0,9
1,<environment.Job instance at 0x147732eb94b0>,7,2,[ 1 10],10,10,12,0,10
1,<environment.Job instance at 0x147732eb9500>,8,1,[7 1],11,11,12,0,11
1,<environment.Job instance at 0x147732eb9c30>,9,2,[9 1],12,12,14,0,12
1,<environment.Job instance at 0x147732eb9f50>,10,1,[5 1],14,14,15,0,14
1,<environment.Job instance at 0x147779d63140>,11,1,[2 7],15,15,16,0,15
1,<environment.Job instance at 0x147779d63280>,13,1,[10  1],17,17,18,0,17
1,<environment.Job instance at 0x147779d639b0>,14,1,[6 2],18,18,19,0,18
1,<environment.Job instance at 0x147779d630f0>,21,22,[5 2],29,29,51,0,29
1,<environment.Job instance at 0x147775e1b780>,22,1,[5 1],30,30,31,0,30
1,<environment.Job instance at 0x147775e1b190>,23,2,[1 6],32,32,34,0,32
1,<environment.Job instance at 0x147775e1b320>,25,1,[ 1 11],36,36,37,0,36
1,<environment.Job instance at 0x147775e1ba00>,29,13,[9 2],40,40,53,0,40
1,<environment.Job instance at 0x14777aff8b90>,30,1,[2 6],41,51,52,10,41
1,<environment.Job instance at 0x14777aff8f50>,31,12,[1 8],42,52,64,10,43
1,<environment.Job instance at 0x14777aff8190>,32,1,[2 5],43,51,52,8,43
1,<environment.Job instance at 0x14777aff8140>,33,17,[1 8],45,64,81,19,52
1,<environment.Job instance at 0x14777aff8af0>,36,1,[ 2 10],49,81,82,32,59
1,<environment.Job instance at 0x14777aff8e10>,37,3,[2 9],50,82,85,32,59
1,<environment.Job instance at 0x147732c38cd0>,38,3,[1 6],51,60,63,9,60
1,<environment.Job instance at 0x147732c380a0>,39,18,[ 1 12],52,85,103,33,74
1,<environment.Job instance at 0x147732c38550>,40,2,[ 1 10],53,103,105,50,88
1,<environment.Job instance at 0x147732c38050>,49,3,[1 5],64,103,106,39,96
1,<environment.Job instance at 0x147732c38230>,50,15,[10  1],65,105,120,40,99
1,<environment.Job instance at 0x147732c38780>,52,1,[5 1],69,106,107,37,104
1,<environment.Job instance at 0x147776c60a50>,55,18,[7 1],75,120,138,45,109
1,<environment.Job instance at 0x1477329cb960>,56,3,[2 5],76,109,112,33,109
1,<environment.Job instance at 0x14777450aa00>,57,1,[1 6],77,109,110,32,109
1,<environment.Job instance at 0x14777450a140>,58,2,[8 1],78,120,122,42,109
1,<environment.Job instance at 0x14777450a960>,59,2,[1 7],79,110,112,31,109
1,<environment.Job instance at 0x14777450a1e0>,60,2,[7 2],80,122,124,42,109
1,<environment.Job instance at 0x14777450a190>,61,2,[7 1],81,124,126,43,109
1,<environment.Job instance at 0x14777450afa0>,62,1,[ 2 12],82,112,113,30,109
1,<environment.Job instance at 0x14777450aaa0>,63,2,[ 1 10],83,113,115,30,109
1,<environment.Job instance at 0x147732ea9e60>,65,2,[1 5],85,115,117,30,109
1,<environment.Job instance at 0x14777454fd20>,66,2,[6 1],86,126,128,40,109
1,<environment.Job instance at 0x14777450a050>,67,3,[2 8],87,115,118,28,109
1,<environment.Job instance at 0x14777450a870>,68,3,[1 7],88,122,125,34,109
1,<environment.Job instance at 0x14777450a550>,69,3,[1 8],90,125,128,35,109
1,<environment.Job instance at 0x147732f1d3c0>,70,3,[7 1],92,128,131,36,109
1,<environment.Job instance at 0x147732c386e0>,43,14,[1 8],57,128,142,71,127
1,<environment.Job instance at 0x1477329beaf0>,79,14,[2 5],106,131,145,25,127
1,<environment.Job instance at 0x14777b9abe10>,80,3,[2 9],107,142,145,35,127
1,<environment.Job instance at 0x14777b9ab6e0>,81,1,[10  1],108,138,139,30,127
1,<environment.Job instance at 0x147732a71550>,82,2,[2 9],109,145,147,36,128
1,<environment.Job instance at 0x147776943c80>,84,2,[8 2],113,139,141,26,128
1,<environment.Job instance at 0x147776943640>,85,3,[6 2],115,145,148,30,128
1,<environment.Job instance at 0x147732d2caa0>,86,2,[7 2],116,145,147,29,128
1,<environment.Job instance at 0x147732d2c870>,88,2,[6 2],120,147,149,27,128
1,<environment.Job instance at 0x147732d2ce60>,89,3,[10  2],121,149,152,28,128
1,<environment.Job instance at 0x147732d2cdc0>,90,2,[8 2],122,152,154,30,128
1,<environment.Job instance at 0x147732d2c370>,91,3,[7 1],124,141,144,17,129
1,<environment.Job instance at 0x147732d2c5a0>,92,3,[7 2],125,152,155,27,130
1,<environment.Job instance at 0x147732d2c960>,93,2,[6 2],127,154,156,27,130
1,<environment.Job instance at 0x14777423edc0>,94,2,[7 1],128,155,157,27,130
1,<environment.Job instance at 0x1477768cb960>,95,1,[1 7],129,147,148,18,130
1,<environment.Job instance at 0x147733051780>,97,3,[10  1],132,157,160,25,132
1,<environment.Job instance at 0x147732e5afa0>,102,3,[9 1],140,160,163,20,140
1,<environment.Job instance at 0x147732e5aaa0>,105,15,[ 2 13],146,161,176,15,161
1,<environment.Job instance at 0x147732dc2f00>,107,1,[2 7],148,176,177,28,161
1,<environment.Job instance at 0x147732dc2230>,109,15,[ 2 10],151,177,192,26,163
1,<environment.Job instance at 0x147732dc2050>,110,2,[12  2],154,163,165,9,163
1,<environment.Job instance at 0x147732dc2af0>,111,13,[7 1],155,165,178,10,163
1,<environment.Job instance at 0x147732dc22d0>,114,1,[1 5],160,176,177,16,173
1,<environment.Job instance at 0x147732dc29b0>,115,1,[9 2],161,178,179,17,173
1,<environment.Job instance at 0x14777451af00>,116,1,[6 2],163,177,178,14,173
1,<environment.Job instance at 0x147732848640>,120,1,[12  1],168,189,190,21,189
1,<environment.Job instance at 0x147732e5a320>,103,3,[9 2],143,190,193,47,189
1,<environment.Job instance at 0x147732848910>,122,3,[8 2],170,193,196,23,189
1,<environment.Job instance at 0x147732848e10>,123,2,[8 1],173,196,198,23,189
1,<environment.Job instance at 0x147774feac80>,124,1,[ 1 11],174,192,193,18,189
1,<environment.Job instance at 0x147774fea0f0>,125,3,[1 9],176,193,196,17,189
1,<environment.Job instance at 0x147774fea5f0>,126,1,[ 2 10],179,196,197,17,189
1,<environment.Job instance at 0x147779d630a0>,19,3,[1 7],26,251,254,225,251
1,<environment.Job instance at 0x1477329fdc80>,0,1,[1 6],1,1,2,0,1
1,<environment.Job instance at 0x14777b2cdb40>,7,26,[1 7],10,11,37,1,11
1,<environment.Job instance at 0x14777b2d9500>,12,20,[6 1],15,15,35,0,15
1,<environment.Job instance at 0x14777b2d9410>,18,2,[6 1],22,22,24,0,22
1,<environment.Job instance at 0x14777b2d9b40>,19,1,[6 1],24,25,26,1,25
1,<environment.Job instance at 0x14777b2d9c30>,20,2,[2 5],26,31,33,5,31
1,<environment.Job instance at 0x14777b2d9b90>,24,3,[13  1],32,35,38,3,32
1,<environment.Job instance at 0x14777b2df320>,25,3,[ 2 10],33,37,40,4,33
1,<environment.Job instance at 0x14777b2df460>,26,1,[8 2],35,38,39,3,35
1,<environment.Job instance at 0x14777b2df550>,27,2,[8 1],37,39,41,2,37
1,<environment.Job instance at 0x14777b2df640>,29,3,[9 1],39,41,44,2,39
1,<environment.Job instance at 0x14777b2df960>,30,2,[5 1],40,40,42,0,40
1,<environment.Job instance at 0x14777b2dfaa0>,31,3,[1 9],41,41,44,0,41
1,<environment.Job instance at 0x14777b2dfbe0>,32,1,[5 1],42,42,43,0,42
1,<environment.Job instance at 0x14777b2df5a0>,28,1,[1 5],38,44,45,6,44
1,<environment.Job instance at 0x14777b2dfd20>,33,15,[1 8],44,46,61,2,46
1,<environment.Job instance at 0x14777b2df910>,35,3,[10  1],48,48,51,0,48
1,<environment.Job instance at 0x14777b2dfe60>,36,2,[2 7],52,52,54,0,52
1,<environment.Job instance at 0x14777b2d9e10>,23,25,[ 1 10],31,61,86,30,60
1,<environment.Job instance at 0x14777b2cb9b0>,43,1,[ 1 10],64,86,87,22,64
1,<environment.Job instance at 0x14777b2cbd20>,45,3,[8 2],67,67,70,0,67
1,<environment.Job instance at 0x14777b309b90>,46,1,[1 9],68,87,88,19,68
1,<environment.Job instance at 0x14777cfb60a0>,47,3,[7 1],70,70,73,0,70
1,<environment.Job instance at 0x14777b2cb370>,41,1,[5 2],60,87,88,27,87
1,<environment.Job instance at 0x14777b300690>,52,3,[13  1],77,88,91,11,87
1,<environment.Job instance at 0x14777b3002d0>,53,3,[6 1],80,91,94,11,87
1,<environment.Job instance at 0x14777b300550>,54,2,[8 2],81,91,93,10,87
1,<environment.Job instance at 0x14777b300460>,56,16,[5 2],83,274,290,191,274
1,<environment.Job instance at 0x14777b300370>,57,12,[7 2],84,311,323,227,311
1,<environment.Job instance at 0x14777b3000a0>,58,1,[2 6],85,321,322,236,321
1,<environment.Job instance at 0x14777b300410>,59,26,[1 6],86,342,368,256,342
1,<environment.Job instance at 0x14777b300b90>,60,2,[8 1],87,342,344,255,342
1,<environment.Job instance at 0x147732b139b0>,62,3,[7 2],90,344,347,254,342
1,<environment.Job instance at 0x147773fee910>,63,3,[2 6],91,342,345,251,342
1,<environment.Job instance at 0x147732b131e0>,64,1,[ 2 10],92,368,369,276,342
1,<environment.Job instance at 0x147732e4fdc0>,65,2,[5 2],94,345,347,251,342
1,<environment.Job instance at 0x14773299da00>,66,1,[7 2],95,347,348,252,342
1,<environment.Job instance at 0x14777b0bdd70>,67,15,[10  2],96,348,363,252,342
1,<environment.Job instance at 0x147732c32f50>,68,3,[1 6],97,347,350,250,342
1,<environment.Job instance at 0x147732e7c8c0>,70,3,[7 1],99,363,366,264,362
1,<environment.Job instance at 0x147732c2d640>,72,12,[2 9],101,369,381,268,362
1,<environment.Job instance at 0x147732c2d3c0>,73,2,[8 1],103,366,368,263,362
1,<environment.Job instance at 0x147732c2d320>,74,3,[ 2 10],105,381,384,276,367
1,<environment.Job instance at 0x147732c2d7d0>,75,1,[1 6],109,367,368,258,367
1,<environment.Job instance at 0x147732c21140>,76,3,[1 8],110,384,387,274,370
1,<environment.Job instance at 0x147732c214b0>,77,2,[2 7],112,384,386,272,370
1,<environment.Job instance at 0x147732c212d0>,78,14,[10  1],113,370,384,257,370
1,<environment.Job instance at 0x147732c210f0>,79,2,[2 5],115,386,388,271,385
1,<environment.Job instance at 0x147732b35eb0>,80,2,[1 6],116,387,389,271,385
1,<environment.Job instance at 0x147732b35c30>,81,12,[ 1 10],118,389,401,271,387
1,<environment.Job instance at 0x147732c31af0>,82,3,[9 1],119,387,390,268,387
1,<environment.Job instance at 0x147732c31c80>,83,17,[2 8],120,401,418,281,389
1,<environment.Job instance at 0x147732c12f50>,84,17,[1 8],121,418,435,297,406
1,<environment.Job instance at 0x147732c124b0>,86,25,[ 2 14],123,463,488,340,463
1,<environment.Job instance at 0x147732c08d70>,87,1,[1 8],124,488,489,364,463
1,<environment.Job instance at 0x147732c08c80>,88,3,[8 2],127,488,491,361,463
1,<environment.Job instance at 0x147732c08690>,89,3,[2 5],128,488,491,360,463
1,<environment.Job instance at 0x147732c08af0>,90,3,[9 1],130,463,466,333,463
1,<environment.Job instance at 0x147732c085f0>,91,2,[8 2],131,491,493,360,464
1,<environment.Job instance at 0x147732c08730>,92,1,[8 1],132,466,467,334,464
1,<environment.Job instance at 0x147732c08820>,93,23,[7 1],133,492,515,359,492
1,<environment.Job instance at 0x147732c080f0>,94,22,[5 2],134,668,690,534,668
1,<environment.Job instance at 0x147732c08050>,95,22,[7 2],136,958,980,822,958
1,<environment.Job instance at 0x147732c08370>,96,2,[2 9],137,1010,1012,873,1010
1,<environment.Job instance at 0x147732c08410>,97,3,[ 2 10],138,1012,1015,874,1010
1,<environment.Job instance at 0x147732c08550>,98,1,[2 7],139,1031,1032,892,1031
1,<environment.Job instance at 0x147732c08f00>,99,2,[ 2 10],142,1103,1105,961,1103
1,<environment.Job instance at 0x147732c08c30>,100,2,[8 1],143,1103,1105,960,1103
1,<environment.Job instance at 0x147732c08cd0>,101,21,[5 1],144,1358,1379,1214,1358
1,<environment.Job instance at 0x147732c08fa0>,102,3,[9 1],145,1544,1547,1399,1544
1,<environment.Job instance at 0x147732c08140>,103,1,[9 2],146,1583,1584,1437,1583
1,<environment.Job instance at 0x147732c089b0>,104,15,[2 6],148,1710,1725,1562,1710
1,<environment.Job instance at 0x147732c081e0>,105,3,[7 2],150,1710,1713,1560,1710
1,<environment.Job instance at 0x147732c08a00>,106,2,[ 2 10],151,1725,1727,1574,1710
1,<environment.Job instance at 0x147732b08e10>,107,3,[ 1 12],155,1727,1730,1572,1710
1,<environment.Job instance at 0x147732c08910>,108,1,[10  1],157,1713,1714,1556,1710
1,<environment.Job instance at 0x147732c080a0>,109,24,[5 2],158,1714,1738,1556,1710
1,<environment.Job instance at 0x147732c083c0>,110,24,[2 7],161,2056,2080,1895,2056
1,<environment.Job instance at 0x147732c085a0>,111,3,[1 8],162,2059,2062,1897,2059
1,<environment.Job instance at 0x147732b36730>,112,12,[1 6],164,2062,2074,1898,2060
1,<environment.Job instance at 0x14777b9b5dc0>,113,15,[6 2],167,2062,2077,1895,2060
1,<environment.Job instance at 0x14777b9b5690>,114,18,[8 1],168,2388,2406,2220,2388
1,<environment.Job instance at 0x14777b9b5870>,115,3,[6 2],171,2493,2496,2322,2493
1,<environment.Job instance at 0x14777b9b5af0>,116,2,[7 2],172,2556,2558,2384,2556
1,<environment.Job instance at 0x14777b9b5a00>,117,1,[10  2],173,2637,2638,2464,2637
1,<environment.Job instance at 0x147732c366e0>,118,3,[1 5],175,2884,2887,2709,2884
1,<environment.Job instance at 0x1477768cb1e0>,2,1,[7 2],4,4,5,0,4
1,<environment.Job instance at 0x147732e29b40>,3,1,[5 1],5,5,6,0,5
1,<environment.Job instance at 0x147732e295f0>,9,1,[2 8],15,15,16,0,15
1,<environment.Job instance at 0x147732e29c80>,10,1,[6 2],16,16,17,0,16
1,<environment.Job instance at 0x147732e290f0>,11,2,[1 7],17,17,19,0,17
1,<environment.Job instance at 0x147732e2d190>,18,3,[1 7],29,72,75,43,72
1,<environment.Job instance at 0x147732e2d550>,17,25,[2 7],27,72,97,45,72
1,<environment.Job instance at 0x147732e2d960>,14,2,[13  2],22,75,77,53,72
1,<environment.Job instance at 0x147732e2df00>,21,1,[9 1],35,72,73,37,72
1,<environment.Job instance at 0x147732e2d410>,20,3,[10  2],34,77,80,43,72
1,<environment.Job instance at 0x147732e2d280>,24,1,[2 6],38,77,78,39,72
1,<environment.Job instance at 0x147732e2d370>,26,1,[1 7],40,80,81,40,72
1,<environment.Job instance at 0x147732e2dfa0>,27,1,[1 7],43,81,82,38,72
1,<environment.Job instance at 0x14777b094370>,29,1,[8 2],45,82,83,37,72
1,<environment.Job instance at 0x14777b094140>,32,3,[5 1],48,80,83,32,72
1,<environment.Job instance at 0x14777ba0f370>,35,1,[1 9],54,97,98,43,72
1,<environment.Job instance at 0x147732e2df50>,23,2,[6 1],37,83,85,46,78
1,<environment.Job instance at 0x14777ba0ff50>,38,3,[6 2],58,83,86,25,79
1,<environment.Job instance at 0x14777ba0feb0>,42,15,[8 1],67,86,101,19,84
1,<environment.Job instance at 0x14777ba0f870>,43,3,[1 7],69,86,89,17,84
1,<environment.Job instance at 0x14777b9f1b40>,44,2,[8 1],70,101,103,31,84
1,<environment.Job instance at 0x14777b9f1230>,45,2,[7 1],73,98,100,25,84
1,<environment.Job instance at 0x14777b9f1d70>,46,15,[7 1],74,100,115,26,86
1,<environment.Job instance at 0x147776b80370>,47,3,[1 6],76,89,92,13,86
1,<environment.Job instance at 0x147776b80d70>,48,2,[6 1],77,103,105,26,86
1,<environment.Job instance at 0x147776b80730>,49,1,[10  2],78,115,116,37,87
1,<environment.Job instance at 0x147776b80910>,50,3,[1 6],79,92,95,13,87
1,<environment.Job instance at 0x14777ba0f320>,40,3,[6 1],65,112,115,47,112
1,<environment.Job instance at 0x147775f24320>,62,2,[2 7],105,126,128,21,126
1,<environment.Job instance at 0x147775f24e60>,63,18,[5 1],108,142,160,34,142
1,<environment.Job instance at 0x14777b9f8fa0>,67,13,[1 7],114,158,171,44,158
1,<environment.Job instance at 0x14777b9f80f0>,68,3,[1 9],115,188,191,73,188
1,<environment.Job instance at 0x14777b9f8c80>,69,3,[8 2],116,188,191,72,188
1,<environment.Job instance at 0x14777b9f8f00>,70,13,[8 2],117,191,204,74,189
1,<environment.Job instance at 0x14777b9f8140>,71,22,[7 2],118,199,221,81,199
1,<environment.Job instance at 0x14777b9f8d20>,72,3,[6 2],119,217,220,98,217
1,<environment.Job instance at 0x14777b9f80a0>,73,3,[9 2],120,221,224,101,218
1,<environment.Job instance at 0x14777b9f8190>,74,13,[6 1],121,220,233,99,220
1,<environment.Job instance at 0x14777b9f8280>,75,2,[ 2 10],123,224,226,101,221
1,<environment.Job instance at 0x14777b9f8640>,76,21,[2 7],125,226,247,101,221
1,<environment.Job instance at 0x14777b9f88c0>,77,3,[2 8],126,233,236,107,222
1,<environment.Job instance at 0x14777b9f89b0>,78,14,[1 6],128,236,250,108,222
1,<environment.Job instance at 0x14777b9f8b40>,79,2,[6 2],129,224,226,95,222
1,<environment.Job instance at 0x14777b9f8a00>,80,1,[2 6],130,226,227,96,222
1,<environment.Job instance at 0x14777b9f8e60>,81,3,[7 1],131,227,230,96,222
1,<environment.Job instance at 0x14777b9f8aa0>,82,3,[1 7],133,230,233,97,223
1,<environment.Job instance at 0x14777b9f81e0>,83,15,[10  2],134,236,251,102,223
1,<environment.Job instance at 0x1477329acd20>,84,2,[5 1],136,250,252,114,223
1,<environment.Job instance at 0x1477329ac5f0>,85,1,[8 1],137,251,252,114,223
1,<environment.Job instance at 0x1477329ac410>,86,3,[2 9],138,251,254,113,244
1,<environment.Job instance at 0x1477329ace10>,87,18,[2 5],139,252,270,113,249
1,<environment.Job instance at 0x1477329ac780>,88,21,[1 8],140,254,275,114,249
1,<environment.Job instance at 0x147732e1e320>,89,1,[6 1],141,252,253,111,249
1,<environment.Job instance at 0x147732e1e500>,90,15,[2 6],143,270,285,127,257
1,<environment.Job instance at 0x14777b0b8aa0>,91,21,[10  2],144,282,303,138,282
1,<environment.Job instance at 0x147732e1e5f0>,92,15,[9 1],145,303,318,158,289
1,<environment.Job instance at 0x147732e1e370>,93,1,[5 1],146,313,314,167,313
1,<environment.Job instance at 0x147732e4f550>,99,12,[10  2],155,318,330,163,313
1,<environment.Job instance at 0x14777b9c0e10>,100,2,[9 2],156,331,333,175,331
1,<environment.Job instance at 0x147774006e10>,101,2,[2 8],157,331,333,174,331
1,<environment.Job instance at 0x147774006140>,103,1,[2 6],160,333,334,173,333
1,<environment.Job instance at 0x147774006190>,104,1,[5 1],161,334,335,173,334
1,<environment.Job instance at 0x147774006820>,105,1,[2 6],163,406,407,243,406
1,<environment.Job instance at 0x147732f0cb40>,107,3,[2 8],165,406,409,241,406
1,<environment.Job instance at 0x147732b10870>,108,2,[5 2],167,407,409,240,406
1,<environment.Job instance at 0x1477329c7370>,109,3,[ 2 13],168,409,412,241,406
1,<environment.Job instance at 0x147732b10d20>,110,15,[8 1],169,406,421,237,406
1,<environment.Job instance at 0x1477329c7be0>,111,3,[1 8],170,417,420,247,417
1,<environment.Job instance at 0x147732b92dc0>,113,15,[9 2],173,421,436,248,421
1,<environment.Job instance at 0x147732dc64b0>,114,17,[5 1],174,423,440,249,423
1,<environment.Job instance at 0x147732dc6730>,115,28,[7 2],175,436,464,261,436
1,<environment.Job instance at 0x147732d53960>,116,1,[10  2],176,464,465,288,437
1,<environment.Job instance at 0x147775d41230>,117,13,[8 2],178,440,453,262,437
1,<environment.Job instance at 0x147732cf0370>,118,16,[1 8],179,453,469,274,441
1,<environment.Job instance at 0x14777683f5a0>,10,2,[ 1 10],18,18,20,0,18
1,<environment.Job instance at 0x14777683f0a0>,8,2,[8 1],16,18,20,2,18
1,<environment.Job instance at 0x14777683f550>,14,2,[1 6],22,68,70,46,68
1,<environment.Job instance at 0x14777686c370>,25,1,[8 1],37,69,70,32,69
1,<environment.Job instance at 0x14777686c3c0>,26,13,[1 6],38,69,82,31,69
1,<environment.Job instance at 0x14777686c4b0>,27,18,[2 5],39,70,88,31,69
1,<environment.Job instance at 0x14777686c550>,28,13,[9 1],40,70,83,30,69
1,<environment.Job instance at 0x14777686c050>,29,17,[2 8],45,82,99,37,70
1,<environment.Job instance at 0x14777686c690>,30,3,[7 2],46,83,86,37,70
1,<environment.Job instance at 0x14777686c730>,31,2,[2 9],48,99,101,51,72
1,<environment.Job instance at 0x14777686c6e0>,32,3,[ 2 10],49,101,104,52,75
1,<environment.Job instance at 0x14777686c2d0>,33,2,[1 8],50,104,106,54,77
1,<environment.Job instance at 0x14777686c870>,34,12,[2 9],51,106,118,55,89
1,<environment.Job instance at 0x14777686c8c0>,35,18,[7 2],53,89,107,36,89
1,<environment.Job instance at 0x14777686caf0>,36,3,[2 5],56,89,92,33,89
1,<environment.Job instance at 0x147776858820>,46,1,[ 1 12],71,118,119,47,103
1,<environment.Job instance at 0x147776858aa0>,50,1,[13  1],83,107,108,24,103
1,<environment.Job instance at 0x147776858c80>,54,2,[2 7],88,119,121,31,103
1,<environment.Job instance at 0x147776858a00>,55,2,[9 2],89,108,110,19,103
1,<environment.Job instance at 0x14777683a8c0>,60,1,[10  2],95,110,111,15,103
1,<environment.Job instance at 0x14777683acd0>,61,2,[1 9],96,121,123,25,103
1,<environment.Job instance at 0x14777686cbe0>,37,13,[1 8],57,123,136,66,107
1,<environment.Job instance at 0x147776868c30>,70,1,[2 9],110,136,137,26,111
1,<environment.Job instance at 0x147776868b40>,71,18,[6 1],111,119,137,8,119
1,<environment.Job instance at 0x14777683ae10>,63,17,[ 2 10],99,137,154,38,136
1,<environment.Job instance at 0x14777b03e820>,85,17,[7 1],133,148,165,15,148
1,<environment.Job instance at 0x147733380aa0>,87,2,[ 1 10],137,154,156,17,150
1,<environment.Job instance at 0x14777b03eb90>,88,14,[7 1],138,155,169,17,155
1,<environment.Job instance at 0x147777edb0f0>,89,13,[5 2],139,165,178,26,157
1,<environment.Job instance at 0x147775ee8aa0>,90,1,[7 2],140,169,170,29,157
1,<environment.Job instance at 0x147775ee8b90>,91,15,[6 2],141,170,185,29,157
1,<environment.Job instance at 0x147775efc960>,92,16,[1 5],144,157,173,13,157
1,<environment.Job instance at 0x14777ba84190>,93,3,[ 2 10],146,173,176,27,157
1,<environment.Job instance at 0x147775efc230>,94,1,[9 1],147,178,179,31,157
1,<environment.Job instance at 0x147775c3fb40>,76,1,[2 7],120,165,166,45,159
1,<environment.Job instance at 0x147732c2e460>,97,1,[2 5],151,166,167,15,162
1,<environment.Job instance at 0x1477331edb90>,99,3,[1 5],153,167,170,14,162
1,<environment.Job instance at 0x1477331ed780>,100,3,[1 9],154,179,182,25,164
1,<environment.Job instance at 0x14773339d050>,101,1,[2 9],155,176,177,21,164
1,<environment.Job instance at 0x147775eada50>,102,1,[10  1],156,185,186,29,167
1,<environment.Job instance at 0x147775f07820>,109,3,[ 2 12],166,184,187,18,184
1,<environment.Job instance at 0x147775f07730>,110,2,[1 7],167,187,189,20,184
1,<environment.Job instance at 0x147775f07b90>,111,2,[10  1],169,186,188,17,184
1,<environment.Job instance at 0x147775f07f00>,112,3,[1 5],171,187,190,16,184
1,<environment.Job instance at 0x147775ead730>,103,15,[2 8],157,189,204,32,184
1,<environment.Job instance at 0x14777b9ca6e0>,116,20,[10  2],177,188,208,11,184
1,<environment.Job instance at 0x147775eddb40>,117,3,[9 1],178,208,211,30,191
1,<environment.Job instance at 0x14777683f2d0>,6,2,[1 6],11,240,242,229,240
1,<environment.Job instance at 0x14777683f370>,7,1,[1 8],12,301,302,289,301
1,<environment.Job instance at 0x14894b64bc80>,7,1,[2 6],8,8,9,0,8
1,<environment.Job instance at 0x14894b65eb40>,15,1,[ 1 10],20,20,21,0,20
1,<environment.Job instance at 0x14894b5fddc0>,16,1,[2 5],21,21,22,0,21
1,<environment.Job instance at 0x14894b61cd70>,20,2,[ 1 13],27,35,37,8,35
1,<environment.Job instance at 0x14894b61c190>,25,2,[2 8],34,37,39,3,35
1,<environment.Job instance at 0x14894b611d20>,26,1,[2 7],35,37,38,2,35
1,<environment.Job instance at 0x14894b61ccd0>,27,2,[2 7],36,38,40,2,36
1,<environment.Job instance at 0x14894b6118c0>,28,2,[2 7],37,39,41,2,37
1,<environment.Job instance at 0x14894b58b230>,33,1,[2 7],43,43,44,0,43
1,<environment.Job instance at 0x14894b61c690>,23,2,[8 1],31,51,53,20,51
1,<environment.Job instance at 0x148951577d20>,36,3,[10  2],48,53,56,5,51
1,<environment.Job instance at 0x14894b584550>,34,15,[11  1],44,56,71,12,53
1,<environment.Job instance at 0x1489499143c0>,40,3,[1 6],53,54,57,1,54
1,<environment.Job instance at 0x1489496aa780>,7,2,[9 1],9,9,11,0,9
1,<environment.Job instance at 0x148949b8c500>,14,3,[ 2 10],17,37,40,20,37
1,<environment.Job instance at 0x148949b8ccd0>,16,12,[7 1],20,37,49,17,37
1,<environment.Job instance at 0x148949b8ceb0>,21,2,[10  1],25,49,51,24,38
1,<environment.Job instance at 0x148949b8c7d0>,24,16,[1 6],29,40,56,11,38
1,<environment.Job instance at 0x148949b8c8c0>,25,17,[1 6],31,40,57,9,39
1,<environment.Job instance at 0x148949b8cbe0>,26,17,[7 1],32,51,68,19,39
1,<environment.Job instance at 0x148949b8c640>,27,1,[2 6],33,56,57,23,40
1,<environment.Job instance at 0x148949b8c460>,28,16,[9 1],36,68,84,32,55
1,<environment.Job instance at 0x148949923f00>,33,1,[9 1],45,84,85,39,56
1,<environment.Job instance at 0x1489499230f0>,34,2,[8 1],46,57,59,11,56
1,<environment.Job instance at 0x1489499235a0>,35,1,[ 1 10],47,59,60,12,56
1,<environment.Job instance at 0x148949923d20>,36,2,[1 5],49,60,62,11,56
1,<environment.Job instance at 0x148949923500>,37,3,[1 5],50,60,63,10,56
1,<environment.Job instance at 0x148949923af0>,38,2,[10  2],51,85,87,34,58
1,<environment.Job instance at 0x148949923460>,39,3,[2 8],55,62,65,7,58
1,<environment.Job instance at 0x148949ba20a0>,40,1,[2 6],56,63,64,7,58
1,<environment.Job instance at 0x148949ba2e60>,41,2,[1 6],57,64,66,7,58
1,<environment.Job instance at 0x148949baf5f0>,49,1,[7 2],73,87,88,14,73
1,<environment.Job instance at 0x148949bafaf0>,50,2,[5 2],74,74,76,0,74
1,<environment.Job instance at 0x148949ba2a00>,42,18,[7 2],59,87,105,28,85
1,<environment.Job instance at 0x148949bafd20>,52,14,[6 1],77,90,104,13,90
1,<environment.Job instance at 0x148950733410>,53,15,[2 8],78,91,106,13,91
1,<environment.Job instance at 0x14894b5456e0>,54,16,[1 7],79,105,121,26,97
1,<environment.Job instance at 0x1489496aa6e0>,12,1,[2 9],14,121,122,107,102
1,<environment.Job instance at 0x148949bafe60>,55,13,[ 1 11],81,122,135,41,106
1,<environment.Job instance at 0x1489506b63c0>,57,1,[1 5],83,117,118,34,117
1,<environment.Job instance at 0x14895069a230>,56,2,[6 2],82,122,124,40,122
1,<environment.Job instance at 0x148949b367d0>,59,3,[ 2 10],85,135,138,50,122
1,<environment.Job instance at 0x148950fe9e60>,60,3,[ 1 13],86,138,141,52,122
1,<environment.Job instance at 0x148949baffa0>,51,2,[ 2 12],76,141,143,65,124
1,<environment.Job instance at 0x14895076bf00>,63,1,[2 8],91,143,144,52,124
1,<environment.Job instance at 0x14894b57e0a0>,64,1,[7 1],92,124,125,32,124
1,<environment.Job instance at 0x148950755a00>,58,16,[1 7],84,143,159,59,130
1,<environment.Job instance at 0x148950732a00>,66,2,[8 2],95,130,132,35,130
1,<environment.Job instance at 0x14894bffca00>,68,18,[8 1],97,144,162,47,133
1,<environment.Job instance at 0x14894c01a370>,69,1,[5 2],98,133,134,35,133
1,<environment.Job instance at 0x14894c02a5a0>,70,1,[1 8],99,159,160,60,133
1,<environment.Job instance at 0x14895075c320>,71,3,[1 7],100,144,147,44,133
1,<environment.Job instance at 0x14895075ca00>,72,2,[5 2],102,133,135,31,133
1,<environment.Job instance at 0x14895075c6e0>,73,2,[1 7],104,147,149,43,133
1,<environment.Job instance at 0x14895098bd70>,75,1,[1 6],107,149,150,42,133
1,<environment.Job instance at 0x14895098b280>,76,12,[7 1],108,160,172,52,143
1,<environment.Job instance at 0x1489507240f0>,83,2,[7 2],119,162,164,43,143
1,<environment.Job instance at 0x1489506c4460>,84,3,[ 2 10],121,164,167,43,143
1,<environment.Job instance at 0x14895068b500>,86,2,[2 5],124,150,152,26,143
1,<environment.Job instance at 0x14895068b4b0>,87,1,[ 2 10],125,167,168,42,143
1,<environment.Job instance at 0x14895068b0f0>,88,14,[8 1],126,168,182,42,153
1,<environment.Job instance at 0x14894c028d20>,90,3,[7 2],128,172,175,44,153
1,<environment.Job instance at 0x14894b5d1140>,93,3,[1 9],132,175,178,43,156
1,<environment.Job instance at 0x14894b5d1a00>,94,1,[6 1],133,156,157,23,156
1,<environment.Job instance at 0x148950701280>,95,3,[5 1],134,157,160,23,156
1,<environment.Job instance at 0x1489506915f0>,96,3,[1 7],139,178,181,39,156
1,<environment.Job instance at 0x14895068b140>,89,2,[ 1 10],127,181,183,54,168
1,<environment.Job instance at 0x148950780640>,91,21,[7 2],130,182,203,52,174
1,<environment.Job instance at 0x148950691910>,100,3,[1 9],144,183,186,39,174
1,<environment.Job instance at 0x148950691640>,101,3,[1 8],148,186,189,38,174
1,<environment.Job instance at 0x14895098ea00>,102,2,[2 7],151,178,180,27,174
1,<environment.Job instance at 0x14895098ef00>,103,2,[9 2],152,203,205,51,176
1,<environment.Job instance at 0x14895098edc0>,104,3,[5 2],153,180,183,27,176
1,<environment.Job instance at 0x14895098e5a0>,105,16,[7 2],154,183,199,29,176
1,<environment.Job instance at 0x14895098e4b0>,106,1,[ 2 10],155,199,200,44,176
1,<environment.Job instance at 0x14895098e9b0>,107,18,[5 2],157,199,217,42,188
1,<environment.Job instance at 0x148950710870>,108,1,[1 8],158,189,190,31,188
1,<environment.Job instance at 0x148950710690>,109,13,[1 7],160,200,213,40,188
1,<environment.Job instance at 0x148950710dc0>,110,12,[2 9],163,213,225,50,196
1,<environment.Job instance at 0x148950710910>,112,2,[ 2 10],165,225,227,60,198
1,<environment.Job instance at 0x148950710b40>,113,15,[8 2],166,205,220,39,198
1,<environment.Job instance at 0x148950710a50>,114,17,[10  1],168,220,237,52,208
1,<environment.Job instance at 0x148950710e60>,115,2,[ 2 12],170,227,229,57,208
1,<environment.Job instance at 0x148950710460>,116,1,[6 2],171,237,238,66,209
1,<environment.Job instance at 0x1489507109b0>,117,3,[2 7],173,229,232,56,209
1,<environment.Job instance at 0x148950697b40>,118,15,[ 1 11],177,232,247,55,218
1,<environment.Job instance at 0x148949b67eb0>,119,2,[8 1],178,237,239,59,218
1,<environment.Job instance at 0x148949b679b0>,120,2,[1 9],181,247,249,66,220
1,<environment.Job instance at 0x148949b675f0>,121,2,[1 6],182,229,231,47,220
1,<environment.Job instance at 0x148949e408c0>,122,1,[1 9],183,249,250,66,221
1,<environment.Job instance at 0x148949e40320>,123,3,[1 8],184,250,253,66,224
1,<environment.Job instance at 0x148949e40910>,124,1,[9 2],185,239,240,54,224
1,<environment.Job instance at 0x148949e40550>,125,18,[ 1 10],186,253,271,67,242
1,<environment.Job instance at 0x148949e44230>,126,2,[1 6],188,247,249,59,242
1,<environment.Job instance at 0x1489403480a0>,62,21,[ 2 13],90,335,356,245,335
1,<environment.Job instance at 0x1489507107d0>,111,3,[5 2],164,361,364,197,361
1,<environment.Job instance at 0x1489496aa9b0>,13,15,[1 7],15,462,477,447,462
1,<environment.Job instance at 0x148940591280>,0,1,[7 2],1,1,2,0,1
1,<environment.Job instance at 0x148949bd8f00>,20,2,[5 2],32,32,34,0,32
1,<environment.Job instance at 0x148949bd8c30>,21,3,[1 7],33,33,36,0,33
1,<environment.Job instance at 0x148949bd8af0>,22,2,[9 2],35,35,37,0,35
1,<environment.Job instance at 0x148949bd8550>,23,1,[7 2],36,37,38,1,36
1,<environment.Job instance at 0x148949bd8500>,24,3,[1 7],38,38,41,0,38
1,<environment.Job instance at 0x1489496cf9b0>,27,3,[6 1],43,43,46,0,43
1,<environment.Job instance at 0x1489496cf230>,32,12,[5 2],48,48,60,0,48
1,<environment.Job instance at 0x1489496cf460>,33,3,[8 1],49,49,52,0,49
1,<environment.Job instance at 0x1489496cfd20>,30,2,[2 5],46,53,55,7,53
1,<environment.Job instance at 0x1489496cf4b0>,34,3,[8 1],53,53,56,0,53
1,<environment.Job instance at 0x1489496cf780>,35,1,[10  1],54,56,57,2,55
1,<environment.Job instance at 0x1489496cffa0>,36,27,[1 7],55,57,84,2,55
1,<environment.Job instance at 0x1489496cf6e0>,40,1,[2 6],63,63,64,0,63
1,<environment.Job instance at 0x148948296870>,41,2,[1 5],65,65,67,0,65
1,<environment.Job instance at 0x148948296280>,42,2,[8 1],66,66,68,0,66
1,<environment.Job instance at 0x148948296a00>,43,3,[2 9],67,84,87,17,67
1,<environment.Job instance at 0x148948296aa0>,44,1,[5 1],69,69,70,0,69
1,<environment.Job instance at 0x148948296f00>,45,3,[1 5],70,70,73,0,70
1,<environment.Job instance at 0x148948296e60>,46,2,[1 9],71,87,89,16,71
1,<environment.Job instance at 0x148948296a50>,47,3,[2 8],72,73,76,1,72
1,<environment.Job instance at 0x148948296550>,48,1,[1 8],75,76,77,1,75
1,<environment.Job instance at 0x1489482969b0>,49,16,[2 6],76,77,93,1,76
1,<environment.Job instance at 0x1489482963c0>,50,3,[1 6],77,89,92,12,77
1,<environment.Job instance at 0x148948296370>,51,2,[8 2],78,78,80,0,78
1,<environment.Job instance at 0x14895106d910>,52,14,[9 1],80,89,103,9,80
1,<environment.Job instance at 0x14895106d3c0>,53,3,[10  1],81,81,84,0,81
1,<environment.Job instance at 0x14895106d960>,57,2,[1 8],86,92,94,6,86
1,<environment.Job instance at 0x14895106d230>,58,2,[1 5],88,93,95,5,88
1,<environment.Job instance at 0x14895106de60>,59,15,[10  1],89,103,118,14,89
1,<environment.Job instance at 0x14895106ddc0>,60,1,[2 8],90,94,95,4,90
1,<environment.Job instance at 0x14895106d280>,61,1,[8 2],91,118,119,27,91
1,<environment.Job instance at 0x148949bcb640>,66,3,[ 2 11],100,103,106,3,103
1,<environment.Job instance at 0x14895106d460>,62,14,[14  1],92,119,133,27,104
1,<environment.Job instance at 0x148949bcbbe0>,68,1,[1 5],102,106,107,4,104
1,<environment.Job instance at 0x14895106d5a0>,54,2,[1 7],82,108,110,26,108
1,<environment.Job instance at 0x148948065eb0>,77,2,[1 8],111,113,115,2,113
1,<environment.Job instance at 0x1489481c4190>,79,2,[2 8],113,115,117,2,115
1,<environment.Job instance at 0x148949bcbcd0>,69,18,[8 2],103,133,151,30,122
1,<environment.Job instance at 0x1489407b8960>,81,1,[6 2],118,133,134,15,122
1,<environment.Job instance at 0x148948064d20>,82,2,[2 8],119,134,136,15,122
1,<environment.Job instance at 0x1489480649b0>,83,1,[6 2],121,136,137,15,122
1,<environment.Job instance at 0x1489480645a0>,84,1,[2 9],122,137,138,15,122
1,<environment.Job instance at 0x14894072a5f0>,85,27,[ 2 10],123,138,165,15,136
1,<environment.Job instance at 0x148940748e60>,86,2,[10  1],124,151,153,27,136
1,<environment.Job instance at 0x148940582e10>,87,2,[2 7],126,165,167,39,138
1,<environment.Job instance at 0x14894816f6e0>,88,1,[5 2],127,138,139,11,138
1,<environment.Job instance at 0x14894816feb0>,89,1,[2 5],128,153,154,25,138
1,<environment.Job instance at 0x148948063190>,90,2,[ 1 10],130,167,169,37,140
1,<environment.Job instance at 0x148948063500>,91,3,[2 5],131,154,157,23,140
1,<environment.Job instance at 0x1489407d5870>,92,12,[6 1],132,157,169,25,140
1,<environment.Job instance at 0x148948063050>,93,2,[5 2],133,140,142,7,140
1,<environment.Job instance at 0x1489407d5dc0>,94,1,[7 1],136,157,158,21,140
1,<environment.Job instance at 0x14894064ed20>,95,2,[7 1],137,158,160,21,140
1,<environment.Job instance at 0x14894064e230>,96,1,[7 2],138,160,161,22,140
1,<environment.Job instance at 0x1489405d2460>,98,2,[5 2],140,142,144,2,140
1,<environment.Job instance at 0x148940772640>,104,1,[6 2],149,161,162,12,149
1,<environment.Job instance at 0x148940772f50>,105,2,[1 5],150,165,167,15,150
1,<environment.Job instance at 0x14894070d3c0>,106,1,[1 7],151,169,170,18,151
1,<environment.Job instance at 0x1489407c9c80>,107,3,[2 7],152,169,172,17,152
1,<environment.Job instance at 0x1489407c9dc0>,108,2,[1 5],153,170,172,17,153
1,<environment.Job instance at 0x1489407c9910>,109,1,[1 9],155,172,173,17,155
1,<environment.Job instance at 0x1489407738c0>,110,1,[2 5],156,172,173,16,156
1,<environment.Job instance at 0x1489407d2910>,111,15,[7 1],157,167,182,10,157
1,<environment.Job instance at 0x1489407cc550>,112,1,[2 6],158,173,174,15,161
1,<environment.Job instance at 0x1489407cc2d0>,113,1,[2 8],160,671,672,511,671
1,<environment.Job instance at 0x148948056640>,115,3,[1 7],163,762,765,599,762
1,<environment.Job instance at 0x14894076e910>,116,17,[2 7],164,1113,1130,949,1113
1,<environment.Job instance at 0x1489480f7cd0>,117,14,[1 6],165,1368,1382,1203,1368
1,<environment.Job instance at 0x1489480f7780>,118,17,[9 1],166,1483,1500,1317,1483
1,<environment.Job instance at 0x1489407d8af0>,119,3,[5 1],167,1491,1494,1324,1491
1,<environment.Job instance at 0x1489407d8f00>,120,1,[10  1],168,1511,1512,1343,1511
1,<environment.Job instance at 0x1489480a3dc0>,121,1,[1 8],169,1581,1582,1412,1581
1,<environment.Job instance at 0x1489480a3820>,122,12,[9 2],170,1687,1699,1517,1687
1,<environment.Job instance at 0x1489480be9b0>,123,2,[2 6],171,1688,1690,1517,1688
1,<environment.Job instance at 0x1489481ca0f0>,124,3,[9 2],172,1699,1702,1527,1691
1,<environment.Job instance at 0x1489481ca0a0>,125,2,[10  2],173,1702,1704,1529,1691
1,<environment.Job instance at 0x1489481ca5f0>,126,16,[10  2],174,1763,1779,1589,1763
1,<environment.Job instance at 0x148948057820>,129,15,[2 6],179,1829,1844,1650,1829
1,<environment.Job instance at 0x1489481830f0>,133,14,[6 1],183,1830,1844,1647,1830
1,<environment.Job instance at 0x148948183aa0>,134,1,[2 5],184,1854,1855,1670,1854
1,<environment.Job instance at 0x1489481ee280>,138,13,[10  1],188,1854,1867,1666,1854
1,<environment.Job instance at 0x1489480b45f0>,139,25,[12  1],189,2130,2155,1941,2130
1,<environment.Job instance at 0x14894040c7d0>,6,23,[1 6],11,11,34,0,11
1,<environment.Job instance at 0x1489480da910>,22,16,[1 5],41,41,57,0,41
1,<environment.Job instance at 0x1489480da4b0>,24,3,[2 9],44,44,47,0,44
1,<environment.Job instance at 0x1489480da370>,25,1,[10  2],45,47,48,2,45
1,<environment.Job instance at 0x1489481223c0>,26,1,[5 2],46,48,49,2,46
1,<environment.Job instance at 0x1489481222d0>,27,26,[2 8],48,48,74,0,48
1,<environment.Job instance at 0x148948122230>,28,2,[ 1 10],50,74,76,24,50
1,<environment.Job instance at 0x1489481225a0>,30,3,[10  2],53,53,56,0,53
1,<environment.Job instance at 0x148948122500>,31,2,[1 6],57,57,59,0,57
1,<environment.Job instance at 0x1489481226e0>,32,3,[1 9],58,76,79,18,58
1,<environment.Job instance at 0x148948122140>,33,16,[2 7],61,79,95,18,66
1,<environment.Job instance at 0x148948122410>,35,3,[10  2],64,66,69,2,66
1,<environment.Job instance at 0x148948122fa0>,36,3,[5 1],68,69,72,1,68
1,<environment.Job instance at 0x148948122b40>,37,1,[2 8],69,79,80,10,69
1,<environment.Job instance at 0x148948197460>,38,2,[7 2],70,70,72,0,70
1,<environment.Job instance at 0x148948197dc0>,39,2,[6 2],71,72,74,1,71
1,<environment.Job instance at 0x1489481975a0>,40,3,[9 1],72,74,77,2,72
1,<environment.Job instance at 0x1489481978c0>,41,14,[2 8],73,80,94,7,73
1,<environment.Job instance at 0x1489481974b0>,42,2,[5 2],74,74,76,0,74
1,<environment.Job instance at 0x1489480da0f0>,20,3,[2 6],36,94,97,58,76
1,<environment.Job instance at 0x1489480dafa0>,23,1,[1 9],42,95,96,53,85
1,<environment.Job instance at 0x148948122870>,34,1,[6 2],62,94,95,32,85
1,<environment.Job instance at 0x148948197960>,47,2,[ 1 10],80,97,99,17,85
1,<environment.Job instance at 0x148948197be0>,48,3,[9 2],82,96,99,14,85
1,<environment.Job instance at 0x1489481970f0>,49,2,[5 1],83,97,99,14,85
1,<environment.Job instance at 0x148948197a50>,51,3,[9 2],85,99,102,14,85
1,<environment.Job instance at 0x1489403fc410>,52,2,[2 9],87,99,101,12,87
1,<environment.Job instance at 0x1489403da780>,54,1,[5 1],93,101,102,8,93
1,<environment.Job instance at 0x148948197eb0>,43,27,[1 7],75,101,128,26,100
1,<environment.Job instance at 0x14894077a320>,56,2,[1 8],97,102,104,5,101
1,<environment.Job instance at 0x1489509b4820>,58,3,[2 8],99,104,107,5,101
1,<environment.Job instance at 0x148940678c80>,59,15,[2 7],100,107,122,7,101
1,<environment.Job instance at 0x148948278140>,60,2,[8 2],105,122,124,17,105
1,<environment.Job instance at 0x1489481d5b40>,61,1,[ 1 12],106,128,129,22,106
1,<environment.Job instance at 0x1489481d57d0>,62,3,[6 2],107,122,125,15,107
1,<environment.Job instance at 0x1489481d5500>,63,1,[8 1],109,109,110,0,109
1,<environment.Job instance at 0x1489481d54b0>,64,3,[1 9],111,129,132,18,111
1,<environment.Job instance at 0x1489481d5550>,65,1,[2 9],114,132,133,18,114
1,<environment.Job instance at 0x1489481d5af0>,66,2,[7 2],115,124,126,9,115
1,<environment.Job instance at 0x1489481d55a0>,67,12,[7 1],116,125,137,9,116
1,<environment.Job instance at 0x1489401c9190>,68,13,[13  2],117,137,150,20,121
1,<environment.Job instance at 0x14894017a1e0>,71,16,[ 1 10],122,133,149,11,122
1,<environment.Job instance at 0x14894021beb0>,73,1,[8 1],125,150,151,25,125
1,<environment.Job instance at 0x148940488e10>,57,1,[10  2],98,151,152,53,135
1,<environment.Job instance at 0x14894029c410>,74,28,[5 1],126,150,178,24,149
1,<environment.Job instance at 0x1489401cd3c0>,78,3,[6 2],130,152,155,22,149
1,<environment.Job instance at 0x1489401c5500>,80,17,[9 2],133,155,172,22,149
1,<environment.Job instance at 0x1489401931e0>,83,3,[ 1 10],136,152,155,16,149
1,<environment.Job instance at 0x1489401baa00>,84,3,[1 5],137,155,158,18,149
1,<environment.Job instance at 0x1489402bcaf0>,82,12,[2 8],135,172,184,37,155
1,<environment.Job instance at 0x1489402d6140>,86,13,[2 5],139,172,185,33,156
1,<environment.Job instance at 0x14894027e460>,87,2,[2 8],140,184,186,44,157
1,<environment.Job instance at 0x14894027eb90>,88,2,[5 1],141,172,174,31,157
1,<environment.Job instance at 0x14894027e190>,89,1,[6 2],146,178,179,32,157
1,<environment.Job instance at 0x1489402da410>,90,1,[1 9],147,158,159,11,157
1,<environment.Job instance at 0x1489402da280>,91,3,[7 1],148,179,182,31,157
1,<environment.Job instance at 0x1489402778c0>,92,3,[7 2],149,182,185,33,157
1,<environment.Job instance at 0x148940221280>,93,14,[1 5],151,185,199,34,170
1,<environment.Job instance at 0x148940221500>,94,12,[2 6],153,186,198,33,170
1,<environment.Job instance at 0x1489402c53c0>,95,1,[9 1],155,185,186,30,170
1,<environment.Job instance at 0x148940221870>,96,17,[2 8],156,198,215,42,186
1,<environment.Job instance at 0x14894027bbe0>,97,25,[8 1],159,186,211,27,186
1,<environment.Job instance at 0x14894027b460>,98,16,[8 1],160,211,227,51,198
1,<environment.Job instance at 0x14894027bf00>,99,16,[1 6],161,199,215,38,198
1,<environment.Job instance at 0x14894027b4b0>,100,2,[10  2],163,227,229,64,200
1,<environment.Job instance at 0x14894027bdc0>,101,3,[1 7],164,215,218,51,200
1,<environment.Job instance at 0x14894027b640>,102,14,[9 2],166,229,243,63,214
1,<environment.Job instance at 0x14894027b9b0>,103,1,[10  2],167,243,244,76,215
1,<environment.Job instance at 0x14894027d320>,105,16,[1 9],169,218,234,49,215
1,<environment.Job instance at 0x1489521ee910>,111,12,[1 7],177,234,246,57,217
1,<environment.Job instance at 0x148940778b90>,112,1,[ 1 10],179,246,247,67,218
1,<environment.Job instance at 0x148948198640>,113,19,[2 5],180,234,253,54,224
1,<environment.Job instance at 0x1489481985a0>,114,17,[2 9],181,247,264,66,235
1,<environment.Job instance at 0x148948198230>,115,3,[6 2],182,253,256,71,235
1,<environment.Job instance at 0x14894bfd9910>,116,2,[6 2],183,244,246,61,235
1,<environment.Job instance at 0x14894067e0f0>,117,17,[5 2],184,253,270,69,241
1,<environment.Job instance at 0x14894067e5a0>,118,1,[6 1],186,244,245,58,241
1,<environment.Job instance at 0x14894b5bba00>,119,12,[ 1 10],187,264,276,77,247
1,<environment.Job instance at 0x148950fe98c0>,120,3,[2 7],189,276,279,87,250
1,<environment.Job instance at 0x14894b4f5960>,108,3,[9 2],173,300,303,127,300
1,<environment.Job instance at 0x148948197c80>,44,21,[1 8],76,306,327,230,306
1,<environment.Job instance at 0x1489480da500>,21,18,[1 5],37,363,381,326,363
1,<environment.Job instance at 0x14895106d4b0>,1,1,[1 7],2,2,3,0,2
1,<environment.Job instance at 0x1489402a08c0>,12,1,[1 5],16,16,17,0,16
1,<environment.Job instance at 0x1489402a0140>,13,1,[10  1],18,18,19,0,18
1,<environment.Job instance at 0x1489402a0550>,14,1,[5 2],19,19,20,0,19
1,<environment.Job instance at 0x1489402a0280>,18,21,[ 2 10],24,24,45,0,24
1,<environment.Job instance at 0x1489402410f0>,19,21,[2 5],25,25,46,0,25
1,<environment.Job instance at 0x148940241b40>,23,15,[6 1],30,45,60,15,31
1,<environment.Job instance at 0x1489402419b0>,25,2,[1 5],32,45,47,13,32
1,<environment.Job instance at 0x1489402412d0>,26,16,[1 8],33,46,62,13,33
1,<environment.Job instance at 0x148940241190>,27,14,[2 6],35,47,61,12,35
1,<environment.Job instance at 0x148940241050>,28,1,[9 1],36,60,61,24,37
1,<environment.Job instance at 0x148950689a00>,33,2,[5 1],42,61,63,19,49
1,<environment.Job instance at 0x148940403dc0>,34,1,[1 7],43,62,63,19,49
1,<environment.Job instance at 0x1489404fd3c0>,37,1,[5 1],48,61,62,13,55
1,<environment.Job instance at 0x1489404fd5a0>,38,1,[2 6],50,62,63,12,55
1,<environment.Job instance at 0x148940241140>,29,17,[2 5],37,63,80,26,55
1,<environment.Job instance at 0x1489404fdb40>,42,2,[7 2],55,63,65,8,58
1,<environment.Job instance at 0x14894c2c0b90>,43,2,[9 2],56,65,67,9,60
1,<environment.Job instance at 0x148949b5e910>,44,3,[5 1],57,62,65,5,61
1,<environment.Job instance at 0x14894041c460>,45,2,[ 1 10],58,67,69,9,61
1,<environment.Job instance at 0x148949b5e960>,46,13,[2 6],59,69,82,10,61
1,<environment.Job instance at 0x1489404fd230>,41,13,[6 1],54,69,82,15,67
1,<environment.Job instance at 0x148949bc9e60>,48,1,[8 2],63,82,83,19,67
1,<environment.Job instance at 0x148940557640>,49,17,[7 1],64,80,97,16,68
1,<environment.Job instance at 0x14894b5dad20>,53,1,[8 2],68,83,84,15,72
1,<environment.Job instance at 0x1489403c3b40>,54,1,[5 2],69,72,73,3,72
1,<environment.Job instance at 0x14894b4f7d20>,55,1,[7 1],70,84,85,14,72
1,<environment.Job instance at 0x14894bfa0690>,56,1,[1 8],71,84,85,13,72
1,<environment.Job instance at 0x14894bfa01e0>,57,2,[6 2],72,85,87,13,72
1,<environment.Job instance at 0x14895105d640>,47,17,[12  1],60,97,114,37,85
1,<environment.Job instance at 0x14895106dfa0>,59,1,[6 2],75,87,88,12,85
1,<environment.Job instance at 0x1489403e18c0>,60,3,[8 2],76,88,91,12,85
1,<environment.Job instance at 0x14895106d5a0>,61,2,[ 1 10],78,85,87,7,85
1,<environment.Job instance at 0x148948279550>,65,2,[7 2],82,91,93,9,88
1,<environment.Job instance at 0x148948279960>,68,1,[13  1],85,114,115,29,88
1,<environment.Job instance at 0x1489481d5410>,70,1,[5 1],87,93,94,6,91
1,<environment.Job instance at 0x148948279be0>,62,13,[10  1],79,115,128,36,103
1,<environment.Job instance at 0x14894067ed20>,79,3,[10  2],97,128,131,31,103
1,<environment.Job instance at 0x14894067ecd0>,80,3,[2 5],99,116,119,17,116
1,<environment.Job instance at 0x14894b5b37d0>,83,2,[2 9],102,116,118,14,116
1,<environment.Job instance at 0x14894b5b3280>,84,2,[2 7],103,118,120,15,116
1,<environment.Job instance at 0x14894b5dca50>,85,18,[6 1],105,131,149,26,120
1,<environment.Job instance at 0x14894b5dc9b0>,86,15,[2 9],106,120,135,14,120
1,<environment.Job instance at 0x14894b5dc640>,87,2,[10  1],107,149,151,42,122
1,<environment.Job instance at 0x1489401aa0f0>,89,1,[ 1 14],110,135,136,25,123
1,<environment.Job instance at 0x1489401cd780>,91,1,[6 1],112,131,132,19,127
1,<environment.Job instance at 0x1489401aa640>,92,2,[9 1],114,136,138,22,127
1,<environment.Job instance at 0x1489401c5c30>,93,19,[1 5],116,138,157,22,129
1,<environment.Job instance at 0x1489482782d0>,94,1,[8 1],117,138,139,21,129
1,<environment.Job instance at 0x1489506b1a00>,95,1,[5 1],119,132,133,13,129
1,<environment.Job instance at 0x1489506b14b0>,96,2,[7 2],120,133,135,13,129
1,<environment.Job instance at 0x1489401a76e0>,97,3,[ 2 14],122,157,160,35,131
1,<environment.Job instance at 0x1489401a7eb0>,98,3,[1 8],123,139,142,16,131
1,<environment.Job instance at 0x1489482c4c30>,99,1,[ 2 10],124,151,152,27,131
1,<environment.Job instance at 0x1489482c4910>,100,2,[7 2],126,142,144,16,131
1,<environment.Job instance at 0x1489482c4550>,101,1,[6 1],127,139,140,12,131
1,<environment.Job instance at 0x1489506a5f50>,102,2,[6 1],129,140,142,11,131
1,<environment.Job instance at 0x1489402a00a0>,17,1,[10  2],23,152,153,129,152
1,<environment.Job instance at 0x148940488230>,108,27,[5 1],140,153,180,13,152
1,<environment.Job instance at 0x14894b5dcb90>,88,22,[2 6],109,160,182,51,153
1,<environment.Job instance at 0x14895076b9b0>,114,2,[10  2],147,180,182,33,153
1,<environment.Job instance at 0x1489404f1280>,116,1,[7 2],152,153,154,1,153
1,<environment.Job instance at 0x14894bf37050>,117,2,[2 7],153,153,155,0,153
1,<environment.Job instance at 0x148950fd6eb0>,118,3,[2 5],154,160,163,6,154
1,<environment.Job instance at 0x1489404f1550>,115,1,[6 1],150,155,156,5,155
1,<environment.Job instance at 0x14894b38a820>,120,12,[5 2],157,160,172,3,158
1,<environment.Job instance at 0x1489402418c0>,121,1,[10  1],158,182,183,24,162
1,<environment.Job instance at 0x148940293780>,123,2,[ 2 10],162,182,184,20,163
1,<environment.Job instance at 0x148940293eb0>,125,1,[1 9],164,184,185,20,166
1,<environment.Job instance at 0x148940241640>,122,3,[10  1],161,183,186,22,168
1,<environment.Job instance at 0x1489402930f0>,128,1,[9 2],170,186,187,16,170
1,<environment.Job instance at 0x1489402935a0>,129,1,[10  1],171,187,188,16,171
1,<environment.Job instance at 0x148940293410>,127,22,[2 5],169,184,206,15,178
1,<environment.Job instance at 0x1489402829b0>,133,2,[12  1],177,188,190,11,179
1,<environment.Job instance at 0x148940282230>,137,1,[8 1],182,190,191,8,182
1,<environment.Job instance at 0x148940293cd0>,130,26,[ 2 13],173,206,232,33,203
1,<environment.Job instance at 0x148940282280>,140,3,[9 2],185,203,206,18,203
1,<environment.Job instance at 0x148940282a00>,141,1,[6 2],187,206,207,19,203
1,<environment.Job instance at 0x148940282f00>,142,2,[ 1 10],188,232,234,44,205
1,<environment.Job instance at 0x148940282d20>,143,2,[2 7],189,234,236,45,207
1,<environment.Job instance at 0x148940488280>,109,15,[14  1],141,236,251,95,226
1,<environment.Job instance at 0x14894067e870>,78,15,[ 2 10],96,449,464,353,449
1,<environment.Job instance at 0x148940433af0>,11,2,[8 2],22,25,27,3,25
1,<environment.Job instance at 0x148940433910>,12,15,[10  1],23,27,42,4,25
1,<environment.Job instance at 0x148940433aa0>,7,2,[ 1 11],17,44,46,27,44
1,<environment.Job instance at 0x148940433780>,9,1,[1 8],20,46,47,26,44
1,<environment.Job instance at 0x1489404588c0>,14,1,[8 2],25,44,45,19,44
1,<environment.Job instance at 0x148940433e10>,13,28,[5 2],24,78,106,54,78
1,<environment.Job instance at 0x148940458be0>,17,1,[5 1],28,201,202,173,201
1,<environment.Job instance at 0x148940458c80>,18,2,[2 6],29,210,212,181,210
1,<environment.Job instance at 0x148940458870>,19,1,[8 1],30,240,241,210,240
1,<environment.Job instance at 0x148940458550>,20,1,[7 2],32,258,259,226,258
1,<environment.Job instance at 0x148940458b40>,21,12,[6 2],33,264,276,231,264
1,<environment.Job instance at 0x148940458730>,22,3,[1 7],34,264,267,230,264
1,<environment.Job instance at 0x148940458690>,23,2,[6 2],36,266,268,230,266
1,<environment.Job instance at 0x1489404582d0>,24,3,[9 1],37,268,271,231,266
1,<environment.Job instance at 0x148940458eb0>,25,14,[7 1],38,271,285,233,267
1,<environment.Job instance at 0x148940458d20>,26,14,[ 2 10],39,271,285,232,267
1,<environment.Job instance at 0x148940458e60>,27,14,[9 2],40,285,299,245,270
1,<environment.Job instance at 0x148940458f00>,28,1,[1 9],41,293,294,252,293
1,<environment.Job instance at 0x1489404589b0>,29,16,[1 8],42,294,310,252,293
1,<environment.Job instance at 0x148940458af0>,30,1,[6 1],43,299,300,256,296
1,<environment.Job instance at 0x148940458320>,31,3,[5 2],44,296,299,252,296
1,<environment.Job instance at 0x1489510e4fa0>,32,16,[7 1],45,299,315,254,296
1,<environment.Job instance at 0x1489510e4c30>,33,2,[8 2],46,328,330,282,328
1,<environment.Job instance at 0x1489526bb320>,39,23,[9 1],56,330,353,274,329
1,<environment.Job instance at 0x1489526bb370>,40,14,[ 1 10],57,349,363,292,349
1,<environment.Job instance at 0x1489526bbf50>,42,1,[8 2],59,353,354,294,350
1,<environment.Job instance at 0x148949ba2550>,43,2,[7 2],61,354,356,293,350
1,<environment.Job instance at 0x148949ba2cd0>,44,3,[6 1],63,353,356,290,351
1,<environment.Job instance at 0x148949ba2c80>,45,2,[10  1],64,356,358,292,351
1,<environment.Job instance at 0x148949ba25a0>,46,1,[9 1],65,464,465,399,464
1,<environment.Job instance at 0x148949ba2410>,47,3,[5 1],66,507,510,441,507
1,<environment.Job instance at 0x148949ba2050>,48,3,[1 6],67,592,595,525,592
1,<environment.Job instance at 0x148949ba28c0>,49,3,[12  1],69,612,615,543,612
1,<environment.Job instance at 0x148949ba2fa0>,50,20,[8 1],70,615,635,545,612
1,<environment.Job instance at 0x148949ba2e10>,51,2,[7 1],71,668,670,597,668
1,<environment.Job instance at 0x148949ba2820>,52,3,[9 1],76,670,673,594,668
1,<environment.Job instance at 0x148949ba2be0>,53,13,[2 5],78,789,802,711,789
1,<environment.Job instance at 0x148949bd7d20>,54,2,[1 8],79,895,897,816,895
1,<environment.Job instance at 0x148949bd7320>,55,1,[2 6],80,953,954,873,953
1,<environment.Job instance at 0x148949bd73c0>,56,2,[9 2],83,968,970,885,968
1,<environment.Job instance at 0x148949bd72d0>,57,1,[ 2 10],87,1068,1069,981,1068
1,<environment.Job instance at 0x148949bd78c0>,58,3,[11  1],89,1070,1073,981,1070
1,<environment.Job instance at 0x148949bd7cd0>,59,13,[ 2 11],90,1152,1165,1062,1152
1,<environment.Job instance at 0x148949bd7500>,60,3,[1 8],91,1182,1185,1091,1182
1,<environment.Job instance at 0x148949bd75a0>,61,1,[8 1],93,1215,1216,1122,1215
1,<environment.Job instance at 0x148949bd7190>,62,16,[9 1],94,1377,1393,1283,1377
1,<environment.Job instance at 0x148949bd7280>,63,12,[7 2],96,1393,1405,1297,1379
1,<environment.Job instance at 0x148949bd79b0>,64,15,[ 2 10],102,1536,1551,1434,1536
1,<environment.Job instance at 0x148949bd7690>,65,2,[5 2],103,1655,1657,1552,1655
1,<environment.Job instance at 0x148949bd7eb0>,66,2,[7 2],104,1804,1806,1700,1804
1,<environment.Job instance at 0x148949bd7460>,67,2,[5 2],106,1806,1808,1700,1806
1,<environment.Job instance at 0x148949bd7b40>,68,1,[ 2 10],107,1810,1811,1703,1810
1,<environment.Job instance at 0x148949bd71e0>,69,1,[6 2],108,1864,1865,1756,1864
1,<environment.Job instance at 0x148949bd7780>,70,2,[ 1 12],109,1874,1876,1765,1874
1,<environment.Job instance at 0x148949bd7820>,71,16,[2 9],110,1878,1894,1768,1878
1,<environment.Job instance at 0x148949bd7230>,72,2,[5 2],111,1932,1934,1821,1932
1,<environment.Job instance at 0x148949bd7870>,73,21,[5 1],112,1980,2001,1868,1980
1,<environment.Job instance at 0x148949bd7550>,74,3,[2 8],113,1982,1985,1869,1982
1,<environment.Job instance at 0x1489509b4fa0>,75,3,[8 2],115,1990,1993,1875,1990
1,<environment.Job instance at 0x1489509b4870>,76,1,[ 2 10],116,2049,2050,1933,2049
1,<environment.Job instance at 0x1489509b4d70>,77,2,[1 6],117,2085,2087,1968,2085
1,<environment.Job instance at 0x1489509b40a0>,78,2,[8 1],118,2154,2156,2036,2154
1,<environment.Job instance at 0x1489509b4b40>,79,1,[2 7],120,2155,2156,2035,2155
1,<environment.Job instance at 0x1489509b4140>,80,2,[1 8],121,2191,2193,2070,2191
1,<environment.Job instance at 0x1489509b42d0>,81,13,[7 1],122,2196,2209,2074,2196
1,<environment.Job instance at 0x1489509b4230>,82,3,[ 2 10],125,2198,2201,2073,2198
1,<environment.Job instance at 0x1489509b4550>,83,2,[2 7],126,2284,2286,2158,2284
1,<environment.Job instance at 0x1489509b4b90>,84,22,[ 2 10],127,2360,2382,2233,2360
1,<environment.Job instance at 0x1489509b41e0>,85,2,[10  2],128,2390,2392,2262,2390
1,<environment.Job instance at 0x1489509b49b0>,86,2,[1 7],129,2398,2400,2269,2398
1,<environment.Job instance at 0x1489509b4730>,87,3,[2 8],130,2452,2455,2322,2452
1,<environment.Job instance at 0x1489509b4c80>,88,2,[6 2],131,2607,2609,2476,2607
1,<environment.Job instance at 0x14894b494e60>,89,1,[7 1],134,2644,2645,2510,2644
1,<environment.Job instance at 0x148940454640>,90,2,[5 2],135,2648,2650,2513,2648
1,<environment.Job instance at 0x148948191d20>,91,15,[1 9],136,2718,2733,2582,2718
1,<environment.Job instance at 0x148940454320>,92,3,[6 1],137,2857,2860,2720,2857
1,<environment.Job instance at 0x1489401b7370>,1,1,[1 7],4,4,5,0,4
1,<environment.Job instance at 0x1489401b7230>,6,21,[9 1],11,11,32,0,11
1,<environment.Job instance at 0x14894b5436e0>,19,20,[ 2 11],28,31,51,3,31
1,<environment.Job instance at 0x14895075e4b0>,12,1,[1 9],19,51,52,32,36
1,<environment.Job instance at 0x148950769280>,21,3,[ 2 10],31,52,55,21,36
1,<environment.Job instance at 0x14894b543a00>,22,15,[6 1],33,36,51,3,36
1,<environment.Job instance at 0x148940296780>,23,1,[9 2],34,51,52,17,37
1,<environment.Job instance at 0x1489402d33c0>,27,1,[1 8],40,55,56,15,40
1,<environment.Job instance at 0x1489407723c0>,32,1,[10  1],46,52,53,6,47
1,<environment.Job instance at 0x14894b479410>,34,2,[6 2],49,53,55,4,51
1,<environment.Job instance at 0x148949b75550>,33,3,[2 5],48,55,58,7,53
1,<environment.Job instance at 0x1489407c4230>,38,1,[10  1],53,55,56,2,53
1,<environment.Job instance at 0x1489407c4690>,37,1,[1 6],52,56,57,4,54
1,<environment.Job instance at 0x1489405b5d70>,40,1,[7 1],55,56,57,1,55
1,<environment.Job instance at 0x148940266eb0>,41,3,[9 2],56,57,60,1,56
1,<environment.Job instance at 0x1489530b1370>,42,2,[1 8],57,57,59,0,57
1,<environment.Job instance at 0x1489482f7a50>,43,26,[8 1],58,60,86,2,58
1,<environment.Job instance at 0x14895264d280>,44,3,[2 5],59,59,62,0,59
1,<environment.Job instance at 0x148952613e10>,46,27,[6 1],61,62,89,1,61
1,<environment.Job instance at 0x148948161460>,10,2,[ 2 10],16,86,88,70,74
1,<environment.Job instance at 0x1489506ea2d0>,50,2,[2 9],65,88,90,23,75
1,<environment.Job instance at 0x14894f40ef00>,47,21,[9 2],62,89,110,27,81
1,<environment.Job instance at 0x148948104e10>,56,1,[6 1],75,86,87,11,85
1,<environment.Job instance at 0x1489405d1460>,48,17,[7 2],63,204,221,141,204
1,<environment.Job instance at 0x148940290410>,1,28,[2 5],3,4,32,1,4
1,<environment.Job instance at 0x1489510289b0>,23,25,[9 1],33,68,93,35,68
1,<environment.Job instance at 0x148949e6b7d0>,9,24,[2 9],12,210,234,198,210
1,<environment.Job instance at 0x1489404007d0>,36,1,[7 2],51,255,256,204,255
1,<environment.Job instance at 0x1489510662d0>,37,3,[9 1],52,267,270,215,267
1,<environment.Job instance at 0x148940400b40>,38,15,[6 1],53,277,292,224,277
1,<environment.Job instance at 0x148951066e60>,39,1,[2 5],54,307,308,253,307
1,<environment.Job instance at 0x148951066c30>,40,2,[1 5],56,309,311,253,309
1,<environment.Job instance at 0x148951066b40>,41,3,[2 8],57,319,322,262,319
1,<environment.Job instance at 0x148951066370>,42,17,[10  1],58,323,340,265,323
1,<environment.Job instance at 0x1489510668c0>,43,26,[5 2],59,342,368,283,342
1,<environment.Job instance at 0x1489403ea870>,44,1,[8 2],60,418,419,358,418
1,<environment.Job instance at 0x1489403ea640>,45,2,[2 6],61,428,430,367,428
1,<environment.Job instance at 0x1489403ea4b0>,46,3,[1 9],62,436,439,374,436
1,<environment.Job instance at 0x1489403eaa00>,47,2,[1 7],64,500,502,436,500
1,<environment.Job instance at 0x1489404e2140>,48,3,[2 9],65,510,513,445,510
1,<environment.Job instance at 0x1489403eac80>,49,2,[6 1],66,542,544,476,542
1,<environment.Job instance at 0x1489403ea8c0>,50,1,[5 1],67,546,547,479,546
1,<environment.Job instance at 0x1489404e28c0>,51,16,[2 6],68,558,574,490,558
1,<environment.Job instance at 0x1489403f6aa0>,52,2,[7 1],70,570,572,500,570
1,<environment.Job instance at 0x1489403f6a50>,53,14,[5 2],74,573,587,499,573
1,<environment.Job instance at 0x1489403f6af0>,54,1,[ 1 10],75,585,586,510,585
1,<environment.Job instance at 0x1489403f6910>,55,3,[1 9],76,603,606,527,603
1,<environment.Job instance at 0x1489403f60a0>,56,2,[9 2],78,638,640,560,638
1,<environment.Job instance at 0x148950775730>,57,3,[2 7],79,676,679,597,676
1,<environment.Job instance at 0x148950775500>,58,21,[10  2],82,677,698,595,677
1,<environment.Job instance at 0x148950775eb0>,59,22,[2 9],83,719,741,636,719
1,<environment.Job instance at 0x1489510572d0>,60,3,[1 7],85,741,744,656,726
1,<environment.Job instance at 0x14894b5486e0>,61,14,[2 5],87,730,744,643,730
1,<environment.Job instance at 0x1489482caeb0>,62,13,[1 5],91,744,757,653,733
1,<environment.Job instance at 0x148951057410>,63,2,[6 1],93,736,738,643,736
1,<environment.Job instance at 0x148951057be0>,64,1,[ 1 12],94,757,758,663,736
1,<environment.Job instance at 0x14894b4d9640>,65,1,[10  2],95,756,757,661,756
1,<environment.Job instance at 0x1489481b3460>,66,3,[2 9],96,791,794,695,791
1,<environment.Job instance at 0x1489481b3550>,67,13,[2 9],97,843,856,746,843
1,<environment.Job instance at 0x1489481b3230>,68,12,[5 2],99,850,862,751,850
1,<environment.Job instance at 0x1489481a89b0>,69,1,[9 1],100,856,857,756,853
1,<environment.Job instance at 0x1489481b3a50>,70,20,[9 1],101,880,900,779,880
1,<environment.Job instance at 0x1489481a8d20>,71,3,[5 1],103,904,907,801,904
1,<environment.Job instance at 0x14894828b780>,72,2,[13  1],104,907,909,803,906
1,<environment.Job instance at 0x1489481a8af0>,73,1,[12  2],105,922,923,817,922
1,<environment.Job instance at 0x148949e3df50>,74,1,[5 1],106,958,959,852,958
1,<environment.Job instance at 0x148949e3d820>,75,3,[8 1],107,958,961,851,958
1,<environment.Job instance at 0x148940412140>,76,2,[6 2],108,974,976,866,974
1,<environment.Job instance at 0x148940412c80>,77,3,[9 2],109,989,992,880,989
1,<environment.Job instance at 0x148940412fa0>,78,2,[1 6],116,1040,1042,924,1040
1,<environment.Job instance at 0x1489403e98c0>,79,18,[8 1],118,1045,1063,927,1045
1,<environment.Job instance at 0x1489403e97d0>,80,2,[2 8],120,1149,1151,1029,1149
1,<environment.Job instance at 0x1489403e9410>,81,1,[7 1],123,1175,1176,1052,1175
1,<environment.Job instance at 0x1489403e9640>,82,2,[2 6],124,1178,1180,1054,1178
1,<environment.Job instance at 0x1489403e9820>,83,3,[6 2],126,1205,1208,1079,1205
1,<environment.Job instance at 0x1489403e9d20>,84,12,[2 9],127,1213,1225,1086,1213
1,<environment.Job instance at 0x1489403e9a00>,85,2,[5 1],128,1221,1223,1093,1221
1,<environment.Job instance at 0x1489403e9e60>,86,3,[9 1],129,1223,1226,1094,1221
1,<environment.Job instance at 0x1489403e9be0>,87,1,[7 2],130,1226,1227,1096,1223
1,<environment.Job instance at 0x1489403e9460>,88,17,[6 2],132,1225,1242,1093,1223
1,<environment.Job instance at 0x1489403e99b0>,89,3,[9 2],134,1227,1230,1093,1223
1,<environment.Job instance at 0x1489403e9aa0>,90,2,[2 5],135,1243,1245,1108,1243
1,<environment.Job instance at 0x1489403e9dc0>,91,1,[1 9],136,1357,1358,1221,1357
1,<environment.Job instance at 0x14894c2bc190>,92,3,[1 7],137,1378,1381,1241,1378
1,<environment.Job instance at 0x14894c2bc730>,93,1,[1 8],138,1380,1381,1242,1380
1,<environment.Job instance at 0x14894c2bc780>,94,20,[7 2],139,1386,1406,1247,1386
1,<environment.Job instance at 0x14894c2bcd20>,95,1,[1 9],140,1410,1411,1270,1410
1,<environment.Job instance at 0x14894c2bcfa0>,96,2,[2 6],141,1450,1452,1309,1450
1,<environment.Job instance at 0x14894c2bcaa0>,97,3,[ 2 10],142,1462,1465,1320,1462
1,<environment.Job instance at 0x14894c2bcd70>,98,13,[2 8],143,1465,1478,1322,1462
1,<environment.Job instance at 0x14894c2bccd0>,99,1,[8 1],146,1532,1533,1386,1532
1,<environment.Job instance at 0x14894c2bc370>,100,3,[1 6],147,1532,1535,1385,1532
1,<environment.Job instance at 0x14894c2bc410>,101,2,[1 6],148,1532,1534,1384,1532
1,<environment.Job instance at 0x14894c2bca00>,102,1,[2 5],149,1534,1535,1385,1532
1,<environment.Job instance at 0x14894c2bc1e0>,103,14,[ 2 10],150,1535,1549,1385,1534
1,<environment.Job instance at 0x14894c2bc5a0>,104,1,[ 1 13],151,1549,1550,1398,1545
1,<environment.Job instance at 0x14894c2bce60>,105,12,[ 1 14],152,1551,1563,1399,1551
1,<environment.Job instance at 0x14894c2bc2d0>,106,1,[5 2],153,1571,1572,1418,1571
1,<environment.Job instance at 0x14894c2bcdc0>,107,12,[2 9],154,1573,1585,1419,1573
1,<environment.Job instance at 0x14894c2bc3c0>,108,1,[11  1],163,1582,1583,1419,1582
1,<environment.Job instance at 0x14894c2bc4b0>,109,2,[5 1],164,1583,1585,1419,1582
1,<environment.Job instance at 0x14894c2bc140>,110,2,[1 6],165,1585,1587,1420,1582
1,<environment.Job instance at 0x14894c2bcbe0>,111,2,[1 8],166,1585,1587,1419,1582
1,<environment.Job instance at 0x14894c2bc460>,112,1,[6 1],167,1583,1584,1416,1582
1,<environment.Job instance at 0x14894b469870>,113,18,[10  2],169,1587,1605,1418,1582
1,<environment.Job instance at 0x14894b469910>,114,1,[6 1],170,1610,1611,1440,1610
1,<environment.Job instance at 0x14894b4693c0>,115,1,[2 9],171,1611,1612,1440,1611
1,<environment.Job instance at 0x14894b469f50>,116,1,[1 5],172,1706,1707,1534,1706
1,<environment.Job instance at 0x14894b4694b0>,117,16,[ 2 10],173,1741,1757,1568,1741
1,<environment.Job instance at 0x14894b469aa0>,118,3,[5 1],174,1757,1760,1583,1757
1,<environment.Job instance at 0x14894b469c80>,119,3,[1 7],175,1800,1803,1625,1800
1,<environment.Job instance at 0x14894b469d20>,120,3,[10  2],177,1803,1806,1626,1803
1,<environment.Job instance at 0x14894b469140>,121,17,[9 2],179,1840,1857,1661,1840
1,<environment.Job instance at 0x14894b469780>,122,2,[9 2],181,1860,1862,1679,1860
1,<environment.Job instance at 0x14894b4696e0>,123,2,[2 7],185,1897,1899,1712,1897
1,<environment.Job instance at 0x14894b469b90>,124,1,[8 1],186,1907,1908,1721,1907
1,<environment.Job instance at 0x14894b469410>,125,15,[7 1],187,1923,1938,1736,1923
1,<environment.Job instance at 0x14894b4698c0>,126,1,[1 8],188,1957,1958,1769,1957
1,<environment.Job instance at 0x14894b469500>,127,12,[7 2],189,1968,1980,1779,1968
1,<environment.Job instance at 0x1489400e8c30>,5,1,[9 2],8,8,9,0,8
1,<environment.Job instance at 0x1489400ea140>,11,1,[1 5],15,18,19,3,18
1,<environment.Job instance at 0x1489400ea0a0>,15,19,[5 2],21,24,43,3,24
1,<environment.Job instance at 0x1489400ec500>,26,16,[1 5],33,34,50,1,34
1,<environment.Job instance at 0x148948270280>,9,1,[9 2],15,15,16,0,15
1,<environment.Job instance at 0x1489482683c0>,16,16,[ 2 10],25,103,119,78,103
1,<environment.Job instance at 0x148948268730>,18,3,[6 1],28,152,155,124,152
1,<environment.Job instance at 0x148948268f50>,19,1,[10  1],29,197,198,168,197
1,<environment.Job instance at 0x148948268e10>,20,15,[7 1],30,198,213,168,197
1,<environment.Job instance at 0x148948268be0>,21,3,[ 2 10],31,222,225,191,222
1,<environment.Job instance at 0x14894bf55910>,24,3,[2 9],35,225,228,190,222
1,<environment.Job instance at 0x14894bf55140>,25,3,[2 5],36,222,225,186,222
1,<environment.Job instance at 0x14894bf55050>,26,3,[1 7],37,228,231,191,224
1,<environment.Job instance at 0x14894bf55410>,27,2,[2 6],38,226,228,188,226
1,<environment.Job instance at 0x14894bf554b0>,28,2,[5 2],39,228,230,189,227
1,<environment.Job instance at 0x14894bf55a00>,29,12,[ 1 10],40,231,243,191,227
1,<environment.Job instance at 0x14894bf550f0>,30,2,[1 5],41,237,239,196,237
1,<environment.Job instance at 0x14894bf55370>,31,12,[5 1],42,239,251,197,237
1,<environment.Job instance at 0x14894bf55af0>,32,1,[10  1],43,243,244,200,239
1,<environment.Job instance at 0x14894bf55500>,33,3,[1 7],45,244,247,199,241
1,<environment.Job instance at 0x14894bf55280>,34,1,[10  2],47,247,248,200,245
1,<environment.Job instance at 0x14894bf553c0>,35,1,[6 1],49,246,247,197,246
1,<environment.Job instance at 0x14894bf551e0>,36,13,[1 6],50,248,261,198,246
1,<environment.Job instance at 0x14894bf55820>,37,2,[1 8],51,257,259,206,257
1,<environment.Job instance at 0x14894bf55a50>,38,17,[6 1],52,257,274,205,257
1,<environment.Job instance at 0x14894057d1e0>,39,1,[8 1],53,269,270,216,269
1,<environment.Job instance at 0x14894057d7d0>,40,3,[1 6],54,271,274,217,271
1,<environment.Job instance at 0x14894057d4b0>,41,2,[1 9],57,274,276,217,272
1,<environment.Job instance at 0x14894057da50>,42,17,[2 7],58,276,293,218,272
1,<environment.Job instance at 0x14894057d5f0>,43,12,[5 1],59,278,290,219,278
1,<environment.Job instance at 0x14894057d3c0>,44,16,[1 7],61,286,302,225,286
1,<environment.Job instance at 0x14894057deb0>,45,3,[2 6],62,293,296,231,290
1,<environment.Job instance at 0x14894057de10>,46,17,[6 1],65,291,308,226,291
1,<environment.Job instance at 0x14894057d960>,47,3,[2 8],66,302,305,236,300
1,<environment.Job instance at 0x14894057d460>,48,2,[9 1],68,305,307,237,302
1,<environment.Job instance at 0x14894057dc30>,49,12,[5 2],69,307,319,238,303
1,<environment.Job instance at 0x14894057daa0>,50,1,[1 9],70,314,315,244,314
1,<environment.Job instance at 0x14894057d870>,51,1,[1 5],71,315,316,244,314
1,<environment.Job instance at 0x14894057d5a0>,52,26,[2 7],72,315,341,243,314
1,<environment.Job instance at 0x14894057d690>,53,3,[2 8],73,331,334,258,331
1,<environment.Job instance at 0x14894057d190>,54,3,[2 9],74,341,344,267,331
1,<environment.Job instance at 0x14894057d230>,55,15,[8 1],76,339,354,263,339
1,<environment.Job instance at 0x14894057d050>,56,1,[2 7],77,352,353,275,352
1,<environment.Job instance at 0x14894057d910>,57,1,[7 2],78,353,354,275,352
1,<environment.Job instance at 0x14894057dd20>,58,25,[1 7],79,354,379,275,352
1,<environment.Job instance at 0x14894057dc80>,59,1,[ 2 10],80,379,380,299,374
1,<environment.Job instance at 0x14894057d6e0>,60,2,[2 5],81,375,377,294,375
1,<environment.Job instance at 0x14894057d0f0>,61,15,[7 2],82,375,390,293,375
1,<environment.Job instance at 0x148948265aa0>,62,1,[7 2],85,385,386,300,385
1,<environment.Job instance at 0x148948265910>,63,1,[1 8],86,385,386,299,385
1,<environment.Job instance at 0x1489482654b0>,64,2,[1 7],87,386,388,299,386
1,<environment.Job instance at 0x148948265f50>,65,22,[ 1 10],88,388,410,300,386
1,<environment.Job instance at 0x148948265d70>,66,2,[1 6],89,410,412,321,392
1,<environment.Job instance at 0x148948265140>,67,1,[14  1],91,404,405,313,404
1,<environment.Job instance at 0x148948265410>,68,3,[10  1],92,405,408,313,404
1,<environment.Job instance at 0x148948265e10>,69,3,[10  1],93,408,411,315,404
1,<environment.Job instance at 0x148948265550>,70,1,[8 1],94,411,412,317,409
1,<environment.Job instance at 0x148948265b40>,71,17,[7 2],96,412,429,316,409
1,<environment.Job instance at 0x1489482653c0>,72,13,[2 5],97,436,449,339,436
1,<environment.Job instance at 0x148948265be0>,76,3,[9 1],104,442,445,338,442
1,<environment.Job instance at 0x148948265a00>,77,1,[8 2],106,453,454,347,453
1,<environment.Job instance at 0x1489405aa820>,78,3,[1 5],107,456,459,349,456
1,<environment.Job instance at 0x1489405aa960>,79,1,[10  1],109,461,462,352,461
1,<environment.Job instance at 0x148953041b90>,80,3,[8 1],110,462,465,352,461
1,<environment.Job instance at 0x148953041eb0>,81,2,[8 1],111,465,467,354,462
1,<environment.Job instance at 0x148953041460>,82,1,[5 2],112,462,463,350,462
1,<environment.Job instance at 0x1489530410f0>,83,3,[1 7],113,463,466,350,463
1,<environment.Job instance at 0x148953041370>,84,2,[5 1],114,465,467,351,465
1,<environment.Job instance at 0x148953041be0>,85,17,[1 5],116,465,482,349,465
1,<environment.Job instance at 0x14894a6c7aa0>,86,2,[5 2],117,481,483,364,481
1,<environment.Job instance at 0x1489530417d0>,87,1,[1 5],118,484,485,366,484
1,<environment.Job instance at 0x14894a6c71e0>,88,1,[8 2],119,497,498,378,497
1,<environment.Job instance at 0x14894a6c70a0>,89,2,[7 1],120,497,499,377,497
1,<environment.Job instance at 0x14894a6c7320>,90,1,[10  1],121,499,500,378,498
1,<environment.Job instance at 0x14894a6c74b0>,91,2,[ 1 10],122,505,507,383,505
1,<environment.Job instance at 0x14894a6c7dc0>,92,2,[1 8],123,526,528,403,526
1,<environment.Job instance at 0x148940776460>,93,3,[2 5],124,553,556,429,553
1,<environment.Job instance at 0x148940776320>,94,18,[10  1],125,556,574,431,556
1,<environment.Job instance at 0x148940776690>,95,2,[7 1],126,575,577,449,575
1,<environment.Job instance at 0x148940776370>,98,3,[ 1 11],131,575,578,444,575
1,<environment.Job instance at 0x148940776b90>,99,2,[1 9],132,586,588,454,586
1,<environment.Job instance at 0x148940776f50>,100,2,[2 5],133,590,592,457,590
1,<environment.Job instance at 0x1489407761e0>,101,3,[1 5],136,590,593,454,590
1,<environment.Job instance at 0x148940776410>,102,1,[8 1],137,593,594,456,593
1,<environment.Job instance at 0x148940776a00>,103,2,[8 2],138,607,609,469,607
1,<environment.Job instance at 0x148940776640>,104,14,[9 2],139,609,623,470,607
1,<environment.Job instance at 0x1489407768c0>,105,2,[5 2],140,614,616,474,614
1,<environment.Job instance at 0x1489407766e0>,106,3,[1 5],141,614,617,473,614
1,<environment.Job instance at 0x148940776d70>,107,1,[1 5],143,617,618,474,617
1,<environment.Job instance at 0x148940776e10>,108,16,[8 1],144,623,639,479,617
1,<environment.Job instance at 0x148940776c30>,109,14,[2 8],145,627,641,482,627
1,<environment.Job instance at 0x148940776af0>,110,15,[8 2],146,639,654,493,632
1,<environment.Job instance at 0x148940776280>,111,3,[1 7],148,641,644,493,639
1,<environment.Job instance at 0x14894027d0a0>,112,3,[7 1],149,644,647,495,640
1,<environment.Job instance at 0x148940776910>,113,2,[2 7],150,647,649,497,646
1,<environment.Job instance at 0x14894027d460>,114,14,[ 2 10],151,649,663,498,646
1,<environment.Job instance at 0x1489406bbf50>,115,1,[1 9],152,663,664,511,657
1,<environment.Job instance at 0x1489406bb230>,116,18,[5 2],153,665,683,512,665
1,<environment.Job instance at 0x1489406bb500>,117,2,[1 8],155,679,681,524,679
1,<environment.Job instance at 0x1489406bbe10>,118,16,[1 6],156,681,697,525,679
1,<environment.Job instance at 0x1489406bb460>,119,3,[2 6],158,688,691,530,688
1,<environment.Job instance at 0x1489406bb6e0>,120,14,[10  1],159,689,703,530,689
1,<environment.Job instance at 0x1489406bb8c0>,121,3,[ 1 14],160,697,700,537,694
1,<environment.Job instance at 0x1489406bb320>,122,3,[5 1],161,700,703,539,696
1,<environment.Job instance at 0x1489406bbf00>,123,2,[8 1],163,703,705,540,698
1,<environment.Job instance at 0x1489406bb640>,124,3,[9 1],164,705,708,541,700
1,<environment.Job instance at 0x1489406bba50>,125,3,[8 2],165,708,711,543,703
1,<environment.Job instance at 0x148948203140>,126,12,[7 2],167,708,720,541,704
1,<environment.Job instance at 0x1489482035a0>,127,2,[2 7],169,714,716,545,714
1,<environment.Job instance at 0x148948203e60>,128,17,[6 2],171,714,731,543,714
1,<environment.Job instance at 0x148948203aa0>,129,13,[ 2 10],172,721,734,549,721
1,<environment.Job instance at 0x1489482039b0>,130,2,[1 9],173,734,736,561,724
1,<environment.Job instance at 0x148948203d70>,131,23,[1 5],174,752,775,578,752
1,<environment.Job instance at 0x148948203e10>,132,1,[8 1],175,777,778,602,777
1,<environment.Job instance at 0x148948203be0>,133,18,[10  1],176,779,797,603,779
1,<environment.Job instance at 0x148948203230>,134,1,[8 2],177,797,798,620,790
1,<environment.Job instance at 0x14894bfc83c0>,135,2,[7 1],178,797,799,619,791
1,<environment.Job instance at 0x14894bfc8050>,136,1,[5 1],179,792,793,613,792
1,<environment.Job instance at 0x14894bfc8730>,137,2,[2 8],180,793,795,613,793
1,<environment.Job instance at 0x14894bfc8370>,138,3,[7 1],181,798,801,617,794
1,<environment.Job instance at 0x14894bfc8be0>,139,3,[8 2],182,799,802,617,797
1,<environment.Job instance at 0x148948100b90>,8,1,[ 2 10],11,11,12,0,11
1,<environment.Job instance at 0x148948100140>,9,2,[6 2],12,12,14,0,12
1,<environment.Job instance at 0x148948100aa0>,10,1,[1 5],14,14,15,0,14
1,<environment.Job instance at 0x1489481d1640>,11,2,[5 2],15,15,17,0,15
1,<environment.Job instance at 0x1489481d1230>,12,2,[8 1],16,16,18,0,16
1,<environment.Job instance at 0x1489481d1f00>,13,2,[8 1],17,18,20,1,17
1,<environment.Job instance at 0x148948154e60>,20,16,[1 9],24,28,44,4,28
1,<environment.Job instance at 0x1489481543c0>,21,2,[ 1 13],25,44,46,19,28
1,<environment.Job instance at 0x1489481545a0>,23,1,[6 1],27,29,30,2,29
1,<environment.Job instance at 0x148948154eb0>,24,2,[ 1 10],28,46,48,18,29
1,<environment.Job instance at 0x14894a6a0c80>,25,1,[5 1],29,29,30,0,29
1,<environment.Job instance at 0x14894a6a09b0>,26,3,[5 2],30,30,33,0,30
1,<environment.Job instance at 0x14894a6a0780>,27,17,[6 2],34,34,51,0,34
1,<environment.Job instance at 0x14894a6a0f50>,29,15,[10  2],36,51,66,15,37
1,<environment.Job instance at 0x14894c2dd640>,33,12,[1 8],40,48,60,8,43
1,<environment.Job instance at 0x14894c2dd6e0>,34,28,[ 2 10],41,60,88,19,59
1,<environment.Job instance at 0x14894c2dd410>,35,3,[9 1],44,66,69,22,59
1,<environment.Job instance at 0x14894c2ddc80>,36,14,[2 5],46,69,83,23,59
1,<environment.Job instance at 0x14894c2dd0f0>,37,2,[1 8],47,88,90,41,61
1,<environment.Job instance at 0x14894c2dddc0>,38,1,[5 1],48,83,84,35,61
1,<environment.Job instance at 0x14894b5d0b90>,41,2,[6 2],53,83,85,30,70
1,<environment.Job instance at 0x14894b5d0dc0>,42,2,[1 5],54,85,87,31,70
1,<environment.Job instance at 0x14894c2ddb40>,39,14,[1 7],49,88,102,39,73
1,<environment.Job instance at 0x14894b5d0cd0>,44,1,[9 1],58,87,88,29,73
1,<environment.Job instance at 0x14894b5d0a00>,45,2,[9 1],59,90,92,31,73
1,<environment.Job instance at 0x14894b585b90>,47,2,[2 9],62,102,104,40,75
1,<environment.Job instance at 0x14894c2dd910>,31,2,[11  1],38,92,94,54,75
1,<environment.Job instance at 0x14894b585c30>,50,2,[ 1 10],65,104,106,39,77
1,<environment.Job instance at 0x14894b585fa0>,51,2,[ 1 11],67,106,108,39,79
1,<environment.Job instance at 0x14894b585a00>,52,2,[1 8],68,94,96,26,79
1,<environment.Job instance at 0x14894b5d04b0>,46,2,[6 2],60,96,98,36,92
1,<environment.Job instance at 0x14894b585f00>,55,3,[2 8],71,108,111,37,104
1,<environment.Job instance at 0x148940524e10>,58,17,[ 1 10],76,145,162,69,145
1,<environment.Job instance at 0x14894c248b40>,67,2,[8 1],93,145,147,52,145
1,<environment.Job instance at 0x1488fff52820>,68,3,[9 2],94,147,150,53,145
1,<environment.Job instance at 0x148950724550>,69,1,[2 8],96,162,163,66,145
1,<environment.Job instance at 0x1488fff287d0>,70,2,[10  1],97,150,152,53,145
1,<environment.Job instance at 0x14894c248b90>,71,13,[1 8],98,172,185,74,172
1,<environment.Job instance at 0x148948045cd0>,75,12,[2 8],105,185,197,80,172
1,<environment.Job instance at 0x14894016fa50>,76,14,[10  2],106,176,190,70,176
1,<environment.Job instance at 0x1489402ef960>,79,18,[1 6],111,190,208,79,179
1,<environment.Job instance at 0x1489506d9820>,81,3,[1 9],116,197,200,81,179
1,<environment.Job instance at 0x14894068f280>,82,1,[5 2],117,200,201,83,179
1,<environment.Job instance at 0x14894b4bb460>,83,1,[9 1],118,190,191,72,179
1,<environment.Job instance at 0x14894b5137d0>,84,23,[9 1],120,200,223,80,194
1,<environment.Job instance at 0x14894070d5a0>,86,18,[1 7],122,201,219,79,194
1,<environment.Job instance at 0x14894070d9b0>,87,16,[9 2],123,223,239,100,210
1,<environment.Job instance at 0x14894070d870>,88,2,[1 5],124,210,212,86,210
1,<environment.Job instance at 0x14894070d6e0>,89,1,[2 5],125,212,213,87,211
1,<environment.Job instance at 0x14894017b0f0>,90,12,[5 1],128,213,225,85,211
1,<environment.Job instance at 0x14894017b9b0>,91,1,[10  1],130,239,240,109,214
1,<environment.Job instance at 0x14894021b5a0>,92,1,[7 1],131,240,241,109,215
1,<environment.Job instance at 0x14894017b910>,93,2,[10  1],132,241,243,109,215
1,<environment.Job instance at 0x14894021bc80>,94,1,[6 2],133,225,226,92,216
1,<environment.Job instance at 0x14894021bf50>,95,3,[6 2],134,226,229,92,216
1,<environment.Job instance at 0x14894021beb0>,96,3,[2 5],138,229,232,91,216
1,<environment.Job instance at 0x14894021b0a0>,97,2,[5 1],139,232,234,93,223
1,<environment.Job instance at 0x148940419550>,100,3,[1 9],144,248,251,104,248
1,<environment.Job instance at 0x1489482c2140>,102,3,[2 9],147,251,254,104,249
1,<environment.Job instance at 0x1489482c2e10>,103,3,[6 1],149,250,253,101,250
1,<environment.Job instance at 0x1489482c2550>,104,18,[7 2],150,250,268,100,250
1,<environment.Job instance at 0x1489482c2dc0>,105,15,[2 7],151,254,269,103,251
1,<environment.Job instance at 0x1489482c2780>,107,2,[14  2],154,269,271,115,251
1,<environment.Job instance at 0x1489482c2c30>,108,3,[ 1 10],155,269,272,114,251
1,<environment.Job instance at 0x1489482c21e0>,109,1,[14  2],156,271,272,115,252
1,<environment.Job instance at 0x1489482c20f0>,110,2,[6 2],157,253,255,96,252
1,<environment.Job instance at 0x14894990ab40>,111,13,[6 1],158,255,268,97,252
1,<environment.Job instance at 0x14894990a230>,112,2,[1 9],159,272,274,113,253
1,<environment.Job instance at 0x14894990a550>,113,3,[6 2],160,272,275,112,253
1,<environment.Job instance at 0x1489402b8c80>,115,2,[1 8],163,274,276,111,253
1,<environment.Job instance at 0x1489402b8690>,116,17,[9 1],164,275,292,111,263
1,<environment.Job instance at 0x1489402b8a50>,118,14,[2 8],168,276,290,108,264
1,<environment.Job instance at 0x1489402b84b0>,119,1,[10  2],169,268,269,99,266
1,<environment.Job instance at 0x1489402b8a00>,120,17,[7 2],171,292,309,121,280
1,<environment.Job instance at 0x148948260e10>,123,18,[8 1],177,292,310,115,281
1,<environment.Job instance at 0x148948260550>,124,1,[6 2],178,290,291,112,281
1,<environment.Job instance at 0x148948260eb0>,125,1,[6 1],179,291,292,112,281
1,<environment.Job instance at 0x148940280500>,126,1,[8 1],180,310,311,130,282
1,<environment.Job instance at 0x14894b45b690>,127,1,[5 1],183,309,310,126,282
1,<environment.Job instance at 0x14894b494320>,128,2,[1 9],184,309,311,125,282
1,<environment.Job instance at 0x148940280f00>,129,3,[ 2 10],186,311,314,125,285
1,<environment.Job instance at 0x1489480af2d0>,130,2,[7 1],188,311,313,123,285
1,<environment.Job instance at 0x14894f41c730>,14,18,[10  2],22,30,48,8,30
1,<environment.Job instance at 0x14894f41c960>,15,3,[1 5],23,95,98,72,95
1,<environment.Job instance at 0x14894f41c320>,16,14,[1 7],24,204,218,180,204
1,<environment.Job instance at 0x14894f41c8c0>,17,2,[1 8],26,205,207,179,205
1,<environment.Job instance at 0x14894f41c640>,18,12,[5 2],27,207,219,180,205
1,<environment.Job instance at 0x14894f41cc30>,19,1,[2 9],28,218,219,190,212
1,<environment.Job instance at 0x14894f41cb90>,20,1,[10  2],29,222,223,193,222
1,<environment.Job instance at 0x14894f41c5f0>,21,2,[5 2],32,224,226,192,224
1,<environment.Job instance at 0x14894f41c5a0>,22,2,[10  1],33,224,226,191,224
1,<environment.Job instance at 0x14894f41c190>,23,17,[7 1],35,226,243,191,226
1,<environment.Job instance at 0x14894f41ccd0>,24,1,[7 2],36,246,247,210,246
1,<environment.Job instance at 0x14894f41c910>,25,15,[7 1],37,252,267,215,252
1,<environment.Job instance at 0x14894f41cfa0>,26,13,[5 2],43,274,287,231,274
1,<environment.Job instance at 0x14894f41cf00>,27,3,[1 9],44,284,287,240,284
1,<environment.Job instance at 0x14894f41c870>,28,1,[1 7],47,291,292,244,291
1,<environment.Job instance at 0x148940255280>,29,14,[7 1],49,302,316,253,302
1,<environment.Job instance at 0x1489402559b0>,30,3,[6 2],50,321,324,271,321
1,<environment.Job instance at 0x148940255e60>,31,17,[6 2],55,324,341,269,324
1,<environment.Job instance at 0x148940255f50>,32,2,[8 1],56,347,349,291,347
1,<environment.Job instance at 0x1489402555f0>,33,3,[8 2],58,352,355,294,352
1,<environment.Job instance at 0x148940255230>,34,14,[10  2],59,355,369,296,354
1,<environment.Job instance at 0x148940255410>,35,2,[2 6],60,369,371,309,369
1,<environment.Job instance at 0x148940255960>,36,17,[1 9],61,370,387,309,370
1,<environment.Job instance at 0x148940255eb0>,37,3,[1 6],62,371,374,309,370
1,<environment.Job instance at 0x148940255dc0>,38,1,[8 1],63,374,375,311,370
1,<environment.Job instance at 0x1489481eefa0>,40,1,[1 9],68,387,388,319,370
1,<environment.Job instance at 0x1489481ee5a0>,41,3,[10  2],72,375,378,303,370
1,<environment.Job instance at 0x1489481eea50>,42,17,[6 1],73,378,395,305,370
1,<environment.Job instance at 0x1489481eec80>,43,1,[2 8],74,388,389,314,370
1,<environment.Job instance at 0x1489481ee0f0>,44,2,[9 1],77,389,391,312,370
1,<environment.Job instance at 0x1489481ee910>,46,13,[7 2],81,396,409,315,396
1,<environment.Job instance at 0x1489481ee460>,47,2,[6 2],82,409,411,327,409
1,<environment.Job instance at 0x1489481ee050>,48,3,[5 2],87,433,436,346,433
1,<environment.Job instance at 0x1489481eee60>,49,3,[ 2 10],88,439,442,351,439
1,<environment.Job instance at 0x1489481ee8c0>,50,3,[1 5],90,449,452,359,449
1,<environment.Job instance at 0x1489481ee500>,51,1,[9 1],91,450,451,359,450
1,<environment.Job instance at 0x1489481eeeb0>,52,2,[1 7],93,450,452,357,450
1,<environment.Job instance at 0x1489481ee690>,53,2,[2 5],94,452,454,358,450
1,<environment.Job instance at 0x1489481eeb90>,54,16,[5 2],95,451,467,356,450
1,<environment.Job instance at 0x14894070d0a0>,55,13,[ 1 13],96,473,486,377,473
1,<environment.Job instance at 0x148948135cd0>,56,2,[10  1],97,473,475,376,473
1,<environment.Job instance at 0x14894070d1e0>,57,2,[8 1],98,475,477,377,473
1,<environment.Job instance at 0x14894070d280>,58,3,[2 9],100,486,489,386,474
1,<environment.Job instance at 0x14894070daf0>,59,1,[1 9],101,489,490,388,475
1,<environment.Job instance at 0x14894070db40>,60,18,[8 2],102,477,495,375,476
1,<environment.Job instance at 0x14894070d640>,61,2,[5 1],103,500,502,397,500
1,<environment.Job instance at 0x14894070d910>,62,3,[2 5],104,508,511,404,508
1,<environment.Job instance at 0x14894070d050>,63,1,[6 1],105,508,509,403,508
1,<environment.Job instance at 0x14894070d190>,64,1,[5 2],107,510,511,403,510
1,<environment.Job instance at 0x14895317b6e0>,65,1,[6 1],108,515,516,407,515
1,<environment.Job instance at 0x14894070d550>,66,3,[2 5],114,533,536,419,533
1,<environment.Job instance at 0x14895317b5a0>,67,2,[2 5],116,535,537,419,535
1,<environment.Job instance at 0x148949e5d370>,68,1,[2 9],117,560,561,443,560
1,<environment.Job instance at 0x148949e5d960>,69,18,[7 2],119,574,592,455,574
1,<environment.Job instance at 0x148949e5d780>,70,15,[1 5],120,599,614,479,599
1,<environment.Job instance at 0x148949e5d280>,71,2,[2 9],121,600,602,479,600
1,<environment.Job instance at 0x148949e5db90>,72,2,[6 2],122,602,604,480,600
1,<environment.Job instance at 0x148949e5d640>,73,3,[2 6],123,602,605,479,600
1,<environment.Job instance at 0x148949e5de60>,74,2,[1 6],124,605,607,481,601
1,<environment.Job instance at 0x148949e5d5a0>,75,1,[2 5],125,607,608,482,601
1,<environment.Job instance at 0x148949e5de10>,76,1,[2 8],126,608,609,482,601
1,<environment.Job instance at 0x148949e5d140>,77,2,[10  1],127,604,606,477,601
1,<environment.Job instance at 0x148949e5d8c0>,78,2,[7 1],128,606,608,478,602
1,<environment.Job instance at 0x14894a69dfa0>,79,2,[7 2],129,608,610,479,605
1,<environment.Job instance at 0x148949e5d4b0>,80,1,[9 2],130,610,611,480,605
1,<environment.Job instance at 0x148949e5d230>,81,2,[9 1],131,611,613,480,608
1,<environment.Job instance at 0x14894bf735a0>,82,3,[9 1],133,613,616,480,610
1,<environment.Job instance at 0x148949bc8960>,83,14,[8 2],135,652,666,517,652
1,<environment.Job instance at 0x14894b5457d0>,84,3,[2 9],136,664,667,528,664
1,<environment.Job instance at 0x148948147550>,85,2,[1 9],138,667,669,529,664
1,<environment.Job instance at 0x14894831cb40>,86,3,[ 2 12],140,669,672,529,664
1,<environment.Job instance at 0x14894831c550>,87,3,[9 1],141,666,669,525,665
1,<environment.Job instance at 0x1489482f15a0>,88,3,[1 8],143,672,675,529,666
1,<environment.Job instance at 0x148953033910>,89,2,[5 1],147,667,669,520,667
1,<environment.Job instance at 0x14894b351f50>,90,1,[2 5],148,672,673,524,668
1,<environment.Job instance at 0x14894806a410>,91,2,[1 8],149,675,677,526,668
1,<environment.Job instance at 0x14894c243050>,92,17,[1 6],150,673,690,523,668
1,<environment.Job instance at 0x14894a6c7370>,93,17,[10  2],151,677,694,526,668
1,<environment.Job instance at 0x14894f415820>,94,12,[1 7],152,677,689,525,668
1,<environment.Job instance at 0x1489407b13c0>,95,2,[11  1],154,669,671,515,669
1,<environment.Job instance at 0x1489407b1410>,96,3,[9 1],157,694,697,537,693
1,<environment.Job instance at 0x1489407b1cd0>,97,27,[9 2],158,705,732,547,705
1,<environment.Job instance at 0x1489407b1b90>,98,2,[7 1],159,732,734,573,730
1,<environment.Job instance at 0x148940699b90>,99,3,[1 6],160,734,737,574,734
1,<environment.Job instance at 0x14894035bdc0>,100,1,[6 1],161,734,735,573,734
1,<environment.Job instance at 0x1489407b1460>,101,1,[1 5],162,735,736,573,735
1,<environment.Job instance at 0x14894f401dc0>,102,2,[1 7],163,736,738,573,735
1,<environment.Job instance at 0x14894f401460>,103,3,[1 7],164,737,740,573,735
1,<environment.Job instance at 0x14894d587c30>,104,1,[1 8],165,738,739,573,735
1,<environment.Job instance at 0x14894d587730>,105,2,[2 5],166,739,741,573,735
1,<environment.Job instance at 0x14894d587870>,106,3,[1 9],167,740,743,573,735
1,<environment.Job instance at 0x148948080780>,107,3,[8 1],168,735,738,567,735
1,<environment.Job instance at 0x148948080870>,108,1,[2 9],169,743,744,574,736
1,<environment.Job instance at 0x148948080e60>,109,3,[1 9],172,744,747,572,736
1,<environment.Job instance at 0x148948080050>,110,1,[9 1],173,739,740,566,737
1,<environment.Job instance at 0x148948080d70>,111,3,[1 7],174,747,750,573,737
1,<environment.Job instance at 0x148948080fa0>,112,2,[1 8],175,747,749,572,737
1,<environment.Job instance at 0x148948080a50>,113,16,[10  1],176,749,765,573,737
1,<environment.Job instance at 0x1489480802d0>,114,3,[5 1],178,740,743,562,738
1,<environment.Job instance at 0x148948080f50>,115,3,[9 2],179,741,744,562,738
1,<environment.Job instance at 0x148948080aa0>,116,14,[ 1 12],180,750,764,570,743
1,<environment.Job instance at 0x1489480800f0>,117,2,[ 1 10],181,764,766,583,743
1,<environment.Job instance at 0x148948080190>,118,1,[9 1],182,744,745,562,743
1,<environment.Job instance at 0x148948080c30>,119,2,[1 5],183,744,746,561,743
1,<environment.Job instance at 0x1489480800a0>,120,1,[6 2],184,746,747,562,743
1,<environment.Job instance at 0x148948080500>,121,3,[7 2],186,765,768,579,743
1,<environment.Job instance at 0x14895073c500>,122,13,[1 6],187,766,779,579,750
1,<environment.Job instance at 0x14895073c5a0>,123,19,[5 1],188,765,784,577,755
1,<environment.Job instance at 0x14894f41cdc0>,12,14,[6 2],20,836,850,816,836
1,<environment.Job instance at 0x14895107c230>,7,1,[6 2],11,11,12,0,11
1,<environment.Job instance at 0x148948270190>,13,21,[6 2],22,25,46,3,25
1,<environment.Job instance at 0x148940618b40>,21,1,[ 1 10],35,35,36,0,35
1,<environment.Job instance at 0x148948270140>,11,13,[ 2 10],18,36,49,18,36
1,<environment.Job instance at 0x148940378550>,25,18,[2 8],39,49,67,10,41
1,<environment.Job instance at 0x148940378140>,26,27,[7 1],41,41,68,0,41
1,<environment.Job instance at 0x1489400e8d20>,33,1,[ 1 10],53,67,68,14,59
1,<environment.Job instance at 0x1489400e8dc0>,34,1,[8 1],54,68,69,14,59
1,<environment.Job instance at 0x1489400e8aa0>,35,1,[8 1],55,69,70,14,59
1,<environment.Job instance at 0x1489480266e0>,37,14,[1 9],58,72,86,14,72
1,<environment.Job instance at 0x14894b3422d0>,38,3,[1 6],62,72,75,10,72
1,<environment.Job instance at 0x14894b342aa0>,39,1,[2 7],63,86,87,23,72
1,<environment.Job instance at 0x14894b342910>,40,12,[5 2],64,75,87,11,72
1,<environment.Job instance at 0x148948065af0>,27,18,[8 1],42,75,93,33,72
1,<environment.Job instance at 0x14894b3424b0>,43,3,[1 8],68,87,90,19,72
1,<environment.Job instance at 0x14894b342be0>,44,3,[2 9],72,90,93,18,72
1,<environment.Job instance at 0x1489521cefa0>,45,1,[8 2],74,93,94,19,74
1,<environment.Job instance at 0x14894b3421e0>,42,23,[1 9],66,93,116,27,87
1,<environment.Job instance at 0x1489506572d0>,58,3,[9 2],96,96,99,0,96
1,<environment.Job instance at 0x148950657190>,59,12,[8 1],97,99,111,2,97
1,<environment.Job instance at 0x14895075c5a0>,63,2,[2 6],105,111,113,6,105
1,<environment.Job instance at 0x14895075c0f0>,67,2,[1 8],111,116,118,5,115
1,<environment.Job instance at 0x14895075c730>,68,1,[8 2],113,115,116,2,115
1,<environment.Job instance at 0x14895075c8c0>,66,1,[2 6],110,130,131,20,130
1,<environment.Job instance at 0x1489506df050>,71,2,[7 2],117,130,132,13,130
1,<environment.Job instance at 0x1489506df820>,72,2,[13  1],118,132,134,14,130
1,<environment.Job instance at 0x1489506df500>,73,2,[1 7],119,130,132,11,130
1,<environment.Job instance at 0x1489506df1e0>,74,3,[6 2],120,134,137,14,130
1,<environment.Job instance at 0x1489506df9b0>,75,3,[8 1],122,134,137,12,130
1,<environment.Job instance at 0x1489506dfcd0>,76,1,[7 1],124,140,141,16,140
1,<environment.Job instance at 0x1489506dff00>,79,17,[6 1],128,143,160,15,143
1,<environment.Job instance at 0x1489404cfcd0>,83,2,[5 2],133,143,145,10,143
1,<environment.Job instance at 0x148940565320>,85,3,[2 5],135,143,146,8,143
1,<environment.Job instance at 0x148940081eb0>,86,12,[5 2],136,145,157,9,143
1,<environment.Job instance at 0x14894b2f3280>,87,14,[2 8],138,146,160,8,143
1,<environment.Job instance at 0x14894bf8c2d0>,88,1,[6 2],140,157,158,17,143
1,<environment.Job instance at 0x1489400810a0>,89,16,[7 1],141,158,174,17,145
1,<environment.Job instance at 0x1489481b8460>,90,1,[1 7],142,145,146,3,145
1,<environment.Job instance at 0x14894020ef50>,91,2,[1 8],143,160,162,17,145
1,<environment.Job instance at 0x1489405444b0>,92,2,[ 1 10],146,165,167,19,165
1,<environment.Job instance at 0x14894826f280>,95,13,[9 1],149,174,187,25,165
1,<environment.Job instance at 0x14894a6b5a00>,96,2,[1 6],150,167,169,17,166
1,<environment.Job instance at 0x14894b546cd0>,103,1,[1 9],160,177,178,17,177
1,<environment.Job instance at 0x14894b5460f0>,104,1,[10  2],161,187,188,26,177
1,<environment.Job instance at 0x14894037a5a0>,106,1,[6 2],165,178,179,13,177
1,<environment.Job instance at 0x14894a6b50f0>,97,24,[9 2],151,188,212,37,183
1,<environment.Job instance at 0x14894037a8c0>,108,2,[7 2],167,212,214,45,197
1,<environment.Job instance at 0x14894059a1e0>,114,1,[ 2 10],175,198,199,23,198
1,<environment.Job instance at 0x148940765f50>,115,2,[2 8],178,199,201,21,198
1,<environment.Job instance at 0x148940765410>,116,16,[8 1],180,212,228,32,199
1,<environment.Job instance at 0x148940765050>,117,2,[6 2],181,201,203,20,199
1,<environment.Job instance at 0x148940765dc0>,118,1,[2 5],182,199,200,17,199
1,<environment.Job instance at 0x148940765690>,119,3,[2 8],186,203,206,17,200
1,<environment.Job instance at 0x148940765eb0>,120,2,[1 9],187,206,208,19,200
1,<environment.Job instance at 0x1489404f7dc0>,121,3,[2 6],188,208,211,20,201
1,<environment.Job instance at 0x14894b3f2e60>,122,2,[5 2],189,206,208,17,201
1,<environment.Job instance at 0x148952fc0b40>,5,1,[7 2],8,229,230,221,229
1,<environment.Job instance at 0x148940414be0>,57,17,[10  2],95,294,311,199,294
1,<environment.Job instance at 0x1489480dcf00>,5,1,[9 1],7,7,8,0,7
1,<environment.Job instance at 0x1489405d3780>,7,1,[7 1],10,10,11,0,10
1,<environment.Job instance at 0x14895266fd70>,8,2,[2 7],11,11,13,0,11
1,<environment.Job instance at 0x14894c25b960>,10,15,[5 2],13,13,28,0,13
1,<environment.Job instance at 0x14894036c5a0>,21,1,[1 6],32,32,33,0,32
1,<environment.Job instance at 0x1489506545f0>,22,1,[8 1],36,36,37,0,36
1,<environment.Job instance at 0x148950654be0>,23,1,[10  1],37,37,38,0,37
1,<environment.Job instance at 0x14894bf22550>,32,3,[13  1],47,47,50,0,47
1,<environment.Job instance at 0x14894b460280>,33,3,[2 9],48,48,51,0,48
1,<environment.Job instance at 0x14894b460b90>,34,1,[2 9],49,51,52,2,49
1,<environment.Job instance at 0x148949c0ab90>,36,1,[10  1],55,55,56,0,55
1,<environment.Job instance at 0x14894b353280>,39,1,[2 9],58,58,59,0,58
1,<environment.Job instance at 0x14894b4f95a0>,42,1,[1 6],66,66,67,0,66
1,<environment.Job instance at 0x148940268af0>,49,1,[9 2],77,77,78,0,77
1,<environment.Job instance at 0x148940268320>,50,1,[2 9],78,78,79,0,78
1,<environment.Job instance at 0x148940268a00>,54,1,[1 8],86,86,87,0,86
1,<environment.Job instance at 0x14894be9a640>,56,19,[8 1],88,88,107,0,88
1,<environment.Job instance at 0x14894be81e60>,58,1,[1 6],90,90,91,0,90
1,<environment.Job instance at 0x14894be81460>,59,2,[1 8],91,91,93,0,91
1,<environment.Job instance at 0x14894be81960>,64,2,[9 1],96,107,109,11,106
1,<environment.Job instance at 0x14894be818c0>,65,1,[1 8],97,106,107,9,106
1,<environment.Job instance at 0x14894b46cd20>,66,2,[10  2],98,109,111,11,106
1,<environment.Job instance at 0x14894b46cbe0>,67,1,[9 2],99,111,112,12,106
1,<environment.Job instance at 0x14894b46c550>,70,23,[5 2],104,115,138,11,115
1,<environment.Job instance at 0x14894be810a0>,63,2,[2 7],95,115,117,20,115
1,<environment.Job instance at 0x14894b46c500>,74,1,[1 6],109,120,121,11,120
1,<environment.Job instance at 0x14894b46c7d0>,75,17,[1 9],111,121,138,10,120
1,<environment.Job instance at 0x14894b46c4b0>,76,3,[ 2 12],112,138,141,26,122
1,<environment.Job instance at 0x14894b46c0a0>,78,18,[2 9],114,141,159,27,130
1,<environment.Job instance at 0x14894b31f3c0>,81,16,[5 1],118,130,146,12,130
1,<environment.Job instance at 0x14894b31f8c0>,82,28,[5 2],119,138,166,19,137
1,<environment.Job instance at 0x14894b31f910>,83,3,[7 2],121,146,149,25,138
1,<environment.Job instance at 0x14894b31fdc0>,84,2,[2 7],122,159,161,37,138
1,<environment.Job instance at 0x14894b3617d0>,85,3,[2 9],124,161,164,37,138
1,<environment.Job instance at 0x14894b361870>,86,1,[10  2],125,164,165,39,138
1,<environment.Job instance at 0x14894b361aa0>,87,2,[ 1 10],128,165,167,37,138
1,<environment.Job instance at 0x14894b3618c0>,88,1,[9 2],129,165,166,36,138
1,<environment.Job instance at 0x14894b361370>,89,17,[2 5],133,166,183,33,160
1,<environment.Job instance at 0x1488ffe86d20>,96,1,[7 2],142,161,162,19,161
1,<environment.Job instance at 0x1488ffe865f0>,98,2,[1 9],144,167,169,23,161
1,<environment.Job instance at 0x1488ffe86f00>,99,1,[5 1],145,162,163,17,161
1,<environment.Job instance at 0x1488ffe86230>,100,3,[6 2],147,169,172,22,161
1,<environment.Job instance at 0x1488ffe86410>,101,2,[2 7],148,169,171,21,161
1,<environment.Job instance at 0x14894b361be0>,90,18,[ 2 10],134,172,190,38,171
1,<environment.Job instance at 0x1488ffe860a0>,103,3,[2 8],151,190,193,39,171
1,<environment.Job instance at 0x1488ffe86eb0>,105,1,[2 6],153,190,191,37,184
1,<environment.Job instance at 0x1488ffe86aa0>,104,26,[2 6],152,192,218,40,192
1,<environment.Job instance at 0x1488ffe86be0>,107,3,[ 2 10],155,218,221,63,192
1,<environment.Job instance at 0x1488ffe86500>,108,14,[1 5],156,193,207,37,193
1,<environment.Job instance at 0x1488ffe86140>,109,1,[ 2 10],157,221,222,64,194
1,<environment.Job instance at 0x1488ffe86e10>,110,3,[ 2 10],158,222,225,64,196
1,<environment.Job instance at 0x14894c02a9b0>,111,2,[5 1],159,197,199,38,197
1,<environment.Job instance at 0x14894031e640>,113,1,[1 9],163,207,208,44,202
1,<environment.Job instance at 0x14894031e050>,112,12,[1 9],162,225,237,63,208
1,<environment.Job instance at 0x14894031ef50>,115,3,[8 2],165,208,211,43,208
1,<environment.Job instance at 0x14894031ec30>,116,3,[1 7],166,208,211,42,208
1,<environment.Job instance at 0x14894031e5f0>,117,2,[9 2],167,211,213,44,208
1,<environment.Job instance at 0x14894031e780>,118,2,[7 1],168,213,215,45,208
1,<environment.Job instance at 0x14894bf2e730>,119,1,[1 6],169,211,212,42,208
1,<environment.Job instance at 0x14894bf2e5a0>,120,27,[2 7],170,237,264,67,235
1,<environment.Job instance at 0x148950722730>,121,1,[1 9],171,264,265,93,236
1,<environment.Job instance at 0x148950722c30>,122,13,[1 6],172,236,249,64,236
1,<environment.Job instance at 0x1489507222d0>,123,3,[5 1],173,237,240,64,236
1,<environment.Job instance at 0x148950722fa0>,124,15,[7 2],174,240,255,66,236
1,<environment.Job instance at 0x1489407b13c0>,125,2,[1 6],177,249,251,72,236
1,<environment.Job instance at 0x1489407b14b0>,126,16,[2 7],180,265,281,85,252
1,<environment.Job instance at 0x1489407b1500>,127,3,[ 2 13],184,281,284,97,255
1,<environment.Job instance at 0x14894b353460>,128,2,[2 8],185,255,257,70,255
1,<environment.Job instance at 0x14894bf535f0>,129,3,[10  1],186,257,260,71,255
1,<environment.Job instance at 0x14894bf53550>,130,21,[1 5],189,257,278,68,255
1,<environment.Job instance at 0x14894b46c870>,77,12,[11  1],113,331,343,218,331
1,<environment.Job instance at 0x148940268e60>,52,14,[13  1],83,1271,1285,1188,1271
1,<environment.Job instance at 0x148949b727d0>,8,3,[5 1],11,11,14,0,11
1,<environment.Job instance at 0x148949b72af0>,11,2,[1 9],15,15,17,0,15
1,<environment.Job instance at 0x148949b93e10>,18,1,[1 7],22,22,23,0,22
1,<environment.Job instance at 0x148949b93280>,28,1,[2 9],36,36,37,0,36
1,<environment.Job instance at 0x148949b93870>,29,1,[ 1 10],38,38,39,0,38
1,<environment.Job instance at 0x148949ba5d70>,39,1,[10  2],49,49,50,0,49
1,<environment.Job instance at 0x148949ba5dc0>,42,13,[9 1],56,56,69,0,56
1,<environment.Job instance at 0x148949ba4dc0>,54,13,[7 2],74,74,87,0,74
1,<environment.Job instance at 0x148949ba4fa0>,56,3,[2 6],76,77,80,1,77
1,<environment.Job instance at 0x148949b822d0>,57,3,[8 1],77,80,83,3,77
1,<environment.Job instance at 0x148949b82280>,59,3,[6 1],79,83,86,4,79
1,<environment.Job instance at 0x148949b82550>,58,1,[6 1],78,86,87,8,80
1,<environment.Job instance at 0x148949b82730>,60,3,[9 1],80,87,90,7,80
1,<environment.Job instance at 0x148949b82870>,63,1,[10  2],85,90,91,5,85
1,<environment.Job instance at 0x148949b82b40>,64,1,[5 1],86,87,88,1,86
1,<environment.Job instance at 0x148949b82f50>,66,2,[5 1],88,88,90,0,88
1,<environment.Job instance at 0x148949b82f00>,68,2,[2 8],92,92,94,0,92
1,<environment.Job instance at 0x148949b73190>,69,1,[ 1 10],93,95,96,2,95
1,<environment.Job instance at 0x148949b73550>,71,3,[8 2],96,96,99,0,96
1,<environment.Job instance at 0x148949b73690>,72,1,[2 8],97,97,98,0,97
1,<environment.Job instance at 0x148949b73eb0>,82,13,[1 6],113,149,162,36,149
1,<environment.Job instance at 0x1489405b3690>,83,2,[8 1],114,149,151,35,149
1,<environment.Job instance at 0x148949b9f230>,84,1,[10  1],115,151,152,36,149
1,<environment.Job instance at 0x148940349dc0>,85,2,[5 1],116,149,151,33,149
1,<environment.Job instance at 0x148949b9f280>,86,1,[1 6],117,149,150,32,149
1,<environment.Job instance at 0x14894032e280>,88,3,[9 2],120,152,155,32,150
1,<environment.Job instance at 0x148949b737d0>,73,1,[5 1],98,152,153,54,152
1,<environment.Job instance at 0x148940331e10>,90,1,[10  1],125,258,259,133,258
1,<environment.Job instance at 0x1489482c97d0>,92,12,[2 8],127,1224,1236,1097,1224
1,<environment.Job instance at 0x1489482c9f50>,93,2,[2 6],129,1406,1408,1277,1406
1,<environment.Job instance at 0x148940329e10>,94,3,[1 6],130,1451,1454,1321,1451
1,<environment.Job instance at 0x148949b9d2d0>,95,3,[1 9],131,1468,1471,1337,1468
1,<environment.Job instance at 0x1489482bb5a0>,96,2,[7 2],132,2106,2108,1974,2106
1,<environment.Job instance at 0x148940329190>,97,2,[9 1],134,2108,2110,1974,2106
1,<environment.Job instance at 0x1488fff0a9b0>,98,2,[2 6],138,2106,2108,1968,2106
1,<environment.Job instance at 0x14894828ca50>,99,3,[2 7],140,2106,2109,1966,2106
1,<environment.Job instance at 0x148949b7b320>,100,3,[6 2],142,2213,2216,2071,2213
1,<environment.Job instance at 0x148949b7b0a0>,101,3,[2 5],144,2213,2216,2069,2213
1,<environment.Job instance at 0x148949b89e10>,102,21,[1 9],145,2505,2526,2360,2505
1,<environment.Job instance at 0x148949b7b190>,103,1,[2 6],147,2567,2568,2420,2567
1,<environment.Job instance at 0x148949b816e0>,1,1,[11  2],2,3,4,1,3
1,<environment.Job instance at 0x1489407205f0>,3,2,[2 9],4,4,6,0,4
1,<environment.Job instance at 0x1489481d4780>,0,1,[9 2],1,1,2,0,1
1,<environment.Job instance at 0x14894d584b90>,5,1,[12  1],8,9,10,1,9
1,<environment.Job instance at 0x14894062a6e0>,8,2,[8 1],13,13,15,0,13
1,<environment.Job instance at 0x1489506d2730>,9,1,[ 1 11],14,14,15,0,14
1,<environment.Job instance at 0x1489506d2230>,10,3,[1 9],16,16,19,0,16
1,<environment.Job instance at 0x1489506d25a0>,11,1,[ 2 10],19,19,20,0,19
1,<environment.Job instance at 0x1489506d2500>,12,1,[6 1],20,20,21,0,20
1,<environment.Job instance at 0x1489506d2640>,13,1,[1 6],21,21,22,0,21
1,<environment.Job instance at 0x14894bf721e0>,18,1,[2 8],28,28,29,0,28
1,<environment.Job instance at 0x148940328550>,22,1,[6 2],32,34,35,2,34
1,<environment.Job instance at 0x148951032190>,25,20,[6 1],35,35,55,0,35
1,<environment.Job instance at 0x1489403288c0>,20,26,[1 7],30,38,64,8,38
1,<environment.Job instance at 0x14894b3e6cd0>,29,1,[8 1],40,40,41,0,40
1,<environment.Job instance at 0x1489482d4960>,35,1,[5 1],49,49,50,0,49
1,<environment.Job instance at 0x1489403b00f0>,32,1,[6 1],44,51,52,7,51
1,<environment.Job instance at 0x14894b4395a0>,37,3,[13  1],52,55,58,3,52
1,<environment.Job instance at 0x14894b439320>,38,3,[ 2 10],53,64,67,11,53
1,<environment.Job instance at 0x14894b4399b0>,39,1,[8 2],55,58,59,3,55
1,<environment.Job instance at 0x14894b439050>,40,2,[8 1],57,59,61,2,57
1,<environment.Job instance at 0x14894b439d20>,41,1,[1 5],58,58,59,0,58
1,<environment.Job instance at 0x14894b439dc0>,42,3,[9 1],59,61,64,2,59
1,<environment.Job instance at 0x14894b439c30>,44,3,[1 9],61,67,70,6,61
1,<environment.Job instance at 0x14894b439eb0>,45,1,[5 1],62,62,63,0,62
1,<environment.Job instance at 0x14894b439550>,46,15,[1 8],64,70,85,6,64
1,<environment.Job instance at 0x14894b367c80>,47,2,[8 1],67,67,69,0,67
1,<environment.Job instance at 0x14894b31da00>,48,3,[10  1],68,69,72,1,68
1,<environment.Job instance at 0x14894b31db40>,49,2,[2 7],72,72,74,0,72
1,<environment.Job instance at 0x148948340b40>,23,2,[8 1],33,74,76,41,74
1,<environment.Job instance at 0x14894b3f29b0>,50,1,[9 2],74,76,77,2,74
1,<environment.Job instance at 0x14894828b640>,52,2,[2 6],77,77,79,0,77
1,<environment.Job instance at 0x148950ff81e0>,54,1,[5 2],80,80,81,0,80
1,<environment.Job instance at 0x14894bee89b0>,58,3,[8 2],87,87,90,0,87
1,<environment.Job instance at 0x14894b4f3d20>,59,1,[1 9],88,88,89,0,88
1,<environment.Job instance at 0x14894b4f32d0>,60,3,[7 1],90,90,93,0,90
1,<environment.Job instance at 0x1488fff1ee60>,62,16,[1 8],93,93,109,0,93
1,<environment.Job instance at 0x14894015b280>,66,3,[6 1],100,100,103,0,100
1,<environment.Job instance at 0x14894b46cd70>,67,2,[8 2],101,101,103,0,101
1,<environment.Job instance at 0x14894b46c4b0>,68,3,[11  1],102,103,106,1,102
1,<environment.Job instance at 0x14894810faf0>,69,16,[5 2],103,106,122,3,103
1,<environment.Job instance at 0x14894d5a40f0>,70,12,[7 2],104,106,118,2,104
1,<environment.Job instance at 0x1489401d4690>,71,1,[2 6],105,132,133,27,132
1,<environment.Job instance at 0x1489401d4730>,72,26,[1 6],106,195,221,89,195
1,<environment.Job instance at 0x14894817f410>,73,2,[8 1],107,196,198,89,196
1,<environment.Job instance at 0x148950734140>,74,2,[6 1],108,196,198,88,196
1,<environment.Job instance at 0x14894817f230>,75,3,[7 2],110,198,201,88,197
1,<environment.Job instance at 0x14894b490fa0>,76,3,[2 6],111,198,201,87,197
1,<environment.Job instance at 0x14894b490370>,77,1,[ 2 10],112,221,222,109,197
1,<environment.Job instance at 0x14894b490f50>,78,2,[5 2],114,201,203,87,197
1,<environment.Job instance at 0x1489521e4460>,79,1,[7 2],115,201,202,86,199
1,<environment.Job instance at 0x1489521e4dc0>,80,15,[10  2],116,203,218,87,199
1,<environment.Job instance at 0x1489521e4b40>,81,3,[1 6],117,211,214,94,211
1,<environment.Job instance at 0x1489521e4e10>,82,2,[2 7],118,217,219,99,217
1,<environment.Job instance at 0x1489521e4c30>,83,3,[7 1],119,218,221,99,217
1,<environment.Job instance at 0x1489521e4640>,84,14,[6 1],120,219,233,99,217
1,<environment.Job instance at 0x1489521e4d20>,85,12,[2 9],121,243,255,122,243
1,<environment.Job instance at 0x1489521e4820>,86,2,[8 1],123,243,245,120,243
1,<environment.Job instance at 0x1489521e46e0>,87,3,[ 2 10],125,255,258,130,243
1,<environment.Job instance at 0x1489521e4280>,88,1,[1 6],129,245,246,116,244
1,<environment.Job instance at 0x14894b3da960>,89,3,[1 8],130,258,261,128,244
1,<environment.Job instance at 0x14894b3da3c0>,90,2,[2 7],132,258,260,126,244
1,<environment.Job instance at 0x14894b3da730>,91,14,[10  1],133,260,274,127,246
1,<environment.Job instance at 0x14894b3daf50>,92,2,[2 5],135,246,248,111,246
1,<environment.Job instance at 0x14894b3daa50>,93,2,[1 6],136,248,250,112,246
1,<environment.Job instance at 0x14894b3da140>,94,12,[ 1 10],138,261,273,123,246
1,<environment.Job instance at 0x1489407755a0>,95,3,[9 1],139,250,253,111,246
1,<environment.Job instance at 0x148940775730>,96,17,[2 8],140,273,290,133,273
1,<environment.Job instance at 0x148940775cd0>,97,17,[1 8],141,290,307,149,285
1,<environment.Job instance at 0x148940775640>,98,17,[ 2 11],142,307,324,165,295
1,<environment.Job instance at 0x14894b4d9960>,99,25,[ 2 14],143,324,349,181,323
1,<environment.Job instance at 0x14894b4d9500>,100,1,[1 8],144,349,350,205,323
1,<environment.Job instance at 0x14894b4d9c30>,101,3,[8 2],147,349,352,202,323
1,<environment.Job instance at 0x1489405e7d70>,102,3,[2 5],148,349,352,201,323
1,<environment.Job instance at 0x1489405e7aa0>,103,3,[9 1],150,323,326,173,323
1,<environment.Job instance at 0x1489405e7320>,104,2,[8 2],151,352,354,201,325
1,<environment.Job instance at 0x1489405e7d20>,105,1,[8 1],152,326,327,174,325
1,<environment.Job instance at 0x1489405e75f0>,106,23,[7 1],153,352,375,199,346
1,<environment.Job instance at 0x1489405e7780>,107,22,[5 2],154,375,397,221,375
1,<environment.Job instance at 0x1489405e7dc0>,108,22,[7 2],156,383,405,227,383
1,<environment.Job instance at 0x1489405e7fa0>,109,2,[2 9],157,404,406,247,404
1,<environment.Job instance at 0x1489405e7460>,110,3,[ 2 10],158,406,409,248,406
1,<environment.Job instance at 0x1489405e7640>,111,1,[2 7],159,409,410,250,408
1,<environment.Job instance at 0x1489405e7c30>,112,2,[ 2 10],162,410,412,248,410
1,<environment.Job instance at 0x148949c28f50>,113,2,[8 1],163,416,418,253,416
1,<environment.Job instance at 0x148949c289b0>,114,21,[5 1],164,422,443,258,422
1,<environment.Job instance at 0x148949c28500>,115,3,[9 1],165,445,448,280,445
1,<environment.Job instance at 0x148949c28280>,116,1,[9 2],166,448,449,282,447
1,<environment.Job instance at 0x148949c28960>,117,15,[2 6],168,457,472,289,457
1,<environment.Job instance at 0x148949c28be0>,118,3,[7 2],170,458,461,288,458
1,<environment.Job instance at 0x148949c28af0>,119,2,[ 2 10],171,472,474,301,459
1,<environment.Job instance at 0x148949c28cd0>,120,3,[ 1 12],175,474,477,299,459
1,<environment.Job instance at 0x148949c28820>,121,1,[10  1],177,461,462,284,461
1,<environment.Job instance at 0x1489521e9640>,122,24,[5 2],178,462,486,284,462
1,<environment.Job instance at 0x1489521e95a0>,123,24,[2 7],181,482,506,301,482
1,<environment.Job instance at 0x1489521e9690>,124,3,[1 8],182,486,489,304,483
1,<environment.Job instance at 0x14894b448820>,125,12,[1 6],184,489,501,305,483
1,<environment.Job instance at 0x1489407ccb90>,126,15,[6 2],187,489,504,302,483
1,<environment.Job instance at 0x1489407cc6e0>,127,18,[8 1],188,504,522,316,501
1,<environment.Job instance at 0x1489406029b0>,2,1,[10  2],3,3,4,0,3
1,<environment.Job instance at 0x1489496cda50>,10,1,[5 1],15,17,18,2,17
1,<environment.Job instance at 0x1489496cde60>,12,2,[2 7],19,19,21,0,19
1,<environment.Job instance at 0x1489496cddc0>,13,15,[5 1],21,21,36,0,21
1,<environment.Job instance at 0x1489496cdf00>,14,3,[5 2],22,22,25,0,22
1,<environment.Job instance at 0x1489496d92d0>,15,3,[2 8],23,23,26,0,23
1,<environment.Job instance at 0x1489496d9410>,16,1,[2 8],25,26,27,1,25
1,<environment.Job instance at 0x1489496d9500>,17,1,[6 2],26,26,27,0,26
1,<environment.Job instance at 0x1489496d9690>,18,2,[1 7],27,28,30,1,28
1,<environment.Job instance at 0x1489496d95a0>,19,23,[10  2],28,30,53,2,28
1,<environment.Job instance at 0x1489496d9640>,20,3,[6 1],29,53,56,24,30
1,<environment.Job instance at 0x1489496d9870>,21,2,[13  2],32,56,58,24,32
1,<environment.Job instance at 0x1489496d9960>,22,2,[5 1],33,36,38,3,33
1,<environment.Job instance at 0x1489496d9b90>,23,1,[8 2],35,53,54,18,35
1,<environment.Job instance at 0x1489496d9fa0>,26,19,[8 1],42,58,77,16,48
1,<environment.Job instance at 0x1489496d9e10>,24,25,[2 7],37,54,79,17,51
1,<environment.Job instance at 0x1489496e7050>,29,2,[8 2],46,77,79,31,53
1,<environment.Job instance at 0x1489496e71e0>,30,2,[6 1],47,54,56,7,53
1,<environment.Job instance at 0x1489496e72d0>,31,1,[2 6],48,58,59,10,54
1,<environment.Job instance at 0x1489496e7410>,32,2,[2 7],49,62,64,13,62
1,<environment.Job instance at 0x1489496e75a0>,33,1,[1 7],50,72,73,22,72
1,<environment.Job instance at 0x1489496e76e0>,34,1,[1 7],53,73,74,20,72
1,<environment.Job instance at 0x1489496e7870>,35,3,[6 2],54,79,82,25,72
1,<environment.Job instance at 0x1489496e7500>,36,1,[8 2],55,79,80,24,72
1,<environment.Job instance at 0x1489496e7a00>,37,18,[9 2],56,80,98,24,72
1,<environment.Job instance at 0x1489496e7aa0>,38,3,[8 1],57,98,101,41,89
1,<environment.Job instance at 0x1489496ad5a0>,50,3,[1 7],79,91,94,12,91
1,<environment.Job instance at 0x1489496c6b90>,51,2,[8 1],80,101,103,21,92
1,<environment.Job instance at 0x1489496c6a00>,52,2,[7 1],83,98,100,15,92
1,<environment.Job instance at 0x1489496c63c0>,53,15,[7 1],84,100,115,16,92
1,<environment.Job instance at 0x1489496c6a50>,54,3,[1 6],86,94,97,8,94
1,<environment.Job instance at 0x1489496c6640>,55,2,[6 1],87,103,105,16,95
1,<environment.Job instance at 0x1489496c6730>,56,1,[10  2],88,115,116,27,97
1,<environment.Job instance at 0x1489481ec8c0>,57,3,[1 6],89,103,106,14,98
1,<environment.Job instance at 0x1489481eef50>,58,17,[5 1],94,105,122,11,98
1,<environment.Job instance at 0x14894041ad70>,59,2,[1 5],96,103,105,7,98
1,<environment.Job instance at 0x1489405e06e0>,60,1,[7 2],100,116,117,16,103
1,<environment.Job instance at 0x148940209aa0>,61,16,[2 6],101,116,132,15,106
1,<environment.Job instance at 0x14894818cb40>,62,1,[7 2],103,117,118,14,107
1,<environment.Job instance at 0x1489401e3be0>,63,1,[10  2],104,122,123,18,108
1,<environment.Job instance at 0x1489401e36e0>,64,13,[1 8],105,123,136,18,109
1,<environment.Job instance at 0x148940402500>,65,3,[8 1],106,118,121,12,109
1,<environment.Job instance at 0x1489404020f0>,66,3,[6 1],107,123,126,16,109
1,<environment.Job instance at 0x1489481c1be0>,67,2,[6 2],111,132,134,21,115
1,<environment.Job instance at 0x148948209be0>,68,3,[14  1],112,134,137,22,115
1,<environment.Job instance at 0x1489481f76e0>,69,2,[2 7],115,121,123,6,116
1,<environment.Job instance at 0x1489481a3370>,70,18,[5 1],118,137,155,19,129
1,<environment.Job instance at 0x1489481a3730>,72,2,[10  2],121,137,139,16,129
1,<environment.Job instance at 0x1489481a3190>,73,2,[1 6],122,139,141,17,134
1,<environment.Job instance at 0x1489481a36e0>,74,13,[1 7],124,139,152,15,134
1,<environment.Job instance at 0x1489481a3640>,75,3,[1 9],125,152,155,27,134
1,<environment.Job instance at 0x1489481a3140>,76,3,[8 2],126,141,144,15,134
1,<environment.Job instance at 0x1489481d8eb0>,78,22,[7 2],128,144,166,16,137
1,<environment.Job instance at 0x1489481a33c0>,77,13,[8 2],127,155,168,28,142
1,<environment.Job instance at 0x148940418230>,81,13,[6 1],131,168,181,37,168
1,<environment.Job instance at 0x1489481a5780>,85,14,[1 6],138,170,184,32,170
1,<environment.Job instance at 0x1489481a5be0>,86,2,[6 2],139,175,177,36,175
1,<environment.Job instance at 0x1489481a5b40>,87,1,[2 6],140,176,177,36,176
1,<environment.Job instance at 0x1489481a5640>,88,3,[7 1],141,177,180,36,176
1,<environment.Job instance at 0x1489481a5eb0>,89,3,[1 7],143,177,180,34,176
1,<environment.Job instance at 0x1489481a5870>,90,15,[10  2],144,181,196,37,176
1,<environment.Job instance at 0x1489481a50a0>,91,2,[5 1],146,193,195,47,193
1,<environment.Job instance at 0x1489481a5e60>,97,15,[2 6],153,195,210,42,193
1,<environment.Job instance at 0x1489481ba0f0>,98,21,[10  2],154,196,217,42,193
1,<environment.Job instance at 0x1489481ba230>,99,15,[9 1],155,217,232,62,205
1,<environment.Job instance at 0x1489481ba1e0>,100,1,[5 1],156,213,214,57,213
1,<environment.Job instance at 0x1489481ba910>,101,3,[2 6],159,214,217,55,213
1,<environment.Job instance at 0x1489481ba5f0>,102,18,[2 9],160,217,235,57,214
1,<environment.Job instance at 0x1489481ba690>,103,3,[9 1],162,232,235,70,216
1,<environment.Job instance at 0x1489481bad70>,104,3,[2 6],163,235,238,72,216
1,<environment.Job instance at 0x1489481bac30>,107,2,[9 2],166,235,237,69,216
1,<environment.Job instance at 0x1489481ba4b0>,108,2,[2 8],167,237,239,70,216
1,<environment.Job instance at 0x1489481bacd0>,109,1,[1 5],169,217,218,48,217
1,<environment.Job instance at 0x1489481baf00>,110,1,[2 6],170,235,236,65,217
1,<environment.Job instance at 0x1489481bafa0>,111,1,[5 1],171,237,238,66,217
1,<environment.Job instance at 0x1489481ba640>,112,1,[2 6],173,236,237,63,217
1,<environment.Job instance at 0x1489481bae10>,113,13,[7 1],174,238,251,64,222
1,<environment.Job instance at 0x1489496d7500>,116,3,[ 2 13],178,239,242,61,222
1,<environment.Job instance at 0x1489496d7fa0>,117,15,[8 1],179,242,257,63,228
1,<environment.Job instance at 0x1489496d7820>,118,3,[1 8],180,251,254,71,228
1,<environment.Job instance at 0x1489496c74b0>,119,1,[7 2],181,254,255,73,228
1,<environment.Job instance at 0x1489496c7370>,120,15,[9 2],183,257,272,74,243
1,<environment.Job instance at 0x1489496c7a00>,121,17,[5 1],184,255,272,71,243
1,<environment.Job instance at 0x1489496c7870>,122,28,[7 2],185,272,300,87,271
1,<environment.Job instance at 0x1489481ec910>,8,2,[8 1],16,16,18,0,16
1,<environment.Job instance at 0x1489481ec780>,10,2,[ 1 10],18,18,20,0,18
1,<environment.Job instance at 0x1489481ee820>,20,3,[10  1],31,59,62,28,59
1,<environment.Job instance at 0x1489481ee370>,14,2,[1 6],22,59,61,37,59
1,<environment.Job instance at 0x1489481ee0a0>,23,1,[10  1],34,62,63,28,59
1,<environment.Job instance at 0x1489481ee1e0>,24,24,[2 7],36,60,84,24,60
1,<environment.Job instance at 0x14894041afa0>,26,13,[1 6],38,71,84,33,71
1,<environment.Job instance at 0x14894041a730>,28,13,[9 1],40,71,84,31,71
1,<environment.Job instance at 0x14894041a190>,29,17,[2 8],45,84,101,39,72
1,<environment.Job instance at 0x14894041a9b0>,30,3,[7 2],46,84,87,38,72
1,<environment.Job instance at 0x14894041abe0>,31,2,[2 9],48,101,103,53,74
1,<environment.Job instance at 0x14894041a5f0>,32,3,[ 2 10],49,103,106,54,77
1,<environment.Job instance at 0x14894041a8c0>,33,2,[1 8],50,106,108,56,79
1,<environment.Job instance at 0x1489496d7690>,42,1,[5 1],66,94,95,28,94
1,<environment.Job instance at 0x14894041ab90>,34,12,[2 9],51,108,120,57,94
1,<environment.Job instance at 0x1489496d7410>,46,1,[ 1 12],71,120,121,49,95
1,<environment.Job instance at 0x1489481e34b0>,50,1,[13  1],83,99,100,16,99
1,<environment.Job instance at 0x1489481e30a0>,54,2,[2 7],88,106,108,18,99
1,<environment.Job instance at 0x1489496d7050>,44,3,[1 5],69,100,103,31,99
1,<environment.Job instance at 0x1489481d8500>,60,1,[10  2],95,103,104,8,103
1,<environment.Job instance at 0x1489481d8960>,61,2,[1 9],96,121,123,25,104
1,<environment.Job instance at 0x1489481e3aa0>,57,2,[6 2],91,108,110,17,106
1,<environment.Job instance at 0x1489496e1550>,65,1,[8 2],101,114,115,13,114
1,<environment.Job instance at 0x1489496e15f0>,66,1,[ 1 10],103,123,124,20,114
1,<environment.Job instance at 0x1489496e1460>,68,2,[8 1],105,116,118,11,116
1,<environment.Job instance at 0x1489496c7500>,70,1,[2 9],110,124,125,14,117
1,<environment.Job instance at 0x1489481d86e0>,63,17,[ 2 10],99,135,152,36,135
1,<environment.Job instance at 0x1489481e48c0>,73,15,[ 1 10],116,152,167,36,138
1,<environment.Job instance at 0x1489481e4c30>,76,1,[2 7],120,167,168,47,145
1,<environment.Job instance at 0x1489481e4e60>,77,2,[8 1],122,161,163,39,161
1,<environment.Job instance at 0x148940412e60>,85,17,[7 1],133,163,180,30,161
1,<environment.Job instance at 0x1489481f2320>,86,2,[10  1],136,180,182,44,161
1,<environment.Job instance at 0x14894074b5f0>,87,2,[ 1 10],137,168,170,31,162
1,<environment.Job instance at 0x148950780c30>,89,13,[5 2],139,165,178,26,165
1,<environment.Job instance at 0x148940383910>,90,1,[7 2],140,178,179,38,165
1,<environment.Job instance at 0x14894b342f50>,92,16,[1 5],144,170,186,26,166
1,<environment.Job instance at 0x148948243d20>,94,1,[9 1],147,182,183,35,166
1,<environment.Job instance at 0x148951066050>,97,1,[2 5],151,181,182,30,181
1,<environment.Job instance at 0x1489481f26e0>,88,14,[7 1],138,193,207,55,193
1,<environment.Job instance at 0x14894bef80f0>,99,3,[1 5],153,205,208,52,205
1,<environment.Job instance at 0x148940419e10>,110,2,[1 7],167,886,888,719,886
1,<environment.Job instance at 0x1489404192d0>,111,2,[10  1],169,1165,1167,996,1165
1,<environment.Job instance at 0x14894a695c80>,112,3,[1 5],171,1304,1307,1133,1304
1,<environment.Job instance at 0x148940419690>,113,13,[6 1],172,1620,1633,1448,1620
1,<environment.Job instance at 0x14894b3b75f0>,2,1,[2 6],4,4,5,0,4
1,<environment.Job instance at 0x14894b4d42d0>,9,2,[5 1],17,17,19,0,17
1,<environment.Job instance at 0x14894b4d46e0>,10,2,[1 5],18,18,20,0,18
1,<environment.Job instance at 0x14894b4d4c80>,17,2,[2 7],28,33,35,5,33
1,<environment.Job instance at 0x14894b4d4b90>,18,3,[2 7],30,34,37,4,34
1,<environment.Job instance at 0x14894b4d4dc0>,19,2,[1 8],31,35,37,4,34
1,<environment.Job instance at 0x14894b4d4e60>,20,1,[2 6],32,37,38,5,35
1,<environment.Job instance at 0x14894b4d4f00>,21,14,[ 1 10],33,38,52,5,35
1,<environment.Job instance at 0x14894b4af370>,22,12,[ 1 13],36,52,64,16,36
1,<environment.Job instance at 0x14894b4afb40>,30,1,[1 7],46,64,65,18,51
1,<environment.Job instance at 0x14894b4d5370>,35,2,[2 5],55,64,66,9,63
1,<environment.Job instance at 0x14894b4d5410>,37,18,[10  2],57,64,82,7,64
1,<environment.Job instance at 0x14894b4cc050>,46,25,[2 9],75,75,100,0,75
1,<environment.Job instance at 0x14894b4cc3c0>,47,1,[7 2],77,82,83,5,77
1,<environment.Job instance at 0x14894b4cc640>,49,2,[2 6],81,83,85,2,81
1,<environment.Job instance at 0x14894b4cc690>,50,2,[5 1],82,85,87,3,82
1,<environment.Job instance at 0x14894b4d55f0>,38,3,[9 1],60,87,90,27,83
1,<environment.Job instance at 0x14894b4cca00>,52,3,[9 2],85,90,93,5,85
1,<environment.Job instance at 0x14894b4ccaf0>,53,12,[2 7],86,100,112,14,86
1,<environment.Job instance at 0x14894b4cceb0>,57,1,[7 1],90,93,94,3,90
1,<environment.Job instance at 0x14894b4ccbe0>,58,1,[ 2 12],91,112,113,21,91
1,<environment.Job instance at 0x14894b4d8410>,60,1,[5 2],94,94,95,0,94
1,<environment.Job instance at 0x14894b4d85a0>,61,2,[2 5],95,95,97,0,95
1,<environment.Job instance at 0x14894b4d86e0>,62,2,[ 2 10],96,113,115,17,96
1,<environment.Job instance at 0x14894b4d8820>,63,1,[8 1],97,97,98,0,97
1,<environment.Job instance at 0x14894b4d8960>,64,1,[5 1],98,98,99,0,98
1,<environment.Job instance at 0x14894b4d8aa0>,65,1,[5 1],99,99,100,0,99
1,<environment.Job instance at 0x14894b4d8be0>,66,1,[10  2],100,100,101,0,100
1,<environment.Job instance at 0x14894b4d8e60>,68,2,[2 8],106,106,108,0,106
1,<environment.Job instance at 0x14894b4d8cd0>,70,1,[9 1],108,108,109,0,108
1,<environment.Job instance at 0x14894b4c6190>,71,1,[1 9],109,115,116,6,109
1,<environment.Job instance at 0x14894b4ccc80>,54,2,[6 2],87,111,113,24,111
1,<environment.Job instance at 0x1489496cd280>,74,3,[1 6],112,115,118,3,112
1,<environment.Job instance at 0x14894b2f1550>,75,3,[2 7],113,116,119,3,113
1,<environment.Job instance at 0x1489482b8690>,76,14,[2 7],114,118,132,4,114
1,<environment.Job instance at 0x14894990c5f0>,77,1,[10  2],115,116,117,1,115
1,<environment.Job instance at 0x1489405eb780>,78,17,[2 9],116,132,149,16,120
1,<environment.Job instance at 0x1489405e4c80>,81,1,[8 2],121,121,122,0,121
1,<environment.Job instance at 0x148948132fa0>,79,2,[1 7],119,122,124,3,122
1,<environment.Job instance at 0x14894040d820>,84,3,[ 2 13],124,149,152,25,132
1,<environment.Job instance at 0x148949e59230>,85,1,[2 7],125,152,153,27,132
1,<environment.Job instance at 0x1488fffd8e60>,87,14,[ 2 10],128,153,167,25,138
1,<environment.Job instance at 0x14894b4d4a50>,15,3,[ 1 10],24,167,170,143,145
1,<environment.Job instance at 0x148940411320>,92,18,[5 1],135,153,171,18,153
1,<environment.Job instance at 0x1489404110a0>,88,12,[1 6],129,170,182,41,155
1,<environment.Job instance at 0x1489481dda50>,96,17,[10  1],139,171,188,32,159
1,<environment.Job instance at 0x1489481f6cd0>,105,2,[1 9],152,182,184,30,167
1,<environment.Job instance at 0x14894b58d960>,97,1,[6 2],140,188,189,48,173
1,<environment.Job instance at 0x1489403f5aa0>,108,1,[9 1],156,188,189,32,173
1,<environment.Job instance at 0x1489403f5820>,109,1,[8 1],158,189,190,31,173
1,<environment.Job instance at 0x1489481f1b40>,114,28,[1 5],167,189,217,22,188
1,<environment.Job instance at 0x1489496e7c30>,116,1,[1 6],169,189,190,20,188
1,<environment.Job instance at 0x145768d63370>,7,1,[2 6],8,8,9,0,8
1,<environment.Job instance at 0x145768d5c050>,14,2,[ 1 10],18,18,20,0,18
1,<environment.Job instance at 0x145768d273c0>,15,1,[ 1 10],20,20,21,0,20
1,<environment.Job instance at 0x145768c69aa0>,20,2,[ 1 13],27,35,37,8,35
1,<environment.Job instance at 0x145768d3dcd0>,25,2,[2 8],34,37,39,3,35
1,<environment.Job instance at 0x145768cb7370>,28,2,[2 7],37,37,39,0,37
1,<environment.Job instance at 0x145768d3d690>,31,3,[9 2],41,42,45,1,42
1,<environment.Job instance at 0x145768cb0730>,32,3,[2 9],42,42,45,0,42
1,<environment.Job instance at 0x145768cb5fa0>,33,1,[2 7],43,45,46,2,43
1,<environment.Job instance at 0x145766dceaa0>,2,1,[1 7],3,3,4,0,3
1,<environment.Job instance at 0x145766dce370>,3,1,[2 9],4,4,5,0,4
1,<environment.Job instance at 0x145767331320>,26,1,[ 1 10],37,81,82,44,81
1,<environment.Job instance at 0x1457673315a0>,31,1,[2 6],46,82,83,36,81
1,<environment.Job instance at 0x145766dcef00>,10,2,[2 5],13,94,96,81,94
1,<environment.Job instance at 0x145767331640>,37,2,[2 5],58,94,96,36,94
1,<environment.Job instance at 0x145767331460>,38,14,[2 8],59,96,110,37,94
1,<environment.Job instance at 0x145767331050>,39,3,[8 1],62,94,97,32,94
1,<environment.Job instance at 0x145767331a50>,40,1,[7 2],63,97,98,34,94
1,<environment.Job instance at 0x145767331d70>,41,2,[5 2],64,96,98,32,94
1,<environment.Job instance at 0x1457673319b0>,42,2,[ 2 12],66,110,112,44,94
1,<environment.Job instance at 0x145767331a00>,43,14,[6 1],67,98,112,31,94
1,<environment.Job instance at 0x145767567050>,47,2,[6 2],72,109,111,37,109
1,<environment.Job instance at 0x145767567460>,48,1,[1 5],73,112,113,39,109
1,<environment.Job instance at 0x145767331af0>,44,15,[2 8],68,112,127,44,109
1,<environment.Job instance at 0x1457675673c0>,50,3,[ 2 10],75,127,130,52,109
1,<environment.Job instance at 0x145767567230>,51,3,[ 1 13],76,130,133,54,109
1,<environment.Job instance at 0x145767567c30>,52,3,[1 5],79,113,116,34,110
1,<environment.Job instance at 0x1457641081e0>,10,1,[7 2],16,16,17,0,16
1,<environment.Job instance at 0x14576406b8c0>,23,27,[1 7],35,46,73,11,46
1,<environment.Job instance at 0x14576406b780>,25,16,[2 8],39,47,63,8,47
1,<environment.Job instance at 0x145764193460>,35,1,[1 8],55,63,64,8,55
1,<environment.Job instance at 0x14576410ed20>,38,2,[8 2],58,64,66,6,58
1,<environment.Job instance at 0x14576410ef50>,44,2,[1 8],66,69,71,3,69
1,<environment.Job instance at 0x145764193fa0>,26,13,[ 2 10],42,80,93,38,80
1,<environment.Job instance at 0x145764109a50>,49,14,[14  1],72,93,107,21,80
1,<environment.Job instance at 0x1457641092d0>,50,2,[6 1],74,256,258,182,256
1,<environment.Job instance at 0x145764109910>,54,2,[1 7],81,325,327,244,325
1,<environment.Job instance at 0x1457641096e0>,55,1,[1 5],82,419,420,337,419
1,<environment.Job instance at 0x145764109b40>,56,18,[8 2],83,477,495,394,477
1,<environment.Job instance at 0x145764109690>,57,3,[1 6],84,493,496,409,493
1,<environment.Job instance at 0x1457641097d0>,58,16,[1 5],85,516,532,431,516
1,<environment.Job instance at 0x145764109230>,59,2,[ 1 10],86,569,571,483,569
1,<environment.Job instance at 0x145764109550>,60,17,[2 9],87,786,803,699,786
1,<environment.Job instance at 0x145764109a00>,61,15,[7 2],88,793,808,705,793
1,<environment.Job instance at 0x145764109cd0>,62,16,[2 8],89,803,819,714,803
1,<environment.Job instance at 0x1457641099b0>,63,3,[6 1],90,834,837,744,834
1,<environment.Job instance at 0x145764109820>,64,2,[1 8],91,939,941,848,939
1,<environment.Job instance at 0x145764109870>,65,3,[2 8],92,986,989,894,986
1,<environment.Job instance at 0x145745f4eeb0>,66,2,[2 8],93,995,997,902,995
1,<environment.Job instance at 0x145745f4e500>,67,3,[5 2],96,1000,1003,904,1000
1,<environment.Job instance at 0x145745f4ee60>,68,1,[6 2],98,1002,1003,904,1002
1,<environment.Job instance at 0x145745f4efa0>,69,2,[2 8],99,1016,1018,917,1016
1,<environment.Job instance at 0x145745f4ea00>,70,1,[6 2],101,1110,1111,1009,1110
1,<environment.Job instance at 0x145745f4eb40>,71,1,[2 9],102,1277,1278,1175,1277
1,<environment.Job instance at 0x145745f4ea50>,72,27,[ 2 10],103,1362,1389,1259,1362
1,<environment.Job instance at 0x145745f4e780>,73,2,[10  1],104,1447,1449,1343,1447
1,<environment.Job instance at 0x145745f4e730>,74,2,[2 7],106,1483,1485,1377,1483
1,<environment.Job instance at 0x145745f4eaf0>,75,1,[5 2],107,1641,1642,1534,1641
1,<environment.Job instance at 0x145745f4e280>,76,1,[2 5],108,1682,1683,1574,1682
1,<environment.Job instance at 0x145745f4e230>,77,2,[ 1 10],110,1856,1858,1746,1856
1,<environment.Job instance at 0x145745f4e2d0>,78,3,[2 5],111,1875,1878,1764,1875
1,<environment.Job instance at 0x145745f4e910>,79,12,[6 1],112,1932,1944,1820,1932
1,<environment.Job instance at 0x145745f4e370>,80,2,[5 2],113,1940,1942,1827,1940
1,<environment.Job instance at 0x145745f4e050>,81,1,[7 1],116,1942,1943,1826,1940
1,<environment.Job instance at 0x145745f4e140>,82,2,[7 1],117,1943,1945,1826,1940
1,<environment.Job instance at 0x145745f4e960>,83,1,[7 2],118,1944,1945,1826,1940
1,<environment.Job instance at 0x145745f4e1e0>,84,3,[10  2],119,1945,1948,1826,1940
1,<environment.Job instance at 0x145745f4c0a0>,85,2,[5 2],120,1945,1947,1825,1945
1,<environment.Job instance at 0x145745f4cb90>,86,15,[1 8],122,1947,1962,1825,1946
1,<environment.Job instance at 0x145745f4c140>,87,3,[1 7],123,2000,2003,1877,2000
1,<environment.Job instance at 0x145745f4c4b0>,88,19,[2 9],126,2122,2141,1996,2122
1,<environment.Job instance at 0x145745f4c1e0>,89,13,[12  2],127,2166,2179,2039,2166
1,<environment.Job instance at 0x145745f4cf00>,90,17,[9 2],128,2222,2239,2094,2222
1,<environment.Job instance at 0x145745f4c5a0>,91,1,[6 2],129,2268,2269,2139,2268
1,<environment.Job instance at 0x145745f4cdc0>,92,2,[1 5],130,2275,2277,2145,2275
1,<environment.Job instance at 0x145745f4c370>,93,1,[1 7],131,2360,2361,2229,2360
1,<environment.Job instance at 0x145745f4c870>,94,3,[2 7],132,2372,2375,2240,2372
1,<environment.Job instance at 0x145745f4c2d0>,95,2,[1 5],133,2384,2386,2251,2384
1,<environment.Job instance at 0x145745f4ceb0>,96,1,[1 9],135,2457,2458,2322,2457
1,<environment.Job instance at 0x145745f4c410>,97,1,[2 5],136,2461,2462,2325,2461
1,<environment.Job instance at 0x145745f4c190>,98,15,[7 1],137,2481,2496,2344,2481
1,<environment.Job instance at 0x145745f4c820>,99,1,[2 6],138,2494,2495,2356,2494
1,<environment.Job instance at 0x145745f4caa0>,100,1,[2 8],140,2639,2640,2499,2639
1,<environment.Job instance at 0x145745f4ccd0>,101,1,[2 6],141,2751,2752,2610,2751
1,<environment.Job instance at 0x145745f4c230>,102,3,[1 7],143,2752,2755,2609,2752
1,<environment.Job instance at 0x145745f4cf50>,103,17,[2 7],144,2896,2913,2752,2896
1,<environment.Job instance at 0x145764190a00>,4,18,[1 5],7,8,26,1,8
1,<environment.Job instance at 0x14576408d280>,10,26,[2 8],18,23,49,5,23
1,<environment.Job instance at 0x14576408daa0>,14,2,[1 6],27,27,29,0,27
1,<environment.Job instance at 0x14576408de10>,17,1,[6 2],32,32,33,0,32
1,<environment.Job instance at 0x14576410ad70>,19,3,[5 1],38,38,41,0,38
1,<environment.Job instance at 0x14576410a0f0>,20,1,[2 8],39,49,50,10,39
1,<environment.Job instance at 0x14576410a4b0>,21,2,[7 2],40,40,42,0,40
1,<environment.Job instance at 0x14576410ae60>,22,2,[6 2],41,41,43,0,41
1,<environment.Job instance at 0x14576410aaf0>,26,27,[1 7],45,46,73,1,46
1,<environment.Job instance at 0x14576410b8c0>,35,2,[2 9],57,73,75,16,57
1,<environment.Job instance at 0x14576410b6e0>,36,15,[2 8],62,75,90,13,62
1,<environment.Job instance at 0x1457640ec690>,44,1,[ 1 12],76,90,91,14,78
1,<environment.Job instance at 0x1457640ec5f0>,46,1,[8 1],79,79,80,0,79
1,<environment.Job instance at 0x14576412c910>,48,1,[2 9],84,91,92,7,84
1,<environment.Job instance at 0x14576410beb0>,37,1,[5 1],63,85,86,22,85
1,<environment.Job instance at 0x14576412ce10>,2,1,[1 7],3,3,4,0,3
1,<environment.Job instance at 0x1457459c8cd0>,4,1,[6 2],7,7,8,0,7
1,<environment.Job instance at 0x1457459c8dc0>,5,1,[5 1],8,8,9,0,8
1,<environment.Job instance at 0x1457459c8e60>,6,1,[2 6],10,10,11,0,10
1,<environment.Job instance at 0x1457459c5be0>,13,2,[ 1 10],18,18,20,0,18
1,<environment.Job instance at 0x1457459c54b0>,19,13,[2 8],26,26,39,0,26
1,<environment.Job instance at 0x1457459c5dc0>,20,16,[6 1],27,27,43,0,27
1,<environment.Job instance at 0x1457459c1500>,28,3,[8 2],36,46,49,10,46
1,<environment.Job instance at 0x1457459c1190>,29,2,[ 1 10],38,47,49,9,47
1,<environment.Job instance at 0x1457459c5f50>,17,17,[7 1],24,49,66,25,48
1,<environment.Job instance at 0x1457459c5f50>,2,23,[2 6],4,6,29,2,6
1,<environment.Job instance at 0x145745f4b280>,8,3,[6 1],13,13,16,0,13
1,<environment.Job instance at 0x145745f4b730>,9,2,[10  1],14,16,18,2,14
1,<environment.Job instance at 0x145745f4b8c0>,10,1,[9 1],15,18,19,3,15
1,<environment.Job instance at 0x145745bce0a0>,3,23,[9 1],6,19,42,13,16
1,<environment.Job instance at 0x145745bcefa0>,7,2,[7 2],11,42,44,31,17
1,<environment.Job instance at 0x145768cb6050>,15,2,[7 1],21,42,44,21,23
1,<environment.Job instance at 0x145745b2c8c0>,17,13,[2 5],28,74,87,46,74
1,<environment.Job instance at 0x145745b2c0a0>,19,1,[2 6],30,209,210,179,209
1,<environment.Job instance at 0x145745b2c730>,20,2,[9 2],33,210,212,177,210
1,<environment.Job instance at 0x145745b2ca00>,21,1,[ 2 10],37,210,211,173,210
1,<environment.Job instance at 0x145745b2c190>,22,3,[11  1],39,212,215,173,210
1,<environment.Job instance at 0x145745b2c1e0>,23,13,[ 2 11],40,211,224,171,211
1,<environment.Job instance at 0x145745b2c690>,25,1,[8 1],43,215,216,172,211
1,<environment.Job instance at 0x145745b2c280>,26,16,[9 1],44,216,232,172,211
1,<environment.Job instance at 0x145745b2c0f0>,27,12,[7 2],46,232,244,186,216
1,<environment.Job instance at 0x145745b2cbe0>,28,15,[ 2 10],52,229,244,177,229
1,<environment.Job instance at 0x145745b2c5a0>,31,2,[5 2],56,232,234,176,230
1,<environment.Job instance at 0x145745b2c320>,32,1,[ 2 10],57,244,245,187,236
1,<environment.Job instance at 0x145745b2ccd0>,34,2,[ 1 12],59,245,247,186,238
1,<environment.Job instance at 0x145768b30f00>,35,16,[2 9],60,247,263,187,238
1,<environment.Job instance at 0x145768b30e60>,36,2,[5 2],61,241,243,180,241
1,<environment.Job instance at 0x145768b30f50>,37,21,[5 1],62,243,264,181,241
1,<environment.Job instance at 0x145768b30550>,38,3,[2 8],63,263,266,200,250
1,<environment.Job instance at 0x145768b302d0>,41,2,[1 6],67,263,265,196,257
1,<environment.Job instance at 0x145768b30910>,42,2,[8 1],68,257,259,189,257
1,<environment.Job instance at 0x145768b304b0>,43,1,[2 7],70,265,266,195,259
1,<environment.Job instance at 0x145768b30fa0>,44,2,[1 8],71,266,268,195,259
1,<environment.Job instance at 0x145768b303c0>,45,13,[7 1],72,266,279,194,259
1,<environment.Job instance at 0x145768b30d70>,46,3,[ 2 10],75,268,271,193,266
1,<environment.Job instance at 0x145768b30af0>,47,2,[2 7],76,271,273,195,266
1,<environment.Job instance at 0x145767582910>,48,22,[ 2 10],77,273,295,196,267
1,<environment.Job instance at 0x1457675823c0>,50,2,[1 7],79,295,297,216,274
1,<environment.Job instance at 0x145767582870>,53,1,[7 1],84,279,280,195,275
1,<environment.Job instance at 0x145767582230>,54,2,[5 2],85,276,278,191,276
1,<environment.Job instance at 0x145767582eb0>,55,15,[1 9],86,297,312,211,283
1,<environment.Job instance at 0x145767582a00>,56,3,[6 1],87,283,286,196,283
1,<environment.Job instance at 0x145767582c30>,57,2,[ 1 10],88,312,314,224,288
1,<environment.Job instance at 0x1457675827d0>,58,1,[7 1],89,289,290,200,289
1,<environment.Job instance at 0x1457675825f0>,59,1,[2 6],92,295,296,203,289
1,<environment.Job instance at 0x145767582730>,60,2,[10  2],93,290,292,197,289
1,<environment.Job instance at 0x145767582af0>,61,1,[5 1],94,289,290,195,289
1,<environment.Job instance at 0x145767582960>,62,2,[8 2],95,292,294,197,289
1,<environment.Job instance at 0x1457675821e0>,63,1,[6 1],96,294,295,198,289
1,<environment.Job instance at 0x145745a91be0>,64,3,[8 1],98,295,298,197,289
1,<environment.Job instance at 0x145767582c80>,65,15,[6 1],102,296,311,194,290
1,<environment.Job instance at 0x14576ddf8050>,67,17,[10  1],106,311,328,205,301
1,<environment.Job instance at 0x1457672737d0>,70,21,[6 1],110,328,349,218,320
1,<environment.Job instance at 0x145767273910>,71,3,[ 2 13],112,334,337,222,334
1,<environment.Job instance at 0x145767273780>,75,1,[1 7],118,337,338,219,336
1,<environment.Job instance at 0x145767273d70>,77,12,[2 8],121,338,350,217,338
1,<environment.Job instance at 0x145767273c80>,78,27,[5 2],122,339,366,217,339
1,<environment.Job instance at 0x145745b3e870>,79,27,[1 9],123,350,377,227,348
1,<environment.Job instance at 0x145745b3e6e0>,80,1,[9 1],124,362,363,238,362
1,<environment.Job instance at 0x145745b3efa0>,81,1,[ 2 10],125,377,378,252,369
1,<environment.Job instance at 0x145745b3e410>,82,12,[2 8],128,378,390,250,370
1,<environment.Job instance at 0x145745b3e550>,83,3,[ 1 10],131,390,393,259,371
1,<environment.Job instance at 0x145745b3ea50>,84,1,[8 2],132,383,384,251,383
1,<environment.Job instance at 0x145745b3e690>,85,18,[9 1],133,384,402,251,383
1,<environment.Job instance at 0x145745b3ee60>,86,2,[8 1],135,402,404,267,384
1,<environment.Job instance at 0x145767591cd0>,89,1,[2 6],139,387,388,248,387
1,<environment.Job instance at 0x145745949c80>,90,3,[1 5],140,393,396,253,390
1,<environment.Job instance at 0x1457458871e0>,91,3,[8 2],143,404,407,261,390
1,<environment.Job instance at 0x145745b3e460>,92,1,[1 7],144,393,394,249,391
1,<environment.Job instance at 0x145745b32820>,93,3,[2 8],145,397,400,252,397
1,<environment.Job instance at 0x145745b3e0f0>,94,2,[7 1],146,402,404,256,397
1,<environment.Job instance at 0x145745b3ea00>,95,28,[1 6],147,404,432,257,403
1,<environment.Job instance at 0x14576402a1e0>,97,21,[9 1],151,417,438,266,417
1,<environment.Job instance at 0x14576e77a5f0>,98,16,[1 6],152,422,438,270,422
1,<environment.Job instance at 0x145745d74af0>,99,15,[10  2],153,438,453,285,424
1,<environment.Job instance at 0x145745d74640>,100,2,[5 1],155,445,447,290,445
1,<environment.Job instance at 0x145745c22cd0>,101,2,[ 2 10],156,447,449,291,445
1,<environment.Job instance at 0x145768cd60f0>,102,3,[5 1],157,449,452,292,445
1,<environment.Job instance at 0x14576dd990a0>,103,1,[1 9],159,452,453,293,446
1,<environment.Job instance at 0x1457708d2aa0>,104,1,[2 7],160,453,454,293,447
1,<environment.Job instance at 0x145745c22e10>,105,2,[1 8],161,453,455,292,447
1,<environment.Job instance at 0x145764210b90>,106,1,[1 9],163,455,456,292,450
1,<environment.Job instance at 0x145764210370>,107,2,[ 2 10],165,456,458,291,450
1,<environment.Job instance at 0x14576de62140>,108,3,[9 1],166,454,457,288,450
1,<environment.Job instance at 0x14576de624b0>,109,12,[9 1],167,457,469,290,450
1,<environment.Job instance at 0x14576de62af0>,110,20,[ 2 11],168,460,480,292,460
1,<environment.Job instance at 0x14576e0e1780>,113,15,[6 1],173,469,484,296,467
1,<environment.Job instance at 0x14576e0e1320>,114,1,[9 2],174,480,481,306,468
1,<environment.Job instance at 0x145745be6d20>,115,1,[2 8],175,481,482,306,468
1,<environment.Job instance at 0x145745be6730>,116,1,[5 1],176,469,470,293,468
1,<environment.Job instance at 0x14576dd803c0>,117,1,[8 1],178,482,483,304,469
1,<environment.Job instance at 0x14576dd80230>,118,1,[1 8],180,482,483,302,470
1,<environment.Job instance at 0x145745d87140>,119,1,[2 9],181,483,484,302,470
1,<environment.Job instance at 0x14576dd80b90>,120,3,[1 9],182,484,487,302,471
1,<environment.Job instance at 0x14576dd802d0>,121,14,[ 1 10],184,487,501,303,474
1,<environment.Job instance at 0x145769a44820>,122,1,[7 2],185,483,484,298,482
1,<environment.Job instance at 0x145769a44910>,123,1,[10  1],186,488,489,302,488
1,<environment.Job instance at 0x145764155050>,124,3,[2 5],188,489,492,301,488
1,<environment.Job instance at 0x145764155690>,125,2,[6 2],189,492,494,303,488
1,<environment.Job instance at 0x1457641552d0>,126,18,[2 9],190,501,519,311,490
1,<environment.Job instance at 0x145764155910>,127,3,[2 9],191,519,522,328,494
1,<environment.Job instance at 0x1457641553c0>,128,1,[1 6],192,504,505,312,504
1,<environment.Job instance at 0x145764155140>,129,1,[10  1],193,505,506,312,504
1,<environment.Job instance at 0x145764155960>,130,17,[5 1],194,506,523,312,505
1,<environment.Job instance at 0x1457641555f0>,131,1,[7 1],195,509,510,314,509
1,<environment.Job instance at 0x145764155e60>,132,3,[9 2],196,522,525,326,509
1,<environment.Job instance at 0x145764155a50>,133,2,[1 8],197,522,524,325,509
1,<environment.Job instance at 0x145764155fa0>,134,26,[8 1],198,525,551,327,522
1,<environment.Job instance at 0x145745bcee10>,5,1,[5 2],8,999,1000,991,999
1,<environment.Job instance at 0x145745f72960>,2,17,[7 2],3,3,20,0,3
1,<environment.Job instance at 0x14576fd39aa0>,7,17,[ 2 10],9,10,27,1,10
1,<environment.Job instance at 0x14576fd392d0>,8,1,[1 8],12,27,28,15,12
1,<environment.Job instance at 0x14576fd399b0>,9,16,[5 2],13,19,35,6,19
1,<environment.Job instance at 0x14576fd39280>,18,2,[11  2],26,35,37,9,26
1,<environment.Job instance at 0x14576704a4b0>,21,2,[1 5],30,39,41,9,39
1,<environment.Job instance at 0x14576704a460>,22,1,[1 5],31,39,40,8,39
1,<environment.Job instance at 0x14576704a730>,23,2,[9 1],32,39,41,7,39
1,<environment.Job instance at 0x14576704a550>,26,2,[2 6],36,40,42,4,40
1,<environment.Job instance at 0x14576704a140>,27,1,[ 1 10],37,42,43,5,40
1,<environment.Job instance at 0x14576704aa00>,28,1,[2 7],38,41,42,3,40
1,<environment.Job instance at 0x14576704a1e0>,29,2,[2 6],39,43,45,4,40
1,<environment.Job instance at 0x14576fd39690>,11,28,[14  1],18,45,73,27,44
1,<environment.Job instance at 0x14576704a410>,31,2,[5 1],42,264,266,222,264
1,<environment.Job instance at 0x14576e7a00a0>,35,1,[2 8],47,264,265,217,264
1,<environment.Job instance at 0x14576e7a0dc0>,36,18,[10  2],48,265,283,217,264
1,<environment.Job instance at 0x14576e7a00f0>,37,12,[2 9],49,266,278,217,264
1,<environment.Job instance at 0x14576e7a0690>,38,15,[2 5],50,278,293,228,264
1,<environment.Job instance at 0x14576e7a0c30>,39,3,[1 6],51,278,281,227,264
1,<environment.Job instance at 0x14576e7a0410>,40,2,[1 8],53,281,283,228,264
1,<environment.Job instance at 0x14576e7a0a00>,41,17,[7 1],54,283,300,229,276
1,<environment.Job instance at 0x14576e7a07d0>,43,3,[1 5],58,283,286,225,277
1,<environment.Job instance at 0x14576e7a0640>,44,1,[10  1],59,300,301,241,277
1,<environment.Job instance at 0x14576e7a0e10>,45,1,[10  2],60,301,302,241,278
1,<environment.Job instance at 0x14576e7a0910>,47,1,[1 6],62,299,300,237,299
1,<environment.Job instance at 0x14576e7a02d0>,46,16,[7 1],61,302,318,241,299
1,<environment.Job instance at 0x14576e7a0eb0>,49,2,[5 1],64,299,301,235,299
1,<environment.Job instance at 0x14576e7a0140>,50,2,[7 2],65,302,304,237,299
1,<environment.Job instance at 0x14576e7a0320>,51,1,[1 6],66,299,300,233,299
1,<environment.Job instance at 0x145745d36640>,52,3,[2 6],67,304,307,237,299
1,<environment.Job instance at 0x145745d36230>,53,3,[1 9],68,301,304,233,299
1,<environment.Job instance at 0x145745d36dc0>,54,3,[6 1],69,304,307,235,299
1,<environment.Job instance at 0x145745d36280>,55,15,[6 1],75,307,322,232,299
1,<environment.Job instance at 0x145745d360a0>,56,2,[7 1],76,318,320,242,299
1,<environment.Job instance at 0x145745c90640>,58,1,[ 2 13],78,307,308,229,307
1,<environment.Job instance at 0x145745d36c30>,57,17,[8 1],77,320,337,243,308
1,<environment.Job instance at 0x145745c90fa0>,60,3,[9 1],80,337,340,257,311
1,<environment.Job instance at 0x145745c90b40>,61,16,[2 5],81,322,338,241,311
1,<environment.Job instance at 0x145745c90e60>,63,12,[ 1 10],83,338,350,255,321
1,<environment.Job instance at 0x145745e2cfa0>,80,3,[1 9],111,321,324,210,321
1,<environment.Job instance at 0x14576de2bd20>,81,17,[1 5],112,340,357,228,328
1,<environment.Job instance at 0x1457709c3be0>,82,3,[8 1],114,350,353,236,328
1,<environment.Job instance at 0x14576756d8c0>,83,1,[1 8],115,328,329,213,328
1,<environment.Job instance at 0x145768a112d0>,84,1,[10  2],119,353,354,234,328
1,<environment.Job instance at 0x1457704d9230>,85,2,[2 6],120,329,331,209,328
1,<environment.Job instance at 0x145764238190>,86,1,[1 5],121,331,332,210,328
1,<environment.Job instance at 0x1457707cce60>,87,3,[7 2],123,354,357,231,328
1,<environment.Job instance at 0x145769686410>,88,1,[2 8],124,332,333,208,328
1,<environment.Job instance at 0x145769707870>,89,18,[1 7],126,350,368,224,339
1,<environment.Job instance at 0x145768c860f0>,90,3,[10  1],128,357,360,229,339
1,<environment.Job instance at 0x1457640df140>,91,2,[ 2 13],129,368,370,239,341
1,<environment.Job instance at 0x14576965e230>,92,3,[7 2],131,360,363,229,341
1,<environment.Job instance at 0x145745b9c8c0>,94,15,[ 2 10],134,370,385,236,356
1,<environment.Job instance at 0x145745b9ce10>,95,1,[1 9],135,385,386,250,357
1,<environment.Job instance at 0x14576968ff50>,96,3,[6 2],136,360,363,224,357
1,<environment.Job instance at 0x14576968fd70>,97,16,[ 1 11],137,386,402,249,373
1,<environment.Job instance at 0x14576968ffa0>,98,1,[2 6],138,385,386,247,373
1,<environment.Job instance at 0x1457672ba730>,99,1,[1 5],140,373,374,233,373
1,<environment.Job instance at 0x1457642438c0>,100,2,[2 8],141,402,404,261,375
1,<environment.Job instance at 0x145764243960>,101,24,[2 9],142,404,428,262,399
1,<environment.Job instance at 0x1457642439b0>,102,3,[2 5],145,402,405,257,399
1,<environment.Job instance at 0x145770875140>,103,18,[5 2],147,405,423,258,399
1,<environment.Job instance at 0x145745934460>,104,1,[1 6],148,423,424,275,399
1,<environment.Job instance at 0x145770875370>,105,2,[2 6],150,424,426,274,399
1,<environment.Job instance at 0x145745934050>,106,2,[6 2],151,399,401,248,399
1,<environment.Job instance at 0x145745934280>,107,3,[2 7],152,428,431,276,402
1,<environment.Job instance at 0x1457459340f0>,108,1,[10  1],156,402,403,246,402
1,<environment.Job instance at 0x145745934320>,109,3,[10  1],157,426,429,269,402
1,<environment.Job instance at 0x1457459344b0>,110,2,[6 1],158,403,405,245,402
1,<environment.Job instance at 0x1457640e3dc0>,111,3,[1 5],159,426,429,267,402
1,<environment.Job instance at 0x1457640e3820>,112,2,[10  2],160,429,431,269,402
1,<environment.Job instance at 0x1457640e3370>,113,1,[9 1],161,431,432,270,403
1,<environment.Job instance at 0x1457640e34b0>,114,1,[1 8],162,431,432,269,403
1,<environment.Job instance at 0x1457640e36e0>,115,25,[9 1],163,432,457,269,428
1,<environment.Job instance at 0x1457640e3280>,116,3,[2 7],164,432,435,268,428
1,<environment.Job instance at 0x1457640e3d70>,117,1,[7 1],165,457,458,292,429
1,<environment.Job instance at 0x1457640e3a50>,118,2,[7 2],166,457,459,291,430
1,<environment.Job instance at 0x14576404d5a0>,119,13,[10  1],168,459,472,291,445
1,<environment.Job instance at 0x14576404da00>,120,3,[2 6],169,446,449,277,446
1,<environment.Job instance at 0x1457707b30a0>,121,2,[8 1],170,472,474,302,447
1,<environment.Job instance at 0x14576404ddc0>,122,1,[6 2],171,449,450,278,447
1,<environment.Job instance at 0x145779199f00>,123,1,[9 1],172,474,475,302,447
1,<environment.Job instance at 0x14576fefd280>,124,1,[2 5],174,447,448,273,447
1,<environment.Job instance at 0x14576424fc30>,125,3,[10  2],177,475,478,298,449
1,<environment.Job instance at 0x1457458be640>,126,1,[2 7],178,472,473,294,472
1,<environment.Job instance at 0x1457458be410>,127,2,[ 1 14],180,473,475,293,472
1,<environment.Job instance at 0x1457458be6e0>,128,1,[7 2],181,478,479,297,472
1,<environment.Job instance at 0x1457458beaa0>,129,3,[9 1],182,479,482,297,472
1,<environment.Job instance at 0x1457458be500>,130,15,[6 1],183,478,493,295,472
1,<environment.Job instance at 0x1457458beb90>,131,1,[2 5],184,472,473,288,472
1,<environment.Job instance at 0x1457458be0f0>,132,2,[1 5],186,475,477,289,472
1,<environment.Job instance at 0x1457458bea50>,133,3,[2 8],187,475,478,288,472
1,<environment.Job instance at 0x1457458becd0>,134,17,[10  1],188,493,510,305,484
1,<environment.Job instance at 0x1457458be960>,135,26,[5 2],189,486,512,297,486
1,<environment.Job instance at 0x1457458be2d0>,136,1,[8 2],190,510,511,320,487
1,<environment.Job instance at 0x1457703ac0f0>,137,2,[2 6],191,487,489,296,487
1,<environment.Job instance at 0x145764195140>,138,3,[1 9],192,489,492,297,487
1,<environment.Job instance at 0x145764195870>,139,2,[1 7],194,510,512,316,488
1,<environment.Job instance at 0x1457709d5c80>,140,3,[2 9],195,512,515,317,489
1,<environment.Job instance at 0x1457641953c0>,141,2,[6 1],196,511,513,315,490
1,<environment.Job instance at 0x14574598b730>,142,1,[5 1],197,512,513,315,490
1,<environment.Job instance at 0x14574598bf50>,143,16,[2 6],198,513,529,315,503
1,<environment.Job instance at 0x14576e7a0190>,33,2,[12  1],45,539,541,494,539
1,<environment.Job instance at 0x145745e52730>,7,3,[1 7],15,15,18,0,15
1,<environment.Job instance at 0x145768a50730>,13,3,[2 9],26,26,29,0,26
1,<environment.Job instance at 0x145768a5bdc0>,16,1,[9 1],30,38,39,8,38
1,<environment.Job instance at 0x145768a50410>,15,12,[5 2],29,50,62,21,50
1,<environment.Job instance at 0x145764232230>,18,3,[5 1],33,50,53,17,50
1,<environment.Job instance at 0x145768a5b230>,20,1,[12  2],35,62,63,27,55
1,<environment.Job instance at 0x145768b84e60>,21,1,[5 1],36,59,60,23,59
1,<environment.Job instance at 0x145768a5b6e0>,22,3,[8 1],37,63,66,26,61
1,<environment.Job instance at 0x1457699f6be0>,27,2,[2 8],50,61,63,11,61
1,<environment.Job instance at 0x14576757d8c0>,28,1,[7 1],53,61,62,8,61
1,<environment.Job instance at 0x1457699f6050>,29,2,[2 6],54,63,65,9,63
1,<environment.Job instance at 0x145745e1b550>,30,3,[6 2],56,65,68,9,63
1,<environment.Job instance at 0x145745e2cb40>,31,12,[2 9],57,69,81,12,69
1,<environment.Job instance at 0x145745e05870>,32,2,[5 1],58,69,71,11,69
1,<environment.Job instance at 0x145745df24b0>,33,3,[9 1],59,71,74,12,69
1,<environment.Job instance at 0x145745e15dc0>,34,1,[7 2],60,69,70,9,69
1,<environment.Job instance at 0x145745f22c80>,35,17,[6 2],62,74,91,12,69
1,<environment.Job instance at 0x145745f22dc0>,36,3,[9 2],64,85,88,21,85
1,<environment.Job instance at 0x145768a191e0>,42,1,[1 9],70,88,89,18,85
1,<environment.Job instance at 0x145768a199b0>,43,2,[2 6],71,89,91,18,85
1,<environment.Job instance at 0x14576408fd70>,44,3,[ 2 10],72,91,94,19,85
1,<environment.Job instance at 0x14576408fc30>,45,13,[2 8],73,94,107,21,86
1,<environment.Job instance at 0x14576408f410>,46,1,[8 1],76,88,89,12,86
1,<environment.Job instance at 0x14576408fd20>,47,3,[1 6],77,94,97,17,86
1,<environment.Job instance at 0x145768b69fa0>,48,2,[1 6],78,89,91,11,86
1,<environment.Job instance at 0x14576408f230>,49,1,[2 5],79,91,92,12,86
1,<environment.Job instance at 0x145745e2b500>,50,14,[ 2 10],80,107,121,27,92
1,<environment.Job instance at 0x145745e2b5f0>,51,1,[ 1 13],81,121,122,40,93
1,<environment.Job instance at 0x145745b1a730>,52,12,[ 1 14],82,122,134,40,114
1,<environment.Job instance at 0x1457699b06e0>,56,2,[5 1],94,119,121,25,119
1,<environment.Job instance at 0x1457699b0500>,57,2,[1 6],95,134,136,39,119
1,<environment.Job instance at 0x1457699b09b0>,58,2,[1 8],96,134,136,38,122
1,<environment.Job instance at 0x1457699b0c30>,59,1,[6 1],97,123,124,26,123
1,<environment.Job instance at 0x1457699b0b40>,60,18,[10  2],99,136,154,37,125
1,<environment.Job instance at 0x1457699b0f50>,61,1,[6 1],100,125,126,25,125
1,<environment.Job instance at 0x1457699b0a00>,62,1,[2 9],101,136,137,35,125
1,<environment.Job instance at 0x1457699b0050>,63,1,[1 5],102,137,138,35,125
1,<environment.Job instance at 0x1457699aab90>,64,16,[ 2 10],103,138,154,35,125
1,<environment.Job instance at 0x1457699aae60>,65,3,[5 1],104,126,129,22,126
1,<environment.Job instance at 0x1457699aaa00>,66,3,[1 7],105,154,157,49,147
1,<environment.Job instance at 0x1457699aacd0>,67,3,[10  2],107,154,157,47,152
1,<environment.Job instance at 0x1457699aa910>,68,17,[9 2],109,157,174,48,152
1,<environment.Job instance at 0x1457699aa730>,69,2,[9 2],111,174,176,63,159
1,<environment.Job instance at 0x1457699aaf50>,70,2,[2 7],115,165,167,50,165
1,<environment.Job instance at 0x1457699aafa0>,71,1,[8 1],116,176,177,60,167
1,<environment.Job instance at 0x1457699aaf00>,72,15,[7 1],117,176,191,59,167
1,<environment.Job instance at 0x1457699aa230>,73,1,[1 8],118,190,191,72,190
1,<environment.Job instance at 0x145768a502d0>,11,1,[ 1 12],24,191,192,167,190
1,<environment.Job instance at 0x1457699aae10>,74,12,[7 2],119,190,202,71,190
1,<environment.Job instance at 0x1457699aa4b0>,76,2,[7 2],121,192,194,71,191
1,<environment.Job instance at 0x1457699aa5a0>,77,1,[ 2 10],122,194,195,72,192
1,<environment.Job instance at 0x1457699aa140>,78,16,[1 7],123,195,211,72,193
1,<environment.Job instance at 0x145768c6fcd0>,79,17,[5 2],125,196,213,71,196
1,<environment.Job instance at 0x145768c6faa0>,80,3,[10  1],127,211,214,84,204
1,<environment.Job instance at 0x145768c6f5a0>,81,1,[9 2],128,206,207,78,206
1,<environment.Job instance at 0x145768c6f730>,82,17,[8 1],129,214,231,85,206
1,<environment.Job instance at 0x145768c6fb40>,83,2,[1 5],130,209,211,79,209
1,<environment.Job instance at 0x145768c6f370>,84,13,[1 9],131,214,227,83,214
1,<environment.Job instance at 0x145768c6f500>,85,2,[10  2],132,231,233,99,214
1,<environment.Job instance at 0x145768c6fc30>,86,15,[9 1],134,233,248,99,219
1,<environment.Job instance at 0x145768c6fa00>,87,1,[1 5],135,219,220,84,219
1,<environment.Job instance at 0x145768c6fe10>,88,2,[1 9],136,227,229,91,219
1,<environment.Job instance at 0x145768c6fd70>,89,2,[1 7],139,229,231,90,219
1,<environment.Job instance at 0x145768c6f7d0>,90,3,[1 8],140,231,234,91,219
1,<environment.Job instance at 0x145768c6fc80>,91,19,[5 2],141,233,252,92,223
1,<environment.Job instance at 0x145768c6f0a0>,92,2,[2 8],142,248,250,106,223
1,<environment.Job instance at 0x145768c6ffa0>,93,3,[1 7],143,234,237,91,223
1,<environment.Job instance at 0x145768c6f1e0>,94,2,[6 1],144,223,225,79,223
1,<environment.Job instance at 0x145768c6f640>,95,3,[7 2],145,248,251,103,223
1,<environment.Job instance at 0x145768c6fa50>,96,2,[8 1],146,251,253,105,224
1,<environment.Job instance at 0x14576de2acd0>,97,15,[8 2],147,253,268,106,239
1,<environment.Job instance at 0x14576de2aeb0>,98,1,[10  1],148,268,269,120,240
1,<environment.Job instance at 0x14576de2aaf0>,99,2,[8 2],150,269,271,119,242
1,<environment.Job instance at 0x14576de2a0f0>,100,1,[1 6],151,242,243,91,242
1,<environment.Job instance at 0x14576de2a8c0>,101,3,[6 1],152,252,255,100,242
1,<environment.Job instance at 0x14576de2a140>,102,16,[1 5],153,250,266,97,243
1,<environment.Job instance at 0x14576de2a640>,103,3,[2 5],154,255,258,101,248
1,<environment.Job instance at 0x14576de2aa50>,104,3,[2 8],156,258,261,102,253
1,<environment.Job instance at 0x14576de2a870>,105,17,[12  1],157,271,288,114,260
1,<environment.Job instance at 0x14576de2a050>,106,3,[1 8],158,261,264,103,260
1,<environment.Job instance at 0x14576de2af50>,107,2,[2 5],160,264,266,104,260
1,<environment.Job instance at 0x14576de2a9b0>,108,3,[1 9],161,266,269,105,260
1,<environment.Job instance at 0x14576de2a550>,109,15,[9 1],162,288,303,126,276
1,<environment.Job instance at 0x14576de2a320>,110,12,[6 1],163,288,300,125,276
1,<environment.Job instance at 0x14576de2aa00>,111,13,[8 1],164,303,316,139,291
1,<environment.Job instance at 0x14576de2a2d0>,112,3,[2 8],165,300,303,135,297
1,<environment.Job instance at 0x14576de2ad20>,113,2,[1 7],166,303,305,137,302
1,<environment.Job instance at 0x14576de2a230>,114,2,[1 6],167,303,305,136,303
1,<environment.Job instance at 0x145745c61b90>,115,14,[ 2 10],168,305,319,137,303
1,<environment.Job instance at 0x145745c615a0>,116,1,[2 7],170,319,320,149,303
1,<environment.Job instance at 0x145745c61e10>,117,3,[8 2],171,316,319,145,303
1,<environment.Job instance at 0x145745c610f0>,118,3,[ 2 10],172,320,323,148,303
1,<environment.Job instance at 0x145745c61230>,119,2,[9 1],174,319,321,145,303
1,<environment.Job instance at 0x145745c61780>,120,1,[2 5],175,319,320,144,303
1,<environment.Job instance at 0x145745c61aa0>,121,3,[1 8],177,323,326,146,303
1,<environment.Job instance at 0x145745c61dc0>,122,2,[2 8],180,326,328,146,303
1,<environment.Job instance at 0x145745c61fa0>,123,17,[1 8],182,328,345,146,316
1,<environment.Job instance at 0x145745c61e60>,124,15,[10  1],183,321,336,138,316
1,<environment.Job instance at 0x145745c61910>,125,3,[1 8],185,345,348,160,322
1,<environment.Job instance at 0x145745c615f0>,126,12,[1 7],186,336,348,150,323
1,<environment.Job instance at 0x145745c61a00>,127,3,[8 1],187,348,351,161,327
1,<environment.Job instance at 0x145745c617d0>,128,3,[10  1],188,351,354,163,329
1,<environment.Job instance at 0x145745c61500>,129,3,[1 8],189,348,351,159,329
1,<environment.Job instance at 0x145745c61d20>,130,2,[2 9],190,351,353,161,329
1,<environment.Job instance at 0x14576cb47410>,131,2,[8 2],191,354,356,163,330
1,<environment.Job instance at 0x14576cb47be0>,132,2,[8 1],192,356,358,164,330
1,<environment.Job instance at 0x14576cb47fa0>,133,16,[7 2],194,354,370,160,341
1,<environment.Job instance at 0x14576cb47050>,134,1,[ 2 10],195,353,354,158,341
1,<environment.Job instance at 0x14576cb47320>,135,3,[ 2 10],197,358,361,161,341
1,<environment.Job instance at 0x14576cb47c80>,136,12,[ 2 11],198,361,373,163,345
1,<environment.Job instance at 0x145768a5bf50>,19,2,[13  1],34,416,418,382,416
1,<environment.Job instance at 0x145768a50dc0>,12,1,[10  2],25,831,832,806,831
1,<environment.Job instance at 0x1457457f7320>,5,1,[6 1],8,8,9,0,8
1,<environment.Job instance at 0x1457457f76e0>,12,2,[2 6],15,21,23,6,21
1,<environment.Job instance at 0x1457457f7780>,13,3,[2 7],17,21,24,4,21
1,<environment.Job instance at 0x1457457f7a50>,15,3,[1 5],20,23,26,3,21
1,<environment.Job instance at 0x1457457f79b0>,16,2,[2 8],21,24,26,3,21
1,<environment.Job instance at 0x145745811550>,0,1,[14  1],1,5,6,4,5
1,<environment.Job instance at 0x145769712230>,6,2,[6 1],9,9,11,0,9
1,<environment.Job instance at 0x1457640a4cd0>,10,1,[8 2],16,16,17,0,16
1,<environment.Job instance at 0x1457640a4d70>,14,2,[8 1],21,21,23,0,21
1,<environment.Job instance at 0x1457640a4320>,15,1,[5 2],22,22,23,0,22
1,<environment.Job instance at 0x1457640a4e10>,17,2,[5 1],24,24,26,0,24
1,<environment.Job instance at 0x1457641b5b90>,20,1,[1 5],28,28,29,0,28
1,<environment.Job instance at 0x1457641b59b0>,21,1,[8 2],29,29,30,0,29
1,<environment.Job instance at 0x1457641b5a50>,23,1,[10  1],31,31,32,0,31
1,<environment.Job instance at 0x14576e796050>,39,3,[1 5],51,59,62,8,59
1,<environment.Job instance at 0x14576e796d70>,44,3,[1 7],58,61,64,3,61
1,<environment.Job instance at 0x14576e796f50>,45,3,[7 1],59,61,64,2,61
1,<environment.Job instance at 0x14576e7967d0>,46,2,[2 7],60,62,64,2,61
1,<environment.Job instance at 0x14576e796410>,42,14,[2 8],55,64,78,9,61
1,<environment.Job instance at 0x145768a8a780>,48,1,[1 9],62,78,79,16,62
1,<environment.Job instance at 0x145768a8aaa0>,49,18,[5 2],63,64,82,1,63
1,<environment.Job instance at 0x145745c978c0>,50,2,[1 8],65,79,81,14,65
1,<environment.Job instance at 0x14576f901370>,51,16,[1 6],66,81,97,15,72
1,<environment.Job instance at 0x145768b6a5a0>,52,3,[2 6],68,81,84,13,72
1,<environment.Job instance at 0x14576fd78f00>,53,14,[10  1],69,82,96,13,76
1,<environment.Job instance at 0x1457708d2a50>,63,2,[1 9],83,163,165,80,163
1,<environment.Job instance at 0x145745707140>,60,2,[2 7],79,165,167,86,163
1,<environment.Job instance at 0x145745841780>,65,1,[8 1],85,163,164,78,163
1,<environment.Job instance at 0x145764083730>,66,18,[10  1],86,164,182,78,163
1,<environment.Job instance at 0x1457701385a0>,67,1,[8 2],87,182,183,95,163
1,<environment.Job instance at 0x145767dbc370>,68,2,[7 1],88,182,184,94,163
1,<environment.Job instance at 0x1457675907d0>,69,1,[5 1],89,163,164,74,163
1,<environment.Job instance at 0x145768bd6780>,70,2,[2 8],90,167,169,77,163
1,<environment.Job instance at 0x14576deaa050>,71,3,[7 1],91,183,186,92,171
1,<environment.Job instance at 0x14576fd78550>,54,3,[ 1 14],70,185,188,115,185
1,<environment.Job instance at 0x145745c089b0>,72,3,[8 2],92,188,191,96,185
1,<environment.Job instance at 0x145745b8ec30>,74,22,[5 1],96,186,208,90,185
1,<environment.Job instance at 0x145745b8e960>,76,16,[8 2],101,191,207,90,185
1,<environment.Job instance at 0x145764060c80>,77,3,[1 5],102,188,191,86,185
1,<environment.Job instance at 0x145764245320>,78,2,[5 2],103,207,209,104,185
1,<environment.Job instance at 0x14576de7b640>,79,13,[8 1],105,208,221,103,192
1,<environment.Job instance at 0x145764087910>,86,1,[1 5],114,192,193,78,192
1,<environment.Job instance at 0x145764087c80>,87,2,[5 2],115,209,211,94,192
1,<environment.Job instance at 0x1457640875f0>,89,2,[8 1],117,221,223,104,194
1,<environment.Job instance at 0x145764087550>,90,17,[ 2 10],118,194,211,76,194
1,<environment.Job instance at 0x145764247050>,91,3,[10  2],119,223,226,104,197
1,<environment.Job instance at 0x145764087500>,92,18,[2 5],120,211,229,91,204
1,<environment.Job instance at 0x145745ca5050>,95,2,[1 6],123,211,213,88,208
1,<environment.Job instance at 0x145745ca5780>,96,16,[1 9],124,226,242,102,213
1,<environment.Job instance at 0x145745ca5730>,97,2,[ 1 13],125,242,244,117,215
1,<environment.Job instance at 0x145745ca5a00>,98,13,[8 1],126,226,239,100,215
1,<environment.Job instance at 0x145745ca50a0>,99,1,[6 1],127,229,230,102,215
1,<environment.Job instance at 0x145745ca5f00>,100,2,[ 1 10],128,244,246,116,218
1,<environment.Job instance at 0x145745c96c30>,101,1,[5 1],129,242,243,113,242
1,<environment.Job instance at 0x145745c96190>,105,15,[10  2],136,243,258,107,242
1,<environment.Job instance at 0x145745c965f0>,106,2,[8 2],137,356,358,219,356
1,<environment.Job instance at 0x145745c96fa0>,108,1,[8 2],139,365,366,226,365
1,<environment.Job instance at 0x145768aec730>,109,12,[1 8],140,437,449,297,437
1,<environment.Job instance at 0x145768aecf50>,110,28,[ 2 10],141,490,518,349,490
1,<environment.Job instance at 0x145768aec4b0>,111,3,[9 1],144,492,495,348,492
1,<environment.Job instance at 0x14576fd7ea00>,112,14,[2 5],146,495,509,349,493
1,<environment.Job instance at 0x14576fd7e4b0>,113,2,[1 8],147,518,520,371,505
1,<environment.Job instance at 0x14576fd7e370>,114,1,[5 1],148,509,510,361,507
1,<environment.Job instance at 0x14576fd7e2d0>,115,14,[1 7],149,518,532,369,507
1,<environment.Job instance at 0x14576fd7ee60>,116,2,[8 1],151,509,511,358,508
1,<environment.Job instance at 0x14576fd7ed20>,117,2,[6 2],153,511,513,358,511
1,<environment.Job instance at 0x14576fd7ea50>,118,2,[1 5],154,513,515,359,512
1,<environment.Job instance at 0x14576fd7eaf0>,119,2,[9 2],155,515,517,360,512
1,<environment.Job instance at 0x14576fd7e1e0>,120,1,[9 1],158,517,518,359,512
1,<environment.Job instance at 0x14576fd7eaa0>,121,2,[9 1],159,521,523,362,521
1,<environment.Job instance at 0x14576fd7e050>,122,2,[6 2],160,523,525,363,521
1,<environment.Job instance at 0x14576fd7e960>,123,2,[2 9],162,660,662,498,660
1,<environment.Job instance at 0x14576425c1e0>,124,17,[2 9],163,762,779,599,762
1,<environment.Job instance at 0x145768cfaf00>,125,3,[7 1],164,766,769,602,766
1,<environment.Job instance at 0x145768cd6e10>,126,2,[ 1 10],165,779,781,614,767
1,<environment.Job instance at 0x145768cfacd0>,127,2,[ 1 11],167,781,783,614,777
1,<environment.Job instance at 0x145764133910>,128,2,[1 8],168,783,785,615,779
1,<environment.Job instance at 0x145764133d20>,129,16,[ 1 12],169,894,910,725,894
1,<environment.Job instance at 0x1457641331e0>,130,1,[1 5],170,910,911,740,894
1,<environment.Job instance at 0x145764133eb0>,131,3,[2 8],171,910,913,739,898
1,<environment.Job instance at 0x145764133190>,132,12,[7 2],172,902,914,730,902
1,<environment.Job instance at 0x145764133a50>,133,1,[2 5],174,911,912,737,906
1,<environment.Job instance at 0x14576411b230>,134,17,[ 1 10],176,980,997,804,980
1,<environment.Job instance at 0x145764192e60>,135,3,[1 6],179,997,1000,818,988
1,<environment.Job instance at 0x14576758fb40>,136,3,[2 6],180,997,1000,817,991
1,<environment.Job instance at 0x145764192be0>,137,3,[2 5],181,1027,1030,846,1027
1,<environment.Job instance at 0x14576758ff00>,138,16,[7 2],182,1046,1062,864,1046
1,<environment.Job instance at 0x14576e7e9730>,139,12,[9 1],183,1063,1075,880,1063
1,<environment.Job instance at 0x14576e7e99b0>,140,3,[7 2],185,1130,1133,945,1130
1,<environment.Job instance at 0x14576418c910>,141,3,[1 6],187,1173,1176,986,1173
1,<environment.Job instance at 0x145745e6e550>,142,2,[1 6],189,1173,1175,984,1173
1,<environment.Job instance at 0x1457695ef2d0>,143,2,[8 1],193,1283,1285,1090,1283
1,<environment.Job instance at 0x145745c589b0>,144,3,[9 2],194,1369,1372,1175,1369
1,<environment.Job instance at 0x145745ecfe60>,145,1,[2 8],196,1457,1458,1261,1457
1,<environment.Job instance at 0x145745ecf320>,146,2,[10  1],197,1463,1465,1266,1463
1,<environment.Job instance at 0x145768b870a0>,147,13,[1 8],198,1589,1602,1391,1589
1,<environment.Job instance at 0x14576cb27e10>,8,3,[1 9],16,16,19,0,16
1,<environment.Job instance at 0x14576cb27780>,7,14,[9 2],13,16,30,3,16
1,<environment.Job instance at 0x145745655050>,10,1,[9 1],18,30,31,12,18
1,<environment.Job instance at 0x14576974af50>,11,23,[9 1],20,31,54,11,25
1,<environment.Job instance at 0x145769710b90>,9,1,[5 2],17,25,26,8,25
1,<environment.Job instance at 0x145745a5bfa0>,15,2,[1 5],24,25,27,1,25
1,<environment.Job instance at 0x14576418dc30>,16,1,[2 5],25,26,27,1,25
1,<environment.Job instance at 0x1457696125a0>,17,12,[5 1],28,28,40,0,28
1,<environment.Job instance at 0x145745e32690>,18,1,[10  1],30,54,55,24,30
1,<environment.Job instance at 0x145745a208c0>,19,1,[7 1],31,55,56,24,31
1,<environment.Job instance at 0x145745a200f0>,20,2,[10  1],32,56,58,24,32
1,<environment.Job instance at 0x145745a203c0>,21,1,[6 2],33,40,41,7,33
1,<environment.Job instance at 0x14574565f0f0>,22,3,[6 2],34,41,44,7,34
1,<environment.Job instance at 0x145745eba820>,12,14,[10  1],21,58,72,37,43
1,<environment.Job instance at 0x145745d4a1e0>,25,18,[2 9],41,44,62,3,43
1,<environment.Job instance at 0x145745d4a8c0>,26,13,[2 8],43,62,75,19,49
1,<environment.Job instance at 0x1457672d16e0>,33,2,[9 1],52,72,74,20,52
1,<environment.Job instance at 0x1457672d19b0>,34,2,[14  2],54,75,77,21,54
1,<environment.Job instance at 0x14576ec9dd20>,35,3,[ 1 10],55,75,78,20,55
1,<environment.Job instance at 0x14576ec9d460>,36,1,[14  2],56,77,78,21,56
1,<environment.Job instance at 0x145745a0ce10>,37,2,[6 2],57,78,80,21,57
1,<environment.Job instance at 0x145745a0cd70>,38,13,[6 1],58,78,91,20,62
1,<environment.Job instance at 0x145745a0c190>,41,3,[5 2],62,80,83,18,62
1,<environment.Job instance at 0x145745a0ccd0>,42,2,[1 8],63,78,80,15,63
1,<environment.Job instance at 0x145767277460>,49,2,[10  1],75,91,93,16,75
1,<environment.Job instance at 0x145767277a50>,52,1,[6 1],79,83,84,4,82
1,<environment.Job instance at 0x145767277780>,50,18,[8 1],77,93,111,16,82
1,<environment.Job instance at 0x14576f9014b0>,54,1,[5 1],83,84,85,1,83
1,<environment.Job instance at 0x14576410f320>,59,1,[ 2 10],92,92,93,0,92
1,<environment.Job instance at 0x145745693640>,61,17,[ 1 10],95,95,112,0,95
1,<environment.Job instance at 0x14574589f320>,62,13,[ 1 10],97,112,125,15,97
1,<environment.Job instance at 0x145745f28320>,64,13,[7 2],101,111,124,10,101
1,<environment.Job instance at 0x14576acc44b0>,67,1,[8 2],105,124,125,19,105
1,<environment.Job instance at 0x14576acc47d0>,68,2,[10  2],106,125,127,19,106
1,<environment.Job instance at 0x145745e92c80>,69,2,[14  1],107,127,129,20,107
1,<environment.Job instance at 0x1457695a75f0>,70,14,[6 2],110,110,124,0,110
1,<environment.Job instance at 0x1457695a7460>,71,1,[5 2],111,124,125,13,111
1,<environment.Job instance at 0x145745f4e3c0>,65,1,[1 6],102,125,126,23,114
1,<environment.Job instance at 0x14576cb27690>,5,12,[6 1],10,129,141,119,114
1,<environment.Job instance at 0x14576e772f50>,77,1,[2 9],118,126,127,8,118
1,<environment.Job instance at 0x1457696334b0>,72,18,[10  2],112,141,159,29,130
1,<environment.Job instance at 0x145745874960>,80,2,[10  1],123,159,161,36,158
1,<environment.Job instance at 0x1457458a4aa0>,93,2,[2 6],150,159,161,9,159
1,<environment.Job instance at 0x145745874500>,83,15,[7 1],127,161,176,34,159
1,<environment.Job instance at 0x145769a06230>,97,1,[6 1],154,172,173,18,172
1,<environment.Job instance at 0x145769a06820>,98,1,[1 9],158,172,173,14,172
1,<environment.Job instance at 0x1457458a4cd0>,95,3,[1 6],152,173,176,21,172
1,<environment.Job instance at 0x145769743730>,100,17,[6 1],163,173,190,10,172
1,<environment.Job instance at 0x145769743550>,101,1,[2 8],164,176,177,12,172
1,<environment.Job instance at 0x145769743870>,102,2,[9 1],167,177,179,10,172
1,<environment.Job instance at 0x1457697435f0>,103,18,[2 8],168,179,197,11,172
1,<environment.Job instance at 0x145745fd7050>,104,13,[7 2],171,179,192,8,172
1,<environment.Job instance at 0x145767db7820>,105,2,[6 2],172,190,192,18,172
1,<environment.Job instance at 0x14576758e050>,106,3,[5 2],177,192,195,15,177
1,<environment.Job instance at 0x14576998a4b0>,107,3,[ 2 10],178,197,200,19,178
1,<environment.Job instance at 0x14576cb13140>,109,1,[9 1],181,195,196,14,181
1,<environment.Job instance at 0x14576cb137d0>,110,2,[1 7],183,200,202,17,183
1,<environment.Job instance at 0x14576cb13af0>,111,2,[2 5],184,192,194,8,184
1,<environment.Job instance at 0x14576cb13820>,114,2,[10  1],187,204,206,17,204
1,<environment.Job instance at 0x14576cb13eb0>,115,2,[8 1],188,206,208,18,204
1,<environment.Job instance at 0x145745c6aaf0>,116,3,[2 9],190,204,207,14,204
1,<environment.Job instance at 0x145769981820>,119,2,[5 1],193,206,208,13,204
1,<environment.Job instance at 0x1457699810a0>,120,3,[2 5],194,207,210,13,204
1,<environment.Job instance at 0x145768be55f0>,121,1,[6 1],195,208,209,13,204
1,<environment.Job instance at 0x145745f5b5f0>,122,1,[5 2],197,208,209,11,204
1,<environment.Job instance at 0x145745e7a9b0>,123,1,[6 1],198,209,210,11,204
1,<environment.Job instance at 0x145768d47aa0>,6,2,[6 2],12,12,14,0,12
1,<environment.Job instance at 0x145768d47730>,7,3,[2 6],13,13,16,0,13
1,<environment.Job instance at 0x145768d47c80>,8,2,[1 6],14,14,16,0,14
1,<environment.Job instance at 0x145768d47a00>,9,1,[2 5],15,16,17,1,15
1,<environment.Job instance at 0x145768d47870>,10,1,[2 8],16,16,17,0,16
1,<environment.Job instance at 0x145768d47fa0>,11,2,[10  1],17,17,19,0,17
1,<environment.Job instance at 0x145768d47f50>,12,2,[7 1],18,19,21,1,19
1,<environment.Job instance at 0x145745662370>,14,1,[9 2],20,21,22,1,20
1,<environment.Job instance at 0x1457456627d0>,22,3,[1 8],33,631,634,598,631
1,<environment.Job instance at 0x1457456620f0>,23,2,[5 1],37,686,688,649,686
1,<environment.Job instance at 0x145745662190>,24,1,[2 5],38,828,829,790,828
1,<environment.Job instance at 0x145745662550>,25,2,[1 8],39,996,998,957,996
1,<environment.Job instance at 0x145745662a50>,26,17,[1 6],40,1118,1135,1078,1118
1,<environment.Job instance at 0x145745662d20>,27,17,[10  2],41,1433,1450,1392,1433
1,<environment.Job instance at 0x145745662870>,28,12,[1 7],42,1446,1458,1404,1446
1,<environment.Job instance at 0x145745662fa0>,29,2,[11  1],44,1757,1759,1713,1757
1,<environment.Job instance at 0x145745662cd0>,30,3,[9 1],47,2172,2175,2125,2172
1,<environment.Job instance at 0x14574566c140>,31,27,[9 2],48,2175,2202,2127,2173
1,<environment.Job instance at 0x14574566c0a0>,32,2,[7 1],49,2864,2866,2815,2864
1,<environment.Job instance at 0x14574566c1e0>,33,3,[1 6],50,2864,2867,2814,2864
1,<environment.Job instance at 0x14574566c230>,34,1,[6 1],51,2864,2865,2813,2864
1,<environment.Job instance at 0x14574566c320>,1,1,[7 1],4,4,5,0,4
1,<environment.Job instance at 0x145768d13aa0>,2,1,[1 5],5,5,6,0,5
1,<environment.Job instance at 0x145745ae0960>,7,13,[6 2],11,21,34,10,21
1,<environment.Job instance at 0x145745ae0e10>,13,1,[6 2],20,21,22,1,21
1,<environment.Job instance at 0x145745ae05a0>,11,12,[5 2],16,22,34,6,21
1,<environment.Job instance at 0x145745ae0c80>,15,1,[1 7],22,22,23,0,22
1,<environment.Job instance at 0x145745ae0eb0>,16,2,[1 8],23,23,25,0,23
1,<environment.Job instance at 0x145745ae0aa0>,17,2,[ 1 10],26,26,28,0,26
1,<environment.Job instance at 0x145745ae0370>,18,15,[2 9],27,28,43,1,27
1,<environment.Job instance at 0x145745ad1640>,19,15,[7 2],28,34,49,6,28
1,<environment.Job instance at 0x145745ad1be0>,27,14,[9 1],39,49,63,10,39
1,<environment.Job instance at 0x145745ad1190>,29,1,[10  2],41,70,71,29,70
1,<environment.Job instance at 0x145745ae8460>,39,1,[ 2 10],55,70,71,15,70
1,<environment.Job instance at 0x14576e7ab4b0>,40,2,[2 8],58,71,73,13,70
1,<environment.Job instance at 0x14576e7ab320>,41,16,[8 1],60,71,87,11,70
1,<environment.Job instance at 0x14576e7abeb0>,42,2,[6 2],61,73,75,12,71
1,<environment.Job instance at 0x145768d48f50>,54,12,[1 7],79,82,94,3,82
1,<environment.Job instance at 0x14576e7a9640>,58,15,[5 2],83,83,98,0,83
1,<environment.Job instance at 0x14576e7a9780>,57,23,[2 9],82,94,117,12,88
1,<environment.Job instance at 0x14576e7a9190>,65,1,[8 2],96,96,97,0,96
1,<environment.Job instance at 0x145745ab3a50>,69,1,[1 6],102,102,103,0,102
1,<environment.Job instance at 0x145745ab38c0>,70,1,[8 1],106,106,107,0,106
1,<environment.Job instance at 0x14576e7a98c0>,59,2,[7 1],84,108,110,24,108
1,<environment.Job instance at 0x145745d74140>,74,12,[8 1],110,110,122,0,110
1,<environment.Job instance at 0x145745b310f0>,76,3,[10  1],112,122,125,10,112
1,<environment.Job instance at 0x14576e7b78c0>,77,3,[7 1],113,117,120,4,113
1,<environment.Job instance at 0x145768c616e0>,78,2,[2 8],115,120,122,5,115
1,<environment.Job instance at 0x14576413a8c0>,79,16,[1 9],116,122,138,6,116
1,<environment.Job instance at 0x14576413a7d0>,81,3,[2 9],118,205,208,87,205
1,<environment.Job instance at 0x14576413ae60>,82,1,[2 9],119,208,209,89,205
1,<environment.Job instance at 0x14576413a6e0>,87,1,[2 9],128,209,210,81,205
1,<environment.Job instance at 0x14576413ae10>,84,1,[10  1],125,210,211,85,210
1,<environment.Job instance at 0x14576410e280>,92,2,[6 2],139,211,213,72,211
1,<environment.Job instance at 0x14576413a140>,93,3,[1 6],140,213,216,73,213
1,<environment.Job instance at 0x145745ecf190>,94,26,[ 2 10],141,216,242,75,213
1,<environment.Job instance at 0x14576960c5f0>,95,3,[ 2 10],142,242,245,100,222
1,<environment.Job instance at 0x145745e252d0>,100,14,[13  1],153,222,236,69,222
1,<environment.Job instance at 0x145745d987d0>,101,3,[6 2],155,236,239,81,229
1,<environment.Job instance at 0x1457640be190>,102,1,[1 8],156,245,246,89,233
1,<environment.Job instance at 0x1457640bec80>,103,2,[5 2],157,236,238,79,233
1,<environment.Job instance at 0x1457640be8c0>,104,19,[8 1],158,239,258,81,234
1,<environment.Job instance at 0x1457640beaf0>,105,1,[8 2],159,297,298,138,297
1,<environment.Job instance at 0x145745a5ba50>,106,1,[1 6],160,329,330,169,329
1,<environment.Job instance at 0x1457640be0a0>,107,2,[1 8],161,348,350,187,348
1,<environment.Job instance at 0x145745a5b280>,108,16,[9 2],162,396,412,234,396
1,<environment.Job instance at 0x14576ac9b960>,109,15,[ 1 10],163,458,473,295,458
1,<environment.Job instance at 0x145745890dc0>,110,1,[5 1],164,460,461,296,460
1,<environment.Job instance at 0x145745983820>,111,2,[2 7],165,473,475,308,467
1,<environment.Job instance at 0x145745983320>,113,1,[1 8],167,473,474,306,467
1,<environment.Job instance at 0x14576de05870>,114,2,[10  2],168,467,469,299,467
1,<environment.Job instance at 0x14576de05140>,115,1,[9 2],169,469,470,300,467
1,<environment.Job instance at 0x145745a045a0>,116,14,[2 7],170,474,488,304,467
1,<environment.Job instance at 0x145745a04730>,117,1,[10  1],172,470,471,298,467
1,<environment.Job instance at 0x14576e8691e0>,119,2,[2 9],176,488,490,312,467
1,<environment.Job instance at 0x145768caee10>,120,3,[9 1],177,474,477,297,467
1,<environment.Job instance at 0x1457695f9aa0>,121,17,[2 6],178,475,492,297,467
1,<environment.Job instance at 0x1457695f90f0>,122,1,[1 6],179,490,491,311,467
1,<environment.Job instance at 0x14576dd8ef00>,123,17,[1 9],181,491,508,310,483
1,<environment.Job instance at 0x145764102460>,124,3,[ 2 12],182,508,511,326,485
1,<environment.Job instance at 0x1457641d7a00>,125,12,[11  1],183,492,504,309,486
1,<environment.Job instance at 0x145764102cd0>,126,18,[2 9],184,511,529,327,508
1,<environment.Job instance at 0x1457641d74b0>,127,2,[2 8],185,529,531,344,508
1,<environment.Job instance at 0x14576de91e60>,128,14,[9 1],186,510,524,324,510
1,<environment.Job instance at 0x14576de91cd0>,129,16,[5 1],188,524,540,336,521
1,<environment.Job instance at 0x14576de91690>,130,28,[5 2],189,541,569,352,541
1,<environment.Job instance at 0x14576de913c0>,131,3,[7 2],191,570,573,379,570
1,<environment.Job instance at 0x14576de912d0>,132,2,[2 7],192,577,579,385,577
1,<environment.Job instance at 0x14576de91870>,133,3,[2 9],194,579,582,385,578
1,<environment.Job instance at 0x14576de91960>,134,1,[10  2],195,580,581,385,580
1,<environment.Job instance at 0x14576de91f50>,135,2,[ 1 10],198,582,584,384,580
1,<environment.Job instance at 0x14576974b4b0>,136,1,[9 2],199,582,583,383,582
1,<environment.Job instance at 0x145768cebf50>,10,1,[5 1],15,22,23,7,22
1,<environment.Job instance at 0x145768cacaa0>,12,2,[2 7],18,32,34,14,32
1,<environment.Job instance at 0x145768cac870>,14,3,[2 8],21,32,35,11,32
1,<environment.Job instance at 0x145768cacaf0>,15,26,[2 6],22,34,60,12,33
1,<environment.Job instance at 0x145745f0baf0>,20,1,[ 2 10],27,60,61,33,40
1,<environment.Job instance at 0x145745a5b9b0>,22,2,[5 1],29,40,42,11,40
1,<environment.Job instance at 0x145745664cd0>,24,1,[1 9],33,44,45,11,44
1,<environment.Job instance at 0x14576de450f0>,25,21,[2 7],34,61,82,27,53
1,<environment.Job instance at 0x14576e741aa0>,29,2,[7 1],38,53,55,15,53
1,<environment.Job instance at 0x14576e741b90>,30,1,[1 6],39,53,54,14,53
1,<environment.Job instance at 0x145745cab0a0>,16,1,[2 6],23,58,59,35,58
1,<environment.Job instance at 0x145745e39460>,32,1,[1 9],41,59,60,18,58
1,<environment.Job instance at 0x145745e39870>,33,13,[1 6],42,61,74,19,58
1,<environment.Job instance at 0x145745e39a50>,34,3,[5 1],43,60,63,17,58
1,<environment.Job instance at 0x145745e39eb0>,35,15,[7 2],44,63,78,19,58
1,<environment.Job instance at 0x145745e39d20>,36,2,[1 6],47,74,76,27,58
1,<environment.Job instance at 0x14576e709b90>,37,16,[2 7],50,78,94,28,65
1,<environment.Job instance at 0x14576e709190>,38,3,[ 2 13],54,94,97,40,68
1,<environment.Job instance at 0x145745660f50>,39,2,[2 8],55,82,84,27,68
1,<environment.Job instance at 0x145745660550>,40,3,[10  1],56,78,81,22,68
1,<environment.Job instance at 0x145745899b40>,41,21,[1 5],59,97,118,38,89
1,<environment.Job instance at 0x14576de6e460>,52,2,[5 1],73,89,91,16,89
1,<environment.Job instance at 0x145745cd4b40>,53,3,[1 9],74,97,100,23,89
1,<environment.Job instance at 0x145745cd4870>,54,2,[1 9],75,100,102,25,89
1,<environment.Job instance at 0x145769742550>,55,3,[ 2 10],76,102,105,26,89
1,<environment.Job instance at 0x1457697420f0>,56,3,[2 6],77,89,92,12,89
1,<environment.Job instance at 0x145769742fa0>,57,2,[2 8],78,92,94,14,89
1,<environment.Job instance at 0x145768af0550>,58,2,[1 8],79,105,107,26,89
1,<environment.Job instance at 0x145768af0d70>,59,2,[7 1],80,94,96,14,89
1,<environment.Job instance at 0x145768af0870>,60,2,[2 9],81,107,109,26,89
1,<environment.Job instance at 0x145768af08c0>,61,1,[1 7],82,109,110,27,89
1,<environment.Job instance at 0x145768af0190>,62,2,[7 1],83,96,98,13,89
1,<environment.Job instance at 0x145768af0af0>,63,13,[8 2],84,109,122,25,93
1,<environment.Job instance at 0x145768af0960>,66,3,[1 9],88,118,121,30,93
1,<environment.Job instance at 0x14576734daa0>,69,1,[2 7],93,110,111,17,93
1,<environment.Job instance at 0x14576734d460>,67,3,[1 7],90,111,114,21,93
1,<environment.Job instance at 0x145745fbe3c0>,72,1,[ 1 10],98,121,122,23,98
1,<environment.Job instance at 0x145745fbe140>,74,1,[1 7],100,114,115,14,100
1,<environment.Job instance at 0x145745de0aa0>,78,13,[1 5],105,122,135,17,106
1,<environment.Job instance at 0x145745fbe640>,79,3,[ 1 10],106,122,125,16,106
1,<environment.Job instance at 0x145745de0fa0>,80,2,[ 1 12],107,135,137,28,108
1,<environment.Job instance at 0x145745de0410>,81,2,[7 1],108,125,127,17,108
1,<environment.Job instance at 0x145745de07d0>,82,1,[10  2],109,127,128,18,109
1,<environment.Job instance at 0x145745de05a0>,83,18,[1 6],114,137,155,23,126
1,<environment.Job instance at 0x145745de0690>,84,3,[10  2],115,128,131,13,126
1,<environment.Job instance at 0x145745de0730>,85,13,[9 1],116,131,144,15,126
1,<environment.Job instance at 0x145745de0dc0>,86,1,[ 1 10],117,155,156,38,127
1,<environment.Job instance at 0x145745de0b90>,89,3,[6 1],120,144,147,24,127
1,<environment.Job instance at 0x145745de03c0>,90,13,[2 5],122,137,150,15,127
1,<environment.Job instance at 0x145745de0190>,91,2,[2 8],123,127,129,4,127
1,<environment.Job instance at 0x145745de0e10>,92,3,[1 7],125,129,132,4,127
1,<environment.Job instance at 0x1457459b8e10>,93,2,[8 1],127,147,149,20,127
1,<environment.Job instance at 0x1457459b87d0>,94,3,[9 2],128,149,152,21,128
1,<environment.Job instance at 0x14576e750140>,98,14,[7 1],135,152,166,17,140
1,<environment.Job instance at 0x14574587d640>,109,2,[5 1],148,150,152,2,148
1,<environment.Job instance at 0x14576de6e910>,112,1,[ 1 10],153,156,157,3,153
1,<environment.Job instance at 0x1457456641e0>,113,16,[8 1],155,157,173,2,155
1,<environment.Job instance at 0x14576e709730>,114,3,[8 2],156,173,176,17,166
1,<environment.Job instance at 0x1457696df640>,118,18,[5 2],160,170,188,10,170
1,<environment.Job instance at 0x14574587de10>,123,18,[2 6],171,171,189,0,171
1,<environment.Job instance at 0x14576e80a460>,126,2,[8 1],174,176,178,2,174
1,<environment.Job instance at 0x14576e80adc0>,127,1,[10  1],175,188,189,13,175
1,<environment.Job instance at 0x14576e80a230>,128,2,[5 1],176,178,180,2,176
1,<environment.Job instance at 0x14576e80aa50>,129,1,[1 6],177,178,179,1,177
1,<environment.Job instance at 0x145745f31be0>,131,3,[9 2],180,189,192,9,180
1,<environment.Job instance at 0x14574587d0a0>,122,18,[ 1 10],170,189,207,19,184
1,<environment.Job instance at 0x145745f31c30>,133,1,[10  1],185,192,193,7,187
1,<environment.Job instance at 0x145745f31e10>,134,14,[6 1],186,193,207,7,188
1,<environment.Job instance at 0x145745f31280>,135,12,[2 8],187,207,219,20,197
1,<environment.Job instance at 0x145745f31550>,137,3,[1 6],190,207,210,17,204
1,<environment.Job instance at 0x145745f313c0>,138,3,[1 9],191,219,222,28,204
1,<environment.Job instance at 0x1457672b1910>,139,2,[7 2],192,810,812,618,810
1,<environment.Job instance at 0x1457672b1d70>,140,2,[9 1],194,1163,1165,969,1163
1,<environment.Job instance at 0x1457672b15f0>,141,2,[2 6],198,1163,1165,965,1163
1,<environment.Job instance at 0x14574594b870>,9,15,[10  2],14,14,29,0,14
1,<environment.Job instance at 0x14574594bcd0>,12,3,[5 1],19,19,22,0,19
1,<environment.Job instance at 0x145745955910>,19,1,[8 1],28,34,35,6,34
1,<environment.Job instance at 0x145745955780>,20,2,[9 1],30,35,37,5,34
1,<environment.Job instance at 0x145745955960>,21,1,[1 6],31,34,35,3,34
1,<environment.Job instance at 0x145745955af0>,22,2,[1 5],32,34,36,2,34
1,<environment.Job instance at 0x145745946230>,25,2,[1 7],36,36,38,0,36
1,<environment.Job instance at 0x145745946140>,26,3,[1 6],37,37,40,0,37
1,<environment.Job instance at 0x145745946410>,27,1,[7 1],38,38,39,0,38
1,<environment.Job instance at 0x1457459555f0>,18,1,[1 9],27,39,40,12,39
1,<environment.Job instance at 0x145745946690>,29,1,[ 2 10],41,41,42,0,41
1,<environment.Job instance at 0x145745946780>,30,14,[10  2],42,42,56,0,42
1,<environment.Job instance at 0x145745946910>,31,1,[2 8],43,43,44,0,43
1,<environment.Job instance at 0x145745946a50>,32,3,[7 2],44,56,59,12,44
1,<environment.Job instance at 0x145745946b90>,33,1,[2 8],45,45,46,0,45
1,<environment.Job instance at 0x145745946550>,28,13,[7 1],39,56,69,17,46
1,<environment.Job instance at 0x145745946e10>,35,1,[10  2],47,69,70,22,47
1,<environment.Job instance at 0x145745946cd0>,34,3,[2 7],46,48,51,2,48
1,<environment.Job instance at 0x145745946dc0>,37,2,[8 1],49,59,61,10,49
1,<environment.Job instance at 0x14574596d1e0>,38,2,[7 1],50,61,63,11,50
1,<environment.Job instance at 0x14574596d550>,40,1,[11  2],52,70,71,18,52
1,<environment.Job instance at 0x14574596d870>,42,2,[2 9],54,54,56,0,54
1,<environment.Job instance at 0x1457641d9e60>,4,2,[6 2],7,7,9,0,7
1,<environment.Job instance at 0x1457641d9c30>,5,2,[7 1],8,8,10,0,8
1,<environment.Job instance at 0x1457641d9550>,6,1,[1 7],9,9,10,0,9
1,<environment.Job instance at 0x1457641d9f50>,7,1,[5 2],11,11,12,0,11
1,<environment.Job instance at 0x145768b78aa0>,11,1,[10  2],18,18,19,0,18
1,<environment.Job instance at 0x145768b78500>,20,15,[ 2 10],31,31,46,0,31
1,<environment.Job instance at 0x145768b780f0>,21,2,[12  2],34,35,37,1,35
1,<environment.Job instance at 0x145768b78690>,23,15,[2 6],36,46,61,10,36
1,<environment.Job instance at 0x145768b6c3c0>,24,12,[2 6],37,46,58,9,44
1,<environment.Job instance at 0x145768b6cf50>,25,1,[1 5],40,44,45,4,44
1,<environment.Job instance at 0x145768b6c870>,26,1,[9 2],41,45,46,4,45
1,<environment.Job instance at 0x145768b6c910>,27,1,[6 2],43,46,47,3,45
1,<environment.Job instance at 0x145768b6cd70>,29,2,[2 8],45,58,60,13,45
1,<environment.Job instance at 0x145768b6c6e0>,30,1,[10  2],46,47,48,1,46
1,<environment.Job instance at 0x145768b6c960>,31,1,[12  1],48,60,61,12,48
1,<environment.Job instance at 0x145768b784b0>,18,1,[2 7],28,61,62,33,56
1,<environment.Job instance at 0x145768b6cb90>,32,25,[1 7],49,60,85,11,57
1,<environment.Job instance at 0x145768b6c550>,34,2,[8 1],53,65,67,12,65
1,<environment.Job instance at 0x145768b6cc30>,35,1,[ 1 11],54,85,86,31,69
1,<environment.Job instance at 0x145768b6c190>,36,3,[1 9],56,86,89,30,69
1,<environment.Job instance at 0x145768b6c690>,37,1,[ 2 10],59,89,90,30,70
1,<environment.Job instance at 0x1457641fe230>,38,1,[6 1],60,70,71,10,70
1,<environment.Job instance at 0x1457641fe780>,39,1,[1 6],61,71,72,10,71
1,<environment.Job instance at 0x1457641fef50>,40,3,[1 6],63,72,75,9,71
1,<environment.Job instance at 0x1457641feaf0>,41,13,[2 9],65,90,103,25,75
1,<environment.Job instance at 0x1457641fe9b0>,42,12,[10  1],66,86,98,20,86
1,<environment.Job instance at 0x1457641fefa0>,51,20,[6 1],75,127,147,52,127
1,<environment.Job instance at 0x1457641fe960>,43,3,[1 8],67,170,173,103,170
1,<environment.Job instance at 0x145745feb320>,57,2,[6 1],82,208,210,126,208
1,<environment.Job instance at 0x145745febd20>,64,3,[ 2 10],93,209,212,116,209
1,<environment.Job instance at 0x145745febf50>,65,1,[8 2],95,210,211,115,209
1,<environment.Job instance at 0x145745feba00>,66,2,[8 1],97,211,213,114,209
1,<environment.Job instance at 0x145745febbe0>,67,1,[1 5],98,212,213,114,209
1,<environment.Job instance at 0x145745febfa0>,68,3,[9 1],99,213,216,114,209
1,<environment.Job instance at 0x145745feb370>,69,2,[5 1],100,210,212,110,210
1,<environment.Job instance at 0x145745febe60>,70,3,[1 9],101,212,215,111,210
1,<environment.Job instance at 0x145745feb730>,71,1,[5 1],102,213,214,111,210
1,<environment.Job instance at 0x145745d7c8c0>,72,15,[1 8],104,215,230,111,211
1,<environment.Job instance at 0x145745d7caf0>,73,2,[8 1],107,216,218,109,211
1,<environment.Job instance at 0x145745d7c910>,74,3,[10  1],108,218,221,110,211
1,<environment.Job instance at 0x145745d7c550>,75,2,[2 7],112,221,223,109,211
1,<environment.Job instance at 0x145745d7c640>,76,1,[9 2],114,223,224,109,211
1,<environment.Job instance at 0x145745d7ccd0>,77,18,[2 7],115,224,242,109,214
1,<environment.Job instance at 0x145745d7c780>,78,2,[2 6],117,215,217,98,214
1,<environment.Job instance at 0x145745d7cb90>,79,3,[6 2],118,230,233,112,215
1,<environment.Job instance at 0x145745d7c0a0>,80,1,[5 2],120,217,218,97,216
1,<environment.Job instance at 0x145745d7ca00>,81,17,[2 7],123,233,250,110,221
1,<environment.Job instance at 0x145745d7c820>,82,1,[ 1 10],124,250,251,126,232
1,<environment.Job instance at 0x145745d7cfa0>,83,13,[9 2],125,242,255,117,232
1,<environment.Job instance at 0x145745d7c4b0>,84,3,[8 2],127,255,258,128,232
1,<environment.Job instance at 0x14576420e960>,85,1,[1 9],128,251,252,123,232
1,<environment.Job instance at 0x14576420e910>,86,3,[7 1],130,232,235,102,232
1,<environment.Job instance at 0x14576420eaf0>,87,17,[8 1],132,268,285,136,268
1,<environment.Job instance at 0x14576420ed20>,88,16,[1 8],133,280,296,147,280
1,<environment.Job instance at 0x14576420ef50>,89,18,[2 7],135,287,305,152,287
1,<environment.Job instance at 0x14576420eeb0>,90,16,[1 8],136,296,312,160,287
1,<environment.Job instance at 0x14576420e690>,91,3,[13  1],137,305,308,168,287
1,<environment.Job instance at 0x14576420e640>,92,3,[6 1],140,308,311,168,289
1,<environment.Job instance at 0x14576420e410>,93,2,[8 2],141,308,310,167,289
1,<environment.Job instance at 0x14576420eb90>,94,3,[11  1],142,311,314,169,291
1,<environment.Job instance at 0x14576420ecd0>,95,16,[5 2],143,314,330,171,310
1,<environment.Job instance at 0x14576420ef00>,96,12,[7 2],144,348,360,204,348
1,<environment.Job instance at 0x14576420e0f0>,97,1,[2 6],145,378,379,233,378
1,<environment.Job instance at 0x14576420e730>,98,26,[1 6],146,395,421,249,395
1,<environment.Job instance at 0x14576420e500>,99,2,[8 1],147,395,397,248,395
1,<environment.Job instance at 0x14576420ebe0>,100,2,[6 1],148,395,397,247,395
1,<environment.Job instance at 0x14576420e050>,101,3,[7 2],150,397,400,247,396
1,<environment.Job instance at 0x1457641fd3c0>,102,3,[2 6],151,397,400,246,397
1,<environment.Job instance at 0x1457641fd230>,103,1,[ 2 10],152,421,422,269,398
1,<environment.Job instance at 0x1457641fd5a0>,104,2,[5 2],154,400,402,246,398
1,<environment.Job instance at 0x1457641fda50>,105,1,[7 2],155,400,401,245,399
1,<environment.Job instance at 0x1457641fd2d0>,106,15,[10  2],156,402,417,246,399
1,<environment.Job instance at 0x1457641fd6e0>,107,3,[1 6],157,406,409,249,406
1,<environment.Job instance at 0x1457641fde10>,108,2,[2 7],158,409,411,251,409
1,<environment.Job instance at 0x1457641fdf50>,109,3,[7 1],159,417,420,258,409
1,<environment.Job instance at 0x1457641fdaa0>,110,14,[6 1],160,417,431,257,409
1,<environment.Job instance at 0x1457641fd500>,111,12,[2 9],161,452,464,291,452
1,<environment.Job instance at 0x1457641fdb90>,112,2,[8 1],163,452,454,289,452
1,<environment.Job instance at 0x1457641adeb0>,113,3,[ 2 10],165,464,467,299,452
1,<environment.Job instance at 0x14576420f370>,114,1,[1 6],169,454,455,285,453
1,<environment.Job instance at 0x14574599bb90>,115,3,[1 8],170,467,470,297,454
1,<environment.Job instance at 0x14576420f0f0>,116,2,[2 7],172,467,469,295,454
1,<environment.Job instance at 0x1457708d2460>,117,14,[10  1],173,469,483,296,454
1,<environment.Job instance at 0x145769638410>,118,2,[2 5],175,455,457,280,454
1,<environment.Job instance at 0x14577076e550>,119,2,[1 6],176,457,459,281,456
1,<environment.Job instance at 0x1457641a1190>,120,12,[ 1 10],178,532,544,354,532
1,<environment.Job instance at 0x145745b95be0>,121,3,[9 1],179,532,535,353,532
1,<environment.Job instance at 0x145745b95230>,122,17,[2 8],180,544,561,364,534
1,<environment.Job instance at 0x145768d50460>,123,17,[1 8],181,561,578,380,549
1,<environment.Job instance at 0x145768d50410>,124,17,[ 2 11],182,578,595,396,566
1,<environment.Job instance at 0x145745993500>,125,25,[ 2 14],183,595,620,412,593
1,<environment.Job instance at 0x145745993820>,126,1,[1 8],184,620,621,436,593
1,<environment.Job instance at 0x14576410e6e0>,127,3,[8 2],187,620,623,433,594
1,<environment.Job instance at 0x145745993be0>,128,3,[2 5],188,620,623,432,594
1,<environment.Job instance at 0x145745993640>,129,3,[9 1],190,594,597,404,594
1,<environment.Job instance at 0x145745993140>,130,2,[8 2],191,623,625,432,596
1,<environment.Job instance at 0x145745993cd0>,131,1,[8 1],192,597,598,405,596
1,<environment.Job instance at 0x145745c364b0>,132,23,[7 1],193,623,646,430,617
1,<environment.Job instance at 0x145769623d70>,133,22,[5 2],194,645,667,451,645
1,<environment.Job instance at 0x1457459a30f0>,134,22,[7 2],196,666,688,470,666
1,<environment.Job instance at 0x145768cb6eb0>,135,2,[2 9],197,693,695,496,693
1,<environment.Job instance at 0x145745cb7870>,136,3,[ 2 10],198,702,705,504,702
1,<environment.Job instance at 0x1457457b85a0>,137,1,[2 7],199,705,706,506,702
1,<environment.Job instance at 0x14576975c780>,4,1,[9 2],6,6,7,0,6
1,<environment.Job instance at 0x14576975c230>,8,3,[ 1 12],15,18,21,3,18
1,<environment.Job instance at 0x14576975cd70>,10,24,[5 2],18,19,43,1,19
1,<environment.Job instance at 0x145767273640>,18,1,[10  2],33,33,34,0,33
1,<environment.Job instance at 0x145767273410>,20,2,[6 2],36,36,38,0,36
1,<environment.Job instance at 0x145745f5b780>,26,1,[5 1],45,45,46,0,45
1,<environment.Job instance at 0x145745f5b050>,27,2,[5 1],48,48,50,0,48
1,<environment.Job instance at 0x145745f5bc30>,28,2,[2 7],49,50,52,1,50
1,<environment.Job instance at 0x145745f5be60>,29,15,[5 1],51,51,66,0,51
1,<environment.Job instance at 0x145745f5b960>,30,3,[5 2],52,53,56,1,53
1,<environment.Job instance at 0x145745f5bc80>,31,3,[2 8],53,53,56,0,53
1,<environment.Job instance at 0x145745f5ba50>,32,1,[2 8],55,57,58,2,57
1,<environment.Job instance at 0x14576e7abe10>,33,1,[6 2],56,57,58,1,57
1,<environment.Job instance at 0x145745839370>,35,23,[10  2],58,58,81,0,58
1,<environment.Job instance at 0x145745839b90>,36,3,[6 1],59,81,84,22,75
1,<environment.Job instance at 0x1457458398c0>,38,2,[5 1],63,79,81,16,79
1,<environment.Job instance at 0x1457458390a0>,39,1,[8 2],65,81,82,16,79
1,<environment.Job instance at 0x145745839820>,40,25,[2 7],67,82,107,15,79
1,<environment.Job instance at 0x145745839690>,41,3,[1 7],69,97,100,28,97
1,<environment.Job instance at 0x145745839a50>,42,19,[8 1],72,97,116,25,97
1,<environment.Job instance at 0x145745839f50>,43,3,[10  2],74,116,119,42,99
1,<environment.Job instance at 0x145745839e60>,44,1,[9 1],75,119,120,44,100
1,<environment.Job instance at 0x145745839870>,45,2,[8 2],76,120,122,44,101
1,<environment.Job instance at 0x145745839230>,46,2,[6 1],77,107,109,30,101
1,<environment.Job instance at 0x1457458394b0>,47,1,[2 6],78,101,102,23,101
1,<environment.Job instance at 0x145768c70500>,48,2,[2 7],79,103,105,24,103
1,<environment.Job instance at 0x145768c70140>,49,1,[1 7],80,105,106,25,103
1,<environment.Job instance at 0x145768c707d0>,50,1,[1 7],83,106,107,23,103
1,<environment.Job instance at 0x145768c70aa0>,51,3,[6 2],84,109,112,25,103
1,<environment.Job instance at 0x145768c70b40>,52,1,[8 2],85,122,123,37,103
1,<environment.Job instance at 0x145768c70a00>,53,18,[9 2],86,123,141,37,119
1,<environment.Job instance at 0x145768c70cd0>,54,3,[8 1],87,141,144,54,120
1,<environment.Job instance at 0x145768c70eb0>,55,3,[5 1],88,120,123,32,120
1,<environment.Job instance at 0x145768c701e0>,56,2,[9 1],89,144,146,55,121
1,<environment.Job instance at 0x145768c700a0>,57,3,[7 1],91,141,144,50,121
1,<environment.Job instance at 0x145768c70910>,58,1,[1 9],94,121,122,27,121
1,<environment.Job instance at 0x145768c70230>,59,14,[7 1],95,146,160,51,143
1,<environment.Job instance at 0x145768c70370>,60,3,[ 2 10],97,144,147,47,144
1,<environment.Job instance at 0x145768c70460>,61,3,[6 2],98,146,149,48,144
1,<environment.Job instance at 0x145768c70c80>,62,3,[6 1],100,149,152,49,144
1,<environment.Job instance at 0x145745667460>,63,3,[6 1],105,152,155,47,144
1,<environment.Job instance at 0x145745667d70>,64,3,[7 2],106,155,158,49,144
1,<environment.Job instance at 0x145745667410>,65,15,[8 1],107,158,173,51,144
1,<environment.Job instance at 0x145745667cd0>,66,3,[1 7],109,147,150,38,144
1,<environment.Job instance at 0x1457456673c0>,67,2,[8 1],110,173,175,63,146
1,<environment.Job instance at 0x1457456675a0>,68,2,[7 1],113,160,162,47,147
1,<environment.Job instance at 0x145745667230>,69,15,[7 1],114,162,177,48,151
1,<environment.Job instance at 0x145745667780>,70,3,[1 6],116,151,154,35,151
1,<environment.Job instance at 0x145745667550>,71,2,[6 1],117,175,177,58,151
1,<environment.Job instance at 0x145745667050>,72,1,[10  2],118,177,178,59,152
1,<environment.Job instance at 0x145745667730>,73,3,[1 6],119,175,178,56,174
1,<environment.Job instance at 0x145768ab1be0>,74,17,[5 1],124,178,195,54,174
1,<environment.Job instance at 0x145768ab1280>,75,2,[1 5],126,175,177,49,174
1,<environment.Job instance at 0x145768ab1b90>,76,1,[7 2],130,178,179,48,175
1,<environment.Job instance at 0x145768ab1f50>,77,16,[2 6],131,177,193,46,175
1,<environment.Job instance at 0x145768ab1550>,78,1,[7 2],133,184,185,51,184
1,<environment.Job instance at 0x145768ab1fa0>,79,1,[10  2],134,193,194,59,184
1,<environment.Job instance at 0x145768ab1b40>,80,13,[1 8],135,194,207,59,184
1,<environment.Job instance at 0x145768ab1a00>,81,3,[8 1],136,197,200,61,197
1,<environment.Job instance at 0x145768ab10a0>,82,3,[6 1],137,197,200,60,197
1,<environment.Job instance at 0x145768ab1e60>,83,2,[6 2],141,200,202,59,197
1,<environment.Job instance at 0x145768ab1dc0>,84,3,[14  1],142,202,205,60,197
1,<environment.Job instance at 0x145768ab12d0>,85,2,[2 7],145,205,207,60,198
1,<environment.Job instance at 0x1457457491e0>,86,18,[5 1],148,207,225,59,201
1,<environment.Job instance at 0x145745749820>,87,3,[6 2],150,207,210,57,203
1,<environment.Job instance at 0x145745749500>,88,2,[10  2],151,210,212,59,203
1,<environment.Job instance at 0x145768c85e60>,89,2,[1 6],152,207,209,55,203
1,<environment.Job instance at 0x1457641c8550>,90,13,[1 7],154,212,225,58,203
1,<environment.Job instance at 0x14576725d370>,91,3,[1 9],155,225,228,70,205
1,<environment.Job instance at 0x14576fd73140>,92,3,[8 2],156,212,215,56,205
1,<environment.Job instance at 0x14576fd73af0>,93,13,[8 2],157,215,228,58,206
1,<environment.Job instance at 0x145745b9b140>,94,22,[7 2],158,228,250,70,221
1,<environment.Job instance at 0x145745b9b500>,95,3,[6 2],159,225,228,66,221
1,<environment.Job instance at 0x145745b9b910>,96,3,[9 2],160,250,253,90,224
1,<environment.Job instance at 0x145745b9b6e0>,97,13,[6 1],161,228,241,67,224
1,<environment.Job instance at 0x145745b9baf0>,98,2,[ 2 10],163,228,230,65,224
1,<environment.Job instance at 0x145745b9b820>,99,21,[2 7],165,230,251,65,224
1,<environment.Job instance at 0x14576e719640>,100,3,[2 8],166,251,254,85,225
1,<environment.Job instance at 0x145745969f00>,101,14,[1 6],168,253,267,85,238
1,<environment.Job instance at 0x145745969050>,102,2,[6 2],169,241,243,72,238
1,<environment.Job instance at 0x145745b9b050>,103,1,[2 6],170,243,244,73,238
1,<environment.Job instance at 0x145745bd9190>,104,3,[7 1],171,253,256,82,238
1,<environment.Job instance at 0x1457457e4d70>,105,3,[1 7],173,254,257,81,238
1,<environment.Job instance at 0x145768bcf910>,106,15,[10  2],174,256,271,82,242
1,<environment.Job instance at 0x14576f90c820>,107,2,[5 1],176,244,246,68,242
1,<environment.Job instance at 0x145767583fa0>,108,1,[8 1],177,271,272,94,243
1,<environment.Job instance at 0x145767dd8dc0>,109,3,[2 9],178,267,270,89,243
1,<environment.Job instance at 0x145768b8f050>,110,18,[2 5],179,270,288,91,259
1,<environment.Job instance at 0x145745c0f730>,111,21,[1 8],180,270,291,90,264
1,<environment.Job instance at 0x145745e4e0f0>,112,1,[6 1],181,272,273,91,264
1,<environment.Job instance at 0x14576e73d190>,113,15,[2 6],183,288,303,105,274
1,<environment.Job instance at 0x1457459abd70>,114,21,[10  2],184,291,312,107,283
1,<environment.Job instance at 0x1457456db500>,115,15,[9 1],185,312,327,127,298
1,<environment.Job instance at 0x1457457ab4b0>,116,1,[5 1],186,315,316,129,315
1,<environment.Job instance at 0x145768d4f4b0>,117,3,[2 6],189,316,319,127,315
1,<environment.Job instance at 0x145768d4f9b0>,118,18,[2 9],190,319,337,129,317
1,<environment.Job instance at 0x14576acb3f50>,119,3,[9 1],192,327,330,135,317
1,<environment.Job instance at 0x14574565f690>,120,3,[2 6],193,330,333,137,317
1,<environment.Job instance at 0x14574565fe10>,121,2,[8 1],194,333,335,139,324
1,<environment.Job instance at 0x14576cb3b280>,122,12,[10  2],195,335,347,140,324
1,<environment.Job instance at 0x145768a87370>,123,2,[9 2],196,347,349,151,324
1,<environment.Job instance at 0x14576cb3b730>,124,2,[2 8],197,337,339,140,325
1,<environment.Job instance at 0x145768b2eaf0>,125,1,[1 5],199,325,326,126,325
1,<environment.Job instance at 0x145767dcec30>,1,1,[2 6],3,3,4,0,3
1,<environment.Job instance at 0x145768b2eaf0>,3,3,[2 8],5,5,8,0,5
1,<environment.Job instance at 0x14576e7ab0a0>,5,3,[ 2 13],8,9,12,1,9
1,<environment.Job instance at 0x14576e7abd20>,7,3,[1 8],10,12,15,2,10
1,<environment.Job instance at 0x14576e7ab230>,8,1,[7 2],11,11,12,0,11
1,<environment.Job instance at 0x1457641c98c0>,10,17,[5 1],14,14,31,0,14
1,<environment.Job instance at 0x1457641c9fa0>,11,28,[7 2],15,15,43,0,15
1,<environment.Job instance at 0x1457641c9910>,20,13,[ 2 10],28,34,47,6,34
1,<environment.Job instance at 0x1457641c97d0>,21,3,[6 1],30,34,37,4,34
1,<environment.Job instance at 0x1457641c9a50>,22,2,[1 6],31,47,49,16,34
1,<environment.Job instance at 0x1457641c95f0>,23,1,[1 8],32,47,48,15,34
1,<environment.Job instance at 0x145745f446e0>,24,2,[8 1],36,43,45,7,36
1,<environment.Job instance at 0x145745f44730>,25,3,[5 2],37,37,40,0,37
1,<environment.Job instance at 0x145745f44c30>,26,2,[ 1 10],38,49,51,11,38
1,<environment.Job instance at 0x1457641c9c30>,19,13,[1 9],26,51,64,25,39
1,<environment.Job instance at 0x145745926c80>,28,16,[2 9],40,64,80,24,51
1,<environment.Job instance at 0x145745926b90>,31,3,[8 2],43,51,54,8,51
1,<environment.Job instance at 0x145745926280>,32,13,[2 7],44,80,93,36,64
1,<environment.Job instance at 0x14576cb1d460>,38,2,[2 5],53,71,73,18,71
1,<environment.Job instance at 0x14576cb1d320>,39,1,[10  1],54,71,72,17,71
1,<environment.Job instance at 0x14576cb1d9b0>,40,24,[2 7],56,80,104,24,75
1,<environment.Job instance at 0x14576cb1daf0>,41,1,[8 1],57,75,76,18,75
1,<environment.Job instance at 0x14576cb1dfa0>,42,13,[1 6],58,93,106,35,77
1,<environment.Job instance at 0x1457641c96e0>,17,18,[6 2],23,93,111,70,92
1,<environment.Job instance at 0x14576cb1da00>,43,18,[2 5],59,104,122,45,93
1,<environment.Job instance at 0x14576cb1d960>,48,3,[ 2 10],69,111,114,42,93
1,<environment.Job instance at 0x14576cb1d190>,49,2,[1 8],70,106,108,36,93
1,<environment.Job instance at 0x145745bdcf50>,50,12,[2 9],71,114,126,43,97
1,<environment.Job instance at 0x145745bdc1e0>,51,18,[7 2],73,122,140,49,111
1,<environment.Job instance at 0x145745bdc870>,53,13,[1 8],77,126,139,49,111
1,<environment.Job instance at 0x145745bdc820>,54,3,[2 5],78,126,129,48,111
1,<environment.Job instance at 0x145745bdcb90>,55,3,[ 1 10],80,139,142,59,113
1,<environment.Job instance at 0x145745bdcc30>,57,1,[9 1],85,114,115,29,113
1,<environment.Job instance at 0x145745c30be0>,58,1,[5 1],86,115,116,29,113
1,<environment.Job instance at 0x145745c307d0>,59,15,[7 1],87,129,144,42,115
1,<environment.Job instance at 0x145745c30b40>,60,3,[1 5],89,142,145,53,116
1,<environment.Job instance at 0x145745c30730>,61,1,[1 5],90,142,143,52,116
1,<environment.Job instance at 0x145745d505a0>,62,1,[ 1 12],91,145,146,54,117
1,<environment.Job instance at 0x14576f914230>,67,3,[2 7],104,146,149,42,120
1,<environment.Job instance at 0x145745653b90>,70,2,[2 7],108,143,145,35,120
1,<environment.Job instance at 0x14576fd39eb0>,71,2,[9 2],109,144,146,35,120
1,<environment.Job instance at 0x145745873550>,73,2,[6 2],111,122,124,11,120
1,<environment.Job instance at 0x145766df50f0>,74,3,[2 9],112,149,152,37,123
1,<environment.Job instance at 0x14576f8e12d0>,76,1,[10  2],115,146,147,31,123
1,<environment.Job instance at 0x14576406b870>,77,2,[1 9],116,152,154,36,125
1,<environment.Job instance at 0x145745665370>,78,15,[5 2],118,147,162,29,133
1,<environment.Job instance at 0x145745665280>,79,17,[ 2 10],119,154,171,35,142
1,<environment.Job instance at 0x145745665d20>,80,3,[10  2],120,162,165,42,142
1,<environment.Job instance at 0x145769641910>,81,1,[8 2],121,147,148,26,142
1,<environment.Job instance at 0x145769641320>,82,1,[ 1 10],123,171,172,48,143
1,<environment.Job instance at 0x145769641b40>,83,3,[ 2 10],124,172,175,48,146
1,<environment.Job instance at 0x145769641aa0>,84,2,[8 1],125,148,150,23,146
1,<environment.Job instance at 0x145767051820>,85,3,[9 2],127,165,168,38,146
1,<environment.Job instance at 0x145767051a00>,86,1,[2 9],130,175,176,45,147
1,<environment.Job instance at 0x145767dcef00>,87,18,[6 1],131,168,186,37,157
1,<environment.Job instance at 0x145767dce690>,88,17,[7 1],132,168,185,36,158
1,<environment.Job instance at 0x145767dce500>,91,3,[6 2],139,158,161,19,158
1,<environment.Job instance at 0x145767dce640>,92,1,[2 7],140,176,177,36,158
1,<environment.Job instance at 0x145767dce7d0>,93,2,[8 1],142,185,187,43,158
1,<environment.Job instance at 0x1457459a0fa0>,94,3,[ 1 10],144,177,180,33,158
1,<environment.Job instance at 0x145769709d20>,66,1,[13  1],103,187,188,84,170
1,<environment.Job instance at 0x14576998aeb0>,99,1,[1 9],150,180,181,30,170
1,<environment.Job instance at 0x1457459a0460>,95,15,[9 2],146,188,203,42,174
1,<environment.Job instance at 0x14576998aa50>,102,2,[10  1],156,203,205,47,176
1,<environment.Job instance at 0x14576734fb90>,103,2,[ 1 10],157,181,183,24,176
1,<environment.Job instance at 0x145745f9bdc0>,105,13,[5 2],159,188,201,29,176
1,<environment.Job instance at 0x145745f9b370>,106,1,[7 2],160,186,187,26,176
1,<environment.Job instance at 0x145745f9b230>,110,1,[9 1],167,205,206,38,183
1,<environment.Job instance at 0x145745f9b460>,107,15,[6 2],161,205,220,44,193
1,<environment.Job instance at 0x145768b273c0>,116,3,[1 9],174,194,197,20,194
1,<environment.Job instance at 0x145745c8df50>,122,1,[2 5],183,201,202,18,194
1,<environment.Job instance at 0x14576deaaa50>,124,2,[9 1],185,206,208,21,194
1,<environment.Job instance at 0x145745e7baa0>,125,3,[ 2 12],186,202,205,16,194
1,<environment.Job instance at 0x145745e7b0a0>,126,2,[1 7],187,197,199,10,194
1,<environment.Job instance at 0x145769a2a5a0>,127,2,[10  1],189,220,222,31,194
1,<environment.Job instance at 0x145745e7b410>,128,3,[1 5],191,199,202,8,194
1,<environment.Job instance at 0x145745aa6320>,129,13,[6 1],192,222,235,30,206
1,<environment.Job instance at 0x145745aa68c0>,130,3,[7 2],193,208,211,15,206
1,<environment.Job instance at 0x145745953f00>,131,1,[6 2],194,211,212,17,206
1,<environment.Job instance at 0x145745953c30>,132,20,[10  2],197,235,255,38,226
1,<environment.Job instance at 0x14576cb1d7d0>,45,17,[2 8],65,300,317,235,300
1,<environment.Job instance at 0x1457641c9140>,18,14,[1 9],24,379,393,355,379
1,<environment.Job instance at 0x145745ad3c30>,0,22,[1 5],1,1,23,0,1
1,<environment.Job instance at 0x14576dd99dc0>,26,12,[ 1 13],46,51,63,5,51
1,<environment.Job instance at 0x14574580e910>,27,1,[7 2],48,51,52,3,51
1,<environment.Job instance at 0x14574580e730>,28,2,[5 2],49,52,54,3,51
1,<environment.Job instance at 0x14574580ef50>,29,2,[1 5],50,63,65,13,51
1,<environment.Job instance at 0x14574580e4b0>,30,2,[10  2],51,54,56,3,51
1,<environment.Job instance at 0x145745f00f00>,31,2,[6 2],52,56,58,4,52
1,<environment.Job instance at 0x145745f009b0>,32,3,[5 1],53,58,61,5,53
1,<environment.Job instance at 0x145745f00550>,34,1,[1 7],56,63,64,7,61
1,<environment.Job instance at 0x145745f00af0>,35,1,[1 8],57,64,65,7,61
1,<environment.Job instance at 0x14576dd99a00>,21,2,[2 7],38,65,67,27,61
1,<environment.Job instance at 0x145768c0f8c0>,37,14,[5 2],63,63,77,0,63
1,<environment.Job instance at 0x145768b43910>,39,2,[2 5],65,65,67,0,65
1,<environment.Job instance at 0x145769a369b0>,48,16,[1 8],81,89,105,8,89
1,<environment.Job instance at 0x145768b430a0>,43,3,[2 6],71,90,93,19,90
1,<environment.Job instance at 0x1457699f6550>,49,16,[10  2],84,93,109,9,92
1,<environment.Job instance at 0x145764183370>,51,1,[7 2],87,109,110,22,92
1,<environment.Job instance at 0x14574564f050>,53,2,[2 6],91,105,107,14,92
1,<environment.Job instance at 0x14574564ffa0>,54,2,[5 1],92,107,109,15,92
1,<environment.Job instance at 0x145768cf0320>,55,18,[5 1],93,109,127,16,101
1,<environment.Job instance at 0x145745a13be0>,60,3,[1 9],99,109,112,10,101
1,<environment.Job instance at 0x145745a13c30>,61,1,[7 1],100,110,111,10,101
1,<environment.Job instance at 0x145745a13280>,62,1,[ 2 12],101,112,113,11,101
1,<environment.Job instance at 0x14576dda62d0>,64,1,[5 2],104,111,112,7,104
1,<environment.Job instance at 0x1457641ad370>,67,1,[8 1],107,112,113,5,107
1,<environment.Job instance at 0x1457641ad9b0>,68,1,[5 1],108,113,114,5,108
1,<environment.Job instance at 0x1457641ad640>,69,1,[5 1],109,113,114,4,109
1,<environment.Job instance at 0x1457641ad7d0>,70,1,[10  2],110,114,115,4,110
1,<environment.Job instance at 0x14574596d0f0>,50,25,[2 9],85,121,146,36,121
1,<environment.Job instance at 0x1457456002d0>,81,1,[10  2],125,132,133,7,132
1,<environment.Job instance at 0x1457456004b0>,83,2,[1 7],129,146,148,17,132
1,<environment.Job instance at 0x145745600550>,84,3,[2 6],130,133,136,3,132
1,<environment.Job instance at 0x1457456000f0>,85,1,[8 2],131,136,137,5,132
1,<environment.Job instance at 0x145745600f50>,86,13,[2 5],132,137,150,5,132
1,<environment.Job instance at 0x145745eb5af0>,87,2,[9 1],133,218,220,85,218
1,<environment.Job instance at 0x145745eb57d0>,89,1,[2 7],135,431,432,296,431
1,<environment.Job instance at 0x145745eb5500>,90,22,[6 2],136,448,470,312,448
1,<environment.Job instance at 0x145745eb50a0>,91,14,[ 2 10],138,809,823,671,809
1,<environment.Job instance at 0x145745eb5870>,92,12,[1 6],139,823,835,684,809
1,<environment.Job instance at 0x145745eb55a0>,93,3,[2 7],141,823,826,682,809
1,<environment.Job instance at 0x145745945690>,95,2,[2 9],143,826,828,683,809
1,<environment.Job instance at 0x1457459451e0>,96,18,[5 1],145,828,846,683,817
1,<environment.Job instance at 0x145745945550>,99,1,[7 1],148,817,818,669,817
1,<environment.Job instance at 0x145745945730>,100,17,[10  1],149,1011,1028,862,1011
1,<environment.Job instance at 0x1457459456e0>,101,1,[6 2],150,1606,1607,1456,1606
1,<environment.Job instance at 0x145745945190>,102,14,[1 8],153,2309,2323,2156,2309
1,<environment.Job instance at 0x1457459454b0>,103,1,[1 6],154,2309,2310,2155,2309
1,<environment.Job instance at 0x145745945280>,104,3,[6 1],156,2309,2312,2153,2309
1,<environment.Job instance at 0x145745945780>,105,1,[9 1],158,2312,2313,2154,2309
1,<environment.Job instance at 0x145745945b90>,106,3,[5 2],159,2310,2313,2151,2310
1,<environment.Job instance at 0x1457459459b0>,107,2,[2 5],160,2313,2315,2153,2312
1,<environment.Job instance at 0x1457459458c0>,108,12,[2 7],161,2315,2327,2154,2312
1,<environment.Job instance at 0x1457459450f0>,109,2,[1 9],162,2327,2329,2165,2312
1,<environment.Job instance at 0x145745945140>,110,1,[2 6],163,2323,2324,2160,2312
1,<environment.Job instance at 0x145745945460>,111,17,[1 5],164,2324,2341,2160,2312
1,<environment.Job instance at 0x145745945870>,112,1,[9 1],166,2314,2315,2148,2314
1,<environment.Job instance at 0x145745dc80a0>,119,3,[5 1],178,2323,2326,2145,2314
1,<environment.Job instance at 0x145745dc8730>,120,1,[1 6],179,2329,2330,2150,2314
1,<environment.Job instance at 0x145745dc8be0>,121,16,[1 8],180,2330,2346,2150,2317
1,<environment.Job instance at 0x145745dc8eb0>,122,3,[2 5],182,2341,2344,2159,2317
1,<environment.Job instance at 0x145745dc8b40>,123,17,[14  2],184,2344,2361,2160,2332
1,<environment.Job instance at 0x145745dc8410>,124,1,[1 6],185,2346,2347,2161,2332
1,<environment.Job instance at 0x145745dc8af0>,125,16,[ 1 11],186,2347,2363,2161,2334
1,<environment.Job instance at 0x145745dc8320>,127,18,[2 6],189,2363,2381,2174,2358
1,<environment.Job instance at 0x145745dc8690>,128,2,[6 2],190,2361,2363,2171,2358
1,<environment.Job instance at 0x145745dc83c0>,129,16,[2 5],192,2363,2379,2171,2358
1,<environment.Job instance at 0x145745dc85f0>,130,3,[8 2],193,2361,2364,2168,2358
1,<environment.Job instance at 0x145745dc8cd0>,131,17,[2 6],194,2379,2396,2185,2367
1,<environment.Job instance at 0x145745dc8f00>,132,2,[5 1],195,2367,2369,2172,2367
1,<environment.Job instance at 0x145745b95550>,133,22,[1 5],196,2392,2414,2196,2392
1,<environment.Job instance at 0x145745eb5460>,88,3,[ 2 13],134,2424,2427,2290,2424
1,<environment.Job instance at 0x14576dd99410>,19,3,[ 1 10],34,2436,2439,2402,2436
1,<environment.Job instance at 0x14576dd995a0>,20,2,[7 2],36,2667,2669,2631,2667
1,<environment.Job instance at 0x145768bf0410>,7,1,[9 2],9,9,10,0,9
1,<environment.Job instance at 0x14576409daf0>,9,1,[6 2],12,12,13,0,12
1,<environment.Job instance at 0x14576409d870>,8,3,[2 6],10,13,16,3,13
1,<environment.Job instance at 0x14576409d050>,12,2,[1 8],15,15,17,0,15
1,<environment.Job instance at 0x14576409d370>,11,1,[6 1],14,15,16,1,15
1,<environment.Job instance at 0x145764082870>,15,1,[8 1],18,18,19,0,18
1,<environment.Job instance at 0x145764082280>,14,16,[1 9],17,18,34,1,18
1,<environment.Job instance at 0x145764082a00>,16,1,[ 1 12],19,34,35,15,20
1,<environment.Job instance at 0x145764082730>,18,2,[ 2 10],21,35,37,14,21
1,<environment.Job instance at 0x145764077c80>,21,2,[1 7],29,37,39,8,29
1,<environment.Job instance at 0x145764077140>,25,1,[1 7],33,37,38,4,33
1,<environment.Job instance at 0x145764077b40>,24,1,[8 2],32,33,34,1,33
1,<environment.Job instance at 0x145764080a50>,27,3,[6 1],35,35,38,0,35
1,<environment.Job instance at 0x145764080410>,30,1,[8 1],39,39,40,0,39
1,<environment.Job instance at 0x1457459eec80>,34,28,[2 6],43,43,71,0,43
1,<environment.Job instance at 0x145764066f00>,35,18,[1 8],44,44,62,0,44
1,<environment.Job instance at 0x145764066870>,36,2,[2 7],47,62,64,15,47
1,<environment.Job instance at 0x1457640705f0>,37,3,[1 5],48,64,67,16,48
1,<environment.Job instance at 0x1457457b3e10>,38,3,[1 8],49,67,70,18,49
1,<environment.Job instance at 0x1457640887d0>,39,3,[1 5],50,70,73,20,50
1,<environment.Job instance at 0x1457457d2be0>,40,3,[1 6],52,71,74,19,52
1,<environment.Job instance at 0x1457457de690>,41,1,[8 1],54,54,55,0,54
1,<environment.Job instance at 0x145764084870>,42,1,[8 1],55,55,56,0,55
1,<environment.Job instance at 0x1457457d74b0>,43,13,[1 6],59,73,86,14,59
1,<environment.Job instance at 0x1457457d7c30>,44,18,[ 1 10],64,333,351,269,333
1,<environment.Job instance at 0x1457459e7230>,48,1,[1 7],69,351,352,282,334
1,<environment.Job instance at 0x1457459e7410>,49,3,[5 1],70,335,338,265,335
1,<environment.Job instance at 0x1457459e7eb0>,50,1,[2 9],72,352,353,280,336
1,<environment.Job instance at 0x1457459e7910>,51,18,[2 9],74,353,371,279,343
1,<environment.Job instance at 0x1457459e7dc0>,52,2,[1 9],75,371,373,296,344
1,<environment.Job instance at 0x1457459e7cd0>,53,3,[10  1],76,344,347,268,344
1,<environment.Job instance at 0x1457459e7d20>,54,1,[7 2],78,347,348,269,344
1,<environment.Job instance at 0x1457459d4910>,55,2,[6 1],79,347,349,268,344
1,<environment.Job instance at 0x1457459d4c80>,56,2,[2 5],80,349,351,269,344
1,<environment.Job instance at 0x1457459d4870>,57,14,[1 6],81,351,365,270,345
1,<environment.Job instance at 0x1457459d4b40>,58,3,[8 1],82,365,368,283,346
1,<environment.Job instance at 0x1457672f1230>,59,15,[1 7],83,373,388,290,362
1,<environment.Job instance at 0x1457672f12d0>,60,18,[ 2 10],84,388,406,304,377
1,<environment.Job instance at 0x1457672f1a50>,61,18,[8 2],86,389,407,303,389
1,<environment.Job instance at 0x145764072320>,62,1,[1 9],87,432,433,345,432
1,<environment.Job instance at 0x1457640725f0>,63,3,[7 2],88,439,442,351,439
1,<environment.Job instance at 0x145764072550>,64,3,[10  2],89,444,447,355,444
1,<environment.Job instance at 0x145764072a00>,65,21,[10  2],90,469,490,379,469
1,<environment.Job instance at 0x145768bed2d0>,66,2,[ 2 10],91,515,517,424,515
1,<environment.Job instance at 0x145768bed320>,67,3,[1 5],92,524,527,432,524
1,<environment.Job instance at 0x145768bed3c0>,68,3,[6 1],98,524,527,426,524
1,<environment.Job instance at 0x145768bed1e0>,69,1,[ 1 10],100,527,528,427,525
1,<environment.Job instance at 0x145768bedb90>,70,1,[5 1],101,527,528,426,527
1,<environment.Job instance at 0x145768bedbe0>,71,2,[2 9],102,537,539,435,537
1,<environment.Job instance at 0x145768bed870>,72,1,[5 1],103,537,538,434,537
1,<environment.Job instance at 0x145768bed460>,73,2,[9 1],105,538,540,433,537
1,<environment.Job instance at 0x145768beda50>,74,2,[5 2],106,539,541,433,538
1,<environment.Job instance at 0x145768bed9b0>,75,3,[2 8],107,546,549,439,546
1,<environment.Job instance at 0x145768bed780>,76,25,[6 2],108,547,572,439,547
1,<environment.Job instance at 0x145768bedd70>,77,1,[ 2 10],111,581,582,470,581
1,<environment.Job instance at 0x145768bede10>,78,2,[14  1],112,582,584,470,581
1,<environment.Job instance at 0x145768bed7d0>,79,2,[9 1],113,597,599,484,597
1,<environment.Job instance at 0x145768bed820>,80,2,[6 2],115,599,601,484,599
1,<environment.Job instance at 0x145768bed500>,81,2,[6 1],117,630,632,513,630
1,<environment.Job instance at 0x145768bedb40>,82,14,[1 5],119,655,669,536,655
1,<environment.Job instance at 0x145768bedeb0>,83,17,[5 1],120,655,672,535,655
1,<environment.Job instance at 0x145768bed370>,84,3,[2 5],121,687,690,566,687
1,<environment.Job instance at 0x145768bd9eb0>,85,16,[8 1],122,692,708,570,692
1,<environment.Job instance at 0x145768bd9dc0>,86,3,[10  2],124,717,720,593,717
1,<environment.Job instance at 0x145768bd9fa0>,87,1,[ 2 14],125,747,748,622,747
1,<environment.Job instance at 0x145768bd9780>,88,3,[2 7],126,754,757,628,754
1,<environment.Job instance at 0x145768bd9730>,89,1,[2 9],127,771,772,644,771
1,<environment.Job instance at 0x145768bd9190>,90,18,[6 2],128,837,855,709,837
1,<environment.Job instance at 0x145768bd90a0>,91,1,[ 1 10],129,855,856,726,855
1,<environment.Job instance at 0x145768bd9140>,92,18,[ 2 10],131,863,881,732,863
1,<environment.Job instance at 0x1457457ed730>,93,12,[10  2],132,864,876,732,864
1,<environment.Job instance at 0x1457457ed370>,94,14,[7 1],137,876,890,739,875
1,<environment.Job instance at 0x1457457ede60>,95,3,[7 1],139,881,884,742,875
1,<environment.Job instance at 0x145768bcc640>,96,1,[9 1],141,890,891,749,876
1,<environment.Job instance at 0x145768bcce60>,97,2,[2 7],142,884,886,742,879
1,<environment.Job instance at 0x145768bcca00>,98,18,[7 1],143,891,909,748,884
1,<environment.Job instance at 0x145768bcc4b0>,99,3,[8 1],144,913,916,769,913
1,<environment.Job instance at 0x145768bcceb0>,100,2,[6 1],145,931,933,786,931
1,<environment.Job instance at 0x145768bcc140>,101,1,[5 1],146,932,933,786,932
1,<environment.Job instance at 0x145768bcc0a0>,102,1,[6 1],148,952,953,804,952
1,<environment.Job instance at 0x145768bcc550>,103,1,[1 5],149,965,966,816,965
1,<environment.Job instance at 0x145768bcc320>,104,15,[5 1],150,994,1009,844,994
1,<environment.Job instance at 0x1457457d0690>,105,3,[2 6],153,1008,1011,855,1008
1,<environment.Job instance at 0x1457457cadc0>,106,3,[2 7],154,1008,1011,854,1008
1,<environment.Job instance at 0x1457457ca050>,107,2,[6 1],155,1009,1011,854,1009
1,<environment.Job instance at 0x1457457ca1e0>,108,1,[5 1],157,1057,1058,900,1057
1,<environment.Job instance at 0x145768beb410>,109,2,[8 1],158,1058,1060,900,1058
1,<environment.Job instance at 0x145768beb6e0>,110,23,[12  2],160,1106,1129,946,1106
1,<environment.Job instance at 0x145768bebaf0>,111,2,[1 9],161,1128,1130,967,1128
1,<environment.Job instance at 0x145768bebd70>,112,2,[8 1],162,1129,1131,967,1128
1,<environment.Job instance at 0x145768bebc80>,113,25,[9 1],163,1133,1158,970,1133
1,<environment.Job instance at 0x145768bebdc0>,114,3,[2 5],164,1162,1165,998,1162
1,<environment.Job instance at 0x145768bebe60>,115,3,[6 1],165,1163,1166,998,1163
1,<environment.Job instance at 0x145768bebc30>,116,2,[9 2],167,1173,1175,1006,1173
1,<environment.Job instance at 0x145768bebfa0>,117,3,[2 7],168,1220,1223,1052,1220
1,<environment.Job instance at 0x145768bebeb0>,118,1,[1 5],169,1220,1221,1051,1220
1,<environment.Job instance at 0x145768c010a0>,119,3,[2 6],170,1221,1224,1051,1220
1,<environment.Job instance at 0x145768c011e0>,120,2,[9 2],171,1220,1222,1049,1220
1,<environment.Job instance at 0x145768c01280>,121,12,[9 1],172,1222,1234,1050,1220
1,<environment.Job instance at 0x145768c01320>,122,1,[10  1],173,1236,1237,1063,1236
1,<environment.Job instance at 0x145768c013c0>,123,13,[ 2 12],174,1354,1367,1180,1354
1,<environment.Job instance at 0x145768c01460>,124,24,[ 2 10],177,1367,1391,1190,1362
1,<environment.Job instance at 0x145768c01500>,125,16,[1 7],178,1391,1407,1213,1378
1,<environment.Job instance at 0x145768c01640>,126,27,[2 7],179,1393,1420,1214,1393
1,<environment.Job instance at 0x145768c01690>,127,2,[1 7],180,1407,1409,1227,1403
1,<environment.Job instance at 0x145768c016e0>,128,15,[1 9],181,1420,1435,1239,1406
1,<environment.Job instance at 0x145768c01780>,129,28,[8 1],182,1418,1446,1236,1418
1,<environment.Job instance at 0x145768c01820>,130,2,[1 9],185,1448,1450,1263,1448
1,<environment.Job instance at 0x145768c018c0>,131,18,[2 6],186,1448,1466,1262,1448
1,<environment.Job instance at 0x145768c01a00>,132,17,[ 1 10],187,1466,1483,1279,1454
1,<environment.Job instance at 0x145768c01a50>,133,23,[1 9],188,1483,1506,1295,1478
1,<environment.Job instance at 0x145768c01aa0>,134,18,[1 9],189,1506,1524,1317,1495
1,<environment.Job instance at 0x145768c01b40>,135,15,[7 1],190,1507,1522,1317,1507
1,<environment.Job instance at 0x145768c01be0>,136,1,[1 9],191,1524,1525,1333,1518
1,<environment.Job instance at 0x145768c01c80>,137,1,[6 2],192,1521,1522,1329,1521
1,<environment.Job instance at 0x145768c01050>,138,15,[10  1],194,1522,1537,1328,1521
1,<environment.Job instance at 0x145768c01dc0>,139,3,[2 5],195,1536,1539,1341,1536
1,<environment.Job instance at 0x145768c01f50>,140,18,[1 6],196,1546,1564,1350,1546
